10 120 1
0 0 -1 21 20 8 5 31 26 30 28 32 -21851 
1 1 -1 22 17 15 10 52 30 8 32 32 -8059 
2 1 -1 44 58 0 0 12 41 0 0 11 -147 
3 2 -1 7 29 22 2 56 36 4 21 32 -3681 
4 2 -1 21 22 2 19 29 55 17 7 32 -359 
5 2 -1 27 0 0 0 27 60 0 0 15 -2 
6 2 -1 0 24 0 0 21 11 0 0 1 9 
7 3 -1 21 59 0 0 15 14 0 0 2 0 
8 3 -1 11 8 0 8 30 32 11 25 32 -8138 
9 3 -1 18 12 15 19 38 34 25 28 32 -18569 
10 3 -1 52 44 0 0 48 23 0 0 6 -12 
11 3 -1 59 5 0 0 61 44 0 0 5 30 
12 3 -1 3 28 0 0 40 5 0 0 17 10 
13 3 -1 42 26 0 0 4 52 0 0 18 -38 
14 3 -1 59 14 0 0 1 11 0 0 13 4 
15 4 -1 53 3 0 0 48 26 0 0 11 8 
16 4 -1 61 55 0 0 46 55 0 0 18 3 
17 4 -1 18 21 0 0 48 14 0 0 17 -4 
18 4 -1 16 20 0 0 50 33 0 0 9 -19 
19 4 -1 17 8 0 7 50 19 1 2 32 -112 
20 4 -1 25 28 10 9 55 43 3 10 32 198 
21 4 16 0 0 0 0 0 0 0 0 0 0 
22 4 -1 1 41 0 0 38 18 0 0 0 26 
23 4 -1 4 2 0 0 52 26 0 0 5 -13 
24 4 27 0 0 0 0 0 0 0 0 0 0 
25 4 -1 13 3 19 30 43 52 3 10 32 123 
26 4 -1 18 2 12 11 61 24 1 28 32 -3 
27 4 -1 37 29 0 0 8 57 0 0 17 -6 
28 4 -1 17 42 0 0 2 14 0 0 6 4 
29 4 -1 17 24 0 0 21 4 0 0 6 25 
30 4 -1 10 50 0 0 20 22 0 0 0 -1 
31 5 -1 20 8 1 13 55 21 6 20 32 -9116 
32 5 3 0 0 0 0 0 0 0 0 0 0 
33 5 4 0 0 0 0 0 0 0 0 0 0 
34 5 -1 34 32 0 0 38 47 0 0 12 -98 
35 5 7 0 0 0 0 0 0 0 0 0 0 
36 5 8 0 0 0 0 0 0 0 0 0 0 
37 5 9 0 0 0 0 0 0 0 0 0 0 
38 5 10 0 0 0 0 0 0 0 0 0 0 
39 5 -1 48 3 0 0 35 43 0 0 17 9 
40 5 13 0 0 0 0 0 0 0 0 0 0 
41 5 14 0 0 0 0 0 0 0 0 0 0 
42 5 15 0 0 0 0 0 0 0 0 0 0 
43 5 0 0 0 0 0 0 0 0 0 0 0 
44 5 0 0 0 0 0 0 0 0 0 0 0 
45 5 -1 24 14 0 0 9 27 0 0 17 2 
46 5 19 0 0 0 0 0 0 0 0 0 0 
47 5 -1 36 19 0 0 7 55 0 0 1 31 
48 5 -1 50 55 0 0 7 36 0 0 17 -2 
49 5 0 0 0 0 0 0 0 0 0 0 0 
50 5 0 0 0 0 0 0 0 0 0 0 0 
51 5 -1 47 40 0 0 28 46 0 0 6 1 
52 5 38 0 0 0 0 0 0 0 0 0 0 
53 5 39 0 0 0 0 0 0 0 0 0 0 
54 5 40 0 0 0 0 0 0 0 0 0 0 
55 5 -1 5 35 0 0 31 19 0 0 6 -85 
56 5 -1 31 61 0 0 4 9 0 0 2 -8 
57 5 -1 10 40 0 0 56 63 0 0 16 -101 
58 5 -1 24 27 27 5 51 48 7 10 32 -421 
59 5 -1 14 22 0 0 5 19 0 0 4 -36 
60 5 -1 23 12 4 29 38 52 24 7 32 -2664 
61 5 -1 42 63 0 0 46 47 0 0 4 -38 
62 5 -1 41 46 0 0 2 9 0 0 5 -22 
63 6 -1 60 38 0 0 43 23 0 0 3 -106 
64 6 2 0 0 0 0 0 0 0 0 0 0 
65 6 0 0 0 0 0 0 0 0 0 0 0 
66 6 0 0 0 0 0 0 0 0 0 0 0 
67 6 0 0 0 0 0 0 0 0 0 0 0 
68 6 0 0 0 0 0 0 0 0 0 0 0 
69 6 5 0 0 0 0 0 0 0 0 0 0 
70 6 6 0 0 0 0 0 0 0 0 0 0 
71 6 0 0 0 0 0 0 0 0 0 0 0 
72 6 0 0 0 0 0 0 0 0 0 0 0 
73 6 0 0 0 0 0 0 0 0 0 0 0 
74 6 0 0 0 0 0 0 0 0 0 0 0 
75 6 0 0 0 0 0 0 0 0 0 0 0 
76 6 0 0 0 0 0 0 0 0 0 0 0 
77 6 0 0 0 0 0 0 0 0 0 0 0 
78 6 0 0 0 0 0 0 0 0 0 0 0 
79 6 11 0 0 0 0 0 0 0 0 0 0 
80 6 12 0 0 0 0 0 0 0 0 0 0 
81 6 0 0 0 0 0 0 0 0 0 0 0 
82 6 0 0 0 0 0 0 0 0 0 0 0 
83 6 0 0 0 0 0 0 0 0 0 0 0 
84 6 0 0 0 0 0 0 0 0 0 0 0 
85 6 0 0 0 0 0 0 0 0 0 0 0 
86 6 0 0 0 0 0 0 0 0 0 0 0 
87 6 0 0 0 0 0 0 0 0 0 0 0 
88 6 0 0 0 0 0 0 0 0 0 0 0 
89 6 0 0 0 0 0 0 0 0 0 0 0 
90 6 0 0 0 0 0 0 0 0 0 0 0 
91 6 17 0 0 0 0 0 0 0 0 0 0 
92 6 18 0 0 0 0 0 0 0 0 0 0 
93 6 0 0 0 0 0 0 0 0 0 0 0 
94 6 0 0 0 0 0 0 0 0 0 0 0 
95 6 -1 21 50 0 0 55 29 0 0 5 -46 
96 6 22 0 0 0 0 0 0 0 0 0 0 
97 6 -1 42 11 0 0 33 13 0 0 7 -20 
98 6 -1 26 22 0 0 48 24 0 0 10 -7 
99 6 0 0 0 0 0 0 0 0 0 0 0 
100 6 0 0 0 0 0 0 0 0 0 0 0 
101 6 0 0 0 0 0 0 0 0 0 0 0 
102 6 0 0 0 0 0 0 0 0 0 0 0 
103 6 -1 36 57 0 0 53 11 0 0 11 -135 
104 6 -1 24 56 0 0 10 9 0 0 18 -17 
105 6 0 0 0 0 0 0 0 0 0 0 0 
106 6 0 0 0 0 0 0 0 0 0 0 0 
107 6 0 0 0 0 0 0 0 0 0 0 0 
108 6 0 0 0 0 0 0 0 0 0 0 0 
109 6 0 0 0 0 0 0 0 0 0 0 0 
110 6 0 0 0 0 0 0 0 0 0 0 0 
111 6 41 0 0 0 0 0 0 0 0 0 0 
112 6 -1 6 40 0 0 49 32 0 0 4 -63 
113 6 -1 1 48 0 0 48 22 0 0 18 28 
114 6 -1 43 23 0 0 28 22 0 0 18 -24 
115 6 -1 17 58 0 0 12 44 0 0 9 -6 
116 6 -1 59 3 0 0 23 24 0 0 0 86 
117 6 -1 20 6 11 3 47 16 12 16 32 -438 
118 6 -1 42 60 0 0 23 26 0 0 18 -9 
119 6 -1 50 57 0 0 56 7 0 0 22 1 
120 6 -1 7 5 0 0 13 56 0 0 2 15 
121 6 108 0 0 0 0 0 0 0 0 0 0 
122 6 -1 1 50 0 0 2 27 0 0 17 4 
123 6 114 0 0 0 0 0 0 0 0 0 0 
124 6 -1 60 37 0 0 6 50 0 0 17 -19 
125 6 117 0 0 0 0 0 0 0 0 0 0 
126 6 -1 10 60 0 0 49 22 0 0 18 29 
127 7 0 0 0 0 0 0 0 0 0 0 0 
128 7 1 0 0 0 0 0 0 0 0 0 0 
129 7 0 0 0 0 0 0 0 0 0 0 0 
130 7 0 0 0 0 0 0 0 0 0 0 0 
131 7 0 0 0 0 0 0 0 0 0 0 0 
132 7 0 0 0 0 0 0 0 0 0 0 0 
133 7 0 0 0 0 0 0 0 0 0 0 0 
134 7 0 0 0 0 0 0 0 0 0 0 0 
135 7 0 0 0 0 0 0 0 0 0 0 0 
136 7 0 0 0 0 0 0 0 0 0 0 0 
137 7 0 0 0 0 0 0 0 0 0 0 0 
138 7 0 0 0 0 0 0 0 0 0 0 0 
139 7 0 0 0 0 0 0 0 0 0 0 0 
140 7 0 0 0 0 0 0 0 0 0 0 0 
141 7 0 0 0 0 0 0 0 0 0 0 0 
142 7 0 0 0 0 0 0 0 0 0 0 0 
143 7 0 0 0 0 0 0 0 0 0 0 0 
144 7 0 0 0 0 0 0 0 0 0 0 0 
145 7 0 0 0 0 0 0 0 0 0 0 0 
146 7 0 0 0 0 0 0 0 0 0 0 0 
147 7 0 0 0 0 0 0 0 0 0 0 0 
148 7 0 0 0 0 0 0 0 0 0 0 0 
149 7 0 0 0 0 0 0 0 0 0 0 0 
150 7 0 0 0 0 0 0 0 0 0 0 0 
151 7 0 0 0 0 0 0 0 0 0 0 0 
152 7 0 0 0 0 0 0 0 0 0 0 0 
153 7 0 0 0 0 0 0 0 0 0 0 0 
154 7 0 0 0 0 0 0 0 0 0 0 0 
155 7 0 0 0 0 0 0 0 0 0 0 0 
156 7 0 0 0 0 0 0 0 0 0 0 0 
157 7 0 0 0 0 0 0 0 0 0 0 0 
158 7 0 0 0 0 0 0 0 0 0 0 0 
159 7 0 0 0 0 0 0 0 0 0 0 0 
160 7 0 0 0 0 0 0 0 0 0 0 0 
161 7 0 0 0 0 0 0 0 0 0 0 0 
162 7 0 0 0 0 0 0 0 0 0 0 0 
163 7 0 0 0 0 0 0 0 0 0 0 0 
164 7 0 0 0 0 0 0 0 0 0 0 0 
165 7 0 0 0 0 0 0 0 0 0 0 0 
166 7 0 0 0 0 0 0 0 0 0 0 0 
167 7 0 0 0 0 0 0 0 0 0 0 0 
168 7 0 0 0 0 0 0 0 0 0 0 0 
169 7 0 0 0 0 0 0 0 0 0 0 0 
170 7 0 0 0 0 0 0 0 0 0 0 0 
171 7 0 0 0 0 0 0 0 0 0 0 0 
172 7 0 0 0 0 0 0 0 0 0 0 0 
173 7 0 0 0 0 0 0 0 0 0 0 0 
174 7 0 0 0 0 0 0 0 0 0 0 0 
175 7 0 0 0 0 0 0 0 0 0 0 0 
176 7 0 0 0 0 0 0 0 0 0 0 0 
177 7 0 0 0 0 0 0 0 0 0 0 0 
178 7 0 0 0 0 0 0 0 0 0 0 0 
179 7 0 0 0 0 0 0 0 0 0 0 0 
180 7 0 0 0 0 0 0 0 0 0 0 0 
181 7 0 0 0 0 0 0 0 0 0 0 0 
182 7 0 0 0 0 0 0 0 0 0 0 0 
183 7 0 0 0 0 0 0 0 0 0 0 0 
184 7 0 0 0 0 0 0 0 0 0 0 0 
185 7 0 0 0 0 0 0 0 0 0 0 0 
186 7 0 0 0 0 0 0 0 0 0 0 0 
187 7 0 0 0 0 0 0 0 0 0 0 0 
188 7 0 0 0 0 0 0 0 0 0 0 0 
189 7 0 0 0 0 0 0 0 0 0 0 0 
190 7 0 0 0 0 0 0 0 0 0 0 0 
191 7 20 0 0 0 0 0 0 0 0 0 0 
192 7 21 0 0 0 0 0 0 0 0 0 0 
193 7 0 0 0 0 0 0 0 0 0 0 0 
194 7 0 0 0 0 0 0 0 0 0 0 0 
195 7 23 0 0 0 0 0 0 0 0 0 0 
196 7 24 0 0 0 0 0 0 0 0 0 0 
197 7 25 0 0 0 0 0 0 0 0 0 0 
198 7 26 0 0 0 0 0 0 0 0 0 0 
199 7 0 0 0 0 0 0 0 0 0 0 0 
200 7 0 0 0 0 0 0 0 0 0 0 0 
201 7 0 0 0 0 0 0 0 0 0 0 0 
202 7 0 0 0 0 0 0 0 0 0 0 0 
203 7 0 0 0 0 0 0 0 0 0 0 0 
204 7 0 0 0 0 0 0 0 0 0 0 0 
205 7 0 0 0 0 0 0 0 0 0 0 0 
206 7 0 0 0 0 0 0 0 0 0 0 0 
207 7 28 0 0 0 0 0 0 0 0 0 0 
208 7 -1 28 28 0 0 32 12 0 0 20 0 
209 7 33 0 0 0 0 0 0 0 0 0 0 
210 7 -1 56 11 0 0 21 52 0 0 2 12 
211 7 0 0 0 0 0 0 0 0 0 0 0 
212 7 0 0 0 0 0 0 0 0 0 0 0 
213 7 0 0 0 0 0 0 0 0 0 0 0 
214 7 0 0 0 0 0 0 0 0 0 0 0 
215 7 0 0 0 0 0 0 0 0 0 0 0 
216 7 0 0 0 0 0 0 0 0 0 0 0 
217 7 0 0 0 0 0 0 0 0 0 0 0 
218 7 0 0 0 0 0 0 0 0 0 0 0 
219 7 0 0 0 0 0 0 0 0 0 0 0 
220 7 0 0 0 0 0 0 0 0 0 0 0 
221 7 0 0 0 0 0 0 0 0 0 0 0 
222 7 0 0 0 0 0 0 0 0 0 0 0 
223 7 0 0 0 0 0 0 0 0 0 0 0 
224 7 0 0 0 0 0 0 0 0 0 0 0 
225 7 42 0 0 0 0 0 0 0 0 0 0 
226 7 43 0 0 0 0 0 0 0 0 0 0 
227 7 44 0 0 0 0 0 0 0 0 0 0 
228 7 -1 37 41 0 0 38 12 0 0 1 -20 
229 7 47 0 0 0 0 0 0 0 0 0 0 
230 7 -1 42 41 0 0 8 16 0 0 0 -36 
231 7 51 0 0 0 0 0 0 0 0 0 0 
232 7 -1 58 35 0 0 17 59 0 0 5 -5 
233 7 -1 19 40 0 0 38 43 0 0 0 -33 
234 7 -1 54 57 0 0 18 41 0 0 18 -1 
235 7 -1 61 37 0 0 11 47 0 0 17 13 
236 7 -1 63 12 0 0 43 31 0 0 2 -13 
237 7 -1 0 52 0 0 34 36 0 0 18 15 
238 7 -1 41 9 0 0 4 11 0 0 2 -7 
239 7 -1 22 38 0 0 8 33 0 0 5 -41 
240 7 96 0 0 0 0 0 0 0 0 0 0 
241 7 -1 4 25 0 0 17 26 0 0 16 -15 
242 7 -1 32 1 0 0 14 61 0 0 2 14 
243 7 0 0 0 0 0 0 0 0 0 0 0 
244 7 0 0 0 0 0 0 0 0 0 0 0 
245 7 -1 18 19 9 29 41 59 22 2 32 2113 
246 7 -1 29 63 0 0 48 45 0 0 17 -7 
247 7 0 0 0 0 0 0 0 0 0 0 0 
248 7 0 0 0 0 0 0 0 0 0 0 0 
249 7 115 0 0 0 0 0 0 0 0 0 0 
250 7 116 0 0 0 0 0 0 0 0 0 0 
251 7 0 0 0 0 0 0 0 0 0 0 0 
252 7 0 0 0 0 0 0 0 0 0 0 0 
253 7 118 0 0 0 0 0 0 0 0 0 0 
254 7 119 0 0 0 0 0 0 0 0 0 0 
255 8 0 0 0 0 0 0 0 0 0 0 0 
256 8 0 0 0 0 0 0 0 0 0 0 0 
257 8 0 0 0 0 0 0 0 0 0 0 0 
258 8 0 0 0 0 0 0 0 0 0 0 0 
259 8 0 0 0 0 0 0 0 0 0 0 0 
260 8 0 0 0 0 0 0 0 0 0 0 0 
261 8 0 0 0 0 0 0 0 0 0 0 0 
262 8 0 0 0 0 0 0 0 0 0 0 0 
263 8 0 0 0 0 0 0 0 0 0 0 0 
264 8 0 0 0 0 0 0 0 0 0 0 0 
265 8 0 0 0 0 0 0 0 0 0 0 0 
266 8 0 0 0 0 0 0 0 0 0 0 0 
267 8 0 0 0 0 0 0 0 0 0 0 0 
268 8 0 0 0 0 0 0 0 0 0 0 0 
269 8 0 0 0 0 0 0 0 0 0 0 0 
270 8 0 0 0 0 0 0 0 0 0 0 0 
271 8 0 0 0 0 0 0 0 0 0 0 0 
272 8 0 0 0 0 0 0 0 0 0 0 0 
273 8 0 0 0 0 0 0 0 0 0 0 0 
274 8 0 0 0 0 0 0 0 0 0 0 0 
275 8 0 0 0 0 0 0 0 0 0 0 0 
276 8 0 0 0 0 0 0 0 0 0 0 0 
277 8 0 0 0 0 0 0 0 0 0 0 0 
278 8 0 0 0 0 0 0 0 0 0 0 0 
279 8 0 0 0 0 0 0 0 0 0 0 0 
280 8 0 0 0 0 0 0 0 0 0 0 0 
281 8 0 0 0 0 0 0 0 0 0 0 0 
282 8 0 0 0 0 0 0 0 0 0 0 0 
283 8 0 0 0 0 0 0 0 0 0 0 0 
284 8 0 0 0 0 0 0 0 0 0 0 0 
285 8 0 0 0 0 0 0 0 0 0 0 0 
286 8 0 0 0 0 0 0 0 0 0 0 0 
287 8 0 0 0 0 0 0 0 0 0 0 0 
288 8 0 0 0 0 0 0 0 0 0 0 0 
289 8 0 0 0 0 0 0 0 0 0 0 0 
290 8 0 0 0 0 0 0 0 0 0 0 0 
291 8 0 0 0 0 0 0 0 0 0 0 0 
292 8 0 0 0 0 0 0 0 0 0 0 0 
293 8 0 0 0 0 0 0 0 0 0 0 0 
294 8 0 0 0 0 0 0 0 0 0 0 0 
295 8 0 0 0 0 0 0 0 0 0 0 0 
296 8 0 0 0 0 0 0 0 0 0 0 0 
297 8 0 0 0 0 0 0 0 0 0 0 0 
298 8 0 0 0 0 0 0 0 0 0 0 0 
299 8 0 0 0 0 0 0 0 0 0 0 0 
300 8 0 0 0 0 0 0 0 0 0 0 0 
301 8 0 0 0 0 0 0 0 0 0 0 0 
302 8 0 0 0 0 0 0 0 0 0 0 0 
303 8 0 0 0 0 0 0 0 0 0 0 0 
304 8 0 0 0 0 0 0 0 0 0 0 0 
305 8 0 0 0 0 0 0 0 0 0 0 0 
306 8 0 0 0 0 0 0 0 0 0 0 0 
307 8 0 0 0 0 0 0 0 0 0 0 0 
308 8 0 0 0 0 0 0 0 0 0 0 0 
309 8 0 0 0 0 0 0 0 0 0 0 0 
310 8 0 0 0 0 0 0 0 0 0 0 0 
311 8 0 0 0 0 0 0 0 0 0 0 0 
312 8 0 0 0 0 0 0 0 0 0 0 0 
313 8 0 0 0 0 0 0 0 0 0 0 0 
314 8 0 0 0 0 0 0 0 0 0 0 0 
315 8 0 0 0 0 0 0 0 0 0 0 0 
316 8 0 0 0 0 0 0 0 0 0 0 0 
317 8 0 0 0 0 0 0 0 0 0 0 0 
318 8 0 0 0 0 0 0 0 0 0 0 0 
319 8 0 0 0 0 0 0 0 0 0 0 0 
320 8 0 0 0 0 0 0 0 0 0 0 0 
321 8 0 0 0 0 0 0 0 0 0 0 0 
322 8 0 0 0 0 0 0 0 0 0 0 0 
323 8 0 0 0 0 0 0 0 0 0 0 0 
324 8 0 0 0 0 0 0 0 0 0 0 0 
325 8 0 0 0 0 0 0 0 0 0 0 0 
326 8 0 0 0 0 0 0 0 0 0 0 0 
327 8 0 0 0 0 0 0 0 0 0 0 0 
328 8 0 0 0 0 0 0 0 0 0 0 0 
329 8 0 0 0 0 0 0 0 0 0 0 0 
330 8 0 0 0 0 0 0 0 0 0 0 0 
331 8 0 0 0 0 0 0 0 0 0 0 0 
332 8 0 0 0 0 0 0 0 0 0 0 0 
333 8 0 0 0 0 0 0 0 0 0 0 0 
334 8 0 0 0 0 0 0 0 0 0 0 0 
335 8 0 0 0 0 0 0 0 0 0 0 0 
336 8 0 0 0 0 0 0 0 0 0 0 0 
337 8 0 0 0 0 0 0 0 0 0 0 0 
338 8 0 0 0 0 0 0 0 0 0 0 0 
339 8 0 0 0 0 0 0 0 0 0 0 0 
340 8 0 0 0 0 0 0 0 0 0 0 0 
341 8 0 0 0 0 0 0 0 0 0 0 0 
342 8 0 0 0 0 0 0 0 0 0 0 0 
343 8 0 0 0 0 0 0 0 0 0 0 0 
344 8 0 0 0 0 0 0 0 0 0 0 0 
345 8 0 0 0 0 0 0 0 0 0 0 0 
346 8 0 0 0 0 0 0 0 0 0 0 0 
347 8 0 0 0 0 0 0 0 0 0 0 0 
348 8 0 0 0 0 0 0 0 0 0 0 0 
349 8 0 0 0 0 0 0 0 0 0 0 0 
350 8 0 0 0 0 0 0 0 0 0 0 0 
351 8 0 0 0 0 0 0 0 0 0 0 0 
352 8 0 0 0 0 0 0 0 0 0 0 0 
353 8 0 0 0 0 0 0 0 0 0 0 0 
354 8 0 0 0 0 0 0 0 0 0 0 0 
355 8 0 0 0 0 0 0 0 0 0 0 0 
356 8 0 0 0 0 0 0 0 0 0 0 0 
357 8 0 0 0 0 0 0 0 0 0 0 0 
358 8 0 0 0 0 0 0 0 0 0 0 0 
359 8 0 0 0 0 0 0 0 0 0 0 0 
360 8 0 0 0 0 0 0 0 0 0 0 0 
361 8 0 0 0 0 0 0 0 0 0 0 0 
362 8 0 0 0 0 0 0 0 0 0 0 0 
363 8 0 0 0 0 0 0 0 0 0 0 0 
364 8 0 0 0 0 0 0 0 0 0 0 0 
365 8 0 0 0 0 0 0 0 0 0 0 0 
366 8 0 0 0 0 0 0 0 0 0 0 0 
367 8 0 0 0 0 0 0 0 0 0 0 0 
368 8 0 0 0 0 0 0 0 0 0 0 0 
369 8 0 0 0 0 0 0 0 0 0 0 0 
370 8 0 0 0 0 0 0 0 0 0 0 0 
371 8 0 0 0 0 0 0 0 0 0 0 0 
372 8 0 0 0 0 0 0 0 0 0 0 0 
373 8 0 0 0 0 0 0 0 0 0 0 0 
374 8 0 0 0 0 0 0 0 0 0 0 0 
375 8 0 0 0 0 0 0 0 0 0 0 0 
376 8 0 0 0 0 0 0 0 0 0 0 0 
377 8 0 0 0 0 0 0 0 0 0 0 0 
378 8 0 0 0 0 0 0 0 0 0 0 0 
379 8 0 0 0 0 0 0 0 0 0 0 0 
380 8 0 0 0 0 0 0 0 0 0 0 0 
381 8 0 0 0 0 0 0 0 0 0 0 0 
382 8 0 0 0 0 0 0 0 0 0 0 0 
383 8 0 0 0 0 0 0 0 0 0 0 0 
384 8 0 0 0 0 0 0 0 0 0 0 0 
385 8 0 0 0 0 0 0 0 0 0 0 0 
386 8 0 0 0 0 0 0 0 0 0 0 0 
387 8 0 0 0 0 0 0 0 0 0 0 0 
388 8 0 0 0 0 0 0 0 0 0 0 0 
389 8 0 0 0 0 0 0 0 0 0 0 0 
390 8 0 0 0 0 0 0 0 0 0 0 0 
391 8 0 0 0 0 0 0 0 0 0 0 0 
392 8 0 0 0 0 0 0 0 0 0 0 0 
393 8 0 0 0 0 0 0 0 0 0 0 0 
394 8 0 0 0 0 0 0 0 0 0 0 0 
395 8 0 0 0 0 0 0 0 0 0 0 0 
396 8 0 0 0 0 0 0 0 0 0 0 0 
397 8 0 0 0 0 0 0 0 0 0 0 0 
398 8 0 0 0 0 0 0 0 0 0 0 0 
399 8 0 0 0 0 0 0 0 0 0 0 0 
400 8 0 0 0 0 0 0 0 0 0 0 0 
401 8 0 0 0 0 0 0 0 0 0 0 0 
402 8 0 0 0 0 0 0 0 0 0 0 0 
403 8 0 0 0 0 0 0 0 0 0 0 0 
404 8 0 0 0 0 0 0 0 0 0 0 0 
405 8 0 0 0 0 0 0 0 0 0 0 0 
406 8 0 0 0 0 0 0 0 0 0 0 0 
407 8 0 0 0 0 0 0 0 0 0 0 0 
408 8 0 0 0 0 0 0 0 0 0 0 0 
409 8 0 0 0 0 0 0 0 0 0 0 0 
410 8 0 0 0 0 0 0 0 0 0 0 0 
411 8 0 0 0 0 0 0 0 0 0 0 0 
412 8 0 0 0 0 0 0 0 0 0 0 0 
413 8 0 0 0 0 0 0 0 0 0 0 0 
414 8 0 0 0 0 0 0 0 0 0 0 0 
415 8 0 0 0 0 0 0 0 0 0 0 0 
416 8 0 0 0 0 0 0 0 0 0 0 0 
417 8 29 0 0 0 0 0 0 0 0 0 0 
418 8 -1 46 34 0 0 7 28 0 0 2 10 
419 8 0 0 0 0 0 0 0 0 0 0 0 
420 8 0 0 0 0 0 0 0 0 0 0 0 
421 8 -1 11 35 0 0 31 2 0 0 13 43 
422 8 37 0 0 0 0 0 0 0 0 0 0 
423 8 0 0 0 0 0 0 0 0 0 0 0 
424 8 0 0 0 0 0 0 0 0 0 0 0 
425 8 0 0 0 0 0 0 0 0 0 0 0 
426 8 0 0 0 0 0 0 0 0 0 0 0 
427 8 0 0 0 0 0 0 0 0 0 0 0 
428 8 0 0 0 0 0 0 0 0 0 0 0 
429 8 0 0 0 0 0 0 0 0 0 0 0 
430 8 0 0 0 0 0 0 0 0 0 0 0 
431 8 0 0 0 0 0 0 0 0 0 0 0 
432 8 0 0 0 0 0 0 0 0 0 0 0 
433 8 0 0 0 0 0 0 0 0 0 0 0 
434 8 0 0 0 0 0 0 0 0 0 0 0 
435 8 0 0 0 0 0 0 0 0 0 0 0 
436 8 0 0 0 0 0 0 0 0 0 0 0 
437 8 0 0 0 0 0 0 0 0 0 0 0 
438 8 0 0 0 0 0 0 0 0 0 0 0 
439 8 0 0 0 0 0 0 0 0 0 0 0 
440 8 0 0 0 0 0 0 0 0 0 0 0 
441 8 0 0 0 0 0 0 0 0 0 0 0 
442 8 0 0 0 0 0 0 0 0 0 0 0 
443 8 0 0 0 0 0 0 0 0 0 0 0 
444 8 0 0 0 0 0 0 0 0 0 0 0 
445 8 0 0 0 0 0 0 0 0 0 0 0 
446 8 0 0 0 0 0 0 0 0 0 0 0 
447 8 0 0 0 0 0 0 0 0 0 0 0 
448 8 0 0 0 0 0 0 0 0 0 0 0 
449 8 0 0 0 0 0 0 0 0 0 0 0 
450 8 0 0 0 0 0 0 0 0 0 0 0 
451 8 0 0 0 0 0 0 0 0 0 0 0 
452 8 0 0 0 0 0 0 0 0 0 0 0 
453 8 0 0 0 0 0 0 0 0 0 0 0 
454 8 0 0 0 0 0 0 0 0 0 0 0 
455 8 0 0 0 0 0 0 0 0 0 0 0 
456 8 0 0 0 0 0 0 0 0 0 0 0 
457 8 45 0 0 0 0 0 0 0 0 0 0 
458 8 46 0 0 0 0 0 0 0 0 0 0 
459 8 0 0 0 0 0 0 0 0 0 0 0 
460 8 0 0 0 0 0 0 0 0 0 0 0 
461 8 48 0 0 0 0 0 0 0 0 0 0 
462 8 -1 15 7 11 7 29 22 34 27 32 -1079 
463 8 0 0 0 0 0 0 0 0 0 0 0 
464 8 0 0 0 0 0 0 0 0 0 0 0 
465 8 52 0 0 0 0 0 0 0 0 0 0 
466 8 53 0 0 0 0 0 0 0 0 0 0 
467 8 -1 58 41 0 0 58 21 0 0 7 11 
468 8 -1 50 3 0 0 30 25 0 0 3 70 
469 8 -1 1 12 0 0 31 16 0 0 13 -5 
470 8 -1 57 7 0 0 2 12 0 0 0 76 
471 8 -1 61 21 0 0 49 54 0 0 0 34 
472 8 71 0 0 0 0 0 0 0 0 0 0 
473 8 -1 35 37 0 0 58 8 0 0 20 8 
474 8 -1 11 16 0 0 18 42 0 0 0 -38 
475 8 -1 54 39 0 0 21 52 0 0 16 97 
476 8 -1 11 24 0 0 15 42 0 0 2 -4 
477 8 -1 16 48 0 0 20 6 0 0 16 -19 
478 8 -1 1 41 0 0 62 13 0 0 0 -37 
479 8 93 0 0 0 0 0 0 0 0 0 0 
480 8 -1 7 22 18 20 31 49 18 13 32 -3446 
481 8 0 0 0 0 0 0 0 0 0 0 0 
482 8 0 0 0 0 0 0 0 0 0 0 0 
483 8 -1 25 46 0 0 6 31 0 0 11 -60 
484 8 -1 25 31 0 0 54 2 0 0 18 5 
485 8 -1 35 25 0 0 63 11 0 0 5 2 
486 8 -1 35 42 0 0 1 21 0 0 4 36 
487 8 0 0 0 0 0 0 0 0 0 0 0 
488 8 0 0 0 0 0 0 0 0 0 0 0 
489 8 0 0 0 0 0 0 0 0 0 0 0 
490 8 0 0 0 0 0 0 0 0 0 0 0 
491 8 -1 45 22 0 0 56 59 0 0 4 6 
492 8 111 0 0 0 0 0 0 0 0 0 0 
493 8 112 0 0 0 0 0 0 0 0 0 0 
494 8 113 0 0 0 0 0 0 0 0 0 0 
495 8 0 0 0 0 0 0 0 0 0 0 0 
496 8 0 0 0 0 0 0 0 0 0 0 0 
497 8 0 0 0 0 0 0 0 0 0 0 0 
498 8 0 0 0 0 0 0 0 0 0 0 0 
499 8 0 0 0 0 0 0 0 0 0 0 0 
500 8 0 0 0 0 0 0 0 0 0 0 0 
501 8 0 0 0 0 0 0 0 0 0 0 0 
502 8 0 0 0 0 0 0 0 0 0 0 0 
503 8 0 0 0 0 0 0 0 0 0 0 0 
504 8 0 0 0 0 0 0 0 0 0 0 0 
505 8 0 0 0 0 0 0 0 0 0 0 0 
506 8 0 0 0 0 0 0 0 0 0 0 0 
507 8 0 0 0 0 0 0 0 0 0 0 0 
508 8 0 0 0 0 0 0 0 0 0 0 0 
509 8 0 0 0 0 0 0 0 0 0 0 0 
510 8 0 0 0 0 0 0 0 0 0 0 0 
511 9 0 0 0 0 0 0 0 0 0 0 0 
512 9 0 0 0 0 0 0 0 0 0 0 0 
513 9 0 0 0 0 0 0 0 0 0 0 0 
514 9 0 0 0 0 0 0 0 0 0 0 0 
515 9 0 0 0 0 0 0 0 0 0 0 0 
516 9 0 0 0 0 0 0 0 0 0 0 0 
517 9 0 0 0 0 0 0 0 0 0 0 0 
518 9 0 0 0 0 0 0 0 0 0 0 0 
519 9 0 0 0 0 0 0 0 0 0 0 0 
520 9 0 0 0 0 0 0 0 0 0 0 0 
521 9 0 0 0 0 0 0 0 0 0 0 0 
522 9 0 0 0 0 0 0 0 0 0 0 0 
523 9 0 0 0 0 0 0 0 0 0 0 0 
524 9 0 0 0 0 0 0 0 0 0 0 0 
525 9 0 0 0 0 0 0 0 0 0 0 0 
526 9 0 0 0 0 0 0 0 0 0 0 0 
527 9 0 0 0 0 0 0 0 0 0 0 0 
528 9 0 0 0 0 0 0 0 0 0 0 0 
529 9 0 0 0 0 0 0 0 0 0 0 0 
530 9 0 0 0 0 0 0 0 0 0 0 0 
531 9 0 0 0 0 0 0 0 0 0 0 0 
532 9 0 0 0 0 0 0 0 0 0 0 0 
533 9 0 0 0 0 0 0 0 0 0 0 0 
534 9 0 0 0 0 0 0 0 0 0 0 0 
535 9 0 0 0 0 0 0 0 0 0 0 0 
536 9 0 0 0 0 0 0 0 0 0 0 0 
537 9 0 0 0 0 0 0 0 0 0 0 0 
538 9 0 0 0 0 0 0 0 0 0 0 0 
539 9 0 0 0 0 0 0 0 0 0 0 0 
540 9 0 0 0 0 0 0 0 0 0 0 0 
541 9 0 0 0 0 0 0 0 0 0 0 0 
542 9 0 0 0 0 0 0 0 0 0 0 0 
543 9 0 0 0 0 0 0 0 0 0 0 0 
544 9 0 0 0 0 0 0 0 0 0 0 0 
545 9 0 0 0 0 0 0 0 0 0 0 0 
546 9 0 0 0 0 0 0 0 0 0 0 0 
547 9 0 0 0 0 0 0 0 0 0 0 0 
548 9 0 0 0 0 0 0 0 0 0 0 0 
549 9 0 0 0 0 0 0 0 0 0 0 0 
550 9 0 0 0 0 0 0 0 0 0 0 0 
551 9 0 0 0 0 0 0 0 0 0 0 0 
552 9 0 0 0 0 0 0 0 0 0 0 0 
553 9 0 0 0 0 0 0 0 0 0 0 0 
554 9 0 0 0 0 0 0 0 0 0 0 0 
555 9 0 0 0 0 0 0 0 0 0 0 0 
556 9 0 0 0 0 0 0 0 0 0 0 0 
557 9 0 0 0 0 0 0 0 0 0 0 0 
558 9 0 0 0 0 0 0 0 0 0 0 0 
559 9 0 0 0 0 0 0 0 0 0 0 0 
560 9 0 0 0 0 0 0 0 0 0 0 0 
561 9 0 0 0 0 0 0 0 0 0 0 0 
562 9 0 0 0 0 0 0 0 0 0 0 0 
563 9 0 0 0 0 0 0 0 0 0 0 0 
564 9 0 0 0 0 0 0 0 0 0 0 0 
565 9 0 0 0 0 0 0 0 0 0 0 0 
566 9 0 0 0 0 0 0 0 0 0 0 0 
567 9 0 0 0 0 0 0 0 0 0 0 0 
568 9 0 0 0 0 0 0 0 0 0 0 0 
569 9 0 0 0 0 0 0 0 0 0 0 0 
570 9 0 0 0 0 0 0 0 0 0 0 0 
571 9 0 0 0 0 0 0 0 0 0 0 0 
572 9 0 0 0 0 0 0 0 0 0 0 0 
573 9 0 0 0 0 0 0 0 0 0 0 0 
574 9 0 0 0 0 0 0 0 0 0 0 0 
575 9 0 0 0 0 0 0 0 0 0 0 0 
576 9 0 0 0 0 0 0 0 0 0 0 0 
577 9 0 0 0 0 0 0 0 0 0 0 0 
578 9 0 0 0 0 0 0 0 0 0 0 0 
579 9 0 0 0 0 0 0 0 0 0 0 0 
580 9 0 0 0 0 0 0 0 0 0 0 0 
581 9 0 0 0 0 0 0 0 0 0 0 0 
582 9 0 0 0 0 0 0 0 0 0 0 0 
583 9 0 0 0 0 0 0 0 0 0 0 0 
584 9 0 0 0 0 0 0 0 0 0 0 0 
585 9 0 0 0 0 0 0 0 0 0 0 0 
586 9 0 0 0 0 0 0 0 0 0 0 0 
587 9 0 0 0 0 0 0 0 0 0 0 0 
588 9 0 0 0 0 0 0 0 0 0 0 0 
589 9 0 0 0 0 0 0 0 0 0 0 0 
590 9 0 0 0 0 0 0 0 0 0 0 0 
591 9 0 0 0 0 0 0 0 0 0 0 0 
592 9 0 0 0 0 0 0 0 0 0 0 0 
593 9 0 0 0 0 0 0 0 0 0 0 0 
594 9 0 0 0 0 0 0 0 0 0 0 0 
595 9 0 0 0 0 0 0 0 0 0 0 0 
596 9 0 0 0 0 0 0 0 0 0 0 0 
597 9 0 0 0 0 0 0 0 0 0 0 0 
598 9 0 0 0 0 0 0 0 0 0 0 0 
599 9 0 0 0 0 0 0 0 0 0 0 0 
600 9 0 0 0 0 0 0 0 0 0 0 0 
601 9 0 0 0 0 0 0 0 0 0 0 0 
602 9 0 0 0 0 0 0 0 0 0 0 0 
603 9 0 0 0 0 0 0 0 0 0 0 0 
604 9 0 0 0 0 0 0 0 0 0 0 0 
605 9 0 0 0 0 0 0 0 0 0 0 0 
606 9 0 0 0 0 0 0 0 0 0 0 0 
607 9 0 0 0 0 0 0 0 0 0 0 0 
608 9 0 0 0 0 0 0 0 0 0 0 0 
609 9 0 0 0 0 0 0 0 0 0 0 0 
610 9 0 0 0 0 0 0 0 0 0 0 0 
611 9 0 0 0 0 0 0 0 0 0 0 0 
612 9 0 0 0 0 0 0 0 0 0 0 0 
613 9 0 0 0 0 0 0 0 0 0 0 0 
614 9 0 0 0 0 0 0 0 0 0 0 0 
615 9 0 0 0 0 0 0 0 0 0 0 0 
616 9 0 0 0 0 0 0 0 0 0 0 0 
617 9 0 0 0 0 0 0 0 0 0 0 0 
618 9 0 0 0 0 0 0 0 0 0 0 0 
619 9 0 0 0 0 0 0 0 0 0 0 0 
620 9 0 0 0 0 0 0 0 0 0 0 0 
621 9 0 0 0 0 0 0 0 0 0 0 0 
622 9 0 0 0 0 0 0 0 0 0 0 0 
623 9 0 0 0 0 0 0 0 0 0 0 0 
624 9 0 0 0 0 0 0 0 0 0 0 0 
625 9 0 0 0 0 0 0 0 0 0 0 0 
626 9 0 0 0 0 0 0 0 0 0 0 0 
627 9 0 0 0 0 0 0 0 0 0 0 0 
628 9 0 0 0 0 0 0 0 0 0 0 0 
629 9 0 0 0 0 0 0 0 0 0 0 0 
630 9 0 0 0 0 0 0 0 0 0 0 0 
631 9 0 0 0 0 0 0 0 0 0 0 0 
632 9 0 0 0 0 0 0 0 0 0 0 0 
633 9 0 0 0 0 0 0 0 0 0 0 0 
634 9 0 0 0 0 0 0 0 0 0 0 0 
635 9 0 0 0 0 0 0 0 0 0 0 0 
636 9 0 0 0 0 0 0 0 0 0 0 0 
637 9 0 0 0 0 0 0 0 0 0 0 0 
638 9 0 0 0 0 0 0 0 0 0 0 0 
639 9 0 0 0 0 0 0 0 0 0 0 0 
640 9 0 0 0 0 0 0 0 0 0 0 0 
641 9 0 0 0 0 0 0 0 0 0 0 0 
642 9 0 0 0 0 0 0 0 0 0 0 0 
643 9 0 0 0 0 0 0 0 0 0 0 0 
644 9 0 0 0 0 0 0 0 0 0 0 0 
645 9 0 0 0 0 0 0 0 0 0 0 0 
646 9 0 0 0 0 0 0 0 0 0 0 0 
647 9 0 0 0 0 0 0 0 0 0 0 0 
648 9 0 0 0 0 0 0 0 0 0 0 0 
649 9 0 0 0 0 0 0 0 0 0 0 0 
650 9 0 0 0 0 0 0 0 0 0 0 0 
651 9 0 0 0 0 0 0 0 0 0 0 0 
652 9 0 0 0 0 0 0 0 0 0 0 0 
653 9 0 0 0 0 0 0 0 0 0 0 0 
654 9 0 0 0 0 0 0 0 0 0 0 0 
655 9 0 0 0 0 0 0 0 0 0 0 0 
656 9 0 0 0 0 0 0 0 0 0 0 0 
657 9 0 0 0 0 0 0 0 0 0 0 0 
658 9 0 0 0 0 0 0 0 0 0 0 0 
659 9 0 0 0 0 0 0 0 0 0 0 0 
660 9 0 0 0 0 0 0 0 0 0 0 0 
661 9 0 0 0 0 0 0 0 0 0 0 0 
662 9 0 0 0 0 0 0 0 0 0 0 0 
663 9 0 0 0 0 0 0 0 0 0 0 0 
664 9 0 0 0 0 0 0 0 0 0 0 0 
665 9 0 0 0 0 0 0 0 0 0 0 0 
666 9 0 0 0 0 0 0 0 0 0 0 0 
667 9 0 0 0 0 0 0 0 0 0 0 0 
668 9 0 0 0 0 0 0 0 0 0 0 0 
669 9 0 0 0 0 0 0 0 0 0 0 0 
670 9 0 0 0 0 0 0 0 0 0 0 0 
671 9 0 0 0 0 0 0 0 0 0 0 0 
672 9 0 0 0 0 0 0 0 0 0 0 0 
673 9 0 0 0 0 0 0 0 0 0 0 0 
674 9 0 0 0 0 0 0 0 0 0 0 0 
675 9 0 0 0 0 0 0 0 0 0 0 0 
676 9 0 0 0 0 0 0 0 0 0 0 0 
677 9 0 0 0 0 0 0 0 0 0 0 0 
678 9 0 0 0 0 0 0 0 0 0 0 0 
679 9 0 0 0 0 0 0 0 0 0 0 0 
680 9 0 0 0 0 0 0 0 0 0 0 0 
681 9 0 0 0 0 0 0 0 0 0 0 0 
682 9 0 0 0 0 0 0 0 0 0 0 0 
683 9 0 0 0 0 0 0 0 0 0 0 0 
684 9 0 0 0 0 0 0 0 0 0 0 0 
685 9 0 0 0 0 0 0 0 0 0 0 0 
686 9 0 0 0 0 0 0 0 0 0 0 0 
687 9 0 0 0 0 0 0 0 0 0 0 0 
688 9 0 0 0 0 0 0 0 0 0 0 0 
689 9 0 0 0 0 0 0 0 0 0 0 0 
690 9 0 0 0 0 0 0 0 0 0 0 0 
691 9 0 0 0 0 0 0 0 0 0 0 0 
692 9 0 0 0 0 0 0 0 0 0 0 0 
693 9 0 0 0 0 0 0 0 0 0 0 0 
694 9 0 0 0 0 0 0 0 0 0 0 0 
695 9 0 0 0 0 0 0 0 0 0 0 0 
696 9 0 0 0 0 0 0 0 0 0 0 0 
697 9 0 0 0 0 0 0 0 0 0 0 0 
698 9 0 0 0 0 0 0 0 0 0 0 0 
699 9 0 0 0 0 0 0 0 0 0 0 0 
700 9 0 0 0 0 0 0 0 0 0 0 0 
701 9 0 0 0 0 0 0 0 0 0 0 0 
702 9 0 0 0 0 0 0 0 0 0 0 0 
703 9 0 0 0 0 0 0 0 0 0 0 0 
704 9 0 0 0 0 0 0 0 0 0 0 0 
705 9 0 0 0 0 0 0 0 0 0 0 0 
706 9 0 0 0 0 0 0 0 0 0 0 0 
707 9 0 0 0 0 0 0 0 0 0 0 0 
708 9 0 0 0 0 0 0 0 0 0 0 0 
709 9 0 0 0 0 0 0 0 0 0 0 0 
710 9 0 0 0 0 0 0 0 0 0 0 0 
711 9 0 0 0 0 0 0 0 0 0 0 0 
712 9 0 0 0 0 0 0 0 0 0 0 0 
713 9 0 0 0 0 0 0 0 0 0 0 0 
714 9 0 0 0 0 0 0 0 0 0 0 0 
715 9 0 0 0 0 0 0 0 0 0 0 0 
716 9 0 0 0 0 0 0 0 0 0 0 0 
717 9 0 0 0 0 0 0 0 0 0 0 0 
718 9 0 0 0 0 0 0 0 0 0 0 0 
719 9 0 0 0 0 0 0 0 0 0 0 0 
720 9 0 0 0 0 0 0 0 0 0 0 0 
721 9 0 0 0 0 0 0 0 0 0 0 0 
722 9 0 0 0 0 0 0 0 0 0 0 0 
723 9 0 0 0 0 0 0 0 0 0 0 0 
724 9 0 0 0 0 0 0 0 0 0 0 0 
725 9 0 0 0 0 0 0 0 0 0 0 0 
726 9 0 0 0 0 0 0 0 0 0 0 0 
727 9 0 0 0 0 0 0 0 0 0 0 0 
728 9 0 0 0 0 0 0 0 0 0 0 0 
729 9 0 0 0 0 0 0 0 0 0 0 0 
730 9 0 0 0 0 0 0 0 0 0 0 0 
731 9 0 0 0 0 0 0 0 0 0 0 0 
732 9 0 0 0 0 0 0 0 0 0 0 0 
733 9 0 0 0 0 0 0 0 0 0 0 0 
734 9 0 0 0 0 0 0 0 0 0 0 0 
735 9 0 0 0 0 0 0 0 0 0 0 0 
736 9 0 0 0 0 0 0 0 0 0 0 0 
737 9 0 0 0 0 0 0 0 0 0 0 0 
738 9 0 0 0 0 0 0 0 0 0 0 0 
739 9 0 0 0 0 0 0 0 0 0 0 0 
740 9 0 0 0 0 0 0 0 0 0 0 0 
741 9 0 0 0 0 0 0 0 0 0 0 0 
742 9 0 0 0 0 0 0 0 0 0 0 0 
743 9 0 0 0 0 0 0 0 0 0 0 0 
744 9 0 0 0 0 0 0 0 0 0 0 0 
745 9 0 0 0 0 0 0 0 0 0 0 0 
746 9 0 0 0 0 0 0 0 0 0 0 0 
747 9 0 0 0 0 0 0 0 0 0 0 0 
748 9 0 0 0 0 0 0 0 0 0 0 0 
749 9 0 0 0 0 0 0 0 0 0 0 0 
750 9 0 0 0 0 0 0 0 0 0 0 0 
751 9 0 0 0 0 0 0 0 0 0 0 0 
752 9 0 0 0 0 0 0 0 0 0 0 0 
753 9 0 0 0 0 0 0 0 0 0 0 0 
754 9 0 0 0 0 0 0 0 0 0 0 0 
755 9 0 0 0 0 0 0 0 0 0 0 0 
756 9 0 0 0 0 0 0 0 0 0 0 0 
757 9 0 0 0 0 0 0 0 0 0 0 0 
758 9 0 0 0 0 0 0 0 0 0 0 0 
759 9 0 0 0 0 0 0 0 0 0 0 0 
760 9 0 0 0 0 0 0 0 0 0 0 0 
761 9 0 0 0 0 0 0 0 0 0 0 0 
762 9 0 0 0 0 0 0 0 0 0 0 0 
763 9 0 0 0 0 0 0 0 0 0 0 0 
764 9 0 0 0 0 0 0 0 0 0 0 0 
765 9 0 0 0 0 0 0 0 0 0 0 0 
766 9 0 0 0 0 0 0 0 0 0 0 0 
767 9 0 0 0 0 0 0 0 0 0 0 0 
768 9 0 0 0 0 0 0 0 0 0 0 0 
769 9 0 0 0 0 0 0 0 0 0 0 0 
770 9 0 0 0 0 0 0 0 0 0 0 0 
771 9 0 0 0 0 0 0 0 0 0 0 0 
772 9 0 0 0 0 0 0 0 0 0 0 0 
773 9 0 0 0 0 0 0 0 0 0 0 0 
774 9 0 0 0 0 0 0 0 0 0 0 0 
775 9 0 0 0 0 0 0 0 0 0 0 0 
776 9 0 0 0 0 0 0 0 0 0 0 0 
777 9 0 0 0 0 0 0 0 0 0 0 0 
778 9 0 0 0 0 0 0 0 0 0 0 0 
779 9 0 0 0 0 0 0 0 0 0 0 0 
780 9 0 0 0 0 0 0 0 0 0 0 0 
781 9 0 0 0 0 0 0 0 0 0 0 0 
782 9 0 0 0 0 0 0 0 0 0 0 0 
783 9 0 0 0 0 0 0 0 0 0 0 0 
784 9 0 0 0 0 0 0 0 0 0 0 0 
785 9 0 0 0 0 0 0 0 0 0 0 0 
786 9 0 0 0 0 0 0 0 0 0 0 0 
787 9 0 0 0 0 0 0 0 0 0 0 0 
788 9 0 0 0 0 0 0 0 0 0 0 0 
789 9 0 0 0 0 0 0 0 0 0 0 0 
790 9 0 0 0 0 0 0 0 0 0 0 0 
791 9 0 0 0 0 0 0 0 0 0 0 0 
792 9 0 0 0 0 0 0 0 0 0 0 0 
793 9 0 0 0 0 0 0 0 0 0 0 0 
794 9 0 0 0 0 0 0 0 0 0 0 0 
795 9 0 0 0 0 0 0 0 0 0 0 0 
796 9 0 0 0 0 0 0 0 0 0 0 0 
797 9 0 0 0 0 0 0 0 0 0 0 0 
798 9 0 0 0 0 0 0 0 0 0 0 0 
799 9 0 0 0 0 0 0 0 0 0 0 0 
800 9 0 0 0 0 0 0 0 0 0 0 0 
801 9 0 0 0 0 0 0 0 0 0 0 0 
802 9 0 0 0 0 0 0 0 0 0 0 0 
803 9 0 0 0 0 0 0 0 0 0 0 0 
804 9 0 0 0 0 0 0 0 0 0 0 0 
805 9 0 0 0 0 0 0 0 0 0 0 0 
806 9 0 0 0 0 0 0 0 0 0 0 0 
807 9 0 0 0 0 0 0 0 0 0 0 0 
808 9 0 0 0 0 0 0 0 0 0 0 0 
809 9 0 0 0 0 0 0 0 0 0 0 0 
810 9 0 0 0 0 0 0 0 0 0 0 0 
811 9 0 0 0 0 0 0 0 0 0 0 0 
812 9 0 0 0 0 0 0 0 0 0 0 0 
813 9 0 0 0 0 0 0 0 0 0 0 0 
814 9 0 0 0 0 0 0 0 0 0 0 0 
815 9 0 0 0 0 0 0 0 0 0 0 0 
816 9 0 0 0 0 0 0 0 0 0 0 0 
817 9 0 0 0 0 0 0 0 0 0 0 0 
818 9 0 0 0 0 0 0 0 0 0 0 0 
819 9 0 0 0 0 0 0 0 0 0 0 0 
820 9 0 0 0 0 0 0 0 0 0 0 0 
821 9 0 0 0 0 0 0 0 0 0 0 0 
822 9 0 0 0 0 0 0 0 0 0 0 0 
823 9 0 0 0 0 0 0 0 0 0 0 0 
824 9 0 0 0 0 0 0 0 0 0 0 0 
825 9 0 0 0 0 0 0 0 0 0 0 0 
826 9 0 0 0 0 0 0 0 0 0 0 0 
827 9 0 0 0 0 0 0 0 0 0 0 0 
828 9 0 0 0 0 0 0 0 0 0 0 0 
829 9 0 0 0 0 0 0 0 0 0 0 0 
830 9 0 0 0 0 0 0 0 0 0 0 0 
831 9 0 0 0 0 0 0 0 0 0 0 0 
832 9 0 0 0 0 0 0 0 0 0 0 0 
833 9 0 0 0 0 0 0 0 0 0 0 0 
834 9 0 0 0 0 0 0 0 0 0 0 0 
835 9 0 0 0 0 0 0 0 0 0 0 0 
836 9 0 0 0 0 0 0 0 0 0 0 0 
837 9 -1 6 54 0 0 52 13 0 0 2 -3 
838 9 32 0 0 0 0 0 0 0 0 0 0 
839 9 0 0 0 0 0 0 0 0 0 0 0 
840 9 0 0 0 0 0 0 0 0 0 0 0 
841 9 0 0 0 0 0 0 0 0 0 0 0 
842 9 0 0 0 0 0 0 0 0 0 0 0 
843 9 -1 7 27 0 0 36 57 0 0 18 5 
844 9 36 0 0 0 0 0 0 0 0 0 0 
845 9 0 0 0 0 0 0 0 0 0 0 0 
846 9 0 0 0 0 0 0 0 0 0 0 0 
847 9 0 0 0 0 0 0 0 0 0 0 0 
848 9 0 0 0 0 0 0 0 0 0 0 0 
849 9 0 0 0 0 0 0 0 0 0 0 0 
850 9 0 0 0 0 0 0 0 0 0 0 0 
851 9 0 0 0 0 0 0 0 0 0 0 0 
852 9 0 0 0 0 0 0 0 0 0 0 0 
853 9 0 0 0 0 0 0 0 0 0 0 0 
854 9 0 0 0 0 0 0 0 0 0 0 0 
855 9 0 0 0 0 0 0 0 0 0 0 0 
856 9 0 0 0 0 0 0 0 0 0 0 0 
857 9 0 0 0 0 0 0 0 0 0 0 0 
858 9 0 0 0 0 0 0 0 0 0 0 0 
859 9 0 0 0 0 0 0 0 0 0 0 0 
860 9 0 0 0 0 0 0 0 0 0 0 0 
861 9 0 0 0 0 0 0 0 0 0 0 0 
862 9 0 0 0 0 0 0 0 0 0 0 0 
863 9 0 0 0 0 0 0 0 0 0 0 0 
864 9 0 0 0 0 0 0 0 0 0 0 0 
865 9 0 0 0 0 0 0 0 0 0 0 0 
866 9 0 0 0 0 0 0 0 0 0 0 0 
867 9 0 0 0 0 0 0 0 0 0 0 0 
868 9 0 0 0 0 0 0 0 0 0 0 0 
869 9 0 0 0 0 0 0 0 0 0 0 0 
870 9 0 0 0 0 0 0 0 0 0 0 0 
871 9 0 0 0 0 0 0 0 0 0 0 0 
872 9 0 0 0 0 0 0 0 0 0 0 0 
873 9 0 0 0 0 0 0 0 0 0 0 0 
874 9 0 0 0 0 0 0 0 0 0 0 0 
875 9 0 0 0 0 0 0 0 0 0 0 0 
876 9 0 0 0 0 0 0 0 0 0 0 0 
877 9 0 0 0 0 0 0 0 0 0 0 0 
878 9 0 0 0 0 0 0 0 0 0 0 0 
879 9 0 0 0 0 0 0 0 0 0 0 0 
880 9 0 0 0 0 0 0 0 0 0 0 0 
881 9 0 0 0 0 0 0 0 0 0 0 0 
882 9 0 0 0 0 0 0 0 0 0 0 0 
883 9 0 0 0 0 0 0 0 0 0 0 0 
884 9 0 0 0 0 0 0 0 0 0 0 0 
885 9 0 0 0 0 0 0 0 0 0 0 0 
886 9 0 0 0 0 0 0 0 0 0 0 0 
887 9 0 0 0 0 0 0 0 0 0 0 0 
888 9 0 0 0 0 0 0 0 0 0 0 0 
889 9 0 0 0 0 0 0 0 0 0 0 0 
890 9 0 0 0 0 0 0 0 0 0 0 0 
891 9 0 0 0 0 0 0 0 0 0 0 0 
892 9 0 0 0 0 0 0 0 0 0 0 0 
893 9 0 0 0 0 0 0 0 0 0 0 0 
894 9 0 0 0 0 0 0 0 0 0 0 0 
895 9 0 0 0 0 0 0 0 0 0 0 0 
896 9 0 0 0 0 0 0 0 0 0 0 0 
897 9 0 0 0 0 0 0 0 0 0 0 0 
898 9 0 0 0 0 0 0 0 0 0 0 0 
899 9 0 0 0 0 0 0 0 0 0 0 0 
900 9 0 0 0 0 0 0 0 0 0 0 0 
901 9 0 0 0 0 0 0 0 0 0 0 0 
902 9 0 0 0 0 0 0 0 0 0 0 0 
903 9 0 0 0 0 0 0 0 0 0 0 0 
904 9 0 0 0 0 0 0 0 0 0 0 0 
905 9 0 0 0 0 0 0 0 0 0 0 0 
906 9 0 0 0 0 0 0 0 0 0 0 0 
907 9 0 0 0 0 0 0 0 0 0 0 0 
908 9 0 0 0 0 0 0 0 0 0 0 0 
909 9 0 0 0 0 0 0 0 0 0 0 0 
910 9 0 0 0 0 0 0 0 0 0 0 0 
911 9 0 0 0 0 0 0 0 0 0 0 0 
912 9 0 0 0 0 0 0 0 0 0 0 0 
913 9 0 0 0 0 0 0 0 0 0 0 0 
914 9 0 0 0 0 0 0 0 0 0 0 0 
915 9 0 0 0 0 0 0 0 0 0 0 0 
916 9 0 0 0 0 0 0 0 0 0 0 0 
917 9 0 0 0 0 0 0 0 0 0 0 0 
918 9 0 0 0 0 0 0 0 0 0 0 0 
919 9 0 0 0 0 0 0 0 0 0 0 0 
920 9 0 0 0 0 0 0 0 0 0 0 0 
921 9 0 0 0 0 0 0 0 0 0 0 0 
922 9 0 0 0 0 0 0 0 0 0 0 0 
923 9 0 0 0 0 0 0 0 0 0 0 0 
924 9 0 0 0 0 0 0 0 0 0 0 0 
925 9 49 0 0 0 0 0 0 0 0 0 0 
926 9 50 0 0 0 0 0 0 0 0 0 0 
927 9 0 0 0 0 0 0 0 0 0 0 0 
928 9 0 0 0 0 0 0 0 0 0 0 0 
929 9 0 0 0 0 0 0 0 0 0 0 0 
930 9 0 0 0 0 0 0 0 0 0 0 0 
931 9 0 0 0 0 0 0 0 0 0 0 0 
932 9 0 0 0 0 0 0 0 0 0 0 0 
933 9 0 0 0 0 0 0 0 0 0 0 0 
934 9 0 0 0 0 0 0 0 0 0 0 0 
935 9 -1 1 12 0 0 34 43 0 0 13 79 
936 9 -1 9 9 22 11 40 44 11 11 32 -466 
937 9 -1 55 8 0 0 46 55 0 0 2 32 
938 9 60 0 0 0 0 0 0 0 0 0 0 
939 9 61 0 0 0 0 0 0 0 0 0 0 
940 9 -1 0 53 0 0 31 36 0 0 5 -3 
941 9 -1 8 23 0 0 5 53 0 0 1 5 
942 9 -1 0 51 0 0 8 29 0 0 16 32 
943 9 -1 24 5 21 10 45 41 16 21 32 -8268 
944 9 70 0 0 0 0 0 0 0 0 0 0 
945 9 0 0 0 0 0 0 0 0 0 0 0 
946 9 0 0 0 0 0 0 0 0 0 0 0 
947 9 -1 29 16 30 17 59 37 1 3 32 14 
948 9 74 0 0 0 0 0 0 0 0 0 0 
949 9 -1 56 34 0 0 32 33 0 0 17 26 
950 9 -1 52 29 0 0 36 6 0 0 14 -28 
951 9 -1 47 41 0 0 36 31 0 0 4 0 
952 9 81 0 0 0 0 0 0 0 0 0 0 
953 9 82 0 0 0 0 0 0 0 0 0 0 
954 9 -1 56 46 0 0 6 47 0 0 2 7 
955 9 -1 40 40 0 0 34 14 0 0 16 -64 
956 9 -1 11 12 14 12 60 34 2 28 32 -131 
957 9 -1 31 8 0 0 10 42 0 0 2 -22 
958 9 -1 49 29 0 0 4 11 0 0 15 77 
959 9 0 0 0 0 0 0 0 0 0 0 0 
960 9 0 0 0 0 0 0 0 0 0 0 0 
961 9 94 0 0 0 0 0 0 0 0 0 0 
962 9 95 0 0 0 0 0 0 0 0 0 0 
963 9 0 0 0 0 0 0 0 0 0 0 0 
964 9 0 0 0 0 0 0 0 0 0 0 0 
965 9 0 0 0 0 0 0 0 0 0 0 0 
966 9 0 0 0 0 0 0 0 0 0 0 0 
967 9 97 0 0 0 0 0 0 0 0 0 0 
968 9 -1 39 15 0 0 58 25 0 0 15 66 
969 9 -1 18 33 0 0 50 34 0 0 17 -5 
970 9 -1 63 63 0 0 10 34 0 0 14 -52 
971 9 104 0 0 0 0 0 0 0 0 0 0 
972 9 105 0 0 0 0 0 0 0 0 0 0 
973 9 106 0 0 0 0 0 0 0 0 0 0 
974 9 107 0 0 0 0 0 0 0 0 0 0 
975 9 0 0 0 0 0 0 0 0 0 0 0 
976 9 0 0 0 0 0 0 0 0 0 0 0 
977 9 0 0 0 0 0 0 0 0 0 0 0 
978 9 0 0 0 0 0 0 0 0 0 0 0 
979 9 0 0 0 0 0 0 0 0 0 0 0 
980 9 0 0 0 0 0 0 0 0 0 0 0 
981 9 0 0 0 0 0 0 0 0 0 0 0 
982 9 0 0 0 0 0 0 0 0 0 0 0 
983 9 109 0 0 0 0 0 0 0 0 0 0 
984 9 110 0 0 0 0 0 0 0 0 0 0 
985 9 0 0 0 0 0 0 0 0 0 0 0 
986 9 0 0 0 0 0 0 0 0 0 0 0 
987 9 0 0 0 0 0 0 0 0 0 0 0 
988 9 0 0 0 0 0 0 0 0 0 0 0 
989 9 0 0 0 0 0 0 0 0 0 0 0 
990 9 0 0 0 0 0 0 0 0 0 0 0 
991 9 0 0 0 0 0 0 0 0 0 0 0 
992 9 0 0 0 0 0 0 0 0 0 0 0 
993 9 0 0 0 0 0 0 0 0 0 0 0 
994 9 0 0 0 0 0 0 0 0 0 0 0 
995 9 0 0 0 0 0 0 0 0 0 0 0 
996 9 0 0 0 0 0 0 0 0 0 0 0 
997 9 0 0 0 0 0 0 0 0 0 0 0 
998 9 0 0 0 0 0 0 0 0 0 0 0 
999 9 0 0 0 0 0 0 0 0 0 0 0 
1000 9 0 0 0 0 0 0 0 0 0 0 0 
1001 9 0 0 0 0 0 0 0 0 0 0 0 
1002 9 0 0 0 0 0 0 0 0 0 0 0 
1003 9 0 0 0 0 0 0 0 0 0 0 0 
1004 9 0 0 0 0 0 0 0 0 0 0 0 
1005 9 0 0 0 0 0 0 0 0 0 0 0 
1006 9 0 0 0 0 0 0 0 0 0 0 0 
1007 9 0 0 0 0 0 0 0 0 0 0 0 
1008 9 0 0 0 0 0 0 0 0 0 0 0 
1009 9 0 0 0 0 0 0 0 0 0 0 0 
1010 9 0 0 0 0 0 0 0 0 0 0 0 
1011 9 0 0 0 0 0 0 0 0 0 0 0 
1012 9 0 0 0 0 0 0 0 0 0 0 0 
1013 9 0 0 0 0 0 0 0 0 0 0 0 
1014 9 0 0 0 0 0 0 0 0 0 0 0 
1015 9 0 0 0 0 0 0 0 0 0 0 0 
1016 9 0 0 0 0 0 0 0 0 0 0 0 
1017 9 0 0 0 0 0 0 0 0 0 0 0 
1018 9 0 0 0 0 0 0 0 0 0 0 0 
1019 9 0 0 0 0 0 0 0 0 0 0 0 
1020 9 0 0 0 0 0 0 0 0 0 0 0 
1021 9 0 0 0 0 0 0 0 0 0 0 0 
1022 9 0 0 0 0 0 0 0 0 0 0 0 
1023 10 0 0 0 0 0 0 0 0 0 0 0 
1024 10 0 0 0 0 0 0 0 0 0 0 0 
1025 10 0 0 0 0 0 0 0 0 0 0 0 
1026 10 0 0 0 0 0 0 0 0 0 0 0 
1027 10 0 0 0 0 0 0 0 0 0 0 0 
1028 10 0 0 0 0 0 0 0 0 0 0 0 
1029 10 0 0 0 0 0 0 0 0 0 0 0 
1030 10 0 0 0 0 0 0 0 0 0 0 0 
1031 10 0 0 0 0 0 0 0 0 0 0 0 
1032 10 0 0 0 0 0 0 0 0 0 0 0 
1033 10 0 0 0 0 0 0 0 0 0 0 0 
1034 10 0 0 0 0 0 0 0 0 0 0 0 
1035 10 0 0 0 0 0 0 0 0 0 0 0 
1036 10 0 0 0 0 0 0 0 0 0 0 0 
1037 10 0 0 0 0 0 0 0 0 0 0 0 
1038 10 0 0 0 0 0 0 0 0 0 0 0 
1039 10 0 0 0 0 0 0 0 0 0 0 0 
1040 10 0 0 0 0 0 0 0 0 0 0 0 
1041 10 0 0 0 0 0 0 0 0 0 0 0 
1042 10 0 0 0 0 0 0 0 0 0 0 0 
1043 10 0 0 0 0 0 0 0 0 0 0 0 
1044 10 0 0 0 0 0 0 0 0 0 0 0 
1045 10 0 0 0 0 0 0 0 0 0 0 0 
1046 10 0 0 0 0 0 0 0 0 0 0 0 
1047 10 0 0 0 0 0 0 0 0 0 0 0 
1048 10 0 0 0 0 0 0 0 0 0 0 0 
1049 10 0 0 0 0 0 0 0 0 0 0 0 
1050 10 0 0 0 0 0 0 0 0 0 0 0 
1051 10 0 0 0 0 0 0 0 0 0 0 0 
1052 10 0 0 0 0 0 0 0 0 0 0 0 
1053 10 0 0 0 0 0 0 0 0 0 0 0 
1054 10 0 0 0 0 0 0 0 0 0 0 0 
1055 10 0 0 0 0 0 0 0 0 0 0 0 
1056 10 0 0 0 0 0 0 0 0 0 0 0 
1057 10 0 0 0 0 0 0 0 0 0 0 0 
1058 10 0 0 0 0 0 0 0 0 0 0 0 
1059 10 0 0 0 0 0 0 0 0 0 0 0 
1060 10 0 0 0 0 0 0 0 0 0 0 0 
1061 10 0 0 0 0 0 0 0 0 0 0 0 
1062 10 0 0 0 0 0 0 0 0 0 0 0 
1063 10 0 0 0 0 0 0 0 0 0 0 0 
1064 10 0 0 0 0 0 0 0 0 0 0 0 
1065 10 0 0 0 0 0 0 0 0 0 0 0 
1066 10 0 0 0 0 0 0 0 0 0 0 0 
1067 10 0 0 0 0 0 0 0 0 0 0 0 
1068 10 0 0 0 0 0 0 0 0 0 0 0 
1069 10 0 0 0 0 0 0 0 0 0 0 0 
1070 10 0 0 0 0 0 0 0 0 0 0 0 
1071 10 0 0 0 0 0 0 0 0 0 0 0 
1072 10 0 0 0 0 0 0 0 0 0 0 0 
1073 10 0 0 0 0 0 0 0 0 0 0 0 
1074 10 0 0 0 0 0 0 0 0 0 0 0 
1075 10 0 0 0 0 0 0 0 0 0 0 0 
1076 10 0 0 0 0 0 0 0 0 0 0 0 
1077 10 0 0 0 0 0 0 0 0 0 0 0 
1078 10 0 0 0 0 0 0 0 0 0 0 0 
1079 10 0 0 0 0 0 0 0 0 0 0 0 
1080 10 0 0 0 0 0 0 0 0 0 0 0 
1081 10 0 0 0 0 0 0 0 0 0 0 0 
1082 10 0 0 0 0 0 0 0 0 0 0 0 
1083 10 0 0 0 0 0 0 0 0 0 0 0 
1084 10 0 0 0 0 0 0 0 0 0 0 0 
1085 10 0 0 0 0 0 0 0 0 0 0 0 
1086 10 0 0 0 0 0 0 0 0 0 0 0 
1087 10 0 0 0 0 0 0 0 0 0 0 0 
1088 10 0 0 0 0 0 0 0 0 0 0 0 
1089 10 0 0 0 0 0 0 0 0 0 0 0 
1090 10 0 0 0 0 0 0 0 0 0 0 0 
1091 10 0 0 0 0 0 0 0 0 0 0 0 
1092 10 0 0 0 0 0 0 0 0 0 0 0 
1093 10 0 0 0 0 0 0 0 0 0 0 0 
1094 10 0 0 0 0 0 0 0 0 0 0 0 
1095 10 0 0 0 0 0 0 0 0 0 0 0 
1096 10 0 0 0 0 0 0 0 0 0 0 0 
1097 10 0 0 0 0 0 0 0 0 0 0 0 
1098 10 0 0 0 0 0 0 0 0 0 0 0 
1099 10 0 0 0 0 0 0 0 0 0 0 0 
1100 10 0 0 0 0 0 0 0 0 0 0 0 
1101 10 0 0 0 0 0 0 0 0 0 0 0 
1102 10 0 0 0 0 0 0 0 0 0 0 0 
1103 10 0 0 0 0 0 0 0 0 0 0 0 
1104 10 0 0 0 0 0 0 0 0 0 0 0 
1105 10 0 0 0 0 0 0 0 0 0 0 0 
1106 10 0 0 0 0 0 0 0 0 0 0 0 
1107 10 0 0 0 0 0 0 0 0 0 0 0 
1108 10 0 0 0 0 0 0 0 0 0 0 0 
1109 10 0 0 0 0 0 0 0 0 0 0 0 
1110 10 0 0 0 0 0 0 0 0 0 0 0 
1111 10 0 0 0 0 0 0 0 0 0 0 0 
1112 10 0 0 0 0 0 0 0 0 0 0 0 
1113 10 0 0 0 0 0 0 0 0 0 0 0 
1114 10 0 0 0 0 0 0 0 0 0 0 0 
1115 10 0 0 0 0 0 0 0 0 0 0 0 
1116 10 0 0 0 0 0 0 0 0 0 0 0 
1117 10 0 0 0 0 0 0 0 0 0 0 0 
1118 10 0 0 0 0 0 0 0 0 0 0 0 
1119 10 0 0 0 0 0 0 0 0 0 0 0 
1120 10 0 0 0 0 0 0 0 0 0 0 0 
1121 10 0 0 0 0 0 0 0 0 0 0 0 
1122 10 0 0 0 0 0 0 0 0 0 0 0 
1123 10 0 0 0 0 0 0 0 0 0 0 0 
1124 10 0 0 0 0 0 0 0 0 0 0 0 
1125 10 0 0 0 0 0 0 0 0 0 0 0 
1126 10 0 0 0 0 0 0 0 0 0 0 0 
1127 10 0 0 0 0 0 0 0 0 0 0 0 
1128 10 0 0 0 0 0 0 0 0 0 0 0 
1129 10 0 0 0 0 0 0 0 0 0 0 0 
1130 10 0 0 0 0 0 0 0 0 0 0 0 
1131 10 0 0 0 0 0 0 0 0 0 0 0 
1132 10 0 0 0 0 0 0 0 0 0 0 0 
1133 10 0 0 0 0 0 0 0 0 0 0 0 
1134 10 0 0 0 0 0 0 0 0 0 0 0 
1135 10 0 0 0 0 0 0 0 0 0 0 0 
1136 10 0 0 0 0 0 0 0 0 0 0 0 
1137 10 0 0 0 0 0 0 0 0 0 0 0 
1138 10 0 0 0 0 0 0 0 0 0 0 0 
1139 10 0 0 0 0 0 0 0 0 0 0 0 
1140 10 0 0 0 0 0 0 0 0 0 0 0 
1141 10 0 0 0 0 0 0 0 0 0 0 0 
1142 10 0 0 0 0 0 0 0 0 0 0 0 
1143 10 0 0 0 0 0 0 0 0 0 0 0 
1144 10 0 0 0 0 0 0 0 0 0 0 0 
1145 10 0 0 0 0 0 0 0 0 0 0 0 
1146 10 0 0 0 0 0 0 0 0 0 0 0 
1147 10 0 0 0 0 0 0 0 0 0 0 0 
1148 10 0 0 0 0 0 0 0 0 0 0 0 
1149 10 0 0 0 0 0 0 0 0 0 0 0 
1150 10 0 0 0 0 0 0 0 0 0 0 0 
1151 10 0 0 0 0 0 0 0 0 0 0 0 
1152 10 0 0 0 0 0 0 0 0 0 0 0 
1153 10 0 0 0 0 0 0 0 0 0 0 0 
1154 10 0 0 0 0 0 0 0 0 0 0 0 
1155 10 0 0 0 0 0 0 0 0 0 0 0 
1156 10 0 0 0 0 0 0 0 0 0 0 0 
1157 10 0 0 0 0 0 0 0 0 0 0 0 
1158 10 0 0 0 0 0 0 0 0 0 0 0 
1159 10 0 0 0 0 0 0 0 0 0 0 0 
1160 10 0 0 0 0 0 0 0 0 0 0 0 
1161 10 0 0 0 0 0 0 0 0 0 0 0 
1162 10 0 0 0 0 0 0 0 0 0 0 0 
1163 10 0 0 0 0 0 0 0 0 0 0 0 
1164 10 0 0 0 0 0 0 0 0 0 0 0 
1165 10 0 0 0 0 0 0 0 0 0 0 0 
1166 10 0 0 0 0 0 0 0 0 0 0 0 
1167 10 0 0 0 0 0 0 0 0 0 0 0 
1168 10 0 0 0 0 0 0 0 0 0 0 0 
1169 10 0 0 0 0 0 0 0 0 0 0 0 
1170 10 0 0 0 0 0 0 0 0 0 0 0 
1171 10 0 0 0 0 0 0 0 0 0 0 0 
1172 10 0 0 0 0 0 0 0 0 0 0 0 
1173 10 0 0 0 0 0 0 0 0 0 0 0 
1174 10 0 0 0 0 0 0 0 0 0 0 0 
1175 10 0 0 0 0 0 0 0 0 0 0 0 
1176 10 0 0 0 0 0 0 0 0 0 0 0 
1177 10 0 0 0 0 0 0 0 0 0 0 0 
1178 10 0 0 0 0 0 0 0 0 0 0 0 
1179 10 0 0 0 0 0 0 0 0 0 0 0 
1180 10 0 0 0 0 0 0 0 0 0 0 0 
1181 10 0 0 0 0 0 0 0 0 0 0 0 
1182 10 0 0 0 0 0 0 0 0 0 0 0 
1183 10 0 0 0 0 0 0 0 0 0 0 0 
1184 10 0 0 0 0 0 0 0 0 0 0 0 
1185 10 0 0 0 0 0 0 0 0 0 0 0 
1186 10 0 0 0 0 0 0 0 0 0 0 0 
1187 10 0 0 0 0 0 0 0 0 0 0 0 
1188 10 0 0 0 0 0 0 0 0 0 0 0 
1189 10 0 0 0 0 0 0 0 0 0 0 0 
1190 10 0 0 0 0 0 0 0 0 0 0 0 
1191 10 0 0 0 0 0 0 0 0 0 0 0 
1192 10 0 0 0 0 0 0 0 0 0 0 0 
1193 10 0 0 0 0 0 0 0 0 0 0 0 
1194 10 0 0 0 0 0 0 0 0 0 0 0 
1195 10 0 0 0 0 0 0 0 0 0 0 0 
1196 10 0 0 0 0 0 0 0 0 0 0 0 
1197 10 0 0 0 0 0 0 0 0 0 0 0 
1198 10 0 0 0 0 0 0 0 0 0 0 0 
1199 10 0 0 0 0 0 0 0 0 0 0 0 
1200 10 0 0 0 0 0 0 0 0 0 0 0 
1201 10 0 0 0 0 0 0 0 0 0 0 0 
1202 10 0 0 0 0 0 0 0 0 0 0 0 
1203 10 0 0 0 0 0 0 0 0 0 0 0 
1204 10 0 0 0 0 0 0 0 0 0 0 0 
1205 10 0 0 0 0 0 0 0 0 0 0 0 
1206 10 0 0 0 0 0 0 0 0 0 0 0 
1207 10 0 0 0 0 0 0 0 0 0 0 0 
1208 10 0 0 0 0 0 0 0 0 0 0 0 
1209 10 0 0 0 0 0 0 0 0 0 0 0 
1210 10 0 0 0 0 0 0 0 0 0 0 0 
1211 10 0 0 0 0 0 0 0 0 0 0 0 
1212 10 0 0 0 0 0 0 0 0 0 0 0 
1213 10 0 0 0 0 0 0 0 0 0 0 0 
1214 10 0 0 0 0 0 0 0 0 0 0 0 
1215 10 0 0 0 0 0 0 0 0 0 0 0 
1216 10 0 0 0 0 0 0 0 0 0 0 0 
1217 10 0 0 0 0 0 0 0 0 0 0 0 
1218 10 0 0 0 0 0 0 0 0 0 0 0 
1219 10 0 0 0 0 0 0 0 0 0 0 0 
1220 10 0 0 0 0 0 0 0 0 0 0 0 
1221 10 0 0 0 0 0 0 0 0 0 0 0 
1222 10 0 0 0 0 0 0 0 0 0 0 0 
1223 10 0 0 0 0 0 0 0 0 0 0 0 
1224 10 0 0 0 0 0 0 0 0 0 0 0 
1225 10 0 0 0 0 0 0 0 0 0 0 0 
1226 10 0 0 0 0 0 0 0 0 0 0 0 
1227 10 0 0 0 0 0 0 0 0 0 0 0 
1228 10 0 0 0 0 0 0 0 0 0 0 0 
1229 10 0 0 0 0 0 0 0 0 0 0 0 
1230 10 0 0 0 0 0 0 0 0 0 0 0 
1231 10 0 0 0 0 0 0 0 0 0 0 0 
1232 10 0 0 0 0 0 0 0 0 0 0 0 
1233 10 0 0 0 0 0 0 0 0 0 0 0 
1234 10 0 0 0 0 0 0 0 0 0 0 0 
1235 10 0 0 0 0 0 0 0 0 0 0 0 
1236 10 0 0 0 0 0 0 0 0 0 0 0 
1237 10 0 0 0 0 0 0 0 0 0 0 0 
1238 10 0 0 0 0 0 0 0 0 0 0 0 
1239 10 0 0 0 0 0 0 0 0 0 0 0 
1240 10 0 0 0 0 0 0 0 0 0 0 0 
1241 10 0 0 0 0 0 0 0 0 0 0 0 
1242 10 0 0 0 0 0 0 0 0 0 0 0 
1243 10 0 0 0 0 0 0 0 0 0 0 0 
1244 10 0 0 0 0 0 0 0 0 0 0 0 
1245 10 0 0 0 0 0 0 0 0 0 0 0 
1246 10 0 0 0 0 0 0 0 0 0 0 0 
1247 10 0 0 0 0 0 0 0 0 0 0 0 
1248 10 0 0 0 0 0 0 0 0 0 0 0 
1249 10 0 0 0 0 0 0 0 0 0 0 0 
1250 10 0 0 0 0 0 0 0 0 0 0 0 
1251 10 0 0 0 0 0 0 0 0 0 0 0 
1252 10 0 0 0 0 0 0 0 0 0 0 0 
1253 10 0 0 0 0 0 0 0 0 0 0 0 
1254 10 0 0 0 0 0 0 0 0 0 0 0 
1255 10 0 0 0 0 0 0 0 0 0 0 0 
1256 10 0 0 0 0 0 0 0 0 0 0 0 
1257 10 0 0 0 0 0 0 0 0 0 0 0 
1258 10 0 0 0 0 0 0 0 0 0 0 0 
1259 10 0 0 0 0 0 0 0 0 0 0 0 
1260 10 0 0 0 0 0 0 0 0 0 0 0 
1261 10 0 0 0 0 0 0 0 0 0 0 0 
1262 10 0 0 0 0 0 0 0 0 0 0 0 
1263 10 0 0 0 0 0 0 0 0 0 0 0 
1264 10 0 0 0 0 0 0 0 0 0 0 0 
1265 10 0 0 0 0 0 0 0 0 0 0 0 
1266 10 0 0 0 0 0 0 0 0 0 0 0 
1267 10 0 0 0 0 0 0 0 0 0 0 0 
1268 10 0 0 0 0 0 0 0 0 0 0 0 
1269 10 0 0 0 0 0 0 0 0 0 0 0 
1270 10 0 0 0 0 0 0 0 0 0 0 0 
1271 10 0 0 0 0 0 0 0 0 0 0 0 
1272 10 0 0 0 0 0 0 0 0 0 0 0 
1273 10 0 0 0 0 0 0 0 0 0 0 0 
1274 10 0 0 0 0 0 0 0 0 0 0 0 
1275 10 0 0 0 0 0 0 0 0 0 0 0 
1276 10 0 0 0 0 0 0 0 0 0 0 0 
1277 10 0 0 0 0 0 0 0 0 0 0 0 
1278 10 0 0 0 0 0 0 0 0 0 0 0 
1279 10 0 0 0 0 0 0 0 0 0 0 0 
1280 10 0 0 0 0 0 0 0 0 0 0 0 
1281 10 0 0 0 0 0 0 0 0 0 0 0 
1282 10 0 0 0 0 0 0 0 0 0 0 0 
1283 10 0 0 0 0 0 0 0 0 0 0 0 
1284 10 0 0 0 0 0 0 0 0 0 0 0 
1285 10 0 0 0 0 0 0 0 0 0 0 0 
1286 10 0 0 0 0 0 0 0 0 0 0 0 
1287 10 0 0 0 0 0 0 0 0 0 0 0 
1288 10 0 0 0 0 0 0 0 0 0 0 0 
1289 10 0 0 0 0 0 0 0 0 0 0 0 
1290 10 0 0 0 0 0 0 0 0 0 0 0 
1291 10 0 0 0 0 0 0 0 0 0 0 0 
1292 10 0 0 0 0 0 0 0 0 0 0 0 
1293 10 0 0 0 0 0 0 0 0 0 0 0 
1294 10 0 0 0 0 0 0 0 0 0 0 0 
1295 10 0 0 0 0 0 0 0 0 0 0 0 
1296 10 0 0 0 0 0 0 0 0 0 0 0 
1297 10 0 0 0 0 0 0 0 0 0 0 0 
1298 10 0 0 0 0 0 0 0 0 0 0 0 
1299 10 0 0 0 0 0 0 0 0 0 0 0 
1300 10 0 0 0 0 0 0 0 0 0 0 0 
1301 10 0 0 0 0 0 0 0 0 0 0 0 
1302 10 0 0 0 0 0 0 0 0 0 0 0 
1303 10 0 0 0 0 0 0 0 0 0 0 0 
1304 10 0 0 0 0 0 0 0 0 0 0 0 
1305 10 0 0 0 0 0 0 0 0 0 0 0 
1306 10 0 0 0 0 0 0 0 0 0 0 0 
1307 10 0 0 0 0 0 0 0 0 0 0 0 
1308 10 0 0 0 0 0 0 0 0 0 0 0 
1309 10 0 0 0 0 0 0 0 0 0 0 0 
1310 10 0 0 0 0 0 0 0 0 0 0 0 
1311 10 0 0 0 0 0 0 0 0 0 0 0 
1312 10 0 0 0 0 0 0 0 0 0 0 0 
1313 10 0 0 0 0 0 0 0 0 0 0 0 
1314 10 0 0 0 0 0 0 0 0 0 0 0 
1315 10 0 0 0 0 0 0 0 0 0 0 0 
1316 10 0 0 0 0 0 0 0 0 0 0 0 
1317 10 0 0 0 0 0 0 0 0 0 0 0 
1318 10 0 0 0 0 0 0 0 0 0 0 0 
1319 10 0 0 0 0 0 0 0 0 0 0 0 
1320 10 0 0 0 0 0 0 0 0 0 0 0 
1321 10 0 0 0 0 0 0 0 0 0 0 0 
1322 10 0 0 0 0 0 0 0 0 0 0 0 
1323 10 0 0 0 0 0 0 0 0 0 0 0 
1324 10 0 0 0 0 0 0 0 0 0 0 0 
1325 10 0 0 0 0 0 0 0 0 0 0 0 
1326 10 0 0 0 0 0 0 0 0 0 0 0 
1327 10 0 0 0 0 0 0 0 0 0 0 0 
1328 10 0 0 0 0 0 0 0 0 0 0 0 
1329 10 0 0 0 0 0 0 0 0 0 0 0 
1330 10 0 0 0 0 0 0 0 0 0 0 0 
1331 10 0 0 0 0 0 0 0 0 0 0 0 
1332 10 0 0 0 0 0 0 0 0 0 0 0 
1333 10 0 0 0 0 0 0 0 0 0 0 0 
1334 10 0 0 0 0 0 0 0 0 0 0 0 
1335 10 0 0 0 0 0 0 0 0 0 0 0 
1336 10 0 0 0 0 0 0 0 0 0 0 0 
1337 10 0 0 0 0 0 0 0 0 0 0 0 
1338 10 0 0 0 0 0 0 0 0 0 0 0 
1339 10 0 0 0 0 0 0 0 0 0 0 0 
1340 10 0 0 0 0 0 0 0 0 0 0 0 
1341 10 0 0 0 0 0 0 0 0 0 0 0 
1342 10 0 0 0 0 0 0 0 0 0 0 0 
1343 10 0 0 0 0 0 0 0 0 0 0 0 
1344 10 0 0 0 0 0 0 0 0 0 0 0 
1345 10 0 0 0 0 0 0 0 0 0 0 0 
1346 10 0 0 0 0 0 0 0 0 0 0 0 
1347 10 0 0 0 0 0 0 0 0 0 0 0 
1348 10 0 0 0 0 0 0 0 0 0 0 0 
1349 10 0 0 0 0 0 0 0 0 0 0 0 
1350 10 0 0 0 0 0 0 0 0 0 0 0 
1351 10 0 0 0 0 0 0 0 0 0 0 0 
1352 10 0 0 0 0 0 0 0 0 0 0 0 
1353 10 0 0 0 0 0 0 0 0 0 0 0 
1354 10 0 0 0 0 0 0 0 0 0 0 0 
1355 10 0 0 0 0 0 0 0 0 0 0 0 
1356 10 0 0 0 0 0 0 0 0 0 0 0 
1357 10 0 0 0 0 0 0 0 0 0 0 0 
1358 10 0 0 0 0 0 0 0 0 0 0 0 
1359 10 0 0 0 0 0 0 0 0 0 0 0 
1360 10 0 0 0 0 0 0 0 0 0 0 0 
1361 10 0 0 0 0 0 0 0 0 0 0 0 
1362 10 0 0 0 0 0 0 0 0 0 0 0 
1363 10 0 0 0 0 0 0 0 0 0 0 0 
1364 10 0 0 0 0 0 0 0 0 0 0 0 
1365 10 0 0 0 0 0 0 0 0 0 0 0 
1366 10 0 0 0 0 0 0 0 0 0 0 0 
1367 10 0 0 0 0 0 0 0 0 0 0 0 
1368 10 0 0 0 0 0 0 0 0 0 0 0 
1369 10 0 0 0 0 0 0 0 0 0 0 0 
1370 10 0 0 0 0 0 0 0 0 0 0 0 
1371 10 0 0 0 0 0 0 0 0 0 0 0 
1372 10 0 0 0 0 0 0 0 0 0 0 0 
1373 10 0 0 0 0 0 0 0 0 0 0 0 
1374 10 0 0 0 0 0 0 0 0 0 0 0 
1375 10 0 0 0 0 0 0 0 0 0 0 0 
1376 10 0 0 0 0 0 0 0 0 0 0 0 
1377 10 0 0 0 0 0 0 0 0 0 0 0 
1378 10 0 0 0 0 0 0 0 0 0 0 0 
1379 10 0 0 0 0 0 0 0 0 0 0 0 
1380 10 0 0 0 0 0 0 0 0 0 0 0 
1381 10 0 0 0 0 0 0 0 0 0 0 0 
1382 10 0 0 0 0 0 0 0 0 0 0 0 
1383 10 0 0 0 0 0 0 0 0 0 0 0 
1384 10 0 0 0 0 0 0 0 0 0 0 0 
1385 10 0 0 0 0 0 0 0 0 0 0 0 
1386 10 0 0 0 0 0 0 0 0 0 0 0 
1387 10 0 0 0 0 0 0 0 0 0 0 0 
1388 10 0 0 0 0 0 0 0 0 0 0 0 
1389 10 0 0 0 0 0 0 0 0 0 0 0 
1390 10 0 0 0 0 0 0 0 0 0 0 0 
1391 10 0 0 0 0 0 0 0 0 0 0 0 
1392 10 0 0 0 0 0 0 0 0 0 0 0 
1393 10 0 0 0 0 0 0 0 0 0 0 0 
1394 10 0 0 0 0 0 0 0 0 0 0 0 
1395 10 0 0 0 0 0 0 0 0 0 0 0 
1396 10 0 0 0 0 0 0 0 0 0 0 0 
1397 10 0 0 0 0 0 0 0 0 0 0 0 
1398 10 0 0 0 0 0 0 0 0 0 0 0 
1399 10 0 0 0 0 0 0 0 0 0 0 0 
1400 10 0 0 0 0 0 0 0 0 0 0 0 
1401 10 0 0 0 0 0 0 0 0 0 0 0 
1402 10 0 0 0 0 0 0 0 0 0 0 0 
1403 10 0 0 0 0 0 0 0 0 0 0 0 
1404 10 0 0 0 0 0 0 0 0 0 0 0 
1405 10 0 0 0 0 0 0 0 0 0 0 0 
1406 10 0 0 0 0 0 0 0 0 0 0 0 
1407 10 0 0 0 0 0 0 0 0 0 0 0 
1408 10 0 0 0 0 0 0 0 0 0 0 0 
1409 10 0 0 0 0 0 0 0 0 0 0 0 
1410 10 0 0 0 0 0 0 0 0 0 0 0 
1411 10 0 0 0 0 0 0 0 0 0 0 0 
1412 10 0 0 0 0 0 0 0 0 0 0 0 
1413 10 0 0 0 0 0 0 0 0 0 0 0 
1414 10 0 0 0 0 0 0 0 0 0 0 0 
1415 10 0 0 0 0 0 0 0 0 0 0 0 
1416 10 0 0 0 0 0 0 0 0 0 0 0 
1417 10 0 0 0 0 0 0 0 0 0 0 0 
1418 10 0 0 0 0 0 0 0 0 0 0 0 
1419 10 0 0 0 0 0 0 0 0 0 0 0 
1420 10 0 0 0 0 0 0 0 0 0 0 0 
1421 10 0 0 0 0 0 0 0 0 0 0 0 
1422 10 0 0 0 0 0 0 0 0 0 0 0 
1423 10 0 0 0 0 0 0 0 0 0 0 0 
1424 10 0 0 0 0 0 0 0 0 0 0 0 
1425 10 0 0 0 0 0 0 0 0 0 0 0 
1426 10 0 0 0 0 0 0 0 0 0 0 0 
1427 10 0 0 0 0 0 0 0 0 0 0 0 
1428 10 0 0 0 0 0 0 0 0 0 0 0 
1429 10 0 0 0 0 0 0 0 0 0 0 0 
1430 10 0 0 0 0 0 0 0 0 0 0 0 
1431 10 0 0 0 0 0 0 0 0 0 0 0 
1432 10 0 0 0 0 0 0 0 0 0 0 0 
1433 10 0 0 0 0 0 0 0 0 0 0 0 
1434 10 0 0 0 0 0 0 0 0 0 0 0 
1435 10 0 0 0 0 0 0 0 0 0 0 0 
1436 10 0 0 0 0 0 0 0 0 0 0 0 
1437 10 0 0 0 0 0 0 0 0 0 0 0 
1438 10 0 0 0 0 0 0 0 0 0 0 0 
1439 10 0 0 0 0 0 0 0 0 0 0 0 
1440 10 0 0 0 0 0 0 0 0 0 0 0 
1441 10 0 0 0 0 0 0 0 0 0 0 0 
1442 10 0 0 0 0 0 0 0 0 0 0 0 
1443 10 0 0 0 0 0 0 0 0 0 0 0 
1444 10 0 0 0 0 0 0 0 0 0 0 0 
1445 10 0 0 0 0 0 0 0 0 0 0 0 
1446 10 0 0 0 0 0 0 0 0 0 0 0 
1447 10 0 0 0 0 0 0 0 0 0 0 0 
1448 10 0 0 0 0 0 0 0 0 0 0 0 
1449 10 0 0 0 0 0 0 0 0 0 0 0 
1450 10 0 0 0 0 0 0 0 0 0 0 0 
1451 10 0 0 0 0 0 0 0 0 0 0 0 
1452 10 0 0 0 0 0 0 0 0 0 0 0 
1453 10 0 0 0 0 0 0 0 0 0 0 0 
1454 10 0 0 0 0 0 0 0 0 0 0 0 
1455 10 0 0 0 0 0 0 0 0 0 0 0 
1456 10 0 0 0 0 0 0 0 0 0 0 0 
1457 10 0 0 0 0 0 0 0 0 0 0 0 
1458 10 0 0 0 0 0 0 0 0 0 0 0 
1459 10 0 0 0 0 0 0 0 0 0 0 0 
1460 10 0 0 0 0 0 0 0 0 0 0 0 
1461 10 0 0 0 0 0 0 0 0 0 0 0 
1462 10 0 0 0 0 0 0 0 0 0 0 0 
1463 10 0 0 0 0 0 0 0 0 0 0 0 
1464 10 0 0 0 0 0 0 0 0 0 0 0 
1465 10 0 0 0 0 0 0 0 0 0 0 0 
1466 10 0 0 0 0 0 0 0 0 0 0 0 
1467 10 0 0 0 0 0 0 0 0 0 0 0 
1468 10 0 0 0 0 0 0 0 0 0 0 0 
1469 10 0 0 0 0 0 0 0 0 0 0 0 
1470 10 0 0 0 0 0 0 0 0 0 0 0 
1471 10 0 0 0 0 0 0 0 0 0 0 0 
1472 10 0 0 0 0 0 0 0 0 0 0 0 
1473 10 0 0 0 0 0 0 0 0 0 0 0 
1474 10 0 0 0 0 0 0 0 0 0 0 0 
1475 10 0 0 0 0 0 0 0 0 0 0 0 
1476 10 0 0 0 0 0 0 0 0 0 0 0 
1477 10 0 0 0 0 0 0 0 0 0 0 0 
1478 10 0 0 0 0 0 0 0 0 0 0 0 
1479 10 0 0 0 0 0 0 0 0 0 0 0 
1480 10 0 0 0 0 0 0 0 0 0 0 0 
1481 10 0 0 0 0 0 0 0 0 0 0 0 
1482 10 0 0 0 0 0 0 0 0 0 0 0 
1483 10 0 0 0 0 0 0 0 0 0 0 0 
1484 10 0 0 0 0 0 0 0 0 0 0 0 
1485 10 0 0 0 0 0 0 0 0 0 0 0 
1486 10 0 0 0 0 0 0 0 0 0 0 0 
1487 10 0 0 0 0 0 0 0 0 0 0 0 
1488 10 0 0 0 0 0 0 0 0 0 0 0 
1489 10 0 0 0 0 0 0 0 0 0 0 0 
1490 10 0 0 0 0 0 0 0 0 0 0 0 
1491 10 0 0 0 0 0 0 0 0 0 0 0 
1492 10 0 0 0 0 0 0 0 0 0 0 0 
1493 10 0 0 0 0 0 0 0 0 0 0 0 
1494 10 0 0 0 0 0 0 0 0 0 0 0 
1495 10 0 0 0 0 0 0 0 0 0 0 0 
1496 10 0 0 0 0 0 0 0 0 0 0 0 
1497 10 0 0 0 0 0 0 0 0 0 0 0 
1498 10 0 0 0 0 0 0 0 0 0 0 0 
1499 10 0 0 0 0 0 0 0 0 0 0 0 
1500 10 0 0 0 0 0 0 0 0 0 0 0 
1501 10 0 0 0 0 0 0 0 0 0 0 0 
1502 10 0 0 0 0 0 0 0 0 0 0 0 
1503 10 0 0 0 0 0 0 0 0 0 0 0 
1504 10 0 0 0 0 0 0 0 0 0 0 0 
1505 10 0 0 0 0 0 0 0 0 0 0 0 
1506 10 0 0 0 0 0 0 0 0 0 0 0 
1507 10 0 0 0 0 0 0 0 0 0 0 0 
1508 10 0 0 0 0 0 0 0 0 0 0 0 
1509 10 0 0 0 0 0 0 0 0 0 0 0 
1510 10 0 0 0 0 0 0 0 0 0 0 0 
1511 10 0 0 0 0 0 0 0 0 0 0 0 
1512 10 0 0 0 0 0 0 0 0 0 0 0 
1513 10 0 0 0 0 0 0 0 0 0 0 0 
1514 10 0 0 0 0 0 0 0 0 0 0 0 
1515 10 0 0 0 0 0 0 0 0 0 0 0 
1516 10 0 0 0 0 0 0 0 0 0 0 0 
1517 10 0 0 0 0 0 0 0 0 0 0 0 
1518 10 0 0 0 0 0 0 0 0 0 0 0 
1519 10 0 0 0 0 0 0 0 0 0 0 0 
1520 10 0 0 0 0 0 0 0 0 0 0 0 
1521 10 0 0 0 0 0 0 0 0 0 0 0 
1522 10 0 0 0 0 0 0 0 0 0 0 0 
1523 10 0 0 0 0 0 0 0 0 0 0 0 
1524 10 0 0 0 0 0 0 0 0 0 0 0 
1525 10 0 0 0 0 0 0 0 0 0 0 0 
1526 10 0 0 0 0 0 0 0 0 0 0 0 
1527 10 0 0 0 0 0 0 0 0 0 0 0 
1528 10 0 0 0 0 0 0 0 0 0 0 0 
1529 10 0 0 0 0 0 0 0 0 0 0 0 
1530 10 0 0 0 0 0 0 0 0 0 0 0 
1531 10 0 0 0 0 0 0 0 0 0 0 0 
1532 10 0 0 0 0 0 0 0 0 0 0 0 
1533 10 0 0 0 0 0 0 0 0 0 0 0 
1534 10 0 0 0 0 0 0 0 0 0 0 0 
1535 10 0 0 0 0 0 0 0 0 0 0 0 
1536 10 0 0 0 0 0 0 0 0 0 0 0 
1537 10 0 0 0 0 0 0 0 0 0 0 0 
1538 10 0 0 0 0 0 0 0 0 0 0 0 
1539 10 0 0 0 0 0 0 0 0 0 0 0 
1540 10 0 0 0 0 0 0 0 0 0 0 0 
1541 10 0 0 0 0 0 0 0 0 0 0 0 
1542 10 0 0 0 0 0 0 0 0 0 0 0 
1543 10 0 0 0 0 0 0 0 0 0 0 0 
1544 10 0 0 0 0 0 0 0 0 0 0 0 
1545 10 0 0 0 0 0 0 0 0 0 0 0 
1546 10 0 0 0 0 0 0 0 0 0 0 0 
1547 10 0 0 0 0 0 0 0 0 0 0 0 
1548 10 0 0 0 0 0 0 0 0 0 0 0 
1549 10 0 0 0 0 0 0 0 0 0 0 0 
1550 10 0 0 0 0 0 0 0 0 0 0 0 
1551 10 0 0 0 0 0 0 0 0 0 0 0 
1552 10 0 0 0 0 0 0 0 0 0 0 0 
1553 10 0 0 0 0 0 0 0 0 0 0 0 
1554 10 0 0 0 0 0 0 0 0 0 0 0 
1555 10 0 0 0 0 0 0 0 0 0 0 0 
1556 10 0 0 0 0 0 0 0 0 0 0 0 
1557 10 0 0 0 0 0 0 0 0 0 0 0 
1558 10 0 0 0 0 0 0 0 0 0 0 0 
1559 10 0 0 0 0 0 0 0 0 0 0 0 
1560 10 0 0 0 0 0 0 0 0 0 0 0 
1561 10 0 0 0 0 0 0 0 0 0 0 0 
1562 10 0 0 0 0 0 0 0 0 0 0 0 
1563 10 0 0 0 0 0 0 0 0 0 0 0 
1564 10 0 0 0 0 0 0 0 0 0 0 0 
1565 10 0 0 0 0 0 0 0 0 0 0 0 
1566 10 0 0 0 0 0 0 0 0 0 0 0 
1567 10 0 0 0 0 0 0 0 0 0 0 0 
1568 10 0 0 0 0 0 0 0 0 0 0 0 
1569 10 0 0 0 0 0 0 0 0 0 0 0 
1570 10 0 0 0 0 0 0 0 0 0 0 0 
1571 10 0 0 0 0 0 0 0 0 0 0 0 
1572 10 0 0 0 0 0 0 0 0 0 0 0 
1573 10 0 0 0 0 0 0 0 0 0 0 0 
1574 10 0 0 0 0 0 0 0 0 0 0 0 
1575 10 0 0 0 0 0 0 0 0 0 0 0 
1576 10 0 0 0 0 0 0 0 0 0 0 0 
1577 10 0 0 0 0 0 0 0 0 0 0 0 
1578 10 0 0 0 0 0 0 0 0 0 0 0 
1579 10 0 0 0 0 0 0 0 0 0 0 0 
1580 10 0 0 0 0 0 0 0 0 0 0 0 
1581 10 0 0 0 0 0 0 0 0 0 0 0 
1582 10 0 0 0 0 0 0 0 0 0 0 0 
1583 10 0 0 0 0 0 0 0 0 0 0 0 
1584 10 0 0 0 0 0 0 0 0 0 0 0 
1585 10 0 0 0 0 0 0 0 0 0 0 0 
1586 10 0 0 0 0 0 0 0 0 0 0 0 
1587 10 0 0 0 0 0 0 0 0 0 0 0 
1588 10 0 0 0 0 0 0 0 0 0 0 0 
1589 10 0 0 0 0 0 0 0 0 0 0 0 
1590 10 0 0 0 0 0 0 0 0 0 0 0 
1591 10 0 0 0 0 0 0 0 0 0 0 0 
1592 10 0 0 0 0 0 0 0 0 0 0 0 
1593 10 0 0 0 0 0 0 0 0 0 0 0 
1594 10 0 0 0 0 0 0 0 0 0 0 0 
1595 10 0 0 0 0 0 0 0 0 0 0 0 
1596 10 0 0 0 0 0 0 0 0 0 0 0 
1597 10 0 0 0 0 0 0 0 0 0 0 0 
1598 10 0 0 0 0 0 0 0 0 0 0 0 
1599 10 0 0 0 0 0 0 0 0 0 0 0 
1600 10 0 0 0 0 0 0 0 0 0 0 0 
1601 10 0 0 0 0 0 0 0 0 0 0 0 
1602 10 0 0 0 0 0 0 0 0 0 0 0 
1603 10 0 0 0 0 0 0 0 0 0 0 0 
1604 10 0 0 0 0 0 0 0 0 0 0 0 
1605 10 0 0 0 0 0 0 0 0 0 0 0 
1606 10 0 0 0 0 0 0 0 0 0 0 0 
1607 10 0 0 0 0 0 0 0 0 0 0 0 
1608 10 0 0 0 0 0 0 0 0 0 0 0 
1609 10 0 0 0 0 0 0 0 0 0 0 0 
1610 10 0 0 0 0 0 0 0 0 0 0 0 
1611 10 0 0 0 0 0 0 0 0 0 0 0 
1612 10 0 0 0 0 0 0 0 0 0 0 0 
1613 10 0 0 0 0 0 0 0 0 0 0 0 
1614 10 0 0 0 0 0 0 0 0 0 0 0 
1615 10 0 0 0 0 0 0 0 0 0 0 0 
1616 10 0 0 0 0 0 0 0 0 0 0 0 
1617 10 0 0 0 0 0 0 0 0 0 0 0 
1618 10 0 0 0 0 0 0 0 0 0 0 0 
1619 10 0 0 0 0 0 0 0 0 0 0 0 
1620 10 0 0 0 0 0 0 0 0 0 0 0 
1621 10 0 0 0 0 0 0 0 0 0 0 0 
1622 10 0 0 0 0 0 0 0 0 0 0 0 
1623 10 0 0 0 0 0 0 0 0 0 0 0 
1624 10 0 0 0 0 0 0 0 0 0 0 0 
1625 10 0 0 0 0 0 0 0 0 0 0 0 
1626 10 0 0 0 0 0 0 0 0 0 0 0 
1627 10 0 0 0 0 0 0 0 0 0 0 0 
1628 10 0 0 0 0 0 0 0 0 0 0 0 
1629 10 0 0 0 0 0 0 0 0 0 0 0 
1630 10 0 0 0 0 0 0 0 0 0 0 0 
1631 10 0 0 0 0 0 0 0 0 0 0 0 
1632 10 0 0 0 0 0 0 0 0 0 0 0 
1633 10 0 0 0 0 0 0 0 0 0 0 0 
1634 10 0 0 0 0 0 0 0 0 0 0 0 
1635 10 0 0 0 0 0 0 0 0 0 0 0 
1636 10 0 0 0 0 0 0 0 0 0 0 0 
1637 10 0 0 0 0 0 0 0 0 0 0 0 
1638 10 0 0 0 0 0 0 0 0 0 0 0 
1639 10 0 0 0 0 0 0 0 0 0 0 0 
1640 10 0 0 0 0 0 0 0 0 0 0 0 
1641 10 0 0 0 0 0 0 0 0 0 0 0 
1642 10 0 0 0 0 0 0 0 0 0 0 0 
1643 10 0 0 0 0 0 0 0 0 0 0 0 
1644 10 0 0 0 0 0 0 0 0 0 0 0 
1645 10 0 0 0 0 0 0 0 0 0 0 0 
1646 10 0 0 0 0 0 0 0 0 0 0 0 
1647 10 0 0 0 0 0 0 0 0 0 0 0 
1648 10 0 0 0 0 0 0 0 0 0 0 0 
1649 10 0 0 0 0 0 0 0 0 0 0 0 
1650 10 0 0 0 0 0 0 0 0 0 0 0 
1651 10 0 0 0 0 0 0 0 0 0 0 0 
1652 10 0 0 0 0 0 0 0 0 0 0 0 
1653 10 0 0 0 0 0 0 0 0 0 0 0 
1654 10 0 0 0 0 0 0 0 0 0 0 0 
1655 10 0 0 0 0 0 0 0 0 0 0 0 
1656 10 0 0 0 0 0 0 0 0 0 0 0 
1657 10 0 0 0 0 0 0 0 0 0 0 0 
1658 10 0 0 0 0 0 0 0 0 0 0 0 
1659 10 0 0 0 0 0 0 0 0 0 0 0 
1660 10 0 0 0 0 0 0 0 0 0 0 0 
1661 10 0 0 0 0 0 0 0 0 0 0 0 
1662 10 0 0 0 0 0 0 0 0 0 0 0 
1663 10 0 0 0 0 0 0 0 0 0 0 0 
1664 10 0 0 0 0 0 0 0 0 0 0 0 
1665 10 0 0 0 0 0 0 0 0 0 0 0 
1666 10 0 0 0 0 0 0 0 0 0 0 0 
1667 10 0 0 0 0 0 0 0 0 0 0 0 
1668 10 0 0 0 0 0 0 0 0 0 0 0 
1669 10 0 0 0 0 0 0 0 0 0 0 0 
1670 10 0 0 0 0 0 0 0 0 0 0 0 
1671 10 0 0 0 0 0 0 0 0 0 0 0 
1672 10 0 0 0 0 0 0 0 0 0 0 0 
1673 10 0 0 0 0 0 0 0 0 0 0 0 
1674 10 0 0 0 0 0 0 0 0 0 0 0 
1675 10 30 0 0 0 0 0 0 0 0 0 0 
1676 10 31 0 0 0 0 0 0 0 0 0 0 
1677 10 0 0 0 0 0 0 0 0 0 0 0 
1678 10 0 0 0 0 0 0 0 0 0 0 0 
1679 10 0 0 0 0 0 0 0 0 0 0 0 
1680 10 0 0 0 0 0 0 0 0 0 0 0 
1681 10 0 0 0 0 0 0 0 0 0 0 0 
1682 10 0 0 0 0 0 0 0 0 0 0 0 
1683 10 0 0 0 0 0 0 0 0 0 0 0 
1684 10 0 0 0 0 0 0 0 0 0 0 0 
1685 10 0 0 0 0 0 0 0 0 0 0 0 
1686 10 0 0 0 0 0 0 0 0 0 0 0 
1687 10 34 0 0 0 0 0 0 0 0 0 0 
1688 10 35 0 0 0 0 0 0 0 0 0 0 
1689 10 0 0 0 0 0 0 0 0 0 0 0 
1690 10 0 0 0 0 0 0 0 0 0 0 0 
1691 10 0 0 0 0 0 0 0 0 0 0 0 
1692 10 0 0 0 0 0 0 0 0 0 0 0 
1693 10 0 0 0 0 0 0 0 0 0 0 0 
1694 10 0 0 0 0 0 0 0 0 0 0 0 
1695 10 0 0 0 0 0 0 0 0 0 0 0 
1696 10 0 0 0 0 0 0 0 0 0 0 0 
1697 10 0 0 0 0 0 0 0 0 0 0 0 
1698 10 0 0 0 0 0 0 0 0 0 0 0 
1699 10 0 0 0 0 0 0 0 0 0 0 0 
1700 10 0 0 0 0 0 0 0 0 0 0 0 
1701 10 0 0 0 0 0 0 0 0 0 0 0 
1702 10 0 0 0 0 0 0 0 0 0 0 0 
1703 10 0 0 0 0 0 0 0 0 0 0 0 
1704 10 0 0 0 0 0 0 0 0 0 0 0 
1705 10 0 0 0 0 0 0 0 0 0 0 0 
1706 10 0 0 0 0 0 0 0 0 0 0 0 
1707 10 0 0 0 0 0 0 0 0 0 0 0 
1708 10 0 0 0 0 0 0 0 0 0 0 0 
1709 10 0 0 0 0 0 0 0 0 0 0 0 
1710 10 0 0 0 0 0 0 0 0 0 0 0 
1711 10 0 0 0 0 0 0 0 0 0 0 0 
1712 10 0 0 0 0 0 0 0 0 0 0 0 
1713 10 0 0 0 0 0 0 0 0 0 0 0 
1714 10 0 0 0 0 0 0 0 0 0 0 0 
1715 10 0 0 0 0 0 0 0 0 0 0 0 
1716 10 0 0 0 0 0 0 0 0 0 0 0 
1717 10 0 0 0 0 0 0 0 0 0 0 0 
1718 10 0 0 0 0 0 0 0 0 0 0 0 
1719 10 0 0 0 0 0 0 0 0 0 0 0 
1720 10 0 0 0 0 0 0 0 0 0 0 0 
1721 10 0 0 0 0 0 0 0 0 0 0 0 
1722 10 0 0 0 0 0 0 0 0 0 0 0 
1723 10 0 0 0 0 0 0 0 0 0 0 0 
1724 10 0 0 0 0 0 0 0 0 0 0 0 
1725 10 0 0 0 0 0 0 0 0 0 0 0 
1726 10 0 0 0 0 0 0 0 0 0 0 0 
1727 10 0 0 0 0 0 0 0 0 0 0 0 
1728 10 0 0 0 0 0 0 0 0 0 0 0 
1729 10 0 0 0 0 0 0 0 0 0 0 0 
1730 10 0 0 0 0 0 0 0 0 0 0 0 
1731 10 0 0 0 0 0 0 0 0 0 0 0 
1732 10 0 0 0 0 0 0 0 0 0 0 0 
1733 10 0 0 0 0 0 0 0 0 0 0 0 
1734 10 0 0 0 0 0 0 0 0 0 0 0 
1735 10 0 0 0 0 0 0 0 0 0 0 0 
1736 10 0 0 0 0 0 0 0 0 0 0 0 
1737 10 0 0 0 0 0 0 0 0 0 0 0 
1738 10 0 0 0 0 0 0 0 0 0 0 0 
1739 10 0 0 0 0 0 0 0 0 0 0 0 
1740 10 0 0 0 0 0 0 0 0 0 0 0 
1741 10 0 0 0 0 0 0 0 0 0 0 0 
1742 10 0 0 0 0 0 0 0 0 0 0 0 
1743 10 0 0 0 0 0 0 0 0 0 0 0 
1744 10 0 0 0 0 0 0 0 0 0 0 0 
1745 10 0 0 0 0 0 0 0 0 0 0 0 
1746 10 0 0 0 0 0 0 0 0 0 0 0 
1747 10 0 0 0 0 0 0 0 0 0 0 0 
1748 10 0 0 0 0 0 0 0 0 0 0 0 
1749 10 0 0 0 0 0 0 0 0 0 0 0 
1750 10 0 0 0 0 0 0 0 0 0 0 0 
1751 10 0 0 0 0 0 0 0 0 0 0 0 
1752 10 0 0 0 0 0 0 0 0 0 0 0 
1753 10 0 0 0 0 0 0 0 0 0 0 0 
1754 10 0 0 0 0 0 0 0 0 0 0 0 
1755 10 0 0 0 0 0 0 0 0 0 0 0 
1756 10 0 0 0 0 0 0 0 0 0 0 0 
1757 10 0 0 0 0 0 0 0 0 0 0 0 
1758 10 0 0 0 0 0 0 0 0 0 0 0 
1759 10 0 0 0 0 0 0 0 0 0 0 0 
1760 10 0 0 0 0 0 0 0 0 0 0 0 
1761 10 0 0 0 0 0 0 0 0 0 0 0 
1762 10 0 0 0 0 0 0 0 0 0 0 0 
1763 10 0 0 0 0 0 0 0 0 0 0 0 
1764 10 0 0 0 0 0 0 0 0 0 0 0 
1765 10 0 0 0 0 0 0 0 0 0 0 0 
1766 10 0 0 0 0 0 0 0 0 0 0 0 
1767 10 0 0 0 0 0 0 0 0 0 0 0 
1768 10 0 0 0 0 0 0 0 0 0 0 0 
1769 10 0 0 0 0 0 0 0 0 0 0 0 
1770 10 0 0 0 0 0 0 0 0 0 0 0 
1771 10 0 0 0 0 0 0 0 0 0 0 0 
1772 10 0 0 0 0 0 0 0 0 0 0 0 
1773 10 0 0 0 0 0 0 0 0 0 0 0 
1774 10 0 0 0 0 0 0 0 0 0 0 0 
1775 10 0 0 0 0 0 0 0 0 0 0 0 
1776 10 0 0 0 0 0 0 0 0 0 0 0 
1777 10 0 0 0 0 0 0 0 0 0 0 0 
1778 10 0 0 0 0 0 0 0 0 0 0 0 
1779 10 0 0 0 0 0 0 0 0 0 0 0 
1780 10 0 0 0 0 0 0 0 0 0 0 0 
1781 10 0 0 0 0 0 0 0 0 0 0 0 
1782 10 0 0 0 0 0 0 0 0 0 0 0 
1783 10 0 0 0 0 0 0 0 0 0 0 0 
1784 10 0 0 0 0 0 0 0 0 0 0 0 
1785 10 0 0 0 0 0 0 0 0 0 0 0 
1786 10 0 0 0 0 0 0 0 0 0 0 0 
1787 10 0 0 0 0 0 0 0 0 0 0 0 
1788 10 0 0 0 0 0 0 0 0 0 0 0 
1789 10 0 0 0 0 0 0 0 0 0 0 0 
1790 10 0 0 0 0 0 0 0 0 0 0 0 
1791 10 0 0 0 0 0 0 0 0 0 0 0 
1792 10 0 0 0 0 0 0 0 0 0 0 0 
1793 10 0 0 0 0 0 0 0 0 0 0 0 
1794 10 0 0 0 0 0 0 0 0 0 0 0 
1795 10 0 0 0 0 0 0 0 0 0 0 0 
1796 10 0 0 0 0 0 0 0 0 0 0 0 
1797 10 0 0 0 0 0 0 0 0 0 0 0 
1798 10 0 0 0 0 0 0 0 0 0 0 0 
1799 10 0 0 0 0 0 0 0 0 0 0 0 
1800 10 0 0 0 0 0 0 0 0 0 0 0 
1801 10 0 0 0 0 0 0 0 0 0 0 0 
1802 10 0 0 0 0 0 0 0 0 0 0 0 
1803 10 0 0 0 0 0 0 0 0 0 0 0 
1804 10 0 0 0 0 0 0 0 0 0 0 0 
1805 10 0 0 0 0 0 0 0 0 0 0 0 
1806 10 0 0 0 0 0 0 0 0 0 0 0 
1807 10 0 0 0 0 0 0 0 0 0 0 0 
1808 10 0 0 0 0 0 0 0 0 0 0 0 
1809 10 0 0 0 0 0 0 0 0 0 0 0 
1810 10 0 0 0 0 0 0 0 0 0 0 0 
1811 10 0 0 0 0 0 0 0 0 0 0 0 
1812 10 0 0 0 0 0 0 0 0 0 0 0 
1813 10 0 0 0 0 0 0 0 0 0 0 0 
1814 10 0 0 0 0 0 0 0 0 0 0 0 
1815 10 0 0 0 0 0 0 0 0 0 0 0 
1816 10 0 0 0 0 0 0 0 0 0 0 0 
1817 10 0 0 0 0 0 0 0 0 0 0 0 
1818 10 0 0 0 0 0 0 0 0 0 0 0 
1819 10 0 0 0 0 0 0 0 0 0 0 0 
1820 10 0 0 0 0 0 0 0 0 0 0 0 
1821 10 0 0 0 0 0 0 0 0 0 0 0 
1822 10 0 0 0 0 0 0 0 0 0 0 0 
1823 10 0 0 0 0 0 0 0 0 0 0 0 
1824 10 0 0 0 0 0 0 0 0 0 0 0 
1825 10 0 0 0 0 0 0 0 0 0 0 0 
1826 10 0 0 0 0 0 0 0 0 0 0 0 
1827 10 0 0 0 0 0 0 0 0 0 0 0 
1828 10 0 0 0 0 0 0 0 0 0 0 0 
1829 10 0 0 0 0 0 0 0 0 0 0 0 
1830 10 0 0 0 0 0 0 0 0 0 0 0 
1831 10 0 0 0 0 0 0 0 0 0 0 0 
1832 10 0 0 0 0 0 0 0 0 0 0 0 
1833 10 0 0 0 0 0 0 0 0 0 0 0 
1834 10 0 0 0 0 0 0 0 0 0 0 0 
1835 10 0 0 0 0 0 0 0 0 0 0 0 
1836 10 0 0 0 0 0 0 0 0 0 0 0 
1837 10 0 0 0 0 0 0 0 0 0 0 0 
1838 10 0 0 0 0 0 0 0 0 0 0 0 
1839 10 0 0 0 0 0 0 0 0 0 0 0 
1840 10 0 0 0 0 0 0 0 0 0 0 0 
1841 10 0 0 0 0 0 0 0 0 0 0 0 
1842 10 0 0 0 0 0 0 0 0 0 0 0 
1843 10 0 0 0 0 0 0 0 0 0 0 0 
1844 10 0 0 0 0 0 0 0 0 0 0 0 
1845 10 0 0 0 0 0 0 0 0 0 0 0 
1846 10 0 0 0 0 0 0 0 0 0 0 0 
1847 10 0 0 0 0 0 0 0 0 0 0 0 
1848 10 0 0 0 0 0 0 0 0 0 0 0 
1849 10 0 0 0 0 0 0 0 0 0 0 0 
1850 10 0 0 0 0 0 0 0 0 0 0 0 
1851 10 0 0 0 0 0 0 0 0 0 0 0 
1852 10 0 0 0 0 0 0 0 0 0 0 0 
1853 10 0 0 0 0 0 0 0 0 0 0 0 
1854 10 0 0 0 0 0 0 0 0 0 0 0 
1855 10 0 0 0 0 0 0 0 0 0 0 0 
1856 10 0 0 0 0 0 0 0 0 0 0 0 
1857 10 0 0 0 0 0 0 0 0 0 0 0 
1858 10 0 0 0 0 0 0 0 0 0 0 0 
1859 10 0 0 0 0 0 0 0 0 0 0 0 
1860 10 0 0 0 0 0 0 0 0 0 0 0 
1861 10 0 0 0 0 0 0 0 0 0 0 0 
1862 10 0 0 0 0 0 0 0 0 0 0 0 
1863 10 0 0 0 0 0 0 0 0 0 0 0 
1864 10 0 0 0 0 0 0 0 0 0 0 0 
1865 10 0 0 0 0 0 0 0 0 0 0 0 
1866 10 0 0 0 0 0 0 0 0 0 0 0 
1867 10 0 0 0 0 0 0 0 0 0 0 0 
1868 10 0 0 0 0 0 0 0 0 0 0 0 
1869 10 0 0 0 0 0 0 0 0 0 0 0 
1870 10 0 0 0 0 0 0 0 0 0 0 0 
1871 10 54 0 0 0 0 0 0 0 0 0 0 
1872 10 55 0 0 0 0 0 0 0 0 0 0 
1873 10 56 0 0 0 0 0 0 0 0 0 0 
1874 10 57 0 0 0 0 0 0 0 0 0 0 
1875 10 58 0 0 0 0 0 0 0 0 0 0 
1876 10 59 0 0 0 0 0 0 0 0 0 0 
1877 10 0 0 0 0 0 0 0 0 0 0 0 
1878 10 0 0 0 0 0 0 0 0 0 0 0 
1879 10 0 0 0 0 0 0 0 0 0 0 0 
1880 10 0 0 0 0 0 0 0 0 0 0 0 
1881 10 62 0 0 0 0 0 0 0 0 0 0 
1882 10 63 0 0 0 0 0 0 0 0 0 0 
1883 10 64 0 0 0 0 0 0 0 0 0 0 
1884 10 65 0 0 0 0 0 0 0 0 0 0 
1885 10 66 0 0 0 0 0 0 0 0 0 0 
1886 10 67 0 0 0 0 0 0 0 0 0 0 
1887 10 68 0 0 0 0 0 0 0 0 0 0 
1888 10 69 0 0 0 0 0 0 0 0 0 0 
1889 10 0 0 0 0 0 0 0 0 0 0 0 
1890 10 0 0 0 0 0 0 0 0 0 0 0 
1891 10 0 0 0 0 0 0 0 0 0 0 0 
1892 10 0 0 0 0 0 0 0 0 0 0 0 
1893 10 0 0 0 0 0 0 0 0 0 0 0 
1894 10 0 0 0 0 0 0 0 0 0 0 0 
1895 10 72 0 0 0 0 0 0 0 0 0 0 
1896 10 73 0 0 0 0 0 0 0 0 0 0 
1897 10 0 0 0 0 0 0 0 0 0 0 0 
1898 10 0 0 0 0 0 0 0 0 0 0 0 
1899 10 75 0 0 0 0 0 0 0 0 0 0 
1900 10 76 0 0 0 0 0 0 0 0 0 0 
1901 10 77 0 0 0 0 0 0 0 0 0 0 
1902 10 78 0 0 0 0 0 0 0 0 0 0 
1903 10 79 0 0 0 0 0 0 0 0 0 0 
1904 10 80 0 0 0 0 0 0 0 0 0 0 
1905 10 0 0 0 0 0 0 0 0 0 0 0 
1906 10 0 0 0 0 0 0 0 0 0 0 0 
1907 10 0 0 0 0 0 0 0 0 0 0 0 
1908 10 0 0 0 0 0 0 0 0 0 0 0 
1909 10 83 0 0 0 0 0 0 0 0 0 0 
1910 10 84 0 0 0 0 0 0 0 0 0 0 
1911 10 85 0 0 0 0 0 0 0 0 0 0 
1912 10 86 0 0 0 0 0 0 0 0 0 0 
1913 10 87 0 0 0 0 0 0 0 0 0 0 
1914 10 88 0 0 0 0 0 0 0 0 0 0 
1915 10 89 0 0 0 0 0 0 0 0 0 0 
1916 10 90 0 0 0 0 0 0 0 0 0 0 
1917 10 91 0 0 0 0 0 0 0 0 0 0 
1918 10 92 0 0 0 0 0 0 0 0 0 0 
1919 10 0 0 0 0 0 0 0 0 0 0 0 
1920 10 0 0 0 0 0 0 0 0 0 0 0 
1921 10 0 0 0 0 0 0 0 0 0 0 0 
1922 10 0 0 0 0 0 0 0 0 0 0 0 
1923 10 0 0 0 0 0 0 0 0 0 0 0 
1924 10 0 0 0 0 0 0 0 0 0 0 0 
1925 10 0 0 0 0 0 0 0 0 0 0 0 
1926 10 0 0 0 0 0 0 0 0 0 0 0 
1927 10 0 0 0 0 0 0 0 0 0 0 0 
1928 10 0 0 0 0 0 0 0 0 0 0 0 
1929 10 0 0 0 0 0 0 0 0 0 0 0 
1930 10 0 0 0 0 0 0 0 0 0 0 0 
1931 10 0 0 0 0 0 0 0 0 0 0 0 
1932 10 0 0 0 0 0 0 0 0 0 0 0 
1933 10 0 0 0 0 0 0 0 0 0 0 0 
1934 10 0 0 0 0 0 0 0 0 0 0 0 
1935 10 0 0 0 0 0 0 0 0 0 0 0 
1936 10 0 0 0 0 0 0 0 0 0 0 0 
1937 10 98 0 0 0 0 0 0 0 0 0 0 
1938 10 99 0 0 0 0 0 0 0 0 0 0 
1939 10 100 0 0 0 0 0 0 0 0 0 0 
1940 10 101 0 0 0 0 0 0 0 0 0 0 
1941 10 102 0 0 0 0 0 0 0 0 0 0 
1942 10 103 0 0 0 0 0 0 0 0 0 0 
1943 10 0 0 0 0 0 0 0 0 0 0 0 
1944 10 0 0 0 0 0 0 0 0 0 0 0 
1945 10 0 0 0 0 0 0 0 0 0 0 0 
1946 10 0 0 0 0 0 0 0 0 0 0 0 
1947 10 0 0 0 0 0 0 0 0 0 0 0 
1948 10 0 0 0 0 0 0 0 0 0 0 0 
1949 10 0 0 0 0 0 0 0 0 0 0 0 
1950 10 0 0 0 0 0 0 0 0 0 0 0 
1951 10 0 0 0 0 0 0 0 0 0 0 0 
1952 10 0 0 0 0 0 0 0 0 0 0 0 
1953 10 0 0 0 0 0 0 0 0 0 0 0 
1954 10 0 0 0 0 0 0 0 0 0 0 0 
1955 10 0 0 0 0 0 0 0 0 0 0 0 
1956 10 0 0 0 0 0 0 0 0 0 0 0 
1957 10 0 0 0 0 0 0 0 0 0 0 0 
1958 10 0 0 0 0 0 0 0 0 0 0 0 
1959 10 0 0 0 0 0 0 0 0 0 0 0 
1960 10 0 0 0 0 0 0 0 0 0 0 0 
1961 10 0 0 0 0 0 0 0 0 0 0 0 
1962 10 0 0 0 0 0 0 0 0 0 0 0 
1963 10 0 0 0 0 0 0 0 0 0 0 0 
1964 10 0 0 0 0 0 0 0 0 0 0 0 
1965 10 0 0 0 0 0 0 0 0 0 0 0 
1966 10 0 0 0 0 0 0 0 0 0 0 0 
1967 10 0 0 0 0 0 0 0 0 0 0 0 
1968 10 0 0 0 0 0 0 0 0 0 0 0 
1969 10 0 0 0 0 0 0 0 0 0 0 0 
1970 10 0 0 0 0 0 0 0 0 0 0 0 
1971 10 0 0 0 0 0 0 0 0 0 0 0 
1972 10 0 0 0 0 0 0 0 0 0 0 0 
1973 10 0 0 0 0 0 0 0 0 0 0 0 
1974 10 0 0 0 0 0 0 0 0 0 0 0 
1975 10 0 0 0 0 0 0 0 0 0 0 0 
1976 10 0 0 0 0 0 0 0 0 0 0 0 
1977 10 0 0 0 0 0 0 0 0 0 0 0 
1978 10 0 0 0 0 0 0 0 0 0 0 0 
1979 10 0 0 0 0 0 0 0 0 0 0 0 
1980 10 0 0 0 0 0 0 0 0 0 0 0 
1981 10 0 0 0 0 0 0 0 0 0 0 0 
1982 10 0 0 0 0 0 0 0 0 0 0 0 
1983 10 0 0 0 0 0 0 0 0 0 0 0 
1984 10 0 0 0 0 0 0 0 0 0 0 0 
1985 10 0 0 0 0 0 0 0 0 0 0 0 
1986 10 0 0 0 0 0 0 0 0 0 0 0 
1987 10 0 0 0 0 0 0 0 0 0 0 0 
1988 10 0 0 0 0 0 0 0 0 0 0 0 
1989 10 0 0 0 0 0 0 0 0 0 0 0 
1990 10 0 0 0 0 0 0 0 0 0 0 0 
1991 10 0 0 0 0 0 0 0 0 0 0 0 
1992 10 0 0 0 0 0 0 0 0 0 0 0 
1993 10 0 0 0 0 0 0 0 0 0 0 0 
1994 10 0 0 0 0 0 0 0 0 0 0 0 
1995 10 0 0 0 0 0 0 0 0 0 0 0 
1996 10 0 0 0 0 0 0 0 0 0 0 0 
1997 10 0 0 0 0 0 0 0 0 0 0 0 
1998 10 0 0 0 0 0 0 0 0 0 0 0 
1999 10 0 0 0 0 0 0 0 0 0 0 0 
2000 10 0 0 0 0 0 0 0 0 0 0 0 
2001 10 0 0 0 0 0 0 0 0 0 0 0 
2002 10 0 0 0 0 0 0 0 0 0 0 0 
2003 10 0 0 0 0 0 0 0 0 0 0 0 
2004 10 0 0 0 0 0 0 0 0 0 0 0 
2005 10 0 0 0 0 0 0 0 0 0 0 0 
2006 10 0 0 0 0 0 0 0 0 0 0 0 
2007 10 0 0 0 0 0 0 0 0 0 0 0 
2008 10 0 0 0 0 0 0 0 0 0 0 0 
2009 10 0 0 0 0 0 0 0 0 0 0 0 
2010 10 0 0 0 0 0 0 0 0 0 0 0 
2011 10 0 0 0 0 0 0 0 0 0 0 0 
2012 10 0 0 0 0 0 0 0 0 0 0 0 
2013 10 0 0 0 0 0 0 0 0 0 0 0 
2014 10 0 0 0 0 0 0 0 0 0 0 0 
2015 10 0 0 0 0 0 0 0 0 0 0 0 
2016 10 0 0 0 0 0 0 0 0 0 0 0 
2017 10 0 0 0 0 0 0 0 0 0 0 0 
2018 10 0 0 0 0 0 0 0 0 0 0 0 
2019 10 0 0 0 0 0 0 0 0 0 0 0 
2020 10 0 0 0 0 0 0 0 0 0 0 0 
2021 10 0 0 0 0 0 0 0 0 0 0 0 
2022 10 0 0 0 0 0 0 0 0 0 0 0 
2023 10 0 0 0 0 0 0 0 0 0 0 0 
2024 10 0 0 0 0 0 0 0 0 0 0 0 
2025 10 0 0 0 0 0 0 0 0 0 0 0 
2026 10 0 0 0 0 0 0 0 0 0 0 0 
2027 10 0 0 0 0 0 0 0 0 0 0 0 
2028 10 0 0 0 0 0 0 0 0 0 0 0 
2029 10 0 0 0 0 0 0 0 0 0 0 0 
2030 10 0 0 0 0 0 0 0 0 0 0 0 
2031 10 0 0 0 0 0 0 0 0 0 0 0 
2032 10 0 0 0 0 0 0 0 0 0 0 0 
2033 10 0 0 0 0 0 0 0 0 0 0 0 
2034 10 0 0 0 0 0 0 0 0 0 0 0 
2035 10 0 0 0 0 0 0 0 0 0 0 0 
2036 10 0 0 0 0 0 0 0 0 0 0 0 
2037 10 0 0 0 0 0 0 0 0 0 0 0 
2038 10 0 0 0 0 0 0 0 0 0 0 0 
2039 10 0 0 0 0 0 0 0 0 0 0 0 
2040 10 0 0 0 0 0 0 0 0 0 0 0 
2041 10 0 0 0 0 0 0 0 0 0 0 0 
2042 10 0 0 0 0 0 0 0 0 0 0 0 
2043 10 0 0 0 0 0 0 0 0 0 0 0 
2044 10 0 0 0 0 0 0 0 0 0 0 0 
2045 10 0 0 0 0 0 0 0 0 0 0 0 
2046 10 0 0 0 0 0 0 0 0 0 0 0 

0 11 2 7 0.946809 4 -7 21 -7 34 -4 32 -6 38 10 0.833333 2 -8 29 -14 36 
1 11 2 7 0.217604 1 -5 -5 10 0.996885 32 -9 33 -15 21 -9 15 -4 30 -12 23 -15 28 -5 -15 -5 -17 -4 -18 0 -14 -10 -30 -10 -31 -12 5 -12 -14 -10 -22 0 -23 0 -2 -12 20 -14 -1 -8 -6 -2 4 -17 7 -13 -32 -13 -33 -16 -31 -17 16 -14 -9 -9 28 -12 37 -9 32 -17 16 -16 -3 
2 11 2 7 0.978022 5 0 40 -6 9 0 40 -7 43 -7 19 10 0.666667 1 -3 6 
3 11 2 7 0.989889 11 6 -3 6 43 6 43 5 36 5 44 8 31 7 40 7 39 4 29 5 34 5 41 10 0.476191 1 -2 -7 
4 11 2 7 0.406393 1 7 -13 10 0.992366 13 -10 30 -17 2 -11 29 -14 -1 -13 -2 -17 -10 -14 -10 -13 12 -15 36 -15 12 -12 -8 -17 17 -16 12 
5 11 2 7 0.89899 1 -7 15 10 0.909091 1 -9 1 
6 11 2 7 0.998524 76 -5 36 1 -9 5 -3 6 -9 -7 -6 2 4 2 14 2 -7 3 -6 -1 9 1 -5 0 -15 -1 18 -7 28 -3 18 -7 -14 -2 4 -4 3 -3 -7 -3 -30 3 5 8 -7 6 -4 -6 3 0 13 -6 -26 -1 38 -6 16 1 -30 -7 -10 4 -19 -2 45 -2 11 3 -18 -4 10 -3 8 -5 8 0 -15 -6 -18 -2 26 -1 -4 2 -31 2 -32 0 33 -7 14 -6 -13 -6 -22 -4 20 -2 19 8 -4 0 -10 0 1 -6 9 8 -11 3 -18 0 25 0 4 3 -21 -4 -11 -1 2 0 5 -6 -19 1 -3 0 -2 -1 -20 4 -4 -6 7 1 -9 -5 -24 -2 35 -2 6 -2 -20 -7 2 -7 8 0 3 -6 -22 10 0.116279 1 -8 -12 
7 11 2 8 0.994919 22 -15 -8 -8 -6 -8 -9 -12 -11 -15 -13 -17 -12 -17 -7 -12 -4 -16 -4 -6 -4 -12 -3 -9 -10 -13 -3 -12 -11 -7 -8 -7 -11 -13 4 -13 3 -9 2 -16 -4 -15 8 -17 6 9 0.3125 1 -28 -72 
8 11 3 2 0.917526 5 -5 21 5 -15 0 -2 5 -12 1 -13 5 0.833333 3 -24 22 -3 20 -1 19 8 0.526627 1 -16 -2 
9 11 2 2 0.981618 6 2 0 -2 17 1 15 -4 20 4 23 1 -16 8 0.597315 1 -8 -1 
10 11 6 1 0.625293 3 -6 -32 -1 18 -1 20 2 0.330855 1 7 18 3 0.330855 1 -5 6 7 0.760684 5 5 37 2 35 7 4 -2 -39 0 -37 9 0.652174 3 -32 -15 -26 8 -30 10 10 0.821918 6 -3 -32 -7 -36 -9 -36 -15 -31 0 -31 -8 -19 
11 11 2 1 0.234828 1 -13 -39 2 0.99614 29 3 6 6 10 7 20 5 9 -4 -4 -6 -17 4 23 -1 16 -4 2 -4 -7 -5 10 0 27 2 26 2 26 7 27 -5 9 4 24 -3 -16 -1 -6 -4 27 1 26 -6 16 -5 20 4 -5 -1 -7 7 25 7 26 -5 3 1 -18 
12 11 4 0 0.640288 1 -9 29 1 0.816514 2 -9 10 -10 -12 2 0.816514 2 -5 27 0 9 9 0.666667 1 -29 -90 
13 11 3 2 0.526627 1 0 -1 8 0.968896 7 -15 -13 -10 -8 -17 -12 -8 -13 -10 -10 -15 -10 -16 -1 9 0.555556 1 -24 -11 
14 11 2 1 0.89899 1 -13 -69 2 0.89899 1 5 4 
15 11 2 2 0.999041 117 -5 1 -3 4 -2 10 -1 -18 -5 -20 -5 -18 5 22 5 -19 -5 -23 -3 11 7 17 -1 11 1 -2 4 -11 6 18 6 -14 1 -1 -6 2 -5 -11 2 -4 -5 -15 -5 21 -4 22 1 -11 -2 -21 -6 -2 -5 13 -4 14 3 -11 -6 14 -6 -1 4 2 -3 13 -3 11 -3 -5 -5 15 -6 27 0 -5 -4 4 -3 18 -6 27 -6 -4 -5 -8 4 -21 6 -11 -3 -17 -6 5 -4 -7 -5 5 -6 14 -6 -2 -2 7 -2 10 -5 -19 -3 4 -3 15 -6 -14 0 -17 -5 -19 -1 -8 -2 22 -2 14 -4 -14 -2 18 -3 9 -2 19 -1 17 -1 21 -3 -15 -1 18 -1 -16 -1 -22 0 8 0 1 -1 11 -6 8 0 19 -6 24 -5 6 0 -21 3 10 0 14 -4 19 -5 -15 -2 1 -3 23 3 1 -3 24 6 -7 2 26 -2 7 3 -14 -2 23 5 -3 2 17 -2 24 -1 5 -4 11 3 14 -1 -2 2 -10 0 1 -2 -6 1 -17 -1 -21 4 25 0 -18 2 10 2 14 5 25 7 14 6 22 5 -4 6 19 7 12 -6 16 -5 -20 9 0.0787402 1 -32 -28 
16 11 4 2 0.963899 12 -5 -26 -6 25 -1 -23 -1 -24 -3 -4 5 -21 -1 -25 -4 -25 3 -22 6 -25 -2 19 1 -5 7 0.559748 2 5 -34 -3 -37 8 0.372385 1 -8 -9 9 0.4 1 -27 -136 
17 11 4 2 0.708223 3 -4 21 -4 22 -3 19 5 0.909091 7 -17 4 4 14 -25 1 -14 -3 -3 5 -16 3 -25 5 8 0.597315 2 -6 -7 -16 -11 10 0.625 2 -16 -25 -12 -29 
18 11 6 2 0.708223 3 -6 -27 6 -23 6 -23 5 0.434783 1 2 12 7 0.708223 3 -1 -40 -7 -40 -5 -24 8 0.406393 1 -15 -10 9 0.434783 1 -32 -131 10 0.847458 5 -17 -34 -9 -37 -13 -31 -10 -35 -9 -37 
19 11 4 2 0.372385 1 6 -25 4 0.612903 1 21 -19 7 0.974726 13 -2 -27 0 -29 -2 -42 0 -23 0 -26 4 -14 -2 -42 -3 -43 0 -18 5 -37 -2 -40 4 -38 -1 -39 8 0.372385 1 -15 -8 
20 11 2 6 0.694656 1 1 23 7 0.978022 5 5 32 6 44 4 40 3 25 6 37 
21 11 9 0 0.511494 2 1 -46 4 -47 1 0.330855 1 2 -31 3 0.625293 3 1 -29 6 -28 5 -20 4 0.568862 1 -40 -9 6 0.680798 3 1 34 -3 23 -4 27 7 0.511494 2 7 45 1 21 8 0.625293 3 12 -6 15 0 10 -4 9 0.540541 2 16 -112 -29 -144 10 0.540541 2 14 -29 -4 33 
22 11 3 1 0.526627 1 6 -18 3 0.968896 7 5 24 4 -22 5 -30 5 -25 6 25 5 -18 6 29 7 0.526627 1 2 37 
23 11 4 4 0.664336 1 0 -22 6 0.974304 10 -1 -15 -2 36 1 24 2 13 3 -26 2 30 1 -24 -3 -27 0 -23 2 -31 7 0.425837 1 2 -25 10 0.454545 1 5 -20 
24 11 8 1 0.406393 1 -11 -41 2 0.406393 1 3 -25 3 0.708223 3 -3 -26 1 -10 -2 25 4 0.646258 1 -42 -16 6 0.863378 5 -2 -5 -1 -16 -2 -30 -1 -30 1 28 7 0.406393 1 6 -25 9 0.434783 1 -14 -46 10 0.434783 1 14 -27 
25 11 6 1 0.447236 1 -16 -59 3 0.640288 2 -2 -28 0 -23 6 0.850467 4 -10 10 2 26 -2 -21 -1 -20 7 0.447236 1 1 -33 8 0.640288 2 -3 4 -3 7 10 0.666667 2 13 -23 9 35 
26 11 6 3 0.330855 1 1 -12 4 0.568862 1 -45 -28 6 0.572327 2 -1 24 -1 -19 7 0.86618 8 6 -25 3 -25 0 -10 8 24 4 -5 -7 12 2 -21 -1 3 9 0.652174 3 13 -137 -15 -77 -13 -122 10 0.727273 4 12 26 11 37 16 25 11 -23 
27 11 3 6 0.974304 10 0 8 -1 -6 -4 -4 0 1 -2 6 -4 -10 -1 2 1 -2 0 -2 0 -3 7 0.618056 2 6 2 7 -4 10 0.454545 1 13 -6 
28 11 2 7 0.972678 4 1 15 2 16 1 16 6 12 9 0.714286 1 10 -120 
29 11 4 2 0.597315 1 7 3 7 0.92228 4 4 -16 3 25 3 -37 2 -38 8 0.597315 1 -4 -6 9 0.625 1 -12 -105 
30 11 6 4 0.840708 2 -44 -24 -44 26 5 0.5 1 22 22 6 0.532164 1 -6 18 7 0.470899 1 3 10 9 0.5 1 3 -90 10 0.892857 5 1 6 11 15 9 20 7 -36 11 -2 
31 11 8 2 0.610984 3 7 -3 4 -5 7 1 3 0.497207 2 4 12 1 -24 4 0.555556 1 -45 -25 5 0.714286 4 33 10 -39 -15 22 4 -42 -20 7 0.610984 3 1 44 8 -23 7 17 8 0.610984 3 -9 -3 -7 -2 -8 -2 9 0.638298 3 2 12 -33 8 3 -84 10 0.344828 1 6 -6 
32 11 3 4 0.772358 1 -43 -26 6 0.949896 5 -1 -18 -2 -9 -5 19 3 15 -3 17 8 0.747899 2 4 9 8 -2 
33 11 4 3 0.930314 6 4 22 5 16 0 30 6 -19 6 -9 2 21 4 0.725191 1 17 -28 6 0.558282 1 3 16 9 0.714286 2 -9 15 -2 -65 
34 11 9 2 0.372385 1 -4 -13 3 0.559748 2 -3 -11 -1 -16 4 0.88785 4 -43 2 -42 0 -41 1 14 -28 5 0.697674 3 23 22 21 -5 -40 -21 6 0.43128 1 0 17 7 0.372385 1 8 -35 8 0.372385 1 9 -9 9 0.588235 2 -15 -35 -13 -19 10 0.4 1 6 -12 
35 11 4 1 0.597315 1 8 -13 6 0.938144 4 -2 18 -2 17 0 7 2 30 7 0.597315 1 3 -18 10 0.625 1 7 -13 
36 11 2 1 0.640288 1 6 -8 8 0.978022 5 -6 -5 10 0 11 -2 10 -2 4 4 
37 11 6 1 0.425837 1 -1 -20 2 0.618056 2 -4 7 -4 8 7 0.425837 1 2 13 8 0.425837 1 5 -9 9 0.645161 2 16 -122 -21 2 10 0.895522 6 11 17 10 33 8 -4 9 -15 6 1 13 7 
38 11 3 2 0.406393 1 2 6 4 0.646258 1 -1 -14 5 0.983607 12 -45 -14 -44 1 -40 -6 -44 13 -44 6 -43 7 -43 -10 -40 -8 -37 -11 -38 -16 -40 -16 -40 -1 
39 11 2 0 0.497207 1 -4 28 3 0.987669 9 0 1 -3 2 2 -4 1 -1 -1 14 5 13 6 13 2 3 0 -1 
40 11 6 1 0.664179 2 16 27 5 -5 2 0.664179 2 3 18 6 14 3 0.664179 2 6 1 2 -11 4 0.703704 1 -18 -15 5 0.5 1 42 20 6 0.810089 3 -2 -20 -3 -19 0 -35 
41 11 2 1 0.988889 10 3 17 2 16 13 18 10 18 -8 -12 12 -18 15 15 6 -21 0 19 15 -21 9 0.5 1 -27 -21 
42 11 3 1 0.89899 5 12 -15 14 -51 10 -10 -8 21 17 -53 3 0.855769 4 6 25 4 24 2 29 -3 1 9 0.526316 1 -6 -6 
43 11 3 1 0.717742 4 6 20 3 2 4 -61 11 -38 3 0.640288 3 -1 25 5 12 6 9 9 0.940171 11 -31 -49 25 -24 -21 -54 -24 -40 28 -38 23 -112 27 -93 16 -6 -26 -71 36 -101 13 -79 
44 11 3 1 0.855769 2 2 -19 5 -53 3 0.689922 1 -1 14 9 0.869565 2 11 -108 14 -115 
45 11 2 3 0.89899 1 1 25 9 0.909091 1 22 -82 
46 11 2 3 0.998033 57 -2 -12 4 28 3 27 5 26 2 22 2 26 3 27 2 24 -5 30 6 21 1 20 6 6 0 30 6 25 2 21 -2 30 -4 -16 3 20 -4 -19 -1 -5 0 -5 0 20 -4 -6 6 9 -2 -6 3 12 2 11 5 8 3 -18 2 -14 -2 5 -3 11 3 2 1 0 1 7 -4 -12 -2 -23 1 16 5 11 3 -1 1 5 2 -14 4 3 5 3 -1 -1 4 8 5 13 -1 5 -3 13 2 4 6 -10 -4 5 -1 3 4 -9 -2 14 0 4 2 6 9 0.149254 1 1 -21 
47 11 4 1 0.72752 3 12 22 12 24 12 22 3 0.425837 1 0 -28 8 0.425837 1 4 8 9 0.941176 8 -8 -71 -12 -106 2 -56 -3 -53 -2 25 -16 -86 -5 -47 2 -46 
48 11 2 3 0.994121 19 4 15 4 -20 4 -17 2 -21 3 -12 4 -3 1 14 1 15 1 -15 6 -12 4 16 -2 12 1 -9 1 -21 -3 -18 2 -26 -3 -26 6 7 4 17 9 0.344828 1 20 -42 
49 11 2 0 0.497207 1 -7 -6 3 0.987669 9 2 12 5 24 4 22 5 7 4 -1 6 9 5 -2 6 -5 -4 2 
50 11 5 0 0.470899 1 5 -56 1 0.881188 5 4 15 -2 19 3 24 -5 23 16 -52 3 0.470899 1 4 -2 8 0.470899 1 4 -6 9 0.789474 3 4 -112 12 -26 33 -65 
51 11 6 1 0.470899 1 -2 8 2 0.470899 1 5 5 3 0.470899 1 -1 -29 4 0.703704 1 -23 2 5 0.689655 2 -18 -3 -17 -6 9 0.892857 5 -20 2 -6 -70 -23 -58 -20 -58 -29 -29 
52 11 5 2 0.470899 1 4 7 4 0.703704 1 -39 12 5 0.923077 6 -31 -16 -30 -6 -29 -4 -30 -3 -34 14 -39 14 8 0.470899 1 -15 8 9 0.689655 2 -27 -50 -6 -62 
53 11 2 2 0.0788308 1 -4 -5 5 0.999039 104 -34 15 -33 16 -30 1 -44 13 -27 -9 -27 -8 -27 -10 -31 -1 -37 16 -18 -11 -22 -14 -3 -13 -6 8 -25 12 -30 -8 -24 -10 -9 1 -18 13 -21 16 -13 -15 -19 22 -26 -6 -20 15 -1 -12 -4 14 -34 9 -21 16 -19 7 -16 16 -19 -17 -8 3 -28 22 -15 0 -1 -11 -19 -2 -33 12 -18 -3 -34 -10 -12 12 -15 10 -35 21 -31 -4 -9 22 -14 -5 -16 -11 -10 18 -18 19 -28 14 -23 3 -13 -2 -21 -3 -9 -10 -11 3 -8 -13 -21 -8 -15 4 -25 4 -12 -19 -22 21 -11 13 -27 8 -4 -17 -28 6 -17 -8 -12 -18 -1 -18 -18 9 -5 -16 -42 -15 -8 14 -19 -16 -19 -19 -10 -14 -26 -18 -22 -19 -23 14 -18 7 -29 15 -31 15 -5 5 -4 5 -3 11 -4 -4 -21 12 -20 8 -27 -4 -30 21 -29 7 -2 14 -6 -8 2 -5 -18 -15 -19 19 -13 -12 -27 19 3 -13 -16 -4 -18 4 -9 -4 -15 -3 -16 -3 -16 3 -21 2 -21 0 
54 11 9 0 0.388646 4 -5 37 3 41 -5 28 -8 6 1 0.711125 13 -7 6 -7 -2 -5 -10 -8 7 -3 -3 -4 51 -10 54 -3 49 -1 -74 -16 -69 -5 -45 0 6 -16 -48 2 0.131075 1 1 -25 3 0.640288 10 1 -11 -1 14 0 9 -4 -23 -5 -22 -4 -25 -1 -18 -1 -17 -4 -19 -4 -6 4 0.878468 14 -30 -28 -27 -28 -46 -25 -26 -28 -31 -28 52 26 -24 27 -29 27 -28 -9 -26 -10 -52 0 -35 -28 -20 -28 -49 -2 5 0.144928 1 -39 -20 6 0.448276 4 12 -10 12 -24 13 -9 13 -26 8 0.388646 4 -7 -6 -7 -7 4 -12 -9 -8 9 0.638298 9 -6 -77 -5 6 9 -95 0 -27 -18 -5 -24 -19 -13 -44 -20 -50 -1 -144 
55 11 2 8 0.559748 1 -4 -13 9 0.985915 7 -16 -105 -12 -84 -4 -140 -21 -112 -31 -79 -13 -113 -23 -13 
56 11 3 3 0.816514 2 -2 -22 -3 -17 8 0.816514 2 0 -10 -2 -8 9 0.833333 2 -10 15 -13 6 
57 11 2 1 0.388646 1 0 -51 9 0.992908 14 -5 -28 -10 -91 -9 -91 -8 -26 -9 -96 -2 -127 -3 -125 10 -17 -12 -98 -18 22 -16 20 -16 21 13 -36 -15 -146 
58 11 11 0 0.577317 31 -6 36 -9 42 4 37 -8 27 -9 35 9 46 -4 45 8 42 -2 45 5 42 -6 42 -9 34 -4 32 -4 -51 -3 37 -7 42 -3 35 -3 47 -7 46 -7 25 6 42 0 46 9 43 -2 50 -5 16 -7 12 -5 23 -6 47 -3 -51 -4 -22 -2 -67 1 0.527828 26 11 -1 -16 -81 1 -80 -16 -73 7 5 -14 -71 15 -50 4 -9 17 54 -10 -41 -16 50 -16 -20 -7 -10 14 -17 -5 -32 5 -11 -5 -24 1 -26 -1 -26 14 -45 13 -15 16 -43 4 -13 14 -47 12 49 -8 -28 2 0.441399 19 7 -13 4 -9 7 2 1 -22 7 7 4 -14 -3 -23 -6 22 7 19 6 11 7 20 -1 -14 -2 -9 -6 25 5 4 -3 -17 4 20 6 16 -3 5 3 0.362631 14 -1 -15 -1 -16 -4 -25 -4 -12 -5 4 -3 -29 -5 17 1 -25 -5 -24 -3 -12 -5 12 -5 -11 -4 -6 -5 -19 4 0.748939 26 4 -28 37 -23 0 -28 8 -28 9 -28 12 -28 13 -28 -3 -28 -4 -28 -10 -28 -21 -28 -41 10 -40 8 -28 22 -36 8 -54 -9 -37 3 -48 -22 8 28 -30 3 -30 7 -28 9 -25 7 13 19 17 9 -30 -14 5 0.596421 30 38 -3 5 -10 33 16 41 -15 37 -21 45 -18 5 0 13 -3 7 -5 40 -14 11 -3 6 5 43 -15 6 -16 5 -18 19 3 -45 -6 17 12 8 -14 11 -15 17 2 14 -13 15 -20 -45 -20 3 10 3 11 15 4 15 5 15 21 9 -5 6 0.554731 23 13 37 13 35 13 37 12 18 11 20 -3 -28 -8 -31 -11 -23 -12 -24 -10 -34 10 -4 13 25 -10 -34 9 7 9 -19 11 6 -9 -17 11 -14 12 -22 7 -35 10 -15 12 -1 11 12 7 0.240378 8 -7 -22 -2 -18 -7 -27 -5 -29 -5 -28 -6 -27 -7 -43 -4 -21 8 0.2634 9 -7 11 -13 -10 1 5 -11 11 0 -13 -4 -10 -4 -12 0 -10 2 -11 9 0.522727 23 8 -73 -18 -3 4 -138 36 12 -23 -134 10 -127 -10 18 -10 19 -29 -133 -6 24 -25 -85 -32 -141 4 -139 -32 21 -1 -89 -4 -86 -14 -91 -3 -50 27 -98 -6 -54 -27 -69 2 -18 -24 -34 10 0.534521 24 18 31 17 33 -2 -29 -3 -31 -4 -29 -9 -27 -13 -14 -16 -29 -9 -29 -14 -24 -13 -20 -14 -32 -8 -24 -13 -16 2 -33 18 20 3 -20 -6 -34 -5 -32 0 -34 0 -14 11 -10 12 -9 18 -1 
59 11 2 1 0.842271 6 13 -48 15 -33 17 -44 16 49 -8 -23 14 47 9 0.943396 10 -23 -28 1 -51 -26 -28 -23 -29 33 -102 28 -107 -18 -16 -15 -28 -15 -118 7 -13 
60 11 2 1 0.990724 12 7 10 8 -25 5 -32 3 -45 3 -21 6 -46 0 -24 3 -32 4 -40 0 -29 -5 -47 4 -31 9 0.454545 1 2 -87 
61 11 6 2 0.559748 2 7 14 7 -18 3 0.842271 6 0 22 -2 12 -2 23 -5 4 -1 8 -5 -12 5 0.4 1 -32 -21 6 0.43128 1 -8 21 9 0.4 1 -20 -27 10 0.819672 5 13 -3 1 -7 -6 5 4 -11 4 -9 
62 11 5 3 0.640288 1 -4 21 4 0.826087 1 -24 -27 5 0.666667 1 -31 -21 6 0.850467 2 -4 29 -6 18 9 0.666667 1 -7 -11 
63 11 5 1 0.307958 1 17 42 5 0.977012 17 -17 18 -15 22 -16 21 -1 18 -14 16 -14 15 -19 18 -2 -1 3 6 4 4 4 3 -1 -2 4 -4 0 -7 4 5 11 19 7 18 6 0.36255 1 -9 23 9 0.333333 1 -4 -12 10 0.333333 1 -1 34 
64 11 3 6 0.987597 14 -8 29 -12 -14 -8 32 -11 10 -8 8 -8 2 -9 0 -9 9 -12 22 -9 5 -9 26 -11 4 -8 -9 -7 18 7 0.372385 1 -7 -16 10 0.4 1 -5 -10 
65 11 5 3 0.559748 1 -5 -19 6 0.791304 2 -9 7 -12 30 7 0.559748 1 -3 -17 9 0.857143 3 5 -146 1 -118 1 -13 10 0.588235 1 -6 31 
66 11 3 5 0.357143 2 -18 -21 3 22 7 0.330855 2 5 32 -6 30 10 0.988372 34 0 9 -4 -2 -15 10 -14 12 -14 13 -6 21 -4 14 -1 -3 -5 15 -9 21 -4 -7 -6 -3 -3 28 -5 16 -15 3 3 33 -9 19 -6 1 3 24 -11 15 -4 18 -7 25 -7 28 -7 29 3 18 1 17 4 18 -10 33 -4 20 -15 33 -1 28 -3 28 -2 28 -3 30 
67 11 4 3 0.234828 1 -5 -13 6 0.448276 2 -8 32 -10 31 7 0.910486 16 -6 8 -5 -4 -7 10 0 21 -6 27 -3 -7 0 -3 -5 2 -1 32 -4 -4 2 17 2 13 -5 -8 -5 -8 -6 -8 -3 -12 10 0.852713 11 -17 28 1 18 1 10 7 18 7 6 8 15 5 -6 2 -5 0 -4 5 15 6 8 
68 11 4 2 0.689922 1 2 23 3 0.689922 1 -2 -7 7 0.855769 2 -5 -19 -5 37 8 0.689922 1 -15 -1 
69 11 3 2 0.987669 18 5 1 4 2 5 -1 3 3 3 -21 -4 5 4 5 3 5 0 -4 -1 -2 -1 8 -6 -2 -1 -18 0 -10 0 -21 0 6 0 17 0 -2 3 0.318996 1 -1 -8 8 0.318996 1 -10 -11 
70 11 4 2 0.542683 2 7 3 7 11 3 0.861687 7 1 -7 2 23 -4 27 -3 11 -1 21 -3 19 -3 21 7 0.861687 7 1 23 1 24 5 15 8 21 5 28 3 27 -3 12 10 0.384615 1 6 2 
71 11 6 0 0.747899 5 -7 -58 -8 -59 -9 -60 -7 -59 -8 -30 1 0.827357 7 -11 -21 -16 -39 -7 -15 -2 -18 -14 -45 -11 -57 -15 -61 2 0.318996 1 6 3 3 0.610984 3 -3 -6 -3 9 1 -2 7 0.497207 2 -6 10 -6 14 10 0.526316 2 -3 -10 -14 -5 
72 11 2 1 0.114249 1 10 44 8 0.998374 69 -4 -8 6 -6 -14 2 4 -8 3 2 -15 3 -13 2 -2 1 -1 0 -9 -3 0 -6 0 1 5 -4 4 -8 0 -7 0 2 7 -3 -10 -1 -6 0 -2 -2 3 -8 -8 5 3 -8 -7 6 5 -4 -4 5 -2 7 6 2 17 -2 -8 7 -10 2 -3 8 2 12 -4 6 9 3 -6 6 -1 5 6 9 -4 5 5 0 -1 11 -1 12 -6 10 1 2 -2 9 -2 10 10 -5 -11 4 5 10 14 -4 5 7 6 7 10 10 5 6 -7 10 -9 8 9 -13 9 10 14 -1 14 -3 7 4 -8 3 4 5 9 1 11 7 -4 -1 7 7 -6 7 -2 3 
73 11 3 0 0.664179 2 -6 52 3 -52 1 0.470899 1 -6 -12 8 0.959569 8 7 -8 -8 -5 7 -11 2 -2 5 -4 0 2 4 -11 -2 -8 
74 11 3 0 0.946809 6 -2 55 -2 56 0 56 10 50 -1 59 -9 46 1 0.526627 1 -8 6 8 0.717742 2 0 11 3 -4 
75 11 2 8 0.993434 17 8 8 10 12 4 9 -12 10 -17 8 -16 13 -12 12 -12 13 -7 13 -13 4 -16 -1 5 13 -13 8 -14 4 -6 11 3 11 -10 11 9 0.37037 1 -33 28 
76 11 3 0 0.816514 1 -9 59 1 0.816514 1 -14 40 8 0.816514 1 0 8 
77 11 2 8 0.987669 9 9 -12 -4 11 -11 11 -13 10 17 0 -14 11 16 -1 10 -13 11 -9 9 0.526316 1 -9 1 
78 11 8 0 0.380342 2 -4 62 7 -28 1 0.784525 9 -9 45 -11 34 -10 32 -6 34 -16 35 -1 29 -4 36 -13 39 -11 36 2 0.56869 4 3 -18 4 -17 3 -17 0 -6 3 0.488117 3 3 19 -4 9 -2 -15 4 0.778688 4 2 22 -30 -26 24 9 -6 -17 7 0.631206 5 -3 40 6 44 8 14 0 36 -2 -28 8 0.488117 3 3 11 -5 11 -15 13 10 0.25 1 -10 9 
79 11 7 0 0.632701 6 3 -69 -8 15 9 57 -2 -11 4 34 7 57 1 0.337121 2 1 53 3 55 4 0.575758 2 -12 18 20 -22 6 0.758333 8 5 7 6 5 -5 -11 -6 -2 -6 5 -3 -25 -5 -23 -7 -24 8 0.198218 1 5 -13 9 0.762712 9 -18 -17 3 17 -31 -62 21 -23 -1 34 12 -15 -23 14 8 5 10 -68 10 0.762712 9 7 29 14 2 13 30 16 32 17 -2 17 17 5 32 9 33 -10 -3 
80 11 8 0 0.21241 1 -4 53 1 0.87541 15 -9 56 -13 -40 17 -22 12 -21 0 -38 -5 -37 9 -48 -8 -21 13 -5 -7 12 -5 -19 -7 -36 -6 35 1 13 -6 38 3 0.35743 2 -3 -30 0 -30 4 0.418502 1 -49 28 6 0.415525 2 -4 -30 -1 9 8 0.21241 1 17 13 9 0.754717 8 7 -34 8 -65 8 -55 -10 -99 -19 2 -21 21 9 24 -17 -33 10 0.571429 4 -11 -2 0 -25 16 37 -13 25 
81 11 3 1 0.497207 1 -12 -65 5 0.526316 1 -7 -6 9 0.97561 8 -27 -136 -7 34 -15 23 -25 -15 -26 30 -28 -28 -24 -24 5 -32 
82 11 6 1 0.787611 5 13 -42 -4 -65 4 12 9 28 10 -18 3 0.542683 2 -4 21 6 -30 5 0.384615 1 44 22 7 0.35743 1 8 45 8 0.542683 2 14 10 15 10 9 0.84507 6 -20 -23 3 -43 -15 24 -1 22 -21 -91 1 25 
83 11 2 1 0.991746 27 3 40 17 40 9 -25 11 -67 10 -43 6 -19 10 -44 15 -59 13 36 7 32 8 57 2 55 1 32 -6 33 16 28 16 32 2 -66 8 34 16 -63 16 -65 -12 34 17 38 1 28 -11 34 -15 34 16 -16 -1 32 9 0.425532 2 20 -42 -12 35 
84 11 4 1 0.912152 7 1 34 13 30 -8 -27 -8 -46 5 9 5 3 17 50 6 0.486631 1 8 3 9 0.75 3 -6 5 8 29 4 -67 10 0.645161 2 18 37 16 30 
85 11 2 1 0.984202 7 -5 -74 -3 -80 7 -83 7 -79 17 -82 8 -82 11 -82 9 0.588235 1 -16 14 
86 11 9 1 0.406393 2 16 -69 -1 -32 2 0.597315 4 5 2 4 6 6 11 6 10 3 0.406393 2 2 -29 6 26 5 0.27027 1 36 -6 6 0.654676 4 2 -33 3 -33 -7 -35 -8 -32 7 0.708223 6 3 -45 -2 -45 -3 -41 -1 -42 -3 -34 -1 -40 8 0.597315 4 15 5 4 0 7 -1 9 -3 9 0.545455 3 3 -60 14 -2 -29 -144 10 0.434783 2 1 5 2 -35 
87 11 4 2 0.343629 2 0 -7 -6 -17 3 0.98615 32 -1 8 -3 10 -1 -4 -5 -17 -2 -6 -2 -19 1 25 1 -22 1 -23 -5 14 -3 -29 -4 14 -3 -1 -2 8 -1 -27 -4 10 0 -1 0 -10 -5 -12 -1 -10 -5 9 -3 9 -3 8 2 -9 -3 -16 -3 -15 -1 -11 6 10 -2 -3 -1 -3 -2 -4 -2 -1 8 0.202733 1 -4 -13 10 0.222222 1 -4 -24 
88 11 6 1 0.618056 8 -5 -21 12 4 3 1 12 5 5 -27 10 -60 10 -57 8 5 3 0.89899 26 -1 6 -5 17 -5 21 -3 7 -4 -30 -4 26 2 -27 2 -30 -5 2 4 -29 4 -28 5 -28 -5 -30 1 -2 -4 -30 6 -20 0 -18 4 -18 3 -19 2 -4 5 -19 -5 11 4 -2 2 -22 6 -28 -4 -20 5 0.454545 4 39 -6 -37 -15 -30 -6 33 1 6 0.638917 7 -7 17 -9 19 -7 4 -5 18 1 18 -9 3 -7 -10 9 0.515464 5 10 -136 22 -87 18 -146 11 -41 -25 -92 10 0.285714 2 4 -13 8 -28 
89 11 3 4 0.683453 1 -46 -17 6 0.982721 10 -5 9 -4 6 -7 7 -9 14 -1 34 -4 9 2 -1 -4 22 -6 36 1 17 9 0.476191 1 9 -119 
90 11 10 0 0.0791815 2 10 37 10 38 1 0.37119 13 -2 -83 9 -3 7 -9 7 -7 14 -36 17 -41 7 -41 -9 -81 2 -33 -5 -78 -12 -76 8 -33 9 -31 2 0.37119 13 3 22 1 -16 3 21 7 -18 7 23 6 26 7 19 3 22 3 20 6 17 -5 -17 -6 -27 6 18 4 0.412446 6 -46 21 -35 16 -38 -6 -40 -28 -34 -22 -32 -5 5 0.626305 30 -43 21 -31 -12 -33 -6 -35 -7 -37 -1 -37 6 -37 -5 -32 -10 -36 -10 -42 15 -41 19 -36 7 -41 20 -35 4 -42 16 -37 0 -36 21 -36 -15 -40 17 -36 6 -37 21 -31 -20 -39 18 -32 3 -36 -19 -34 -17 -34 21 -43 -16 -45 -4 -43 -21 6 0.776965 49 -5 0 -9 13 -9 36 -5 22 -4 17 -4 6 1 33 -9 12 -2 -9 1 -5 -2 -36 -4 28 -3 -12 -6 22 -6 37 5 31 -4 11 7 14 -5 31 -5 32 8 32 3 37 9 35 6 -2 -6 31 0 22 3 19 3 -6 -8 18 -5 -2 3 -3 -4 -20 -8 29 6 16 4 16 -4 -28 5 -28 0 -18 7 25 7 28 9 26 7 -28 9 25 2 11 10 -24 6 4 6 9 3 5 8 -20 7 0.720834 47 5 -2 3 -5 7 12 1 44 0 -6 1 4 3 -2 6 12 6 3 3 0 5 -4 4 -6 0 45 8 -2 4 39 3 7 8 13 8 10 -1 6 1 38 6 -1 7 34 7 17 0 12 5 29 6 34 5 31 1 4 6 32 7 38 8 37 8 43 8 37 8 39 0 33 8 35 -3 7 -4 41 -4 4 2 18 -6 16 -5 45 7 30 -1 27 2 27 -3 25 -4 23 8 0.261572 8 15 -10 -5 -11 -5 -13 14 -3 15 13 11 -13 10 -12 17 -8 9 0.378549 12 4 -37 17 -130 12 13 23 -5 -16 -112 3 -44 25 15 1 -51 8 6 8 -48 5 -107 -33 -76 10 0.617021 29 2 8 5 8 -5 36 7 8 8 15 10 -20 -5 8 12 6 8 37 8 17 15 32 14 8 13 31 -15 20 3 33 7 6 -6 -2 16 28 6 16 1 -27 16 17 -9 -3 7 12 10 7 4 12 7 10 5 25 -1 -20 9 25 
91 11 11 0 0.574394 37 -5 26 -2 26 7 -1 4 -7 6 -29 7 -2 9 -19 -9 61 7 -53 6 -5 -4 61 0 67 -4 63 3 67 -1 62 4 -8 9 0 2 -35 4 -44 9 -24 4 -5 2 -11 4 65 10 -64 9 -27 7 34 7 69 3 59 7 -35 9 -58 -4 51 6 68 -1 -23 0 34 10 61 9 64 6 62 1 0.442403 23 -15 56 -4 -3 -16 5 -13 10 -10 5 5 -14 -2 -11 -3 -39 -6 -23 -12 -17 -9 40 17 -46 12 -45 14 -27 6 -16 -7 -43 16 39 15 -60 4 43 5 34 -6 -11 3 15 6 39 2 0.515444 30 -2 11 3 12 3 -14 -2 25 6 14 1 27 1 -11 1 4 5 -10 3 -15 3 12 3 -8 2 26 1 24 1 22 5 -20 5 -16 7 -16 7 8 1 5 0 23 -2 27 -2 5 0 4 7 27 5 -3 5 -1 0 -11 0 -9 5 -12 3 0.574394 37 -3 29 -4 17 -3 18 2 -3 4 -5 5 -15 5 -14 6 -20 0 8 4 -25 5 26 4 22 3 -4 4 -1 3 -11 4 11 6 24 -2 -21 2 10 4 8 -1 9 -2 -20 3 24 -5 23 3 27 -5 29 -1 26 2 27 -4 23 -1 -29 0 28 1 23 6 29 4 -16 -5 -1 4 -29 -3 2 4 0.491765 11 -42 4 23 -28 25 -28 46 14 -43 -3 -44 28 -39 -24 -39 -16 28 -28 21 -28 11 -28 5 0.153374 5 44 7 39 11 33 6 45 -2 45 17 6 0.576192 30 4 -7 6 -19 4 -14 7 17 0 -17 11 -25 5 -5 7 -34 10 -30 1 -16 3 -30 3 -24 3 -33 -4 -6 5 -18 4 13 -5 -30 0 -31 6 8 -6 -27 5 -22 8 18 8 -31 10 19 12 -1 5 4 0 -31 1 -7 6 -7 9 11 7 0.581899 38 8 -11 8 -9 4 -14 4 -44 7 -41 -2 -44 2 -14 4 -10 3 -10 -3 -24 -3 -38 -2 -39 7 -21 7 -23 -1 -42 -3 -35 -1 -43 -4 -18 -2 -23 0 -41 0 -8 0 -44 -2 -14 8 -34 7 -7 6 -32 5 -42 8 -37 1 -34 -1 -44 3 -21 4 -25 0 -24 1 -21 6 -44 1 -44 1 -21 5 -43 8 0.392252 19 -3 -13 -4 -9 17 0 -6 13 4 -12 10 -2 2 8 9 -2 2 13 0 11 16 10 14 -1 6 10 17 2 3 -10 17 2 13 8 9 -1 9 12 9 0.326633 13 -12 5 -6 -79 15 -10 18 -115 12 -146 -8 36 -31 33 6 -39 3 -41 -29 -133 10 -98 22 -14 14 31 10 0.609952 38 -13 -37 6 -6 5 -7 14 21 14 8 -5 -35 14 7 18 20 18 -30 7 -35 1 -16 15 -4 14 -35 15 -32 14 -30 2 -21 17 15 16 -27 14 -4 14 -32 12 -34 15 -24 13 3 18 -23 12 -21 10 -19 10 -20 11 -36 17 -21 14 23 12 17 15 -16 15 13 7 -22 13 19 12 13 14 -17 15 -32 
92 11 9 0 0.627392 14 6 60 8 63 10 51 6 42 1 60 1 51 0 39 -2 50 -3 39 9 48 4 50 1 48 -1 50 9 47 1 0.559748 11 3 12 12 45 12 41 9 13 1 12 -3 -9 -5 5 4 37 -1 -78 13 1 -4 25 2 0.239033 3 7 -13 -1 -12 -2 -21 3 0.584245 12 5 17 -1 17 5 -12 4 -11 2 29 0 -26 0 17 2 18 6 15 -4 16 -2 17 5 19 6 0.351351 4 9 10 5 -11 -1 -13 6 -18 7 0.092805 1 7 -29 8 0.8712 38 5 -10 10 10 6 -9 16 11 9 -4 16 0 16 12 16 11 9 -8 9 10 8 -10 5 12 17 -9 12 -9 8 10 7 3 14 2 14 1 15 2 15 1 17 2 4 -8 8 9 15 12 8 8 10 -2 9 5 9 -3 13 2 11 3 15 6 7 2 17 6 10 -8 6 3 16 2 4 4 14 0 9 0.26087 3 3 21 -22 -88 -3 19 10 0.188679 2 15 -10 15 17 
93 11 3 4 0.826087 1 -23 -6 6 0.957895 4 -6 -5 -8 -10 -3 -16 -4 -16 9 0.666667 1 -28 7 
94 11 2 8 0.972678 4 -10 2 -17 9 -7 3 -5 6 9 0.714286 1 -19 -16 
95 11 9 0 0.497207 2 -8 13 -7 17 1 0.610984 3 -14 -37 -7 -30 0 -37 2 0.497207 2 0 10 -2 10 4 0.807365 3 30 -3 -48 17 -48 15 5 0.714286 4 18 4 -3 0 -25 17 21 10 6 0.374486 1 -12 -29 8 0.318996 1 -16 11 9 0.526316 2 -25 8 -17 -17 10 0.526316 2 -2 2 1 32 
96 11 3 1 0.930314 6 -13 -6 -3 -4 -4 -13 2 -16 -2 -60 1 -50 8 0.497207 1 -13 13 9 0.810811 3 -8 -69 -18 -47 -2 22 
97 11 4 0 0.689922 3 -1 -59 -5 10 -9 -52 1 0.388646 1 -3 -73 4 0.972696 9 -51 -28 -50 -28 -28 -14 -27 -9 -52 -1 -49 -28 -47 -28 -28 -1 -48 -13 7 0.577922 2 -1 -38 -1 -37 
98 11 10 0 0.447236 2 -2 -40 -4 -14 1 0.559748 3 -11 40 1 -23 -1 -56 2 0.278997 1 2 2 4 0.508021 1 -49 -16 5 0.30303 1 32 -6 6 0.619048 3 -11 10 -11 4 -12 -1 7 0.278997 1 -7 -33 8 0.447236 2 -8 11 -3 12 9 0.724638 5 3 -147 -10 -140 -17 27 -24 2 -28 -82 10 0.724638 5 -5 -25 -8 -37 -3 -12 -2 -14 -2 -24 
99 11 2 1 0.963899 3 1 -32 -1 -47 1 -80 4 0.88785 1 -19 -25 
100 11 7 0 0.458763 2 3 -47 10 -40 1 0.458763 2 -11 -37 -2 -5 5 0.735294 5 23 -13 27 -1 24 -21 25 -10 -26 21 6 0.705426 4 3 9 0 20 -7 17 -11 -34 8 0.758523 6 -12 3 -16 5 -14 7 -17 6 -4 -1 -16 4 9 0.487805 2 -2 0 -15 -13 10 0.487805 2 0 -25 0 -18 
101 11 9 0 0.927376 33 8 13 8 14 8 -45 3 -28 9 -17 4 -20 7 -16 1 -17 3 -16 5 -69 -7 -17 -9 -57 9 8 10 14 0 -12 -4 -3 3 -42 -3 -59 2 -2 8 -63 -2 -61 -4 5 1 17 -1 6 -3 -2 -7 17 -5 -44 -4 10 -7 12 -2 -29 0 -65 -7 -33 -2 8 1 0.406393 4 -5 17 -8 16 1 -53 -10 17 4 0.46798 2 -54 -2 -35 -23 5 0.625 8 8 -13 8 -19 9 -3 9 -12 18 -10 8 -14 -6 21 -10 13 6 0.391679 3 -12 23 -11 27 -10 31 7 0.13928 1 -1 -41 8 0.13928 1 -8 1 9 0.361446 3 -7 18 -8 -17 -10 5 10 0.153846 1 -10 -29 
102 11 5 0 0.876847 4 -5 5 8 -67 -5 -48 -4 -16 1 0.526627 1 -11 -7 6 0.587097 1 -7 -5 8 0.717742 2 -7 -3 -2 1 9 0.555556 1 -2 2 
103 11 3 0 0.994505 61 -9 -61 -5 -13 -2 -15 1 -59 0 -31 -2 26 -3 -4 -5 -56 -5 -42 1 -41 -4 -55 -9 -65 -6 -67 1 -6 -7 -68 -6 -60 3 28 -4 27 0 -32 -4 3 6 29 2 31 1 -3 -3 -13 0 -33 -3 -11 -4 -47 7 -4 -1 -46 3 -38 1 -41 3 -31 5 19 -2 17 -3 -44 -2 6 -9 17 -6 -26 -2 -5 -2 -64 -8 -68 10 -59 -2 -3 -8 -44 -9 -46 -5 -54 -6 -42 3 29 0 -6 -9 -66 -5 -28 6 -69 -1 -26 -9 6 10 18 3 30 7 -66 4 -68 7 -32 4 32 7 13 1 0.123783 1 13 -62 5 0.243902 2 -2 -7 -7 13 
104 11 3 1 0.597315 1 -10 -40 2 0.597315 1 -4 -20 5 0.961538 5 9 18 9 18 17 -4 28 0 -6 19 
105 11 9 0 0.73251 4 -7 -12 -6 -15 -9 -21 1 -36 1 0.73251 4 2 -54 8 -65 -10 -48 -15 -48 2 0.35743 1 -6 -16 4 0.597484 1 -34 2 5 0.384615 1 -8 20 6 0.602649 2 -8 -6 -12 -17 8 0.35743 1 -11 -9 9 0.571429 2 -11 -95 -21 -57 10 0.384615 1 -1 -16 
106 11 5 1 0.497207 2 -8 -57 -2 -39 3 0.318996 1 -5 15 4 0.555556 1 -47 -20 5 0.344828 1 9 16 9 0.967742 15 -17 -12 -7 20 -15 -18 -32 15 -8 -117 -24 -109 -17 -19 -18 -29 -20 -61 -31 -52 -32 -53 -20 -30 5 -32 -18 -82 -9 10 
107 11 2 1 0.963899 3 2 -59 2 -18 -7 -64 9 0.769231 1 -23 -43 
108 11 2 8 0.994413 20 -13 5 -15 1 -9 -1 -9 1 -8 -1 -4 1 -5 6 -11 0 -6 0 -15 -5 -5 -2 -5 -4 -11 -1 -13 -5 -8 -4 -12 -2 -2 -7 -12 -11 -3 -7 -13 -7 9 0.333333 1 -25 23 
109 11 5 1 0.664179 2 -16 21 -12 -11 4 0.966102 6 -25 -28 -33 21 -32 13 -25 13 -42 20 -39 16 5 0.5 1 30 6 6 0.532164 1 7 5 9 0.5 1 -2 31 
110 11 6 0 0.447236 1 -9 -38 1 0.747899 3 -12 14 0 -63 -6 19 4 0.683453 1 -28 -3 6 0.50838 1 9 8 8 0.447236 1 -2 -5 9 0.877193 5 -14 7 0 -5 -18 10 -11 -46 -5 6 
111 11 2 4 0.994021 7 -43 -2 0 15 -39 16 -43 17 -42 19 -27 15 -16 11 8 0.559748 1 -1 -11 
112 11 2 1 0.717742 2 2 -78 -5 10 9 0.972222 7 -4 27 -26 -6 -6 31 -22 4 -20 -6 -15 0 -28 34 
113 11 7 0 0.597315 2 -5 -9 -7 -41 1 0.780702 4 -9 -8 -8 17 1 11 -11 18 4 0.646258 1 -54 7 5 0.625 2 3 21 21 -17 6 0.654676 2 -4 -14 -10 -4 8 0.597315 2 -6 -7 -3 -6 9 0.434783 1 -13 -96 
114 11 2 1 0.981618 6 -5 -57 -6 -63 16 -79 5 -82 0 -11 9 -78 9 0.625 1 -10 -35 
115 11 2 0 0.981618 6 4 -3 10 -67 10 -8 4 -17 6 -40 9 -44 1 0.597315 1 15 -59 
116 11 6 0 0.388646 1 -3 8 1 0.577922 2 8 -70 3 -63 4 0.785124 2 3 -28 2 -28 6 0.80531 4 8 -11 9 -23 6 -22 6 -18 7 0.388646 1 2 -45 9 0.833333 5 8 -15 -14 -129 -14 -49 -11 -74 7 -132 
117 11 3 0 0.816514 1 -1 15 5 0.833333 1 8 -21 9 0.833333 1 -3 -67 
118 11 2 0 0.998131 60 8 -68 2 24 2 -12 0 24 0 25 3 -15 3 -47 -1 31 1 18 1 16 5 21 5 11 6 30 10 25 6 -40 8 -28 10 10 3 -43 7 22 1 -27 0 -11 5 19 0 -36 1 -10 9 22 2 -46 5 -21 2 -3 5 -12 8 22 9 -46 9 -21 0 -41 10 -15 0 -3 10 25 5 -54 6 -9 10 -40 4 -5 10 -6 3 -38 2 -20 6 -5 -1 -2 6 -50 5 10 6 7 5 5 -1 3 5 -4 9 -22 9 6 6 9 -2 5 0 8 0 5 1 14 0 13 -3 14 9 0.142857 1 -4 -66 
119 11 3 0 0.816514 1 10 -54 3 0.816514 1 3 -18 5 0.833333 1 -21 -15 
