10 74 1
0 0 -1 9 2 8 0 28 17 3 2 32 -420 
1 1 0 0 0 0 0 0 0 0 0 0 0 
2 1 -1 0 4 11 0 26 11 5 5 32 -994 
3 2 0 0 0 0 0 0 0 0 0 0 0 
4 2 0 0 0 0 0 0 0 0 0 0 0 
5 2 -1 1 11 6 9 28 27 1 3 32 1656 
6 2 -1 0 11 13 8 28 29 3 2 32 1500 
7 3 0 0 0 0 0 0 0 0 0 0 0 
8 3 0 0 0 0 0 0 0 0 0 0 0 
9 3 0 0 0 0 0 0 0 0 0 0 0 
10 3 0 0 0 0 0 0 0 0 0 0 0 
11 3 -1 0 8 0 0 28 26 0 0 1 19 
12 3 -1 4 3 13 0 27 17 4 12 32 -1741 
13 3 -1 11 30 0 0 27 14 0 0 17 12 
14 3 -1 20 3 0 0 9 0 0 0 2 10 
15 4 0 0 0 0 0 0 0 0 0 0 0 
16 4 0 0 0 0 0 0 0 0 0 0 0 
17 4 0 0 0 0 0 0 0 0 0 0 0 
18 4 0 0 0 0 0 0 0 0 0 0 0 
19 4 0 0 0 0 0 0 0 0 0 0 0 
20 4 0 0 0 0 0 0 0 0 0 0 0 
21 4 0 0 0 0 0 0 0 0 0 0 0 
22 4 0 0 0 0 0 0 0 0 0 0 0 
23 4 -1 2 7 0 9 23 23 5 3 32 -145 
24 4 -1 0 3 6 14 17 24 9 6 32 724 
25 4 20 0 0 0 0 0 0 0 0 0 0 
26 4 -1 4 9 11 14 23 30 2 1 32 6490 
27 4 -1 1 0 0 0 9 13 0 0 17 -43 
28 4 -1 27 13 0 0 13 3 0 0 11 78 
29 4 -1 13 24 0 0 22 30 0 0 17 -17 
30 4 -1 14 7 0 0 23 25 0 0 1 29 
31 5 0 0 0 0 0 0 0 0 0 0 0 
32 5 0 0 0 0 0 0 0 0 0 0 0 
33 5 0 0 0 0 0 0 0 0 0 0 0 
34 5 0 0 0 0 0 0 0 0 0 0 0 
35 5 0 0 0 0 0 0 0 0 0 0 0 
36 5 0 0 0 0 0 0 0 0 0 0 0 
37 5 0 0 0 0 0 0 0 0 0 0 0 
38 5 0 0 0 0 0 0 0 0 0 0 0 
39 5 0 0 0 0 0 0 0 0 0 0 0 
40 5 0 0 0 0 0 0 0 0 0 0 0 
41 5 0 0 0 0 0 0 0 0 0 0 0 
42 5 0 0 0 0 0 0 0 0 0 0 0 
43 5 0 0 0 0 0 0 0 0 0 0 0 
44 5 0 0 0 0 0 0 0 0 0 0 0 
45 5 0 0 0 0 0 0 0 0 0 0 0 
46 5 0 0 0 0 0 0 0 0 0 0 0 
47 5 -1 8 12 0 0 28 31 0 0 1 -23 
48 5 -1 11 0 1 1 29 5 1 20 32 -18 
49 5 17 0 0 0 0 0 0 0 0 0 0 
50 5 -1 29 8 0 0 4 3 0 0 4 -61 
51 5 0 0 0 0 0 0 0 0 0 0 0 
52 5 0 0 0 0 0 0 0 0 0 0 0 
53 5 -1 14 7 4 4 19 12 11 3 32 -658 
54 5 -1 12 11 14 0 30 23 1 5 32 -312 
55 5 -1 6 0 4 1 27 28 3 3 32 -280 
56 5 -1 28 1 0 0 5 24 0 0 16 38 
57 5 -1 0 19 0 0 8 9 0 0 17 -17 
58 5 -1 12 13 0 0 15 13 0 0 17 4 
59 5 63 0 0 0 0 0 0 0 0 0 0 
60 5 -1 11 9 0 0 23 27 0 0 1 15 
61 5 -1 28 1 0 0 21 11 0 0 0 -5 
62 5 73 0 0 0 0 0 0 0 0 0 0 
63 6 0 0 0 0 0 0 0 0 0 0 0 
64 6 0 0 0 0 0 0 0 0 0 0 0 
65 6 0 0 0 0 0 0 0 0 0 0 0 
66 6 0 0 0 0 0 0 0 0 0 0 0 
67 6 0 0 0 0 0 0 0 0 0 0 0 
68 6 0 0 0 0 0 0 0 0 0 0 0 
69 6 0 0 0 0 0 0 0 0 0 0 0 
70 6 0 0 0 0 0 0 0 0 0 0 0 
71 6 0 0 0 0 0 0 0 0 0 0 0 
72 6 0 0 0 0 0 0 0 0 0 0 0 
73 6 0 0 0 0 0 0 0 0 0 0 0 
74 6 0 0 0 0 0 0 0 0 0 0 0 
75 6 0 0 0 0 0 0 0 0 0 0 0 
76 6 0 0 0 0 0 0 0 0 0 0 0 
77 6 0 0 0 0 0 0 0 0 0 0 0 
78 6 0 0 0 0 0 0 0 0 0 0 0 
79 6 0 0 0 0 0 0 0 0 0 0 0 
80 6 0 0 0 0 0 0 0 0 0 0 0 
81 6 0 0 0 0 0 0 0 0 0 0 0 
82 6 0 0 0 0 0 0 0 0 0 0 0 
83 6 0 0 0 0 0 0 0 0 0 0 0 
84 6 0 0 0 0 0 0 0 0 0 0 0 
85 6 0 0 0 0 0 0 0 0 0 0 0 
86 6 0 0 0 0 0 0 0 0 0 0 0 
87 6 0 0 0 0 0 0 0 0 0 0 0 
88 6 0 0 0 0 0 0 0 0 0 0 0 
89 6 0 0 0 0 0 0 0 0 0 0 0 
90 6 0 0 0 0 0 0 0 0 0 0 0 
91 6 0 0 0 0 0 0 0 0 0 0 0 
92 6 0 0 0 0 0 0 0 0 0 0 0 
93 6 0 0 0 0 0 0 0 0 0 0 0 
94 6 0 0 0 0 0 0 0 0 0 0 0 
95 6 1 0 0 0 0 0 0 0 0 0 0 
96 6 -1 0 4 0 13 13 20 14 5 32 -2830 
97 6 -1 14 3 4 0 25 14 1 5 32 -7 
98 6 -1 14 13 10 14 29 29 1 1 32 875 
99 6 0 0 0 0 0 0 0 0 0 0 0 
100 6 0 0 0 0 0 0 0 0 0 0 0 
101 6 18 0 0 0 0 0 0 0 0 0 0 
102 6 19 0 0 0 0 0 0 0 0 0 0 
103 6 0 0 0 0 0 0 0 0 0 0 0 
104 6 0 0 0 0 0 0 0 0 0 0 0 
105 6 0 0 0 0 0 0 0 0 0 0 0 
106 6 0 0 0 0 0 0 0 0 0 0 0 
107 6 21 0 0 0 0 0 0 0 0 0 0 
108 6 -1 13 31 0 0 21 28 0 0 19 1 
109 6 -1 7 13 10 8 21 23 8 8 32 827 
110 6 27 0 0 0 0 0 0 0 0 0 0 
111 6 28 0 0 0 0 0 0 0 0 0 0 
112 6 -1 7 3 0 5 20 8 10 14 32 -736 
113 6 -1 7 16 0 0 13 4 0 0 4 16 
114 6 -1 1 26 0 0 0 20 0 0 2 10 
115 6 -1 10 29 0 0 26 24 0 0 1 3 
116 6 -1 6 19 0 0 25 14 0 0 3 -47 
117 6 -1 0 9 0 0 6 21 0 0 18 -66 
118 6 62 0 0 0 0 0 0 0 0 0 0 
119 6 0 0 0 0 0 0 0 0 0 0 0 
120 6 0 0 0 0 0 0 0 0 0 0 0 
121 6 -1 10 9 10 0 28 29 1 1 32 -74 
122 6 -1 5 12 1 0 12 28 2 3 32 -42 
123 6 70 0 0 0 0 0 0 0 0 0 0 
124 6 -1 0 0 3 0 8 0 20 28 32 -18815 
125 6 0 0 0 0 0 0 0 0 0 0 0 
126 6 0 0 0 0 0 0 0 0 0 0 0 
127 7 0 0 0 0 0 0 0 0 0 0 0 
128 7 0 0 0 0 0 0 0 0 0 0 0 
129 7 0 0 0 0 0 0 0 0 0 0 0 
130 7 0 0 0 0 0 0 0 0 0 0 0 
131 7 0 0 0 0 0 0 0 0 0 0 0 
132 7 0 0 0 0 0 0 0 0 0 0 0 
133 7 0 0 0 0 0 0 0 0 0 0 0 
134 7 0 0 0 0 0 0 0 0 0 0 0 
135 7 0 0 0 0 0 0 0 0 0 0 0 
136 7 0 0 0 0 0 0 0 0 0 0 0 
137 7 0 0 0 0 0 0 0 0 0 0 0 
138 7 0 0 0 0 0 0 0 0 0 0 0 
139 7 0 0 0 0 0 0 0 0 0 0 0 
140 7 0 0 0 0 0 0 0 0 0 0 0 
141 7 0 0 0 0 0 0 0 0 0 0 0 
142 7 0 0 0 0 0 0 0 0 0 0 0 
143 7 0 0 0 0 0 0 0 0 0 0 0 
144 7 0 0 0 0 0 0 0 0 0 0 0 
145 7 0 0 0 0 0 0 0 0 0 0 0 
146 7 0 0 0 0 0 0 0 0 0 0 0 
147 7 0 0 0 0 0 0 0 0 0 0 0 
148 7 0 0 0 0 0 0 0 0 0 0 0 
149 7 0 0 0 0 0 0 0 0 0 0 0 
150 7 0 0 0 0 0 0 0 0 0 0 0 
151 7 0 0 0 0 0 0 0 0 0 0 0 
152 7 0 0 0 0 0 0 0 0 0 0 0 
153 7 0 0 0 0 0 0 0 0 0 0 0 
154 7 0 0 0 0 0 0 0 0 0 0 0 
155 7 0 0 0 0 0 0 0 0 0 0 0 
156 7 0 0 0 0 0 0 0 0 0 0 0 
157 7 0 0 0 0 0 0 0 0 0 0 0 
158 7 0 0 0 0 0 0 0 0 0 0 0 
159 7 0 0 0 0 0 0 0 0 0 0 0 
160 7 0 0 0 0 0 0 0 0 0 0 0 
161 7 0 0 0 0 0 0 0 0 0 0 0 
162 7 0 0 0 0 0 0 0 0 0 0 0 
163 7 0 0 0 0 0 0 0 0 0 0 0 
164 7 0 0 0 0 0 0 0 0 0 0 0 
165 7 0 0 0 0 0 0 0 0 0 0 0 
166 7 0 0 0 0 0 0 0 0 0 0 0 
167 7 0 0 0 0 0 0 0 0 0 0 0 
168 7 0 0 0 0 0 0 0 0 0 0 0 
169 7 0 0 0 0 0 0 0 0 0 0 0 
170 7 0 0 0 0 0 0 0 0 0 0 0 
171 7 0 0 0 0 0 0 0 0 0 0 0 
172 7 0 0 0 0 0 0 0 0 0 0 0 
173 7 0 0 0 0 0 0 0 0 0 0 0 
174 7 0 0 0 0 0 0 0 0 0 0 0 
175 7 0 0 0 0 0 0 0 0 0 0 0 
176 7 0 0 0 0 0 0 0 0 0 0 0 
177 7 0 0 0 0 0 0 0 0 0 0 0 
178 7 0 0 0 0 0 0 0 0 0 0 0 
179 7 0 0 0 0 0 0 0 0 0 0 0 
180 7 0 0 0 0 0 0 0 0 0 0 0 
181 7 0 0 0 0 0 0 0 0 0 0 0 
182 7 0 0 0 0 0 0 0 0 0 0 0 
183 7 0 0 0 0 0 0 0 0 0 0 0 
184 7 0 0 0 0 0 0 0 0 0 0 0 
185 7 0 0 0 0 0 0 0 0 0 0 0 
186 7 0 0 0 0 0 0 0 0 0 0 0 
187 7 0 0 0 0 0 0 0 0 0 0 0 
188 7 0 0 0 0 0 0 0 0 0 0 0 
189 7 0 0 0 0 0 0 0 0 0 0 0 
190 7 0 0 0 0 0 0 0 0 0 0 0 
191 7 0 0 0 0 0 0 0 0 0 0 0 
192 7 0 0 0 0 0 0 0 0 0 0 0 
193 7 -1 11 8 7 11 24 30 6 1 32 1271 
194 7 -1 14 13 5 8 30 21 1 3 32 1381 
195 7 11 0 0 0 0 0 0 0 0 0 0 
196 7 -1 9 2 0 1 17 12 13 1 32 -204 
197 7 -1 12 7 0 0 23 25 0 0 10 26 
198 7 16 0 0 0 0 0 0 0 0 0 0 
199 7 0 0 0 0 0 0 0 0 0 0 0 
200 7 0 0 0 0 0 0 0 0 0 0 0 
201 7 0 0 0 0 0 0 0 0 0 0 0 
202 7 0 0 0 0 0 0 0 0 0 0 0 
203 7 0 0 0 0 0 0 0 0 0 0 0 
204 7 0 0 0 0 0 0 0 0 0 0 0 
205 7 0 0 0 0 0 0 0 0 0 0 0 
206 7 0 0 0 0 0 0 0 0 0 0 0 
207 7 0 0 0 0 0 0 0 0 0 0 0 
208 7 0 0 0 0 0 0 0 0 0 0 0 
209 7 0 0 0 0 0 0 0 0 0 0 0 
210 7 0 0 0 0 0 0 0 0 0 0 0 
211 7 0 0 0 0 0 0 0 0 0 0 0 
212 7 0 0 0 0 0 0 0 0 0 0 0 
213 7 0 0 0 0 0 0 0 0 0 0 0 
214 7 0 0 0 0 0 0 0 0 0 0 0 
215 7 0 0 0 0 0 0 0 0 0 0 0 
216 7 0 0 0 0 0 0 0 0 0 0 0 
217 7 22 0 0 0 0 0 0 0 0 0 0 
218 7 -1 14 28 0 0 9 10 0 0 14 30 
219 7 25 0 0 0 0 0 0 0 0 0 0 
220 7 26 0 0 0 0 0 0 0 0 0 0 
221 7 0 0 0 0 0 0 0 0 0 0 0 
222 7 0 0 0 0 0 0 0 0 0 0 0 
223 7 0 0 0 0 0 0 0 0 0 0 0 
224 7 0 0 0 0 0 0 0 0 0 0 0 
225 7 29 0 0 0 0 0 0 0 0 0 0 
226 7 -1 0 31 0 0 16 31 0 0 1 -1 
227 7 -1 9 3 0 0 14 8 0 0 8 -5 
228 7 -1 13 22 0 0 6 2 0 0 4 77 
229 7 -1 1 3 13 9 17 25 5 6 32 -1263 
230 7 -1 1 13 0 7 20 29 1 1 32 -14 
231 7 -1 0 27 0 0 8 12 0 0 16 -112 
232 7 53 0 0 0 0 0 0 0 0 0 0 
233 7 54 0 0 0 0 0 0 0 0 0 0 
234 7 -1 4 19 0 0 17 1 0 0 3 -7 
235 7 59 0 0 0 0 0 0 0 0 0 0 
236 7 -1 9 2 0 0 13 23 0 0 16 5 
237 7 0 0 0 0 0 0 0 0 0 0 0 
238 7 0 0 0 0 0 0 0 0 0 0 0 
239 7 0 0 0 0 0 0 0 0 0 0 0 
240 7 0 0 0 0 0 0 0 0 0 0 0 
241 7 0 0 0 0 0 0 0 0 0 0 0 
242 7 0 0 0 0 0 0 0 0 0 0 0 
243 7 64 0 0 0 0 0 0 0 0 0 0 
244 7 65 0 0 0 0 0 0 0 0 0 0 
245 7 -1 10 9 0 0 7 26 0 0 18 -22 
246 7 69 0 0 0 0 0 0 0 0 0 0 
247 7 0 0 0 0 0 0 0 0 0 0 0 
248 7 0 0 0 0 0 0 0 0 0 0 0 
249 7 71 0 0 0 0 0 0 0 0 0 0 
250 7 72 0 0 0 0 0 0 0 0 0 0 
251 7 0 0 0 0 0 0 0 0 0 0 0 
252 7 0 0 0 0 0 0 0 0 0 0 0 
253 7 0 0 0 0 0 0 0 0 0 0 0 
254 7 0 0 0 0 0 0 0 0 0 0 0 
255 8 0 0 0 0 0 0 0 0 0 0 0 
256 8 0 0 0 0 0 0 0 0 0 0 0 
257 8 0 0 0 0 0 0 0 0 0 0 0 
258 8 0 0 0 0 0 0 0 0 0 0 0 
259 8 0 0 0 0 0 0 0 0 0 0 0 
260 8 0 0 0 0 0 0 0 0 0 0 0 
261 8 0 0 0 0 0 0 0 0 0 0 0 
262 8 0 0 0 0 0 0 0 0 0 0 0 
263 8 0 0 0 0 0 0 0 0 0 0 0 
264 8 0 0 0 0 0 0 0 0 0 0 0 
265 8 0 0 0 0 0 0 0 0 0 0 0 
266 8 0 0 0 0 0 0 0 0 0 0 0 
267 8 0 0 0 0 0 0 0 0 0 0 0 
268 8 0 0 0 0 0 0 0 0 0 0 0 
269 8 0 0 0 0 0 0 0 0 0 0 0 
270 8 0 0 0 0 0 0 0 0 0 0 0 
271 8 0 0 0 0 0 0 0 0 0 0 0 
272 8 0 0 0 0 0 0 0 0 0 0 0 
273 8 0 0 0 0 0 0 0 0 0 0 0 
274 8 0 0 0 0 0 0 0 0 0 0 0 
275 8 0 0 0 0 0 0 0 0 0 0 0 
276 8 0 0 0 0 0 0 0 0 0 0 0 
277 8 0 0 0 0 0 0 0 0 0 0 0 
278 8 0 0 0 0 0 0 0 0 0 0 0 
279 8 0 0 0 0 0 0 0 0 0 0 0 
280 8 0 0 0 0 0 0 0 0 0 0 0 
281 8 0 0 0 0 0 0 0 0 0 0 0 
282 8 0 0 0 0 0 0 0 0 0 0 0 
283 8 0 0 0 0 0 0 0 0 0 0 0 
284 8 0 0 0 0 0 0 0 0 0 0 0 
285 8 0 0 0 0 0 0 0 0 0 0 0 
286 8 0 0 0 0 0 0 0 0 0 0 0 
287 8 0 0 0 0 0 0 0 0 0 0 0 
288 8 0 0 0 0 0 0 0 0 0 0 0 
289 8 0 0 0 0 0 0 0 0 0 0 0 
290 8 0 0 0 0 0 0 0 0 0 0 0 
291 8 0 0 0 0 0 0 0 0 0 0 0 
292 8 0 0 0 0 0 0 0 0 0 0 0 
293 8 0 0 0 0 0 0 0 0 0 0 0 
294 8 0 0 0 0 0 0 0 0 0 0 0 
295 8 0 0 0 0 0 0 0 0 0 0 0 
296 8 0 0 0 0 0 0 0 0 0 0 0 
297 8 0 0 0 0 0 0 0 0 0 0 0 
298 8 0 0 0 0 0 0 0 0 0 0 0 
299 8 0 0 0 0 0 0 0 0 0 0 0 
300 8 0 0 0 0 0 0 0 0 0 0 0 
301 8 0 0 0 0 0 0 0 0 0 0 0 
302 8 0 0 0 0 0 0 0 0 0 0 0 
303 8 0 0 0 0 0 0 0 0 0 0 0 
304 8 0 0 0 0 0 0 0 0 0 0 0 
305 8 0 0 0 0 0 0 0 0 0 0 0 
306 8 0 0 0 0 0 0 0 0 0 0 0 
307 8 0 0 0 0 0 0 0 0 0 0 0 
308 8 0 0 0 0 0 0 0 0 0 0 0 
309 8 0 0 0 0 0 0 0 0 0 0 0 
310 8 0 0 0 0 0 0 0 0 0 0 0 
311 8 0 0 0 0 0 0 0 0 0 0 0 
312 8 0 0 0 0 0 0 0 0 0 0 0 
313 8 0 0 0 0 0 0 0 0 0 0 0 
314 8 0 0 0 0 0 0 0 0 0 0 0 
315 8 0 0 0 0 0 0 0 0 0 0 0 
316 8 0 0 0 0 0 0 0 0 0 0 0 
317 8 0 0 0 0 0 0 0 0 0 0 0 
318 8 0 0 0 0 0 0 0 0 0 0 0 
319 8 0 0 0 0 0 0 0 0 0 0 0 
320 8 0 0 0 0 0 0 0 0 0 0 0 
321 8 0 0 0 0 0 0 0 0 0 0 0 
322 8 0 0 0 0 0 0 0 0 0 0 0 
323 8 0 0 0 0 0 0 0 0 0 0 0 
324 8 0 0 0 0 0 0 0 0 0 0 0 
325 8 0 0 0 0 0 0 0 0 0 0 0 
326 8 0 0 0 0 0 0 0 0 0 0 0 
327 8 0 0 0 0 0 0 0 0 0 0 0 
328 8 0 0 0 0 0 0 0 0 0 0 0 
329 8 0 0 0 0 0 0 0 0 0 0 0 
330 8 0 0 0 0 0 0 0 0 0 0 0 
331 8 0 0 0 0 0 0 0 0 0 0 0 
332 8 0 0 0 0 0 0 0 0 0 0 0 
333 8 0 0 0 0 0 0 0 0 0 0 0 
334 8 0 0 0 0 0 0 0 0 0 0 0 
335 8 0 0 0 0 0 0 0 0 0 0 0 
336 8 0 0 0 0 0 0 0 0 0 0 0 
337 8 0 0 0 0 0 0 0 0 0 0 0 
338 8 0 0 0 0 0 0 0 0 0 0 0 
339 8 0 0 0 0 0 0 0 0 0 0 0 
340 8 0 0 0 0 0 0 0 0 0 0 0 
341 8 0 0 0 0 0 0 0 0 0 0 0 
342 8 0 0 0 0 0 0 0 0 0 0 0 
343 8 0 0 0 0 0 0 0 0 0 0 0 
344 8 0 0 0 0 0 0 0 0 0 0 0 
345 8 0 0 0 0 0 0 0 0 0 0 0 
346 8 0 0 0 0 0 0 0 0 0 0 0 
347 8 0 0 0 0 0 0 0 0 0 0 0 
348 8 0 0 0 0 0 0 0 0 0 0 0 
349 8 0 0 0 0 0 0 0 0 0 0 0 
350 8 0 0 0 0 0 0 0 0 0 0 0 
351 8 0 0 0 0 0 0 0 0 0 0 0 
352 8 0 0 0 0 0 0 0 0 0 0 0 
353 8 0 0 0 0 0 0 0 0 0 0 0 
354 8 0 0 0 0 0 0 0 0 0 0 0 
355 8 0 0 0 0 0 0 0 0 0 0 0 
356 8 0 0 0 0 0 0 0 0 0 0 0 
357 8 0 0 0 0 0 0 0 0 0 0 0 
358 8 0 0 0 0 0 0 0 0 0 0 0 
359 8 0 0 0 0 0 0 0 0 0 0 0 
360 8 0 0 0 0 0 0 0 0 0 0 0 
361 8 0 0 0 0 0 0 0 0 0 0 0 
362 8 0 0 0 0 0 0 0 0 0 0 0 
363 8 0 0 0 0 0 0 0 0 0 0 0 
364 8 0 0 0 0 0 0 0 0 0 0 0 
365 8 0 0 0 0 0 0 0 0 0 0 0 
366 8 0 0 0 0 0 0 0 0 0 0 0 
367 8 0 0 0 0 0 0 0 0 0 0 0 
368 8 0 0 0 0 0 0 0 0 0 0 0 
369 8 0 0 0 0 0 0 0 0 0 0 0 
370 8 0 0 0 0 0 0 0 0 0 0 0 
371 8 0 0 0 0 0 0 0 0 0 0 0 
372 8 0 0 0 0 0 0 0 0 0 0 0 
373 8 0 0 0 0 0 0 0 0 0 0 0 
374 8 0 0 0 0 0 0 0 0 0 0 0 
375 8 0 0 0 0 0 0 0 0 0 0 0 
376 8 0 0 0 0 0 0 0 0 0 0 0 
377 8 0 0 0 0 0 0 0 0 0 0 0 
378 8 0 0 0 0 0 0 0 0 0 0 0 
379 8 0 0 0 0 0 0 0 0 0 0 0 
380 8 0 0 0 0 0 0 0 0 0 0 0 
381 8 0 0 0 0 0 0 0 0 0 0 0 
382 8 0 0 0 0 0 0 0 0 0 0 0 
383 8 0 0 0 0 0 0 0 0 0 0 0 
384 8 0 0 0 0 0 0 0 0 0 0 0 
385 8 0 0 0 0 0 0 0 0 0 0 0 
386 8 0 0 0 0 0 0 0 0 0 0 0 
387 8 2 0 0 0 0 0 0 0 0 0 0 
388 8 3 0 0 0 0 0 0 0 0 0 0 
389 8 -1 11 2 0 0 21 17 0 0 17 16 
390 8 -1 17 27 0 0 16 14 0 0 6 -7 
391 8 0 0 0 0 0 0 0 0 0 0 0 
392 8 0 0 0 0 0 0 0 0 0 0 0 
393 8 12 0 0 0 0 0 0 0 0 0 0 
394 8 13 0 0 0 0 0 0 0 0 0 0 
395 8 14 0 0 0 0 0 0 0 0 0 0 
396 8 15 0 0 0 0 0 0 0 0 0 0 
397 8 0 0 0 0 0 0 0 0 0 0 0 
398 8 0 0 0 0 0 0 0 0 0 0 0 
399 8 0 0 0 0 0 0 0 0 0 0 0 
400 8 0 0 0 0 0 0 0 0 0 0 0 
401 8 0 0 0 0 0 0 0 0 0 0 0 
402 8 0 0 0 0 0 0 0 0 0 0 0 
403 8 0 0 0 0 0 0 0 0 0 0 0 
404 8 0 0 0 0 0 0 0 0 0 0 0 
405 8 0 0 0 0 0 0 0 0 0 0 0 
406 8 0 0 0 0 0 0 0 0 0 0 0 
407 8 0 0 0 0 0 0 0 0 0 0 0 
408 8 0 0 0 0 0 0 0 0 0 0 0 
409 8 0 0 0 0 0 0 0 0 0 0 0 
410 8 0 0 0 0 0 0 0 0 0 0 0 
411 8 0 0 0 0 0 0 0 0 0 0 0 
412 8 0 0 0 0 0 0 0 0 0 0 0 
413 8 0 0 0 0 0 0 0 0 0 0 0 
414 8 0 0 0 0 0 0 0 0 0 0 0 
415 8 0 0 0 0 0 0 0 0 0 0 0 
416 8 0 0 0 0 0 0 0 0 0 0 0 
417 8 0 0 0 0 0 0 0 0 0 0 0 
418 8 0 0 0 0 0 0 0 0 0 0 0 
419 8 0 0 0 0 0 0 0 0 0 0 0 
420 8 0 0 0 0 0 0 0 0 0 0 0 
421 8 0 0 0 0 0 0 0 0 0 0 0 
422 8 0 0 0 0 0 0 0 0 0 0 0 
423 8 0 0 0 0 0 0 0 0 0 0 0 
424 8 0 0 0 0 0 0 0 0 0 0 0 
425 8 0 0 0 0 0 0 0 0 0 0 0 
426 8 0 0 0 0 0 0 0 0 0 0 0 
427 8 0 0 0 0 0 0 0 0 0 0 0 
428 8 0 0 0 0 0 0 0 0 0 0 0 
429 8 0 0 0 0 0 0 0 0 0 0 0 
430 8 0 0 0 0 0 0 0 0 0 0 0 
431 8 0 0 0 0 0 0 0 0 0 0 0 
432 8 0 0 0 0 0 0 0 0 0 0 0 
433 8 0 0 0 0 0 0 0 0 0 0 0 
434 8 0 0 0 0 0 0 0 0 0 0 0 
435 8 0 0 0 0 0 0 0 0 0 0 0 
436 8 0 0 0 0 0 0 0 0 0 0 0 
437 8 23 0 0 0 0 0 0 0 0 0 0 
438 8 24 0 0 0 0 0 0 0 0 0 0 
439 8 0 0 0 0 0 0 0 0 0 0 0 
440 8 0 0 0 0 0 0 0 0 0 0 0 
441 8 0 0 0 0 0 0 0 0 0 0 0 
442 8 0 0 0 0 0 0 0 0 0 0 0 
443 8 0 0 0 0 0 0 0 0 0 0 0 
444 8 0 0 0 0 0 0 0 0 0 0 0 
445 8 0 0 0 0 0 0 0 0 0 0 0 
446 8 0 0 0 0 0 0 0 0 0 0 0 
447 8 0 0 0 0 0 0 0 0 0 0 0 
448 8 0 0 0 0 0 0 0 0 0 0 0 
449 8 0 0 0 0 0 0 0 0 0 0 0 
450 8 0 0 0 0 0 0 0 0 0 0 0 
451 8 0 0 0 0 0 0 0 0 0 0 0 
452 8 0 0 0 0 0 0 0 0 0 0 0 
453 8 -1 8 3 0 0 2 6 0 0 0 6 
454 8 -1 9 30 0 0 18 3 0 0 0 12 
455 8 -1 9 1 0 0 27 9 0 0 0 7 
456 8 -1 23 1 0 0 26 29 0 0 0 -2 
457 8 -1 4 13 13 7 27 27 3 2 32 337 
458 8 44 0 0 0 0 0 0 0 0 0 0 
459 8 45 0 0 0 0 0 0 0 0 0 0 
460 8 -1 12 12 7 11 21 30 6 1 32 165 
461 8 49 0 0 0 0 0 0 0 0 0 0 
462 8 50 0 0 0 0 0 0 0 0 0 0 
463 8 51 0 0 0 0 0 0 0 0 0 0 
464 8 52 0 0 0 0 0 0 0 0 0 0 
465 8 0 0 0 0 0 0 0 0 0 0 0 
466 8 0 0 0 0 0 0 0 0 0 0 0 
467 8 0 0 0 0 0 0 0 0 0 0 0 
468 8 0 0 0 0 0 0 0 0 0 0 0 
469 8 -1 14 28 0 0 2 28 0 0 17 -9 
470 8 -1 15 17 0 0 25 28 0 0 16 35 
471 8 0 0 0 0 0 0 0 0 0 0 0 
472 8 0 0 0 0 0 0 0 0 0 0 0 
473 8 60 0 0 0 0 0 0 0 0 0 0 
474 8 61 0 0 0 0 0 0 0 0 0 0 
475 8 0 0 0 0 0 0 0 0 0 0 0 
476 8 0 0 0 0 0 0 0 0 0 0 0 
477 8 0 0 0 0 0 0 0 0 0 0 0 
478 8 0 0 0 0 0 0 0 0 0 0 0 
479 8 0 0 0 0 0 0 0 0 0 0 0 
480 8 0 0 0 0 0 0 0 0 0 0 0 
481 8 0 0 0 0 0 0 0 0 0 0 0 
482 8 0 0 0 0 0 0 0 0 0 0 0 
483 8 0 0 0 0 0 0 0 0 0 0 0 
484 8 0 0 0 0 0 0 0 0 0 0 0 
485 8 0 0 0 0 0 0 0 0 0 0 0 
486 8 0 0 0 0 0 0 0 0 0 0 0 
487 8 0 0 0 0 0 0 0 0 0 0 0 
488 8 0 0 0 0 0 0 0 0 0 0 0 
489 8 0 0 0 0 0 0 0 0 0 0 0 
490 8 0 0 0 0 0 0 0 0 0 0 0 
491 8 66 0 0 0 0 0 0 0 0 0 0 
492 8 -1 10 26 0 0 1 7 0 0 4 26 
493 8 0 0 0 0 0 0 0 0 0 0 0 
494 8 0 0 0 0 0 0 0 0 0 0 0 
495 8 0 0 0 0 0 0 0 0 0 0 0 
496 8 0 0 0 0 0 0 0 0 0 0 0 
497 8 0 0 0 0 0 0 0 0 0 0 0 
498 8 0 0 0 0 0 0 0 0 0 0 0 
499 8 0 0 0 0 0 0 0 0 0 0 0 
500 8 0 0 0 0 0 0 0 0 0 0 0 
501 8 0 0 0 0 0 0 0 0 0 0 0 
502 8 0 0 0 0 0 0 0 0 0 0 0 
503 8 0 0 0 0 0 0 0 0 0 0 0 
504 8 0 0 0 0 0 0 0 0 0 0 0 
505 8 0 0 0 0 0 0 0 0 0 0 0 
506 8 0 0 0 0 0 0 0 0 0 0 0 
507 8 0 0 0 0 0 0 0 0 0 0 0 
508 8 0 0 0 0 0 0 0 0 0 0 0 
509 8 0 0 0 0 0 0 0 0 0 0 0 
510 8 0 0 0 0 0 0 0 0 0 0 0 
511 9 0 0 0 0 0 0 0 0 0 0 0 
512 9 0 0 0 0 0 0 0 0 0 0 0 
513 9 0 0 0 0 0 0 0 0 0 0 0 
514 9 0 0 0 0 0 0 0 0 0 0 0 
515 9 0 0 0 0 0 0 0 0 0 0 0 
516 9 0 0 0 0 0 0 0 0 0 0 0 
517 9 0 0 0 0 0 0 0 0 0 0 0 
518 9 0 0 0 0 0 0 0 0 0 0 0 
519 9 0 0 0 0 0 0 0 0 0 0 0 
520 9 0 0 0 0 0 0 0 0 0 0 0 
521 9 0 0 0 0 0 0 0 0 0 0 0 
522 9 0 0 0 0 0 0 0 0 0 0 0 
523 9 0 0 0 0 0 0 0 0 0 0 0 
524 9 0 0 0 0 0 0 0 0 0 0 0 
525 9 0 0 0 0 0 0 0 0 0 0 0 
526 9 0 0 0 0 0 0 0 0 0 0 0 
527 9 0 0 0 0 0 0 0 0 0 0 0 
528 9 0 0 0 0 0 0 0 0 0 0 0 
529 9 0 0 0 0 0 0 0 0 0 0 0 
530 9 0 0 0 0 0 0 0 0 0 0 0 
531 9 0 0 0 0 0 0 0 0 0 0 0 
532 9 0 0 0 0 0 0 0 0 0 0 0 
533 9 0 0 0 0 0 0 0 0 0 0 0 
534 9 0 0 0 0 0 0 0 0 0 0 0 
535 9 0 0 0 0 0 0 0 0 0 0 0 
536 9 0 0 0 0 0 0 0 0 0 0 0 
537 9 0 0 0 0 0 0 0 0 0 0 0 
538 9 0 0 0 0 0 0 0 0 0 0 0 
539 9 0 0 0 0 0 0 0 0 0 0 0 
540 9 0 0 0 0 0 0 0 0 0 0 0 
541 9 0 0 0 0 0 0 0 0 0 0 0 
542 9 0 0 0 0 0 0 0 0 0 0 0 
543 9 0 0 0 0 0 0 0 0 0 0 0 
544 9 0 0 0 0 0 0 0 0 0 0 0 
545 9 0 0 0 0 0 0 0 0 0 0 0 
546 9 0 0 0 0 0 0 0 0 0 0 0 
547 9 0 0 0 0 0 0 0 0 0 0 0 
548 9 0 0 0 0 0 0 0 0 0 0 0 
549 9 0 0 0 0 0 0 0 0 0 0 0 
550 9 0 0 0 0 0 0 0 0 0 0 0 
551 9 0 0 0 0 0 0 0 0 0 0 0 
552 9 0 0 0 0 0 0 0 0 0 0 0 
553 9 0 0 0 0 0 0 0 0 0 0 0 
554 9 0 0 0 0 0 0 0 0 0 0 0 
555 9 0 0 0 0 0 0 0 0 0 0 0 
556 9 0 0 0 0 0 0 0 0 0 0 0 
557 9 0 0 0 0 0 0 0 0 0 0 0 
558 9 0 0 0 0 0 0 0 0 0 0 0 
559 9 0 0 0 0 0 0 0 0 0 0 0 
560 9 0 0 0 0 0 0 0 0 0 0 0 
561 9 0 0 0 0 0 0 0 0 0 0 0 
562 9 0 0 0 0 0 0 0 0 0 0 0 
563 9 0 0 0 0 0 0 0 0 0 0 0 
564 9 0 0 0 0 0 0 0 0 0 0 0 
565 9 0 0 0 0 0 0 0 0 0 0 0 
566 9 0 0 0 0 0 0 0 0 0 0 0 
567 9 0 0 0 0 0 0 0 0 0 0 0 
568 9 0 0 0 0 0 0 0 0 0 0 0 
569 9 0 0 0 0 0 0 0 0 0 0 0 
570 9 0 0 0 0 0 0 0 0 0 0 0 
571 9 0 0 0 0 0 0 0 0 0 0 0 
572 9 0 0 0 0 0 0 0 0 0 0 0 
573 9 0 0 0 0 0 0 0 0 0 0 0 
574 9 0 0 0 0 0 0 0 0 0 0 0 
575 9 0 0 0 0 0 0 0 0 0 0 0 
576 9 0 0 0 0 0 0 0 0 0 0 0 
577 9 0 0 0 0 0 0 0 0 0 0 0 
578 9 0 0 0 0 0 0 0 0 0 0 0 
579 9 0 0 0 0 0 0 0 0 0 0 0 
580 9 0 0 0 0 0 0 0 0 0 0 0 
581 9 0 0 0 0 0 0 0 0 0 0 0 
582 9 0 0 0 0 0 0 0 0 0 0 0 
583 9 0 0 0 0 0 0 0 0 0 0 0 
584 9 0 0 0 0 0 0 0 0 0 0 0 
585 9 0 0 0 0 0 0 0 0 0 0 0 
586 9 0 0 0 0 0 0 0 0 0 0 0 
587 9 0 0 0 0 0 0 0 0 0 0 0 
588 9 0 0 0 0 0 0 0 0 0 0 0 
589 9 0 0 0 0 0 0 0 0 0 0 0 
590 9 0 0 0 0 0 0 0 0 0 0 0 
591 9 0 0 0 0 0 0 0 0 0 0 0 
592 9 0 0 0 0 0 0 0 0 0 0 0 
593 9 0 0 0 0 0 0 0 0 0 0 0 
594 9 0 0 0 0 0 0 0 0 0 0 0 
595 9 0 0 0 0 0 0 0 0 0 0 0 
596 9 0 0 0 0 0 0 0 0 0 0 0 
597 9 0 0 0 0 0 0 0 0 0 0 0 
598 9 0 0 0 0 0 0 0 0 0 0 0 
599 9 0 0 0 0 0 0 0 0 0 0 0 
600 9 0 0 0 0 0 0 0 0 0 0 0 
601 9 0 0 0 0 0 0 0 0 0 0 0 
602 9 0 0 0 0 0 0 0 0 0 0 0 
603 9 0 0 0 0 0 0 0 0 0 0 0 
604 9 0 0 0 0 0 0 0 0 0 0 0 
605 9 0 0 0 0 0 0 0 0 0 0 0 
606 9 0 0 0 0 0 0 0 0 0 0 0 
607 9 0 0 0 0 0 0 0 0 0 0 0 
608 9 0 0 0 0 0 0 0 0 0 0 0 
609 9 0 0 0 0 0 0 0 0 0 0 0 
610 9 0 0 0 0 0 0 0 0 0 0 0 
611 9 0 0 0 0 0 0 0 0 0 0 0 
612 9 0 0 0 0 0 0 0 0 0 0 0 
613 9 0 0 0 0 0 0 0 0 0 0 0 
614 9 0 0 0 0 0 0 0 0 0 0 0 
615 9 0 0 0 0 0 0 0 0 0 0 0 
616 9 0 0 0 0 0 0 0 0 0 0 0 
617 9 0 0 0 0 0 0 0 0 0 0 0 
618 9 0 0 0 0 0 0 0 0 0 0 0 
619 9 0 0 0 0 0 0 0 0 0 0 0 
620 9 0 0 0 0 0 0 0 0 0 0 0 
621 9 0 0 0 0 0 0 0 0 0 0 0 
622 9 0 0 0 0 0 0 0 0 0 0 0 
623 9 0 0 0 0 0 0 0 0 0 0 0 
624 9 0 0 0 0 0 0 0 0 0 0 0 
625 9 0 0 0 0 0 0 0 0 0 0 0 
626 9 0 0 0 0 0 0 0 0 0 0 0 
627 9 0 0 0 0 0 0 0 0 0 0 0 
628 9 0 0 0 0 0 0 0 0 0 0 0 
629 9 0 0 0 0 0 0 0 0 0 0 0 
630 9 0 0 0 0 0 0 0 0 0 0 0 
631 9 0 0 0 0 0 0 0 0 0 0 0 
632 9 0 0 0 0 0 0 0 0 0 0 0 
633 9 0 0 0 0 0 0 0 0 0 0 0 
634 9 0 0 0 0 0 0 0 0 0 0 0 
635 9 0 0 0 0 0 0 0 0 0 0 0 
636 9 0 0 0 0 0 0 0 0 0 0 0 
637 9 0 0 0 0 0 0 0 0 0 0 0 
638 9 0 0 0 0 0 0 0 0 0 0 0 
639 9 0 0 0 0 0 0 0 0 0 0 0 
640 9 0 0 0 0 0 0 0 0 0 0 0 
641 9 0 0 0 0 0 0 0 0 0 0 0 
642 9 0 0 0 0 0 0 0 0 0 0 0 
643 9 0 0 0 0 0 0 0 0 0 0 0 
644 9 0 0 0 0 0 0 0 0 0 0 0 
645 9 0 0 0 0 0 0 0 0 0 0 0 
646 9 0 0 0 0 0 0 0 0 0 0 0 
647 9 0 0 0 0 0 0 0 0 0 0 0 
648 9 0 0 0 0 0 0 0 0 0 0 0 
649 9 0 0 0 0 0 0 0 0 0 0 0 
650 9 0 0 0 0 0 0 0 0 0 0 0 
651 9 0 0 0 0 0 0 0 0 0 0 0 
652 9 0 0 0 0 0 0 0 0 0 0 0 
653 9 0 0 0 0 0 0 0 0 0 0 0 
654 9 0 0 0 0 0 0 0 0 0 0 0 
655 9 0 0 0 0 0 0 0 0 0 0 0 
656 9 0 0 0 0 0 0 0 0 0 0 0 
657 9 0 0 0 0 0 0 0 0 0 0 0 
658 9 0 0 0 0 0 0 0 0 0 0 0 
659 9 0 0 0 0 0 0 0 0 0 0 0 
660 9 0 0 0 0 0 0 0 0 0 0 0 
661 9 0 0 0 0 0 0 0 0 0 0 0 
662 9 0 0 0 0 0 0 0 0 0 0 0 
663 9 0 0 0 0 0 0 0 0 0 0 0 
664 9 0 0 0 0 0 0 0 0 0 0 0 
665 9 0 0 0 0 0 0 0 0 0 0 0 
666 9 0 0 0 0 0 0 0 0 0 0 0 
667 9 0 0 0 0 0 0 0 0 0 0 0 
668 9 0 0 0 0 0 0 0 0 0 0 0 
669 9 0 0 0 0 0 0 0 0 0 0 0 
670 9 0 0 0 0 0 0 0 0 0 0 0 
671 9 0 0 0 0 0 0 0 0 0 0 0 
672 9 0 0 0 0 0 0 0 0 0 0 0 
673 9 0 0 0 0 0 0 0 0 0 0 0 
674 9 0 0 0 0 0 0 0 0 0 0 0 
675 9 0 0 0 0 0 0 0 0 0 0 0 
676 9 0 0 0 0 0 0 0 0 0 0 0 
677 9 0 0 0 0 0 0 0 0 0 0 0 
678 9 0 0 0 0 0 0 0 0 0 0 0 
679 9 0 0 0 0 0 0 0 0 0 0 0 
680 9 0 0 0 0 0 0 0 0 0 0 0 
681 9 0 0 0 0 0 0 0 0 0 0 0 
682 9 0 0 0 0 0 0 0 0 0 0 0 
683 9 0 0 0 0 0 0 0 0 0 0 0 
684 9 0 0 0 0 0 0 0 0 0 0 0 
685 9 0 0 0 0 0 0 0 0 0 0 0 
686 9 0 0 0 0 0 0 0 0 0 0 0 
687 9 0 0 0 0 0 0 0 0 0 0 0 
688 9 0 0 0 0 0 0 0 0 0 0 0 
689 9 0 0 0 0 0 0 0 0 0 0 0 
690 9 0 0 0 0 0 0 0 0 0 0 0 
691 9 0 0 0 0 0 0 0 0 0 0 0 
692 9 0 0 0 0 0 0 0 0 0 0 0 
693 9 0 0 0 0 0 0 0 0 0 0 0 
694 9 0 0 0 0 0 0 0 0 0 0 0 
695 9 0 0 0 0 0 0 0 0 0 0 0 
696 9 0 0 0 0 0 0 0 0 0 0 0 
697 9 0 0 0 0 0 0 0 0 0 0 0 
698 9 0 0 0 0 0 0 0 0 0 0 0 
699 9 0 0 0 0 0 0 0 0 0 0 0 
700 9 0 0 0 0 0 0 0 0 0 0 0 
701 9 0 0 0 0 0 0 0 0 0 0 0 
702 9 0 0 0 0 0 0 0 0 0 0 0 
703 9 0 0 0 0 0 0 0 0 0 0 0 
704 9 0 0 0 0 0 0 0 0 0 0 0 
705 9 0 0 0 0 0 0 0 0 0 0 0 
706 9 0 0 0 0 0 0 0 0 0 0 0 
707 9 0 0 0 0 0 0 0 0 0 0 0 
708 9 0 0 0 0 0 0 0 0 0 0 0 
709 9 0 0 0 0 0 0 0 0 0 0 0 
710 9 0 0 0 0 0 0 0 0 0 0 0 
711 9 0 0 0 0 0 0 0 0 0 0 0 
712 9 0 0 0 0 0 0 0 0 0 0 0 
713 9 0 0 0 0 0 0 0 0 0 0 0 
714 9 0 0 0 0 0 0 0 0 0 0 0 
715 9 0 0 0 0 0 0 0 0 0 0 0 
716 9 0 0 0 0 0 0 0 0 0 0 0 
717 9 0 0 0 0 0 0 0 0 0 0 0 
718 9 0 0 0 0 0 0 0 0 0 0 0 
719 9 0 0 0 0 0 0 0 0 0 0 0 
720 9 0 0 0 0 0 0 0 0 0 0 0 
721 9 0 0 0 0 0 0 0 0 0 0 0 
722 9 0 0 0 0 0 0 0 0 0 0 0 
723 9 0 0 0 0 0 0 0 0 0 0 0 
724 9 0 0 0 0 0 0 0 0 0 0 0 
725 9 0 0 0 0 0 0 0 0 0 0 0 
726 9 0 0 0 0 0 0 0 0 0 0 0 
727 9 0 0 0 0 0 0 0 0 0 0 0 
728 9 0 0 0 0 0 0 0 0 0 0 0 
729 9 0 0 0 0 0 0 0 0 0 0 0 
730 9 0 0 0 0 0 0 0 0 0 0 0 
731 9 0 0 0 0 0 0 0 0 0 0 0 
732 9 0 0 0 0 0 0 0 0 0 0 0 
733 9 0 0 0 0 0 0 0 0 0 0 0 
734 9 0 0 0 0 0 0 0 0 0 0 0 
735 9 0 0 0 0 0 0 0 0 0 0 0 
736 9 0 0 0 0 0 0 0 0 0 0 0 
737 9 0 0 0 0 0 0 0 0 0 0 0 
738 9 0 0 0 0 0 0 0 0 0 0 0 
739 9 0 0 0 0 0 0 0 0 0 0 0 
740 9 0 0 0 0 0 0 0 0 0 0 0 
741 9 0 0 0 0 0 0 0 0 0 0 0 
742 9 0 0 0 0 0 0 0 0 0 0 0 
743 9 0 0 0 0 0 0 0 0 0 0 0 
744 9 0 0 0 0 0 0 0 0 0 0 0 
745 9 0 0 0 0 0 0 0 0 0 0 0 
746 9 0 0 0 0 0 0 0 0 0 0 0 
747 9 0 0 0 0 0 0 0 0 0 0 0 
748 9 0 0 0 0 0 0 0 0 0 0 0 
749 9 0 0 0 0 0 0 0 0 0 0 0 
750 9 0 0 0 0 0 0 0 0 0 0 0 
751 9 0 0 0 0 0 0 0 0 0 0 0 
752 9 0 0 0 0 0 0 0 0 0 0 0 
753 9 0 0 0 0 0 0 0 0 0 0 0 
754 9 0 0 0 0 0 0 0 0 0 0 0 
755 9 0 0 0 0 0 0 0 0 0 0 0 
756 9 0 0 0 0 0 0 0 0 0 0 0 
757 9 0 0 0 0 0 0 0 0 0 0 0 
758 9 0 0 0 0 0 0 0 0 0 0 0 
759 9 0 0 0 0 0 0 0 0 0 0 0 
760 9 0 0 0 0 0 0 0 0 0 0 0 
761 9 0 0 0 0 0 0 0 0 0 0 0 
762 9 0 0 0 0 0 0 0 0 0 0 0 
763 9 0 0 0 0 0 0 0 0 0 0 0 
764 9 0 0 0 0 0 0 0 0 0 0 0 
765 9 0 0 0 0 0 0 0 0 0 0 0 
766 9 0 0 0 0 0 0 0 0 0 0 0 
767 9 0 0 0 0 0 0 0 0 0 0 0 
768 9 0 0 0 0 0 0 0 0 0 0 0 
769 9 0 0 0 0 0 0 0 0 0 0 0 
770 9 0 0 0 0 0 0 0 0 0 0 0 
771 9 0 0 0 0 0 0 0 0 0 0 0 
772 9 0 0 0 0 0 0 0 0 0 0 0 
773 9 0 0 0 0 0 0 0 0 0 0 0 
774 9 0 0 0 0 0 0 0 0 0 0 0 
775 9 0 0 0 0 0 0 0 0 0 0 0 
776 9 0 0 0 0 0 0 0 0 0 0 0 
777 9 0 0 0 0 0 0 0 0 0 0 0 
778 9 0 0 0 0 0 0 0 0 0 0 0 
779 9 -1 13 12 0 0 17 0 0 0 1 -8 
780 9 6 0 0 0 0 0 0 0 0 0 0 
781 9 -1 30 19 0 0 13 13 0 0 0 24 
782 9 -1 0 24 0 0 12 11 0 0 17 18 
783 9 0 0 0 0 0 0 0 0 0 0 0 
784 9 0 0 0 0 0 0 0 0 0 0 0 
785 9 0 0 0 0 0 0 0 0 0 0 0 
786 9 0 0 0 0 0 0 0 0 0 0 0 
787 9 0 0 0 0 0 0 0 0 0 0 0 
788 9 0 0 0 0 0 0 0 0 0 0 0 
789 9 0 0 0 0 0 0 0 0 0 0 0 
790 9 0 0 0 0 0 0 0 0 0 0 0 
791 9 0 0 0 0 0 0 0 0 0 0 0 
792 9 0 0 0 0 0 0 0 0 0 0 0 
793 9 0 0 0 0 0 0 0 0 0 0 0 
794 9 0 0 0 0 0 0 0 0 0 0 0 
795 9 0 0 0 0 0 0 0 0 0 0 0 
796 9 0 0 0 0 0 0 0 0 0 0 0 
797 9 0 0 0 0 0 0 0 0 0 0 0 
798 9 0 0 0 0 0 0 0 0 0 0 0 
799 9 0 0 0 0 0 0 0 0 0 0 0 
800 9 0 0 0 0 0 0 0 0 0 0 0 
801 9 0 0 0 0 0 0 0 0 0 0 0 
802 9 0 0 0 0 0 0 0 0 0 0 0 
803 9 0 0 0 0 0 0 0 0 0 0 0 
804 9 0 0 0 0 0 0 0 0 0 0 0 
805 9 0 0 0 0 0 0 0 0 0 0 0 
806 9 0 0 0 0 0 0 0 0 0 0 0 
807 9 0 0 0 0 0 0 0 0 0 0 0 
808 9 0 0 0 0 0 0 0 0 0 0 0 
809 9 0 0 0 0 0 0 0 0 0 0 0 
810 9 0 0 0 0 0 0 0 0 0 0 0 
811 9 0 0 0 0 0 0 0 0 0 0 0 
812 9 0 0 0 0 0 0 0 0 0 0 0 
813 9 0 0 0 0 0 0 0 0 0 0 0 
814 9 0 0 0 0 0 0 0 0 0 0 0 
815 9 0 0 0 0 0 0 0 0 0 0 0 
816 9 0 0 0 0 0 0 0 0 0 0 0 
817 9 0 0 0 0 0 0 0 0 0 0 0 
818 9 0 0 0 0 0 0 0 0 0 0 0 
819 9 0 0 0 0 0 0 0 0 0 0 0 
820 9 0 0 0 0 0 0 0 0 0 0 0 
821 9 0 0 0 0 0 0 0 0 0 0 0 
822 9 0 0 0 0 0 0 0 0 0 0 0 
823 9 0 0 0 0 0 0 0 0 0 0 0 
824 9 0 0 0 0 0 0 0 0 0 0 0 
825 9 0 0 0 0 0 0 0 0 0 0 0 
826 9 0 0 0 0 0 0 0 0 0 0 0 
827 9 0 0 0 0 0 0 0 0 0 0 0 
828 9 0 0 0 0 0 0 0 0 0 0 0 
829 9 0 0 0 0 0 0 0 0 0 0 0 
830 9 0 0 0 0 0 0 0 0 0 0 0 
831 9 0 0 0 0 0 0 0 0 0 0 0 
832 9 0 0 0 0 0 0 0 0 0 0 0 
833 9 0 0 0 0 0 0 0 0 0 0 0 
834 9 0 0 0 0 0 0 0 0 0 0 0 
835 9 0 0 0 0 0 0 0 0 0 0 0 
836 9 0 0 0 0 0 0 0 0 0 0 0 
837 9 0 0 0 0 0 0 0 0 0 0 0 
838 9 0 0 0 0 0 0 0 0 0 0 0 
839 9 0 0 0 0 0 0 0 0 0 0 0 
840 9 0 0 0 0 0 0 0 0 0 0 0 
841 9 0 0 0 0 0 0 0 0 0 0 0 
842 9 0 0 0 0 0 0 0 0 0 0 0 
843 9 0 0 0 0 0 0 0 0 0 0 0 
844 9 0 0 0 0 0 0 0 0 0 0 0 
845 9 0 0 0 0 0 0 0 0 0 0 0 
846 9 0 0 0 0 0 0 0 0 0 0 0 
847 9 0 0 0 0 0 0 0 0 0 0 0 
848 9 0 0 0 0 0 0 0 0 0 0 0 
849 9 0 0 0 0 0 0 0 0 0 0 0 
850 9 0 0 0 0 0 0 0 0 0 0 0 
851 9 0 0 0 0 0 0 0 0 0 0 0 
852 9 0 0 0 0 0 0 0 0 0 0 0 
853 9 0 0 0 0 0 0 0 0 0 0 0 
854 9 0 0 0 0 0 0 0 0 0 0 0 
855 9 0 0 0 0 0 0 0 0 0 0 0 
856 9 0 0 0 0 0 0 0 0 0 0 0 
857 9 0 0 0 0 0 0 0 0 0 0 0 
858 9 0 0 0 0 0 0 0 0 0 0 0 
859 9 0 0 0 0 0 0 0 0 0 0 0 
860 9 0 0 0 0 0 0 0 0 0 0 0 
861 9 0 0 0 0 0 0 0 0 0 0 0 
862 9 0 0 0 0 0 0 0 0 0 0 0 
863 9 0 0 0 0 0 0 0 0 0 0 0 
864 9 0 0 0 0 0 0 0 0 0 0 0 
865 9 0 0 0 0 0 0 0 0 0 0 0 
866 9 0 0 0 0 0 0 0 0 0 0 0 
867 9 0 0 0 0 0 0 0 0 0 0 0 
868 9 0 0 0 0 0 0 0 0 0 0 0 
869 9 0 0 0 0 0 0 0 0 0 0 0 
870 9 0 0 0 0 0 0 0 0 0 0 0 
871 9 0 0 0 0 0 0 0 0 0 0 0 
872 9 0 0 0 0 0 0 0 0 0 0 0 
873 9 0 0 0 0 0 0 0 0 0 0 0 
874 9 0 0 0 0 0 0 0 0 0 0 0 
875 9 0 0 0 0 0 0 0 0 0 0 0 
876 9 0 0 0 0 0 0 0 0 0 0 0 
877 9 0 0 0 0 0 0 0 0 0 0 0 
878 9 0 0 0 0 0 0 0 0 0 0 0 
879 9 0 0 0 0 0 0 0 0 0 0 0 
880 9 0 0 0 0 0 0 0 0 0 0 0 
881 9 0 0 0 0 0 0 0 0 0 0 0 
882 9 0 0 0 0 0 0 0 0 0 0 0 
883 9 0 0 0 0 0 0 0 0 0 0 0 
884 9 0 0 0 0 0 0 0 0 0 0 0 
885 9 0 0 0 0 0 0 0 0 0 0 0 
886 9 0 0 0 0 0 0 0 0 0 0 0 
887 9 0 0 0 0 0 0 0 0 0 0 0 
888 9 0 0 0 0 0 0 0 0 0 0 0 
889 9 0 0 0 0 0 0 0 0 0 0 0 
890 9 0 0 0 0 0 0 0 0 0 0 0 
891 9 0 0 0 0 0 0 0 0 0 0 0 
892 9 0 0 0 0 0 0 0 0 0 0 0 
893 9 0 0 0 0 0 0 0 0 0 0 0 
894 9 0 0 0 0 0 0 0 0 0 0 0 
895 9 0 0 0 0 0 0 0 0 0 0 0 
896 9 0 0 0 0 0 0 0 0 0 0 0 
897 9 0 0 0 0 0 0 0 0 0 0 0 
898 9 0 0 0 0 0 0 0 0 0 0 0 
899 9 0 0 0 0 0 0 0 0 0 0 0 
900 9 0 0 0 0 0 0 0 0 0 0 0 
901 9 0 0 0 0 0 0 0 0 0 0 0 
902 9 0 0 0 0 0 0 0 0 0 0 0 
903 9 0 0 0 0 0 0 0 0 0 0 0 
904 9 0 0 0 0 0 0 0 0 0 0 0 
905 9 0 0 0 0 0 0 0 0 0 0 0 
906 9 0 0 0 0 0 0 0 0 0 0 0 
907 9 -1 26 22 0 0 29 12 0 0 5 6 
908 9 32 0 0 0 0 0 0 0 0 0 0 
909 9 -1 24 22 0 0 17 11 0 0 2 8 
910 9 35 0 0 0 0 0 0 0 0 0 0 
911 9 36 0 0 0 0 0 0 0 0 0 0 
912 9 37 0 0 0 0 0 0 0 0 0 0 
913 9 -1 26 5 0 0 2 31 0 0 13 5 
914 9 40 0 0 0 0 0 0 0 0 0 0 
915 9 -1 23 27 0 0 16 2 0 0 5 -8 
916 9 43 0 0 0 0 0 0 0 0 0 0 
917 9 0 0 0 0 0 0 0 0 0 0 0 
918 9 0 0 0 0 0 0 0 0 0 0 0 
919 9 0 0 0 0 0 0 0 0 0 0 0 
920 9 0 0 0 0 0 0 0 0 0 0 0 
921 9 46 0 0 0 0 0 0 0 0 0 0 
922 9 -1 12 12 0 0 13 27 0 0 1 13 
923 9 0 0 0 0 0 0 0 0 0 0 0 
924 9 0 0 0 0 0 0 0 0 0 0 0 
925 9 0 0 0 0 0 0 0 0 0 0 0 
926 9 0 0 0 0 0 0 0 0 0 0 0 
927 9 0 0 0 0 0 0 0 0 0 0 0 
928 9 0 0 0 0 0 0 0 0 0 0 0 
929 9 0 0 0 0 0 0 0 0 0 0 0 
930 9 0 0 0 0 0 0 0 0 0 0 0 
931 9 0 0 0 0 0 0 0 0 0 0 0 
932 9 0 0 0 0 0 0 0 0 0 0 0 
933 9 0 0 0 0 0 0 0 0 0 0 0 
934 9 0 0 0 0 0 0 0 0 0 0 0 
935 9 0 0 0 0 0 0 0 0 0 0 0 
936 9 0 0 0 0 0 0 0 0 0 0 0 
937 9 0 0 0 0 0 0 0 0 0 0 0 
938 9 0 0 0 0 0 0 0 0 0 0 0 
939 9 55 0 0 0 0 0 0 0 0 0 0 
940 9 56 0 0 0 0 0 0 0 0 0 0 
941 9 57 0 0 0 0 0 0 0 0 0 0 
942 9 58 0 0 0 0 0 0 0 0 0 0 
943 9 0 0 0 0 0 0 0 0 0 0 0 
944 9 0 0 0 0 0 0 0 0 0 0 0 
945 9 0 0 0 0 0 0 0 0 0 0 0 
946 9 0 0 0 0 0 0 0 0 0 0 0 
947 9 0 0 0 0 0 0 0 0 0 0 0 
948 9 0 0 0 0 0 0 0 0 0 0 0 
949 9 0 0 0 0 0 0 0 0 0 0 0 
950 9 0 0 0 0 0 0 0 0 0 0 0 
951 9 0 0 0 0 0 0 0 0 0 0 0 
952 9 0 0 0 0 0 0 0 0 0 0 0 
953 9 0 0 0 0 0 0 0 0 0 0 0 
954 9 0 0 0 0 0 0 0 0 0 0 0 
955 9 0 0 0 0 0 0 0 0 0 0 0 
956 9 0 0 0 0 0 0 0 0 0 0 0 
957 9 0 0 0 0 0 0 0 0 0 0 0 
958 9 0 0 0 0 0 0 0 0 0 0 0 
959 9 0 0 0 0 0 0 0 0 0 0 0 
960 9 0 0 0 0 0 0 0 0 0 0 0 
961 9 0 0 0 0 0 0 0 0 0 0 0 
962 9 0 0 0 0 0 0 0 0 0 0 0 
963 9 0 0 0 0 0 0 0 0 0 0 0 
964 9 0 0 0 0 0 0 0 0 0 0 0 
965 9 0 0 0 0 0 0 0 0 0 0 0 
966 9 0 0 0 0 0 0 0 0 0 0 0 
967 9 0 0 0 0 0 0 0 0 0 0 0 
968 9 0 0 0 0 0 0 0 0 0 0 0 
969 9 0 0 0 0 0 0 0 0 0 0 0 
970 9 0 0 0 0 0 0 0 0 0 0 0 
971 9 0 0 0 0 0 0 0 0 0 0 0 
972 9 0 0 0 0 0 0 0 0 0 0 0 
973 9 0 0 0 0 0 0 0 0 0 0 0 
974 9 0 0 0 0 0 0 0 0 0 0 0 
975 9 0 0 0 0 0 0 0 0 0 0 0 
976 9 0 0 0 0 0 0 0 0 0 0 0 
977 9 0 0 0 0 0 0 0 0 0 0 0 
978 9 0 0 0 0 0 0 0 0 0 0 0 
979 9 0 0 0 0 0 0 0 0 0 0 0 
980 9 0 0 0 0 0 0 0 0 0 0 0 
981 9 0 0 0 0 0 0 0 0 0 0 0 
982 9 0 0 0 0 0 0 0 0 0 0 0 
983 9 0 0 0 0 0 0 0 0 0 0 0 
984 9 0 0 0 0 0 0 0 0 0 0 0 
985 9 67 0 0 0 0 0 0 0 0 0 0 
986 9 68 0 0 0 0 0 0 0 0 0 0 
987 9 0 0 0 0 0 0 0 0 0 0 0 
988 9 0 0 0 0 0 0 0 0 0 0 0 
989 9 0 0 0 0 0 0 0 0 0 0 0 
990 9 0 0 0 0 0 0 0 0 0 0 0 
991 9 0 0 0 0 0 0 0 0 0 0 0 
992 9 0 0 0 0 0 0 0 0 0 0 0 
993 9 0 0 0 0 0 0 0 0 0 0 0 
994 9 0 0 0 0 0 0 0 0 0 0 0 
995 9 0 0 0 0 0 0 0 0 0 0 0 
996 9 0 0 0 0 0 0 0 0 0 0 0 
997 9 0 0 0 0 0 0 0 0 0 0 0 
998 9 0 0 0 0 0 0 0 0 0 0 0 
999 9 0 0 0 0 0 0 0 0 0 0 0 
1000 9 0 0 0 0 0 0 0 0 0 0 0 
1001 9 0 0 0 0 0 0 0 0 0 0 0 
1002 9 0 0 0 0 0 0 0 0 0 0 0 
1003 9 0 0 0 0 0 0 0 0 0 0 0 
1004 9 0 0 0 0 0 0 0 0 0 0 0 
1005 9 0 0 0 0 0 0 0 0 0 0 0 
1006 9 0 0 0 0 0 0 0 0 0 0 0 
1007 9 0 0 0 0 0 0 0 0 0 0 0 
1008 9 0 0 0 0 0 0 0 0 0 0 0 
1009 9 0 0 0 0 0 0 0 0 0 0 0 
1010 9 0 0 0 0 0 0 0 0 0 0 0 
1011 9 0 0 0 0 0 0 0 0 0 0 0 
1012 9 0 0 0 0 0 0 0 0 0 0 0 
1013 9 0 0 0 0 0 0 0 0 0 0 0 
1014 9 0 0 0 0 0 0 0 0 0 0 0 
1015 9 0 0 0 0 0 0 0 0 0 0 0 
1016 9 0 0 0 0 0 0 0 0 0 0 0 
1017 9 0 0 0 0 0 0 0 0 0 0 0 
1018 9 0 0 0 0 0 0 0 0 0 0 0 
1019 9 0 0 0 0 0 0 0 0 0 0 0 
1020 9 0 0 0 0 0 0 0 0 0 0 0 
1021 9 0 0 0 0 0 0 0 0 0 0 0 
1022 9 0 0 0 0 0 0 0 0 0 0 0 
1023 10 0 0 0 0 0 0 0 0 0 0 0 
1024 10 0 0 0 0 0 0 0 0 0 0 0 
1025 10 0 0 0 0 0 0 0 0 0 0 0 
1026 10 0 0 0 0 0 0 0 0 0 0 0 
1027 10 0 0 0 0 0 0 0 0 0 0 0 
1028 10 0 0 0 0 0 0 0 0 0 0 0 
1029 10 0 0 0 0 0 0 0 0 0 0 0 
1030 10 0 0 0 0 0 0 0 0 0 0 0 
1031 10 0 0 0 0 0 0 0 0 0 0 0 
1032 10 0 0 0 0 0 0 0 0 0 0 0 
1033 10 0 0 0 0 0 0 0 0 0 0 0 
1034 10 0 0 0 0 0 0 0 0 0 0 0 
1035 10 0 0 0 0 0 0 0 0 0 0 0 
1036 10 0 0 0 0 0 0 0 0 0 0 0 
1037 10 0 0 0 0 0 0 0 0 0 0 0 
1038 10 0 0 0 0 0 0 0 0 0 0 0 
1039 10 0 0 0 0 0 0 0 0 0 0 0 
1040 10 0 0 0 0 0 0 0 0 0 0 0 
1041 10 0 0 0 0 0 0 0 0 0 0 0 
1042 10 0 0 0 0 0 0 0 0 0 0 0 
1043 10 0 0 0 0 0 0 0 0 0 0 0 
1044 10 0 0 0 0 0 0 0 0 0 0 0 
1045 10 0 0 0 0 0 0 0 0 0 0 0 
1046 10 0 0 0 0 0 0 0 0 0 0 0 
1047 10 0 0 0 0 0 0 0 0 0 0 0 
1048 10 0 0 0 0 0 0 0 0 0 0 0 
1049 10 0 0 0 0 0 0 0 0 0 0 0 
1050 10 0 0 0 0 0 0 0 0 0 0 0 
1051 10 0 0 0 0 0 0 0 0 0 0 0 
1052 10 0 0 0 0 0 0 0 0 0 0 0 
1053 10 0 0 0 0 0 0 0 0 0 0 0 
1054 10 0 0 0 0 0 0 0 0 0 0 0 
1055 10 0 0 0 0 0 0 0 0 0 0 0 
1056 10 0 0 0 0 0 0 0 0 0 0 0 
1057 10 0 0 0 0 0 0 0 0 0 0 0 
1058 10 0 0 0 0 0 0 0 0 0 0 0 
1059 10 0 0 0 0 0 0 0 0 0 0 0 
1060 10 0 0 0 0 0 0 0 0 0 0 0 
1061 10 0 0 0 0 0 0 0 0 0 0 0 
1062 10 0 0 0 0 0 0 0 0 0 0 0 
1063 10 0 0 0 0 0 0 0 0 0 0 0 
1064 10 0 0 0 0 0 0 0 0 0 0 0 
1065 10 0 0 0 0 0 0 0 0 0 0 0 
1066 10 0 0 0 0 0 0 0 0 0 0 0 
1067 10 0 0 0 0 0 0 0 0 0 0 0 
1068 10 0 0 0 0 0 0 0 0 0 0 0 
1069 10 0 0 0 0 0 0 0 0 0 0 0 
1070 10 0 0 0 0 0 0 0 0 0 0 0 
1071 10 0 0 0 0 0 0 0 0 0 0 0 
1072 10 0 0 0 0 0 0 0 0 0 0 0 
1073 10 0 0 0 0 0 0 0 0 0 0 0 
1074 10 0 0 0 0 0 0 0 0 0 0 0 
1075 10 0 0 0 0 0 0 0 0 0 0 0 
1076 10 0 0 0 0 0 0 0 0 0 0 0 
1077 10 0 0 0 0 0 0 0 0 0 0 0 
1078 10 0 0 0 0 0 0 0 0 0 0 0 
1079 10 0 0 0 0 0 0 0 0 0 0 0 
1080 10 0 0 0 0 0 0 0 0 0 0 0 
1081 10 0 0 0 0 0 0 0 0 0 0 0 
1082 10 0 0 0 0 0 0 0 0 0 0 0 
1083 10 0 0 0 0 0 0 0 0 0 0 0 
1084 10 0 0 0 0 0 0 0 0 0 0 0 
1085 10 0 0 0 0 0 0 0 0 0 0 0 
1086 10 0 0 0 0 0 0 0 0 0 0 0 
1087 10 0 0 0 0 0 0 0 0 0 0 0 
1088 10 0 0 0 0 0 0 0 0 0 0 0 
1089 10 0 0 0 0 0 0 0 0 0 0 0 
1090 10 0 0 0 0 0 0 0 0 0 0 0 
1091 10 0 0 0 0 0 0 0 0 0 0 0 
1092 10 0 0 0 0 0 0 0 0 0 0 0 
1093 10 0 0 0 0 0 0 0 0 0 0 0 
1094 10 0 0 0 0 0 0 0 0 0 0 0 
1095 10 0 0 0 0 0 0 0 0 0 0 0 
1096 10 0 0 0 0 0 0 0 0 0 0 0 
1097 10 0 0 0 0 0 0 0 0 0 0 0 
1098 10 0 0 0 0 0 0 0 0 0 0 0 
1099 10 0 0 0 0 0 0 0 0 0 0 0 
1100 10 0 0 0 0 0 0 0 0 0 0 0 
1101 10 0 0 0 0 0 0 0 0 0 0 0 
1102 10 0 0 0 0 0 0 0 0 0 0 0 
1103 10 0 0 0 0 0 0 0 0 0 0 0 
1104 10 0 0 0 0 0 0 0 0 0 0 0 
1105 10 0 0 0 0 0 0 0 0 0 0 0 
1106 10 0 0 0 0 0 0 0 0 0 0 0 
1107 10 0 0 0 0 0 0 0 0 0 0 0 
1108 10 0 0 0 0 0 0 0 0 0 0 0 
1109 10 0 0 0 0 0 0 0 0 0 0 0 
1110 10 0 0 0 0 0 0 0 0 0 0 0 
1111 10 0 0 0 0 0 0 0 0 0 0 0 
1112 10 0 0 0 0 0 0 0 0 0 0 0 
1113 10 0 0 0 0 0 0 0 0 0 0 0 
1114 10 0 0 0 0 0 0 0 0 0 0 0 
1115 10 0 0 0 0 0 0 0 0 0 0 0 
1116 10 0 0 0 0 0 0 0 0 0 0 0 
1117 10 0 0 0 0 0 0 0 0 0 0 0 
1118 10 0 0 0 0 0 0 0 0 0 0 0 
1119 10 0 0 0 0 0 0 0 0 0 0 0 
1120 10 0 0 0 0 0 0 0 0 0 0 0 
1121 10 0 0 0 0 0 0 0 0 0 0 0 
1122 10 0 0 0 0 0 0 0 0 0 0 0 
1123 10 0 0 0 0 0 0 0 0 0 0 0 
1124 10 0 0 0 0 0 0 0 0 0 0 0 
1125 10 0 0 0 0 0 0 0 0 0 0 0 
1126 10 0 0 0 0 0 0 0 0 0 0 0 
1127 10 0 0 0 0 0 0 0 0 0 0 0 
1128 10 0 0 0 0 0 0 0 0 0 0 0 
1129 10 0 0 0 0 0 0 0 0 0 0 0 
1130 10 0 0 0 0 0 0 0 0 0 0 0 
1131 10 0 0 0 0 0 0 0 0 0 0 0 
1132 10 0 0 0 0 0 0 0 0 0 0 0 
1133 10 0 0 0 0 0 0 0 0 0 0 0 
1134 10 0 0 0 0 0 0 0 0 0 0 0 
1135 10 0 0 0 0 0 0 0 0 0 0 0 
1136 10 0 0 0 0 0 0 0 0 0 0 0 
1137 10 0 0 0 0 0 0 0 0 0 0 0 
1138 10 0 0 0 0 0 0 0 0 0 0 0 
1139 10 0 0 0 0 0 0 0 0 0 0 0 
1140 10 0 0 0 0 0 0 0 0 0 0 0 
1141 10 0 0 0 0 0 0 0 0 0 0 0 
1142 10 0 0 0 0 0 0 0 0 0 0 0 
1143 10 0 0 0 0 0 0 0 0 0 0 0 
1144 10 0 0 0 0 0 0 0 0 0 0 0 
1145 10 0 0 0 0 0 0 0 0 0 0 0 
1146 10 0 0 0 0 0 0 0 0 0 0 0 
1147 10 0 0 0 0 0 0 0 0 0 0 0 
1148 10 0 0 0 0 0 0 0 0 0 0 0 
1149 10 0 0 0 0 0 0 0 0 0 0 0 
1150 10 0 0 0 0 0 0 0 0 0 0 0 
1151 10 0 0 0 0 0 0 0 0 0 0 0 
1152 10 0 0 0 0 0 0 0 0 0 0 0 
1153 10 0 0 0 0 0 0 0 0 0 0 0 
1154 10 0 0 0 0 0 0 0 0 0 0 0 
1155 10 0 0 0 0 0 0 0 0 0 0 0 
1156 10 0 0 0 0 0 0 0 0 0 0 0 
1157 10 0 0 0 0 0 0 0 0 0 0 0 
1158 10 0 0 0 0 0 0 0 0 0 0 0 
1159 10 0 0 0 0 0 0 0 0 0 0 0 
1160 10 0 0 0 0 0 0 0 0 0 0 0 
1161 10 0 0 0 0 0 0 0 0 0 0 0 
1162 10 0 0 0 0 0 0 0 0 0 0 0 
1163 10 0 0 0 0 0 0 0 0 0 0 0 
1164 10 0 0 0 0 0 0 0 0 0 0 0 
1165 10 0 0 0 0 0 0 0 0 0 0 0 
1166 10 0 0 0 0 0 0 0 0 0 0 0 
1167 10 0 0 0 0 0 0 0 0 0 0 0 
1168 10 0 0 0 0 0 0 0 0 0 0 0 
1169 10 0 0 0 0 0 0 0 0 0 0 0 
1170 10 0 0 0 0 0 0 0 0 0 0 0 
1171 10 0 0 0 0 0 0 0 0 0 0 0 
1172 10 0 0 0 0 0 0 0 0 0 0 0 
1173 10 0 0 0 0 0 0 0 0 0 0 0 
1174 10 0 0 0 0 0 0 0 0 0 0 0 
1175 10 0 0 0 0 0 0 0 0 0 0 0 
1176 10 0 0 0 0 0 0 0 0 0 0 0 
1177 10 0 0 0 0 0 0 0 0 0 0 0 
1178 10 0 0 0 0 0 0 0 0 0 0 0 
1179 10 0 0 0 0 0 0 0 0 0 0 0 
1180 10 0 0 0 0 0 0 0 0 0 0 0 
1181 10 0 0 0 0 0 0 0 0 0 0 0 
1182 10 0 0 0 0 0 0 0 0 0 0 0 
1183 10 0 0 0 0 0 0 0 0 0 0 0 
1184 10 0 0 0 0 0 0 0 0 0 0 0 
1185 10 0 0 0 0 0 0 0 0 0 0 0 
1186 10 0 0 0 0 0 0 0 0 0 0 0 
1187 10 0 0 0 0 0 0 0 0 0 0 0 
1188 10 0 0 0 0 0 0 0 0 0 0 0 
1189 10 0 0 0 0 0 0 0 0 0 0 0 
1190 10 0 0 0 0 0 0 0 0 0 0 0 
1191 10 0 0 0 0 0 0 0 0 0 0 0 
1192 10 0 0 0 0 0 0 0 0 0 0 0 
1193 10 0 0 0 0 0 0 0 0 0 0 0 
1194 10 0 0 0 0 0 0 0 0 0 0 0 
1195 10 0 0 0 0 0 0 0 0 0 0 0 
1196 10 0 0 0 0 0 0 0 0 0 0 0 
1197 10 0 0 0 0 0 0 0 0 0 0 0 
1198 10 0 0 0 0 0 0 0 0 0 0 0 
1199 10 0 0 0 0 0 0 0 0 0 0 0 
1200 10 0 0 0 0 0 0 0 0 0 0 0 
1201 10 0 0 0 0 0 0 0 0 0 0 0 
1202 10 0 0 0 0 0 0 0 0 0 0 0 
1203 10 0 0 0 0 0 0 0 0 0 0 0 
1204 10 0 0 0 0 0 0 0 0 0 0 0 
1205 10 0 0 0 0 0 0 0 0 0 0 0 
1206 10 0 0 0 0 0 0 0 0 0 0 0 
1207 10 0 0 0 0 0 0 0 0 0 0 0 
1208 10 0 0 0 0 0 0 0 0 0 0 0 
1209 10 0 0 0 0 0 0 0 0 0 0 0 
1210 10 0 0 0 0 0 0 0 0 0 0 0 
1211 10 0 0 0 0 0 0 0 0 0 0 0 
1212 10 0 0 0 0 0 0 0 0 0 0 0 
1213 10 0 0 0 0 0 0 0 0 0 0 0 
1214 10 0 0 0 0 0 0 0 0 0 0 0 
1215 10 0 0 0 0 0 0 0 0 0 0 0 
1216 10 0 0 0 0 0 0 0 0 0 0 0 
1217 10 0 0 0 0 0 0 0 0 0 0 0 
1218 10 0 0 0 0 0 0 0 0 0 0 0 
1219 10 0 0 0 0 0 0 0 0 0 0 0 
1220 10 0 0 0 0 0 0 0 0 0 0 0 
1221 10 0 0 0 0 0 0 0 0 0 0 0 
1222 10 0 0 0 0 0 0 0 0 0 0 0 
1223 10 0 0 0 0 0 0 0 0 0 0 0 
1224 10 0 0 0 0 0 0 0 0 0 0 0 
1225 10 0 0 0 0 0 0 0 0 0 0 0 
1226 10 0 0 0 0 0 0 0 0 0 0 0 
1227 10 0 0 0 0 0 0 0 0 0 0 0 
1228 10 0 0 0 0 0 0 0 0 0 0 0 
1229 10 0 0 0 0 0 0 0 0 0 0 0 
1230 10 0 0 0 0 0 0 0 0 0 0 0 
1231 10 0 0 0 0 0 0 0 0 0 0 0 
1232 10 0 0 0 0 0 0 0 0 0 0 0 
1233 10 0 0 0 0 0 0 0 0 0 0 0 
1234 10 0 0 0 0 0 0 0 0 0 0 0 
1235 10 0 0 0 0 0 0 0 0 0 0 0 
1236 10 0 0 0 0 0 0 0 0 0 0 0 
1237 10 0 0 0 0 0 0 0 0 0 0 0 
1238 10 0 0 0 0 0 0 0 0 0 0 0 
1239 10 0 0 0 0 0 0 0 0 0 0 0 
1240 10 0 0 0 0 0 0 0 0 0 0 0 
1241 10 0 0 0 0 0 0 0 0 0 0 0 
1242 10 0 0 0 0 0 0 0 0 0 0 0 
1243 10 0 0 0 0 0 0 0 0 0 0 0 
1244 10 0 0 0 0 0 0 0 0 0 0 0 
1245 10 0 0 0 0 0 0 0 0 0 0 0 
1246 10 0 0 0 0 0 0 0 0 0 0 0 
1247 10 0 0 0 0 0 0 0 0 0 0 0 
1248 10 0 0 0 0 0 0 0 0 0 0 0 
1249 10 0 0 0 0 0 0 0 0 0 0 0 
1250 10 0 0 0 0 0 0 0 0 0 0 0 
1251 10 0 0 0 0 0 0 0 0 0 0 0 
1252 10 0 0 0 0 0 0 0 0 0 0 0 
1253 10 0 0 0 0 0 0 0 0 0 0 0 
1254 10 0 0 0 0 0 0 0 0 0 0 0 
1255 10 0 0 0 0 0 0 0 0 0 0 0 
1256 10 0 0 0 0 0 0 0 0 0 0 0 
1257 10 0 0 0 0 0 0 0 0 0 0 0 
1258 10 0 0 0 0 0 0 0 0 0 0 0 
1259 10 0 0 0 0 0 0 0 0 0 0 0 
1260 10 0 0 0 0 0 0 0 0 0 0 0 
1261 10 0 0 0 0 0 0 0 0 0 0 0 
1262 10 0 0 0 0 0 0 0 0 0 0 0 
1263 10 0 0 0 0 0 0 0 0 0 0 0 
1264 10 0 0 0 0 0 0 0 0 0 0 0 
1265 10 0 0 0 0 0 0 0 0 0 0 0 
1266 10 0 0 0 0 0 0 0 0 0 0 0 
1267 10 0 0 0 0 0 0 0 0 0 0 0 
1268 10 0 0 0 0 0 0 0 0 0 0 0 
1269 10 0 0 0 0 0 0 0 0 0 0 0 
1270 10 0 0 0 0 0 0 0 0 0 0 0 
1271 10 0 0 0 0 0 0 0 0 0 0 0 
1272 10 0 0 0 0 0 0 0 0 0 0 0 
1273 10 0 0 0 0 0 0 0 0 0 0 0 
1274 10 0 0 0 0 0 0 0 0 0 0 0 
1275 10 0 0 0 0 0 0 0 0 0 0 0 
1276 10 0 0 0 0 0 0 0 0 0 0 0 
1277 10 0 0 0 0 0 0 0 0 0 0 0 
1278 10 0 0 0 0 0 0 0 0 0 0 0 
1279 10 0 0 0 0 0 0 0 0 0 0 0 
1280 10 0 0 0 0 0 0 0 0 0 0 0 
1281 10 0 0 0 0 0 0 0 0 0 0 0 
1282 10 0 0 0 0 0 0 0 0 0 0 0 
1283 10 0 0 0 0 0 0 0 0 0 0 0 
1284 10 0 0 0 0 0 0 0 0 0 0 0 
1285 10 0 0 0 0 0 0 0 0 0 0 0 
1286 10 0 0 0 0 0 0 0 0 0 0 0 
1287 10 0 0 0 0 0 0 0 0 0 0 0 
1288 10 0 0 0 0 0 0 0 0 0 0 0 
1289 10 0 0 0 0 0 0 0 0 0 0 0 
1290 10 0 0 0 0 0 0 0 0 0 0 0 
1291 10 0 0 0 0 0 0 0 0 0 0 0 
1292 10 0 0 0 0 0 0 0 0 0 0 0 
1293 10 0 0 0 0 0 0 0 0 0 0 0 
1294 10 0 0 0 0 0 0 0 0 0 0 0 
1295 10 0 0 0 0 0 0 0 0 0 0 0 
1296 10 0 0 0 0 0 0 0 0 0 0 0 
1297 10 0 0 0 0 0 0 0 0 0 0 0 
1298 10 0 0 0 0 0 0 0 0 0 0 0 
1299 10 0 0 0 0 0 0 0 0 0 0 0 
1300 10 0 0 0 0 0 0 0 0 0 0 0 
1301 10 0 0 0 0 0 0 0 0 0 0 0 
1302 10 0 0 0 0 0 0 0 0 0 0 0 
1303 10 0 0 0 0 0 0 0 0 0 0 0 
1304 10 0 0 0 0 0 0 0 0 0 0 0 
1305 10 0 0 0 0 0 0 0 0 0 0 0 
1306 10 0 0 0 0 0 0 0 0 0 0 0 
1307 10 0 0 0 0 0 0 0 0 0 0 0 
1308 10 0 0 0 0 0 0 0 0 0 0 0 
1309 10 0 0 0 0 0 0 0 0 0 0 0 
1310 10 0 0 0 0 0 0 0 0 0 0 0 
1311 10 0 0 0 0 0 0 0 0 0 0 0 
1312 10 0 0 0 0 0 0 0 0 0 0 0 
1313 10 0 0 0 0 0 0 0 0 0 0 0 
1314 10 0 0 0 0 0 0 0 0 0 0 0 
1315 10 0 0 0 0 0 0 0 0 0 0 0 
1316 10 0 0 0 0 0 0 0 0 0 0 0 
1317 10 0 0 0 0 0 0 0 0 0 0 0 
1318 10 0 0 0 0 0 0 0 0 0 0 0 
1319 10 0 0 0 0 0 0 0 0 0 0 0 
1320 10 0 0 0 0 0 0 0 0 0 0 0 
1321 10 0 0 0 0 0 0 0 0 0 0 0 
1322 10 0 0 0 0 0 0 0 0 0 0 0 
1323 10 0 0 0 0 0 0 0 0 0 0 0 
1324 10 0 0 0 0 0 0 0 0 0 0 0 
1325 10 0 0 0 0 0 0 0 0 0 0 0 
1326 10 0 0 0 0 0 0 0 0 0 0 0 
1327 10 0 0 0 0 0 0 0 0 0 0 0 
1328 10 0 0 0 0 0 0 0 0 0 0 0 
1329 10 0 0 0 0 0 0 0 0 0 0 0 
1330 10 0 0 0 0 0 0 0 0 0 0 0 
1331 10 0 0 0 0 0 0 0 0 0 0 0 
1332 10 0 0 0 0 0 0 0 0 0 0 0 
1333 10 0 0 0 0 0 0 0 0 0 0 0 
1334 10 0 0 0 0 0 0 0 0 0 0 0 
1335 10 0 0 0 0 0 0 0 0 0 0 0 
1336 10 0 0 0 0 0 0 0 0 0 0 0 
1337 10 0 0 0 0 0 0 0 0 0 0 0 
1338 10 0 0 0 0 0 0 0 0 0 0 0 
1339 10 0 0 0 0 0 0 0 0 0 0 0 
1340 10 0 0 0 0 0 0 0 0 0 0 0 
1341 10 0 0 0 0 0 0 0 0 0 0 0 
1342 10 0 0 0 0 0 0 0 0 0 0 0 
1343 10 0 0 0 0 0 0 0 0 0 0 0 
1344 10 0 0 0 0 0 0 0 0 0 0 0 
1345 10 0 0 0 0 0 0 0 0 0 0 0 
1346 10 0 0 0 0 0 0 0 0 0 0 0 
1347 10 0 0 0 0 0 0 0 0 0 0 0 
1348 10 0 0 0 0 0 0 0 0 0 0 0 
1349 10 0 0 0 0 0 0 0 0 0 0 0 
1350 10 0 0 0 0 0 0 0 0 0 0 0 
1351 10 0 0 0 0 0 0 0 0 0 0 0 
1352 10 0 0 0 0 0 0 0 0 0 0 0 
1353 10 0 0 0 0 0 0 0 0 0 0 0 
1354 10 0 0 0 0 0 0 0 0 0 0 0 
1355 10 0 0 0 0 0 0 0 0 0 0 0 
1356 10 0 0 0 0 0 0 0 0 0 0 0 
1357 10 0 0 0 0 0 0 0 0 0 0 0 
1358 10 0 0 0 0 0 0 0 0 0 0 0 
1359 10 0 0 0 0 0 0 0 0 0 0 0 
1360 10 0 0 0 0 0 0 0 0 0 0 0 
1361 10 0 0 0 0 0 0 0 0 0 0 0 
1362 10 0 0 0 0 0 0 0 0 0 0 0 
1363 10 0 0 0 0 0 0 0 0 0 0 0 
1364 10 0 0 0 0 0 0 0 0 0 0 0 
1365 10 0 0 0 0 0 0 0 0 0 0 0 
1366 10 0 0 0 0 0 0 0 0 0 0 0 
1367 10 0 0 0 0 0 0 0 0 0 0 0 
1368 10 0 0 0 0 0 0 0 0 0 0 0 
1369 10 0 0 0 0 0 0 0 0 0 0 0 
1370 10 0 0 0 0 0 0 0 0 0 0 0 
1371 10 0 0 0 0 0 0 0 0 0 0 0 
1372 10 0 0 0 0 0 0 0 0 0 0 0 
1373 10 0 0 0 0 0 0 0 0 0 0 0 
1374 10 0 0 0 0 0 0 0 0 0 0 0 
1375 10 0 0 0 0 0 0 0 0 0 0 0 
1376 10 0 0 0 0 0 0 0 0 0 0 0 
1377 10 0 0 0 0 0 0 0 0 0 0 0 
1378 10 0 0 0 0 0 0 0 0 0 0 0 
1379 10 0 0 0 0 0 0 0 0 0 0 0 
1380 10 0 0 0 0 0 0 0 0 0 0 0 
1381 10 0 0 0 0 0 0 0 0 0 0 0 
1382 10 0 0 0 0 0 0 0 0 0 0 0 
1383 10 0 0 0 0 0 0 0 0 0 0 0 
1384 10 0 0 0 0 0 0 0 0 0 0 0 
1385 10 0 0 0 0 0 0 0 0 0 0 0 
1386 10 0 0 0 0 0 0 0 0 0 0 0 
1387 10 0 0 0 0 0 0 0 0 0 0 0 
1388 10 0 0 0 0 0 0 0 0 0 0 0 
1389 10 0 0 0 0 0 0 0 0 0 0 0 
1390 10 0 0 0 0 0 0 0 0 0 0 0 
1391 10 0 0 0 0 0 0 0 0 0 0 0 
1392 10 0 0 0 0 0 0 0 0 0 0 0 
1393 10 0 0 0 0 0 0 0 0 0 0 0 
1394 10 0 0 0 0 0 0 0 0 0 0 0 
1395 10 0 0 0 0 0 0 0 0 0 0 0 
1396 10 0 0 0 0 0 0 0 0 0 0 0 
1397 10 0 0 0 0 0 0 0 0 0 0 0 
1398 10 0 0 0 0 0 0 0 0 0 0 0 
1399 10 0 0 0 0 0 0 0 0 0 0 0 
1400 10 0 0 0 0 0 0 0 0 0 0 0 
1401 10 0 0 0 0 0 0 0 0 0 0 0 
1402 10 0 0 0 0 0 0 0 0 0 0 0 
1403 10 0 0 0 0 0 0 0 0 0 0 0 
1404 10 0 0 0 0 0 0 0 0 0 0 0 
1405 10 0 0 0 0 0 0 0 0 0 0 0 
1406 10 0 0 0 0 0 0 0 0 0 0 0 
1407 10 0 0 0 0 0 0 0 0 0 0 0 
1408 10 0 0 0 0 0 0 0 0 0 0 0 
1409 10 0 0 0 0 0 0 0 0 0 0 0 
1410 10 0 0 0 0 0 0 0 0 0 0 0 
1411 10 0 0 0 0 0 0 0 0 0 0 0 
1412 10 0 0 0 0 0 0 0 0 0 0 0 
1413 10 0 0 0 0 0 0 0 0 0 0 0 
1414 10 0 0 0 0 0 0 0 0 0 0 0 
1415 10 0 0 0 0 0 0 0 0 0 0 0 
1416 10 0 0 0 0 0 0 0 0 0 0 0 
1417 10 0 0 0 0 0 0 0 0 0 0 0 
1418 10 0 0 0 0 0 0 0 0 0 0 0 
1419 10 0 0 0 0 0 0 0 0 0 0 0 
1420 10 0 0 0 0 0 0 0 0 0 0 0 
1421 10 0 0 0 0 0 0 0 0 0 0 0 
1422 10 0 0 0 0 0 0 0 0 0 0 0 
1423 10 0 0 0 0 0 0 0 0 0 0 0 
1424 10 0 0 0 0 0 0 0 0 0 0 0 
1425 10 0 0 0 0 0 0 0 0 0 0 0 
1426 10 0 0 0 0 0 0 0 0 0 0 0 
1427 10 0 0 0 0 0 0 0 0 0 0 0 
1428 10 0 0 0 0 0 0 0 0 0 0 0 
1429 10 0 0 0 0 0 0 0 0 0 0 0 
1430 10 0 0 0 0 0 0 0 0 0 0 0 
1431 10 0 0 0 0 0 0 0 0 0 0 0 
1432 10 0 0 0 0 0 0 0 0 0 0 0 
1433 10 0 0 0 0 0 0 0 0 0 0 0 
1434 10 0 0 0 0 0 0 0 0 0 0 0 
1435 10 0 0 0 0 0 0 0 0 0 0 0 
1436 10 0 0 0 0 0 0 0 0 0 0 0 
1437 10 0 0 0 0 0 0 0 0 0 0 0 
1438 10 0 0 0 0 0 0 0 0 0 0 0 
1439 10 0 0 0 0 0 0 0 0 0 0 0 
1440 10 0 0 0 0 0 0 0 0 0 0 0 
1441 10 0 0 0 0 0 0 0 0 0 0 0 
1442 10 0 0 0 0 0 0 0 0 0 0 0 
1443 10 0 0 0 0 0 0 0 0 0 0 0 
1444 10 0 0 0 0 0 0 0 0 0 0 0 
1445 10 0 0 0 0 0 0 0 0 0 0 0 
1446 10 0 0 0 0 0 0 0 0 0 0 0 
1447 10 0 0 0 0 0 0 0 0 0 0 0 
1448 10 0 0 0 0 0 0 0 0 0 0 0 
1449 10 0 0 0 0 0 0 0 0 0 0 0 
1450 10 0 0 0 0 0 0 0 0 0 0 0 
1451 10 0 0 0 0 0 0 0 0 0 0 0 
1452 10 0 0 0 0 0 0 0 0 0 0 0 
1453 10 0 0 0 0 0 0 0 0 0 0 0 
1454 10 0 0 0 0 0 0 0 0 0 0 0 
1455 10 0 0 0 0 0 0 0 0 0 0 0 
1456 10 0 0 0 0 0 0 0 0 0 0 0 
1457 10 0 0 0 0 0 0 0 0 0 0 0 
1458 10 0 0 0 0 0 0 0 0 0 0 0 
1459 10 0 0 0 0 0 0 0 0 0 0 0 
1460 10 0 0 0 0 0 0 0 0 0 0 0 
1461 10 0 0 0 0 0 0 0 0 0 0 0 
1462 10 0 0 0 0 0 0 0 0 0 0 0 
1463 10 0 0 0 0 0 0 0 0 0 0 0 
1464 10 0 0 0 0 0 0 0 0 0 0 0 
1465 10 0 0 0 0 0 0 0 0 0 0 0 
1466 10 0 0 0 0 0 0 0 0 0 0 0 
1467 10 0 0 0 0 0 0 0 0 0 0 0 
1468 10 0 0 0 0 0 0 0 0 0 0 0 
1469 10 0 0 0 0 0 0 0 0 0 0 0 
1470 10 0 0 0 0 0 0 0 0 0 0 0 
1471 10 0 0 0 0 0 0 0 0 0 0 0 
1472 10 0 0 0 0 0 0 0 0 0 0 0 
1473 10 0 0 0 0 0 0 0 0 0 0 0 
1474 10 0 0 0 0 0 0 0 0 0 0 0 
1475 10 0 0 0 0 0 0 0 0 0 0 0 
1476 10 0 0 0 0 0 0 0 0 0 0 0 
1477 10 0 0 0 0 0 0 0 0 0 0 0 
1478 10 0 0 0 0 0 0 0 0 0 0 0 
1479 10 0 0 0 0 0 0 0 0 0 0 0 
1480 10 0 0 0 0 0 0 0 0 0 0 0 
1481 10 0 0 0 0 0 0 0 0 0 0 0 
1482 10 0 0 0 0 0 0 0 0 0 0 0 
1483 10 0 0 0 0 0 0 0 0 0 0 0 
1484 10 0 0 0 0 0 0 0 0 0 0 0 
1485 10 0 0 0 0 0 0 0 0 0 0 0 
1486 10 0 0 0 0 0 0 0 0 0 0 0 
1487 10 0 0 0 0 0 0 0 0 0 0 0 
1488 10 0 0 0 0 0 0 0 0 0 0 0 
1489 10 0 0 0 0 0 0 0 0 0 0 0 
1490 10 0 0 0 0 0 0 0 0 0 0 0 
1491 10 0 0 0 0 0 0 0 0 0 0 0 
1492 10 0 0 0 0 0 0 0 0 0 0 0 
1493 10 0 0 0 0 0 0 0 0 0 0 0 
1494 10 0 0 0 0 0 0 0 0 0 0 0 
1495 10 0 0 0 0 0 0 0 0 0 0 0 
1496 10 0 0 0 0 0 0 0 0 0 0 0 
1497 10 0 0 0 0 0 0 0 0 0 0 0 
1498 10 0 0 0 0 0 0 0 0 0 0 0 
1499 10 0 0 0 0 0 0 0 0 0 0 0 
1500 10 0 0 0 0 0 0 0 0 0 0 0 
1501 10 0 0 0 0 0 0 0 0 0 0 0 
1502 10 0 0 0 0 0 0 0 0 0 0 0 
1503 10 0 0 0 0 0 0 0 0 0 0 0 
1504 10 0 0 0 0 0 0 0 0 0 0 0 
1505 10 0 0 0 0 0 0 0 0 0 0 0 
1506 10 0 0 0 0 0 0 0 0 0 0 0 
1507 10 0 0 0 0 0 0 0 0 0 0 0 
1508 10 0 0 0 0 0 0 0 0 0 0 0 
1509 10 0 0 0 0 0 0 0 0 0 0 0 
1510 10 0 0 0 0 0 0 0 0 0 0 0 
1511 10 0 0 0 0 0 0 0 0 0 0 0 
1512 10 0 0 0 0 0 0 0 0 0 0 0 
1513 10 0 0 0 0 0 0 0 0 0 0 0 
1514 10 0 0 0 0 0 0 0 0 0 0 0 
1515 10 0 0 0 0 0 0 0 0 0 0 0 
1516 10 0 0 0 0 0 0 0 0 0 0 0 
1517 10 0 0 0 0 0 0 0 0 0 0 0 
1518 10 0 0 0 0 0 0 0 0 0 0 0 
1519 10 0 0 0 0 0 0 0 0 0 0 0 
1520 10 0 0 0 0 0 0 0 0 0 0 0 
1521 10 0 0 0 0 0 0 0 0 0 0 0 
1522 10 0 0 0 0 0 0 0 0 0 0 0 
1523 10 0 0 0 0 0 0 0 0 0 0 0 
1524 10 0 0 0 0 0 0 0 0 0 0 0 
1525 10 0 0 0 0 0 0 0 0 0 0 0 
1526 10 0 0 0 0 0 0 0 0 0 0 0 
1527 10 0 0 0 0 0 0 0 0 0 0 0 
1528 10 0 0 0 0 0 0 0 0 0 0 0 
1529 10 0 0 0 0 0 0 0 0 0 0 0 
1530 10 0 0 0 0 0 0 0 0 0 0 0 
1531 10 0 0 0 0 0 0 0 0 0 0 0 
1532 10 0 0 0 0 0 0 0 0 0 0 0 
1533 10 0 0 0 0 0 0 0 0 0 0 0 
1534 10 0 0 0 0 0 0 0 0 0 0 0 
1535 10 0 0 0 0 0 0 0 0 0 0 0 
1536 10 0 0 0 0 0 0 0 0 0 0 0 
1537 10 0 0 0 0 0 0 0 0 0 0 0 
1538 10 0 0 0 0 0 0 0 0 0 0 0 
1539 10 0 0 0 0 0 0 0 0 0 0 0 
1540 10 0 0 0 0 0 0 0 0 0 0 0 
1541 10 0 0 0 0 0 0 0 0 0 0 0 
1542 10 0 0 0 0 0 0 0 0 0 0 0 
1543 10 0 0 0 0 0 0 0 0 0 0 0 
1544 10 0 0 0 0 0 0 0 0 0 0 0 
1545 10 0 0 0 0 0 0 0 0 0 0 0 
1546 10 0 0 0 0 0 0 0 0 0 0 0 
1547 10 0 0 0 0 0 0 0 0 0 0 0 
1548 10 0 0 0 0 0 0 0 0 0 0 0 
1549 10 0 0 0 0 0 0 0 0 0 0 0 
1550 10 0 0 0 0 0 0 0 0 0 0 0 
1551 10 0 0 0 0 0 0 0 0 0 0 0 
1552 10 0 0 0 0 0 0 0 0 0 0 0 
1553 10 0 0 0 0 0 0 0 0 0 0 0 
1554 10 0 0 0 0 0 0 0 0 0 0 0 
1555 10 0 0 0 0 0 0 0 0 0 0 0 
1556 10 0 0 0 0 0 0 0 0 0 0 0 
1557 10 0 0 0 0 0 0 0 0 0 0 0 
1558 10 0 0 0 0 0 0 0 0 0 0 0 
1559 10 4 0 0 0 0 0 0 0 0 0 0 
1560 10 5 0 0 0 0 0 0 0 0 0 0 
1561 10 0 0 0 0 0 0 0 0 0 0 0 
1562 10 0 0 0 0 0 0 0 0 0 0 0 
1563 10 7 0 0 0 0 0 0 0 0 0 0 
1564 10 8 0 0 0 0 0 0 0 0 0 0 
1565 10 9 0 0 0 0 0 0 0 0 0 0 
1566 10 10 0 0 0 0 0 0 0 0 0 0 
1567 10 0 0 0 0 0 0 0 0 0 0 0 
1568 10 0 0 0 0 0 0 0 0 0 0 0 
1569 10 0 0 0 0 0 0 0 0 0 0 0 
1570 10 0 0 0 0 0 0 0 0 0 0 0 
1571 10 0 0 0 0 0 0 0 0 0 0 0 
1572 10 0 0 0 0 0 0 0 0 0 0 0 
1573 10 0 0 0 0 0 0 0 0 0 0 0 
1574 10 0 0 0 0 0 0 0 0 0 0 0 
1575 10 0 0 0 0 0 0 0 0 0 0 0 
1576 10 0 0 0 0 0 0 0 0 0 0 0 
1577 10 0 0 0 0 0 0 0 0 0 0 0 
1578 10 0 0 0 0 0 0 0 0 0 0 0 
1579 10 0 0 0 0 0 0 0 0 0 0 0 
1580 10 0 0 0 0 0 0 0 0 0 0 0 
1581 10 0 0 0 0 0 0 0 0 0 0 0 
1582 10 0 0 0 0 0 0 0 0 0 0 0 
1583 10 0 0 0 0 0 0 0 0 0 0 0 
1584 10 0 0 0 0 0 0 0 0 0 0 0 
1585 10 0 0 0 0 0 0 0 0 0 0 0 
1586 10 0 0 0 0 0 0 0 0 0 0 0 
1587 10 0 0 0 0 0 0 0 0 0 0 0 
1588 10 0 0 0 0 0 0 0 0 0 0 0 
1589 10 0 0 0 0 0 0 0 0 0 0 0 
1590 10 0 0 0 0 0 0 0 0 0 0 0 
1591 10 0 0 0 0 0 0 0 0 0 0 0 
1592 10 0 0 0 0 0 0 0 0 0 0 0 
1593 10 0 0 0 0 0 0 0 0 0 0 0 
1594 10 0 0 0 0 0 0 0 0 0 0 0 
1595 10 0 0 0 0 0 0 0 0 0 0 0 
1596 10 0 0 0 0 0 0 0 0 0 0 0 
1597 10 0 0 0 0 0 0 0 0 0 0 0 
1598 10 0 0 0 0 0 0 0 0 0 0 0 
1599 10 0 0 0 0 0 0 0 0 0 0 0 
1600 10 0 0 0 0 0 0 0 0 0 0 0 
1601 10 0 0 0 0 0 0 0 0 0 0 0 
1602 10 0 0 0 0 0 0 0 0 0 0 0 
1603 10 0 0 0 0 0 0 0 0 0 0 0 
1604 10 0 0 0 0 0 0 0 0 0 0 0 
1605 10 0 0 0 0 0 0 0 0 0 0 0 
1606 10 0 0 0 0 0 0 0 0 0 0 0 
1607 10 0 0 0 0 0 0 0 0 0 0 0 
1608 10 0 0 0 0 0 0 0 0 0 0 0 
1609 10 0 0 0 0 0 0 0 0 0 0 0 
1610 10 0 0 0 0 0 0 0 0 0 0 0 
1611 10 0 0 0 0 0 0 0 0 0 0 0 
1612 10 0 0 0 0 0 0 0 0 0 0 0 
1613 10 0 0 0 0 0 0 0 0 0 0 0 
1614 10 0 0 0 0 0 0 0 0 0 0 0 
1615 10 0 0 0 0 0 0 0 0 0 0 0 
1616 10 0 0 0 0 0 0 0 0 0 0 0 
1617 10 0 0 0 0 0 0 0 0 0 0 0 
1618 10 0 0 0 0 0 0 0 0 0 0 0 
1619 10 0 0 0 0 0 0 0 0 0 0 0 
1620 10 0 0 0 0 0 0 0 0 0 0 0 
1621 10 0 0 0 0 0 0 0 0 0 0 0 
1622 10 0 0 0 0 0 0 0 0 0 0 0 
1623 10 0 0 0 0 0 0 0 0 0 0 0 
1624 10 0 0 0 0 0 0 0 0 0 0 0 
1625 10 0 0 0 0 0 0 0 0 0 0 0 
1626 10 0 0 0 0 0 0 0 0 0 0 0 
1627 10 0 0 0 0 0 0 0 0 0 0 0 
1628 10 0 0 0 0 0 0 0 0 0 0 0 
1629 10 0 0 0 0 0 0 0 0 0 0 0 
1630 10 0 0 0 0 0 0 0 0 0 0 0 
1631 10 0 0 0 0 0 0 0 0 0 0 0 
1632 10 0 0 0 0 0 0 0 0 0 0 0 
1633 10 0 0 0 0 0 0 0 0 0 0 0 
1634 10 0 0 0 0 0 0 0 0 0 0 0 
1635 10 0 0 0 0 0 0 0 0 0 0 0 
1636 10 0 0 0 0 0 0 0 0 0 0 0 
1637 10 0 0 0 0 0 0 0 0 0 0 0 
1638 10 0 0 0 0 0 0 0 0 0 0 0 
1639 10 0 0 0 0 0 0 0 0 0 0 0 
1640 10 0 0 0 0 0 0 0 0 0 0 0 
1641 10 0 0 0 0 0 0 0 0 0 0 0 
1642 10 0 0 0 0 0 0 0 0 0 0 0 
1643 10 0 0 0 0 0 0 0 0 0 0 0 
1644 10 0 0 0 0 0 0 0 0 0 0 0 
1645 10 0 0 0 0 0 0 0 0 0 0 0 
1646 10 0 0 0 0 0 0 0 0 0 0 0 
1647 10 0 0 0 0 0 0 0 0 0 0 0 
1648 10 0 0 0 0 0 0 0 0 0 0 0 
1649 10 0 0 0 0 0 0 0 0 0 0 0 
1650 10 0 0 0 0 0 0 0 0 0 0 0 
1651 10 0 0 0 0 0 0 0 0 0 0 0 
1652 10 0 0 0 0 0 0 0 0 0 0 0 
1653 10 0 0 0 0 0 0 0 0 0 0 0 
1654 10 0 0 0 0 0 0 0 0 0 0 0 
1655 10 0 0 0 0 0 0 0 0 0 0 0 
1656 10 0 0 0 0 0 0 0 0 0 0 0 
1657 10 0 0 0 0 0 0 0 0 0 0 0 
1658 10 0 0 0 0 0 0 0 0 0 0 0 
1659 10 0 0 0 0 0 0 0 0 0 0 0 
1660 10 0 0 0 0 0 0 0 0 0 0 0 
1661 10 0 0 0 0 0 0 0 0 0 0 0 
1662 10 0 0 0 0 0 0 0 0 0 0 0 
1663 10 0 0 0 0 0 0 0 0 0 0 0 
1664 10 0 0 0 0 0 0 0 0 0 0 0 
1665 10 0 0 0 0 0 0 0 0 0 0 0 
1666 10 0 0 0 0 0 0 0 0 0 0 0 
1667 10 0 0 0 0 0 0 0 0 0 0 0 
1668 10 0 0 0 0 0 0 0 0 0 0 0 
1669 10 0 0 0 0 0 0 0 0 0 0 0 
1670 10 0 0 0 0 0 0 0 0 0 0 0 
1671 10 0 0 0 0 0 0 0 0 0 0 0 
1672 10 0 0 0 0 0 0 0 0 0 0 0 
1673 10 0 0 0 0 0 0 0 0 0 0 0 
1674 10 0 0 0 0 0 0 0 0 0 0 0 
1675 10 0 0 0 0 0 0 0 0 0 0 0 
1676 10 0 0 0 0 0 0 0 0 0 0 0 
1677 10 0 0 0 0 0 0 0 0 0 0 0 
1678 10 0 0 0 0 0 0 0 0 0 0 0 
1679 10 0 0 0 0 0 0 0 0 0 0 0 
1680 10 0 0 0 0 0 0 0 0 0 0 0 
1681 10 0 0 0 0 0 0 0 0 0 0 0 
1682 10 0 0 0 0 0 0 0 0 0 0 0 
1683 10 0 0 0 0 0 0 0 0 0 0 0 
1684 10 0 0 0 0 0 0 0 0 0 0 0 
1685 10 0 0 0 0 0 0 0 0 0 0 0 
1686 10 0 0 0 0 0 0 0 0 0 0 0 
1687 10 0 0 0 0 0 0 0 0 0 0 0 
1688 10 0 0 0 0 0 0 0 0 0 0 0 
1689 10 0 0 0 0 0 0 0 0 0 0 0 
1690 10 0 0 0 0 0 0 0 0 0 0 0 
1691 10 0 0 0 0 0 0 0 0 0 0 0 
1692 10 0 0 0 0 0 0 0 0 0 0 0 
1693 10 0 0 0 0 0 0 0 0 0 0 0 
1694 10 0 0 0 0 0 0 0 0 0 0 0 
1695 10 0 0 0 0 0 0 0 0 0 0 0 
1696 10 0 0 0 0 0 0 0 0 0 0 0 
1697 10 0 0 0 0 0 0 0 0 0 0 0 
1698 10 0 0 0 0 0 0 0 0 0 0 0 
1699 10 0 0 0 0 0 0 0 0 0 0 0 
1700 10 0 0 0 0 0 0 0 0 0 0 0 
1701 10 0 0 0 0 0 0 0 0 0 0 0 
1702 10 0 0 0 0 0 0 0 0 0 0 0 
1703 10 0 0 0 0 0 0 0 0 0 0 0 
1704 10 0 0 0 0 0 0 0 0 0 0 0 
1705 10 0 0 0 0 0 0 0 0 0 0 0 
1706 10 0 0 0 0 0 0 0 0 0 0 0 
1707 10 0 0 0 0 0 0 0 0 0 0 0 
1708 10 0 0 0 0 0 0 0 0 0 0 0 
1709 10 0 0 0 0 0 0 0 0 0 0 0 
1710 10 0 0 0 0 0 0 0 0 0 0 0 
1711 10 0 0 0 0 0 0 0 0 0 0 0 
1712 10 0 0 0 0 0 0 0 0 0 0 0 
1713 10 0 0 0 0 0 0 0 0 0 0 0 
1714 10 0 0 0 0 0 0 0 0 0 0 0 
1715 10 0 0 0 0 0 0 0 0 0 0 0 
1716 10 0 0 0 0 0 0 0 0 0 0 0 
1717 10 0 0 0 0 0 0 0 0 0 0 0 
1718 10 0 0 0 0 0 0 0 0 0 0 0 
1719 10 0 0 0 0 0 0 0 0 0 0 0 
1720 10 0 0 0 0 0 0 0 0 0 0 0 
1721 10 0 0 0 0 0 0 0 0 0 0 0 
1722 10 0 0 0 0 0 0 0 0 0 0 0 
1723 10 0 0 0 0 0 0 0 0 0 0 0 
1724 10 0 0 0 0 0 0 0 0 0 0 0 
1725 10 0 0 0 0 0 0 0 0 0 0 0 
1726 10 0 0 0 0 0 0 0 0 0 0 0 
1727 10 0 0 0 0 0 0 0 0 0 0 0 
1728 10 0 0 0 0 0 0 0 0 0 0 0 
1729 10 0 0 0 0 0 0 0 0 0 0 0 
1730 10 0 0 0 0 0 0 0 0 0 0 0 
1731 10 0 0 0 0 0 0 0 0 0 0 0 
1732 10 0 0 0 0 0 0 0 0 0 0 0 
1733 10 0 0 0 0 0 0 0 0 0 0 0 
1734 10 0 0 0 0 0 0 0 0 0 0 0 
1735 10 0 0 0 0 0 0 0 0 0 0 0 
1736 10 0 0 0 0 0 0 0 0 0 0 0 
1737 10 0 0 0 0 0 0 0 0 0 0 0 
1738 10 0 0 0 0 0 0 0 0 0 0 0 
1739 10 0 0 0 0 0 0 0 0 0 0 0 
1740 10 0 0 0 0 0 0 0 0 0 0 0 
1741 10 0 0 0 0 0 0 0 0 0 0 0 
1742 10 0 0 0 0 0 0 0 0 0 0 0 
1743 10 0 0 0 0 0 0 0 0 0 0 0 
1744 10 0 0 0 0 0 0 0 0 0 0 0 
1745 10 0 0 0 0 0 0 0 0 0 0 0 
1746 10 0 0 0 0 0 0 0 0 0 0 0 
1747 10 0 0 0 0 0 0 0 0 0 0 0 
1748 10 0 0 0 0 0 0 0 0 0 0 0 
1749 10 0 0 0 0 0 0 0 0 0 0 0 
1750 10 0 0 0 0 0 0 0 0 0 0 0 
1751 10 0 0 0 0 0 0 0 0 0 0 0 
1752 10 0 0 0 0 0 0 0 0 0 0 0 
1753 10 0 0 0 0 0 0 0 0 0 0 0 
1754 10 0 0 0 0 0 0 0 0 0 0 0 
1755 10 0 0 0 0 0 0 0 0 0 0 0 
1756 10 0 0 0 0 0 0 0 0 0 0 0 
1757 10 0 0 0 0 0 0 0 0 0 0 0 
1758 10 0 0 0 0 0 0 0 0 0 0 0 
1759 10 0 0 0 0 0 0 0 0 0 0 0 
1760 10 0 0 0 0 0 0 0 0 0 0 0 
1761 10 0 0 0 0 0 0 0 0 0 0 0 
1762 10 0 0 0 0 0 0 0 0 0 0 0 
1763 10 0 0 0 0 0 0 0 0 0 0 0 
1764 10 0 0 0 0 0 0 0 0 0 0 0 
1765 10 0 0 0 0 0 0 0 0 0 0 0 
1766 10 0 0 0 0 0 0 0 0 0 0 0 
1767 10 0 0 0 0 0 0 0 0 0 0 0 
1768 10 0 0 0 0 0 0 0 0 0 0 0 
1769 10 0 0 0 0 0 0 0 0 0 0 0 
1770 10 0 0 0 0 0 0 0 0 0 0 0 
1771 10 0 0 0 0 0 0 0 0 0 0 0 
1772 10 0 0 0 0 0 0 0 0 0 0 0 
1773 10 0 0 0 0 0 0 0 0 0 0 0 
1774 10 0 0 0 0 0 0 0 0 0 0 0 
1775 10 0 0 0 0 0 0 0 0 0 0 0 
1776 10 0 0 0 0 0 0 0 0 0 0 0 
1777 10 0 0 0 0 0 0 0 0 0 0 0 
1778 10 0 0 0 0 0 0 0 0 0 0 0 
1779 10 0 0 0 0 0 0 0 0 0 0 0 
1780 10 0 0 0 0 0 0 0 0 0 0 0 
1781 10 0 0 0 0 0 0 0 0 0 0 0 
1782 10 0 0 0 0 0 0 0 0 0 0 0 
1783 10 0 0 0 0 0 0 0 0 0 0 0 
1784 10 0 0 0 0 0 0 0 0 0 0 0 
1785 10 0 0 0 0 0 0 0 0 0 0 0 
1786 10 0 0 0 0 0 0 0 0 0 0 0 
1787 10 0 0 0 0 0 0 0 0 0 0 0 
1788 10 0 0 0 0 0 0 0 0 0 0 0 
1789 10 0 0 0 0 0 0 0 0 0 0 0 
1790 10 0 0 0 0 0 0 0 0 0 0 0 
1791 10 0 0 0 0 0 0 0 0 0 0 0 
1792 10 0 0 0 0 0 0 0 0 0 0 0 
1793 10 0 0 0 0 0 0 0 0 0 0 0 
1794 10 0 0 0 0 0 0 0 0 0 0 0 
1795 10 0 0 0 0 0 0 0 0 0 0 0 
1796 10 0 0 0 0 0 0 0 0 0 0 0 
1797 10 0 0 0 0 0 0 0 0 0 0 0 
1798 10 0 0 0 0 0 0 0 0 0 0 0 
1799 10 0 0 0 0 0 0 0 0 0 0 0 
1800 10 0 0 0 0 0 0 0 0 0 0 0 
1801 10 0 0 0 0 0 0 0 0 0 0 0 
1802 10 0 0 0 0 0 0 0 0 0 0 0 
1803 10 0 0 0 0 0 0 0 0 0 0 0 
1804 10 0 0 0 0 0 0 0 0 0 0 0 
1805 10 0 0 0 0 0 0 0 0 0 0 0 
1806 10 0 0 0 0 0 0 0 0 0 0 0 
1807 10 0 0 0 0 0 0 0 0 0 0 0 
1808 10 0 0 0 0 0 0 0 0 0 0 0 
1809 10 0 0 0 0 0 0 0 0 0 0 0 
1810 10 0 0 0 0 0 0 0 0 0 0 0 
1811 10 0 0 0 0 0 0 0 0 0 0 0 
1812 10 0 0 0 0 0 0 0 0 0 0 0 
1813 10 0 0 0 0 0 0 0 0 0 0 0 
1814 10 0 0 0 0 0 0 0 0 0 0 0 
1815 10 30 0 0 0 0 0 0 0 0 0 0 
1816 10 31 0 0 0 0 0 0 0 0 0 0 
1817 10 0 0 0 0 0 0 0 0 0 0 0 
1818 10 0 0 0 0 0 0 0 0 0 0 0 
1819 10 33 0 0 0 0 0 0 0 0 0 0 
1820 10 34 0 0 0 0 0 0 0 0 0 0 
1821 10 0 0 0 0 0 0 0 0 0 0 0 
1822 10 0 0 0 0 0 0 0 0 0 0 0 
1823 10 0 0 0 0 0 0 0 0 0 0 0 
1824 10 0 0 0 0 0 0 0 0 0 0 0 
1825 10 0 0 0 0 0 0 0 0 0 0 0 
1826 10 0 0 0 0 0 0 0 0 0 0 0 
1827 10 38 0 0 0 0 0 0 0 0 0 0 
1828 10 39 0 0 0 0 0 0 0 0 0 0 
1829 10 0 0 0 0 0 0 0 0 0 0 0 
1830 10 0 0 0 0 0 0 0 0 0 0 0 
1831 10 41 0 0 0 0 0 0 0 0 0 0 
1832 10 42 0 0 0 0 0 0 0 0 0 0 
1833 10 0 0 0 0 0 0 0 0 0 0 0 
1834 10 0 0 0 0 0 0 0 0 0 0 0 
1835 10 0 0 0 0 0 0 0 0 0 0 0 
1836 10 0 0 0 0 0 0 0 0 0 0 0 
1837 10 0 0 0 0 0 0 0 0 0 0 0 
1838 10 0 0 0 0 0 0 0 0 0 0 0 
1839 10 0 0 0 0 0 0 0 0 0 0 0 
1840 10 0 0 0 0 0 0 0 0 0 0 0 
1841 10 0 0 0 0 0 0 0 0 0 0 0 
1842 10 0 0 0 0 0 0 0 0 0 0 0 
1843 10 0 0 0 0 0 0 0 0 0 0 0 
1844 10 0 0 0 0 0 0 0 0 0 0 0 
1845 10 47 0 0 0 0 0 0 0 0 0 0 
1846 10 48 0 0 0 0 0 0 0 0 0 0 
1847 10 0 0 0 0 0 0 0 0 0 0 0 
1848 10 0 0 0 0 0 0 0 0 0 0 0 
1849 10 0 0 0 0 0 0 0 0 0 0 0 
1850 10 0 0 0 0 0 0 0 0 0 0 0 
1851 10 0 0 0 0 0 0 0 0 0 0 0 
1852 10 0 0 0 0 0 0 0 0 0 0 0 
1853 10 0 0 0 0 0 0 0 0 0 0 0 
1854 10 0 0 0 0 0 0 0 0 0 0 0 
1855 10 0 0 0 0 0 0 0 0 0 0 0 
1856 10 0 0 0 0 0 0 0 0 0 0 0 
1857 10 0 0 0 0 0 0 0 0 0 0 0 
1858 10 0 0 0 0 0 0 0 0 0 0 0 
1859 10 0 0 0 0 0 0 0 0 0 0 0 
1860 10 0 0 0 0 0 0 0 0 0 0 0 
1861 10 0 0 0 0 0 0 0 0 0 0 0 
1862 10 0 0 0 0 0 0 0 0 0 0 0 
1863 10 0 0 0 0 0 0 0 0 0 0 0 
1864 10 0 0 0 0 0 0 0 0 0 0 0 
1865 10 0 0 0 0 0 0 0 0 0 0 0 
1866 10 0 0 0 0 0 0 0 0 0 0 0 
1867 10 0 0 0 0 0 0 0 0 0 0 0 
1868 10 0 0 0 0 0 0 0 0 0 0 0 
1869 10 0 0 0 0 0 0 0 0 0 0 0 
1870 10 0 0 0 0 0 0 0 0 0 0 0 
1871 10 0 0 0 0 0 0 0 0 0 0 0 
1872 10 0 0 0 0 0 0 0 0 0 0 0 
1873 10 0 0 0 0 0 0 0 0 0 0 0 
1874 10 0 0 0 0 0 0 0 0 0 0 0 
1875 10 0 0 0 0 0 0 0 0 0 0 0 
1876 10 0 0 0 0 0 0 0 0 0 0 0 
1877 10 0 0 0 0 0 0 0 0 0 0 0 
1878 10 0 0 0 0 0 0 0 0 0 0 0 
1879 10 0 0 0 0 0 0 0 0 0 0 0 
1880 10 0 0 0 0 0 0 0 0 0 0 0 
1881 10 0 0 0 0 0 0 0 0 0 0 0 
1882 10 0 0 0 0 0 0 0 0 0 0 0 
1883 10 0 0 0 0 0 0 0 0 0 0 0 
1884 10 0 0 0 0 0 0 0 0 0 0 0 
1885 10 0 0 0 0 0 0 0 0 0 0 0 
1886 10 0 0 0 0 0 0 0 0 0 0 0 
1887 10 0 0 0 0 0 0 0 0 0 0 0 
1888 10 0 0 0 0 0 0 0 0 0 0 0 
1889 10 0 0 0 0 0 0 0 0 0 0 0 
1890 10 0 0 0 0 0 0 0 0 0 0 0 
1891 10 0 0 0 0 0 0 0 0 0 0 0 
1892 10 0 0 0 0 0 0 0 0 0 0 0 
1893 10 0 0 0 0 0 0 0 0 0 0 0 
1894 10 0 0 0 0 0 0 0 0 0 0 0 
1895 10 0 0 0 0 0 0 0 0 0 0 0 
1896 10 0 0 0 0 0 0 0 0 0 0 0 
1897 10 0 0 0 0 0 0 0 0 0 0 0 
1898 10 0 0 0 0 0 0 0 0 0 0 0 
1899 10 0 0 0 0 0 0 0 0 0 0 0 
1900 10 0 0 0 0 0 0 0 0 0 0 0 
1901 10 0 0 0 0 0 0 0 0 0 0 0 
1902 10 0 0 0 0 0 0 0 0 0 0 0 
1903 10 0 0 0 0 0 0 0 0 0 0 0 
1904 10 0 0 0 0 0 0 0 0 0 0 0 
1905 10 0 0 0 0 0 0 0 0 0 0 0 
1906 10 0 0 0 0 0 0 0 0 0 0 0 
1907 10 0 0 0 0 0 0 0 0 0 0 0 
1908 10 0 0 0 0 0 0 0 0 0 0 0 
1909 10 0 0 0 0 0 0 0 0 0 0 0 
1910 10 0 0 0 0 0 0 0 0 0 0 0 
1911 10 0 0 0 0 0 0 0 0 0 0 0 
1912 10 0 0 0 0 0 0 0 0 0 0 0 
1913 10 0 0 0 0 0 0 0 0 0 0 0 
1914 10 0 0 0 0 0 0 0 0 0 0 0 
1915 10 0 0 0 0 0 0 0 0 0 0 0 
1916 10 0 0 0 0 0 0 0 0 0 0 0 
1917 10 0 0 0 0 0 0 0 0 0 0 0 
1918 10 0 0 0 0 0 0 0 0 0 0 0 
1919 10 0 0 0 0 0 0 0 0 0 0 0 
1920 10 0 0 0 0 0 0 0 0 0 0 0 
1921 10 0 0 0 0 0 0 0 0 0 0 0 
1922 10 0 0 0 0 0 0 0 0 0 0 0 
1923 10 0 0 0 0 0 0 0 0 0 0 0 
1924 10 0 0 0 0 0 0 0 0 0 0 0 
1925 10 0 0 0 0 0 0 0 0 0 0 0 
1926 10 0 0 0 0 0 0 0 0 0 0 0 
1927 10 0 0 0 0 0 0 0 0 0 0 0 
1928 10 0 0 0 0 0 0 0 0 0 0 0 
1929 10 0 0 0 0 0 0 0 0 0 0 0 
1930 10 0 0 0 0 0 0 0 0 0 0 0 
1931 10 0 0 0 0 0 0 0 0 0 0 0 
1932 10 0 0 0 0 0 0 0 0 0 0 0 
1933 10 0 0 0 0 0 0 0 0 0 0 0 
1934 10 0 0 0 0 0 0 0 0 0 0 0 
1935 10 0 0 0 0 0 0 0 0 0 0 0 
1936 10 0 0 0 0 0 0 0 0 0 0 0 
1937 10 0 0 0 0 0 0 0 0 0 0 0 
1938 10 0 0 0 0 0 0 0 0 0 0 0 
1939 10 0 0 0 0 0 0 0 0 0 0 0 
1940 10 0 0 0 0 0 0 0 0 0 0 0 
1941 10 0 0 0 0 0 0 0 0 0 0 0 
1942 10 0 0 0 0 0 0 0 0 0 0 0 
1943 10 0 0 0 0 0 0 0 0 0 0 0 
1944 10 0 0 0 0 0 0 0 0 0 0 0 
1945 10 0 0 0 0 0 0 0 0 0 0 0 
1946 10 0 0 0 0 0 0 0 0 0 0 0 
1947 10 0 0 0 0 0 0 0 0 0 0 0 
1948 10 0 0 0 0 0 0 0 0 0 0 0 
1949 10 0 0 0 0 0 0 0 0 0 0 0 
1950 10 0 0 0 0 0 0 0 0 0 0 0 
1951 10 0 0 0 0 0 0 0 0 0 0 0 
1952 10 0 0 0 0 0 0 0 0 0 0 0 
1953 10 0 0 0 0 0 0 0 0 0 0 0 
1954 10 0 0 0 0 0 0 0 0 0 0 0 
1955 10 0 0 0 0 0 0 0 0 0 0 0 
1956 10 0 0 0 0 0 0 0 0 0 0 0 
1957 10 0 0 0 0 0 0 0 0 0 0 0 
1958 10 0 0 0 0 0 0 0 0 0 0 0 
1959 10 0 0 0 0 0 0 0 0 0 0 0 
1960 10 0 0 0 0 0 0 0 0 0 0 0 
1961 10 0 0 0 0 0 0 0 0 0 0 0 
1962 10 0 0 0 0 0 0 0 0 0 0 0 
1963 10 0 0 0 0 0 0 0 0 0 0 0 
1964 10 0 0 0 0 0 0 0 0 0 0 0 
1965 10 0 0 0 0 0 0 0 0 0 0 0 
1966 10 0 0 0 0 0 0 0 0 0 0 0 
1967 10 0 0 0 0 0 0 0 0 0 0 0 
1968 10 0 0 0 0 0 0 0 0 0 0 0 
1969 10 0 0 0 0 0 0 0 0 0 0 0 
1970 10 0 0 0 0 0 0 0 0 0 0 0 
1971 10 0 0 0 0 0 0 0 0 0 0 0 
1972 10 0 0 0 0 0 0 0 0 0 0 0 
1973 10 0 0 0 0 0 0 0 0 0 0 0 
1974 10 0 0 0 0 0 0 0 0 0 0 0 
1975 10 0 0 0 0 0 0 0 0 0 0 0 
1976 10 0 0 0 0 0 0 0 0 0 0 0 
1977 10 0 0 0 0 0 0 0 0 0 0 0 
1978 10 0 0 0 0 0 0 0 0 0 0 0 
1979 10 0 0 0 0 0 0 0 0 0 0 0 
1980 10 0 0 0 0 0 0 0 0 0 0 0 
1981 10 0 0 0 0 0 0 0 0 0 0 0 
1982 10 0 0 0 0 0 0 0 0 0 0 0 
1983 10 0 0 0 0 0 0 0 0 0 0 0 
1984 10 0 0 0 0 0 0 0 0 0 0 0 
1985 10 0 0 0 0 0 0 0 0 0 0 0 
1986 10 0 0 0 0 0 0 0 0 0 0 0 
1987 10 0 0 0 0 0 0 0 0 0 0 0 
1988 10 0 0 0 0 0 0 0 0 0 0 0 
1989 10 0 0 0 0 0 0 0 0 0 0 0 
1990 10 0 0 0 0 0 0 0 0 0 0 0 
1991 10 0 0 0 0 0 0 0 0 0 0 0 
1992 10 0 0 0 0 0 0 0 0 0 0 0 
1993 10 0 0 0 0 0 0 0 0 0 0 0 
1994 10 0 0 0 0 0 0 0 0 0 0 0 
1995 10 0 0 0 0 0 0 0 0 0 0 0 
1996 10 0 0 0 0 0 0 0 0 0 0 0 
1997 10 0 0 0 0 0 0 0 0 0 0 0 
1998 10 0 0 0 0 0 0 0 0 0 0 0 
1999 10 0 0 0 0 0 0 0 0 0 0 0 
2000 10 0 0 0 0 0 0 0 0 0 0 0 
2001 10 0 0 0 0 0 0 0 0 0 0 0 
2002 10 0 0 0 0 0 0 0 0 0 0 0 
2003 10 0 0 0 0 0 0 0 0 0 0 0 
2004 10 0 0 0 0 0 0 0 0 0 0 0 
2005 10 0 0 0 0 0 0 0 0 0 0 0 
2006 10 0 0 0 0 0 0 0 0 0 0 0 
2007 10 0 0 0 0 0 0 0 0 0 0 0 
2008 10 0 0 0 0 0 0 0 0 0 0 0 
2009 10 0 0 0 0 0 0 0 0 0 0 0 
2010 10 0 0 0 0 0 0 0 0 0 0 0 
2011 10 0 0 0 0 0 0 0 0 0 0 0 
2012 10 0 0 0 0 0 0 0 0 0 0 0 
2013 10 0 0 0 0 0 0 0 0 0 0 0 
2014 10 0 0 0 0 0 0 0 0 0 0 0 
2015 10 0 0 0 0 0 0 0 0 0 0 0 
2016 10 0 0 0 0 0 0 0 0 0 0 0 
2017 10 0 0 0 0 0 0 0 0 0 0 0 
2018 10 0 0 0 0 0 0 0 0 0 0 0 
2019 10 0 0 0 0 0 0 0 0 0 0 0 
2020 10 0 0 0 0 0 0 0 0 0 0 0 
2021 10 0 0 0 0 0 0 0 0 0 0 0 
2022 10 0 0 0 0 0 0 0 0 0 0 0 
2023 10 0 0 0 0 0 0 0 0 0 0 0 
2024 10 0 0 0 0 0 0 0 0 0 0 0 
2025 10 0 0 0 0 0 0 0 0 0 0 0 
2026 10 0 0 0 0 0 0 0 0 0 0 0 
2027 10 0 0 0 0 0 0 0 0 0 0 0 
2028 10 0 0 0 0 0 0 0 0 0 0 0 
2029 10 0 0 0 0 0 0 0 0 0 0 0 
2030 10 0 0 0 0 0 0 0 0 0 0 0 
2031 10 0 0 0 0 0 0 0 0 0 0 0 
2032 10 0 0 0 0 0 0 0 0 0 0 0 
2033 10 0 0 0 0 0 0 0 0 0 0 0 
2034 10 0 0 0 0 0 0 0 0 0 0 0 
2035 10 0 0 0 0 0 0 0 0 0 0 0 
2036 10 0 0 0 0 0 0 0 0 0 0 0 
2037 10 0 0 0 0 0 0 0 0 0 0 0 
2038 10 0 0 0 0 0 0 0 0 0 0 0 
2039 10 0 0 0 0 0 0 0 0 0 0 0 
2040 10 0 0 0 0 0 0 0 0 0 0 0 
2041 10 0 0 0 0 0 0 0 0 0 0 0 
2042 10 0 0 0 0 0 0 0 0 0 0 0 
2043 10 0 0 0 0 0 0 0 0 0 0 0 
2044 10 0 0 0 0 0 0 0 0 0 0 0 
2045 10 0 0 0 0 0 0 0 0 0 0 0 
2046 10 0 0 0 0 0 0 0 0 0 0 0 

0 3 3 0 0.00241838 1 33 -29 1 0.996355 820 19 3 19 -17 19 -7 19 -27 -16 1 -16 11 19 -27 19 33 -16 -49 19 -7 19 -7 19 3 19 -27 19 33 19 -17 19 -17 19 23 19 -37 19 43 -16 -9 -16 -39 19 3 24 31 24 41 19 13 19 23 19 13 19 3 19 23 19 33 19 -7 -16 21 24 -29 24 -19 -16 31 24 21 19 43 -16 41 24 -39 -16 -19 19 13 19 -27 19 -37 24 -9 24 1 24 11 24 21 19 33 -16 -29 -16 41 24 1 19 13 24 -19 -16 21 -16 -19 -16 31 -16 11 -16 -29 24 31 24 -49 -16 1 24 41 -16 -49 24 -9 19 13 24 -9 24 11 24 11 24 11 -16 -39 19 23 24 1 19 3 24 21 24 -39 24 -9 -16 1 24 -39 24 21 -16 31 9 -47 24 21 24 31 -16 41 9 -47 9 -47 19 43 -16 31 -16 1 -21 43 -21 43 -16 41 9 43 9 -37 9 -37 -16 -19 9 -47 -16 -19 19 33 -16 -29 -16 -49 -16 -39 -16 11 -16 -29 24 -9 9 -27 24 41 9 -27 9 33 9 -37 -16 -9 -16 31 9 -27 24 -29 9 43 -21 43 9 -37 -16 -9 9 -17 -16 21 -21 -17 -21 3 -21 33 -16 11 -16 21 9 3 9 43 24 -19 24 11 24 31 -16 -39 24 -19 9 43 24 41 9 33 9 33 -21 -27 -16 -9 -21 -47 9 3 9 -17 -6 41 24 11 -21 -47 -21 -37 24 -29 9 -17 -16 41 24 1 9 43 9 -17 -21 -27 -21 33 9 -27 -16 21 -21 13 -21 13 -21 33 -21 -17 9 43 9 -7 -21 43 24 -39 9 -37 9 -47 24 -19 -21 23 9 23 -21 23 24 -49 24 -39 9 -47 9 -17 -21 -27 9 13 24 -9 14 -19 9 33 9 -27 24 21 9 23 9 13 9 13 -21 33 9 23 14 -39 24 1 14 -9 -6 1 9 23 14 -39 -21 -27 14 1 -21 -7 24 -9 -16 1 14 -9 -21 -17 -21 -7 -21 3 14 -49 -21 43 9 -7 -21 -47 9 -17 14 31 9 -37 -21 3 -21 -47 -6 -9 -21 23 14 -29 9 33 -16 -29 -16 -19 -21 -17 9 -7 9 -27 -21 -37 -21 23 14 -19 -21 33 -6 31 -21 -47 -21 -7 -21 13 24 -49 -21 33 9 3 14 -49 14 -29 9 3 -21 -7 9 23 14 31 14 41 14 11 9 3 -21 -17 -21 13 -21 33 9 43 14 1 -6 -19 -21 43 -16 -9 -21 43 9 -27 14 21 -21 -27 9 -7 -21 -27 9 -17 -21 33 -16 11 -21 3 -21 3 -6 11 9 -7 9 13 -6 -29 -6 -39 9 23 -21 -47 -16 -39 9 33 9 13 -21 3 9 3 -21 13 9 -7 -21 -47 9 23 9 -17 9 -17 -21 23 -21 -37 9 -47 -21 -17 -21 -27 -21 -17 9 -7 -21 13 -21 33 -21 33 -21 -17 9 3 -21 33 9 -27 14 11 -21 43 14 31 9 -7 9 -17 9 13 14 41 -21 13 9 43 -1 53 -21 -37 -6 -49 9 -37 9 -37 9 33 9 -27 -21 -7 -21 13 9 -17 14 41 14 21 -21 13 -16 -49 -21 23 -21 13 9 3 -21 -27 -21 -37 9 13 -21 23 9 3 -21 43 9 13 9 -47 9 -37 9 -27 9 -7 -21 43 9 -27 9 3 9 23 9 33 -21 23 -21 -7 -21 33 9 -37 9 43 9 23 -21 -17 -21 23 -21 43 -6 41 9 43 -21 23 -21 -37 9 -47 -16 31 14 -9 -21 3 9 33 -1 43 9 3 -21 23 -1 43 -21 13 -21 13 -21 -7 -16 41 -21 3 9 -7 14 1 9 -7 9 -47 -1 43 -21 3 9 23 9 13 -21 3 9 13 9 -27 -21 3 -21 3 9 -27 9 -17 -21 -7 -6 31 -21 -7 9 43 -16 31 -6 -29 -16 21 -16 21 9 -7 -1 23 9 -37 9 23 -6 -39 14 -39 -1 -47 -11 43 -6 -49 4 41 4 21 -21 -7 9 -37 -1 23 9 -17 -21 -7 14 11 -21 13 -21 -47 9 -47 -1 -27 -21 -17 -6 -9 9 33 -6 11 -16 41 14 -19 -6 21 -6 31 -6 41 -6 11 4 -49 9 13 -21 -27 9 43 -21 -27 -1 13 -1 -37 -1 33 -6 -9 -16 11 -11 33 14 -49 9 3 -11 -7 -1 -27 4 -29 -6 -19 -6 -19 -21 -17 4 1 -21 -47 -1 -47 4 -39 -6 -49 -21 33 -16 11 14 21 -21 3 -1 -37 -21 -27 4 11 14 -39 -11 43 14 -29 -6 1 -6 -39 14 -29 -6 1 -16 -19 -11 23 -6 -29 -21 -37 -21 -7 -21 -7 -21 -27 14 -49 -1 23 -11 33 -11 13 -16 -29 -21 -37 -11 -17 -6 41 4 -19 4 31 -21 -17 14 -39 -11 33 -6 31 -21 -37 -11 3 -1 -17 -11 -47 -11 -17 -21 23 -21 43 4 41 -16 -29 -11 43 -11 -47 -1 33 -21 -37 4 -9 -11 23 -16 1 -11 -27 -16 -9 -16 -9 -16 -19 -16 -39 -11 23 -11 23 14 -49 -21 -47 14 31 -11 -7 -11 -37 -11 -7 14 11 14 11 14 -9 -1 -17 14 -9 14 -19 14 31 14 51 14 41 4 -49 -1 13 -16 -49 -16 1 -11 -27 -1 43 4 -29 -1 -47 -1 -37 -1 -27 14 1 14 -39 -1 13 -1 13 14 1 -1 13 -11 33 14 -19 14 -29 14 1 9 23 -1 -37 -11 33 14 41 -11 -27 9 13 -11 13 -1 13 -11 43 4 41 -11 3 -1 -27 -1 3 -1 -7 -1 -27 -1 3 -1 -27 -1 3 -11 13 -11 13 -21 -47 -1 -17 14 21 14 21 -11 23 -1 -47 -1 -37 4 -19 -1 3 -1 23 -1 -47 -11 43 -11 3 -1 -7 14 11 -1 43 14 -29 -1 -7 4 -39 -1 -47 4 1 4 11 -1 -7 -1 -17 -1 -37 14 -49 14 31 9 43 -6 41 -1 3 -1 -37 -11 33 14 -9 4 31 4 11 -11 43 -1 -37 -1 33 -1 3 -11 -7 -1 -7 -1 33 -1 3 -6 11 -1 43 -1 -27 -6 -9 -11 -37 -1 -47 -1 -7 -1 3 -11 23 -1 33 -11 23 -11 -17 -11 43 -1 13 -1 23 -1 -47 -1 3 -1 -37 -1 33 -1 13 -11 33 -1 -47 -1 -17 -11 -17 -1 -37 -1 -17 -1 -7 -1 13 -1 23 14 31 14 41 -1 -7 -11 23 -16 -49 -1 3 -1 33 -1 43 -11 13 -1 -7 -1 -17 -1 -27 -1 -17 -1 -37 -1 43 4 -9 -1 23 -1 -17 -1 -7 -1 43 -1 33 -11 -7 -11 -17 4 1 -11 13 4 -9 -1 13 -6 31 -11 -17 -11 33 -11 3 -1 3 14 21 -11 -7 -11 -47 4 -39 -11 -7 14 1 -11 -27 14 -49 -11 -47 14 -19 -11 -47 -11 -7 -11 3 -1 -27 -11 -37 -11 -37 -11 13 -11 -17 -1 43 -6 -49 -11 -37 -1 -47 14 11 14 -9 -6 21 -1 -27 -1 -17 -1 -7 14 -29 14 -39 -11 -17 -6 31 -6 41 -11 3 -11 -7 -6 -29 -11 -47 -11 -37 -6 41 -1 13 -1 3 -1 -7 -11 -27 -11 3 -11 -27 -1 -47 -11 -47 -6 -39 -11 13 -11 23 -11 33 -1 -27 -6 21 -1 13 -11 3 -11 -27 -1 -37 -1 13 -6 -49 4 41 -6 1 4 -49 -11 33 -11 -7 4 31 4 41 -11 -47 -6 21 -11 -17 -11 43 -1 23 -11 23 4 -49 -11 43 -1 -37 -11 -37 -11 -37 -11 -17 -11 -7 4 21 4 11 -11 13 -11 33 -11 43 -11 33 -11 -47 -11 -27 -11 3 4 -9 -6 1 -6 -9 -6 -19 -6 -29 4 1 -6 -39 4 41 -11 -37 4 11 4 31 -11 -47 -6 1 -6 -9 4 21 -11 -27 -11 -37 -1 -7 -1 -17 4 31 -11 -47 -6 21 -6 31 -11 3 -11 3 -11 13 -11 13 -11 -27 -11 -17 -11 -7 4 -39 -11 -27 -1 3 -11 23 -1 33 -6 -39 4 -19 4 11 -1 43 -1 33 4 -29 4 21 4 -19 4 -39 -6 -29 -6 -9 -6 -49 4 1 -1 23 -11 3 4 1 -6 -19 -1 43 4 -49 4 31 4 -29 4 -9 4 1 -6 -39 -6 1 4 11 4 21 4 -9 -6 -29 4 41 4 -29 4 -39 4 -19 4 -49 -6 -49 4 -39 24 -49 19 -17 24 51 24 -49 4 51 19 23 19 43 19 -7 2 0.0120337 5 41 4 51 4 51 4 -59 -26 41 4 
1 3 2 0 0.971429 34 13 -69 13 -39 13 -69 23 11 6 -35 13 -19 13 -79 23 -9 -17 -59 -14 35 -24 25 23 1 23 -79 23 -69 23 -69 -14 35 -14 25 -14 35 23 -79 -14 35 -14 35 13 -39 -24 35 -14 -5 13 11 -24 35 16 35 -14 45 -14 -75 -24 25 13 -79 16 35 -24 35 13 -69 2 0.105263 2 31 -16 31 14 
2 3 2 0 0.444444 2 3 81 23 -19 2 0.833333 5 31 -26 31 14 61 4 31 -36 31 14 
3 3 2 0 0.982456 28 13 -59 23 -59 16 -25 16 35 16 25 16 -45 16 -35 13 1 16 -35 16 -25 23 -39 16 -45 16 -45 16 35 16 5 16 -15 13 -49 13 -59 16 15 16 -55 16 -5 16 25 16 5 16 -15 16 -5 23 1 23 -19 23 -9 2 0.0666667 1 31 -36 
4 3 2 0 0.5625 9 33 1 -27 11 -27 11 33 11 -27 -69 -17 -39 16 5 -17 -19 -14 35 2 0.756757 14 -29 -6 -29 -26 -29 -36 -19 14 -19 -16 -19 14 -19 -26 -19 -16 31 -16 41 -6 -9 -26 31 -16 -19 -36 -19 -36 
5 3 2 0 0.133333 6 16 5 16 -45 13 81 -14 75 -27 -9 -17 -49 2 0.962963 78 -19 -6 -19 14 -9 -36 31 -26 31 -26 31 -36 31 -16 41 4 -29 -16 31 -36 -29 -26 -29 14 31 -36 31 -26 -19 -16 31 4 31 -6 -29 4 31 -6 31 14 -29 14 -19 -26 31 -36 31 -6 -9 -36 31 4 31 -6 31 -16 31 -26 -29 -16 -19 4 -29 -6 31 14 -29 -26 -29 -36 31 -36 -9 -36 31 4 -29 4 31 -36 31 14 31 -16 31 -26 -29 -16 31 -36 -19 14 31 -16 31 -26 31 4 -9 -26 31 -16 31 -36 -29 -16 -19 14 31 -6 -19 4 31 -36 31 14 -29 -6 31 14 31 -26 -29 14 31 -26 31 -26 -29 -36 31 -16 -19 4 31 -26 -19 -6 31 -6 31 14 -29 -6 -19 -6 -19 -26 -19 4 -19 -26 -29 14 -19 -16 
6 3 2 0 0.923077 6 26 25 23 -29 23 21 26 25 23 -19 26 35 2 0.25 1 -19 4 
7 3 2 0 0.918033 28 23 1 -14 45 6 55 6 55 6 55 16 -75 -24 45 -4 55 -24 45 -24 45 -27 -39 -24 45 -27 -29 6 55 6 55 13 -9 -24 25 -24 -65 13 -19 13 1 -24 25 -27 -49 -27 -49 -27 -79 13 -29 -14 -45 -24 35 -14 -65 2 0.263158 5 -29 -16 21 -26 31 4 -29 -6 -29 4 
8 3 2 0 0.307692 2 23 21 -14 25 2 0.9 9 -29 4 31 4 -29 4 -29 4 -29 4 -19 -26 -19 -26 -29 -16 -29 4 
9 3 2 0 0.305882 13 13 -89 -14 25 -14 35 -27 11 6 -45 6 -45 13 -59 -14 25 6 -15 -14 35 16 -65 -14 -65 23 -39 2 0.900763 59 21 14 21 14 21 14 -29 14 -19 -16 -29 -16 21 -26 21 -26 21 -16 -19 14 -19 -16 -29 -26 31 -6 21 -36 -19 -6 21 -16 -29 -36 -29 -6 21 -36 31 -6 31 -26 -19 14 -29 -6 -19 14 -29 14 -19 4 -19 -26 31 14 31 -6 -29 4 31 14 -29 14 -29 -26 31 4 31 14 -19 -16 -19 14 31 -36 -29 -36 -19 -6 -29 -26 -29 -6 -29 14 -29 -36 -29 -6 -29 -36 -29 14 31 -6 31 -36 -19 -26 -29 -36 -19 -36 31 -36 -19 -36 -19 -36 31 -6 -19 -36 -29 14 31 -26 
10 3 2 0 0.947368 9 13 -19 13 -59 13 -69 -27 -59 16 -15 16 -25 16 -35 16 -5 16 -45 2 0.181818 1 31 -6 
11 3 2 0 0.97561 20 23 -19 6 75 26 -5 6 75 16 -85 23 -89 -7 71 3 71 16 -85 33 -39 3 71 13 71 6 75 16 -85 23 -39 16 -85 16 -85 23 -89 16 -85 3 71 2 0.0909091 1 41 -6 
12 3 3 0 0.333333 2 23 -99 23 -99 1 0.823529 7 -6 -59 -16 -59 -6 -59 19 -47 14 -59 19 -7 19 -37 2 0.181818 1 31 -16 
13 3 3 0 0.842105 8 33 -9 23 -59 23 11 26 -85 26 -85 26 15 26 35 26 15 1 0.166667 1 24 31 2 0.307692 2 41 -36 41 4 
14 3 2 1 0.976744 21 19 33 19 -7 19 13 24 41 19 -17 19 3 19 13 -16 -59 4 -59 -16 -59 19 -47 14 -59 19 23 -6 -59 19 33 19 33 19 -17 19 -47 -16 -59 24 -49 19 23 2 0.0869565 1 -59 -6 
15 3 3 0 0.333333 1 26 15 1 0.75 3 19 13 14 -59 19 -47 2 0.333333 1 41 -36 
16 3 3 0 0.833333 5 6 75 6 75 -4 75 6 75 -4 75 1 0.25 1 -6 -59 2 0.25 1 -49 4 
17 3 3 0 0.988764 88 16 -35 16 5 16 -25 16 -35 26 45 16 5 16 -35 16 -15 16 -55 16 -25 16 15 16 -15 16 -55 16 -65 16 15 16 45 16 -55 16 -65 16 -65 16 -45 16 -65 16 -65 16 -15 16 45 16 35 16 -55 16 35 16 -65 16 15 16 45 16 45 16 45 16 45 16 -65 16 -55 16 -55 13 -29 13 -9 13 -19 16 45 16 -75 16 45 6 -55 16 25 16 -15 16 25 16 -75 16 15 26 15 16 15 16 15 16 -75 16 5 16 -75 16 -5 13 -49 16 -15 16 -5 16 -75 26 25 16 -15 26 35 16 35 -14 55 6 55 26 45 26 15 16 -35 16 -15 16 -45 -4 55 26 25 26 -35 26 -5 26 25 26 -15 26 5 23 -49 26 -75 26 -5 26 -65 26 -75 26 -75 26 15 6 -55 -27 21 16 -5 -27 21 1 0.021978 1 14 -59 2 0.021978 1 31 -6 
18 3 2 0 0.933333 7 -27 -39 -27 -29 -27 1 -27 -59 -27 -19 -27 -9 -27 -9 2 0.222222 1 -29 -6 
19 3 3 0 0.333333 3 13 -99 16 25 -7 -99 1 0.125 1 14 -59 2 0.846154 11 -29 -36 -19 -6 -29 -26 -29 -36 -29 -26 -29 -6 -29 -16 -29 -26 41 4 -29 -36 21 -6 
20 3 2 0 0.983547 269 -24 5 -24 -25 -24 5 -24 -5 -24 -35 -24 15 -24 15 -24 -35 -24 15 -24 -55 -24 -5 -24 -15 -24 -55 -24 -35 -24 25 -24 5 -24 -35 -24 -45 -24 35 -17 1 -24 -45 -27 -39 -24 -55 -24 5 -24 -25 -24 -55 -17 11 -17 -39 -24 15 -24 45 -24 25 -17 21 -24 -15 -24 -55 -17 1 -27 -59 -24 -65 -27 -69 -27 -79 13 1 -14 -25 -24 -65 -17 -59 -14 5 13 11 16 -35 -24 35 -17 -49 -14 -5 -14 -35 13 -39 13 -29 13 -49 -14 15 -17 -59 -17 -79 -24 15 -17 -69 -14 -45 -24 -5 -24 -35 -24 35 -14 15 -14 15 -14 -5 6 -5 -24 -15 -24 25 -27 -69 -24 15 -7 -19 -24 -65 -24 35 -7 -9 13 -79 -24 -5 -7 1 -24 -5 -27 21 -24 45 -14 -45 -24 -35 -4 5 -14 25 6 15 6 -15 -17 81 3 11 6 -25 -4 -5 -24 -55 -14 -25 -24 -45 6 -5 -14 -25 -4 -35 -14 -5 -24 45 -4 -15 -14 -55 -4 15 -4 5 -14 15 6 -25 -14 35 -4 -25 6 -35 -14 -5 13 -9 -24 -25 -7 -39 -14 5 6 -35 -24 -55 -14 35 6 -15 13 -29 6 -25 -14 -45 -14 -35 -24 5 6 15 6 5 -7 -49 6 -15 13 11 6 -45 6 25 16 35 6 -45 -24 -35 -14 -25 -4 -45 6 -35 -14 -15 -4 25 -14 -15 -14 -25 6 -35 -7 81 -14 25 6 -45 -14 -45 -14 -5 -14 -65 6 -15 6 -25 -4 -35 6 25 -4 -35 6 -5 -24 -75 -14 -75 6 -15 -7 21 -14 55 13 21 6 15 -14 45 -7 -49 -4 15 6 35 -7 -59 -14 15 6 -35 6 5 -14 15 -4 -25 -14 45 -14 -35 -24 -65 13 -59 3 -69 -14 -15 -14 -65 -4 -35 -4 -35 6 -55 6 -15 6 -55 -24 -75 -4 15 -14 -75 -4 35 -14 -5 -14 45 -4 -15 -4 -45 -17 -9 6 5 -4 -55 -4 -5 -14 -15 -24 -35 6 15 -17 -39 -4 5 -24 -65 6 -5 -24 -75 -4 -45 -17 -29 -14 25 -14 -75 6 -5 -7 -59 -17 -59 -14 -15 6 15 -17 -69 16 25 -24 -75 3 -79 6 45 3 11 6 -25 -24 -75 -4 15 6 25 6 -75 -14 -65 3 -29 -14 -25 6 -65 6 -45 6 25 -14 -45 -14 -65 3 -69 6 35 -14 -5 -14 -65 3 1 3 1 -14 -75 -24 -75 -24 -75 -4 15 -24 -75 -7 -39 -14 -25 6 -65 -4 25 3 -59 -7 -69 -14 -45 -4 -75 -14 -5 -7 -49 3 -39 3 -59 6 -5 6 -5 -7 -9 6 -35 -14 -65 6 5 3 -49 -4 -65 3 -69 -4 45 -17 21 3 21 6 25 -14 -35 -7 -59 6 -15 -14 -35 6 -75 2 0.0627178 9 -29 -26 -29 -6 -29 -36 -29 -36 31 4 -29 -16 -29 -16 -29 -16 21 -26 
21 3 3 0 0.444444 2 -4 55 -4 55 1 0.25 1 -6 -59 2 0.727273 4 51 4 -39 4 -39 4 -39 4 
22 3 3 0 0.96861 108 6 -25 -4 -45 -4 -5 6 15 -4 25 3 -59 -4 -55 -7 -39 6 35 6 45 6 15 6 -65 -4 -45 -7 -89 3 -49 6 45 -4 25 -4 5 6 -85 6 45 -4 -35 -4 -85 -4 5 6 -65 -4 -75 -4 35 -14 -75 -4 -35 6 -45 -4 -75 -4 15 -14 -85 -4 15 6 -45 -4 -85 -14 55 -14 55 6 -75 6 45 6 -75 3 -9 -4 45 3 -69 3 -69 6 35 -4 45 -4 -65 6 35 3 1 6 -85 -7 -59 -7 -29 -4 -55 -4 -75 -4 -45 -4 35 6 35 -27 -89 6 -85 -17 -89 -4 -15 -4 -65 -4 -85 -7 -89 6 5 -4 -85 -14 -55 -7 -89 -4 -85 -14 -45 -14 -85 -27 -89 -14 -85 -4 -85 -27 -89 -27 -89 -14 -85 -24 -85 -24 -85 -24 -85 -27 -89 -24 -85 -24 -85 -24 -85 -17 71 -24 -15 -24 -85 -24 -85 -24 -85 -4 -65 6 -85 -14 -85 -4 25 -4 -75 -4 -65 -4 -15 -4 45 6 -55 -17 -89 -4 -45 -4 -65 -14 -85 -4 -75 -4 -65 -4 -85 3 71 -4 25 6 -85 1 0.0172414 1 -6 -59 2 0.0991736 6 21 -16 21 -6 -39 4 11 -36 11 -36 11 -16 
23 3 2 0 0.96 12 6 45 -4 -15 -4 -5 -17 71 -4 -25 6 -35 -4 35 6 15 -4 -25 -24 -15 3 -49 -4 -15 2 0.142857 1 21 -36 
24 3 2 0 0.571429 4 -4 25 -7 21 -4 -15 -27 1 2 0.75 6 21 14 -29 -6 21 -6 21 4 -29 -36 -29 -6 
25 3 2 0 0.857143 3 6 -75 6 -55 6 -65 2 0.4 1 21 -36 
26 3 2 0 0.08 1 6 -65 2 0.978723 23 21 -36 21 -26 21 4 21 4 21 14 21 14 21 -6 21 -16 21 4 21 -16 21 -36 21 4 21 -6 21 -16 21 -36 21 14 21 -16 21 -36 21 -26 21 14 21 14 21 -26 21 14 
27 3 3 0 0.823529 7 -24 5 3 -89 13 -89 3 -89 -7 71 -27 11 -27 -29 1 0.333333 2 -16 -59 4 -59 2 0.181818 1 41 4 
28 3 2 0 0.0759494 3 33 -19 33 21 -14 85 1 0.979866 73 19 53 24 51 19 53 19 53 24 51 24 31 24 51 19 53 24 61 9 53 9 53 -21 53 -21 53 -21 53 9 53 9 53 9 53 9 53 -21 53 24 51 -21 53 -21 53 -21 53 9 53 -21 53 -21 53 9 53 9 53 -21 53 -21 53 4 61 -1 53 -16 61 9 53 -11 53 -21 53 9 53 4 61 -11 53 -21 53 -11 53 14 61 9 53 -11 53 -1 53 -11 53 -1 53 -1 53 -11 53 -1 53 -11 53 -11 53 -1 53 -11 53 4 61 -11 53 -11 53 -11 53 4 61 -1 53 -1 53 4 61 -6 61 -16 61 -16 61 -6 61 14 61 -6 61 14 61 14 61 4 61 -6 61 -6 61 
29 3 2 0 0.969697 16 26 45 -4 85 -4 85 6 85 6 85 6 85 -14 85 6 85 26 -85 6 85 6 85 26 -55 26 -55 6 85 -14 85 6 85 1 0.111111 1 24 -59 
30 3 3 0 0.666667 43 33 -69 33 -29 33 -89 33 -29 33 -9 33 -9 33 41 33 21 26 75 33 21 33 61 26 75 26 85 33 -29 26 85 26 85 33 -9 33 21 33 41 33 41 33 21 33 -89 -24 85 -7 101 3 101 -17 101 33 11 -24 85 33 41 -17 101 33 41 13 101 33 41 -24 85 26 85 -7 101 26 85 13 101 26 75 33 -19 33 41 33 61 33 31 1 0.436364 24 24 1 29 -47 29 -17 29 -7 29 3 29 -27 29 -7 29 -37 24 31 29 -37 24 41 24 -49 19 53 29 23 29 -7 24 61 24 -39 24 -19 14 61 14 61 24 -29 29 53 29 -37 29 33 2 0.361905 19 71 4 71 -6 71 -16 71 -36 71 -6 71 -16 71 24 11 44 31 44 -9 44 31 44 11 44 21 44 11 44 11 44 71 14 71 -16 -9 44 71 -26 
31 3 3 0 0.285714 5 33 91 26 -45 33 -89 33 -9 33 1 1 0.823529 21 29 33 24 21 29 -27 24 51 24 -29 19 53 19 53 29 -37 24 51 29 23 29 -17 19 53 29 43 29 33 24 -39 29 -27 29 23 29 -27 29 53 29 53 29 -17 2 0.235294 4 71 4 71 14 71 -36 71 14 
32 3 2 0 0.0833333 1 -17 101 1 0.977778 22 29 53 19 53 24 61 -16 61 -16 61 24 61 24 61 29 53 24 61 29 53 19 53 29 53 29 53 -16 61 24 61 29 -47 29 53 29 -27 29 -37 24 -59 29 -37 29 -27 
33 3 2 0 0.973684 37 33 31 33 -99 33 -99 26 -85 26 -85 33 -99 -27 101 26 75 -24 85 13 101 26 85 26 75 26 75 26 65 23 101 13 101 26 75 33 71 33 81 33 -69 33 -99 16 85 26 65 -24 85 -24 85 26 65 -17 101 26 75 33 51 26 65 33 -89 26 -85 26 65 26 65 16 85 33 -19 26 65 2 0.097561 2 71 -26 71 14 
34 3 2 0 0.736842 7 33 11 26 65 26 55 26 55 33 -89 26 55 26 -55 1 0.588235 5 29 3 29 -37 29 23 29 -37 19 53 
35 3 3 0 0.380952 4 -7 101 -7 101 -17 101 -17 101 1 0.521739 6 29 53 29 53 19 53 29 53 29 33 14 61 2 0.583333 7 21 44 -19 44 1 44 -29 44 1 44 -9 44 -19 44 
36 3 2 0 0.971429 17 3 51 13 41 13 61 -4 75 -4 75 6 75 6 75 13 61 6 75 13 61 26 -75 23 -9 23 -29 23 -9 -7 41 16 65 23 -39 2 0.105263 1 61 -36 
37 3 2 0 0.666667 7 16 65 6 65 6 65 23 -59 -17 61 -17 61 -7 61 2 0.666667 7 41 14 41 14 41 14 41 14 51 -6 -29 -16 41 -6 
38 3 3 0 0.338983 20 -7 91 6 75 -17 91 6 75 -27 91 23 61 23 31 16 -45 23 61 23 81 23 61 23 91 13 91 23 91 23 91 16 75 3 91 3 91 13 91 13 91 1 0.0784314 4 19 23 29 53 19 -7 19 -27 2 0.860465 74 -49 -26 -9 34 51 24 -19 34 1 34 1 34 -49 -26 -9 34 -9 34 -9 34 -9 34 -9 34 -19 34 1 34 41 34 -69 -36 21 34 1 34 51 34 51 34 1 34 61 -26 61 24 1 34 51 34 21 34 51 34 -19 34 51 24 41 34 1 34 41 34 41 34 1 34 41 34 -49 -6 -49 -26 1 34 51 34 -49 -26 1 34 41 34 31 34 -9 34 51 34 51 34 -49 -16 51 34 -19 34 -49 -16 -9 34 -19 34 -19 34 -19 34 -19 34 -9 34 11 34 51 -26 61 14 51 -26 51 24 61 24 61 24 -9 34 11 34 41 -26 -9 34 51 34 -9 34 -19 34 51 24 -19 34 -19 34 41 -16 
39 3 3 0 0.820513 16 23 21 23 81 23 31 23 61 23 31 23 31 16 75 16 75 23 41 16 75 16 75 13 41 16 75 13 41 23 71 16 75 1 0.296296 4 19 -27 19 -7 19 -17 19 -7 2 0.230769 3 41 -36 61 4 61 -16 
40 3 3 0 0.13587 25 23 81 -27 81 23 51 -17 61 -17 51 -27 41 -27 61 -24 65 -24 75 23 71 23 81 16 65 13 71 23 71 13 61 16 65 26 -85 13 41 16 65 26 65 23 41 16 65 16 65 13 71 23 41 1 0.0511364 9 19 23 19 13 19 -27 19 23 19 -27 19 -27 19 33 19 43 19 43 2 0.947853 309 21 34 -49 -26 -19 34 51 14 1 34 11 34 -69 -16 -59 -16 -59 -26 -49 24 51 34 -69 -16 -69 14 -69 -16 -59 14 -69 14 -49 24 -49 -16 21 -16 51 34 41 -26 -59 -16 -59 -16 51 34 -59 -16 -59 -6 -69 24 -49 -16 -69 14 51 24 -59 24 11 34 51 4 41 34 -59 14 51 34 -49 -16 -59 24 -59 -6 -69 24 11 34 -59 24 -49 14 -69 4 -49 24 -49 24 -49 24 -49 -6 -39 -6 -49 4 -49 24 -49 -16 31 -26 -59 24 -49 4 -39 -16 -49 14 -39 24 -49 24 -49 -6 -49 -6 -49 4 -49 4 -49 14 51 14 41 -36 -49 -26 1 4 -49 -6 51 24 -39 24 51 24 1 -16 51 4 1 -6 -39 24 11 34 -39 34 41 -36 51 24 11 34 -39 34 51 14 51 -16 -49 34 -49 34 41 -26 51 24 -29 -6 1 -26 51 -16 51 24 -29 34 -29 34 -49 34 11 34 51 24 -29 34 -9 4 51 -16 -39 34 41 4 -39 34 11 34 41 -16 -29 34 -29 34 51 -16 -29 34 -9 -36 -29 34 -39 34 -29 34 -49 -26 61 -6 -29 34 -29 34 -29 34 41 -26 61 -16 -39 34 21 34 51 -16 -39 34 41 -26 11 -26 -39 34 -39 34 51 -16 -39 34 -29 34 51 -6 51 -16 41 -6 51 -16 11 34 51 14 21 34 61 -16 61 14 51 -6 41 -26 41 -6 51 -16 51 4 51 14 41 -26 -39 34 41 -16 -9 -26 61 14 21 34 51 -6 61 -6 -29 34 61 14 61 -16 31 34 11 34 61 4 51 14 41 -16 31 34 41 -6 31 34 41 34 61 4 21 34 41 -36 51 -16 -9 -16 21 34 41 -16 51 4 51 -16 51 -6 41 -6 11 34 21 34 41 -6 51 -6 51 -16 41 34 51 4 41 34 51 -16 51 -6 31 34 21 34 11 34 51 4 41 -36 21 34 41 -6 51 4 51 -26 31 34 41 -6 41 -16 31 34 41 -16 31 34 51 -16 41 34 61 -26 31 34 41 34 41 34 41 34 51 14 11 34 51 -26 31 34 31 34 31 34 41 -16 51 -26 31 34 11 34 31 34 41 34 51 -16 51 -16 51 -6 51 -26 41 24 41 -36 41 -16 41 -26 31 34 41 -26 31 34 41 -6 41 24 41 -36 61 -16 51 -26 51 -26 51 -36 51 -36 41 -26 51 -26 51 -26 51 -36 41 -6 41 -16 51 -36 51 -36 51 14 41 -16 51 -6 51 -36 51 4 51 -36 41 -26 51 -36 51 24 51 4 41 -26 41 -36 41 -6 41 -36 51 -6 51 24 41 -16 41 -26 51 14 51 4 41 -36 61 4 41 -36 41 -6 41 -16 61 -36 51 24 41 -26 51 14 41 -26 61 -6 41 4 41 -26 41 -16 41 4 41 14 41 4 41 24 41 14 41 4 41 4 41 24 31 24 41 4 41 14 41 14 21 -6 31 24 41 14 41 4 31 24 41 24 -49 -16 41 24 41 14 41 14 41 14 41 14 51 -6 41 14 61 -6 
41 3 2 0 0.4 1 23 -99 1 0.857143 3 19 -37 19 -37 14 -59 
42 3 3 0 0.947368 18 13 -99 16 55 -27 51 -17 51 -24 75 -27 41 -24 75 -17 91 -24 75 16 55 16 55 3 91 3 51 16 55 -7 51 -7 51 -7 51 -17 51 1 0.0952381 1 19 -27 2 0.0952381 1 -59 -6 
43 3 2 0 0.333333 1 -7 91 2 0.888889 4 -59 14 -49 14 21 24 -49 14 
44 3 3 0 0.266667 2 23 -99 23 -99 1 0.555556 5 19 -37 19 -37 19 -37 29 -37 19 -7 2 0.631579 6 -59 14 -29 34 -9 34 1 34 -19 34 51 -36 
45 3 2 1 0.972973 18 14 51 14 51 -16 51 -16 51 14 51 14 51 14 51 -6 51 -16 51 4 51 4 51 4 51 -16 51 4 51 4 51 -6 51 -6 51 -6 51 2 0.1 1 41 14 
46 3 3 0 0.56 7 -14 65 23 31 -17 41 3 51 -17 51 3 61 -27 31 1 0.666667 9 19 -47 19 -47 19 -47 19 3 19 -47 19 -47 19 -37 19 -37 19 -27 2 0.2 2 41 -16 41 -6 
47 3 2 0 0.111111 1 -7 31 2 0.969697 16 51 -36 -49 -36 41 -36 1 -36 -59 14 31 24 21 24 21 24 -49 14 21 24 -49 14 21 24 31 -16 31 -26 -59 -36 -59 -36 
48 3 2 0 0.857143 3 3 31 3 31 16 55 2 0.4 1 31 24 
49 3 2 0 0.97561 20 -27 31 -24 65 -24 65 -24 65 -17 31 -24 65 -14 65 -27 31 -4 65 -4 65 16 55 6 65 -4 65 -14 65 -14 65 6 65 -4 65 -27 31 -4 65 -17 41 1 0.0909091 1 -16 51 
50 3 3 0 0.545455 3 23 -89 -7 61 23 -89 1 0.222222 1 19 -47 2 0.666667 4 -69 -26 -59 -36 41 14 51 14 
51 3 3 0 0.909091 15 33 -9 26 55 26 15 33 -49 33 21 33 -49 33 -49 33 -49 33 -69 26 5 33 -79 33 -79 33 -79 26 -45 26 -45 1 0.105263 1 29 43 2 0.2 2 71 -6 71 4 
52 3 2 0 0.125 1 33 -99 1 0.965517 14 29 3 29 3 29 13 29 33 29 13 29 13 24 -59 29 -47 24 -59 24 -59 24 -59 24 -59 29 23 29 -47 
53 3 2 0 0.978723 69 26 -15 26 -25 33 -59 33 -69 26 -45 26 -25 26 -45 33 -39 26 -25 26 5 26 35 33 -69 26 -15 33 -49 26 -45 26 45 26 35 26 35 26 25 26 -35 26 25 26 25 26 45 33 -59 26 55 33 -49 26 -45 26 -75 26 -5 26 -5 26 55 26 -65 26 55 26 -75 26 -35 26 -25 26 -35 26 5 26 -75 26 -25 26 -65 26 5 26 5 26 -5 26 -75 26 -65 26 -55 26 5 26 -65 26 -75 26 -55 26 -35 26 -5 26 5 26 -45 26 -5 26 -55 26 5 26 55 26 -55 26 -5 26 25 26 -35 26 45 26 45 26 45 26 55 26 55 26 55 1 0.08 3 29 43 29 43 29 3 
54 3 3 0 0.916667 11 23 -19 -7 41 3 41 23 -19 -7 41 3 41 13 51 13 51 23 51 13 51 23 81 1 0.142857 1 29 43 2 0.142857 1 61 4 
55 3 2 0 0.857143 9 26 35 23 -69 3 41 26 -35 23 -49 3 41 26 5 23 -79 26 -25 1 0.4 3 19 -27 19 3 19 3 
56 3 2 0 0.0833333 1 23 -39 1 0.977778 22 19 23 19 13 19 -7 19 33 19 3 19 -17 19 13 19 23 19 43 19 33 19 3 19 33 19 3 -6 -59 19 13 19 -17 19 -17 14 -59 19 -7 19 -37 -16 51 19 -37 
57 3 3 0 0.709677 11 -7 31 13 31 23 21 -27 41 -27 41 3 81 23 51 16 85 6 85 16 85 23 -99 1 0.333333 4 19 33 19 23 19 13 19 43 2 0.4 5 41 4 51 14 31 24 31 24 41 24 
58 3 2 1 0.210526 2 19 43 19 43 2 0.9375 15 21 24 21 24 41 24 41 24 41 24 41 24 31 -36 31 24 41 24 31 24 41 4 41 24 31 24 31 24 41 4 
59 3 2 0 0.170732 7 26 -25 33 -9 33 -19 33 -19 33 1 33 -59 33 1 1 0.951049 68 29 3 29 -7 29 33 29 23 29 -7 29 33 29 3 29 33 29 -17 29 43 29 13 29 3 29 43 29 3 29 -7 29 23 29 33 29 33 29 23 29 43 29 13 29 13 29 33 29 -7 29 13 29 13 29 -7 29 33 29 23 29 33 29 23 29 13 29 3 29 3 29 13 29 -17 29 43 29 3 29 23 29 -7 29 -17 29 -7 29 -17 29 43 29 -27 29 -17 29 -27 29 -27 29 -27 29 -17 29 43 29 -7 29 -17 29 -37 29 -47 29 43 29 -47 29 13 29 -47 29 13 29 -47 29 -37 29 -37 29 -47 29 -47 29 -47 29 -47 29 -17 
60 3 3 0 0.333333 2 23 51 16 85 1 0.823529 7 -6 61 29 23 29 13 29 -7 29 -17 29 3 29 -27 2 0.181818 1 51 -6 
61 3 3 0 0.166667 1 13 51 1 0.166667 1 -6 51 2 0.9 9 51 -26 51 -16 51 4 51 -6 51 -26 51 -36 51 -36 51 4 51 -36 
62 3 3 0 0.9 9 33 -59 23 -29 33 -59 26 -25 26 -65 13 51 26 -55 26 -15 26 45 1 0.166667 1 29 -27 2 0.166667 1 51 4 
63 3 2 0 0.882353 15 3 -69 13 -69 -7 -69 -24 55 -7 -69 -24 -25 -24 -5 -24 -35 -24 -25 -7 -19 -24 -25 -24 55 -24 65 -24 55 -27 -39 2 0.347826 4 -9 -26 -9 24 -9 -36 -49 14 
64 3 3 0 0.666667 8 -7 81 -7 81 3 81 -27 -49 -17 81 -27 1 -17 81 -27 31 1 0.117647 1 4 51 2 0.608696 7 -59 4 -39 14 -29 24 -29 4 -29 24 -29 24 -29 14 
65 3 3 0 0.16129 35 -24 55 -24 55 -24 55 -4 35 -7 -9 -4 -75 13 -39 -17 31 -17 1 3 1 -7 11 13 -29 3 -39 -17 -29 -17 -19 -7 -49 -7 -79 -7 -39 3 -29 3 -59 3 -39 -17 31 -7 -9 -7 -49 3 -89 -27 81 -27 81 -24 75 -17 81 -27 -79 -27 71 -27 71 -24 75 -24 75 -24 75 1 0.0198511 4 -16 -59 4 -59 4 -59 4 -59 2 0.948617 360 -29 24 -29 4 -29 4 -19 24 -29 24 -29 24 -19 24 -9 -16 11 4 -19 -16 -19 -36 1 -36 21 -16 11 -6 21 -26 -9 -16 -39 24 21 4 11 4 -9 24 -9 4 11 -36 -9 -6 -9 -16 -9 -16 21 -6 11 -36 -9 -16 -19 -26 11 24 11 4 21 24 1 -16 -9 -26 -19 4 -9 -6 1 -36 1 -36 11 24 -19 -36 21 24 -19 -26 11 14 -9 -26 -9 4 -19 -6 -9 14 11 4 21 -36 1 -6 11 14 1 -16 21 24 -9 -26 1 24 -19 24 1 -6 11 -16 1 -26 -19 -6 11 4 11 -36 -9 -16 -9 14 1 -6 11 14 1 4 -9 14 -19 -36 -19 -16 -9 14 -9 -6 -9 -26 1 4 -19 14 1 4 -9 -36 -19 -6 21 -36 1 4 -19 14 21 -36 -9 4 -19 24 21 -26 -19 14 11 -36 -19 -6 -19 4 1 14 11 24 21 4 1 -6 1 14 -19 -6 21 -26 1 -16 -9 24 1 14 21 -36 -19 -36 -9 4 -19 14 21 -16 -19 -6 21 -16 1 -26 -9 4 -9 -16 1 -16 -19 4 11 -36 1 4 21 -16 -9 -6 11 14 -19 14 -9 14 11 -36 1 -6 1 -36 21 -6 21 -6 11 -36 1 -6 11 4 1 24 -19 -26 1 4 11 -16 -9 -16 -19 14 -9 -36 -9 -6 -29 24 11 -16 11 -6 -9 -6 -19 -6 11 -36 1 -16 21 24 21 4 -9 4 21 4 -9 -16 11 -36 1 14 -9 24 -9 14 11 24 11 4 11 4 21 24 1 -6 11 -26 1 -36 -9 -26 1 14 11 14 -9 24 11 -16 11 24 -19 24 1 24 -9 -6 -9 -36 -9 14 1 -16 11 -36 1 14 -9 -36 -9 -6 11 -36 1 14 1 4 1 4 -9 24 11 14 -9 24 1 -16 1 -36 1 -6 -9 -16 -9 -16 -9 14 -9 -36 -9 -26 1 -6 11 -26 1 -16 11 4 1 -6 -9 -26 -9 4 1 -16 -9 -6 1 24 -9 -6 1 -26 11 14 -9 -6 1 4 1 14 1 -26 1 -6 1 24 -9 -6 1 4 -59 4 11 -6 11 -16 11 4 -9 14 11 -6 -9 24 1 14 -9 24 1 24 1 4 11 14 1 14 1 -6 11 14 1 24 -39 24 -49 14 -29 24 -39 -26 -39 24 -39 -16 21 24 -49 4 -39 14 -39 4 21 24 -9 24 21 4 -9 -16 21 -6 -9 14 -19 -16 -19 14 -9 -6 -19 -6 1 -6 -19 4 -39 -16 -69 -16 -39 4 -39 -6 -29 4 -39 -26 -29 4 -39 -16 -39 -6 -39 -6 -39 -16 -39 4 -59 4 51 -6 -39 4 -39 -6 -39 14 -49 -6 -39 -16 -69 -6 -39 -26 -39 -6 -49 -36 -39 14 -39 4 -69 -36 -39 -36 21 -26 -39 4 -39 24 -39 -6 -59 4 -39 24 -39 14 -49 -36 -39 -36 -69 -6 -39 -6 -39 4 -59 4 -49 -36 -39 24 -39 -26 41 -36 -39 24 -49 -16 -69 4 -29 14 -39 14 -39 -16 -39 -36 -39 -26 -39 -36 -39 -36 -39 -26 -39 24 -39 -26 -49 14 41 -26 41 -6 -39 -26 -39 -16 -39 24 41 4 1 -36 -39 -16 -39 4 -39 -6 -39 14 -29 24 1 -36 -39 -26 -39 14 -39 24 -39 -6 -39 -26 -39 14 -39 -6 -49 -36 -29 24 -39 14 -39 14 -39 -36 -39 4 -39 14 -39 -6 -39 -36 -59 -36 -29 24 -39 -6 -39 -6 -39 4 -39 -26 -49 4 -39 -16 -39 24 -49 -16 -29 24 -39 -16 -39 -36 -39 14 -69 4 -39 14 -39 24 -39 24 -69 -6 -29 14 -39 -36 -69 -6 -39 -16 -69 -26 -39 -6 -39 -16 
66 3 2 0 0.9 9 13 21 -27 21 -17 21 -17 -9 -17 1 -27 21 -4 55 -14 55 3 -29 2 0.307692 2 -19 24 -9 24 
67 3 2 0 0.16 4 3 -29 -4 35 -14 45 3 -19 2 0.954545 42 -39 4 -39 4 -39 -6 11 -16 1 14 1 -26 -29 -26 1 -26 -39 14 -29 -26 11 -26 -9 4 11 -26 11 -16 11 -26 11 -26 11 4 -39 -16 -19 24 -19 24 -29 -16 21 -16 21 -26 -9 24 1 24 -19 24 -29 24 -39 -6 1 -36 -39 -36 -19 24 -29 -26 -9 24 11 24 11 24 -19 24 1 24 -29 -16 1 24 -19 24 1 24 1 4 
68 3 2 0 0.8 4 -17 -9 -7 1 -14 55 -14 55 2 0.5 2 1 24 -29 -36 
69 3 3 0 0.888889 12 -17 -89 -17 61 -14 75 -17 -99 3 -89 -17 -99 -7 -99 -7 -89 -17 -89 3 -99 -27 -89 -14 75 1 0.125 1 -16 -59 2 0.235294 2 -49 4 -59 -6 
70 3 2 0 0.95 19 -14 85 -14 85 -14 85 -14 85 -14 85 -17 11 -4 75 -4 75 -4 75 -14 45 -7 61 -4 -75 -7 11 3 -99 3 11 3 -79 -17 -39 -17 -19 -17 -19 2 0.173913 2 21 4 -39 -36 
71 3 3 0 0.8 4 -27 -69 -27 11 -4 45 6 45 1 0.285714 1 4 -59 2 0.285714 1 11 -6 
72 3 2 0 0.0606061 1 -4 45 2 0.984127 31 21 14 1 -26 11 -26 -9 -6 11 -26 21 14 11 -26 -9 -36 11 -16 -19 -26 -9 -6 -19 -26 -9 -36 11 14 11 4 1 -36 -9 -36 -9 -26 11 -16 21 14 11 14 11 14 1 14 21 14 1 4 1 -36 -9 -36 1 -16 1 -26 51 -6 21 14 
73 3 2 0 0.972973 18 -27 -99 -27 -99 13 -99 -17 -99 -27 -99 -27 -99 -7 21 -27 -99 -7 21 -7 21 -7 -29 3 21 3 21 3 21 -17 21 -17 -29 -17 -59 13 21 2 0.1 1 -19 4 
