10 135 0
0 0 -1 5 16 1 5 38 29 3 2 32 -394 
1 1 -1 18 17 4 0 31 35 7 11 32 -6472 
2 1 -1 20 8 12 9 37 31 3 8 32 1195 
3 2 -1 4 20 14 19 37 41 4 6 32 18889 
4 2 -1 21 17 8 0 31 19 11 5 32 -4871 
5 2 -1 15 5 14 9 43 21 4 23 32 -4409 
6 2 -1 9 5 1 4 12 15 29 9 32 -7931 
7 3 -1 17 20 22 0 40 40 2 6 32 -1205 
8 3 11 0 0 0 0 0 0 0 0 0 0 
9 3 -1 5 19 8 18 26 43 16 4 32 7771 
10 3 -1 47 29 0 0 13 27 0 0 15 -15 
11 3 -1 8 5 8 18 44 45 1 2 32 -402 
12 3 -1 46 25 0 0 7 37 0 0 16 -105 
13 3 -1 10 8 14 0 41 22 4 7 32 -846 
14 3 -1 16 18 0 20 34 41 9 4 32 -1173 
15 4 -1 13 20 5 0 26 44 6 3 32 -1462 
16 4 -1 5 12 0 0 2 29 0 0 3 0 
17 4 0 0 0 0 0 0 0 0 0 0 0 
18 4 0 0 0 0 0 0 0 0 0 0 0 
19 4 -1 15 3 0 0 44 2 0 0 12 21 
20 4 21 0 0 0 0 0 0 0 0 0 0 
21 4 -1 6 18 3 3 20 45 20 1 32 -1723 
22 4 -1 13 9 1 0 42 33 4 1 32 -372 
23 4 60 0 0 0 0 0 0 0 0 0 0 
24 4 -1 9 0 7 13 46 45 1 1 32 -147 
25 4 -1 37 14 0 0 9 25 0 0 16 -10 
26 4 -1 30 37 0 0 5 14 0 0 17 -31 
27 4 -1 19 35 0 0 42 46 0 0 17 -17 
28 4 -1 20 7 10 2 38 25 9 18 32 -4579 
29 4 -1 18 20 0 13 37 42 8 4 32 -1087 
30 4 -1 18 10 22 1 41 13 6 32 32 -1473 
31 5 0 0 0 0 0 0 0 0 0 0 0 
32 5 -1 7 3 17 8 26 22 17 12 32 -16771 
33 5 -1 30 16 0 0 35 9 0 0 1 8 
34 5 -1 11 12 20 0 37 22 6 23 32 -13560 
35 5 0 0 0 0 0 0 0 0 0 0 0 
36 5 0 0 0 0 0 0 0 0 0 0 0 
37 5 0 0 0 0 0 0 0 0 0 0 0 
38 5 0 0 0 0 0 0 0 0 0 0 0 
39 5 -1 34 43 0 0 34 21 0 0 17 -2 
40 5 -1 22 5 16 17 44 46 3 1 32 27313 
41 5 0 0 0 0 0 0 0 0 0 0 0 
42 5 0 0 0 0 0 0 0 0 0 0 0 
43 5 22 0 0 0 0 0 0 0 0 0 0 
44 5 -1 13 21 17 17 34 41 13 5 32 18812 
45 5 -1 30 9 0 0 41 23 0 0 3 32 
46 5 -1 4 8 13 5 25 18 4 19 32 -6084 
47 5 0 0 0 0 0 0 0 0 0 0 0 
48 5 0 0 0 0 0 0 0 0 0 0 0 
49 5 -1 19 19 11 5 42 44 5 3 32 -1747 
50 5 63 0 0 0 0 0 0 0 0 0 0 
51 5 64 0 0 0 0 0 0 0 0 0 0 
52 5 -1 9 15 9 2 23 39 23 8 32 -3084 
53 5 67 0 0 0 0 0 0 0 0 0 0 
54 5 -1 9 2 0 0 43 3 0 0 18 38 
55 5 -1 5 12 18 20 27 40 3 6 32 11530 
56 5 -1 10 7 9 3 36 13 9 23 32 -7169 
57 5 110 0 0 0 0 0 0 0 0 0 0 
58 5 -1 29 11 0 0 0 37 0 0 16 -6 
59 5 -1 5 19 0 0 31 38 0 0 1 -1 
60 5 -1 2 0 16 3 34 33 2 4 32 21 
61 5 -1 12 19 10 4 28 26 17 6 32 -1765 
62 5 -1 16 6 19 4 36 46 5 1 32 2815 
63 6 0 0 0 0 0 0 0 0 0 0 0 
64 6 0 0 0 0 0 0 0 0 0 0 0 
65 6 1 0 0 0 0 0 0 0 0 0 0 
66 6 2 0 0 0 0 0 0 0 0 0 0 
67 6 3 0 0 0 0 0 0 0 0 0 0 
68 6 4 0 0 0 0 0 0 0 0 0 0 
69 6 -1 6 44 0 0 20 26 0 0 17 3 
70 6 -1 0 4 6 15 13 37 24 8 32 -15039 
71 6 0 0 0 0 0 0 0 0 0 0 0 
72 6 0 0 0 0 0 0 0 0 0 0 0 
73 6 0 0 0 0 0 0 0 0 0 0 0 
74 6 0 0 0 0 0 0 0 0 0 0 0 
75 6 0 0 0 0 0 0 0 0 0 0 0 
76 6 0 0 0 0 0 0 0 0 0 0 0 
77 6 0 0 0 0 0 0 0 0 0 0 0 
78 6 0 0 0 0 0 0 0 0 0 0 0 
79 6 12 0 0 0 0 0 0 0 0 0 0 
80 6 -1 18 10 3 22 25 33 19 4 32 -4479 
81 6 -1 8 18 2 8 38 33 1 3 32 -604 
82 6 20 0 0 0 0 0 0 0 0 0 0 
83 6 0 0 0 0 0 0 0 0 0 0 0 
84 6 0 0 0 0 0 0 0 0 0 0 0 
85 6 0 0 0 0 0 0 0 0 0 0 0 
86 6 0 0 0 0 0 0 0 0 0 0 0 
87 6 0 0 0 0 0 0 0 0 0 0 0 
88 6 0 0 0 0 0 0 0 0 0 0 0 
89 6 -1 7 12 4 21 27 43 14 3 32 3957 
90 6 -1 36 19 0 0 35 24 0 0 16 22 
91 6 -1 0 9 8 4 31 29 10 9 32 -8448 
92 6 -1 1 25 0 0 28 17 0 0 15 -12 
93 6 -1 6 5 4 18 42 26 1 14 32 -2255 
94 6 -1 0 11 12 1 44 35 2 6 32 161 
95 6 0 0 0 0 0 0 0 0 0 0 0 
96 6 0 0 0 0 0 0 0 0 0 0 0 
97 6 0 0 0 0 0 0 0 0 0 0 0 
98 6 0 0 0 0 0 0 0 0 0 0 0 
99 6 61 0 0 0 0 0 0 0 0 0 0 
100 6 62 0 0 0 0 0 0 0 0 0 0 
101 6 0 0 0 0 0 0 0 0 0 0 0 
102 6 0 0 0 0 0 0 0 0 0 0 0 
103 6 0 0 0 0 0 0 0 0 0 0 0 
104 6 0 0 0 0 0 0 0 0 0 0 0 
105 6 65 0 0 0 0 0 0 0 0 0 0 
106 6 66 0 0 0 0 0 0 0 0 0 0 
107 6 0 0 0 0 0 0 0 0 0 0 0 
108 6 0 0 0 0 0 0 0 0 0 0 0 
109 6 -1 8 29 0 0 0 11 0 0 16 111 
110 6 -1 14 32 0 0 5 12 0 0 14 51 
111 6 -1 0 22 12 7 16 36 9 8 32 -844 
112 6 -1 6 11 21 1 36 38 4 7 32 -169 
113 6 -1 21 15 16 10 40 45 1 1 32 6881 
114 6 -1 3 11 4 3 16 23 27 10 32 -9077 
115 6 0 0 0 0 0 0 0 0 0 0 0 
116 6 0 0 0 0 0 0 0 0 0 0 0 
117 6 -1 0 12 18 12 18 39 16 3 32 5176 
118 6 -1 9 13 22 4 46 30 1 12 32 3418 
119 6 -1 22 8 0 1 22 31 11 10 32 -3879 
120 6 -1 11 22 10 4 41 38 2 6 32 303 
121 6 -1 7 24 0 0 30 9 0 0 0 1 
122 6 125 0 0 0 0 0 0 0 0 0 0 
123 6 -1 10 21 3 15 40 44 1 3 32 1402 
124 6 131 0 0 0 0 0 0 0 0 0 0 
125 6 -1 20 14 19 4 39 46 4 1 32 962 
126 6 134 0 0 0 0 0 0 0 0 0 0 
127 7 0 0 0 0 0 0 0 0 0 0 0 
128 7 0 0 0 0 0 0 0 0 0 0 0 
129 7 0 0 0 0 0 0 0 0 0 0 0 
130 7 0 0 0 0 0 0 0 0 0 0 0 
131 7 0 0 0 0 0 0 0 0 0 0 0 
132 7 0 0 0 0 0 0 0 0 0 0 0 
133 7 0 0 0 0 0 0 0 0 0 0 0 
134 7 0 0 0 0 0 0 0 0 0 0 0 
135 7 0 0 0 0 0 0 0 0 0 0 0 
136 7 0 0 0 0 0 0 0 0 0 0 0 
137 7 0 0 0 0 0 0 0 0 0 0 0 
138 7 0 0 0 0 0 0 0 0 0 0 0 
139 7 5 0 0 0 0 0 0 0 0 0 0 
140 7 6 0 0 0 0 0 0 0 0 0 0 
141 7 -1 16 24 0 0 34 18 0 0 6 -7 
142 7 -1 4 24 0 0 31 44 0 0 0 74 
143 7 0 0 0 0 0 0 0 0 0 0 0 
144 7 0 0 0 0 0 0 0 0 0 0 0 
145 7 0 0 0 0 0 0 0 0 0 0 0 
146 7 0 0 0 0 0 0 0 0 0 0 0 
147 7 0 0 0 0 0 0 0 0 0 0 0 
148 7 0 0 0 0 0 0 0 0 0 0 0 
149 7 0 0 0 0 0 0 0 0 0 0 0 
150 7 0 0 0 0 0 0 0 0 0 0 0 
151 7 0 0 0 0 0 0 0 0 0 0 0 
152 7 0 0 0 0 0 0 0 0 0 0 0 
153 7 0 0 0 0 0 0 0 0 0 0 0 
154 7 0 0 0 0 0 0 0 0 0 0 0 
155 7 0 0 0 0 0 0 0 0 0 0 0 
156 7 0 0 0 0 0 0 0 0 0 0 0 
157 7 0 0 0 0 0 0 0 0 0 0 0 
158 7 0 0 0 0 0 0 0 0 0 0 0 
159 7 0 0 0 0 0 0 0 0 0 0 0 
160 7 0 0 0 0 0 0 0 0 0 0 0 
161 7 13 0 0 0 0 0 0 0 0 0 0 
162 7 -1 38 29 0 0 17 11 0 0 18 13 
163 7 16 0 0 0 0 0 0 0 0 0 0 
164 7 -1 42 1 0 0 23 26 0 0 16 53 
165 7 0 0 0 0 0 0 0 0 0 0 0 
166 7 0 0 0 0 0 0 0 0 0 0 0 
167 7 0 0 0 0 0 0 0 0 0 0 0 
168 7 0 0 0 0 0 0 0 0 0 0 0 
169 7 0 0 0 0 0 0 0 0 0 0 0 
170 7 0 0 0 0 0 0 0 0 0 0 0 
171 7 0 0 0 0 0 0 0 0 0 0 0 
172 7 0 0 0 0 0 0 0 0 0 0 0 
173 7 0 0 0 0 0 0 0 0 0 0 0 
174 7 0 0 0 0 0 0 0 0 0 0 0 
175 7 0 0 0 0 0 0 0 0 0 0 0 
176 7 0 0 0 0 0 0 0 0 0 0 0 
177 7 0 0 0 0 0 0 0 0 0 0 0 
178 7 0 0 0 0 0 0 0 0 0 0 0 
179 7 -1 47 24 0 0 29 20 0 0 17 -29 
180 7 -1 44 30 0 0 7 16 0 0 17 -2 
181 7 -1 31 38 0 0 11 28 0 0 5 7 
182 7 35 0 0 0 0 0 0 0 0 0 0 
183 7 -1 1 19 0 0 15 18 0 0 21 -2 
184 7 -1 10 30 0 0 47 27 0 0 15 10 
185 7 48 0 0 0 0 0 0 0 0 0 0 
186 7 49 0 0 0 0 0 0 0 0 0 0 
187 7 50 0 0 0 0 0 0 0 0 0 0 
188 7 51 0 0 0 0 0 0 0 0 0 0 
189 7 -1 3 14 20 8 39 37 6 10 32 9473 
190 7 -1 21 21 5 8 28 34 5 5 32 1726 
191 7 0 0 0 0 0 0 0 0 0 0 0 
192 7 0 0 0 0 0 0 0 0 0 0 0 
193 7 0 0 0 0 0 0 0 0 0 0 0 
194 7 0 0 0 0 0 0 0 0 0 0 0 
195 7 0 0 0 0 0 0 0 0 0 0 0 
196 7 0 0 0 0 0 0 0 0 0 0 0 
197 7 0 0 0 0 0 0 0 0 0 0 0 
198 7 0 0 0 0 0 0 0 0 0 0 0 
199 7 0 0 0 0 0 0 0 0 0 0 0 
200 7 0 0 0 0 0 0 0 0 0 0 0 
201 7 0 0 0 0 0 0 0 0 0 0 0 
202 7 0 0 0 0 0 0 0 0 0 0 0 
203 7 0 0 0 0 0 0 0 0 0 0 0 
204 7 0 0 0 0 0 0 0 0 0 0 0 
205 7 0 0 0 0 0 0 0 0 0 0 0 
206 7 0 0 0 0 0 0 0 0 0 0 0 
207 7 0 0 0 0 0 0 0 0 0 0 0 
208 7 0 0 0 0 0 0 0 0 0 0 0 
209 7 0 0 0 0 0 0 0 0 0 0 0 
210 7 0 0 0 0 0 0 0 0 0 0 0 
211 7 0 0 0 0 0 0 0 0 0 0 0 
212 7 0 0 0 0 0 0 0 0 0 0 0 
213 7 0 0 0 0 0 0 0 0 0 0 0 
214 7 0 0 0 0 0 0 0 0 0 0 0 
215 7 0 0 0 0 0 0 0 0 0 0 0 
216 7 0 0 0 0 0 0 0 0 0 0 0 
217 7 0 0 0 0 0 0 0 0 0 0 0 
218 7 0 0 0 0 0 0 0 0 0 0 0 
219 7 -1 12 20 0 0 28 30 0 0 16 -6 
220 7 -1 12 30 0 0 26 34 0 0 16 62 
221 7 79 0 0 0 0 0 0 0 0 0 0 
222 7 80 0 0 0 0 0 0 0 0 0 0 
223 7 81 0 0 0 0 0 0 0 0 0 0 
224 7 -1 0 10 0 0 37 31 0 0 16 -4 
225 7 85 0 0 0 0 0 0 0 0 0 0 
226 7 -1 18 0 0 0 47 17 0 0 0 10 
227 7 -1 7 0 6 19 40 21 3 11 32 2490 
228 7 -1 7 19 1 14 17 37 14 5 32 -2005 
229 7 -1 47 5 0 0 18 36 0 0 0 19 
230 7 -1 1 9 10 6 44 36 2 2 32 1921 
231 7 0 0 0 0 0 0 0 0 0 0 0 
232 7 0 0 0 0 0 0 0 0 0 0 0 
233 7 0 0 0 0 0 0 0 0 0 0 0 
234 7 0 0 0 0 0 0 0 0 0 0 0 
235 7 111 0 0 0 0 0 0 0 0 0 0 
236 7 112 0 0 0 0 0 0 0 0 0 0 
237 7 -1 11 8 6 8 34 35 10 5 32 -96 
238 7 -1 5 20 2 5 12 46 18 1 32 -353 
239 7 -1 8 22 8 0 46 22 1 19 32 -1409 
240 7 119 0 0 0 0 0 0 0 0 0 0 
241 7 120 0 0 0 0 0 0 0 0 0 0 
242 7 121 0 0 0 0 0 0 0 0 0 0 
243 7 122 0 0 0 0 0 0 0 0 0 0 
244 7 -1 11 22 13 12 35 40 7 6 32 1238 
245 7 0 0 0 0 0 0 0 0 0 0 0 
246 7 0 0 0 0 0 0 0 0 0 0 0 
247 7 -1 11 17 13 7 45 25 1 11 32 701 
248 7 -1 8 22 11 17 19 39 9 4 32 4530 
249 7 0 0 0 0 0 0 0 0 0 0 0 
250 7 0 0 0 0 0 0 0 0 0 0 0 
251 7 132 0 0 0 0 0 0 0 0 0 0 
252 7 133 0 0 0 0 0 0 0 0 0 0 
253 7 0 0 0 0 0 0 0 0 0 0 0 
254 7 0 0 0 0 0 0 0 0 0 0 0 
255 8 0 0 0 0 0 0 0 0 0 0 0 
256 8 0 0 0 0 0 0 0 0 0 0 0 
257 8 0 0 0 0 0 0 0 0 0 0 0 
258 8 0 0 0 0 0 0 0 0 0 0 0 
259 8 0 0 0 0 0 0 0 0 0 0 0 
260 8 0 0 0 0 0 0 0 0 0 0 0 
261 8 0 0 0 0 0 0 0 0 0 0 0 
262 8 0 0 0 0 0 0 0 0 0 0 0 
263 8 0 0 0 0 0 0 0 0 0 0 0 
264 8 0 0 0 0 0 0 0 0 0 0 0 
265 8 0 0 0 0 0 0 0 0 0 0 0 
266 8 0 0 0 0 0 0 0 0 0 0 0 
267 8 0 0 0 0 0 0 0 0 0 0 0 
268 8 0 0 0 0 0 0 0 0 0 0 0 
269 8 0 0 0 0 0 0 0 0 0 0 0 
270 8 0 0 0 0 0 0 0 0 0 0 0 
271 8 0 0 0 0 0 0 0 0 0 0 0 
272 8 0 0 0 0 0 0 0 0 0 0 0 
273 8 0 0 0 0 0 0 0 0 0 0 0 
274 8 0 0 0 0 0 0 0 0 0 0 0 
275 8 0 0 0 0 0 0 0 0 0 0 0 
276 8 0 0 0 0 0 0 0 0 0 0 0 
277 8 0 0 0 0 0 0 0 0 0 0 0 
278 8 0 0 0 0 0 0 0 0 0 0 0 
279 8 0 0 0 0 0 0 0 0 0 0 0 
280 8 0 0 0 0 0 0 0 0 0 0 0 
281 8 0 0 0 0 0 0 0 0 0 0 0 
282 8 0 0 0 0 0 0 0 0 0 0 0 
283 8 7 0 0 0 0 0 0 0 0 0 0 
284 8 8 0 0 0 0 0 0 0 0 0 0 
285 8 9 0 0 0 0 0 0 0 0 0 0 
286 8 10 0 0 0 0 0 0 0 0 0 0 
287 8 0 0 0 0 0 0 0 0 0 0 0 
288 8 0 0 0 0 0 0 0 0 0 0 0 
289 8 0 0 0 0 0 0 0 0 0 0 0 
290 8 0 0 0 0 0 0 0 0 0 0 0 
291 8 0 0 0 0 0 0 0 0 0 0 0 
292 8 0 0 0 0 0 0 0 0 0 0 0 
293 8 0 0 0 0 0 0 0 0 0 0 0 
294 8 0 0 0 0 0 0 0 0 0 0 0 
295 8 0 0 0 0 0 0 0 0 0 0 0 
296 8 0 0 0 0 0 0 0 0 0 0 0 
297 8 0 0 0 0 0 0 0 0 0 0 0 
298 8 0 0 0 0 0 0 0 0 0 0 0 
299 8 0 0 0 0 0 0 0 0 0 0 0 
300 8 0 0 0 0 0 0 0 0 0 0 0 
301 8 0 0 0 0 0 0 0 0 0 0 0 
302 8 0 0 0 0 0 0 0 0 0 0 0 
303 8 0 0 0 0 0 0 0 0 0 0 0 
304 8 0 0 0 0 0 0 0 0 0 0 0 
305 8 0 0 0 0 0 0 0 0 0 0 0 
306 8 0 0 0 0 0 0 0 0 0 0 0 
307 8 0 0 0 0 0 0 0 0 0 0 0 
308 8 0 0 0 0 0 0 0 0 0 0 0 
309 8 0 0 0 0 0 0 0 0 0 0 0 
310 8 0 0 0 0 0 0 0 0 0 0 0 
311 8 0 0 0 0 0 0 0 0 0 0 0 
312 8 0 0 0 0 0 0 0 0 0 0 0 
313 8 0 0 0 0 0 0 0 0 0 0 0 
314 8 0 0 0 0 0 0 0 0 0 0 0 
315 8 0 0 0 0 0 0 0 0 0 0 0 
316 8 0 0 0 0 0 0 0 0 0 0 0 
317 8 0 0 0 0 0 0 0 0 0 0 0 
318 8 0 0 0 0 0 0 0 0 0 0 0 
319 8 0 0 0 0 0 0 0 0 0 0 0 
320 8 0 0 0 0 0 0 0 0 0 0 0 
321 8 0 0 0 0 0 0 0 0 0 0 0 
322 8 0 0 0 0 0 0 0 0 0 0 0 
323 8 0 0 0 0 0 0 0 0 0 0 0 
324 8 0 0 0 0 0 0 0 0 0 0 0 
325 8 14 0 0 0 0 0 0 0 0 0 0 
326 8 15 0 0 0 0 0 0 0 0 0 0 
327 8 0 0 0 0 0 0 0 0 0 0 0 
328 8 0 0 0 0 0 0 0 0 0 0 0 
329 8 -1 26 31 0 0 29 42 0 0 2 6 
330 8 19 0 0 0 0 0 0 0 0 0 0 
331 8 0 0 0 0 0 0 0 0 0 0 0 
332 8 0 0 0 0 0 0 0 0 0 0 0 
333 8 0 0 0 0 0 0 0 0 0 0 0 
334 8 0 0 0 0 0 0 0 0 0 0 0 
335 8 0 0 0 0 0 0 0 0 0 0 0 
336 8 0 0 0 0 0 0 0 0 0 0 0 
337 8 0 0 0 0 0 0 0 0 0 0 0 
338 8 0 0 0 0 0 0 0 0 0 0 0 
339 8 0 0 0 0 0 0 0 0 0 0 0 
340 8 0 0 0 0 0 0 0 0 0 0 0 
341 8 0 0 0 0 0 0 0 0 0 0 0 
342 8 0 0 0 0 0 0 0 0 0 0 0 
343 8 0 0 0 0 0 0 0 0 0 0 0 
344 8 0 0 0 0 0 0 0 0 0 0 0 
345 8 0 0 0 0 0 0 0 0 0 0 0 
346 8 0 0 0 0 0 0 0 0 0 0 0 
347 8 0 0 0 0 0 0 0 0 0 0 0 
348 8 0 0 0 0 0 0 0 0 0 0 0 
349 8 0 0 0 0 0 0 0 0 0 0 0 
350 8 0 0 0 0 0 0 0 0 0 0 0 
351 8 0 0 0 0 0 0 0 0 0 0 0 
352 8 0 0 0 0 0 0 0 0 0 0 0 
353 8 0 0 0 0 0 0 0 0 0 0 0 
354 8 0 0 0 0 0 0 0 0 0 0 0 
355 8 0 0 0 0 0 0 0 0 0 0 0 
356 8 0 0 0 0 0 0 0 0 0 0 0 
357 8 0 0 0 0 0 0 0 0 0 0 0 
358 8 0 0 0 0 0 0 0 0 0 0 0 
359 8 23 0 0 0 0 0 0 0 0 0 0 
360 8 -1 6 23 0 0 30 43 0 0 16 -13 
361 8 27 0 0 0 0 0 0 0 0 0 0 
362 8 -1 4 16 0 0 34 3 0 0 16 -8 
363 8 -1 11 10 1 14 36 37 11 2 32 -2281 
364 8 -1 22 31 0 0 26 41 0 0 5 1 
365 8 0 0 0 0 0 0 0 0 0 0 0 
366 8 0 0 0 0 0 0 0 0 0 0 0 
367 8 36 0 0 0 0 0 0 0 0 0 0 
368 8 -1 18 3 0 0 1 9 0 0 18 -17 
369 8 -1 16 5 0 0 13 36 0 0 8 23 
370 8 -1 25 32 0 0 10 16 0 0 17 -6 
371 8 0 0 0 0 0 0 0 0 0 0 0 
372 8 0 0 0 0 0 0 0 0 0 0 0 
373 8 0 0 0 0 0 0 0 0 0 0 0 
374 8 0 0 0 0 0 0 0 0 0 0 0 
375 8 0 0 0 0 0 0 0 0 0 0 0 
376 8 0 0 0 0 0 0 0 0 0 0 0 
377 8 0 0 0 0 0 0 0 0 0 0 0 
378 8 0 0 0 0 0 0 0 0 0 0 0 
379 8 -1 5 2 4 11 17 32 16 7 32 -2122 
380 8 -1 29 27 0 0 41 25 0 0 11 27 
381 8 58 0 0 0 0 0 0 0 0 0 0 
382 8 59 0 0 0 0 0 0 0 0 0 0 
383 8 0 0 0 0 0 0 0 0 0 0 0 
384 8 0 0 0 0 0 0 0 0 0 0 0 
385 8 0 0 0 0 0 0 0 0 0 0 0 
386 8 0 0 0 0 0 0 0 0 0 0 0 
387 8 0 0 0 0 0 0 0 0 0 0 0 
388 8 0 0 0 0 0 0 0 0 0 0 0 
389 8 0 0 0 0 0 0 0 0 0 0 0 
390 8 0 0 0 0 0 0 0 0 0 0 0 
391 8 0 0 0 0 0 0 0 0 0 0 0 
392 8 0 0 0 0 0 0 0 0 0 0 0 
393 8 0 0 0 0 0 0 0 0 0 0 0 
394 8 0 0 0 0 0 0 0 0 0 0 0 
395 8 0 0 0 0 0 0 0 0 0 0 0 
396 8 0 0 0 0 0 0 0 0 0 0 0 
397 8 0 0 0 0 0 0 0 0 0 0 0 
398 8 0 0 0 0 0 0 0 0 0 0 0 
399 8 0 0 0 0 0 0 0 0 0 0 0 
400 8 0 0 0 0 0 0 0 0 0 0 0 
401 8 0 0 0 0 0 0 0 0 0 0 0 
402 8 0 0 0 0 0 0 0 0 0 0 0 
403 8 0 0 0 0 0 0 0 0 0 0 0 
404 8 0 0 0 0 0 0 0 0 0 0 0 
405 8 0 0 0 0 0 0 0 0 0 0 0 
406 8 0 0 0 0 0 0 0 0 0 0 0 
407 8 0 0 0 0 0 0 0 0 0 0 0 
408 8 0 0 0 0 0 0 0 0 0 0 0 
409 8 0 0 0 0 0 0 0 0 0 0 0 
410 8 0 0 0 0 0 0 0 0 0 0 0 
411 8 0 0 0 0 0 0 0 0 0 0 0 
412 8 0 0 0 0 0 0 0 0 0 0 0 
413 8 0 0 0 0 0 0 0 0 0 0 0 
414 8 0 0 0 0 0 0 0 0 0 0 0 
415 8 0 0 0 0 0 0 0 0 0 0 0 
416 8 0 0 0 0 0 0 0 0 0 0 0 
417 8 0 0 0 0 0 0 0 0 0 0 0 
418 8 0 0 0 0 0 0 0 0 0 0 0 
419 8 0 0 0 0 0 0 0 0 0 0 0 
420 8 0 0 0 0 0 0 0 0 0 0 0 
421 8 0 0 0 0 0 0 0 0 0 0 0 
422 8 0 0 0 0 0 0 0 0 0 0 0 
423 8 0 0 0 0 0 0 0 0 0 0 0 
424 8 0 0 0 0 0 0 0 0 0 0 0 
425 8 0 0 0 0 0 0 0 0 0 0 0 
426 8 0 0 0 0 0 0 0 0 0 0 0 
427 8 0 0 0 0 0 0 0 0 0 0 0 
428 8 0 0 0 0 0 0 0 0 0 0 0 
429 8 0 0 0 0 0 0 0 0 0 0 0 
430 8 0 0 0 0 0 0 0 0 0 0 0 
431 8 0 0 0 0 0 0 0 0 0 0 0 
432 8 0 0 0 0 0 0 0 0 0 0 0 
433 8 0 0 0 0 0 0 0 0 0 0 0 
434 8 0 0 0 0 0 0 0 0 0 0 0 
435 8 0 0 0 0 0 0 0 0 0 0 0 
436 8 0 0 0 0 0 0 0 0 0 0 0 
437 8 0 0 0 0 0 0 0 0 0 0 0 
438 8 0 0 0 0 0 0 0 0 0 0 0 
439 8 -1 43 11 0 0 6 7 0 0 16 35 
440 8 -1 12 30 0 0 21 44 0 0 1 7 
441 8 -1 21 11 14 2 46 25 1 18 32 -99 
442 8 78 0 0 0 0 0 0 0 0 0 0 
443 8 0 0 0 0 0 0 0 0 0 0 0 
444 8 0 0 0 0 0 0 0 0 0 0 0 
445 8 0 0 0 0 0 0 0 0 0 0 0 
446 8 0 0 0 0 0 0 0 0 0 0 0 
447 8 0 0 0 0 0 0 0 0 0 0 0 
448 8 0 0 0 0 0 0 0 0 0 0 0 
449 8 -1 27 7 0 0 5 31 0 0 5 -2 
450 8 84 0 0 0 0 0 0 0 0 0 0 
451 8 0 0 0 0 0 0 0 0 0 0 0 
452 8 0 0 0 0 0 0 0 0 0 0 0 
453 8 86 0 0 0 0 0 0 0 0 0 0 
454 8 87 0 0 0 0 0 0 0 0 0 0 
455 8 -1 21 38 0 0 9 26 0 0 1 -3 
456 8 92 0 0 0 0 0 0 0 0 0 0 
457 8 93 0 0 0 0 0 0 0 0 0 0 
458 8 -1 14 14 15 6 30 25 7 7 32 5308 
459 8 -1 22 7 12 2 41 12 6 30 32 -5365 
460 8 -1 29 32 0 0 8 44 0 0 1 -17 
461 8 -1 13 0 8 6 44 19 2 3 32 985 
462 8 -1 21 16 14 2 45 18 1 16 32 879 
463 8 0 0 0 0 0 0 0 0 0 0 0 
464 8 0 0 0 0 0 0 0 0 0 0 0 
465 8 0 0 0 0 0 0 0 0 0 0 0 
466 8 0 0 0 0 0 0 0 0 0 0 0 
467 8 0 0 0 0 0 0 0 0 0 0 0 
468 8 0 0 0 0 0 0 0 0 0 0 0 
469 8 0 0 0 0 0 0 0 0 0 0 0 
470 8 0 0 0 0 0 0 0 0 0 0 0 
471 8 0 0 0 0 0 0 0 0 0 0 0 
472 8 0 0 0 0 0 0 0 0 0 0 0 
473 8 0 0 0 0 0 0 0 0 0 0 0 
474 8 0 0 0 0 0 0 0 0 0 0 0 
475 8 113 0 0 0 0 0 0 0 0 0 0 
476 8 114 0 0 0 0 0 0 0 0 0 0 
477 8 115 0 0 0 0 0 0 0 0 0 0 
478 8 116 0 0 0 0 0 0 0 0 0 0 
479 8 117 0 0 0 0 0 0 0 0 0 0 
480 8 118 0 0 0 0 0 0 0 0 0 0 
481 8 0 0 0 0 0 0 0 0 0 0 0 
482 8 0 0 0 0 0 0 0 0 0 0 0 
483 8 0 0 0 0 0 0 0 0 0 0 0 
484 8 0 0 0 0 0 0 0 0 0 0 0 
485 8 0 0 0 0 0 0 0 0 0 0 0 
486 8 0 0 0 0 0 0 0 0 0 0 0 
487 8 0 0 0 0 0 0 0 0 0 0 0 
488 8 0 0 0 0 0 0 0 0 0 0 0 
489 8 123 0 0 0 0 0 0 0 0 0 0 
490 8 124 0 0 0 0 0 0 0 0 0 0 
491 8 0 0 0 0 0 0 0 0 0 0 0 
492 8 0 0 0 0 0 0 0 0 0 0 0 
493 8 0 0 0 0 0 0 0 0 0 0 0 
494 8 0 0 0 0 0 0 0 0 0 0 0 
495 8 -1 19 14 2 5 27 30 16 16 32 -7010 
496 8 128 0 0 0 0 0 0 0 0 0 0 
497 8 129 0 0 0 0 0 0 0 0 0 0 
498 8 130 0 0 0 0 0 0 0 0 0 0 
499 8 0 0 0 0 0 0 0 0 0 0 0 
500 8 0 0 0 0 0 0 0 0 0 0 0 
501 8 0 0 0 0 0 0 0 0 0 0 0 
502 8 0 0 0 0 0 0 0 0 0 0 0 
503 8 0 0 0 0 0 0 0 0 0 0 0 
504 8 0 0 0 0 0 0 0 0 0 0 0 
505 8 0 0 0 0 0 0 0 0 0 0 0 
506 8 0 0 0 0 0 0 0 0 0 0 0 
507 8 0 0 0 0 0 0 0 0 0 0 0 
508 8 0 0 0 0 0 0 0 0 0 0 0 
509 8 0 0 0 0 0 0 0 0 0 0 0 
510 8 0 0 0 0 0 0 0 0 0 0 0 
511 9 0 0 0 0 0 0 0 0 0 0 0 
512 9 0 0 0 0 0 0 0 0 0 0 0 
513 9 0 0 0 0 0 0 0 0 0 0 0 
514 9 0 0 0 0 0 0 0 0 0 0 0 
515 9 0 0 0 0 0 0 0 0 0 0 0 
516 9 0 0 0 0 0 0 0 0 0 0 0 
517 9 0 0 0 0 0 0 0 0 0 0 0 
518 9 0 0 0 0 0 0 0 0 0 0 0 
519 9 0 0 0 0 0 0 0 0 0 0 0 
520 9 0 0 0 0 0 0 0 0 0 0 0 
521 9 0 0 0 0 0 0 0 0 0 0 0 
522 9 0 0 0 0 0 0 0 0 0 0 0 
523 9 0 0 0 0 0 0 0 0 0 0 0 
524 9 0 0 0 0 0 0 0 0 0 0 0 
525 9 0 0 0 0 0 0 0 0 0 0 0 
526 9 0 0 0 0 0 0 0 0 0 0 0 
527 9 0 0 0 0 0 0 0 0 0 0 0 
528 9 0 0 0 0 0 0 0 0 0 0 0 
529 9 0 0 0 0 0 0 0 0 0 0 0 
530 9 0 0 0 0 0 0 0 0 0 0 0 
531 9 0 0 0 0 0 0 0 0 0 0 0 
532 9 0 0 0 0 0 0 0 0 0 0 0 
533 9 0 0 0 0 0 0 0 0 0 0 0 
534 9 0 0 0 0 0 0 0 0 0 0 0 
535 9 0 0 0 0 0 0 0 0 0 0 0 
536 9 0 0 0 0 0 0 0 0 0 0 0 
537 9 0 0 0 0 0 0 0 0 0 0 0 
538 9 0 0 0 0 0 0 0 0 0 0 0 
539 9 0 0 0 0 0 0 0 0 0 0 0 
540 9 0 0 0 0 0 0 0 0 0 0 0 
541 9 0 0 0 0 0 0 0 0 0 0 0 
542 9 0 0 0 0 0 0 0 0 0 0 0 
543 9 0 0 0 0 0 0 0 0 0 0 0 
544 9 0 0 0 0 0 0 0 0 0 0 0 
545 9 0 0 0 0 0 0 0 0 0 0 0 
546 9 0 0 0 0 0 0 0 0 0 0 0 
547 9 0 0 0 0 0 0 0 0 0 0 0 
548 9 0 0 0 0 0 0 0 0 0 0 0 
549 9 0 0 0 0 0 0 0 0 0 0 0 
550 9 0 0 0 0 0 0 0 0 0 0 0 
551 9 0 0 0 0 0 0 0 0 0 0 0 
552 9 0 0 0 0 0 0 0 0 0 0 0 
553 9 0 0 0 0 0 0 0 0 0 0 0 
554 9 0 0 0 0 0 0 0 0 0 0 0 
555 9 0 0 0 0 0 0 0 0 0 0 0 
556 9 0 0 0 0 0 0 0 0 0 0 0 
557 9 0 0 0 0 0 0 0 0 0 0 0 
558 9 0 0 0 0 0 0 0 0 0 0 0 
559 9 0 0 0 0 0 0 0 0 0 0 0 
560 9 0 0 0 0 0 0 0 0 0 0 0 
561 9 0 0 0 0 0 0 0 0 0 0 0 
562 9 0 0 0 0 0 0 0 0 0 0 0 
563 9 0 0 0 0 0 0 0 0 0 0 0 
564 9 0 0 0 0 0 0 0 0 0 0 0 
565 9 0 0 0 0 0 0 0 0 0 0 0 
566 9 0 0 0 0 0 0 0 0 0 0 0 
567 9 0 0 0 0 0 0 0 0 0 0 0 
568 9 0 0 0 0 0 0 0 0 0 0 0 
569 9 0 0 0 0 0 0 0 0 0 0 0 
570 9 0 0 0 0 0 0 0 0 0 0 0 
571 9 0 0 0 0 0 0 0 0 0 0 0 
572 9 0 0 0 0 0 0 0 0 0 0 0 
573 9 0 0 0 0 0 0 0 0 0 0 0 
574 9 0 0 0 0 0 0 0 0 0 0 0 
575 9 0 0 0 0 0 0 0 0 0 0 0 
576 9 0 0 0 0 0 0 0 0 0 0 0 
577 9 0 0 0 0 0 0 0 0 0 0 0 
578 9 0 0 0 0 0 0 0 0 0 0 0 
579 9 0 0 0 0 0 0 0 0 0 0 0 
580 9 0 0 0 0 0 0 0 0 0 0 0 
581 9 0 0 0 0 0 0 0 0 0 0 0 
582 9 0 0 0 0 0 0 0 0 0 0 0 
583 9 0 0 0 0 0 0 0 0 0 0 0 
584 9 0 0 0 0 0 0 0 0 0 0 0 
585 9 0 0 0 0 0 0 0 0 0 0 0 
586 9 0 0 0 0 0 0 0 0 0 0 0 
587 9 0 0 0 0 0 0 0 0 0 0 0 
588 9 0 0 0 0 0 0 0 0 0 0 0 
589 9 0 0 0 0 0 0 0 0 0 0 0 
590 9 0 0 0 0 0 0 0 0 0 0 0 
591 9 0 0 0 0 0 0 0 0 0 0 0 
592 9 0 0 0 0 0 0 0 0 0 0 0 
593 9 0 0 0 0 0 0 0 0 0 0 0 
594 9 0 0 0 0 0 0 0 0 0 0 0 
595 9 0 0 0 0 0 0 0 0 0 0 0 
596 9 0 0 0 0 0 0 0 0 0 0 0 
597 9 0 0 0 0 0 0 0 0 0 0 0 
598 9 0 0 0 0 0 0 0 0 0 0 0 
599 9 0 0 0 0 0 0 0 0 0 0 0 
600 9 0 0 0 0 0 0 0 0 0 0 0 
601 9 0 0 0 0 0 0 0 0 0 0 0 
602 9 0 0 0 0 0 0 0 0 0 0 0 
603 9 0 0 0 0 0 0 0 0 0 0 0 
604 9 0 0 0 0 0 0 0 0 0 0 0 
605 9 0 0 0 0 0 0 0 0 0 0 0 
606 9 0 0 0 0 0 0 0 0 0 0 0 
607 9 0 0 0 0 0 0 0 0 0 0 0 
608 9 0 0 0 0 0 0 0 0 0 0 0 
609 9 0 0 0 0 0 0 0 0 0 0 0 
610 9 0 0 0 0 0 0 0 0 0 0 0 
611 9 0 0 0 0 0 0 0 0 0 0 0 
612 9 0 0 0 0 0 0 0 0 0 0 0 
613 9 0 0 0 0 0 0 0 0 0 0 0 
614 9 0 0 0 0 0 0 0 0 0 0 0 
615 9 0 0 0 0 0 0 0 0 0 0 0 
616 9 0 0 0 0 0 0 0 0 0 0 0 
617 9 0 0 0 0 0 0 0 0 0 0 0 
618 9 0 0 0 0 0 0 0 0 0 0 0 
619 9 0 0 0 0 0 0 0 0 0 0 0 
620 9 0 0 0 0 0 0 0 0 0 0 0 
621 9 0 0 0 0 0 0 0 0 0 0 0 
622 9 0 0 0 0 0 0 0 0 0 0 0 
623 9 0 0 0 0 0 0 0 0 0 0 0 
624 9 0 0 0 0 0 0 0 0 0 0 0 
625 9 0 0 0 0 0 0 0 0 0 0 0 
626 9 0 0 0 0 0 0 0 0 0 0 0 
627 9 0 0 0 0 0 0 0 0 0 0 0 
628 9 0 0 0 0 0 0 0 0 0 0 0 
629 9 0 0 0 0 0 0 0 0 0 0 0 
630 9 0 0 0 0 0 0 0 0 0 0 0 
631 9 0 0 0 0 0 0 0 0 0 0 0 
632 9 0 0 0 0 0 0 0 0 0 0 0 
633 9 0 0 0 0 0 0 0 0 0 0 0 
634 9 0 0 0 0 0 0 0 0 0 0 0 
635 9 0 0 0 0 0 0 0 0 0 0 0 
636 9 0 0 0 0 0 0 0 0 0 0 0 
637 9 0 0 0 0 0 0 0 0 0 0 0 
638 9 0 0 0 0 0 0 0 0 0 0 0 
639 9 0 0 0 0 0 0 0 0 0 0 0 
640 9 0 0 0 0 0 0 0 0 0 0 0 
641 9 0 0 0 0 0 0 0 0 0 0 0 
642 9 0 0 0 0 0 0 0 0 0 0 0 
643 9 0 0 0 0 0 0 0 0 0 0 0 
644 9 0 0 0 0 0 0 0 0 0 0 0 
645 9 0 0 0 0 0 0 0 0 0 0 0 
646 9 0 0 0 0 0 0 0 0 0 0 0 
647 9 0 0 0 0 0 0 0 0 0 0 0 
648 9 0 0 0 0 0 0 0 0 0 0 0 
649 9 0 0 0 0 0 0 0 0 0 0 0 
650 9 0 0 0 0 0 0 0 0 0 0 0 
651 9 0 0 0 0 0 0 0 0 0 0 0 
652 9 0 0 0 0 0 0 0 0 0 0 0 
653 9 0 0 0 0 0 0 0 0 0 0 0 
654 9 0 0 0 0 0 0 0 0 0 0 0 
655 9 0 0 0 0 0 0 0 0 0 0 0 
656 9 0 0 0 0 0 0 0 0 0 0 0 
657 9 0 0 0 0 0 0 0 0 0 0 0 
658 9 0 0 0 0 0 0 0 0 0 0 0 
659 9 17 0 0 0 0 0 0 0 0 0 0 
660 9 18 0 0 0 0 0 0 0 0 0 0 
661 9 0 0 0 0 0 0 0 0 0 0 0 
662 9 0 0 0 0 0 0 0 0 0 0 0 
663 9 0 0 0 0 0 0 0 0 0 0 0 
664 9 0 0 0 0 0 0 0 0 0 0 0 
665 9 0 0 0 0 0 0 0 0 0 0 0 
666 9 0 0 0 0 0 0 0 0 0 0 0 
667 9 0 0 0 0 0 0 0 0 0 0 0 
668 9 0 0 0 0 0 0 0 0 0 0 0 
669 9 0 0 0 0 0 0 0 0 0 0 0 
670 9 0 0 0 0 0 0 0 0 0 0 0 
671 9 0 0 0 0 0 0 0 0 0 0 0 
672 9 0 0 0 0 0 0 0 0 0 0 0 
673 9 0 0 0 0 0 0 0 0 0 0 0 
674 9 0 0 0 0 0 0 0 0 0 0 0 
675 9 0 0 0 0 0 0 0 0 0 0 0 
676 9 0 0 0 0 0 0 0 0 0 0 0 
677 9 0 0 0 0 0 0 0 0 0 0 0 
678 9 0 0 0 0 0 0 0 0 0 0 0 
679 9 0 0 0 0 0 0 0 0 0 0 0 
680 9 0 0 0 0 0 0 0 0 0 0 0 
681 9 0 0 0 0 0 0 0 0 0 0 0 
682 9 0 0 0 0 0 0 0 0 0 0 0 
683 9 0 0 0 0 0 0 0 0 0 0 0 
684 9 0 0 0 0 0 0 0 0 0 0 0 
685 9 0 0 0 0 0 0 0 0 0 0 0 
686 9 0 0 0 0 0 0 0 0 0 0 0 
687 9 0 0 0 0 0 0 0 0 0 0 0 
688 9 0 0 0 0 0 0 0 0 0 0 0 
689 9 0 0 0 0 0 0 0 0 0 0 0 
690 9 0 0 0 0 0 0 0 0 0 0 0 
691 9 0 0 0 0 0 0 0 0 0 0 0 
692 9 0 0 0 0 0 0 0 0 0 0 0 
693 9 0 0 0 0 0 0 0 0 0 0 0 
694 9 0 0 0 0 0 0 0 0 0 0 0 
695 9 0 0 0 0 0 0 0 0 0 0 0 
696 9 0 0 0 0 0 0 0 0 0 0 0 
697 9 0 0 0 0 0 0 0 0 0 0 0 
698 9 0 0 0 0 0 0 0 0 0 0 0 
699 9 0 0 0 0 0 0 0 0 0 0 0 
700 9 0 0 0 0 0 0 0 0 0 0 0 
701 9 0 0 0 0 0 0 0 0 0 0 0 
702 9 0 0 0 0 0 0 0 0 0 0 0 
703 9 0 0 0 0 0 0 0 0 0 0 0 
704 9 0 0 0 0 0 0 0 0 0 0 0 
705 9 0 0 0 0 0 0 0 0 0 0 0 
706 9 0 0 0 0 0 0 0 0 0 0 0 
707 9 0 0 0 0 0 0 0 0 0 0 0 
708 9 0 0 0 0 0 0 0 0 0 0 0 
709 9 0 0 0 0 0 0 0 0 0 0 0 
710 9 0 0 0 0 0 0 0 0 0 0 0 
711 9 0 0 0 0 0 0 0 0 0 0 0 
712 9 0 0 0 0 0 0 0 0 0 0 0 
713 9 0 0 0 0 0 0 0 0 0 0 0 
714 9 0 0 0 0 0 0 0 0 0 0 0 
715 9 0 0 0 0 0 0 0 0 0 0 0 
716 9 0 0 0 0 0 0 0 0 0 0 0 
717 9 0 0 0 0 0 0 0 0 0 0 0 
718 9 0 0 0 0 0 0 0 0 0 0 0 
719 9 0 0 0 0 0 0 0 0 0 0 0 
720 9 0 0 0 0 0 0 0 0 0 0 0 
721 9 24 0 0 0 0 0 0 0 0 0 0 
722 9 -1 6 39 0 0 10 35 0 0 14 58 
723 9 0 0 0 0 0 0 0 0 0 0 0 
724 9 0 0 0 0 0 0 0 0 0 0 0 
725 9 28 0 0 0 0 0 0 0 0 0 0 
726 9 29 0 0 0 0 0 0 0 0 0 0 
727 9 30 0 0 0 0 0 0 0 0 0 0 
728 9 -1 1 7 20 16 41 42 5 1 32 31525 
729 9 33 0 0 0 0 0 0 0 0 0 0 
730 9 34 0 0 0 0 0 0 0 0 0 0 
731 9 0 0 0 0 0 0 0 0 0 0 0 
732 9 0 0 0 0 0 0 0 0 0 0 0 
733 9 0 0 0 0 0 0 0 0 0 0 0 
734 9 0 0 0 0 0 0 0 0 0 0 0 
735 9 0 0 0 0 0 0 0 0 0 0 0 
736 9 0 0 0 0 0 0 0 0 0 0 0 
737 9 -1 22 42 0 0 8 37 0 0 0 -71 
738 9 -1 17 35 0 0 1 27 0 0 2 -1 
739 9 -1 9 1 10 8 23 29 3 13 32 5495 
740 9 -1 22 26 0 0 45 24 0 0 17 -13 
741 9 45 0 0 0 0 0 0 0 0 0 0 
742 9 -1 18 12 22 0 41 15 6 21 32 -11957 
743 9 0 0 0 0 0 0 0 0 0 0 0 
744 9 0 0 0 0 0 0 0 0 0 0 0 
745 9 0 0 0 0 0 0 0 0 0 0 0 
746 9 0 0 0 0 0 0 0 0 0 0 0 
747 9 0 0 0 0 0 0 0 0 0 0 0 
748 9 0 0 0 0 0 0 0 0 0 0 0 
749 9 0 0 0 0 0 0 0 0 0 0 0 
750 9 0 0 0 0 0 0 0 0 0 0 0 
751 9 0 0 0 0 0 0 0 0 0 0 0 
752 9 0 0 0 0 0 0 0 0 0 0 0 
753 9 0 0 0 0 0 0 0 0 0 0 0 
754 9 0 0 0 0 0 0 0 0 0 0 0 
755 9 0 0 0 0 0 0 0 0 0 0 0 
756 9 0 0 0 0 0 0 0 0 0 0 0 
757 9 0 0 0 0 0 0 0 0 0 0 0 
758 9 0 0 0 0 0 0 0 0 0 0 0 
759 9 -1 46 42 0 0 30 34 0 0 14 -2 
760 9 54 0 0 0 0 0 0 0 0 0 0 
761 9 -1 9 21 15 0 40 32 7 14 32 -10046 
762 9 57 0 0 0 0 0 0 0 0 0 0 
763 9 0 0 0 0 0 0 0 0 0 0 0 
764 9 0 0 0 0 0 0 0 0 0 0 0 
765 9 0 0 0 0 0 0 0 0 0 0 0 
766 9 0 0 0 0 0 0 0 0 0 0 0 
767 9 0 0 0 0 0 0 0 0 0 0 0 
768 9 0 0 0 0 0 0 0 0 0 0 0 
769 9 0 0 0 0 0 0 0 0 0 0 0 
770 9 0 0 0 0 0 0 0 0 0 0 0 
771 9 0 0 0 0 0 0 0 0 0 0 0 
772 9 0 0 0 0 0 0 0 0 0 0 0 
773 9 0 0 0 0 0 0 0 0 0 0 0 
774 9 0 0 0 0 0 0 0 0 0 0 0 
775 9 0 0 0 0 0 0 0 0 0 0 0 
776 9 0 0 0 0 0 0 0 0 0 0 0 
777 9 0 0 0 0 0 0 0 0 0 0 0 
778 9 0 0 0 0 0 0 0 0 0 0 0 
779 9 0 0 0 0 0 0 0 0 0 0 0 
780 9 0 0 0 0 0 0 0 0 0 0 0 
781 9 0 0 0 0 0 0 0 0 0 0 0 
782 9 0 0 0 0 0 0 0 0 0 0 0 
783 9 0 0 0 0 0 0 0 0 0 0 0 
784 9 0 0 0 0 0 0 0 0 0 0 0 
785 9 0 0 0 0 0 0 0 0 0 0 0 
786 9 0 0 0 0 0 0 0 0 0 0 0 
787 9 0 0 0 0 0 0 0 0 0 0 0 
788 9 0 0 0 0 0 0 0 0 0 0 0 
789 9 0 0 0 0 0 0 0 0 0 0 0 
790 9 0 0 0 0 0 0 0 0 0 0 0 
791 9 0 0 0 0 0 0 0 0 0 0 0 
792 9 0 0 0 0 0 0 0 0 0 0 0 
793 9 0 0 0 0 0 0 0 0 0 0 0 
794 9 0 0 0 0 0 0 0 0 0 0 0 
795 9 0 0 0 0 0 0 0 0 0 0 0 
796 9 0 0 0 0 0 0 0 0 0 0 0 
797 9 0 0 0 0 0 0 0 0 0 0 0 
798 9 0 0 0 0 0 0 0 0 0 0 0 
799 9 0 0 0 0 0 0 0 0 0 0 0 
800 9 0 0 0 0 0 0 0 0 0 0 0 
801 9 0 0 0 0 0 0 0 0 0 0 0 
802 9 0 0 0 0 0 0 0 0 0 0 0 
803 9 0 0 0 0 0 0 0 0 0 0 0 
804 9 0 0 0 0 0 0 0 0 0 0 0 
805 9 0 0 0 0 0 0 0 0 0 0 0 
806 9 0 0 0 0 0 0 0 0 0 0 0 
807 9 0 0 0 0 0 0 0 0 0 0 0 
808 9 0 0 0 0 0 0 0 0 0 0 0 
809 9 0 0 0 0 0 0 0 0 0 0 0 
810 9 0 0 0 0 0 0 0 0 0 0 0 
811 9 0 0 0 0 0 0 0 0 0 0 0 
812 9 0 0 0 0 0 0 0 0 0 0 0 
813 9 0 0 0 0 0 0 0 0 0 0 0 
814 9 0 0 0 0 0 0 0 0 0 0 0 
815 9 0 0 0 0 0 0 0 0 0 0 0 
816 9 0 0 0 0 0 0 0 0 0 0 0 
817 9 0 0 0 0 0 0 0 0 0 0 0 
818 9 0 0 0 0 0 0 0 0 0 0 0 
819 9 0 0 0 0 0 0 0 0 0 0 0 
820 9 0 0 0 0 0 0 0 0 0 0 0 
821 9 0 0 0 0 0 0 0 0 0 0 0 
822 9 0 0 0 0 0 0 0 0 0 0 0 
823 9 0 0 0 0 0 0 0 0 0 0 0 
824 9 0 0 0 0 0 0 0 0 0 0 0 
825 9 0 0 0 0 0 0 0 0 0 0 0 
826 9 0 0 0 0 0 0 0 0 0 0 0 
827 9 0 0 0 0 0 0 0 0 0 0 0 
828 9 0 0 0 0 0 0 0 0 0 0 0 
829 9 0 0 0 0 0 0 0 0 0 0 0 
830 9 0 0 0 0 0 0 0 0 0 0 0 
831 9 0 0 0 0 0 0 0 0 0 0 0 
832 9 0 0 0 0 0 0 0 0 0 0 0 
833 9 0 0 0 0 0 0 0 0 0 0 0 
834 9 0 0 0 0 0 0 0 0 0 0 0 
835 9 0 0 0 0 0 0 0 0 0 0 0 
836 9 0 0 0 0 0 0 0 0 0 0 0 
837 9 0 0 0 0 0 0 0 0 0 0 0 
838 9 0 0 0 0 0 0 0 0 0 0 0 
839 9 0 0 0 0 0 0 0 0 0 0 0 
840 9 0 0 0 0 0 0 0 0 0 0 0 
841 9 0 0 0 0 0 0 0 0 0 0 0 
842 9 0 0 0 0 0 0 0 0 0 0 0 
843 9 0 0 0 0 0 0 0 0 0 0 0 
844 9 0 0 0 0 0 0 0 0 0 0 0 
845 9 0 0 0 0 0 0 0 0 0 0 0 
846 9 0 0 0 0 0 0 0 0 0 0 0 
847 9 0 0 0 0 0 0 0 0 0 0 0 
848 9 0 0 0 0 0 0 0 0 0 0 0 
849 9 0 0 0 0 0 0 0 0 0 0 0 
850 9 0 0 0 0 0 0 0 0 0 0 0 
851 9 0 0 0 0 0 0 0 0 0 0 0 
852 9 0 0 0 0 0 0 0 0 0 0 0 
853 9 0 0 0 0 0 0 0 0 0 0 0 
854 9 0 0 0 0 0 0 0 0 0 0 0 
855 9 0 0 0 0 0 0 0 0 0 0 0 
856 9 0 0 0 0 0 0 0 0 0 0 0 
857 9 0 0 0 0 0 0 0 0 0 0 0 
858 9 0 0 0 0 0 0 0 0 0 0 0 
859 9 0 0 0 0 0 0 0 0 0 0 0 
860 9 0 0 0 0 0 0 0 0 0 0 0 
861 9 0 0 0 0 0 0 0 0 0 0 0 
862 9 0 0 0 0 0 0 0 0 0 0 0 
863 9 0 0 0 0 0 0 0 0 0 0 0 
864 9 0 0 0 0 0 0 0 0 0 0 0 
865 9 0 0 0 0 0 0 0 0 0 0 0 
866 9 0 0 0 0 0 0 0 0 0 0 0 
867 9 0 0 0 0 0 0 0 0 0 0 0 
868 9 0 0 0 0 0 0 0 0 0 0 0 
869 9 0 0 0 0 0 0 0 0 0 0 0 
870 9 0 0 0 0 0 0 0 0 0 0 0 
871 9 0 0 0 0 0 0 0 0 0 0 0 
872 9 0 0 0 0 0 0 0 0 0 0 0 
873 9 0 0 0 0 0 0 0 0 0 0 0 
874 9 0 0 0 0 0 0 0 0 0 0 0 
875 9 0 0 0 0 0 0 0 0 0 0 0 
876 9 0 0 0 0 0 0 0 0 0 0 0 
877 9 0 0 0 0 0 0 0 0 0 0 0 
878 9 0 0 0 0 0 0 0 0 0 0 0 
879 9 -1 14 0 16 1 36 21 7 11 32 -2801 
880 9 70 0 0 0 0 0 0 0 0 0 0 
881 9 -1 47 18 0 0 23 29 0 0 0 -39 
882 9 -1 20 4 21 17 45 25 2 12 32 -548 
883 9 75 0 0 0 0 0 0 0 0 0 0 
884 9 -1 3 35 0 0 0 30 0 0 19 -137 
885 9 0 0 0 0 0 0 0 0 0 0 0 
886 9 0 0 0 0 0 0 0 0 0 0 0 
887 9 0 0 0 0 0 0 0 0 0 0 0 
888 9 0 0 0 0 0 0 0 0 0 0 0 
889 9 0 0 0 0 0 0 0 0 0 0 0 
890 9 0 0 0 0 0 0 0 0 0 0 0 
891 9 0 0 0 0 0 0 0 0 0 0 0 
892 9 0 0 0 0 0 0 0 0 0 0 0 
893 9 0 0 0 0 0 0 0 0 0 0 0 
894 9 0 0 0 0 0 0 0 0 0 0 0 
895 9 0 0 0 0 0 0 0 0 0 0 0 
896 9 0 0 0 0 0 0 0 0 0 0 0 
897 9 0 0 0 0 0 0 0 0 0 0 0 
898 9 0 0 0 0 0 0 0 0 0 0 0 
899 9 82 0 0 0 0 0 0 0 0 0 0 
900 9 83 0 0 0 0 0 0 0 0 0 0 
901 9 0 0 0 0 0 0 0 0 0 0 0 
902 9 0 0 0 0 0 0 0 0 0 0 0 
903 9 0 0 0 0 0 0 0 0 0 0 0 
904 9 0 0 0 0 0 0 0 0 0 0 0 
905 9 0 0 0 0 0 0 0 0 0 0 0 
906 9 0 0 0 0 0 0 0 0 0 0 0 
907 9 0 0 0 0 0 0 0 0 0 0 0 
908 9 0 0 0 0 0 0 0 0 0 0 0 
909 9 0 0 0 0 0 0 0 0 0 0 0 
910 9 0 0 0 0 0 0 0 0 0 0 0 
911 9 -1 0 35 0 0 46 5 0 0 5 13 
912 9 -1 1 18 13 20 34 40 4 6 32 1425 
913 9 0 0 0 0 0 0 0 0 0 0 0 
914 9 0 0 0 0 0 0 0 0 0 0 0 
915 9 0 0 0 0 0 0 0 0 0 0 0 
916 9 0 0 0 0 0 0 0 0 0 0 0 
917 9 94 0 0 0 0 0 0 0 0 0 0 
918 9 95 0 0 0 0 0 0 0 0 0 0 
919 9 -1 3 18 0 0 22 11 0 0 3 21 
920 9 -1 13 17 0 0 4 33 0 0 18 -20 
921 9 -1 5 14 6 14 17 43 30 4 32 -1143 
922 9 -1 20 42 0 0 25 14 0 0 0 -12 
923 9 104 0 0 0 0 0 0 0 0 0 0 
924 9 -1 2 43 0 0 44 6 0 0 16 -35 
925 9 107 0 0 0 0 0 0 0 0 0 0 
926 9 -1 1 10 1 5 12 42 32 4 32 -3274 
927 9 0 0 0 0 0 0 0 0 0 0 0 
928 9 0 0 0 0 0 0 0 0 0 0 0 
929 9 0 0 0 0 0 0 0 0 0 0 0 
930 9 0 0 0 0 0 0 0 0 0 0 0 
931 9 0 0 0 0 0 0 0 0 0 0 0 
932 9 0 0 0 0 0 0 0 0 0 0 0 
933 9 0 0 0 0 0 0 0 0 0 0 0 
934 9 0 0 0 0 0 0 0 0 0 0 0 
935 9 0 0 0 0 0 0 0 0 0 0 0 
936 9 0 0 0 0 0 0 0 0 0 0 0 
937 9 0 0 0 0 0 0 0 0 0 0 0 
938 9 0 0 0 0 0 0 0 0 0 0 0 
939 9 0 0 0 0 0 0 0 0 0 0 0 
940 9 0 0 0 0 0 0 0 0 0 0 0 
941 9 0 0 0 0 0 0 0 0 0 0 0 
942 9 0 0 0 0 0 0 0 0 0 0 0 
943 9 0 0 0 0 0 0 0 0 0 0 0 
944 9 0 0 0 0 0 0 0 0 0 0 0 
945 9 0 0 0 0 0 0 0 0 0 0 0 
946 9 0 0 0 0 0 0 0 0 0 0 0 
947 9 0 0 0 0 0 0 0 0 0 0 0 
948 9 0 0 0 0 0 0 0 0 0 0 0 
949 9 0 0 0 0 0 0 0 0 0 0 0 
950 9 0 0 0 0 0 0 0 0 0 0 0 
951 9 0 0 0 0 0 0 0 0 0 0 0 
952 9 0 0 0 0 0 0 0 0 0 0 0 
953 9 0 0 0 0 0 0 0 0 0 0 0 
954 9 0 0 0 0 0 0 0 0 0 0 0 
955 9 0 0 0 0 0 0 0 0 0 0 0 
956 9 0 0 0 0 0 0 0 0 0 0 0 
957 9 0 0 0 0 0 0 0 0 0 0 0 
958 9 0 0 0 0 0 0 0 0 0 0 0 
959 9 0 0 0 0 0 0 0 0 0 0 0 
960 9 0 0 0 0 0 0 0 0 0 0 0 
961 9 0 0 0 0 0 0 0 0 0 0 0 
962 9 0 0 0 0 0 0 0 0 0 0 0 
963 9 0 0 0 0 0 0 0 0 0 0 0 
964 9 0 0 0 0 0 0 0 0 0 0 0 
965 9 0 0 0 0 0 0 0 0 0 0 0 
966 9 0 0 0 0 0 0 0 0 0 0 0 
967 9 0 0 0 0 0 0 0 0 0 0 0 
968 9 0 0 0 0 0 0 0 0 0 0 0 
969 9 0 0 0 0 0 0 0 0 0 0 0 
970 9 0 0 0 0 0 0 0 0 0 0 0 
971 9 0 0 0 0 0 0 0 0 0 0 0 
972 9 0 0 0 0 0 0 0 0 0 0 0 
973 9 0 0 0 0 0 0 0 0 0 0 0 
974 9 0 0 0 0 0 0 0 0 0 0 0 
975 9 0 0 0 0 0 0 0 0 0 0 0 
976 9 0 0 0 0 0 0 0 0 0 0 0 
977 9 0 0 0 0 0 0 0 0 0 0 0 
978 9 0 0 0 0 0 0 0 0 0 0 0 
979 9 0 0 0 0 0 0 0 0 0 0 0 
980 9 0 0 0 0 0 0 0 0 0 0 0 
981 9 0 0 0 0 0 0 0 0 0 0 0 
982 9 0 0 0 0 0 0 0 0 0 0 0 
983 9 0 0 0 0 0 0 0 0 0 0 0 
984 9 0 0 0 0 0 0 0 0 0 0 0 
985 9 0 0 0 0 0 0 0 0 0 0 0 
986 9 0 0 0 0 0 0 0 0 0 0 0 
987 9 0 0 0 0 0 0 0 0 0 0 0 
988 9 0 0 0 0 0 0 0 0 0 0 0 
989 9 0 0 0 0 0 0 0 0 0 0 0 
990 9 0 0 0 0 0 0 0 0 0 0 0 
991 9 126 0 0 0 0 0 0 0 0 0 0 
992 9 127 0 0 0 0 0 0 0 0 0 0 
993 9 0 0 0 0 0 0 0 0 0 0 0 
994 9 0 0 0 0 0 0 0 0 0 0 0 
995 9 0 0 0 0 0 0 0 0 0 0 0 
996 9 0 0 0 0 0 0 0 0 0 0 0 
997 9 0 0 0 0 0 0 0 0 0 0 0 
998 9 0 0 0 0 0 0 0 0 0 0 0 
999 9 0 0 0 0 0 0 0 0 0 0 0 
1000 9 0 0 0 0 0 0 0 0 0 0 0 
1001 9 0 0 0 0 0 0 0 0 0 0 0 
1002 9 0 0 0 0 0 0 0 0 0 0 0 
1003 9 0 0 0 0 0 0 0 0 0 0 0 
1004 9 0 0 0 0 0 0 0 0 0 0 0 
1005 9 0 0 0 0 0 0 0 0 0 0 0 
1006 9 0 0 0 0 0 0 0 0 0 0 0 
1007 9 0 0 0 0 0 0 0 0 0 0 0 
1008 9 0 0 0 0 0 0 0 0 0 0 0 
1009 9 0 0 0 0 0 0 0 0 0 0 0 
1010 9 0 0 0 0 0 0 0 0 0 0 0 
1011 9 0 0 0 0 0 0 0 0 0 0 0 
1012 9 0 0 0 0 0 0 0 0 0 0 0 
1013 9 0 0 0 0 0 0 0 0 0 0 0 
1014 9 0 0 0 0 0 0 0 0 0 0 0 
1015 9 0 0 0 0 0 0 0 0 0 0 0 
1016 9 0 0 0 0 0 0 0 0 0 0 0 
1017 9 0 0 0 0 0 0 0 0 0 0 0 
1018 9 0 0 0 0 0 0 0 0 0 0 0 
1019 9 0 0 0 0 0 0 0 0 0 0 0 
1020 9 0 0 0 0 0 0 0 0 0 0 0 
1021 9 0 0 0 0 0 0 0 0 0 0 0 
1022 9 0 0 0 0 0 0 0 0 0 0 0 
1023 10 0 0 0 0 0 0 0 0 0 0 0 
1024 10 0 0 0 0 0 0 0 0 0 0 0 
1025 10 0 0 0 0 0 0 0 0 0 0 0 
1026 10 0 0 0 0 0 0 0 0 0 0 0 
1027 10 0 0 0 0 0 0 0 0 0 0 0 
1028 10 0 0 0 0 0 0 0 0 0 0 0 
1029 10 0 0 0 0 0 0 0 0 0 0 0 
1030 10 0 0 0 0 0 0 0 0 0 0 0 
1031 10 0 0 0 0 0 0 0 0 0 0 0 
1032 10 0 0 0 0 0 0 0 0 0 0 0 
1033 10 0 0 0 0 0 0 0 0 0 0 0 
1034 10 0 0 0 0 0 0 0 0 0 0 0 
1035 10 0 0 0 0 0 0 0 0 0 0 0 
1036 10 0 0 0 0 0 0 0 0 0 0 0 
1037 10 0 0 0 0 0 0 0 0 0 0 0 
1038 10 0 0 0 0 0 0 0 0 0 0 0 
1039 10 0 0 0 0 0 0 0 0 0 0 0 
1040 10 0 0 0 0 0 0 0 0 0 0 0 
1041 10 0 0 0 0 0 0 0 0 0 0 0 
1042 10 0 0 0 0 0 0 0 0 0 0 0 
1043 10 0 0 0 0 0 0 0 0 0 0 0 
1044 10 0 0 0 0 0 0 0 0 0 0 0 
1045 10 0 0 0 0 0 0 0 0 0 0 0 
1046 10 0 0 0 0 0 0 0 0 0 0 0 
1047 10 0 0 0 0 0 0 0 0 0 0 0 
1048 10 0 0 0 0 0 0 0 0 0 0 0 
1049 10 0 0 0 0 0 0 0 0 0 0 0 
1050 10 0 0 0 0 0 0 0 0 0 0 0 
1051 10 0 0 0 0 0 0 0 0 0 0 0 
1052 10 0 0 0 0 0 0 0 0 0 0 0 
1053 10 0 0 0 0 0 0 0 0 0 0 0 
1054 10 0 0 0 0 0 0 0 0 0 0 0 
1055 10 0 0 0 0 0 0 0 0 0 0 0 
1056 10 0 0 0 0 0 0 0 0 0 0 0 
1057 10 0 0 0 0 0 0 0 0 0 0 0 
1058 10 0 0 0 0 0 0 0 0 0 0 0 
1059 10 0 0 0 0 0 0 0 0 0 0 0 
1060 10 0 0 0 0 0 0 0 0 0 0 0 
1061 10 0 0 0 0 0 0 0 0 0 0 0 
1062 10 0 0 0 0 0 0 0 0 0 0 0 
1063 10 0 0 0 0 0 0 0 0 0 0 0 
1064 10 0 0 0 0 0 0 0 0 0 0 0 
1065 10 0 0 0 0 0 0 0 0 0 0 0 
1066 10 0 0 0 0 0 0 0 0 0 0 0 
1067 10 0 0 0 0 0 0 0 0 0 0 0 
1068 10 0 0 0 0 0 0 0 0 0 0 0 
1069 10 0 0 0 0 0 0 0 0 0 0 0 
1070 10 0 0 0 0 0 0 0 0 0 0 0 
1071 10 0 0 0 0 0 0 0 0 0 0 0 
1072 10 0 0 0 0 0 0 0 0 0 0 0 
1073 10 0 0 0 0 0 0 0 0 0 0 0 
1074 10 0 0 0 0 0 0 0 0 0 0 0 
1075 10 0 0 0 0 0 0 0 0 0 0 0 
1076 10 0 0 0 0 0 0 0 0 0 0 0 
1077 10 0 0 0 0 0 0 0 0 0 0 0 
1078 10 0 0 0 0 0 0 0 0 0 0 0 
1079 10 0 0 0 0 0 0 0 0 0 0 0 
1080 10 0 0 0 0 0 0 0 0 0 0 0 
1081 10 0 0 0 0 0 0 0 0 0 0 0 
1082 10 0 0 0 0 0 0 0 0 0 0 0 
1083 10 0 0 0 0 0 0 0 0 0 0 0 
1084 10 0 0 0 0 0 0 0 0 0 0 0 
1085 10 0 0 0 0 0 0 0 0 0 0 0 
1086 10 0 0 0 0 0 0 0 0 0 0 0 
1087 10 0 0 0 0 0 0 0 0 0 0 0 
1088 10 0 0 0 0 0 0 0 0 0 0 0 
1089 10 0 0 0 0 0 0 0 0 0 0 0 
1090 10 0 0 0 0 0 0 0 0 0 0 0 
1091 10 0 0 0 0 0 0 0 0 0 0 0 
1092 10 0 0 0 0 0 0 0 0 0 0 0 
1093 10 0 0 0 0 0 0 0 0 0 0 0 
1094 10 0 0 0 0 0 0 0 0 0 0 0 
1095 10 0 0 0 0 0 0 0 0 0 0 0 
1096 10 0 0 0 0 0 0 0 0 0 0 0 
1097 10 0 0 0 0 0 0 0 0 0 0 0 
1098 10 0 0 0 0 0 0 0 0 0 0 0 
1099 10 0 0 0 0 0 0 0 0 0 0 0 
1100 10 0 0 0 0 0 0 0 0 0 0 0 
1101 10 0 0 0 0 0 0 0 0 0 0 0 
1102 10 0 0 0 0 0 0 0 0 0 0 0 
1103 10 0 0 0 0 0 0 0 0 0 0 0 
1104 10 0 0 0 0 0 0 0 0 0 0 0 
1105 10 0 0 0 0 0 0 0 0 0 0 0 
1106 10 0 0 0 0 0 0 0 0 0 0 0 
1107 10 0 0 0 0 0 0 0 0 0 0 0 
1108 10 0 0 0 0 0 0 0 0 0 0 0 
1109 10 0 0 0 0 0 0 0 0 0 0 0 
1110 10 0 0 0 0 0 0 0 0 0 0 0 
1111 10 0 0 0 0 0 0 0 0 0 0 0 
1112 10 0 0 0 0 0 0 0 0 0 0 0 
1113 10 0 0 0 0 0 0 0 0 0 0 0 
1114 10 0 0 0 0 0 0 0 0 0 0 0 
1115 10 0 0 0 0 0 0 0 0 0 0 0 
1116 10 0 0 0 0 0 0 0 0 0 0 0 
1117 10 0 0 0 0 0 0 0 0 0 0 0 
1118 10 0 0 0 0 0 0 0 0 0 0 0 
1119 10 0 0 0 0 0 0 0 0 0 0 0 
1120 10 0 0 0 0 0 0 0 0 0 0 0 
1121 10 0 0 0 0 0 0 0 0 0 0 0 
1122 10 0 0 0 0 0 0 0 0 0 0 0 
1123 10 0 0 0 0 0 0 0 0 0 0 0 
1124 10 0 0 0 0 0 0 0 0 0 0 0 
1125 10 0 0 0 0 0 0 0 0 0 0 0 
1126 10 0 0 0 0 0 0 0 0 0 0 0 
1127 10 0 0 0 0 0 0 0 0 0 0 0 
1128 10 0 0 0 0 0 0 0 0 0 0 0 
1129 10 0 0 0 0 0 0 0 0 0 0 0 
1130 10 0 0 0 0 0 0 0 0 0 0 0 
1131 10 0 0 0 0 0 0 0 0 0 0 0 
1132 10 0 0 0 0 0 0 0 0 0 0 0 
1133 10 0 0 0 0 0 0 0 0 0 0 0 
1134 10 0 0 0 0 0 0 0 0 0 0 0 
1135 10 0 0 0 0 0 0 0 0 0 0 0 
1136 10 0 0 0 0 0 0 0 0 0 0 0 
1137 10 0 0 0 0 0 0 0 0 0 0 0 
1138 10 0 0 0 0 0 0 0 0 0 0 0 
1139 10 0 0 0 0 0 0 0 0 0 0 0 
1140 10 0 0 0 0 0 0 0 0 0 0 0 
1141 10 0 0 0 0 0 0 0 0 0 0 0 
1142 10 0 0 0 0 0 0 0 0 0 0 0 
1143 10 0 0 0 0 0 0 0 0 0 0 0 
1144 10 0 0 0 0 0 0 0 0 0 0 0 
1145 10 0 0 0 0 0 0 0 0 0 0 0 
1146 10 0 0 0 0 0 0 0 0 0 0 0 
1147 10 0 0 0 0 0 0 0 0 0 0 0 
1148 10 0 0 0 0 0 0 0 0 0 0 0 
1149 10 0 0 0 0 0 0 0 0 0 0 0 
1150 10 0 0 0 0 0 0 0 0 0 0 0 
1151 10 0 0 0 0 0 0 0 0 0 0 0 
1152 10 0 0 0 0 0 0 0 0 0 0 0 
1153 10 0 0 0 0 0 0 0 0 0 0 0 
1154 10 0 0 0 0 0 0 0 0 0 0 0 
1155 10 0 0 0 0 0 0 0 0 0 0 0 
1156 10 0 0 0 0 0 0 0 0 0 0 0 
1157 10 0 0 0 0 0 0 0 0 0 0 0 
1158 10 0 0 0 0 0 0 0 0 0 0 0 
1159 10 0 0 0 0 0 0 0 0 0 0 0 
1160 10 0 0 0 0 0 0 0 0 0 0 0 
1161 10 0 0 0 0 0 0 0 0 0 0 0 
1162 10 0 0 0 0 0 0 0 0 0 0 0 
1163 10 0 0 0 0 0 0 0 0 0 0 0 
1164 10 0 0 0 0 0 0 0 0 0 0 0 
1165 10 0 0 0 0 0 0 0 0 0 0 0 
1166 10 0 0 0 0 0 0 0 0 0 0 0 
1167 10 0 0 0 0 0 0 0 0 0 0 0 
1168 10 0 0 0 0 0 0 0 0 0 0 0 
1169 10 0 0 0 0 0 0 0 0 0 0 0 
1170 10 0 0 0 0 0 0 0 0 0 0 0 
1171 10 0 0 0 0 0 0 0 0 0 0 0 
1172 10 0 0 0 0 0 0 0 0 0 0 0 
1173 10 0 0 0 0 0 0 0 0 0 0 0 
1174 10 0 0 0 0 0 0 0 0 0 0 0 
1175 10 0 0 0 0 0 0 0 0 0 0 0 
1176 10 0 0 0 0 0 0 0 0 0 0 0 
1177 10 0 0 0 0 0 0 0 0 0 0 0 
1178 10 0 0 0 0 0 0 0 0 0 0 0 
1179 10 0 0 0 0 0 0 0 0 0 0 0 
1180 10 0 0 0 0 0 0 0 0 0 0 0 
1181 10 0 0 0 0 0 0 0 0 0 0 0 
1182 10 0 0 0 0 0 0 0 0 0 0 0 
1183 10 0 0 0 0 0 0 0 0 0 0 0 
1184 10 0 0 0 0 0 0 0 0 0 0 0 
1185 10 0 0 0 0 0 0 0 0 0 0 0 
1186 10 0 0 0 0 0 0 0 0 0 0 0 
1187 10 0 0 0 0 0 0 0 0 0 0 0 
1188 10 0 0 0 0 0 0 0 0 0 0 0 
1189 10 0 0 0 0 0 0 0 0 0 0 0 
1190 10 0 0 0 0 0 0 0 0 0 0 0 
1191 10 0 0 0 0 0 0 0 0 0 0 0 
1192 10 0 0 0 0 0 0 0 0 0 0 0 
1193 10 0 0 0 0 0 0 0 0 0 0 0 
1194 10 0 0 0 0 0 0 0 0 0 0 0 
1195 10 0 0 0 0 0 0 0 0 0 0 0 
1196 10 0 0 0 0 0 0 0 0 0 0 0 
1197 10 0 0 0 0 0 0 0 0 0 0 0 
1198 10 0 0 0 0 0 0 0 0 0 0 0 
1199 10 0 0 0 0 0 0 0 0 0 0 0 
1200 10 0 0 0 0 0 0 0 0 0 0 0 
1201 10 0 0 0 0 0 0 0 0 0 0 0 
1202 10 0 0 0 0 0 0 0 0 0 0 0 
1203 10 0 0 0 0 0 0 0 0 0 0 0 
1204 10 0 0 0 0 0 0 0 0 0 0 0 
1205 10 0 0 0 0 0 0 0 0 0 0 0 
1206 10 0 0 0 0 0 0 0 0 0 0 0 
1207 10 0 0 0 0 0 0 0 0 0 0 0 
1208 10 0 0 0 0 0 0 0 0 0 0 0 
1209 10 0 0 0 0 0 0 0 0 0 0 0 
1210 10 0 0 0 0 0 0 0 0 0 0 0 
1211 10 0 0 0 0 0 0 0 0 0 0 0 
1212 10 0 0 0 0 0 0 0 0 0 0 0 
1213 10 0 0 0 0 0 0 0 0 0 0 0 
1214 10 0 0 0 0 0 0 0 0 0 0 0 
1215 10 0 0 0 0 0 0 0 0 0 0 0 
1216 10 0 0 0 0 0 0 0 0 0 0 0 
1217 10 0 0 0 0 0 0 0 0 0 0 0 
1218 10 0 0 0 0 0 0 0 0 0 0 0 
1219 10 0 0 0 0 0 0 0 0 0 0 0 
1220 10 0 0 0 0 0 0 0 0 0 0 0 
1221 10 0 0 0 0 0 0 0 0 0 0 0 
1222 10 0 0 0 0 0 0 0 0 0 0 0 
1223 10 0 0 0 0 0 0 0 0 0 0 0 
1224 10 0 0 0 0 0 0 0 0 0 0 0 
1225 10 0 0 0 0 0 0 0 0 0 0 0 
1226 10 0 0 0 0 0 0 0 0 0 0 0 
1227 10 0 0 0 0 0 0 0 0 0 0 0 
1228 10 0 0 0 0 0 0 0 0 0 0 0 
1229 10 0 0 0 0 0 0 0 0 0 0 0 
1230 10 0 0 0 0 0 0 0 0 0 0 0 
1231 10 0 0 0 0 0 0 0 0 0 0 0 
1232 10 0 0 0 0 0 0 0 0 0 0 0 
1233 10 0 0 0 0 0 0 0 0 0 0 0 
1234 10 0 0 0 0 0 0 0 0 0 0 0 
1235 10 0 0 0 0 0 0 0 0 0 0 0 
1236 10 0 0 0 0 0 0 0 0 0 0 0 
1237 10 0 0 0 0 0 0 0 0 0 0 0 
1238 10 0 0 0 0 0 0 0 0 0 0 0 
1239 10 0 0 0 0 0 0 0 0 0 0 0 
1240 10 0 0 0 0 0 0 0 0 0 0 0 
1241 10 0 0 0 0 0 0 0 0 0 0 0 
1242 10 0 0 0 0 0 0 0 0 0 0 0 
1243 10 0 0 0 0 0 0 0 0 0 0 0 
1244 10 0 0 0 0 0 0 0 0 0 0 0 
1245 10 0 0 0 0 0 0 0 0 0 0 0 
1246 10 0 0 0 0 0 0 0 0 0 0 0 
1247 10 0 0 0 0 0 0 0 0 0 0 0 
1248 10 0 0 0 0 0 0 0 0 0 0 0 
1249 10 0 0 0 0 0 0 0 0 0 0 0 
1250 10 0 0 0 0 0 0 0 0 0 0 0 
1251 10 0 0 0 0 0 0 0 0 0 0 0 
1252 10 0 0 0 0 0 0 0 0 0 0 0 
1253 10 0 0 0 0 0 0 0 0 0 0 0 
1254 10 0 0 0 0 0 0 0 0 0 0 0 
1255 10 0 0 0 0 0 0 0 0 0 0 0 
1256 10 0 0 0 0 0 0 0 0 0 0 0 
1257 10 0 0 0 0 0 0 0 0 0 0 0 
1258 10 0 0 0 0 0 0 0 0 0 0 0 
1259 10 0 0 0 0 0 0 0 0 0 0 0 
1260 10 0 0 0 0 0 0 0 0 0 0 0 
1261 10 0 0 0 0 0 0 0 0 0 0 0 
1262 10 0 0 0 0 0 0 0 0 0 0 0 
1263 10 0 0 0 0 0 0 0 0 0 0 0 
1264 10 0 0 0 0 0 0 0 0 0 0 0 
1265 10 0 0 0 0 0 0 0 0 0 0 0 
1266 10 0 0 0 0 0 0 0 0 0 0 0 
1267 10 0 0 0 0 0 0 0 0 0 0 0 
1268 10 0 0 0 0 0 0 0 0 0 0 0 
1269 10 0 0 0 0 0 0 0 0 0 0 0 
1270 10 0 0 0 0 0 0 0 0 0 0 0 
1271 10 0 0 0 0 0 0 0 0 0 0 0 
1272 10 0 0 0 0 0 0 0 0 0 0 0 
1273 10 0 0 0 0 0 0 0 0 0 0 0 
1274 10 0 0 0 0 0 0 0 0 0 0 0 
1275 10 0 0 0 0 0 0 0 0 0 0 0 
1276 10 0 0 0 0 0 0 0 0 0 0 0 
1277 10 0 0 0 0 0 0 0 0 0 0 0 
1278 10 0 0 0 0 0 0 0 0 0 0 0 
1279 10 0 0 0 0 0 0 0 0 0 0 0 
1280 10 0 0 0 0 0 0 0 0 0 0 0 
1281 10 0 0 0 0 0 0 0 0 0 0 0 
1282 10 0 0 0 0 0 0 0 0 0 0 0 
1283 10 0 0 0 0 0 0 0 0 0 0 0 
1284 10 0 0 0 0 0 0 0 0 0 0 0 
1285 10 0 0 0 0 0 0 0 0 0 0 0 
1286 10 0 0 0 0 0 0 0 0 0 0 0 
1287 10 0 0 0 0 0 0 0 0 0 0 0 
1288 10 0 0 0 0 0 0 0 0 0 0 0 
1289 10 0 0 0 0 0 0 0 0 0 0 0 
1290 10 0 0 0 0 0 0 0 0 0 0 0 
1291 10 0 0 0 0 0 0 0 0 0 0 0 
1292 10 0 0 0 0 0 0 0 0 0 0 0 
1293 10 0 0 0 0 0 0 0 0 0 0 0 
1294 10 0 0 0 0 0 0 0 0 0 0 0 
1295 10 0 0 0 0 0 0 0 0 0 0 0 
1296 10 0 0 0 0 0 0 0 0 0 0 0 
1297 10 0 0 0 0 0 0 0 0 0 0 0 
1298 10 0 0 0 0 0 0 0 0 0 0 0 
1299 10 0 0 0 0 0 0 0 0 0 0 0 
1300 10 0 0 0 0 0 0 0 0 0 0 0 
1301 10 0 0 0 0 0 0 0 0 0 0 0 
1302 10 0 0 0 0 0 0 0 0 0 0 0 
1303 10 0 0 0 0 0 0 0 0 0 0 0 
1304 10 0 0 0 0 0 0 0 0 0 0 0 
1305 10 0 0 0 0 0 0 0 0 0 0 0 
1306 10 0 0 0 0 0 0 0 0 0 0 0 
1307 10 0 0 0 0 0 0 0 0 0 0 0 
1308 10 0 0 0 0 0 0 0 0 0 0 0 
1309 10 0 0 0 0 0 0 0 0 0 0 0 
1310 10 0 0 0 0 0 0 0 0 0 0 0 
1311 10 0 0 0 0 0 0 0 0 0 0 0 
1312 10 0 0 0 0 0 0 0 0 0 0 0 
1313 10 0 0 0 0 0 0 0 0 0 0 0 
1314 10 0 0 0 0 0 0 0 0 0 0 0 
1315 10 0 0 0 0 0 0 0 0 0 0 0 
1316 10 0 0 0 0 0 0 0 0 0 0 0 
1317 10 0 0 0 0 0 0 0 0 0 0 0 
1318 10 0 0 0 0 0 0 0 0 0 0 0 
1319 10 0 0 0 0 0 0 0 0 0 0 0 
1320 10 0 0 0 0 0 0 0 0 0 0 0 
1321 10 0 0 0 0 0 0 0 0 0 0 0 
1322 10 0 0 0 0 0 0 0 0 0 0 0 
1323 10 0 0 0 0 0 0 0 0 0 0 0 
1324 10 0 0 0 0 0 0 0 0 0 0 0 
1325 10 0 0 0 0 0 0 0 0 0 0 0 
1326 10 0 0 0 0 0 0 0 0 0 0 0 
1327 10 0 0 0 0 0 0 0 0 0 0 0 
1328 10 0 0 0 0 0 0 0 0 0 0 0 
1329 10 0 0 0 0 0 0 0 0 0 0 0 
1330 10 0 0 0 0 0 0 0 0 0 0 0 
1331 10 0 0 0 0 0 0 0 0 0 0 0 
1332 10 0 0 0 0 0 0 0 0 0 0 0 
1333 10 0 0 0 0 0 0 0 0 0 0 0 
1334 10 0 0 0 0 0 0 0 0 0 0 0 
1335 10 0 0 0 0 0 0 0 0 0 0 0 
1336 10 0 0 0 0 0 0 0 0 0 0 0 
1337 10 0 0 0 0 0 0 0 0 0 0 0 
1338 10 0 0 0 0 0 0 0 0 0 0 0 
1339 10 0 0 0 0 0 0 0 0 0 0 0 
1340 10 0 0 0 0 0 0 0 0 0 0 0 
1341 10 0 0 0 0 0 0 0 0 0 0 0 
1342 10 0 0 0 0 0 0 0 0 0 0 0 
1343 10 0 0 0 0 0 0 0 0 0 0 0 
1344 10 0 0 0 0 0 0 0 0 0 0 0 
1345 10 0 0 0 0 0 0 0 0 0 0 0 
1346 10 0 0 0 0 0 0 0 0 0 0 0 
1347 10 0 0 0 0 0 0 0 0 0 0 0 
1348 10 0 0 0 0 0 0 0 0 0 0 0 
1349 10 0 0 0 0 0 0 0 0 0 0 0 
1350 10 0 0 0 0 0 0 0 0 0 0 0 
1351 10 0 0 0 0 0 0 0 0 0 0 0 
1352 10 0 0 0 0 0 0 0 0 0 0 0 
1353 10 0 0 0 0 0 0 0 0 0 0 0 
1354 10 0 0 0 0 0 0 0 0 0 0 0 
1355 10 0 0 0 0 0 0 0 0 0 0 0 
1356 10 0 0 0 0 0 0 0 0 0 0 0 
1357 10 0 0 0 0 0 0 0 0 0 0 0 
1358 10 0 0 0 0 0 0 0 0 0 0 0 
1359 10 0 0 0 0 0 0 0 0 0 0 0 
1360 10 0 0 0 0 0 0 0 0 0 0 0 
1361 10 0 0 0 0 0 0 0 0 0 0 0 
1362 10 0 0 0 0 0 0 0 0 0 0 0 
1363 10 0 0 0 0 0 0 0 0 0 0 0 
1364 10 0 0 0 0 0 0 0 0 0 0 0 
1365 10 0 0 0 0 0 0 0 0 0 0 0 
1366 10 0 0 0 0 0 0 0 0 0 0 0 
1367 10 0 0 0 0 0 0 0 0 0 0 0 
1368 10 0 0 0 0 0 0 0 0 0 0 0 
1369 10 0 0 0 0 0 0 0 0 0 0 0 
1370 10 0 0 0 0 0 0 0 0 0 0 0 
1371 10 0 0 0 0 0 0 0 0 0 0 0 
1372 10 0 0 0 0 0 0 0 0 0 0 0 
1373 10 0 0 0 0 0 0 0 0 0 0 0 
1374 10 0 0 0 0 0 0 0 0 0 0 0 
1375 10 0 0 0 0 0 0 0 0 0 0 0 
1376 10 0 0 0 0 0 0 0 0 0 0 0 
1377 10 0 0 0 0 0 0 0 0 0 0 0 
1378 10 0 0 0 0 0 0 0 0 0 0 0 
1379 10 0 0 0 0 0 0 0 0 0 0 0 
1380 10 0 0 0 0 0 0 0 0 0 0 0 
1381 10 0 0 0 0 0 0 0 0 0 0 0 
1382 10 0 0 0 0 0 0 0 0 0 0 0 
1383 10 0 0 0 0 0 0 0 0 0 0 0 
1384 10 0 0 0 0 0 0 0 0 0 0 0 
1385 10 0 0 0 0 0 0 0 0 0 0 0 
1386 10 0 0 0 0 0 0 0 0 0 0 0 
1387 10 0 0 0 0 0 0 0 0 0 0 0 
1388 10 0 0 0 0 0 0 0 0 0 0 0 
1389 10 0 0 0 0 0 0 0 0 0 0 0 
1390 10 0 0 0 0 0 0 0 0 0 0 0 
1391 10 0 0 0 0 0 0 0 0 0 0 0 
1392 10 0 0 0 0 0 0 0 0 0 0 0 
1393 10 0 0 0 0 0 0 0 0 0 0 0 
1394 10 0 0 0 0 0 0 0 0 0 0 0 
1395 10 0 0 0 0 0 0 0 0 0 0 0 
1396 10 0 0 0 0 0 0 0 0 0 0 0 
1397 10 0 0 0 0 0 0 0 0 0 0 0 
1398 10 0 0 0 0 0 0 0 0 0 0 0 
1399 10 0 0 0 0 0 0 0 0 0 0 0 
1400 10 0 0 0 0 0 0 0 0 0 0 0 
1401 10 0 0 0 0 0 0 0 0 0 0 0 
1402 10 0 0 0 0 0 0 0 0 0 0 0 
1403 10 0 0 0 0 0 0 0 0 0 0 0 
1404 10 0 0 0 0 0 0 0 0 0 0 0 
1405 10 0 0 0 0 0 0 0 0 0 0 0 
1406 10 0 0 0 0 0 0 0 0 0 0 0 
1407 10 0 0 0 0 0 0 0 0 0 0 0 
1408 10 0 0 0 0 0 0 0 0 0 0 0 
1409 10 0 0 0 0 0 0 0 0 0 0 0 
1410 10 0 0 0 0 0 0 0 0 0 0 0 
1411 10 0 0 0 0 0 0 0 0 0 0 0 
1412 10 0 0 0 0 0 0 0 0 0 0 0 
1413 10 0 0 0 0 0 0 0 0 0 0 0 
1414 10 0 0 0 0 0 0 0 0 0 0 0 
1415 10 0 0 0 0 0 0 0 0 0 0 0 
1416 10 0 0 0 0 0 0 0 0 0 0 0 
1417 10 0 0 0 0 0 0 0 0 0 0 0 
1418 10 0 0 0 0 0 0 0 0 0 0 0 
1419 10 0 0 0 0 0 0 0 0 0 0 0 
1420 10 0 0 0 0 0 0 0 0 0 0 0 
1421 10 0 0 0 0 0 0 0 0 0 0 0 
1422 10 0 0 0 0 0 0 0 0 0 0 0 
1423 10 0 0 0 0 0 0 0 0 0 0 0 
1424 10 0 0 0 0 0 0 0 0 0 0 0 
1425 10 0 0 0 0 0 0 0 0 0 0 0 
1426 10 0 0 0 0 0 0 0 0 0 0 0 
1427 10 0 0 0 0 0 0 0 0 0 0 0 
1428 10 0 0 0 0 0 0 0 0 0 0 0 
1429 10 0 0 0 0 0 0 0 0 0 0 0 
1430 10 0 0 0 0 0 0 0 0 0 0 0 
1431 10 0 0 0 0 0 0 0 0 0 0 0 
1432 10 0 0 0 0 0 0 0 0 0 0 0 
1433 10 0 0 0 0 0 0 0 0 0 0 0 
1434 10 0 0 0 0 0 0 0 0 0 0 0 
1435 10 0 0 0 0 0 0 0 0 0 0 0 
1436 10 0 0 0 0 0 0 0 0 0 0 0 
1437 10 0 0 0 0 0 0 0 0 0 0 0 
1438 10 0 0 0 0 0 0 0 0 0 0 0 
1439 10 0 0 0 0 0 0 0 0 0 0 0 
1440 10 0 0 0 0 0 0 0 0 0 0 0 
1441 10 0 0 0 0 0 0 0 0 0 0 0 
1442 10 0 0 0 0 0 0 0 0 0 0 0 
1443 10 0 0 0 0 0 0 0 0 0 0 0 
1444 10 0 0 0 0 0 0 0 0 0 0 0 
1445 10 25 0 0 0 0 0 0 0 0 0 0 
1446 10 26 0 0 0 0 0 0 0 0 0 0 
1447 10 0 0 0 0 0 0 0 0 0 0 0 
1448 10 0 0 0 0 0 0 0 0 0 0 0 
1449 10 0 0 0 0 0 0 0 0 0 0 0 
1450 10 0 0 0 0 0 0 0 0 0 0 0 
1451 10 0 0 0 0 0 0 0 0 0 0 0 
1452 10 0 0 0 0 0 0 0 0 0 0 0 
1453 10 0 0 0 0 0 0 0 0 0 0 0 
1454 10 0 0 0 0 0 0 0 0 0 0 0 
1455 10 0 0 0 0 0 0 0 0 0 0 0 
1456 10 0 0 0 0 0 0 0 0 0 0 0 
1457 10 31 0 0 0 0 0 0 0 0 0 0 
1458 10 32 0 0 0 0 0 0 0 0 0 0 
1459 10 0 0 0 0 0 0 0 0 0 0 0 
1460 10 0 0 0 0 0 0 0 0 0 0 0 
1461 10 0 0 0 0 0 0 0 0 0 0 0 
1462 10 0 0 0 0 0 0 0 0 0 0 0 
1463 10 0 0 0 0 0 0 0 0 0 0 0 
1464 10 0 0 0 0 0 0 0 0 0 0 0 
1465 10 0 0 0 0 0 0 0 0 0 0 0 
1466 10 0 0 0 0 0 0 0 0 0 0 0 
1467 10 0 0 0 0 0 0 0 0 0 0 0 
1468 10 0 0 0 0 0 0 0 0 0 0 0 
1469 10 0 0 0 0 0 0 0 0 0 0 0 
1470 10 0 0 0 0 0 0 0 0 0 0 0 
1471 10 0 0 0 0 0 0 0 0 0 0 0 
1472 10 0 0 0 0 0 0 0 0 0 0 0 
1473 10 0 0 0 0 0 0 0 0 0 0 0 
1474 10 0 0 0 0 0 0 0 0 0 0 0 
1475 10 37 0 0 0 0 0 0 0 0 0 0 
1476 10 38 0 0 0 0 0 0 0 0 0 0 
1477 10 39 0 0 0 0 0 0 0 0 0 0 
1478 10 40 0 0 0 0 0 0 0 0 0 0 
1479 10 41 0 0 0 0 0 0 0 0 0 0 
1480 10 42 0 0 0 0 0 0 0 0 0 0 
1481 10 43 0 0 0 0 0 0 0 0 0 0 
1482 10 44 0 0 0 0 0 0 0 0 0 0 
1483 10 0 0 0 0 0 0 0 0 0 0 0 
1484 10 0 0 0 0 0 0 0 0 0 0 0 
1485 10 46 0 0 0 0 0 0 0 0 0 0 
1486 10 47 0 0 0 0 0 0 0 0 0 0 
1487 10 0 0 0 0 0 0 0 0 0 0 0 
1488 10 0 0 0 0 0 0 0 0 0 0 0 
1489 10 0 0 0 0 0 0 0 0 0 0 0 
1490 10 0 0 0 0 0 0 0 0 0 0 0 
1491 10 0 0 0 0 0 0 0 0 0 0 0 
1492 10 0 0 0 0 0 0 0 0 0 0 0 
1493 10 0 0 0 0 0 0 0 0 0 0 0 
1494 10 0 0 0 0 0 0 0 0 0 0 0 
1495 10 0 0 0 0 0 0 0 0 0 0 0 
1496 10 0 0 0 0 0 0 0 0 0 0 0 
1497 10 0 0 0 0 0 0 0 0 0 0 0 
1498 10 0 0 0 0 0 0 0 0 0 0 0 
1499 10 0 0 0 0 0 0 0 0 0 0 0 
1500 10 0 0 0 0 0 0 0 0 0 0 0 
1501 10 0 0 0 0 0 0 0 0 0 0 0 
1502 10 0 0 0 0 0 0 0 0 0 0 0 
1503 10 0 0 0 0 0 0 0 0 0 0 0 
1504 10 0 0 0 0 0 0 0 0 0 0 0 
1505 10 0 0 0 0 0 0 0 0 0 0 0 
1506 10 0 0 0 0 0 0 0 0 0 0 0 
1507 10 0 0 0 0 0 0 0 0 0 0 0 
1508 10 0 0 0 0 0 0 0 0 0 0 0 
1509 10 0 0 0 0 0 0 0 0 0 0 0 
1510 10 0 0 0 0 0 0 0 0 0 0 0 
1511 10 0 0 0 0 0 0 0 0 0 0 0 
1512 10 0 0 0 0 0 0 0 0 0 0 0 
1513 10 0 0 0 0 0 0 0 0 0 0 0 
1514 10 0 0 0 0 0 0 0 0 0 0 0 
1515 10 0 0 0 0 0 0 0 0 0 0 0 
1516 10 0 0 0 0 0 0 0 0 0 0 0 
1517 10 0 0 0 0 0 0 0 0 0 0 0 
1518 10 0 0 0 0 0 0 0 0 0 0 0 
1519 10 52 0 0 0 0 0 0 0 0 0 0 
1520 10 53 0 0 0 0 0 0 0 0 0 0 
1521 10 0 0 0 0 0 0 0 0 0 0 0 
1522 10 0 0 0 0 0 0 0 0 0 0 0 
1523 10 55 0 0 0 0 0 0 0 0 0 0 
1524 10 56 0 0 0 0 0 0 0 0 0 0 
1525 10 0 0 0 0 0 0 0 0 0 0 0 
1526 10 0 0 0 0 0 0 0 0 0 0 0 
1527 10 0 0 0 0 0 0 0 0 0 0 0 
1528 10 0 0 0 0 0 0 0 0 0 0 0 
1529 10 0 0 0 0 0 0 0 0 0 0 0 
1530 10 0 0 0 0 0 0 0 0 0 0 0 
1531 10 0 0 0 0 0 0 0 0 0 0 0 
1532 10 0 0 0 0 0 0 0 0 0 0 0 
1533 10 0 0 0 0 0 0 0 0 0 0 0 
1534 10 0 0 0 0 0 0 0 0 0 0 0 
1535 10 0 0 0 0 0 0 0 0 0 0 0 
1536 10 0 0 0 0 0 0 0 0 0 0 0 
1537 10 0 0 0 0 0 0 0 0 0 0 0 
1538 10 0 0 0 0 0 0 0 0 0 0 0 
1539 10 0 0 0 0 0 0 0 0 0 0 0 
1540 10 0 0 0 0 0 0 0 0 0 0 0 
1541 10 0 0 0 0 0 0 0 0 0 0 0 
1542 10 0 0 0 0 0 0 0 0 0 0 0 
1543 10 0 0 0 0 0 0 0 0 0 0 0 
1544 10 0 0 0 0 0 0 0 0 0 0 0 
1545 10 0 0 0 0 0 0 0 0 0 0 0 
1546 10 0 0 0 0 0 0 0 0 0 0 0 
1547 10 0 0 0 0 0 0 0 0 0 0 0 
1548 10 0 0 0 0 0 0 0 0 0 0 0 
1549 10 0 0 0 0 0 0 0 0 0 0 0 
1550 10 0 0 0 0 0 0 0 0 0 0 0 
1551 10 0 0 0 0 0 0 0 0 0 0 0 
1552 10 0 0 0 0 0 0 0 0 0 0 0 
1553 10 0 0 0 0 0 0 0 0 0 0 0 
1554 10 0 0 0 0 0 0 0 0 0 0 0 
1555 10 0 0 0 0 0 0 0 0 0 0 0 
1556 10 0 0 0 0 0 0 0 0 0 0 0 
1557 10 0 0 0 0 0 0 0 0 0 0 0 
1558 10 0 0 0 0 0 0 0 0 0 0 0 
1559 10 0 0 0 0 0 0 0 0 0 0 0 
1560 10 0 0 0 0 0 0 0 0 0 0 0 
1561 10 0 0 0 0 0 0 0 0 0 0 0 
1562 10 0 0 0 0 0 0 0 0 0 0 0 
1563 10 0 0 0 0 0 0 0 0 0 0 0 
1564 10 0 0 0 0 0 0 0 0 0 0 0 
1565 10 0 0 0 0 0 0 0 0 0 0 0 
1566 10 0 0 0 0 0 0 0 0 0 0 0 
1567 10 0 0 0 0 0 0 0 0 0 0 0 
1568 10 0 0 0 0 0 0 0 0 0 0 0 
1569 10 0 0 0 0 0 0 0 0 0 0 0 
1570 10 0 0 0 0 0 0 0 0 0 0 0 
1571 10 0 0 0 0 0 0 0 0 0 0 0 
1572 10 0 0 0 0 0 0 0 0 0 0 0 
1573 10 0 0 0 0 0 0 0 0 0 0 0 
1574 10 0 0 0 0 0 0 0 0 0 0 0 
1575 10 0 0 0 0 0 0 0 0 0 0 0 
1576 10 0 0 0 0 0 0 0 0 0 0 0 
1577 10 0 0 0 0 0 0 0 0 0 0 0 
1578 10 0 0 0 0 0 0 0 0 0 0 0 
1579 10 0 0 0 0 0 0 0 0 0 0 0 
1580 10 0 0 0 0 0 0 0 0 0 0 0 
1581 10 0 0 0 0 0 0 0 0 0 0 0 
1582 10 0 0 0 0 0 0 0 0 0 0 0 
1583 10 0 0 0 0 0 0 0 0 0 0 0 
1584 10 0 0 0 0 0 0 0 0 0 0 0 
1585 10 0 0 0 0 0 0 0 0 0 0 0 
1586 10 0 0 0 0 0 0 0 0 0 0 0 
1587 10 0 0 0 0 0 0 0 0 0 0 0 
1588 10 0 0 0 0 0 0 0 0 0 0 0 
1589 10 0 0 0 0 0 0 0 0 0 0 0 
1590 10 0 0 0 0 0 0 0 0 0 0 0 
1591 10 0 0 0 0 0 0 0 0 0 0 0 
1592 10 0 0 0 0 0 0 0 0 0 0 0 
1593 10 0 0 0 0 0 0 0 0 0 0 0 
1594 10 0 0 0 0 0 0 0 0 0 0 0 
1595 10 0 0 0 0 0 0 0 0 0 0 0 
1596 10 0 0 0 0 0 0 0 0 0 0 0 
1597 10 0 0 0 0 0 0 0 0 0 0 0 
1598 10 0 0 0 0 0 0 0 0 0 0 0 
1599 10 0 0 0 0 0 0 0 0 0 0 0 
1600 10 0 0 0 0 0 0 0 0 0 0 0 
1601 10 0 0 0 0 0 0 0 0 0 0 0 
1602 10 0 0 0 0 0 0 0 0 0 0 0 
1603 10 0 0 0 0 0 0 0 0 0 0 0 
1604 10 0 0 0 0 0 0 0 0 0 0 0 
1605 10 0 0 0 0 0 0 0 0 0 0 0 
1606 10 0 0 0 0 0 0 0 0 0 0 0 
1607 10 0 0 0 0 0 0 0 0 0 0 0 
1608 10 0 0 0 0 0 0 0 0 0 0 0 
1609 10 0 0 0 0 0 0 0 0 0 0 0 
1610 10 0 0 0 0 0 0 0 0 0 0 0 
1611 10 0 0 0 0 0 0 0 0 0 0 0 
1612 10 0 0 0 0 0 0 0 0 0 0 0 
1613 10 0 0 0 0 0 0 0 0 0 0 0 
1614 10 0 0 0 0 0 0 0 0 0 0 0 
1615 10 0 0 0 0 0 0 0 0 0 0 0 
1616 10 0 0 0 0 0 0 0 0 0 0 0 
1617 10 0 0 0 0 0 0 0 0 0 0 0 
1618 10 0 0 0 0 0 0 0 0 0 0 0 
1619 10 0 0 0 0 0 0 0 0 0 0 0 
1620 10 0 0 0 0 0 0 0 0 0 0 0 
1621 10 0 0 0 0 0 0 0 0 0 0 0 
1622 10 0 0 0 0 0 0 0 0 0 0 0 
1623 10 0 0 0 0 0 0 0 0 0 0 0 
1624 10 0 0 0 0 0 0 0 0 0 0 0 
1625 10 0 0 0 0 0 0 0 0 0 0 0 
1626 10 0 0 0 0 0 0 0 0 0 0 0 
1627 10 0 0 0 0 0 0 0 0 0 0 0 
1628 10 0 0 0 0 0 0 0 0 0 0 0 
1629 10 0 0 0 0 0 0 0 0 0 0 0 
1630 10 0 0 0 0 0 0 0 0 0 0 0 
1631 10 0 0 0 0 0 0 0 0 0 0 0 
1632 10 0 0 0 0 0 0 0 0 0 0 0 
1633 10 0 0 0 0 0 0 0 0 0 0 0 
1634 10 0 0 0 0 0 0 0 0 0 0 0 
1635 10 0 0 0 0 0 0 0 0 0 0 0 
1636 10 0 0 0 0 0 0 0 0 0 0 0 
1637 10 0 0 0 0 0 0 0 0 0 0 0 
1638 10 0 0 0 0 0 0 0 0 0 0 0 
1639 10 0 0 0 0 0 0 0 0 0 0 0 
1640 10 0 0 0 0 0 0 0 0 0 0 0 
1641 10 0 0 0 0 0 0 0 0 0 0 0 
1642 10 0 0 0 0 0 0 0 0 0 0 0 
1643 10 0 0 0 0 0 0 0 0 0 0 0 
1644 10 0 0 0 0 0 0 0 0 0 0 0 
1645 10 0 0 0 0 0 0 0 0 0 0 0 
1646 10 0 0 0 0 0 0 0 0 0 0 0 
1647 10 0 0 0 0 0 0 0 0 0 0 0 
1648 10 0 0 0 0 0 0 0 0 0 0 0 
1649 10 0 0 0 0 0 0 0 0 0 0 0 
1650 10 0 0 0 0 0 0 0 0 0 0 0 
1651 10 0 0 0 0 0 0 0 0 0 0 0 
1652 10 0 0 0 0 0 0 0 0 0 0 0 
1653 10 0 0 0 0 0 0 0 0 0 0 0 
1654 10 0 0 0 0 0 0 0 0 0 0 0 
1655 10 0 0 0 0 0 0 0 0 0 0 0 
1656 10 0 0 0 0 0 0 0 0 0 0 0 
1657 10 0 0 0 0 0 0 0 0 0 0 0 
1658 10 0 0 0 0 0 0 0 0 0 0 0 
1659 10 0 0 0 0 0 0 0 0 0 0 0 
1660 10 0 0 0 0 0 0 0 0 0 0 0 
1661 10 0 0 0 0 0 0 0 0 0 0 0 
1662 10 0 0 0 0 0 0 0 0 0 0 0 
1663 10 0 0 0 0 0 0 0 0 0 0 0 
1664 10 0 0 0 0 0 0 0 0 0 0 0 
1665 10 0 0 0 0 0 0 0 0 0 0 0 
1666 10 0 0 0 0 0 0 0 0 0 0 0 
1667 10 0 0 0 0 0 0 0 0 0 0 0 
1668 10 0 0 0 0 0 0 0 0 0 0 0 
1669 10 0 0 0 0 0 0 0 0 0 0 0 
1670 10 0 0 0 0 0 0 0 0 0 0 0 
1671 10 0 0 0 0 0 0 0 0 0 0 0 
1672 10 0 0 0 0 0 0 0 0 0 0 0 
1673 10 0 0 0 0 0 0 0 0 0 0 0 
1674 10 0 0 0 0 0 0 0 0 0 0 0 
1675 10 0 0 0 0 0 0 0 0 0 0 0 
1676 10 0 0 0 0 0 0 0 0 0 0 0 
1677 10 0 0 0 0 0 0 0 0 0 0 0 
1678 10 0 0 0 0 0 0 0 0 0 0 0 
1679 10 0 0 0 0 0 0 0 0 0 0 0 
1680 10 0 0 0 0 0 0 0 0 0 0 0 
1681 10 0 0 0 0 0 0 0 0 0 0 0 
1682 10 0 0 0 0 0 0 0 0 0 0 0 
1683 10 0 0 0 0 0 0 0 0 0 0 0 
1684 10 0 0 0 0 0 0 0 0 0 0 0 
1685 10 0 0 0 0 0 0 0 0 0 0 0 
1686 10 0 0 0 0 0 0 0 0 0 0 0 
1687 10 0 0 0 0 0 0 0 0 0 0 0 
1688 10 0 0 0 0 0 0 0 0 0 0 0 
1689 10 0 0 0 0 0 0 0 0 0 0 0 
1690 10 0 0 0 0 0 0 0 0 0 0 0 
1691 10 0 0 0 0 0 0 0 0 0 0 0 
1692 10 0 0 0 0 0 0 0 0 0 0 0 
1693 10 0 0 0 0 0 0 0 0 0 0 0 
1694 10 0 0 0 0 0 0 0 0 0 0 0 
1695 10 0 0 0 0 0 0 0 0 0 0 0 
1696 10 0 0 0 0 0 0 0 0 0 0 0 
1697 10 0 0 0 0 0 0 0 0 0 0 0 
1698 10 0 0 0 0 0 0 0 0 0 0 0 
1699 10 0 0 0 0 0 0 0 0 0 0 0 
1700 10 0 0 0 0 0 0 0 0 0 0 0 
1701 10 0 0 0 0 0 0 0 0 0 0 0 
1702 10 0 0 0 0 0 0 0 0 0 0 0 
1703 10 0 0 0 0 0 0 0 0 0 0 0 
1704 10 0 0 0 0 0 0 0 0 0 0 0 
1705 10 0 0 0 0 0 0 0 0 0 0 0 
1706 10 0 0 0 0 0 0 0 0 0 0 0 
1707 10 0 0 0 0 0 0 0 0 0 0 0 
1708 10 0 0 0 0 0 0 0 0 0 0 0 
1709 10 0 0 0 0 0 0 0 0 0 0 0 
1710 10 0 0 0 0 0 0 0 0 0 0 0 
1711 10 0 0 0 0 0 0 0 0 0 0 0 
1712 10 0 0 0 0 0 0 0 0 0 0 0 
1713 10 0 0 0 0 0 0 0 0 0 0 0 
1714 10 0 0 0 0 0 0 0 0 0 0 0 
1715 10 0 0 0 0 0 0 0 0 0 0 0 
1716 10 0 0 0 0 0 0 0 0 0 0 0 
1717 10 0 0 0 0 0 0 0 0 0 0 0 
1718 10 0 0 0 0 0 0 0 0 0 0 0 
1719 10 0 0 0 0 0 0 0 0 0 0 0 
1720 10 0 0 0 0 0 0 0 0 0 0 0 
1721 10 0 0 0 0 0 0 0 0 0 0 0 
1722 10 0 0 0 0 0 0 0 0 0 0 0 
1723 10 0 0 0 0 0 0 0 0 0 0 0 
1724 10 0 0 0 0 0 0 0 0 0 0 0 
1725 10 0 0 0 0 0 0 0 0 0 0 0 
1726 10 0 0 0 0 0 0 0 0 0 0 0 
1727 10 0 0 0 0 0 0 0 0 0 0 0 
1728 10 0 0 0 0 0 0 0 0 0 0 0 
1729 10 0 0 0 0 0 0 0 0 0 0 0 
1730 10 0 0 0 0 0 0 0 0 0 0 0 
1731 10 0 0 0 0 0 0 0 0 0 0 0 
1732 10 0 0 0 0 0 0 0 0 0 0 0 
1733 10 0 0 0 0 0 0 0 0 0 0 0 
1734 10 0 0 0 0 0 0 0 0 0 0 0 
1735 10 0 0 0 0 0 0 0 0 0 0 0 
1736 10 0 0 0 0 0 0 0 0 0 0 0 
1737 10 0 0 0 0 0 0 0 0 0 0 0 
1738 10 0 0 0 0 0 0 0 0 0 0 0 
1739 10 0 0 0 0 0 0 0 0 0 0 0 
1740 10 0 0 0 0 0 0 0 0 0 0 0 
1741 10 0 0 0 0 0 0 0 0 0 0 0 
1742 10 0 0 0 0 0 0 0 0 0 0 0 
1743 10 0 0 0 0 0 0 0 0 0 0 0 
1744 10 0 0 0 0 0 0 0 0 0 0 0 
1745 10 0 0 0 0 0 0 0 0 0 0 0 
1746 10 0 0 0 0 0 0 0 0 0 0 0 
1747 10 0 0 0 0 0 0 0 0 0 0 0 
1748 10 0 0 0 0 0 0 0 0 0 0 0 
1749 10 0 0 0 0 0 0 0 0 0 0 0 
1750 10 0 0 0 0 0 0 0 0 0 0 0 
1751 10 0 0 0 0 0 0 0 0 0 0 0 
1752 10 0 0 0 0 0 0 0 0 0 0 0 
1753 10 0 0 0 0 0 0 0 0 0 0 0 
1754 10 0 0 0 0 0 0 0 0 0 0 0 
1755 10 0 0 0 0 0 0 0 0 0 0 0 
1756 10 0 0 0 0 0 0 0 0 0 0 0 
1757 10 0 0 0 0 0 0 0 0 0 0 0 
1758 10 0 0 0 0 0 0 0 0 0 0 0 
1759 10 68 0 0 0 0 0 0 0 0 0 0 
1760 10 69 0 0 0 0 0 0 0 0 0 0 
1761 10 0 0 0 0 0 0 0 0 0 0 0 
1762 10 0 0 0 0 0 0 0 0 0 0 0 
1763 10 71 0 0 0 0 0 0 0 0 0 0 
1764 10 72 0 0 0 0 0 0 0 0 0 0 
1765 10 73 0 0 0 0 0 0 0 0 0 0 
1766 10 74 0 0 0 0 0 0 0 0 0 0 
1767 10 0 0 0 0 0 0 0 0 0 0 0 
1768 10 0 0 0 0 0 0 0 0 0 0 0 
1769 10 76 0 0 0 0 0 0 0 0 0 0 
1770 10 77 0 0 0 0 0 0 0 0 0 0 
1771 10 0 0 0 0 0 0 0 0 0 0 0 
1772 10 0 0 0 0 0 0 0 0 0 0 0 
1773 10 0 0 0 0 0 0 0 0 0 0 0 
1774 10 0 0 0 0 0 0 0 0 0 0 0 
1775 10 0 0 0 0 0 0 0 0 0 0 0 
1776 10 0 0 0 0 0 0 0 0 0 0 0 
1777 10 0 0 0 0 0 0 0 0 0 0 0 
1778 10 0 0 0 0 0 0 0 0 0 0 0 
1779 10 0 0 0 0 0 0 0 0 0 0 0 
1780 10 0 0 0 0 0 0 0 0 0 0 0 
1781 10 0 0 0 0 0 0 0 0 0 0 0 
1782 10 0 0 0 0 0 0 0 0 0 0 0 
1783 10 0 0 0 0 0 0 0 0 0 0 0 
1784 10 0 0 0 0 0 0 0 0 0 0 0 
1785 10 0 0 0 0 0 0 0 0 0 0 0 
1786 10 0 0 0 0 0 0 0 0 0 0 0 
1787 10 0 0 0 0 0 0 0 0 0 0 0 
1788 10 0 0 0 0 0 0 0 0 0 0 0 
1789 10 0 0 0 0 0 0 0 0 0 0 0 
1790 10 0 0 0 0 0 0 0 0 0 0 0 
1791 10 0 0 0 0 0 0 0 0 0 0 0 
1792 10 0 0 0 0 0 0 0 0 0 0 0 
1793 10 0 0 0 0 0 0 0 0 0 0 0 
1794 10 0 0 0 0 0 0 0 0 0 0 0 
1795 10 0 0 0 0 0 0 0 0 0 0 0 
1796 10 0 0 0 0 0 0 0 0 0 0 0 
1797 10 0 0 0 0 0 0 0 0 0 0 0 
1798 10 0 0 0 0 0 0 0 0 0 0 0 
1799 10 0 0 0 0 0 0 0 0 0 0 0 
1800 10 0 0 0 0 0 0 0 0 0 0 0 
1801 10 0 0 0 0 0 0 0 0 0 0 0 
1802 10 0 0 0 0 0 0 0 0 0 0 0 
1803 10 0 0 0 0 0 0 0 0 0 0 0 
1804 10 0 0 0 0 0 0 0 0 0 0 0 
1805 10 0 0 0 0 0 0 0 0 0 0 0 
1806 10 0 0 0 0 0 0 0 0 0 0 0 
1807 10 0 0 0 0 0 0 0 0 0 0 0 
1808 10 0 0 0 0 0 0 0 0 0 0 0 
1809 10 0 0 0 0 0 0 0 0 0 0 0 
1810 10 0 0 0 0 0 0 0 0 0 0 0 
1811 10 0 0 0 0 0 0 0 0 0 0 0 
1812 10 0 0 0 0 0 0 0 0 0 0 0 
1813 10 0 0 0 0 0 0 0 0 0 0 0 
1814 10 0 0 0 0 0 0 0 0 0 0 0 
1815 10 0 0 0 0 0 0 0 0 0 0 0 
1816 10 0 0 0 0 0 0 0 0 0 0 0 
1817 10 0 0 0 0 0 0 0 0 0 0 0 
1818 10 0 0 0 0 0 0 0 0 0 0 0 
1819 10 0 0 0 0 0 0 0 0 0 0 0 
1820 10 0 0 0 0 0 0 0 0 0 0 0 
1821 10 0 0 0 0 0 0 0 0 0 0 0 
1822 10 0 0 0 0 0 0 0 0 0 0 0 
1823 10 88 0 0 0 0 0 0 0 0 0 0 
1824 10 89 0 0 0 0 0 0 0 0 0 0 
1825 10 90 0 0 0 0 0 0 0 0 0 0 
1826 10 91 0 0 0 0 0 0 0 0 0 0 
1827 10 0 0 0 0 0 0 0 0 0 0 0 
1828 10 0 0 0 0 0 0 0 0 0 0 0 
1829 10 0 0 0 0 0 0 0 0 0 0 0 
1830 10 0 0 0 0 0 0 0 0 0 0 0 
1831 10 0 0 0 0 0 0 0 0 0 0 0 
1832 10 0 0 0 0 0 0 0 0 0 0 0 
1833 10 0 0 0 0 0 0 0 0 0 0 0 
1834 10 0 0 0 0 0 0 0 0 0 0 0 
1835 10 0 0 0 0 0 0 0 0 0 0 0 
1836 10 0 0 0 0 0 0 0 0 0 0 0 
1837 10 0 0 0 0 0 0 0 0 0 0 0 
1838 10 0 0 0 0 0 0 0 0 0 0 0 
1839 10 96 0 0 0 0 0 0 0 0 0 0 
1840 10 97 0 0 0 0 0 0 0 0 0 0 
1841 10 98 0 0 0 0 0 0 0 0 0 0 
1842 10 99 0 0 0 0 0 0 0 0 0 0 
1843 10 100 0 0 0 0 0 0 0 0 0 0 
1844 10 101 0 0 0 0 0 0 0 0 0 0 
1845 10 102 0 0 0 0 0 0 0 0 0 0 
1846 10 103 0 0 0 0 0 0 0 0 0 0 
1847 10 0 0 0 0 0 0 0 0 0 0 0 
1848 10 0 0 0 0 0 0 0 0 0 0 0 
1849 10 105 0 0 0 0 0 0 0 0 0 0 
1850 10 106 0 0 0 0 0 0 0 0 0 0 
1851 10 0 0 0 0 0 0 0 0 0 0 0 
1852 10 0 0 0 0 0 0 0 0 0 0 0 
1853 10 108 0 0 0 0 0 0 0 0 0 0 
1854 10 109 0 0 0 0 0 0 0 0 0 0 
1855 10 0 0 0 0 0 0 0 0 0 0 0 
1856 10 0 0 0 0 0 0 0 0 0 0 0 
1857 10 0 0 0 0 0 0 0 0 0 0 0 
1858 10 0 0 0 0 0 0 0 0 0 0 0 
1859 10 0 0 0 0 0 0 0 0 0 0 0 
1860 10 0 0 0 0 0 0 0 0 0 0 0 
1861 10 0 0 0 0 0 0 0 0 0 0 0 
1862 10 0 0 0 0 0 0 0 0 0 0 0 
1863 10 0 0 0 0 0 0 0 0 0 0 0 
1864 10 0 0 0 0 0 0 0 0 0 0 0 
1865 10 0 0 0 0 0 0 0 0 0 0 0 
1866 10 0 0 0 0 0 0 0 0 0 0 0 
1867 10 0 0 0 0 0 0 0 0 0 0 0 
1868 10 0 0 0 0 0 0 0 0 0 0 0 
1869 10 0 0 0 0 0 0 0 0 0 0 0 
1870 10 0 0 0 0 0 0 0 0 0 0 0 
1871 10 0 0 0 0 0 0 0 0 0 0 0 
1872 10 0 0 0 0 0 0 0 0 0 0 0 
1873 10 0 0 0 0 0 0 0 0 0 0 0 
1874 10 0 0 0 0 0 0 0 0 0 0 0 
1875 10 0 0 0 0 0 0 0 0 0 0 0 
1876 10 0 0 0 0 0 0 0 0 0 0 0 
1877 10 0 0 0 0 0 0 0 0 0 0 0 
1878 10 0 0 0 0 0 0 0 0 0 0 0 
1879 10 0 0 0 0 0 0 0 0 0 0 0 
1880 10 0 0 0 0 0 0 0 0 0 0 0 
1881 10 0 0 0 0 0 0 0 0 0 0 0 
1882 10 0 0 0 0 0 0 0 0 0 0 0 
1883 10 0 0 0 0 0 0 0 0 0 0 0 
1884 10 0 0 0 0 0 0 0 0 0 0 0 
1885 10 0 0 0 0 0 0 0 0 0 0 0 
1886 10 0 0 0 0 0 0 0 0 0 0 0 
1887 10 0 0 0 0 0 0 0 0 0 0 0 
1888 10 0 0 0 0 0 0 0 0 0 0 0 
1889 10 0 0 0 0 0 0 0 0 0 0 0 
1890 10 0 0 0 0 0 0 0 0 0 0 0 
1891 10 0 0 0 0 0 0 0 0 0 0 0 
1892 10 0 0 0 0 0 0 0 0 0 0 0 
1893 10 0 0 0 0 0 0 0 0 0 0 0 
1894 10 0 0 0 0 0 0 0 0 0 0 0 
1895 10 0 0 0 0 0 0 0 0 0 0 0 
1896 10 0 0 0 0 0 0 0 0 0 0 0 
1897 10 0 0 0 0 0 0 0 0 0 0 0 
1898 10 0 0 0 0 0 0 0 0 0 0 0 
1899 10 0 0 0 0 0 0 0 0 0 0 0 
1900 10 0 0 0 0 0 0 0 0 0 0 0 
1901 10 0 0 0 0 0 0 0 0 0 0 0 
1902 10 0 0 0 0 0 0 0 0 0 0 0 
1903 10 0 0 0 0 0 0 0 0 0 0 0 
1904 10 0 0 0 0 0 0 0 0 0 0 0 
1905 10 0 0 0 0 0 0 0 0 0 0 0 
1906 10 0 0 0 0 0 0 0 0 0 0 0 
1907 10 0 0 0 0 0 0 0 0 0 0 0 
1908 10 0 0 0 0 0 0 0 0 0 0 0 
1909 10 0 0 0 0 0 0 0 0 0 0 0 
1910 10 0 0 0 0 0 0 0 0 0 0 0 
1911 10 0 0 0 0 0 0 0 0 0 0 0 
1912 10 0 0 0 0 0 0 0 0 0 0 0 
1913 10 0 0 0 0 0 0 0 0 0 0 0 
1914 10 0 0 0 0 0 0 0 0 0 0 0 
1915 10 0 0 0 0 0 0 0 0 0 0 0 
1916 10 0 0 0 0 0 0 0 0 0 0 0 
1917 10 0 0 0 0 0 0 0 0 0 0 0 
1918 10 0 0 0 0 0 0 0 0 0 0 0 
1919 10 0 0 0 0 0 0 0 0 0 0 0 
1920 10 0 0 0 0 0 0 0 0 0 0 0 
1921 10 0 0 0 0 0 0 0 0 0 0 0 
1922 10 0 0 0 0 0 0 0 0 0 0 0 
1923 10 0 0 0 0 0 0 0 0 0 0 0 
1924 10 0 0 0 0 0 0 0 0 0 0 0 
1925 10 0 0 0 0 0 0 0 0 0 0 0 
1926 10 0 0 0 0 0 0 0 0 0 0 0 
1927 10 0 0 0 0 0 0 0 0 0 0 0 
1928 10 0 0 0 0 0 0 0 0 0 0 0 
1929 10 0 0 0 0 0 0 0 0 0 0 0 
1930 10 0 0 0 0 0 0 0 0 0 0 0 
1931 10 0 0 0 0 0 0 0 0 0 0 0 
1932 10 0 0 0 0 0 0 0 0 0 0 0 
1933 10 0 0 0 0 0 0 0 0 0 0 0 
1934 10 0 0 0 0 0 0 0 0 0 0 0 
1935 10 0 0 0 0 0 0 0 0 0 0 0 
1936 10 0 0 0 0 0 0 0 0 0 0 0 
1937 10 0 0 0 0 0 0 0 0 0 0 0 
1938 10 0 0 0 0 0 0 0 0 0 0 0 
1939 10 0 0 0 0 0 0 0 0 0 0 0 
1940 10 0 0 0 0 0 0 0 0 0 0 0 
1941 10 0 0 0 0 0 0 0 0 0 0 0 
1942 10 0 0 0 0 0 0 0 0 0 0 0 
1943 10 0 0 0 0 0 0 0 0 0 0 0 
1944 10 0 0 0 0 0 0 0 0 0 0 0 
1945 10 0 0 0 0 0 0 0 0 0 0 0 
1946 10 0 0 0 0 0 0 0 0 0 0 0 
1947 10 0 0 0 0 0 0 0 0 0 0 0 
1948 10 0 0 0 0 0 0 0 0 0 0 0 
1949 10 0 0 0 0 0 0 0 0 0 0 0 
1950 10 0 0 0 0 0 0 0 0 0 0 0 
1951 10 0 0 0 0 0 0 0 0 0 0 0 
1952 10 0 0 0 0 0 0 0 0 0 0 0 
1953 10 0 0 0 0 0 0 0 0 0 0 0 
1954 10 0 0 0 0 0 0 0 0 0 0 0 
1955 10 0 0 0 0 0 0 0 0 0 0 0 
1956 10 0 0 0 0 0 0 0 0 0 0 0 
1957 10 0 0 0 0 0 0 0 0 0 0 0 
1958 10 0 0 0 0 0 0 0 0 0 0 0 
1959 10 0 0 0 0 0 0 0 0 0 0 0 
1960 10 0 0 0 0 0 0 0 0 0 0 0 
1961 10 0 0 0 0 0 0 0 0 0 0 0 
1962 10 0 0 0 0 0 0 0 0 0 0 0 
1963 10 0 0 0 0 0 0 0 0 0 0 0 
1964 10 0 0 0 0 0 0 0 0 0 0 0 
1965 10 0 0 0 0 0 0 0 0 0 0 0 
1966 10 0 0 0 0 0 0 0 0 0 0 0 
1967 10 0 0 0 0 0 0 0 0 0 0 0 
1968 10 0 0 0 0 0 0 0 0 0 0 0 
1969 10 0 0 0 0 0 0 0 0 0 0 0 
1970 10 0 0 0 0 0 0 0 0 0 0 0 
1971 10 0 0 0 0 0 0 0 0 0 0 0 
1972 10 0 0 0 0 0 0 0 0 0 0 0 
1973 10 0 0 0 0 0 0 0 0 0 0 0 
1974 10 0 0 0 0 0 0 0 0 0 0 0 
1975 10 0 0 0 0 0 0 0 0 0 0 0 
1976 10 0 0 0 0 0 0 0 0 0 0 0 
1977 10 0 0 0 0 0 0 0 0 0 0 0 
1978 10 0 0 0 0 0 0 0 0 0 0 0 
1979 10 0 0 0 0 0 0 0 0 0 0 0 
1980 10 0 0 0 0 0 0 0 0 0 0 0 
1981 10 0 0 0 0 0 0 0 0 0 0 0 
1982 10 0 0 0 0 0 0 0 0 0 0 0 
1983 10 0 0 0 0 0 0 0 0 0 0 0 
1984 10 0 0 0 0 0 0 0 0 0 0 0 
1985 10 0 0 0 0 0 0 0 0 0 0 0 
1986 10 0 0 0 0 0 0 0 0 0 0 0 
1987 10 0 0 0 0 0 0 0 0 0 0 0 
1988 10 0 0 0 0 0 0 0 0 0 0 0 
1989 10 0 0 0 0 0 0 0 0 0 0 0 
1990 10 0 0 0 0 0 0 0 0 0 0 0 
1991 10 0 0 0 0 0 0 0 0 0 0 0 
1992 10 0 0 0 0 0 0 0 0 0 0 0 
1993 10 0 0 0 0 0 0 0 0 0 0 0 
1994 10 0 0 0 0 0 0 0 0 0 0 0 
1995 10 0 0 0 0 0 0 0 0 0 0 0 
1996 10 0 0 0 0 0 0 0 0 0 0 0 
1997 10 0 0 0 0 0 0 0 0 0 0 0 
1998 10 0 0 0 0 0 0 0 0 0 0 0 
1999 10 0 0 0 0 0 0 0 0 0 0 0 
2000 10 0 0 0 0 0 0 0 0 0 0 0 
2001 10 0 0 0 0 0 0 0 0 0 0 0 
2002 10 0 0 0 0 0 0 0 0 0 0 0 
2003 10 0 0 0 0 0 0 0 0 0 0 0 
2004 10 0 0 0 0 0 0 0 0 0 0 0 
2005 10 0 0 0 0 0 0 0 0 0 0 0 
2006 10 0 0 0 0 0 0 0 0 0 0 0 
2007 10 0 0 0 0 0 0 0 0 0 0 0 
2008 10 0 0 0 0 0 0 0 0 0 0 0 
2009 10 0 0 0 0 0 0 0 0 0 0 0 
2010 10 0 0 0 0 0 0 0 0 0 0 0 
2011 10 0 0 0 0 0 0 0 0 0 0 0 
2012 10 0 0 0 0 0 0 0 0 0 0 0 
2013 10 0 0 0 0 0 0 0 0 0 0 0 
2014 10 0 0 0 0 0 0 0 0 0 0 0 
2015 10 0 0 0 0 0 0 0 0 0 0 0 
2016 10 0 0 0 0 0 0 0 0 0 0 0 
2017 10 0 0 0 0 0 0 0 0 0 0 0 
2018 10 0 0 0 0 0 0 0 0 0 0 0 
2019 10 0 0 0 0 0 0 0 0 0 0 0 
2020 10 0 0 0 0 0 0 0 0 0 0 0 
2021 10 0 0 0 0 0 0 0 0 0 0 0 
2022 10 0 0 0 0 0 0 0 0 0 0 0 
2023 10 0 0 0 0 0 0 0 0 0 0 0 
2024 10 0 0 0 0 0 0 0 0 0 0 0 
2025 10 0 0 0 0 0 0 0 0 0 0 0 
2026 10 0 0 0 0 0 0 0 0 0 0 0 
2027 10 0 0 0 0 0 0 0 0 0 0 0 
2028 10 0 0 0 0 0 0 0 0 0 0 0 
2029 10 0 0 0 0 0 0 0 0 0 0 0 
2030 10 0 0 0 0 0 0 0 0 0 0 0 
2031 10 0 0 0 0 0 0 0 0 0 0 0 
2032 10 0 0 0 0 0 0 0 0 0 0 0 
2033 10 0 0 0 0 0 0 0 0 0 0 0 
2034 10 0 0 0 0 0 0 0 0 0 0 0 
2035 10 0 0 0 0 0 0 0 0 0 0 0 
2036 10 0 0 0 0 0 0 0 0 0 0 0 
2037 10 0 0 0 0 0 0 0 0 0 0 0 
2038 10 0 0 0 0 0 0 0 0 0 0 0 
2039 10 0 0 0 0 0 0 0 0 0 0 0 
2040 10 0 0 0 0 0 0 0 0 0 0 0 
2041 10 0 0 0 0 0 0 0 0 0 0 0 
2042 10 0 0 0 0 0 0 0 0 0 0 0 
2043 10 0 0 0 0 0 0 0 0 0 0 0 
2044 10 0 0 0 0 0 0 0 0 0 0 0 
2045 10 0 0 0 0 0 0 0 0 0 0 0 
2046 10 0 0 0 0 0 0 0 0 0 0 0 

0 5 2 2 0.24 3 14 5 15 12 12 -23 4 0.980645 38 17 42 15 44 2 30 23 -7 17 4 19 41 19 42 18 29 16 -8 18 3 18 6 18 26 17 30 16 4 16 22 5 -13 26 1 26 -7 15 -11 15 20 23 -7 22 2 22 -3 21 1 11 -13 20 -8 21 -9 13 -1 8 14 9 -7 19 14 19 13 18 -22 21 -3 20 27 25 42 24 10 18 45 
1 5 2 2 0.428571 3 11 22 11 -27 12 -1 4 0.955224 16 21 -27 19 -29 22 -7 19 -3 23 -25 22 29 19 -11 24 -17 24 -21 25 12 21 30 26 -2 24 9 20 -7 4 24 16 -14 
2 5 2 2 0.903226 7 14 10 11 -19 14 -14 12 35 15 -11 13 21 14 24 4 0.631579 3 17 -22 22 34 22 35 
3 5 2 2 0.989247 23 7 4 9 2 6 -24 13 -16 9 -11 9 5 13 -20 6 5 8 -14 13 9 13 -30 11 50 7 31 9 28 8 27 11 23 16 17 8 18 16 39 15 25 8 0 8 -20 5 -21 4 0.148148 1 11 -5 
4 5 2 2 0.727273 2 14 40 7 41 4 0.857143 3 8 39 18 40 13 44 
5 5 2 2 0.258065 2 11 13 14 1 4 0.978723 23 15 1 14 27 14 9 18 -29 16 16 18 39 14 8 19 38 16 9 14 22 17 -20 19 -20 18 0 7 31 4 3 4 4 20 36 7 2 17 -11 17 28 15 33 5 12 -17 -25 
6 5 2 2 0.857143 9 10 38 11 -29 13 -14 9 38 9 -28 10 -15 10 -5 10 42 7 35 4 0.727273 6 21 31 -1 15 11 4 22 -5 19 23 23 3 
7 5 2 2 0.8 2 6 44 14 -5 4 0.8 2 15 26 14 -4 
8 5 2 2 0.990099 25 5 -19 7 23 6 -15 3 4 7 9 13 -5 6 -8 9 -23 6 -14 9 3 8 0 16 50 7 15 6 23 7 -11 6 -24 15 -31 15 8 15 23 16 -28 4 40 7 -9 12 48 9 50 12 -27 4 0.137931 1 14 24 
9 5 2 2 0.972973 9 13 32 7 39 15 18 16 -3 9 0 13 23 10 -22 7 36 10 -17 4 0.307692 1 17 19 
10 5 2 2 0.571429 4 8 24 9 -29 14 -25 9 28 4 0.923077 12 16 9 12 8 15 10 15 2 13 -25 13 -23 15 29 22 -17 20 -20 21 -23 12 -20 17 -28 
11 5 2 2 0.0582524 3 -15 -25 -15 -14 5 7 4 0.996149 194 11 24 9 45 9 45 12 35 12 2 10 38 -25 -8 12 37 14 8 -25 -27 -22 -8 -12 42 -23 2 -13 -18 -15 -28 -13 -1 -18 -7 -16 31 -23 26 -17 -24 -23 34 -17 -2 -20 3 -23 43 -19 30 -16 -10 -16 -12 -19 37 -16 15 -22 1 -17 7 -12 43 -15 7 -16 -17 -18 26 -15 44 -15 23 -18 33 -20 43 -17 9 -9 -27 -8 -9 -14 32 -15 29 -20 -27 -10 -22 -15 32 -23 42 -2 -17 -23 1 -3 -9 14 38 -19 4 -16 34 -23 24 -18 22 -4 9 -21 -22 13 -10 -18 32 -15 31 -19 24 -7 12 -15 15 -7 0 -21 -15 -14 42 -22 45 -18 21 -18 11 -8 -20 14 -13 -11 44 -23 5 -25 -11 -11 -13 -14 42 -22 15 -20 42 -20 35 -24 -15 -23 44 -21 1 -22 2 -12 -12 -24 15 -19 34 -19 45 -14 14 -13 -2 -16 17 -19 -29 -1 -10 -20 37 -1 -7 -15 7 -13 -26 -15 4 -1 -3 -3 21 -19 14 -18 31 -22 14 1 6 -6 1 -9 35 -25 30 -23 31 3 -6 -18 13 -15 39 -8 -1 -17 4 -15 3 -1 26 -17 40 -17 37 -13 29 -12 5 -17 36 -13 31 -10 4 -9 -14 -11 19 -22 -17 -10 -7 -24 42 -8 -20 -7 -25 -18 -8 -23 25 -21 1 -17 2 1 28 -8 36 -7 38 -15 7 -19 0 -17 20 -20 25 -19 -10 -1 45 -17 -10 -20 33 -15 -7 -20 -23 -20 -32 -12 -1 1 25 3 14 -3 -29 6 21 1 28 -17 -29 -11 -1 4 -10 -11 -8 6 -24 5 -12 6 -20 -11 34 3 45 -11 -16 -8 8 -9 0 4 42 -9 -3 -8 21 -8 22 -8 -3 7 -1 2 41 -5 -29 -24 40 -2 4 -1 9 -1 -9 2 -23 1 2 1 -16 9 -8 8 12 4 41 9 -13 2 -26 0 30 9 18 -2 38 12 -16 1 -32 5 22 5 26 4 35 10 -5 
12 5 2 2 0.27907 3 2 39 -12 32 14 37 4 0.976378 31 2 -30 2 -29 -20 -31 17 -33 20 -42 14 -32 -16 29 -14 -28 -15 -28 20 -33 24 -10 -14 41 -12 37 14 -34 -23 -19 -12 10 -7 34 -22 -18 23 18 -17 41 6 -38 7 -44 -16 34 -18 34 22 -1 15 -32 -1 34 -18 -23 7 36 5 -42 -14 -3 
13 5 2 2 0.941176 4 9 1 9 -40 15 -42 6 42 4 0.5 1 17 -22 
14 5 2 2 0.363636 2 -13 38 -15 39 4 0.965517 14 -3 38 -12 30 18 13 -13 -32 13 43 24 -21 -13 21 9 -36 13 3 24 32 8 -36 14 -38 17 -38 24 -39 
15 5 2 2 0.827586 6 7 -42 -15 -26 4 -5 3 27 12 -42 -14 -9 4 0.769231 5 -18 -27 -15 16 13 -7 22 -40 15 32 
16 5 2 2 0.571429 2 13 -28 14 -40 4 0.923077 6 16 29 22 6 26 -20 26 -27 25 -26 24 -30 
17 5 2 2 0.978723 23 6 -32 5 -33 15 19 7 -37 11 -26 13 -37 14 -43 11 22 7 23 13 -43 6 -12 9 -43 7 -21 15 -46 13 25 15 -31 11 -44 3 -19 11 -1 6 -8 10 -47 16 -27 4 -19 4 0.258065 2 16 -41 21 -42 
18 5 2 2 0.75 3 15 -47 4 -9 5 19 4 0.842105 4 23 24 4 8 17 22 13 -13 
19 5 2 2 0.727273 2 -13 17 -15 10 4 0.857143 3 23 -27 -10 5 -11 10 
20 5 2 2 0.333333 1 8 -40 4 0.969697 8 19 -38 12 -33 10 -35 16 -45 15 -33 15 -42 14 -39 19 -30 
21 5 2 2 0.0740741 1 -14 -43 4 0.995025 50 -7 39 1 39 5 -9 8 27 4 21 7 38 8 39 13 -40 -25 -32 -23 -33 6 -44 -18 -42 -4 -44 3 -34 3 -32 -19 -45 5 -43 -20 -44 -24 -34 -18 -45 -23 -40 -4 -42 -5 -42 -6 -41 3 -36 -25 -42 -16 -33 -8 -42 -20 -42 -14 -41 2 -32 8 -40 -19 -35 -3 -36 -15 -36 -23 -44 -20 -32 -24 -38 -20 -37 1 -35 -17 -36 -13 -38 -22 -37 -25 -37 -10 -8 -24 -37 -17 -36 -15 -39 -20 -36 -20 -37 
22 5 2 2 0.983051 87 11 20 9 51 4 -20 15 14 4 21 14 53 3 3 14 29 14 23 2 39 4 -2 7 13 6 18 6 -8 12 40 3 26 5 13 8 21 3 43 9 23 13 22 8 23 1 50 -11 52 -5 51 8 -5 6 50 -9 49 -11 45 1 50 -14 47 6 25 9 52 -11 51 9 27 8 -1 11 6 8 -13 -11 49 0 -25 9 31 10 17 -11 45 -7 51 -9 47 -9 53 10 0 -6 50 7 47 5 33 10 50 3 48 3 49 6 52 5 34 -3 46 5 53 1 53 -13 47 0 53 -2 52 -1 47 -2 46 -13 46 -12 46 -12 48 -8 48 -13 49 -3 51 -8 50 -10 51 -10 49 -15 47 3 52 2 51 -7 48 -9 51 5 -27 16 -7 2 -28 0 21 13 42 14 14 3 31 12 -5 8 18 11 -22 4 0.216216 6 -5 -9 12 24 -7 44 16 13 15 39 7 36 
23 5 2 2 0.96 6 -14 -13 -15 -21 -14 -12 -15 -19 -14 -32 -14 15 4 0.4 1 -24 -1 
24 5 3 2 0.827586 6 -7 -26 -6 -20 -12 -9 -13 6 -12 -14 -8 40 3 0.285714 1 -15 42 4 0.695652 4 -2 -15 -2 -19 -9 -23 -10 0 
25 5 2 2 0.355556 4 6 -39 15 -36 14 -21 16 -32 4 0.966667 29 11 -40 -2 17 -7 -8 -7 40 21 11 21 -31 25 -34 20 -41 21 -41 -3 12 -11 -10 -10 -10 -3 -7 -3 -4 -5 15 -9 -5 -5 5 -3 0 -9 -21 -12 -14 -8 32 -15 12 15 -32 18 -28 18 -36 -14 -30 23 -33 18 -34 -14 10 
26 5 2 2 0.888889 4 10 -28 -12 1 7 -26 -20 5 4 0.666667 2 14 -36 16 -36 
27 5 2 2 0.695652 4 -15 -49 -13 -48 -11 -48 -12 -22 4 0.875 7 -14 -42 -14 -43 -3 -5 -20 31 -2 39 -1 30 -11 0 
28 5 2 2 0.991453 29 -10 31 -10 38 -19 37 -19 9 -5 6 6 -46 1 -46 -19 0 0 -51 -20 -9 -14 -43 -8 1 -5 -33 -1 2 -9 -11 -7 -1 -12 -37 -8 13 -5 -44 -11 -3 -2 -21 -12 -1 -6 -11 -5 13 -10 -31 -19 -27 -10 4 -11 6 -8 -42 4 0.121212 1 8 -41 
29 5 2 2 0.5 2 -10 -30 -5 -14 4 0.941176 8 -4 -12 -4 -44 -1 -5 0 27 -1 26 -6 -21 -17 -4 -4 -45 
30 5 2 2 0.8 9 -15 -15 -11 -22 -13 3 -14 -36 -11 8 -11 0 -11 8 3 -2 4 -15 4 0.8 9 -12 14 -14 14 -2 40 -7 43 -7 13 -10 41 10 32 8 19 1 25 
31 5 2 2 0.972152 192 -3 43 -9 45 3 -39 -3 43 2 43 4 39 0 39 -2 41 2 33 -2 38 4 38 -2 37 4 -40 -3 38 -10 41 -8 40 -6 40 1 36 -6 38 0 14 4 29 7 8 -12 39 1 -4 3 -4 6 11 -2 33 5 -35 -15 37 6 -12 2 26 1 -21 7 -20 8 19 -1 32 9 6 -3 -27 2 -37 3 10 1 23 7 32 12 -10 12 16 1 6 3 -23 5 -40 3 -39 -6 -32 3 16 1 -1 -2 -10 0 0 -3 32 4 -20 -13 -35 -11 -37 2 8 3 32 -5 -37 -14 -33 -4 -37 7 -28 0 23 -8 -42 -4 -36 -13 25 -14 3 -9 -41 -7 0 -13 1 -13 0 2 32 -5 -27 -14 -14 -5 0 -11 -25 5 -28 -18 5 -19 -39 -13 -10 -12 -6 -19 -11 -7 -31 -17 10 -18 -42 -18 -43 -20 7 -16 10 -18 -1 -14 2 -7 1 -14 -9 -9 -4 -18 -43 -16 -41 -16 8 -14 -14 1 -33 -1 11 -2 5 -2 6 -16 -40 -17 29 -14 -2 1 -26 -5 -43 -1 -42 -4 -26 -17 -29 -10 -3 0 0 -11 1 -9 -22 1 8 -16 -32 -11 -30 -8 -32 2 0 11 12 -11 12 2 5 3 -34 -10 -36 1 28 3 0 -11 10 -7 -29 -11 -42 -3 9 1 13 5 1 3 2 -4 -28 2 9 -7 11 -8 -21 -1 -5 2 27 2 -8 -8 13 -7 -1 -15 -44 -9 25 -9 -8 4 -40 -9 -25 -8 -43 -1 -34 6 23 -6 25 3 -14 -9 -15 4 -28 -2 8 -1 14 2 1 7 1 -7 -20 1 -33 -7 -13 -6 6 -5 -33 -1 26 -8 -42 -5 -8 -1 -3 -5 -40 -1 -1 -1 9 6 0 -9 -48 -3 -29 -7 -7 1 5 0 -26 -4 29 11 5 -6 -3 -7 2 -3 -45 1 10 -3 4 -3 2 -1 13 0 -9 2 6 -6 6 -6 -44 3 1 -6 9 2 0 2 -7 4 0.314286 22 18 -36 8 40 7 -25 5 -36 -12 33 10 30 8 24 -7 -40 -11 -43 -23 -43 -11 17 -19 -37 -1 -18 -23 -22 -23 -17 -18 -3 -17 -23 -10 -42 -10 0 -5 -3 6 -32 -1 6 
32 5 2 2 0.853933 19 3 -34 -4 0 -4 2 -4 19 7 -15 2 -13 0 -16 1 -46 1 11 8 -34 3 -45 3 -2 0 -37 4 -4 9 -36 10 -24 -2 -20 -2 4 7 -44 4 0.732394 13 0 -25 3 -14 -8 13 -9 30 5 -30 2 20 1 -11 -4 -40 3 14 5 0 4 -3 5 -15 7 -16 
33 5 2 2 0.923077 12 -7 -40 -5 35 -12 23 -2 5 7 23 -9 37 1 -41 -9 1 -7 -43 -7 29 -15 -31 9 -10 4 0.571429 4 -22 44 -21 39 -7 -35 3 -20 
34 5 2 2 0.470588 2 -3 -10 -7 -39 4 0.947368 9 7 35 -7 -20 2 -5 -2 -36 2 38 -15 5 -14 1 -7 -20 -8 -17 
35 5 2 2 0.666667 4 -8 39 -4 -24 -8 35 -18 34 4 0.888889 8 2 -18 6 -30 10 1 2 -24 0 37 -1 43 -12 17 -1 37 
36 5 2 2 0.4 1 15 -12 4 0.96 6 23 -16 20 -35 22 30 -2 -19 0 -19 13 26 
37 5 2 2 0.307692 1 5 -18 4 0.972973 9 21 -30 12 -11 12 -26 15 -15 19 -17 12 -6 13 4 12 16 17 28 
38 5 2 2 0.9 9 14 -26 13 -26 11 -7 12 -12 14 17 11 -25 2 2 14 -2 7 12 4 0.64 4 16 5 22 18 21 15 5 26 
39 5 2 2 0.992908 35 1 41 1 44 5 46 12 35 -4 39 -6 39 8 25 7 41 5 47 -7 38 11 7 -14 49 9 37 -1 -20 -6 39 13 44 14 44 13 46 7 16 12 38 14 30 10 11 4 14 0 44 2 -24 7 14 6 14 3 -14 7 -9 15 33 3 9 -4 39 14 34 12 8 14 40 4 0.102564 1 -6 43 
40 5 2 2 0.927835 45 13 -2 3 42 11 8 -2 44 7 44 -3 41 6 33 5 -31 -1 -16 6 -26 12 40 8 17 -20 45 1 40 14 -32 1 -16 10 3 10 1 -3 15 4 -8 1 38 12 5 6 40 16 -27 9 49 16 3 3 -8 15 29 5 -10 9 -1 2 12 1 -11 6 -2 11 -32 16 -21 2 -1 7 29 16 -19 -1 44 0 24 6 20 1 8 0 -35 0 -36 -4 30 4 0.554455 14 9 36 16 42 16 39 17 40 8 -32 5 43 13 1 3 44 17 7 12 -4 22 5 8 38 10 13 25 39 
41 5 2 2 0.783217 84 6 42 0 43 0 31 10 36 -15 33 16 40 14 16 16 -6 16 52 20 -7 18 -5 12 36 18 1 20 -2 14 9 17 -7 13 23 11 -7 16 8 16 37 15 9 16 39 18 42 16 30 15 20 17 38 16 41 15 26 13 23 18 4 14 -21 12 -18 14 35 17 35 10 35 16 45 15 40 17 6 15 -20 -3 28 5 -40 -13 -11 -14 -22 -14 -19 -10 -31 -18 -13 -16 -33 -13 -35 -15 4 -13 17 -2 -18 -16 -4 -6 18 -19 -3 -18 -9 -20 -32 -12 24 -12 -30 -19 -20 -12 -11 -11 -13 -5 -2 -16 15 -15 15 -13 24 -14 14 3 2 -11 21 -7 -33 3 3 -8 23 -7 -15 5 -5 -12 -39 1 18 -3 15 -7 20 11 -25 -5 13 -2 15 -3 4 -4 -7 8 -26 1 -36 4 0.815789 93 -4 36 3 37 -12 38 21 37 17 -21 4 -9 19 -17 23 7 20 9 24 27 21 37 25 5 24 26 5 4 22 37 2 16 25 10 16 -22 15 30 25 -18 17 -22 22 -13 24 16 26 11 9 -23 17 14 25 33 6 28 26 41 24 11 25 6 26 -13 19 18 26 -9 21 -21 4 43 4 33 6 32 -5 32 -2 21 3 30 1 -10 -15 -16 -11 21 -11 -7 -19 -33 -12 20 -19 -28 -16 15 -19 -7 -16 -23 -14 -26 -14 -12 -6 24 0 -14 -3 8 -16 -34 -6 -34 2 -11 -7 -18 -1 15 -11 -26 -11 6 -10 7 -21 -27 6 -5 -13 1 6 -20 -13 2 -15 22 -7 -34 -6 -22 -1 -33 -22 18 -5 -25 8 -6 0 -13 -18 -25 8 20 -5 24 -1 -5 1 -26 1 -25 3 2 9 13 9 15 6 19 -11 24 -5 21 1 3 -2 -31 -1 -5 6 21 
42 5 2 2 0.97561 10 -3 -5 6 -14 -8 -13 -1 9 0 -11 7 -4 0 10 0 8 -8 -41 9 9 4 0.285714 1 8 -37 
43 5 2 2 0.842105 4 -17 -13 -15 -2 -13 -12 16 5 4 0.75 3 22 -8 3 -31 4 31 
44 5 2 2 0.363636 4 -14 -25 -11 -36 -11 -35 3 31 4 0.965517 28 -6 -21 -14 33 -19 -25 8 21 14 -20 6 -1 -4 19 -12 -35 5 -27 5 -24 -14 28 5 -21 -6 -13 -5 -35 -2 -13 -7 8 6 -18 0 -37 -15 -21 -15 -36 12 -13 1 -20 4 -25 -5 28 -2 16 5 -5 -9 24 2 -8 
45 5 2 2 0.5 2 17 -34 -20 -6 4 0.941176 8 -16 -39 1 39 -17 -39 -17 -16 18 -29 -12 -4 -4 -40 -4 2 
46 5 2 2 0.842105 20 -14 -18 -9 -35 -11 -20 -10 -19 -9 -9 -7 -40 7 27 -6 25 -20 -22 -19 -42 -3 -8 5 -44 -13 -9 -17 -4 -5 -14 -6 -11 -13 35 -2 -16 -4 -12 -3 23 4 0.75 15 -21 -34 19 -30 11 -29 -7 14 10 -40 -13 -8 -5 11 8 -5 -1 24 1 11 -6 -32 13 -15 16 -16 16 -15 7 -29 
47 5 2 2 0.983607 30 5 -12 -15 35 -3 -43 -7 32 -11 -42 7 -23 4 -21 -2 -30 -15 -35 12 -41 2 34 -7 28 11 -42 -2 5 1 -32 -8 4 -10 29 2 5 0 -15 4 -45 3 -40 -3 24 2 -37 4 -43 11 -46 3 -43 3 -45 0 -47 6 -42 0 -42 4 0.210526 2 10 22 5 -39 
48 5 2 2 0.888889 10 14 20 -7 40 -19 37 -11 38 15 -6 17 -5 -9 43 -18 41 -19 37 -18 24 4 0.666667 5 25 -4 -6 10 -5 -18 23 -1 -23 16 
49 5 2 2 0.993103 36 -19 1 -14 -4 -10 37 -4 38 -11 29 -13 34 -12 30 -13 17 -17 44 -13 17 -10 29 -10 25 -15 27 -9 45 -9 15 -18 32 -9 17 -13 22 -20 17 -6 36 -9 34 -11 34 -11 33 -15 3 -7 46 -11 27 -10 18 -12 1 -9 20 -18 45 -17 4 -12 45 -20 15 -11 25 -20 3 -9 7 4 0.1 1 -6 24 
50 5 2 2 0.108108 1 11 10 4 0.992481 33 4 18 17 18 12 33 19 -18 4 1 11 41 20 11 3 -16 19 0 15 -15 4 -24 14 42 14 5 -5 -21 -7 6 9 34 10 1 15 17 9 -6 12 -5 5 40 18 -26 14 -29 11 26 11 17 4 13 11 10 11 0 10 28 11 16 10 22 10 -31 8 25 
51 5 2 2 0.7 7 13 -37 3 40 -8 44 8 31 -3 41 4 37 3 39 4 0.872727 12 3 38 2 38 8 -2 -11 42 -7 43 1 39 -10 42 -20 41 -10 39 -15 39 -9 39 -5 39 
52 5 2 2 0.844444 19 -11 -17 -3 -11 -9 -9 -18 20 -10 12 -13 -17 7 11 13 -19 -11 -20 -5 -3 3 -32 -9 20 -5 35 -10 21 -10 -28 -5 31 -12 37 4 -18 8 -21 4 0.746667 14 -2 -4 12 11 -1 -21 -13 0 9 -9 15 45 -12 25 -5 24 -12 -22 13 31 4 24 9 -32 -7 12 5 -38 
53 5 2 2 0.56 14 6 -33 8 -8 -12 -20 -4 46 -10 -16 -9 -32 -5 7 10 -31 5 -26 7 48 -12 35 -8 21 7 -26 8 -38 4 0.926316 44 -12 21 -7 -23 -7 -9 -9 -12 -9 -25 -12 -18 -10 7 -11 8 -5 -19 10 -30 -9 -34 -13 21 -4 -20 -9 -11 -4 34 -7 36 -15 37 -18 -22 -13 -13 -10 -15 2 -36 -10 -8 -4 8 -18 -11 10 -13 -13 -21 -22 -15 -11 -10 10 -17 8 17 -2 18 0 -26 1 -21 12 2 15 12 -1 -19 3 -13 11 -15 10 -30 14 -13 2 -14 0 -6 15 8 13 -33 
54 5 4 0 0.25 1 9 77 2 0.714286 5 12 -45 10 -48 13 -36 14 -10 17 18 3 0.774194 6 38 -7 -12 43 37 -24 39 -27 37 -6 38 -40 4 0.25 1 17 -45 
55 5 2 2 0.953975 57 -9 -23 -5 -6 -14 29 -13 22 7 27 -13 18 -5 25 -15 14 -7 -4 -4 24 -7 24 -12 15 -6 19 -7 -15 -6 -19 -10 -26 -1 29 -4 32 -6 20 -5 -12 -8 -17 0 30 -12 -24 -3 17 0 2 1 -9 -11 28 1 32 -12 26 -14 22 6 -24 -1 23 5 -19 -3 21 -4 27 2 -35 -4 -5 3 -13 4 -15 0 9 -2 -7 -5 17 -1 -12 -4 20 3 -10 2 -5 -7 -4 5 13 -3 22 -2 -29 -6 -6 -4 -34 -7 -11 3 -32 -5 -15 3 20 2 -30 4 0.435644 11 -18 -16 -14 4 -9 5 -14 -21 4 7 -2 32 -15 -15 10 -5 0 24 0 1 1 -2 
56 5 2 2 0.744186 8 0 -33 1 21 -11 -18 -6 -35 -20 -34 -5 -37 -8 -38 10 -40 4 0.846154 11 -4 15 -1 36 -3 10 0 -9 -1 -14 -2 -14 6 10 -3 -14 -21 -33 -9 -40 -10 -34 
57 5 2 2 0.380952 2 0 21 -10 10 4 0.962963 13 2 -13 -5 19 -1 -27 -2 -35 -5 16 -19 14 -5 22 -3 16 -17 -31 -7 24 -12 -37 -10 21 -23 30 
58 5 2 2 0.148148 1 -11 -47 4 0.989247 23 -4 -43 -23 -6 -24 -9 -22 -28 -20 -2 -16 37 0 -26 -25 35 -17 11 -12 -27 0 15 0 7 1 -30 -1 -29 0 -25 0 -40 6 -27 3 11 8 -3 -21 -35 -1 -45 -9 -43 3 -41 
59 5 2 2 0.888889 6 -9 -48 -15 -45 -3 -47 13 -48 -10 -49 3 -49 4 0.666667 3 -2 -44 4 -43 -12 -44 
60 5 2 2 0.956522 11 21 6 20 36 20 36 20 7 19 -13 19 7 19 4 16 -18 17 25 20 2 18 12 4 0.421053 2 9 -13 17 -2 
61 5 2 2 0.888889 4 13 -12 18 -16 13 37 13 30 4 0.666667 2 16 25 23 -8 
62 5 2 2 0.173913 1 19 -5 4 0.987013 19 23 -4 6 24 26 23 17 40 18 31 23 42 16 37 20 33 20 -14 18 -10 20 11 21 -23 20 2 6 40 25 15 11 32 11 25 21 43 7 41 
63 5 3 2 0.869565 5 15 -37 10 -38 21 5 20 -27 15 -44 3 0.363636 1 42 13 4 0.571429 2 22 40 26 15 
64 5 3 0 0.258065 6 22 -9 24 11 24 -55 18 -51 21 24 18 24 3 0.97491 68 28 -12 28 -9 37 -13 27 41 33 -45 37 1 27 -64 16 52 30 -54 38 25 17 -54 26 -52 27 -59 30 -22 19 27 24 -25 37 32 35 26 35 -19 24 -49 34 -12 43 -70 32 -49 36 -61 8 -20 30 -29 37 -49 27 1 36 -53 27 48 27 -19 41 -9 35 0 36 -89 21 76 37 -13 39 50 28 -73 37 -38 28 -36 39 39 14 43 43 51 39 35 21 46 36 37 43 -68 39 46 15 63 35 51 8 12 27 59 20 -3 24 3 38 44 39 -75 38 -70 43 32 28 49 36 30 34 9 26 26 36 38 40 2 41 37 -43 -80 41 14 8 37 4 0.0512821 1 23 0 
65 5 2 0 0.97561 10 8 25 10 31 6 23 7 27 21 30 0 28 -4 22 15 27 -24 50 25 0 3 0.285714 1 23 42 
66 5 2 0 0.545455 3 -24 59 -24 71 -24 68 3 0.930233 10 45 26 -44 44 45 27 27 -44 40 -43 21 68 41 40 31 36 31 27 43 40 
67 5 2 0 0.982699 71 12 62 12 63 21 9 4 68 13 66 -13 64 12 67 12 64 -9 63 15 66 18 72 12 60 4 58 18 63 3 65 18 67 7 72 16 60 1 71 -12 57 16 73 16 65 9 61 16 67 13 69 16 72 7 70 4 52 5 61 -4 57 17 -53 -11 60 11 59 13 70 1 73 14 54 -15 60 18 32 16 -40 -3 56 -9 57 -4 57 12 55 -9 58 9 73 2 57 4 52 1 76 16 44 -13 63 16 57 17 50 16 14 17 27 17 -53 4 77 18 -27 18 53 -14 58 16 48 12 47 -16 58 18 74 16 -25 14 40 14 46 17 -45 -14 53 16 -15 -16 56 17 -40 3 0.21978 5 -27 91 -5 96 -40 -33 14 95 5 91 
68 5 3 0 0.966667 29 8 80 1 78 0 77 -3 81 -10 82 16 19 11 -34 12 18 10 16 -10 26 2 85 -5 24 -13 84 -11 21 -21 24 14 -14 12 21 21 20 22 19 20 15 -3 26 -4 20 -15 50 -19 26 -9 25 1 50 13 20 -16 76 12 19 1 0.205128 2 12 33 14 -34 3 0.205128 2 19 70 -35 75 
69 5 5 0 0.826816 37 8 21 -8 22 9 23 7 23 6 26 -13 55 13 71 -5 75 -14 86 -22 85 3 85 14 60 -1 75 -10 83 17 88 8 92 12 88 -18 72 -17 77 -19 70 20 46 -13 85 14 60 11 84 3 57 14 48 -19 82 -18 81 6 50 -18 60 4 49 -10 51 -3 54 -7 51 -19 51 -2 44 -23 50 1 0.155844 3 16 29 16 -23 14 29 2 0.056338 1 21 2 3 0.712329 26 -19 -89 0 19 -31 30 22 -34 10 49 18 23 11 24 -16 72 10 26 -12 19 -27 27 20 -35 -6 85 -39 82 -39 79 -35 85 -6 76 -38 27 -40 79 -1 31 34 25 36 29 -13 92 -41 14 -36 0 -5 -78 4 0.056338 1 -25 -21 
70 5 4 0 0.173913 1 3 62 2 0.631579 6 19 -36 18 -35 19 -21 21 -33 19 -26 18 -27 3 0.727273 8 -19 73 -25 70 9 -33 -2 16 14 -50 12 -41 -39 -31 -13 28 4 0.571429 5 -23 37 -21 38 -22 43 -25 45 -24 35 
71 5 4 0 0.48 12 12 54 12 51 3 56 12 56 0 89 2 91 -5 92 -3 90 3 51 -18 76 -11 80 -8 75 2 0.210526 4 19 13 21 11 19 20 18 29 3 0.691729 23 28 23 -32 17 36 -31 25 43 36 -99 -24 95 38 -27 35 -2 -17 88 -12 100 35 -8 30 -11 32 67 34 10 35 31 26 75 34 75 33 -29 -36 79 31 76 24 99 33 70 9 -74 4 0.719424 25 21 -31 18 11 19 36 17 -7 19 24 14 -28 20 -1 17 6 12 34 16 36 18 1 14 42 13 14 19 11 23 39 15 -6 23 -22 19 -8 23 -21 22 -6 22 6 24 17 11 21 19 -15 8 19 
72 5 5 0 0.600897 67 21 -10 14 67 18 -19 21 -19 22 -55 8 17 23 -53 24 -32 6 17 20 -43 21 -50 15 38 12 45 5 51 3 46 24 -82 0 48 4 76 25 -71 -19 42 -23 76 -22 50 -22 56 11 45 20 -37 0 45 21 -66 15 -62 -9 50 -8 48 21 -84 22 36 22 -70 15 48 18 64 21 55 19 58 19 -71 20 57 20 58 11 57 12 56 10 44 16 39 20 51 14 -75 19 73 20 73 23 49 22 41 12 77 7 48 17 51 22 41 21 71 14 67 12 77 19 52 12 46 20 46 23 74 22 78 12 43 9 48 22 44 13 79 21 82 1 0.183099 13 17 25 17 -26 17 -24 17 -10 17 -3 16 20 13 39 17 38 15 34 14 37 15 35 16 36 16 34 2 0.016129 1 13 -44 3 0.888283 163 -41 -4 -9 98 15 14 35 -84 21 86 42 -35 20 82 -38 100 17 -81 26 -94 14 -80 1 94 34 71 36 -33 8 83 42 13 25 -26 37 -1 -35 79 25 81 23 -42 41 -17 41 -92 6 -78 40 70 38 69 35 -32 26 -87 38 -29 27 -47 11 100 36 -39 42 36 -26 95 -24 98 29 28 2 -96 -37 85 39 -74 -20 100 36 18 -41 100 -33 98 -41 97 -33 83 -41 94 21 -81 30 96 26 -50 10 93 17 97 24 -68 39 31 8 -53 22 -8 -36 44 6 92 29 -21 38 -35 39 -32 -33 41 -35 40 20 0 30 -1 -37 43 31 19 -34 37 36 -51 29 -44 30 12 36 36 42 84 31 -61 27 -79 40 9 36 -71 30 -76 -41 35 28 -36 -9 -68 33 25 25 41 23 28 37 -65 39 83 37 -10 36 -45 0 -93 36 -84 33 84 -29 27 39 -61 27 59 12 -93 -1 -78 40 46 26 90 42 15 23 19 42 -25 15 97 36 14 36 -49 39 25 31 94 9 -49 8 -48 41 -96 40 -12 30 30 32 16 35 43 33 86 38 -80 42 42 37 31 -9 65 35 34 -12 -78 22 91 17 -95 16 14 26 -61 36 36 -14 -96 7 -47 6 81 38 11 -2 85 -2 60 -3 85 40 64 30 -96 24 99 -13 66 27 85 18 92 37 44 37 22 27 73 36 26 33 92 41 78 10 69 38 31 -8 63 39 35 -5 37 27 -16 29 -83 25 75 31 37 42 63 16 84 -6 62 15 89 12 37 23 76 9 37 36 68 30 65 34 27 23 33 4 0.016129 1 23 -36 
73 5 2 0 0.977778 22 -21 32 -6 35 -6 33 19 25 -17 31 -9 28 -12 30 -8 33 -12 33 -2 29 -6 32 5 32 -20 34 -11 28 -10 32 4 31 -9 40 5 34 20 34 -10 35 -14 35 -15 36 3 0.266667 2 -27 21 23 71 
74 5 5 0 0.75 30 -14 36 8 38 -10 39 -8 31 -23 38 -9 39 -6 93 -18 92 -16 90 -16 93 14 76 17 48 17 -61 19 -39 -8 81 15 -63 -6 80 19 -38 19 -56 -4 77 -5 61 14 -36 14 -37 -3 75 18 -60 13 -72 18 -44 16 -47 16 26 16 -40 1 0.151899 3 16 36 14 34 14 37 2 0.195122 4 19 -42 15 -53 15 -51 14 -51 3 0.738854 29 -8 94 9 81 5 36 -41 29 -34 36 -42 28 -43 -14 -40 33 -5 -79 -43 73 21 -47 -37 77 -25 90 4 78 12 92 -10 16 14 33 22 4 29 -65 -43 12 9 -65 -3 12 -41 12 13 28 28 -18 -25 61 27 -26 -17 67 26 -71 4 0.195122 4 15 -44 17 -44 23 -44 7 -44 
75 5 2 0 0.984615 16 24 -27 18 -11 17 -47 17 -16 24 -46 24 16 18 -17 18 -40 17 -68 25 18 17 -16 24 -61 24 -28 17 -72 17 75 18 75 3 0.2 1 -17 12 
76 5 3 0 0.947368 9 25 90 24 69 24 82 24 69 25 66 25 72 25 49 24 48 25 47 2 0.285714 1 21 -35 3 0.285714 1 44 -11 
77 5 3 0 0.307692 1 25 -58 3 0.857143 6 42 72 42 -82 43 -62 42 -39 43 -6 44 39 4 0.631579 3 26 -4 22 5 22 38 
78 5 3 0 0.25 1 25 37 2 0.9 9 21 31 21 42 20 37 20 -41 20 21 21 13 21 14 20 -37 21 1 4 0.545455 3 22 15 23 29 23 -23 
79 5 2 0 0.246154 4 19 -42 22 -70 24 2 18 8 3 0.98 49 28 -61 33 -89 26 8 33 59 42 13 30 15 32 -19 32 55 38 -44 24 4 29 8 20 6 44 15 37 -75 24 -70 35 -40 42 -12 35 -41 35 -2 33 -15 35 -10 38 65 38 -14 30 -3 34 52 29 -47 23 -1 32 12 12 -52 22 -94 22 67 32 -47 35 5 28 1 43 19 22 52 18 -1 20 -86 39 -90 23 -52 27 20 30 14 26 15 32 -53 36 -53 39 -22 25 -50 40 -12 32 -82 
80 5 2 0 0.842105 4 18 -65 14 -86 19 37 23 34 3 0.75 3 30 -4 22 18 28 8 
81 5 3 0 0.888889 6 10 -23 21 -67 6 6 11 -41 13 -66 15 -61 1 0.533333 2 8 8 12 23 3 0.333333 1 26 -17 
82 5 2 0 0.4 2 -20 -62 -8 -61 3 0.96 12 -32 53 -26 30 -40 4 -41 60 -33 71 -34 -46 -37 -68 -35 -62 -38 0 -29 -50 -23 36 -34 -66 
83 5 2 0 0.903226 7 -19 -45 -17 -62 -21 -37 -14 34 -12 -54 -22 -60 -19 -47 3 0.631579 3 -34 -41 -18 0 -22 23 
84 5 2 0 0.181818 1 -16 48 3 0.986301 18 -35 -15 -35 -41 -40 -67 -14 36 -23 -16 -31 68 -20 -18 -20 38 -27 -3 -29 -2 -34 54 -35 -53 -12 47 -12 -27 -11 45 -10 30 29 -43 -6 61 
85 5 3 0 0.985507 102 -22 17 2 14 -12 47 -23 -41 -17 26 -17 25 -15 26 -20 -42 -23 -44 -16 24 -14 26 -14 19 -14 -5 -16 5 -23 -13 -24 -52 -24 -41 -16 31 -16 20 -24 -45 -8 18 -17 0 -18 -43 -9 6 -14 27 -10 22 -15 11 -16 8 -24 -32 -16 38 -10 15 -12 -15 -12 25 -11 8 -24 -7 -8 24 -17 -51 -13 10 -14 -13 -12 8 -15 5 -22 -64 -10 31 -16 -9 -17 -45 -16 -21 -18 -50 -10 2 -15 -6 -13 2 -11 37 -15 -21 -17 -18 -15 -60 -14 -58 -15 4 -10 -3 -14 36 -15 -1 -14 -31 -17 -30 -22 -58 -12 -2 -11 -9 -15 -38 -13 2 -14 -39 -22 -55 -12 -24 -9 -3 -11 -32 -15 -18 -16 -63 -16 42 -11 40 -11 -45 -13 -35 -9 -17 -9 -12 -9 -22 -8 -9 -9 -17 -10 -15 -12 -4 5 -35 -11 44 -9 -40 -14 -49 -16 47 -14 -24 13 -60 -9 -7 -8 -38 -15 46 -15 -68 5 14 -15 -59 -13 -67 14 -62 -8 -20 -12 -54 -14 -59 1 0.036036 1 -9 21 3 0.162602 5 -37 -40 -36 -25 -34 -11 -41 -59 -29 -3 
86 5 3 0 0.930233 10 5 -16 -3 -76 7 -65 -15 -59 1 -60 -16 -70 -2 -61 7 -64 11 -63 9 -66 1 0.25 1 -3 22 3 0.421053 2 18 -29 12 29 
87 5 2 0 0.190476 1 -14 -89 3 0.985507 17 6 -6 2 9 2 -4 5 -6 -1 -9 1 50 4 35 13 -5 15 6 12 42 5 -1 3 -52 6 -53 -4 2 13 -5 13 -23 12 10 
88 5 3 0 0.916996 58 13 -33 7 -29 6 -3 9 -68 11 6 5 -27 17 -29 8 -23 12 -72 11 -63 10 0 10 -3 12 -60 6 -5 2 -57 13 -75 9 -3 10 -49 10 -15 14 42 13 -59 7 -46 10 -46 9 -4 13 25 5 -14 17 26 11 -6 10 39 8 -56 17 2 9 -15 18 -41 9 11 7 -42 7 17 16 -1 6 -32 5 12 10 22 13 18 10 20 10 -8 -7 50 -20 -25 -9 50 -4 49 -17 -26 -7 48 5 -24 -4 47 -7 17 -15 -87 -24 -44 -24 -79 6 -73 3 45 -20 -11 1 0.392857 11 10 -10 10 -16 9 9 9 -23 6 31 6 33 11 -2 7 29 8 33 9 -18 9 -15 3 0.366972 10 9 58 19 29 10 26 28 -27 8 59 24 52 14 -18 -34 15 -31 -5 -39 -62 
89 5 3 0 0.333333 2 -22 -6 -24 -13 1 0.190476 1 -2 35 3 0.952381 15 -38 -44 -27 -30 -41 -89 -28 -41 -36 -29 -31 -24 -43 52 -19 9 -21 40 -41 58 -38 -83 -33 -12 -36 -76 -32 -14 -40 36 
90 5 3 0 0.416667 10 19 11 10 -17 9 -12 7 5 6 -75 16 -88 10 -34 9 3 11 29 9 44 1 0.925926 50 14 -25 14 2 14 -24 14 -16 14 -10 12 -25 12 17 13 -3 12 -8 13 1 12 18 11 -24 13 25 12 15 13 -13 14 -6 12 -20 11 15 11 16 12 10 11 28 11 -12 13 22 13 34 13 18 9 8 9 26 13 -6 11 3 13 1 13 22 10 17 10 -12 12 14 10 -16 9 -27 8 -29 9 -19 12 34 9 -16 9 -12 9 -6 9 9 9 33 9 -16 13 -31 10 27 9 -8 7 -31 10 5 3 0.285714 6 21 -37 14 -54 23 15 28 -17 22 -16 23 30 
91 5 3 0 0.784689 41 7 13 8 -20 7 -14 8 -6 5 -65 5 -77 12 -73 2 -13 0 74 1 -33 10 39 17 13 4 -6 4 -53 12 43 4 -78 10 42 1 -59 10 34 15 14 -23 -29 -13 45 -22 -24 -23 -36 -16 -37 -18 -72 -15 -28 -20 -30 -22 -41 -19 17 -20 -7 3 42 -24 -73 1 49 -2 19 -23 -37 -17 15 -7 16 -21 -80 -4 10 6 44 1 0.416 13 8 33 6 30 8 10 9 -1 9 29 9 -3 9 -7 9 34 8 -5 7 -4 -14 -24 -14 8 0 34 3 0.703297 32 -23 33 24 -62 -31 -75 23 -4 23 7 -22 -6 -36 13 -31 46 -38 1 -38 52 -28 -3 -36 -57 -24 -30 -32 9 -33 -35 -20 -2 -19 57 -23 -59 -29 -38 -42 34 -26 -5 -28 -52 -30 -50 -22 58 -29 -6 -36 10 -37 0 2 76 -42 -21 -39 4 -42 -67 10 55 
92 5 2 0 0.983452 104 -9 7 -22 -78 -18 -80 10 22 -10 -3 -21 -18 -22 -24 -14 -35 -10 -4 -6 3 -20 -31 -10 -12 -7 15 8 2 -7 -7 -15 -39 -12 1 -7 11 -18 -70 4 -84 -8 -14 -8 -19 -13 -75 -9 32 -11 -31 -12 -77 -14 -41 -8 -1 -5 -43 -8 -82 -11 -7 1 4 -13 -64 -6 4 -13 -26 -7 32 -6 31 -9 -19 -8 -43 -5 3 -1 -16 -12 -70 -9 -41 1 -33 -10 -71 -11 -69 2 -15 8 9 -4 5 -5 -3 -5 -73 -4 -41 0 16 -7 -29 -9 -48 -8 -23 -9 -29 -7 -86 -8 -48 6 -55 -1 -42 -2 34 0 -13 -6 -51 -4 -11 -5 -17 -5 -57 -5 -65 -3 -10 1 -3 -4 -29 -1 -7 4 -37 2 -7 -3 -51 -2 -32 0 -75 -2 -23 -1 -11 0 -6 6 -27 2 -25 -1 -16 0 -12 0 -16 1 -49 2 2 7 3 10 -22 4 11 2 -77 5 1 6 -82 2 -40 2 -70 7 -20 3 -7 12 -19 7 -1 8 -16 5 -71 13 -22 9 -18 4 -57 3 0.212121 7 6 1 19 -83 8 38 24 -25 12 40 13 -68 -23 22 
93 5 2 0 0.137931 1 21 -51 3 0.990099 25 25 -21 25 33 17 -79 19 -50 21 -59 19 -59 15 -77 26 -23 18 45 19 -83 25 -11 19 57 27 15 7 75 6 70 4 79 -22 27 -16 32 11 34 -19 36 22 -11 -20 35 3 81 18 38 11 32 
94 5 4 0 0.631579 3 12 -14 3 71 3 70 2 0.727273 4 16 -50 16 -52 -6 -50 -8 -51 3 0.307692 1 22 42 4 0.5 2 -17 -45 -4 -45 
95 5 2 2 0.986301 18 -6 -49 6 -48 13 -50 1 -51 16 -50 -12 -52 -2 -51 1 -51 4 -49 -13 -53 7 -50 0 -53 -4 -53 9 -53 6 -52 -15 -53 -1 -52 16 -52 4 0.181818 1 4 -45 
96 5 3 0 0.789474 15 -8 -52 -9 -41 4 -55 -14 -57 -6 -56 -11 -50 -8 -59 1 17 -9 -56 0 3 -9 -23 7 3 2 -49 4 -1 7 -15 1 0.581818 8 -11 33 -10 34 7 -10 -12 25 1 -31 -14 30 -14 17 4 -33 3 0.581818 8 0 -59 18 -42 -38 21 -1 -11 6 -44 0 -70 -30 13 8 -28 
97 5 3 0 0.967742 15 -1 17 -1 -33 -16 -21 7 19 4 -56 6 13 3 17 8 18 -16 -4 -10 7 -12 -23 -15 -5 -14 -6 -6 -1 -14 -11 1 0.2 1 -11 35 3 0.2 1 15 32 
98 5 2 0 0.761905 4 -4 -89 -18 -91 -21 -31 -3 -54 3 0.833333 5 11 -57 3 35 -3 15 8 -71 -20 -69 
99 5 2 0 0.190476 1 -18 11 3 0.985507 17 1 -4 12 -12 0 -37 -5 -26 -39 24 -22 -5 13 -29 11 -48 13 -10 15 -8 -12 -9 6 38 -11 -5 16 38 12 18 6 9 18 -28 
100 5 2 0 0.984615 16 10 -42 10 -36 5 -66 7 -49 6 23 6 11 6 -47 -9 33 11 27 -15 -33 -9 24 -7 13 -15 -45 5 -3 -5 10 -3 8 1 0.2 1 -10 30 
101 5 3 0 0.708861 14 -11 -48 -6 10 -6 -8 2 32 -4 -26 -6 -30 -1 7 -6 -65 -5 -9 -6 -44 -1 -11 4 -75 -8 -76 2 -75 1 0.628571 11 -9 32 -9 19 -7 7 -3 3 -5 28 0 7 -1 29 0 13 2 -4 0 -20 1 -19 3 0.657534 12 10 -60 16 5 6 -51 5 -45 22 9 13 -29 0 61 11 -48 -21 -96 -38 -92 -10 -96 -7 -96 
102 5 3 0 0.42328 40 -20 -89 -1 38 4 -73 1 -72 14 -89 1 36 6 -90 -3 41 6 39 2 -87 1 -60 -8 -80 -17 -77 -11 -73 -1 -61 0 27 0 -73 -7 -65 -5 -61 4 -71 2 -66 -9 -21 -10 -16 8 -73 4 -21 -11 -71 -10 -46 -8 29 -14 -76 5 34 3 -4 3 34 -11 -67 -3 2 12 -24 -15 -40 11 -24 -2 -30 -5 -44 -2 -31 1 0.929577 198 -14 -18 -5 -20 8 10 -14 27 -8 -27 8 -6 -14 28 -8 -35 -7 -4 -3 34 -6 -8 -3 33 -5 28 -13 -8 -3 29 -1 27 -7 32 6 -8 -1 31 -2 -27 -2 31 -3 33 -7 31 7 -11 -13 25 -9 31 -13 25 2 30 -5 26 6 1 -11 -34 -9 27 -14 26 8 15 -4 30 -12 31 1 32 2 0 -7 34 -8 34 -4 24 1 26 8 25 -1 26 -1 32 5 29 1 26 -9 28 7 9 5 31 -10 26 7 18 3 32 3 25 5 25 0 -31 3 26 -11 34 9 15 5 3 6 -7 6 18 8 24 -11 -27 -8 -22 -1 24 -8 -25 -1 17 4 -12 -12 -12 -5 -21 -12 -23 -2 -17 -1 -10 1 16 -6 -20 -12 24 -1 34 5 -24 -7 -22 -4 -19 -3 -25 3 11 -2 24 -11 -28 -9 -29 -3 -23 3 -26 -5 -13 -4 19 -12 -6 -9 -22 4 -22 -7 -18 -5 -10 -5 -19 -4 14 -1 -25 -4 -3 -7 -11 -14 -19 7 -25 -8 -27 -6 11 -6 -18 -7 -10 -10 -24 7 -17 5 -11 -10 20 0 21 6 -9 -13 17 -7 -3 3 -13 -4 2 -8 -32 -5 -13 -10 -1 -7 13 -2 -10 -5 -12 10 14 -5 22 -9 -21 -3 -34 -7 -8 -3 -4 3 0 -13 -13 0 -24 -2 -11 3 -11 -11 -7 -14 -11 -12 14 5 -15 -4 -5 3 -28 -3 -3 4 -12 -2 -8 0 -33 5 -5 8 -7 -10 -1 7 -24 -5 17 -4 -18 -12 12 -12 -3 -11 20 1 -6 -2 -17 -3 17 -10 3 6 -34 -2 4 -8 -3 7 -33 -8 19 -2 -1 -7 4 -6 -2 -13 14 6 -17 6 -31 2 -27 6 -32 -2 -2 -7 7 -3 -7 -7 7 7 -13 3 -20 -12 23 2 -30 2 -16 0 -8 -8 2 1 -16 8 4 6 7 -4 -9 2 -30 0 -25 -1 -14 -14 -29 -9 16 -10 16 6 -2 6 6 3 12 -10 -4 0 -10 -11 -11 -9 2 8 -7 3 0.251572 20 6 52 1 56 17 9 -14 -39 17 18 8 -87 14 -42 -42 -90 14 -29 14 21 17 -37 -5 -86 10 -70 -43 -66 16 -24 8 -46 1 -65 8 51 -25 -11 16 -78 
103 5 3 0 0.780877 49 3 0 10 32 -7 -35 10 -41 14 -18 -3 -40 -5 -39 -5 20 2 -3 -2 29 -4 20 -3 31 -11 21 -1 -39 -6 -39 -1 24 4 20 -2 -2 -11 25 3 -4 -5 22 -6 22 -8 -28 -7 -6 2 -26 -7 -24 2 2 -4 19 -1 -37 -6 -2 -10 -12 0 -6 -13 -48 -4 9 -3 -4 -5 10 -3 -31 6 32 17 2 -1 -42 15 -3 8 -43 -2 -48 -2 -20 0 -22 -11 -1 -3 -33 -2 -49 -10 -48 1 0.753138 45 7 -17 7 6 -8 2 3 -27 -3 -8 -6 -3 -11 12 2 12 -11 0 -8 -26 6 10 4 -15 3 -31 2 20 2 -26 -11 8 2 8 -10 1 -1 15 0 -14 -10 23 5 -27 -5 6 -2 -5 -12 0 -6 3 3 8 -9 23 4 8 -12 -26 0 13 0 17 0 12 -7 -27 -2 13 -5 8 5 22 9 -20 5 -28 1 20 5 7 7 3 2 10 3 4 -10 -22 3 0.298507 10 16 -26 -10 -68 9 52 -9 -51 -11 -42 -27 -34 -10 91 11 -44 -7 42 11 16 
104 5 2 0 0.928571 13 -12 75 1 41 -8 12 -2 66 2 20 8 16 -24 13 -19 14 -8 9 15 6 -18 11 -16 10 -11 9 3 0.551724 4 1 41 -38 66 -19 90 -29 1 
105 5 2 0 0.545455 12 -9 -80 -11 -25 -13 -64 -9 -30 -1 -29 -8 -4 -7 -35 -21 -33 -19 -20 -13 -6 -10 -2 -7 -14 3 0.930233 40 -32 17 -25 43 -2 2 15 -7 -10 -95 -32 -93 -26 47 -9 -94 -32 -51 -36 -23 -32 -47 -34 -37 -38 -54 -1 7 -33 -11 -13 -21 -11 20 -5 -23 -19 -34 -32 -63 -38 -25 -27 -39 -5 -25 -3 -89 -27 -34 -20 6 -42 -39 -22 -26 -33 -77 -11 44 -20 38 -13 -87 -31 40 -34 -36 -22 -57 2 -13 -20 -9 4 -10 -11 -85 -8 -29 
106 5 2 0 0.166667 2 -8 -14 -12 0 3 0.987654 40 -35 -37 -33 -20 -27 6 -12 8 -11 53 -39 20 -10 -48 -35 -1 -17 -43 -15 8 -24 -26 -30 18 -35 11 -3 -82 -10 20 -20 7 -32 -85 -27 -13 -24 -64 -24 8 2 -13 -28 -78 1 -9 -24 -28 -7 8 -20 -56 -21 -43 -22 -52 -20 -31 -14 -43 11 -52 -2 -60 -7 -2 -27 -44 -27 -36 -5 41 -6 39 -10 -62 -3 -13 -5 -28 
107 5 2 0 0.981132 13 -2 -9 -5 -72 -3 -88 -2 -54 5 3 -4 -59 6 9 1 -40 0 -20 1 -43 2 -73 3 -10 -11 43 3 0.235294 1 2 -26 
108 5 3 0 0.7 21 2 40 6 -72 -3 45 -11 40 6 -37 -9 35 5 -40 3 -37 -5 -66 -6 -67 -3 -75 0 -40 2 -8 -11 -61 -4 -69 0 -21 3 -56 2 -50 -9 -69 3 -77 8 0 1 0.428571 9 -11 -32 -6 18 -6 19 -8 28 -7 -33 -12 -29 -11 -30 -5 -28 -6 -27 3 0.782609 27 7 -69 -10 15 0 -89 1 -77 -9 -2 3 -50 -8 15 -11 -18 -9 43 0 -50 3 -8 1 -26 -28 -74 3 1 6 -86 2 29 -22 15 -36 18 -34 22 4 -51 2 -72 -27 20 -2 -34 -17 15 -3 71 -11 38 -2 40 
109 5 2 0 0.977778 11 -10 -71 1 -91 8 -90 0 -90 -21 -91 2 -91 3 -92 -12 -90 -5 -92 2 -92 -17 -90 3 0.266667 1 -42 -96 
110 5 4 0 0.129032 2 -24 -36 -24 -20 1 0.129032 2 6 39 6 39 2 0.0677966 1 -3 -35 3 0.976077 51 -26 76 -33 14 -21 24 3 68 -21 27 -9 58 -19 59 -42 -49 -6 -14 0 16 6 7 7 11 -10 -80 -3 2 -8 0 -3 43 -6 5 -12 -16 -6 -1 1 -5 -13 -66 5 45 -12 -99 1 54 -20 -43 -19 -39 -11 5 -11 10 -12 -73 -14 -88 -12 30 -16 -84 -4 -44 13 -26 -5 46 -14 -14 7 -79 -14 -25 -9 -34 7 -14 -17 -35 -4 28 -14 -43 -17 -29 12 -42 -9 -57 -17 -74 -18 -74 -7 -37 -20 -63 -18 -24 
111 5 2 1 0.995475 55 13 -13 14 -23 12 -19 10 24 12 9 9 24 14 -28 13 15 11 7 10 -1 11 -26 14 -17 9 -9 13 -2 9 28 11 -12 12 -15 11 1 11 -37 12 10 12 19 8 23 12 -36 14 -39 11 -10 12 5 10 -13 10 -14 11 21 12 -4 9 -30 12 -24 10 -38 12 -26 9 -30 8 -35 11 -10 9 -10 9 20 9 11 8 -33 10 -35 10 -33 8 -30 11 -27 10 11 8 10 12 -39 8 -14 7 -34 9 -21 9 -36 11 -39 7 -33 9 -38 3 0.0677966 1 20 -14 
112 5 4 0 0.545455 3 -7 66 -12 75 -23 74 1 0.25 1 -6 -32 3 0.864865 8 -18 -29 -37 -2 -20 19 -20 -17 -5 23 4 -1 -15 85 0 30 4 0.25 1 -25 5 
113 5 3 0 0.857143 3 -12 75 -21 -3 -22 -24 3 0.5 1 -4 84 4 0.5 1 4 -42 
114 5 3 0 0.1 1 3 64 1 0.186047 2 9 -17 -5 -33 3 0.978417 34 -8 -43 -20 -41 -17 -64 -10 46 -14 23 -17 -20 -10 -18 -11 -61 -13 -83 -13 -59 -13 -54 -8 43 -9 -5 -14 -93 -9 -2 -14 42 -4 27 -13 88 1 -23 -4 -61 -5 -42 -6 61 -2 45 1 26 -4 63 3 14 -39 -32 -41 -34 -38 6 -41 -7 -30 -99 -2 68 -40 -93 -6 -41 
115 5 2 3 0.148148 1 -39 -41 4 0.989247 23 -24 -23 -23 -16 -22 8 -20 13 -20 32 -19 29 -24 34 -1 -10 -2 -18 0 -12 -25 -2 -22 30 -24 34 -24 19 -24 28 -20 29 -19 34 -18 1 -19 -34 -25 12 -25 13 -23 26 -22 12 
116 5 2 0 0.972973 9 -23 -2 -11 65 -12 66 -3 66 -8 67 -12 69 -6 70 -15 70 -22 68 4 0.307692 1 -23 7 
117 5 3 0 0.869565 5 18 -28 18 -70 13 -37 14 6 9 -73 1 0.571429 2 14 -28 14 -25 3 0.363636 1 11 82 
118 5 2 1 0.957747 17 14 -11 14 12 13 15 14 -4 13 12 14 3 14 11 12 1 12 7 13 -30 12 -6 11 -32 13 -28 11 8 13 33 14 -14 11 8 3 0.413793 3 24 -88 17 51 23 44 
119 5 3 0 0.777778 7 -17 69 23 -76 -13 73 22 -65 25 -10 24 -77 23 5 1 0.222222 1 13 -30 3 0.777778 7 22 -59 27 19 33 44 31 -17 31 -24 27 -37 34 14 
120 5 3 0 0.984925 49 23 8 17 -8 16 -31 17 11 17 11 24 9 13 -31 23 -55 16 -7 12 -39 17 -8 22 -60 16 -4 12 -10 16 23 12 -43 8 -19 11 2 23 -12 11 -50 9 -13 9 -9 11 -59 14 -51 15 -67 22 -64 19 -10 -4 64 -6 72 8 -59 1 71 -13 67 17 -37 -10 68 -3 70 -4 71 24 -51 24 -52 -17 66 14 -15 -15 75 24 4 17 -10 13 -19 14 -26 11 -22 9 -20 22 -40 14 -67 1 0.0727273 1 14 12 3 0.137931 2 24 -7 -20 -64 
121 5 3 0 0.4 1 12 -51 1 0.4 1 13 -13 3 0.909091 5 13 -76 -32 -27 -30 17 13 -18 15 -22 
122 5 3 0 0.727273 6 -2 73 -5 71 -5 65 -1 67 -7 68 -11 73 1 0.222222 1 14 30 3 0.820513 8 19 25 -7 73 -16 38 18 30 17 3 17 4 25 31 17 1 
123 5 2 1 0.973913 28 17 -24 17 -20 17 -30 17 8 17 2 17 13 17 15 17 -3 15 -28 17 13 16 -27 15 4 16 3 15 8 16 8 16 4 16 1 15 -15 16 19 17 -22 16 -28 15 -22 13 -14 15 18 17 15 14 9 16 -24 16 -11 3 0.3 3 8 -1 11 -34 12 2 
124 5 2 1 0.5 1 16 -13 3 0.941176 4 10 18 3 19 7 66 -33 67 
125 5 2 1 0.142857 1 8 -36 3 0.989691 24 12 -41 10 -27 7 -25 -21 -91 17 19 -8 77 2 -78 4 -43 -23 21 -22 41 -11 -2 -19 -26 -9 -13 -27 -26 -27 -48 -43 14 -41 33 -28 5 -27 5 -13 -31 -14 -30 -5 -37 -37 69 -16 24 
126 5 2 1 0.97561 10 12 -35 17 31 16 29 16 33 12 27 15 6 12 29 12 33 12 -12 11 36 3 0.285714 1 10 -63 
127 5 3 0 0.740741 5 14 -72 18 -86 12 -76 24 -88 6 67 1 0.266667 1 14 -35 3 0.8 6 -1 23 -18 -54 12 -38 24 -97 18 -4 18 -23 
128 5 2 1 0.997531 101 11 39 14 -1 13 -17 13 -34 13 -1 14 1 14 -34 13 -33 16 14 11 37 13 0 13 -39 12 -2 12 -2 12 30 15 26 13 21 13 -36 16 9 12 1 13 38 7 34 12 -31 9 26 13 20 9 38 14 15 12 -26 -15 -20 -15 0 -15 -24 10 -15 -15 -13 -15 -31 -15 -14 -16 8 -16 -12 13 -2 -14 -32 12 -30 -12 14 12 -5 -14 -18 -15 22 -14 20 -15 31 -15 -25 -14 7 -16 -26 -12 31 -16 13 -14 -29 -16 0 -15 21 -16 -11 12 -26 -15 8 -14 8 -16 -3 -14 -28 -14 17 -14 25 -16 -8 -15 -12 -16 -1 -14 -28 -11 13 -12 23 -15 26 -15 28 -15 17 -16 12 -13 -1 -13 22 -13 -13 -13 3 -13 11 -16 -12 -13 14 -14 -11 -12 14 -14 28 12 -30 14 1 12 -14 13 -33 -15 36 12 -4 -15 39 -15 38 7 35 11 4 12 -5 12 3 14 24 13 -32 11 -33 11 -32 9 33 10 -12 8 24 3 0.0380952 1 -20 -8 
129 5 2 1 0.909091 5 -15 -39 -14 -9 -14 -6 -14 -1 -14 39 3 0.615385 2 -19 74 -30 -49 
130 5 2 1 0.0869565 1 9 -13 3 0.994083 42 -17 -85 -16 30 -26 22 -16 -9 -31 54 -4 12 -35 62 -21 55 -25 74 -34 46 -3 -5 -34 37 -25 57 -38 -35 -12 -33 -2 11 -22 2 -11 -35 -34 -32 -10 -24 -23 -51 -27 -14 -19 46 -18 17 -21 -93 -16 57 -23 -13 -19 15 -18 41 -17 2 -15 58 -18 23 -21 -58 -14 70 -3 -89 -17 9 -14 43 -17 -65 -14 -15 1 -93 -25 -44 9 -98 
131 5 3 1 0.984424 395 -14 0 -16 8 -12 -24 -10 26 -13 -21 -12 28 -14 -8 -10 29 -12 -8 -11 26 9 24 -16 -30 -9 24 -11 28 -11 -9 -10 19 -12 5 -14 -31 -10 27 -10 -8 -11 1 -12 -1 -12 -12 2 -13 -11 17 -15 -36 -10 -7 7 29 -6 38 1 -9 -15 10 -13 31 -11 -21 -16 -9 -9 -14 -8 26 8 33 -10 -9 1 -36 -9 13 3 -33 4 20 -8 12 -11 -12 -11 31 -7 -2 1 -18 6 23 5 -32 -10 30 -8 5 -13 35 -14 -3 0 -16 5 -17 3 -18 -14 -31 -3 3 -9 9 -8 32 4 -20 -11 -29 -8 15 -2 2 -14 35 2 16 0 -31 -1 32 3 24 -14 -20 3 -14 12 -9 -7 22 8 33 0 6 7 -27 -9 -10 -9 2 5 27 -12 5 -13 6 5 0 -9 5 8 18 -2 5 3 20 -9 -9 6 11 -5 4 4 20 -10 28 -7 -8 5 -30 -4 19 6 21 -11 -24 -3 31 -8 11 -6 33 -12 21 -6 3 2 34 7 12 4 -31 -1 -4 5 15 -10 26 -3 35 -4 33 -2 22 -6 7 4 -16 -9 25 7 -19 0 17 6 31 6 15 2 -10 -4 8 -14 -8 0 32 -6 -7 -6 -12 -8 21 0 20 2 31 6 30 -7 -24 0 -23 1 35 4 -35 -5 23 -5 27 -10 39 -9 -19 6 -21 3 16 -2 -14 0 -1 0 -6 -9 7 0 -4 -7 -21 7 24 8 -30 0 -18 -4 -7 6 -4 -6 -9 3 -2 4 -3 1 17 -10 -19 -1 -16 -6 15 -3 5 7 -11 -3 13 -3 14 -4 24 -10 -9 4 -21 -8 -21 -8 17 -12 -3 -10 -23 -7 -2 -6 -21 5 24 -9 12 1 -34 7 -25 -2 12 3 -17 -5 4 -3 11 -4 18 -2 2 3 31 7 26 -3 27 -8 -18 -11 34 1 12 3 30 -3 32 5 10 5 -10 -8 6 -10 27 1 24 4 -25 -3 -25 -6 18 -10 37 -5 -4 -5 25 7 0 1 27 -8 -3 -2 -16 4 3 -10 32 -2 21 3 -33 -1 -11 -5 26 -7 -4 -1 -11 -6 21 9 -20 4 31 -3 23 -7 33 -4 -21 -3 -4 6 -11 4 21 -1 25 -8 -21 -8 -29 -4 -26 3 -1 -6 -10 2 -4 -3 31 -2 24 -6 9 -12 -25 2 7 -5 -7 1 29 -4 -6 -3 21 5 -26 2 -26 3 27 1 -22 2 -9 8 11 -11 15 -3 23 4 -39 -1 -22 3 -29 6 -13 -1 -23 -6 5 -5 -5 -5 -19 3 -18 -6 -7 -11 2 3 9 -9 -3 8 21 -5 -26 1 -35 6 25 4 22 7 -14 -3 5 0 -28 4 -23 2 -3 8 -24 -8 -1 -7 -6 -7 -2 1 -36 -5 33 10 -4 7 -15 4 -22 4 0 -2 -4 7 -6 8 -15 1 -24 2 31 6 -26 9 18 9 -10 -1 -28 -4 13 -4 -12 5 17 4 -1 -10 12 -1 -25 7 28 1 0 -1 -12 -1 -3 7 19 4 3 -10 -13 -3 -28 7 -12 4 23 6 -32 -1 28 -4 -38 2 11 9 18 -7 -30 -4 -33 -10 -8 5 4 -2 -5 4 -36 1 -34 -8 -3 -10 -15 2 2 -5 -2 -1 24 -3 -1 -6 -12 -6 -22 -4 14 -5 -7 -3 21 -9 -24 6 -30 -4 -2 5 -34 5 -39 0 13 -4 -7 5 -17 5 -31 -6 29 -5 0 3 4 -2 -30 -1 14 3 15 -5 23 -3 -24 -9 -14 -5 -14 -5 11 -10 -17 0 -38 6 -16 0 24 -3 -18 -6 31 -4 25 -5 -20 9 14 8 -8 -9 -35 6 37 -4 -18 7 28 -8 -15 2 -36 -6 35 -1 -20 1 14 2 8 -2 24 -5 -19 -3 39 -2 9 -2 23 -5 -15 -1 -35 -5 -21 -1 -32 -2 16 -13 -30 -1 -37 -13 -34 -9 -26 -4 -27 -2 -32 -6 -38 -2 -35 -13 -39 -2 -31 -11 -33 -3 -36 -5 -30 -12 -28 -7 -31 -7 -28 -10 -32 -5 -29 -10 -35 -11 -33 -5 -33 -6 -31 3 0.195122 24 -27 -86 -31 62 -37 66 -16 -83 -4 -13 -20 56 -4 -27 -32 -78 -25 -31 -30 -76 -17 56 -29 31 -18 68 -7 -73 -26 44 5 -24 -5 5 -8 46 -11 76 9 -24 5 -25 26 -40 12 -29 13 -24 4 0.00945626 1 25 -42 
132 5 2 0 0.888889 2 5 50 -22 60 3 0.666667 1 6 -68 
133 5 2 1 0.142857 1 -6 -38 3 0.989691 24 -39 -89 -42 -8 6 -66 -2 -64 -42 21 -40 42 -44 12 -43 53 -42 -43 -37 -16 -41 39 -42 0 -43 36 -42 -6 -33 -18 -41 28 -43 -22 -41 -24 -36 -57 -40 -56 -27 -5 -41 35 -39 -29 26 -20 
134 5 2 0 0.972973 9 -6 53 -12 65 -11 62 1 58 -5 63 -15 62 -11 60 0 58 -7 59 3 0.307692 1 12 -59 
