10 136 0
0 0 -1 20 2 17 0 44 31 1 11 32 -1054 
1 1 -1 10 3 4 0 37 10 7 2 32 -1205 
2 1 -1 10 1 2 7 25 9 2 11 32 -125 
3 2 -1 13 9 19 7 45 44 2 1 32 3958 
4 2 -1 11 22 3 8 20 33 14 8 32 -8686 
5 2 -1 19 9 1 13 43 24 3 7 32 -535 
6 2 -1 16 14 0 0 44 42 0 0 11 -98 
7 3 -1 4 16 0 16 31 35 11 8 32 -8375 
8 3 5 0 0 0 0 0 0 0 0 0 0 
9 3 -1 2 5 2 0 44 7 3 8 32 -3069 
10 3 -1 8 24 0 0 28 28 0 0 17 11 
11 3 -1 20 10 21 13 42 27 4 7 32 11385 
12 3 -1 17 14 20 13 42 34 1 2 32 7111 
13 3 -1 39 14 0 0 16 24 0 0 3 -33 
14 3 -1 38 13 0 0 29 45 0 0 16 -10 
15 4 0 0 0 0 0 0 0 0 0 0 0 
16 4 -1 7 7 17 22 46 30 1 7 32 -1444 
17 4 0 0 0 0 0 0 0 0 0 0 0 
18 4 0 0 0 0 0 0 0 0 0 0 0 
19 4 -1 13 11 19 18 37 37 4 9 32 27598 
20 4 -1 5 20 19 13 39 39 5 5 32 21347 
21 4 -1 7 8 7 13 15 41 28 6 32 1305 
22 4 -1 15 7 6 2 45 42 2 3 32 -449 
23 4 -1 2 11 20 22 40 33 2 7 32 15978 
24 4 -1 22 18 20 0 46 36 1 8 32 -12 
25 4 -1 10 18 22 14 44 44 1 1 32 3157 
26 4 -1 2 13 4 12 21 45 15 1 32 737 
27 4 101 0 0 0 0 0 0 0 0 0 0 
28 4 -1 2 32 0 0 41 43 0 0 4 -40 
29 4 -1 5 16 17 7 33 34 3 6 32 -128 
30 4 -1 11 17 20 4 31 33 5 13 32 -61 
31 5 0 0 0 0 0 0 0 0 0 0 0 
32 5 0 0 0 0 0 0 0 0 0 0 0 
33 5 1 0 0 0 0 0 0 0 0 0 0 
34 5 -1 29 16 0 0 32 17 0 0 11 -33 
35 5 0 0 0 0 0 0 0 0 0 0 0 
36 5 0 0 0 0 0 0 0 0 0 0 0 
37 5 0 0 0 0 0 0 0 0 0 0 0 
38 5 0 0 0 0 0 0 0 0 0 0 0 
39 5 -1 31 11 0 0 37 45 0 0 10 85 
40 5 13 0 0 0 0 0 0 0 0 0 0 
41 5 -1 19 12 22 0 44 40 1 5 32 -892 
42 5 -1 21 18 22 15 43 37 1 7 32 31790 
43 5 -1 7 7 12 9 25 26 11 14 32 -6027 
44 5 -1 26 43 0 0 22 17 0 0 18 14 
45 5 -1 19 24 0 0 45 38 0 0 1 -3 
46 5 -1 6 9 3 15 31 35 2 3 32 4972 
47 5 -1 46 46 0 0 32 41 0 0 3 -43 
48 5 58 0 0 0 0 0 0 0 0 0 0 
49 5 -1 19 12 22 12 43 39 4 6 32 18414 
50 5 -1 19 3 22 3 45 25 1 14 32 6457 
51 5 -1 9 5 3 5 16 23 27 3 32 -127 
52 5 -1 0 11 14 0 33 42 13 1 32 -325 
53 5 -1 16 22 6 0 33 22 10 14 32 -4113 
54 5 -1 17 19 3 4 42 27 5 16 32 -3247 
55 5 0 0 0 0 0 0 0 0 0 0 0 
56 5 0 0 0 0 0 0 0 0 0 0 0 
57 5 102 0 0 0 0 0 0 0 0 0 0 
58 5 103 0 0 0 0 0 0 0 0 0 0 
59 5 -1 26 13 0 0 14 25 0 0 13 -34 
60 5 -1 24 13 0 0 24 40 0 0 12 -79 
61 5 -1 19 5 0 0 37 10 0 0 14 63 
62 5 -1 7 19 9 2 33 34 11 11 32 -1890 
63 6 0 0 0 0 0 0 0 0 0 0 0 
64 6 0 0 0 0 0 0 0 0 0 0 0 
65 6 0 0 0 0 0 0 0 0 0 0 0 
66 6 0 0 0 0 0 0 0 0 0 0 0 
67 6 0 0 0 0 0 0 0 0 0 0 0 
68 6 0 0 0 0 0 0 0 0 0 0 0 
69 6 2 0 0 0 0 0 0 0 0 0 0 
70 6 -1 44 30 0 0 18 19 0 0 19 1 
71 6 0 0 0 0 0 0 0 0 0 0 0 
72 6 0 0 0 0 0 0 0 0 0 0 0 
73 6 0 0 0 0 0 0 0 0 0 0 0 
74 6 0 0 0 0 0 0 0 0 0 0 0 
75 6 0 0 0 0 0 0 0 0 0 0 0 
76 6 0 0 0 0 0 0 0 0 0 0 0 
77 6 0 0 0 0 0 0 0 0 0 0 0 
78 6 0 0 0 0 0 0 0 0 0 0 0 
79 6 -1 7 12 0 0 22 42 0 0 16 73 
80 6 12 0 0 0 0 0 0 0 0 0 0 
81 6 0 0 0 0 0 0 0 0 0 0 0 
82 6 0 0 0 0 0 0 0 0 0 0 0 
83 6 -1 39 37 0 0 21 16 0 0 0 -72 
84 6 -1 17 6 0 11 40 33 3 9 32 -3238 
85 6 -1 5 31 0 0 20 44 0 0 5 12 
86 6 29 0 0 0 0 0 0 0 0 0 0 
87 6 -1 22 7 16 14 40 40 6 3 32 17758 
88 6 -1 32 8 0 0 2 44 0 0 17 9 
89 6 -1 2 11 0 5 18 43 2 4 32 -78 
90 6 45 0 0 0 0 0 0 0 0 0 0 
91 6 -1 3 23 0 0 32 41 0 0 2 -7 
92 6 48 0 0 0 0 0 0 0 0 0 0 
93 6 49 0 0 0 0 0 0 0 0 0 0 
94 6 50 0 0 0 0 0 0 0 0 0 0 
95 6 51 0 0 0 0 0 0 0 0 0 0 
96 6 -1 9 7 0 0 19 16 0 0 17 21 
97 6 0 0 0 0 0 0 0 0 0 0 0 
98 6 0 0 0 0 0 0 0 0 0 0 0 
99 6 -1 11 45 0 0 25 46 0 0 11 1 
100 6 61 0 0 0 0 0 0 0 0 0 0 
101 6 -1 5 21 1 18 46 44 1 1 32 34 
102 6 64 0 0 0 0 0 0 0 0 0 0 
103 6 -1 39 46 0 0 30 41 0 0 12 -7 
104 6 68 0 0 0 0 0 0 0 0 0 0 
105 6 -1 13 15 15 8 35 35 5 6 32 1355 
106 6 74 0 0 0 0 0 0 0 0 0 0 
107 6 -1 14 21 16 6 31 36 12 1 32 3605 
108 6 -1 11 11 10 9 36 26 7 19 32 -540 
109 6 -1 0 14 16 18 26 34 2 12 32 9363 
110 6 -1 21 4 21 18 44 46 3 1 32 12094 
111 6 0 0 0 0 0 0 0 0 0 0 0 
112 6 0 0 0 0 0 0 0 0 0 0 0 
113 6 0 0 0 0 0 0 0 0 0 0 0 
114 6 0 0 0 0 0 0 0 0 0 0 0 
115 6 0 0 0 0 0 0 0 0 0 0 0 
116 6 0 0 0 0 0 0 0 0 0 0 0 
117 6 0 0 0 0 0 0 0 0 0 0 0 
118 6 0 0 0 0 0 0 0 0 0 0 0 
119 6 104 0 0 0 0 0 0 0 0 0 0 
120 6 -1 4 6 0 0 22 14 0 0 0 -4 
121 6 107 0 0 0 0 0 0 0 0 0 0 
122 6 -1 34 26 0 0 19 38 0 0 18 -11 
123 6 -1 4 0 17 13 34 45 1 2 32 328 
124 6 121 0 0 0 0 0 0 0 0 0 0 
125 6 122 0 0 0 0 0 0 0 0 0 0 
126 6 -1 40 32 0 0 13 40 0 0 16 -31 
127 7 0 0 0 0 0 0 0 0 0 0 0 
128 7 0 0 0 0 0 0 0 0 0 0 0 
129 7 0 0 0 0 0 0 0 0 0 0 0 
130 7 0 0 0 0 0 0 0 0 0 0 0 
131 7 0 0 0 0 0 0 0 0 0 0 0 
132 7 0 0 0 0 0 0 0 0 0 0 0 
133 7 0 0 0 0 0 0 0 0 0 0 0 
134 7 0 0 0 0 0 0 0 0 0 0 0 
135 7 0 0 0 0 0 0 0 0 0 0 0 
136 7 0 0 0 0 0 0 0 0 0 0 0 
137 7 0 0 0 0 0 0 0 0 0 0 0 
138 7 0 0 0 0 0 0 0 0 0 0 0 
139 7 0 0 0 0 0 0 0 0 0 0 0 
140 7 0 0 0 0 0 0 0 0 0 0 0 
141 7 3 0 0 0 0 0 0 0 0 0 0 
142 7 4 0 0 0 0 0 0 0 0 0 0 
143 7 0 0 0 0 0 0 0 0 0 0 0 
144 7 0 0 0 0 0 0 0 0 0 0 0 
145 7 0 0 0 0 0 0 0 0 0 0 0 
146 7 0 0 0 0 0 0 0 0 0 0 0 
147 7 0 0 0 0 0 0 0 0 0 0 0 
148 7 0 0 0 0 0 0 0 0 0 0 0 
149 7 0 0 0 0 0 0 0 0 0 0 0 
150 7 0 0 0 0 0 0 0 0 0 0 0 
151 7 0 0 0 0 0 0 0 0 0 0 0 
152 7 0 0 0 0 0 0 0 0 0 0 0 
153 7 0 0 0 0 0 0 0 0 0 0 0 
154 7 0 0 0 0 0 0 0 0 0 0 0 
155 7 0 0 0 0 0 0 0 0 0 0 0 
156 7 0 0 0 0 0 0 0 0 0 0 0 
157 7 0 0 0 0 0 0 0 0 0 0 0 
158 7 0 0 0 0 0 0 0 0 0 0 0 
159 7 -1 37 35 0 0 10 37 0 0 0 13 
160 7 11 0 0 0 0 0 0 0 0 0 0 
161 7 0 0 0 0 0 0 0 0 0 0 0 
162 7 0 0 0 0 0 0 0 0 0 0 0 
163 7 0 0 0 0 0 0 0 0 0 0 0 
164 7 0 0 0 0 0 0 0 0 0 0 0 
165 7 0 0 0 0 0 0 0 0 0 0 0 
166 7 0 0 0 0 0 0 0 0 0 0 0 
167 7 14 0 0 0 0 0 0 0 0 0 0 
168 7 -1 1 2 20 0 34 39 11 8 32 -9408 
169 7 -1 19 8 0 0 0 29 0 0 16 -29 
170 7 -1 9 2 0 0 18 13 0 0 15 70 
171 7 -1 8 21 22 7 38 33 4 6 32 12858 
172 7 -1 7 29 0 0 34 42 0 0 3 15 
173 7 0 0 0 0 0 0 0 0 0 0 0 
174 7 0 0 0 0 0 0 0 0 0 0 0 
175 7 -1 26 24 0 0 40 32 0 0 4 13 
176 7 -1 37 30 0 0 13 42 0 0 15 -128 
177 7 -1 28 15 0 0 2 39 0 0 17 4 
178 7 42 0 0 0 0 0 0 0 0 0 0 
179 7 43 0 0 0 0 0 0 0 0 0 0 
180 7 44 0 0 0 0 0 0 0 0 0 0 
181 7 0 0 0 0 0 0 0 0 0 0 0 
182 7 0 0 0 0 0 0 0 0 0 0 0 
183 7 46 0 0 0 0 0 0 0 0 0 0 
184 7 47 0 0 0 0 0 0 0 0 0 0 
185 7 0 0 0 0 0 0 0 0 0 0 0 
186 7 0 0 0 0 0 0 0 0 0 0 0 
187 7 0 0 0 0 0 0 0 0 0 0 0 
188 7 0 0 0 0 0 0 0 0 0 0 0 
189 7 0 0 0 0 0 0 0 0 0 0 0 
190 7 0 0 0 0 0 0 0 0 0 0 0 
191 7 0 0 0 0 0 0 0 0 0 0 0 
192 7 0 0 0 0 0 0 0 0 0 0 0 
193 7 -1 3 26 0 0 42 10 0 0 5 18 
194 7 57 0 0 0 0 0 0 0 0 0 0 
195 7 0 0 0 0 0 0 0 0 0 0 0 
196 7 0 0 0 0 0 0 0 0 0 0 0 
197 7 0 0 0 0 0 0 0 0 0 0 0 
198 7 0 0 0 0 0 0 0 0 0 0 0 
199 7 59 0 0 0 0 0 0 0 0 0 0 
200 7 60 0 0 0 0 0 0 0 0 0 0 
201 7 0 0 0 0 0 0 0 0 0 0 0 
202 7 0 0 0 0 0 0 0 0 0 0 0 
203 7 62 0 0 0 0 0 0 0 0 0 0 
204 7 63 0 0 0 0 0 0 0 0 0 0 
205 7 0 0 0 0 0 0 0 0 0 0 0 
206 7 0 0 0 0 0 0 0 0 0 0 0 
207 7 65 0 0 0 0 0 0 0 0 0 0 
208 7 -1 20 4 9 1 35 7 10 14 32 -4601 
209 7 0 0 0 0 0 0 0 0 0 0 0 
210 7 0 0 0 0 0 0 0 0 0 0 0 
211 7 -1 20 14 3 5 42 43 4 3 32 -357 
212 7 -1 13 5 0 0 47 25 0 0 10 22 
213 7 0 0 0 0 0 0 0 0 0 0 0 
214 7 0 0 0 0 0 0 0 0 0 0 0 
215 7 -1 26 10 0 0 0 13 0 0 17 -12 
216 7 -1 16 3 0 0 0 11 0 0 1 5 
217 7 84 0 0 0 0 0 0 0 0 0 0 
218 7 85 0 0 0 0 0 0 0 0 0 0 
219 7 -1 0 22 16 7 19 34 13 7 32 823 
220 7 88 0 0 0 0 0 0 0 0 0 0 
221 7 -1 4 12 9 12 31 46 4 1 32 3440 
222 7 -1 22 6 12 11 37 33 7 9 32 3365 
223 7 0 0 0 0 0 0 0 0 0 0 0 
224 7 0 0 0 0 0 0 0 0 0 0 0 
225 7 0 0 0 0 0 0 0 0 0 0 0 
226 7 0 0 0 0 0 0 0 0 0 0 0 
227 7 0 0 0 0 0 0 0 0 0 0 0 
228 7 0 0 0 0 0 0 0 0 0 0 0 
229 7 0 0 0 0 0 0 0 0 0 0 0 
230 7 0 0 0 0 0 0 0 0 0 0 0 
231 7 0 0 0 0 0 0 0 0 0 0 0 
232 7 0 0 0 0 0 0 0 0 0 0 0 
233 7 0 0 0 0 0 0 0 0 0 0 0 
234 7 0 0 0 0 0 0 0 0 0 0 0 
235 7 0 0 0 0 0 0 0 0 0 0 0 
236 7 0 0 0 0 0 0 0 0 0 0 0 
237 7 0 0 0 0 0 0 0 0 0 0 0 
238 7 0 0 0 0 0 0 0 0 0 0 0 
239 7 0 0 0 0 0 0 0 0 0 0 0 
240 7 0 0 0 0 0 0 0 0 0 0 0 
241 7 105 0 0 0 0 0 0 0 0 0 0 
242 7 106 0 0 0 0 0 0 0 0 0 0 
243 7 0 0 0 0 0 0 0 0 0 0 0 
244 7 0 0 0 0 0 0 0 0 0 0 0 
245 7 -1 16 29 0 0 4 14 0 0 3 1 
246 7 112 0 0 0 0 0 0 0 0 0 0 
247 7 -1 17 21 14 5 34 42 9 5 32 -1671 
248 7 120 0 0 0 0 0 0 0 0 0 0 
249 7 0 0 0 0 0 0 0 0 0 0 0 
250 7 0 0 0 0 0 0 0 0 0 0 0 
251 7 0 0 0 0 0 0 0 0 0 0 0 
252 7 0 0 0 0 0 0 0 0 0 0 0 
253 7 -1 38 25 0 0 10 40 0 0 0 -45 
254 7 -1 43 44 0 0 11 9 0 0 0 2 
255 8 0 0 0 0 0 0 0 0 0 0 0 
256 8 0 0 0 0 0 0 0 0 0 0 0 
257 8 0 0 0 0 0 0 0 0 0 0 0 
258 8 0 0 0 0 0 0 0 0 0 0 0 
259 8 0 0 0 0 0 0 0 0 0 0 0 
260 8 0 0 0 0 0 0 0 0 0 0 0 
261 8 0 0 0 0 0 0 0 0 0 0 0 
262 8 0 0 0 0 0 0 0 0 0 0 0 
263 8 0 0 0 0 0 0 0 0 0 0 0 
264 8 0 0 0 0 0 0 0 0 0 0 0 
265 8 0 0 0 0 0 0 0 0 0 0 0 
266 8 0 0 0 0 0 0 0 0 0 0 0 
267 8 0 0 0 0 0 0 0 0 0 0 0 
268 8 0 0 0 0 0 0 0 0 0 0 0 
269 8 0 0 0 0 0 0 0 0 0 0 0 
270 8 0 0 0 0 0 0 0 0 0 0 0 
271 8 0 0 0 0 0 0 0 0 0 0 0 
272 8 0 0 0 0 0 0 0 0 0 0 0 
273 8 0 0 0 0 0 0 0 0 0 0 0 
274 8 0 0 0 0 0 0 0 0 0 0 0 
275 8 0 0 0 0 0 0 0 0 0 0 0 
276 8 0 0 0 0 0 0 0 0 0 0 0 
277 8 0 0 0 0 0 0 0 0 0 0 0 
278 8 0 0 0 0 0 0 0 0 0 0 0 
279 8 0 0 0 0 0 0 0 0 0 0 0 
280 8 0 0 0 0 0 0 0 0 0 0 0 
281 8 0 0 0 0 0 0 0 0 0 0 0 
282 8 0 0 0 0 0 0 0 0 0 0 0 
283 8 0 0 0 0 0 0 0 0 0 0 0 
284 8 0 0 0 0 0 0 0 0 0 0 0 
285 8 0 0 0 0 0 0 0 0 0 0 0 
286 8 0 0 0 0 0 0 0 0 0 0 0 
287 8 0 0 0 0 0 0 0 0 0 0 0 
288 8 0 0 0 0 0 0 0 0 0 0 0 
289 8 0 0 0 0 0 0 0 0 0 0 0 
290 8 0 0 0 0 0 0 0 0 0 0 0 
291 8 0 0 0 0 0 0 0 0 0 0 0 
292 8 0 0 0 0 0 0 0 0 0 0 0 
293 8 0 0 0 0 0 0 0 0 0 0 0 
294 8 0 0 0 0 0 0 0 0 0 0 0 
295 8 0 0 0 0 0 0 0 0 0 0 0 
296 8 0 0 0 0 0 0 0 0 0 0 0 
297 8 0 0 0 0 0 0 0 0 0 0 0 
298 8 0 0 0 0 0 0 0 0 0 0 0 
299 8 0 0 0 0 0 0 0 0 0 0 0 
300 8 0 0 0 0 0 0 0 0 0 0 0 
301 8 0 0 0 0 0 0 0 0 0 0 0 
302 8 0 0 0 0 0 0 0 0 0 0 0 
303 8 0 0 0 0 0 0 0 0 0 0 0 
304 8 0 0 0 0 0 0 0 0 0 0 0 
305 8 0 0 0 0 0 0 0 0 0 0 0 
306 8 0 0 0 0 0 0 0 0 0 0 0 
307 8 0 0 0 0 0 0 0 0 0 0 0 
308 8 0 0 0 0 0 0 0 0 0 0 0 
309 8 0 0 0 0 0 0 0 0 0 0 0 
310 8 0 0 0 0 0 0 0 0 0 0 0 
311 8 0 0 0 0 0 0 0 0 0 0 0 
312 8 0 0 0 0 0 0 0 0 0 0 0 
313 8 0 0 0 0 0 0 0 0 0 0 0 
314 8 0 0 0 0 0 0 0 0 0 0 0 
315 8 0 0 0 0 0 0 0 0 0 0 0 
316 8 0 0 0 0 0 0 0 0 0 0 0 
317 8 0 0 0 0 0 0 0 0 0 0 0 
318 8 0 0 0 0 0 0 0 0 0 0 0 
319 8 -1 29 25 0 0 17 36 0 0 16 10 
320 8 10 0 0 0 0 0 0 0 0 0 0 
321 8 0 0 0 0 0 0 0 0 0 0 0 
322 8 0 0 0 0 0 0 0 0 0 0 0 
323 8 0 0 0 0 0 0 0 0 0 0 0 
324 8 0 0 0 0 0 0 0 0 0 0 0 
325 8 0 0 0 0 0 0 0 0 0 0 0 
326 8 0 0 0 0 0 0 0 0 0 0 0 
327 8 0 0 0 0 0 0 0 0 0 0 0 
328 8 0 0 0 0 0 0 0 0 0 0 0 
329 8 0 0 0 0 0 0 0 0 0 0 0 
330 8 0 0 0 0 0 0 0 0 0 0 0 
331 8 0 0 0 0 0 0 0 0 0 0 0 
332 8 0 0 0 0 0 0 0 0 0 0 0 
333 8 0 0 0 0 0 0 0 0 0 0 0 
334 8 0 0 0 0 0 0 0 0 0 0 0 
335 8 0 0 0 0 0 0 0 0 0 0 0 
336 8 0 0 0 0 0 0 0 0 0 0 0 
337 8 -1 43 35 0 0 19 33 0 0 1 3 
338 8 -1 16 0 1 4 35 15 9 7 32 -3208 
339 8 20 0 0 0 0 0 0 0 0 0 0 
340 8 21 0 0 0 0 0 0 0 0 0 0 
341 8 -1 4 41 0 0 0 47 0 0 20 1 
342 8 24 0 0 0 0 0 0 0 0 0 0 
343 8 25 0 0 0 0 0 0 0 0 0 0 
344 8 26 0 0 0 0 0 0 0 0 0 0 
345 8 27 0 0 0 0 0 0 0 0 0 0 
346 8 28 0 0 0 0 0 0 0 0 0 0 
347 8 0 0 0 0 0 0 0 0 0 0 0 
348 8 0 0 0 0 0 0 0 0 0 0 0 
349 8 0 0 0 0 0 0 0 0 0 0 0 
350 8 0 0 0 0 0 0 0 0 0 0 0 
351 8 -1 15 19 0 0 16 14 0 0 9 -13 
352 8 33 0 0 0 0 0 0 0 0 0 0 
353 8 34 0 0 0 0 0 0 0 0 0 0 
354 8 35 0 0 0 0 0 0 0 0 0 0 
355 8 -1 10 20 12 22 39 44 8 2 32 -1098 
356 8 -1 32 26 0 0 1 7 0 0 0 -8 
357 8 0 0 0 0 0 0 0 0 0 0 0 
358 8 0 0 0 0 0 0 0 0 0 0 0 
359 8 0 0 0 0 0 0 0 0 0 0 0 
360 8 0 0 0 0 0 0 0 0 0 0 0 
361 8 0 0 0 0 0 0 0 0 0 0 0 
362 8 0 0 0 0 0 0 0 0 0 0 0 
363 8 0 0 0 0 0 0 0 0 0 0 0 
364 8 0 0 0 0 0 0 0 0 0 0 0 
365 8 0 0 0 0 0 0 0 0 0 0 0 
366 8 0 0 0 0 0 0 0 0 0 0 0 
367 8 0 0 0 0 0 0 0 0 0 0 0 
368 8 0 0 0 0 0 0 0 0 0 0 0 
369 8 0 0 0 0 0 0 0 0 0 0 0 
370 8 0 0 0 0 0 0 0 0 0 0 0 
371 8 0 0 0 0 0 0 0 0 0 0 0 
372 8 0 0 0 0 0 0 0 0 0 0 0 
373 8 0 0 0 0 0 0 0 0 0 0 0 
374 8 0 0 0 0 0 0 0 0 0 0 0 
375 8 0 0 0 0 0 0 0 0 0 0 0 
376 8 0 0 0 0 0 0 0 0 0 0 0 
377 8 0 0 0 0 0 0 0 0 0 0 0 
378 8 0 0 0 0 0 0 0 0 0 0 0 
379 8 0 0 0 0 0 0 0 0 0 0 0 
380 8 0 0 0 0 0 0 0 0 0 0 0 
381 8 0 0 0 0 0 0 0 0 0 0 0 
382 8 0 0 0 0 0 0 0 0 0 0 0 
383 8 0 0 0 0 0 0 0 0 0 0 0 
384 8 0 0 0 0 0 0 0 0 0 0 0 
385 8 0 0 0 0 0 0 0 0 0 0 0 
386 8 0 0 0 0 0 0 0 0 0 0 0 
387 8 -1 17 4 0 14 38 26 6 11 32 -2895 
388 8 56 0 0 0 0 0 0 0 0 0 0 
389 8 0 0 0 0 0 0 0 0 0 0 0 
390 8 0 0 0 0 0 0 0 0 0 0 0 
391 8 0 0 0 0 0 0 0 0 0 0 0 
392 8 0 0 0 0 0 0 0 0 0 0 0 
393 8 0 0 0 0 0 0 0 0 0 0 0 
394 8 0 0 0 0 0 0 0 0 0 0 0 
395 8 0 0 0 0 0 0 0 0 0 0 0 
396 8 0 0 0 0 0 0 0 0 0 0 0 
397 8 0 0 0 0 0 0 0 0 0 0 0 
398 8 0 0 0 0 0 0 0 0 0 0 0 
399 8 0 0 0 0 0 0 0 0 0 0 0 
400 8 0 0 0 0 0 0 0 0 0 0 0 
401 8 0 0 0 0 0 0 0 0 0 0 0 
402 8 0 0 0 0 0 0 0 0 0 0 0 
403 8 0 0 0 0 0 0 0 0 0 0 0 
404 8 0 0 0 0 0 0 0 0 0 0 0 
405 8 0 0 0 0 0 0 0 0 0 0 0 
406 8 0 0 0 0 0 0 0 0 0 0 0 
407 8 0 0 0 0 0 0 0 0 0 0 0 
408 8 0 0 0 0 0 0 0 0 0 0 0 
409 8 0 0 0 0 0 0 0 0 0 0 0 
410 8 0 0 0 0 0 0 0 0 0 0 0 
411 8 0 0 0 0 0 0 0 0 0 0 0 
412 8 0 0 0 0 0 0 0 0 0 0 0 
413 8 0 0 0 0 0 0 0 0 0 0 0 
414 8 0 0 0 0 0 0 0 0 0 0 0 
415 8 0 0 0 0 0 0 0 0 0 0 0 
416 8 0 0 0 0 0 0 0 0 0 0 0 
417 8 66 0 0 0 0 0 0 0 0 0 0 
418 8 67 0 0 0 0 0 0 0 0 0 0 
419 8 0 0 0 0 0 0 0 0 0 0 0 
420 8 0 0 0 0 0 0 0 0 0 0 0 
421 8 0 0 0 0 0 0 0 0 0 0 0 
422 8 0 0 0 0 0 0 0 0 0 0 0 
423 8 69 0 0 0 0 0 0 0 0 0 0 
424 8 70 0 0 0 0 0 0 0 0 0 0 
425 8 -1 43 15 0 0 4 12 0 0 17 -1 
426 8 73 0 0 0 0 0 0 0 0 0 0 
427 8 0 0 0 0 0 0 0 0 0 0 0 
428 8 0 0 0 0 0 0 0 0 0 0 0 
429 8 0 0 0 0 0 0 0 0 0 0 0 
430 8 0 0 0 0 0 0 0 0 0 0 0 
431 8 -1 28 8 0 0 24 26 0 0 9 92 
432 8 -1 20 14 19 22 45 46 1 1 32 16023 
433 8 82 0 0 0 0 0 0 0 0 0 0 
434 8 83 0 0 0 0 0 0 0 0 0 0 
435 8 0 0 0 0 0 0 0 0 0 0 0 
436 8 0 0 0 0 0 0 0 0 0 0 0 
437 8 0 0 0 0 0 0 0 0 0 0 0 
438 8 0 0 0 0 0 0 0 0 0 0 0 
439 8 86 0 0 0 0 0 0 0 0 0 0 
440 8 87 0 0 0 0 0 0 0 0 0 0 
441 8 0 0 0 0 0 0 0 0 0 0 0 
442 8 0 0 0 0 0 0 0 0 0 0 0 
443 8 89 0 0 0 0 0 0 0 0 0 0 
444 8 -1 18 12 19 0 46 41 1 2 32 -134 
445 8 -1 19 4 14 1 39 14 5 21 32 -2413 
446 8 -1 20 17 18 11 45 41 2 1 32 13654 
447 8 0 0 0 0 0 0 0 0 0 0 0 
448 8 0 0 0 0 0 0 0 0 0 0 0 
449 8 0 0 0 0 0 0 0 0 0 0 0 
450 8 0 0 0 0 0 0 0 0 0 0 0 
451 8 0 0 0 0 0 0 0 0 0 0 0 
452 8 0 0 0 0 0 0 0 0 0 0 0 
453 8 0 0 0 0 0 0 0 0 0 0 0 
454 8 0 0 0 0 0 0 0 0 0 0 0 
455 8 0 0 0 0 0 0 0 0 0 0 0 
456 8 0 0 0 0 0 0 0 0 0 0 0 
457 8 0 0 0 0 0 0 0 0 0 0 0 
458 8 0 0 0 0 0 0 0 0 0 0 0 
459 8 0 0 0 0 0 0 0 0 0 0 0 
460 8 0 0 0 0 0 0 0 0 0 0 0 
461 8 0 0 0 0 0 0 0 0 0 0 0 
462 8 0 0 0 0 0 0 0 0 0 0 0 
463 8 0 0 0 0 0 0 0 0 0 0 0 
464 8 0 0 0 0 0 0 0 0 0 0 0 
465 8 0 0 0 0 0 0 0 0 0 0 0 
466 8 0 0 0 0 0 0 0 0 0 0 0 
467 8 0 0 0 0 0 0 0 0 0 0 0 
468 8 0 0 0 0 0 0 0 0 0 0 0 
469 8 0 0 0 0 0 0 0 0 0 0 0 
470 8 0 0 0 0 0 0 0 0 0 0 0 
471 8 0 0 0 0 0 0 0 0 0 0 0 
472 8 0 0 0 0 0 0 0 0 0 0 0 
473 8 0 0 0 0 0 0 0 0 0 0 0 
474 8 0 0 0 0 0 0 0 0 0 0 0 
475 8 0 0 0 0 0 0 0 0 0 0 0 
476 8 0 0 0 0 0 0 0 0 0 0 0 
477 8 0 0 0 0 0 0 0 0 0 0 0 
478 8 0 0 0 0 0 0 0 0 0 0 0 
479 8 0 0 0 0 0 0 0 0 0 0 0 
480 8 0 0 0 0 0 0 0 0 0 0 0 
481 8 0 0 0 0 0 0 0 0 0 0 0 
482 8 0 0 0 0 0 0 0 0 0 0 0 
483 8 0 0 0 0 0 0 0 0 0 0 0 
484 8 0 0 0 0 0 0 0 0 0 0 0 
485 8 0 0 0 0 0 0 0 0 0 0 0 
486 8 0 0 0 0 0 0 0 0 0 0 0 
487 8 0 0 0 0 0 0 0 0 0 0 0 
488 8 0 0 0 0 0 0 0 0 0 0 0 
489 8 0 0 0 0 0 0 0 0 0 0 0 
490 8 0 0 0 0 0 0 0 0 0 0 0 
491 8 -1 15 39 0 0 13 40 0 0 0 1 
492 8 111 0 0 0 0 0 0 0 0 0 0 
493 8 0 0 0 0 0 0 0 0 0 0 0 
494 8 0 0 0 0 0 0 0 0 0 0 0 
495 8 -1 16 38 0 0 32 19 0 0 10 25 
496 8 -1 2 13 10 1 16 26 9 6 32 -1698 
497 8 0 0 0 0 0 0 0 0 0 0 0 
498 8 0 0 0 0 0 0 0 0 0 0 0 
499 8 0 0 0 0 0 0 0 0 0 0 0 
500 8 0 0 0 0 0 0 0 0 0 0 0 
501 8 0 0 0 0 0 0 0 0 0 0 0 
502 8 0 0 0 0 0 0 0 0 0 0 0 
503 8 0 0 0 0 0 0 0 0 0 0 0 
504 8 0 0 0 0 0 0 0 0 0 0 0 
505 8 0 0 0 0 0 0 0 0 0 0 0 
506 8 0 0 0 0 0 0 0 0 0 0 0 
507 8 -1 0 13 0 0 5 21 0 0 27 63 
508 8 -1 10 39 0 0 35 8 0 0 11 -36 
509 8 -1 5 6 0 0 5 28 0 0 4 -16 
510 8 -1 36 44 0 0 20 22 0 0 1 -7 
511 9 0 0 0 0 0 0 0 0 0 0 0 
512 9 0 0 0 0 0 0 0 0 0 0 0 
513 9 0 0 0 0 0 0 0 0 0 0 0 
514 9 0 0 0 0 0 0 0 0 0 0 0 
515 9 0 0 0 0 0 0 0 0 0 0 0 
516 9 0 0 0 0 0 0 0 0 0 0 0 
517 9 0 0 0 0 0 0 0 0 0 0 0 
518 9 0 0 0 0 0 0 0 0 0 0 0 
519 9 0 0 0 0 0 0 0 0 0 0 0 
520 9 0 0 0 0 0 0 0 0 0 0 0 
521 9 0 0 0 0 0 0 0 0 0 0 0 
522 9 0 0 0 0 0 0 0 0 0 0 0 
523 9 0 0 0 0 0 0 0 0 0 0 0 
524 9 0 0 0 0 0 0 0 0 0 0 0 
525 9 0 0 0 0 0 0 0 0 0 0 0 
526 9 0 0 0 0 0 0 0 0 0 0 0 
527 9 0 0 0 0 0 0 0 0 0 0 0 
528 9 0 0 0 0 0 0 0 0 0 0 0 
529 9 0 0 0 0 0 0 0 0 0 0 0 
530 9 0 0 0 0 0 0 0 0 0 0 0 
531 9 0 0 0 0 0 0 0 0 0 0 0 
532 9 0 0 0 0 0 0 0 0 0 0 0 
533 9 0 0 0 0 0 0 0 0 0 0 0 
534 9 0 0 0 0 0 0 0 0 0 0 0 
535 9 0 0 0 0 0 0 0 0 0 0 0 
536 9 0 0 0 0 0 0 0 0 0 0 0 
537 9 0 0 0 0 0 0 0 0 0 0 0 
538 9 0 0 0 0 0 0 0 0 0 0 0 
539 9 0 0 0 0 0 0 0 0 0 0 0 
540 9 0 0 0 0 0 0 0 0 0 0 0 
541 9 0 0 0 0 0 0 0 0 0 0 0 
542 9 0 0 0 0 0 0 0 0 0 0 0 
543 9 0 0 0 0 0 0 0 0 0 0 0 
544 9 0 0 0 0 0 0 0 0 0 0 0 
545 9 0 0 0 0 0 0 0 0 0 0 0 
546 9 0 0 0 0 0 0 0 0 0 0 0 
547 9 0 0 0 0 0 0 0 0 0 0 0 
548 9 0 0 0 0 0 0 0 0 0 0 0 
549 9 0 0 0 0 0 0 0 0 0 0 0 
550 9 0 0 0 0 0 0 0 0 0 0 0 
551 9 0 0 0 0 0 0 0 0 0 0 0 
552 9 0 0 0 0 0 0 0 0 0 0 0 
553 9 0 0 0 0 0 0 0 0 0 0 0 
554 9 0 0 0 0 0 0 0 0 0 0 0 
555 9 0 0 0 0 0 0 0 0 0 0 0 
556 9 0 0 0 0 0 0 0 0 0 0 0 
557 9 0 0 0 0 0 0 0 0 0 0 0 
558 9 0 0 0 0 0 0 0 0 0 0 0 
559 9 0 0 0 0 0 0 0 0 0 0 0 
560 9 0 0 0 0 0 0 0 0 0 0 0 
561 9 0 0 0 0 0 0 0 0 0 0 0 
562 9 0 0 0 0 0 0 0 0 0 0 0 
563 9 0 0 0 0 0 0 0 0 0 0 0 
564 9 0 0 0 0 0 0 0 0 0 0 0 
565 9 0 0 0 0 0 0 0 0 0 0 0 
566 9 0 0 0 0 0 0 0 0 0 0 0 
567 9 0 0 0 0 0 0 0 0 0 0 0 
568 9 0 0 0 0 0 0 0 0 0 0 0 
569 9 0 0 0 0 0 0 0 0 0 0 0 
570 9 0 0 0 0 0 0 0 0 0 0 0 
571 9 0 0 0 0 0 0 0 0 0 0 0 
572 9 0 0 0 0 0 0 0 0 0 0 0 
573 9 0 0 0 0 0 0 0 0 0 0 0 
574 9 0 0 0 0 0 0 0 0 0 0 0 
575 9 0 0 0 0 0 0 0 0 0 0 0 
576 9 0 0 0 0 0 0 0 0 0 0 0 
577 9 0 0 0 0 0 0 0 0 0 0 0 
578 9 0 0 0 0 0 0 0 0 0 0 0 
579 9 0 0 0 0 0 0 0 0 0 0 0 
580 9 0 0 0 0 0 0 0 0 0 0 0 
581 9 0 0 0 0 0 0 0 0 0 0 0 
582 9 0 0 0 0 0 0 0 0 0 0 0 
583 9 0 0 0 0 0 0 0 0 0 0 0 
584 9 0 0 0 0 0 0 0 0 0 0 0 
585 9 0 0 0 0 0 0 0 0 0 0 0 
586 9 0 0 0 0 0 0 0 0 0 0 0 
587 9 0 0 0 0 0 0 0 0 0 0 0 
588 9 0 0 0 0 0 0 0 0 0 0 0 
589 9 0 0 0 0 0 0 0 0 0 0 0 
590 9 0 0 0 0 0 0 0 0 0 0 0 
591 9 0 0 0 0 0 0 0 0 0 0 0 
592 9 0 0 0 0 0 0 0 0 0 0 0 
593 9 0 0 0 0 0 0 0 0 0 0 0 
594 9 0 0 0 0 0 0 0 0 0 0 0 
595 9 0 0 0 0 0 0 0 0 0 0 0 
596 9 0 0 0 0 0 0 0 0 0 0 0 
597 9 0 0 0 0 0 0 0 0 0 0 0 
598 9 0 0 0 0 0 0 0 0 0 0 0 
599 9 0 0 0 0 0 0 0 0 0 0 0 
600 9 0 0 0 0 0 0 0 0 0 0 0 
601 9 0 0 0 0 0 0 0 0 0 0 0 
602 9 0 0 0 0 0 0 0 0 0 0 0 
603 9 0 0 0 0 0 0 0 0 0 0 0 
604 9 0 0 0 0 0 0 0 0 0 0 0 
605 9 0 0 0 0 0 0 0 0 0 0 0 
606 9 0 0 0 0 0 0 0 0 0 0 0 
607 9 0 0 0 0 0 0 0 0 0 0 0 
608 9 0 0 0 0 0 0 0 0 0 0 0 
609 9 0 0 0 0 0 0 0 0 0 0 0 
610 9 0 0 0 0 0 0 0 0 0 0 0 
611 9 0 0 0 0 0 0 0 0 0 0 0 
612 9 0 0 0 0 0 0 0 0 0 0 0 
613 9 0 0 0 0 0 0 0 0 0 0 0 
614 9 0 0 0 0 0 0 0 0 0 0 0 
615 9 0 0 0 0 0 0 0 0 0 0 0 
616 9 0 0 0 0 0 0 0 0 0 0 0 
617 9 0 0 0 0 0 0 0 0 0 0 0 
618 9 0 0 0 0 0 0 0 0 0 0 0 
619 9 0 0 0 0 0 0 0 0 0 0 0 
620 9 0 0 0 0 0 0 0 0 0 0 0 
621 9 0 0 0 0 0 0 0 0 0 0 0 
622 9 0 0 0 0 0 0 0 0 0 0 0 
623 9 0 0 0 0 0 0 0 0 0 0 0 
624 9 0 0 0 0 0 0 0 0 0 0 0 
625 9 0 0 0 0 0 0 0 0 0 0 0 
626 9 0 0 0 0 0 0 0 0 0 0 0 
627 9 0 0 0 0 0 0 0 0 0 0 0 
628 9 0 0 0 0 0 0 0 0 0 0 0 
629 9 0 0 0 0 0 0 0 0 0 0 0 
630 9 0 0 0 0 0 0 0 0 0 0 0 
631 9 0 0 0 0 0 0 0 0 0 0 0 
632 9 0 0 0 0 0 0 0 0 0 0 0 
633 9 0 0 0 0 0 0 0 0 0 0 0 
634 9 0 0 0 0 0 0 0 0 0 0 0 
635 9 0 0 0 0 0 0 0 0 0 0 0 
636 9 0 0 0 0 0 0 0 0 0 0 0 
637 9 0 0 0 0 0 0 0 0 0 0 0 
638 9 0 0 0 0 0 0 0 0 0 0 0 
639 9 -1 22 20 14 0 38 34 6 1 32 -580 
640 9 -1 3 0 20 18 40 41 1 2 32 32519 
641 9 0 0 0 0 0 0 0 0 0 0 0 
642 9 0 0 0 0 0 0 0 0 0 0 0 
643 9 0 0 0 0 0 0 0 0 0 0 0 
644 9 0 0 0 0 0 0 0 0 0 0 0 
645 9 0 0 0 0 0 0 0 0 0 0 0 
646 9 0 0 0 0 0 0 0 0 0 0 0 
647 9 0 0 0 0 0 0 0 0 0 0 0 
648 9 0 0 0 0 0 0 0 0 0 0 0 
649 9 0 0 0 0 0 0 0 0 0 0 0 
650 9 0 0 0 0 0 0 0 0 0 0 0 
651 9 0 0 0 0 0 0 0 0 0 0 0 
652 9 0 0 0 0 0 0 0 0 0 0 0 
653 9 0 0 0 0 0 0 0 0 0 0 0 
654 9 0 0 0 0 0 0 0 0 0 0 0 
655 9 0 0 0 0 0 0 0 0 0 0 0 
656 9 0 0 0 0 0 0 0 0 0 0 0 
657 9 0 0 0 0 0 0 0 0 0 0 0 
658 9 0 0 0 0 0 0 0 0 0 0 0 
659 9 0 0 0 0 0 0 0 0 0 0 0 
660 9 0 0 0 0 0 0 0 0 0 0 0 
661 9 0 0 0 0 0 0 0 0 0 0 0 
662 9 0 0 0 0 0 0 0 0 0 0 0 
663 9 0 0 0 0 0 0 0 0 0 0 0 
664 9 0 0 0 0 0 0 0 0 0 0 0 
665 9 0 0 0 0 0 0 0 0 0 0 0 
666 9 0 0 0 0 0 0 0 0 0 0 0 
667 9 0 0 0 0 0 0 0 0 0 0 0 
668 9 0 0 0 0 0 0 0 0 0 0 0 
669 9 0 0 0 0 0 0 0 0 0 0 0 
670 9 0 0 0 0 0 0 0 0 0 0 0 
671 9 0 0 0 0 0 0 0 0 0 0 0 
672 9 0 0 0 0 0 0 0 0 0 0 0 
673 9 0 0 0 0 0 0 0 0 0 0 0 
674 9 0 0 0 0 0 0 0 0 0 0 0 
675 9 15 0 0 0 0 0 0 0 0 0 0 
676 9 16 0 0 0 0 0 0 0 0 0 0 
677 9 -1 21 35 0 0 44 22 0 0 15 4 
678 9 19 0 0 0 0 0 0 0 0 0 0 
679 9 0 0 0 0 0 0 0 0 0 0 0 
680 9 0 0 0 0 0 0 0 0 0 0 0 
681 9 0 0 0 0 0 0 0 0 0 0 0 
682 9 0 0 0 0 0 0 0 0 0 0 0 
683 9 22 0 0 0 0 0 0 0 0 0 0 
684 9 23 0 0 0 0 0 0 0 0 0 0 
685 9 0 0 0 0 0 0 0 0 0 0 0 
686 9 0 0 0 0 0 0 0 0 0 0 0 
687 9 0 0 0 0 0 0 0 0 0 0 0 
688 9 0 0 0 0 0 0 0 0 0 0 0 
689 9 0 0 0 0 0 0 0 0 0 0 0 
690 9 0 0 0 0 0 0 0 0 0 0 0 
691 9 0 0 0 0 0 0 0 0 0 0 0 
692 9 0 0 0 0 0 0 0 0 0 0 0 
693 9 0 0 0 0 0 0 0 0 0 0 0 
694 9 0 0 0 0 0 0 0 0 0 0 0 
695 9 0 0 0 0 0 0 0 0 0 0 0 
696 9 0 0 0 0 0 0 0 0 0 0 0 
697 9 0 0 0 0 0 0 0 0 0 0 0 
698 9 0 0 0 0 0 0 0 0 0 0 0 
699 9 0 0 0 0 0 0 0 0 0 0 0 
700 9 0 0 0 0 0 0 0 0 0 0 0 
701 9 0 0 0 0 0 0 0 0 0 0 0 
702 9 0 0 0 0 0 0 0 0 0 0 0 
703 9 30 0 0 0 0 0 0 0 0 0 0 
704 9 -1 16 19 1 4 35 40 11 7 32 -6890 
705 9 0 0 0 0 0 0 0 0 0 0 0 
706 9 0 0 0 0 0 0 0 0 0 0 0 
707 9 0 0 0 0 0 0 0 0 0 0 0 
708 9 0 0 0 0 0 0 0 0 0 0 0 
709 9 0 0 0 0 0 0 0 0 0 0 0 
710 9 0 0 0 0 0 0 0 0 0 0 0 
711 9 -1 12 2 0 2 46 40 1 2 32 -384 
712 9 -1 20 19 8 2 46 23 1 23 32 -2697 
713 9 40 0 0 0 0 0 0 0 0 0 0 
714 9 41 0 0 0 0 0 0 0 0 0 0 
715 9 0 0 0 0 0 0 0 0 0 0 0 
716 9 0 0 0 0 0 0 0 0 0 0 0 
717 9 0 0 0 0 0 0 0 0 0 0 0 
718 9 0 0 0 0 0 0 0 0 0 0 0 
719 9 0 0 0 0 0 0 0 0 0 0 0 
720 9 0 0 0 0 0 0 0 0 0 0 0 
721 9 0 0 0 0 0 0 0 0 0 0 0 
722 9 0 0 0 0 0 0 0 0 0 0 0 
723 9 0 0 0 0 0 0 0 0 0 0 0 
724 9 0 0 0 0 0 0 0 0 0 0 0 
725 9 0 0 0 0 0 0 0 0 0 0 0 
726 9 0 0 0 0 0 0 0 0 0 0 0 
727 9 0 0 0 0 0 0 0 0 0 0 0 
728 9 0 0 0 0 0 0 0 0 0 0 0 
729 9 0 0 0 0 0 0 0 0 0 0 0 
730 9 0 0 0 0 0 0 0 0 0 0 0 
731 9 0 0 0 0 0 0 0 0 0 0 0 
732 9 0 0 0 0 0 0 0 0 0 0 0 
733 9 0 0 0 0 0 0 0 0 0 0 0 
734 9 0 0 0 0 0 0 0 0 0 0 0 
735 9 0 0 0 0 0 0 0 0 0 0 0 
736 9 0 0 0 0 0 0 0 0 0 0 0 
737 9 0 0 0 0 0 0 0 0 0 0 0 
738 9 0 0 0 0 0 0 0 0 0 0 0 
739 9 0 0 0 0 0 0 0 0 0 0 0 
740 9 0 0 0 0 0 0 0 0 0 0 0 
741 9 0 0 0 0 0 0 0 0 0 0 0 
742 9 0 0 0 0 0 0 0 0 0 0 0 
743 9 0 0 0 0 0 0 0 0 0 0 0 
744 9 0 0 0 0 0 0 0 0 0 0 0 
745 9 0 0 0 0 0 0 0 0 0 0 0 
746 9 0 0 0 0 0 0 0 0 0 0 0 
747 9 0 0 0 0 0 0 0 0 0 0 0 
748 9 0 0 0 0 0 0 0 0 0 0 0 
749 9 0 0 0 0 0 0 0 0 0 0 0 
750 9 0 0 0 0 0 0 0 0 0 0 0 
751 9 0 0 0 0 0 0 0 0 0 0 0 
752 9 0 0 0 0 0 0 0 0 0 0 0 
753 9 0 0 0 0 0 0 0 0 0 0 0 
754 9 0 0 0 0 0 0 0 0 0 0 0 
755 9 0 0 0 0 0 0 0 0 0 0 0 
756 9 0 0 0 0 0 0 0 0 0 0 0 
757 9 0 0 0 0 0 0 0 0 0 0 0 
758 9 0 0 0 0 0 0 0 0 0 0 0 
759 9 0 0 0 0 0 0 0 0 0 0 0 
760 9 0 0 0 0 0 0 0 0 0 0 0 
761 9 0 0 0 0 0 0 0 0 0 0 0 
762 9 0 0 0 0 0 0 0 0 0 0 0 
763 9 0 0 0 0 0 0 0 0 0 0 0 
764 9 0 0 0 0 0 0 0 0 0 0 0 
765 9 0 0 0 0 0 0 0 0 0 0 0 
766 9 0 0 0 0 0 0 0 0 0 0 0 
767 9 0 0 0 0 0 0 0 0 0 0 0 
768 9 0 0 0 0 0 0 0 0 0 0 0 
769 9 0 0 0 0 0 0 0 0 0 0 0 
770 9 0 0 0 0 0 0 0 0 0 0 0 
771 9 0 0 0 0 0 0 0 0 0 0 0 
772 9 0 0 0 0 0 0 0 0 0 0 0 
773 9 0 0 0 0 0 0 0 0 0 0 0 
774 9 0 0 0 0 0 0 0 0 0 0 0 
775 9 -1 9 10 1 5 25 41 11 3 32 -936 
776 9 -1 7 36 0 0 36 38 0 0 17 24 
777 9 0 0 0 0 0 0 0 0 0 0 0 
778 9 0 0 0 0 0 0 0 0 0 0 0 
779 9 0 0 0 0 0 0 0 0 0 0 0 
780 9 0 0 0 0 0 0 0 0 0 0 0 
781 9 0 0 0 0 0 0 0 0 0 0 0 
782 9 0 0 0 0 0 0 0 0 0 0 0 
783 9 0 0 0 0 0 0 0 0 0 0 0 
784 9 0 0 0 0 0 0 0 0 0 0 0 
785 9 0 0 0 0 0 0 0 0 0 0 0 
786 9 0 0 0 0 0 0 0 0 0 0 0 
787 9 0 0 0 0 0 0 0 0 0 0 0 
788 9 0 0 0 0 0 0 0 0 0 0 0 
789 9 0 0 0 0 0 0 0 0 0 0 0 
790 9 0 0 0 0 0 0 0 0 0 0 0 
791 9 0 0 0 0 0 0 0 0 0 0 0 
792 9 0 0 0 0 0 0 0 0 0 0 0 
793 9 0 0 0 0 0 0 0 0 0 0 0 
794 9 0 0 0 0 0 0 0 0 0 0 0 
795 9 0 0 0 0 0 0 0 0 0 0 0 
796 9 0 0 0 0 0 0 0 0 0 0 0 
797 9 0 0 0 0 0 0 0 0 0 0 0 
798 9 0 0 0 0 0 0 0 0 0 0 0 
799 9 0 0 0 0 0 0 0 0 0 0 0 
800 9 0 0 0 0 0 0 0 0 0 0 0 
801 9 0 0 0 0 0 0 0 0 0 0 0 
802 9 0 0 0 0 0 0 0 0 0 0 0 
803 9 0 0 0 0 0 0 0 0 0 0 0 
804 9 0 0 0 0 0 0 0 0 0 0 0 
805 9 0 0 0 0 0 0 0 0 0 0 0 
806 9 0 0 0 0 0 0 0 0 0 0 0 
807 9 0 0 0 0 0 0 0 0 0 0 0 
808 9 0 0 0 0 0 0 0 0 0 0 0 
809 9 0 0 0 0 0 0 0 0 0 0 0 
810 9 0 0 0 0 0 0 0 0 0 0 0 
811 9 0 0 0 0 0 0 0 0 0 0 0 
812 9 0 0 0 0 0 0 0 0 0 0 0 
813 9 0 0 0 0 0 0 0 0 0 0 0 
814 9 0 0 0 0 0 0 0 0 0 0 0 
815 9 0 0 0 0 0 0 0 0 0 0 0 
816 9 0 0 0 0 0 0 0 0 0 0 0 
817 9 0 0 0 0 0 0 0 0 0 0 0 
818 9 0 0 0 0 0 0 0 0 0 0 0 
819 9 0 0 0 0 0 0 0 0 0 0 0 
820 9 0 0 0 0 0 0 0 0 0 0 0 
821 9 0 0 0 0 0 0 0 0 0 0 0 
822 9 0 0 0 0 0 0 0 0 0 0 0 
823 9 0 0 0 0 0 0 0 0 0 0 0 
824 9 0 0 0 0 0 0 0 0 0 0 0 
825 9 0 0 0 0 0 0 0 0 0 0 0 
826 9 0 0 0 0 0 0 0 0 0 0 0 
827 9 0 0 0 0 0 0 0 0 0 0 0 
828 9 0 0 0 0 0 0 0 0 0 0 0 
829 9 0 0 0 0 0 0 0 0 0 0 0 
830 9 0 0 0 0 0 0 0 0 0 0 0 
831 9 0 0 0 0 0 0 0 0 0 0 0 
832 9 0 0 0 0 0 0 0 0 0 0 0 
833 9 0 0 0 0 0 0 0 0 0 0 0 
834 9 0 0 0 0 0 0 0 0 0 0 0 
835 9 0 0 0 0 0 0 0 0 0 0 0 
836 9 0 0 0 0 0 0 0 0 0 0 0 
837 9 0 0 0 0 0 0 0 0 0 0 0 
838 9 0 0 0 0 0 0 0 0 0 0 0 
839 9 0 0 0 0 0 0 0 0 0 0 0 
840 9 0 0 0 0 0 0 0 0 0 0 0 
841 9 0 0 0 0 0 0 0 0 0 0 0 
842 9 0 0 0 0 0 0 0 0 0 0 0 
843 9 0 0 0 0 0 0 0 0 0 0 0 
844 9 0 0 0 0 0 0 0 0 0 0 0 
845 9 0 0 0 0 0 0 0 0 0 0 0 
846 9 0 0 0 0 0 0 0 0 0 0 0 
847 9 0 0 0 0 0 0 0 0 0 0 0 
848 9 0 0 0 0 0 0 0 0 0 0 0 
849 9 0 0 0 0 0 0 0 0 0 0 0 
850 9 0 0 0 0 0 0 0 0 0 0 0 
851 9 71 0 0 0 0 0 0 0 0 0 0 
852 9 72 0 0 0 0 0 0 0 0 0 0 
853 9 0 0 0 0 0 0 0 0 0 0 0 
854 9 0 0 0 0 0 0 0 0 0 0 0 
855 9 0 0 0 0 0 0 0 0 0 0 0 
856 9 0 0 0 0 0 0 0 0 0 0 0 
857 9 0 0 0 0 0 0 0 0 0 0 0 
858 9 0 0 0 0 0 0 0 0 0 0 0 
859 9 0 0 0 0 0 0 0 0 0 0 0 
860 9 0 0 0 0 0 0 0 0 0 0 0 
861 9 0 0 0 0 0 0 0 0 0 0 0 
862 9 0 0 0 0 0 0 0 0 0 0 0 
863 9 -1 2 23 0 0 14 29 0 0 17 15 
864 9 77 0 0 0 0 0 0 0 0 0 0 
865 9 -1 8 3 2 5 13 24 15 17 32 -5429 
866 9 -1 2 3 21 22 25 33 6 3 32 16151 
867 9 0 0 0 0 0 0 0 0 0 0 0 
868 9 0 0 0 0 0 0 0 0 0 0 0 
869 9 0 0 0 0 0 0 0 0 0 0 0 
870 9 0 0 0 0 0 0 0 0 0 0 0 
871 9 0 0 0 0 0 0 0 0 0 0 0 
872 9 0 0 0 0 0 0 0 0 0 0 0 
873 9 0 0 0 0 0 0 0 0 0 0 0 
874 9 0 0 0 0 0 0 0 0 0 0 0 
875 9 0 0 0 0 0 0 0 0 0 0 0 
876 9 0 0 0 0 0 0 0 0 0 0 0 
877 9 0 0 0 0 0 0 0 0 0 0 0 
878 9 0 0 0 0 0 0 0 0 0 0 0 
879 9 0 0 0 0 0 0 0 0 0 0 0 
880 9 0 0 0 0 0 0 0 0 0 0 0 
881 9 0 0 0 0 0 0 0 0 0 0 0 
882 9 0 0 0 0 0 0 0 0 0 0 0 
883 9 0 0 0 0 0 0 0 0 0 0 0 
884 9 0 0 0 0 0 0 0 0 0 0 0 
885 9 0 0 0 0 0 0 0 0 0 0 0 
886 9 0 0 0 0 0 0 0 0 0 0 0 
887 9 0 0 0 0 0 0 0 0 0 0 0 
888 9 0 0 0 0 0 0 0 0 0 0 0 
889 9 -1 14 9 22 1 40 23 1 21 32 -639 
890 9 -1 8 11 5 3 23 35 8 4 32 -344 
891 9 -1 46 23 0 0 5 29 0 0 0 24 
892 9 -1 2 11 0 22 25 44 2 2 32 -142 
893 9 -1 2 17 20 4 26 29 9 18 32 -1212 
894 9 100 0 0 0 0 0 0 0 0 0 0 
895 9 0 0 0 0 0 0 0 0 0 0 0 
896 9 0 0 0 0 0 0 0 0 0 0 0 
897 9 0 0 0 0 0 0 0 0 0 0 0 
898 9 0 0 0 0 0 0 0 0 0 0 0 
899 9 0 0 0 0 0 0 0 0 0 0 0 
900 9 0 0 0 0 0 0 0 0 0 0 0 
901 9 0 0 0 0 0 0 0 0 0 0 0 
902 9 0 0 0 0 0 0 0 0 0 0 0 
903 9 0 0 0 0 0 0 0 0 0 0 0 
904 9 0 0 0 0 0 0 0 0 0 0 0 
905 9 0 0 0 0 0 0 0 0 0 0 0 
906 9 0 0 0 0 0 0 0 0 0 0 0 
907 9 0 0 0 0 0 0 0 0 0 0 0 
908 9 0 0 0 0 0 0 0 0 0 0 0 
909 9 0 0 0 0 0 0 0 0 0 0 0 
910 9 0 0 0 0 0 0 0 0 0 0 0 
911 9 0 0 0 0 0 0 0 0 0 0 0 
912 9 0 0 0 0 0 0 0 0 0 0 0 
913 9 0 0 0 0 0 0 0 0 0 0 0 
914 9 0 0 0 0 0 0 0 0 0 0 0 
915 9 0 0 0 0 0 0 0 0 0 0 0 
916 9 0 0 0 0 0 0 0 0 0 0 0 
917 9 0 0 0 0 0 0 0 0 0 0 0 
918 9 0 0 0 0 0 0 0 0 0 0 0 
919 9 0 0 0 0 0 0 0 0 0 0 0 
920 9 0 0 0 0 0 0 0 0 0 0 0 
921 9 0 0 0 0 0 0 0 0 0 0 0 
922 9 0 0 0 0 0 0 0 0 0 0 0 
923 9 0 0 0 0 0 0 0 0 0 0 0 
924 9 0 0 0 0 0 0 0 0 0 0 0 
925 9 0 0 0 0 0 0 0 0 0 0 0 
926 9 0 0 0 0 0 0 0 0 0 0 0 
927 9 0 0 0 0 0 0 0 0 0 0 0 
928 9 0 0 0 0 0 0 0 0 0 0 0 
929 9 0 0 0 0 0 0 0 0 0 0 0 
930 9 0 0 0 0 0 0 0 0 0 0 0 
931 9 0 0 0 0 0 0 0 0 0 0 0 
932 9 0 0 0 0 0 0 0 0 0 0 0 
933 9 0 0 0 0 0 0 0 0 0 0 0 
934 9 0 0 0 0 0 0 0 0 0 0 0 
935 9 0 0 0 0 0 0 0 0 0 0 0 
936 9 0 0 0 0 0 0 0 0 0 0 0 
937 9 0 0 0 0 0 0 0 0 0 0 0 
938 9 0 0 0 0 0 0 0 0 0 0 0 
939 9 0 0 0 0 0 0 0 0 0 0 0 
940 9 0 0 0 0 0 0 0 0 0 0 0 
941 9 0 0 0 0 0 0 0 0 0 0 0 
942 9 0 0 0 0 0 0 0 0 0 0 0 
943 9 0 0 0 0 0 0 0 0 0 0 0 
944 9 0 0 0 0 0 0 0 0 0 0 0 
945 9 0 0 0 0 0 0 0 0 0 0 0 
946 9 0 0 0 0 0 0 0 0 0 0 0 
947 9 0 0 0 0 0 0 0 0 0 0 0 
948 9 0 0 0 0 0 0 0 0 0 0 0 
949 9 0 0 0 0 0 0 0 0 0 0 0 
950 9 0 0 0 0 0 0 0 0 0 0 0 
951 9 0 0 0 0 0 0 0 0 0 0 0 
952 9 0 0 0 0 0 0 0 0 0 0 0 
953 9 0 0 0 0 0 0 0 0 0 0 0 
954 9 0 0 0 0 0 0 0 0 0 0 0 
955 9 0 0 0 0 0 0 0 0 0 0 0 
956 9 0 0 0 0 0 0 0 0 0 0 0 
957 9 0 0 0 0 0 0 0 0 0 0 0 
958 9 0 0 0 0 0 0 0 0 0 0 0 
959 9 0 0 0 0 0 0 0 0 0 0 0 
960 9 0 0 0 0 0 0 0 0 0 0 0 
961 9 0 0 0 0 0 0 0 0 0 0 0 
962 9 0 0 0 0 0 0 0 0 0 0 0 
963 9 0 0 0 0 0 0 0 0 0 0 0 
964 9 0 0 0 0 0 0 0 0 0 0 0 
965 9 0 0 0 0 0 0 0 0 0 0 0 
966 9 0 0 0 0 0 0 0 0 0 0 0 
967 9 0 0 0 0 0 0 0 0 0 0 0 
968 9 0 0 0 0 0 0 0 0 0 0 0 
969 9 0 0 0 0 0 0 0 0 0 0 0 
970 9 0 0 0 0 0 0 0 0 0 0 0 
971 9 0 0 0 0 0 0 0 0 0 0 0 
972 9 0 0 0 0 0 0 0 0 0 0 0 
973 9 0 0 0 0 0 0 0 0 0 0 0 
974 9 0 0 0 0 0 0 0 0 0 0 0 
975 9 0 0 0 0 0 0 0 0 0 0 0 
976 9 0 0 0 0 0 0 0 0 0 0 0 
977 9 0 0 0 0 0 0 0 0 0 0 0 
978 9 0 0 0 0 0 0 0 0 0 0 0 
979 9 0 0 0 0 0 0 0 0 0 0 0 
980 9 0 0 0 0 0 0 0 0 0 0 0 
981 9 0 0 0 0 0 0 0 0 0 0 0 
982 9 0 0 0 0 0 0 0 0 0 0 0 
983 9 -1 39 47 0 0 5 41 0 0 9 149 
984 9 110 0 0 0 0 0 0 0 0 0 0 
985 9 0 0 0 0 0 0 0 0 0 0 0 
986 9 0 0 0 0 0 0 0 0 0 0 0 
987 9 0 0 0 0 0 0 0 0 0 0 0 
988 9 0 0 0 0 0 0 0 0 0 0 0 
989 9 0 0 0 0 0 0 0 0 0 0 0 
990 9 0 0 0 0 0 0 0 0 0 0 0 
991 9 -1 8 34 0 0 29 31 0 0 16 56 
992 9 115 0 0 0 0 0 0 0 0 0 0 
993 9 -1 3 38 0 0 4 25 0 0 14 9 
994 9 -1 35 19 0 0 28 24 0 0 2 7 
995 9 0 0 0 0 0 0 0 0 0 0 0 
996 9 0 0 0 0 0 0 0 0 0 0 0 
997 9 0 0 0 0 0 0 0 0 0 0 0 
998 9 0 0 0 0 0 0 0 0 0 0 0 
999 9 0 0 0 0 0 0 0 0 0 0 0 
1000 9 0 0 0 0 0 0 0 0 0 0 0 
1001 9 0 0 0 0 0 0 0 0 0 0 0 
1002 9 0 0 0 0 0 0 0 0 0 0 0 
1003 9 0 0 0 0 0 0 0 0 0 0 0 
1004 9 0 0 0 0 0 0 0 0 0 0 0 
1005 9 0 0 0 0 0 0 0 0 0 0 0 
1006 9 0 0 0 0 0 0 0 0 0 0 0 
1007 9 0 0 0 0 0 0 0 0 0 0 0 
1008 9 0 0 0 0 0 0 0 0 0 0 0 
1009 9 0 0 0 0 0 0 0 0 0 0 0 
1010 9 0 0 0 0 0 0 0 0 0 0 0 
1011 9 0 0 0 0 0 0 0 0 0 0 0 
1012 9 0 0 0 0 0 0 0 0 0 0 0 
1013 9 0 0 0 0 0 0 0 0 0 0 0 
1014 9 0 0 0 0 0 0 0 0 0 0 0 
1015 9 -1 19 4 8 1 44 30 1 1 32 -18 
1016 9 125 0 0 0 0 0 0 0 0 0 0 
1017 9 126 0 0 0 0 0 0 0 0 0 0 
1018 9 -1 11 25 0 0 20 21 0 0 20 1 
1019 9 -1 6 9 0 0 31 32 0 0 1 -22 
1020 9 -1 19 11 3 7 29 22 5 24 32 144 
1021 9 133 0 0 0 0 0 0 0 0 0 0 
1022 9 -1 8 8 0 0 4 46 0 0 16 15 
1023 10 0 0 0 0 0 0 0 0 0 0 0 
1024 10 0 0 0 0 0 0 0 0 0 0 0 
1025 10 0 0 0 0 0 0 0 0 0 0 0 
1026 10 0 0 0 0 0 0 0 0 0 0 0 
1027 10 0 0 0 0 0 0 0 0 0 0 0 
1028 10 0 0 0 0 0 0 0 0 0 0 0 
1029 10 0 0 0 0 0 0 0 0 0 0 0 
1030 10 0 0 0 0 0 0 0 0 0 0 0 
1031 10 0 0 0 0 0 0 0 0 0 0 0 
1032 10 0 0 0 0 0 0 0 0 0 0 0 
1033 10 0 0 0 0 0 0 0 0 0 0 0 
1034 10 0 0 0 0 0 0 0 0 0 0 0 
1035 10 0 0 0 0 0 0 0 0 0 0 0 
1036 10 0 0 0 0 0 0 0 0 0 0 0 
1037 10 0 0 0 0 0 0 0 0 0 0 0 
1038 10 0 0 0 0 0 0 0 0 0 0 0 
1039 10 0 0 0 0 0 0 0 0 0 0 0 
1040 10 0 0 0 0 0 0 0 0 0 0 0 
1041 10 0 0 0 0 0 0 0 0 0 0 0 
1042 10 0 0 0 0 0 0 0 0 0 0 0 
1043 10 0 0 0 0 0 0 0 0 0 0 0 
1044 10 0 0 0 0 0 0 0 0 0 0 0 
1045 10 0 0 0 0 0 0 0 0 0 0 0 
1046 10 0 0 0 0 0 0 0 0 0 0 0 
1047 10 0 0 0 0 0 0 0 0 0 0 0 
1048 10 0 0 0 0 0 0 0 0 0 0 0 
1049 10 0 0 0 0 0 0 0 0 0 0 0 
1050 10 0 0 0 0 0 0 0 0 0 0 0 
1051 10 0 0 0 0 0 0 0 0 0 0 0 
1052 10 0 0 0 0 0 0 0 0 0 0 0 
1053 10 0 0 0 0 0 0 0 0 0 0 0 
1054 10 0 0 0 0 0 0 0 0 0 0 0 
1055 10 0 0 0 0 0 0 0 0 0 0 0 
1056 10 0 0 0 0 0 0 0 0 0 0 0 
1057 10 0 0 0 0 0 0 0 0 0 0 0 
1058 10 0 0 0 0 0 0 0 0 0 0 0 
1059 10 0 0 0 0 0 0 0 0 0 0 0 
1060 10 0 0 0 0 0 0 0 0 0 0 0 
1061 10 0 0 0 0 0 0 0 0 0 0 0 
1062 10 0 0 0 0 0 0 0 0 0 0 0 
1063 10 0 0 0 0 0 0 0 0 0 0 0 
1064 10 0 0 0 0 0 0 0 0 0 0 0 
1065 10 0 0 0 0 0 0 0 0 0 0 0 
1066 10 0 0 0 0 0 0 0 0 0 0 0 
1067 10 0 0 0 0 0 0 0 0 0 0 0 
1068 10 0 0 0 0 0 0 0 0 0 0 0 
1069 10 0 0 0 0 0 0 0 0 0 0 0 
1070 10 0 0 0 0 0 0 0 0 0 0 0 
1071 10 0 0 0 0 0 0 0 0 0 0 0 
1072 10 0 0 0 0 0 0 0 0 0 0 0 
1073 10 0 0 0 0 0 0 0 0 0 0 0 
1074 10 0 0 0 0 0 0 0 0 0 0 0 
1075 10 0 0 0 0 0 0 0 0 0 0 0 
1076 10 0 0 0 0 0 0 0 0 0 0 0 
1077 10 0 0 0 0 0 0 0 0 0 0 0 
1078 10 0 0 0 0 0 0 0 0 0 0 0 
1079 10 0 0 0 0 0 0 0 0 0 0 0 
1080 10 0 0 0 0 0 0 0 0 0 0 0 
1081 10 0 0 0 0 0 0 0 0 0 0 0 
1082 10 0 0 0 0 0 0 0 0 0 0 0 
1083 10 0 0 0 0 0 0 0 0 0 0 0 
1084 10 0 0 0 0 0 0 0 0 0 0 0 
1085 10 0 0 0 0 0 0 0 0 0 0 0 
1086 10 0 0 0 0 0 0 0 0 0 0 0 
1087 10 0 0 0 0 0 0 0 0 0 0 0 
1088 10 0 0 0 0 0 0 0 0 0 0 0 
1089 10 0 0 0 0 0 0 0 0 0 0 0 
1090 10 0 0 0 0 0 0 0 0 0 0 0 
1091 10 0 0 0 0 0 0 0 0 0 0 0 
1092 10 0 0 0 0 0 0 0 0 0 0 0 
1093 10 0 0 0 0 0 0 0 0 0 0 0 
1094 10 0 0 0 0 0 0 0 0 0 0 0 
1095 10 0 0 0 0 0 0 0 0 0 0 0 
1096 10 0 0 0 0 0 0 0 0 0 0 0 
1097 10 0 0 0 0 0 0 0 0 0 0 0 
1098 10 0 0 0 0 0 0 0 0 0 0 0 
1099 10 0 0 0 0 0 0 0 0 0 0 0 
1100 10 0 0 0 0 0 0 0 0 0 0 0 
1101 10 0 0 0 0 0 0 0 0 0 0 0 
1102 10 0 0 0 0 0 0 0 0 0 0 0 
1103 10 0 0 0 0 0 0 0 0 0 0 0 
1104 10 0 0 0 0 0 0 0 0 0 0 0 
1105 10 0 0 0 0 0 0 0 0 0 0 0 
1106 10 0 0 0 0 0 0 0 0 0 0 0 
1107 10 0 0 0 0 0 0 0 0 0 0 0 
1108 10 0 0 0 0 0 0 0 0 0 0 0 
1109 10 0 0 0 0 0 0 0 0 0 0 0 
1110 10 0 0 0 0 0 0 0 0 0 0 0 
1111 10 0 0 0 0 0 0 0 0 0 0 0 
1112 10 0 0 0 0 0 0 0 0 0 0 0 
1113 10 0 0 0 0 0 0 0 0 0 0 0 
1114 10 0 0 0 0 0 0 0 0 0 0 0 
1115 10 0 0 0 0 0 0 0 0 0 0 0 
1116 10 0 0 0 0 0 0 0 0 0 0 0 
1117 10 0 0 0 0 0 0 0 0 0 0 0 
1118 10 0 0 0 0 0 0 0 0 0 0 0 
1119 10 0 0 0 0 0 0 0 0 0 0 0 
1120 10 0 0 0 0 0 0 0 0 0 0 0 
1121 10 0 0 0 0 0 0 0 0 0 0 0 
1122 10 0 0 0 0 0 0 0 0 0 0 0 
1123 10 0 0 0 0 0 0 0 0 0 0 0 
1124 10 0 0 0 0 0 0 0 0 0 0 0 
1125 10 0 0 0 0 0 0 0 0 0 0 0 
1126 10 0 0 0 0 0 0 0 0 0 0 0 
1127 10 0 0 0 0 0 0 0 0 0 0 0 
1128 10 0 0 0 0 0 0 0 0 0 0 0 
1129 10 0 0 0 0 0 0 0 0 0 0 0 
1130 10 0 0 0 0 0 0 0 0 0 0 0 
1131 10 0 0 0 0 0 0 0 0 0 0 0 
1132 10 0 0 0 0 0 0 0 0 0 0 0 
1133 10 0 0 0 0 0 0 0 0 0 0 0 
1134 10 0 0 0 0 0 0 0 0 0 0 0 
1135 10 0 0 0 0 0 0 0 0 0 0 0 
1136 10 0 0 0 0 0 0 0 0 0 0 0 
1137 10 0 0 0 0 0 0 0 0 0 0 0 
1138 10 0 0 0 0 0 0 0 0 0 0 0 
1139 10 0 0 0 0 0 0 0 0 0 0 0 
1140 10 0 0 0 0 0 0 0 0 0 0 0 
1141 10 0 0 0 0 0 0 0 0 0 0 0 
1142 10 0 0 0 0 0 0 0 0 0 0 0 
1143 10 0 0 0 0 0 0 0 0 0 0 0 
1144 10 0 0 0 0 0 0 0 0 0 0 0 
1145 10 0 0 0 0 0 0 0 0 0 0 0 
1146 10 0 0 0 0 0 0 0 0 0 0 0 
1147 10 0 0 0 0 0 0 0 0 0 0 0 
1148 10 0 0 0 0 0 0 0 0 0 0 0 
1149 10 0 0 0 0 0 0 0 0 0 0 0 
1150 10 0 0 0 0 0 0 0 0 0 0 0 
1151 10 0 0 0 0 0 0 0 0 0 0 0 
1152 10 0 0 0 0 0 0 0 0 0 0 0 
1153 10 0 0 0 0 0 0 0 0 0 0 0 
1154 10 0 0 0 0 0 0 0 0 0 0 0 
1155 10 0 0 0 0 0 0 0 0 0 0 0 
1156 10 0 0 0 0 0 0 0 0 0 0 0 
1157 10 0 0 0 0 0 0 0 0 0 0 0 
1158 10 0 0 0 0 0 0 0 0 0 0 0 
1159 10 0 0 0 0 0 0 0 0 0 0 0 
1160 10 0 0 0 0 0 0 0 0 0 0 0 
1161 10 0 0 0 0 0 0 0 0 0 0 0 
1162 10 0 0 0 0 0 0 0 0 0 0 0 
1163 10 0 0 0 0 0 0 0 0 0 0 0 
1164 10 0 0 0 0 0 0 0 0 0 0 0 
1165 10 0 0 0 0 0 0 0 0 0 0 0 
1166 10 0 0 0 0 0 0 0 0 0 0 0 
1167 10 0 0 0 0 0 0 0 0 0 0 0 
1168 10 0 0 0 0 0 0 0 0 0 0 0 
1169 10 0 0 0 0 0 0 0 0 0 0 0 
1170 10 0 0 0 0 0 0 0 0 0 0 0 
1171 10 0 0 0 0 0 0 0 0 0 0 0 
1172 10 0 0 0 0 0 0 0 0 0 0 0 
1173 10 0 0 0 0 0 0 0 0 0 0 0 
1174 10 0 0 0 0 0 0 0 0 0 0 0 
1175 10 0 0 0 0 0 0 0 0 0 0 0 
1176 10 0 0 0 0 0 0 0 0 0 0 0 
1177 10 0 0 0 0 0 0 0 0 0 0 0 
1178 10 0 0 0 0 0 0 0 0 0 0 0 
1179 10 0 0 0 0 0 0 0 0 0 0 0 
1180 10 0 0 0 0 0 0 0 0 0 0 0 
1181 10 0 0 0 0 0 0 0 0 0 0 0 
1182 10 0 0 0 0 0 0 0 0 0 0 0 
1183 10 0 0 0 0 0 0 0 0 0 0 0 
1184 10 0 0 0 0 0 0 0 0 0 0 0 
1185 10 0 0 0 0 0 0 0 0 0 0 0 
1186 10 0 0 0 0 0 0 0 0 0 0 0 
1187 10 0 0 0 0 0 0 0 0 0 0 0 
1188 10 0 0 0 0 0 0 0 0 0 0 0 
1189 10 0 0 0 0 0 0 0 0 0 0 0 
1190 10 0 0 0 0 0 0 0 0 0 0 0 
1191 10 0 0 0 0 0 0 0 0 0 0 0 
1192 10 0 0 0 0 0 0 0 0 0 0 0 
1193 10 0 0 0 0 0 0 0 0 0 0 0 
1194 10 0 0 0 0 0 0 0 0 0 0 0 
1195 10 0 0 0 0 0 0 0 0 0 0 0 
1196 10 0 0 0 0 0 0 0 0 0 0 0 
1197 10 0 0 0 0 0 0 0 0 0 0 0 
1198 10 0 0 0 0 0 0 0 0 0 0 0 
1199 10 0 0 0 0 0 0 0 0 0 0 0 
1200 10 0 0 0 0 0 0 0 0 0 0 0 
1201 10 0 0 0 0 0 0 0 0 0 0 0 
1202 10 0 0 0 0 0 0 0 0 0 0 0 
1203 10 0 0 0 0 0 0 0 0 0 0 0 
1204 10 0 0 0 0 0 0 0 0 0 0 0 
1205 10 0 0 0 0 0 0 0 0 0 0 0 
1206 10 0 0 0 0 0 0 0 0 0 0 0 
1207 10 0 0 0 0 0 0 0 0 0 0 0 
1208 10 0 0 0 0 0 0 0 0 0 0 0 
1209 10 0 0 0 0 0 0 0 0 0 0 0 
1210 10 0 0 0 0 0 0 0 0 0 0 0 
1211 10 0 0 0 0 0 0 0 0 0 0 0 
1212 10 0 0 0 0 0 0 0 0 0 0 0 
1213 10 0 0 0 0 0 0 0 0 0 0 0 
1214 10 0 0 0 0 0 0 0 0 0 0 0 
1215 10 0 0 0 0 0 0 0 0 0 0 0 
1216 10 0 0 0 0 0 0 0 0 0 0 0 
1217 10 0 0 0 0 0 0 0 0 0 0 0 
1218 10 0 0 0 0 0 0 0 0 0 0 0 
1219 10 0 0 0 0 0 0 0 0 0 0 0 
1220 10 0 0 0 0 0 0 0 0 0 0 0 
1221 10 0 0 0 0 0 0 0 0 0 0 0 
1222 10 0 0 0 0 0 0 0 0 0 0 0 
1223 10 0 0 0 0 0 0 0 0 0 0 0 
1224 10 0 0 0 0 0 0 0 0 0 0 0 
1225 10 0 0 0 0 0 0 0 0 0 0 0 
1226 10 0 0 0 0 0 0 0 0 0 0 0 
1227 10 0 0 0 0 0 0 0 0 0 0 0 
1228 10 0 0 0 0 0 0 0 0 0 0 0 
1229 10 0 0 0 0 0 0 0 0 0 0 0 
1230 10 0 0 0 0 0 0 0 0 0 0 0 
1231 10 0 0 0 0 0 0 0 0 0 0 0 
1232 10 0 0 0 0 0 0 0 0 0 0 0 
1233 10 0 0 0 0 0 0 0 0 0 0 0 
1234 10 0 0 0 0 0 0 0 0 0 0 0 
1235 10 0 0 0 0 0 0 0 0 0 0 0 
1236 10 0 0 0 0 0 0 0 0 0 0 0 
1237 10 0 0 0 0 0 0 0 0 0 0 0 
1238 10 0 0 0 0 0 0 0 0 0 0 0 
1239 10 0 0 0 0 0 0 0 0 0 0 0 
1240 10 0 0 0 0 0 0 0 0 0 0 0 
1241 10 0 0 0 0 0 0 0 0 0 0 0 
1242 10 0 0 0 0 0 0 0 0 0 0 0 
1243 10 0 0 0 0 0 0 0 0 0 0 0 
1244 10 0 0 0 0 0 0 0 0 0 0 0 
1245 10 0 0 0 0 0 0 0 0 0 0 0 
1246 10 0 0 0 0 0 0 0 0 0 0 0 
1247 10 0 0 0 0 0 0 0 0 0 0 0 
1248 10 0 0 0 0 0 0 0 0 0 0 0 
1249 10 0 0 0 0 0 0 0 0 0 0 0 
1250 10 0 0 0 0 0 0 0 0 0 0 0 
1251 10 0 0 0 0 0 0 0 0 0 0 0 
1252 10 0 0 0 0 0 0 0 0 0 0 0 
1253 10 0 0 0 0 0 0 0 0 0 0 0 
1254 10 0 0 0 0 0 0 0 0 0 0 0 
1255 10 0 0 0 0 0 0 0 0 0 0 0 
1256 10 0 0 0 0 0 0 0 0 0 0 0 
1257 10 0 0 0 0 0 0 0 0 0 0 0 
1258 10 0 0 0 0 0 0 0 0 0 0 0 
1259 10 0 0 0 0 0 0 0 0 0 0 0 
1260 10 0 0 0 0 0 0 0 0 0 0 0 
1261 10 0 0 0 0 0 0 0 0 0 0 0 
1262 10 0 0 0 0 0 0 0 0 0 0 0 
1263 10 0 0 0 0 0 0 0 0 0 0 0 
1264 10 0 0 0 0 0 0 0 0 0 0 0 
1265 10 0 0 0 0 0 0 0 0 0 0 0 
1266 10 0 0 0 0 0 0 0 0 0 0 0 
1267 10 0 0 0 0 0 0 0 0 0 0 0 
1268 10 0 0 0 0 0 0 0 0 0 0 0 
1269 10 0 0 0 0 0 0 0 0 0 0 0 
1270 10 0 0 0 0 0 0 0 0 0 0 0 
1271 10 0 0 0 0 0 0 0 0 0 0 0 
1272 10 0 0 0 0 0 0 0 0 0 0 0 
1273 10 0 0 0 0 0 0 0 0 0 0 0 
1274 10 0 0 0 0 0 0 0 0 0 0 0 
1275 10 0 0 0 0 0 0 0 0 0 0 0 
1276 10 0 0 0 0 0 0 0 0 0 0 0 
1277 10 0 0 0 0 0 0 0 0 0 0 0 
1278 10 0 0 0 0 0 0 0 0 0 0 0 
1279 10 6 0 0 0 0 0 0 0 0 0 0 
1280 10 7 0 0 0 0 0 0 0 0 0 0 
1281 10 8 0 0 0 0 0 0 0 0 0 0 
1282 10 9 0 0 0 0 0 0 0 0 0 0 
1283 10 0 0 0 0 0 0 0 0 0 0 0 
1284 10 0 0 0 0 0 0 0 0 0 0 0 
1285 10 0 0 0 0 0 0 0 0 0 0 0 
1286 10 0 0 0 0 0 0 0 0 0 0 0 
1287 10 0 0 0 0 0 0 0 0 0 0 0 
1288 10 0 0 0 0 0 0 0 0 0 0 0 
1289 10 0 0 0 0 0 0 0 0 0 0 0 
1290 10 0 0 0 0 0 0 0 0 0 0 0 
1291 10 0 0 0 0 0 0 0 0 0 0 0 
1292 10 0 0 0 0 0 0 0 0 0 0 0 
1293 10 0 0 0 0 0 0 0 0 0 0 0 
1294 10 0 0 0 0 0 0 0 0 0 0 0 
1295 10 0 0 0 0 0 0 0 0 0 0 0 
1296 10 0 0 0 0 0 0 0 0 0 0 0 
1297 10 0 0 0 0 0 0 0 0 0 0 0 
1298 10 0 0 0 0 0 0 0 0 0 0 0 
1299 10 0 0 0 0 0 0 0 0 0 0 0 
1300 10 0 0 0 0 0 0 0 0 0 0 0 
1301 10 0 0 0 0 0 0 0 0 0 0 0 
1302 10 0 0 0 0 0 0 0 0 0 0 0 
1303 10 0 0 0 0 0 0 0 0 0 0 0 
1304 10 0 0 0 0 0 0 0 0 0 0 0 
1305 10 0 0 0 0 0 0 0 0 0 0 0 
1306 10 0 0 0 0 0 0 0 0 0 0 0 
1307 10 0 0 0 0 0 0 0 0 0 0 0 
1308 10 0 0 0 0 0 0 0 0 0 0 0 
1309 10 0 0 0 0 0 0 0 0 0 0 0 
1310 10 0 0 0 0 0 0 0 0 0 0 0 
1311 10 0 0 0 0 0 0 0 0 0 0 0 
1312 10 0 0 0 0 0 0 0 0 0 0 0 
1313 10 0 0 0 0 0 0 0 0 0 0 0 
1314 10 0 0 0 0 0 0 0 0 0 0 0 
1315 10 0 0 0 0 0 0 0 0 0 0 0 
1316 10 0 0 0 0 0 0 0 0 0 0 0 
1317 10 0 0 0 0 0 0 0 0 0 0 0 
1318 10 0 0 0 0 0 0 0 0 0 0 0 
1319 10 0 0 0 0 0 0 0 0 0 0 0 
1320 10 0 0 0 0 0 0 0 0 0 0 0 
1321 10 0 0 0 0 0 0 0 0 0 0 0 
1322 10 0 0 0 0 0 0 0 0 0 0 0 
1323 10 0 0 0 0 0 0 0 0 0 0 0 
1324 10 0 0 0 0 0 0 0 0 0 0 0 
1325 10 0 0 0 0 0 0 0 0 0 0 0 
1326 10 0 0 0 0 0 0 0 0 0 0 0 
1327 10 0 0 0 0 0 0 0 0 0 0 0 
1328 10 0 0 0 0 0 0 0 0 0 0 0 
1329 10 0 0 0 0 0 0 0 0 0 0 0 
1330 10 0 0 0 0 0 0 0 0 0 0 0 
1331 10 0 0 0 0 0 0 0 0 0 0 0 
1332 10 0 0 0 0 0 0 0 0 0 0 0 
1333 10 0 0 0 0 0 0 0 0 0 0 0 
1334 10 0 0 0 0 0 0 0 0 0 0 0 
1335 10 0 0 0 0 0 0 0 0 0 0 0 
1336 10 0 0 0 0 0 0 0 0 0 0 0 
1337 10 0 0 0 0 0 0 0 0 0 0 0 
1338 10 0 0 0 0 0 0 0 0 0 0 0 
1339 10 0 0 0 0 0 0 0 0 0 0 0 
1340 10 0 0 0 0 0 0 0 0 0 0 0 
1341 10 0 0 0 0 0 0 0 0 0 0 0 
1342 10 0 0 0 0 0 0 0 0 0 0 0 
1343 10 0 0 0 0 0 0 0 0 0 0 0 
1344 10 0 0 0 0 0 0 0 0 0 0 0 
1345 10 0 0 0 0 0 0 0 0 0 0 0 
1346 10 0 0 0 0 0 0 0 0 0 0 0 
1347 10 0 0 0 0 0 0 0 0 0 0 0 
1348 10 0 0 0 0 0 0 0 0 0 0 0 
1349 10 0 0 0 0 0 0 0 0 0 0 0 
1350 10 0 0 0 0 0 0 0 0 0 0 0 
1351 10 0 0 0 0 0 0 0 0 0 0 0 
1352 10 0 0 0 0 0 0 0 0 0 0 0 
1353 10 0 0 0 0 0 0 0 0 0 0 0 
1354 10 0 0 0 0 0 0 0 0 0 0 0 
1355 10 17 0 0 0 0 0 0 0 0 0 0 
1356 10 18 0 0 0 0 0 0 0 0 0 0 
1357 10 0 0 0 0 0 0 0 0 0 0 0 
1358 10 0 0 0 0 0 0 0 0 0 0 0 
1359 10 0 0 0 0 0 0 0 0 0 0 0 
1360 10 0 0 0 0 0 0 0 0 0 0 0 
1361 10 0 0 0 0 0 0 0 0 0 0 0 
1362 10 0 0 0 0 0 0 0 0 0 0 0 
1363 10 0 0 0 0 0 0 0 0 0 0 0 
1364 10 0 0 0 0 0 0 0 0 0 0 0 
1365 10 0 0 0 0 0 0 0 0 0 0 0 
1366 10 0 0 0 0 0 0 0 0 0 0 0 
1367 10 0 0 0 0 0 0 0 0 0 0 0 
1368 10 0 0 0 0 0 0 0 0 0 0 0 
1369 10 0 0 0 0 0 0 0 0 0 0 0 
1370 10 0 0 0 0 0 0 0 0 0 0 0 
1371 10 0 0 0 0 0 0 0 0 0 0 0 
1372 10 0 0 0 0 0 0 0 0 0 0 0 
1373 10 0 0 0 0 0 0 0 0 0 0 0 
1374 10 0 0 0 0 0 0 0 0 0 0 0 
1375 10 0 0 0 0 0 0 0 0 0 0 0 
1376 10 0 0 0 0 0 0 0 0 0 0 0 
1377 10 0 0 0 0 0 0 0 0 0 0 0 
1378 10 0 0 0 0 0 0 0 0 0 0 0 
1379 10 0 0 0 0 0 0 0 0 0 0 0 
1380 10 0 0 0 0 0 0 0 0 0 0 0 
1381 10 0 0 0 0 0 0 0 0 0 0 0 
1382 10 0 0 0 0 0 0 0 0 0 0 0 
1383 10 0 0 0 0 0 0 0 0 0 0 0 
1384 10 0 0 0 0 0 0 0 0 0 0 0 
1385 10 0 0 0 0 0 0 0 0 0 0 0 
1386 10 0 0 0 0 0 0 0 0 0 0 0 
1387 10 0 0 0 0 0 0 0 0 0 0 0 
1388 10 0 0 0 0 0 0 0 0 0 0 0 
1389 10 0 0 0 0 0 0 0 0 0 0 0 
1390 10 0 0 0 0 0 0 0 0 0 0 0 
1391 10 0 0 0 0 0 0 0 0 0 0 0 
1392 10 0 0 0 0 0 0 0 0 0 0 0 
1393 10 0 0 0 0 0 0 0 0 0 0 0 
1394 10 0 0 0 0 0 0 0 0 0 0 0 
1395 10 0 0 0 0 0 0 0 0 0 0 0 
1396 10 0 0 0 0 0 0 0 0 0 0 0 
1397 10 0 0 0 0 0 0 0 0 0 0 0 
1398 10 0 0 0 0 0 0 0 0 0 0 0 
1399 10 0 0 0 0 0 0 0 0 0 0 0 
1400 10 0 0 0 0 0 0 0 0 0 0 0 
1401 10 0 0 0 0 0 0 0 0 0 0 0 
1402 10 0 0 0 0 0 0 0 0 0 0 0 
1403 10 0 0 0 0 0 0 0 0 0 0 0 
1404 10 0 0 0 0 0 0 0 0 0 0 0 
1405 10 0 0 0 0 0 0 0 0 0 0 0 
1406 10 0 0 0 0 0 0 0 0 0 0 0 
1407 10 0 0 0 0 0 0 0 0 0 0 0 
1408 10 0 0 0 0 0 0 0 0 0 0 0 
1409 10 31 0 0 0 0 0 0 0 0 0 0 
1410 10 32 0 0 0 0 0 0 0 0 0 0 
1411 10 0 0 0 0 0 0 0 0 0 0 0 
1412 10 0 0 0 0 0 0 0 0 0 0 0 
1413 10 0 0 0 0 0 0 0 0 0 0 0 
1414 10 0 0 0 0 0 0 0 0 0 0 0 
1415 10 0 0 0 0 0 0 0 0 0 0 0 
1416 10 0 0 0 0 0 0 0 0 0 0 0 
1417 10 0 0 0 0 0 0 0 0 0 0 0 
1418 10 0 0 0 0 0 0 0 0 0 0 0 
1419 10 0 0 0 0 0 0 0 0 0 0 0 
1420 10 0 0 0 0 0 0 0 0 0 0 0 
1421 10 0 0 0 0 0 0 0 0 0 0 0 
1422 10 0 0 0 0 0 0 0 0 0 0 0 
1423 10 36 0 0 0 0 0 0 0 0 0 0 
1424 10 37 0 0 0 0 0 0 0 0 0 0 
1425 10 38 0 0 0 0 0 0 0 0 0 0 
1426 10 39 0 0 0 0 0 0 0 0 0 0 
1427 10 0 0 0 0 0 0 0 0 0 0 0 
1428 10 0 0 0 0 0 0 0 0 0 0 0 
1429 10 0 0 0 0 0 0 0 0 0 0 0 
1430 10 0 0 0 0 0 0 0 0 0 0 0 
1431 10 0 0 0 0 0 0 0 0 0 0 0 
1432 10 0 0 0 0 0 0 0 0 0 0 0 
1433 10 0 0 0 0 0 0 0 0 0 0 0 
1434 10 0 0 0 0 0 0 0 0 0 0 0 
1435 10 0 0 0 0 0 0 0 0 0 0 0 
1436 10 0 0 0 0 0 0 0 0 0 0 0 
1437 10 0 0 0 0 0 0 0 0 0 0 0 
1438 10 0 0 0 0 0 0 0 0 0 0 0 
1439 10 0 0 0 0 0 0 0 0 0 0 0 
1440 10 0 0 0 0 0 0 0 0 0 0 0 
1441 10 0 0 0 0 0 0 0 0 0 0 0 
1442 10 0 0 0 0 0 0 0 0 0 0 0 
1443 10 0 0 0 0 0 0 0 0 0 0 0 
1444 10 0 0 0 0 0 0 0 0 0 0 0 
1445 10 0 0 0 0 0 0 0 0 0 0 0 
1446 10 0 0 0 0 0 0 0 0 0 0 0 
1447 10 0 0 0 0 0 0 0 0 0 0 0 
1448 10 0 0 0 0 0 0 0 0 0 0 0 
1449 10 0 0 0 0 0 0 0 0 0 0 0 
1450 10 0 0 0 0 0 0 0 0 0 0 0 
1451 10 0 0 0 0 0 0 0 0 0 0 0 
1452 10 0 0 0 0 0 0 0 0 0 0 0 
1453 10 0 0 0 0 0 0 0 0 0 0 0 
1454 10 0 0 0 0 0 0 0 0 0 0 0 
1455 10 0 0 0 0 0 0 0 0 0 0 0 
1456 10 0 0 0 0 0 0 0 0 0 0 0 
1457 10 0 0 0 0 0 0 0 0 0 0 0 
1458 10 0 0 0 0 0 0 0 0 0 0 0 
1459 10 0 0 0 0 0 0 0 0 0 0 0 
1460 10 0 0 0 0 0 0 0 0 0 0 0 
1461 10 0 0 0 0 0 0 0 0 0 0 0 
1462 10 0 0 0 0 0 0 0 0 0 0 0 
1463 10 0 0 0 0 0 0 0 0 0 0 0 
1464 10 0 0 0 0 0 0 0 0 0 0 0 
1465 10 0 0 0 0 0 0 0 0 0 0 0 
1466 10 0 0 0 0 0 0 0 0 0 0 0 
1467 10 0 0 0 0 0 0 0 0 0 0 0 
1468 10 0 0 0 0 0 0 0 0 0 0 0 
1469 10 0 0 0 0 0 0 0 0 0 0 0 
1470 10 0 0 0 0 0 0 0 0 0 0 0 
1471 10 0 0 0 0 0 0 0 0 0 0 0 
1472 10 0 0 0 0 0 0 0 0 0 0 0 
1473 10 0 0 0 0 0 0 0 0 0 0 0 
1474 10 0 0 0 0 0 0 0 0 0 0 0 
1475 10 0 0 0 0 0 0 0 0 0 0 0 
1476 10 0 0 0 0 0 0 0 0 0 0 0 
1477 10 0 0 0 0 0 0 0 0 0 0 0 
1478 10 0 0 0 0 0 0 0 0 0 0 0 
1479 10 0 0 0 0 0 0 0 0 0 0 0 
1480 10 0 0 0 0 0 0 0 0 0 0 0 
1481 10 0 0 0 0 0 0 0 0 0 0 0 
1482 10 0 0 0 0 0 0 0 0 0 0 0 
1483 10 0 0 0 0 0 0 0 0 0 0 0 
1484 10 0 0 0 0 0 0 0 0 0 0 0 
1485 10 0 0 0 0 0 0 0 0 0 0 0 
1486 10 0 0 0 0 0 0 0 0 0 0 0 
1487 10 0 0 0 0 0 0 0 0 0 0 0 
1488 10 0 0 0 0 0 0 0 0 0 0 0 
1489 10 0 0 0 0 0 0 0 0 0 0 0 
1490 10 0 0 0 0 0 0 0 0 0 0 0 
1491 10 0 0 0 0 0 0 0 0 0 0 0 
1492 10 0 0 0 0 0 0 0 0 0 0 0 
1493 10 0 0 0 0 0 0 0 0 0 0 0 
1494 10 0 0 0 0 0 0 0 0 0 0 0 
1495 10 0 0 0 0 0 0 0 0 0 0 0 
1496 10 0 0 0 0 0 0 0 0 0 0 0 
1497 10 0 0 0 0 0 0 0 0 0 0 0 
1498 10 0 0 0 0 0 0 0 0 0 0 0 
1499 10 0 0 0 0 0 0 0 0 0 0 0 
1500 10 0 0 0 0 0 0 0 0 0 0 0 
1501 10 0 0 0 0 0 0 0 0 0 0 0 
1502 10 0 0 0 0 0 0 0 0 0 0 0 
1503 10 0 0 0 0 0 0 0 0 0 0 0 
1504 10 0 0 0 0 0 0 0 0 0 0 0 
1505 10 0 0 0 0 0 0 0 0 0 0 0 
1506 10 0 0 0 0 0 0 0 0 0 0 0 
1507 10 0 0 0 0 0 0 0 0 0 0 0 
1508 10 0 0 0 0 0 0 0 0 0 0 0 
1509 10 0 0 0 0 0 0 0 0 0 0 0 
1510 10 0 0 0 0 0 0 0 0 0 0 0 
1511 10 0 0 0 0 0 0 0 0 0 0 0 
1512 10 0 0 0 0 0 0 0 0 0 0 0 
1513 10 0 0 0 0 0 0 0 0 0 0 0 
1514 10 0 0 0 0 0 0 0 0 0 0 0 
1515 10 0 0 0 0 0 0 0 0 0 0 0 
1516 10 0 0 0 0 0 0 0 0 0 0 0 
1517 10 0 0 0 0 0 0 0 0 0 0 0 
1518 10 0 0 0 0 0 0 0 0 0 0 0 
1519 10 0 0 0 0 0 0 0 0 0 0 0 
1520 10 0 0 0 0 0 0 0 0 0 0 0 
1521 10 0 0 0 0 0 0 0 0 0 0 0 
1522 10 0 0 0 0 0 0 0 0 0 0 0 
1523 10 0 0 0 0 0 0 0 0 0 0 0 
1524 10 0 0 0 0 0 0 0 0 0 0 0 
1525 10 0 0 0 0 0 0 0 0 0 0 0 
1526 10 0 0 0 0 0 0 0 0 0 0 0 
1527 10 0 0 0 0 0 0 0 0 0 0 0 
1528 10 0 0 0 0 0 0 0 0 0 0 0 
1529 10 0 0 0 0 0 0 0 0 0 0 0 
1530 10 0 0 0 0 0 0 0 0 0 0 0 
1531 10 0 0 0 0 0 0 0 0 0 0 0 
1532 10 0 0 0 0 0 0 0 0 0 0 0 
1533 10 0 0 0 0 0 0 0 0 0 0 0 
1534 10 0 0 0 0 0 0 0 0 0 0 0 
1535 10 0 0 0 0 0 0 0 0 0 0 0 
1536 10 0 0 0 0 0 0 0 0 0 0 0 
1537 10 0 0 0 0 0 0 0 0 0 0 0 
1538 10 0 0 0 0 0 0 0 0 0 0 0 
1539 10 0 0 0 0 0 0 0 0 0 0 0 
1540 10 0 0 0 0 0 0 0 0 0 0 0 
1541 10 0 0 0 0 0 0 0 0 0 0 0 
1542 10 0 0 0 0 0 0 0 0 0 0 0 
1543 10 0 0 0 0 0 0 0 0 0 0 0 
1544 10 0 0 0 0 0 0 0 0 0 0 0 
1545 10 0 0 0 0 0 0 0 0 0 0 0 
1546 10 0 0 0 0 0 0 0 0 0 0 0 
1547 10 0 0 0 0 0 0 0 0 0 0 0 
1548 10 0 0 0 0 0 0 0 0 0 0 0 
1549 10 0 0 0 0 0 0 0 0 0 0 0 
1550 10 0 0 0 0 0 0 0 0 0 0 0 
1551 10 52 0 0 0 0 0 0 0 0 0 0 
1552 10 53 0 0 0 0 0 0 0 0 0 0 
1553 10 54 0 0 0 0 0 0 0 0 0 0 
1554 10 55 0 0 0 0 0 0 0 0 0 0 
1555 10 0 0 0 0 0 0 0 0 0 0 0 
1556 10 0 0 0 0 0 0 0 0 0 0 0 
1557 10 0 0 0 0 0 0 0 0 0 0 0 
1558 10 0 0 0 0 0 0 0 0 0 0 0 
1559 10 0 0 0 0 0 0 0 0 0 0 0 
1560 10 0 0 0 0 0 0 0 0 0 0 0 
1561 10 0 0 0 0 0 0 0 0 0 0 0 
1562 10 0 0 0 0 0 0 0 0 0 0 0 
1563 10 0 0 0 0 0 0 0 0 0 0 0 
1564 10 0 0 0 0 0 0 0 0 0 0 0 
1565 10 0 0 0 0 0 0 0 0 0 0 0 
1566 10 0 0 0 0 0 0 0 0 0 0 0 
1567 10 0 0 0 0 0 0 0 0 0 0 0 
1568 10 0 0 0 0 0 0 0 0 0 0 0 
1569 10 0 0 0 0 0 0 0 0 0 0 0 
1570 10 0 0 0 0 0 0 0 0 0 0 0 
1571 10 0 0 0 0 0 0 0 0 0 0 0 
1572 10 0 0 0 0 0 0 0 0 0 0 0 
1573 10 0 0 0 0 0 0 0 0 0 0 0 
1574 10 0 0 0 0 0 0 0 0 0 0 0 
1575 10 0 0 0 0 0 0 0 0 0 0 0 
1576 10 0 0 0 0 0 0 0 0 0 0 0 
1577 10 0 0 0 0 0 0 0 0 0 0 0 
1578 10 0 0 0 0 0 0 0 0 0 0 0 
1579 10 0 0 0 0 0 0 0 0 0 0 0 
1580 10 0 0 0 0 0 0 0 0 0 0 0 
1581 10 0 0 0 0 0 0 0 0 0 0 0 
1582 10 0 0 0 0 0 0 0 0 0 0 0 
1583 10 0 0 0 0 0 0 0 0 0 0 0 
1584 10 0 0 0 0 0 0 0 0 0 0 0 
1585 10 0 0 0 0 0 0 0 0 0 0 0 
1586 10 0 0 0 0 0 0 0 0 0 0 0 
1587 10 0 0 0 0 0 0 0 0 0 0 0 
1588 10 0 0 0 0 0 0 0 0 0 0 0 
1589 10 0 0 0 0 0 0 0 0 0 0 0 
1590 10 0 0 0 0 0 0 0 0 0 0 0 
1591 10 0 0 0 0 0 0 0 0 0 0 0 
1592 10 0 0 0 0 0 0 0 0 0 0 0 
1593 10 0 0 0 0 0 0 0 0 0 0 0 
1594 10 0 0 0 0 0 0 0 0 0 0 0 
1595 10 0 0 0 0 0 0 0 0 0 0 0 
1596 10 0 0 0 0 0 0 0 0 0 0 0 
1597 10 0 0 0 0 0 0 0 0 0 0 0 
1598 10 0 0 0 0 0 0 0 0 0 0 0 
1599 10 0 0 0 0 0 0 0 0 0 0 0 
1600 10 0 0 0 0 0 0 0 0 0 0 0 
1601 10 0 0 0 0 0 0 0 0 0 0 0 
1602 10 0 0 0 0 0 0 0 0 0 0 0 
1603 10 0 0 0 0 0 0 0 0 0 0 0 
1604 10 0 0 0 0 0 0 0 0 0 0 0 
1605 10 0 0 0 0 0 0 0 0 0 0 0 
1606 10 0 0 0 0 0 0 0 0 0 0 0 
1607 10 0 0 0 0 0 0 0 0 0 0 0 
1608 10 0 0 0 0 0 0 0 0 0 0 0 
1609 10 0 0 0 0 0 0 0 0 0 0 0 
1610 10 0 0 0 0 0 0 0 0 0 0 0 
1611 10 0 0 0 0 0 0 0 0 0 0 0 
1612 10 0 0 0 0 0 0 0 0 0 0 0 
1613 10 0 0 0 0 0 0 0 0 0 0 0 
1614 10 0 0 0 0 0 0 0 0 0 0 0 
1615 10 0 0 0 0 0 0 0 0 0 0 0 
1616 10 0 0 0 0 0 0 0 0 0 0 0 
1617 10 0 0 0 0 0 0 0 0 0 0 0 
1618 10 0 0 0 0 0 0 0 0 0 0 0 
1619 10 0 0 0 0 0 0 0 0 0 0 0 
1620 10 0 0 0 0 0 0 0 0 0 0 0 
1621 10 0 0 0 0 0 0 0 0 0 0 0 
1622 10 0 0 0 0 0 0 0 0 0 0 0 
1623 10 0 0 0 0 0 0 0 0 0 0 0 
1624 10 0 0 0 0 0 0 0 0 0 0 0 
1625 10 0 0 0 0 0 0 0 0 0 0 0 
1626 10 0 0 0 0 0 0 0 0 0 0 0 
1627 10 0 0 0 0 0 0 0 0 0 0 0 
1628 10 0 0 0 0 0 0 0 0 0 0 0 
1629 10 0 0 0 0 0 0 0 0 0 0 0 
1630 10 0 0 0 0 0 0 0 0 0 0 0 
1631 10 0 0 0 0 0 0 0 0 0 0 0 
1632 10 0 0 0 0 0 0 0 0 0 0 0 
1633 10 0 0 0 0 0 0 0 0 0 0 0 
1634 10 0 0 0 0 0 0 0 0 0 0 0 
1635 10 0 0 0 0 0 0 0 0 0 0 0 
1636 10 0 0 0 0 0 0 0 0 0 0 0 
1637 10 0 0 0 0 0 0 0 0 0 0 0 
1638 10 0 0 0 0 0 0 0 0 0 0 0 
1639 10 0 0 0 0 0 0 0 0 0 0 0 
1640 10 0 0 0 0 0 0 0 0 0 0 0 
1641 10 0 0 0 0 0 0 0 0 0 0 0 
1642 10 0 0 0 0 0 0 0 0 0 0 0 
1643 10 0 0 0 0 0 0 0 0 0 0 0 
1644 10 0 0 0 0 0 0 0 0 0 0 0 
1645 10 0 0 0 0 0 0 0 0 0 0 0 
1646 10 0 0 0 0 0 0 0 0 0 0 0 
1647 10 0 0 0 0 0 0 0 0 0 0 0 
1648 10 0 0 0 0 0 0 0 0 0 0 0 
1649 10 0 0 0 0 0 0 0 0 0 0 0 
1650 10 0 0 0 0 0 0 0 0 0 0 0 
1651 10 0 0 0 0 0 0 0 0 0 0 0 
1652 10 0 0 0 0 0 0 0 0 0 0 0 
1653 10 0 0 0 0 0 0 0 0 0 0 0 
1654 10 0 0 0 0 0 0 0 0 0 0 0 
1655 10 0 0 0 0 0 0 0 0 0 0 0 
1656 10 0 0 0 0 0 0 0 0 0 0 0 
1657 10 0 0 0 0 0 0 0 0 0 0 0 
1658 10 0 0 0 0 0 0 0 0 0 0 0 
1659 10 0 0 0 0 0 0 0 0 0 0 0 
1660 10 0 0 0 0 0 0 0 0 0 0 0 
1661 10 0 0 0 0 0 0 0 0 0 0 0 
1662 10 0 0 0 0 0 0 0 0 0 0 0 
1663 10 0 0 0 0 0 0 0 0 0 0 0 
1664 10 0 0 0 0 0 0 0 0 0 0 0 
1665 10 0 0 0 0 0 0 0 0 0 0 0 
1666 10 0 0 0 0 0 0 0 0 0 0 0 
1667 10 0 0 0 0 0 0 0 0 0 0 0 
1668 10 0 0 0 0 0 0 0 0 0 0 0 
1669 10 0 0 0 0 0 0 0 0 0 0 0 
1670 10 0 0 0 0 0 0 0 0 0 0 0 
1671 10 0 0 0 0 0 0 0 0 0 0 0 
1672 10 0 0 0 0 0 0 0 0 0 0 0 
1673 10 0 0 0 0 0 0 0 0 0 0 0 
1674 10 0 0 0 0 0 0 0 0 0 0 0 
1675 10 0 0 0 0 0 0 0 0 0 0 0 
1676 10 0 0 0 0 0 0 0 0 0 0 0 
1677 10 0 0 0 0 0 0 0 0 0 0 0 
1678 10 0 0 0 0 0 0 0 0 0 0 0 
1679 10 0 0 0 0 0 0 0 0 0 0 0 
1680 10 0 0 0 0 0 0 0 0 0 0 0 
1681 10 0 0 0 0 0 0 0 0 0 0 0 
1682 10 0 0 0 0 0 0 0 0 0 0 0 
1683 10 0 0 0 0 0 0 0 0 0 0 0 
1684 10 0 0 0 0 0 0 0 0 0 0 0 
1685 10 0 0 0 0 0 0 0 0 0 0 0 
1686 10 0 0 0 0 0 0 0 0 0 0 0 
1687 10 0 0 0 0 0 0 0 0 0 0 0 
1688 10 0 0 0 0 0 0 0 0 0 0 0 
1689 10 0 0 0 0 0 0 0 0 0 0 0 
1690 10 0 0 0 0 0 0 0 0 0 0 0 
1691 10 0 0 0 0 0 0 0 0 0 0 0 
1692 10 0 0 0 0 0 0 0 0 0 0 0 
1693 10 0 0 0 0 0 0 0 0 0 0 0 
1694 10 0 0 0 0 0 0 0 0 0 0 0 
1695 10 0 0 0 0 0 0 0 0 0 0 0 
1696 10 0 0 0 0 0 0 0 0 0 0 0 
1697 10 0 0 0 0 0 0 0 0 0 0 0 
1698 10 0 0 0 0 0 0 0 0 0 0 0 
1699 10 0 0 0 0 0 0 0 0 0 0 0 
1700 10 0 0 0 0 0 0 0 0 0 0 0 
1701 10 0 0 0 0 0 0 0 0 0 0 0 
1702 10 0 0 0 0 0 0 0 0 0 0 0 
1703 10 0 0 0 0 0 0 0 0 0 0 0 
1704 10 0 0 0 0 0 0 0 0 0 0 0 
1705 10 0 0 0 0 0 0 0 0 0 0 0 
1706 10 0 0 0 0 0 0 0 0 0 0 0 
1707 10 0 0 0 0 0 0 0 0 0 0 0 
1708 10 0 0 0 0 0 0 0 0 0 0 0 
1709 10 0 0 0 0 0 0 0 0 0 0 0 
1710 10 0 0 0 0 0 0 0 0 0 0 0 
1711 10 0 0 0 0 0 0 0 0 0 0 0 
1712 10 0 0 0 0 0 0 0 0 0 0 0 
1713 10 0 0 0 0 0 0 0 0 0 0 0 
1714 10 0 0 0 0 0 0 0 0 0 0 0 
1715 10 0 0 0 0 0 0 0 0 0 0 0 
1716 10 0 0 0 0 0 0 0 0 0 0 0 
1717 10 0 0 0 0 0 0 0 0 0 0 0 
1718 10 0 0 0 0 0 0 0 0 0 0 0 
1719 10 0 0 0 0 0 0 0 0 0 0 0 
1720 10 0 0 0 0 0 0 0 0 0 0 0 
1721 10 0 0 0 0 0 0 0 0 0 0 0 
1722 10 0 0 0 0 0 0 0 0 0 0 0 
1723 10 0 0 0 0 0 0 0 0 0 0 0 
1724 10 0 0 0 0 0 0 0 0 0 0 0 
1725 10 0 0 0 0 0 0 0 0 0 0 0 
1726 10 0 0 0 0 0 0 0 0 0 0 0 
1727 10 75 0 0 0 0 0 0 0 0 0 0 
1728 10 76 0 0 0 0 0 0 0 0 0 0 
1729 10 0 0 0 0 0 0 0 0 0 0 0 
1730 10 0 0 0 0 0 0 0 0 0 0 0 
1731 10 78 0 0 0 0 0 0 0 0 0 0 
1732 10 79 0 0 0 0 0 0 0 0 0 0 
1733 10 80 0 0 0 0 0 0 0 0 0 0 
1734 10 81 0 0 0 0 0 0 0 0 0 0 
1735 10 0 0 0 0 0 0 0 0 0 0 0 
1736 10 0 0 0 0 0 0 0 0 0 0 0 
1737 10 0 0 0 0 0 0 0 0 0 0 0 
1738 10 0 0 0 0 0 0 0 0 0 0 0 
1739 10 0 0 0 0 0 0 0 0 0 0 0 
1740 10 0 0 0 0 0 0 0 0 0 0 0 
1741 10 0 0 0 0 0 0 0 0 0 0 0 
1742 10 0 0 0 0 0 0 0 0 0 0 0 
1743 10 0 0 0 0 0 0 0 0 0 0 0 
1744 10 0 0 0 0 0 0 0 0 0 0 0 
1745 10 0 0 0 0 0 0 0 0 0 0 0 
1746 10 0 0 0 0 0 0 0 0 0 0 0 
1747 10 0 0 0 0 0 0 0 0 0 0 0 
1748 10 0 0 0 0 0 0 0 0 0 0 0 
1749 10 0 0 0 0 0 0 0 0 0 0 0 
1750 10 0 0 0 0 0 0 0 0 0 0 0 
1751 10 0 0 0 0 0 0 0 0 0 0 0 
1752 10 0 0 0 0 0 0 0 0 0 0 0 
1753 10 0 0 0 0 0 0 0 0 0 0 0 
1754 10 0 0 0 0 0 0 0 0 0 0 0 
1755 10 0 0 0 0 0 0 0 0 0 0 0 
1756 10 0 0 0 0 0 0 0 0 0 0 0 
1757 10 0 0 0 0 0 0 0 0 0 0 0 
1758 10 0 0 0 0 0 0 0 0 0 0 0 
1759 10 0 0 0 0 0 0 0 0 0 0 0 
1760 10 0 0 0 0 0 0 0 0 0 0 0 
1761 10 0 0 0 0 0 0 0 0 0 0 0 
1762 10 0 0 0 0 0 0 0 0 0 0 0 
1763 10 0 0 0 0 0 0 0 0 0 0 0 
1764 10 0 0 0 0 0 0 0 0 0 0 0 
1765 10 0 0 0 0 0 0 0 0 0 0 0 
1766 10 0 0 0 0 0 0 0 0 0 0 0 
1767 10 0 0 0 0 0 0 0 0 0 0 0 
1768 10 0 0 0 0 0 0 0 0 0 0 0 
1769 10 0 0 0 0 0 0 0 0 0 0 0 
1770 10 0 0 0 0 0 0 0 0 0 0 0 
1771 10 0 0 0 0 0 0 0 0 0 0 0 
1772 10 0 0 0 0 0 0 0 0 0 0 0 
1773 10 0 0 0 0 0 0 0 0 0 0 0 
1774 10 0 0 0 0 0 0 0 0 0 0 0 
1775 10 0 0 0 0 0 0 0 0 0 0 0 
1776 10 0 0 0 0 0 0 0 0 0 0 0 
1777 10 0 0 0 0 0 0 0 0 0 0 0 
1778 10 0 0 0 0 0 0 0 0 0 0 0 
1779 10 90 0 0 0 0 0 0 0 0 0 0 
1780 10 91 0 0 0 0 0 0 0 0 0 0 
1781 10 92 0 0 0 0 0 0 0 0 0 0 
1782 10 93 0 0 0 0 0 0 0 0 0 0 
1783 10 94 0 0 0 0 0 0 0 0 0 0 
1784 10 95 0 0 0 0 0 0 0 0 0 0 
1785 10 96 0 0 0 0 0 0 0 0 0 0 
1786 10 97 0 0 0 0 0 0 0 0 0 0 
1787 10 98 0 0 0 0 0 0 0 0 0 0 
1788 10 99 0 0 0 0 0 0 0 0 0 0 
1789 10 0 0 0 0 0 0 0 0 0 0 0 
1790 10 0 0 0 0 0 0 0 0 0 0 0 
1791 10 0 0 0 0 0 0 0 0 0 0 0 
1792 10 0 0 0 0 0 0 0 0 0 0 0 
1793 10 0 0 0 0 0 0 0 0 0 0 0 
1794 10 0 0 0 0 0 0 0 0 0 0 0 
1795 10 0 0 0 0 0 0 0 0 0 0 0 
1796 10 0 0 0 0 0 0 0 0 0 0 0 
1797 10 0 0 0 0 0 0 0 0 0 0 0 
1798 10 0 0 0 0 0 0 0 0 0 0 0 
1799 10 0 0 0 0 0 0 0 0 0 0 0 
1800 10 0 0 0 0 0 0 0 0 0 0 0 
1801 10 0 0 0 0 0 0 0 0 0 0 0 
1802 10 0 0 0 0 0 0 0 0 0 0 0 
1803 10 0 0 0 0 0 0 0 0 0 0 0 
1804 10 0 0 0 0 0 0 0 0 0 0 0 
1805 10 0 0 0 0 0 0 0 0 0 0 0 
1806 10 0 0 0 0 0 0 0 0 0 0 0 
1807 10 0 0 0 0 0 0 0 0 0 0 0 
1808 10 0 0 0 0 0 0 0 0 0 0 0 
1809 10 0 0 0 0 0 0 0 0 0 0 0 
1810 10 0 0 0 0 0 0 0 0 0 0 0 
1811 10 0 0 0 0 0 0 0 0 0 0 0 
1812 10 0 0 0 0 0 0 0 0 0 0 0 
1813 10 0 0 0 0 0 0 0 0 0 0 0 
1814 10 0 0 0 0 0 0 0 0 0 0 0 
1815 10 0 0 0 0 0 0 0 0 0 0 0 
1816 10 0 0 0 0 0 0 0 0 0 0 0 
1817 10 0 0 0 0 0 0 0 0 0 0 0 
1818 10 0 0 0 0 0 0 0 0 0 0 0 
1819 10 0 0 0 0 0 0 0 0 0 0 0 
1820 10 0 0 0 0 0 0 0 0 0 0 0 
1821 10 0 0 0 0 0 0 0 0 0 0 0 
1822 10 0 0 0 0 0 0 0 0 0 0 0 
1823 10 0 0 0 0 0 0 0 0 0 0 0 
1824 10 0 0 0 0 0 0 0 0 0 0 0 
1825 10 0 0 0 0 0 0 0 0 0 0 0 
1826 10 0 0 0 0 0 0 0 0 0 0 0 
1827 10 0 0 0 0 0 0 0 0 0 0 0 
1828 10 0 0 0 0 0 0 0 0 0 0 0 
1829 10 0 0 0 0 0 0 0 0 0 0 0 
1830 10 0 0 0 0 0 0 0 0 0 0 0 
1831 10 0 0 0 0 0 0 0 0 0 0 0 
1832 10 0 0 0 0 0 0 0 0 0 0 0 
1833 10 0 0 0 0 0 0 0 0 0 0 0 
1834 10 0 0 0 0 0 0 0 0 0 0 0 
1835 10 0 0 0 0 0 0 0 0 0 0 0 
1836 10 0 0 0 0 0 0 0 0 0 0 0 
1837 10 0 0 0 0 0 0 0 0 0 0 0 
1838 10 0 0 0 0 0 0 0 0 0 0 0 
1839 10 0 0 0 0 0 0 0 0 0 0 0 
1840 10 0 0 0 0 0 0 0 0 0 0 0 
1841 10 0 0 0 0 0 0 0 0 0 0 0 
1842 10 0 0 0 0 0 0 0 0 0 0 0 
1843 10 0 0 0 0 0 0 0 0 0 0 0 
1844 10 0 0 0 0 0 0 0 0 0 0 0 
1845 10 0 0 0 0 0 0 0 0 0 0 0 
1846 10 0 0 0 0 0 0 0 0 0 0 0 
1847 10 0 0 0 0 0 0 0 0 0 0 0 
1848 10 0 0 0 0 0 0 0 0 0 0 0 
1849 10 0 0 0 0 0 0 0 0 0 0 0 
1850 10 0 0 0 0 0 0 0 0 0 0 0 
1851 10 0 0 0 0 0 0 0 0 0 0 0 
1852 10 0 0 0 0 0 0 0 0 0 0 0 
1853 10 0 0 0 0 0 0 0 0 0 0 0 
1854 10 0 0 0 0 0 0 0 0 0 0 0 
1855 10 0 0 0 0 0 0 0 0 0 0 0 
1856 10 0 0 0 0 0 0 0 0 0 0 0 
1857 10 0 0 0 0 0 0 0 0 0 0 0 
1858 10 0 0 0 0 0 0 0 0 0 0 0 
1859 10 0 0 0 0 0 0 0 0 0 0 0 
1860 10 0 0 0 0 0 0 0 0 0 0 0 
1861 10 0 0 0 0 0 0 0 0 0 0 0 
1862 10 0 0 0 0 0 0 0 0 0 0 0 
1863 10 0 0 0 0 0 0 0 0 0 0 0 
1864 10 0 0 0 0 0 0 0 0 0 0 0 
1865 10 0 0 0 0 0 0 0 0 0 0 0 
1866 10 0 0 0 0 0 0 0 0 0 0 0 
1867 10 0 0 0 0 0 0 0 0 0 0 0 
1868 10 0 0 0 0 0 0 0 0 0 0 0 
1869 10 0 0 0 0 0 0 0 0 0 0 0 
1870 10 0 0 0 0 0 0 0 0 0 0 0 
1871 10 0 0 0 0 0 0 0 0 0 0 0 
1872 10 0 0 0 0 0 0 0 0 0 0 0 
1873 10 0 0 0 0 0 0 0 0 0 0 0 
1874 10 0 0 0 0 0 0 0 0 0 0 0 
1875 10 0 0 0 0 0 0 0 0 0 0 0 
1876 10 0 0 0 0 0 0 0 0 0 0 0 
1877 10 0 0 0 0 0 0 0 0 0 0 0 
1878 10 0 0 0 0 0 0 0 0 0 0 0 
1879 10 0 0 0 0 0 0 0 0 0 0 0 
1880 10 0 0 0 0 0 0 0 0 0 0 0 
1881 10 0 0 0 0 0 0 0 0 0 0 0 
1882 10 0 0 0 0 0 0 0 0 0 0 0 
1883 10 0 0 0 0 0 0 0 0 0 0 0 
1884 10 0 0 0 0 0 0 0 0 0 0 0 
1885 10 0 0 0 0 0 0 0 0 0 0 0 
1886 10 0 0 0 0 0 0 0 0 0 0 0 
1887 10 0 0 0 0 0 0 0 0 0 0 0 
1888 10 0 0 0 0 0 0 0 0 0 0 0 
1889 10 0 0 0 0 0 0 0 0 0 0 0 
1890 10 0 0 0 0 0 0 0 0 0 0 0 
1891 10 0 0 0 0 0 0 0 0 0 0 0 
1892 10 0 0 0 0 0 0 0 0 0 0 0 
1893 10 0 0 0 0 0 0 0 0 0 0 0 
1894 10 0 0 0 0 0 0 0 0 0 0 0 
1895 10 0 0 0 0 0 0 0 0 0 0 0 
1896 10 0 0 0 0 0 0 0 0 0 0 0 
1897 10 0 0 0 0 0 0 0 0 0 0 0 
1898 10 0 0 0 0 0 0 0 0 0 0 0 
1899 10 0 0 0 0 0 0 0 0 0 0 0 
1900 10 0 0 0 0 0 0 0 0 0 0 0 
1901 10 0 0 0 0 0 0 0 0 0 0 0 
1902 10 0 0 0 0 0 0 0 0 0 0 0 
1903 10 0 0 0 0 0 0 0 0 0 0 0 
1904 10 0 0 0 0 0 0 0 0 0 0 0 
1905 10 0 0 0 0 0 0 0 0 0 0 0 
1906 10 0 0 0 0 0 0 0 0 0 0 0 
1907 10 0 0 0 0 0 0 0 0 0 0 0 
1908 10 0 0 0 0 0 0 0 0 0 0 0 
1909 10 0 0 0 0 0 0 0 0 0 0 0 
1910 10 0 0 0 0 0 0 0 0 0 0 0 
1911 10 0 0 0 0 0 0 0 0 0 0 0 
1912 10 0 0 0 0 0 0 0 0 0 0 0 
1913 10 0 0 0 0 0 0 0 0 0 0 0 
1914 10 0 0 0 0 0 0 0 0 0 0 0 
1915 10 0 0 0 0 0 0 0 0 0 0 0 
1916 10 0 0 0 0 0 0 0 0 0 0 0 
1917 10 0 0 0 0 0 0 0 0 0 0 0 
1918 10 0 0 0 0 0 0 0 0 0 0 0 
1919 10 0 0 0 0 0 0 0 0 0 0 0 
1920 10 0 0 0 0 0 0 0 0 0 0 0 
1921 10 0 0 0 0 0 0 0 0 0 0 0 
1922 10 0 0 0 0 0 0 0 0 0 0 0 
1923 10 0 0 0 0 0 0 0 0 0 0 0 
1924 10 0 0 0 0 0 0 0 0 0 0 0 
1925 10 0 0 0 0 0 0 0 0 0 0 0 
1926 10 0 0 0 0 0 0 0 0 0 0 0 
1927 10 0 0 0 0 0 0 0 0 0 0 0 
1928 10 0 0 0 0 0 0 0 0 0 0 0 
1929 10 0 0 0 0 0 0 0 0 0 0 0 
1930 10 0 0 0 0 0 0 0 0 0 0 0 
1931 10 0 0 0 0 0 0 0 0 0 0 0 
1932 10 0 0 0 0 0 0 0 0 0 0 0 
1933 10 0 0 0 0 0 0 0 0 0 0 0 
1934 10 0 0 0 0 0 0 0 0 0 0 0 
1935 10 0 0 0 0 0 0 0 0 0 0 0 
1936 10 0 0 0 0 0 0 0 0 0 0 0 
1937 10 0 0 0 0 0 0 0 0 0 0 0 
1938 10 0 0 0 0 0 0 0 0 0 0 0 
1939 10 0 0 0 0 0 0 0 0 0 0 0 
1940 10 0 0 0 0 0 0 0 0 0 0 0 
1941 10 0 0 0 0 0 0 0 0 0 0 0 
1942 10 0 0 0 0 0 0 0 0 0 0 0 
1943 10 0 0 0 0 0 0 0 0 0 0 0 
1944 10 0 0 0 0 0 0 0 0 0 0 0 
1945 10 0 0 0 0 0 0 0 0 0 0 0 
1946 10 0 0 0 0 0 0 0 0 0 0 0 
1947 10 0 0 0 0 0 0 0 0 0 0 0 
1948 10 0 0 0 0 0 0 0 0 0 0 0 
1949 10 0 0 0 0 0 0 0 0 0 0 0 
1950 10 0 0 0 0 0 0 0 0 0 0 0 
1951 10 0 0 0 0 0 0 0 0 0 0 0 
1952 10 0 0 0 0 0 0 0 0 0 0 0 
1953 10 0 0 0 0 0 0 0 0 0 0 0 
1954 10 0 0 0 0 0 0 0 0 0 0 0 
1955 10 0 0 0 0 0 0 0 0 0 0 0 
1956 10 0 0 0 0 0 0 0 0 0 0 0 
1957 10 0 0 0 0 0 0 0 0 0 0 0 
1958 10 0 0 0 0 0 0 0 0 0 0 0 
1959 10 0 0 0 0 0 0 0 0 0 0 0 
1960 10 0 0 0 0 0 0 0 0 0 0 0 
1961 10 0 0 0 0 0 0 0 0 0 0 0 
1962 10 0 0 0 0 0 0 0 0 0 0 0 
1963 10 0 0 0 0 0 0 0 0 0 0 0 
1964 10 0 0 0 0 0 0 0 0 0 0 0 
1965 10 0 0 0 0 0 0 0 0 0 0 0 
1966 10 0 0 0 0 0 0 0 0 0 0 0 
1967 10 108 0 0 0 0 0 0 0 0 0 0 
1968 10 109 0 0 0 0 0 0 0 0 0 0 
1969 10 0 0 0 0 0 0 0 0 0 0 0 
1970 10 0 0 0 0 0 0 0 0 0 0 0 
1971 10 0 0 0 0 0 0 0 0 0 0 0 
1972 10 0 0 0 0 0 0 0 0 0 0 0 
1973 10 0 0 0 0 0 0 0 0 0 0 0 
1974 10 0 0 0 0 0 0 0 0 0 0 0 
1975 10 0 0 0 0 0 0 0 0 0 0 0 
1976 10 0 0 0 0 0 0 0 0 0 0 0 
1977 10 0 0 0 0 0 0 0 0 0 0 0 
1978 10 0 0 0 0 0 0 0 0 0 0 0 
1979 10 0 0 0 0 0 0 0 0 0 0 0 
1980 10 0 0 0 0 0 0 0 0 0 0 0 
1981 10 0 0 0 0 0 0 0 0 0 0 0 
1982 10 0 0 0 0 0 0 0 0 0 0 0 
1983 10 113 0 0 0 0 0 0 0 0 0 0 
1984 10 114 0 0 0 0 0 0 0 0 0 0 
1985 10 0 0 0 0 0 0 0 0 0 0 0 
1986 10 0 0 0 0 0 0 0 0 0 0 0 
1987 10 116 0 0 0 0 0 0 0 0 0 0 
1988 10 117 0 0 0 0 0 0 0 0 0 0 
1989 10 118 0 0 0 0 0 0 0 0 0 0 
1990 10 119 0 0 0 0 0 0 0 0 0 0 
1991 10 0 0 0 0 0 0 0 0 0 0 0 
1992 10 0 0 0 0 0 0 0 0 0 0 0 
1993 10 0 0 0 0 0 0 0 0 0 0 0 
1994 10 0 0 0 0 0 0 0 0 0 0 0 
1995 10 0 0 0 0 0 0 0 0 0 0 0 
1996 10 0 0 0 0 0 0 0 0 0 0 0 
1997 10 0 0 0 0 0 0 0 0 0 0 0 
1998 10 0 0 0 0 0 0 0 0 0 0 0 
1999 10 0 0 0 0 0 0 0 0 0 0 0 
2000 10 0 0 0 0 0 0 0 0 0 0 0 
2001 10 0 0 0 0 0 0 0 0 0 0 0 
2002 10 0 0 0 0 0 0 0 0 0 0 0 
2003 10 0 0 0 0 0 0 0 0 0 0 0 
2004 10 0 0 0 0 0 0 0 0 0 0 0 
2005 10 0 0 0 0 0 0 0 0 0 0 0 
2006 10 0 0 0 0 0 0 0 0 0 0 0 
2007 10 0 0 0 0 0 0 0 0 0 0 0 
2008 10 0 0 0 0 0 0 0 0 0 0 0 
2009 10 0 0 0 0 0 0 0 0 0 0 0 
2010 10 0 0 0 0 0 0 0 0 0 0 0 
2011 10 0 0 0 0 0 0 0 0 0 0 0 
2012 10 0 0 0 0 0 0 0 0 0 0 0 
2013 10 0 0 0 0 0 0 0 0 0 0 0 
2014 10 0 0 0 0 0 0 0 0 0 0 0 
2015 10 0 0 0 0 0 0 0 0 0 0 0 
2016 10 0 0 0 0 0 0 0 0 0 0 0 
2017 10 0 0 0 0 0 0 0 0 0 0 0 
2018 10 0 0 0 0 0 0 0 0 0 0 0 
2019 10 0 0 0 0 0 0 0 0 0 0 0 
2020 10 0 0 0 0 0 0 0 0 0 0 0 
2021 10 0 0 0 0 0 0 0 0 0 0 0 
2022 10 0 0 0 0 0 0 0 0 0 0 0 
2023 10 0 0 0 0 0 0 0 0 0 0 0 
2024 10 0 0 0 0 0 0 0 0 0 0 0 
2025 10 0 0 0 0 0 0 0 0 0 0 0 
2026 10 0 0 0 0 0 0 0 0 0 0 0 
2027 10 0 0 0 0 0 0 0 0 0 0 0 
2028 10 0 0 0 0 0 0 0 0 0 0 0 
2029 10 0 0 0 0 0 0 0 0 0 0 0 
2030 10 0 0 0 0 0 0 0 0 0 0 0 
2031 10 123 0 0 0 0 0 0 0 0 0 0 
2032 10 124 0 0 0 0 0 0 0 0 0 0 
2033 10 0 0 0 0 0 0 0 0 0 0 0 
2034 10 0 0 0 0 0 0 0 0 0 0 0 
2035 10 0 0 0 0 0 0 0 0 0 0 0 
2036 10 0 0 0 0 0 0 0 0 0 0 0 
2037 10 127 0 0 0 0 0 0 0 0 0 0 
2038 10 128 0 0 0 0 0 0 0 0 0 0 
2039 10 129 0 0 0 0 0 0 0 0 0 0 
2040 10 130 0 0 0 0 0 0 0 0 0 0 
2041 10 131 0 0 0 0 0 0 0 0 0 0 
2042 10 132 0 0 0 0 0 0 0 0 0 0 
2043 10 0 0 0 0 0 0 0 0 0 0 0 
2044 10 0 0 0 0 0 0 0 0 0 0 0 
2045 10 134 0 0 0 0 0 0 0 0 0 0 
2046 10 135 0 0 0 0 0 0 0 0 0 0 

0 5 2 2 0.148148 1 15 -21 4 0.989247 23 23 -6 15 -16 13 9 16 21 14 -21 12 -9 21 -19 10 19 16 -5 23 12 13 24 17 -6 17 -18 14 26 19 14 16 -27 3 -8 17 -9 18 17 13 7 14 10 13 -2 13 30 
1 5 2 2 0.307692 1 18 -13 4 0.972973 9 20 -26 23 -35 19 30 19 -16 18 23 26 -26 19 -30 18 -15 16 21 
2 5 2 2 0.75 3 16 -7 13 22 12 8 4 0.842105 4 7 -10 23 30 25 3 13 -29 
3 5 2 2 0.985075 33 14 -34 14 -11 14 -16 11 -20 15 7 15 1 13 28 12 -29 11 -30 15 -3 16 -38 11 -15 15 23 14 -31 13 -35 15 -1 13 27 16 -12 13 -22 14 -24 13 31 16 -27 13 2 13 -13 11 26 15 -21 12 12 16 12 10 -26 11 24 11 -31 11 -7 14 -27 4 0.195122 2 26 5 24 25 
4 5 2 2 0.666667 1 15 14 4 0.888889 2 6 12 2 26 
5 5 2 2 0.0285714 1 10 16 4 0.998165 136 21 15 13 28 21 16 21 24 11 -32 21 -33 11 15 11 -6 13 -25 17 -6 12 -3 9 18 10 -20 11 -1 14 -29 20 4 16 -2 9 14 2 30 4 23 21 -25 10 8 13 -37 14 3 12 -18 10 -1 11 30 11 26 8 14 13 -12 12 18 4 13 11 -20 11 -36 10 -16 17 29 10 26 16 7 10 16 15 18 9 -5 -10 31 -14 -23 -14 -1 -14 19 -15 -39 -14 -11 -11 27 -11 -12 -9 18 -11 -4 -15 -13 3 -4 -8 7 -20 35 -10 26 -16 24 -15 8 -9 31 -11 -5 -24 12 -24 13 -17 23 -19 -10 -16 18 -18 12 -11 30 -19 -30 -17 9 -19 -7 -11 -39 -12 4 -9 -30 -10 -29 -11 -21 -20 13 -15 -11 -15 25 -13 -26 -15 -16 -15 -19 -20 20 -16 23 -16 -25 -19 22 -19 -14 -16 0 -12 -42 -14 -37 -16 31 -20 -4 -24 -4 7 -11 -17 28 -22 -8 -22 -32 -21 26 -15 -35 -16 -38 -3 34 -22 29 -6 20 -8 33 -19 -20 -16 -34 -7 33 -6 27 11 -16 -19 -14 0 -15 -25 6 0 -12 -21 -11 1 4 2 -20 -3 -38 10 -39 4 -25 5 -8 -4 -5 5 -24 6 -7 -4 26 -21 -35 8 -18 -2 26 -2 10 8 -29 9 -13 0 -24 10 -5 8 -32 15 -11 9 -37 1 -38 13 -32 
6 5 2 2 0.2 1 -15 -20 4 0.984615 16 18 28 -3 -28 -21 -29 14 21 9 -31 5 -31 4 -27 -5 -9 -2 -4 17 -5 -24 7 -16 2 -18 -15 22 26 -10 4 -11 -31 
7 5 2 2 0.857143 6 -20 -18 -11 11 -20 -27 -12 -32 5 1 -15 -34 4 0.727273 4 -21 9 -6 20 -8 -9 -12 -26 
8 5 2 2 0.6 3 8 21 10 -17 7 19 4 0.914286 8 15 12 -10 32 -6 29 -18 -33 -20 -15 -8 0 -7 24 -12 28 
9 5 2 2 0.945455 13 -14 -18 -15 -22 -11 -1 -14 -3 -14 -32 -20 -6 -13 8 -20 0 -10 -25 -13 -11 -12 -14 -11 -29 -7 7 4 0.48 3 -8 15 -16 -24 -15 4 
10 5 2 2 0.173913 1 -15 23 4 0.987013 19 -17 -12 -14 -19 -13 -28 -17 22 -19 -12 -7 -25 -9 -24 -13 -19 -18 -27 -6 20 -23 -26 -21 -28 -11 23 -19 23 -18 14 -16 32 -9 25 -5 -1 -21 32 
11 5 2 2 0.977778 11 13 8 5 12 5 17 12 -13 14 24 7 26 7 22 9 -5 9 3 7 13 9 -12 4 0.266667 1 8 12 
12 5 2 2 0.97561 10 8 18 -11 14 -20 26 -13 31 -19 24 -10 29 -20 26 -19 30 -17 26 -7 28 4 0.285714 1 -5 9 
13 5 2 2 0.133333 3 -9 -17 8 -3 6 -39 4 0.990476 78 -17 -16 -4 32 -16 -33 -7 27 -14 19 -20 -30 -1 30 -14 27 -14 3 -16 28 -23 -10 -23 -14 20 23 -14 7 -21 15 10 -24 -20 26 -23 -33 4 -17 -2 15 -5 14 5 0 -2 4 -4 20 7 -4 -7 14 -7 23 -18 -5 -5 -26 -8 -15 -4 -30 -17 2 8 14 -20 -15 -7 18 -18 28 -6 6 -6 15 10 15 -6 23 -17 -30 -23 -31 13 0 -14 -6 -3 1 -14 25 -10 9 -12 21 -11 26 -8 -26 13 23 -6 5 -11 2 -1 17 -6 -2 12 29 -11 -12 14 27 12 30 0 -34 -10 19 0 -6 0 -12 2 23 -7 7 1 -2 3 10 1 -7 2 32 3 26 -6 7 3 -27 3 30 3 -30 -6 -2 4 -5 5 1 5 -21 
14 5 2 2 0.266667 1 3 42 4 0.977778 11 -16 13 -23 14 -17 22 -22 28 -16 27 -15 4 -6 43 -19 4 2 12 1 45 -8 43 
15 5 2 2 0.2 1 7 39 4 0.984615 16 -19 42 15 40 -5 33 -9 41 -20 39 -13 41 -17 36 -20 44 -16 37 5 42 -5 33 4 44 10 38 13 -8 9 -27 -2 43 
16 5 2 2 0.965517 7 8 35 8 -20 9 -27 9 -16 13 48 15 47 7 39 4 0.363636 1 -2 42 
17 5 2 2 0.897884 244 1 13 0 -14 -9 10 -9 8 -3 -14 -11 12 -15 9 -17 10 -5 -11 -5 11 10 -1 -15 7 10 3 1 -10 1 -7 13 -22 -5 12 10 4 -13 14 3 1 6 29 2 -1 -6 8 3 -27 1 18 -7 12 -8 13 5 -16 0 -11 -8 26 -13 13 -2 10 1 42 0 2 4 0 6 -2 -6 -22 -11 13 -6 38 -7 38 12 7 -6 8 10 26 -5 -22 16 -31 -7 2 15 13 0 -26 0 -7 5 -12 14 -30 -13 12 4 -30 -3 -5 6 1 10 -33 6 19 4 6 5 -20 0 -31 -15 -31 9 0 -6 27 8 -31 -9 -13 6 1 15 -14 -1 12 -6 3 -4 42 -6 0 5 13 -5 -30 8 -28 11 25 4 -7 7 -28 0 -7 4 -5 4 -9 0 -24 -2 13 12 -23 -4 28 -3 15 -9 -27 -7 11 -14 17 -3 -25 15 -23 -3 -30 -8 -9 10 -23 8 30 4 35 6 37 5 -28 11 0 7 34 9 -17 8 -14 5 -13 10 -18 6 -18 -16 6 -6 10 -6 14 9 35 -4 -23 2 4 2 -24 1 -25 -17 -34 -6 14 -6 -2 -9 26 -8 -8 10 40 -16 7 9 -14 -16 26 -12 -15 -13 6 3 -11 -10 -15 -13 -31 -9 23 -18 -28 -18 22 -17 -5 -15 18 -14 -36 3 20 3 0 -5 -21 -10 -13 1 -6 -13 22 -11 -23 -9 40 -11 3 -17 -8 4 -27 -11 -8 -18 17 -13 -6 -5 -25 5 22 -1 6 14 -2 -7 -9 7 -12 0 15 4 -14 -7 -1 -8 42 -11 42 -13 43 7 40 -9 -30 -9 -4 -13 -5 1 -9 -16 -6 -17 -7 13 -9 -13 -5 -13 -3 9 -23 -12 -30 -13 -4 -6 -24 -5 -28 -8 -17 7 -24 1 5 5 20 -14 7 -8 -22 -8 -10 -11 -9 -3 6 -10 40 -8 1 8 9 2 39 -1 38 -13 20 3 -7 -3 29 10 43 -11 40 -5 31 -13 19 -20 -6 2 37 -6 29 -14 38 -10 35 -7 38 -16 31 -15 37 -20 -8 4 -8 6 28 -12 26 -4 26 4 25 10 -30 -7 27 -19 32 -8 38 -8 36 -4 34 5 31 3 32 -19 35 15 17 10 39 -18 -9 -14 35 4 23 9 20 10 36 8 -13 4 38 5 37 -8 -10 -7 -24 -20 -10 -5 22 -16 18 -16 34 -8 37 -9 43 -20 36 -10 36 -8 36 -10 38 2 39 11 -8 -12 -22 -8 -22 -16 -25 4 0.645349 111 -16 13 -4 -16 19 0 -16 12 -15 15 14 8 -9 44 3 3 13 1 0 45 -7 -18 -21 17 0 43 11 31 3 20 0 -15 -3 -18 13 1 -6 15 -17 10 -12 -29 7 -27 -1 10 -4 12 -4 28 17 13 -17 9 2 -1 4 10 12 -18 18 43 3 -3 9 -4 0 17 12 -25 0 -19 -5 20 -14 -26 -21 -24 19 -12 -14 -12 2 -32 -19 -2 -20 -29 -13 1 9 23 6 -12 9 21 11 11 -10 7 -12 -5 -19 -26 -11 1 -8 -28 -15 -20 -9 -3 -8 42 -21 -27 10 24 -3 22 6 45 -2 -28 -7 -29 -7 -20 -1 -8 8 -28 7 10 -11 -7 -8 1 -17 -3 -17 -31 14 12 13 20 8 -22 12 7 -9 -13 -15 7 17 -2 -4 19 6 43 14 -16 0 24 -1 -22 -1 -24 -3 27 1 41 -22 -11 -21 -13 -5 3 6 13 -1 1 -12 29 11 40 8 38 12 -7 -5 35 -19 41 -17 -10 16 17 5 27 -17 -12 -1 -20 -5 36 -4 -1 1 41 -17 33 4 -22 -15 41 -11 36 -13 42 -17 -17 
18 5 2 2 0.958084 240 -10 3 6 -10 0 41 -9 3 15 -32 -3 -10 -4 21 -2 -23 16 -23 -20 -18 -1 24 -2 20 -5 -2 -19 -18 -10 -14 2 -34 -7 10 4 12 -17 13 1 -33 -12 -4 -5 -13 -1 -18 -10 20 -4 41 -5 38 6 -33 -4 -34 -14 -21 -15 -26 -4 -18 5 -34 -13 -18 6 24 0 -24 0 -8 -9 -15 -14 9 -1 -17 -1 11 -6 44 8 22 -18 -17 -7 1 10 14 5 -15 -17 43 -5 -28 -5 -24 -16 31 10 19 -9 4 -10 15 11 -13 -5 15 -14 4 2 29 0 31 -1 39 -15 34 5 -23 -5 3 -5 -16 -7 -24 -6 -17 -8 -30 6 12 6 -18 -17 0 -9 41 -12 45 5 20 -17 -3 -7 -18 6 -2 -16 35 -14 33 0 -20 -20 -9 -1 -17 -18 -11 -2 28 5 -24 5 -11 6 15 9 37 5 -10 -5 -23 -2 31 8 -24 7 -26 -14 33 5 -22 -10 23 4 38 -7 -1 10 16 -2 37 -6 34 -10 -20 -3 37 8 -10 2 0 -15 1 -7 9 -19 -14 0 40 7 4 3 -22 -13 16 -7 37 -20 -4 8 19 -4 -18 11 31 1 32 -9 37 6 19 -5 -30 4 31 -3 34 -12 -2 -13 -25 7 -30 -7 2 -11 14 -14 -20 -14 28 6 21 -11 -20 -10 25 -11 -37 -12 -9 3 13 0 36 10 30 -7 -26 -15 8 -14 -32 -6 -10 -10 -34 -5 23 -7 -30 -1 40 -18 26 5 -25 0 24 -12 24 -3 18 -7 23 5 4 5 -2 -9 26 2 -20 13 -18 2 13 -3 -3 9 11 2 34 -9 44 -19 -17 -13 -14 -12 -17 4 -21 6 -7 4 -6 3 -20 -7 8 10 32 0 13 -10 19 13 23 8 13 10 -23 13 -32 15 34 -14 -12 8 40 -7 22 -11 -21 -3 2 4 11 0 4 4 26 -15 29 15 27 -11 1 -4 25 -18 26 1 9 11 28 1 23 -9 5 2 38 -9 29 13 18 -11 -15 -9 30 -17 -11 2 10 3 -12 -7 -18 1 27 1 9 -1 15 4 19 1 22 14 29 -7 -3 -13 19 -7 19 9 21 -19 18 9 -17 4 26 -15 21 2 20 11 -17 11 -16 -16 28 -11 19 14 25 15 5 -8 -9 1 27 5 -8 13 17 -5 21 10 -20 -7 4 -18 -6 12 30 -19 -8 9 12 -9 27 -7 25 6 13 5 2 4 21 5 6 4 0.411765 42 -11 4 5 -9 0 10 -19 -17 -15 -5 -9 5 20 -5 -1 -24 -5 -22 12 -14 10 -4 3 37 7 -1 19 -13 -8 -14 9 -26 -15 -11 9 -1 -5 -4 5 34 -4 -12 17 35 -9 -4 -20 -4 -2 26 6 38 -13 41 -8 24 -18 45 -11 40 17 3 16 2 -2 -14 -3 38 12 17 12 21 -16 3 3 16 -2 6 14 27 17 18 -17 33 
19 5 2 2 0.990291 51 5 43 -17 44 2 44 -2 44 3 43 -14 45 -3 43 -11 43 3 44 -6 45 -1 45 -9 44 4 46 -1 45 5 44 -14 46 4 45 10 45 6 53 -15 52 8 52 8 53 0 53 9 53 9 50 -6 49 9 46 9 46 16 51 10 50 -3 50 14 51 9 52 -1 48 -14 48 1 51 9 48 -13 52 11 53 14 48 -11 53 -2 48 -11 53 -8 49 7 49 10 53 13 52 0 50 6 51 2 51 -12 -32 4 0.135593 2 9 45 9 45 
20 5 2 2 0.75 3 9 -37 2 -12 13 -35 4 0.842105 4 -8 -32 12 10 11 -26 14 13 
21 5 2 2 0.987654 20 -9 -35 13 -36 -5 -19 -2 13 -7 -16 -8 -24 -5 -1 -10 -38 -12 -38 -15 -36 1 -16 -20 -37 -13 -35 8 -32 -6 17 9 -32 6 -35 1 -34 2 -35 5 -34 4 0.166667 1 6 -34 
22 5 2 2 0.129032 1 -9 -23 4 0.990826 27 -8 -14 10 -15 0 18 10 18 -1 -32 -5 6 -19 13 -19 4 -5 24 5 42 -20 -4 3 -1 3 31 -25 -39 -15 -7 -15 -10 -18 17 7 39 -1 44 -1 42 11 22 -4 15 -4 14 12 19 12 1 -22 36 -4 -6 
23 5 2 2 0.666667 3 -2 5 -12 -1 3 -14 4 0.888889 6 -21 21 -1 -21 -4 16 0 7 4 -14 8 -33 
24 5 2 2 0.909091 5 -3 -2 5 -4 -4 -14 0 -36 3 -36 4 0.615385 2 -6 34 -20 30 
25 5 2 2 0.969697 8 -9 -36 6 -40 -6 -41 -6 -36 -3 -37 -5 -27 -5 -14 -4 28 4 0.333333 1 0 35 
26 5 2 2 0.296296 2 0 32 -3 -12 4 0.974359 19 -11 -35 -6 -33 -19 -23 12 -10 -5 -12 -12 41 0 -12 -5 24 -1 40 2 -12 -4 10 -4 -27 -3 13 -23 29 2 23 3 -9 -11 28 4 -11 6 -19 
27 5 2 2 0.827586 6 -2 23 0 28 -3 5 -1 -9 -2 3 9 23 4 0.769231 5 -8 -21 -9 29 -13 7 13 -18 13 -13 
28 5 2 2 0.979592 24 4 -20 -1 -13 -6 -35 -1 2 2 -10 -3 -36 -2 10 7 43 -2 13 -10 -26 -1 -6 5 -21 1 -16 -2 0 0 -8 -1 -6 9 10 10 -25 6 12 -3 -10 -1 10 -1 -11 -1 1 0 -18 4 0.25 2 14 -20 -4 35 
29 5 2 2 0.111111 1 -1 38 4 0.992248 32 -8 30 0 -26 -6 -25 -6 -9 -15 -34 0 19 6 -23 15 38 -5 -10 0 27 6 -10 -5 -30 -5 15 -7 38 -13 -29 -7 42 -6 42 7 18 -12 -10 -3 -28 -3 9 9 43 -2 9 9 22 10 4 -1 -33 -9 43 11 3 11 -10 11 -8 -23 41 3 39 
30 5 2 2 0.90566 12 14 -18 -4 40 15 34 12 24 15 28 16 -30 16 -29 14 31 15 -42 14 34 16 29 10 -26 4 0.625 5 2 -9 2 -10 10 15 11 2 9 -15 
31 5 2 2 0.864865 8 11 35 16 53 14 41 11 39 12 40 9 -4 16 33 12 -31 4 0.714286 5 8 42 21 40 13 35 3 34 23 -20 
32 5 2 2 0.296296 4 9 40 14 -24 15 -22 10 -35 4 0.974359 38 22 -26 24 44 22 -27 3 22 9 43 3 12 4 -10 18 -20 0 -9 -1 -3 4 32 22 -15 18 26 17 34 17 39 15 30 24 -27 10 -30 7 -10 9 23 7 21 -1 20 2 15 -1 33 -1 31 4 42 5 42 0 43 -9 42 9 -6 -2 -21 20 -9 9 -29 22 -32 8 -33 0 -34 22 -34 22 -39 
33 5 3 2 0.864865 8 15 1 9 -28 12 44 14 -9 13 44 15 47 8 4 14 49 3 0.421053 2 25 33 -17 98 4 0.545455 3 7 20 11 36 15 35 
34 5 2 2 0.5 1 7 -38 4 0.941176 4 21 -36 -3 -36 -4 -36 15 -38 
35 5 2 2 0.978723 23 8 -33 9 -33 6 -37 7 -37 11 -37 3 -37 7 -37 12 -27 14 -37 10 -42 9 -39 15 -22 10 2 11 2 14 -14 10 -2 11 -25 10 -6 7 -44 10 20 10 -27 11 15 10 30 4 0.258065 2 19 4 6 -39 
36 5 2 2 0.72 9 17 -8 18 -5 16 34 15 45 19 -14 15 -2 17 27 16 26 16 45 4 0.861538 14 26 14 18 -15 9 -7 14 8 20 -9 21 17 19 8 13 45 25 43 15 -2 16 -6 25 -8 25 -8 12 14 
37 5 2 2 0.258065 2 16 15 16 46 4 0.978723 23 11 12 4 38 15 37 15 43 23 1 7 -4 8 -15 24 -3 21 30 11 12 21 -18 25 -18 21 41 16 42 21 8 22 24 16 31 14 9 15 41 11 42 12 13 15 19 12 0 
38 5 2 2 0.894737 17 18 5 17 -3 17 24 17 -7 -19 -34 13 -38 18 -30 -15 -31 -14 -33 -13 -24 -12 -30 -8 7 -10 8 -5 -32 -9 29 -1 14 2 9 4 0.653061 8 23 -5 25 -25 17 10 -13 37 -2 11 -5 22 -10 -24 -17 0 
39 5 4 0 0.363636 2 8 82 5 89 2 0.363636 2 -6 -14 -12 -38 3 0.705882 6 37 20 39 2 41 -32 35 6 8 100 40 31 4 0.705882 6 -23 20 -23 -24 -14 -15 -6 16 -3 -36 -21 9 
40 5 2 2 0.108108 1 16 21 4 0.992481 33 0 -34 23 -36 18 -33 12 -25 20 -27 16 -10 10 -26 11 -40 15 2 8 -39 13 -3 8 40 5 -5 8 38 9 -11 0 2 -12 -38 -2 -38 -15 1 -7 -36 -4 6 2 -37 -4 -8 -19 -39 -4 -17 -6 -15 0 -1 -2 -4 -8 34 -8 -2 -4 6 -3 2 -17 -37 
41 5 2 2 0.8 5 -2 -26 12 45 -12 -1 -20 -26 -11 35 4 0.8 5 -22 9 -3 12 5 -36 -3 29 -14 19 
42 5 3 2 0.202532 4 -14 -21 -14 -34 0 24 -7 -8 3 0.0571429 1 -40 70 4 0.980237 62 10 29 8 -17 9 27 -2 -6 10 -26 -8 -3 14 -34 -8 30 16 33 -10 1 20 0 21 -22 -5 -1 -6 18 -7 -32 12 -22 -12 -27 26 -33 -7 -31 -12 -35 13 -23 0 -29 5 -2 -2 -33 -1 15 6 7 -13 -26 24 -28 19 1 -21 -34 -9 -28 -1 -35 6 -14 2 34 -9 14 -13 -4 -12 -4 1 -10 3 -12 -2 37 5 22 2 -24 8 5 7 25 -11 -18 -2 -25 20 8 7 17 -8 -18 3 24 -9 -29 21 9 -12 -9 -7 -15 -9 -15 -7 -22 3 -12 9 -33 2 -3 -11 -12 -5 -28 6 3 
43 5 2 2 0.5 1 -13 -40 4 0.941176 4 -13 -36 -13 -35 -18 -37 -11 -38 
44 5 2 2 0.987013 38 -19 -40 -9 -38 -5 -43 -4 -37 13 -43 -15 -44 -14 -45 -13 -39 -12 -42 -11 -45 -6 -39 11 -44 2 -41 -16 -40 13 -41 0 -41 -9 -40 -20 -10 -20 -14 -13 -38 -17 -37 0 -35 -4 -41 -7 -39 -8 -41 -18 -9 4 -39 -19 -4 -1 -43 -20 -7 6 -41 -6 -42 -7 -39 -3 -43 -13 -41 -10 -36 11 -38 -5 -36 4 0.173913 2 7 -42 -16 -41 
45 5 2 2 0.6 3 -4 -42 -3 -40 7 -41 4 0.914286 8 -10 -40 13 -36 -8 -32 11 -40 1 -35 -18 -37 -17 -40 9 -38 
46 5 2 2 0.952381 10 19 13 18 29 16 32 13 13 10 15 19 22 8 -34 15 52 19 38 10 -6 4 0.444444 2 26 18 18 11 
47 5 2 2 0.666667 3 18 -21 11 41 6 -14 4 0.888889 6 24 23 21 21 25 14 21 -11 26 38 25 -26 
48 5 2 2 0.98324 44 11 3 19 33 19 24 4 43 6 43 17 3 17 -15 17 -22 18 22 13 43 18 -20 19 23 19 22 12 45 16 22 14 -6 18 -2 16 8 16 52 18 6 9 21 17 -9 9 -1 16 5 17 18 12 7 11 -33 12 10 12 -6 12 17 12 34 10 34 13 27 14 -12 13 -28 11 -9 14 18 15 4 10 -26 11 -20 7 32 18 -16 13 3 13 1 4 0.214286 3 -8 39 18 45 22 28 
49 5 4 0 0.363636 2 24 -27 9 85 2 0.705882 6 14 -40 17 -31 20 11 21 9 21 -29 9 -38 3 0.756757 7 25 -74 27 26 45 14 39 7 40 -4 27 -86 27 3 4 0.210526 1 9 -23 
50 5 2 2 0.307692 1 -15 -45 4 0.972973 9 -9 30 -7 7 4 -39 -6 11 -8 -36 -5 -34 -17 -41 -9 -43 -7 -41 
51 5 2 0 0.242424 2 -13 18 24 -19 3 0.980392 25 -40 -57 -24 25 -39 -42 -36 -11 -42 5 -38 35 -40 -82 -40 -38 28 -19 -37 -5 -39 27 -40 28 23 -56 -35 -52 -28 -36 -29 -36 15 -78 -35 30 -28 -41 20 -9 31 -41 -33 -29 31 -22 -35 -63 -41 45 
52 5 2 0 0.222222 1 19 -54 3 0.982456 14 22 -71 28 -40 25 22 26 44 -43 -10 21 30 -37 -33 33 -25 28 -69 28 -28 -19 92 39 -1 -18 91 32 -33 
53 5 4 0 0.761905 4 23 -37 19 18 2 76 -1 77 2 0.333333 1 13 -42 3 0.533333 2 40 -8 22 -13 4 0.533333 2 24 -42 23 -44 
54 5 3 0 0.840183 46 -17 -7 -16 -52 -15 -2 -18 -51 -18 -41 9 -60 -24 19 23 -91 -10 -92 -24 -39 -1 73 -5 75 13 -53 -4 75 6 -23 -13 77 24 6 11 -26 -15 3 14 -51 11 8 -20 -2 14 -21 -18 5 8 -40 11 0 13 -4 21 -6 9 -20 9 -62 19 -26 23 -11 18 -82 19 -72 13 -29 6 22 16 -39 10 -63 15 -22 12 -45 22 -14 -24 -72 12 -48 16 -59 2 23 21 -52 1 0.304762 8 13 33 14 -10 12 -35 13 -10 13 9 13 23 14 -3 14 9 3 0.666667 27 -27 18 -30 -28 -2 91 28 -27 -38 60 -39 -13 -40 0 26 -97 -37 24 -41 -69 30 -98 20 56 -28 80 37 7 19 -81 35 -24 -42 -97 17 10 17 -22 26 35 30 3 29 16 19 -38 32 -33 22 -87 27 -42 29 22 
55 5 2 0 0.981132 13 12 -27 17 -49 9 -26 16 5 16 4 11 7 13 -34 17 15 11 -15 16 6 17 11 14 -45 18 -54 3 0.235294 1 25 29 
56 5 2 0 0.2 1 -16 -42 3 0.984615 16 -26 36 -33 -42 -33 -33 -36 -73 -40 41 11 80 -25 -13 14 40 -33 -19 -35 -1 -35 6 13 41 -38 -35 5 86 2 87 -34 -32 
57 5 2 0 0.994595 46 21 -87 -23 -31 6 76 13 -10 -21 22 -22 -28 -3 82 14 -35 -7 81 -8 80 21 -80 18 -79 17 -10 -22 -8 14 -35 18 -67 13 -69 14 -46 14 -47 16 -33 14 -21 12 -68 15 -69 14 -33 16 -27 13 -39 16 -59 12 -32 16 -14 16 -26 16 -75 12 -47 13 3 16 29 17 -26 17 4 16 -75 16 29 17 28 13 43 11 41 14 34 12 46 18 35 14 41 11 47 3 0.08 1 23 -75 
58 5 2 0 0.986301 54 -18 -72 -16 -79 -14 9 -24 -76 -16 -62 -17 -59 -22 -65 -17 -83 -17 -54 -21 -59 -17 -33 -20 -46 -15 -3 -14 -50 -19 -33 -24 -61 -15 -11 -14 -33 -15 -48 -11 -60 -18 -20 -12 -27 -23 -38 -20 -29 -15 -29 -11 5 -18 -11 -13 -15 -15 -32 -15 -30 -12 -23 -14 -25 -12 -29 -10 -28 -11 -26 -11 -21 -9 10 -9 -16 9 -49 -9 -27 7 -34 5 14 -5 0 -5 73 -5 -1 -4 9 5 -27 11 -31 1 -2 0 -21 0 -7 4 9 2 -3 5 -6 3 0.181818 3 -28 43 -33 85 11 -28 
59 5 3 0 0.705882 3 13 -8 16 -14 10 -42 3 0.8 4 18 47 23 23 18 42 13 -7 4 0.363636 1 10 -39 
60 5 2 0 0.210526 1 13 -46 3 0.983607 15 22 -27 12 36 27 2 21 -20 24 -45 28 0 16 55 17 54 -26 35 22 -40 21 -42 33 -32 -4 33 21 -20 34 -31 
61 5 2 2 0.166667 1 -9 -28 4 0.987654 20 18 -39 0 -43 4 -40 5 -40 -13 -41 4 -43 2 -42 4 -43 4 -45 -10 -44 -10 -42 -14 -44 10 -42 -1 -41 12 -45 -6 -44 -7 -40 -5 -42 -8 -41 -13 -44 
62 5 2 2 0.973545 46 5 -46 4 -51 2 -42 15 -50 12 -43 -1 -41 10 -45 11 -44 11 -47 12 -42 13 -49 13 -46 12 -48 11 -43 6 -50 0 -53 -7 -53 8 -44 -2 -50 -14 -50 -4 -52 -11 -50 -3 -49 -3 -52 -12 -51 1 -49 -11 -48 -8 -49 -2 -50 -10 -49 -9 -52 -12 -48 1 -47 -16 -44 -3 -49 6 -43 -5 -49 -4 -43 -4 -41 -10 -45 -9 -49 -9 -43 -2 -40 -14 -43 -12 -41 -13 -44 4 0.30303 5 26 -41 -12 -45 -15 -44 -8 -45 -20 -42 
63 5 3 2 0.5 1 -12 -15 3 0.5 1 -39 -28 4 0.857143 3 -23 23 -9 -32 -8 -36 
64 5 2 2 0.615385 4 2 -41 5 -43 8 -43 11 -49 4 0.909091 10 14 -41 -2 -45 12 -43 -13 -45 -25 -38 1 -44 -16 -42 -15 -43 -19 -44 -20 -42 
65 5 2 1 0.285714 1 17 -5 3 0.97561 10 7 34 16 -41 1 -58 14 -39 8 39 18 -56 3 35 1 -69 14 -79 10 83 
66 5 3 0 0.933333 7 10 70 22 -89 21 -24 14 -71 19 -24 18 -47 16 4 3 0.333333 1 -24 85 4 0.333333 1 22 -45 
67 5 3 0 0.25 1 21 -3 1 0.714286 5 17 -39 17 -8 16 -5 16 -5 17 -36 3 0.823529 7 9 9 -16 -89 12 12 14 26 5 -10 9 -5 6 -50 
68 5 2 0 0.981818 27 -5 62 9 56 0 70 9 61 8 56 10 59 -3 55 8 58 -6 75 4 69 -3 65 4 75 -4 64 3 65 9 61 2 71 2 65 -1 67 -11 72 -12 70 0 57 -4 74 -3 58 -8 68 -11 67 -20 63 -21 59 3 0.228571 2 16 -28 16 -33 
69 5 3 0 0.8 7 14 36 19 -68 3 62 -6 64 17 -63 16 -61 1 61 1 0.235294 1 17 -13 3 0.75 6 19 -25 -23 68 20 3 10 27 8 73 3 5 
70 5 2 0 0.08 1 20 -77 1 0.994595 46 15 31 17 24 17 2 17 -22 17 -22 16 -18 14 -17 16 23 16 23 15 33 16 29 15 25 17 26 16 30 14 35 14 33 14 37 14 33 14 25 15 -21 16 8 14 25 14 28 15 -10 15 9 16 17 13 30 14 25 13 27 16 14 12 35 13 2 16 -10 17 12 15 -10 17 -33 16 0 15 -12 15 -1 15 -7 16 23 16 -34 15 2 15 15 16 7 13 -33 
71 5 2 0 0.421053 2 -8 24 1 76 3 0.956522 11 -16 -36 -23 61 -17 22 8 17 -20 33 3 -10 -19 -17 -19 22 -15 3 -14 16 -19 -71 
72 5 3 0 0.521739 3 -4 75 -2 74 -1 53 1 0.8 7 -16 -3 -16 15 -16 -1 -13 -34 -16 26 -16 31 -16 33 3 0.615385 4 -20 55 2 29 -10 78 -24 61 
73 5 3 0 0.117647 1 10 2 1 0.117647 1 -16 30 3 0.983051 29 -13 -40 -10 -45 -11 79 -37 53 -15 13 -20 30 -23 28 -24 28 -13 27 -17 16 9 23 -9 1 -22 -9 -31 25 -15 -18 -32 -19 -33 37 -12 2 -41 -23 -3 -3 -9 41 -6 -24 -19 55 1 -5 13 15 -17 85 -25 11 -1 -30 -24 -31 
74 5 3 0 0.037296 4 -22 75 -13 81 -6 69 -18 76 1 0.974855 378 -16 29 -14 28 -15 19 -15 32 -15 39 1 -35 -15 -12 -16 -24 -15 -20 4 -22 -15 -12 -14 -21 -14 37 4 -11 -14 -34 -16 -18 1 -20 -14 37 -16 -22 -16 -2 -14 -31 -14 21 -14 -24 -14 -33 -16 9 2 -18 -15 19 -14 0 3 2 4 -18 1 26 -16 -28 3 -7 -16 -17 3 -34 1 -36 -1 -31 3 -27 -1 10 -12 39 -15 -18 -16 -2 4 12 -12 -24 2 -9 -1 -34 5 28 1 -2 0 -31 -15 1 0 -29 1 -8 -15 2 4 31 3 -15 -10 -13 -15 -10 2 -34 -9 -13 2 -17 -1 -31 -13 -12 -11 28 4 32 6 -2 -13 30 -16 11 -13 -13 3 -23 -15 -6 -12 -11 -9 29 1 -26 -15 -7 0 -14 -1 12 -13 35 -14 -31 -12 -5 5 -27 6 18 -7 -12 -7 22 2 7 2 -24 2 13 3 -22 -13 -7 -12 -6 4 27 -12 27 -11 6 1 -22 -16 0 0 -35 -12 36 1 8 -14 -16 5 14 -15 24 -15 -12 -1 -36 -13 -23 -2 -34 2 11 -1 28 -13 -30 1 23 -10 38 0 -3 -15 31 -1 38 -7 -13 -12 32 -10 6 5 6 -16 -5 -13 15 5 23 2 17 -16 -9 3 -16 1 11 -13 -15 -7 13 -3 26 -15 -10 3 16 1 2 -8 23 -1 5 -1 25 -1 -31 3 30 -5 33 -14 19 -9 -14 -3 7 -4 8 -15 -17 2 -23 -13 -25 -4 25 -2 8 -15 16 -15 26 -7 21 3 17 2 21 -8 27 -13 -25 0 17 -8 -1 3 3 3 -1 -6 -10 -11 -30 3 -22 4 18 -9 -3 -2 -33 4 -24 -3 35 3 5 -2 -34 -2 34 1 -32 2 -10 -2 18 -1 29 -11 -3 -1 3 -3 -1 -16 6 -1 25 -6 38 -5 28 3 -9 -7 -5 -6 -5 3 -20 -3 25 -10 22 -10 30 2 -31 4 -12 0 14 -7 -3 -4 23 -5 22 -6 30 -1 31 -5 39 -4 39 -14 30 -7 19 2 5 2 4 -3 16 -14 17 -12 24 -11 2 3 17 -1 0 -5 -7 -2 18 -10 -32 -11 -1 -13 15 -6 0 -11 8 -10 -10 3 22 -5 10 -1 37 -1 -13 -8 30 -4 27 -4 39 -4 36 -15 29 -5 -4 -4 32 4 21 -6 37 -7 1 -10 2 -8 -30 -9 21 3 -29 2 39 -4 -7 -7 17 -13 -18 -9 8 -2 29 -5 18 3 -13 0 -9 -2 -25 -8 29 -2 -19 1 -28 -11 21 -2 22 2 25 -8 -15 4 22 -3 20 -1 14 -10 25 -11 20 -6 33 1 28 -1 34 -9 -2 -10 15 -2 -16 -7 7 0 5 -2 15 -1 -6 -10 12 -8 -18 -12 -15 -8 -1 -6 32 -3 -2 1 -21 -12 24 -1 28 -3 4 -11 -3 -4 8 -4 3 -8 -3 -5 17 -11 -20 -8 -36 -5 11 -11 39 -8 6 -6 -31 -7 12 -1 6 -1 -5 -11 -19 -4 37 -2 38 -9 -13 1 21 -5 28 -6 -1 0 29 -4 24 -7 -27 -9 -6 -11 16 -5 -5 -10 13 -9 1 -1 -28 1 21 -2 0 -12 2 -3 25 0 34 -6 -22 -1 29 -6 -5 -7 25 -6 29 -3 33 -5 -2 -6 -3 -3 -9 -7 -9 12 -35 -2 -36 -2 -29 -11 -29 -12 -25 -12 -27 -11 -28 0 -29 -12 -25 0 -23 -10 -33 -14 -37 -2 -24 -1 -37 -3 -29 -4 -33 -12 -32 -1 -25 -4 -33 -1 -37 -7 -34 -9 -35 -16 -38 -14 -36 0 -36 -4 -25 -3 -26 -4 -35 -9 -31 -3 -26 -8 -31 -2 -26 -9 -37 -3 -18 -4 -37 1 -37 -4 -24 -5 -25 -5 -20 -3 -29 -3 -25 -8 -22 -11 -38 -6 -21 -7 -38 -5 -25 -6 -37 -6 -38 -13 -38 -1 -39 -6 -37 -4 -39 0 -38 -12 -37 -12 -39 -14 -37 -7 -37 -6 -39 -9 -37 -11 -38 -8 -39 3 0.268199 35 -14 -30 -23 4 -20 65 2 60 -35 76 -14 -75 -14 44 -20 73 0 -22 -26 -85 0 55 -17 49 -14 27 -30 -55 -14 -72 -29 -42 -13 -27 -24 42 -26 54 -27 71 -11 -84 -10 -63 -35 -63 -32 -39 -38 56 -33 -56 -7 -62 -42 64 -36 -55 0 -58 -12 97 -13 -95 -16 -96 -17 -98 -42 -63 
75 5 3 0 0.866667 26 9 -78 16 -79 6 -29 8 -86 4 -85 6 -71 4 42 9 21 7 29 4 -9 13 17 14 -77 2 50 8 48 6 -9 20 15 13 15 4 -58 8 -71 7 -76 4 3 16 -71 5 -63 8 -33 3 -28 5 -60 1 0.444444 7 8 25 10 32 9 23 13 -28 11 32 8 -1 8 -34 3 0.521739 9 0 30 13 -12 12 -49 13 65 11 -76 26 38 28 -8 2 64 19 59 
76 5 3 0 0.978417 34 7 12 5 -15 7 -58 6 -39 14 -59 7 -10 15 -64 18 -71 6 -57 6 6 12 -69 10 -73 13 35 10 23 11 -33 6 -55 9 -17 9 3 8 43 11 -45 11 -68 11 9 11 47 12 -18 12 42 9 13 8 47 6 -64 10 -4 15 29 14 22 13 33 8 23 11 50 1 0.186047 2 10 -6 12 -16 3 0.1 1 16 -99 
77 5 3 0 0.444444 2 8 -84 7 7 1 0.888889 8 4 -34 10 28 7 15 7 30 5 -32 11 -13 11 28 4 27 3 0.444444 2 13 -87 14 -2 
78 5 3 0 0.631579 9 7 -19 5 53 5 50 8 -60 3 -6 11 -29 12 -8 -5 25 16 -26 1 0.307692 3 1 -32 0 -34 9 -25 3 0.857143 18 -39 68 -32 69 8 -38 5 30 4 -6 5 60 3 33 7 52 -12 -70 13 -50 -7 74 6 7 -28 96 2 -19 -26 25 -21 75 -5 -67 -2 39 
79 5 3 0 0.48 3 15 -61 16 -22 8 -3 1 0.923077 12 14 15 12 9 14 21 15 -3 15 -34 14 21 14 -31 13 -4 17 -25 12 -20 16 -29 16 12 3 0.210526 1 -1 35 
80 5 3 0 0.294118 10 14 -48 15 -82 16 -44 5 -13 9 -60 18 3 6 2 0 -63 13 -18 5 -42 1 0.966234 93 13 35 13 22 13 10 13 -24 12 25 11 18 11 13 11 5 11 -27 12 -13 10 31 12 -9 12 6 14 22 12 -13 11 8 10 7 11 -13 13 27 12 -14 11 -28 12 4 12 -28 11 21 13 24 8 35 10 -19 11 -11 11 14 11 20 11 -24 11 -28 9 -10 11 -17 10 -4 7 32 10 -35 9 -19 8 -33 7 27 9 -10 10 -9 9 -27 10 -1 6 33 10 -16 11 -7 7 35 10 -35 9 2 11 24 10 12 7 19 9 -5 8 -25 8 6 9 -24 9 1 9 -20 9 0 7 24 8 27 7 -12 8 -9 6 -8 6 28 8 -2 6 27 6 -21 7 -32 6 -9 6 -10 6 16 6 -12 5 15 5 3 7 -1 5 26 8 -8 6 26 6 8 6 -33 6 9 7 -32 6 -35 6 -4 7 -3 5 18 4 5 4 13 7 26 4 -33 5 8 3 0.104348 3 15 69 -2 87 30 -42 
81 5 3 0 0.777778 7 7 22 11 -10 5 -47 7 20 2 2 -1 -26 11 -39 1 0.666667 5 5 14 5 -19 2 -32 5 -2 3 19 3 0.5 3 14 -10 -30 72 12 -45 
82 5 3 0 0.896552 13 10 -74 9 -4 7 -6 6 -53 9 7 6 4 8 -58 9 -21 11 -35 7 -4 10 -77 11 -87 9 -61 1 0.181818 1 9 -17 3 0.588235 5 26 -35 6 69 5 74 17 -12 12 39 
83 5 2 0 0.32 2 15 -87 15 -89 3 0.971429 17 16 37 16 54 18 47 8 -71 6 74 26 21 19 29 17 14 17 -24 17 -50 19 23 21 23 22 -32 29 -14 21 17 9 67 27 -20 
84 5 3 0 0.027972 1 16 -9 1 0.990826 135 13 22 12 29 11 -22 15 15 16 5 14 -9 13 -17 14 2 14 23 14 -10 11 37 13 -23 13 -27 14 23 10 26 13 16 13 25 13 6 14 -11 14 22 15 19 10 -1 13 16 10 -16 12 19 13 -8 8 28 12 -14 12 25 13 -21 14 8 11 24 8 26 12 2 13 14 12 25 12 -34 15 -31 12 2 12 32 9 28 10 -10 10 -7 8 -21 14 -25 13 -36 11 -5 13 -17 13 -18 9 -13 11 8 14 1 12 37 9 25 8 21 9 -15 13 -2 9 1 7 39 10 17 11 5 13 14 9 -20 8 -1 8 -13 8 22 11 -33 8 22 12 -33 4 -14 5 -10 6 32 7 0 11 -4 6 -16 7 -3 7 38 7 -5 8 3 7 35 4 25 7 -16 8 21 7 -18 10 -16 10 -33 6 15 6 1 10 9 9 6 8 -21 7 -21 8 -4 7 7 4 31 9 19 7 -7 8 -13 9 -15 8 9 11 18 9 -33 8 -7 10 17 9 -5 9 -26 11 12 12 -24 10 -3 11 8 9 -20 8 11 9 7 10 -21 4 36 9 30 9 -32 6 32 9 10 8 4 10 -16 9 4 3 39 9 -22 10 -28 9 -34 12 -28 5 39 8 31 7 35 4 38 8 -35 9 -36 12 -38 9 -36 3 0.105263 4 -33 94 16 29 -1 78 3 46 
85 5 4 0 0.823529 7 -13 76 -12 76 -13 76 1 68 0 68 -8 67 -5 62 1 0.421053 2 9 -37 9 -38 2 0.25 1 8 -53 3 0.545455 3 4 -97 0 29 7 42 
86 5 2 0 0.210526 1 -17 37 3 0.983607 15 -23 4 -36 -86 -33 -46 -23 -26 -35 -25 -33 51 -32 -34 -32 -41 -23 -8 -30 -15 -30 -43 -28 -38 -31 4 -37 -43 -33 -67 
87 5 2 0 0.848485 7 -15 12 -16 -25 -15 -44 -12 10 -13 -9 -12 23 -17 -7 3 0.740741 5 -42 19 -41 -16 -43 -12 -38 -45 -34 39 
88 5 2 0 0.986667 74 -13 -58 -10 8 -24 -79 -15 2 -13 3 -16 4 -17 -58 -12 38 -15 38 6 19 -16 -68 -13 -20 -15 -7 -14 36 -10 40 -13 32 -12 29 -11 48 -11 -17 -13 8 -9 38 -14 0 -13 -77 -10 -20 -10 21 -11 -73 -8 41 -8 -77 -7 24 -9 -68 -2 24 -11 -51 -7 22 -12 -9 3 -64 -7 12 -6 -28 3 33 -5 -79 -6 -6 -5 -19 1 -23 4 22 -6 -47 -1 1 6 -52 1 29 0 25 -3 -1 1 21 4 3 2 -12 -3 -13 -1 -1 1 -41 3 -72 0 -34 0 -40 1 -35 2 -5 3 22 -1 -41 0 -47 3 1 0 -15 -2 -46 1 2 2 14 2 6 2 9 4 22 3 -40 3 -79 1 -38 3 0.177778 4 11 -20 -43 70 10 10 -33 34 
89 5 3 0 0.15 3 8 19 -3 52 -7 21 1 0.0540541 1 4 24 3 0.985294 67 -14 13 -24 -2 -23 26 -27 66 -13 -23 -30 -51 -30 -41 -29 2 -23 42 -11 -38 -25 30 -30 -7 -20 -77 -13 -2 -32 12 -32 -57 -30 28 -30 23 -16 -35 -28 12 -32 -32 -7 -17 -33 50 -32 -66 -15 -31 -6 -8 -17 6 -32 22 -27 -35 -29 56 -28 -24 -13 5 -28 -6 -14 -39 -11 -38 -34 -54 -28 -74 -27 -39 -2 -22 -29 -77 -37 -58 9 9 -21 7 -2 -3 -26 -93 -32 -30 -28 55 -22 5 -23 61 -7 -33 -1 -18 -37 -47 -3 1 -22 41 -43 -29 -1 6 -3 4 -26 -57 -23 10 -22 55 -19 -43 -39 26 -37 -32 -22 -54 -13 -2 -26 -11 -17 52 
90 5 2 0 0.96732 37 -11 49 -17 48 -8 21 2 47 -9 49 -1 46 -8 16 -15 47 -23 12 -21 -15 4 44 -17 25 -17 26 -14 46 -14 24 -20 -10 -15 74 -20 11 -13 27 -17 8 -17 12 -12 25 -18 -8 -18 -10 -16 33 -15 32 -17 15 -19 16 -5 24 -20 -56 -2 18 -21 -69 -17 6 -16 -74 -6 42 -2 43 -16 41 3 0.350877 5 18 56 -29 78 -31 26 -19 -2 -38 -57 
91 5 3 0 0.615385 2 -16 42 3 44 1 0.842105 4 -11 35 -14 33 -12 35 1 35 3 0.4 1 -33 55 
92 5 4 0 0.587629 57 -6 48 -2 46 -16 50 -4 15 -2 21 -6 29 -7 34 -8 -10 -11 -11 2 31 -10 36 -17 -77 -9 4 -9 14 -9 40 -22 -57 -22 -58 -15 -61 -17 -8 -16 -26 -12 -43 -11 3 -18 -5 11 5 -12 -79 -6 14 -14 -22 -11 -14 -21 -49 -16 -70 -4 -22 -9 -24 -19 -47 -2 -30 -5 -42 -4 -44 -2 -38 -17 -53 -2 42 -18 -38 -4 -16 -7 -50 3 -76 -3 -47 -5 -74 -4 -76 5 16 -2 -30 -2 -38 0 -72 3 -8 -8 47 -1 -65 1 -59 4 -57 1 -60 7 -28 1 0.0358744 2 -1 34 3 -12 3 0.910949 156 -2 89 -4 10 -19 -94 -37 -97 -24 -49 -38 -24 -30 -38 -35 -24 -21 54 -16 6 -14 -34 -18 -72 -26 14 -35 -20 -43 34 -20 27 -14 7 -23 -59 -10 -8 -32 0 -14 26 -14 28 -2 48 -2 54 -14 -55 -9 42 -17 -80 -9 -24 -36 5 -10 29 -18 33 -16 -6 -4 52 -10 30 0 46 -7 14 -12 -10 -20 6 -40 13 -20 20 -8 5 -5 51 -10 -39 -29 46 -21 50 -20 23 -15 -72 -8 -26 9 12 -11 17 2 37 5 -30 -12 -95 5 -68 -23 -94 -11 -17 4 -40 -10 6 8 56 3 -85 7 -85 9 -78 1 26 -11 56 -11 -72 1 -71 -1 -23 0 -90 2 24 0 -51 5 -36 -18 40 6 -8 -28 -46 0 -23 2 -24 1 -27 2 -20 10 -19 -36 -47 -20 -53 -1 -67 -2 -11 7 -13 -6 18 -23 24 -15 -93 -5 -15 -36 -41 -23 -90 -13 42 -13 -46 -6 -55 -13 -98 -2 3 12 -12 -27 19 -19 -92 -5 28 5 -88 -34 -50 -20 10 -9 7 -6 28 3 -55 -21 24 -14 -9 -32 -33 -22 21 2 48 4 -72 -16 5 -9 -71 -2 10 -31 31 -11 -78 2 27 -28 -34 1 36 -5 15 2 36 6 -19 -10 -69 0 -8 1 -50 -11 -39 -15 8 -12 6 -18 -8 -13 -72 10 -7 -20 -56 0 -44 -15 -67 -19 -88 -18 -22 -21 -81 -18 -51 -18 20 3 -28 1 -74 -20 -10 -20 -7 -2 6 8 -15 -1 -63 2 5 -13 -20 -4 28 4 -20 0 -5 -22 -75 4 -18 5 -27 -2 17 -2 -95 4 0.0358744 2 -17 40 -24 42 
93 5 3 0 0.590164 18 -8 76 -17 73 -17 -91 -19 72 -21 -92 -21 72 -24 -92 -21 72 -14 -91 -8 -87 3 -91 -17 76 -16 76 -9 72 -10 68 -6 71 -17 66 -20 68 1 0.748387 29 4 13 3 7 7 14 6 19 5 -15 3 2 5 -36 4 22 8 16 4 -4 5 -32 5 6 4 -29 7 -35 6 -27 5 -11 8 11 5 1 6 -5 9 -28 8 -26 4 -3 2 33 7 -27 7 -29 6 34 5 34 2 36 5 36 3 0.641221 21 -14 -22 -5 -50 -39 3 -5 -31 4 -43 -5 29 -2 -59 2 1 -16 -80 2 -33 4 -30 10 5 7 4 -40 83 -20 -99 -8 67 -21 -98 -24 -99 -5 38 12 -11 2 40 
94 5 3 0 0.806084 53 1 -37 2 19 -11 -67 -12 -13 -9 -9 -10 -57 -14 -47 8 26 -7 -63 2 -34 -8 -69 4 0 -13 -64 -8 -51 -8 -65 -11 -72 -13 -66 -23 -68 12 -45 14 -48 -9 -35 -4 -66 5 21 -5 -54 0 30 3 16 0 16 1 13 -14 -43 13 -44 0 -39 -11 -20 -24 -64 0 -33 2 -48 8 -40 2 -23 -12 -4 7 -43 -2 -5 3 -15 -7 -13 4 -33 -5 5 2 8 0 -15 -9 6 -1 2 4 -47 -3 -49 9 -38 -7 -59 -1 -15 1 0.583784 27 4 -27 0 -33 -1 -35 -3 -35 -1 -28 0 -29 0 -14 1 -34 1 -20 -4 -35 5 -27 -2 -1 4 -26 -3 -22 4 20 3 -20 3 -13 3 -28 2 34 4 19 1 -10 3 -22 1 -28 -3 -23 2 2 1 -27 -10 -1 3 0.545455 24 5 -23 3 -11 -31 -22 -23 2 22 49 -36 -6 -30 -31 -35 -16 1 -87 21 1 -32 -19 -24 -64 4 27 8 30 16 -39 5 -7 1 2 0 -17 -29 22 11 7 -22 -2 18 4 -22 -57 -21 18 
95 5 3 0 0.586081 80 -2 -22 2 -2 12 -29 2 -56 7 -34 1 -18 8 -39 -9 -36 -16 -53 -3 -52 -1 -39 10 -76 -8 -22 -7 -42 1 -26 -16 -49 -2 -8 -1 -9 -22 -50 -12 -25 -1 -36 -17 -38 1 -46 0 -50 -2 -55 -6 -27 -22 -45 -3 -12 -13 4 -6 -55 -6 -52 2 -32 -10 -11 5 -73 -10 -16 -15 -12 5 11 -5 -34 3 -37 2 -14 -5 26 1 -51 -9 5 -5 -13 -10 -16 11 -22 -15 -41 -6 -43 -7 -43 2 40 -2 8 -13 -20 -14 -12 -10 -1 -4 43 -8 -1 -14 -19 -3 8 2 -40 -6 -58 -6 -45 -5 -11 -11 -45 -1 -34 -13 8 -11 4 -15 -75 -14 -75 -4 -74 -10 -44 -9 -51 -15 -73 -3 -43 0 -34 -10 -57 -7 -54 -4 -81 -1 -71 7 -71 -4 -79 1 0.901587 213 -14 10 -2 -8 -13 17 3 24 -13 10 2 9 -14 -8 -12 -8 -4 -13 5 20 1 17 -12 10 -12 7 7 18 5 -1 -14 34 -13 13 -8 -12 -6 -31 -11 -12 6 28 -11 18 -14 16 -14 2 -9 13 -5 6 3 23 2 9 -13 27 2 -13 -11 7 -2 -18 0 30 -13 33 -1 -7 -11 19 -3 8 -12 30 -9 24 -11 -11 4 6 6 26 -3 -9 -11 25 -10 18 2 -3 -14 31 -5 15 -6 11 -6 -5 -6 -35 -9 6 -9 18 1 29 2 30 -10 9 -2 30 -14 -2 -13 31 -8 15 -14 -19 -10 -13 -4 -4 4 26 -13 3 -2 -15 3 -11 0 28 1 -19 -12 -15 -10 -13 -10 27 -12 28 -11 -3 1 12 -14 23 0 -4 -11 19 -4 24 -9 -18 -2 -24 -7 6 -13 5 -6 14 -4 29 -13 -33 -8 5 -12 -11 -6 -8 -6 20 -8 21 3 31 -8 -4 3 20 -9 1 1 18 -13 -32 2 9 -9 4 0 13 -9 25 -3 -29 -2 -8 -5 9 -10 -17 -14 -28 -12 21 4 13 -3 22 -1 30 -7 -3 -10 19 -7 20 -5 18 -1 22 -6 19 -11 22 -8 -9 -2 20 -6 -15 -11 14 -2 12 -11 23 -8 -14 -2 -21 -6 -25 -13 -25 -3 11 -12 -23 2 19 -13 -33 2 24 -10 28 -11 -24 -11 -28 -1 9 -6 -33 -8 -13 -3 2 -2 24 3 30 -5 29 -3 1 -4 27 5 16 -6 -11 -13 -33 1 21 2 -18 2 -19 0 15 -8 -14 1 2 -13 -30 -4 -34 -4 -21 -5 -19 -3 3 -1 26 -6 -19 -5 4 0 -27 3 -13 2 23 -1 -9 -10 2 -5 -6 -8 5 -4 7 -8 6 -1 5 -1 7 -11 -19 -5 31 -6 21 0 -26 4 14 5 -1 -14 -17 -4 16 -3 11 -6 17 -7 -17 2 -28 -3 19 -13 -14 1 -20 -9 -34 -13 -11 0 32 -8 4 1 -34 -9 -28 -10 -25 -7 -8 -3 -15 -8 -31 -7 -31 -4 -27 -3 -13 -12 -33 -4 33 -12 -19 -6 -30 -5 -8 -7 -9 4 34 5 34 -9 -8 -2 -29 1 -26 -1 -19 -6 -19 3 0.150725 13 -24 -79 -31 10 -33 -46 -31 -49 -7 -54 12 -78 -4 -65 -3 -38 -32 48 -42 36 -3 -87 18 -38 12 -41 
96 5 4 0 0.129032 1 5 -71 1 0.129032 1 -2 -31 3 0.970874 25 12 -24 12 22 18 -39 11 -68 10 -31 10 -57 10 -58 16 -20 9 -9 16 -22 8 -7 17 1 -33 -22 -4 -78 0 37 7 -9 8 20 -3 -63 7 -89 6 -68 11 48 5 27 15 -35 -2 62 -10 -45 4 0.129032 1 -19 38 
97 5 3 0 0.882353 15 5 -62 -8 2 -15 -9 -3 -68 0 -65 -10 -62 -12 -67 -5 -69 -7 -70 -13 -73 -3 -76 -6 -74 1 -82 -6 -75 -5 -76 1 0.275862 2 -3 25 -5 -34 3 0.585366 6 13 -31 -12 -65 4 12 8 -36 3 19 10 -93 
98 5 5 0 0.210526 2 -24 -2 -12 -83 1 0.114286 1 -8 -34 2 0.210526 2 -11 -25 -13 -25 3 0.945455 26 -44 -13 16 -28 24 -14 -32 15 -14 73 13 -4 13 -49 21 -34 -9 29 21 -21 6 59 8 59 13 22 6 60 13 22 13 30 -2 27 -2 70 -9 31 -6 79 -8 77 7 -95 -7 66 2 76 2 -94 1 -94 4 0.114286 1 -25 19 
99 5 3 0 0.965517 28 -12 -83 -14 -74 -7 -74 -15 -76 -2 -75 -9 -75 -10 -87 11 -83 -16 -76 -6 -76 -22 -86 1 -82 -16 -77 8 -85 -7 -77 4 -77 -8 -87 1 -77 5 -85 -4 -87 5 -89 4 -87 -3 64 4 -90 -18 -92 -13 69 -9 71 -15 62 2 0.114286 1 -13 -23 3 0.292683 3 4 -96 -37 -98 -42 -99 
100 5 2 2 0.195122 2 -9 -26 -7 -16 4 0.985075 33 -18 6 -25 19 -23 -1 -24 21 -18 15 -24 19 -17 -9 -18 -39 -18 29 -17 -30 -13 -41 -8 -45 -22 -20 -16 -22 -14 -11 -15 -11 -18 28 -21 -16 -15 24 -22 -14 -23 -35 -15 29 -24 2 -13 11 -22 8 -21 19 -25 28 -25 -24 -21 9 -25 -14 -22 -15 -24 -26 -24 -29 
101 5 2 0 0.96 6 8 48 25 24 11 89 24 19 2 87 -7 59 3 0.4 1 15 63 
102 5 3 0 0.5 4 1 70 10 76 17 93 21 69 2 0.173913 1 21 26 3 0.923077 15 -10 21 6 82 25 -54 37 -17 27 68 36 7 -10 69 40 67 26 -86 41 -52 29 19 32 1 13 57 37 66 2 74 
103 5 3 0 0.166667 2 -2 33 -11 38 3 0.981132 39 22 78 20 -78 22 77 42 40 31 76 41 22 45 -18 37 -65 2 27 42 -30 41 -83 42 -19 37 -6 27 24 22 -75 41 58 30 -29 19 78 -13 85 39 54 45 3 31 31 36 54 26 64 32 -75 39 35 17 -55 36 49 28 60 17 72 31 9 37 28 32 -58 -30 82 13 74 -28 63 -10 100 13 30 16 8 4 0.0888889 1 18 -18 
104 5 2 0 0.972973 9 7 86 -2 87 -5 34 21 25 15 -47 19 16 9 80 18 19 17 -69 3 0.307692 1 -6 86 
105 5 2 0 0.872727 12 15 40 10 38 17 47 22 -8 24 -13 24 -17 20 -24 22 -20 22 -35 24 -41 9 27 22 40 3 0.7 7 25 74 36 -36 36 15 29 -3 34 19 4 80 27 20 
106 5 2 0 0.25 1 5 93 3 0.979592 12 33 18 18 100 4 70 33 15 -35 86 35 18 35 21 9 79 18 -61 21 2 31 -16 11 -12 
107 5 4 0 0.5 1 17 -35 2 0.727273 2 21 -26 18 1 3 0.5 1 -15 94 4 0.5 1 26 38 
108 5 3 2 0.16 1 19 -15 3 0.97561 20 42 28 35 12 27 15 42 45 43 43 36 43 39 56 39 -76 31 -76 40 -69 37 28 39 -75 33 -5 34 -86 31 -4 19 -39 33 23 44 11 31 -14 34 35 4 0.16 1 17 10 
109 5 2 0 0.888889 2 19 77 23 79 3 0.666667 1 -6 53 
110 5 2 3 0.727273 4 25 -74 27 39 32 47 28 51 4 0.857143 6 22 9 20 24 19 1 23 27 23 -4 16 31 
111 5 2 2 0.2 1 17 4 3 0.984615 16 42 -60 42 29 25 48 43 -48 34 -64 42 39 42 -79 22 -25 33 -22 16 -6 0 53 5 50 20 -6 12 -78 19 14 8 -80 
112 5 2 0 0.102564 1 23 35 3 0.992908 35 43 -55 -20 21 38 35 1 11 35 -78 11 47 37 22 28 39 32 78 38 -14 24 -67 2 -76 43 -11 35 75 38 47 39 27 -4 -27 -29 37 25 -62 42 -84 39 47 40 32 35 11 45 -21 25 10 39 14 37 11 -8 24 26 38 -5 33 21 -8 45 28 -23 39 -10 92 40 -20 
113 5 2 0 0.974359 38 -21 34 -14 38 -12 36 6 91 11 45 5 46 3 43 11 56 8 50 -5 42 4 45 15 65 7 33 -13 36 6 42 20 32 16 44 -4 89 7 74 17 70 10 76 -3 89 16 74 3 41 11 76 0 88 14 75 17 42 18 -31 18 -19 -9 86 15 56 17 -41 -16 93 10 65 15 58 21 -53 14 60 3 0.296296 4 -38 83 31 31 42 -30 31 68 
114 5 3 0 0.727273 4 14 64 17 56 24 -72 23 -75 3 0.8 5 19 83 22 79 35 38 34 5 38 28 4 0.307692 1 8 -35 
115 5 2 0 0.571429 2 23 10 -24 39 3 0.923077 6 34 35 -42 39 -37 90 18 90 -33 23 -37 35 
116 5 2 0 0.972973 18 -5 32 2 60 5 53 -17 84 -18 83 -3 58 -10 85 -13 30 -8 81 -20 32 -23 83 15 23 -8 88 14 30 21 25 11 50 15 24 -20 86 3 0.307692 2 24 20 15 69 
117 5 3 0 0.571429 2 -11 85 -13 86 3 0.8 4 -43 17 -34 83 -23 99 -3 97 4 0.571429 2 -22 43 -19 44 
118 5 4 0 0.571429 12 18 19 -15 41 14 48 15 46 16 74 25 -64 18 66 -20 91 17 50 18 -24 7 82 11 41 1 0.148148 2 17 22 16 37 3 0.897959 33 20 -42 23 71 -8 72 6 -1 -4 84 29 89 29 11 21 -70 9 -40 -23 24 -2 96 25 7 31 49 -20 94 25 16 -33 99 3 18 -39 41 25 -78 -37 91 -26 39 -18 91 -32 90 -36 94 -30 95 26 -77 -29 99 5 85 30 -48 9 97 15 86 24 65 17 77 4 0.0784314 1 9 -41 
119 5 4 0 0.857143 9 16 -76 5 77 21 -77 17 44 8 77 25 -69 24 -71 4 50 19 29 1 0.5 3 16 -24 17 36 15 35 3 0.380952 2 -20 90 33 -60 4 0.222222 1 7 -40 
120 5 2 0 0.980392 25 -7 40 -14 47 -2 63 -1 42 -10 43 -22 45 -2 45 -21 43 -8 45 -22 51 -10 48 -15 42 -7 60 -24 48 -8 61 -6 46 -19 48 9 -66 -11 58 -10 52 -17 48 -17 64 -21 48 -19 49 -22 49 3 0.242424 2 -37 36 -17 27 
121 5 2 0 0.992481 33 -13 59 6 38 5 65 4 47 17 25 -16 62 24 -29 -11 41 7 61 11 -29 25 6 23 6 7 65 19 5 6 41 21 6 -7 28 22 7 -3 35 0 27 4 74 21 -71 23 -47 14 -46 -6 28 -6 30 7 33 17 40 20 9 14 40 6 75 -9 47 17 32 3 0.108108 1 20 64 
122 5 2 0 0.285714 3 25 -72 -10 55 22 -37 3 0.97561 30 -34 18 -39 54 -40 -38 -32 35 34 12 -40 77 -21 11 -25 4 -35 68 -32 66 -11 13 -16 22 -8 62 3 -70 -1 18 -4 14 -1 -94 -18 65 -32 33 -15 60 -14 50 5 19 -8 62 -12 52 -19 36 28 -83 -11 53 34 67 0 -96 -3 -94 
123 5 4 0 0.4 1 25 -81 2 0.615385 2 18 18 19 7 3 0.615385 2 35 -90 25 -28 4 0.615385 2 21 43 19 -27 
124 5 4 0 0.105263 1 -12 87 2 0.195122 2 19 25 20 -17 3 0.340426 4 33 -32 -17 38 22 31 34 -69 4 0.941176 28 16 23 22 -25 20 -23 13 35 18 23 12 16 14 37 17 -14 22 -29 24 0 22 27 20 41 21 40 13 45 12 18 20 10 23 39 14 -3 18 3 19 4 18 4 20 6 20 33 19 -12 18 -15 19 4 16 5 14 12 
125 5 2 2 0.979592 12 21 42 20 41 20 22 20 20 20 27 20 7 21 -22 20 10 20 29 20 -9 21 -8 20 -12 4 0.25 1 25 -11 
126 5 3 0 0.5 2 20 -74 25 -79 3 0.5 2 20 54 35 8 4 0.857143 6 23 12 23 3 25 33 21 2 20 0 12 -9 
127 5 3 0 0.177778 2 25 9 16 56 3 0.979592 36 30 87 34 -85 42 58 36 87 24 93 33 86 41 -82 42 94 13 -48 33 96 44 -23 34 79 42 78 30 91 31 82 36 75 36 92 27 -17 3 -75 25 21 26 -12 37 -33 37 -48 42 -28 37 55 33 -19 34 60 40 -34 44 -8 35 13 40 42 22 96 22 71 19 95 7 90 29 91 4 0.0952381 1 16 -9 
128 5 2 0 0.923077 3 11 54 22 -76 25 -73 3 0.571429 1 30 -91 
129 5 2 2 0.307692 1 21 -34 4 0.972973 9 14 -34 18 -33 19 -30 11 -43 9 -45 23 -32 12 -38 15 -33 23 -35 
130 5 4 0 0.603774 8 -2 56 -9 54 -19 89 -19 54 -6 56 -12 53 -11 62 -3 57 2 0.603774 8 20 -43 20 -44 13 -41 10 -42 20 -43 15 -44 17 -39 19 -36 3 0.125 1 -27 42 4 0.738462 12 22 -38 17 -37 26 -42 8 -38 18 -42 18 -35 18 -31 9 -33 26 -39 18 -41 20 -31 25 -33 
131 5 4 0 0.622222 14 19 45 -23 55 20 -23 16 -18 25 -89 22 -68 21 -69 17 -80 24 -26 25 48 23 -85 19 -85 -18 63 -18 66 2 0.148148 2 21 -29 20 35 3 0.869565 30 -1 -98 -40 -36 33 -94 -37 42 44 -29 38 -92 39 -59 41 5 42 4 38 -53 39 73 37 -27 41 -99 38 -9 24 -99 42 -24 42 -40 8 31 -42 -22 37 96 -2 98 29 -82 26 -76 34 -71 30 -96 37 98 39 -88 39 -90 42 0 -37 -22 4 0.148148 2 24 -1 -25 -1 
132 5 3 0 0.64 4 -22 57 -19 62 -24 60 -15 62 3 0.25 1 -42 -35 4 0.864865 8 -25 35 -23 -35 -24 -16 -25 -22 -24 -16 -23 -11 -23 16 -23 -23 
133 5 3 0 0.333333 1 7 55 3 0.933333 7 27 -24 18 13 30 20 28 44 24 -30 26 5 27 8 4 0.333333 1 20 -37 
134 5 3 0 0.970711 58 21 25 -16 80 -15 81 -13 79 -24 75 -19 74 17 77 -22 63 17 60 3 63 16 51 20 55 6 68 -23 68 4 59 24 41 16 77 25 66 18 57 18 66 19 51 15 76 9 52 17 77 19 67 13 65 8 73 16 68 24 58 16 66 25 58 25 48 15 75 -1 74 1 69 23 70 13 75 18 61 25 59 21 56 13 75 24 74 9 75 15 73 22 86 16 85 13 88 17 88 5 54 23 85 23 92 19 93 18 88 20 88 12 92 21 89 23 86 16 92 3 0.25 5 38 39 38 43 43 74 35 -40 35 -50 4 0.112676 2 26 34 26 -26 
135 5 4 0 0.470588 2 -20 75 0 77 2 0.470588 2 16 45 19 -30 3 0.6 3 -43 87 -38 84 -31 97 4 0.695652 4 -24 -34 -25 37 -25 41 -23 43 
