10 135 0
0 0 -1 19 8 0 1 33 19 5 14 32 -2775 
1 1 -1 3 13 8 0 35 38 2 2 32 -403 
2 1 -1 20 6 17 16 38 38 7 4 32 3125 
3 2 -1 7 21 8 4 17 30 19 7 32 -9100 
4 2 -1 22 19 16 0 46 39 1 8 32 -1443 
5 2 -1 2 5 0 4 39 46 7 1 32 -326 
6 2 -1 22 18 5 0 33 21 12 13 32 -4457 
7 3 0 0 0 0 0 0 0 0 0 0 0 
8 3 -1 12 7 2 1 42 25 5 16 32 -9650 
9 3 -1 13 11 20 0 43 12 2 18 32 -3486 
10 3 -1 6 3 12 1 27 38 11 8 32 -5020 
11 3 -1 18 15 20 17 38 39 2 5 32 2314 
12 3 -1 14 11 1 22 30 33 1 11 32 -34 
13 3 -1 0 5 8 0 32 19 8 4 32 -1022 
14 3 -1 20 12 20 7 44 24 1 21 32 3655 
15 4 0 0 0 0 0 0 0 0 0 0 0 
16 4 0 0 0 0 0 0 0 0 0 0 0 
17 4 -1 14 24 0 0 34 43 0 0 16 93 
18 4 -1 42 20 0 0 34 13 0 0 17 9 
19 4 -1 12 12 18 15 33 45 3 2 32 25653 
20 4 -1 8 8 0 10 40 19 7 6 32 -4546 
21 4 -1 10 16 0 4 33 26 14 13 32 -16676 
22 4 -1 3 12 12 0 35 43 4 2 32 -229 
23 4 -1 4 20 7 11 31 44 16 3 32 -3723 
24 4 62 0 0 0 0 0 0 0 0 0 0 
25 4 -1 8 1 6 19 35 34 10 11 32 -4583 
26 4 -1 20 33 0 0 44 46 0 0 18 -8 
27 4 -1 12 0 0 5 40 23 7 5 32 -1400 
28 4 -1 4 22 14 16 35 39 3 5 32 4155 
29 4 -1 4 8 19 19 30 41 12 1 32 11722 
30 4 -1 21 11 12 3 33 27 14 12 32 -425 
31 5 0 0 0 0 0 0 0 0 0 0 0 
32 5 0 0 0 0 0 0 0 0 0 0 0 
33 5 0 0 0 0 0 0 0 0 0 0 0 
34 5 0 0 0 0 0 0 0 0 0 0 0 
35 5 1 0 0 0 0 0 0 0 0 0 0 
36 5 2 0 0 0 0 0 0 0 0 0 0 
37 5 -1 3 41 0 0 43 2 0 0 8 19 
38 5 5 0 0 0 0 0 0 0 0 0 0 
39 5 -1 31 47 0 0 11 7 0 0 3 -27 
40 5 16 0 0 0 0 0 0 0 0 0 0 
41 5 -1 1 17 14 18 29 42 10 2 32 23953 
42 5 -1 4 17 9 1 22 30 17 17 32 -26828 
43 5 -1 28 14 0 0 12 45 0 0 2 3 
44 5 44 0 0 0 0 0 0 0 0 0 0 
45 5 -1 15 8 12 5 30 33 8 11 32 -1264 
46 5 -1 21 12 8 11 36 46 7 1 32 8993 
47 5 57 0 0 0 0 0 0 0 0 0 0 
48 5 -1 20 4 7 22 44 40 3 1 32 -382 
49 5 0 0 0 0 0 0 0 0 0 0 0 
50 5 0 0 0 0 0 0 0 0 0 0 0 
51 5 -1 32 37 0 0 2 34 0 0 18 -6 
52 5 -1 12 14 8 0 40 20 4 14 32 -1593 
53 5 -1 1 14 6 17 11 33 3 10 32 993 
54 5 -1 44 20 0 0 24 1 0 0 18 -25 
55 5 -1 2 43 0 0 44 23 0 0 17 28 
56 5 -1 16 5 5 0 46 9 1 32 32 -2120 
57 5 -1 19 17 0 0 39 6 0 0 2 -10 
58 5 123 0 0 0 0 0 0 0 0 0 0 
59 5 -1 22 12 21 13 45 43 2 2 32 6395 
60 5 -1 13 13 11 7 46 34 1 11 32 2956 
61 5 -1 6 21 13 1 32 43 7 4 32 -786 
62 5 -1 9 22 19 14 33 42 8 2 32 6722 
63 6 0 0 0 0 0 0 0 0 0 0 0 
64 6 0 0 0 0 0 0 0 0 0 0 0 
65 6 0 0 0 0 0 0 0 0 0 0 0 
66 6 0 0 0 0 0 0 0 0 0 0 0 
67 6 0 0 0 0 0 0 0 0 0 0 0 
68 6 0 0 0 0 0 0 0 0 0 0 0 
69 6 0 0 0 0 0 0 0 0 0 0 0 
70 6 0 0 0 0 0 0 0 0 0 0 0 
71 6 0 0 0 0 0 0 0 0 0 0 0 
72 6 0 0 0 0 0 0 0 0 0 0 0 
73 6 0 0 0 0 0 0 0 0 0 0 0 
74 6 0 0 0 0 0 0 0 0 0 0 0 
75 6 3 0 0 0 0 0 0 0 0 0 0 
76 6 4 0 0 0 0 0 0 0 0 0 0 
77 6 0 0 0 0 0 0 0 0 0 0 0 
78 6 0 0 0 0 0 0 0 0 0 0 0 
79 6 6 0 0 0 0 0 0 0 0 0 0 
80 6 -1 12 20 3 9 28 41 17 3 32 -1793 
81 6 0 0 0 0 0 0 0 0 0 0 0 
82 6 0 0 0 0 0 0 0 0 0 0 0 
83 6 -1 20 4 20 16 40 45 1 1 32 20811 
84 6 30 0 0 0 0 0 0 0 0 0 0 
85 6 -1 3 10 19 3 26 17 2 26 32 365 
86 6 -1 3 8 4 7 21 45 13 2 32 1089 
87 6 -1 12 36 0 0 10 42 0 0 9 -27 
88 6 43 0 0 0 0 0 0 0 0 0 0 
89 6 0 0 0 0 0 0 0 0 0 0 0 
90 6 0 0 0 0 0 0 0 0 0 0 0 
91 6 45 0 0 0 0 0 0 0 0 0 0 
92 6 46 0 0 0 0 0 0 0 0 0 0 
93 6 -1 10 17 0 0 37 3 0 0 18 -10 
94 6 56 0 0 0 0 0 0 0 0 0 0 
95 6 0 0 0 0 0 0 0 0 0 0 0 
96 6 0 0 0 0 0 0 0 0 0 0 0 
97 6 -1 20 8 10 11 42 20 4 24 32 -6401 
98 6 61 0 0 0 0 0 0 0 0 0 0 
99 6 0 0 0 0 0 0 0 0 0 0 0 
100 6 0 0 0 0 0 0 0 0 0 0 0 
101 6 0 0 0 0 0 0 0 0 0 0 0 
102 6 0 0 0 0 0 0 0 0 0 0 0 
103 6 -1 15 1 11 4 39 8 2 11 32 -828 
104 6 65 0 0 0 0 0 0 0 0 0 0 
105 6 -1 6 14 22 4 35 37 5 1 32 -140 
106 6 -1 15 10 1 16 30 43 10 2 32 -610 
107 6 -1 18 8 16 13 46 36 1 4 32 -384 
108 6 78 0 0 0 0 0 0 0 0 0 0 
109 6 -1 8 1 16 3 34 5 8 19 32 -775 
110 6 -1 21 15 19 9 46 31 1 12 32 -1166 
111 6 -1 1 10 10 22 25 40 20 1 32 6930 
112 6 102 0 0 0 0 0 0 0 0 0 0 
113 6 -1 6 16 18 20 41 45 2 2 32 12344 
114 6 -1 16 10 19 10 43 36 1 11 32 7581 
115 6 -1 17 14 0 0 44 19 0 0 5 -3 
116 6 122 0 0 0 0 0 0 0 0 0 0 
117 6 0 0 0 0 0 0 0 0 0 0 0 
118 6 0 0 0 0 0 0 0 0 0 0 0 
119 6 -1 15 0 3 1 25 21 9 7 32 -514 
120 6 126 0 0 0 0 0 0 0 0 0 0 
121 6 -1 18 20 15 8 39 39 8 2 32 3330 
122 6 129 0 0 0 0 0 0 0 0 0 0 
123 6 130 0 0 0 0 0 0 0 0 0 0 
124 6 -1 35 8 0 0 22 4 0 0 16 17 
125 6 133 0 0 0 0 0 0 0 0 0 0 
126 6 134 0 0 0 0 0 0 0 0 0 0 
127 7 0 0 0 0 0 0 0 0 0 0 0 
128 7 0 0 0 0 0 0 0 0 0 0 0 
129 7 0 0 0 0 0 0 0 0 0 0 0 
130 7 0 0 0 0 0 0 0 0 0 0 0 
131 7 0 0 0 0 0 0 0 0 0 0 0 
132 7 0 0 0 0 0 0 0 0 0 0 0 
133 7 0 0 0 0 0 0 0 0 0 0 0 
134 7 0 0 0 0 0 0 0 0 0 0 0 
135 7 0 0 0 0 0 0 0 0 0 0 0 
136 7 0 0 0 0 0 0 0 0 0 0 0 
137 7 0 0 0 0 0 0 0 0 0 0 0 
138 7 0 0 0 0 0 0 0 0 0 0 0 
139 7 0 0 0 0 0 0 0 0 0 0 0 
140 7 0 0 0 0 0 0 0 0 0 0 0 
141 7 0 0 0 0 0 0 0 0 0 0 0 
142 7 0 0 0 0 0 0 0 0 0 0 0 
143 7 0 0 0 0 0 0 0 0 0 0 0 
144 7 0 0 0 0 0 0 0 0 0 0 0 
145 7 0 0 0 0 0 0 0 0 0 0 0 
146 7 0 0 0 0 0 0 0 0 0 0 0 
147 7 0 0 0 0 0 0 0 0 0 0 0 
148 7 0 0 0 0 0 0 0 0 0 0 0 
149 7 0 0 0 0 0 0 0 0 0 0 0 
150 7 0 0 0 0 0 0 0 0 0 0 0 
151 7 0 0 0 0 0 0 0 0 0 0 0 
152 7 0 0 0 0 0 0 0 0 0 0 0 
153 7 0 0 0 0 0 0 0 0 0 0 0 
154 7 0 0 0 0 0 0 0 0 0 0 0 
155 7 0 0 0 0 0 0 0 0 0 0 0 
156 7 0 0 0 0 0 0 0 0 0 0 0 
157 7 0 0 0 0 0 0 0 0 0 0 0 
158 7 0 0 0 0 0 0 0 0 0 0 0 
159 7 0 0 0 0 0 0 0 0 0 0 0 
160 7 0 0 0 0 0 0 0 0 0 0 0 
161 7 -1 22 7 1 17 32 40 12 4 32 -3194 
162 7 -1 16 0 15 3 43 13 2 5 32 3627 
163 7 0 0 0 0 0 0 0 0 0 0 0 
164 7 0 0 0 0 0 0 0 0 0 0 0 
165 7 0 0 0 0 0 0 0 0 0 0 0 
166 7 0 0 0 0 0 0 0 0 0 0 0 
167 7 -1 16 5 0 0 12 35 0 0 18 6 
168 7 -1 1 5 3 0 32 42 12 1 32 -1149 
169 7 0 0 0 0 0 0 0 0 0 0 0 
170 7 0 0 0 0 0 0 0 0 0 0 0 
171 7 -1 44 0 0 0 5 2 0 0 17 -10 
172 7 -1 13 14 19 4 38 33 5 10 32 1537 
173 7 39 0 0 0 0 0 0 0 0 0 0 
174 7 40 0 0 0 0 0 0 0 0 0 0 
175 7 41 0 0 0 0 0 0 0 0 0 0 
176 7 42 0 0 0 0 0 0 0 0 0 0 
177 7 0 0 0 0 0 0 0 0 0 0 0 
178 7 0 0 0 0 0 0 0 0 0 0 0 
179 7 0 0 0 0 0 0 0 0 0 0 0 
180 7 0 0 0 0 0 0 0 0 0 0 0 
181 7 0 0 0 0 0 0 0 0 0 0 0 
182 7 0 0 0 0 0 0 0 0 0 0 0 
183 7 0 0 0 0 0 0 0 0 0 0 0 
184 7 0 0 0 0 0 0 0 0 0 0 0 
185 7 0 0 0 0 0 0 0 0 0 0 0 
186 7 0 0 0 0 0 0 0 0 0 0 0 
187 7 -1 5 12 1 22 8 34 38 12 32 -1142 
188 7 -1 14 9 3 0 37 45 2 2 32 -83 
189 7 0 0 0 0 0 0 0 0 0 0 0 
190 7 0 0 0 0 0 0 0 0 0 0 0 
191 7 0 0 0 0 0 0 0 0 0 0 0 
192 7 0 0 0 0 0 0 0 0 0 0 0 
193 7 0 0 0 0 0 0 0 0 0 0 0 
194 7 0 0 0 0 0 0 0 0 0 0 0 
195 7 -1 19 20 0 0 41 36 0 0 17 -7 
196 7 60 0 0 0 0 0 0 0 0 0 0 
197 7 0 0 0 0 0 0 0 0 0 0 0 
198 7 0 0 0 0 0 0 0 0 0 0 0 
199 7 0 0 0 0 0 0 0 0 0 0 0 
200 7 0 0 0 0 0 0 0 0 0 0 0 
201 7 0 0 0 0 0 0 0 0 0 0 0 
202 7 0 0 0 0 0 0 0 0 0 0 0 
203 7 0 0 0 0 0 0 0 0 0 0 0 
204 7 0 0 0 0 0 0 0 0 0 0 0 
205 7 0 0 0 0 0 0 0 0 0 0 0 
206 7 0 0 0 0 0 0 0 0 0 0 0 
207 7 63 0 0 0 0 0 0 0 0 0 0 
208 7 64 0 0 0 0 0 0 0 0 0 0 
209 7 0 0 0 0 0 0 0 0 0 0 0 
210 7 0 0 0 0 0 0 0 0 0 0 0 
211 7 -1 22 22 0 0 44 41 0 0 18 9 
212 7 68 0 0 0 0 0 0 0 0 0 0 
213 7 -1 16 17 15 11 33 38 12 5 32 -2428 
214 7 71 0 0 0 0 0 0 0 0 0 0 
215 7 72 0 0 0 0 0 0 0 0 0 0 
216 7 -1 21 7 6 1 27 27 11 4 32 -76 
217 7 0 0 0 0 0 0 0 0 0 0 0 
218 7 0 0 0 0 0 0 0 0 0 0 0 
219 7 79 0 0 0 0 0 0 0 0 0 0 
220 7 80 0 0 0 0 0 0 0 0 0 0 
221 7 -1 6 19 0 0 24 27 0 0 17 10 
222 7 -1 0 7 0 0 25 46 0 0 17 -51 
223 7 -1 7 8 0 0 47 37 0 0 17 13 
224 7 -1 4 7 0 0 46 10 1 5 32 -350 
225 7 0 0 0 0 0 0 0 0 0 0 0 
226 7 0 0 0 0 0 0 0 0 0 0 0 
227 7 -1 3 16 3 16 44 33 1 6 32 695 
228 7 -1 21 2 1 22 22 31 1 2 32 -99 
229 7 -1 0 3 3 4 30 40 17 4 32 -2364 
230 7 119 0 0 0 0 0 0 0 0 0 0 
231 7 120 0 0 0 0 0 0 0 0 0 0 
232 7 121 0 0 0 0 0 0 0 0 0 0 
233 7 0 0 0 0 0 0 0 0 0 0 0 
234 7 0 0 0 0 0 0 0 0 0 0 0 
235 7 0 0 0 0 0 0 0 0 0 0 0 
236 7 0 0 0 0 0 0 0 0 0 0 0 
237 7 0 0 0 0 0 0 0 0 0 0 0 
238 7 0 0 0 0 0 0 0 0 0 0 0 
239 7 124 0 0 0 0 0 0 0 0 0 0 
240 7 125 0 0 0 0 0 0 0 0 0 0 
241 7 0 0 0 0 0 0 0 0 0 0 0 
242 7 0 0 0 0 0 0 0 0 0 0 0 
243 7 127 0 0 0 0 0 0 0 0 0 0 
244 7 128 0 0 0 0 0 0 0 0 0 0 
245 7 0 0 0 0 0 0 0 0 0 0 0 
246 7 0 0 0 0 0 0 0 0 0 0 0 
247 7 0 0 0 0 0 0 0 0 0 0 0 
248 7 0 0 0 0 0 0 0 0 0 0 0 
249 7 131 0 0 0 0 0 0 0 0 0 0 
250 7 132 0 0 0 0 0 0 0 0 0 0 
251 7 0 0 0 0 0 0 0 0 0 0 0 
252 7 0 0 0 0 0 0 0 0 0 0 0 
253 7 0 0 0 0 0 0 0 0 0 0 0 
254 7 0 0 0 0 0 0 0 0 0 0 0 
255 8 0 0 0 0 0 0 0 0 0 0 0 
256 8 0 0 0 0 0 0 0 0 0 0 0 
257 8 0 0 0 0 0 0 0 0 0 0 0 
258 8 0 0 0 0 0 0 0 0 0 0 0 
259 8 0 0 0 0 0 0 0 0 0 0 0 
260 8 0 0 0 0 0 0 0 0 0 0 0 
261 8 0 0 0 0 0 0 0 0 0 0 0 
262 8 0 0 0 0 0 0 0 0 0 0 0 
263 8 0 0 0 0 0 0 0 0 0 0 0 
264 8 0 0 0 0 0 0 0 0 0 0 0 
265 8 0 0 0 0 0 0 0 0 0 0 0 
266 8 0 0 0 0 0 0 0 0 0 0 0 
267 8 0 0 0 0 0 0 0 0 0 0 0 
268 8 0 0 0 0 0 0 0 0 0 0 0 
269 8 0 0 0 0 0 0 0 0 0 0 0 
270 8 0 0 0 0 0 0 0 0 0 0 0 
271 8 0 0 0 0 0 0 0 0 0 0 0 
272 8 0 0 0 0 0 0 0 0 0 0 0 
273 8 0 0 0 0 0 0 0 0 0 0 0 
274 8 0 0 0 0 0 0 0 0 0 0 0 
275 8 0 0 0 0 0 0 0 0 0 0 0 
276 8 0 0 0 0 0 0 0 0 0 0 0 
277 8 0 0 0 0 0 0 0 0 0 0 0 
278 8 0 0 0 0 0 0 0 0 0 0 0 
279 8 0 0 0 0 0 0 0 0 0 0 0 
280 8 0 0 0 0 0 0 0 0 0 0 0 
281 8 0 0 0 0 0 0 0 0 0 0 0 
282 8 0 0 0 0 0 0 0 0 0 0 0 
283 8 0 0 0 0 0 0 0 0 0 0 0 
284 8 0 0 0 0 0 0 0 0 0 0 0 
285 8 0 0 0 0 0 0 0 0 0 0 0 
286 8 0 0 0 0 0 0 0 0 0 0 0 
287 8 0 0 0 0 0 0 0 0 0 0 0 
288 8 0 0 0 0 0 0 0 0 0 0 0 
289 8 0 0 0 0 0 0 0 0 0 0 0 
290 8 0 0 0 0 0 0 0 0 0 0 0 
291 8 0 0 0 0 0 0 0 0 0 0 0 
292 8 0 0 0 0 0 0 0 0 0 0 0 
293 8 0 0 0 0 0 0 0 0 0 0 0 
294 8 0 0 0 0 0 0 0 0 0 0 0 
295 8 0 0 0 0 0 0 0 0 0 0 0 
296 8 0 0 0 0 0 0 0 0 0 0 0 
297 8 0 0 0 0 0 0 0 0 0 0 0 
298 8 0 0 0 0 0 0 0 0 0 0 0 
299 8 0 0 0 0 0 0 0 0 0 0 0 
300 8 0 0 0 0 0 0 0 0 0 0 0 
301 8 0 0 0 0 0 0 0 0 0 0 0 
302 8 0 0 0 0 0 0 0 0 0 0 0 
303 8 0 0 0 0 0 0 0 0 0 0 0 
304 8 0 0 0 0 0 0 0 0 0 0 0 
305 8 0 0 0 0 0 0 0 0 0 0 0 
306 8 0 0 0 0 0 0 0 0 0 0 0 
307 8 0 0 0 0 0 0 0 0 0 0 0 
308 8 0 0 0 0 0 0 0 0 0 0 0 
309 8 0 0 0 0 0 0 0 0 0 0 0 
310 8 0 0 0 0 0 0 0 0 0 0 0 
311 8 0 0 0 0 0 0 0 0 0 0 0 
312 8 0 0 0 0 0 0 0 0 0 0 0 
313 8 0 0 0 0 0 0 0 0 0 0 0 
314 8 0 0 0 0 0 0 0 0 0 0 0 
315 8 0 0 0 0 0 0 0 0 0 0 0 
316 8 0 0 0 0 0 0 0 0 0 0 0 
317 8 0 0 0 0 0 0 0 0 0 0 0 
318 8 0 0 0 0 0 0 0 0 0 0 0 
319 8 0 0 0 0 0 0 0 0 0 0 0 
320 8 0 0 0 0 0 0 0 0 0 0 0 
321 8 0 0 0 0 0 0 0 0 0 0 0 
322 8 0 0 0 0 0 0 0 0 0 0 0 
323 8 -1 37 44 0 0 46 25 0 0 17 -4 
324 8 -1 30 23 0 0 28 21 0 0 1 -2 
325 8 -1 1 16 4 2 14 21 12 2 32 -1528 
326 8 15 0 0 0 0 0 0 0 0 0 0 
327 8 0 0 0 0 0 0 0 0 0 0 0 
328 8 0 0 0 0 0 0 0 0 0 0 0 
329 8 0 0 0 0 0 0 0 0 0 0 0 
330 8 0 0 0 0 0 0 0 0 0 0 0 
331 8 0 0 0 0 0 0 0 0 0 0 0 
332 8 0 0 0 0 0 0 0 0 0 0 0 
333 8 0 0 0 0 0 0 0 0 0 0 0 
334 8 0 0 0 0 0 0 0 0 0 0 0 
335 8 -1 19 6 0 0 22 24 0 0 13 71 
336 8 -1 41 43 0 0 34 14 0 0 3 3 
337 8 -1 13 14 0 0 38 36 0 0 16 -5 
338 8 -1 9 40 0 0 19 22 0 0 7 -18 
339 8 0 0 0 0 0 0 0 0 0 0 0 
340 8 0 0 0 0 0 0 0 0 0 0 0 
341 8 0 0 0 0 0 0 0 0 0 0 0 
342 8 0 0 0 0 0 0 0 0 0 0 0 
343 8 -1 24 24 0 0 6 11 0 0 2 17 
344 8 -1 23 25 0 0 9 20 0 0 5 26 
345 8 -1 4 20 3 19 11 40 31 3 32 -823 
346 8 38 0 0 0 0 0 0 0 0 0 0 
347 8 0 0 0 0 0 0 0 0 0 0 0 
348 8 0 0 0 0 0 0 0 0 0 0 0 
349 8 0 0 0 0 0 0 0 0 0 0 0 
350 8 0 0 0 0 0 0 0 0 0 0 0 
351 8 0 0 0 0 0 0 0 0 0 0 0 
352 8 0 0 0 0 0 0 0 0 0 0 0 
353 8 0 0 0 0 0 0 0 0 0 0 0 
354 8 0 0 0 0 0 0 0 0 0 0 0 
355 8 0 0 0 0 0 0 0 0 0 0 0 
356 8 0 0 0 0 0 0 0 0 0 0 0 
357 8 0 0 0 0 0 0 0 0 0 0 0 
358 8 0 0 0 0 0 0 0 0 0 0 0 
359 8 0 0 0 0 0 0 0 0 0 0 0 
360 8 0 0 0 0 0 0 0 0 0 0 0 
361 8 0 0 0 0 0 0 0 0 0 0 0 
362 8 0 0 0 0 0 0 0 0 0 0 0 
363 8 0 0 0 0 0 0 0 0 0 0 0 
364 8 0 0 0 0 0 0 0 0 0 0 0 
365 8 0 0 0 0 0 0 0 0 0 0 0 
366 8 0 0 0 0 0 0 0 0 0 0 0 
367 8 0 0 0 0 0 0 0 0 0 0 0 
368 8 0 0 0 0 0 0 0 0 0 0 0 
369 8 0 0 0 0 0 0 0 0 0 0 0 
370 8 0 0 0 0 0 0 0 0 0 0 0 
371 8 0 0 0 0 0 0 0 0 0 0 0 
372 8 0 0 0 0 0 0 0 0 0 0 0 
373 8 0 0 0 0 0 0 0 0 0 0 0 
374 8 0 0 0 0 0 0 0 0 0 0 0 
375 8 -1 30 20 0 0 9 14 0 0 2 8 
376 8 51 0 0 0 0 0 0 0 0 0 0 
377 8 52 0 0 0 0 0 0 0 0 0 0 
378 8 -1 20 14 22 22 42 37 1 9 32 43066 
379 8 0 0 0 0 0 0 0 0 0 0 0 
380 8 0 0 0 0 0 0 0 0 0 0 0 
381 8 0 0 0 0 0 0 0 0 0 0 0 
382 8 0 0 0 0 0 0 0 0 0 0 0 
383 8 0 0 0 0 0 0 0 0 0 0 0 
384 8 0 0 0 0 0 0 0 0 0 0 0 
385 8 0 0 0 0 0 0 0 0 0 0 0 
386 8 0 0 0 0 0 0 0 0 0 0 0 
387 8 0 0 0 0 0 0 0 0 0 0 0 
388 8 0 0 0 0 0 0 0 0 0 0 0 
389 8 0 0 0 0 0 0 0 0 0 0 0 
390 8 0 0 0 0 0 0 0 0 0 0 0 
391 8 58 0 0 0 0 0 0 0 0 0 0 
392 8 59 0 0 0 0 0 0 0 0 0 0 
393 8 0 0 0 0 0 0 0 0 0 0 0 
394 8 0 0 0 0 0 0 0 0 0 0 0 
395 8 0 0 0 0 0 0 0 0 0 0 0 
396 8 0 0 0 0 0 0 0 0 0 0 0 
397 8 0 0 0 0 0 0 0 0 0 0 0 
398 8 0 0 0 0 0 0 0 0 0 0 0 
399 8 0 0 0 0 0 0 0 0 0 0 0 
400 8 0 0 0 0 0 0 0 0 0 0 0 
401 8 0 0 0 0 0 0 0 0 0 0 0 
402 8 0 0 0 0 0 0 0 0 0 0 0 
403 8 0 0 0 0 0 0 0 0 0 0 0 
404 8 0 0 0 0 0 0 0 0 0 0 0 
405 8 0 0 0 0 0 0 0 0 0 0 0 
406 8 0 0 0 0 0 0 0 0 0 0 0 
407 8 0 0 0 0 0 0 0 0 0 0 0 
408 8 0 0 0 0 0 0 0 0 0 0 0 
409 8 0 0 0 0 0 0 0 0 0 0 0 
410 8 0 0 0 0 0 0 0 0 0 0 0 
411 8 0 0 0 0 0 0 0 0 0 0 0 
412 8 0 0 0 0 0 0 0 0 0 0 0 
413 8 0 0 0 0 0 0 0 0 0 0 0 
414 8 0 0 0 0 0 0 0 0 0 0 0 
415 8 0 0 0 0 0 0 0 0 0 0 0 
416 8 0 0 0 0 0 0 0 0 0 0 0 
417 8 0 0 0 0 0 0 0 0 0 0 0 
418 8 0 0 0 0 0 0 0 0 0 0 0 
419 8 0 0 0 0 0 0 0 0 0 0 0 
420 8 0 0 0 0 0 0 0 0 0 0 0 
421 8 0 0 0 0 0 0 0 0 0 0 0 
422 8 0 0 0 0 0 0 0 0 0 0 0 
423 8 66 0 0 0 0 0 0 0 0 0 0 
424 8 67 0 0 0 0 0 0 0 0 0 0 
425 8 0 0 0 0 0 0 0 0 0 0 0 
426 8 0 0 0 0 0 0 0 0 0 0 0 
427 8 69 0 0 0 0 0 0 0 0 0 0 
428 8 70 0 0 0 0 0 0 0 0 0 0 
429 8 0 0 0 0 0 0 0 0 0 0 0 
430 8 0 0 0 0 0 0 0 0 0 0 0 
431 8 0 0 0 0 0 0 0 0 0 0 0 
432 8 0 0 0 0 0 0 0 0 0 0 0 
433 8 -1 45 45 0 0 25 20 0 0 11 -78 
434 8 -1 15 38 0 0 14 10 0 0 7 19 
435 8 0 0 0 0 0 0 0 0 0 0 0 
436 8 0 0 0 0 0 0 0 0 0 0 0 
437 8 0 0 0 0 0 0 0 0 0 0 0 
438 8 0 0 0 0 0 0 0 0 0 0 0 
439 8 0 0 0 0 0 0 0 0 0 0 0 
440 8 0 0 0 0 0 0 0 0 0 0 0 
441 8 0 0 0 0 0 0 0 0 0 0 0 
442 8 0 0 0 0 0 0 0 0 0 0 0 
443 8 81 0 0 0 0 0 0 0 0 0 0 
444 8 82 0 0 0 0 0 0 0 0 0 0 
445 8 -1 10 46 0 0 41 2 0 0 17 3 
446 8 -1 37 1 0 0 11 25 0 0 5 25 
447 8 -1 10 11 11 0 43 20 3 20 32 -1542 
448 8 -1 15 15 14 16 44 45 2 1 32 9963 
449 8 -1 14 9 20 20 35 41 9 3 32 16137 
450 8 -1 37 33 0 0 9 5 0 0 7 -42 
451 8 0 0 0 0 0 0 0 0 0 0 0 
452 8 0 0 0 0 0 0 0 0 0 0 0 
453 8 0 0 0 0 0 0 0 0 0 0 0 
454 8 0 0 0 0 0 0 0 0 0 0 0 
455 8 -1 1 25 0 0 10 12 0 0 14 67 
456 8 105 0 0 0 0 0 0 0 0 0 0 
457 8 -1 42 12 0 0 0 26 0 0 1 -10 
458 8 -1 47 13 0 0 36 39 0 0 1 11 
459 8 -1 1 18 12 16 32 42 3 3 32 -44 
460 8 -1 12 18 8 4 33 31 14 14 32 -4122 
461 8 0 0 0 0 0 0 0 0 0 0 0 
462 8 0 0 0 0 0 0 0 0 0 0 0 
463 8 0 0 0 0 0 0 0 0 0 0 0 
464 8 0 0 0 0 0 0 0 0 0 0 0 
465 8 0 0 0 0 0 0 0 0 0 0 0 
466 8 0 0 0 0 0 0 0 0 0 0 0 
467 8 0 0 0 0 0 0 0 0 0 0 0 
468 8 0 0 0 0 0 0 0 0 0 0 0 
469 8 0 0 0 0 0 0 0 0 0 0 0 
470 8 0 0 0 0 0 0 0 0 0 0 0 
471 8 0 0 0 0 0 0 0 0 0 0 0 
472 8 0 0 0 0 0 0 0 0 0 0 0 
473 8 0 0 0 0 0 0 0 0 0 0 0 
474 8 0 0 0 0 0 0 0 0 0 0 0 
475 8 0 0 0 0 0 0 0 0 0 0 0 
476 8 0 0 0 0 0 0 0 0 0 0 0 
477 8 0 0 0 0 0 0 0 0 0 0 0 
478 8 0 0 0 0 0 0 0 0 0 0 0 
479 8 0 0 0 0 0 0 0 0 0 0 0 
480 8 0 0 0 0 0 0 0 0 0 0 0 
481 8 0 0 0 0 0 0 0 0 0 0 0 
482 8 0 0 0 0 0 0 0 0 0 0 0 
483 8 0 0 0 0 0 0 0 0 0 0 0 
484 8 0 0 0 0 0 0 0 0 0 0 0 
485 8 0 0 0 0 0 0 0 0 0 0 0 
486 8 0 0 0 0 0 0 0 0 0 0 0 
487 8 0 0 0 0 0 0 0 0 0 0 0 
488 8 0 0 0 0 0 0 0 0 0 0 0 
489 8 0 0 0 0 0 0 0 0 0 0 0 
490 8 0 0 0 0 0 0 0 0 0 0 0 
491 8 0 0 0 0 0 0 0 0 0 0 0 
492 8 0 0 0 0 0 0 0 0 0 0 0 
493 8 0 0 0 0 0 0 0 0 0 0 0 
494 8 0 0 0 0 0 0 0 0 0 0 0 
495 8 0 0 0 0 0 0 0 0 0 0 0 
496 8 0 0 0 0 0 0 0 0 0 0 0 
497 8 0 0 0 0 0 0 0 0 0 0 0 
498 8 0 0 0 0 0 0 0 0 0 0 0 
499 8 0 0 0 0 0 0 0 0 0 0 0 
500 8 0 0 0 0 0 0 0 0 0 0 0 
501 8 0 0 0 0 0 0 0 0 0 0 0 
502 8 0 0 0 0 0 0 0 0 0 0 0 
503 8 0 0 0 0 0 0 0 0 0 0 0 
504 8 0 0 0 0 0 0 0 0 0 0 0 
505 8 0 0 0 0 0 0 0 0 0 0 0 
506 8 0 0 0 0 0 0 0 0 0 0 0 
507 8 0 0 0 0 0 0 0 0 0 0 0 
508 8 0 0 0 0 0 0 0 0 0 0 0 
509 8 0 0 0 0 0 0 0 0 0 0 0 
510 8 0 0 0 0 0 0 0 0 0 0 0 
511 9 0 0 0 0 0 0 0 0 0 0 0 
512 9 0 0 0 0 0 0 0 0 0 0 0 
513 9 0 0 0 0 0 0 0 0 0 0 0 
514 9 0 0 0 0 0 0 0 0 0 0 0 
515 9 0 0 0 0 0 0 0 0 0 0 0 
516 9 0 0 0 0 0 0 0 0 0 0 0 
517 9 0 0 0 0 0 0 0 0 0 0 0 
518 9 0 0 0 0 0 0 0 0 0 0 0 
519 9 0 0 0 0 0 0 0 0 0 0 0 
520 9 0 0 0 0 0 0 0 0 0 0 0 
521 9 0 0 0 0 0 0 0 0 0 0 0 
522 9 0 0 0 0 0 0 0 0 0 0 0 
523 9 0 0 0 0 0 0 0 0 0 0 0 
524 9 0 0 0 0 0 0 0 0 0 0 0 
525 9 0 0 0 0 0 0 0 0 0 0 0 
526 9 0 0 0 0 0 0 0 0 0 0 0 
527 9 0 0 0 0 0 0 0 0 0 0 0 
528 9 0 0 0 0 0 0 0 0 0 0 0 
529 9 0 0 0 0 0 0 0 0 0 0 0 
530 9 0 0 0 0 0 0 0 0 0 0 0 
531 9 0 0 0 0 0 0 0 0 0 0 0 
532 9 0 0 0 0 0 0 0 0 0 0 0 
533 9 0 0 0 0 0 0 0 0 0 0 0 
534 9 0 0 0 0 0 0 0 0 0 0 0 
535 9 0 0 0 0 0 0 0 0 0 0 0 
536 9 0 0 0 0 0 0 0 0 0 0 0 
537 9 0 0 0 0 0 0 0 0 0 0 0 
538 9 0 0 0 0 0 0 0 0 0 0 0 
539 9 0 0 0 0 0 0 0 0 0 0 0 
540 9 0 0 0 0 0 0 0 0 0 0 0 
541 9 0 0 0 0 0 0 0 0 0 0 0 
542 9 0 0 0 0 0 0 0 0 0 0 0 
543 9 0 0 0 0 0 0 0 0 0 0 0 
544 9 0 0 0 0 0 0 0 0 0 0 0 
545 9 0 0 0 0 0 0 0 0 0 0 0 
546 9 0 0 0 0 0 0 0 0 0 0 0 
547 9 0 0 0 0 0 0 0 0 0 0 0 
548 9 0 0 0 0 0 0 0 0 0 0 0 
549 9 0 0 0 0 0 0 0 0 0 0 0 
550 9 0 0 0 0 0 0 0 0 0 0 0 
551 9 0 0 0 0 0 0 0 0 0 0 0 
552 9 0 0 0 0 0 0 0 0 0 0 0 
553 9 0 0 0 0 0 0 0 0 0 0 0 
554 9 0 0 0 0 0 0 0 0 0 0 0 
555 9 0 0 0 0 0 0 0 0 0 0 0 
556 9 0 0 0 0 0 0 0 0 0 0 0 
557 9 0 0 0 0 0 0 0 0 0 0 0 
558 9 0 0 0 0 0 0 0 0 0 0 0 
559 9 0 0 0 0 0 0 0 0 0 0 0 
560 9 0 0 0 0 0 0 0 0 0 0 0 
561 9 0 0 0 0 0 0 0 0 0 0 0 
562 9 0 0 0 0 0 0 0 0 0 0 0 
563 9 0 0 0 0 0 0 0 0 0 0 0 
564 9 0 0 0 0 0 0 0 0 0 0 0 
565 9 0 0 0 0 0 0 0 0 0 0 0 
566 9 0 0 0 0 0 0 0 0 0 0 0 
567 9 0 0 0 0 0 0 0 0 0 0 0 
568 9 0 0 0 0 0 0 0 0 0 0 0 
569 9 0 0 0 0 0 0 0 0 0 0 0 
570 9 0 0 0 0 0 0 0 0 0 0 0 
571 9 0 0 0 0 0 0 0 0 0 0 0 
572 9 0 0 0 0 0 0 0 0 0 0 0 
573 9 0 0 0 0 0 0 0 0 0 0 0 
574 9 0 0 0 0 0 0 0 0 0 0 0 
575 9 0 0 0 0 0 0 0 0 0 0 0 
576 9 0 0 0 0 0 0 0 0 0 0 0 
577 9 0 0 0 0 0 0 0 0 0 0 0 
578 9 0 0 0 0 0 0 0 0 0 0 0 
579 9 0 0 0 0 0 0 0 0 0 0 0 
580 9 0 0 0 0 0 0 0 0 0 0 0 
581 9 0 0 0 0 0 0 0 0 0 0 0 
582 9 0 0 0 0 0 0 0 0 0 0 0 
583 9 0 0 0 0 0 0 0 0 0 0 0 
584 9 0 0 0 0 0 0 0 0 0 0 0 
585 9 0 0 0 0 0 0 0 0 0 0 0 
586 9 0 0 0 0 0 0 0 0 0 0 0 
587 9 0 0 0 0 0 0 0 0 0 0 0 
588 9 0 0 0 0 0 0 0 0 0 0 0 
589 9 0 0 0 0 0 0 0 0 0 0 0 
590 9 0 0 0 0 0 0 0 0 0 0 0 
591 9 0 0 0 0 0 0 0 0 0 0 0 
592 9 0 0 0 0 0 0 0 0 0 0 0 
593 9 0 0 0 0 0 0 0 0 0 0 0 
594 9 0 0 0 0 0 0 0 0 0 0 0 
595 9 0 0 0 0 0 0 0 0 0 0 0 
596 9 0 0 0 0 0 0 0 0 0 0 0 
597 9 0 0 0 0 0 0 0 0 0 0 0 
598 9 0 0 0 0 0 0 0 0 0 0 0 
599 9 0 0 0 0 0 0 0 0 0 0 0 
600 9 0 0 0 0 0 0 0 0 0 0 0 
601 9 0 0 0 0 0 0 0 0 0 0 0 
602 9 0 0 0 0 0 0 0 0 0 0 0 
603 9 0 0 0 0 0 0 0 0 0 0 0 
604 9 0 0 0 0 0 0 0 0 0 0 0 
605 9 0 0 0 0 0 0 0 0 0 0 0 
606 9 0 0 0 0 0 0 0 0 0 0 0 
607 9 0 0 0 0 0 0 0 0 0 0 0 
608 9 0 0 0 0 0 0 0 0 0 0 0 
609 9 0 0 0 0 0 0 0 0 0 0 0 
610 9 0 0 0 0 0 0 0 0 0 0 0 
611 9 0 0 0 0 0 0 0 0 0 0 0 
612 9 0 0 0 0 0 0 0 0 0 0 0 
613 9 0 0 0 0 0 0 0 0 0 0 0 
614 9 0 0 0 0 0 0 0 0 0 0 0 
615 9 0 0 0 0 0 0 0 0 0 0 0 
616 9 0 0 0 0 0 0 0 0 0 0 0 
617 9 0 0 0 0 0 0 0 0 0 0 0 
618 9 0 0 0 0 0 0 0 0 0 0 0 
619 9 0 0 0 0 0 0 0 0 0 0 0 
620 9 0 0 0 0 0 0 0 0 0 0 0 
621 9 0 0 0 0 0 0 0 0 0 0 0 
622 9 0 0 0 0 0 0 0 0 0 0 0 
623 9 0 0 0 0 0 0 0 0 0 0 0 
624 9 0 0 0 0 0 0 0 0 0 0 0 
625 9 0 0 0 0 0 0 0 0 0 0 0 
626 9 0 0 0 0 0 0 0 0 0 0 0 
627 9 0 0 0 0 0 0 0 0 0 0 0 
628 9 0 0 0 0 0 0 0 0 0 0 0 
629 9 0 0 0 0 0 0 0 0 0 0 0 
630 9 0 0 0 0 0 0 0 0 0 0 0 
631 9 0 0 0 0 0 0 0 0 0 0 0 
632 9 0 0 0 0 0 0 0 0 0 0 0 
633 9 0 0 0 0 0 0 0 0 0 0 0 
634 9 0 0 0 0 0 0 0 0 0 0 0 
635 9 0 0 0 0 0 0 0 0 0 0 0 
636 9 0 0 0 0 0 0 0 0 0 0 0 
637 9 0 0 0 0 0 0 0 0 0 0 0 
638 9 0 0 0 0 0 0 0 0 0 0 0 
639 9 0 0 0 0 0 0 0 0 0 0 0 
640 9 0 0 0 0 0 0 0 0 0 0 0 
641 9 0 0 0 0 0 0 0 0 0 0 0 
642 9 0 0 0 0 0 0 0 0 0 0 0 
643 9 0 0 0 0 0 0 0 0 0 0 0 
644 9 0 0 0 0 0 0 0 0 0 0 0 
645 9 0 0 0 0 0 0 0 0 0 0 0 
646 9 0 0 0 0 0 0 0 0 0 0 0 
647 9 7 0 0 0 0 0 0 0 0 0 0 
648 9 8 0 0 0 0 0 0 0 0 0 0 
649 9 -1 12 20 0 0 45 0 0 0 11 21 
650 9 -1 2 44 0 0 24 30 0 0 13 31 
651 9 13 0 0 0 0 0 0 0 0 0 0 
652 9 14 0 0 0 0 0 0 0 0 0 0 
653 9 0 0 0 0 0 0 0 0 0 0 0 
654 9 0 0 0 0 0 0 0 0 0 0 0 
655 9 0 0 0 0 0 0 0 0 0 0 0 
656 9 0 0 0 0 0 0 0 0 0 0 0 
657 9 0 0 0 0 0 0 0 0 0 0 0 
658 9 0 0 0 0 0 0 0 0 0 0 0 
659 9 0 0 0 0 0 0 0 0 0 0 0 
660 9 0 0 0 0 0 0 0 0 0 0 0 
661 9 0 0 0 0 0 0 0 0 0 0 0 
662 9 0 0 0 0 0 0 0 0 0 0 0 
663 9 0 0 0 0 0 0 0 0 0 0 0 
664 9 0 0 0 0 0 0 0 0 0 0 0 
665 9 0 0 0 0 0 0 0 0 0 0 0 
666 9 0 0 0 0 0 0 0 0 0 0 0 
667 9 0 0 0 0 0 0 0 0 0 0 0 
668 9 0 0 0 0 0 0 0 0 0 0 0 
669 9 0 0 0 0 0 0 0 0 0 0 0 
670 9 0 0 0 0 0 0 0 0 0 0 0 
671 9 17 0 0 0 0 0 0 0 0 0 0 
672 9 18 0 0 0 0 0 0 0 0 0 0 
673 9 -1 15 20 4 20 45 44 1 3 32 7702 
674 9 -1 5 41 0 0 18 25 0 0 14 -28 
675 9 23 0 0 0 0 0 0 0 0 0 0 
676 9 -1 35 44 0 0 34 27 0 0 6 -3 
677 9 -1 24 13 0 0 22 41 0 0 10 2 
678 9 -1 14 46 0 0 44 37 0 0 8 -17 
679 9 0 0 0 0 0 0 0 0 0 0 0 
680 9 0 0 0 0 0 0 0 0 0 0 0 
681 9 0 0 0 0 0 0 0 0 0 0 0 
682 9 0 0 0 0 0 0 0 0 0 0 0 
683 9 0 0 0 0 0 0 0 0 0 0 0 
684 9 0 0 0 0 0 0 0 0 0 0 0 
685 9 0 0 0 0 0 0 0 0 0 0 0 
686 9 0 0 0 0 0 0 0 0 0 0 0 
687 9 31 0 0 0 0 0 0 0 0 0 0 
688 9 32 0 0 0 0 0 0 0 0 0 0 
689 9 33 0 0 0 0 0 0 0 0 0 0 
690 9 34 0 0 0 0 0 0 0 0 0 0 
691 9 -1 10 36 0 0 33 28 0 0 11 -27 
692 9 37 0 0 0 0 0 0 0 0 0 0 
693 9 0 0 0 0 0 0 0 0 0 0 0 
694 9 0 0 0 0 0 0 0 0 0 0 0 
695 9 0 0 0 0 0 0 0 0 0 0 0 
696 9 0 0 0 0 0 0 0 0 0 0 0 
697 9 0 0 0 0 0 0 0 0 0 0 0 
698 9 0 0 0 0 0 0 0 0 0 0 0 
699 9 0 0 0 0 0 0 0 0 0 0 0 
700 9 0 0 0 0 0 0 0 0 0 0 0 
701 9 0 0 0 0 0 0 0 0 0 0 0 
702 9 0 0 0 0 0 0 0 0 0 0 0 
703 9 0 0 0 0 0 0 0 0 0 0 0 
704 9 0 0 0 0 0 0 0 0 0 0 0 
705 9 0 0 0 0 0 0 0 0 0 0 0 
706 9 0 0 0 0 0 0 0 0 0 0 0 
707 9 0 0 0 0 0 0 0 0 0 0 0 
708 9 0 0 0 0 0 0 0 0 0 0 0 
709 9 0 0 0 0 0 0 0 0 0 0 0 
710 9 0 0 0 0 0 0 0 0 0 0 0 
711 9 0 0 0 0 0 0 0 0 0 0 0 
712 9 0 0 0 0 0 0 0 0 0 0 0 
713 9 0 0 0 0 0 0 0 0 0 0 0 
714 9 0 0 0 0 0 0 0 0 0 0 0 
715 9 0 0 0 0 0 0 0 0 0 0 0 
716 9 0 0 0 0 0 0 0 0 0 0 0 
717 9 0 0 0 0 0 0 0 0 0 0 0 
718 9 0 0 0 0 0 0 0 0 0 0 0 
719 9 0 0 0 0 0 0 0 0 0 0 0 
720 9 0 0 0 0 0 0 0 0 0 0 0 
721 9 0 0 0 0 0 0 0 0 0 0 0 
722 9 0 0 0 0 0 0 0 0 0 0 0 
723 9 0 0 0 0 0 0 0 0 0 0 0 
724 9 0 0 0 0 0 0 0 0 0 0 0 
725 9 0 0 0 0 0 0 0 0 0 0 0 
726 9 0 0 0 0 0 0 0 0 0 0 0 
727 9 0 0 0 0 0 0 0 0 0 0 0 
728 9 0 0 0 0 0 0 0 0 0 0 0 
729 9 0 0 0 0 0 0 0 0 0 0 0 
730 9 0 0 0 0 0 0 0 0 0 0 0 
731 9 0 0 0 0 0 0 0 0 0 0 0 
732 9 0 0 0 0 0 0 0 0 0 0 0 
733 9 0 0 0 0 0 0 0 0 0 0 0 
734 9 0 0 0 0 0 0 0 0 0 0 0 
735 9 0 0 0 0 0 0 0 0 0 0 0 
736 9 0 0 0 0 0 0 0 0 0 0 0 
737 9 0 0 0 0 0 0 0 0 0 0 0 
738 9 0 0 0 0 0 0 0 0 0 0 0 
739 9 0 0 0 0 0 0 0 0 0 0 0 
740 9 0 0 0 0 0 0 0 0 0 0 0 
741 9 0 0 0 0 0 0 0 0 0 0 0 
742 9 0 0 0 0 0 0 0 0 0 0 0 
743 9 0 0 0 0 0 0 0 0 0 0 0 
744 9 0 0 0 0 0 0 0 0 0 0 0 
745 9 0 0 0 0 0 0 0 0 0 0 0 
746 9 0 0 0 0 0 0 0 0 0 0 0 
747 9 0 0 0 0 0 0 0 0 0 0 0 
748 9 0 0 0 0 0 0 0 0 0 0 0 
749 9 0 0 0 0 0 0 0 0 0 0 0 
750 9 0 0 0 0 0 0 0 0 0 0 0 
751 9 -1 6 22 0 0 47 31 0 0 17 -1 
752 9 -1 11 14 0 0 0 45 0 0 15 32 
753 9 0 0 0 0 0 0 0 0 0 0 0 
754 9 0 0 0 0 0 0 0 0 0 0 0 
755 9 0 0 0 0 0 0 0 0 0 0 0 
756 9 0 0 0 0 0 0 0 0 0 0 0 
757 9 -1 12 9 7 0 25 34 17 10 32 -1010 
758 9 55 0 0 0 0 0 0 0 0 0 0 
759 9 0 0 0 0 0 0 0 0 0 0 0 
760 9 0 0 0 0 0 0 0 0 0 0 0 
761 9 0 0 0 0 0 0 0 0 0 0 0 
762 9 0 0 0 0 0 0 0 0 0 0 0 
763 9 0 0 0 0 0 0 0 0 0 0 0 
764 9 0 0 0 0 0 0 0 0 0 0 0 
765 9 0 0 0 0 0 0 0 0 0 0 0 
766 9 0 0 0 0 0 0 0 0 0 0 0 
767 9 0 0 0 0 0 0 0 0 0 0 0 
768 9 0 0 0 0 0 0 0 0 0 0 0 
769 9 0 0 0 0 0 0 0 0 0 0 0 
770 9 0 0 0 0 0 0 0 0 0 0 0 
771 9 0 0 0 0 0 0 0 0 0 0 0 
772 9 0 0 0 0 0 0 0 0 0 0 0 
773 9 0 0 0 0 0 0 0 0 0 0 0 
774 9 0 0 0 0 0 0 0 0 0 0 0 
775 9 0 0 0 0 0 0 0 0 0 0 0 
776 9 0 0 0 0 0 0 0 0 0 0 0 
777 9 0 0 0 0 0 0 0 0 0 0 0 
778 9 0 0 0 0 0 0 0 0 0 0 0 
779 9 0 0 0 0 0 0 0 0 0 0 0 
780 9 0 0 0 0 0 0 0 0 0 0 0 
781 9 0 0 0 0 0 0 0 0 0 0 0 
782 9 0 0 0 0 0 0 0 0 0 0 0 
783 9 0 0 0 0 0 0 0 0 0 0 0 
784 9 0 0 0 0 0 0 0 0 0 0 0 
785 9 0 0 0 0 0 0 0 0 0 0 0 
786 9 0 0 0 0 0 0 0 0 0 0 0 
787 9 0 0 0 0 0 0 0 0 0 0 0 
788 9 0 0 0 0 0 0 0 0 0 0 0 
789 9 0 0 0 0 0 0 0 0 0 0 0 
790 9 0 0 0 0 0 0 0 0 0 0 0 
791 9 0 0 0 0 0 0 0 0 0 0 0 
792 9 0 0 0 0 0 0 0 0 0 0 0 
793 9 0 0 0 0 0 0 0 0 0 0 0 
794 9 0 0 0 0 0 0 0 0 0 0 0 
795 9 0 0 0 0 0 0 0 0 0 0 0 
796 9 0 0 0 0 0 0 0 0 0 0 0 
797 9 0 0 0 0 0 0 0 0 0 0 0 
798 9 0 0 0 0 0 0 0 0 0 0 0 
799 9 0 0 0 0 0 0 0 0 0 0 0 
800 9 0 0 0 0 0 0 0 0 0 0 0 
801 9 0 0 0 0 0 0 0 0 0 0 0 
802 9 0 0 0 0 0 0 0 0 0 0 0 
803 9 0 0 0 0 0 0 0 0 0 0 0 
804 9 0 0 0 0 0 0 0 0 0 0 0 
805 9 0 0 0 0 0 0 0 0 0 0 0 
806 9 0 0 0 0 0 0 0 0 0 0 0 
807 9 0 0 0 0 0 0 0 0 0 0 0 
808 9 0 0 0 0 0 0 0 0 0 0 0 
809 9 0 0 0 0 0 0 0 0 0 0 0 
810 9 0 0 0 0 0 0 0 0 0 0 0 
811 9 0 0 0 0 0 0 0 0 0 0 0 
812 9 0 0 0 0 0 0 0 0 0 0 0 
813 9 0 0 0 0 0 0 0 0 0 0 0 
814 9 0 0 0 0 0 0 0 0 0 0 0 
815 9 0 0 0 0 0 0 0 0 0 0 0 
816 9 0 0 0 0 0 0 0 0 0 0 0 
817 9 0 0 0 0 0 0 0 0 0 0 0 
818 9 0 0 0 0 0 0 0 0 0 0 0 
819 9 0 0 0 0 0 0 0 0 0 0 0 
820 9 0 0 0 0 0 0 0 0 0 0 0 
821 9 0 0 0 0 0 0 0 0 0 0 0 
822 9 0 0 0 0 0 0 0 0 0 0 0 
823 9 0 0 0 0 0 0 0 0 0 0 0 
824 9 0 0 0 0 0 0 0 0 0 0 0 
825 9 0 0 0 0 0 0 0 0 0 0 0 
826 9 0 0 0 0 0 0 0 0 0 0 0 
827 9 0 0 0 0 0 0 0 0 0 0 0 
828 9 0 0 0 0 0 0 0 0 0 0 0 
829 9 0 0 0 0 0 0 0 0 0 0 0 
830 9 0 0 0 0 0 0 0 0 0 0 0 
831 9 0 0 0 0 0 0 0 0 0 0 0 
832 9 0 0 0 0 0 0 0 0 0 0 0 
833 9 0 0 0 0 0 0 0 0 0 0 0 
834 9 0 0 0 0 0 0 0 0 0 0 0 
835 9 0 0 0 0 0 0 0 0 0 0 0 
836 9 0 0 0 0 0 0 0 0 0 0 0 
837 9 0 0 0 0 0 0 0 0 0 0 0 
838 9 0 0 0 0 0 0 0 0 0 0 0 
839 9 0 0 0 0 0 0 0 0 0 0 0 
840 9 0 0 0 0 0 0 0 0 0 0 0 
841 9 0 0 0 0 0 0 0 0 0 0 0 
842 9 0 0 0 0 0 0 0 0 0 0 0 
843 9 0 0 0 0 0 0 0 0 0 0 0 
844 9 0 0 0 0 0 0 0 0 0 0 0 
845 9 0 0 0 0 0 0 0 0 0 0 0 
846 9 0 0 0 0 0 0 0 0 0 0 0 
847 9 0 0 0 0 0 0 0 0 0 0 0 
848 9 0 0 0 0 0 0 0 0 0 0 0 
849 9 0 0 0 0 0 0 0 0 0 0 0 
850 9 0 0 0 0 0 0 0 0 0 0 0 
851 9 0 0 0 0 0 0 0 0 0 0 0 
852 9 0 0 0 0 0 0 0 0 0 0 0 
853 9 0 0 0 0 0 0 0 0 0 0 0 
854 9 0 0 0 0 0 0 0 0 0 0 0 
855 9 0 0 0 0 0 0 0 0 0 0 0 
856 9 0 0 0 0 0 0 0 0 0 0 0 
857 9 0 0 0 0 0 0 0 0 0 0 0 
858 9 0 0 0 0 0 0 0 0 0 0 0 
859 9 0 0 0 0 0 0 0 0 0 0 0 
860 9 0 0 0 0 0 0 0 0 0 0 0 
861 9 0 0 0 0 0 0 0 0 0 0 0 
862 9 0 0 0 0 0 0 0 0 0 0 0 
863 9 0 0 0 0 0 0 0 0 0 0 0 
864 9 0 0 0 0 0 0 0 0 0 0 0 
865 9 0 0 0 0 0 0 0 0 0 0 0 
866 9 0 0 0 0 0 0 0 0 0 0 0 
867 9 73 0 0 0 0 0 0 0 0 0 0 
868 9 74 0 0 0 0 0 0 0 0 0 0 
869 9 75 0 0 0 0 0 0 0 0 0 0 
870 9 -1 40 16 0 0 5 6 0 0 18 -1 
871 9 0 0 0 0 0 0 0 0 0 0 0 
872 9 0 0 0 0 0 0 0 0 0 0 0 
873 9 0 0 0 0 0 0 0 0 0 0 0 
874 9 0 0 0 0 0 0 0 0 0 0 0 
875 9 0 0 0 0 0 0 0 0 0 0 0 
876 9 0 0 0 0 0 0 0 0 0 0 0 
877 9 0 0 0 0 0 0 0 0 0 0 0 
878 9 0 0 0 0 0 0 0 0 0 0 0 
879 9 0 0 0 0 0 0 0 0 0 0 0 
880 9 0 0 0 0 0 0 0 0 0 0 0 
881 9 0 0 0 0 0 0 0 0 0 0 0 
882 9 0 0 0 0 0 0 0 0 0 0 0 
883 9 0 0 0 0 0 0 0 0 0 0 0 
884 9 0 0 0 0 0 0 0 0 0 0 0 
885 9 0 0 0 0 0 0 0 0 0 0 0 
886 9 0 0 0 0 0 0 0 0 0 0 0 
887 9 0 0 0 0 0 0 0 0 0 0 0 
888 9 0 0 0 0 0 0 0 0 0 0 0 
889 9 0 0 0 0 0 0 0 0 0 0 0 
890 9 0 0 0 0 0 0 0 0 0 0 0 
891 9 83 0 0 0 0 0 0 0 0 0 0 
892 9 -1 0 38 0 0 47 25 0 0 0 -30 
893 9 -1 40 1 0 0 25 25 0 0 5 -8 
894 9 88 0 0 0 0 0 0 0 0 0 0 
895 9 -1 9 20 9 19 18 45 1 1 32 3104 
896 9 -1 2 20 2 6 22 40 14 4 32 -908 
897 9 -1 3 7 6 12 36 36 10 2 32 1309 
898 9 95 0 0 0 0 0 0 0 0 0 0 
899 9 96 0 0 0 0 0 0 0 0 0 0 
900 9 97 0 0 0 0 0 0 0 0 0 0 
901 9 -1 30 23 0 0 24 38 0 0 0 2 
902 9 -1 21 13 3 10 26 39 11 3 32 -456 
903 9 0 0 0 0 0 0 0 0 0 0 0 
904 9 0 0 0 0 0 0 0 0 0 0 0 
905 9 0 0 0 0 0 0 0 0 0 0 0 
906 9 0 0 0 0 0 0 0 0 0 0 0 
907 9 0 0 0 0 0 0 0 0 0 0 0 
908 9 0 0 0 0 0 0 0 0 0 0 0 
909 9 0 0 0 0 0 0 0 0 0 0 0 
910 9 0 0 0 0 0 0 0 0 0 0 0 
911 9 103 0 0 0 0 0 0 0 0 0 0 
912 9 104 0 0 0 0 0 0 0 0 0 0 
913 9 0 0 0 0 0 0 0 0 0 0 0 
914 9 0 0 0 0 0 0 0 0 0 0 0 
915 9 106 0 0 0 0 0 0 0 0 0 0 
916 9 -1 28 37 0 0 40 11 0 0 14 -19 
917 9 -1 9 4 0 0 22 43 0 0 0 -14 
918 9 -1 41 19 0 0 44 11 0 0 9 -14 
919 9 113 0 0 0 0 0 0 0 0 0 0 
920 9 -1 25 35 0 0 5 22 0 0 20 2 
921 9 -1 12 1 14 1 34 26 11 16 32 -5714 
922 9 118 0 0 0 0 0 0 0 0 0 0 
923 9 0 0 0 0 0 0 0 0 0 0 0 
924 9 0 0 0 0 0 0 0 0 0 0 0 
925 9 0 0 0 0 0 0 0 0 0 0 0 
926 9 0 0 0 0 0 0 0 0 0 0 0 
927 9 0 0 0 0 0 0 0 0 0 0 0 
928 9 0 0 0 0 0 0 0 0 0 0 0 
929 9 0 0 0 0 0 0 0 0 0 0 0 
930 9 0 0 0 0 0 0 0 0 0 0 0 
931 9 0 0 0 0 0 0 0 0 0 0 0 
932 9 0 0 0 0 0 0 0 0 0 0 0 
933 9 0 0 0 0 0 0 0 0 0 0 0 
934 9 0 0 0 0 0 0 0 0 0 0 0 
935 9 0 0 0 0 0 0 0 0 0 0 0 
936 9 0 0 0 0 0 0 0 0 0 0 0 
937 9 0 0 0 0 0 0 0 0 0 0 0 
938 9 0 0 0 0 0 0 0 0 0 0 0 
939 9 0 0 0 0 0 0 0 0 0 0 0 
940 9 0 0 0 0 0 0 0 0 0 0 0 
941 9 0 0 0 0 0 0 0 0 0 0 0 
942 9 0 0 0 0 0 0 0 0 0 0 0 
943 9 0 0 0 0 0 0 0 0 0 0 0 
944 9 0 0 0 0 0 0 0 0 0 0 0 
945 9 0 0 0 0 0 0 0 0 0 0 0 
946 9 0 0 0 0 0 0 0 0 0 0 0 
947 9 0 0 0 0 0 0 0 0 0 0 0 
948 9 0 0 0 0 0 0 0 0 0 0 0 
949 9 0 0 0 0 0 0 0 0 0 0 0 
950 9 0 0 0 0 0 0 0 0 0 0 0 
951 9 0 0 0 0 0 0 0 0 0 0 0 
952 9 0 0 0 0 0 0 0 0 0 0 0 
953 9 0 0 0 0 0 0 0 0 0 0 0 
954 9 0 0 0 0 0 0 0 0 0 0 0 
955 9 0 0 0 0 0 0 0 0 0 0 0 
956 9 0 0 0 0 0 0 0 0 0 0 0 
957 9 0 0 0 0 0 0 0 0 0 0 0 
958 9 0 0 0 0 0 0 0 0 0 0 0 
959 9 0 0 0 0 0 0 0 0 0 0 0 
960 9 0 0 0 0 0 0 0 0 0 0 0 
961 9 0 0 0 0 0 0 0 0 0 0 0 
962 9 0 0 0 0 0 0 0 0 0 0 0 
963 9 0 0 0 0 0 0 0 0 0 0 0 
964 9 0 0 0 0 0 0 0 0 0 0 0 
965 9 0 0 0 0 0 0 0 0 0 0 0 
966 9 0 0 0 0 0 0 0 0 0 0 0 
967 9 0 0 0 0 0 0 0 0 0 0 0 
968 9 0 0 0 0 0 0 0 0 0 0 0 
969 9 0 0 0 0 0 0 0 0 0 0 0 
970 9 0 0 0 0 0 0 0 0 0 0 0 
971 9 0 0 0 0 0 0 0 0 0 0 0 
972 9 0 0 0 0 0 0 0 0 0 0 0 
973 9 0 0 0 0 0 0 0 0 0 0 0 
974 9 0 0 0 0 0 0 0 0 0 0 0 
975 9 0 0 0 0 0 0 0 0 0 0 0 
976 9 0 0 0 0 0 0 0 0 0 0 0 
977 9 0 0 0 0 0 0 0 0 0 0 0 
978 9 0 0 0 0 0 0 0 0 0 0 0 
979 9 0 0 0 0 0 0 0 0 0 0 0 
980 9 0 0 0 0 0 0 0 0 0 0 0 
981 9 0 0 0 0 0 0 0 0 0 0 0 
982 9 0 0 0 0 0 0 0 0 0 0 0 
983 9 0 0 0 0 0 0 0 0 0 0 0 
984 9 0 0 0 0 0 0 0 0 0 0 0 
985 9 0 0 0 0 0 0 0 0 0 0 0 
986 9 0 0 0 0 0 0 0 0 0 0 0 
987 9 0 0 0 0 0 0 0 0 0 0 0 
988 9 0 0 0 0 0 0 0 0 0 0 0 
989 9 0 0 0 0 0 0 0 0 0 0 0 
990 9 0 0 0 0 0 0 0 0 0 0 0 
991 9 0 0 0 0 0 0 0 0 0 0 0 
992 9 0 0 0 0 0 0 0 0 0 0 0 
993 9 0 0 0 0 0 0 0 0 0 0 0 
994 9 0 0 0 0 0 0 0 0 0 0 0 
995 9 0 0 0 0 0 0 0 0 0 0 0 
996 9 0 0 0 0 0 0 0 0 0 0 0 
997 9 0 0 0 0 0 0 0 0 0 0 0 
998 9 0 0 0 0 0 0 0 0 0 0 0 
999 9 0 0 0 0 0 0 0 0 0 0 0 
1000 9 0 0 0 0 0 0 0 0 0 0 0 
1001 9 0 0 0 0 0 0 0 0 0 0 0 
1002 9 0 0 0 0 0 0 0 0 0 0 0 
1003 9 0 0 0 0 0 0 0 0 0 0 0 
1004 9 0 0 0 0 0 0 0 0 0 0 0 
1005 9 0 0 0 0 0 0 0 0 0 0 0 
1006 9 0 0 0 0 0 0 0 0 0 0 0 
1007 9 0 0 0 0 0 0 0 0 0 0 0 
1008 9 0 0 0 0 0 0 0 0 0 0 0 
1009 9 0 0 0 0 0 0 0 0 0 0 0 
1010 9 0 0 0 0 0 0 0 0 0 0 0 
1011 9 0 0 0 0 0 0 0 0 0 0 0 
1012 9 0 0 0 0 0 0 0 0 0 0 0 
1013 9 0 0 0 0 0 0 0 0 0 0 0 
1014 9 0 0 0 0 0 0 0 0 0 0 0 
1015 9 0 0 0 0 0 0 0 0 0 0 0 
1016 9 0 0 0 0 0 0 0 0 0 0 0 
1017 9 0 0 0 0 0 0 0 0 0 0 0 
1018 9 0 0 0 0 0 0 0 0 0 0 0 
1019 9 0 0 0 0 0 0 0 0 0 0 0 
1020 9 0 0 0 0 0 0 0 0 0 0 0 
1021 9 0 0 0 0 0 0 0 0 0 0 0 
1022 9 0 0 0 0 0 0 0 0 0 0 0 
1023 10 0 0 0 0 0 0 0 0 0 0 0 
1024 10 0 0 0 0 0 0 0 0 0 0 0 
1025 10 0 0 0 0 0 0 0 0 0 0 0 
1026 10 0 0 0 0 0 0 0 0 0 0 0 
1027 10 0 0 0 0 0 0 0 0 0 0 0 
1028 10 0 0 0 0 0 0 0 0 0 0 0 
1029 10 0 0 0 0 0 0 0 0 0 0 0 
1030 10 0 0 0 0 0 0 0 0 0 0 0 
1031 10 0 0 0 0 0 0 0 0 0 0 0 
1032 10 0 0 0 0 0 0 0 0 0 0 0 
1033 10 0 0 0 0 0 0 0 0 0 0 0 
1034 10 0 0 0 0 0 0 0 0 0 0 0 
1035 10 0 0 0 0 0 0 0 0 0 0 0 
1036 10 0 0 0 0 0 0 0 0 0 0 0 
1037 10 0 0 0 0 0 0 0 0 0 0 0 
1038 10 0 0 0 0 0 0 0 0 0 0 0 
1039 10 0 0 0 0 0 0 0 0 0 0 0 
1040 10 0 0 0 0 0 0 0 0 0 0 0 
1041 10 0 0 0 0 0 0 0 0 0 0 0 
1042 10 0 0 0 0 0 0 0 0 0 0 0 
1043 10 0 0 0 0 0 0 0 0 0 0 0 
1044 10 0 0 0 0 0 0 0 0 0 0 0 
1045 10 0 0 0 0 0 0 0 0 0 0 0 
1046 10 0 0 0 0 0 0 0 0 0 0 0 
1047 10 0 0 0 0 0 0 0 0 0 0 0 
1048 10 0 0 0 0 0 0 0 0 0 0 0 
1049 10 0 0 0 0 0 0 0 0 0 0 0 
1050 10 0 0 0 0 0 0 0 0 0 0 0 
1051 10 0 0 0 0 0 0 0 0 0 0 0 
1052 10 0 0 0 0 0 0 0 0 0 0 0 
1053 10 0 0 0 0 0 0 0 0 0 0 0 
1054 10 0 0 0 0 0 0 0 0 0 0 0 
1055 10 0 0 0 0 0 0 0 0 0 0 0 
1056 10 0 0 0 0 0 0 0 0 0 0 0 
1057 10 0 0 0 0 0 0 0 0 0 0 0 
1058 10 0 0 0 0 0 0 0 0 0 0 0 
1059 10 0 0 0 0 0 0 0 0 0 0 0 
1060 10 0 0 0 0 0 0 0 0 0 0 0 
1061 10 0 0 0 0 0 0 0 0 0 0 0 
1062 10 0 0 0 0 0 0 0 0 0 0 0 
1063 10 0 0 0 0 0 0 0 0 0 0 0 
1064 10 0 0 0 0 0 0 0 0 0 0 0 
1065 10 0 0 0 0 0 0 0 0 0 0 0 
1066 10 0 0 0 0 0 0 0 0 0 0 0 
1067 10 0 0 0 0 0 0 0 0 0 0 0 
1068 10 0 0 0 0 0 0 0 0 0 0 0 
1069 10 0 0 0 0 0 0 0 0 0 0 0 
1070 10 0 0 0 0 0 0 0 0 0 0 0 
1071 10 0 0 0 0 0 0 0 0 0 0 0 
1072 10 0 0 0 0 0 0 0 0 0 0 0 
1073 10 0 0 0 0 0 0 0 0 0 0 0 
1074 10 0 0 0 0 0 0 0 0 0 0 0 
1075 10 0 0 0 0 0 0 0 0 0 0 0 
1076 10 0 0 0 0 0 0 0 0 0 0 0 
1077 10 0 0 0 0 0 0 0 0 0 0 0 
1078 10 0 0 0 0 0 0 0 0 0 0 0 
1079 10 0 0 0 0 0 0 0 0 0 0 0 
1080 10 0 0 0 0 0 0 0 0 0 0 0 
1081 10 0 0 0 0 0 0 0 0 0 0 0 
1082 10 0 0 0 0 0 0 0 0 0 0 0 
1083 10 0 0 0 0 0 0 0 0 0 0 0 
1084 10 0 0 0 0 0 0 0 0 0 0 0 
1085 10 0 0 0 0 0 0 0 0 0 0 0 
1086 10 0 0 0 0 0 0 0 0 0 0 0 
1087 10 0 0 0 0 0 0 0 0 0 0 0 
1088 10 0 0 0 0 0 0 0 0 0 0 0 
1089 10 0 0 0 0 0 0 0 0 0 0 0 
1090 10 0 0 0 0 0 0 0 0 0 0 0 
1091 10 0 0 0 0 0 0 0 0 0 0 0 
1092 10 0 0 0 0 0 0 0 0 0 0 0 
1093 10 0 0 0 0 0 0 0 0 0 0 0 
1094 10 0 0 0 0 0 0 0 0 0 0 0 
1095 10 0 0 0 0 0 0 0 0 0 0 0 
1096 10 0 0 0 0 0 0 0 0 0 0 0 
1097 10 0 0 0 0 0 0 0 0 0 0 0 
1098 10 0 0 0 0 0 0 0 0 0 0 0 
1099 10 0 0 0 0 0 0 0 0 0 0 0 
1100 10 0 0 0 0 0 0 0 0 0 0 0 
1101 10 0 0 0 0 0 0 0 0 0 0 0 
1102 10 0 0 0 0 0 0 0 0 0 0 0 
1103 10 0 0 0 0 0 0 0 0 0 0 0 
1104 10 0 0 0 0 0 0 0 0 0 0 0 
1105 10 0 0 0 0 0 0 0 0 0 0 0 
1106 10 0 0 0 0 0 0 0 0 0 0 0 
1107 10 0 0 0 0 0 0 0 0 0 0 0 
1108 10 0 0 0 0 0 0 0 0 0 0 0 
1109 10 0 0 0 0 0 0 0 0 0 0 0 
1110 10 0 0 0 0 0 0 0 0 0 0 0 
1111 10 0 0 0 0 0 0 0 0 0 0 0 
1112 10 0 0 0 0 0 0 0 0 0 0 0 
1113 10 0 0 0 0 0 0 0 0 0 0 0 
1114 10 0 0 0 0 0 0 0 0 0 0 0 
1115 10 0 0 0 0 0 0 0 0 0 0 0 
1116 10 0 0 0 0 0 0 0 0 0 0 0 
1117 10 0 0 0 0 0 0 0 0 0 0 0 
1118 10 0 0 0 0 0 0 0 0 0 0 0 
1119 10 0 0 0 0 0 0 0 0 0 0 0 
1120 10 0 0 0 0 0 0 0 0 0 0 0 
1121 10 0 0 0 0 0 0 0 0 0 0 0 
1122 10 0 0 0 0 0 0 0 0 0 0 0 
1123 10 0 0 0 0 0 0 0 0 0 0 0 
1124 10 0 0 0 0 0 0 0 0 0 0 0 
1125 10 0 0 0 0 0 0 0 0 0 0 0 
1126 10 0 0 0 0 0 0 0 0 0 0 0 
1127 10 0 0 0 0 0 0 0 0 0 0 0 
1128 10 0 0 0 0 0 0 0 0 0 0 0 
1129 10 0 0 0 0 0 0 0 0 0 0 0 
1130 10 0 0 0 0 0 0 0 0 0 0 0 
1131 10 0 0 0 0 0 0 0 0 0 0 0 
1132 10 0 0 0 0 0 0 0 0 0 0 0 
1133 10 0 0 0 0 0 0 0 0 0 0 0 
1134 10 0 0 0 0 0 0 0 0 0 0 0 
1135 10 0 0 0 0 0 0 0 0 0 0 0 
1136 10 0 0 0 0 0 0 0 0 0 0 0 
1137 10 0 0 0 0 0 0 0 0 0 0 0 
1138 10 0 0 0 0 0 0 0 0 0 0 0 
1139 10 0 0 0 0 0 0 0 0 0 0 0 
1140 10 0 0 0 0 0 0 0 0 0 0 0 
1141 10 0 0 0 0 0 0 0 0 0 0 0 
1142 10 0 0 0 0 0 0 0 0 0 0 0 
1143 10 0 0 0 0 0 0 0 0 0 0 0 
1144 10 0 0 0 0 0 0 0 0 0 0 0 
1145 10 0 0 0 0 0 0 0 0 0 0 0 
1146 10 0 0 0 0 0 0 0 0 0 0 0 
1147 10 0 0 0 0 0 0 0 0 0 0 0 
1148 10 0 0 0 0 0 0 0 0 0 0 0 
1149 10 0 0 0 0 0 0 0 0 0 0 0 
1150 10 0 0 0 0 0 0 0 0 0 0 0 
1151 10 0 0 0 0 0 0 0 0 0 0 0 
1152 10 0 0 0 0 0 0 0 0 0 0 0 
1153 10 0 0 0 0 0 0 0 0 0 0 0 
1154 10 0 0 0 0 0 0 0 0 0 0 0 
1155 10 0 0 0 0 0 0 0 0 0 0 0 
1156 10 0 0 0 0 0 0 0 0 0 0 0 
1157 10 0 0 0 0 0 0 0 0 0 0 0 
1158 10 0 0 0 0 0 0 0 0 0 0 0 
1159 10 0 0 0 0 0 0 0 0 0 0 0 
1160 10 0 0 0 0 0 0 0 0 0 0 0 
1161 10 0 0 0 0 0 0 0 0 0 0 0 
1162 10 0 0 0 0 0 0 0 0 0 0 0 
1163 10 0 0 0 0 0 0 0 0 0 0 0 
1164 10 0 0 0 0 0 0 0 0 0 0 0 
1165 10 0 0 0 0 0 0 0 0 0 0 0 
1166 10 0 0 0 0 0 0 0 0 0 0 0 
1167 10 0 0 0 0 0 0 0 0 0 0 0 
1168 10 0 0 0 0 0 0 0 0 0 0 0 
1169 10 0 0 0 0 0 0 0 0 0 0 0 
1170 10 0 0 0 0 0 0 0 0 0 0 0 
1171 10 0 0 0 0 0 0 0 0 0 0 0 
1172 10 0 0 0 0 0 0 0 0 0 0 0 
1173 10 0 0 0 0 0 0 0 0 0 0 0 
1174 10 0 0 0 0 0 0 0 0 0 0 0 
1175 10 0 0 0 0 0 0 0 0 0 0 0 
1176 10 0 0 0 0 0 0 0 0 0 0 0 
1177 10 0 0 0 0 0 0 0 0 0 0 0 
1178 10 0 0 0 0 0 0 0 0 0 0 0 
1179 10 0 0 0 0 0 0 0 0 0 0 0 
1180 10 0 0 0 0 0 0 0 0 0 0 0 
1181 10 0 0 0 0 0 0 0 0 0 0 0 
1182 10 0 0 0 0 0 0 0 0 0 0 0 
1183 10 0 0 0 0 0 0 0 0 0 0 0 
1184 10 0 0 0 0 0 0 0 0 0 0 0 
1185 10 0 0 0 0 0 0 0 0 0 0 0 
1186 10 0 0 0 0 0 0 0 0 0 0 0 
1187 10 0 0 0 0 0 0 0 0 0 0 0 
1188 10 0 0 0 0 0 0 0 0 0 0 0 
1189 10 0 0 0 0 0 0 0 0 0 0 0 
1190 10 0 0 0 0 0 0 0 0 0 0 0 
1191 10 0 0 0 0 0 0 0 0 0 0 0 
1192 10 0 0 0 0 0 0 0 0 0 0 0 
1193 10 0 0 0 0 0 0 0 0 0 0 0 
1194 10 0 0 0 0 0 0 0 0 0 0 0 
1195 10 0 0 0 0 0 0 0 0 0 0 0 
1196 10 0 0 0 0 0 0 0 0 0 0 0 
1197 10 0 0 0 0 0 0 0 0 0 0 0 
1198 10 0 0 0 0 0 0 0 0 0 0 0 
1199 10 0 0 0 0 0 0 0 0 0 0 0 
1200 10 0 0 0 0 0 0 0 0 0 0 0 
1201 10 0 0 0 0 0 0 0 0 0 0 0 
1202 10 0 0 0 0 0 0 0 0 0 0 0 
1203 10 0 0 0 0 0 0 0 0 0 0 0 
1204 10 0 0 0 0 0 0 0 0 0 0 0 
1205 10 0 0 0 0 0 0 0 0 0 0 0 
1206 10 0 0 0 0 0 0 0 0 0 0 0 
1207 10 0 0 0 0 0 0 0 0 0 0 0 
1208 10 0 0 0 0 0 0 0 0 0 0 0 
1209 10 0 0 0 0 0 0 0 0 0 0 0 
1210 10 0 0 0 0 0 0 0 0 0 0 0 
1211 10 0 0 0 0 0 0 0 0 0 0 0 
1212 10 0 0 0 0 0 0 0 0 0 0 0 
1213 10 0 0 0 0 0 0 0 0 0 0 0 
1214 10 0 0 0 0 0 0 0 0 0 0 0 
1215 10 0 0 0 0 0 0 0 0 0 0 0 
1216 10 0 0 0 0 0 0 0 0 0 0 0 
1217 10 0 0 0 0 0 0 0 0 0 0 0 
1218 10 0 0 0 0 0 0 0 0 0 0 0 
1219 10 0 0 0 0 0 0 0 0 0 0 0 
1220 10 0 0 0 0 0 0 0 0 0 0 0 
1221 10 0 0 0 0 0 0 0 0 0 0 0 
1222 10 0 0 0 0 0 0 0 0 0 0 0 
1223 10 0 0 0 0 0 0 0 0 0 0 0 
1224 10 0 0 0 0 0 0 0 0 0 0 0 
1225 10 0 0 0 0 0 0 0 0 0 0 0 
1226 10 0 0 0 0 0 0 0 0 0 0 0 
1227 10 0 0 0 0 0 0 0 0 0 0 0 
1228 10 0 0 0 0 0 0 0 0 0 0 0 
1229 10 0 0 0 0 0 0 0 0 0 0 0 
1230 10 0 0 0 0 0 0 0 0 0 0 0 
1231 10 0 0 0 0 0 0 0 0 0 0 0 
1232 10 0 0 0 0 0 0 0 0 0 0 0 
1233 10 0 0 0 0 0 0 0 0 0 0 0 
1234 10 0 0 0 0 0 0 0 0 0 0 0 
1235 10 0 0 0 0 0 0 0 0 0 0 0 
1236 10 0 0 0 0 0 0 0 0 0 0 0 
1237 10 0 0 0 0 0 0 0 0 0 0 0 
1238 10 0 0 0 0 0 0 0 0 0 0 0 
1239 10 0 0 0 0 0 0 0 0 0 0 0 
1240 10 0 0 0 0 0 0 0 0 0 0 0 
1241 10 0 0 0 0 0 0 0 0 0 0 0 
1242 10 0 0 0 0 0 0 0 0 0 0 0 
1243 10 0 0 0 0 0 0 0 0 0 0 0 
1244 10 0 0 0 0 0 0 0 0 0 0 0 
1245 10 0 0 0 0 0 0 0 0 0 0 0 
1246 10 0 0 0 0 0 0 0 0 0 0 0 
1247 10 0 0 0 0 0 0 0 0 0 0 0 
1248 10 0 0 0 0 0 0 0 0 0 0 0 
1249 10 0 0 0 0 0 0 0 0 0 0 0 
1250 10 0 0 0 0 0 0 0 0 0 0 0 
1251 10 0 0 0 0 0 0 0 0 0 0 0 
1252 10 0 0 0 0 0 0 0 0 0 0 0 
1253 10 0 0 0 0 0 0 0 0 0 0 0 
1254 10 0 0 0 0 0 0 0 0 0 0 0 
1255 10 0 0 0 0 0 0 0 0 0 0 0 
1256 10 0 0 0 0 0 0 0 0 0 0 0 
1257 10 0 0 0 0 0 0 0 0 0 0 0 
1258 10 0 0 0 0 0 0 0 0 0 0 0 
1259 10 0 0 0 0 0 0 0 0 0 0 0 
1260 10 0 0 0 0 0 0 0 0 0 0 0 
1261 10 0 0 0 0 0 0 0 0 0 0 0 
1262 10 0 0 0 0 0 0 0 0 0 0 0 
1263 10 0 0 0 0 0 0 0 0 0 0 0 
1264 10 0 0 0 0 0 0 0 0 0 0 0 
1265 10 0 0 0 0 0 0 0 0 0 0 0 
1266 10 0 0 0 0 0 0 0 0 0 0 0 
1267 10 0 0 0 0 0 0 0 0 0 0 0 
1268 10 0 0 0 0 0 0 0 0 0 0 0 
1269 10 0 0 0 0 0 0 0 0 0 0 0 
1270 10 0 0 0 0 0 0 0 0 0 0 0 
1271 10 0 0 0 0 0 0 0 0 0 0 0 
1272 10 0 0 0 0 0 0 0 0 0 0 0 
1273 10 0 0 0 0 0 0 0 0 0 0 0 
1274 10 0 0 0 0 0 0 0 0 0 0 0 
1275 10 0 0 0 0 0 0 0 0 0 0 0 
1276 10 0 0 0 0 0 0 0 0 0 0 0 
1277 10 0 0 0 0 0 0 0 0 0 0 0 
1278 10 0 0 0 0 0 0 0 0 0 0 0 
1279 10 0 0 0 0 0 0 0 0 0 0 0 
1280 10 0 0 0 0 0 0 0 0 0 0 0 
1281 10 0 0 0 0 0 0 0 0 0 0 0 
1282 10 0 0 0 0 0 0 0 0 0 0 0 
1283 10 0 0 0 0 0 0 0 0 0 0 0 
1284 10 0 0 0 0 0 0 0 0 0 0 0 
1285 10 0 0 0 0 0 0 0 0 0 0 0 
1286 10 0 0 0 0 0 0 0 0 0 0 0 
1287 10 0 0 0 0 0 0 0 0 0 0 0 
1288 10 0 0 0 0 0 0 0 0 0 0 0 
1289 10 0 0 0 0 0 0 0 0 0 0 0 
1290 10 0 0 0 0 0 0 0 0 0 0 0 
1291 10 0 0 0 0 0 0 0 0 0 0 0 
1292 10 0 0 0 0 0 0 0 0 0 0 0 
1293 10 0 0 0 0 0 0 0 0 0 0 0 
1294 10 0 0 0 0 0 0 0 0 0 0 0 
1295 10 0 0 0 0 0 0 0 0 0 0 0 
1296 10 0 0 0 0 0 0 0 0 0 0 0 
1297 10 0 0 0 0 0 0 0 0 0 0 0 
1298 10 0 0 0 0 0 0 0 0 0 0 0 
1299 10 9 0 0 0 0 0 0 0 0 0 0 
1300 10 10 0 0 0 0 0 0 0 0 0 0 
1301 10 11 0 0 0 0 0 0 0 0 0 0 
1302 10 12 0 0 0 0 0 0 0 0 0 0 
1303 10 0 0 0 0 0 0 0 0 0 0 0 
1304 10 0 0 0 0 0 0 0 0 0 0 0 
1305 10 0 0 0 0 0 0 0 0 0 0 0 
1306 10 0 0 0 0 0 0 0 0 0 0 0 
1307 10 0 0 0 0 0 0 0 0 0 0 0 
1308 10 0 0 0 0 0 0 0 0 0 0 0 
1309 10 0 0 0 0 0 0 0 0 0 0 0 
1310 10 0 0 0 0 0 0 0 0 0 0 0 
1311 10 0 0 0 0 0 0 0 0 0 0 0 
1312 10 0 0 0 0 0 0 0 0 0 0 0 
1313 10 0 0 0 0 0 0 0 0 0 0 0 
1314 10 0 0 0 0 0 0 0 0 0 0 0 
1315 10 0 0 0 0 0 0 0 0 0 0 0 
1316 10 0 0 0 0 0 0 0 0 0 0 0 
1317 10 0 0 0 0 0 0 0 0 0 0 0 
1318 10 0 0 0 0 0 0 0 0 0 0 0 
1319 10 0 0 0 0 0 0 0 0 0 0 0 
1320 10 0 0 0 0 0 0 0 0 0 0 0 
1321 10 0 0 0 0 0 0 0 0 0 0 0 
1322 10 0 0 0 0 0 0 0 0 0 0 0 
1323 10 0 0 0 0 0 0 0 0 0 0 0 
1324 10 0 0 0 0 0 0 0 0 0 0 0 
1325 10 0 0 0 0 0 0 0 0 0 0 0 
1326 10 0 0 0 0 0 0 0 0 0 0 0 
1327 10 0 0 0 0 0 0 0 0 0 0 0 
1328 10 0 0 0 0 0 0 0 0 0 0 0 
1329 10 0 0 0 0 0 0 0 0 0 0 0 
1330 10 0 0 0 0 0 0 0 0 0 0 0 
1331 10 0 0 0 0 0 0 0 0 0 0 0 
1332 10 0 0 0 0 0 0 0 0 0 0 0 
1333 10 0 0 0 0 0 0 0 0 0 0 0 
1334 10 0 0 0 0 0 0 0 0 0 0 0 
1335 10 0 0 0 0 0 0 0 0 0 0 0 
1336 10 0 0 0 0 0 0 0 0 0 0 0 
1337 10 0 0 0 0 0 0 0 0 0 0 0 
1338 10 0 0 0 0 0 0 0 0 0 0 0 
1339 10 0 0 0 0 0 0 0 0 0 0 0 
1340 10 0 0 0 0 0 0 0 0 0 0 0 
1341 10 0 0 0 0 0 0 0 0 0 0 0 
1342 10 0 0 0 0 0 0 0 0 0 0 0 
1343 10 0 0 0 0 0 0 0 0 0 0 0 
1344 10 0 0 0 0 0 0 0 0 0 0 0 
1345 10 0 0 0 0 0 0 0 0 0 0 0 
1346 10 0 0 0 0 0 0 0 0 0 0 0 
1347 10 19 0 0 0 0 0 0 0 0 0 0 
1348 10 20 0 0 0 0 0 0 0 0 0 0 
1349 10 21 0 0 0 0 0 0 0 0 0 0 
1350 10 22 0 0 0 0 0 0 0 0 0 0 
1351 10 0 0 0 0 0 0 0 0 0 0 0 
1352 10 0 0 0 0 0 0 0 0 0 0 0 
1353 10 24 0 0 0 0 0 0 0 0 0 0 
1354 10 25 0 0 0 0 0 0 0 0 0 0 
1355 10 26 0 0 0 0 0 0 0 0 0 0 
1356 10 27 0 0 0 0 0 0 0 0 0 0 
1357 10 28 0 0 0 0 0 0 0 0 0 0 
1358 10 29 0 0 0 0 0 0 0 0 0 0 
1359 10 0 0 0 0 0 0 0 0 0 0 0 
1360 10 0 0 0 0 0 0 0 0 0 0 0 
1361 10 0 0 0 0 0 0 0 0 0 0 0 
1362 10 0 0 0 0 0 0 0 0 0 0 0 
1363 10 0 0 0 0 0 0 0 0 0 0 0 
1364 10 0 0 0 0 0 0 0 0 0 0 0 
1365 10 0 0 0 0 0 0 0 0 0 0 0 
1366 10 0 0 0 0 0 0 0 0 0 0 0 
1367 10 0 0 0 0 0 0 0 0 0 0 0 
1368 10 0 0 0 0 0 0 0 0 0 0 0 
1369 10 0 0 0 0 0 0 0 0 0 0 0 
1370 10 0 0 0 0 0 0 0 0 0 0 0 
1371 10 0 0 0 0 0 0 0 0 0 0 0 
1372 10 0 0 0 0 0 0 0 0 0 0 0 
1373 10 0 0 0 0 0 0 0 0 0 0 0 
1374 10 0 0 0 0 0 0 0 0 0 0 0 
1375 10 0 0 0 0 0 0 0 0 0 0 0 
1376 10 0 0 0 0 0 0 0 0 0 0 0 
1377 10 0 0 0 0 0 0 0 0 0 0 0 
1378 10 0 0 0 0 0 0 0 0 0 0 0 
1379 10 0 0 0 0 0 0 0 0 0 0 0 
1380 10 0 0 0 0 0 0 0 0 0 0 0 
1381 10 0 0 0 0 0 0 0 0 0 0 0 
1382 10 0 0 0 0 0 0 0 0 0 0 0 
1383 10 35 0 0 0 0 0 0 0 0 0 0 
1384 10 36 0 0 0 0 0 0 0 0 0 0 
1385 10 0 0 0 0 0 0 0 0 0 0 0 
1386 10 0 0 0 0 0 0 0 0 0 0 0 
1387 10 0 0 0 0 0 0 0 0 0 0 0 
1388 10 0 0 0 0 0 0 0 0 0 0 0 
1389 10 0 0 0 0 0 0 0 0 0 0 0 
1390 10 0 0 0 0 0 0 0 0 0 0 0 
1391 10 0 0 0 0 0 0 0 0 0 0 0 
1392 10 0 0 0 0 0 0 0 0 0 0 0 
1393 10 0 0 0 0 0 0 0 0 0 0 0 
1394 10 0 0 0 0 0 0 0 0 0 0 0 
1395 10 0 0 0 0 0 0 0 0 0 0 0 
1396 10 0 0 0 0 0 0 0 0 0 0 0 
1397 10 0 0 0 0 0 0 0 0 0 0 0 
1398 10 0 0 0 0 0 0 0 0 0 0 0 
1399 10 0 0 0 0 0 0 0 0 0 0 0 
1400 10 0 0 0 0 0 0 0 0 0 0 0 
1401 10 0 0 0 0 0 0 0 0 0 0 0 
1402 10 0 0 0 0 0 0 0 0 0 0 0 
1403 10 0 0 0 0 0 0 0 0 0 0 0 
1404 10 0 0 0 0 0 0 0 0 0 0 0 
1405 10 0 0 0 0 0 0 0 0 0 0 0 
1406 10 0 0 0 0 0 0 0 0 0 0 0 
1407 10 0 0 0 0 0 0 0 0 0 0 0 
1408 10 0 0 0 0 0 0 0 0 0 0 0 
1409 10 0 0 0 0 0 0 0 0 0 0 0 
1410 10 0 0 0 0 0 0 0 0 0 0 0 
1411 10 0 0 0 0 0 0 0 0 0 0 0 
1412 10 0 0 0 0 0 0 0 0 0 0 0 
1413 10 0 0 0 0 0 0 0 0 0 0 0 
1414 10 0 0 0 0 0 0 0 0 0 0 0 
1415 10 0 0 0 0 0 0 0 0 0 0 0 
1416 10 0 0 0 0 0 0 0 0 0 0 0 
1417 10 0 0 0 0 0 0 0 0 0 0 0 
1418 10 0 0 0 0 0 0 0 0 0 0 0 
1419 10 0 0 0 0 0 0 0 0 0 0 0 
1420 10 0 0 0 0 0 0 0 0 0 0 0 
1421 10 0 0 0 0 0 0 0 0 0 0 0 
1422 10 0 0 0 0 0 0 0 0 0 0 0 
1423 10 0 0 0 0 0 0 0 0 0 0 0 
1424 10 0 0 0 0 0 0 0 0 0 0 0 
1425 10 0 0 0 0 0 0 0 0 0 0 0 
1426 10 0 0 0 0 0 0 0 0 0 0 0 
1427 10 0 0 0 0 0 0 0 0 0 0 0 
1428 10 0 0 0 0 0 0 0 0 0 0 0 
1429 10 0 0 0 0 0 0 0 0 0 0 0 
1430 10 0 0 0 0 0 0 0 0 0 0 0 
1431 10 0 0 0 0 0 0 0 0 0 0 0 
1432 10 0 0 0 0 0 0 0 0 0 0 0 
1433 10 0 0 0 0 0 0 0 0 0 0 0 
1434 10 0 0 0 0 0 0 0 0 0 0 0 
1435 10 0 0 0 0 0 0 0 0 0 0 0 
1436 10 0 0 0 0 0 0 0 0 0 0 0 
1437 10 0 0 0 0 0 0 0 0 0 0 0 
1438 10 0 0 0 0 0 0 0 0 0 0 0 
1439 10 0 0 0 0 0 0 0 0 0 0 0 
1440 10 0 0 0 0 0 0 0 0 0 0 0 
1441 10 0 0 0 0 0 0 0 0 0 0 0 
1442 10 0 0 0 0 0 0 0 0 0 0 0 
1443 10 0 0 0 0 0 0 0 0 0 0 0 
1444 10 0 0 0 0 0 0 0 0 0 0 0 
1445 10 0 0 0 0 0 0 0 0 0 0 0 
1446 10 0 0 0 0 0 0 0 0 0 0 0 
1447 10 0 0 0 0 0 0 0 0 0 0 0 
1448 10 0 0 0 0 0 0 0 0 0 0 0 
1449 10 0 0 0 0 0 0 0 0 0 0 0 
1450 10 0 0 0 0 0 0 0 0 0 0 0 
1451 10 0 0 0 0 0 0 0 0 0 0 0 
1452 10 0 0 0 0 0 0 0 0 0 0 0 
1453 10 0 0 0 0 0 0 0 0 0 0 0 
1454 10 0 0 0 0 0 0 0 0 0 0 0 
1455 10 0 0 0 0 0 0 0 0 0 0 0 
1456 10 0 0 0 0 0 0 0 0 0 0 0 
1457 10 0 0 0 0 0 0 0 0 0 0 0 
1458 10 0 0 0 0 0 0 0 0 0 0 0 
1459 10 0 0 0 0 0 0 0 0 0 0 0 
1460 10 0 0 0 0 0 0 0 0 0 0 0 
1461 10 0 0 0 0 0 0 0 0 0 0 0 
1462 10 0 0 0 0 0 0 0 0 0 0 0 
1463 10 0 0 0 0 0 0 0 0 0 0 0 
1464 10 0 0 0 0 0 0 0 0 0 0 0 
1465 10 0 0 0 0 0 0 0 0 0 0 0 
1466 10 0 0 0 0 0 0 0 0 0 0 0 
1467 10 0 0 0 0 0 0 0 0 0 0 0 
1468 10 0 0 0 0 0 0 0 0 0 0 0 
1469 10 0 0 0 0 0 0 0 0 0 0 0 
1470 10 0 0 0 0 0 0 0 0 0 0 0 
1471 10 0 0 0 0 0 0 0 0 0 0 0 
1472 10 0 0 0 0 0 0 0 0 0 0 0 
1473 10 0 0 0 0 0 0 0 0 0 0 0 
1474 10 0 0 0 0 0 0 0 0 0 0 0 
1475 10 0 0 0 0 0 0 0 0 0 0 0 
1476 10 0 0 0 0 0 0 0 0 0 0 0 
1477 10 0 0 0 0 0 0 0 0 0 0 0 
1478 10 0 0 0 0 0 0 0 0 0 0 0 
1479 10 0 0 0 0 0 0 0 0 0 0 0 
1480 10 0 0 0 0 0 0 0 0 0 0 0 
1481 10 0 0 0 0 0 0 0 0 0 0 0 
1482 10 0 0 0 0 0 0 0 0 0 0 0 
1483 10 0 0 0 0 0 0 0 0 0 0 0 
1484 10 0 0 0 0 0 0 0 0 0 0 0 
1485 10 0 0 0 0 0 0 0 0 0 0 0 
1486 10 0 0 0 0 0 0 0 0 0 0 0 
1487 10 0 0 0 0 0 0 0 0 0 0 0 
1488 10 0 0 0 0 0 0 0 0 0 0 0 
1489 10 0 0 0 0 0 0 0 0 0 0 0 
1490 10 0 0 0 0 0 0 0 0 0 0 0 
1491 10 0 0 0 0 0 0 0 0 0 0 0 
1492 10 0 0 0 0 0 0 0 0 0 0 0 
1493 10 0 0 0 0 0 0 0 0 0 0 0 
1494 10 0 0 0 0 0 0 0 0 0 0 0 
1495 10 0 0 0 0 0 0 0 0 0 0 0 
1496 10 0 0 0 0 0 0 0 0 0 0 0 
1497 10 0 0 0 0 0 0 0 0 0 0 0 
1498 10 0 0 0 0 0 0 0 0 0 0 0 
1499 10 0 0 0 0 0 0 0 0 0 0 0 
1500 10 0 0 0 0 0 0 0 0 0 0 0 
1501 10 0 0 0 0 0 0 0 0 0 0 0 
1502 10 0 0 0 0 0 0 0 0 0 0 0 
1503 10 47 0 0 0 0 0 0 0 0 0 0 
1504 10 48 0 0 0 0 0 0 0 0 0 0 
1505 10 49 0 0 0 0 0 0 0 0 0 0 
1506 10 50 0 0 0 0 0 0 0 0 0 0 
1507 10 0 0 0 0 0 0 0 0 0 0 0 
1508 10 0 0 0 0 0 0 0 0 0 0 0 
1509 10 0 0 0 0 0 0 0 0 0 0 0 
1510 10 0 0 0 0 0 0 0 0 0 0 0 
1511 10 0 0 0 0 0 0 0 0 0 0 0 
1512 10 0 0 0 0 0 0 0 0 0 0 0 
1513 10 0 0 0 0 0 0 0 0 0 0 0 
1514 10 0 0 0 0 0 0 0 0 0 0 0 
1515 10 53 0 0 0 0 0 0 0 0 0 0 
1516 10 54 0 0 0 0 0 0 0 0 0 0 
1517 10 0 0 0 0 0 0 0 0 0 0 0 
1518 10 0 0 0 0 0 0 0 0 0 0 0 
1519 10 0 0 0 0 0 0 0 0 0 0 0 
1520 10 0 0 0 0 0 0 0 0 0 0 0 
1521 10 0 0 0 0 0 0 0 0 0 0 0 
1522 10 0 0 0 0 0 0 0 0 0 0 0 
1523 10 0 0 0 0 0 0 0 0 0 0 0 
1524 10 0 0 0 0 0 0 0 0 0 0 0 
1525 10 0 0 0 0 0 0 0 0 0 0 0 
1526 10 0 0 0 0 0 0 0 0 0 0 0 
1527 10 0 0 0 0 0 0 0 0 0 0 0 
1528 10 0 0 0 0 0 0 0 0 0 0 0 
1529 10 0 0 0 0 0 0 0 0 0 0 0 
1530 10 0 0 0 0 0 0 0 0 0 0 0 
1531 10 0 0 0 0 0 0 0 0 0 0 0 
1532 10 0 0 0 0 0 0 0 0 0 0 0 
1533 10 0 0 0 0 0 0 0 0 0 0 0 
1534 10 0 0 0 0 0 0 0 0 0 0 0 
1535 10 0 0 0 0 0 0 0 0 0 0 0 
1536 10 0 0 0 0 0 0 0 0 0 0 0 
1537 10 0 0 0 0 0 0 0 0 0 0 0 
1538 10 0 0 0 0 0 0 0 0 0 0 0 
1539 10 0 0 0 0 0 0 0 0 0 0 0 
1540 10 0 0 0 0 0 0 0 0 0 0 0 
1541 10 0 0 0 0 0 0 0 0 0 0 0 
1542 10 0 0 0 0 0 0 0 0 0 0 0 
1543 10 0 0 0 0 0 0 0 0 0 0 0 
1544 10 0 0 0 0 0 0 0 0 0 0 0 
1545 10 0 0 0 0 0 0 0 0 0 0 0 
1546 10 0 0 0 0 0 0 0 0 0 0 0 
1547 10 0 0 0 0 0 0 0 0 0 0 0 
1548 10 0 0 0 0 0 0 0 0 0 0 0 
1549 10 0 0 0 0 0 0 0 0 0 0 0 
1550 10 0 0 0 0 0 0 0 0 0 0 0 
1551 10 0 0 0 0 0 0 0 0 0 0 0 
1552 10 0 0 0 0 0 0 0 0 0 0 0 
1553 10 0 0 0 0 0 0 0 0 0 0 0 
1554 10 0 0 0 0 0 0 0 0 0 0 0 
1555 10 0 0 0 0 0 0 0 0 0 0 0 
1556 10 0 0 0 0 0 0 0 0 0 0 0 
1557 10 0 0 0 0 0 0 0 0 0 0 0 
1558 10 0 0 0 0 0 0 0 0 0 0 0 
1559 10 0 0 0 0 0 0 0 0 0 0 0 
1560 10 0 0 0 0 0 0 0 0 0 0 0 
1561 10 0 0 0 0 0 0 0 0 0 0 0 
1562 10 0 0 0 0 0 0 0 0 0 0 0 
1563 10 0 0 0 0 0 0 0 0 0 0 0 
1564 10 0 0 0 0 0 0 0 0 0 0 0 
1565 10 0 0 0 0 0 0 0 0 0 0 0 
1566 10 0 0 0 0 0 0 0 0 0 0 0 
1567 10 0 0 0 0 0 0 0 0 0 0 0 
1568 10 0 0 0 0 0 0 0 0 0 0 0 
1569 10 0 0 0 0 0 0 0 0 0 0 0 
1570 10 0 0 0 0 0 0 0 0 0 0 0 
1571 10 0 0 0 0 0 0 0 0 0 0 0 
1572 10 0 0 0 0 0 0 0 0 0 0 0 
1573 10 0 0 0 0 0 0 0 0 0 0 0 
1574 10 0 0 0 0 0 0 0 0 0 0 0 
1575 10 0 0 0 0 0 0 0 0 0 0 0 
1576 10 0 0 0 0 0 0 0 0 0 0 0 
1577 10 0 0 0 0 0 0 0 0 0 0 0 
1578 10 0 0 0 0 0 0 0 0 0 0 0 
1579 10 0 0 0 0 0 0 0 0 0 0 0 
1580 10 0 0 0 0 0 0 0 0 0 0 0 
1581 10 0 0 0 0 0 0 0 0 0 0 0 
1582 10 0 0 0 0 0 0 0 0 0 0 0 
1583 10 0 0 0 0 0 0 0 0 0 0 0 
1584 10 0 0 0 0 0 0 0 0 0 0 0 
1585 10 0 0 0 0 0 0 0 0 0 0 0 
1586 10 0 0 0 0 0 0 0 0 0 0 0 
1587 10 0 0 0 0 0 0 0 0 0 0 0 
1588 10 0 0 0 0 0 0 0 0 0 0 0 
1589 10 0 0 0 0 0 0 0 0 0 0 0 
1590 10 0 0 0 0 0 0 0 0 0 0 0 
1591 10 0 0 0 0 0 0 0 0 0 0 0 
1592 10 0 0 0 0 0 0 0 0 0 0 0 
1593 10 0 0 0 0 0 0 0 0 0 0 0 
1594 10 0 0 0 0 0 0 0 0 0 0 0 
1595 10 0 0 0 0 0 0 0 0 0 0 0 
1596 10 0 0 0 0 0 0 0 0 0 0 0 
1597 10 0 0 0 0 0 0 0 0 0 0 0 
1598 10 0 0 0 0 0 0 0 0 0 0 0 
1599 10 0 0 0 0 0 0 0 0 0 0 0 
1600 10 0 0 0 0 0 0 0 0 0 0 0 
1601 10 0 0 0 0 0 0 0 0 0 0 0 
1602 10 0 0 0 0 0 0 0 0 0 0 0 
1603 10 0 0 0 0 0 0 0 0 0 0 0 
1604 10 0 0 0 0 0 0 0 0 0 0 0 
1605 10 0 0 0 0 0 0 0 0 0 0 0 
1606 10 0 0 0 0 0 0 0 0 0 0 0 
1607 10 0 0 0 0 0 0 0 0 0 0 0 
1608 10 0 0 0 0 0 0 0 0 0 0 0 
1609 10 0 0 0 0 0 0 0 0 0 0 0 
1610 10 0 0 0 0 0 0 0 0 0 0 0 
1611 10 0 0 0 0 0 0 0 0 0 0 0 
1612 10 0 0 0 0 0 0 0 0 0 0 0 
1613 10 0 0 0 0 0 0 0 0 0 0 0 
1614 10 0 0 0 0 0 0 0 0 0 0 0 
1615 10 0 0 0 0 0 0 0 0 0 0 0 
1616 10 0 0 0 0 0 0 0 0 0 0 0 
1617 10 0 0 0 0 0 0 0 0 0 0 0 
1618 10 0 0 0 0 0 0 0 0 0 0 0 
1619 10 0 0 0 0 0 0 0 0 0 0 0 
1620 10 0 0 0 0 0 0 0 0 0 0 0 
1621 10 0 0 0 0 0 0 0 0 0 0 0 
1622 10 0 0 0 0 0 0 0 0 0 0 0 
1623 10 0 0 0 0 0 0 0 0 0 0 0 
1624 10 0 0 0 0 0 0 0 0 0 0 0 
1625 10 0 0 0 0 0 0 0 0 0 0 0 
1626 10 0 0 0 0 0 0 0 0 0 0 0 
1627 10 0 0 0 0 0 0 0 0 0 0 0 
1628 10 0 0 0 0 0 0 0 0 0 0 0 
1629 10 0 0 0 0 0 0 0 0 0 0 0 
1630 10 0 0 0 0 0 0 0 0 0 0 0 
1631 10 0 0 0 0 0 0 0 0 0 0 0 
1632 10 0 0 0 0 0 0 0 0 0 0 0 
1633 10 0 0 0 0 0 0 0 0 0 0 0 
1634 10 0 0 0 0 0 0 0 0 0 0 0 
1635 10 0 0 0 0 0 0 0 0 0 0 0 
1636 10 0 0 0 0 0 0 0 0 0 0 0 
1637 10 0 0 0 0 0 0 0 0 0 0 0 
1638 10 0 0 0 0 0 0 0 0 0 0 0 
1639 10 0 0 0 0 0 0 0 0 0 0 0 
1640 10 0 0 0 0 0 0 0 0 0 0 0 
1641 10 0 0 0 0 0 0 0 0 0 0 0 
1642 10 0 0 0 0 0 0 0 0 0 0 0 
1643 10 0 0 0 0 0 0 0 0 0 0 0 
1644 10 0 0 0 0 0 0 0 0 0 0 0 
1645 10 0 0 0 0 0 0 0 0 0 0 0 
1646 10 0 0 0 0 0 0 0 0 0 0 0 
1647 10 0 0 0 0 0 0 0 0 0 0 0 
1648 10 0 0 0 0 0 0 0 0 0 0 0 
1649 10 0 0 0 0 0 0 0 0 0 0 0 
1650 10 0 0 0 0 0 0 0 0 0 0 0 
1651 10 0 0 0 0 0 0 0 0 0 0 0 
1652 10 0 0 0 0 0 0 0 0 0 0 0 
1653 10 0 0 0 0 0 0 0 0 0 0 0 
1654 10 0 0 0 0 0 0 0 0 0 0 0 
1655 10 0 0 0 0 0 0 0 0 0 0 0 
1656 10 0 0 0 0 0 0 0 0 0 0 0 
1657 10 0 0 0 0 0 0 0 0 0 0 0 
1658 10 0 0 0 0 0 0 0 0 0 0 0 
1659 10 0 0 0 0 0 0 0 0 0 0 0 
1660 10 0 0 0 0 0 0 0 0 0 0 0 
1661 10 0 0 0 0 0 0 0 0 0 0 0 
1662 10 0 0 0 0 0 0 0 0 0 0 0 
1663 10 0 0 0 0 0 0 0 0 0 0 0 
1664 10 0 0 0 0 0 0 0 0 0 0 0 
1665 10 0 0 0 0 0 0 0 0 0 0 0 
1666 10 0 0 0 0 0 0 0 0 0 0 0 
1667 10 0 0 0 0 0 0 0 0 0 0 0 
1668 10 0 0 0 0 0 0 0 0 0 0 0 
1669 10 0 0 0 0 0 0 0 0 0 0 0 
1670 10 0 0 0 0 0 0 0 0 0 0 0 
1671 10 0 0 0 0 0 0 0 0 0 0 0 
1672 10 0 0 0 0 0 0 0 0 0 0 0 
1673 10 0 0 0 0 0 0 0 0 0 0 0 
1674 10 0 0 0 0 0 0 0 0 0 0 0 
1675 10 0 0 0 0 0 0 0 0 0 0 0 
1676 10 0 0 0 0 0 0 0 0 0 0 0 
1677 10 0 0 0 0 0 0 0 0 0 0 0 
1678 10 0 0 0 0 0 0 0 0 0 0 0 
1679 10 0 0 0 0 0 0 0 0 0 0 0 
1680 10 0 0 0 0 0 0 0 0 0 0 0 
1681 10 0 0 0 0 0 0 0 0 0 0 0 
1682 10 0 0 0 0 0 0 0 0 0 0 0 
1683 10 0 0 0 0 0 0 0 0 0 0 0 
1684 10 0 0 0 0 0 0 0 0 0 0 0 
1685 10 0 0 0 0 0 0 0 0 0 0 0 
1686 10 0 0 0 0 0 0 0 0 0 0 0 
1687 10 0 0 0 0 0 0 0 0 0 0 0 
1688 10 0 0 0 0 0 0 0 0 0 0 0 
1689 10 0 0 0 0 0 0 0 0 0 0 0 
1690 10 0 0 0 0 0 0 0 0 0 0 0 
1691 10 0 0 0 0 0 0 0 0 0 0 0 
1692 10 0 0 0 0 0 0 0 0 0 0 0 
1693 10 0 0 0 0 0 0 0 0 0 0 0 
1694 10 0 0 0 0 0 0 0 0 0 0 0 
1695 10 0 0 0 0 0 0 0 0 0 0 0 
1696 10 0 0 0 0 0 0 0 0 0 0 0 
1697 10 0 0 0 0 0 0 0 0 0 0 0 
1698 10 0 0 0 0 0 0 0 0 0 0 0 
1699 10 0 0 0 0 0 0 0 0 0 0 0 
1700 10 0 0 0 0 0 0 0 0 0 0 0 
1701 10 0 0 0 0 0 0 0 0 0 0 0 
1702 10 0 0 0 0 0 0 0 0 0 0 0 
1703 10 0 0 0 0 0 0 0 0 0 0 0 
1704 10 0 0 0 0 0 0 0 0 0 0 0 
1705 10 0 0 0 0 0 0 0 0 0 0 0 
1706 10 0 0 0 0 0 0 0 0 0 0 0 
1707 10 0 0 0 0 0 0 0 0 0 0 0 
1708 10 0 0 0 0 0 0 0 0 0 0 0 
1709 10 0 0 0 0 0 0 0 0 0 0 0 
1710 10 0 0 0 0 0 0 0 0 0 0 0 
1711 10 0 0 0 0 0 0 0 0 0 0 0 
1712 10 0 0 0 0 0 0 0 0 0 0 0 
1713 10 0 0 0 0 0 0 0 0 0 0 0 
1714 10 0 0 0 0 0 0 0 0 0 0 0 
1715 10 0 0 0 0 0 0 0 0 0 0 0 
1716 10 0 0 0 0 0 0 0 0 0 0 0 
1717 10 0 0 0 0 0 0 0 0 0 0 0 
1718 10 0 0 0 0 0 0 0 0 0 0 0 
1719 10 0 0 0 0 0 0 0 0 0 0 0 
1720 10 0 0 0 0 0 0 0 0 0 0 0 
1721 10 0 0 0 0 0 0 0 0 0 0 0 
1722 10 0 0 0 0 0 0 0 0 0 0 0 
1723 10 0 0 0 0 0 0 0 0 0 0 0 
1724 10 0 0 0 0 0 0 0 0 0 0 0 
1725 10 0 0 0 0 0 0 0 0 0 0 0 
1726 10 0 0 0 0 0 0 0 0 0 0 0 
1727 10 0 0 0 0 0 0 0 0 0 0 0 
1728 10 0 0 0 0 0 0 0 0 0 0 0 
1729 10 0 0 0 0 0 0 0 0 0 0 0 
1730 10 0 0 0 0 0 0 0 0 0 0 0 
1731 10 0 0 0 0 0 0 0 0 0 0 0 
1732 10 0 0 0 0 0 0 0 0 0 0 0 
1733 10 0 0 0 0 0 0 0 0 0 0 0 
1734 10 0 0 0 0 0 0 0 0 0 0 0 
1735 10 0 0 0 0 0 0 0 0 0 0 0 
1736 10 0 0 0 0 0 0 0 0 0 0 0 
1737 10 0 0 0 0 0 0 0 0 0 0 0 
1738 10 0 0 0 0 0 0 0 0 0 0 0 
1739 10 0 0 0 0 0 0 0 0 0 0 0 
1740 10 0 0 0 0 0 0 0 0 0 0 0 
1741 10 76 0 0 0 0 0 0 0 0 0 0 
1742 10 77 0 0 0 0 0 0 0 0 0 0 
1743 10 0 0 0 0 0 0 0 0 0 0 0 
1744 10 0 0 0 0 0 0 0 0 0 0 0 
1745 10 0 0 0 0 0 0 0 0 0 0 0 
1746 10 0 0 0 0 0 0 0 0 0 0 0 
1747 10 0 0 0 0 0 0 0 0 0 0 0 
1748 10 0 0 0 0 0 0 0 0 0 0 0 
1749 10 0 0 0 0 0 0 0 0 0 0 0 
1750 10 0 0 0 0 0 0 0 0 0 0 0 
1751 10 0 0 0 0 0 0 0 0 0 0 0 
1752 10 0 0 0 0 0 0 0 0 0 0 0 
1753 10 0 0 0 0 0 0 0 0 0 0 0 
1754 10 0 0 0 0 0 0 0 0 0 0 0 
1755 10 0 0 0 0 0 0 0 0 0 0 0 
1756 10 0 0 0 0 0 0 0 0 0 0 0 
1757 10 0 0 0 0 0 0 0 0 0 0 0 
1758 10 0 0 0 0 0 0 0 0 0 0 0 
1759 10 0 0 0 0 0 0 0 0 0 0 0 
1760 10 0 0 0 0 0 0 0 0 0 0 0 
1761 10 0 0 0 0 0 0 0 0 0 0 0 
1762 10 0 0 0 0 0 0 0 0 0 0 0 
1763 10 0 0 0 0 0 0 0 0 0 0 0 
1764 10 0 0 0 0 0 0 0 0 0 0 0 
1765 10 0 0 0 0 0 0 0 0 0 0 0 
1766 10 0 0 0 0 0 0 0 0 0 0 0 
1767 10 0 0 0 0 0 0 0 0 0 0 0 
1768 10 0 0 0 0 0 0 0 0 0 0 0 
1769 10 0 0 0 0 0 0 0 0 0 0 0 
1770 10 0 0 0 0 0 0 0 0 0 0 0 
1771 10 0 0 0 0 0 0 0 0 0 0 0 
1772 10 0 0 0 0 0 0 0 0 0 0 0 
1773 10 0 0 0 0 0 0 0 0 0 0 0 
1774 10 0 0 0 0 0 0 0 0 0 0 0 
1775 10 0 0 0 0 0 0 0 0 0 0 0 
1776 10 0 0 0 0 0 0 0 0 0 0 0 
1777 10 0 0 0 0 0 0 0 0 0 0 0 
1778 10 0 0 0 0 0 0 0 0 0 0 0 
1779 10 0 0 0 0 0 0 0 0 0 0 0 
1780 10 0 0 0 0 0 0 0 0 0 0 0 
1781 10 0 0 0 0 0 0 0 0 0 0 0 
1782 10 0 0 0 0 0 0 0 0 0 0 0 
1783 10 0 0 0 0 0 0 0 0 0 0 0 
1784 10 0 0 0 0 0 0 0 0 0 0 0 
1785 10 84 0 0 0 0 0 0 0 0 0 0 
1786 10 85 0 0 0 0 0 0 0 0 0 0 
1787 10 86 0 0 0 0 0 0 0 0 0 0 
1788 10 87 0 0 0 0 0 0 0 0 0 0 
1789 10 0 0 0 0 0 0 0 0 0 0 0 
1790 10 0 0 0 0 0 0 0 0 0 0 0 
1791 10 89 0 0 0 0 0 0 0 0 0 0 
1792 10 90 0 0 0 0 0 0 0 0 0 0 
1793 10 91 0 0 0 0 0 0 0 0 0 0 
1794 10 92 0 0 0 0 0 0 0 0 0 0 
1795 10 93 0 0 0 0 0 0 0 0 0 0 
1796 10 94 0 0 0 0 0 0 0 0 0 0 
1797 10 0 0 0 0 0 0 0 0 0 0 0 
1798 10 0 0 0 0 0 0 0 0 0 0 0 
1799 10 0 0 0 0 0 0 0 0 0 0 0 
1800 10 0 0 0 0 0 0 0 0 0 0 0 
1801 10 0 0 0 0 0 0 0 0 0 0 0 
1802 10 0 0 0 0 0 0 0 0 0 0 0 
1803 10 98 0 0 0 0 0 0 0 0 0 0 
1804 10 99 0 0 0 0 0 0 0 0 0 0 
1805 10 100 0 0 0 0 0 0 0 0 0 0 
1806 10 101 0 0 0 0 0 0 0 0 0 0 
1807 10 0 0 0 0 0 0 0 0 0 0 0 
1808 10 0 0 0 0 0 0 0 0 0 0 0 
1809 10 0 0 0 0 0 0 0 0 0 0 0 
1810 10 0 0 0 0 0 0 0 0 0 0 0 
1811 10 0 0 0 0 0 0 0 0 0 0 0 
1812 10 0 0 0 0 0 0 0 0 0 0 0 
1813 10 0 0 0 0 0 0 0 0 0 0 0 
1814 10 0 0 0 0 0 0 0 0 0 0 0 
1815 10 0 0 0 0 0 0 0 0 0 0 0 
1816 10 0 0 0 0 0 0 0 0 0 0 0 
1817 10 0 0 0 0 0 0 0 0 0 0 0 
1818 10 0 0 0 0 0 0 0 0 0 0 0 
1819 10 0 0 0 0 0 0 0 0 0 0 0 
1820 10 0 0 0 0 0 0 0 0 0 0 0 
1821 10 0 0 0 0 0 0 0 0 0 0 0 
1822 10 0 0 0 0 0 0 0 0 0 0 0 
1823 10 0 0 0 0 0 0 0 0 0 0 0 
1824 10 0 0 0 0 0 0 0 0 0 0 0 
1825 10 0 0 0 0 0 0 0 0 0 0 0 
1826 10 0 0 0 0 0 0 0 0 0 0 0 
1827 10 0 0 0 0 0 0 0 0 0 0 0 
1828 10 0 0 0 0 0 0 0 0 0 0 0 
1829 10 0 0 0 0 0 0 0 0 0 0 0 
1830 10 0 0 0 0 0 0 0 0 0 0 0 
1831 10 0 0 0 0 0 0 0 0 0 0 0 
1832 10 0 0 0 0 0 0 0 0 0 0 0 
1833 10 107 0 0 0 0 0 0 0 0 0 0 
1834 10 108 0 0 0 0 0 0 0 0 0 0 
1835 10 109 0 0 0 0 0 0 0 0 0 0 
1836 10 110 0 0 0 0 0 0 0 0 0 0 
1837 10 111 0 0 0 0 0 0 0 0 0 0 
1838 10 112 0 0 0 0 0 0 0 0 0 0 
1839 10 0 0 0 0 0 0 0 0 0 0 0 
1840 10 0 0 0 0 0 0 0 0 0 0 0 
1841 10 114 0 0 0 0 0 0 0 0 0 0 
1842 10 115 0 0 0 0 0 0 0 0 0 0 
1843 10 116 0 0 0 0 0 0 0 0 0 0 
1844 10 117 0 0 0 0 0 0 0 0 0 0 
1845 10 0 0 0 0 0 0 0 0 0 0 0 
1846 10 0 0 0 0 0 0 0 0 0 0 0 
1847 10 0 0 0 0 0 0 0 0 0 0 0 
1848 10 0 0 0 0 0 0 0 0 0 0 0 
1849 10 0 0 0 0 0 0 0 0 0 0 0 
1850 10 0 0 0 0 0 0 0 0 0 0 0 
1851 10 0 0 0 0 0 0 0 0 0 0 0 
1852 10 0 0 0 0 0 0 0 0 0 0 0 
1853 10 0 0 0 0 0 0 0 0 0 0 0 
1854 10 0 0 0 0 0 0 0 0 0 0 0 
1855 10 0 0 0 0 0 0 0 0 0 0 0 
1856 10 0 0 0 0 0 0 0 0 0 0 0 
1857 10 0 0 0 0 0 0 0 0 0 0 0 
1858 10 0 0 0 0 0 0 0 0 0 0 0 
1859 10 0 0 0 0 0 0 0 0 0 0 0 
1860 10 0 0 0 0 0 0 0 0 0 0 0 
1861 10 0 0 0 0 0 0 0 0 0 0 0 
1862 10 0 0 0 0 0 0 0 0 0 0 0 
1863 10 0 0 0 0 0 0 0 0 0 0 0 
1864 10 0 0 0 0 0 0 0 0 0 0 0 
1865 10 0 0 0 0 0 0 0 0 0 0 0 
1866 10 0 0 0 0 0 0 0 0 0 0 0 
1867 10 0 0 0 0 0 0 0 0 0 0 0 
1868 10 0 0 0 0 0 0 0 0 0 0 0 
1869 10 0 0 0 0 0 0 0 0 0 0 0 
1870 10 0 0 0 0 0 0 0 0 0 0 0 
1871 10 0 0 0 0 0 0 0 0 0 0 0 
1872 10 0 0 0 0 0 0 0 0 0 0 0 
1873 10 0 0 0 0 0 0 0 0 0 0 0 
1874 10 0 0 0 0 0 0 0 0 0 0 0 
1875 10 0 0 0 0 0 0 0 0 0 0 0 
1876 10 0 0 0 0 0 0 0 0 0 0 0 
1877 10 0 0 0 0 0 0 0 0 0 0 0 
1878 10 0 0 0 0 0 0 0 0 0 0 0 
1879 10 0 0 0 0 0 0 0 0 0 0 0 
1880 10 0 0 0 0 0 0 0 0 0 0 0 
1881 10 0 0 0 0 0 0 0 0 0 0 0 
1882 10 0 0 0 0 0 0 0 0 0 0 0 
1883 10 0 0 0 0 0 0 0 0 0 0 0 
1884 10 0 0 0 0 0 0 0 0 0 0 0 
1885 10 0 0 0 0 0 0 0 0 0 0 0 
1886 10 0 0 0 0 0 0 0 0 0 0 0 
1887 10 0 0 0 0 0 0 0 0 0 0 0 
1888 10 0 0 0 0 0 0 0 0 0 0 0 
1889 10 0 0 0 0 0 0 0 0 0 0 0 
1890 10 0 0 0 0 0 0 0 0 0 0 0 
1891 10 0 0 0 0 0 0 0 0 0 0 0 
1892 10 0 0 0 0 0 0 0 0 0 0 0 
1893 10 0 0 0 0 0 0 0 0 0 0 0 
1894 10 0 0 0 0 0 0 0 0 0 0 0 
1895 10 0 0 0 0 0 0 0 0 0 0 0 
1896 10 0 0 0 0 0 0 0 0 0 0 0 
1897 10 0 0 0 0 0 0 0 0 0 0 0 
1898 10 0 0 0 0 0 0 0 0 0 0 0 
1899 10 0 0 0 0 0 0 0 0 0 0 0 
1900 10 0 0 0 0 0 0 0 0 0 0 0 
1901 10 0 0 0 0 0 0 0 0 0 0 0 
1902 10 0 0 0 0 0 0 0 0 0 0 0 
1903 10 0 0 0 0 0 0 0 0 0 0 0 
1904 10 0 0 0 0 0 0 0 0 0 0 0 
1905 10 0 0 0 0 0 0 0 0 0 0 0 
1906 10 0 0 0 0 0 0 0 0 0 0 0 
1907 10 0 0 0 0 0 0 0 0 0 0 0 
1908 10 0 0 0 0 0 0 0 0 0 0 0 
1909 10 0 0 0 0 0 0 0 0 0 0 0 
1910 10 0 0 0 0 0 0 0 0 0 0 0 
1911 10 0 0 0 0 0 0 0 0 0 0 0 
1912 10 0 0 0 0 0 0 0 0 0 0 0 
1913 10 0 0 0 0 0 0 0 0 0 0 0 
1914 10 0 0 0 0 0 0 0 0 0 0 0 
1915 10 0 0 0 0 0 0 0 0 0 0 0 
1916 10 0 0 0 0 0 0 0 0 0 0 0 
1917 10 0 0 0 0 0 0 0 0 0 0 0 
1918 10 0 0 0 0 0 0 0 0 0 0 0 
1919 10 0 0 0 0 0 0 0 0 0 0 0 
1920 10 0 0 0 0 0 0 0 0 0 0 0 
1921 10 0 0 0 0 0 0 0 0 0 0 0 
1922 10 0 0 0 0 0 0 0 0 0 0 0 
1923 10 0 0 0 0 0 0 0 0 0 0 0 
1924 10 0 0 0 0 0 0 0 0 0 0 0 
1925 10 0 0 0 0 0 0 0 0 0 0 0 
1926 10 0 0 0 0 0 0 0 0 0 0 0 
1927 10 0 0 0 0 0 0 0 0 0 0 0 
1928 10 0 0 0 0 0 0 0 0 0 0 0 
1929 10 0 0 0 0 0 0 0 0 0 0 0 
1930 10 0 0 0 0 0 0 0 0 0 0 0 
1931 10 0 0 0 0 0 0 0 0 0 0 0 
1932 10 0 0 0 0 0 0 0 0 0 0 0 
1933 10 0 0 0 0 0 0 0 0 0 0 0 
1934 10 0 0 0 0 0 0 0 0 0 0 0 
1935 10 0 0 0 0 0 0 0 0 0 0 0 
1936 10 0 0 0 0 0 0 0 0 0 0 0 
1937 10 0 0 0 0 0 0 0 0 0 0 0 
1938 10 0 0 0 0 0 0 0 0 0 0 0 
1939 10 0 0 0 0 0 0 0 0 0 0 0 
1940 10 0 0 0 0 0 0 0 0 0 0 0 
1941 10 0 0 0 0 0 0 0 0 0 0 0 
1942 10 0 0 0 0 0 0 0 0 0 0 0 
1943 10 0 0 0 0 0 0 0 0 0 0 0 
1944 10 0 0 0 0 0 0 0 0 0 0 0 
1945 10 0 0 0 0 0 0 0 0 0 0 0 
1946 10 0 0 0 0 0 0 0 0 0 0 0 
1947 10 0 0 0 0 0 0 0 0 0 0 0 
1948 10 0 0 0 0 0 0 0 0 0 0 0 
1949 10 0 0 0 0 0 0 0 0 0 0 0 
1950 10 0 0 0 0 0 0 0 0 0 0 0 
1951 10 0 0 0 0 0 0 0 0 0 0 0 
1952 10 0 0 0 0 0 0 0 0 0 0 0 
1953 10 0 0 0 0 0 0 0 0 0 0 0 
1954 10 0 0 0 0 0 0 0 0 0 0 0 
1955 10 0 0 0 0 0 0 0 0 0 0 0 
1956 10 0 0 0 0 0 0 0 0 0 0 0 
1957 10 0 0 0 0 0 0 0 0 0 0 0 
1958 10 0 0 0 0 0 0 0 0 0 0 0 
1959 10 0 0 0 0 0 0 0 0 0 0 0 
1960 10 0 0 0 0 0 0 0 0 0 0 0 
1961 10 0 0 0 0 0 0 0 0 0 0 0 
1962 10 0 0 0 0 0 0 0 0 0 0 0 
1963 10 0 0 0 0 0 0 0 0 0 0 0 
1964 10 0 0 0 0 0 0 0 0 0 0 0 
1965 10 0 0 0 0 0 0 0 0 0 0 0 
1966 10 0 0 0 0 0 0 0 0 0 0 0 
1967 10 0 0 0 0 0 0 0 0 0 0 0 
1968 10 0 0 0 0 0 0 0 0 0 0 0 
1969 10 0 0 0 0 0 0 0 0 0 0 0 
1970 10 0 0 0 0 0 0 0 0 0 0 0 
1971 10 0 0 0 0 0 0 0 0 0 0 0 
1972 10 0 0 0 0 0 0 0 0 0 0 0 
1973 10 0 0 0 0 0 0 0 0 0 0 0 
1974 10 0 0 0 0 0 0 0 0 0 0 0 
1975 10 0 0 0 0 0 0 0 0 0 0 0 
1976 10 0 0 0 0 0 0 0 0 0 0 0 
1977 10 0 0 0 0 0 0 0 0 0 0 0 
1978 10 0 0 0 0 0 0 0 0 0 0 0 
1979 10 0 0 0 0 0 0 0 0 0 0 0 
1980 10 0 0 0 0 0 0 0 0 0 0 0 
1981 10 0 0 0 0 0 0 0 0 0 0 0 
1982 10 0 0 0 0 0 0 0 0 0 0 0 
1983 10 0 0 0 0 0 0 0 0 0 0 0 
1984 10 0 0 0 0 0 0 0 0 0 0 0 
1985 10 0 0 0 0 0 0 0 0 0 0 0 
1986 10 0 0 0 0 0 0 0 0 0 0 0 
1987 10 0 0 0 0 0 0 0 0 0 0 0 
1988 10 0 0 0 0 0 0 0 0 0 0 0 
1989 10 0 0 0 0 0 0 0 0 0 0 0 
1990 10 0 0 0 0 0 0 0 0 0 0 0 
1991 10 0 0 0 0 0 0 0 0 0 0 0 
1992 10 0 0 0 0 0 0 0 0 0 0 0 
1993 10 0 0 0 0 0 0 0 0 0 0 0 
1994 10 0 0 0 0 0 0 0 0 0 0 0 
1995 10 0 0 0 0 0 0 0 0 0 0 0 
1996 10 0 0 0 0 0 0 0 0 0 0 0 
1997 10 0 0 0 0 0 0 0 0 0 0 0 
1998 10 0 0 0 0 0 0 0 0 0 0 0 
1999 10 0 0 0 0 0 0 0 0 0 0 0 
2000 10 0 0 0 0 0 0 0 0 0 0 0 
2001 10 0 0 0 0 0 0 0 0 0 0 0 
2002 10 0 0 0 0 0 0 0 0 0 0 0 
2003 10 0 0 0 0 0 0 0 0 0 0 0 
2004 10 0 0 0 0 0 0 0 0 0 0 0 
2005 10 0 0 0 0 0 0 0 0 0 0 0 
2006 10 0 0 0 0 0 0 0 0 0 0 0 
2007 10 0 0 0 0 0 0 0 0 0 0 0 
2008 10 0 0 0 0 0 0 0 0 0 0 0 
2009 10 0 0 0 0 0 0 0 0 0 0 0 
2010 10 0 0 0 0 0 0 0 0 0 0 0 
2011 10 0 0 0 0 0 0 0 0 0 0 0 
2012 10 0 0 0 0 0 0 0 0 0 0 0 
2013 10 0 0 0 0 0 0 0 0 0 0 0 
2014 10 0 0 0 0 0 0 0 0 0 0 0 
2015 10 0 0 0 0 0 0 0 0 0 0 0 
2016 10 0 0 0 0 0 0 0 0 0 0 0 
2017 10 0 0 0 0 0 0 0 0 0 0 0 
2018 10 0 0 0 0 0 0 0 0 0 0 0 
2019 10 0 0 0 0 0 0 0 0 0 0 0 
2020 10 0 0 0 0 0 0 0 0 0 0 0 
2021 10 0 0 0 0 0 0 0 0 0 0 0 
2022 10 0 0 0 0 0 0 0 0 0 0 0 
2023 10 0 0 0 0 0 0 0 0 0 0 0 
2024 10 0 0 0 0 0 0 0 0 0 0 0 
2025 10 0 0 0 0 0 0 0 0 0 0 0 
2026 10 0 0 0 0 0 0 0 0 0 0 0 
2027 10 0 0 0 0 0 0 0 0 0 0 0 
2028 10 0 0 0 0 0 0 0 0 0 0 0 
2029 10 0 0 0 0 0 0 0 0 0 0 0 
2030 10 0 0 0 0 0 0 0 0 0 0 0 
2031 10 0 0 0 0 0 0 0 0 0 0 0 
2032 10 0 0 0 0 0 0 0 0 0 0 0 
2033 10 0 0 0 0 0 0 0 0 0 0 0 
2034 10 0 0 0 0 0 0 0 0 0 0 0 
2035 10 0 0 0 0 0 0 0 0 0 0 0 
2036 10 0 0 0 0 0 0 0 0 0 0 0 
2037 10 0 0 0 0 0 0 0 0 0 0 0 
2038 10 0 0 0 0 0 0 0 0 0 0 0 
2039 10 0 0 0 0 0 0 0 0 0 0 0 
2040 10 0 0 0 0 0 0 0 0 0 0 0 
2041 10 0 0 0 0 0 0 0 0 0 0 0 
2042 10 0 0 0 0 0 0 0 0 0 0 0 
2043 10 0 0 0 0 0 0 0 0 0 0 0 
2044 10 0 0 0 0 0 0 0 0 0 0 0 
2045 10 0 0 0 0 0 0 0 0 0 0 0 
2046 10 0 0 0 0 0 0 0 0 0 0 0 

0 5 2 2 0.141844 5 7 -20 16 -6 16 -22 16 15 8 6 4 0.989775 121 15 -17 8 -32 6 -1 13 -23 16 42 18 13 10 11 14 41 10 21 14 35 20 -4 8 0 20 39 15 2 9 42 15 -21 10 5 16 -16 8 13 18 2 17 41 8 12 13 9 8 -11 19 22 18 -2 19 -13 16 11 22 35 6 14 19 2 19 12 4 0 6 -17 5 -26 16 -5 6 5 21 6 7 15 22 4 5 18 16 0 3 42 15 38 6 -1 20 -22 9 37 24 29 22 21 18 38 11 8 20 -18 13 -17 17 -7 -22 -27 -22 13 -21 -9 -22 -27 20 -30 18 -1 -19 -33 11 0 -20 -21 -23 20 -22 3 -18 -33 8 14 -17 -20 -18 -28 -17 -18 -24 24 -18 33 -20 2 15 -6 18 -9 -16 7 -25 25 -15 -34 -18 27 -1 4 22 1 -5 -29 14 -20 -25 42 -21 11 -22 27 -3 -2 -3 31 10 -34 14 23 16 -28 8 -31 -13 -29 9 -28 -21 -3 -14 -9 -4 24 -22 -27 -18 43 -18 -11 9 -21 4 -9 -11 -35 4 7 -23 -8 23 16 -23 31 -24 22 -22 21 -12 24 -12 26 -15 34 -7 -34 -19 -30 -19 -31 -21 37 -12 18 -12 44 -20 15 20 29 20 27 
1 5 2 2 0.210526 2 15 -20 14 44 4 0.983607 30 14 22 15 -14 16 25 19 5 17 -21 19 29 19 2 23 41 25 -20 25 -7 10 -33 15 -32 24 45 21 34 14 -25 19 -17 16 -11 25 25 26 -22 26 -9 25 31 3 33 21 -11 13 32 23 36 24 10 23 41 14 15 22 23 15 -33 
2 5 2 2 0.864865 8 14 32 15 36 14 -6 14 -7 14 23 16 -14 15 -1 14 -24 4 0.714286 5 11 21 14 39 15 -26 26 7 23 -11 
3 5 2 2 0.985507 17 12 28 11 -12 13 2 11 0 12 24 13 -20 12 24 10 -15 16 31 11 40 10 -4 11 23 11 10 12 45 15 35 16 43 16 -32 4 0.190476 1 21 18 
4 5 2 2 0.666667 1 11 -17 4 0.888889 2 19 -24 3 -14 
5 5 2 2 0.666667 2 11 -30 11 -12 4 0.888889 4 24 24 24 9 2 38 22 39 
6 5 2 2 0.976744 21 7 7 6 -27 5 -27 7 -28 7 9 15 -16 14 13 6 -21 15 14 13 -21 15 -14 13 -20 13 -17 14 -21 13 -13 14 -20 15 -19 8 -8 10 -22 12 -6 -9 -36 4 0.275862 2 -19 -4 -9 -5 
7 5 2 2 0.979592 12 12 19 13 15 16 28 13 -12 8 36 10 23 12 7 9 17 9 36 9 11 11 -26 10 29 4 0.25 1 25 -14 
8 5 2 2 0.631579 3 14 21 14 23 9 -25 4 0.903226 7 4 13 26 27 26 30 25 37 21 19 23 21 25 30 
9 5 2 2 0.972973 9 -14 3 13 -8 -15 17 -11 -14 -12 7 -15 -2 -11 4 -15 -34 -13 -12 4 0.307692 1 24 4 
10 5 2 2 0.727273 6 -14 -28 -14 35 -15 28 -13 10 -8 6 -15 10 4 0.857143 9 -17 39 -8 -1 -12 -22 -13 -27 -18 10 -23 11 -6 35 -21 -15 18 33 
11 5 2 2 0.226415 3 6 24 10 14 -12 7 4 0.982036 41 -7 -8 23 28 1 6 -13 17 -21 -1 23 -4 -12 -11 16 -9 -4 -22 -10 18 -7 4 0 -30 15 27 -10 19 17 23 15 -6 2 -14 -23 -3 -25 19 25 -3 -7 -13 -12 35 -12 -3 -7 -15 -20 -30 -13 -24 23 21 -17 -26 -22 -26 -5 36 -13 16 -14 13 -21 -28 -7 35 -23 -19 -13 0 -11 33 -14 1 -8 -26 -3 4 -24 9 
12 5 2 2 0.666667 4 -14 -11 -10 -8 -14 0 -15 -16 4 0.888889 8 -22 -30 -2 31 -8 -22 -20 -18 -5 7 -18 -11 -18 -26 -11 37 
13 5 2 2 0.666667 1 -5 26 4 0.888889 2 17 36 -17 39 
14 5 2 2 0.990099 25 -15 27 -7 30 -11 -28 -8 -34 -8 -25 -8 -29 -10 34 -7 -22 -12 -34 -7 -29 -8 6 -13 -25 -7 -33 -13 -2 -10 33 -6 26 -12 35 -6 -12 -6 10 -20 35 -8 -5 -11 24 -14 11 12 6 11 8 4 0.137931 1 -2 26 
15 5 2 2 0.6 3 -14 -17 -10 15 -14 -16 4 0.914286 8 -16 -13 -13 14 -8 26 -14 14 -1 23 -5 17 -17 25 -7 19 
16 5 2 2 0.117647 3 -15 30 5 4 8 -7 4 0.991736 90 -7 35 -9 30 11 -27 -11 38 15 33 -1 25 -15 14 -9 26 -18 32 -7 27 -6 37 -18 18 -15 28 0 32 -17 28 2 33 -10 34 -16 35 0 17 5 -18 4 -24 2 11 -21 38 -6 7 11 37 6 2 -6 19 4 15 7 -2 -5 26 -10 18 -12 12 -3 -14 -4 -17 -6 26 -6 29 6 13 -18 -25 3 31 -17 -22 -17 1 -16 -25 4 28 -10 -18 -10 -15 -15 -7 -12 35 -21 6 -13 25 -14 10 -15 7 10 -1 6 25 -14 28 13 20 11 14 -10 36 -5 -3 -5 -8 -5 18 -3 7 -4 -15 10 -26 10 4 0 -4 11 -25 1 14 2 10 0 -26 17 -15 -1 33 1 -20 1 22 1 30 -4 -32 14 -4 -9 15 15 -19 9 7 -7 37 0 -7 0 -17 0 -4 -7 -16 -6 6 11 10 2 -18 13 -15 12 -24 11 14 
17 5 2 2 0.190476 1 9 22 4 0.985507 17 25 -6 23 -4 23 45 20 5 26 42 -19 41 -9 37 24 -1 -16 40 21 -1 9 -12 25 39 18 13 9 2 2 43 12 -8 -6 41 
18 5 2 2 0.888889 2 10 -3 7 17 4 0.666667 1 -2 37 
19 5 2 2 0.974359 19 8 40 12 36 3 42 7 43 15 39 5 41 -18 42 -20 43 -15 41 -18 39 -13 41 -13 42 -14 44 -13 38 -16 41 -9 40 -15 37 -15 39 -5 36 4 0.296296 2 -1 40 -6 42 
20 5 2 2 0.615385 4 3 34 11 35 1 38 8 40 4 0.909091 10 0 37 -14 42 -18 37 -17 42 -15 44 18 42 -17 45 15 42 16 40 10 43 
21 5 2 2 0.923077 3 0 43 -9 40 7 3 4 0.571429 1 17 43 
22 5 2 2 0.285714 2 6 35 5 43 4 0.97561 20 -8 40 -7 38 8 44 18 40 23 41 4 45 -15 40 12 38 17 34 3 37 3 36 -1 40 -4 40 9 43 3 40 -2 45 -15 43 -19 41 -8 43 5 40 
23 5 2 2 0.983957 46 -12 29 2 23 4 22 14 22 3 -3 6 9 14 -24 4 -6 6 0 6 29 16 -25 14 2 4 -29 4 31 9 0 9 2 8 -20 4 22 5 -17 9 -4 6 5 8 6 -14 -14 4 -5 -10 -12 5 32 -10 -2 3 23 7 -23 11 8 11 24 4 -1 7 30 -19 7 7 13 1 -3 11 15 3 -6 10 -25 2 6 8 31 10 -24 8 10 2 -26 4 5 2 -15 4 0.206897 3 2 26 2 -17 -7 9 
24 5 2 2 0.971429 17 -11 24 5 -18 2 -9 14 8 6 5 2 6 9 3 -1 7 4 -28 7 3 5 -14 5 -23 5 -24 5 -24 8 -21 4 -2 7 -24 4 0.32 2 19 18 2 0 
25 5 2 2 0.857143 33 4 6 6 -11 16 19 5 26 2 -25 2 -29 10 22 6 28 5 22 7 -7 -14 -27 8 -28 -19 -17 -1 -20 7 -11 -1 19 2 33 -1 -27 15 -27 8 29 4 10 -4 -7 7 17 13 25 15 19 6 -2 15 28 1 9 8 -27 7 10 5 12 5 -32 0 -29 4 0.727273 22 5 31 20 -16 22 -22 14 22 23 -25 22 6 3 -20 2 4 5 2 14 30 -3 -1 15 31 15 23 22 -14 -2 -4 1 -1 21 -20 17 -24 5 -18 18 -16 6 -7 11 9 
26 5 2 2 0.190476 1 -4 8 4 0.985507 17 10 32 -11 -7 8 33 15 29 8 -8 16 32 9 33 -5 17 -11 -10 -1 -1 -14 13 13 -7 -4 3 -2 -25 2 4 -6 31 -3 5 
27 5 2 2 0.761905 8 -14 -8 5 -8 -9 -11 -2 -12 -15 12 -17 13 -8 -29 -4 -26 4 0.833333 10 3 15 -12 15 -4 0 -1 -15 6 16 1 19 -13 -23 -6 12 -15 -21 1 -17 
28 5 2 2 0.685714 6 -3 26 -6 34 1 -10 -1 16 -3 22 -4 24 4 0.88 11 5 27 -6 26 -6 33 -4 21 5 27 3 25 -2 -3 -3 -4 10 30 1 21 3 24 
29 5 2 2 0.912 57 2 -18 3 18 -2 -23 -8 29 -12 -4 -11 23 -18 16 -1 -19 -13 14 -6 16 -20 31 -3 8 -15 -31 -16 34 2 -3 -7 33 -15 -21 -5 22 -2 15 1 22 -5 10 -4 20 0 -18 -6 -33 -3 -11 -3 28 -7 -22 -2 20 -14 -30 3 27 -7 -13 -9 -15 -5 7 -6 -21 -20 -4 -14 -17 -13 16 -19 -24 -5 -16 -18 28 -11 -21 -12 -32 -8 -35 -18 -8 -16 -8 0 33 -18 19 -7 -8 -15 -3 -15 -2 -12 25 -13 -14 0 25 -20 6 0 23 0 33 2 -31 4 0.606897 22 13 35 16 23 -13 -28 -22 27 -6 -4 7 29 -1 2 -7 -10 -21 17 -22 29 -1 1 -18 -16 -5 -21 -8 -1 4 35 0 -13 -5 -5 -3 -18 14 -12 -18 6 -16 29 -20 24 
30 5 2 2 0.235294 1 7 33 4 0.981132 13 6 38 8 -29 -5 3 -13 -22 -4 17 -4 16 6 -15 -12 -22 -6 40 -5 34 -2 -7 0 16 9 -16 
31 5 2 2 0.949153 14 -2 -5 -8 44 -4 -7 -7 -9 -1 19 -3 -8 2 22 -7 44 -3 -11 1 21 -2 4 3 9 -11 -11 -3 44 4 0.461538 3 11 24 8 44 -2 -20 
32 5 2 2 0.521739 3 -3 44 -2 44 4 26 4 0.93617 11 -22 -4 -12 44 8 45 -5 8 -4 -18 11 45 9 45 -1 11 -4 15 0 -3 -21 20 
33 5 2 2 0.973061 298 6 -21 2 15 2 43 -12 -9 7 -25 2 8 4 -23 8 -29 8 12 5 40 16 -12 15 -14 12 -6 15 9 2 4 7 28 16 6 10 8 2 29 14 14 1 -25 -1 14 14 -16 2 -25 5 15 14 17 2 12 -13 27 -13 8 -10 -4 8 -19 -4 -2 1 38 12 25 -11 -9 14 30 7 -11 -12 3 12 14 1 -29 3 42 4 33 15 27 -8 -16 -14 11 6 44 0 -14 13 -17 2 -28 12 -22 1 2 9 24 13 -22 -10 38 -13 11 16 40 11 41 13 34 13 -24 -1 6 0 24 7 -7 -19 -19 -11 36 4 -13 1 -12 -14 -23 -7 2 7 40 -11 16 6 -4 9 8 11 9 -18 -18 -10 -31 -6 36 1 25 4 48 11 32 1 43 -13 39 4 38 -3 29 1 -23 -5 -28 -8 39 -11 24 -5 43 -1 25 9 -15 -13 13 -12 43 -4 31 -15 -29 -13 6 -8 19 2 25 10 31 -5 37 -14 22 16 44 6 43 1 33 8 36 -1 -19 -9 42 -3 -3 -6 -6 -11 19 7 35 -13 41 -8 44 -9 3 -9 29 7 21 -12 -32 2 -20 -16 13 -6 34 -11 3 -18 19 2 46 -4 45 -7 43 -8 2 -10 19 -14 7 11 -4 -11 45 -6 28 -12 45 -7 44 -2 13 1 37 -14 39 -5 30 13 44 -13 35 -13 -17 2 34 4 34 4 45 -8 28 -7 -12 -5 -30 -8 28 0 -6 0 -21 2 29 10 24 -9 22 -3 32 11 42 -11 -29 1 37 -1 -12 -1 11 -3 4 -17 41 -11 25 10 36 -15 5 -9 20 -8 37 -11 0 -11 19 -15 21 -10 1 -11 41 -12 29 -13 -26 -1 37 -8 37 -10 20 -6 24 -5 -22 -11 14 3 13 -15 21 -13 12 -1 27 -13 -26 -5 27 -17 27 -14 22 -2 18 -12 -19 -3 35 -20 23 -19 -11 -7 -24 -10 -2 10 45 -11 -26 -7 -10 -13 -7 10 41 10 39 -8 -25 -7 40 -3 -26 -13 20 -5 -5 -8 -14 -7 18 -17 34 -5 -19 -14 -29 -8 42 -15 -21 -6 36 -15 -28 -12 -19 -9 -18 0 5 2 -1 -6 13 -20 12 -14 -31 -10 20 -12 6 -1 22 -9 -19 -7 -21 -11 -18 -14 11 -9 21 -10 46 -5 -22 3 48 -1 25 -3 -32 -19 -1 -17 -16 -20 -23 -8 31 -12 21 -1 20 -9 13 0 49 -7 17 13 -1 -15 15 -3 45 -2 -24 -17 -3 -14 15 -3 -33 -3 37 -2 47 0 45 -6 48 -9 4 3 15 -17 -1 -11 -20 -5 46 -8 50 -14 31 -15 -12 7 48 -16 -6 -3 5 3 50 1 50 14 44 -10 13 -6 18 -7 6 -4 -25 12 47 -8 50 -12 0 11 45 -1 -29 -10 8 -2 5 -19 30 -19 28 -17 5 14 45 -18 32 14 47 -12 30 -8 48 -7 -28 -6 21 -20 7 -14 -3 -5 48 -10 9 -12 8 -5 11 -15 8 -15 30 -4 35 -14 46 13 49 4 0.306977 33 9 22 14 -2 12 15 11 -10 -24 -17 14 -6 20 14 -16 -11 -9 -1 18 14 -16 -20 -14 -6 17 14 -21 -20 8 16 -12 -15 16 38 8 -22 -7 28 -9 5 6 -6 -13 27 -2 -22 -3 22 6 19 -2 28 -12 20 -10 -28 2 34 -3 -29 -9 -29 -15 10 -8 -17 
34 5 2 2 0.705882 3 -2 -4 -15 46 -12 4 4 0.869565 5 -19 27 -18 28 -17 28 -18 42 -7 43 
35 5 2 2 0.421053 2 -8 24 -4 26 4 0.956522 11 -9 24 -8 26 -10 33 -5 27 3 25 -7 -19 9 -4 1 -28 -13 2 -15 -26 -12 -5 
36 5 2 2 0.901408 32 -2 -13 10 21 -1 -26 -7 27 4 0 -3 13 9 -8 7 16 -4 -26 4 -3 5 5 6 -29 0 12 -1 19 -2 -24 -1 12 -1 8 12 7 2 -27 -7 23 4 -6 -7 29 -2 -27 8 9 7 -15 -6 -30 -4 -20 -3 -20 -1 -5 10 -4 4 12 1 21 4 0.636364 14 3 27 -12 32 -13 -16 13 4 -2 15 10 7 11 3 2 -24 -6 11 12 -11 -13 -7 2 -25 -4 9 -6 -14 
37 5 2 2 0.97479 29 0 -4 8 -32 1 15 7 -26 2 -5 0 30 1 0 9 -29 1 3 9 28 -5 17 -2 4 -5 23 4 5 -3 6 -5 20 -5 4 -5 10 -4 22 2 -33 4 25 7 25 2 23 -4 -17 -4 -16 -5 -28 -3 -11 -1 25 -2 -7 4 0.292683 3 13 -6 -9 19 6 -7 
38 5 2 2 0.235294 1 2 -5 4 0.981132 13 1 18 -11 2 -4 -4 -11 7 -11 13 8 -8 -3 -2 7 -27 6 -10 4 13 5 10 7 12 1 -12 
39 5 2 2 0.2 2 14 43 -4 -30 4 0.984615 32 11 -21 -1 41 12 -32 16 14 1 35 12 19 -9 -26 18 36 -11 40 -6 -23 19 17 10 10 15 3 20 -22 20 -9 -16 -8 -13 20 -12 7 -3 7 -5 -2 -3 27 -14 7 -7 29 -13 13 -13 -10 -14 -14 -14 30 -12 15 -14 -9 -11 -22 -11 -29 -10 -19 
40 5 2 2 0.981132 13 -20 -15 -19 -21 -6 -30 -3 -35 -17 -16 -18 -3 0 -33 -17 -4 -16 -10 -16 -12 -16 0 -17 -1 0 -35 4 0.235294 1 15 -32 
41 5 2 2 0.4 1 7 -31 4 0.96 6 14 -36 3 25 -18 -33 7 -29 17 -33 8 -27 
42 5 2 2 0.903226 14 -5 -37 7 -30 -11 -32 9 -35 9 -37 -9 -35 -7 -38 -2 -12 -20 -34 12 6 -20 -32 7 -35 -6 -32 4 -34 4 0.631579 6 -21 -29 -7 -31 11 -34 9 -30 -23 -33 -2 -18 
43 5 2 2 0.347826 2 -15 -36 -9 12 4 0.967742 15 0 -19 2 35 7 12 4 -25 11 -30 4 4 -19 37 2 -5 -25 -25 -5 27 21 -30 0 -7 -4 17 -9 1 -3 9 
44 5 2 2 0.170213 6 4 17 4 -13 2 -24 -10 -28 -6 -10 -5 -19 4 0.987342 117 7 21 3 -10 -16 44 -4 6 10 -13 -5 19 6 16 9 3 9 6 -14 -31 -5 6 -10 44 6 -33 -14 -29 10 -37 -12 -34 1 -18 9 42 1 4 8 27 3 -25 -5 -7 -7 10 5 0 10 -24 7 28 4 -14 -5 -9 5 -7 1 -29 -15 -23 0 9 -11 22 -6 42 0 -17 5 -3 -11 35 5 -14 -8 0 5 -6 9 1 7 15 -17 22 9 29 -1 17 -11 24 6 27 2 36 6 20 -1 0 3 4 8 31 3 -6 3 13 -1 -8 3 36 -10 19 2 25 8 -25 -4 43 -11 3 1 35 -6 29 -13 -38 8 -2 8 -31 -24 2 7 -21 -9 -8 -21 40 -2 35 -2 9 -4 13 -1 31 -20 21 -4 -20 -7 22 5 28 -6 8 -23 5 -4 -4 -1 -34 -4 -1 -5 -9 6 1 4 -14 -4 1 -8 -18 -4 -9 -7 -29 -11 -25 -7 -11 -6 -14 -3 -19 -8 -22 -5 -22 -24 0 -22 12 -9 -18 -11 -7 -19 43 -25 -32 -25 -1 -25 -4 -23 28 -21 -11 -19 -29 -25 1 -11 -24 -22 15 -25 14 -14 -2 -25 -5 -17 30 -22 -16 -17 23 -13 -23 
45 5 4 0 0.173913 1 24 -26 2 0.727273 8 -8 -37 1 -35 0 -35 -4 -35 -7 -34 11 -35 -5 -34 -7 -38 3 0.5 4 31 19 -24 43 -41 7 -42 0 4 0.682927 7 9 -37 12 33 -23 -36 1 -32 14 -34 12 22 -7 -32 
46 5 2 3 0.181818 1 -39 17 4 0.986301 18 0 -35 0 -36 -1 -38 -3 -37 -10 -37 -2 -37 -13 -36 -5 -37 3 -38 -1 -38 10 -36 2 -38 -6 -36 -8 -38 10 -37 5 -36 5 -37 -1 -38 
47 5 2 2 0.907216 22 3 -35 1 -37 -9 -40 10 -45 8 -36 1 -39 -5 -34 -17 -40 -15 -40 4 -38 8 -42 7 -37 -15 -37 -10 -38 -9 -9 0 -39 -14 -37 2 -41 -11 -44 -2 -43 -8 -40 -6 -40 4 0.62069 9 14 -33 13 -34 4 -35 0 -34 3 -34 12 -44 -21 -27 20 -41 -7 -33 
48 5 2 2 0.571429 4 13 -40 11 -36 7 -42 -10 -48 4 0.923077 12 14 -38 -6 -40 12 -39 15 -39 -19 -35 -12 -44 -8 -45 -6 -45 -8 -43 2 -44 -24 -40 -25 -39 
49 5 2 2 0.153846 1 -7 -36 4 0.988764 22 -24 -31 -16 -36 -15 -33 -11 -36 19 -38 7 -37 -2 -39 -10 -44 -12 -44 -4 -39 9 -37 -11 -39 -9 -39 -4 -40 6 -37 -20 -45 10 -40 7 -44 -12 -40 12 -39 -17 -45 11 -43 
50 5 2 2 0.888889 2 -16 -44 11 -42 4 0.666667 1 10 -42 
51 5 2 2 0.967742 15 -5 -49 8 -47 7 -48 9 -49 7 -43 16 -47 11 -44 13 -44 13 -43 16 -51 9 -51 6 -53 -14 -51 -1 -44 -2 -48 4 0.347826 2 23 -43 17 -43 
52 5 2 2 0.363636 1 -8 -38 4 0.965517 7 -2 -36 4 -35 -10 -34 -2 -35 -10 -33 0 -35 25 -28 
53 5 2 2 0.764045 17 6 -36 16 -38 -17 -40 -16 -40 12 -41 10 -37 14 -41 12 -35 -19 -43 15 -36 -15 -48 16 -42 -15 -48 15 -45 -5 -46 -7 -49 13 -36 4 0.831683 21 -2 -33 7 -41 -15 -16 -8 -41 12 -37 2 -43 -7 -44 -10 -43 6 -42 -4 -43 -13 -43 12 -44 2 -43 -4 -45 -10 -42 14 -37 -18 -44 -15 -43 23 -29 24 -37 -3 -45 
54 5 2 2 0.965517 21 -10 -46 12 -47 3 -48 -4 -44 14 -37 6 -46 -2 -48 15 -41 3 -52 17 -40 4 -47 14 -42 7 -48 4 -50 -10 -53 -4 -50 -1 -50 3 -51 0 -51 -7 -53 1 -52 4 0.363636 3 14 -45 18 -35 26 -39 
55 5 2 2 0.98 49 -10 -34 3 -40 8 -46 -8 -45 5 -38 -12 -39 3 -38 2 -36 -7 -42 -3 -41 12 -44 -8 -43 -10 -38 2 -38 2 -41 8 -41 -11 -43 8 -44 4 -40 5 -44 -18 -36 -6 -41 -7 -37 5 -39 -5 -47 -14 -44 -1 -37 -2 -39 0 -40 -5 -44 0 -38 10 -36 -3 -35 -11 -41 4 -36 2 -41 -4 -41 -4 -37 1 -40 -3 -38 8 -39 -2 -43 -3 -39 -4 -41 8 -41 1 -45 5 -43 2 -35 6 -41 4 0.246154 4 12 -42 -5 -44 -11 -33 -4 -37 
56 5 2 2 0.333333 2 5 -37 12 -43 4 0.969697 16 10 -39 -5 -38 21 -36 11 -37 22 -39 17 -45 -19 -37 -3 -31 6 -44 -21 -36 10 -43 -23 -38 -23 -44 10 -45 -25 -33 6 -41 
57 5 2 2 0.222222 1 12 26 4 0.982456 14 26 -18 7 -16 25 43 18 18 20 21 18 40 19 -15 21 22 20 26 23 2 23 6 18 41 15 20 6 36 
58 5 2 2 0.761905 4 13 43 19 -8 17 40 12 45 4 0.833333 5 26 0 13 -21 17 5 17 42 25 37 
59 5 2 2 0.988235 21 15 -27 13 32 13 -24 11 -17 17 -8 17 9 13 20 11 37 18 6 19 20 18 23 17 6 16 27 17 42 16 -12 18 8 19 -6 19 11 18 -13 20 -10 16 6 4 0.16 1 16 38 
60 5 2 2 0.444444 1 16 25 4 0.952381 5 23 15 17 15 10 31 23 -8 23 -2 
61 5 3 2 0.4 2 17 20 16 30 3 0.235294 1 32 40 4 0.93617 11 22 8 17 26 20 10 18 -1 22 20 15 -10 13 -15 21 41 23 27 17 -22 25 24 
62 5 2 2 0.987013 19 16 31 17 0 17 -12 5 52 0 53 -7 53 -7 53 -8 53 10 51 -3 53 -9 53 -7 52 11 50 -4 52 -14 50 -9 51 9 49 -9 51 0 51 4 0.173913 1 25 -8 
63 5 2 0 0.842105 4 24 -19 24 -18 15 -52 17 -19 3 0.75 3 40 -11 39 -14 27 15 
64 5 2 0 0.210526 1 16 26 3 0.983607 15 30 -15 23 52 18 87 29 15 27 66 25 38 33 55 -18 99 25 76 29 70 11 87 36 27 27 71 35 19 37 30 
65 5 3 0 0.875 7 21 11 -7 88 9 92 21 24 -3 90 -17 89 -7 93 2 0.285714 1 9 -35 3 0.6 3 12 81 9 100 -31 100 
66 5 2 0 0.982456 28 12 20 12 18 12 27 14 26 17 26 11 26 19 27 14 19 16 17 16 -51 11 22 -21 29 8 84 11 57 -4 86 12 25 18 57 17 -65 13 28 8 18 15 -45 13 28 0 85 17 -42 -2 80 -1 80 14 -35 9 56 3 0.222222 2 20 76 23 95 
67 5 2 0 0.666667 3 13 51 16 -10 14 50 3 0.888889 6 -9 97 7 67 22 69 28 23 -13 99 33 20 
68 5 3 0 0.363636 2 13 45 13 49 1 0.705882 6 17 -18 17 27 17 27 17 39 15 39 16 34 3 0.8 8 26 21 16 -78 14 -43 3 99 -15 92 16 40 14 40 -6 90 
69 5 2 0 0.5 1 14 33 3 0.941176 4 29 36 9 97 26 33 22 36 
70 5 2 0 0.98153 93 11 38 14 26 15 65 16 74 25 27 -13 36 -4 42 22 35 6 32 -7 35 13 74 10 40 10 68 9 42 25 39 13 39 16 65 6 68 18 38 18 41 10 69 11 71 10 62 24 41 6 68 6 67 3 68 23 41 -14 40 2 66 1 66 -18 38 -2 42 -11 91 -7 43 -15 44 3 40 -18 36 -16 44 -24 40 -15 43 4 33 -22 38 13 35 -2 36 11 76 -3 38 -15 42 2 46 -13 36 4 64 1 45 4 40 7 64 4 32 -22 91 -8 63 -4 87 -6 47 23 43 10 32 10 59 -2 46 -13 33 15 74 -4 32 10 76 -5 62 -5 60 5 71 6 76 -22 93 -2 62 -11 49 -19 48 2 61 -18 88 7 62 5 60 -9 64 -18 31 4 77 6 59 -5 31 -15 60 3 77 -7 63 0 31 -23 31 3 58 -2 60 1 58 -12 61 3 0.231405 7 -39 82 -30 93 -19 83 20 26 -28 40 -38 43 -31 21 
71 5 2 0 0.769231 5 -2 43 -14 87 -1 49 -11 87 -23 85 3 0.827586 6 -13 22 -22 27 31 27 16 -5 -25 94 -5 97 
72 5 2 2 0.903226 14 19 42 17 -25 17 -31 17 -32 18 29 16 42 13 -26 17 -1 16 -29 17 -35 10 -38 16 -33 16 -36 20 -26 4 0.631579 6 23 -28 25 -36 25 -30 25 -20 18 -35 19 -35 
73 5 3 0 0.4 1 18 -42 3 0.842105 4 31 -32 18 1 32 46 29 -8 4 0.615385 2 19 -41 22 -41 
74 5 2 0 0.982456 14 -24 30 15 -20 17 -36 15 -15 18 -21 6 71 25 -84 18 9 18 -76 23 -90 -8 86 18 25 16 16 19 -44 3 0.222222 1 40 -42 
75 5 3 0 0.380952 2 18 -29 25 26 2 0.222222 1 21 20 3 0.941176 12 25 -78 31 73 26 3 20 -78 40 -33 21 -7 22 13 25 45 41 -42 17 -74 31 43 32 20 
76 5 4 0 0.387097 3 20 -88 22 -80 22 25 2 0.387097 3 19 -40 21 -35 11 -40 3 0.285714 2 21 -27 -33 93 4 0.875 14 20 -40 20 -43 26 -35 21 -39 26 -43 19 -41 10 -32 11 -32 20 -28 16 -26 19 -24 12 -38 16 -38 20 -25 
77 5 4 0 0.307692 1 18 33 2 0.903226 7 17 -44 17 -41 21 -28 21 -27 17 -40 19 33 20 -39 3 0.307692 1 -21 98 4 0.307692 1 24 -33 
78 5 3 0 0.413793 3 -19 28 -16 53 -23 82 3 0.923077 15 -13 66 -4 15 20 15 -20 64 -15 94 -36 -7 -37 61 -43 -42 -41 91 -31 74 -40 -5 -34 85 -42 17 -42 89 -26 85 4 0.307692 2 -16 44 -25 31 
79 5 2 0 0.833333 5 22 -9 18 -92 -3 22 25 -85 -2 24 3 0.761905 4 27 24 37 -30 33 1 34 -35 
80 5 2 0 0.232558 5 23 17 13 83 25 26 12 53 12 53 3 0.981413 66 30 56 34 29 19 45 36 29 20 18 28 19 39 -55 29 78 37 73 34 -83 36 74 32 -39 36 -87 40 -92 42 -15 34 65 37 75 31 51 36 -45 29 -20 41 21 33 -68 29 0 28 70 38 -58 40 -58 22 47 40 70 27 37 37 -3 34 -84 38 -15 43 -75 26 69 33 -5 45 -25 45 5 37 -11 39 -20 42 -15 39 45 30 -56 36 -43 31 72 39 -4 43 87 40 81 41 13 30 -24 43 -26 28 75 40 34 34 -77 37 -26 39 -25 43 83 37 25 45 26 30 -32 32 84 43 -42 31 57 39 39 41 -29 41 1 43 -46 
81 5 3 2 0.5 1 18 14 3 0.5 1 43 18 4 0.857143 3 17 -2 16 -5 19 -10 
82 5 3 2 0.949153 14 19 33 19 -21 21 34 17 12 15 10 19 -4 18 -8 19 1 13 -30 21 20 20 1 21 16 19 5 20 17 3 0.2 1 41 2 4 0.347826 2 23 42 26 10 
83 5 4 0 0.363636 2 25 66 25 91 2 0.48 3 20 -24 21 38 21 42 3 0.645161 5 44 40 42 43 42 81 42 78 45 13 4 0.705882 6 22 8 22 25 23 -22 26 2 23 37 25 43 
84 5 2 0 0.965517 7 24 33 24 56 25 85 25 -86 25 64 25 -68 24 63 2 0.363636 1 21 23 
85 5 4 0 0.782609 9 24 -69 24 -15 24 11 24 -47 24 -49 25 -34 25 -1 18 -24 25 -82 2 0.648649 6 20 21 21 -19 20 4 21 -17 20 -7 20 15 3 0.428571 3 43 40 43 30 43 54 4 0.181818 1 26 -24 
86 5 4 0 0.760181 42 21 12 20 -4 7 49 23 3 12 53 23 7 4 58 3 58 -10 50 -18 83 6 85 19 -48 0 80 -16 28 -8 30 13 56 21 -52 -11 52 15 73 9 82 -5 29 2 54 18 -49 10 53 23 7 10 81 18 -53 10 89 7 70 16 91 8 70 12 70 21 -31 12 88 -3 29 17 -72 19 -53 -24 23 -17 55 9 55 22 -31 16 76 2 0.149533 4 16 -26 15 -3 14 -7 18 38 3 0.637363 29 32 33 -23 82 25 1 30 98 21 -48 23 -45 28 -92 30 -86 -1 94 25 -81 25 -49 -36 14 -3 68 27 -73 34 42 -19 93 42 -26 35 62 29 -83 -15 96 -36 82 23 -42 19 50 34 48 -41 19 43 -12 28 91 -15 17 24 44 4 0.516129 20 24 34 20 -23 -24 21 24 17 23 26 21 44 19 34 23 18 20 45 20 41 24 -13 21 26 18 33 21 -11 21 -16 19 -14 21 -13 23 37 15 19 21 10 
87 5 3 0 0.694118 59 5 70 -19 25 19 -3 16 90 24 -92 0 72 9 90 8 68 22 -66 10 57 -17 77 23 93 2 83 2 85 5 81 17 91 15 74 16 54 16 77 4 70 20 83 -20 92 19 71 11 59 -13 74 -21 73 19 74 -19 70 17 92 -24 68 16 72 22 92 16 58 -14 76 12 60 16 78 14 54 22 74 18 50 16 56 16 62 18 55 6 62 17 49 21 58 23 43 23 37 18 66 6 52 20 -47 22 45 17 67 15 -33 13 -33 -1 57 23 44 20 60 23 28 20 -39 3 0.86087 99 -2 26 -6 41 36 7 29 44 34 -70 -23 95 36 -26 29 81 33 81 20 -79 -14 96 -15 97 30 82 33 100 30 45 32 100 16 -33 34 -40 20 -48 -12 99 -10 72 26 -70 30 -52 23 100 32 -8 41 100 -40 92 32 95 -43 28 -42 -96 -31 89 16 97 34 88 21 86 41 80 -40 -99 32 99 41 98 -41 27 34 63 31 38 -44 36 28 93 -40 -38 41 71 18 54 -40 -10 29 91 40 93 37 87 27 98 40 -29 -35 -43 26 92 22 89 -41 44 34 17 -44 -17 27 99 14 -39 -39 35 -43 94 41 32 -43 -15 31 91 -43 38 -44 -26 38 -16 35 -56 28 47 -40 97 40 -4 41 86 40 -27 41 -19 41 71 29 -83 38 -80 36 16 35 -87 34 -98 38 2 28 -95 36 -55 37 1 33 -18 23 20 2 17 28 -92 39 -39 40 -56 16 -62 36 -83 33 17 39 -62 35 -66 20 -18 19 -17 38 -59 4 0.11236 5 -23 13 -24 39 -24 -23 -23 -35 21 17 
88 5 2 0 0.190476 1 18 -25 3 0.985507 17 33 0 32 19 32 16 18 23 18 -23 38 -73 32 -52 33 -66 34 84 22 24 22 -99 34 24 34 -40 39 5 31 -43 38 -96 42 -8 
89 5 5 0 0.54902 14 13 11 14 -7 23 -74 20 -35 9 -76 11 -26 14 13 13 -43 9 0 10 8 12 -40 15 -60 9 6 15 -68 1 0.571429 15 13 -11 14 -14 14 21 13 21 14 6 14 5 14 19 14 -10 14 -23 14 16 13 35 12 28 11 -12 12 31 11 -28 2 0.121212 2 13 -44 16 -41 3 0.753623 26 19 -47 26 -41 28 4 26 51 38 -25 27 46 21 -10 26 19 23 -16 38 -27 37 -37 26 27 36 8 23 -2 20 20 21 -63 21 27 21 -78 18 -57 17 -1 18 -44 20 45 -31 85 22 7 17 -96 19 68 4 0.173913 3 22 -41 19 -44 -2 -40 
90 5 2 0 0.488889 11 8 -37 -16 -68 -17 -52 9 -65 -15 -26 -16 2 7 -15 -5 18 4 -32 5 -39 9 19 3 0.94359 46 15 -11 -36 85 -34 21 -37 -92 28 -30 15 -88 -38 31 -25 -23 -35 6 -28 0 -40 51 -43 -89 -37 -66 -30 -16 -38 24 -24 -7 -41 80 29 -19 -43 -68 21 42 -27 11 -26 -14 -30 -32 -29 5 -33 -33 16 2 -36 -9 -30 19 -36 -18 -33 -25 21 -31 -35 8 27 -2 11 67 16 56 14 57 13 -47 15 37 14 13 14 -29 15 -68 15 -54 19 25 -10 44 12 4 26 -33 
91 5 3 0 0.659176 44 7 -23 10 24 7 -70 4 -69 4 -45 3 -37 4 -33 7 -8 9 -14 15 -11 7 11 7 -24 4 9 9 23 4 0 9 -42 3 -5 11 -51 -1 -30 11 -61 3 -18 5 11 3 -52 5 -37 4 4 3 -14 6 -50 5 -38 15 6 10 33 10 32 4 -56 -14 -26 -13 3 -13 -29 -10 4 -11 35 -11 -37 -14 -44 -21 -15 -11 47 -9 49 -20 -13 -18 -42 1 0.745098 57 13 7 13 7 12 20 12 20 13 -9 13 1 11 10 12 21 11 -2 13 7 11 7 9 -20 10 14 11 20 9 -22 10 16 9 -11 8 -17 8 15 10 28 9 -3 8 -17 9 23 9 -12 10 -24 5 -35 8 2 8 -21 8 32 7 -14 9 -23 12 30 7 26 5 -27 9 24 9 21 6 34 5 -20 6 30 5 9 7 16 9 35 6 -27 5 -11 9 30 4 12 4 -35 3 12 8 -34 12 -32 6 24 7 -8 13 12 5 -12 5 34 12 13 3 35 3 0.57384 34 24 -19 13 39 18 -84 26 -42 -41 -26 11 39 21 -35 -35 -62 -33 -22 -40 42 -37 20 -23 -33 -23 -38 -30 -38 -22 -8 -37 52 -26 -38 17 17 -38 -88 -35 36 -39 14 -24 -34 -36 -76 -19 -49 -25 -5 -24 -21 -20 19 -34 -88 -40 32 -32 34 -32 57 33 -7 -30 86 -36 -97 
92 5 2 0 0.986301 18 15 -82 3 -91 -12 74 11 -90 2 -90 8 -90 14 -90 5 -91 10 -74 0 74 11 -87 -9 77 -12 78 9 -87 3 -84 16 -83 -16 80 0 -83 3 0.181818 1 2 43 
93 5 3 0 0.919861 66 21 -55 21 -61 16 1 18 4 14 11 14 -49 18 -62 15 11 15 -47 12 -45 13 -50 12 -26 12 -29 13 -14 18 20 10 -17 11 4 18 23 10 -35 11 15 16 -36 10 -28 11 -46 11 -48 18 -64 10 -4 10 -53 19 -37 16 -50 20 -46 7 40 11 -24 7 -14 6 -59 6 -37 10 -50 7 -59 7 -55 18 -55 6 11 7 -66 20 -29 14 -32 4 50 9 -55 1 -61 16 -75 12 -43 13 -75 10 -59 4 44 -4 51 9 -69 14 -76 5 -7 14 -77 10 -56 -1 18 -17 49 2 -26 -16 48 5 -3 4 -8 6 -58 -24 18 -23 17 1 0.158416 4 14 -7 14 14 9 -14 8 -17 3 0.520548 19 27 -47 29 -39 25 -61 27 19 35 -14 26 37 20 -56 20 -21 33 -28 30 42 25 -57 18 54 21 -41 21 -32 20 -34 15 74 17 87 -37 11 -40 -64 
94 5 3 0 0.551724 4 11 -15 -24 -5 -24 -24 -24 -28 1 0.2 1 5 -7 3 0.90566 12 -39 -10 -42 16 -41 -39 -42 -13 -43 -8 -35 -21 -35 2 -43 50 17 33 16 -71 -18 33 -18 32 
95 5 2 0 0.333333 1 15 -45 3 0.969697 8 18 -26 16 56 18 -40 33 -1 29 -10 18 -43 28 -16 27 -10 
96 5 3 0 0.973958 187 -13 -2 -16 -2 -15 -62 -14 12 -22 6 -13 43 -8 -29 -15 23 -18 -35 -8 -8 -8 -22 -14 -69 -14 -43 -22 -37 -14 -56 -12 -34 -22 -90 -16 -40 -22 11 -14 -15 -17 19 -17 -37 -17 -23 -11 -34 -11 -36 -9 -39 -17 38 -8 -16 -12 -65 -11 19 -14 21 -17 -33 -15 -18 -8 -29 -10 43 -16 -18 -5 40 -14 36 -21 -49 -17 -32 -11 33 -3 -26 -9 -68 -20 -72 -9 -52 -14 -71 -13 -9 -15 -33 -21 -78 -17 -26 -16 -34 -23 -75 -11 12 -17 -58 -14 -17 -22 -66 -13 -58 -6 -62 -18 -52 -15 -39 -12 -50 -23 -49 -23 -41 -15 -16 -15 -58 -14 9 -8 33 -16 -53 -8 32 -8 -49 -17 -51 -8 -33 -11 -51 -14 24 -6 2 -10 -24 -7 -22 -17 -77 -6 -39 -7 22 -7 -21 -16 -66 -9 -43 -12 -14 -7 -53 -6 -17 -11 9 -4 -35 -16 -48 -5 -35 -15 13 -23 -88 -15 -25 -3 -36 -1 -57 -20 -89 -2 3 -7 -33 -7 -77 -8 -75 -16 -33 -7 -36 -2 -34 -4 20 -3 -33 -1 34 -13 -71 -4 -44 -21 -87 -3 -33 -2 -29 2 -18 -17 -63 0 -2 -16 5 0 -14 -10 -21 -9 -33 -12 -45 3 -8 2 11 -16 -50 -1 0 2 35 -15 -87 -1 -67 -11 -4 -12 -47 3 14 -16 -90 -14 -32 1 -12 -17 -45 -10 -53 1 4 -14 -5 0 1 -9 -42 -3 -41 -2 -14 -1 -68 -7 -77 -11 -36 -17 -30 -5 2 1 -7 -20 4 0 -67 -5 -2 4 -38 -16 -25 1 -6 -1 -15 0 -59 -3 -2 -4 -23 -8 -7 4 25 -21 -42 2 -68 2 15 4 5 -22 -47 -1 -57 -1 -53 5 -6 -1 -55 1 -32 -15 -85 -23 -42 5 23 1 -6 0 -31 -2 -22 -1 -7 -1 -21 1 -42 -1 -25 6 -64 4 15 2 -3 2 -55 7 -71 1 -23 3 -40 -23 -1 4 -88 1 0.138528 8 -14 -35 -12 28 -14 -3 -14 -19 -14 33 -14 -12 -12 -7 3 30 3 0.197531 12 -20 38 -36 -85 -43 -32 -43 -62 -39 0 -41 -2 8 -70 8 -83 -39 -24 4 -78 -41 -16 -41 -38 
97 5 3 0 0.347826 2 8 -24 9 -49 2 0.2 1 1 -53 3 0.949153 14 -1 34 8 -84 22 4 4 61 10 -88 10 -73 25 -9 -8 28 14 28 17 -34 13 -58 9 -95 -5 37 -16 33 
98 5 3 0 0.363636 1 -12 -4 1 0.363636 1 -14 25 3 0.923077 6 -35 23 7 -53 14 7 4 46 -38 5 -43 -37 
99 5 2 0 0.390244 4 -20 -31 -13 9 -1 27 -3 -91 1 0.961538 25 -6 3 2 -33 2 -22 -12 -31 -11 -30 -12 -32 -12 -31 -9 26 -8 26 -11 -12 -5 -29 0 -32 -8 24 -14 23 -10 -20 -12 -16 -14 24 -12 25 -6 -9 2 -18 -13 16 -5 -17 -12 22 -12 -12 -10 23 
100 5 3 0 0.904523 45 -23 -45 5 22 -3 19 4 14 -1 19 -13 16 0 -72 2 33 5 6 -1 5 1 4 -16 16 -7 4 -13 10 -1 46 -15 -76 -8 5 -10 -8 -7 -5 -10 -1 -9 -1 -3 -5 -10 -18 -16 -8 -5 -4 -10 -1 -15 -55 -8 -6 -11 7 -16 -52 -4 2 -19 -13 4 -9 -18 -33 3 -5 -3 -23 -1 -13 2 -17 -3 -21 -9 -31 -4 -21 -2 -17 -15 -38 -7 -25 -7 -27 1 0.550459 15 3 -5 -9 -14 1 -27 -14 6 -12 -12 -14 8 4 4 3 0 -11 -9 -5 -28 -7 -9 -13 6 -2 -22 -14 19 -13 6 3 0.210526 4 -41 -1 12 42 2 -11 15 -20 
101 5 3 0 0.421053 2 -17 77 -7 -88 1 0.714286 5 -8 -17 -13 -31 -12 -26 -11 -31 -9 -30 3 0.774194 6 10 42 -5 40 4 84 -29 88 10 -17 -15 43 
102 5 2 0 0.991643 89 19 -1 -24 -66 10 -29 10 -1 12 -1 13 17 20 -67 15 -26 12 -24 9 -17 16 11 5 -26 18 26 12 -42 15 32 15 20 16 -54 8 -55 -24 -70 8 -54 12 29 14 35 11 30 16 -66 10 -17 14 8 10 -26 9 37 15 -15 10 26 14 -34 15 -6 12 -74 12 -7 9 12 10 -71 12 -32 13 33 7 -58 12 -7 10 23 18 29 14 -44 15 -62 16 -46 10 -22 17 33 17 -31 17 -28 12 26 15 17 8 15 17 -40 11 -50 16 -39 9 -36 8 -33 14 -44 -21 -71 -19 -70 14 -28 11 7 18 -33 8 -34 12 -10 6 -35 18 19 15 -16 11 17 16 -71 7 -13 17 6 11 9 13 -64 8 -10 9 -39 16 -72 18 -14 16 -57 16 -72 14 41 17 40 17 -24 17 -72 18 41 13 40 12 14 -3 -70 1 -65 3 0.118812 3 27 -1 27 -22 29 -55 
103 5 2 0 0.228571 2 -13 -19 -15 -62 3 0.981818 27 -39 45 -17 3 -30 -39 25 10 -11 -38 -30 -38 -21 35 -9 23 -36 13 -32 -83 5 21 -19 -39 27 -1 -18 -41 -31 39 -14 1 -18 -36 -14 -38 -19 -22 -34 25 -35 -74 -32 54 -22 -16 -19 -16 -16 -36 -13 6 -20 -9 
104 5 2 0 0.842105 4 -19 -5 -17 31 -18 -1 -16 -7 3 0.75 3 -35 29 -30 62 -26 60 
105 5 3 0 0.93617 11 -10 41 -13 40 -21 -20 -13 27 -17 42 -10 35 -12 42 -10 40 -12 -63 -13 -59 -9 52 1 0.4 2 -12 22 -14 -14 3 0.235294 1 -8 22 
106 5 3 0 0.96 12 5 -3 1 13 0 -7 0 12 -1 2 -3 -49 -1 -18 8 24 1 -82 7 31 -2 -36 3 -75 1 0.235294 1 -11 34 3 0.235294 1 0 44 
107 5 3 0 0.484848 4 -6 -32 -3 -26 -10 12 1 12 1 0.888889 14 1 -13 2 32 0 32 3 33 3 -12 5 -19 3 -7 5 -6 4 3 5 15 0 19 0 31 3 18 6 2 3 0.4 3 8 -75 -3 -75 20 -4 
108 5 3 0 0.767123 14 9 44 -10 46 -9 12 2 12 7 -70 1 -66 3 -68 1 -72 -4 -10 -8 45 -14 15 0 -65 0 -44 3 -11 1 0.62069 9 4 22 -4 34 -1 -5 3 0 4 12 5 -26 3 15 2 -24 2 9 3 0.581818 8 18 4 1 50 -5 -77 8 -81 20 -5 -4 -28 21 3 14 -13 
109 5 2 0 0.888889 4 -11 7 -3 14 -6 -28 -2 -30 1 0.666667 2 1 8 -12 6 
110 5 2 0 0.314607 7 -11 22 -8 -11 -4 33 -4 24 -9 -33 -4 -63 -4 -65 1 0.972112 61 -6 -3 -4 9 0 10 -11 13 -8 9 -8 -4 -5 -23 -14 14 -12 -17 -10 33 -2 -7 -12 -27 -5 11 -8 5 -7 -5 -5 0 -6 0 -3 -22 -3 -15 0 8 -2 -2 -11 -16 -9 -20 -13 -10 -9 0 -5 -15 -7 -4 -7 -15 -9 -18 -5 -4 -12 -19 -7 -18 -5 -20 -10 24 -4 -18 -8 25 -5 28 -8 26 -6 21 -6 -10 -7 -31 -8 13 -6 -25 -9 20 -4 33 -14 28 -6 27 -13 15 -3 14 -4 22 0 15 -3 -8 -10 32 -6 15 -12 31 -1 -24 -10 16 -3 21 -2 16 -13 32 -8 -34 
111 5 2 0 0.727273 4 -1 -36 -13 -59 -3 38 -6 -72 1 0.857143 6 -5 -23 -4 30 0 6 0 -4 1 -21 -1 26 
112 5 2 0 0.972973 18 -8 -63 -4 -68 -8 -69 -12 17 -10 15 -5 -54 -8 9 -7 10 -7 -66 -7 -58 -2 7 -9 -48 0 -35 -14 -28 -3 -55 -8 -74 5 -60 1 -5 1 0.307692 2 0 29 -1 2 
113 5 2 0 0.5 2 15 -27 15 -45 3 0.941176 8 24 -22 21 -21 21 -6 23 -23 21 -55 17 -88 21 -21 24 13 
114 5 2 0 0.992248 32 -9 47 1 50 6 48 -4 43 -2 20 7 47 6 51 8 47 -6 49 3 48 12 4 -18 22 6 33 -24 -26 -5 46 8 42 6 31 6 30 2 13 4 39 5 45 6 39 8 41 10 -38 16 13 6 -38 11 -19 -17 75 6 42 5 9 12 48 11 -77 3 0.111111 1 3 60 
115 5 2 0 0.705882 3 6 36 1 -63 -12 53 3 0.869565 5 20 3 6 62 -35 31 17 24 16 14 
116 5 3 0 0.652482 23 -24 -20 -10 38 -14 -16 2 32 -3 24 -14 35 -3 -10 -3 -13 -6 31 3 -62 -6 -17 2 -63 2 -69 -12 -77 -1 -72 -3 32 0 -59 -15 -21 -9 -13 -8 -12 -6 -71 -10 -56 -7 -25 1 0.301075 7 -1 -19 17 11 17 2 17 27 17 -10 17 -9 17 -13 3 0.848485 42 -36 -32 23 -3 -39 -16 -4 -84 -1 46 12 -62 12 15 -4 -94 -7 -82 9 -93 -3 -27 -1 14 -5 -12 2 -26 -36 -67 14 -40 16 -28 -16 -33 -12 20 18 64 -12 -44 -8 -32 -34 -20 13 -35 12 -32 14 1 -12 -10 -10 16 -14 -54 -4 1 -8 43 -7 42 -21 -24 11 -43 -15 52 -10 37 9 -31 -3 -39 17 32 11 -81 -1 -18 14 -27 
117 5 3 0 0.2 2 -10 -76 5 -61 1 0.108108 1 16 -28 3 0.976378 31 12 -31 -19 -66 10 -47 -2 -29 -9 61 12 4 5 -26 -8 52 8 -8 7 -40 4 -83 3 -46 -36 -61 -8 17 -15 27 3 -29 3 -79 -3 63 -12 -78 10 -78 4 18 7 5 2 -8 -7 64 2 -48 5 3 2 -2 6 11 5 14 -29 -13 -1 -59 
118 5 3 0 0.90566 12 -4 -73 -4 -74 5 -81 17 -85 6 -75 6 -75 -13 -76 -5 -77 5 -86 -15 -86 9 -88 6 -89 1 0.461538 3 -2 -34 -3 -30 -5 -33 3 0.347826 2 4 -95 -14 -95 
119 5 2 0 0.133333 1 2 -61 3 0.990476 26 0 9 3 55 -40 -2 -30 23 3 -77 3 -81 17 -6 16 4 4 -70 18 -15 5 -64 4 -93 18 -9 18 -3 19 -28 -43 -28 11 -83 -44 -29 12 -92 -44 7 13 -54 19 -20 20 -22 21 0 -43 -23 15 14 
120 5 4 0 0.533333 2 15 6 17 8 1 0.333333 1 14 36 2 0.333333 1 11 -11 3 0.833333 5 10 -25 5 7 5 -11 7 -38 12 1 
121 5 2 1 0.93617 11 15 30 14 24 16 25 16 -29 14 19 17 26 14 26 14 18 13 18 17 25 13 26 3 0.521739 3 8 -33 14 -4 12 21 
122 5 3 0 0.0506329 1 18 -47 1 0.993289 74 12 -37 15 -16 15 -37 16 -27 14 29 13 -36 17 -16 16 -22 15 -39 16 -21 17 -24 15 -25 14 -25 16 -13 17 -5 16 2 16 5 15 -23 14 -34 15 -21 16 16 13 -25 16 29 15 -29 14 33 16 -12 13 -23 15 13 14 -39 15 5 13 -5 16 -34 16 -24 14 -25 16 13 16 14 13 -25 16 1 15 17 15 -37 14 36 13 -32 15 -1 15 35 16 28 14 -7 13 -2 16 -2 16 11 17 15 16 -10 14 -12 14 -23 17 32 16 5 13 9 15 10 13 -35 14 -25 16 -34 15 -16 17 -3 14 -29 14 -14 14 39 13 32 15 -6 16 -12 17 -10 15 -13 13 3 17 31 16 16 13 2 3 0.0506329 1 9 -41 
123 5 3 0 0.158416 8 -5 -88 -10 12 -7 7 -15 14 -5 -55 -4 -85 6 11 8 21 2 0.0641711 3 -15 -21 -11 -35 -9 -36 3 0.9838 167 3 -38 6 14 -24 -32 2 -21 -2 0 1 -42 -35 56 -34 27 -31 55 -24 -85 -35 28 -35 27 -23 22 -23 -33 -29 52 -22 10 -23 -21 -25 -2 -28 -79 -28 17 -29 -9 -29 -54 -19 12 -30 -86 5 -18 -19 53 3 -51 -27 -28 -12 -43 -19 -29 -30 44 -28 -7 -24 20 -27 -11 -14 -6 -14 -38 -31 -59 -31 -54 -15 -19 -35 69 -31 -25 -34 48 4 32 -17 -5 -10 -40 -13 -38 -8 -20 -28 -86 -10 -20 -40 -30 -7 -23 -35 -61 -12 -26 -22 -38 -5 -12 -2 8 -14 -45 -8 29 -10 -11 -14 -89 -5 -10 -15 -72 -43 -69 -38 63 -3 -29 -37 47 -19 -53 -43 -68 -16 -58 -22 49 6 13 -4 -46 -28 20 -14 10 -12 -97 -16 40 -37 22 -33 8 -29 -48 -13 17 6 12 -21 -32 -25 -25 -22 -24 -33 5 -17 44 -22 34 -16 39 4 -5 -1 60 -3 43 -8 36 -23 7 -7 37 -27 44 -10 -21 -21 -94 -3 -20 -11 10 -28 -23 -29 -90 -3 -8 -11 -2 -17 -20 -9 48 -4 19 -31 37 -8 44 -16 -2 -19 6 -5 60 -11 -31 -29 54 -9 -35 -15 8 -18 17 -31 8 -7 -6 5 41 -3 -25 -6 -36 -3 -40 -7 -26 -29 -26 -26 31 1 -30 -6 -26 6 2 -24 49 0 -15 1 -57 -1 5 0 15 -25 -43 -24 -34 8 -74 -17 15 -23 -42 -20 -63 -20 -76 3 -10 -21 -93 4 -19 -20 -89 -15 27 3 -13 -14 37 -15 -63 9 4 13 19 -9 -34 -10 53 -7 52 1 44 0 -15 1 -29 8 -27 -4 55 9 -1 0 -46 -4 -66 10 -24 5 44 -1 -3 5 -73 -2 -70 1 56 
124 5 2 0 0.25 1 -2 77 3 0.979592 12 11 -51 -35 -76 -36 -32 11 23 -41 62 -35 -19 -5 16 -39 -17 -29 -33 -43 -1 -8 25 -39 -43 
125 5 3 0 0.956522 11 2 74 -4 66 -4 64 -13 67 0 50 -10 68 -16 68 -17 56 -11 52 -11 56 -24 58 1 0.25 1 -12 -39 3 0.25 1 10 -34 
126 5 3 0 0.0322581 6 -13 76 -13 77 13 -92 21 -92 -8 75 -7 76 1 0.975213 659 -7 -36 -4 -37 -5 -39 -15 -39 -3 -37 -7 -37 -16 -39 -11 -31 -5 -39 -14 -38 -10 -23 -6 -30 -9 -24 -9 -22 -10 -14 -11 -16 -8 -23 -11 -3 -6 2 -12 -14 -14 -28 -6 -23 -9 -7 -5 -27 -8 1 -12 -19 -6 11 -7 21 -13 -11 -12 -29 -7 23 -9 -9 14 29 -10 -13 -10 -24 -9 -18 -7 -9 -9 -16 -11 -30 -10 1 -9 -27 -10 -27 -9 -18 -5 9 -9 -20 -9 8 -7 1 -3 4 -16 -34 -6 10 -9 -37 -7 8 -7 -18 -9 -7 -5 -18 -9 6 -14 -4 -4 14 -11 -24 -8 7 -12 -27 -5 -1 -3 5 -3 11 -15 -24 -12 -10 -5 26 -16 -9 -5 -29 -11 -34 -12 -6 -11 -10 -9 -7 -12 -22 -12 -6 -14 -17 -15 -5 -2 7 -6 -4 -4 23 -9 14 -12 19 -5 -7 -3 -4 -4 -31 -5 -16 -2 9 -10 -25 -6 17 -9 9 -12 -23 -16 -29 -12 25 -11 10 -10 -38 -15 -12 -16 -23 -4 -13 -13 13 -6 22 -4 -33 -9 -35 -15 -27 -8 -18 -13 -19 -6 -1 -11 -32 -13 -19 -11 12 -6 -9 -13 -21 -8 18 -9 15 -15 -18 -11 25 -7 22 -9 -27 -4 -23 -6 -6 -10 -22 -8 29 -3 13 -13 -26 -9 -4 -5 -7 -2 -20 -11 -36 -3 -27 -10 13 -16 -18 -13 -5 -5 -29 -2 17 -9 -12 -11 -21 -5 19 -9 7 -10 29 -14 -17 -16 -34 -5 -37 -15 17 -13 -18 -12 -14 -10 7 -9 -1 -8 -37 -5 -14 -8 9 -12 -36 -14 -32 -16 -35 -12 20 -11 -30 -4 -14 -15 -18 -10 24 -6 16 -10 18 -16 24 -5 15 -14 24 -5 33 -12 7 -8 -28 -10 16 -9 18 -5 28 -7 16 -11 19 -11 11 -8 -20 -2 24 -3 -36 -11 8 0 11 -12 -19 -7 22 -10 -9 -8 31 -11 22 -1 1 -9 14 -13 -6 -4 26 -16 -32 -4 -20 -11 18 -13 -3 -5 10 -12 16 -4 16 -9 23 -2 23 -16 19 -2 -7 -12 21 -9 21 -9 23 0 -8 -13 5 -13 -31 -7 9 -12 8 -3 -4 -13 3 -6 19 -11 2 -11 14 -7 10 -1 -17 -5 -23 -2 -12 -7 23 -15 -8 -2 -13 0 -4 -5 6 -1 27 -6 -18 -4 8 -14 6 -14 9 -15 -32 -3 -18 -1 -37 -15 22 0 17 -16 4 -10 22 -15 17 -14 -32 -6 -12 -6 32 -11 22 1 9 -4 23 -15 20 -10 16 -11 24 -9 -4 -4 -24 0 -15 0 -21 -2 -11 -16 -17 1 -11 1 11 -14 -19 -4 0 -1 23 -4 21 -5 24 0 -27 -14 -16 -14 15 -4 -6 -8 -13 -7 -4 -8 29 -15 -19 -14 -6 -6 -25 -3 9 -12 17 1 2 -11 -35 -2 -39 -3 6 -15 7 -13 27 -2 14 -14 -4 -15 15 -1 -36 1 3 2 -5 -13 31 -13 19 -7 30 -13 8 -6 -4 -4 25 -15 15 -3 24 -15 -11 -5 -14 -15 -22 -15 16 -9 -36 -4 18 2 18 -1 -37 -15 10 -2 -4 -13 18 -1 -32 -14 -1 -2 -37 -16 14 2 -9 -13 10 1 20 -1 -33 -7 34 2 -21 -14 3 -13 12 -15 31 -11 32 0 -38 -2 5 -3 14 -10 35 -2 -24 -4 -19 -4 -24 -5 35 -14 16 -16 15 -16 3 -16 15 -16 16 -14 17 2 5 -13 27 -3 -4 2 -4 2 -5 -15 34 -16 10 2 8 -14 18 -10 38 2 -30 2 -25 3 15 0 11 -5 -23 0 15 -1 -2 0 -39 -6 34 -2 26 -16 22 3 -3 -13 29 -15 13 -10 35 -16 20 3 -5 4 -12 3 17 -12 31 -6 36 -7 37 -12 30 -8 32 1 20 4 -19 2 24 -13 30 -14 31 3 4 3 26 2 -24 -1 23 3 -33 1 -9 0 -6 4 -18 -7 35 0 -8 0 -25 -14 33 3 -18 -16 17 -1 25 4 -15 0 33 -4 33 -15 32 2 -3 -13 33 -1 24 -13 34 2 25 4 -4 3 15 0 -28 -15 32 1 31 0 16 4 26 1 32 4 20 3 -6 1 22 4 -25 5 -16 -1 -20 0 31 4 29 -12 34 -13 38 1 -16 1 6 1 6 1 13 1 -34 -2 32 4 -21 13 33 1 4 1 -12 -2 38 1 22 1 13 2 27 1 34 1 -6 -13 36 3 -32 -1 -16 3 20 -7 37 2 9 3 23 2 3 5 28 6 -25 4 13 0 -24 2 -34 5 25 2 -30 2 5 5 -12 2 -18 4 20 2 -29 3 4 4 -35 -14 37 3 5 0 -27 6 -13 13 39 2 -24 4 -30 2 10 6 10 3 35 3 -35 6 14 3 30 5 -2 6 19 -16 34 5 -29 -16 37 -13 36 3 -22 6 -8 4 -34 3 12 3 5 -16 32 -16 33 3 22 4 -9 7 -23 6 19 2 -37 -12 39 6 23 -14 38 5 -31 6 17 0 36 6 -34 0 37 4 20 6 16 5 4 7 -27 -15 35 7 -15 6 -15 -14 39 6 -13 6 24 6 -5 6 31 6 25 7 -31 4 -5 4 15 6 11 7 15 -15 39 7 23 5 -13 7 6 6 3 5 14 7 26 7 -27 5 6 5 18 5 20 5 28 5 2 5 -33 7 -5 5 14 6 -33 6 4 5 -2 8 -14 5 26 6 33 8 -1 1 38 7 26 5 -37 6 -28 7 22 7 0 8 20 6 -19 6 16 7 19 6 14 5 38 6 -37 8 -10 9 -3 7 -27 7 -1 13 28 7 -33 9 -15 6 26 9 20 7 -8 6 32 7 10 9 22 6 -38 8 12 7 5 7 -15 9 11 10 -10 6 30 5 34 6 31 7 -10 8 33 7 -30 7 -38 10 -18 10 23 8 25 7 -35 10 6 8 -29 10 7 10 -5 10 -25 8 -37 10 15 7 30 7 -38 9 32 10 28 8 29 9 3 9 -37 9 16 9 -9 8 39 11 0 8 -29 11 -7 10 0 10 -1 9 8 9 36 9 -16 8 29 11 -14 14 -7 10 26 9 12 11 14 11 0 11 9 8 31 11 20 11 -32 10 7 11 29 11 -7 12 28 11 26 10 15 9 -29 12 -9 10 -20 12 -1 11 27 12 25 9 18 11 -35 13 3 12 -8 12 -34 11 24 11 30 13 6 11 -11 13 26 11 -11 10 33 11 -31 13 -26 12 -5 12 0 13 1 13 -28 14 -5 12 -27 13 24 13 8 12 7 12 16 12 9 11 18 12 4 12 9 12 14 13 -24 12 -22 9 38 14 11 14 -23 14 19 12 26 11 33 13 -36 14 -16 14 3 14 -35 15 16 15 26 12 38 14 33 3 0.268427 61 8 36 -1 -64 -35 92 9 48 -11 65 -22 24 -19 34 -19 -52 -19 -9 -13 26 -19 -19 -12 -48 -11 -81 -19 -79 -23 -99 -11 28 -10 -84 -20 54 -25 -33 -10 -19 -11 7 -25 -41 -19 -92 -17 13 -26 -43 -22 -80 -24 -72 -13 52 -15 -23 -2 -24 -21 -87 -1 3 -11 -28 -14 12 -18 32 -8 4 -12 4 -20 -93 0 0 -2 -39 -4 -7 -6 -78 -8 -37 -16 -43 -34 60 3 -41 -9 8 -20 -24 -7 1 4 1 2 -96 -2 -76 -43 -2 -14 1 -3 -78 -18 57 10 -62 -8 -76 -14 -55 21 65 -5 42 
127 5 2 1 0.666667 4 8 10 6 -25 5 10 6 -34 3 0.888889 8 -11 29 1 -59 7 17 1 2 -8 25 -11 -71 6 -16 -6 25 
128 5 2 1 0.1 1 7 -26 3 0.993103 36 -14 -22 -8 14 -10 -26 -14 -27 -14 -66 -7 -13 -13 -10 -7 48 -4 5 -8 -42 12 -5 -7 -23 0 -1 3 -3 6 8 -9 38 -6 -38 -10 -10 -2 -98 -1 61 6 -40 0 59 9 -23 0 -47 -7 -69 0 -52 -11 -99 8 -4 -2 52 -2 33 10 -40 -37 29 -5 79 -2 82 -34 74 13 23 
129 5 3 0 0.4 1 -14 63 3 0.4 1 -40 37 4 0.909091 5 -23 42 -21 -37 -25 37 -22 29 -22 26 
130 5 4 0 0.695652 4 -12 71 -11 71 -4 74 -5 73 2 0.470588 2 -11 -22 -11 -32 3 0.6 3 -21 80 15 83 -8 28 4 0.470588 2 -21 -9 25 -14 
131 5 2 1 0.121212 1 -2 -37 3 0.991453 29 -5 -78 -5 75 3 -55 -3 -81 10 28 9 26 -19 83 -33 -14 13 38 7 -63 13 21 8 -55 -19 -57 14 83 11 83 -3 80 -9 84 -13 81 -13 80 -31 37 -22 85 -42 -4 -42 -27 -41 -7 -22 82 -29 81 -29 82 -34 -15 -36 -28 
132 5 3 0 0.705882 3 -18 8 -21 -90 -12 -91 1 0.705882 3 -4 -38 -6 -31 -7 -30 3 0.571429 2 1 -94 -33 10 
133 5 2 0 0.97561 20 1 59 2 56 -4 62 -23 61 -6 60 -12 63 -5 72 -3 69 6 68 -8 72 -8 63 -13 73 0 63 -6 66 -10 67 -9 67 -13 68 -16 68 -21 -92 -7 71 4 0.285714 2 22 -42 2 -45 
134 5 4 0 0.2 1 -21 75 2 0.2 1 -11 -24 3 0.347826 2 -3 38 -30 35 4 0.928571 13 -23 5 -21 29 -21 -9 -23 21 -15 -37 -16 -28 -16 -18 -21 28 -19 11 -18 25 -24 17 -24 23 -24 28 
