10 135 0
0 0 -1 16 18 2 2 33 20 10 15 32 -6815 
1 1 -1 16 16 0 1 45 35 2 9 32 -1833 
2 1 -1 21 7 19 11 46 40 1 1 32 3446 
3 2 0 0 0 0 0 0 0 0 0 0 0 
4 2 -1 1 20 0 9 44 32 2 7 32 -1388 
5 2 -1 21 4 0 0 47 17 0 0 18 12 
6 2 -1 5 6 0 0 17 36 0 0 0 -25 
7 3 0 0 0 0 0 0 0 0 0 0 0 
8 3 0 0 0 0 0 0 0 0 0 0 0 
9 3 -1 18 20 8 15 46 39 1 6 32 1766 
10 3 -1 5 21 19 7 38 35 2 4 32 12438 
11 3 -1 8 7 4 22 18 43 20 3 32 -418 
12 3 -1 4 37 0 0 36 28 0 0 18 20 
13 3 -1 3 16 22 0 35 41 8 3 32 -794 
14 3 -1 18 20 0 16 41 45 3 1 32 -60 
15 4 0 0 0 0 0 0 0 0 0 0 0 
16 4 0 0 0 0 0 0 0 0 0 0 0 
17 4 0 0 0 0 0 0 0 0 0 0 0 
18 4 0 0 0 0 0 0 0 0 0 0 0 
19 4 -1 3 18 16 17 28 37 15 10 32 -11569 
20 4 4 0 0 0 0 0 0 0 0 0 0 
21 4 -1 19 12 3 3 34 17 6 3 32 -1149 
22 4 42 0 0 0 0 0 0 0 0 0 0 
23 4 -1 13 4 6 8 39 28 7 9 32 -2413 
24 4 -1 13 0 8 11 31 33 1 10 32 71 
25 4 -1 18 7 3 1 42 44 3 1 32 -157 
26 4 -1 1 7 0 0 41 41 0 0 16 36 
27 4 -1 12 8 15 5 35 46 2 1 32 3188 
28 4 -1 9 11 13 4 29 35 13 12 32 -261 
29 4 -1 2 10 0 0 33 33 0 0 17 21 
30 4 -1 19 6 19 20 42 37 3 2 32 11414 
31 5 0 0 0 0 0 0 0 0 0 0 0 
32 5 0 0 0 0 0 0 0 0 0 0 0 
33 5 0 0 0 0 0 0 0 0 0 0 0 
34 5 0 0 0 0 0 0 0 0 0 0 0 
35 5 0 0 0 0 0 0 0 0 0 0 0 
36 5 0 0 0 0 0 0 0 0 0 0 0 
37 5 0 0 0 0 0 0 0 0 0 0 0 
38 5 0 0 0 0 0 0 0 0 0 0 0 
39 5 -1 17 19 6 19 26 41 15 1 32 -1423 
40 5 3 0 0 0 0 0 0 0 0 0 0 
41 5 0 0 0 0 0 0 0 0 0 0 0 
42 5 0 0 0 0 0 0 0 0 0 0 0 
43 5 -1 7 15 19 2 46 28 1 7 32 2074 
44 5 -1 17 10 16 22 41 32 5 8 32 29039 
45 5 0 0 0 0 0 0 0 0 0 0 0 
46 5 0 0 0 0 0 0 0 0 0 0 0 
47 5 43 0 0 0 0 0 0 0 0 0 0 
48 5 -1 1 21 0 16 19 41 26 5 32 -3934 
49 5 -1 41 22 0 0 2 32 0 0 16 -37 
50 5 -1 0 5 15 14 33 33 10 13 32 8174 
51 5 -1 17 5 4 3 39 41 2 2 32 -182 
52 5 -1 21 8 0 0 38 26 0 0 0 56 
53 5 -1 0 35 0 0 26 27 0 0 1 -24 
54 5 85 0 0 0 0 0 0 0 0 0 0 
55 5 -1 16 12 0 0 0 24 0 0 5 37 
56 5 92 0 0 0 0 0 0 0 0 0 0 
57 5 -1 17 13 20 0 37 41 4 3 32 -321 
58 5 95 0 0 0 0 0 0 0 0 0 0 
59 5 -1 15 4 2 2 28 6 2 31 32 -1933 
60 5 -1 16 3 17 0 38 12 2 32 32 -2228 
61 5 -1 17 6 5 4 41 20 6 11 32 -1276 
62 5 -1 18 22 2 5 22 46 12 1 32 223 
63 6 0 0 0 0 0 0 0 0 0 0 0 
64 6 0 0 0 0 0 0 0 0 0 0 0 
65 6 0 0 0 0 0 0 0 0 0 0 0 
66 6 0 0 0 0 0 0 0 0 0 0 0 
67 6 0 0 0 0 0 0 0 0 0 0 0 
68 6 0 0 0 0 0 0 0 0 0 0 0 
69 6 0 0 0 0 0 0 0 0 0 0 0 
70 6 0 0 0 0 0 0 0 0 0 0 0 
71 6 0 0 0 0 0 0 0 0 0 0 0 
72 6 0 0 0 0 0 0 0 0 0 0 0 
73 6 0 0 0 0 0 0 0 0 0 0 0 
74 6 0 0 0 0 0 0 0 0 0 0 0 
75 6 0 0 0 0 0 0 0 0 0 0 0 
76 6 0 0 0 0 0 0 0 0 0 0 0 
77 6 0 0 0 0 0 0 0 0 0 0 0 
78 6 0 0 0 0 0 0 0 0 0 0 0 
79 6 1 0 0 0 0 0 0 0 0 0 0 
80 6 2 0 0 0 0 0 0 0 0 0 0 
81 6 0 0 0 0 0 0 0 0 0 0 0 
82 6 0 0 0 0 0 0 0 0 0 0 0 
83 6 0 0 0 0 0 0 0 0 0 0 0 
84 6 0 0 0 0 0 0 0 0 0 0 0 
85 6 0 0 0 0 0 0 0 0 0 0 0 
86 6 0 0 0 0 0 0 0 0 0 0 0 
87 6 -1 2 22 0 0 40 23 0 0 16 7 
88 6 -1 2 42 0 0 28 15 0 0 11 -6 
89 6 -1 11 0 1 13 26 37 11 3 32 -3273 
90 6 -1 6 12 8 8 27 21 6 14 32 -1835 
91 6 0 0 0 0 0 0 0 0 0 0 0 
92 6 0 0 0 0 0 0 0 0 0 0 0 
93 6 0 0 0 0 0 0 0 0 0 0 0 
94 6 0 0 0 0 0 0 0 0 0 0 0 
95 6 0 0 0 0 0 0 0 0 0 0 0 
96 6 0 0 0 0 0 0 0 0 0 0 0 
97 6 -1 23 32 0 0 26 21 0 0 12 80 
98 6 -1 17 22 9 18 43 43 3 2 32 207 
99 6 -1 22 10 0 20 45 43 2 1 32 -143 
100 6 -1 15 21 5 12 37 39 8 5 32 1121 
101 6 -1 37 46 0 0 16 3 0 0 17 -19 
102 6 70 0 0 0 0 0 0 0 0 0 0 
103 6 71 0 0 0 0 0 0 0 0 0 0 
104 6 72 0 0 0 0 0 0 0 0 0 0 
105 6 -1 39 5 0 0 15 23 0 0 2 -1 
106 6 -1 29 1 0 0 25 16 0 0 10 -22 
107 6 83 0 0 0 0 0 0 0 0 0 0 
108 6 84 0 0 0 0 0 0 0 0 0 0 
109 6 0 0 0 0 0 0 0 0 0 0 0 
110 6 0 0 0 0 0 0 0 0 0 0 0 
111 6 -1 7 19 0 0 32 3 0 0 16 -89 
112 6 91 0 0 0 0 0 0 0 0 0 0 
113 6 0 0 0 0 0 0 0 0 0 0 0 
114 6 0 0 0 0 0 0 0 0 0 0 0 
115 6 93 0 0 0 0 0 0 0 0 0 0 
116 6 94 0 0 0 0 0 0 0 0 0 0 
117 6 0 0 0 0 0 0 0 0 0 0 0 
118 6 0 0 0 0 0 0 0 0 0 0 0 
119 6 -1 7 1 0 16 38 23 6 21 32 -4968 
120 6 -1 9 16 9 13 28 32 2 3 32 3007 
121 6 119 0 0 0 0 0 0 0 0 0 0 
122 6 -1 14 11 0 10 37 45 3 1 32 -69 
123 6 -1 6 5 15 22 41 42 2 2 32 9585 
124 6 126 0 0 0 0 0 0 0 0 0 0 
125 6 -1 10 7 1 0 28 29 12 6 32 -2318 
126 6 -1 3 3 8 2 20 13 4 29 32 -3365 
127 7 0 0 0 0 0 0 0 0 0 0 0 
128 7 0 0 0 0 0 0 0 0 0 0 0 
129 7 0 0 0 0 0 0 0 0 0 0 0 
130 7 0 0 0 0 0 0 0 0 0 0 0 
131 7 0 0 0 0 0 0 0 0 0 0 0 
132 7 0 0 0 0 0 0 0 0 0 0 0 
133 7 0 0 0 0 0 0 0 0 0 0 0 
134 7 0 0 0 0 0 0 0 0 0 0 0 
135 7 0 0 0 0 0 0 0 0 0 0 0 
136 7 0 0 0 0 0 0 0 0 0 0 0 
137 7 0 0 0 0 0 0 0 0 0 0 0 
138 7 0 0 0 0 0 0 0 0 0 0 0 
139 7 0 0 0 0 0 0 0 0 0 0 0 
140 7 0 0 0 0 0 0 0 0 0 0 0 
141 7 0 0 0 0 0 0 0 0 0 0 0 
142 7 0 0 0 0 0 0 0 0 0 0 0 
143 7 0 0 0 0 0 0 0 0 0 0 0 
144 7 0 0 0 0 0 0 0 0 0 0 0 
145 7 0 0 0 0 0 0 0 0 0 0 0 
146 7 0 0 0 0 0 0 0 0 0 0 0 
147 7 0 0 0 0 0 0 0 0 0 0 0 
148 7 0 0 0 0 0 0 0 0 0 0 0 
149 7 0 0 0 0 0 0 0 0 0 0 0 
150 7 0 0 0 0 0 0 0 0 0 0 0 
151 7 0 0 0 0 0 0 0 0 0 0 0 
152 7 0 0 0 0 0 0 0 0 0 0 0 
153 7 0 0 0 0 0 0 0 0 0 0 0 
154 7 0 0 0 0 0 0 0 0 0 0 0 
155 7 0 0 0 0 0 0 0 0 0 0 0 
156 7 0 0 0 0 0 0 0 0 0 0 0 
157 7 0 0 0 0 0 0 0 0 0 0 0 
158 7 0 0 0 0 0 0 0 0 0 0 0 
159 7 0 0 0 0 0 0 0 0 0 0 0 
160 7 0 0 0 0 0 0 0 0 0 0 0 
161 7 0 0 0 0 0 0 0 0 0 0 0 
162 7 0 0 0 0 0 0 0 0 0 0 0 
163 7 0 0 0 0 0 0 0 0 0 0 0 
164 7 0 0 0 0 0 0 0 0 0 0 0 
165 7 0 0 0 0 0 0 0 0 0 0 0 
166 7 0 0 0 0 0 0 0 0 0 0 0 
167 7 0 0 0 0 0 0 0 0 0 0 0 
168 7 0 0 0 0 0 0 0 0 0 0 0 
169 7 0 0 0 0 0 0 0 0 0 0 0 
170 7 0 0 0 0 0 0 0 0 0 0 0 
171 7 0 0 0 0 0 0 0 0 0 0 0 
172 7 0 0 0 0 0 0 0 0 0 0 0 
173 7 0 0 0 0 0 0 0 0 0 0 0 
174 7 0 0 0 0 0 0 0 0 0 0 0 
175 7 -1 38 18 0 0 7 46 0 0 19 1 
176 7 -1 3 10 6 16 33 32 10 6 32 -3584 
177 7 -1 16 15 20 3 42 27 5 9 32 735 
178 7 -1 29 12 0 0 4 4 0 0 5 9 
179 7 -1 15 18 11 3 45 43 1 2 32 1818 
180 7 -1 16 5 4 5 37 11 9 27 32 -12606 
181 7 -1 17 15 19 8 37 25 1 11 32 13819 
182 7 -1 7 11 7 6 29 19 15 17 32 -18392 
183 7 0 0 0 0 0 0 0 0 0 0 0 
184 7 0 0 0 0 0 0 0 0 0 0 0 
185 7 0 0 0 0 0 0 0 0 0 0 0 
186 7 0 0 0 0 0 0 0 0 0 0 0 
187 7 0 0 0 0 0 0 0 0 0 0 0 
188 7 0 0 0 0 0 0 0 0 0 0 0 
189 7 0 0 0 0 0 0 0 0 0 0 0 
190 7 0 0 0 0 0 0 0 0 0 0 0 
191 7 0 0 0 0 0 0 0 0 0 0 0 
192 7 0 0 0 0 0 0 0 0 0 0 0 
193 7 0 0 0 0 0 0 0 0 0 0 0 
194 7 0 0 0 0 0 0 0 0 0 0 0 
195 7 44 0 0 0 0 0 0 0 0 0 0 
196 7 45 0 0 0 0 0 0 0 0 0 0 
197 7 -1 14 13 15 1 45 34 2 13 32 -261 
198 7 -1 21 4 22 16 46 20 1 21 32 4435 
199 7 -1 16 9 0 0 39 16 0 0 17 6 
200 7 -1 42 27 0 0 24 25 0 0 0 -16 
201 7 -1 10 25 0 0 41 21 0 0 4 -9 
202 7 67 0 0 0 0 0 0 0 0 0 0 
203 7 68 0 0 0 0 0 0 0 0 0 0 
204 7 69 0 0 0 0 0 0 0 0 0 0 
205 7 0 0 0 0 0 0 0 0 0 0 0 
206 7 0 0 0 0 0 0 0 0 0 0 0 
207 7 0 0 0 0 0 0 0 0 0 0 0 
208 7 0 0 0 0 0 0 0 0 0 0 0 
209 7 0 0 0 0 0 0 0 0 0 0 0 
210 7 0 0 0 0 0 0 0 0 0 0 0 
211 7 -1 26 32 0 0 44 25 0 0 17 1 
212 7 -1 45 16 0 0 7 24 0 0 16 -26 
213 7 81 0 0 0 0 0 0 0 0 0 0 
214 7 82 0 0 0 0 0 0 0 0 0 0 
215 7 0 0 0 0 0 0 0 0 0 0 0 
216 7 0 0 0 0 0 0 0 0 0 0 0 
217 7 0 0 0 0 0 0 0 0 0 0 0 
218 7 0 0 0 0 0 0 0 0 0 0 0 
219 7 0 0 0 0 0 0 0 0 0 0 0 
220 7 0 0 0 0 0 0 0 0 0 0 0 
221 7 0 0 0 0 0 0 0 0 0 0 0 
222 7 0 0 0 0 0 0 0 0 0 0 0 
223 7 86 0 0 0 0 0 0 0 0 0 0 
224 7 -1 1 3 20 21 28 26 15 12 32 8551 
225 7 0 0 0 0 0 0 0 0 0 0 0 
226 7 0 0 0 0 0 0 0 0 0 0 0 
227 7 0 0 0 0 0 0 0 0 0 0 0 
228 7 0 0 0 0 0 0 0 0 0 0 0 
229 7 0 0 0 0 0 0 0 0 0 0 0 
230 7 0 0 0 0 0 0 0 0 0 0 0 
231 7 0 0 0 0 0 0 0 0 0 0 0 
232 7 0 0 0 0 0 0 0 0 0 0 0 
233 7 0 0 0 0 0 0 0 0 0 0 0 
234 7 0 0 0 0 0 0 0 0 0 0 0 
235 7 0 0 0 0 0 0 0 0 0 0 0 
236 7 0 0 0 0 0 0 0 0 0 0 0 
237 7 0 0 0 0 0 0 0 0 0 0 0 
238 7 0 0 0 0 0 0 0 0 0 0 0 
239 7 -1 18 19 22 1 44 38 3 5 32 215 
240 7 -1 5 3 22 12 30 33 1 9 32 10093 
241 7 -1 14 1 8 7 43 12 1 21 32 743 
242 7 -1 13 3 0 12 46 18 1 28 32 -1777 
243 7 0 0 0 0 0 0 0 0 0 0 0 
244 7 0 0 0 0 0 0 0 0 0 0 0 
245 7 120 0 0 0 0 0 0 0 0 0 0 
246 7 121 0 0 0 0 0 0 0 0 0 0 
247 7 -1 18 42 0 0 4 1 0 0 2 -19 
248 7 125 0 0 0 0 0 0 0 0 0 0 
249 7 0 0 0 0 0 0 0 0 0 0 0 
250 7 0 0 0 0 0 0 0 0 0 0 0 
251 7 -1 2 10 16 5 27 22 19 15 32 -7123 
252 7 -1 8 0 15 0 46 45 1 1 32 -37 
253 7 -1 5 2 0 0 5 24 0 0 4 -19 
254 7 134 0 0 0 0 0 0 0 0 0 0 
255 8 0 0 0 0 0 0 0 0 0 0 0 
256 8 0 0 0 0 0 0 0 0 0 0 0 
257 8 0 0 0 0 0 0 0 0 0 0 0 
258 8 0 0 0 0 0 0 0 0 0 0 0 
259 8 0 0 0 0 0 0 0 0 0 0 0 
260 8 0 0 0 0 0 0 0 0 0 0 0 
261 8 0 0 0 0 0 0 0 0 0 0 0 
262 8 0 0 0 0 0 0 0 0 0 0 0 
263 8 0 0 0 0 0 0 0 0 0 0 0 
264 8 0 0 0 0 0 0 0 0 0 0 0 
265 8 0 0 0 0 0 0 0 0 0 0 0 
266 8 0 0 0 0 0 0 0 0 0 0 0 
267 8 0 0 0 0 0 0 0 0 0 0 0 
268 8 0 0 0 0 0 0 0 0 0 0 0 
269 8 0 0 0 0 0 0 0 0 0 0 0 
270 8 0 0 0 0 0 0 0 0 0 0 0 
271 8 0 0 0 0 0 0 0 0 0 0 0 
272 8 0 0 0 0 0 0 0 0 0 0 0 
273 8 0 0 0 0 0 0 0 0 0 0 0 
274 8 0 0 0 0 0 0 0 0 0 0 0 
275 8 0 0 0 0 0 0 0 0 0 0 0 
276 8 0 0 0 0 0 0 0 0 0 0 0 
277 8 0 0 0 0 0 0 0 0 0 0 0 
278 8 0 0 0 0 0 0 0 0 0 0 0 
279 8 0 0 0 0 0 0 0 0 0 0 0 
280 8 0 0 0 0 0 0 0 0 0 0 0 
281 8 0 0 0 0 0 0 0 0 0 0 0 
282 8 0 0 0 0 0 0 0 0 0 0 0 
283 8 0 0 0 0 0 0 0 0 0 0 0 
284 8 0 0 0 0 0 0 0 0 0 0 0 
285 8 0 0 0 0 0 0 0 0 0 0 0 
286 8 0 0 0 0 0 0 0 0 0 0 0 
287 8 0 0 0 0 0 0 0 0 0 0 0 
288 8 0 0 0 0 0 0 0 0 0 0 0 
289 8 0 0 0 0 0 0 0 0 0 0 0 
290 8 0 0 0 0 0 0 0 0 0 0 0 
291 8 0 0 0 0 0 0 0 0 0 0 0 
292 8 0 0 0 0 0 0 0 0 0 0 0 
293 8 0 0 0 0 0 0 0 0 0 0 0 
294 8 0 0 0 0 0 0 0 0 0 0 0 
295 8 0 0 0 0 0 0 0 0 0 0 0 
296 8 0 0 0 0 0 0 0 0 0 0 0 
297 8 0 0 0 0 0 0 0 0 0 0 0 
298 8 0 0 0 0 0 0 0 0 0 0 0 
299 8 0 0 0 0 0 0 0 0 0 0 0 
300 8 0 0 0 0 0 0 0 0 0 0 0 
301 8 0 0 0 0 0 0 0 0 0 0 0 
302 8 0 0 0 0 0 0 0 0 0 0 0 
303 8 0 0 0 0 0 0 0 0 0 0 0 
304 8 0 0 0 0 0 0 0 0 0 0 0 
305 8 0 0 0 0 0 0 0 0 0 0 0 
306 8 0 0 0 0 0 0 0 0 0 0 0 
307 8 0 0 0 0 0 0 0 0 0 0 0 
308 8 0 0 0 0 0 0 0 0 0 0 0 
309 8 0 0 0 0 0 0 0 0 0 0 0 
310 8 0 0 0 0 0 0 0 0 0 0 0 
311 8 0 0 0 0 0 0 0 0 0 0 0 
312 8 0 0 0 0 0 0 0 0 0 0 0 
313 8 0 0 0 0 0 0 0 0 0 0 0 
314 8 0 0 0 0 0 0 0 0 0 0 0 
315 8 0 0 0 0 0 0 0 0 0 0 0 
316 8 0 0 0 0 0 0 0 0 0 0 0 
317 8 0 0 0 0 0 0 0 0 0 0 0 
318 8 0 0 0 0 0 0 0 0 0 0 0 
319 8 0 0 0 0 0 0 0 0 0 0 0 
320 8 0 0 0 0 0 0 0 0 0 0 0 
321 8 0 0 0 0 0 0 0 0 0 0 0 
322 8 0 0 0 0 0 0 0 0 0 0 0 
323 8 0 0 0 0 0 0 0 0 0 0 0 
324 8 0 0 0 0 0 0 0 0 0 0 0 
325 8 0 0 0 0 0 0 0 0 0 0 0 
326 8 0 0 0 0 0 0 0 0 0 0 0 
327 8 0 0 0 0 0 0 0 0 0 0 0 
328 8 0 0 0 0 0 0 0 0 0 0 0 
329 8 0 0 0 0 0 0 0 0 0 0 0 
330 8 0 0 0 0 0 0 0 0 0 0 0 
331 8 0 0 0 0 0 0 0 0 0 0 0 
332 8 0 0 0 0 0 0 0 0 0 0 0 
333 8 0 0 0 0 0 0 0 0 0 0 0 
334 8 0 0 0 0 0 0 0 0 0 0 0 
335 8 0 0 0 0 0 0 0 0 0 0 0 
336 8 0 0 0 0 0 0 0 0 0 0 0 
337 8 0 0 0 0 0 0 0 0 0 0 0 
338 8 0 0 0 0 0 0 0 0 0 0 0 
339 8 0 0 0 0 0 0 0 0 0 0 0 
340 8 0 0 0 0 0 0 0 0 0 0 0 
341 8 0 0 0 0 0 0 0 0 0 0 0 
342 8 0 0 0 0 0 0 0 0 0 0 0 
343 8 0 0 0 0 0 0 0 0 0 0 0 
344 8 0 0 0 0 0 0 0 0 0 0 0 
345 8 0 0 0 0 0 0 0 0 0 0 0 
346 8 0 0 0 0 0 0 0 0 0 0 0 
347 8 0 0 0 0 0 0 0 0 0 0 0 
348 8 0 0 0 0 0 0 0 0 0 0 0 
349 8 0 0 0 0 0 0 0 0 0 0 0 
350 8 0 0 0 0 0 0 0 0 0 0 0 
351 8 -1 47 45 0 0 23 44 0 0 4 140 
352 8 8 0 0 0 0 0 0 0 0 0 0 
353 8 -1 21 16 0 5 40 35 5 1 32 -553 
354 8 12 0 0 0 0 0 0 0 0 0 0 
355 8 -1 8 18 15 12 31 34 9 10 32 10761 
356 8 15 0 0 0 0 0 0 0 0 0 0 
357 8 -1 30 6 0 0 35 3 0 0 9 23 
358 8 18 0 0 0 0 0 0 0 0 0 0 
359 8 19 0 0 0 0 0 0 0 0 0 0 
360 8 -1 44 30 0 0 17 44 0 0 12 -18 
361 8 -1 5 5 0 0 45 40 0 0 16 -14 
362 8 -1 4 17 1 14 11 43 17 4 32 -795 
363 8 -1 7 16 11 0 44 21 3 11 32 -3999 
364 8 -1 20 22 0 0 46 32 0 0 11 32 
365 8 -1 15 14 14 3 30 34 5 2 32 2936 
366 8 -1 13 2 5 18 35 33 11 14 32 5585 
367 8 0 0 0 0 0 0 0 0 0 0 0 
368 8 0 0 0 0 0 0 0 0 0 0 0 
369 8 0 0 0 0 0 0 0 0 0 0 0 
370 8 0 0 0 0 0 0 0 0 0 0 0 
371 8 0 0 0 0 0 0 0 0 0 0 0 
372 8 0 0 0 0 0 0 0 0 0 0 0 
373 8 0 0 0 0 0 0 0 0 0 0 0 
374 8 0 0 0 0 0 0 0 0 0 0 0 
375 8 0 0 0 0 0 0 0 0 0 0 0 
376 8 0 0 0 0 0 0 0 0 0 0 0 
377 8 0 0 0 0 0 0 0 0 0 0 0 
378 8 0 0 0 0 0 0 0 0 0 0 0 
379 8 0 0 0 0 0 0 0 0 0 0 0 
380 8 0 0 0 0 0 0 0 0 0 0 0 
381 8 0 0 0 0 0 0 0 0 0 0 0 
382 8 0 0 0 0 0 0 0 0 0 0 0 
383 8 0 0 0 0 0 0 0 0 0 0 0 
384 8 0 0 0 0 0 0 0 0 0 0 0 
385 8 0 0 0 0 0 0 0 0 0 0 0 
386 8 0 0 0 0 0 0 0 0 0 0 0 
387 8 0 0 0 0 0 0 0 0 0 0 0 
388 8 0 0 0 0 0 0 0 0 0 0 0 
389 8 0 0 0 0 0 0 0 0 0 0 0 
390 8 0 0 0 0 0 0 0 0 0 0 0 
391 8 0 0 0 0 0 0 0 0 0 0 0 
392 8 0 0 0 0 0 0 0 0 0 0 0 
393 8 0 0 0 0 0 0 0 0 0 0 0 
394 8 0 0 0 0 0 0 0 0 0 0 0 
395 8 -1 33 32 0 0 16 17 0 0 7 3 
396 8 48 0 0 0 0 0 0 0 0 0 0 
397 8 49 0 0 0 0 0 0 0 0 0 0 
398 8 50 0 0 0 0 0 0 0 0 0 0 
399 8 51 0 0 0 0 0 0 0 0 0 0 
400 8 52 0 0 0 0 0 0 0 0 0 0 
401 8 -1 6 47 0 0 28 42 0 0 17 13 
402 8 -1 39 34 0 0 9 41 0 0 5 7 
403 8 -1 20 10 7 4 39 42 8 1 32 -73 
404 8 -1 24 3 0 0 38 28 0 0 3 11 
405 8 0 0 0 0 0 0 0 0 0 0 0 
406 8 0 0 0 0 0 0 0 0 0 0 0 
407 8 0 0 0 0 0 0 0 0 0 0 0 
408 8 0 0 0 0 0 0 0 0 0 0 0 
409 8 0 0 0 0 0 0 0 0 0 0 0 
410 8 0 0 0 0 0 0 0 0 0 0 0 
411 8 0 0 0 0 0 0 0 0 0 0 0 
412 8 0 0 0 0 0 0 0 0 0 0 0 
413 8 0 0 0 0 0 0 0 0 0 0 0 
414 8 0 0 0 0 0 0 0 0 0 0 0 
415 8 0 0 0 0 0 0 0 0 0 0 0 
416 8 0 0 0 0 0 0 0 0 0 0 0 
417 8 0 0 0 0 0 0 0 0 0 0 0 
418 8 0 0 0 0 0 0 0 0 0 0 0 
419 8 0 0 0 0 0 0 0 0 0 0 0 
420 8 0 0 0 0 0 0 0 0 0 0 0 
421 8 0 0 0 0 0 0 0 0 0 0 0 
422 8 0 0 0 0 0 0 0 0 0 0 0 
423 8 73 0 0 0 0 0 0 0 0 0 0 
424 8 74 0 0 0 0 0 0 0 0 0 0 
425 8 -1 31 28 0 0 47 47 0 0 9 -84 
426 8 -1 29 34 0 0 47 16 0 0 5 3 
427 8 0 0 0 0 0 0 0 0 0 0 0 
428 8 0 0 0 0 0 0 0 0 0 0 0 
429 8 0 0 0 0 0 0 0 0 0 0 0 
430 8 0 0 0 0 0 0 0 0 0 0 0 
431 8 0 0 0 0 0 0 0 0 0 0 0 
432 8 0 0 0 0 0 0 0 0 0 0 0 
433 8 0 0 0 0 0 0 0 0 0 0 0 
434 8 0 0 0 0 0 0 0 0 0 0 0 
435 8 0 0 0 0 0 0 0 0 0 0 0 
436 8 0 0 0 0 0 0 0 0 0 0 0 
437 8 0 0 0 0 0 0 0 0 0 0 0 
438 8 0 0 0 0 0 0 0 0 0 0 0 
439 8 0 0 0 0 0 0 0 0 0 0 0 
440 8 0 0 0 0 0 0 0 0 0 0 0 
441 8 0 0 0 0 0 0 0 0 0 0 0 
442 8 0 0 0 0 0 0 0 0 0 0 0 
443 8 0 0 0 0 0 0 0 0 0 0 0 
444 8 0 0 0 0 0 0 0 0 0 0 0 
445 8 0 0 0 0 0 0 0 0 0 0 0 
446 8 0 0 0 0 0 0 0 0 0 0 0 
447 8 0 0 0 0 0 0 0 0 0 0 0 
448 8 0 0 0 0 0 0 0 0 0 0 0 
449 8 -1 12 15 0 0 26 43 0 0 4 28 
450 8 90 0 0 0 0 0 0 0 0 0 0 
451 8 0 0 0 0 0 0 0 0 0 0 0 
452 8 0 0 0 0 0 0 0 0 0 0 0 
453 8 0 0 0 0 0 0 0 0 0 0 0 
454 8 0 0 0 0 0 0 0 0 0 0 0 
455 8 0 0 0 0 0 0 0 0 0 0 0 
456 8 0 0 0 0 0 0 0 0 0 0 0 
457 8 0 0 0 0 0 0 0 0 0 0 0 
458 8 0 0 0 0 0 0 0 0 0 0 0 
459 8 0 0 0 0 0 0 0 0 0 0 0 
460 8 0 0 0 0 0 0 0 0 0 0 0 
461 8 0 0 0 0 0 0 0 0 0 0 0 
462 8 0 0 0 0 0 0 0 0 0 0 0 
463 8 0 0 0 0 0 0 0 0 0 0 0 
464 8 0 0 0 0 0 0 0 0 0 0 0 
465 8 0 0 0 0 0 0 0 0 0 0 0 
466 8 0 0 0 0 0 0 0 0 0 0 0 
467 8 0 0 0 0 0 0 0 0 0 0 0 
468 8 0 0 0 0 0 0 0 0 0 0 0 
469 8 0 0 0 0 0 0 0 0 0 0 0 
470 8 0 0 0 0 0 0 0 0 0 0 0 
471 8 0 0 0 0 0 0 0 0 0 0 0 
472 8 0 0 0 0 0 0 0 0 0 0 0 
473 8 0 0 0 0 0 0 0 0 0 0 0 
474 8 0 0 0 0 0 0 0 0 0 0 0 
475 8 0 0 0 0 0 0 0 0 0 0 0 
476 8 0 0 0 0 0 0 0 0 0 0 0 
477 8 0 0 0 0 0 0 0 0 0 0 0 
478 8 0 0 0 0 0 0 0 0 0 0 0 
479 8 -1 6 20 5 21 27 45 16 1 32 3821 
480 8 99 0 0 0 0 0 0 0 0 0 0 
481 8 -1 11 3 13 0 34 8 5 19 32 -3838 
482 8 -1 21 16 1 21 37 37 8 4 32 -1105 
483 8 -1 11 3 0 0 33 14 0 0 17 4 
484 8 112 0 0 0 0 0 0 0 0 0 0 
485 8 -1 4 4 20 9 28 31 3 2 32 5989 
486 8 -1 31 38 0 0 5 22 0 0 13 -101 
487 8 0 0 0 0 0 0 0 0 0 0 0 
488 8 0 0 0 0 0 0 0 0 0 0 0 
489 8 0 0 0 0 0 0 0 0 0 0 0 
490 8 0 0 0 0 0 0 0 0 0 0 0 
491 8 0 0 0 0 0 0 0 0 0 0 0 
492 8 0 0 0 0 0 0 0 0 0 0 0 
493 8 0 0 0 0 0 0 0 0 0 0 0 
494 8 0 0 0 0 0 0 0 0 0 0 0 
495 8 122 0 0 0 0 0 0 0 0 0 0 
496 8 -1 2 16 3 0 17 35 11 9 32 -189 
497 8 0 0 0 0 0 0 0 0 0 0 0 
498 8 0 0 0 0 0 0 0 0 0 0 0 
499 8 0 0 0 0 0 0 0 0 0 0 0 
500 8 0 0 0 0 0 0 0 0 0 0 0 
501 8 0 0 0 0 0 0 0 0 0 0 0 
502 8 0 0 0 0 0 0 0 0 0 0 0 
503 8 127 0 0 0 0 0 0 0 0 0 0 
504 8 128 0 0 0 0 0 0 0 0 0 0 
505 8 129 0 0 0 0 0 0 0 0 0 0 
506 8 130 0 0 0 0 0 0 0 0 0 0 
507 8 131 0 0 0 0 0 0 0 0 0 0 
508 8 -1 16 13 4 0 44 43 2 4 32 -1 
509 8 0 0 0 0 0 0 0 0 0 0 0 
510 8 0 0 0 0 0 0 0 0 0 0 0 
511 9 0 0 0 0 0 0 0 0 0 0 0 
512 9 0 0 0 0 0 0 0 0 0 0 0 
513 9 0 0 0 0 0 0 0 0 0 0 0 
514 9 0 0 0 0 0 0 0 0 0 0 0 
515 9 0 0 0 0 0 0 0 0 0 0 0 
516 9 0 0 0 0 0 0 0 0 0 0 0 
517 9 0 0 0 0 0 0 0 0 0 0 0 
518 9 0 0 0 0 0 0 0 0 0 0 0 
519 9 0 0 0 0 0 0 0 0 0 0 0 
520 9 0 0 0 0 0 0 0 0 0 0 0 
521 9 0 0 0 0 0 0 0 0 0 0 0 
522 9 0 0 0 0 0 0 0 0 0 0 0 
523 9 0 0 0 0 0 0 0 0 0 0 0 
524 9 0 0 0 0 0 0 0 0 0 0 0 
525 9 0 0 0 0 0 0 0 0 0 0 0 
526 9 0 0 0 0 0 0 0 0 0 0 0 
527 9 0 0 0 0 0 0 0 0 0 0 0 
528 9 0 0 0 0 0 0 0 0 0 0 0 
529 9 0 0 0 0 0 0 0 0 0 0 0 
530 9 0 0 0 0 0 0 0 0 0 0 0 
531 9 0 0 0 0 0 0 0 0 0 0 0 
532 9 0 0 0 0 0 0 0 0 0 0 0 
533 9 0 0 0 0 0 0 0 0 0 0 0 
534 9 0 0 0 0 0 0 0 0 0 0 0 
535 9 0 0 0 0 0 0 0 0 0 0 0 
536 9 0 0 0 0 0 0 0 0 0 0 0 
537 9 0 0 0 0 0 0 0 0 0 0 0 
538 9 0 0 0 0 0 0 0 0 0 0 0 
539 9 0 0 0 0 0 0 0 0 0 0 0 
540 9 0 0 0 0 0 0 0 0 0 0 0 
541 9 0 0 0 0 0 0 0 0 0 0 0 
542 9 0 0 0 0 0 0 0 0 0 0 0 
543 9 0 0 0 0 0 0 0 0 0 0 0 
544 9 0 0 0 0 0 0 0 0 0 0 0 
545 9 0 0 0 0 0 0 0 0 0 0 0 
546 9 0 0 0 0 0 0 0 0 0 0 0 
547 9 0 0 0 0 0 0 0 0 0 0 0 
548 9 0 0 0 0 0 0 0 0 0 0 0 
549 9 0 0 0 0 0 0 0 0 0 0 0 
550 9 0 0 0 0 0 0 0 0 0 0 0 
551 9 0 0 0 0 0 0 0 0 0 0 0 
552 9 0 0 0 0 0 0 0 0 0 0 0 
553 9 0 0 0 0 0 0 0 0 0 0 0 
554 9 0 0 0 0 0 0 0 0 0 0 0 
555 9 0 0 0 0 0 0 0 0 0 0 0 
556 9 0 0 0 0 0 0 0 0 0 0 0 
557 9 0 0 0 0 0 0 0 0 0 0 0 
558 9 0 0 0 0 0 0 0 0 0 0 0 
559 9 0 0 0 0 0 0 0 0 0 0 0 
560 9 0 0 0 0 0 0 0 0 0 0 0 
561 9 0 0 0 0 0 0 0 0 0 0 0 
562 9 0 0 0 0 0 0 0 0 0 0 0 
563 9 0 0 0 0 0 0 0 0 0 0 0 
564 9 0 0 0 0 0 0 0 0 0 0 0 
565 9 0 0 0 0 0 0 0 0 0 0 0 
566 9 0 0 0 0 0 0 0 0 0 0 0 
567 9 0 0 0 0 0 0 0 0 0 0 0 
568 9 0 0 0 0 0 0 0 0 0 0 0 
569 9 0 0 0 0 0 0 0 0 0 0 0 
570 9 0 0 0 0 0 0 0 0 0 0 0 
571 9 0 0 0 0 0 0 0 0 0 0 0 
572 9 0 0 0 0 0 0 0 0 0 0 0 
573 9 0 0 0 0 0 0 0 0 0 0 0 
574 9 0 0 0 0 0 0 0 0 0 0 0 
575 9 0 0 0 0 0 0 0 0 0 0 0 
576 9 0 0 0 0 0 0 0 0 0 0 0 
577 9 0 0 0 0 0 0 0 0 0 0 0 
578 9 0 0 0 0 0 0 0 0 0 0 0 
579 9 0 0 0 0 0 0 0 0 0 0 0 
580 9 0 0 0 0 0 0 0 0 0 0 0 
581 9 0 0 0 0 0 0 0 0 0 0 0 
582 9 0 0 0 0 0 0 0 0 0 0 0 
583 9 0 0 0 0 0 0 0 0 0 0 0 
584 9 0 0 0 0 0 0 0 0 0 0 0 
585 9 0 0 0 0 0 0 0 0 0 0 0 
586 9 0 0 0 0 0 0 0 0 0 0 0 
587 9 0 0 0 0 0 0 0 0 0 0 0 
588 9 0 0 0 0 0 0 0 0 0 0 0 
589 9 0 0 0 0 0 0 0 0 0 0 0 
590 9 0 0 0 0 0 0 0 0 0 0 0 
591 9 0 0 0 0 0 0 0 0 0 0 0 
592 9 0 0 0 0 0 0 0 0 0 0 0 
593 9 0 0 0 0 0 0 0 0 0 0 0 
594 9 0 0 0 0 0 0 0 0 0 0 0 
595 9 0 0 0 0 0 0 0 0 0 0 0 
596 9 0 0 0 0 0 0 0 0 0 0 0 
597 9 0 0 0 0 0 0 0 0 0 0 0 
598 9 0 0 0 0 0 0 0 0 0 0 0 
599 9 0 0 0 0 0 0 0 0 0 0 0 
600 9 0 0 0 0 0 0 0 0 0 0 0 
601 9 0 0 0 0 0 0 0 0 0 0 0 
602 9 0 0 0 0 0 0 0 0 0 0 0 
603 9 0 0 0 0 0 0 0 0 0 0 0 
604 9 0 0 0 0 0 0 0 0 0 0 0 
605 9 0 0 0 0 0 0 0 0 0 0 0 
606 9 0 0 0 0 0 0 0 0 0 0 0 
607 9 0 0 0 0 0 0 0 0 0 0 0 
608 9 0 0 0 0 0 0 0 0 0 0 0 
609 9 0 0 0 0 0 0 0 0 0 0 0 
610 9 0 0 0 0 0 0 0 0 0 0 0 
611 9 0 0 0 0 0 0 0 0 0 0 0 
612 9 0 0 0 0 0 0 0 0 0 0 0 
613 9 0 0 0 0 0 0 0 0 0 0 0 
614 9 0 0 0 0 0 0 0 0 0 0 0 
615 9 0 0 0 0 0 0 0 0 0 0 0 
616 9 0 0 0 0 0 0 0 0 0 0 0 
617 9 0 0 0 0 0 0 0 0 0 0 0 
618 9 0 0 0 0 0 0 0 0 0 0 0 
619 9 0 0 0 0 0 0 0 0 0 0 0 
620 9 0 0 0 0 0 0 0 0 0 0 0 
621 9 0 0 0 0 0 0 0 0 0 0 0 
622 9 0 0 0 0 0 0 0 0 0 0 0 
623 9 0 0 0 0 0 0 0 0 0 0 0 
624 9 0 0 0 0 0 0 0 0 0 0 0 
625 9 0 0 0 0 0 0 0 0 0 0 0 
626 9 0 0 0 0 0 0 0 0 0 0 0 
627 9 0 0 0 0 0 0 0 0 0 0 0 
628 9 0 0 0 0 0 0 0 0 0 0 0 
629 9 0 0 0 0 0 0 0 0 0 0 0 
630 9 0 0 0 0 0 0 0 0 0 0 0 
631 9 0 0 0 0 0 0 0 0 0 0 0 
632 9 0 0 0 0 0 0 0 0 0 0 0 
633 9 0 0 0 0 0 0 0 0 0 0 0 
634 9 0 0 0 0 0 0 0 0 0 0 0 
635 9 0 0 0 0 0 0 0 0 0 0 0 
636 9 0 0 0 0 0 0 0 0 0 0 0 
637 9 0 0 0 0 0 0 0 0 0 0 0 
638 9 0 0 0 0 0 0 0 0 0 0 0 
639 9 0 0 0 0 0 0 0 0 0 0 0 
640 9 0 0 0 0 0 0 0 0 0 0 0 
641 9 0 0 0 0 0 0 0 0 0 0 0 
642 9 0 0 0 0 0 0 0 0 0 0 0 
643 9 0 0 0 0 0 0 0 0 0 0 0 
644 9 0 0 0 0 0 0 0 0 0 0 0 
645 9 0 0 0 0 0 0 0 0 0 0 0 
646 9 0 0 0 0 0 0 0 0 0 0 0 
647 9 0 0 0 0 0 0 0 0 0 0 0 
648 9 0 0 0 0 0 0 0 0 0 0 0 
649 9 0 0 0 0 0 0 0 0 0 0 0 
650 9 0 0 0 0 0 0 0 0 0 0 0 
651 9 0 0 0 0 0 0 0 0 0 0 0 
652 9 0 0 0 0 0 0 0 0 0 0 0 
653 9 0 0 0 0 0 0 0 0 0 0 0 
654 9 0 0 0 0 0 0 0 0 0 0 0 
655 9 0 0 0 0 0 0 0 0 0 0 0 
656 9 0 0 0 0 0 0 0 0 0 0 0 
657 9 0 0 0 0 0 0 0 0 0 0 0 
658 9 0 0 0 0 0 0 0 0 0 0 0 
659 9 0 0 0 0 0 0 0 0 0 0 0 
660 9 0 0 0 0 0 0 0 0 0 0 0 
661 9 0 0 0 0 0 0 0 0 0 0 0 
662 9 0 0 0 0 0 0 0 0 0 0 0 
663 9 0 0 0 0 0 0 0 0 0 0 0 
664 9 0 0 0 0 0 0 0 0 0 0 0 
665 9 0 0 0 0 0 0 0 0 0 0 0 
666 9 0 0 0 0 0 0 0 0 0 0 0 
667 9 0 0 0 0 0 0 0 0 0 0 0 
668 9 0 0 0 0 0 0 0 0 0 0 0 
669 9 0 0 0 0 0 0 0 0 0 0 0 
670 9 0 0 0 0 0 0 0 0 0 0 0 
671 9 0 0 0 0 0 0 0 0 0 0 0 
672 9 0 0 0 0 0 0 0 0 0 0 0 
673 9 0 0 0 0 0 0 0 0 0 0 0 
674 9 0 0 0 0 0 0 0 0 0 0 0 
675 9 0 0 0 0 0 0 0 0 0 0 0 
676 9 0 0 0 0 0 0 0 0 0 0 0 
677 9 0 0 0 0 0 0 0 0 0 0 0 
678 9 0 0 0 0 0 0 0 0 0 0 0 
679 9 0 0 0 0 0 0 0 0 0 0 0 
680 9 0 0 0 0 0 0 0 0 0 0 0 
681 9 0 0 0 0 0 0 0 0 0 0 0 
682 9 0 0 0 0 0 0 0 0 0 0 0 
683 9 0 0 0 0 0 0 0 0 0 0 0 
684 9 0 0 0 0 0 0 0 0 0 0 0 
685 9 0 0 0 0 0 0 0 0 0 0 0 
686 9 0 0 0 0 0 0 0 0 0 0 0 
687 9 0 0 0 0 0 0 0 0 0 0 0 
688 9 0 0 0 0 0 0 0 0 0 0 0 
689 9 0 0 0 0 0 0 0 0 0 0 0 
690 9 0 0 0 0 0 0 0 0 0 0 0 
691 9 0 0 0 0 0 0 0 0 0 0 0 
692 9 0 0 0 0 0 0 0 0 0 0 0 
693 9 0 0 0 0 0 0 0 0 0 0 0 
694 9 0 0 0 0 0 0 0 0 0 0 0 
695 9 0 0 0 0 0 0 0 0 0 0 0 
696 9 0 0 0 0 0 0 0 0 0 0 0 
697 9 0 0 0 0 0 0 0 0 0 0 0 
698 9 0 0 0 0 0 0 0 0 0 0 0 
699 9 0 0 0 0 0 0 0 0 0 0 0 
700 9 0 0 0 0 0 0 0 0 0 0 0 
701 9 0 0 0 0 0 0 0 0 0 0 0 
702 9 0 0 0 0 0 0 0 0 0 0 0 
703 9 -1 8 5 0 0 23 8 0 0 8 34 
704 9 7 0 0 0 0 0 0 0 0 0 0 
705 9 0 0 0 0 0 0 0 0 0 0 0 
706 9 0 0 0 0 0 0 0 0 0 0 0 
707 9 -1 2 5 0 0 37 28 0 0 17 -6 
708 9 11 0 0 0 0 0 0 0 0 0 0 
709 9 0 0 0 0 0 0 0 0 0 0 0 
710 9 0 0 0 0 0 0 0 0 0 0 0 
711 9 13 0 0 0 0 0 0 0 0 0 0 
712 9 14 0 0 0 0 0 0 0 0 0 0 
713 9 0 0 0 0 0 0 0 0 0 0 0 
714 9 0 0 0 0 0 0 0 0 0 0 0 
715 9 16 0 0 0 0 0 0 0 0 0 0 
716 9 17 0 0 0 0 0 0 0 0 0 0 
717 9 0 0 0 0 0 0 0 0 0 0 0 
718 9 0 0 0 0 0 0 0 0 0 0 0 
719 9 0 0 0 0 0 0 0 0 0 0 0 
720 9 0 0 0 0 0 0 0 0 0 0 0 
721 9 20 0 0 0 0 0 0 0 0 0 0 
722 9 21 0 0 0 0 0 0 0 0 0 0 
723 9 22 0 0 0 0 0 0 0 0 0 0 
724 9 -1 4 2 22 4 39 44 7 3 32 -1733 
725 9 25 0 0 0 0 0 0 0 0 0 0 
726 9 -1 18 9 9 4 37 17 9 2 32 -448 
727 9 -1 12 33 0 0 43 5 0 0 0 -95 
728 9 30 0 0 0 0 0 0 0 0 0 0 
729 9 -1 1 2 16 21 24 33 2 12 32 27922 
730 9 -1 29 38 0 0 14 8 0 0 14 31 
731 9 -1 27 5 0 0 24 27 0 0 14 -4 
732 9 -1 39 35 0 0 18 10 0 0 16 3 
733 9 -1 31 11 0 0 12 17 0 0 3 7 
734 9 41 0 0 0 0 0 0 0 0 0 0 
735 9 0 0 0 0 0 0 0 0 0 0 0 
736 9 0 0 0 0 0 0 0 0 0 0 0 
737 9 0 0 0 0 0 0 0 0 0 0 0 
738 9 0 0 0 0 0 0 0 0 0 0 0 
739 9 0 0 0 0 0 0 0 0 0 0 0 
740 9 0 0 0 0 0 0 0 0 0 0 0 
741 9 0 0 0 0 0 0 0 0 0 0 0 
742 9 0 0 0 0 0 0 0 0 0 0 0 
743 9 0 0 0 0 0 0 0 0 0 0 0 
744 9 0 0 0 0 0 0 0 0 0 0 0 
745 9 0 0 0 0 0 0 0 0 0 0 0 
746 9 0 0 0 0 0 0 0 0 0 0 0 
747 9 0 0 0 0 0 0 0 0 0 0 0 
748 9 0 0 0 0 0 0 0 0 0 0 0 
749 9 0 0 0 0 0 0 0 0 0 0 0 
750 9 0 0 0 0 0 0 0 0 0 0 0 
751 9 0 0 0 0 0 0 0 0 0 0 0 
752 9 0 0 0 0 0 0 0 0 0 0 0 
753 9 0 0 0 0 0 0 0 0 0 0 0 
754 9 0 0 0 0 0 0 0 0 0 0 0 
755 9 0 0 0 0 0 0 0 0 0 0 0 
756 9 0 0 0 0 0 0 0 0 0 0 0 
757 9 0 0 0 0 0 0 0 0 0 0 0 
758 9 0 0 0 0 0 0 0 0 0 0 0 
759 9 0 0 0 0 0 0 0 0 0 0 0 
760 9 0 0 0 0 0 0 0 0 0 0 0 
761 9 0 0 0 0 0 0 0 0 0 0 0 
762 9 0 0 0 0 0 0 0 0 0 0 0 
763 9 0 0 0 0 0 0 0 0 0 0 0 
764 9 0 0 0 0 0 0 0 0 0 0 0 
765 9 0 0 0 0 0 0 0 0 0 0 0 
766 9 0 0 0 0 0 0 0 0 0 0 0 
767 9 0 0 0 0 0 0 0 0 0 0 0 
768 9 0 0 0 0 0 0 0 0 0 0 0 
769 9 0 0 0 0 0 0 0 0 0 0 0 
770 9 0 0 0 0 0 0 0 0 0 0 0 
771 9 0 0 0 0 0 0 0 0 0 0 0 
772 9 0 0 0 0 0 0 0 0 0 0 0 
773 9 0 0 0 0 0 0 0 0 0 0 0 
774 9 0 0 0 0 0 0 0 0 0 0 0 
775 9 0 0 0 0 0 0 0 0 0 0 0 
776 9 0 0 0 0 0 0 0 0 0 0 0 
777 9 0 0 0 0 0 0 0 0 0 0 0 
778 9 0 0 0 0 0 0 0 0 0 0 0 
779 9 0 0 0 0 0 0 0 0 0 0 0 
780 9 0 0 0 0 0 0 0 0 0 0 0 
781 9 0 0 0 0 0 0 0 0 0 0 0 
782 9 0 0 0 0 0 0 0 0 0 0 0 
783 9 0 0 0 0 0 0 0 0 0 0 0 
784 9 0 0 0 0 0 0 0 0 0 0 0 
785 9 0 0 0 0 0 0 0 0 0 0 0 
786 9 0 0 0 0 0 0 0 0 0 0 0 
787 9 0 0 0 0 0 0 0 0 0 0 0 
788 9 0 0 0 0 0 0 0 0 0 0 0 
789 9 0 0 0 0 0 0 0 0 0 0 0 
790 9 0 0 0 0 0 0 0 0 0 0 0 
791 9 46 0 0 0 0 0 0 0 0 0 0 
792 9 47 0 0 0 0 0 0 0 0 0 0 
793 9 0 0 0 0 0 0 0 0 0 0 0 
794 9 0 0 0 0 0 0 0 0 0 0 0 
795 9 0 0 0 0 0 0 0 0 0 0 0 
796 9 0 0 0 0 0 0 0 0 0 0 0 
797 9 0 0 0 0 0 0 0 0 0 0 0 
798 9 0 0 0 0 0 0 0 0 0 0 0 
799 9 0 0 0 0 0 0 0 0 0 0 0 
800 9 0 0 0 0 0 0 0 0 0 0 0 
801 9 0 0 0 0 0 0 0 0 0 0 0 
802 9 0 0 0 0 0 0 0 0 0 0 0 
803 9 -1 22 12 22 22 46 42 1 2 32 105 
804 9 55 0 0 0 0 0 0 0 0 0 0 
805 9 56 0 0 0 0 0 0 0 0 0 0 
806 9 -1 20 21 14 21 37 46 9 1 32 -135 
807 9 -1 14 21 0 0 47 10 0 0 11 -2 
808 9 -1 0 12 0 0 26 0 0 0 11 -73 
809 9 -1 45 10 0 0 21 15 0 0 0 -20 
810 9 -1 20 20 19 3 46 46 1 1 32 -106 
811 9 0 0 0 0 0 0 0 0 0 0 0 
812 9 0 0 0 0 0 0 0 0 0 0 0 
813 9 0 0 0 0 0 0 0 0 0 0 0 
814 9 0 0 0 0 0 0 0 0 0 0 0 
815 9 0 0 0 0 0 0 0 0 0 0 0 
816 9 0 0 0 0 0 0 0 0 0 0 0 
817 9 0 0 0 0 0 0 0 0 0 0 0 
818 9 0 0 0 0 0 0 0 0 0 0 0 
819 9 0 0 0 0 0 0 0 0 0 0 0 
820 9 0 0 0 0 0 0 0 0 0 0 0 
821 9 0 0 0 0 0 0 0 0 0 0 0 
822 9 0 0 0 0 0 0 0 0 0 0 0 
823 9 0 0 0 0 0 0 0 0 0 0 0 
824 9 0 0 0 0 0 0 0 0 0 0 0 
825 9 0 0 0 0 0 0 0 0 0 0 0 
826 9 0 0 0 0 0 0 0 0 0 0 0 
827 9 0 0 0 0 0 0 0 0 0 0 0 
828 9 0 0 0 0 0 0 0 0 0 0 0 
829 9 0 0 0 0 0 0 0 0 0 0 0 
830 9 0 0 0 0 0 0 0 0 0 0 0 
831 9 0 0 0 0 0 0 0 0 0 0 0 
832 9 0 0 0 0 0 0 0 0 0 0 0 
833 9 0 0 0 0 0 0 0 0 0 0 0 
834 9 0 0 0 0 0 0 0 0 0 0 0 
835 9 0 0 0 0 0 0 0 0 0 0 0 
836 9 0 0 0 0 0 0 0 0 0 0 0 
837 9 0 0 0 0 0 0 0 0 0 0 0 
838 9 0 0 0 0 0 0 0 0 0 0 0 
839 9 0 0 0 0 0 0 0 0 0 0 0 
840 9 0 0 0 0 0 0 0 0 0 0 0 
841 9 0 0 0 0 0 0 0 0 0 0 0 
842 9 0 0 0 0 0 0 0 0 0 0 0 
843 9 0 0 0 0 0 0 0 0 0 0 0 
844 9 0 0 0 0 0 0 0 0 0 0 0 
845 9 0 0 0 0 0 0 0 0 0 0 0 
846 9 0 0 0 0 0 0 0 0 0 0 0 
847 9 0 0 0 0 0 0 0 0 0 0 0 
848 9 0 0 0 0 0 0 0 0 0 0 0 
849 9 0 0 0 0 0 0 0 0 0 0 0 
850 9 0 0 0 0 0 0 0 0 0 0 0 
851 9 75 0 0 0 0 0 0 0 0 0 0 
852 9 -1 1 17 16 11 21 40 26 5 32 -3615 
853 9 -1 30 32 0 0 14 23 0 0 10 19 
854 9 80 0 0 0 0 0 0 0 0 0 0 
855 9 0 0 0 0 0 0 0 0 0 0 0 
856 9 0 0 0 0 0 0 0 0 0 0 0 
857 9 0 0 0 0 0 0 0 0 0 0 0 
858 9 0 0 0 0 0 0 0 0 0 0 0 
859 9 0 0 0 0 0 0 0 0 0 0 0 
860 9 0 0 0 0 0 0 0 0 0 0 0 
861 9 0 0 0 0 0 0 0 0 0 0 0 
862 9 0 0 0 0 0 0 0 0 0 0 0 
863 9 0 0 0 0 0 0 0 0 0 0 0 
864 9 0 0 0 0 0 0 0 0 0 0 0 
865 9 0 0 0 0 0 0 0 0 0 0 0 
866 9 0 0 0 0 0 0 0 0 0 0 0 
867 9 0 0 0 0 0 0 0 0 0 0 0 
868 9 0 0 0 0 0 0 0 0 0 0 0 
869 9 0 0 0 0 0 0 0 0 0 0 0 
870 9 0 0 0 0 0 0 0 0 0 0 0 
871 9 0 0 0 0 0 0 0 0 0 0 0 
872 9 0 0 0 0 0 0 0 0 0 0 0 
873 9 0 0 0 0 0 0 0 0 0 0 0 
874 9 0 0 0 0 0 0 0 0 0 0 0 
875 9 0 0 0 0 0 0 0 0 0 0 0 
876 9 0 0 0 0 0 0 0 0 0 0 0 
877 9 0 0 0 0 0 0 0 0 0 0 0 
878 9 0 0 0 0 0 0 0 0 0 0 0 
879 9 0 0 0 0 0 0 0 0 0 0 0 
880 9 0 0 0 0 0 0 0 0 0 0 0 
881 9 0 0 0 0 0 0 0 0 0 0 0 
882 9 0 0 0 0 0 0 0 0 0 0 0 
883 9 0 0 0 0 0 0 0 0 0 0 0 
884 9 0 0 0 0 0 0 0 0 0 0 0 
885 9 0 0 0 0 0 0 0 0 0 0 0 
886 9 0 0 0 0 0 0 0 0 0 0 0 
887 9 0 0 0 0 0 0 0 0 0 0 0 
888 9 0 0 0 0 0 0 0 0 0 0 0 
889 9 0 0 0 0 0 0 0 0 0 0 0 
890 9 0 0 0 0 0 0 0 0 0 0 0 
891 9 0 0 0 0 0 0 0 0 0 0 0 
892 9 0 0 0 0 0 0 0 0 0 0 0 
893 9 0 0 0 0 0 0 0 0 0 0 0 
894 9 0 0 0 0 0 0 0 0 0 0 0 
895 9 0 0 0 0 0 0 0 0 0 0 0 
896 9 0 0 0 0 0 0 0 0 0 0 0 
897 9 0 0 0 0 0 0 0 0 0 0 0 
898 9 0 0 0 0 0 0 0 0 0 0 0 
899 9 -1 17 42 0 0 4 44 0 0 9 -16 
900 9 89 0 0 0 0 0 0 0 0 0 0 
901 9 0 0 0 0 0 0 0 0 0 0 0 
902 9 0 0 0 0 0 0 0 0 0 0 0 
903 9 0 0 0 0 0 0 0 0 0 0 0 
904 9 0 0 0 0 0 0 0 0 0 0 0 
905 9 0 0 0 0 0 0 0 0 0 0 0 
906 9 0 0 0 0 0 0 0 0 0 0 0 
907 9 0 0 0 0 0 0 0 0 0 0 0 
908 9 0 0 0 0 0 0 0 0 0 0 0 
909 9 0 0 0 0 0 0 0 0 0 0 0 
910 9 0 0 0 0 0 0 0 0 0 0 0 
911 9 0 0 0 0 0 0 0 0 0 0 0 
912 9 0 0 0 0 0 0 0 0 0 0 0 
913 9 0 0 0 0 0 0 0 0 0 0 0 
914 9 0 0 0 0 0 0 0 0 0 0 0 
915 9 0 0 0 0 0 0 0 0 0 0 0 
916 9 0 0 0 0 0 0 0 0 0 0 0 
917 9 0 0 0 0 0 0 0 0 0 0 0 
918 9 0 0 0 0 0 0 0 0 0 0 0 
919 9 0 0 0 0 0 0 0 0 0 0 0 
920 9 0 0 0 0 0 0 0 0 0 0 0 
921 9 0 0 0 0 0 0 0 0 0 0 0 
922 9 0 0 0 0 0 0 0 0 0 0 0 
923 9 0 0 0 0 0 0 0 0 0 0 0 
924 9 0 0 0 0 0 0 0 0 0 0 0 
925 9 0 0 0 0 0 0 0 0 0 0 0 
926 9 0 0 0 0 0 0 0 0 0 0 0 
927 9 0 0 0 0 0 0 0 0 0 0 0 
928 9 0 0 0 0 0 0 0 0 0 0 0 
929 9 0 0 0 0 0 0 0 0 0 0 0 
930 9 0 0 0 0 0 0 0 0 0 0 0 
931 9 0 0 0 0 0 0 0 0 0 0 0 
932 9 0 0 0 0 0 0 0 0 0 0 0 
933 9 0 0 0 0 0 0 0 0 0 0 0 
934 9 0 0 0 0 0 0 0 0 0 0 0 
935 9 0 0 0 0 0 0 0 0 0 0 0 
936 9 0 0 0 0 0 0 0 0 0 0 0 
937 9 0 0 0 0 0 0 0 0 0 0 0 
938 9 0 0 0 0 0 0 0 0 0 0 0 
939 9 0 0 0 0 0 0 0 0 0 0 0 
940 9 0 0 0 0 0 0 0 0 0 0 0 
941 9 0 0 0 0 0 0 0 0 0 0 0 
942 9 0 0 0 0 0 0 0 0 0 0 0 
943 9 0 0 0 0 0 0 0 0 0 0 0 
944 9 0 0 0 0 0 0 0 0 0 0 0 
945 9 0 0 0 0 0 0 0 0 0 0 0 
946 9 0 0 0 0 0 0 0 0 0 0 0 
947 9 0 0 0 0 0 0 0 0 0 0 0 
948 9 0 0 0 0 0 0 0 0 0 0 0 
949 9 0 0 0 0 0 0 0 0 0 0 0 
950 9 0 0 0 0 0 0 0 0 0 0 0 
951 9 0 0 0 0 0 0 0 0 0 0 0 
952 9 0 0 0 0 0 0 0 0 0 0 0 
953 9 0 0 0 0 0 0 0 0 0 0 0 
954 9 0 0 0 0 0 0 0 0 0 0 0 
955 9 0 0 0 0 0 0 0 0 0 0 0 
956 9 0 0 0 0 0 0 0 0 0 0 0 
957 9 0 0 0 0 0 0 0 0 0 0 0 
958 9 0 0 0 0 0 0 0 0 0 0 0 
959 9 -1 4 34 0 0 44 42 0 0 5 3 
960 9 98 0 0 0 0 0 0 0 0 0 0 
961 9 0 0 0 0 0 0 0 0 0 0 0 
962 9 0 0 0 0 0 0 0 0 0 0 0 
963 9 -1 19 22 0 0 3 0 0 0 18 -29 
964 9 -1 47 23 0 0 8 45 0 0 16 -2 
965 9 -1 43 32 0 0 21 43 0 0 3 -14 
966 9 -1 9 1 6 8 40 45 6 2 32 1740 
967 9 -1 25 46 0 0 32 31 0 0 16 -34 
968 9 -1 16 12 10 5 27 17 11 18 32 -4731 
969 9 0 0 0 0 0 0 0 0 0 0 0 
970 9 0 0 0 0 0 0 0 0 0 0 0 
971 9 -1 39 33 0 0 20 25 0 0 1 -16 
972 9 115 0 0 0 0 0 0 0 0 0 0 
973 9 116 0 0 0 0 0 0 0 0 0 0 
974 9 -1 13 19 0 0 37 40 0 0 7 26 
975 9 0 0 0 0 0 0 0 0 0 0 0 
976 9 0 0 0 0 0 0 0 0 0 0 0 
977 9 0 0 0 0 0 0 0 0 0 0 0 
978 9 0 0 0 0 0 0 0 0 0 0 0 
979 9 0 0 0 0 0 0 0 0 0 0 0 
980 9 0 0 0 0 0 0 0 0 0 0 0 
981 9 0 0 0 0 0 0 0 0 0 0 0 
982 9 0 0 0 0 0 0 0 0 0 0 0 
983 9 0 0 0 0 0 0 0 0 0 0 0 
984 9 0 0 0 0 0 0 0 0 0 0 0 
985 9 0 0 0 0 0 0 0 0 0 0 0 
986 9 0 0 0 0 0 0 0 0 0 0 0 
987 9 0 0 0 0 0 0 0 0 0 0 0 
988 9 0 0 0 0 0 0 0 0 0 0 0 
989 9 0 0 0 0 0 0 0 0 0 0 0 
990 9 0 0 0 0 0 0 0 0 0 0 0 
991 9 0 0 0 0 0 0 0 0 0 0 0 
992 9 0 0 0 0 0 0 0 0 0 0 0 
993 9 123 0 0 0 0 0 0 0 0 0 0 
994 9 124 0 0 0 0 0 0 0 0 0 0 
995 9 0 0 0 0 0 0 0 0 0 0 0 
996 9 0 0 0 0 0 0 0 0 0 0 0 
997 9 0 0 0 0 0 0 0 0 0 0 0 
998 9 0 0 0 0 0 0 0 0 0 0 0 
999 9 0 0 0 0 0 0 0 0 0 0 0 
1000 9 0 0 0 0 0 0 0 0 0 0 0 
1001 9 0 0 0 0 0 0 0 0 0 0 0 
1002 9 0 0 0 0 0 0 0 0 0 0 0 
1003 9 0 0 0 0 0 0 0 0 0 0 0 
1004 9 0 0 0 0 0 0 0 0 0 0 0 
1005 9 0 0 0 0 0 0 0 0 0 0 0 
1006 9 0 0 0 0 0 0 0 0 0 0 0 
1007 9 0 0 0 0 0 0 0 0 0 0 0 
1008 9 0 0 0 0 0 0 0 0 0 0 0 
1009 9 0 0 0 0 0 0 0 0 0 0 0 
1010 9 0 0 0 0 0 0 0 0 0 0 0 
1011 9 0 0 0 0 0 0 0 0 0 0 0 
1012 9 0 0 0 0 0 0 0 0 0 0 0 
1013 9 0 0 0 0 0 0 0 0 0 0 0 
1014 9 0 0 0 0 0 0 0 0 0 0 0 
1015 9 0 0 0 0 0 0 0 0 0 0 0 
1016 9 0 0 0 0 0 0 0 0 0 0 0 
1017 9 132 0 0 0 0 0 0 0 0 0 0 
1018 9 133 0 0 0 0 0 0 0 0 0 0 
1019 9 0 0 0 0 0 0 0 0 0 0 0 
1020 9 0 0 0 0 0 0 0 0 0 0 0 
1021 9 0 0 0 0 0 0 0 0 0 0 0 
1022 9 0 0 0 0 0 0 0 0 0 0 0 
1023 10 0 0 0 0 0 0 0 0 0 0 0 
1024 10 0 0 0 0 0 0 0 0 0 0 0 
1025 10 0 0 0 0 0 0 0 0 0 0 0 
1026 10 0 0 0 0 0 0 0 0 0 0 0 
1027 10 0 0 0 0 0 0 0 0 0 0 0 
1028 10 0 0 0 0 0 0 0 0 0 0 0 
1029 10 0 0 0 0 0 0 0 0 0 0 0 
1030 10 0 0 0 0 0 0 0 0 0 0 0 
1031 10 0 0 0 0 0 0 0 0 0 0 0 
1032 10 0 0 0 0 0 0 0 0 0 0 0 
1033 10 0 0 0 0 0 0 0 0 0 0 0 
1034 10 0 0 0 0 0 0 0 0 0 0 0 
1035 10 0 0 0 0 0 0 0 0 0 0 0 
1036 10 0 0 0 0 0 0 0 0 0 0 0 
1037 10 0 0 0 0 0 0 0 0 0 0 0 
1038 10 0 0 0 0 0 0 0 0 0 0 0 
1039 10 0 0 0 0 0 0 0 0 0 0 0 
1040 10 0 0 0 0 0 0 0 0 0 0 0 
1041 10 0 0 0 0 0 0 0 0 0 0 0 
1042 10 0 0 0 0 0 0 0 0 0 0 0 
1043 10 0 0 0 0 0 0 0 0 0 0 0 
1044 10 0 0 0 0 0 0 0 0 0 0 0 
1045 10 0 0 0 0 0 0 0 0 0 0 0 
1046 10 0 0 0 0 0 0 0 0 0 0 0 
1047 10 0 0 0 0 0 0 0 0 0 0 0 
1048 10 0 0 0 0 0 0 0 0 0 0 0 
1049 10 0 0 0 0 0 0 0 0 0 0 0 
1050 10 0 0 0 0 0 0 0 0 0 0 0 
1051 10 0 0 0 0 0 0 0 0 0 0 0 
1052 10 0 0 0 0 0 0 0 0 0 0 0 
1053 10 0 0 0 0 0 0 0 0 0 0 0 
1054 10 0 0 0 0 0 0 0 0 0 0 0 
1055 10 0 0 0 0 0 0 0 0 0 0 0 
1056 10 0 0 0 0 0 0 0 0 0 0 0 
1057 10 0 0 0 0 0 0 0 0 0 0 0 
1058 10 0 0 0 0 0 0 0 0 0 0 0 
1059 10 0 0 0 0 0 0 0 0 0 0 0 
1060 10 0 0 0 0 0 0 0 0 0 0 0 
1061 10 0 0 0 0 0 0 0 0 0 0 0 
1062 10 0 0 0 0 0 0 0 0 0 0 0 
1063 10 0 0 0 0 0 0 0 0 0 0 0 
1064 10 0 0 0 0 0 0 0 0 0 0 0 
1065 10 0 0 0 0 0 0 0 0 0 0 0 
1066 10 0 0 0 0 0 0 0 0 0 0 0 
1067 10 0 0 0 0 0 0 0 0 0 0 0 
1068 10 0 0 0 0 0 0 0 0 0 0 0 
1069 10 0 0 0 0 0 0 0 0 0 0 0 
1070 10 0 0 0 0 0 0 0 0 0 0 0 
1071 10 0 0 0 0 0 0 0 0 0 0 0 
1072 10 0 0 0 0 0 0 0 0 0 0 0 
1073 10 0 0 0 0 0 0 0 0 0 0 0 
1074 10 0 0 0 0 0 0 0 0 0 0 0 
1075 10 0 0 0 0 0 0 0 0 0 0 0 
1076 10 0 0 0 0 0 0 0 0 0 0 0 
1077 10 0 0 0 0 0 0 0 0 0 0 0 
1078 10 0 0 0 0 0 0 0 0 0 0 0 
1079 10 0 0 0 0 0 0 0 0 0 0 0 
1080 10 0 0 0 0 0 0 0 0 0 0 0 
1081 10 0 0 0 0 0 0 0 0 0 0 0 
1082 10 0 0 0 0 0 0 0 0 0 0 0 
1083 10 0 0 0 0 0 0 0 0 0 0 0 
1084 10 0 0 0 0 0 0 0 0 0 0 0 
1085 10 0 0 0 0 0 0 0 0 0 0 0 
1086 10 0 0 0 0 0 0 0 0 0 0 0 
1087 10 0 0 0 0 0 0 0 0 0 0 0 
1088 10 0 0 0 0 0 0 0 0 0 0 0 
1089 10 0 0 0 0 0 0 0 0 0 0 0 
1090 10 0 0 0 0 0 0 0 0 0 0 0 
1091 10 0 0 0 0 0 0 0 0 0 0 0 
1092 10 0 0 0 0 0 0 0 0 0 0 0 
1093 10 0 0 0 0 0 0 0 0 0 0 0 
1094 10 0 0 0 0 0 0 0 0 0 0 0 
1095 10 0 0 0 0 0 0 0 0 0 0 0 
1096 10 0 0 0 0 0 0 0 0 0 0 0 
1097 10 0 0 0 0 0 0 0 0 0 0 0 
1098 10 0 0 0 0 0 0 0 0 0 0 0 
1099 10 0 0 0 0 0 0 0 0 0 0 0 
1100 10 0 0 0 0 0 0 0 0 0 0 0 
1101 10 0 0 0 0 0 0 0 0 0 0 0 
1102 10 0 0 0 0 0 0 0 0 0 0 0 
1103 10 0 0 0 0 0 0 0 0 0 0 0 
1104 10 0 0 0 0 0 0 0 0 0 0 0 
1105 10 0 0 0 0 0 0 0 0 0 0 0 
1106 10 0 0 0 0 0 0 0 0 0 0 0 
1107 10 0 0 0 0 0 0 0 0 0 0 0 
1108 10 0 0 0 0 0 0 0 0 0 0 0 
1109 10 0 0 0 0 0 0 0 0 0 0 0 
1110 10 0 0 0 0 0 0 0 0 0 0 0 
1111 10 0 0 0 0 0 0 0 0 0 0 0 
1112 10 0 0 0 0 0 0 0 0 0 0 0 
1113 10 0 0 0 0 0 0 0 0 0 0 0 
1114 10 0 0 0 0 0 0 0 0 0 0 0 
1115 10 0 0 0 0 0 0 0 0 0 0 0 
1116 10 0 0 0 0 0 0 0 0 0 0 0 
1117 10 0 0 0 0 0 0 0 0 0 0 0 
1118 10 0 0 0 0 0 0 0 0 0 0 0 
1119 10 0 0 0 0 0 0 0 0 0 0 0 
1120 10 0 0 0 0 0 0 0 0 0 0 0 
1121 10 0 0 0 0 0 0 0 0 0 0 0 
1122 10 0 0 0 0 0 0 0 0 0 0 0 
1123 10 0 0 0 0 0 0 0 0 0 0 0 
1124 10 0 0 0 0 0 0 0 0 0 0 0 
1125 10 0 0 0 0 0 0 0 0 0 0 0 
1126 10 0 0 0 0 0 0 0 0 0 0 0 
1127 10 0 0 0 0 0 0 0 0 0 0 0 
1128 10 0 0 0 0 0 0 0 0 0 0 0 
1129 10 0 0 0 0 0 0 0 0 0 0 0 
1130 10 0 0 0 0 0 0 0 0 0 0 0 
1131 10 0 0 0 0 0 0 0 0 0 0 0 
1132 10 0 0 0 0 0 0 0 0 0 0 0 
1133 10 0 0 0 0 0 0 0 0 0 0 0 
1134 10 0 0 0 0 0 0 0 0 0 0 0 
1135 10 0 0 0 0 0 0 0 0 0 0 0 
1136 10 0 0 0 0 0 0 0 0 0 0 0 
1137 10 0 0 0 0 0 0 0 0 0 0 0 
1138 10 0 0 0 0 0 0 0 0 0 0 0 
1139 10 0 0 0 0 0 0 0 0 0 0 0 
1140 10 0 0 0 0 0 0 0 0 0 0 0 
1141 10 0 0 0 0 0 0 0 0 0 0 0 
1142 10 0 0 0 0 0 0 0 0 0 0 0 
1143 10 0 0 0 0 0 0 0 0 0 0 0 
1144 10 0 0 0 0 0 0 0 0 0 0 0 
1145 10 0 0 0 0 0 0 0 0 0 0 0 
1146 10 0 0 0 0 0 0 0 0 0 0 0 
1147 10 0 0 0 0 0 0 0 0 0 0 0 
1148 10 0 0 0 0 0 0 0 0 0 0 0 
1149 10 0 0 0 0 0 0 0 0 0 0 0 
1150 10 0 0 0 0 0 0 0 0 0 0 0 
1151 10 0 0 0 0 0 0 0 0 0 0 0 
1152 10 0 0 0 0 0 0 0 0 0 0 0 
1153 10 0 0 0 0 0 0 0 0 0 0 0 
1154 10 0 0 0 0 0 0 0 0 0 0 0 
1155 10 0 0 0 0 0 0 0 0 0 0 0 
1156 10 0 0 0 0 0 0 0 0 0 0 0 
1157 10 0 0 0 0 0 0 0 0 0 0 0 
1158 10 0 0 0 0 0 0 0 0 0 0 0 
1159 10 0 0 0 0 0 0 0 0 0 0 0 
1160 10 0 0 0 0 0 0 0 0 0 0 0 
1161 10 0 0 0 0 0 0 0 0 0 0 0 
1162 10 0 0 0 0 0 0 0 0 0 0 0 
1163 10 0 0 0 0 0 0 0 0 0 0 0 
1164 10 0 0 0 0 0 0 0 0 0 0 0 
1165 10 0 0 0 0 0 0 0 0 0 0 0 
1166 10 0 0 0 0 0 0 0 0 0 0 0 
1167 10 0 0 0 0 0 0 0 0 0 0 0 
1168 10 0 0 0 0 0 0 0 0 0 0 0 
1169 10 0 0 0 0 0 0 0 0 0 0 0 
1170 10 0 0 0 0 0 0 0 0 0 0 0 
1171 10 0 0 0 0 0 0 0 0 0 0 0 
1172 10 0 0 0 0 0 0 0 0 0 0 0 
1173 10 0 0 0 0 0 0 0 0 0 0 0 
1174 10 0 0 0 0 0 0 0 0 0 0 0 
1175 10 0 0 0 0 0 0 0 0 0 0 0 
1176 10 0 0 0 0 0 0 0 0 0 0 0 
1177 10 0 0 0 0 0 0 0 0 0 0 0 
1178 10 0 0 0 0 0 0 0 0 0 0 0 
1179 10 0 0 0 0 0 0 0 0 0 0 0 
1180 10 0 0 0 0 0 0 0 0 0 0 0 
1181 10 0 0 0 0 0 0 0 0 0 0 0 
1182 10 0 0 0 0 0 0 0 0 0 0 0 
1183 10 0 0 0 0 0 0 0 0 0 0 0 
1184 10 0 0 0 0 0 0 0 0 0 0 0 
1185 10 0 0 0 0 0 0 0 0 0 0 0 
1186 10 0 0 0 0 0 0 0 0 0 0 0 
1187 10 0 0 0 0 0 0 0 0 0 0 0 
1188 10 0 0 0 0 0 0 0 0 0 0 0 
1189 10 0 0 0 0 0 0 0 0 0 0 0 
1190 10 0 0 0 0 0 0 0 0 0 0 0 
1191 10 0 0 0 0 0 0 0 0 0 0 0 
1192 10 0 0 0 0 0 0 0 0 0 0 0 
1193 10 0 0 0 0 0 0 0 0 0 0 0 
1194 10 0 0 0 0 0 0 0 0 0 0 0 
1195 10 0 0 0 0 0 0 0 0 0 0 0 
1196 10 0 0 0 0 0 0 0 0 0 0 0 
1197 10 0 0 0 0 0 0 0 0 0 0 0 
1198 10 0 0 0 0 0 0 0 0 0 0 0 
1199 10 0 0 0 0 0 0 0 0 0 0 0 
1200 10 0 0 0 0 0 0 0 0 0 0 0 
1201 10 0 0 0 0 0 0 0 0 0 0 0 
1202 10 0 0 0 0 0 0 0 0 0 0 0 
1203 10 0 0 0 0 0 0 0 0 0 0 0 
1204 10 0 0 0 0 0 0 0 0 0 0 0 
1205 10 0 0 0 0 0 0 0 0 0 0 0 
1206 10 0 0 0 0 0 0 0 0 0 0 0 
1207 10 0 0 0 0 0 0 0 0 0 0 0 
1208 10 0 0 0 0 0 0 0 0 0 0 0 
1209 10 0 0 0 0 0 0 0 0 0 0 0 
1210 10 0 0 0 0 0 0 0 0 0 0 0 
1211 10 0 0 0 0 0 0 0 0 0 0 0 
1212 10 0 0 0 0 0 0 0 0 0 0 0 
1213 10 0 0 0 0 0 0 0 0 0 0 0 
1214 10 0 0 0 0 0 0 0 0 0 0 0 
1215 10 0 0 0 0 0 0 0 0 0 0 0 
1216 10 0 0 0 0 0 0 0 0 0 0 0 
1217 10 0 0 0 0 0 0 0 0 0 0 0 
1218 10 0 0 0 0 0 0 0 0 0 0 0 
1219 10 0 0 0 0 0 0 0 0 0 0 0 
1220 10 0 0 0 0 0 0 0 0 0 0 0 
1221 10 0 0 0 0 0 0 0 0 0 0 0 
1222 10 0 0 0 0 0 0 0 0 0 0 0 
1223 10 0 0 0 0 0 0 0 0 0 0 0 
1224 10 0 0 0 0 0 0 0 0 0 0 0 
1225 10 0 0 0 0 0 0 0 0 0 0 0 
1226 10 0 0 0 0 0 0 0 0 0 0 0 
1227 10 0 0 0 0 0 0 0 0 0 0 0 
1228 10 0 0 0 0 0 0 0 0 0 0 0 
1229 10 0 0 0 0 0 0 0 0 0 0 0 
1230 10 0 0 0 0 0 0 0 0 0 0 0 
1231 10 0 0 0 0 0 0 0 0 0 0 0 
1232 10 0 0 0 0 0 0 0 0 0 0 0 
1233 10 0 0 0 0 0 0 0 0 0 0 0 
1234 10 0 0 0 0 0 0 0 0 0 0 0 
1235 10 0 0 0 0 0 0 0 0 0 0 0 
1236 10 0 0 0 0 0 0 0 0 0 0 0 
1237 10 0 0 0 0 0 0 0 0 0 0 0 
1238 10 0 0 0 0 0 0 0 0 0 0 0 
1239 10 0 0 0 0 0 0 0 0 0 0 0 
1240 10 0 0 0 0 0 0 0 0 0 0 0 
1241 10 0 0 0 0 0 0 0 0 0 0 0 
1242 10 0 0 0 0 0 0 0 0 0 0 0 
1243 10 0 0 0 0 0 0 0 0 0 0 0 
1244 10 0 0 0 0 0 0 0 0 0 0 0 
1245 10 0 0 0 0 0 0 0 0 0 0 0 
1246 10 0 0 0 0 0 0 0 0 0 0 0 
1247 10 0 0 0 0 0 0 0 0 0 0 0 
1248 10 0 0 0 0 0 0 0 0 0 0 0 
1249 10 0 0 0 0 0 0 0 0 0 0 0 
1250 10 0 0 0 0 0 0 0 0 0 0 0 
1251 10 0 0 0 0 0 0 0 0 0 0 0 
1252 10 0 0 0 0 0 0 0 0 0 0 0 
1253 10 0 0 0 0 0 0 0 0 0 0 0 
1254 10 0 0 0 0 0 0 0 0 0 0 0 
1255 10 0 0 0 0 0 0 0 0 0 0 0 
1256 10 0 0 0 0 0 0 0 0 0 0 0 
1257 10 0 0 0 0 0 0 0 0 0 0 0 
1258 10 0 0 0 0 0 0 0 0 0 0 0 
1259 10 0 0 0 0 0 0 0 0 0 0 0 
1260 10 0 0 0 0 0 0 0 0 0 0 0 
1261 10 0 0 0 0 0 0 0 0 0 0 0 
1262 10 0 0 0 0 0 0 0 0 0 0 0 
1263 10 0 0 0 0 0 0 0 0 0 0 0 
1264 10 0 0 0 0 0 0 0 0 0 0 0 
1265 10 0 0 0 0 0 0 0 0 0 0 0 
1266 10 0 0 0 0 0 0 0 0 0 0 0 
1267 10 0 0 0 0 0 0 0 0 0 0 0 
1268 10 0 0 0 0 0 0 0 0 0 0 0 
1269 10 0 0 0 0 0 0 0 0 0 0 0 
1270 10 0 0 0 0 0 0 0 0 0 0 0 
1271 10 0 0 0 0 0 0 0 0 0 0 0 
1272 10 0 0 0 0 0 0 0 0 0 0 0 
1273 10 0 0 0 0 0 0 0 0 0 0 0 
1274 10 0 0 0 0 0 0 0 0 0 0 0 
1275 10 0 0 0 0 0 0 0 0 0 0 0 
1276 10 0 0 0 0 0 0 0 0 0 0 0 
1277 10 0 0 0 0 0 0 0 0 0 0 0 
1278 10 0 0 0 0 0 0 0 0 0 0 0 
1279 10 0 0 0 0 0 0 0 0 0 0 0 
1280 10 0 0 0 0 0 0 0 0 0 0 0 
1281 10 0 0 0 0 0 0 0 0 0 0 0 
1282 10 0 0 0 0 0 0 0 0 0 0 0 
1283 10 0 0 0 0 0 0 0 0 0 0 0 
1284 10 0 0 0 0 0 0 0 0 0 0 0 
1285 10 0 0 0 0 0 0 0 0 0 0 0 
1286 10 0 0 0 0 0 0 0 0 0 0 0 
1287 10 0 0 0 0 0 0 0 0 0 0 0 
1288 10 0 0 0 0 0 0 0 0 0 0 0 
1289 10 0 0 0 0 0 0 0 0 0 0 0 
1290 10 0 0 0 0 0 0 0 0 0 0 0 
1291 10 0 0 0 0 0 0 0 0 0 0 0 
1292 10 0 0 0 0 0 0 0 0 0 0 0 
1293 10 0 0 0 0 0 0 0 0 0 0 0 
1294 10 0 0 0 0 0 0 0 0 0 0 0 
1295 10 0 0 0 0 0 0 0 0 0 0 0 
1296 10 0 0 0 0 0 0 0 0 0 0 0 
1297 10 0 0 0 0 0 0 0 0 0 0 0 
1298 10 0 0 0 0 0 0 0 0 0 0 0 
1299 10 0 0 0 0 0 0 0 0 0 0 0 
1300 10 0 0 0 0 0 0 0 0 0 0 0 
1301 10 0 0 0 0 0 0 0 0 0 0 0 
1302 10 0 0 0 0 0 0 0 0 0 0 0 
1303 10 0 0 0 0 0 0 0 0 0 0 0 
1304 10 0 0 0 0 0 0 0 0 0 0 0 
1305 10 0 0 0 0 0 0 0 0 0 0 0 
1306 10 0 0 0 0 0 0 0 0 0 0 0 
1307 10 0 0 0 0 0 0 0 0 0 0 0 
1308 10 0 0 0 0 0 0 0 0 0 0 0 
1309 10 0 0 0 0 0 0 0 0 0 0 0 
1310 10 0 0 0 0 0 0 0 0 0 0 0 
1311 10 0 0 0 0 0 0 0 0 0 0 0 
1312 10 0 0 0 0 0 0 0 0 0 0 0 
1313 10 0 0 0 0 0 0 0 0 0 0 0 
1314 10 0 0 0 0 0 0 0 0 0 0 0 
1315 10 0 0 0 0 0 0 0 0 0 0 0 
1316 10 0 0 0 0 0 0 0 0 0 0 0 
1317 10 0 0 0 0 0 0 0 0 0 0 0 
1318 10 0 0 0 0 0 0 0 0 0 0 0 
1319 10 0 0 0 0 0 0 0 0 0 0 0 
1320 10 0 0 0 0 0 0 0 0 0 0 0 
1321 10 0 0 0 0 0 0 0 0 0 0 0 
1322 10 0 0 0 0 0 0 0 0 0 0 0 
1323 10 0 0 0 0 0 0 0 0 0 0 0 
1324 10 0 0 0 0 0 0 0 0 0 0 0 
1325 10 0 0 0 0 0 0 0 0 0 0 0 
1326 10 0 0 0 0 0 0 0 0 0 0 0 
1327 10 0 0 0 0 0 0 0 0 0 0 0 
1328 10 0 0 0 0 0 0 0 0 0 0 0 
1329 10 0 0 0 0 0 0 0 0 0 0 0 
1330 10 0 0 0 0 0 0 0 0 0 0 0 
1331 10 0 0 0 0 0 0 0 0 0 0 0 
1332 10 0 0 0 0 0 0 0 0 0 0 0 
1333 10 0 0 0 0 0 0 0 0 0 0 0 
1334 10 0 0 0 0 0 0 0 0 0 0 0 
1335 10 0 0 0 0 0 0 0 0 0 0 0 
1336 10 0 0 0 0 0 0 0 0 0 0 0 
1337 10 0 0 0 0 0 0 0 0 0 0 0 
1338 10 0 0 0 0 0 0 0 0 0 0 0 
1339 10 0 0 0 0 0 0 0 0 0 0 0 
1340 10 0 0 0 0 0 0 0 0 0 0 0 
1341 10 0 0 0 0 0 0 0 0 0 0 0 
1342 10 0 0 0 0 0 0 0 0 0 0 0 
1343 10 0 0 0 0 0 0 0 0 0 0 0 
1344 10 0 0 0 0 0 0 0 0 0 0 0 
1345 10 0 0 0 0 0 0 0 0 0 0 0 
1346 10 0 0 0 0 0 0 0 0 0 0 0 
1347 10 0 0 0 0 0 0 0 0 0 0 0 
1348 10 0 0 0 0 0 0 0 0 0 0 0 
1349 10 0 0 0 0 0 0 0 0 0 0 0 
1350 10 0 0 0 0 0 0 0 0 0 0 0 
1351 10 0 0 0 0 0 0 0 0 0 0 0 
1352 10 0 0 0 0 0 0 0 0 0 0 0 
1353 10 0 0 0 0 0 0 0 0 0 0 0 
1354 10 0 0 0 0 0 0 0 0 0 0 0 
1355 10 0 0 0 0 0 0 0 0 0 0 0 
1356 10 0 0 0 0 0 0 0 0 0 0 0 
1357 10 0 0 0 0 0 0 0 0 0 0 0 
1358 10 0 0 0 0 0 0 0 0 0 0 0 
1359 10 0 0 0 0 0 0 0 0 0 0 0 
1360 10 0 0 0 0 0 0 0 0 0 0 0 
1361 10 0 0 0 0 0 0 0 0 0 0 0 
1362 10 0 0 0 0 0 0 0 0 0 0 0 
1363 10 0 0 0 0 0 0 0 0 0 0 0 
1364 10 0 0 0 0 0 0 0 0 0 0 0 
1365 10 0 0 0 0 0 0 0 0 0 0 0 
1366 10 0 0 0 0 0 0 0 0 0 0 0 
1367 10 0 0 0 0 0 0 0 0 0 0 0 
1368 10 0 0 0 0 0 0 0 0 0 0 0 
1369 10 0 0 0 0 0 0 0 0 0 0 0 
1370 10 0 0 0 0 0 0 0 0 0 0 0 
1371 10 0 0 0 0 0 0 0 0 0 0 0 
1372 10 0 0 0 0 0 0 0 0 0 0 0 
1373 10 0 0 0 0 0 0 0 0 0 0 0 
1374 10 0 0 0 0 0 0 0 0 0 0 0 
1375 10 0 0 0 0 0 0 0 0 0 0 0 
1376 10 0 0 0 0 0 0 0 0 0 0 0 
1377 10 0 0 0 0 0 0 0 0 0 0 0 
1378 10 0 0 0 0 0 0 0 0 0 0 0 
1379 10 0 0 0 0 0 0 0 0 0 0 0 
1380 10 0 0 0 0 0 0 0 0 0 0 0 
1381 10 0 0 0 0 0 0 0 0 0 0 0 
1382 10 0 0 0 0 0 0 0 0 0 0 0 
1383 10 0 0 0 0 0 0 0 0 0 0 0 
1384 10 0 0 0 0 0 0 0 0 0 0 0 
1385 10 0 0 0 0 0 0 0 0 0 0 0 
1386 10 0 0 0 0 0 0 0 0 0 0 0 
1387 10 0 0 0 0 0 0 0 0 0 0 0 
1388 10 0 0 0 0 0 0 0 0 0 0 0 
1389 10 0 0 0 0 0 0 0 0 0 0 0 
1390 10 0 0 0 0 0 0 0 0 0 0 0 
1391 10 0 0 0 0 0 0 0 0 0 0 0 
1392 10 0 0 0 0 0 0 0 0 0 0 0 
1393 10 0 0 0 0 0 0 0 0 0 0 0 
1394 10 0 0 0 0 0 0 0 0 0 0 0 
1395 10 0 0 0 0 0 0 0 0 0 0 0 
1396 10 0 0 0 0 0 0 0 0 0 0 0 
1397 10 0 0 0 0 0 0 0 0 0 0 0 
1398 10 0 0 0 0 0 0 0 0 0 0 0 
1399 10 0 0 0 0 0 0 0 0 0 0 0 
1400 10 0 0 0 0 0 0 0 0 0 0 0 
1401 10 0 0 0 0 0 0 0 0 0 0 0 
1402 10 0 0 0 0 0 0 0 0 0 0 0 
1403 10 0 0 0 0 0 0 0 0 0 0 0 
1404 10 0 0 0 0 0 0 0 0 0 0 0 
1405 10 0 0 0 0 0 0 0 0 0 0 0 
1406 10 0 0 0 0 0 0 0 0 0 0 0 
1407 10 5 0 0 0 0 0 0 0 0 0 0 
1408 10 6 0 0 0 0 0 0 0 0 0 0 
1409 10 0 0 0 0 0 0 0 0 0 0 0 
1410 10 0 0 0 0 0 0 0 0 0 0 0 
1411 10 0 0 0 0 0 0 0 0 0 0 0 
1412 10 0 0 0 0 0 0 0 0 0 0 0 
1413 10 0 0 0 0 0 0 0 0 0 0 0 
1414 10 0 0 0 0 0 0 0 0 0 0 0 
1415 10 9 0 0 0 0 0 0 0 0 0 0 
1416 10 10 0 0 0 0 0 0 0 0 0 0 
1417 10 0 0 0 0 0 0 0 0 0 0 0 
1418 10 0 0 0 0 0 0 0 0 0 0 0 
1419 10 0 0 0 0 0 0 0 0 0 0 0 
1420 10 0 0 0 0 0 0 0 0 0 0 0 
1421 10 0 0 0 0 0 0 0 0 0 0 0 
1422 10 0 0 0 0 0 0 0 0 0 0 0 
1423 10 0 0 0 0 0 0 0 0 0 0 0 
1424 10 0 0 0 0 0 0 0 0 0 0 0 
1425 10 0 0 0 0 0 0 0 0 0 0 0 
1426 10 0 0 0 0 0 0 0 0 0 0 0 
1427 10 0 0 0 0 0 0 0 0 0 0 0 
1428 10 0 0 0 0 0 0 0 0 0 0 0 
1429 10 0 0 0 0 0 0 0 0 0 0 0 
1430 10 0 0 0 0 0 0 0 0 0 0 0 
1431 10 0 0 0 0 0 0 0 0 0 0 0 
1432 10 0 0 0 0 0 0 0 0 0 0 0 
1433 10 0 0 0 0 0 0 0 0 0 0 0 
1434 10 0 0 0 0 0 0 0 0 0 0 0 
1435 10 0 0 0 0 0 0 0 0 0 0 0 
1436 10 0 0 0 0 0 0 0 0 0 0 0 
1437 10 0 0 0 0 0 0 0 0 0 0 0 
1438 10 0 0 0 0 0 0 0 0 0 0 0 
1439 10 0 0 0 0 0 0 0 0 0 0 0 
1440 10 0 0 0 0 0 0 0 0 0 0 0 
1441 10 0 0 0 0 0 0 0 0 0 0 0 
1442 10 0 0 0 0 0 0 0 0 0 0 0 
1443 10 0 0 0 0 0 0 0 0 0 0 0 
1444 10 0 0 0 0 0 0 0 0 0 0 0 
1445 10 0 0 0 0 0 0 0 0 0 0 0 
1446 10 0 0 0 0 0 0 0 0 0 0 0 
1447 10 0 0 0 0 0 0 0 0 0 0 0 
1448 10 0 0 0 0 0 0 0 0 0 0 0 
1449 10 23 0 0 0 0 0 0 0 0 0 0 
1450 10 24 0 0 0 0 0 0 0 0 0 0 
1451 10 0 0 0 0 0 0 0 0 0 0 0 
1452 10 0 0 0 0 0 0 0 0 0 0 0 
1453 10 26 0 0 0 0 0 0 0 0 0 0 
1454 10 27 0 0 0 0 0 0 0 0 0 0 
1455 10 28 0 0 0 0 0 0 0 0 0 0 
1456 10 29 0 0 0 0 0 0 0 0 0 0 
1457 10 0 0 0 0 0 0 0 0 0 0 0 
1458 10 0 0 0 0 0 0 0 0 0 0 0 
1459 10 31 0 0 0 0 0 0 0 0 0 0 
1460 10 32 0 0 0 0 0 0 0 0 0 0 
1461 10 33 0 0 0 0 0 0 0 0 0 0 
1462 10 34 0 0 0 0 0 0 0 0 0 0 
1463 10 35 0 0 0 0 0 0 0 0 0 0 
1464 10 36 0 0 0 0 0 0 0 0 0 0 
1465 10 37 0 0 0 0 0 0 0 0 0 0 
1466 10 38 0 0 0 0 0 0 0 0 0 0 
1467 10 39 0 0 0 0 0 0 0 0 0 0 
1468 10 40 0 0 0 0 0 0 0 0 0 0 
1469 10 0 0 0 0 0 0 0 0 0 0 0 
1470 10 0 0 0 0 0 0 0 0 0 0 0 
1471 10 0 0 0 0 0 0 0 0 0 0 0 
1472 10 0 0 0 0 0 0 0 0 0 0 0 
1473 10 0 0 0 0 0 0 0 0 0 0 0 
1474 10 0 0 0 0 0 0 0 0 0 0 0 
1475 10 0 0 0 0 0 0 0 0 0 0 0 
1476 10 0 0 0 0 0 0 0 0 0 0 0 
1477 10 0 0 0 0 0 0 0 0 0 0 0 
1478 10 0 0 0 0 0 0 0 0 0 0 0 
1479 10 0 0 0 0 0 0 0 0 0 0 0 
1480 10 0 0 0 0 0 0 0 0 0 0 0 
1481 10 0 0 0 0 0 0 0 0 0 0 0 
1482 10 0 0 0 0 0 0 0 0 0 0 0 
1483 10 0 0 0 0 0 0 0 0 0 0 0 
1484 10 0 0 0 0 0 0 0 0 0 0 0 
1485 10 0 0 0 0 0 0 0 0 0 0 0 
1486 10 0 0 0 0 0 0 0 0 0 0 0 
1487 10 0 0 0 0 0 0 0 0 0 0 0 
1488 10 0 0 0 0 0 0 0 0 0 0 0 
1489 10 0 0 0 0 0 0 0 0 0 0 0 
1490 10 0 0 0 0 0 0 0 0 0 0 0 
1491 10 0 0 0 0 0 0 0 0 0 0 0 
1492 10 0 0 0 0 0 0 0 0 0 0 0 
1493 10 0 0 0 0 0 0 0 0 0 0 0 
1494 10 0 0 0 0 0 0 0 0 0 0 0 
1495 10 0 0 0 0 0 0 0 0 0 0 0 
1496 10 0 0 0 0 0 0 0 0 0 0 0 
1497 10 0 0 0 0 0 0 0 0 0 0 0 
1498 10 0 0 0 0 0 0 0 0 0 0 0 
1499 10 0 0 0 0 0 0 0 0 0 0 0 
1500 10 0 0 0 0 0 0 0 0 0 0 0 
1501 10 0 0 0 0 0 0 0 0 0 0 0 
1502 10 0 0 0 0 0 0 0 0 0 0 0 
1503 10 0 0 0 0 0 0 0 0 0 0 0 
1504 10 0 0 0 0 0 0 0 0 0 0 0 
1505 10 0 0 0 0 0 0 0 0 0 0 0 
1506 10 0 0 0 0 0 0 0 0 0 0 0 
1507 10 0 0 0 0 0 0 0 0 0 0 0 
1508 10 0 0 0 0 0 0 0 0 0 0 0 
1509 10 0 0 0 0 0 0 0 0 0 0 0 
1510 10 0 0 0 0 0 0 0 0 0 0 0 
1511 10 0 0 0 0 0 0 0 0 0 0 0 
1512 10 0 0 0 0 0 0 0 0 0 0 0 
1513 10 0 0 0 0 0 0 0 0 0 0 0 
1514 10 0 0 0 0 0 0 0 0 0 0 0 
1515 10 0 0 0 0 0 0 0 0 0 0 0 
1516 10 0 0 0 0 0 0 0 0 0 0 0 
1517 10 0 0 0 0 0 0 0 0 0 0 0 
1518 10 0 0 0 0 0 0 0 0 0 0 0 
1519 10 0 0 0 0 0 0 0 0 0 0 0 
1520 10 0 0 0 0 0 0 0 0 0 0 0 
1521 10 0 0 0 0 0 0 0 0 0 0 0 
1522 10 0 0 0 0 0 0 0 0 0 0 0 
1523 10 0 0 0 0 0 0 0 0 0 0 0 
1524 10 0 0 0 0 0 0 0 0 0 0 0 
1525 10 0 0 0 0 0 0 0 0 0 0 0 
1526 10 0 0 0 0 0 0 0 0 0 0 0 
1527 10 0 0 0 0 0 0 0 0 0 0 0 
1528 10 0 0 0 0 0 0 0 0 0 0 0 
1529 10 0 0 0 0 0 0 0 0 0 0 0 
1530 10 0 0 0 0 0 0 0 0 0 0 0 
1531 10 0 0 0 0 0 0 0 0 0 0 0 
1532 10 0 0 0 0 0 0 0 0 0 0 0 
1533 10 0 0 0 0 0 0 0 0 0 0 0 
1534 10 0 0 0 0 0 0 0 0 0 0 0 
1535 10 0 0 0 0 0 0 0 0 0 0 0 
1536 10 0 0 0 0 0 0 0 0 0 0 0 
1537 10 0 0 0 0 0 0 0 0 0 0 0 
1538 10 0 0 0 0 0 0 0 0 0 0 0 
1539 10 0 0 0 0 0 0 0 0 0 0 0 
1540 10 0 0 0 0 0 0 0 0 0 0 0 
1541 10 0 0 0 0 0 0 0 0 0 0 0 
1542 10 0 0 0 0 0 0 0 0 0 0 0 
1543 10 0 0 0 0 0 0 0 0 0 0 0 
1544 10 0 0 0 0 0 0 0 0 0 0 0 
1545 10 0 0 0 0 0 0 0 0 0 0 0 
1546 10 0 0 0 0 0 0 0 0 0 0 0 
1547 10 0 0 0 0 0 0 0 0 0 0 0 
1548 10 0 0 0 0 0 0 0 0 0 0 0 
1549 10 0 0 0 0 0 0 0 0 0 0 0 
1550 10 0 0 0 0 0 0 0 0 0 0 0 
1551 10 0 0 0 0 0 0 0 0 0 0 0 
1552 10 0 0 0 0 0 0 0 0 0 0 0 
1553 10 0 0 0 0 0 0 0 0 0 0 0 
1554 10 0 0 0 0 0 0 0 0 0 0 0 
1555 10 0 0 0 0 0 0 0 0 0 0 0 
1556 10 0 0 0 0 0 0 0 0 0 0 0 
1557 10 0 0 0 0 0 0 0 0 0 0 0 
1558 10 0 0 0 0 0 0 0 0 0 0 0 
1559 10 0 0 0 0 0 0 0 0 0 0 0 
1560 10 0 0 0 0 0 0 0 0 0 0 0 
1561 10 0 0 0 0 0 0 0 0 0 0 0 
1562 10 0 0 0 0 0 0 0 0 0 0 0 
1563 10 0 0 0 0 0 0 0 0 0 0 0 
1564 10 0 0 0 0 0 0 0 0 0 0 0 
1565 10 0 0 0 0 0 0 0 0 0 0 0 
1566 10 0 0 0 0 0 0 0 0 0 0 0 
1567 10 0 0 0 0 0 0 0 0 0 0 0 
1568 10 0 0 0 0 0 0 0 0 0 0 0 
1569 10 0 0 0 0 0 0 0 0 0 0 0 
1570 10 0 0 0 0 0 0 0 0 0 0 0 
1571 10 0 0 0 0 0 0 0 0 0 0 0 
1572 10 0 0 0 0 0 0 0 0 0 0 0 
1573 10 0 0 0 0 0 0 0 0 0 0 0 
1574 10 0 0 0 0 0 0 0 0 0 0 0 
1575 10 0 0 0 0 0 0 0 0 0 0 0 
1576 10 0 0 0 0 0 0 0 0 0 0 0 
1577 10 0 0 0 0 0 0 0 0 0 0 0 
1578 10 0 0 0 0 0 0 0 0 0 0 0 
1579 10 0 0 0 0 0 0 0 0 0 0 0 
1580 10 0 0 0 0 0 0 0 0 0 0 0 
1581 10 0 0 0 0 0 0 0 0 0 0 0 
1582 10 0 0 0 0 0 0 0 0 0 0 0 
1583 10 0 0 0 0 0 0 0 0 0 0 0 
1584 10 0 0 0 0 0 0 0 0 0 0 0 
1585 10 0 0 0 0 0 0 0 0 0 0 0 
1586 10 0 0 0 0 0 0 0 0 0 0 0 
1587 10 0 0 0 0 0 0 0 0 0 0 0 
1588 10 0 0 0 0 0 0 0 0 0 0 0 
1589 10 0 0 0 0 0 0 0 0 0 0 0 
1590 10 0 0 0 0 0 0 0 0 0 0 0 
1591 10 0 0 0 0 0 0 0 0 0 0 0 
1592 10 0 0 0 0 0 0 0 0 0 0 0 
1593 10 0 0 0 0 0 0 0 0 0 0 0 
1594 10 0 0 0 0 0 0 0 0 0 0 0 
1595 10 0 0 0 0 0 0 0 0 0 0 0 
1596 10 0 0 0 0 0 0 0 0 0 0 0 
1597 10 0 0 0 0 0 0 0 0 0 0 0 
1598 10 0 0 0 0 0 0 0 0 0 0 0 
1599 10 0 0 0 0 0 0 0 0 0 0 0 
1600 10 0 0 0 0 0 0 0 0 0 0 0 
1601 10 0 0 0 0 0 0 0 0 0 0 0 
1602 10 0 0 0 0 0 0 0 0 0 0 0 
1603 10 0 0 0 0 0 0 0 0 0 0 0 
1604 10 0 0 0 0 0 0 0 0 0 0 0 
1605 10 0 0 0 0 0 0 0 0 0 0 0 
1606 10 0 0 0 0 0 0 0 0 0 0 0 
1607 10 53 0 0 0 0 0 0 0 0 0 0 
1608 10 54 0 0 0 0 0 0 0 0 0 0 
1609 10 0 0 0 0 0 0 0 0 0 0 0 
1610 10 0 0 0 0 0 0 0 0 0 0 0 
1611 10 0 0 0 0 0 0 0 0 0 0 0 
1612 10 0 0 0 0 0 0 0 0 0 0 0 
1613 10 57 0 0 0 0 0 0 0 0 0 0 
1614 10 58 0 0 0 0 0 0 0 0 0 0 
1615 10 59 0 0 0 0 0 0 0 0 0 0 
1616 10 60 0 0 0 0 0 0 0 0 0 0 
1617 10 61 0 0 0 0 0 0 0 0 0 0 
1618 10 62 0 0 0 0 0 0 0 0 0 0 
1619 10 63 0 0 0 0 0 0 0 0 0 0 
1620 10 64 0 0 0 0 0 0 0 0 0 0 
1621 10 65 0 0 0 0 0 0 0 0 0 0 
1622 10 66 0 0 0 0 0 0 0 0 0 0 
1623 10 0 0 0 0 0 0 0 0 0 0 0 
1624 10 0 0 0 0 0 0 0 0 0 0 0 
1625 10 0 0 0 0 0 0 0 0 0 0 0 
1626 10 0 0 0 0 0 0 0 0 0 0 0 
1627 10 0 0 0 0 0 0 0 0 0 0 0 
1628 10 0 0 0 0 0 0 0 0 0 0 0 
1629 10 0 0 0 0 0 0 0 0 0 0 0 
1630 10 0 0 0 0 0 0 0 0 0 0 0 
1631 10 0 0 0 0 0 0 0 0 0 0 0 
1632 10 0 0 0 0 0 0 0 0 0 0 0 
1633 10 0 0 0 0 0 0 0 0 0 0 0 
1634 10 0 0 0 0 0 0 0 0 0 0 0 
1635 10 0 0 0 0 0 0 0 0 0 0 0 
1636 10 0 0 0 0 0 0 0 0 0 0 0 
1637 10 0 0 0 0 0 0 0 0 0 0 0 
1638 10 0 0 0 0 0 0 0 0 0 0 0 
1639 10 0 0 0 0 0 0 0 0 0 0 0 
1640 10 0 0 0 0 0 0 0 0 0 0 0 
1641 10 0 0 0 0 0 0 0 0 0 0 0 
1642 10 0 0 0 0 0 0 0 0 0 0 0 
1643 10 0 0 0 0 0 0 0 0 0 0 0 
1644 10 0 0 0 0 0 0 0 0 0 0 0 
1645 10 0 0 0 0 0 0 0 0 0 0 0 
1646 10 0 0 0 0 0 0 0 0 0 0 0 
1647 10 0 0 0 0 0 0 0 0 0 0 0 
1648 10 0 0 0 0 0 0 0 0 0 0 0 
1649 10 0 0 0 0 0 0 0 0 0 0 0 
1650 10 0 0 0 0 0 0 0 0 0 0 0 
1651 10 0 0 0 0 0 0 0 0 0 0 0 
1652 10 0 0 0 0 0 0 0 0 0 0 0 
1653 10 0 0 0 0 0 0 0 0 0 0 0 
1654 10 0 0 0 0 0 0 0 0 0 0 0 
1655 10 0 0 0 0 0 0 0 0 0 0 0 
1656 10 0 0 0 0 0 0 0 0 0 0 0 
1657 10 0 0 0 0 0 0 0 0 0 0 0 
1658 10 0 0 0 0 0 0 0 0 0 0 0 
1659 10 0 0 0 0 0 0 0 0 0 0 0 
1660 10 0 0 0 0 0 0 0 0 0 0 0 
1661 10 0 0 0 0 0 0 0 0 0 0 0 
1662 10 0 0 0 0 0 0 0 0 0 0 0 
1663 10 0 0 0 0 0 0 0 0 0 0 0 
1664 10 0 0 0 0 0 0 0 0 0 0 0 
1665 10 0 0 0 0 0 0 0 0 0 0 0 
1666 10 0 0 0 0 0 0 0 0 0 0 0 
1667 10 0 0 0 0 0 0 0 0 0 0 0 
1668 10 0 0 0 0 0 0 0 0 0 0 0 
1669 10 0 0 0 0 0 0 0 0 0 0 0 
1670 10 0 0 0 0 0 0 0 0 0 0 0 
1671 10 0 0 0 0 0 0 0 0 0 0 0 
1672 10 0 0 0 0 0 0 0 0 0 0 0 
1673 10 0 0 0 0 0 0 0 0 0 0 0 
1674 10 0 0 0 0 0 0 0 0 0 0 0 
1675 10 0 0 0 0 0 0 0 0 0 0 0 
1676 10 0 0 0 0 0 0 0 0 0 0 0 
1677 10 0 0 0 0 0 0 0 0 0 0 0 
1678 10 0 0 0 0 0 0 0 0 0 0 0 
1679 10 0 0 0 0 0 0 0 0 0 0 0 
1680 10 0 0 0 0 0 0 0 0 0 0 0 
1681 10 0 0 0 0 0 0 0 0 0 0 0 
1682 10 0 0 0 0 0 0 0 0 0 0 0 
1683 10 0 0 0 0 0 0 0 0 0 0 0 
1684 10 0 0 0 0 0 0 0 0 0 0 0 
1685 10 0 0 0 0 0 0 0 0 0 0 0 
1686 10 0 0 0 0 0 0 0 0 0 0 0 
1687 10 0 0 0 0 0 0 0 0 0 0 0 
1688 10 0 0 0 0 0 0 0 0 0 0 0 
1689 10 0 0 0 0 0 0 0 0 0 0 0 
1690 10 0 0 0 0 0 0 0 0 0 0 0 
1691 10 0 0 0 0 0 0 0 0 0 0 0 
1692 10 0 0 0 0 0 0 0 0 0 0 0 
1693 10 0 0 0 0 0 0 0 0 0 0 0 
1694 10 0 0 0 0 0 0 0 0 0 0 0 
1695 10 0 0 0 0 0 0 0 0 0 0 0 
1696 10 0 0 0 0 0 0 0 0 0 0 0 
1697 10 0 0 0 0 0 0 0 0 0 0 0 
1698 10 0 0 0 0 0 0 0 0 0 0 0 
1699 10 0 0 0 0 0 0 0 0 0 0 0 
1700 10 0 0 0 0 0 0 0 0 0 0 0 
1701 10 0 0 0 0 0 0 0 0 0 0 0 
1702 10 0 0 0 0 0 0 0 0 0 0 0 
1703 10 0 0 0 0 0 0 0 0 0 0 0 
1704 10 0 0 0 0 0 0 0 0 0 0 0 
1705 10 76 0 0 0 0 0 0 0 0 0 0 
1706 10 77 0 0 0 0 0 0 0 0 0 0 
1707 10 78 0 0 0 0 0 0 0 0 0 0 
1708 10 79 0 0 0 0 0 0 0 0 0 0 
1709 10 0 0 0 0 0 0 0 0 0 0 0 
1710 10 0 0 0 0 0 0 0 0 0 0 0 
1711 10 0 0 0 0 0 0 0 0 0 0 0 
1712 10 0 0 0 0 0 0 0 0 0 0 0 
1713 10 0 0 0 0 0 0 0 0 0 0 0 
1714 10 0 0 0 0 0 0 0 0 0 0 0 
1715 10 0 0 0 0 0 0 0 0 0 0 0 
1716 10 0 0 0 0 0 0 0 0 0 0 0 
1717 10 0 0 0 0 0 0 0 0 0 0 0 
1718 10 0 0 0 0 0 0 0 0 0 0 0 
1719 10 0 0 0 0 0 0 0 0 0 0 0 
1720 10 0 0 0 0 0 0 0 0 0 0 0 
1721 10 0 0 0 0 0 0 0 0 0 0 0 
1722 10 0 0 0 0 0 0 0 0 0 0 0 
1723 10 0 0 0 0 0 0 0 0 0 0 0 
1724 10 0 0 0 0 0 0 0 0 0 0 0 
1725 10 0 0 0 0 0 0 0 0 0 0 0 
1726 10 0 0 0 0 0 0 0 0 0 0 0 
1727 10 0 0 0 0 0 0 0 0 0 0 0 
1728 10 0 0 0 0 0 0 0 0 0 0 0 
1729 10 0 0 0 0 0 0 0 0 0 0 0 
1730 10 0 0 0 0 0 0 0 0 0 0 0 
1731 10 0 0 0 0 0 0 0 0 0 0 0 
1732 10 0 0 0 0 0 0 0 0 0 0 0 
1733 10 0 0 0 0 0 0 0 0 0 0 0 
1734 10 0 0 0 0 0 0 0 0 0 0 0 
1735 10 0 0 0 0 0 0 0 0 0 0 0 
1736 10 0 0 0 0 0 0 0 0 0 0 0 
1737 10 0 0 0 0 0 0 0 0 0 0 0 
1738 10 0 0 0 0 0 0 0 0 0 0 0 
1739 10 0 0 0 0 0 0 0 0 0 0 0 
1740 10 0 0 0 0 0 0 0 0 0 0 0 
1741 10 0 0 0 0 0 0 0 0 0 0 0 
1742 10 0 0 0 0 0 0 0 0 0 0 0 
1743 10 0 0 0 0 0 0 0 0 0 0 0 
1744 10 0 0 0 0 0 0 0 0 0 0 0 
1745 10 0 0 0 0 0 0 0 0 0 0 0 
1746 10 0 0 0 0 0 0 0 0 0 0 0 
1747 10 0 0 0 0 0 0 0 0 0 0 0 
1748 10 0 0 0 0 0 0 0 0 0 0 0 
1749 10 0 0 0 0 0 0 0 0 0 0 0 
1750 10 0 0 0 0 0 0 0 0 0 0 0 
1751 10 0 0 0 0 0 0 0 0 0 0 0 
1752 10 0 0 0 0 0 0 0 0 0 0 0 
1753 10 0 0 0 0 0 0 0 0 0 0 0 
1754 10 0 0 0 0 0 0 0 0 0 0 0 
1755 10 0 0 0 0 0 0 0 0 0 0 0 
1756 10 0 0 0 0 0 0 0 0 0 0 0 
1757 10 0 0 0 0 0 0 0 0 0 0 0 
1758 10 0 0 0 0 0 0 0 0 0 0 0 
1759 10 0 0 0 0 0 0 0 0 0 0 0 
1760 10 0 0 0 0 0 0 0 0 0 0 0 
1761 10 0 0 0 0 0 0 0 0 0 0 0 
1762 10 0 0 0 0 0 0 0 0 0 0 0 
1763 10 0 0 0 0 0 0 0 0 0 0 0 
1764 10 0 0 0 0 0 0 0 0 0 0 0 
1765 10 0 0 0 0 0 0 0 0 0 0 0 
1766 10 0 0 0 0 0 0 0 0 0 0 0 
1767 10 0 0 0 0 0 0 0 0 0 0 0 
1768 10 0 0 0 0 0 0 0 0 0 0 0 
1769 10 0 0 0 0 0 0 0 0 0 0 0 
1770 10 0 0 0 0 0 0 0 0 0 0 0 
1771 10 0 0 0 0 0 0 0 0 0 0 0 
1772 10 0 0 0 0 0 0 0 0 0 0 0 
1773 10 0 0 0 0 0 0 0 0 0 0 0 
1774 10 0 0 0 0 0 0 0 0 0 0 0 
1775 10 0 0 0 0 0 0 0 0 0 0 0 
1776 10 0 0 0 0 0 0 0 0 0 0 0 
1777 10 0 0 0 0 0 0 0 0 0 0 0 
1778 10 0 0 0 0 0 0 0 0 0 0 0 
1779 10 0 0 0 0 0 0 0 0 0 0 0 
1780 10 0 0 0 0 0 0 0 0 0 0 0 
1781 10 0 0 0 0 0 0 0 0 0 0 0 
1782 10 0 0 0 0 0 0 0 0 0 0 0 
1783 10 0 0 0 0 0 0 0 0 0 0 0 
1784 10 0 0 0 0 0 0 0 0 0 0 0 
1785 10 0 0 0 0 0 0 0 0 0 0 0 
1786 10 0 0 0 0 0 0 0 0 0 0 0 
1787 10 0 0 0 0 0 0 0 0 0 0 0 
1788 10 0 0 0 0 0 0 0 0 0 0 0 
1789 10 0 0 0 0 0 0 0 0 0 0 0 
1790 10 0 0 0 0 0 0 0 0 0 0 0 
1791 10 0 0 0 0 0 0 0 0 0 0 0 
1792 10 0 0 0 0 0 0 0 0 0 0 0 
1793 10 0 0 0 0 0 0 0 0 0 0 0 
1794 10 0 0 0 0 0 0 0 0 0 0 0 
1795 10 0 0 0 0 0 0 0 0 0 0 0 
1796 10 0 0 0 0 0 0 0 0 0 0 0 
1797 10 0 0 0 0 0 0 0 0 0 0 0 
1798 10 0 0 0 0 0 0 0 0 0 0 0 
1799 10 87 0 0 0 0 0 0 0 0 0 0 
1800 10 88 0 0 0 0 0 0 0 0 0 0 
1801 10 0 0 0 0 0 0 0 0 0 0 0 
1802 10 0 0 0 0 0 0 0 0 0 0 0 
1803 10 0 0 0 0 0 0 0 0 0 0 0 
1804 10 0 0 0 0 0 0 0 0 0 0 0 
1805 10 0 0 0 0 0 0 0 0 0 0 0 
1806 10 0 0 0 0 0 0 0 0 0 0 0 
1807 10 0 0 0 0 0 0 0 0 0 0 0 
1808 10 0 0 0 0 0 0 0 0 0 0 0 
1809 10 0 0 0 0 0 0 0 0 0 0 0 
1810 10 0 0 0 0 0 0 0 0 0 0 0 
1811 10 0 0 0 0 0 0 0 0 0 0 0 
1812 10 0 0 0 0 0 0 0 0 0 0 0 
1813 10 0 0 0 0 0 0 0 0 0 0 0 
1814 10 0 0 0 0 0 0 0 0 0 0 0 
1815 10 0 0 0 0 0 0 0 0 0 0 0 
1816 10 0 0 0 0 0 0 0 0 0 0 0 
1817 10 0 0 0 0 0 0 0 0 0 0 0 
1818 10 0 0 0 0 0 0 0 0 0 0 0 
1819 10 0 0 0 0 0 0 0 0 0 0 0 
1820 10 0 0 0 0 0 0 0 0 0 0 0 
1821 10 0 0 0 0 0 0 0 0 0 0 0 
1822 10 0 0 0 0 0 0 0 0 0 0 0 
1823 10 0 0 0 0 0 0 0 0 0 0 0 
1824 10 0 0 0 0 0 0 0 0 0 0 0 
1825 10 0 0 0 0 0 0 0 0 0 0 0 
1826 10 0 0 0 0 0 0 0 0 0 0 0 
1827 10 0 0 0 0 0 0 0 0 0 0 0 
1828 10 0 0 0 0 0 0 0 0 0 0 0 
1829 10 0 0 0 0 0 0 0 0 0 0 0 
1830 10 0 0 0 0 0 0 0 0 0 0 0 
1831 10 0 0 0 0 0 0 0 0 0 0 0 
1832 10 0 0 0 0 0 0 0 0 0 0 0 
1833 10 0 0 0 0 0 0 0 0 0 0 0 
1834 10 0 0 0 0 0 0 0 0 0 0 0 
1835 10 0 0 0 0 0 0 0 0 0 0 0 
1836 10 0 0 0 0 0 0 0 0 0 0 0 
1837 10 0 0 0 0 0 0 0 0 0 0 0 
1838 10 0 0 0 0 0 0 0 0 0 0 0 
1839 10 0 0 0 0 0 0 0 0 0 0 0 
1840 10 0 0 0 0 0 0 0 0 0 0 0 
1841 10 0 0 0 0 0 0 0 0 0 0 0 
1842 10 0 0 0 0 0 0 0 0 0 0 0 
1843 10 0 0 0 0 0 0 0 0 0 0 0 
1844 10 0 0 0 0 0 0 0 0 0 0 0 
1845 10 0 0 0 0 0 0 0 0 0 0 0 
1846 10 0 0 0 0 0 0 0 0 0 0 0 
1847 10 0 0 0 0 0 0 0 0 0 0 0 
1848 10 0 0 0 0 0 0 0 0 0 0 0 
1849 10 0 0 0 0 0 0 0 0 0 0 0 
1850 10 0 0 0 0 0 0 0 0 0 0 0 
1851 10 0 0 0 0 0 0 0 0 0 0 0 
1852 10 0 0 0 0 0 0 0 0 0 0 0 
1853 10 0 0 0 0 0 0 0 0 0 0 0 
1854 10 0 0 0 0 0 0 0 0 0 0 0 
1855 10 0 0 0 0 0 0 0 0 0 0 0 
1856 10 0 0 0 0 0 0 0 0 0 0 0 
1857 10 0 0 0 0 0 0 0 0 0 0 0 
1858 10 0 0 0 0 0 0 0 0 0 0 0 
1859 10 0 0 0 0 0 0 0 0 0 0 0 
1860 10 0 0 0 0 0 0 0 0 0 0 0 
1861 10 0 0 0 0 0 0 0 0 0 0 0 
1862 10 0 0 0 0 0 0 0 0 0 0 0 
1863 10 0 0 0 0 0 0 0 0 0 0 0 
1864 10 0 0 0 0 0 0 0 0 0 0 0 
1865 10 0 0 0 0 0 0 0 0 0 0 0 
1866 10 0 0 0 0 0 0 0 0 0 0 0 
1867 10 0 0 0 0 0 0 0 0 0 0 0 
1868 10 0 0 0 0 0 0 0 0 0 0 0 
1869 10 0 0 0 0 0 0 0 0 0 0 0 
1870 10 0 0 0 0 0 0 0 0 0 0 0 
1871 10 0 0 0 0 0 0 0 0 0 0 0 
1872 10 0 0 0 0 0 0 0 0 0 0 0 
1873 10 0 0 0 0 0 0 0 0 0 0 0 
1874 10 0 0 0 0 0 0 0 0 0 0 0 
1875 10 0 0 0 0 0 0 0 0 0 0 0 
1876 10 0 0 0 0 0 0 0 0 0 0 0 
1877 10 0 0 0 0 0 0 0 0 0 0 0 
1878 10 0 0 0 0 0 0 0 0 0 0 0 
1879 10 0 0 0 0 0 0 0 0 0 0 0 
1880 10 0 0 0 0 0 0 0 0 0 0 0 
1881 10 0 0 0 0 0 0 0 0 0 0 0 
1882 10 0 0 0 0 0 0 0 0 0 0 0 
1883 10 0 0 0 0 0 0 0 0 0 0 0 
1884 10 0 0 0 0 0 0 0 0 0 0 0 
1885 10 0 0 0 0 0 0 0 0 0 0 0 
1886 10 0 0 0 0 0 0 0 0 0 0 0 
1887 10 0 0 0 0 0 0 0 0 0 0 0 
1888 10 0 0 0 0 0 0 0 0 0 0 0 
1889 10 0 0 0 0 0 0 0 0 0 0 0 
1890 10 0 0 0 0 0 0 0 0 0 0 0 
1891 10 0 0 0 0 0 0 0 0 0 0 0 
1892 10 0 0 0 0 0 0 0 0 0 0 0 
1893 10 0 0 0 0 0 0 0 0 0 0 0 
1894 10 0 0 0 0 0 0 0 0 0 0 0 
1895 10 0 0 0 0 0 0 0 0 0 0 0 
1896 10 0 0 0 0 0 0 0 0 0 0 0 
1897 10 0 0 0 0 0 0 0 0 0 0 0 
1898 10 0 0 0 0 0 0 0 0 0 0 0 
1899 10 0 0 0 0 0 0 0 0 0 0 0 
1900 10 0 0 0 0 0 0 0 0 0 0 0 
1901 10 0 0 0 0 0 0 0 0 0 0 0 
1902 10 0 0 0 0 0 0 0 0 0 0 0 
1903 10 0 0 0 0 0 0 0 0 0 0 0 
1904 10 0 0 0 0 0 0 0 0 0 0 0 
1905 10 0 0 0 0 0 0 0 0 0 0 0 
1906 10 0 0 0 0 0 0 0 0 0 0 0 
1907 10 0 0 0 0 0 0 0 0 0 0 0 
1908 10 0 0 0 0 0 0 0 0 0 0 0 
1909 10 0 0 0 0 0 0 0 0 0 0 0 
1910 10 0 0 0 0 0 0 0 0 0 0 0 
1911 10 0 0 0 0 0 0 0 0 0 0 0 
1912 10 0 0 0 0 0 0 0 0 0 0 0 
1913 10 0 0 0 0 0 0 0 0 0 0 0 
1914 10 0 0 0 0 0 0 0 0 0 0 0 
1915 10 0 0 0 0 0 0 0 0 0 0 0 
1916 10 0 0 0 0 0 0 0 0 0 0 0 
1917 10 0 0 0 0 0 0 0 0 0 0 0 
1918 10 0 0 0 0 0 0 0 0 0 0 0 
1919 10 96 0 0 0 0 0 0 0 0 0 0 
1920 10 97 0 0 0 0 0 0 0 0 0 0 
1921 10 0 0 0 0 0 0 0 0 0 0 0 
1922 10 0 0 0 0 0 0 0 0 0 0 0 
1923 10 0 0 0 0 0 0 0 0 0 0 0 
1924 10 0 0 0 0 0 0 0 0 0 0 0 
1925 10 0 0 0 0 0 0 0 0 0 0 0 
1926 10 0 0 0 0 0 0 0 0 0 0 0 
1927 10 100 0 0 0 0 0 0 0 0 0 0 
1928 10 101 0 0 0 0 0 0 0 0 0 0 
1929 10 102 0 0 0 0 0 0 0 0 0 0 
1930 10 103 0 0 0 0 0 0 0 0 0 0 
1931 10 104 0 0 0 0 0 0 0 0 0 0 
1932 10 105 0 0 0 0 0 0 0 0 0 0 
1933 10 106 0 0 0 0 0 0 0 0 0 0 
1934 10 107 0 0 0 0 0 0 0 0 0 0 
1935 10 108 0 0 0 0 0 0 0 0 0 0 
1936 10 109 0 0 0 0 0 0 0 0 0 0 
1937 10 110 0 0 0 0 0 0 0 0 0 0 
1938 10 111 0 0 0 0 0 0 0 0 0 0 
1939 10 0 0 0 0 0 0 0 0 0 0 0 
1940 10 0 0 0 0 0 0 0 0 0 0 0 
1941 10 0 0 0 0 0 0 0 0 0 0 0 
1942 10 0 0 0 0 0 0 0 0 0 0 0 
1943 10 113 0 0 0 0 0 0 0 0 0 0 
1944 10 114 0 0 0 0 0 0 0 0 0 0 
1945 10 0 0 0 0 0 0 0 0 0 0 0 
1946 10 0 0 0 0 0 0 0 0 0 0 0 
1947 10 0 0 0 0 0 0 0 0 0 0 0 
1948 10 0 0 0 0 0 0 0 0 0 0 0 
1949 10 117 0 0 0 0 0 0 0 0 0 0 
1950 10 118 0 0 0 0 0 0 0 0 0 0 
1951 10 0 0 0 0 0 0 0 0 0 0 0 
1952 10 0 0 0 0 0 0 0 0 0 0 0 
1953 10 0 0 0 0 0 0 0 0 0 0 0 
1954 10 0 0 0 0 0 0 0 0 0 0 0 
1955 10 0 0 0 0 0 0 0 0 0 0 0 
1956 10 0 0 0 0 0 0 0 0 0 0 0 
1957 10 0 0 0 0 0 0 0 0 0 0 0 
1958 10 0 0 0 0 0 0 0 0 0 0 0 
1959 10 0 0 0 0 0 0 0 0 0 0 0 
1960 10 0 0 0 0 0 0 0 0 0 0 0 
1961 10 0 0 0 0 0 0 0 0 0 0 0 
1962 10 0 0 0 0 0 0 0 0 0 0 0 
1963 10 0 0 0 0 0 0 0 0 0 0 0 
1964 10 0 0 0 0 0 0 0 0 0 0 0 
1965 10 0 0 0 0 0 0 0 0 0 0 0 
1966 10 0 0 0 0 0 0 0 0 0 0 0 
1967 10 0 0 0 0 0 0 0 0 0 0 0 
1968 10 0 0 0 0 0 0 0 0 0 0 0 
1969 10 0 0 0 0 0 0 0 0 0 0 0 
1970 10 0 0 0 0 0 0 0 0 0 0 0 
1971 10 0 0 0 0 0 0 0 0 0 0 0 
1972 10 0 0 0 0 0 0 0 0 0 0 0 
1973 10 0 0 0 0 0 0 0 0 0 0 0 
1974 10 0 0 0 0 0 0 0 0 0 0 0 
1975 10 0 0 0 0 0 0 0 0 0 0 0 
1976 10 0 0 0 0 0 0 0 0 0 0 0 
1977 10 0 0 0 0 0 0 0 0 0 0 0 
1978 10 0 0 0 0 0 0 0 0 0 0 0 
1979 10 0 0 0 0 0 0 0 0 0 0 0 
1980 10 0 0 0 0 0 0 0 0 0 0 0 
1981 10 0 0 0 0 0 0 0 0 0 0 0 
1982 10 0 0 0 0 0 0 0 0 0 0 0 
1983 10 0 0 0 0 0 0 0 0 0 0 0 
1984 10 0 0 0 0 0 0 0 0 0 0 0 
1985 10 0 0 0 0 0 0 0 0 0 0 0 
1986 10 0 0 0 0 0 0 0 0 0 0 0 
1987 10 0 0 0 0 0 0 0 0 0 0 0 
1988 10 0 0 0 0 0 0 0 0 0 0 0 
1989 10 0 0 0 0 0 0 0 0 0 0 0 
1990 10 0 0 0 0 0 0 0 0 0 0 0 
1991 10 0 0 0 0 0 0 0 0 0 0 0 
1992 10 0 0 0 0 0 0 0 0 0 0 0 
1993 10 0 0 0 0 0 0 0 0 0 0 0 
1994 10 0 0 0 0 0 0 0 0 0 0 0 
1995 10 0 0 0 0 0 0 0 0 0 0 0 
1996 10 0 0 0 0 0 0 0 0 0 0 0 
1997 10 0 0 0 0 0 0 0 0 0 0 0 
1998 10 0 0 0 0 0 0 0 0 0 0 0 
1999 10 0 0 0 0 0 0 0 0 0 0 0 
2000 10 0 0 0 0 0 0 0 0 0 0 0 
2001 10 0 0 0 0 0 0 0 0 0 0 0 
2002 10 0 0 0 0 0 0 0 0 0 0 0 
2003 10 0 0 0 0 0 0 0 0 0 0 0 
2004 10 0 0 0 0 0 0 0 0 0 0 0 
2005 10 0 0 0 0 0 0 0 0 0 0 0 
2006 10 0 0 0 0 0 0 0 0 0 0 0 
2007 10 0 0 0 0 0 0 0 0 0 0 0 
2008 10 0 0 0 0 0 0 0 0 0 0 0 
2009 10 0 0 0 0 0 0 0 0 0 0 0 
2010 10 0 0 0 0 0 0 0 0 0 0 0 
2011 10 0 0 0 0 0 0 0 0 0 0 0 
2012 10 0 0 0 0 0 0 0 0 0 0 0 
2013 10 0 0 0 0 0 0 0 0 0 0 0 
2014 10 0 0 0 0 0 0 0 0 0 0 0 
2015 10 0 0 0 0 0 0 0 0 0 0 0 
2016 10 0 0 0 0 0 0 0 0 0 0 0 
2017 10 0 0 0 0 0 0 0 0 0 0 0 
2018 10 0 0 0 0 0 0 0 0 0 0 0 
2019 10 0 0 0 0 0 0 0 0 0 0 0 
2020 10 0 0 0 0 0 0 0 0 0 0 0 
2021 10 0 0 0 0 0 0 0 0 0 0 0 
2022 10 0 0 0 0 0 0 0 0 0 0 0 
2023 10 0 0 0 0 0 0 0 0 0 0 0 
2024 10 0 0 0 0 0 0 0 0 0 0 0 
2025 10 0 0 0 0 0 0 0 0 0 0 0 
2026 10 0 0 0 0 0 0 0 0 0 0 0 
2027 10 0 0 0 0 0 0 0 0 0 0 0 
2028 10 0 0 0 0 0 0 0 0 0 0 0 
2029 10 0 0 0 0 0 0 0 0 0 0 0 
2030 10 0 0 0 0 0 0 0 0 0 0 0 
2031 10 0 0 0 0 0 0 0 0 0 0 0 
2032 10 0 0 0 0 0 0 0 0 0 0 0 
2033 10 0 0 0 0 0 0 0 0 0 0 0 
2034 10 0 0 0 0 0 0 0 0 0 0 0 
2035 10 0 0 0 0 0 0 0 0 0 0 0 
2036 10 0 0 0 0 0 0 0 0 0 0 0 
2037 10 0 0 0 0 0 0 0 0 0 0 0 
2038 10 0 0 0 0 0 0 0 0 0 0 0 
2039 10 0 0 0 0 0 0 0 0 0 0 0 
2040 10 0 0 0 0 0 0 0 0 0 0 0 
2041 10 0 0 0 0 0 0 0 0 0 0 0 
2042 10 0 0 0 0 0 0 0 0 0 0 0 
2043 10 0 0 0 0 0 0 0 0 0 0 0 
2044 10 0 0 0 0 0 0 0 0 0 0 0 
2045 10 0 0 0 0 0 0 0 0 0 0 0 
2046 10 0 0 0 0 0 0 0 0 0 0 0 

0 5 2 2 0.0720721 2 17 -14 17 -22 4 0.995169 103 -21 -22 -18 -23 16 -20 -21 -6 14 0 -19 0 -16 -17 -14 -15 -22 3 -22 8 -15 -25 -24 -10 -25 -7 -24 1 -18 44 -24 -7 19 -18 -12 14 20 13 11 -26 -18 -3 12 9 -16 16 -11 12 -13 29 11 40 -18 -15 18 -16 18 -11 -13 12 -11 0 -17 26 -20 8 -22 -24 -23 -7 -18 35 22 13 22 15 9 35 -21 -7 -15 13 -18 26 19 -21 -17 37 -17 29 -17 -16 18 -20 -16 23 7 41 -16 15 -16 6 -15 -26 -24 42 -8 -10 -16 -10 24 40 -14 36 15 14 7 10 -19 38 -13 -21 -14 9 -14 19 17 43 -25 -3 -10 -32 -11 40 -19 32 -19 35 -14 6 -19 30 -11 -28 -10 -26 5 39 -8 -3 15 29 25 44 -24 11 14 -10 -13 4 4 43 -20 16 -21 18 14 7 -18 24 -12 31 6 6 -7 -23 4 33 14 6 -23 10 -18 15 26 29 12 -17 1 -31 21 27 4 26 -19 18 14 -17 -11 28 13 33 10 -24 -12 17 
1 5 2 2 0.571429 2 13 39 13 -15 4 0.923077 6 25 41 24 -23 3 24 22 43 22 14 21 23 
2 5 2 2 0.956522 11 14 39 12 25 13 -13 11 -30 10 -5 13 25 14 -12 12 26 13 14 15 26 15 25 4 0.421053 2 23 21 21 42 
3 5 2 2 0.521739 3 14 32 15 40 17 -33 4 0.93617 11 25 16 25 -27 25 15 24 -30 12 2 16 -15 5 18 26 -31 10 -36 12 -35 25 -36 
4 5 2 2 0.0487805 1 15 39 4 0.996805 78 20 44 21 -13 11 20 14 45 20 -16 20 -30 10 -34 18 -32 12 33 -13 -20 -12 1 -12 -18 -12 -5 -16 -4 -22 -22 11 37 -11 4 -11 17 -25 -24 -12 9 -23 -3 -4 -18 -12 25 -4 -24 -11 45 -6 -11 -5 -5 -5 9 -20 -21 -23 -16 9 21 -5 40 -17 -3 -16 -14 0 -25 -20 42 -21 29 -21 42 -7 43 -7 34 -2 -33 -19 39 -5 -26 -17 -32 -17 35 -24 6 -19 34 -14 39 -22 22 -13 29 -23 33 -25 28 -25 39 -25 40 11 -30 -19 -13 -18 -36 -23 -32 -18 -21 -17 33 17 -30 15 -16 -24 -11 11 -33 18 36 8 -14 -7 -36 4 -33 -24 -32 19 -4 8 29 8 35 9 -35 -20 -30 1 -22 15 -37 2 -15 -21 -3 
5 5 2 2 0.945205 69 4 -30 7 -32 13 -44 8 -22 10 -32 7 2 6 4 5 -43 4 -2 -20 36 8 22 -10 -1 -13 -30 -10 -16 -20 -2 -12 2 -13 15 -10 -35 -10 -40 -13 -33 5 -9 6 -8 8 -8 -14 39 6 41 -19 15 -8 41 -5 40 -11 0 -13 24 -4 44 -15 40 10 -2 6 23 10 -23 -11 44 6 0 -13 -33 9 12 -13 38 -9 30 -2 40 -2 39 -10 -22 4 40 7 7 -15 18 -7 41 -5 42 -12 40 -19 -17 -14 41 -5 42 -14 25 -6 42 6 42 -14 40 -7 40 -20 41 -11 41 -12 18 -14 42 -13 -3 -10 4 -12 -19 -14 -8 -13 -8 -10 16 8 -15 4 0.481203 16 10 28 -10 28 6 -3 -18 -16 9 -15 15 -36 10 -22 16 -44 6 44 -13 42 -10 42 8 40 -25 -18 8 -13 10 -28 -13 -20 
6 5 2 2 0.571429 2 -11 14 -15 -11 4 0.923077 6 -14 -17 -21 -34 -12 2 -20 -3 -20 -27 -22 36 
7 5 2 2 0.5 1 -5 37 4 0.941176 4 -6 36 -8 38 -14 40 -8 38 
8 5 2 2 0.682927 7 4 -20 -9 45 8 43 11 -14 11 -7 8 -25 10 -11 4 0.881356 13 -16 15 -17 -40 -12 -25 -16 42 -17 2 -9 40 12 42 -18 18 -3 32 -19 35 -11 -18 0 44 -7 31 
9 5 2 2 0.489796 6 16 29 13 -9 16 23 10 4 15 2 13 -4 4 0.943396 25 -3 36 0 24 12 -11 0 23 7 -14 -2 28 12 -15 13 -10 -2 1 23 22 20 42 8 -1 23 26 10 -33 10 45 23 -9 21 -7 10 -19 21 18 8 -19 10 -33 20 -2 -2 15 5 -1 20 18 
10 5 2 2 0.868735 91 13 39 12 22 8 37 12 28 13 3 12 -33 15 12 13 19 15 0 7 39 15 -2 15 -15 16 -31 16 34 7 39 6 -40 9 28 14 -16 15 36 12 25 16 -25 2 41 7 43 7 34 7 26 13 20 16 -17 8 31 14 -27 11 37 4 32 13 -23 10 44 13 -39 5 -19 16 -7 6 42 16 -28 4 36 7 27 11 25 14 40 15 43 8 23 6 -23 9 -9 14 -43 3 36 15 -38 15 8 16 0 10 38 12 -31 8 -19 12 28 13 -27 9 -23 4 39 15 29 9 -39 8 -22 13 38 10 -23 11 39 14 -29 11 41 15 -13 13 -27 5 26 6 -42 6 22 7 -16 8 16 15 -32 12 20 5 8 7 7 12 3 5 9 9 -1 10 -13 14 10 16 4 8 3 9 -14 9 12 7 -41 4 15 6 -9 12 16 10 6 4 0.707395 55 22 38 9 -30 23 -28 18 38 9 -3 22 41 0 -1 17 38 21 27 21 39 26 11 19 34 23 -13 3 39 4 8 22 -21 21 3 8 37 24 -24 17 10 11 38 7 -35 5 26 16 -16 15 18 8 40 7 38 25 32 7 34 25 -2 10 34 16 -23 22 -33 18 7 22 -30 21 -30 15 13 -5 -16 24 -27 2 43 21 -25 17 29 22 -19 25 6 22 21 18 -3 19 -32 24 11 26 -26 17 44 22 -25 25 -3 26 -25 22 -8 14 -30 
11 5 2 2 0.242424 2 6 43 12 -45 4 0.980392 25 8 19 3 24 16 45 16 -39 13 42 13 -5 12 13 18 11 19 17 14 -1 17 6 18 13 9 17 11 -15 7 2 5 -3 12 23 17 -29 8 19 6 42 8 6 11 18 10 17 14 8 6 -31 
12 5 2 2 0.266667 3 0 43 15 -45 -11 -16 4 0.977778 33 2 41 7 -41 13 -2 14 -11 10 44 12 -2 22 -40 6 -39 12 -40 12 -38 26 -38 1 -29 -2 16 3 -38 4 -37 -6 43 20 -45 -4 40 -10 -15 -8 7 -8 -14 -7 19 -16 -33 -16 -37 -9 2 -10 17 -15 -28 -17 30 -14 11 2 -37 -14 14 -15 -38 5 -38 
13 5 2 2 0.862745 11 -12 10 -15 -8 -3 39 -14 17 -14 -2 -9 26 -7 4 -11 22 -14 17 -6 20 -10 -1 4 0.717949 7 -18 -27 -17 -27 -5 15 -4 15 -12 24 -19 9 -12 28 
14 5 2 2 0.235294 1 -3 -16 4 0.981132 13 -15 21 -21 19 -13 40 -16 29 -5 8 -17 14 -16 33 -7 22 -14 21 -20 22 -8 -43 -9 -43 -8 -8 
15 5 2 2 0.972973 9 -12 -45 -14 -44 8 -6 11 18 -11 -48 -13 -49 -13 -46 -10 -51 -13 -53 4 0.307692 1 16 -45 
16 5 2 2 0.212766 5 -3 28 9 36 2 36 4 37 -15 -25 4 0.983389 74 -12 28 -7 27 -15 -45 -6 30 3 5 -1 11 9 -28 -15 24 -19 -19 0 -2 9 8 12 -25 6 -38 -9 -1 -3 15 4 -14 -9 19 8 5 -15 -15 -6 -10 -15 -7 0 21 -11 -21 7 -9 -7 -11 -7 13 -3 37 10 31 -23 32 -15 41 9 -36 4 39 -19 42 -11 39 -1 39 -18 42 -5 34 -13 15 4 41 1 35 9 37 -7 -44 5 31 -25 -40 0 25 -9 7 1 30 -20 26 -19 -2 -22 -29 -24 -2 -20 26 -18 -37 -22 31 -25 8 -3 -4 5 -3 -21 31 -23 8 -24 13 -9 25 -24 -31 0 4 -8 17 -12 -43 1 25 -10 4 5 -15 -7 24 -19 -42 -5 22 -4 36 -18 -44 -19 -37 
17 5 2 2 0.842105 4 -13 -15 -11 -50 -15 -44 -6 -19 4 0.75 3 -14 -14 13 18 9 -1 
18 5 2 2 0.864865 8 -11 -6 -6 5 1 36 -12 -2 -19 37 -11 14 -12 14 -8 2 4 0.714286 5 -14 40 -13 39 -12 40 -6 38 -8 37 
19 5 2 2 0.976526 52 0 44 1 48 5 48 4 49 12 50 -2 50 -10 53 -3 48 1 45 2 49 2 50 2 51 -9 47 5 50 7 49 12 49 -12 50 -7 46 -12 51 -13 50 2 47 -11 49 5 51 5 48 5 48 4 46 12 44 -9 50 15 45 8 45 15 47 -6 53 16 49 12 46 -11 48 -5 52 -14 51 -12 47 2 45 -15 45 5 18 16 42 -3 45 5 43 -13 46 4 43 3 -25 5 -12 -13 44 11 21 4 -22 3 -27 4 0.277778 5 11 -20 -1 43 17 45 5 -28 23 -6 
20 5 2 2 0.470588 2 16 18 8 36 4 0.947368 9 19 -8 6 45 -2 37 6 -12 -25 38 16 -10 4 -11 -2 5 -15 42 
21 5 2 2 0.881356 13 -13 26 -5 39 -12 45 8 -1 3 35 -8 43 -4 35 -9 43 -11 46 2 44 -8 37 8 20 7 -3 4 0.682927 7 -4 45 -13 39 1 44 -5 39 3 39 9 45 -3 45 
22 5 2 2 0.923077 9 5 -22 -7 19 -12 24 -11 6 -12 2 -15 -25 -15 -28 -7 -9 -7 -20 4 0.571429 3 -12 40 -7 39 -15 10 
23 5 2 2 0.846154 11 12 23 13 5 13 4 14 23 10 45 10 26 12 -23 11 31 14 -16 13 40 11 40 4 0.744186 8 13 7 13 33 25 18 25 20 23 -19 13 36 14 40 23 43 
24 5 2 2 0.4 11 15 -35 2 -41 2 -40 16 -47 -14 1 -13 -30 -10 -28 -13 -30 -12 -30 -7 -2 -6 -37 4 0.96 66 20 20 18 35 18 -3 13 -10 1 36 -1 37 13 17 14 -4 6 0 5 19 25 -33 25 -33 21 -43 5 9 -3 -37 -2 31 5 -44 4 -4 19 -45 1 28 -3 -39 21 -42 1 -27 0 10 -4 -45 -3 29 -5 30 -1 -8 -10 -14 -10 -28 -19 -19 -10 -29 -9 -5 -9 -23 -4 -4 -18 -23 -3 -25 -6 -7 -3 3 -6 -24 -13 -6 -2 -23 -5 14 -11 -9 -5 1 -2 14 -12 -35 -10 -14 -1 22 -1 -23 -13 13 -8 -16 -9 -7 -6 -26 -8 -2 0 -41 -1 -10 1 -20 -13 -35 -7 -33 -4 -34 -7 -32 -4 -32 -15 -39 -9 -44 -5 -45 
25 5 2 3 0.983607 15 24 42 24 23 31 27 11 39 19 37 12 91 15 35 -43 -25 -41 -4 -37 3 -42 -62 -42 18 28 -54 -12 44 -24 33 4 0.210526 1 -17 -26 
26 5 2 0 0.923077 9 6 75 0 73 18 -19 18 -42 17 -48 18 -42 18 -43 16 -53 18 5 3 0.571429 3 39 -25 31 -65 39 -28 
27 5 4 0 0.380952 2 -1 77 -14 80 2 0.857143 9 15 49 15 45 16 48 -10 -51 -6 -51 8 -53 -2 -53 4 -51 14 -52 3 0.5 3 32 34 30 21 32 -21 4 0.222222 1 16 45 
28 5 2 2 0.957747 17 -12 -3 -14 33 -7 32 -6 3 -15 18 -14 13 -15 -5 -13 5 -14 26 -12 35 -19 23 -15 31 -20 32 -15 24 -11 27 0 33 1 36 4 0.413793 3 -3 21 -6 -2 3 30 
29 5 2 2 0.690355 34 0 36 10 34 -4 9 -1 -14 -7 -13 -13 -13 -6 -15 -3 0 5 -18 -2 3 4 -7 1 27 -11 -11 -15 -19 -8 -43 -8 -25 -19 -25 -2 10 -8 -31 -1 -38 -10 -17 -5 -45 -3 -23 -9 -28 -8 -26 -15 -31 -7 -43 10 -3 2 -24 12 -23 4 -11 -3 -45 13 -11 12 -35 4 0.877698 61 12 30 -2 30 17 29 -2 19 -14 -6 10 31 -12 -7 -1 35 -10 -27 -12 -31 12 32 -1 -22 1 -39 1 -9 13 3 -5 -17 1 -29 -6 -21 -3 -20 15 12 -13 6 -6 -18 -2 11 -21 -35 0 9 -19 -8 2 8 -3 -39 -10 14 0 11 15 -3 -23 -8 -17 -33 7 8 -23 -10 -18 -17 14 -13 -1 24 -16 -27 -2 -1 -11 -35 -17 -20 -16 -22 0 -12 11 -1 -18 -25 13 -31 11 -29 3 -26 13 -35 -1 7 -2 10 12 -34 0 15 1 -17 -3 23 12 14 4 -15 -2 10 2 -41 12 -31 
30 5 2 2 0.205128 2 4 -44 9 -47 4 0.984127 31 2 -42 3 15 1 18 4 23 9 -33 -1 -20 8 -37 8 -4 3 -5 7 1 2 0 -2 -35 10 -28 9 24 6 -14 1 -32 8 -35 4 20 2 25 5 -1 4 2 -22 21 -23 -1 4 -42 14 -44 -24 -8 -12 11 -25 3 -16 -9 -15 -10 -16 -1 
31 5 2 2 0.969014 86 13 -7 4 -11 4 -6 7 29 6 10 12 -17 2 -30 16 -35 1 12 7 0 2 36 2 -15 10 -16 0 36 1 19 9 -34 13 -1 11 36 2 -27 6 20 2 -33 10 8 12 -24 12 32 2 26 0 -26 1 -10 14 -1 11 32 1 -21 10 -39 1 10 10 -35 14 14 3 -21 15 -42 3 -18 9 16 -1 16 7 12 -2 -38 8 -13 15 -27 8 -11 -1 21 12 -19 -2 -40 12 21 6 -47 6 -46 6 23 12 -31 3 15 12 3 4 20 5 -13 9 -31 8 -19 4 25 6 34 13 -44 -2 3 5 -41 12 -2 14 -36 11 13 2 8 3 -41 -3 15 12 9 2 13 12 11 -1 -5 4 -40 13 -30 4 -26 9 0 6 -46 7 -35 2 24 12 -21 3 -20 -4 18 1 -40 2 -24 0 18 4 0.338462 11 20 31 4 -10 -5 20 2 -8 -6 20 3 26 16 7 0 27 14 2 6 -24 10 -24 
32 5 2 2 0.5 1 -4 -15 4 0.941176 4 -19 -25 -12 -13 8 16 1 -37 
33 5 2 2 0.714286 15 6 -21 7 -4 2 -3 10 14 11 -12 15 -21 10 5 11 16 14 -30 -1 18 12 -31 7 -9 6 17 10 -28 0 -43 4 0.864865 24 17 -41 4 -38 1 -29 3 -13 20 -25 2 -5 3 10 17 -43 1 -6 14 26 7 -43 20 4 1 -42 5 -4 17 -29 -19 -17 -3 6 9 17 21 -33 20 12 15 -34 15 -2 16 -33 16 -34 
34 5 2 2 0.979592 12 1 -19 13 -26 0 8 8 -41 -2 -12 9 6 10 -44 2 25 12 8 11 8 13 -42 2 -41 4 0.25 1 1 -37 
35 5 2 2 0.988593 130 -3 -6 -6 8 -2 -6 -3 -11 -6 -9 -10 6 -2 -2 -4 -27 -16 9 -6 6 -9 7 -5 -9 -12 9 -9 11 -11 9 -11 -25 -7 -2 6 -29 3 -30 -5 1 8 16 1 0 -13 -3 -20 -30 -11 15 -15 28 -8 12 -1 -4 -9 10 -15 4 -6 3 -15 23 0 -3 -15 -12 -12 14 1 14 -19 -4 -8 20 -14 25 -3 11 0 12 -1 -29 -15 14 0 10 -5 -1 -10 11 7 25 -13 -41 -10 0 -2 -12 -7 -5 -8 -4 3 5 -13 -42 -14 -38 -4 0 -12 -29 -17 -34 -4 -14 -3 -14 -3 -16 -15 12 -4 8 -9 -14 -3 8 -9 -5 -9 -7 -7 19 5 -27 5 30 -20 -2 -13 37 -1 8 -2 19 -7 16 -12 21 -3 -40 -1 25 -16 -5 0 21 -6 19 -15 -1 -2 -17 -15 3 -6 9 -12 36 -9 -22 -19 -28 -4 -27 1 -24 -11 19 -14 34 2 33 4 32 -19 -26 -16 17 1 31 5 -39 -15 11 -4 22 -5 0 -20 -38 4 -2 1 -7 -10 -31 -13 -11 -7 -26 4 34 -12 23 -3 17 -15 -35 -18 35 -6 -27 -7 -41 -14 34 1 7 -8 -39 -13 -19 -4 -25 -6 24 4 -11 -12 -3 -6 17 -13 -5 -8 -41 -18 -29 0 -34 0 -5 -10 11 -3 11 4 0.155844 6 -5 20 -19 34 -8 11 0 -28 -12 -18 9 22 
36 5 2 2 0.927298 169 -8 -10 -3 -35 -4 25 -8 25 -8 28 -5 -36 -8 6 0 23 -1 6 -5 5 -14 22 -6 -41 -5 -16 -3 21 -13 30 1 -21 -5 -3 -4 23 -6 -35 -6 8 0 -18 -1 -6 -18 -37 1 -18 5 -19 -12 17 -11 -1 -12 -24 -5 25 4 -41 -3 13 7 30 -15 -34 -10 11 -17 -34 -12 -4 -11 31 -7 -11 -12 31 0 -22 -15 35 -10 18 -2 22 0 7 -13 31 -3 -12 -3 -10 -3 -20 -2 8 2 -20 -4 -34 -1 -2 -5 3 -5 35 -1 6 -1 30 -5 36 1 35 -7 35 1 6 -12 -15 2 35 -1 -37 -12 36 -20 31 -6 2 -12 -11 -1 -10 -12 -14 -4 -8 -5 -21 -1 -5 3 -10 6 30 2 -39 -1 -35 7 28 -6 19 -15 1 -18 -15 -8 20 -5 -24 1 21 -1 25 -9 -7 -4 -24 0 -1 -11 -35 -2 -40 -4 12 0 -22 -20 -18 -7 -11 -8 -15 4 23 -8 22 0 -25 -7 -36 -3 -29 -11 -12 -9 -43 -2 22 -11 -21 -10 -22 -8 11 -14 -35 -9 11 -14 -37 -10 -9 -8 25 1 25 -6 -6 -7 -42 -3 -5 -5 26 -2 -3 -6 -42 -6 -39 -16 -18 -9 -37 -5 33 -2 -5 -14 -41 7 -10 -4 -40 0 -37 -4 -18 -11 24 -14 -19 -3 29 -12 24 -3 2 -18 -16 6 -17 -16 -25 -10 23 -9 2 -8 1 -7 30 -5 9 -11 -19 -6 12 -19 -5 -17 26 -12 -25 5 2 -20 28 7 -14 5 -15 -19 -11 -7 27 4 -34 -1 22 3 -7 -8 5 -5 -19 -12 -30 -7 30 -17 -33 0 12 -11 0 -16 28 -12 -32 -6 30 -8 2 -5 -14 -20 -33 -8 29 -18 30 4 0.55643 53 -6 16 -18 24 4 26 -5 11 -16 -21 12 -17 -15 -38 -16 -28 -9 7 -18 -2 -17 -19 -23 -7 -20 -28 -6 5 -11 -4 -9 0 -17 24 -17 38 -10 34 -18 11 -12 1 -14 2 -7 6 2 -22 -11 8 -7 -31 -11 3 -9 -37 14 -40 -19 -15 -6 -32 -16 2 -16 20 -16 -35 -15 -36 -15 -6 -10 -26 -17 -26 -7 12 2 -10 -20 0 -21 -2 -20 -1 -8 11 5 -21 -21 11 6 -8 8 -14 -1 -35 -15 5 4 15 -8 -20 -1 -31 
37 5 2 2 0.948718 37 2 31 0 -37 0 -15 3 -40 5 16 -3 -38 6 -9 5 -26 4 -29 -1 4 6 27 3 17 8 -9 9 -18 3 21 2 -16 1 22 -4 -40 -3 4 -2 -11 1 20 2 -23 4 -12 8 26 -2 12 8 9 2 -26 1 -11 10 25 10 23 7 16 3 -15 4 -29 6 23 4 25 10 -7 3 -11 4 0.463768 8 1 -23 13 -25 -15 -26 -9 -38 -9 -37 -4 34 9 16 -19 10 
38 5 2 2 0.682927 14 5 -32 7 26 6 20 9 24 10 0 4 -9 10 9 7 -26 8 -28 10 7 -3 33 6 -30 8 34 -2 17 4 0.881356 26 -3 12 -13 17 -12 -7 6 -12 -1 9 -14 18 -12 -18 -10 1 -13 1 1 -7 5 27 9 24 -1 -27 -2 32 -5 -34 -13 22 -14 15 -2 25 -2 1 -16 24 6 -24 -2 -14 -4 19 -1 22 -4 21 -5 9 
39 5 2 2 0.839506 34 2 14 -4 16 -3 17 -9 -48 -12 -12 2 10 7 11 6 10 -15 -42 1 1 -1 24 10 -34 -3 8 9 -15 2 4 -1 -31 -3 6 -12 -12 1 9 4 -20 -3 7 5 -15 4 -34 -8 -2 -7 -46 6 33 1 -24 -12 -9 -3 28 0 -38 2 -31 -5 -49 -8 -24 -6 -34 4 0.753623 26 -5 -10 -10 -31 -18 27 -13 -14 -7 2 -12 -28 -8 -15 9 -45 -5 -19 -6 -20 -18 24 -12 -32 -15 24 -1 22 -12 -42 2 -22 -1 16 -13 -41 11 -43 4 -45 -6 -11 -20 -43 -4 -41 4 -31 4 -41 -5 -15 
40 5 2 2 0.347826 2 -2 -47 -7 -34 4 0.967742 15 1 -39 -5 -42 -11 -1 6 -16 -12 -6 -7 -44 -2 -45 4 -22 2 -18 -9 -42 -9 10 -11 23 -11 34 -4 25 -4 36 
41 5 2 2 0.987013 19 -6 -48 -5 -48 -7 -38 -1 -46 12 -48 0 -49 -6 -44 -12 -50 -2 -49 2 -49 -11 -51 -11 -38 -5 -50 -1 -50 -5 -50 3 -50 11 -50 4 -50 8 -48 4 0.173913 1 9 -45 
42 5 2 2 0.121212 1 1 -48 4 0.991453 29 10 16 0 -40 9 30 -9 0 -1 -4 -4 -41 11 7 11 15 3 -31 4 -19 14 -21 11 27 11 33 -25 36 -19 -40 -1 -39 -7 -15 4 33 0 -41 2 -38 -17 -45 -1 -38 0 -41 -21 -41 -21 -42 8 -41 3 -23 1 -41 -1 -36 
43 5 4 0 0.210526 1 -13 86 2 0.705882 6 0 53 0 53 -10 52 13 52 -11 53 -9 53 3 0.645161 5 15 98 20 92 21 94 -7 99 -10 97 4 0.571429 4 20 -3 19 3 18 30 9 -11 
44 5 2 0 0.974138 113 10 44 -6 35 24 38 -16 37 -16 27 -17 35 7 65 6 65 -13 32 -6 77 1 49 17 42 -21 30 16 65 -10 38 -10 35 19 37 -2 62 18 61 13 60 4 39 7 65 0 43 -22 23 5 71 5 39 13 61 -21 38 18 46 14 37 -7 49 22 39 11 73 14 38 -13 34 -5 34 -4 34 3 46 2 37 -1 56 -6 29 -9 90 -7 37 -7 39 13 44 -11 64 -13 64 2 48 24 39 5 57 -7 30 11 33 0 76 -12 58 -4 31 -15 41 16 -12 -6 60 -7 59 -1 55 0 38 -8 48 -22 89 19 33 13 63 14 67 14 50 5 53 17 53 8 70 11 41 9 38 2 40 7 33 3 92 -3 92 6 24 -6 91 14 52 0 92 6 92 -10 90 11 51 15 66 -4 29 5 40 -18 39 -9 43 -5 57 -12 56 -9 57 -13 93 5 74 -18 40 -16 90 -7 86 -18 88 -12 88 -18 30 13 74 -20 88 3 77 -5 76 -14 88 -2 87 5 73 6 77 -12 35 5 72 -11 27 10 35 0 52 -16 47 3 0.298137 12 8 80 35 9 7 31 26 21 22 39 -11 28 24 24 -32 28 32 14 -38 93 -32 76 8 84 
45 5 2 0 0.666667 3 -12 29 -20 47 -18 45 3 0.888889 6 -21 31 -21 33 32 17 12 -44 29 17 19 13 
46 5 2 0 0.75 3 -9 49 -18 49 17 -54 3 0.842105 4 18 -64 37 4 16 18 32 43 
47 5 2 0 0.987013 19 19 -1 13 73 -2 49 18 69 9 48 23 -71 18 62 23 -67 4 50 19 31 17 74 17 61 1 49 15 76 24 -45 -2 92 11 85 20 -38 20 35 3 0.173913 1 20 96 
48 5 2 0 0.571429 2 -15 51 -10 54 3 0.923077 6 26 41 -2 93 -9 94 -42 42 37 12 -30 44 
49 5 2 0 0.181818 1 -10 85 3 0.986301 18 38 25 20 40 -10 74 28 10 -4 90 8 32 -5 26 -22 32 -37 94 -41 30 -35 34 -42 31 -30 37 -26 40 -33 32 -31 34 -1 -75 -6 86 
50 5 2 1 0.888889 2 16 31 14 -19 3 0.666667 1 10 -55 
51 5 2 2 0.137931 1 16 10 4 0.990099 25 18 -27 20 -22 15 -16 16 26 14 28 21 -16 17 26 17 40 26 37 17 21 24 34 17 8 16 24 23 32 18 24 14 16 25 30 15 -11 21 12 18 9 21 -4 21 6 15 2 16 27 21 34 
52 5 2 2 0.888889 8 15 42 14 -3 16 7 14 -26 16 21 17 24 19 -18 16 42 4 0.666667 4 26 -21 26 11 19 -13 26 -13 
53 5 2 2 0.454545 5 17 38 21 42 21 -28 19 -9 17 44 4 0.950495 24 18 17 23 15 23 -17 19 16 21 10 22 2 21 37 18 -7 25 -13 24 8 24 11 19 13 26 1 26 38 19 -8 22 -5 21 -10 22 -19 25 -24 21 -31 18 -27 18 24 22 24 20 37 
54 5 3 2 0.615385 2 21 -30 20 -34 3 0.842105 4 44 -37 27 54 34 -91 -33 82 4 0.4 1 22 -19 
55 5 4 0 0.533333 4 23 -20 24 10 21 -46 22 -5 2 0.833333 10 20 40 19 -3 19 -1 19 11 18 -2 18 26 18 25 19 36 19 -10 21 -25 3 0.333333 2 31 45 37 20 4 0.333333 2 20 -7 22 -20 
56 5 4 0 0.75 6 -11 24 18 -75 24 -83 24 -27 11 53 25 -72 2 0.235294 1 14 -40 3 0.75 6 2 25 13 41 -38 85 26 -93 14 1 33 27 4 0.235294 1 19 42 
57 5 2 0 0.857143 3 15 77 25 7 20 -5 3 0.727273 2 41 -38 34 -3 
58 5 2 0 0.148148 1 25 -14 3 0.989247 23 13 55 44 41 38 -9 34 17 37 79 26 51 25 -72 42 8 25 57 26 29 26 -81 28 -48 45 3 38 -40 26 30 45 -28 40 -31 12 -60 18 -66 28 -68 14 -83 28 36 36 -46 
59 5 4 0 0.740741 5 24 40 19 -75 24 -1 25 35 23 33 2 0.444444 2 13 -28 13 36 3 0.444444 2 26 19 44 15 4 0.571429 3 25 -9 25 6 24 -5 
60 5 2 0 0.666667 5 -5 51 7 89 18 65 20 -3 25 -79 3 0.888889 10 33 -76 30 -52 -4 65 36 37 35 2 23 -58 24 -31 24 -56 26 94 11 59 
61 5 3 0 0.571429 1 16 49 2 0.571429 1 18 -16 3 0.8 2 38 -10 34 -45 
62 5 3 0 0.966667 29 25 -18 3 50 23 74 10 69 18 63 3 77 14 79 15 60 12 72 15 66 9 59 15 75 25 75 15 75 8 70 21 65 17 57 19 68 7 64 16 87 13 76 24 88 15 78 16 58 12 64 15 67 11 65 24 75 5 58 3 0.285714 3 32 90 38 12 37 65 4 0.111111 1 22 31 
63 5 4 0 0.777778 7 24 13 -9 50 -14 77 10 81 10 57 3 54 2 54 2 0.222222 1 18 34 3 0.380952 2 -30 93 -13 40 4 0.666667 5 23 -40 22 20 25 -45 16 34 19 32 
64 5 4 0 0.656716 11 -17 87 -7 85 12 92 -3 83 14 88 15 90 20 93 -22 76 -20 72 16 60 22 37 2 0.108108 1 14 24 3 0.865979 21 -20 41 -28 96 -12 100 27 -15 41 84 34 92 34 96 25 90 34 75 41 39 -22 36 -32 24 -41 23 40 30 40 -98 34 -21 40 -37 43 49 24 -91 21 17 40 9 4 0.108108 1 18 -36 
65 5 2 2 0.96 6 19 -4 21 2 20 -10 18 4 17 21 15 14 4 0.4 1 18 -30 
66 5 4 0 0.4 3 25 -49 -13 50 -19 21 2 0.666667 7 17 -39 18 2 18 -40 21 -37 15 -38 18 -37 15 -44 3 0.484848 4 43 -37 32 -32 -3 -92 7 -8 4 0.666667 7 25 -39 25 -45 24 -33 26 -42 18 7 18 -39 11 -38 
67 5 2 0 0.965517 14 -18 73 -13 87 -11 78 -16 81 4 77 -1 81 -19 76 -11 84 2 77 -15 74 -2 76 -13 75 -12 81 -16 79 3 0.363636 2 0 -97 -42 22 
68 5 2 0 0.923077 3 -6 53 -9 52 -8 21 3 0.571429 1 -12 38 
69 5 2 0 0.181818 2 -1 52 -22 54 3 0.986301 36 -24 28 -22 60 -22 -74 -1 24 -17 17 -27 -90 -18 62 -7 -93 -3 43 -28 33 -33 14 -33 13 -6 15 -36 82 -40 -92 -10 17 -38 -39 -40 24 -36 -4 -29 19 -30 21 -36 22 -39 -34 -40 2 2 -42 -7 17 -8 17 -9 18 -33 -40 0 62 -24 -72 -30 -72 -9 15 -38 -68 12 -42 -35 -23 
70 5 3 0 0.705882 3 -16 60 -19 63 -17 65 3 0.571429 2 -40 17 -41 24 4 0.705882 3 -23 -11 -22 0 -23 27 
71 5 4 0 0.333333 1 24 -36 2 0.888889 6 18 34 14 36 10 52 9 52 6 51 6 53 3 0.333333 1 34 41 4 0.333333 1 12 40 
72 5 4 0 0.897959 11 20 -32 24 15 24 14 12 23 17 57 16 54 3 22 8 36 23 21 20 44 21 17 2 0.210526 1 15 32 3 0.48 3 21 69 43 -5 41 2 4 0.210526 1 26 23 
73 5 3 0 0.625 5 -24 31 -24 44 -17 72 -24 86 -23 86 2 0.347826 2 19 -41 18 -19 3 0.851064 10 22 30 9 83 23 -89 -13 15 -5 67 24 27 -44 21 -43 17 -43 6 -43 -68 
74 5 2 0 0.148148 1 -24 75 3 0.989247 23 1 68 36 -5 7 15 32 -28 38 -5 14 68 6 73 40 -64 30 20 -1 -43 4 73 25 -78 43 -29 41 -15 37 -63 43 -48 1 75 25 -92 -15 60 0 12 26 15 43 -59 -7 75 
75 5 3 0 0.571429 1 22 23 2 0.8 2 20 10 21 37 3 0.571429 1 42 -17 
76 5 2 0 0.888889 2 18 37 16 19 3 0.666667 1 -2 87 
77 5 2 3 0.969697 16 0 86 40 -23 40 -34 38 20 39 -30 37 61 38 65 36 42 36 29 41 -90 24 -87 33 -32 32 14 23 55 38 -55 -11 12 4 0.333333 2 22 27 23 -3 
78 5 3 0 0.963855 20 -24 89 17 -57 -23 45 24 87 25 70 8 22 22 72 8 78 14 70 -23 87 20 71 -4 21 25 48 10 80 10 43 6 75 -24 72 17 56 19 75 13 20 3 0.275862 2 -43 66 -44 41 4 0.153846 1 23 -17 
79 5 3 0 0.615385 2 19 52 21 44 3 0.615385 2 45 25 43 -29 4 0.75 3 24 -35 25 -18 22 -8 
80 5 3 0 0.5 3 21 72 13 26 -24 36 3 0.888889 10 9 90 35 -2 8 94 3 90 6 86 44 -22 24 43 45 32 13 72 45 30 4 0.380952 2 21 -7 -25 29 
81 5 2 2 0.979592 12 19 35 19 33 21 29 18 36 19 37 20 18 21 11 17 33 20 28 20 14 16 30 20 6 4 0.25 1 18 -27 
82 5 3 2 0.5 2 20 -2 21 7 3 0.727273 4 33 35 38 27 44 26 21 34 4 0.727273 4 19 30 20 -15 21 -32 18 2 
83 5 2 0 0.96 6 15 31 18 26 7 27 25 -92 14 22 25 -92 3 0.4 1 40 4 
84 5 3 0 0.615385 4 25 -11 7 83 7 83 25 -54 3 0.878049 9 -10 79 45 -33 25 32 18 -55 45 -23 44 -19 13 89 8 44 3 83 4 0.235294 1 23 26 
85 5 3 0 0.173913 4 24 28 21 -60 16 -83 20 -89 3 0.980132 74 33 -62 41 76 29 6 23 29 15 82 18 74 28 39 40 -38 25 -77 36 11 27 39 40 76 43 -74 45 -33 21 5 39 32 38 -65 41 -22 39 0 43 -13 35 -44 38 -68 41 -5 42 8 39 -21 32 -63 44 -35 38 9 12 -56 25 40 39 3 40 -5 39 -71 29 2 26 27 35 -48 34 -65 18 23 37 15 30 14 17 92 21 -57 43 -49 42 -24 15 19 23 -53 19 -33 41 -29 36 -54 21 -87 33 30 36 -58 35 -1 37 -33 42 39 32 49 27 -6 27 66 29 22 38 -7 26 3 30 -8 21 -1 9 -88 27 -7 12 -32 42 -31 6 79 29 72 40 58 27 39 39 40 21 -91 41 77 4 0.0930233 2 15 44 21 16 
86 5 3 0 0.714286 5 -16 -16 -1 -26 -12 -20 -13 -15 8 14 1 0.545455 3 -8 19 -3 7 -2 13 3 0.714286 5 -29 -6 -34 30 -43 -23 15 34 -24 -34 
87 5 3 0 0.842105 4 -17 -15 6 8 1 6 -7 71 1 0.615385 2 -12 1 -14 14 3 0.4 1 -31 82 
88 5 2 0 0.986667 37 -16 -54 -15 -54 -9 72 -15 -1 -4 69 0 70 -2 72 -5 6 -11 70 5 20 -2 69 17 -7 18 -3 -18 -58 -2 68 -15 73 -13 -59 24 -7 -24 5 -16 -51 17 3 -13 -19 -13 -43 -15 -35 1 -22 -16 -31 -13 16 -17 20 -8 18 -13 -33 -11 5 8 4 12 0 19 14 -22 -10 -17 -67 -17 -66 3 0.177778 2 -30 -50 -28 8 
89 5 2 0 0.727273 4 5 -59 -5 72 -7 -8 21 11 3 0.857143 6 -31 -1 -35 -3 -7 30 -43 67 -27 -4 -13 19 
90 5 2 0 0.99435 44 -20 6 -16 -45 -16 -67 -11 -59 -13 -4 -16 -59 -8 -28 -6 -26 -15 -58 -17 -18 -6 -23 -12 -12 -11 6 -15 -37 -15 -30 -15 -53 9 7 -13 -26 -4 -16 -4 -17 -8 -8 -6 -13 -9 -59 -6 -26 -8 -57 -5 -26 -16 71 -5 -35 -13 -59 -3 -31 -3 -36 -9 -56 -9 -17 -3 -41 -4 -39 -8 -58 -6 6 -7 -45 -3 -52 4 -62 -1 -47 -3 -10 3 -58 2 -57 1 0.0833333 1 -6 -2 
91 5 3 0 0.333333 1 15 -7 3 0.933333 7 -7 11 -7 14 7 -7 16 31 10 -17 20 28 -24 -1 4 0.333333 1 -18 41 
92 5 3 0 0.333333 1 3 -52 3 0.933333 7 11 -26 -23 76 12 13 18 -17 1 35 1 31 -18 31 4 0.333333 1 -20 32 
93 5 2 0 0.259259 7 2 -56 -5 -58 -18 -62 -18 -60 -16 11 -7 -67 -8 -60 3 0.978593 80 -22 -28 -19 24 9 -25 -20 15 -22 12 -28 -13 -8 36 -19 20 -22 -19 -21 -14 -29 -69 7 36 -40 62 -1 -2 -24 13 -13 -12 0 7 3 -16 -30 -56 -14 34 2 81 -4 9 -34 67 -14 -32 -13 -67 -14 -26 -7 -25 -18 27 -37 25 -20 -17 -17 33 -17 7 -10 -27 -27 -28 -21 -41 -20 -34 -11 -21 -37 -29 -5 85 -3 -34 -26 19 -24 82 -10 4 -2 9 -17 -19 -8 -3 -11 84 -23 -87 -9 49 -21 -55 -2 -91 -15 31 -16 -15 -4 83 -33 -16 -28 -13 -4 -8 -10 -55 -8 -22 3 -34 2 -45 1 -80 13 15 -5 31 2 -43 -24 -22 9 -69 3 -32 5 -65 -5 37 1 -45 -22 -68 -15 -67 -22 -16 -15 -24 -14 -18 -16 -1 -3 -1 6 34 -2 -60 
94 5 3 1 0.631579 3 -16 1 -12 15 -13 -9 3 0.727273 4 -39 -5 -34 -37 -41 -2 20 72 4 0.631579 3 -19 28 -20 27 -17 33 
95 5 2 0 0.969697 16 1 60 10 61 8 58 7 72 7 54 -12 76 -4 62 -12 72 -8 75 -4 73 3 62 -12 66 -14 65 -11 76 0 61 -15 60 3 0.333333 2 -42 24 -40 -87 
96 5 3 0 0.827586 12 8 -9 7 -2 15 -44 14 5 15 -35 7 -3 15 -50 10 -34 12 -34 15 -36 10 -3 24 -42 1 0.387097 3 14 -33 14 -5 14 -29 3 0.651163 7 31 -37 34 1 33 21 29 1 33 -43 28 -75 32 -30 
97 5 2 0 0.210526 1 -13 -23 3 0.983607 15 -39 -29 -41 -2 -36 27 -40 -63 -35 -17 -33 -14 -32 -15 -40 -53 -34 -4 -37 -27 -31 -10 -30 6 -36 -20 -31 -11 -35 34 
98 5 3 0 0.981818 27 -22 -15 -24 -48 -19 -33 -14 -25 -19 -72 -17 -12 -16 -4 -16 -41 -21 -6 -17 6 -24 -75 -19 -38 10 -4 8 17 -23 10 -18 17 -20 -12 -20 2 -21 -16 -13 0 -11 -33 8 -4 6 -19 3 -12 7 15 5 -18 6 -30 3 0.125 1 -37 1 4 0.125 1 -2 -22 
99 5 2 0 0.222222 1 15 -58 3 0.982456 14 -30 -6 24 27 19 -63 26 -5 28 -41 29 -9 29 -27 31 -35 30 -43 -31 -26 -41 -42 -41 -21 -41 -14 -37 -23 
100 5 3 0 0.731707 15 19 -12 18 -74 7 -72 3 -50 -4 -9 0 -27 7 -7 16 -24 7 -56 -3 -51 -12 -56 4 24 10 -2 10 -11 8 -42 1 0.186047 2 3 32 7 -6 3 0.824742 20 26 3 21 8 21 5 18 -19 -28 41 18 -16 1 40 18 -22 -31 -17 -10 13 -23 12 18 4 -35 47 21 -27 -32 44 -1 39 -33 45 -25 -9 22 -11 16 69 
101 5 3 0 0.61305 202 -21 -52 -7 15 -8 -54 13 -27 7 5 8 -66 -18 -40 2 13 -5 12 -5 -54 -18 -38 2 38 16 -78 -13 -41 15 -7 -23 -70 9 -17 10 -29 9 -16 -8 25 -6 -52 19 -48 -2 11 -8 -41 -17 5 14 -46 12 -68 -10 -29 7 -60 -16 -44 -10 -29 22 8 -17 -4 -11 -39 5 -70 0 8 -21 -58 11 -44 -6 -43 17 -44 11 -25 11 -62 -16 -55 -8 41 -15 -39 21 3 10 -61 -14 7 2 5 -10 22 -13 -61 16 -25 -16 -30 -2 -70 -10 -28 -10 -63 18 11 -16 25 -8 -51 -12 35 -8 -60 9 -44 4 21 -13 9 -7 -35 -11 4 -4 16 0 3 -15 14 -14 13 -1 -66 -2 13 -5 -56 -13 9 17 10 -4 -13 -7 -3 0 -65 -5 -40 -9 17 -2 14 -4 -21 -16 -16 1 -59 11 -35 -6 -46 9 -37 4 9 -8 29 8 19 2 -43 -2 12 -1 6 3 -69 3 11 -11 5 -3 1 8 -42 3 -7 5 23 -10 46 -10 43 2 16 -18 13 0 0 1 17 -2 -56 3 -4 -2 -50 -1 -65 8 -16 -16 -8 -11 14 -16 -31 -2 5 4 15 -7 -3 3 -14 -11 -12 8 -28 1 -19 -4 -66 7 -16 -8 -30 -5 -35 3 -51 -5 -45 -11 -50 -8 -36 -5 21 -6 -27 -7 -31 -6 12 3 -30 2 -24 -1 -73 15 -28 -3 -40 -4 -65 -2 -75 -4 -42 -7 -29 8 24 6 12 7 -44 -20 -11 -4 41 0 -52 -22 -57 -22 11 -17 35 -17 30 -17 33 -16 31 -20 -72 0 -65 -3 -64 6 -41 15 -2 -12 27 0 -31 -8 -6 -11 42 -17 41 9 36 -9 -61 -13 28 -7 40 -10 44 -9 -32 -7 -27 -3 2 -8 -4 -1 -37 3 -42 -4 28 1 0 -6 -18 -7 -5 6 -12 -4 34 4 -43 4 2 -10 -68 2 -3 -2 -33 -9 -51 -2 -76 -16 -3 -17 37 -11 40 -7 -45 -13 40 11 2 -2 -29 13 -33 -4 -5 -2 -19 -22 5 -7 1 -1 -3 -6 -3 1 0.85985 431 -14 3 -1 32 14 6 8 13 -8 -25 10 14 0 -19 7 15 -3 18 8 -32 -14 -12 8 -6 3 -18 -10 1 -2 -5 6 -31 -4 -5 -12 -4 -9 29 7 25 -3 32 11 -10 12 8 14 17 14 3 12 19 14 -11 -1 15 -9 -29 12 -30 11 32 12 2 10 -12 9 -15 -12 -1 3 14 -7 2 9 30 -4 6 0 27 7 -21 10 29 -5 5 7 27 3 23 1 -23 2 -25 -11 32 -2 -21 5 -31 9 -32 -7 -13 -6 7 7 3 1 7 10 14 12 -23 9 -29 7 4 12 14 -3 7 13 -5 9 3 8 -18 1 -4 14 5 -6 0 3 -15 14 -1 13 -1 -4 -8 10 6 6 18 13 8 10 -4 -4 8 -4 -19 5 -4 12 18 -2 5 -1 16 11 -30 11 -9 -1 29 0 8 5 10 -7 12 -5 -25 4 30 7 2 11 4 1 33 13 24 4 -24 0 31 12 -8 -14 -20 12 -9 8 -21 -7 21 10 1 13 25 -2 -24 14 0 -10 -23 1 22 -10 -22 -9 20 1 -30 -14 31 -1 32 -4 31 13 -9 13 -11 13 -13 2 -24 3 8 6 27 6 2 -4 -32 8 -2 -1 1 12 -20 13 10 -13 3 -12 30 -3 -27 0 3 12 -11 11 -17 6 17 -8 5 -6 29 3 7 14 -27 11 22 2 -32 2 26 14 18 -6 -13 -7 19 8 33 -3 -8 -7 6 -11 -23 8 15 0 33 0 8 -6 11 13 12 -7 -26 1 -24 6 32 -5 31 12 -12 2 -3 -5 14 -8 11 11 -22 5 -25 4 -21 13 -32 7 32 -11 29 13 29 9 -15 0 23 -2 -27 -3 8 3 -7 -5 -16 0 25 -8 21 12 20 4 -18 14 -12 13 19 14 -26 12 21 9 -6 10 16 9 20 7 -25 8 12 2 -21 -6 30 -5 29 1 -11 -5 -21 -6 -8 11 8 8 -28 9 20 -13 -21 13 23 2 -21 9 32 -3 -25 8 13 8 -26 -1 -7 9 24 13 -27 0 -33 14 5 -14 -5 1 -32 -3 29 4 27 -14 31 9 -22 0 -6 -10 12 -13 0 8 -26 -11 -29 10 20 10 -18 2 22 3 -20 -1 1 -10 18 -12 -28 5 9 -4 3 -13 -29 -3 -30 -13 14 10 26 0 -30 -12 30 -14 -31 9 16 12 31 8 -21 -13 17 8 -19 -14 -2 4 27 7 -21 4 -1 -8 4 2 -11 14 2 -13 -8 13 27 -6 -33 12 10 13 -30 -10 -20 -5 8 9 23 -2 -34 13 21 -8 -3 -12 -29 4 -31 -10 -21 13 -15 -3 7 -1 -14 4 -4 -6 7 -6 6 11 7 7 -29 -13 4 6 -30 14 19 11 -23 13 -2 12 10 14 28 -10 -7 -7 9 9 -28 -9 -12 8 23 -2 -18 10 -1 -9 -6 2 2 1 -24 -4 24 -2 -12 -12 10 12 -14 -11 -27 -13 -2 -9 -33 14 11 -14 10 -10 -12 11 5 8 2 14 18 -4 -18 -10 14 -9 -14 8 -1 1 28 6 -28 12 1 -2 -25 -9 16 12 -1 5 11 8 -21 9 -16 -13 4 -11 -16 -12 -27 -6 27 -12 -31 -7 -13 7 -20 4 9 -10 -23 -2 -14 8 -30 0 -9 -5 10 -6 -12 -12 -18 -10 -8 -6 4 -12 17 -2 -16 1 -2 2 5 -10 -12 -11 18 -2 -35 9 -32 -7 12 -8 4 -11 -2 6 -21 5 -10 -6 7 -8 10 4 -16 1 -12 5 -15 -3 -11 -8 26 2 -3 -2 17 2 22 6 -27 -4 -26 -14 33 5 -12 1 19 -5 -4 -1 -28 3 -16 -5 5 -11 -15 2 23 -8 26 -11 -3 -12 -14 7 -30 8 13 4 0 -1 -28 2 -28 1 -35 -2 11 -14 3 -12 7 3 23 2 13 3 -33 -7 7 -10 28 4 24 4 26 2 17 5 -4 -1 -3 1 23 4 12 5 13 1 20 2 -17 -11 -9 -7 27 -8 28 -4 21 -13 27 -11 17 -13 13 2 11 0 22 -2 -1 -14 20 -12 15 -9 15 -9 -16 -12 14 0 -2 -7 9 -10 16 -12 -7 -14 -13 6 -33 -6 25 7 -28 -11 11 0 -25 -6 -13 -12 -14 -12 20 -13 9 -14 15 -6 -29 0 11 -7 13 -14 10 -7 34 4 35 -9 35 12 34 -4 34 -5 34 10 34 -7 34 -10 34 5 34 3 0.332982 79 -19 -26 -32 13 17 -28 -33 76 14 -36 17 -67 -42 54 -33 -13 -35 5 -29 -29 -12 -83 14 -55 -17 40 19 -15 10 67 7 3 -2 -46 -1 -45 13 -54 10 38 -14 -85 18 47 -36 27 -35 23 26 2 -3 -7 -32 51 15 -60 20 -25 16 -4 -2 -31 -2 -71 -2 -20 -7 -72 -34 -24 26 -39 18 -49 -37 -14 25 5 12 -21 -7 -65 24 -25 -42 60 -6 -81 8 -87 28 -41 32 6 0 -40 -3 -77 12 -28 1 -40 -21 -29 -6 -18 -7 -57 -27 -73 -42 -56 10 -43 10 -8 -29 -60 -25 -36 -32 -27 -8 -76 -28 -24 26 14 12 26 19 -18 9 6 -26 -21 -3 3 -36 18 -27 -34 -27 -35 17 -36 17 -39 -17 -40 16 -11 13 -12 -30 27 18 -41 
102 5 3 0 0.166667 1 -23 -12 1 0.75 9 16 -30 17 -22 17 -20 17 -28 15 22 17 -33 17 -5 17 -15 16 -12 3 0.814815 11 21 29 22 -6 15 -54 17 2 -10 -19 8 -24 26 5 6 -32 10 -10 18 10 20 9 
103 5 3 0 0.843373 35 4 -23 5 -45 0 34 4 -45 -16 15 4 -56 0 -38 5 -5 -5 40 9 2 4 -10 -1 -85 -4 26 -1 30 0 18 -3 30 2 42 7 -23 -6 44 1 27 2 21 7 -53 -7 24 -10 42 -12 41 -8 -36 5 -15 5 -65 3 -62 7 -27 1 -31 1 -61 6 -26 3 -29 -2 -65 1 0.341463 7 16 -7 -1 -2 -4 -34 -11 27 -9 -20 -8 -2 -5 16 3 0.644068 19 -25 16 7 37 12 -63 6 0 8 -41 -26 -53 5 -77 12 -19 -28 -76 10 -11 -25 -59 9 -23 6 20 -15 42 1 -42 1 -79 -29 -85 -15 33 9 -33 
104 5 3 0 0.615385 2 4 -46 13 -13 1 0.75 3 5 -28 5 17 6 16 3 0.615385 2 -42 69 14 -68 
105 5 2 0 0.961538 25 2 -18 -2 -42 4 -31 4 -25 -2 -45 4 -28 3 -31 -2 -52 -2 -34 4 -33 -1 -36 9 26 2 -53 5 -29 -1 -34 7 15 0 -29 3 -72 2 -17 0 -63 -3 -22 4 -57 10 -47 2 -22 3 -39 3 0.390244 4 17 -69 20 35 21 -17 22 -21 
106 5 3 0 0.571429 1 10 -57 1 0.8 2 4 21 6 18 3 0.571429 1 0 68 
107 5 2 3 0.97561 20 19 -28 12 6 -22 15 19 -43 19 -12 18 -14 11 -55 20 -40 20 -19 12 30 13 -1 12 -70 20 -24 -17 17 -18 71 -14 21 17 -3 -5 24 19 -3 8 28 4 0.285714 2 -19 -35 -7 -12 
108 5 3 0 0.857143 3 -21 16 -20 17 -17 68 2 0.5 1 13 -23 3 0.5 1 16 -35 
109 5 2 0 0.210526 1 13 -13 3 0.983607 15 38 -38 -16 56 -5 69 28 33 38 -31 13 22 32 -31 -4 26 24 22 25 -13 -13 38 -26 63 -27 92 24 35 14 -65 
110 5 3 0 0.615385 4 21 -47 16 -68 17 -38 23 -67 1 0.689655 5 14 -32 17 -4 17 25 14 23 16 -21 3 0.689655 5 40 0 39 -11 22 70 33 -65 36 -15 
111 5 2 0 0.96 6 18 -37 18 -42 14 -59 -7 16 16 -65 18 -52 3 0.4 1 39 -23 
112 5 2 0 0.0526316 1 19 -31 3 0.99654 72 24 -41 -25 4 -24 6 -28 54 -6 3 -3 4 -18 55 -26 -14 1 -19 -27 -24 -13 -11 -15 46 -5 -19 -15 -60 -2 -12 -7 -11 -17 -92 -3 -42 -27 -38 -27 -1 -17 34 -26 -72 2 -32 -16 1 -8 -64 -1 22 -5 -41 -25 40 -13 -70 -29 -69 -17 -38 -32 50 15 -40 -29 24 -29 13 -9 -1 -22 34 -34 5 -27 -24 -36 -54 -26 -88 -35 -12 -22 29 -37 27 -22 -41 -13 -39 -9 -16 -36 -72 -36 -23 -17 11 -23 -32 -33 -88 -35 -87 -32 -61 -40 -2 -11 -8 -23 -16 -20 -21 1 -32 -9 -22 0 -31 4 -22 -24 -36 -25 -37 -10 -9 -22 33 -27 16 -25 65 -27 23 -14 28 0 74 -1 68 
113 5 2 0 0.533333 2 -20 -43 -15 -50 3 0.933333 7 -23 6 -24 -2 -29 89 -40 -29 -26 -37 -42 27 -25 35 
114 5 2 0 0.969697 24 -7 36 -23 6 9 19 -1 16 -20 -22 -22 -74 -6 30 -16 -27 -22 -34 -21 -37 -23 -41 -20 -39 -9 46 -16 -40 -9 36 -11 -74 -12 45 -12 -70 -10 45 0 16 -11 25 -9 38 -15 40 -15 -56 3 0.333333 3 -29 -15 -30 18 -22 6 
115 5 4 0 0.285714 1 0 3 1 0.827586 6 -11 -27 -13 -27 -11 -31 -12 -32 -12 -32 -11 -31 3 0.6 3 -26 10 -35 26 -20 27 4 0.285714 1 -6 -24 
116 5 2 0 0.93617 11 -4 -19 0 -27 1 -27 -8 -26 -12 -11 0 -9 -10 -33 -5 -18 -2 -42 1 -32 -5 -15 3 0.521739 3 -22 55 -30 -7 -4 -53 
117 5 2 0 0.658228 13 -13 -39 -16 -44 -1 -61 -4 -52 -7 14 -20 -77 -10 -3 -15 -57 -4 -42 2 -13 -2 -37 2 -2 -8 -5 3 0.892562 27 9 22 14 1 -6 10 -23 -2 -13 2 13 1 -4 73 11 -79 -14 -40 -5 -40 -5 -97 -4 69 4 -67 2 25 6 61 -14 -13 -5 7 -31 -20 8 19 -31 -14 -16 -19 -3 -21 -3 -37 2 -18 2 -63 8 20 3 3 
118 5 2 0 0.105263 1 -8 -1 3 0.992701 34 -16 -35 -24 -41 -26 -42 -33 -62 -7 -13 8 9 -2 36 -32 16 -3 0 -28 -23 -4 -43 1 3 -2 -17 2 -35 -9 43 -1 -7 4 -39 -38 -19 8 -25 -7 -53 -14 -5 0 -33 0 17 -5 -36 0 -27 -13 -5 -32 12 -20 11 5 -10 -31 -58 -9 7 -9 6 -27 -23 6 -14 
119 5 3 0 0.980392 100 17 1 18 15 16 -3 15 -27 18 -62 17 -60 14 -51 15 8 17 28 16 -54 17 -71 14 -13 14 -2 16 -64 16 19 14 4 15 -43 12 -27 13 -18 11 -9 17 -43 12 -19 18 21 15 -62 11 -32 16 -41 18 -54 13 -61 12 -45 10 6 15 22 12 8 14 -29 17 -1 10 -23 11 -6 14 35 16 30 10 -7 14 24 14 42 9 -27 11 8 12 -42 13 25 8 -6 13 -47 15 -2 10 -55 11 -57 14 -65 10 31 8 -40 11 6 12 -45 13 1 10 -63 9 -57 1 -7 7 -57 12 -3 18 39 18 38 9 37 5 -43 6 -60 10 -8 8 -64 10 -61 10 -51 16 32 8 -20 7 46 9 -47 6 -63 20 -65 8 -47 4 43 11 35 13 24 10 -55 9 15 6 -48 8 -48 7 -62 10 -23 9 -56 -17 13 -6 -19 -12 -60 -9 -10 11 27 -9 -6 16 -57 4 43 3 -51 7 36 2 44 3 -68 -12 53 1 0.102564 3 14 -33 13 19 -7 12 3 0.162602 5 22 48 17 28 16 8 13 48 29 -2 
120 5 3 0 0.7 7 -21 13 -10 63 2 -68 1 66 -15 13 -13 -61 -2 66 1 0.816327 10 -9 -14 -10 -16 -13 1 -9 -9 -10 -3 -10 -9 -8 -6 -12 4 -13 0 3 12 3 0.32 2 12 21 15 20 
121 5 2 0 0.571429 5 -12 -67 0 66 -10 12 -3 65 -11 67 3 0.923077 15 18 -20 8 21 -10 12 -7 -34 19 53 12 -18 8 0 15 41 -19 55 20 57 12 16 12 18 -10 -10 -12 70 -13 69 
122 5 2 1 0.235294 1 -15 24 3 0.981132 13 14 -16 6 5 1 10 1 5 -16 -8 6 18 -4 -34 11 2 -5 -71 5 -36 5 -4 2 15 -3 -65 
123 5 3 0 0.0201005 1 11 -79 1 0.979702 181 14 1 14 -9 15 -1 13 32 14 28 13 -8 12 4 14 -10 12 -6 12 29 15 36 13 37 12 -19 13 -9 12 -25 11 -5 14 12 11 2 12 39 11 -25 11 -17 13 -24 12 26 12 -23 12 14 10 17 11 32 10 19 11 28 11 18 11 37 13 -12 10 36 14 16 9 35 15 -28 13 19 13 24 9 35 8 34 16 32 16 -1 11 22 9 17 13 -35 7 36 14 -18 8 38 13 19 16 -5 3 39 3 37 13 3 16 24 -1 37 -5 20 -6 4 15 5 -10 14 -7 39 -8 -30 -8 13 13 11 -8 20 -7 7 -8 -5 -9 18 -9 19 -7 -9 -13 18 14 -35 -11 10 -4 38 -9 -2 -12 16 -11 32 -6 3 -15 34 -11 31 -10 30 16 -29 -12 27 -11 4 -15 -12 -8 4 -11 38 -13 30 -14 -9 -7 21 -14 -13 -16 18 -12 17 -12 -7 -15 22 -7 16 -15 30 -13 -7 -8 17 -14 -11 -10 1 -14 22 -9 37 -12 2 -11 15 -14 29 -15 -12 -10 -1 -7 20 -11 -1 -13 4 -10 18 -16 -11 -8 21 -13 -23 -12 35 -16 -9 -13 6 -11 30 -16 -18 14 17 -16 4 -11 29 -10 -33 -9 16 -15 7 -10 14 -15 39 -12 -8 -13 27 -12 29 16 25 -11 -22 -15 -6 -14 -6 15 25 17 27 16 7 -11 -36 -13 -37 -15 -38 15 19 -14 -18 -16 -19 17 31 -11 -23 -11 -38 -15 -16 -10 -39 -13 -19 -14 -26 -10 -39 -15 -33 16 -24 -14 -24 -12 -38 16 -33 16 -28 17 13 16 -26 14 -38 12 -39 -14 -35 -16 -33 -12 -29 15 7 16 -30 15 13 14 -34 16 -31 -13 -35 11 -38 17 -30 -16 -33 17 3 16 18 -13 -32 17 8 16 -39 17 -37 15 -37 17 -38 3 0.235294 14 -5 14 -9 6 -4 51 0 -10 -10 -81 -3 -7 -22 6 -1 42 -19 28 -6 -18 -14 -42 -5 -25 -6 -41 4 -15 
124 5 5 0 0.837209 9 22 -86 14 -78 18 -66 17 -77 13 -83 21 -85 14 -74 15 -75 16 -74 1 0.210526 1 17 -36 2 0.210526 1 16 -43 3 0.571429 4 10 -21 7 43 -34 -74 25 -39 4 0.210526 1 8 -45 
125 5 3 0 0.0666667 1 -10 -80 1 0.126984 2 0 -2 1 -29 3 0.986301 54 -30 -90 -11 41 -7 35 -19 -26 -5 37 -11 21 -10 23 -33 -94 -11 -14 -7 -10 -6 -5 -3 -10 7 8 -9 -27 -12 -96 -20 26 -20 24 -18 51 -2 -11 1 6 8 -9 7 -8 4 -24 -31 35 -22 -92 -11 -22 -14 44 -26 3 -18 -18 -16 61 -27 -35 -17 -31 -11 53 -11 -37 -8 -15 -18 -97 -20 -44 -14 -32 -17 -98 -11 30 -10 49 2 -20 2 -19 -9 43 -6 1 -5 -39 3 -16 -9 -59 3 -40 -2 -8 -1 -27 -3 34 -1 29 -5 -96 
126 5 3 0 0.0470588 4 -18 73 -19 73 -24 56 -1 59 1 0.97545 298 -8 10 14 -30 -9 1 12 1 4 10 10 17 -8 17 14 16 13 5 -4 19 8 -7 -6 19 9 -8 -7 0 -6 -11 -9 -9 -10 -26 2 -26 -4 -26 5 9 12 -22 -5 22 -10 -16 -10 -27 13 1 10 -25 -11 -30 9 -6 -8 -14 4 -12 11 -13 12 -10 -3 8 -10 -25 14 -16 4 -10 11 -5 6 -12 -6 28 7 -14 -11 -27 -10 -17 5 -16 4 -11 -7 1 -7 29 7 -7 -3 24 13 -16 -5 22 8 -5 9 -4 -5 24 -4 26 11 -13 7 -11 -10 -27 4 16 -3 -26 11 -38 -9 -3 5 -29 7 -14 -10 -13 11 -27 10 19 4 -8 -4 19 10 -29 7 -29 11 -35 8 -29 9 26 5 -26 11 -23 13 -11 -1 -25 10 13 6 -35 -5 -2 9 -24 4 -31 3 -16 7 4 10 -10 13 0 0 2 -5 26 -1 11 9 -18 2 3 -1 -24 -6 2 -1 25 -5 5 12 -32 -1 15 0 -25 11 4 3 -30 6 -2 -5 -18 8 -2 -8 -13 -7 11 -1 -4 3 -29 -10 -25 8 -5 8 -23 8 7 -5 -32 10 -12 -1 -2 8 19 -2 26 10 -17 5 -21 8 -30 9 3 -8 32 12 23 11 -3 -8 21 -9 -11 11 -30 1 10 -7 -34 7 -20 -9 31 -2 -16 5 1 -6 -35 2 -35 -9 -24 -7 -12 -6 28 5 -18 -7 -27 8 21 -8 -16 15 -14 0 -36 2 -22 4 -7 -5 -10 -8 -22 -5 -21 7 -24 -2 -7 -6 -24 11 31 9 4 -2 19 -1 24 7 31 -1 32 -6 -2 1 -27 -8 -24 10 17 -4 0 -9 -17 -4 15 5 -31 2 18 7 1 1 34 11 10 -3 -15 2 -13 8 -24 3 -22 -2 17 10 22 -2 -13 9 1 6 -33 -3 -32 10 9 -6 34 10 27 8 -25 3 6 3 1 7 24 -4 13 -3 26 7 16 10 7 3 1 -7 -5 8 19 3 -29 -4 -15 9 6 0 31 3 3 10 26 2 -22 5 4 -4 -2 3 33 -2 -2 -2 25 -1 -7 -5 -10 0 29 -1 -32 7 14 -3 -7 6 -25 3 34 1 -11 -6 -7 9 8 6 -10 -1 25 6 22 3 -13 6 28 0 6 9 -3 -3 -4 5 33 3 17 -4 5 10 0 8 14 -1 -22 0 -9 5 -16 7 -12 7 24 -3 -14 -3 9 3 -13 -7 37 0 1 -6 38 1 0 1 -20 3 36 8 -4 1 35 4 -9 3 -33 -2 5 0 -20 7 25 0 1 6 -16 -5 -24 1 -18 1 34 -1 13 -2 26 3 7 -3 -16 0 33 2 34 1 24 10 30 4 35 3 19 0 17 3 2 1 12 5 20 2 19 2 9 2 6 4 -3 -4 -18 -3 36 2 -28 5 21 3 26 2 14 2 16 -3 35 -6 35 4 25 2 33 -7 -29 1 -34 -6 -28 -1 -33 -4 -32 -5 -30 -6 -37 -7 -38 -5 -37 -1 -35 -5 -36 -6 -34 -3 -34 -1 -38 3 0.256158 26 -12 -3 0 -43 10 -21 8 -19 -2 10 8 -32 8 -36 -26 74 -5 -90 13 -29 -3 -21 -8 63 16 -22 12 61 -35 51 -36 21 -7 33 -6 30 9 -59 9 -28 -30 39 -21 -85 -40 49 18 -36 -32 -14 -16 -83 
127 5 4 0 0.774194 6 19 -76 12 -80 11 -80 15 -75 12 -77 7 -86 1 0.25 1 12 -35 3 0.714286 5 -42 -87 10 -80 -40 -85 -39 -41 -35 39 4 0.25 1 -16 -27 
128 5 3 1 0.928571 13 -8 -17 -5 -21 -14 -32 -5 -23 -5 -22 -7 -24 -3 -22 -3 -29 -4 -24 -5 -24 -6 -29 -6 -24 -6 -31 3 0.2 1 7 -91 4 0.461538 3 -19 -12 -20 -21 -19 -26 
129 5 2 1 0.210526 1 16 -25 3 0.983607 15 19 -43 -5 39 -6 81 -22 79 13 -39 11 24 -5 22 -12 29 -6 79 13 -24 12 -31 12 -30 4 25 4 18 -9 30 
130 5 5 0 0.521739 3 -15 69 9 -89 17 -88 1 0.4 2 -10 -33 -14 -35 2 0.235294 1 14 -52 3 0.75 6 18 -25 -38 -18 22 -19 26 -97 -36 -41 -7 -15 4 0.4 2 -4 -9 -23 28 
131 5 3 0 0.962963 13 -24 -81 -11 -81 -18 -78 -15 -80 9 -80 12 -83 -12 -71 -7 -79 1 -72 5 -71 -23 -76 8 -73 3 -74 2 0.222222 1 4 -52 4 0.222222 1 -1 -38 
132 5 3 0 0.333333 1 0 -70 1 0.933333 7 15 -31 0 -34 -11 -34 5 -35 -1 -35 0 -35 -10 -35 3 0.333333 1 16 -92 
133 5 5 0 0.4 2 10 -74 5 -74 1 0.235294 1 9 -35 2 0.4 2 -5 -52 -9 -44 3 0.689655 5 5 -93 3 -96 19 -94 -27 -93 -24 -93 4 0.615385 4 -25 -10 -25 -39 -21 -45 -20 -31 
134 5 2 0 0.97561 30 -17 -73 -4 -83 -14 -74 3 -82 -17 -74 12 -88 1 -83 5 -88 -4 -75 -1 -76 -23 -84 -22 -85 -19 -85 -24 -84 -11 -86 2 -77 -3 -86 7 -90 16 -75 -14 72 10 -77 -1 -88 7 -89 -11 64 -12 64 -20 -87 -21 -92 5 -91 -24 -92 13 -89 3 0.285714 3 16 -21 -19 -99 2 -86 
