10 126 1
0 0 -1 14 18 0 6 61 26 2 14 32 -1023 
1 1 -1 27 26 28 0 59 27 2 11 32 -1166 
2 1 -1 27 25 19 5 62 31 1 18 32 -199 
3 2 -1 39 43 0 0 30 18 0 0 11 -51 
4 2 -1 11 0 7 29 19 36 33 18 32 -1871 
5 2 -1 26 7 22 12 53 43 3 20 32 -876 
6 2 -1 61 59 0 0 26 59 0 0 18 -6 
7 3 0 0 0 0 0 0 0 0 0 0 0 
8 3 -1 50 28 0 0 28 30 0 0 3 -19 
9 3 -1 53 11 0 0 17 56 0 0 11 8 
10 3 -1 49 18 0 0 15 59 0 0 18 -9 
11 3 -1 17 4 0 22 25 43 13 19 32 -2477 
12 3 -1 10 24 0 0 47 25 0 0 2 -43 
13 3 -1 62 57 0 0 50 21 0 0 3 40 
14 3 -1 0 8 0 0 30 30 0 0 2 -5 
15 4 0 0 0 0 0 0 0 0 0 0 0 
16 4 0 0 0 0 0 0 0 0 0 0 0 
17 4 1 0 0 0 0 0 0 0 0 0 0 
18 4 -1 10 23 4 7 41 49 21 12 32 -1651 
19 4 -1 3 46 0 0 56 42 0 0 0 -16 
20 4 -1 24 35 0 0 7 58 0 0 5 -14 
21 4 17 0 0 0 0 0 0 0 0 0 0 
22 4 -1 7 19 0 0 25 23 0 0 3 30 
23 4 -1 40 41 0 0 51 44 0 0 1 -18 
24 4 -1 54 14 0 0 11 28 0 0 5 -19 
25 4 -1 44 27 0 0 14 25 0 0 18 15 
26 4 -1 15 27 0 0 8 15 0 0 0 -67 
27 4 -1 6 52 0 0 23 14 0 0 0 53 
28 4 -1 6 31 0 0 16 11 0 0 12 -74 
29 4 -1 50 57 0 0 61 6 0 0 3 28 
30 4 -1 16 42 0 0 54 51 0 0 16 -79 
31 5 0 0 0 0 0 0 0 0 0 0 0 
32 5 0 0 0 0 0 0 0 0 0 0 0 
33 5 0 0 0 0 0 0 0 0 0 0 0 
34 5 0 0 0 0 0 0 0 0 0 0 0 
35 5 0 0 0 0 0 0 0 0 0 0 0 
36 5 0 0 0 0 0 0 0 0 0 0 0 
37 5 -1 29 17 0 0 16 16 0 0 9 -36 
38 5 -1 36 14 0 0 59 8 0 0 11 25 
39 5 -1 27 22 7 17 35 62 4 1 32 2273 
40 5 -1 47 34 0 0 25 40 0 0 17 2 
41 5 15 0 0 0 0 0 0 0 0 0 0 
42 5 16 0 0 0 0 0 0 0 0 0 0 
43 5 0 0 0 0 0 0 0 0 0 0 0 
44 5 0 0 0 0 0 0 0 0 0 0 0 
45 5 18 0 0 0 0 0 0 0 0 0 0 
46 5 19 0 0 0 0 0 0 0 0 0 0 
47 5 20 0 0 0 0 0 0 0 0 0 0 
48 5 21 0 0 0 0 0 0 0 0 0 0 
49 5 22 0 0 0 0 0 0 0 0 0 0 
50 5 -1 35 2 0 0 30 14 0 0 14 -62 
51 5 29 0 0 0 0 0 0 0 0 0 0 
52 5 30 0 0 0 0 0 0 0 0 0 0 
53 5 -1 57 46 0 0 11 23 0 0 15 -72 
54 5 -1 0 62 0 0 54 8 0 0 10 -4 
55 5 -1 62 9 0 0 15 55 0 0 2 2 
56 5 -1 51 9 0 0 7 7 0 0 6 7 
57 5 68 0 0 0 0 0 0 0 0 0 0 
58 5 -1 20 59 0 0 9 40 0 0 16 -9 
59 5 -1 62 22 0 0 28 35 0 0 0 96 
60 5 -1 20 20 1 7 60 49 3 5 32 -52 
61 5 -1 58 5 0 0 5 35 0 0 16 97 
62 5 -1 35 61 0 0 20 13 0 0 1 17 
63 6 0 0 0 0 0 0 0 0 0 0 0 
64 6 0 0 0 0 0 0 0 0 0 0 0 
65 6 0 0 0 0 0 0 0 0 0 0 0 
66 6 0 0 0 0 0 0 0 0 0 0 0 
67 6 0 0 0 0 0 0 0 0 0 0 0 
68 6 0 0 0 0 0 0 0 0 0 0 0 
69 6 0 0 0 0 0 0 0 0 0 0 0 
70 6 0 0 0 0 0 0 0 0 0 0 0 
71 6 0 0 0 0 0 0 0 0 0 0 0 
72 6 0 0 0 0 0 0 0 0 0 0 0 
73 6 0 0 0 0 0 0 0 0 0 0 0 
74 6 0 0 0 0 0 0 0 0 0 0 0 
75 6 -1 20 30 0 0 6 5 0 0 13 -75 
76 6 -1 26 33 0 0 30 14 0 0 9 24 
77 6 -1 60 52 0 0 8 37 0 0 9 -50 
78 6 10 0 0 0 0 0 0 0 0 0 0 
79 6 11 0 0 0 0 0 0 0 0 0 0 
80 6 12 0 0 0 0 0 0 0 0 0 0 
81 6 13 0 0 0 0 0 0 0 0 0 0 
82 6 14 0 0 0 0 0 0 0 0 0 0 
83 6 0 0 0 0 0 0 0 0 0 0 0 
84 6 0 0 0 0 0 0 0 0 0 0 0 
85 6 0 0 0 0 0 0 0 0 0 0 0 
86 6 0 0 0 0 0 0 0 0 0 0 0 
87 6 0 0 0 0 0 0 0 0 0 0 0 
88 6 0 0 0 0 0 0 0 0 0 0 0 
89 6 0 0 0 0 0 0 0 0 0 0 0 
90 6 0 0 0 0 0 0 0 0 0 0 0 
91 6 0 0 0 0 0 0 0 0 0 0 0 
92 6 0 0 0 0 0 0 0 0 0 0 0 
93 6 0 0 0 0 0 0 0 0 0 0 0 
94 6 0 0 0 0 0 0 0 0 0 0 0 
95 6 0 0 0 0 0 0 0 0 0 0 0 
96 6 0 0 0 0 0 0 0 0 0 0 0 
97 6 0 0 0 0 0 0 0 0 0 0 0 
98 6 0 0 0 0 0 0 0 0 0 0 0 
99 6 0 0 0 0 0 0 0 0 0 0 0 
100 6 0 0 0 0 0 0 0 0 0 0 0 
101 6 23 0 0 0 0 0 0 0 0 0 0 
102 6 -1 3 21 7 17 61 53 2 1 32 -65 
103 6 0 0 0 0 0 0 0 0 0 0 0 
104 6 0 0 0 0 0 0 0 0 0 0 0 
105 6 0 0 0 0 0 0 0 0 0 0 0 
106 6 0 0 0 0 0 0 0 0 0 0 0 
107 6 31 0 0 0 0 0 0 0 0 0 0 
108 6 -1 52 18 0 0 10 43 0 0 15 -65 
109 6 -1 3 3 0 0 39 30 0 0 2 15 
110 6 -1 59 9 0 0 45 35 0 0 17 35 
111 6 -1 18 47 0 0 7 63 0 0 16 45 
112 6 -1 3 42 0 0 46 53 0 0 5 -19 
113 6 -1 2 10 29 4 61 55 2 4 32 -93 
114 6 -1 44 36 0 0 52 20 0 0 2 -7 
115 6 0 0 0 0 0 0 0 0 0 0 0 
116 6 0 0 0 0 0 0 0 0 0 0 0 
117 6 -1 38 5 0 0 33 15 0 0 15 36 
118 6 -1 10 33 0 0 28 18 0 0 8 -6 
119 6 -1 43 2 0 0 0 59 0 0 0 -48 
120 6 -1 2 37 0 0 44 15 0 0 0 48 
121 6 -1 46 48 0 0 20 18 0 0 3 43 
122 6 -1 30 50 0 0 59 60 0 0 8 44 
123 6 -1 30 19 25 14 56 43 1 12 32 969 
124 6 -1 16 33 0 0 45 56 0 0 0 -45 
125 6 -1 7 29 7 4 17 38 37 15 32 -7619 
126 6 -1 1 30 0 0 61 11 0 0 16 -28 
127 7 0 0 0 0 0 0 0 0 0 0 0 
128 7 0 0 0 0 0 0 0 0 0 0 0 
129 7 0 0 0 0 0 0 0 0 0 0 0 
130 7 0 0 0 0 0 0 0 0 0 0 0 
131 7 0 0 0 0 0 0 0 0 0 0 0 
132 7 0 0 0 0 0 0 0 0 0 0 0 
133 7 0 0 0 0 0 0 0 0 0 0 0 
134 7 0 0 0 0 0 0 0 0 0 0 0 
135 7 0 0 0 0 0 0 0 0 0 0 0 
136 7 0 0 0 0 0 0 0 0 0 0 0 
137 7 0 0 0 0 0 0 0 0 0 0 0 
138 7 0 0 0 0 0 0 0 0 0 0 0 
139 7 0 0 0 0 0 0 0 0 0 0 0 
140 7 0 0 0 0 0 0 0 0 0 0 0 
141 7 0 0 0 0 0 0 0 0 0 0 0 
142 7 0 0 0 0 0 0 0 0 0 0 0 
143 7 0 0 0 0 0 0 0 0 0 0 0 
144 7 0 0 0 0 0 0 0 0 0 0 0 
145 7 0 0 0 0 0 0 0 0 0 0 0 
146 7 0 0 0 0 0 0 0 0 0 0 0 
147 7 0 0 0 0 0 0 0 0 0 0 0 
148 7 0 0 0 0 0 0 0 0 0 0 0 
149 7 0 0 0 0 0 0 0 0 0 0 0 
150 7 0 0 0 0 0 0 0 0 0 0 0 
151 7 2 0 0 0 0 0 0 0 0 0 0 
152 7 -1 50 24 0 0 15 38 0 0 2 0 
153 7 -1 37 59 0 0 62 15 0 0 28 -65 
154 7 7 0 0 0 0 0 0 0 0 0 0 
155 7 8 0 0 0 0 0 0 0 0 0 0 
156 7 9 0 0 0 0 0 0 0 0 0 0 
157 7 0 0 0 0 0 0 0 0 0 0 0 
158 7 0 0 0 0 0 0 0 0 0 0 0 
159 7 0 0 0 0 0 0 0 0 0 0 0 
160 7 0 0 0 0 0 0 0 0 0 0 0 
161 7 0 0 0 0 0 0 0 0 0 0 0 
162 7 0 0 0 0 0 0 0 0 0 0 0 
163 7 0 0 0 0 0 0 0 0 0 0 0 
164 7 0 0 0 0 0 0 0 0 0 0 0 
165 7 0 0 0 0 0 0 0 0 0 0 0 
166 7 0 0 0 0 0 0 0 0 0 0 0 
167 7 0 0 0 0 0 0 0 0 0 0 0 
168 7 0 0 0 0 0 0 0 0 0 0 0 
169 7 0 0 0 0 0 0 0 0 0 0 0 
170 7 0 0 0 0 0 0 0 0 0 0 0 
171 7 0 0 0 0 0 0 0 0 0 0 0 
172 7 0 0 0 0 0 0 0 0 0 0 0 
173 7 0 0 0 0 0 0 0 0 0 0 0 
174 7 0 0 0 0 0 0 0 0 0 0 0 
175 7 0 0 0 0 0 0 0 0 0 0 0 
176 7 0 0 0 0 0 0 0 0 0 0 0 
177 7 0 0 0 0 0 0 0 0 0 0 0 
178 7 0 0 0 0 0 0 0 0 0 0 0 
179 7 0 0 0 0 0 0 0 0 0 0 0 
180 7 0 0 0 0 0 0 0 0 0 0 0 
181 7 0 0 0 0 0 0 0 0 0 0 0 
182 7 0 0 0 0 0 0 0 0 0 0 0 
183 7 0 0 0 0 0 0 0 0 0 0 0 
184 7 0 0 0 0 0 0 0 0 0 0 0 
185 7 0 0 0 0 0 0 0 0 0 0 0 
186 7 0 0 0 0 0 0 0 0 0 0 0 
187 7 0 0 0 0 0 0 0 0 0 0 0 
188 7 0 0 0 0 0 0 0 0 0 0 0 
189 7 0 0 0 0 0 0 0 0 0 0 0 
190 7 0 0 0 0 0 0 0 0 0 0 0 
191 7 0 0 0 0 0 0 0 0 0 0 0 
192 7 0 0 0 0 0 0 0 0 0 0 0 
193 7 0 0 0 0 0 0 0 0 0 0 0 
194 7 0 0 0 0 0 0 0 0 0 0 0 
195 7 0 0 0 0 0 0 0 0 0 0 0 
196 7 0 0 0 0 0 0 0 0 0 0 0 
197 7 0 0 0 0 0 0 0 0 0 0 0 
198 7 0 0 0 0 0 0 0 0 0 0 0 
199 7 0 0 0 0 0 0 0 0 0 0 0 
200 7 0 0 0 0 0 0 0 0 0 0 0 
201 7 0 0 0 0 0 0 0 0 0 0 0 
202 7 0 0 0 0 0 0 0 0 0 0 0 
203 7 0 0 0 0 0 0 0 0 0 0 0 
204 7 0 0 0 0 0 0 0 0 0 0 0 
205 7 -1 57 4 0 0 39 23 0 0 22 0 
206 7 28 0 0 0 0 0 0 0 0 0 0 
207 7 0 0 0 0 0 0 0 0 0 0 0 
208 7 0 0 0 0 0 0 0 0 0 0 0 
209 7 0 0 0 0 0 0 0 0 0 0 0 
210 7 0 0 0 0 0 0 0 0 0 0 0 
211 7 0 0 0 0 0 0 0 0 0 0 0 
212 7 0 0 0 0 0 0 0 0 0 0 0 
213 7 0 0 0 0 0 0 0 0 0 0 0 
214 7 0 0 0 0 0 0 0 0 0 0 0 
215 7 0 0 0 0 0 0 0 0 0 0 0 
216 7 0 0 0 0 0 0 0 0 0 0 0 
217 7 32 0 0 0 0 0 0 0 0 0 0 
218 7 33 0 0 0 0 0 0 0 0 0 0 
219 7 -1 49 54 0 0 24 32 0 0 17 -14 
220 7 -1 2 56 0 0 9 53 0 0 22 -1 
221 7 -1 56 14 0 0 35 42 0 0 6 -18 
222 7 -1 52 14 0 0 25 33 0 0 2 19 
223 7 -1 59 6 0 0 0 54 0 0 0 49 
224 7 -1 1 5 6 11 44 39 15 22 32 -208 
225 7 59 0 0 0 0 0 0 0 0 0 0 
226 7 -1 3 52 0 0 23 13 0 0 13 8 
227 7 64 0 0 0 0 0 0 0 0 0 0 
228 7 65 0 0 0 0 0 0 0 0 0 0 
229 7 66 0 0 0 0 0 0 0 0 0 0 
230 7 67 0 0 0 0 0 0 0 0 0 0 
231 7 0 0 0 0 0 0 0 0 0 0 0 
232 7 0 0 0 0 0 0 0 0 0 0 0 
233 7 0 0 0 0 0 0 0 0 0 0 0 
234 7 0 0 0 0 0 0 0 0 0 0 0 
235 7 -1 8 56 0 0 63 10 0 0 18 19 
236 7 71 0 0 0 0 0 0 0 0 0 0 
237 7 72 0 0 0 0 0 0 0 0 0 0 
238 7 -1 56 20 0 0 26 60 0 0 1 13 
239 7 -1 34 46 0 0 9 45 0 0 8 -41 
240 7 -1 7 5 0 0 25 3 0 0 3 -30 
241 7 -1 35 57 0 0 13 32 0 0 18 14 
242 7 -1 30 20 0 0 56 35 0 0 2 -42 
243 7 94 0 0 0 0 0 0 0 0 0 0 
244 7 95 0 0 0 0 0 0 0 0 0 0 
245 7 -1 2 30 0 0 2 11 0 0 14 57 
246 7 100 0 0 0 0 0 0 0 0 0 0 
247 7 -1 12 56 0 0 59 43 0 0 5 11 
248 7 105 0 0 0 0 0 0 0 0 0 0 
249 7 106 0 0 0 0 0 0 0 0 0 0 
250 7 107 0 0 0 0 0 0 0 0 0 0 
251 7 108 0 0 0 0 0 0 0 0 0 0 
252 7 -1 53 7 0 0 5 6 0 0 16 12 
253 7 -1 55 39 0 0 22 49 0 0 21 -1 
254 7 -1 51 12 0 0 4 11 0 0 16 -44 
255 8 0 0 0 0 0 0 0 0 0 0 0 
256 8 0 0 0 0 0 0 0 0 0 0 0 
257 8 0 0 0 0 0 0 0 0 0 0 0 
258 8 0 0 0 0 0 0 0 0 0 0 0 
259 8 0 0 0 0 0 0 0 0 0 0 0 
260 8 0 0 0 0 0 0 0 0 0 0 0 
261 8 0 0 0 0 0 0 0 0 0 0 0 
262 8 0 0 0 0 0 0 0 0 0 0 0 
263 8 0 0 0 0 0 0 0 0 0 0 0 
264 8 0 0 0 0 0 0 0 0 0 0 0 
265 8 0 0 0 0 0 0 0 0 0 0 0 
266 8 0 0 0 0 0 0 0 0 0 0 0 
267 8 0 0 0 0 0 0 0 0 0 0 0 
268 8 0 0 0 0 0 0 0 0 0 0 0 
269 8 0 0 0 0 0 0 0 0 0 0 0 
270 8 0 0 0 0 0 0 0 0 0 0 0 
271 8 0 0 0 0 0 0 0 0 0 0 0 
272 8 0 0 0 0 0 0 0 0 0 0 0 
273 8 0 0 0 0 0 0 0 0 0 0 0 
274 8 0 0 0 0 0 0 0 0 0 0 0 
275 8 0 0 0 0 0 0 0 0 0 0 0 
276 8 0 0 0 0 0 0 0 0 0 0 0 
277 8 0 0 0 0 0 0 0 0 0 0 0 
278 8 0 0 0 0 0 0 0 0 0 0 0 
279 8 0 0 0 0 0 0 0 0 0 0 0 
280 8 0 0 0 0 0 0 0 0 0 0 0 
281 8 0 0 0 0 0 0 0 0 0 0 0 
282 8 0 0 0 0 0 0 0 0 0 0 0 
283 8 0 0 0 0 0 0 0 0 0 0 0 
284 8 0 0 0 0 0 0 0 0 0 0 0 
285 8 0 0 0 0 0 0 0 0 0 0 0 
286 8 0 0 0 0 0 0 0 0 0 0 0 
287 8 0 0 0 0 0 0 0 0 0 0 0 
288 8 0 0 0 0 0 0 0 0 0 0 0 
289 8 0 0 0 0 0 0 0 0 0 0 0 
290 8 0 0 0 0 0 0 0 0 0 0 0 
291 8 0 0 0 0 0 0 0 0 0 0 0 
292 8 0 0 0 0 0 0 0 0 0 0 0 
293 8 0 0 0 0 0 0 0 0 0 0 0 
294 8 0 0 0 0 0 0 0 0 0 0 0 
295 8 0 0 0 0 0 0 0 0 0 0 0 
296 8 0 0 0 0 0 0 0 0 0 0 0 
297 8 0 0 0 0 0 0 0 0 0 0 0 
298 8 0 0 0 0 0 0 0 0 0 0 0 
299 8 0 0 0 0 0 0 0 0 0 0 0 
300 8 0 0 0 0 0 0 0 0 0 0 0 
301 8 0 0 0 0 0 0 0 0 0 0 0 
302 8 0 0 0 0 0 0 0 0 0 0 0 
303 8 0 0 0 0 0 0 0 0 0 0 0 
304 8 0 0 0 0 0 0 0 0 0 0 0 
305 8 3 0 0 0 0 0 0 0 0 0 0 
306 8 4 0 0 0 0 0 0 0 0 0 0 
307 8 5 0 0 0 0 0 0 0 0 0 0 
308 8 6 0 0 0 0 0 0 0 0 0 0 
309 8 0 0 0 0 0 0 0 0 0 0 0 
310 8 0 0 0 0 0 0 0 0 0 0 0 
311 8 0 0 0 0 0 0 0 0 0 0 0 
312 8 0 0 0 0 0 0 0 0 0 0 0 
313 8 0 0 0 0 0 0 0 0 0 0 0 
314 8 0 0 0 0 0 0 0 0 0 0 0 
315 8 0 0 0 0 0 0 0 0 0 0 0 
316 8 0 0 0 0 0 0 0 0 0 0 0 
317 8 0 0 0 0 0 0 0 0 0 0 0 
318 8 0 0 0 0 0 0 0 0 0 0 0 
319 8 0 0 0 0 0 0 0 0 0 0 0 
320 8 0 0 0 0 0 0 0 0 0 0 0 
321 8 0 0 0 0 0 0 0 0 0 0 0 
322 8 0 0 0 0 0 0 0 0 0 0 0 
323 8 0 0 0 0 0 0 0 0 0 0 0 
324 8 0 0 0 0 0 0 0 0 0 0 0 
325 8 0 0 0 0 0 0 0 0 0 0 0 
326 8 0 0 0 0 0 0 0 0 0 0 0 
327 8 0 0 0 0 0 0 0 0 0 0 0 
328 8 0 0 0 0 0 0 0 0 0 0 0 
329 8 0 0 0 0 0 0 0 0 0 0 0 
330 8 0 0 0 0 0 0 0 0 0 0 0 
331 8 0 0 0 0 0 0 0 0 0 0 0 
332 8 0 0 0 0 0 0 0 0 0 0 0 
333 8 0 0 0 0 0 0 0 0 0 0 0 
334 8 0 0 0 0 0 0 0 0 0 0 0 
335 8 0 0 0 0 0 0 0 0 0 0 0 
336 8 0 0 0 0 0 0 0 0 0 0 0 
337 8 0 0 0 0 0 0 0 0 0 0 0 
338 8 0 0 0 0 0 0 0 0 0 0 0 
339 8 0 0 0 0 0 0 0 0 0 0 0 
340 8 0 0 0 0 0 0 0 0 0 0 0 
341 8 0 0 0 0 0 0 0 0 0 0 0 
342 8 0 0 0 0 0 0 0 0 0 0 0 
343 8 0 0 0 0 0 0 0 0 0 0 0 
344 8 0 0 0 0 0 0 0 0 0 0 0 
345 8 0 0 0 0 0 0 0 0 0 0 0 
346 8 0 0 0 0 0 0 0 0 0 0 0 
347 8 0 0 0 0 0 0 0 0 0 0 0 
348 8 0 0 0 0 0 0 0 0 0 0 0 
349 8 0 0 0 0 0 0 0 0 0 0 0 
350 8 0 0 0 0 0 0 0 0 0 0 0 
351 8 0 0 0 0 0 0 0 0 0 0 0 
352 8 0 0 0 0 0 0 0 0 0 0 0 
353 8 0 0 0 0 0 0 0 0 0 0 0 
354 8 0 0 0 0 0 0 0 0 0 0 0 
355 8 0 0 0 0 0 0 0 0 0 0 0 
356 8 0 0 0 0 0 0 0 0 0 0 0 
357 8 0 0 0 0 0 0 0 0 0 0 0 
358 8 0 0 0 0 0 0 0 0 0 0 0 
359 8 0 0 0 0 0 0 0 0 0 0 0 
360 8 0 0 0 0 0 0 0 0 0 0 0 
361 8 0 0 0 0 0 0 0 0 0 0 0 
362 8 0 0 0 0 0 0 0 0 0 0 0 
363 8 0 0 0 0 0 0 0 0 0 0 0 
364 8 0 0 0 0 0 0 0 0 0 0 0 
365 8 0 0 0 0 0 0 0 0 0 0 0 
366 8 0 0 0 0 0 0 0 0 0 0 0 
367 8 0 0 0 0 0 0 0 0 0 0 0 
368 8 0 0 0 0 0 0 0 0 0 0 0 
369 8 0 0 0 0 0 0 0 0 0 0 0 
370 8 0 0 0 0 0 0 0 0 0 0 0 
371 8 0 0 0 0 0 0 0 0 0 0 0 
372 8 0 0 0 0 0 0 0 0 0 0 0 
373 8 0 0 0 0 0 0 0 0 0 0 0 
374 8 0 0 0 0 0 0 0 0 0 0 0 
375 8 0 0 0 0 0 0 0 0 0 0 0 
376 8 0 0 0 0 0 0 0 0 0 0 0 
377 8 0 0 0 0 0 0 0 0 0 0 0 
378 8 0 0 0 0 0 0 0 0 0 0 0 
379 8 0 0 0 0 0 0 0 0 0 0 0 
380 8 0 0 0 0 0 0 0 0 0 0 0 
381 8 0 0 0 0 0 0 0 0 0 0 0 
382 8 0 0 0 0 0 0 0 0 0 0 0 
383 8 0 0 0 0 0 0 0 0 0 0 0 
384 8 0 0 0 0 0 0 0 0 0 0 0 
385 8 0 0 0 0 0 0 0 0 0 0 0 
386 8 0 0 0 0 0 0 0 0 0 0 0 
387 8 0 0 0 0 0 0 0 0 0 0 0 
388 8 0 0 0 0 0 0 0 0 0 0 0 
389 8 0 0 0 0 0 0 0 0 0 0 0 
390 8 0 0 0 0 0 0 0 0 0 0 0 
391 8 0 0 0 0 0 0 0 0 0 0 0 
392 8 0 0 0 0 0 0 0 0 0 0 0 
393 8 0 0 0 0 0 0 0 0 0 0 0 
394 8 0 0 0 0 0 0 0 0 0 0 0 
395 8 0 0 0 0 0 0 0 0 0 0 0 
396 8 0 0 0 0 0 0 0 0 0 0 0 
397 8 0 0 0 0 0 0 0 0 0 0 0 
398 8 0 0 0 0 0 0 0 0 0 0 0 
399 8 0 0 0 0 0 0 0 0 0 0 0 
400 8 0 0 0 0 0 0 0 0 0 0 0 
401 8 0 0 0 0 0 0 0 0 0 0 0 
402 8 0 0 0 0 0 0 0 0 0 0 0 
403 8 0 0 0 0 0 0 0 0 0 0 0 
404 8 0 0 0 0 0 0 0 0 0 0 0 
405 8 0 0 0 0 0 0 0 0 0 0 0 
406 8 0 0 0 0 0 0 0 0 0 0 0 
407 8 0 0 0 0 0 0 0 0 0 0 0 
408 8 0 0 0 0 0 0 0 0 0 0 0 
409 8 0 0 0 0 0 0 0 0 0 0 0 
410 8 0 0 0 0 0 0 0 0 0 0 0 
411 8 24 0 0 0 0 0 0 0 0 0 0 
412 8 -1 59 10 0 0 21 26 0 0 1 23 
413 8 0 0 0 0 0 0 0 0 0 0 0 
414 8 0 0 0 0 0 0 0 0 0 0 0 
415 8 0 0 0 0 0 0 0 0 0 0 0 
416 8 0 0 0 0 0 0 0 0 0 0 0 
417 8 0 0 0 0 0 0 0 0 0 0 0 
418 8 0 0 0 0 0 0 0 0 0 0 0 
419 8 0 0 0 0 0 0 0 0 0 0 0 
420 8 0 0 0 0 0 0 0 0 0 0 0 
421 8 0 0 0 0 0 0 0 0 0 0 0 
422 8 0 0 0 0 0 0 0 0 0 0 0 
423 8 0 0 0 0 0 0 0 0 0 0 0 
424 8 0 0 0 0 0 0 0 0 0 0 0 
425 8 0 0 0 0 0 0 0 0 0 0 0 
426 8 0 0 0 0 0 0 0 0 0 0 0 
427 8 0 0 0 0 0 0 0 0 0 0 0 
428 8 0 0 0 0 0 0 0 0 0 0 0 
429 8 0 0 0 0 0 0 0 0 0 0 0 
430 8 0 0 0 0 0 0 0 0 0 0 0 
431 8 0 0 0 0 0 0 0 0 0 0 0 
432 8 0 0 0 0 0 0 0 0 0 0 0 
433 8 0 0 0 0 0 0 0 0 0 0 0 
434 8 0 0 0 0 0 0 0 0 0 0 0 
435 8 0 0 0 0 0 0 0 0 0 0 0 
436 8 0 0 0 0 0 0 0 0 0 0 0 
437 8 0 0 0 0 0 0 0 0 0 0 0 
438 8 0 0 0 0 0 0 0 0 0 0 0 
439 8 -1 45 47 0 0 41 9 0 0 16 -2 
440 8 -1 51 18 0 0 61 55 0 0 17 -29 
441 8 39 0 0 0 0 0 0 0 0 0 0 
442 8 -1 36 15 0 0 30 28 0 0 7 131 
443 8 -1 48 5 0 0 20 40 0 0 0 -14 
444 8 -1 60 11 0 0 11 23 0 0 1 -16 
445 8 49 0 0 0 0 0 0 0 0 0 0 
446 8 50 0 0 0 0 0 0 0 0 0 0 
447 8 -1 40 31 0 0 23 48 0 0 16 -32 
448 8 -1 22 55 0 0 34 16 0 0 8 -112 
449 8 57 0 0 0 0 0 0 0 0 0 0 
450 8 58 0 0 0 0 0 0 0 0 0 0 
451 8 0 0 0 0 0 0 0 0 0 0 0 
452 8 0 0 0 0 0 0 0 0 0 0 0 
453 8 -1 3 0 0 0 26 5 0 0 16 95 
454 8 63 0 0 0 0 0 0 0 0 0 0 
455 8 0 0 0 0 0 0 0 0 0 0 0 
456 8 0 0 0 0 0 0 0 0 0 0 0 
457 8 0 0 0 0 0 0 0 0 0 0 0 
458 8 0 0 0 0 0 0 0 0 0 0 0 
459 8 0 0 0 0 0 0 0 0 0 0 0 
460 8 0 0 0 0 0 0 0 0 0 0 0 
461 8 0 0 0 0 0 0 0 0 0 0 0 
462 8 0 0 0 0 0 0 0 0 0 0 0 
463 8 0 0 0 0 0 0 0 0 0 0 0 
464 8 0 0 0 0 0 0 0 0 0 0 0 
465 8 0 0 0 0 0 0 0 0 0 0 0 
466 8 0 0 0 0 0 0 0 0 0 0 0 
467 8 0 0 0 0 0 0 0 0 0 0 0 
468 8 0 0 0 0 0 0 0 0 0 0 0 
469 8 0 0 0 0 0 0 0 0 0 0 0 
470 8 0 0 0 0 0 0 0 0 0 0 0 
471 8 69 0 0 0 0 0 0 0 0 0 0 
472 8 70 0 0 0 0 0 0 0 0 0 0 
473 8 0 0 0 0 0 0 0 0 0 0 0 
474 8 0 0 0 0 0 0 0 0 0 0 0 
475 8 0 0 0 0 0 0 0 0 0 0 0 
476 8 0 0 0 0 0 0 0 0 0 0 0 
477 8 73 0 0 0 0 0 0 0 0 0 0 
478 8 74 0 0 0 0 0 0 0 0 0 0 
479 8 75 0 0 0 0 0 0 0 0 0 0 
480 8 -1 61 28 0 0 40 60 0 0 11 23 
481 8 -1 3 8 0 0 17 49 0 0 11 -78 
482 8 -1 40 9 0 0 9 19 0 0 1 -22 
483 8 -1 59 19 0 0 33 7 0 0 15 -14 
484 8 89 0 0 0 0 0 0 0 0 0 0 
485 8 90 0 0 0 0 0 0 0 0 0 0 
486 8 -1 46 47 0 0 0 59 0 0 17 0 
487 8 0 0 0 0 0 0 0 0 0 0 0 
488 8 0 0 0 0 0 0 0 0 0 0 0 
489 8 0 0 0 0 0 0 0 0 0 0 0 
490 8 0 0 0 0 0 0 0 0 0 0 0 
491 8 -1 38 35 0 0 12 46 0 0 1 33 
492 8 99 0 0 0 0 0 0 0 0 0 0 
493 8 0 0 0 0 0 0 0 0 0 0 0 
494 8 0 0 0 0 0 0 0 0 0 0 0 
495 8 -1 54 11 0 0 16 6 0 0 1 0 
496 8 104 0 0 0 0 0 0 0 0 0 0 
497 8 0 0 0 0 0 0 0 0 0 0 0 
498 8 0 0 0 0 0 0 0 0 0 0 0 
499 8 0 0 0 0 0 0 0 0 0 0 0 
500 8 0 0 0 0 0 0 0 0 0 0 0 
501 8 0 0 0 0 0 0 0 0 0 0 0 
502 8 0 0 0 0 0 0 0 0 0 0 0 
503 8 0 0 0 0 0 0 0 0 0 0 0 
504 8 0 0 0 0 0 0 0 0 0 0 0 
505 8 -1 6 25 0 0 50 8 0 0 15 -75 
506 8 -1 31 50 0 0 4 54 0 0 14 42 
507 8 117 0 0 0 0 0 0 0 0 0 0 
508 8 -1 0 51 0 0 15 13 0 0 1 34 
509 8 -1 42 40 0 0 29 19 0 0 2 12 
510 8 -1 10 31 0 0 32 51 0 0 17 -3 
511 9 0 0 0 0 0 0 0 0 0 0 0 
512 9 0 0 0 0 0 0 0 0 0 0 0 
513 9 0 0 0 0 0 0 0 0 0 0 0 
514 9 0 0 0 0 0 0 0 0 0 0 0 
515 9 0 0 0 0 0 0 0 0 0 0 0 
516 9 0 0 0 0 0 0 0 0 0 0 0 
517 9 0 0 0 0 0 0 0 0 0 0 0 
518 9 0 0 0 0 0 0 0 0 0 0 0 
519 9 0 0 0 0 0 0 0 0 0 0 0 
520 9 0 0 0 0 0 0 0 0 0 0 0 
521 9 0 0 0 0 0 0 0 0 0 0 0 
522 9 0 0 0 0 0 0 0 0 0 0 0 
523 9 0 0 0 0 0 0 0 0 0 0 0 
524 9 0 0 0 0 0 0 0 0 0 0 0 
525 9 0 0 0 0 0 0 0 0 0 0 0 
526 9 0 0 0 0 0 0 0 0 0 0 0 
527 9 0 0 0 0 0 0 0 0 0 0 0 
528 9 0 0 0 0 0 0 0 0 0 0 0 
529 9 0 0 0 0 0 0 0 0 0 0 0 
530 9 0 0 0 0 0 0 0 0 0 0 0 
531 9 0 0 0 0 0 0 0 0 0 0 0 
532 9 0 0 0 0 0 0 0 0 0 0 0 
533 9 0 0 0 0 0 0 0 0 0 0 0 
534 9 0 0 0 0 0 0 0 0 0 0 0 
535 9 0 0 0 0 0 0 0 0 0 0 0 
536 9 0 0 0 0 0 0 0 0 0 0 0 
537 9 0 0 0 0 0 0 0 0 0 0 0 
538 9 0 0 0 0 0 0 0 0 0 0 0 
539 9 0 0 0 0 0 0 0 0 0 0 0 
540 9 0 0 0 0 0 0 0 0 0 0 0 
541 9 0 0 0 0 0 0 0 0 0 0 0 
542 9 0 0 0 0 0 0 0 0 0 0 0 
543 9 0 0 0 0 0 0 0 0 0 0 0 
544 9 0 0 0 0 0 0 0 0 0 0 0 
545 9 0 0 0 0 0 0 0 0 0 0 0 
546 9 0 0 0 0 0 0 0 0 0 0 0 
547 9 0 0 0 0 0 0 0 0 0 0 0 
548 9 0 0 0 0 0 0 0 0 0 0 0 
549 9 0 0 0 0 0 0 0 0 0 0 0 
550 9 0 0 0 0 0 0 0 0 0 0 0 
551 9 0 0 0 0 0 0 0 0 0 0 0 
552 9 0 0 0 0 0 0 0 0 0 0 0 
553 9 0 0 0 0 0 0 0 0 0 0 0 
554 9 0 0 0 0 0 0 0 0 0 0 0 
555 9 0 0 0 0 0 0 0 0 0 0 0 
556 9 0 0 0 0 0 0 0 0 0 0 0 
557 9 0 0 0 0 0 0 0 0 0 0 0 
558 9 0 0 0 0 0 0 0 0 0 0 0 
559 9 0 0 0 0 0 0 0 0 0 0 0 
560 9 0 0 0 0 0 0 0 0 0 0 0 
561 9 0 0 0 0 0 0 0 0 0 0 0 
562 9 0 0 0 0 0 0 0 0 0 0 0 
563 9 0 0 0 0 0 0 0 0 0 0 0 
564 9 0 0 0 0 0 0 0 0 0 0 0 
565 9 0 0 0 0 0 0 0 0 0 0 0 
566 9 0 0 0 0 0 0 0 0 0 0 0 
567 9 0 0 0 0 0 0 0 0 0 0 0 
568 9 0 0 0 0 0 0 0 0 0 0 0 
569 9 0 0 0 0 0 0 0 0 0 0 0 
570 9 0 0 0 0 0 0 0 0 0 0 0 
571 9 0 0 0 0 0 0 0 0 0 0 0 
572 9 0 0 0 0 0 0 0 0 0 0 0 
573 9 0 0 0 0 0 0 0 0 0 0 0 
574 9 0 0 0 0 0 0 0 0 0 0 0 
575 9 0 0 0 0 0 0 0 0 0 0 0 
576 9 0 0 0 0 0 0 0 0 0 0 0 
577 9 0 0 0 0 0 0 0 0 0 0 0 
578 9 0 0 0 0 0 0 0 0 0 0 0 
579 9 0 0 0 0 0 0 0 0 0 0 0 
580 9 0 0 0 0 0 0 0 0 0 0 0 
581 9 0 0 0 0 0 0 0 0 0 0 0 
582 9 0 0 0 0 0 0 0 0 0 0 0 
583 9 0 0 0 0 0 0 0 0 0 0 0 
584 9 0 0 0 0 0 0 0 0 0 0 0 
585 9 0 0 0 0 0 0 0 0 0 0 0 
586 9 0 0 0 0 0 0 0 0 0 0 0 
587 9 0 0 0 0 0 0 0 0 0 0 0 
588 9 0 0 0 0 0 0 0 0 0 0 0 
589 9 0 0 0 0 0 0 0 0 0 0 0 
590 9 0 0 0 0 0 0 0 0 0 0 0 
591 9 0 0 0 0 0 0 0 0 0 0 0 
592 9 0 0 0 0 0 0 0 0 0 0 0 
593 9 0 0 0 0 0 0 0 0 0 0 0 
594 9 0 0 0 0 0 0 0 0 0 0 0 
595 9 0 0 0 0 0 0 0 0 0 0 0 
596 9 0 0 0 0 0 0 0 0 0 0 0 
597 9 0 0 0 0 0 0 0 0 0 0 0 
598 9 0 0 0 0 0 0 0 0 0 0 0 
599 9 0 0 0 0 0 0 0 0 0 0 0 
600 9 0 0 0 0 0 0 0 0 0 0 0 
601 9 0 0 0 0 0 0 0 0 0 0 0 
602 9 0 0 0 0 0 0 0 0 0 0 0 
603 9 0 0 0 0 0 0 0 0 0 0 0 
604 9 0 0 0 0 0 0 0 0 0 0 0 
605 9 0 0 0 0 0 0 0 0 0 0 0 
606 9 0 0 0 0 0 0 0 0 0 0 0 
607 9 0 0 0 0 0 0 0 0 0 0 0 
608 9 0 0 0 0 0 0 0 0 0 0 0 
609 9 0 0 0 0 0 0 0 0 0 0 0 
610 9 0 0 0 0 0 0 0 0 0 0 0 
611 9 0 0 0 0 0 0 0 0 0 0 0 
612 9 0 0 0 0 0 0 0 0 0 0 0 
613 9 0 0 0 0 0 0 0 0 0 0 0 
614 9 0 0 0 0 0 0 0 0 0 0 0 
615 9 0 0 0 0 0 0 0 0 0 0 0 
616 9 0 0 0 0 0 0 0 0 0 0 0 
617 9 0 0 0 0 0 0 0 0 0 0 0 
618 9 0 0 0 0 0 0 0 0 0 0 0 
619 9 0 0 0 0 0 0 0 0 0 0 0 
620 9 0 0 0 0 0 0 0 0 0 0 0 
621 9 0 0 0 0 0 0 0 0 0 0 0 
622 9 0 0 0 0 0 0 0 0 0 0 0 
623 9 0 0 0 0 0 0 0 0 0 0 0 
624 9 0 0 0 0 0 0 0 0 0 0 0 
625 9 0 0 0 0 0 0 0 0 0 0 0 
626 9 0 0 0 0 0 0 0 0 0 0 0 
627 9 0 0 0 0 0 0 0 0 0 0 0 
628 9 0 0 0 0 0 0 0 0 0 0 0 
629 9 0 0 0 0 0 0 0 0 0 0 0 
630 9 0 0 0 0 0 0 0 0 0 0 0 
631 9 0 0 0 0 0 0 0 0 0 0 0 
632 9 0 0 0 0 0 0 0 0 0 0 0 
633 9 0 0 0 0 0 0 0 0 0 0 0 
634 9 0 0 0 0 0 0 0 0 0 0 0 
635 9 0 0 0 0 0 0 0 0 0 0 0 
636 9 0 0 0 0 0 0 0 0 0 0 0 
637 9 0 0 0 0 0 0 0 0 0 0 0 
638 9 0 0 0 0 0 0 0 0 0 0 0 
639 9 0 0 0 0 0 0 0 0 0 0 0 
640 9 0 0 0 0 0 0 0 0 0 0 0 
641 9 0 0 0 0 0 0 0 0 0 0 0 
642 9 0 0 0 0 0 0 0 0 0 0 0 
643 9 0 0 0 0 0 0 0 0 0 0 0 
644 9 0 0 0 0 0 0 0 0 0 0 0 
645 9 0 0 0 0 0 0 0 0 0 0 0 
646 9 0 0 0 0 0 0 0 0 0 0 0 
647 9 0 0 0 0 0 0 0 0 0 0 0 
648 9 0 0 0 0 0 0 0 0 0 0 0 
649 9 0 0 0 0 0 0 0 0 0 0 0 
650 9 0 0 0 0 0 0 0 0 0 0 0 
651 9 0 0 0 0 0 0 0 0 0 0 0 
652 9 0 0 0 0 0 0 0 0 0 0 0 
653 9 0 0 0 0 0 0 0 0 0 0 0 
654 9 0 0 0 0 0 0 0 0 0 0 0 
655 9 0 0 0 0 0 0 0 0 0 0 0 
656 9 0 0 0 0 0 0 0 0 0 0 0 
657 9 0 0 0 0 0 0 0 0 0 0 0 
658 9 0 0 0 0 0 0 0 0 0 0 0 
659 9 0 0 0 0 0 0 0 0 0 0 0 
660 9 0 0 0 0 0 0 0 0 0 0 0 
661 9 0 0 0 0 0 0 0 0 0 0 0 
662 9 0 0 0 0 0 0 0 0 0 0 0 
663 9 0 0 0 0 0 0 0 0 0 0 0 
664 9 0 0 0 0 0 0 0 0 0 0 0 
665 9 0 0 0 0 0 0 0 0 0 0 0 
666 9 0 0 0 0 0 0 0 0 0 0 0 
667 9 0 0 0 0 0 0 0 0 0 0 0 
668 9 0 0 0 0 0 0 0 0 0 0 0 
669 9 0 0 0 0 0 0 0 0 0 0 0 
670 9 0 0 0 0 0 0 0 0 0 0 0 
671 9 0 0 0 0 0 0 0 0 0 0 0 
672 9 0 0 0 0 0 0 0 0 0 0 0 
673 9 0 0 0 0 0 0 0 0 0 0 0 
674 9 0 0 0 0 0 0 0 0 0 0 0 
675 9 0 0 0 0 0 0 0 0 0 0 0 
676 9 0 0 0 0 0 0 0 0 0 0 0 
677 9 0 0 0 0 0 0 0 0 0 0 0 
678 9 0 0 0 0 0 0 0 0 0 0 0 
679 9 0 0 0 0 0 0 0 0 0 0 0 
680 9 0 0 0 0 0 0 0 0 0 0 0 
681 9 0 0 0 0 0 0 0 0 0 0 0 
682 9 0 0 0 0 0 0 0 0 0 0 0 
683 9 0 0 0 0 0 0 0 0 0 0 0 
684 9 0 0 0 0 0 0 0 0 0 0 0 
685 9 0 0 0 0 0 0 0 0 0 0 0 
686 9 0 0 0 0 0 0 0 0 0 0 0 
687 9 0 0 0 0 0 0 0 0 0 0 0 
688 9 0 0 0 0 0 0 0 0 0 0 0 
689 9 0 0 0 0 0 0 0 0 0 0 0 
690 9 0 0 0 0 0 0 0 0 0 0 0 
691 9 0 0 0 0 0 0 0 0 0 0 0 
692 9 0 0 0 0 0 0 0 0 0 0 0 
693 9 0 0 0 0 0 0 0 0 0 0 0 
694 9 0 0 0 0 0 0 0 0 0 0 0 
695 9 0 0 0 0 0 0 0 0 0 0 0 
696 9 0 0 0 0 0 0 0 0 0 0 0 
697 9 0 0 0 0 0 0 0 0 0 0 0 
698 9 0 0 0 0 0 0 0 0 0 0 0 
699 9 0 0 0 0 0 0 0 0 0 0 0 
700 9 0 0 0 0 0 0 0 0 0 0 0 
701 9 0 0 0 0 0 0 0 0 0 0 0 
702 9 0 0 0 0 0 0 0 0 0 0 0 
703 9 0 0 0 0 0 0 0 0 0 0 0 
704 9 0 0 0 0 0 0 0 0 0 0 0 
705 9 0 0 0 0 0 0 0 0 0 0 0 
706 9 0 0 0 0 0 0 0 0 0 0 0 
707 9 0 0 0 0 0 0 0 0 0 0 0 
708 9 0 0 0 0 0 0 0 0 0 0 0 
709 9 0 0 0 0 0 0 0 0 0 0 0 
710 9 0 0 0 0 0 0 0 0 0 0 0 
711 9 0 0 0 0 0 0 0 0 0 0 0 
712 9 0 0 0 0 0 0 0 0 0 0 0 
713 9 0 0 0 0 0 0 0 0 0 0 0 
714 9 0 0 0 0 0 0 0 0 0 0 0 
715 9 0 0 0 0 0 0 0 0 0 0 0 
716 9 0 0 0 0 0 0 0 0 0 0 0 
717 9 0 0 0 0 0 0 0 0 0 0 0 
718 9 0 0 0 0 0 0 0 0 0 0 0 
719 9 0 0 0 0 0 0 0 0 0 0 0 
720 9 0 0 0 0 0 0 0 0 0 0 0 
721 9 0 0 0 0 0 0 0 0 0 0 0 
722 9 0 0 0 0 0 0 0 0 0 0 0 
723 9 0 0 0 0 0 0 0 0 0 0 0 
724 9 0 0 0 0 0 0 0 0 0 0 0 
725 9 0 0 0 0 0 0 0 0 0 0 0 
726 9 0 0 0 0 0 0 0 0 0 0 0 
727 9 0 0 0 0 0 0 0 0 0 0 0 
728 9 0 0 0 0 0 0 0 0 0 0 0 
729 9 0 0 0 0 0 0 0 0 0 0 0 
730 9 0 0 0 0 0 0 0 0 0 0 0 
731 9 0 0 0 0 0 0 0 0 0 0 0 
732 9 0 0 0 0 0 0 0 0 0 0 0 
733 9 0 0 0 0 0 0 0 0 0 0 0 
734 9 0 0 0 0 0 0 0 0 0 0 0 
735 9 0 0 0 0 0 0 0 0 0 0 0 
736 9 0 0 0 0 0 0 0 0 0 0 0 
737 9 0 0 0 0 0 0 0 0 0 0 0 
738 9 0 0 0 0 0 0 0 0 0 0 0 
739 9 0 0 0 0 0 0 0 0 0 0 0 
740 9 0 0 0 0 0 0 0 0 0 0 0 
741 9 0 0 0 0 0 0 0 0 0 0 0 
742 9 0 0 0 0 0 0 0 0 0 0 0 
743 9 0 0 0 0 0 0 0 0 0 0 0 
744 9 0 0 0 0 0 0 0 0 0 0 0 
745 9 0 0 0 0 0 0 0 0 0 0 0 
746 9 0 0 0 0 0 0 0 0 0 0 0 
747 9 0 0 0 0 0 0 0 0 0 0 0 
748 9 0 0 0 0 0 0 0 0 0 0 0 
749 9 0 0 0 0 0 0 0 0 0 0 0 
750 9 0 0 0 0 0 0 0 0 0 0 0 
751 9 0 0 0 0 0 0 0 0 0 0 0 
752 9 0 0 0 0 0 0 0 0 0 0 0 
753 9 0 0 0 0 0 0 0 0 0 0 0 
754 9 0 0 0 0 0 0 0 0 0 0 0 
755 9 0 0 0 0 0 0 0 0 0 0 0 
756 9 0 0 0 0 0 0 0 0 0 0 0 
757 9 0 0 0 0 0 0 0 0 0 0 0 
758 9 0 0 0 0 0 0 0 0 0 0 0 
759 9 0 0 0 0 0 0 0 0 0 0 0 
760 9 0 0 0 0 0 0 0 0 0 0 0 
761 9 0 0 0 0 0 0 0 0 0 0 0 
762 9 0 0 0 0 0 0 0 0 0 0 0 
763 9 0 0 0 0 0 0 0 0 0 0 0 
764 9 0 0 0 0 0 0 0 0 0 0 0 
765 9 0 0 0 0 0 0 0 0 0 0 0 
766 9 0 0 0 0 0 0 0 0 0 0 0 
767 9 0 0 0 0 0 0 0 0 0 0 0 
768 9 0 0 0 0 0 0 0 0 0 0 0 
769 9 0 0 0 0 0 0 0 0 0 0 0 
770 9 0 0 0 0 0 0 0 0 0 0 0 
771 9 0 0 0 0 0 0 0 0 0 0 0 
772 9 0 0 0 0 0 0 0 0 0 0 0 
773 9 0 0 0 0 0 0 0 0 0 0 0 
774 9 0 0 0 0 0 0 0 0 0 0 0 
775 9 0 0 0 0 0 0 0 0 0 0 0 
776 9 0 0 0 0 0 0 0 0 0 0 0 
777 9 0 0 0 0 0 0 0 0 0 0 0 
778 9 0 0 0 0 0 0 0 0 0 0 0 
779 9 0 0 0 0 0 0 0 0 0 0 0 
780 9 0 0 0 0 0 0 0 0 0 0 0 
781 9 0 0 0 0 0 0 0 0 0 0 0 
782 9 0 0 0 0 0 0 0 0 0 0 0 
783 9 0 0 0 0 0 0 0 0 0 0 0 
784 9 0 0 0 0 0 0 0 0 0 0 0 
785 9 0 0 0 0 0 0 0 0 0 0 0 
786 9 0 0 0 0 0 0 0 0 0 0 0 
787 9 0 0 0 0 0 0 0 0 0 0 0 
788 9 0 0 0 0 0 0 0 0 0 0 0 
789 9 0 0 0 0 0 0 0 0 0 0 0 
790 9 0 0 0 0 0 0 0 0 0 0 0 
791 9 0 0 0 0 0 0 0 0 0 0 0 
792 9 0 0 0 0 0 0 0 0 0 0 0 
793 9 0 0 0 0 0 0 0 0 0 0 0 
794 9 0 0 0 0 0 0 0 0 0 0 0 
795 9 0 0 0 0 0 0 0 0 0 0 0 
796 9 0 0 0 0 0 0 0 0 0 0 0 
797 9 0 0 0 0 0 0 0 0 0 0 0 
798 9 0 0 0 0 0 0 0 0 0 0 0 
799 9 0 0 0 0 0 0 0 0 0 0 0 
800 9 0 0 0 0 0 0 0 0 0 0 0 
801 9 0 0 0 0 0 0 0 0 0 0 0 
802 9 0 0 0 0 0 0 0 0 0 0 0 
803 9 0 0 0 0 0 0 0 0 0 0 0 
804 9 0 0 0 0 0 0 0 0 0 0 0 
805 9 0 0 0 0 0 0 0 0 0 0 0 
806 9 0 0 0 0 0 0 0 0 0 0 0 
807 9 0 0 0 0 0 0 0 0 0 0 0 
808 9 0 0 0 0 0 0 0 0 0 0 0 
809 9 0 0 0 0 0 0 0 0 0 0 0 
810 9 0 0 0 0 0 0 0 0 0 0 0 
811 9 0 0 0 0 0 0 0 0 0 0 0 
812 9 0 0 0 0 0 0 0 0 0 0 0 
813 9 0 0 0 0 0 0 0 0 0 0 0 
814 9 0 0 0 0 0 0 0 0 0 0 0 
815 9 0 0 0 0 0 0 0 0 0 0 0 
816 9 0 0 0 0 0 0 0 0 0 0 0 
817 9 0 0 0 0 0 0 0 0 0 0 0 
818 9 0 0 0 0 0 0 0 0 0 0 0 
819 9 0 0 0 0 0 0 0 0 0 0 0 
820 9 0 0 0 0 0 0 0 0 0 0 0 
821 9 0 0 0 0 0 0 0 0 0 0 0 
822 9 0 0 0 0 0 0 0 0 0 0 0 
823 9 0 0 0 0 0 0 0 0 0 0 0 
824 9 0 0 0 0 0 0 0 0 0 0 0 
825 9 -1 27 23 22 23 56 48 5 8 32 4055 
826 9 27 0 0 0 0 0 0 0 0 0 0 
827 9 0 0 0 0 0 0 0 0 0 0 0 
828 9 0 0 0 0 0 0 0 0 0 0 0 
829 9 0 0 0 0 0 0 0 0 0 0 0 
830 9 0 0 0 0 0 0 0 0 0 0 0 
831 9 0 0 0 0 0 0 0 0 0 0 0 
832 9 0 0 0 0 0 0 0 0 0 0 0 
833 9 0 0 0 0 0 0 0 0 0 0 0 
834 9 0 0 0 0 0 0 0 0 0 0 0 
835 9 0 0 0 0 0 0 0 0 0 0 0 
836 9 0 0 0 0 0 0 0 0 0 0 0 
837 9 0 0 0 0 0 0 0 0 0 0 0 
838 9 0 0 0 0 0 0 0 0 0 0 0 
839 9 0 0 0 0 0 0 0 0 0 0 0 
840 9 0 0 0 0 0 0 0 0 0 0 0 
841 9 0 0 0 0 0 0 0 0 0 0 0 
842 9 0 0 0 0 0 0 0 0 0 0 0 
843 9 0 0 0 0 0 0 0 0 0 0 0 
844 9 0 0 0 0 0 0 0 0 0 0 0 
845 9 0 0 0 0 0 0 0 0 0 0 0 
846 9 0 0 0 0 0 0 0 0 0 0 0 
847 9 0 0 0 0 0 0 0 0 0 0 0 
848 9 0 0 0 0 0 0 0 0 0 0 0 
849 9 0 0 0 0 0 0 0 0 0 0 0 
850 9 0 0 0 0 0 0 0 0 0 0 0 
851 9 0 0 0 0 0 0 0 0 0 0 0 
852 9 0 0 0 0 0 0 0 0 0 0 0 
853 9 0 0 0 0 0 0 0 0 0 0 0 
854 9 0 0 0 0 0 0 0 0 0 0 0 
855 9 0 0 0 0 0 0 0 0 0 0 0 
856 9 0 0 0 0 0 0 0 0 0 0 0 
857 9 0 0 0 0 0 0 0 0 0 0 0 
858 9 0 0 0 0 0 0 0 0 0 0 0 
859 9 0 0 0 0 0 0 0 0 0 0 0 
860 9 0 0 0 0 0 0 0 0 0 0 0 
861 9 0 0 0 0 0 0 0 0 0 0 0 
862 9 0 0 0 0 0 0 0 0 0 0 0 
863 9 0 0 0 0 0 0 0 0 0 0 0 
864 9 0 0 0 0 0 0 0 0 0 0 0 
865 9 0 0 0 0 0 0 0 0 0 0 0 
866 9 0 0 0 0 0 0 0 0 0 0 0 
867 9 0 0 0 0 0 0 0 0 0 0 0 
868 9 0 0 0 0 0 0 0 0 0 0 0 
869 9 0 0 0 0 0 0 0 0 0 0 0 
870 9 0 0 0 0 0 0 0 0 0 0 0 
871 9 0 0 0 0 0 0 0 0 0 0 0 
872 9 0 0 0 0 0 0 0 0 0 0 0 
873 9 0 0 0 0 0 0 0 0 0 0 0 
874 9 0 0 0 0 0 0 0 0 0 0 0 
875 9 0 0 0 0 0 0 0 0 0 0 0 
876 9 0 0 0 0 0 0 0 0 0 0 0 
877 9 0 0 0 0 0 0 0 0 0 0 0 
878 9 0 0 0 0 0 0 0 0 0 0 0 
879 9 34 0 0 0 0 0 0 0 0 0 0 
880 9 35 0 0 0 0 0 0 0 0 0 0 
881 9 36 0 0 0 0 0 0 0 0 0 0 
882 9 -1 63 27 0 0 36 57 0 0 0 123 
883 9 0 0 0 0 0 0 0 0 0 0 0 
884 9 0 0 0 0 0 0 0 0 0 0 0 
885 9 40 0 0 0 0 0 0 0 0 0 0 
886 9 41 0 0 0 0 0 0 0 0 0 0 
887 9 -1 45 30 0 0 22 39 0 0 9 -70 
888 9 -1 25 38 0 0 48 43 0 0 16 -21 
889 9 46 0 0 0 0 0 0 0 0 0 0 
890 9 -1 22 3 7 4 58 18 2 14 32 -725 
891 9 0 0 0 0 0 0 0 0 0 0 0 
892 9 0 0 0 0 0 0 0 0 0 0 0 
893 9 0 0 0 0 0 0 0 0 0 0 0 
894 9 0 0 0 0 0 0 0 0 0 0 0 
895 9 -1 4 21 0 0 44 47 0 0 16 108 
896 9 -1 5 33 0 0 61 40 0 0 18 15 
897 9 55 0 0 0 0 0 0 0 0 0 0 
898 9 56 0 0 0 0 0 0 0 0 0 0 
899 9 0 0 0 0 0 0 0 0 0 0 0 
900 9 0 0 0 0 0 0 0 0 0 0 0 
901 9 0 0 0 0 0 0 0 0 0 0 0 
902 9 0 0 0 0 0 0 0 0 0 0 0 
903 9 0 0 0 0 0 0 0 0 0 0 0 
904 9 0 0 0 0 0 0 0 0 0 0 0 
905 9 0 0 0 0 0 0 0 0 0 0 0 
906 9 0 0 0 0 0 0 0 0 0 0 0 
907 9 -1 10 24 0 0 33 3 0 0 18 -10 
908 9 62 0 0 0 0 0 0 0 0 0 0 
909 9 0 0 0 0 0 0 0 0 0 0 0 
910 9 0 0 0 0 0 0 0 0 0 0 0 
911 9 0 0 0 0 0 0 0 0 0 0 0 
912 9 0 0 0 0 0 0 0 0 0 0 0 
913 9 0 0 0 0 0 0 0 0 0 0 0 
914 9 0 0 0 0 0 0 0 0 0 0 0 
915 9 0 0 0 0 0 0 0 0 0 0 0 
916 9 0 0 0 0 0 0 0 0 0 0 0 
917 9 0 0 0 0 0 0 0 0 0 0 0 
918 9 0 0 0 0 0 0 0 0 0 0 0 
919 9 0 0 0 0 0 0 0 0 0 0 0 
920 9 0 0 0 0 0 0 0 0 0 0 0 
921 9 0 0 0 0 0 0 0 0 0 0 0 
922 9 0 0 0 0 0 0 0 0 0 0 0 
923 9 0 0 0 0 0 0 0 0 0 0 0 
924 9 0 0 0 0 0 0 0 0 0 0 0 
925 9 0 0 0 0 0 0 0 0 0 0 0 
926 9 0 0 0 0 0 0 0 0 0 0 0 
927 9 0 0 0 0 0 0 0 0 0 0 0 
928 9 0 0 0 0 0 0 0 0 0 0 0 
929 9 0 0 0 0 0 0 0 0 0 0 0 
930 9 0 0 0 0 0 0 0 0 0 0 0 
931 9 0 0 0 0 0 0 0 0 0 0 0 
932 9 0 0 0 0 0 0 0 0 0 0 0 
933 9 0 0 0 0 0 0 0 0 0 0 0 
934 9 0 0 0 0 0 0 0 0 0 0 0 
935 9 0 0 0 0 0 0 0 0 0 0 0 
936 9 0 0 0 0 0 0 0 0 0 0 0 
937 9 0 0 0 0 0 0 0 0 0 0 0 
938 9 0 0 0 0 0 0 0 0 0 0 0 
939 9 0 0 0 0 0 0 0 0 0 0 0 
940 9 0 0 0 0 0 0 0 0 0 0 0 
941 9 0 0 0 0 0 0 0 0 0 0 0 
942 9 0 0 0 0 0 0 0 0 0 0 0 
943 9 0 0 0 0 0 0 0 0 0 0 0 
944 9 0 0 0 0 0 0 0 0 0 0 0 
945 9 0 0 0 0 0 0 0 0 0 0 0 
946 9 0 0 0 0 0 0 0 0 0 0 0 
947 9 0 0 0 0 0 0 0 0 0 0 0 
948 9 0 0 0 0 0 0 0 0 0 0 0 
949 9 0 0 0 0 0 0 0 0 0 0 0 
950 9 0 0 0 0 0 0 0 0 0 0 0 
951 9 0 0 0 0 0 0 0 0 0 0 0 
952 9 0 0 0 0 0 0 0 0 0 0 0 
953 9 0 0 0 0 0 0 0 0 0 0 0 
954 9 0 0 0 0 0 0 0 0 0 0 0 
955 9 0 0 0 0 0 0 0 0 0 0 0 
956 9 0 0 0 0 0 0 0 0 0 0 0 
957 9 0 0 0 0 0 0 0 0 0 0 0 
958 9 0 0 0 0 0 0 0 0 0 0 0 
959 9 0 0 0 0 0 0 0 0 0 0 0 
960 9 0 0 0 0 0 0 0 0 0 0 0 
961 9 -1 44 35 0 0 25 7 0 0 0 20 
962 9 78 0 0 0 0 0 0 0 0 0 0 
963 9 79 0 0 0 0 0 0 0 0 0 0 
964 9 -1 63 38 0 0 5 61 0 0 1 11 
965 9 -1 7 32 0 0 2 45 0 0 9 20 
966 9 -1 2 57 0 0 49 58 0 0 2 -4 
967 9 86 0 0 0 0 0 0 0 0 0 0 
968 9 -1 1 17 0 0 45 38 0 0 3 -2 
969 9 0 0 0 0 0 0 0 0 0 0 0 
970 9 0 0 0 0 0 0 0 0 0 0 0 
971 9 0 0 0 0 0 0 0 0 0 0 0 
972 9 0 0 0 0 0 0 0 0 0 0 0 
973 9 -1 30 11 0 0 61 47 0 0 0 -20 
974 9 93 0 0 0 0 0 0 0 0 0 0 
975 9 0 0 0 0 0 0 0 0 0 0 0 
976 9 0 0 0 0 0 0 0 0 0 0 0 
977 9 0 0 0 0 0 0 0 0 0 0 0 
978 9 0 0 0 0 0 0 0 0 0 0 0 
979 9 0 0 0 0 0 0 0 0 0 0 0 
980 9 0 0 0 0 0 0 0 0 0 0 0 
981 9 0 0 0 0 0 0 0 0 0 0 0 
982 9 0 0 0 0 0 0 0 0 0 0 0 
983 9 -1 38 26 0 0 59 9 0 0 1 -4 
984 9 98 0 0 0 0 0 0 0 0 0 0 
985 9 0 0 0 0 0 0 0 0 0 0 0 
986 9 0 0 0 0 0 0 0 0 0 0 0 
987 9 0 0 0 0 0 0 0 0 0 0 0 
988 9 0 0 0 0 0 0 0 0 0 0 0 
989 9 0 0 0 0 0 0 0 0 0 0 0 
990 9 0 0 0 0 0 0 0 0 0 0 0 
991 9 -1 1 52 0 0 20 63 0 0 1 -24 
992 9 103 0 0 0 0 0 0 0 0 0 0 
993 9 0 0 0 0 0 0 0 0 0 0 0 
994 9 0 0 0 0 0 0 0 0 0 0 0 
995 9 0 0 0 0 0 0 0 0 0 0 0 
996 9 0 0 0 0 0 0 0 0 0 0 0 
997 9 0 0 0 0 0 0 0 0 0 0 0 
998 9 0 0 0 0 0 0 0 0 0 0 0 
999 9 0 0 0 0 0 0 0 0 0 0 0 
1000 9 0 0 0 0 0 0 0 0 0 0 0 
1001 9 0 0 0 0 0 0 0 0 0 0 0 
1002 9 0 0 0 0 0 0 0 0 0 0 0 
1003 9 0 0 0 0 0 0 0 0 0 0 0 
1004 9 0 0 0 0 0 0 0 0 0 0 0 
1005 9 0 0 0 0 0 0 0 0 0 0 0 
1006 9 0 0 0 0 0 0 0 0 0 0 0 
1007 9 0 0 0 0 0 0 0 0 0 0 0 
1008 9 0 0 0 0 0 0 0 0 0 0 0 
1009 9 0 0 0 0 0 0 0 0 0 0 0 
1010 9 0 0 0 0 0 0 0 0 0 0 0 
1011 9 -1 37 0 0 0 23 38 0 0 1 -1 
1012 9 -1 31 43 0 0 12 17 0 0 5 0 
1013 9 -1 19 33 0 0 52 59 0 0 5 -20 
1014 9 -1 9 19 0 0 63 8 0 0 0 -55 
1015 9 0 0 0 0 0 0 0 0 0 0 0 
1016 9 0 0 0 0 0 0 0 0 0 0 0 
1017 9 -1 13 29 0 0 41 63 0 0 11 -76 
1018 9 120 0 0 0 0 0 0 0 0 0 0 
1019 9 121 0 0 0 0 0 0 0 0 0 0 
1020 9 122 0 0 0 0 0 0 0 0 0 0 
1021 9 123 0 0 0 0 0 0 0 0 0 0 
1022 9 -1 21 0 0 30 46 44 8 15 32 -573 
1023 10 0 0 0 0 0 0 0 0 0 0 0 
1024 10 0 0 0 0 0 0 0 0 0 0 0 
1025 10 0 0 0 0 0 0 0 0 0 0 0 
1026 10 0 0 0 0 0 0 0 0 0 0 0 
1027 10 0 0 0 0 0 0 0 0 0 0 0 
1028 10 0 0 0 0 0 0 0 0 0 0 0 
1029 10 0 0 0 0 0 0 0 0 0 0 0 
1030 10 0 0 0 0 0 0 0 0 0 0 0 
1031 10 0 0 0 0 0 0 0 0 0 0 0 
1032 10 0 0 0 0 0 0 0 0 0 0 0 
1033 10 0 0 0 0 0 0 0 0 0 0 0 
1034 10 0 0 0 0 0 0 0 0 0 0 0 
1035 10 0 0 0 0 0 0 0 0 0 0 0 
1036 10 0 0 0 0 0 0 0 0 0 0 0 
1037 10 0 0 0 0 0 0 0 0 0 0 0 
1038 10 0 0 0 0 0 0 0 0 0 0 0 
1039 10 0 0 0 0 0 0 0 0 0 0 0 
1040 10 0 0 0 0 0 0 0 0 0 0 0 
1041 10 0 0 0 0 0 0 0 0 0 0 0 
1042 10 0 0 0 0 0 0 0 0 0 0 0 
1043 10 0 0 0 0 0 0 0 0 0 0 0 
1044 10 0 0 0 0 0 0 0 0 0 0 0 
1045 10 0 0 0 0 0 0 0 0 0 0 0 
1046 10 0 0 0 0 0 0 0 0 0 0 0 
1047 10 0 0 0 0 0 0 0 0 0 0 0 
1048 10 0 0 0 0 0 0 0 0 0 0 0 
1049 10 0 0 0 0 0 0 0 0 0 0 0 
1050 10 0 0 0 0 0 0 0 0 0 0 0 
1051 10 0 0 0 0 0 0 0 0 0 0 0 
1052 10 0 0 0 0 0 0 0 0 0 0 0 
1053 10 0 0 0 0 0 0 0 0 0 0 0 
1054 10 0 0 0 0 0 0 0 0 0 0 0 
1055 10 0 0 0 0 0 0 0 0 0 0 0 
1056 10 0 0 0 0 0 0 0 0 0 0 0 
1057 10 0 0 0 0 0 0 0 0 0 0 0 
1058 10 0 0 0 0 0 0 0 0 0 0 0 
1059 10 0 0 0 0 0 0 0 0 0 0 0 
1060 10 0 0 0 0 0 0 0 0 0 0 0 
1061 10 0 0 0 0 0 0 0 0 0 0 0 
1062 10 0 0 0 0 0 0 0 0 0 0 0 
1063 10 0 0 0 0 0 0 0 0 0 0 0 
1064 10 0 0 0 0 0 0 0 0 0 0 0 
1065 10 0 0 0 0 0 0 0 0 0 0 0 
1066 10 0 0 0 0 0 0 0 0 0 0 0 
1067 10 0 0 0 0 0 0 0 0 0 0 0 
1068 10 0 0 0 0 0 0 0 0 0 0 0 
1069 10 0 0 0 0 0 0 0 0 0 0 0 
1070 10 0 0 0 0 0 0 0 0 0 0 0 
1071 10 0 0 0 0 0 0 0 0 0 0 0 
1072 10 0 0 0 0 0 0 0 0 0 0 0 
1073 10 0 0 0 0 0 0 0 0 0 0 0 
1074 10 0 0 0 0 0 0 0 0 0 0 0 
1075 10 0 0 0 0 0 0 0 0 0 0 0 
1076 10 0 0 0 0 0 0 0 0 0 0 0 
1077 10 0 0 0 0 0 0 0 0 0 0 0 
1078 10 0 0 0 0 0 0 0 0 0 0 0 
1079 10 0 0 0 0 0 0 0 0 0 0 0 
1080 10 0 0 0 0 0 0 0 0 0 0 0 
1081 10 0 0 0 0 0 0 0 0 0 0 0 
1082 10 0 0 0 0 0 0 0 0 0 0 0 
1083 10 0 0 0 0 0 0 0 0 0 0 0 
1084 10 0 0 0 0 0 0 0 0 0 0 0 
1085 10 0 0 0 0 0 0 0 0 0 0 0 
1086 10 0 0 0 0 0 0 0 0 0 0 0 
1087 10 0 0 0 0 0 0 0 0 0 0 0 
1088 10 0 0 0 0 0 0 0 0 0 0 0 
1089 10 0 0 0 0 0 0 0 0 0 0 0 
1090 10 0 0 0 0 0 0 0 0 0 0 0 
1091 10 0 0 0 0 0 0 0 0 0 0 0 
1092 10 0 0 0 0 0 0 0 0 0 0 0 
1093 10 0 0 0 0 0 0 0 0 0 0 0 
1094 10 0 0 0 0 0 0 0 0 0 0 0 
1095 10 0 0 0 0 0 0 0 0 0 0 0 
1096 10 0 0 0 0 0 0 0 0 0 0 0 
1097 10 0 0 0 0 0 0 0 0 0 0 0 
1098 10 0 0 0 0 0 0 0 0 0 0 0 
1099 10 0 0 0 0 0 0 0 0 0 0 0 
1100 10 0 0 0 0 0 0 0 0 0 0 0 
1101 10 0 0 0 0 0 0 0 0 0 0 0 
1102 10 0 0 0 0 0 0 0 0 0 0 0 
1103 10 0 0 0 0 0 0 0 0 0 0 0 
1104 10 0 0 0 0 0 0 0 0 0 0 0 
1105 10 0 0 0 0 0 0 0 0 0 0 0 
1106 10 0 0 0 0 0 0 0 0 0 0 0 
1107 10 0 0 0 0 0 0 0 0 0 0 0 
1108 10 0 0 0 0 0 0 0 0 0 0 0 
1109 10 0 0 0 0 0 0 0 0 0 0 0 
1110 10 0 0 0 0 0 0 0 0 0 0 0 
1111 10 0 0 0 0 0 0 0 0 0 0 0 
1112 10 0 0 0 0 0 0 0 0 0 0 0 
1113 10 0 0 0 0 0 0 0 0 0 0 0 
1114 10 0 0 0 0 0 0 0 0 0 0 0 
1115 10 0 0 0 0 0 0 0 0 0 0 0 
1116 10 0 0 0 0 0 0 0 0 0 0 0 
1117 10 0 0 0 0 0 0 0 0 0 0 0 
1118 10 0 0 0 0 0 0 0 0 0 0 0 
1119 10 0 0 0 0 0 0 0 0 0 0 0 
1120 10 0 0 0 0 0 0 0 0 0 0 0 
1121 10 0 0 0 0 0 0 0 0 0 0 0 
1122 10 0 0 0 0 0 0 0 0 0 0 0 
1123 10 0 0 0 0 0 0 0 0 0 0 0 
1124 10 0 0 0 0 0 0 0 0 0 0 0 
1125 10 0 0 0 0 0 0 0 0 0 0 0 
1126 10 0 0 0 0 0 0 0 0 0 0 0 
1127 10 0 0 0 0 0 0 0 0 0 0 0 
1128 10 0 0 0 0 0 0 0 0 0 0 0 
1129 10 0 0 0 0 0 0 0 0 0 0 0 
1130 10 0 0 0 0 0 0 0 0 0 0 0 
1131 10 0 0 0 0 0 0 0 0 0 0 0 
1132 10 0 0 0 0 0 0 0 0 0 0 0 
1133 10 0 0 0 0 0 0 0 0 0 0 0 
1134 10 0 0 0 0 0 0 0 0 0 0 0 
1135 10 0 0 0 0 0 0 0 0 0 0 0 
1136 10 0 0 0 0 0 0 0 0 0 0 0 
1137 10 0 0 0 0 0 0 0 0 0 0 0 
1138 10 0 0 0 0 0 0 0 0 0 0 0 
1139 10 0 0 0 0 0 0 0 0 0 0 0 
1140 10 0 0 0 0 0 0 0 0 0 0 0 
1141 10 0 0 0 0 0 0 0 0 0 0 0 
1142 10 0 0 0 0 0 0 0 0 0 0 0 
1143 10 0 0 0 0 0 0 0 0 0 0 0 
1144 10 0 0 0 0 0 0 0 0 0 0 0 
1145 10 0 0 0 0 0 0 0 0 0 0 0 
1146 10 0 0 0 0 0 0 0 0 0 0 0 
1147 10 0 0 0 0 0 0 0 0 0 0 0 
1148 10 0 0 0 0 0 0 0 0 0 0 0 
1149 10 0 0 0 0 0 0 0 0 0 0 0 
1150 10 0 0 0 0 0 0 0 0 0 0 0 
1151 10 0 0 0 0 0 0 0 0 0 0 0 
1152 10 0 0 0 0 0 0 0 0 0 0 0 
1153 10 0 0 0 0 0 0 0 0 0 0 0 
1154 10 0 0 0 0 0 0 0 0 0 0 0 
1155 10 0 0 0 0 0 0 0 0 0 0 0 
1156 10 0 0 0 0 0 0 0 0 0 0 0 
1157 10 0 0 0 0 0 0 0 0 0 0 0 
1158 10 0 0 0 0 0 0 0 0 0 0 0 
1159 10 0 0 0 0 0 0 0 0 0 0 0 
1160 10 0 0 0 0 0 0 0 0 0 0 0 
1161 10 0 0 0 0 0 0 0 0 0 0 0 
1162 10 0 0 0 0 0 0 0 0 0 0 0 
1163 10 0 0 0 0 0 0 0 0 0 0 0 
1164 10 0 0 0 0 0 0 0 0 0 0 0 
1165 10 0 0 0 0 0 0 0 0 0 0 0 
1166 10 0 0 0 0 0 0 0 0 0 0 0 
1167 10 0 0 0 0 0 0 0 0 0 0 0 
1168 10 0 0 0 0 0 0 0 0 0 0 0 
1169 10 0 0 0 0 0 0 0 0 0 0 0 
1170 10 0 0 0 0 0 0 0 0 0 0 0 
1171 10 0 0 0 0 0 0 0 0 0 0 0 
1172 10 0 0 0 0 0 0 0 0 0 0 0 
1173 10 0 0 0 0 0 0 0 0 0 0 0 
1174 10 0 0 0 0 0 0 0 0 0 0 0 
1175 10 0 0 0 0 0 0 0 0 0 0 0 
1176 10 0 0 0 0 0 0 0 0 0 0 0 
1177 10 0 0 0 0 0 0 0 0 0 0 0 
1178 10 0 0 0 0 0 0 0 0 0 0 0 
1179 10 0 0 0 0 0 0 0 0 0 0 0 
1180 10 0 0 0 0 0 0 0 0 0 0 0 
1181 10 0 0 0 0 0 0 0 0 0 0 0 
1182 10 0 0 0 0 0 0 0 0 0 0 0 
1183 10 0 0 0 0 0 0 0 0 0 0 0 
1184 10 0 0 0 0 0 0 0 0 0 0 0 
1185 10 0 0 0 0 0 0 0 0 0 0 0 
1186 10 0 0 0 0 0 0 0 0 0 0 0 
1187 10 0 0 0 0 0 0 0 0 0 0 0 
1188 10 0 0 0 0 0 0 0 0 0 0 0 
1189 10 0 0 0 0 0 0 0 0 0 0 0 
1190 10 0 0 0 0 0 0 0 0 0 0 0 
1191 10 0 0 0 0 0 0 0 0 0 0 0 
1192 10 0 0 0 0 0 0 0 0 0 0 0 
1193 10 0 0 0 0 0 0 0 0 0 0 0 
1194 10 0 0 0 0 0 0 0 0 0 0 0 
1195 10 0 0 0 0 0 0 0 0 0 0 0 
1196 10 0 0 0 0 0 0 0 0 0 0 0 
1197 10 0 0 0 0 0 0 0 0 0 0 0 
1198 10 0 0 0 0 0 0 0 0 0 0 0 
1199 10 0 0 0 0 0 0 0 0 0 0 0 
1200 10 0 0 0 0 0 0 0 0 0 0 0 
1201 10 0 0 0 0 0 0 0 0 0 0 0 
1202 10 0 0 0 0 0 0 0 0 0 0 0 
1203 10 0 0 0 0 0 0 0 0 0 0 0 
1204 10 0 0 0 0 0 0 0 0 0 0 0 
1205 10 0 0 0 0 0 0 0 0 0 0 0 
1206 10 0 0 0 0 0 0 0 0 0 0 0 
1207 10 0 0 0 0 0 0 0 0 0 0 0 
1208 10 0 0 0 0 0 0 0 0 0 0 0 
1209 10 0 0 0 0 0 0 0 0 0 0 0 
1210 10 0 0 0 0 0 0 0 0 0 0 0 
1211 10 0 0 0 0 0 0 0 0 0 0 0 
1212 10 0 0 0 0 0 0 0 0 0 0 0 
1213 10 0 0 0 0 0 0 0 0 0 0 0 
1214 10 0 0 0 0 0 0 0 0 0 0 0 
1215 10 0 0 0 0 0 0 0 0 0 0 0 
1216 10 0 0 0 0 0 0 0 0 0 0 0 
1217 10 0 0 0 0 0 0 0 0 0 0 0 
1218 10 0 0 0 0 0 0 0 0 0 0 0 
1219 10 0 0 0 0 0 0 0 0 0 0 0 
1220 10 0 0 0 0 0 0 0 0 0 0 0 
1221 10 0 0 0 0 0 0 0 0 0 0 0 
1222 10 0 0 0 0 0 0 0 0 0 0 0 
1223 10 0 0 0 0 0 0 0 0 0 0 0 
1224 10 0 0 0 0 0 0 0 0 0 0 0 
1225 10 0 0 0 0 0 0 0 0 0 0 0 
1226 10 0 0 0 0 0 0 0 0 0 0 0 
1227 10 0 0 0 0 0 0 0 0 0 0 0 
1228 10 0 0 0 0 0 0 0 0 0 0 0 
1229 10 0 0 0 0 0 0 0 0 0 0 0 
1230 10 0 0 0 0 0 0 0 0 0 0 0 
1231 10 0 0 0 0 0 0 0 0 0 0 0 
1232 10 0 0 0 0 0 0 0 0 0 0 0 
1233 10 0 0 0 0 0 0 0 0 0 0 0 
1234 10 0 0 0 0 0 0 0 0 0 0 0 
1235 10 0 0 0 0 0 0 0 0 0 0 0 
1236 10 0 0 0 0 0 0 0 0 0 0 0 
1237 10 0 0 0 0 0 0 0 0 0 0 0 
1238 10 0 0 0 0 0 0 0 0 0 0 0 
1239 10 0 0 0 0 0 0 0 0 0 0 0 
1240 10 0 0 0 0 0 0 0 0 0 0 0 
1241 10 0 0 0 0 0 0 0 0 0 0 0 
1242 10 0 0 0 0 0 0 0 0 0 0 0 
1243 10 0 0 0 0 0 0 0 0 0 0 0 
1244 10 0 0 0 0 0 0 0 0 0 0 0 
1245 10 0 0 0 0 0 0 0 0 0 0 0 
1246 10 0 0 0 0 0 0 0 0 0 0 0 
1247 10 0 0 0 0 0 0 0 0 0 0 0 
1248 10 0 0 0 0 0 0 0 0 0 0 0 
1249 10 0 0 0 0 0 0 0 0 0 0 0 
1250 10 0 0 0 0 0 0 0 0 0 0 0 
1251 10 0 0 0 0 0 0 0 0 0 0 0 
1252 10 0 0 0 0 0 0 0 0 0 0 0 
1253 10 0 0 0 0 0 0 0 0 0 0 0 
1254 10 0 0 0 0 0 0 0 0 0 0 0 
1255 10 0 0 0 0 0 0 0 0 0 0 0 
1256 10 0 0 0 0 0 0 0 0 0 0 0 
1257 10 0 0 0 0 0 0 0 0 0 0 0 
1258 10 0 0 0 0 0 0 0 0 0 0 0 
1259 10 0 0 0 0 0 0 0 0 0 0 0 
1260 10 0 0 0 0 0 0 0 0 0 0 0 
1261 10 0 0 0 0 0 0 0 0 0 0 0 
1262 10 0 0 0 0 0 0 0 0 0 0 0 
1263 10 0 0 0 0 0 0 0 0 0 0 0 
1264 10 0 0 0 0 0 0 0 0 0 0 0 
1265 10 0 0 0 0 0 0 0 0 0 0 0 
1266 10 0 0 0 0 0 0 0 0 0 0 0 
1267 10 0 0 0 0 0 0 0 0 0 0 0 
1268 10 0 0 0 0 0 0 0 0 0 0 0 
1269 10 0 0 0 0 0 0 0 0 0 0 0 
1270 10 0 0 0 0 0 0 0 0 0 0 0 
1271 10 0 0 0 0 0 0 0 0 0 0 0 
1272 10 0 0 0 0 0 0 0 0 0 0 0 
1273 10 0 0 0 0 0 0 0 0 0 0 0 
1274 10 0 0 0 0 0 0 0 0 0 0 0 
1275 10 0 0 0 0 0 0 0 0 0 0 0 
1276 10 0 0 0 0 0 0 0 0 0 0 0 
1277 10 0 0 0 0 0 0 0 0 0 0 0 
1278 10 0 0 0 0 0 0 0 0 0 0 0 
1279 10 0 0 0 0 0 0 0 0 0 0 0 
1280 10 0 0 0 0 0 0 0 0 0 0 0 
1281 10 0 0 0 0 0 0 0 0 0 0 0 
1282 10 0 0 0 0 0 0 0 0 0 0 0 
1283 10 0 0 0 0 0 0 0 0 0 0 0 
1284 10 0 0 0 0 0 0 0 0 0 0 0 
1285 10 0 0 0 0 0 0 0 0 0 0 0 
1286 10 0 0 0 0 0 0 0 0 0 0 0 
1287 10 0 0 0 0 0 0 0 0 0 0 0 
1288 10 0 0 0 0 0 0 0 0 0 0 0 
1289 10 0 0 0 0 0 0 0 0 0 0 0 
1290 10 0 0 0 0 0 0 0 0 0 0 0 
1291 10 0 0 0 0 0 0 0 0 0 0 0 
1292 10 0 0 0 0 0 0 0 0 0 0 0 
1293 10 0 0 0 0 0 0 0 0 0 0 0 
1294 10 0 0 0 0 0 0 0 0 0 0 0 
1295 10 0 0 0 0 0 0 0 0 0 0 0 
1296 10 0 0 0 0 0 0 0 0 0 0 0 
1297 10 0 0 0 0 0 0 0 0 0 0 0 
1298 10 0 0 0 0 0 0 0 0 0 0 0 
1299 10 0 0 0 0 0 0 0 0 0 0 0 
1300 10 0 0 0 0 0 0 0 0 0 0 0 
1301 10 0 0 0 0 0 0 0 0 0 0 0 
1302 10 0 0 0 0 0 0 0 0 0 0 0 
1303 10 0 0 0 0 0 0 0 0 0 0 0 
1304 10 0 0 0 0 0 0 0 0 0 0 0 
1305 10 0 0 0 0 0 0 0 0 0 0 0 
1306 10 0 0 0 0 0 0 0 0 0 0 0 
1307 10 0 0 0 0 0 0 0 0 0 0 0 
1308 10 0 0 0 0 0 0 0 0 0 0 0 
1309 10 0 0 0 0 0 0 0 0 0 0 0 
1310 10 0 0 0 0 0 0 0 0 0 0 0 
1311 10 0 0 0 0 0 0 0 0 0 0 0 
1312 10 0 0 0 0 0 0 0 0 0 0 0 
1313 10 0 0 0 0 0 0 0 0 0 0 0 
1314 10 0 0 0 0 0 0 0 0 0 0 0 
1315 10 0 0 0 0 0 0 0 0 0 0 0 
1316 10 0 0 0 0 0 0 0 0 0 0 0 
1317 10 0 0 0 0 0 0 0 0 0 0 0 
1318 10 0 0 0 0 0 0 0 0 0 0 0 
1319 10 0 0 0 0 0 0 0 0 0 0 0 
1320 10 0 0 0 0 0 0 0 0 0 0 0 
1321 10 0 0 0 0 0 0 0 0 0 0 0 
1322 10 0 0 0 0 0 0 0 0 0 0 0 
1323 10 0 0 0 0 0 0 0 0 0 0 0 
1324 10 0 0 0 0 0 0 0 0 0 0 0 
1325 10 0 0 0 0 0 0 0 0 0 0 0 
1326 10 0 0 0 0 0 0 0 0 0 0 0 
1327 10 0 0 0 0 0 0 0 0 0 0 0 
1328 10 0 0 0 0 0 0 0 0 0 0 0 
1329 10 0 0 0 0 0 0 0 0 0 0 0 
1330 10 0 0 0 0 0 0 0 0 0 0 0 
1331 10 0 0 0 0 0 0 0 0 0 0 0 
1332 10 0 0 0 0 0 0 0 0 0 0 0 
1333 10 0 0 0 0 0 0 0 0 0 0 0 
1334 10 0 0 0 0 0 0 0 0 0 0 0 
1335 10 0 0 0 0 0 0 0 0 0 0 0 
1336 10 0 0 0 0 0 0 0 0 0 0 0 
1337 10 0 0 0 0 0 0 0 0 0 0 0 
1338 10 0 0 0 0 0 0 0 0 0 0 0 
1339 10 0 0 0 0 0 0 0 0 0 0 0 
1340 10 0 0 0 0 0 0 0 0 0 0 0 
1341 10 0 0 0 0 0 0 0 0 0 0 0 
1342 10 0 0 0 0 0 0 0 0 0 0 0 
1343 10 0 0 0 0 0 0 0 0 0 0 0 
1344 10 0 0 0 0 0 0 0 0 0 0 0 
1345 10 0 0 0 0 0 0 0 0 0 0 0 
1346 10 0 0 0 0 0 0 0 0 0 0 0 
1347 10 0 0 0 0 0 0 0 0 0 0 0 
1348 10 0 0 0 0 0 0 0 0 0 0 0 
1349 10 0 0 0 0 0 0 0 0 0 0 0 
1350 10 0 0 0 0 0 0 0 0 0 0 0 
1351 10 0 0 0 0 0 0 0 0 0 0 0 
1352 10 0 0 0 0 0 0 0 0 0 0 0 
1353 10 0 0 0 0 0 0 0 0 0 0 0 
1354 10 0 0 0 0 0 0 0 0 0 0 0 
1355 10 0 0 0 0 0 0 0 0 0 0 0 
1356 10 0 0 0 0 0 0 0 0 0 0 0 
1357 10 0 0 0 0 0 0 0 0 0 0 0 
1358 10 0 0 0 0 0 0 0 0 0 0 0 
1359 10 0 0 0 0 0 0 0 0 0 0 0 
1360 10 0 0 0 0 0 0 0 0 0 0 0 
1361 10 0 0 0 0 0 0 0 0 0 0 0 
1362 10 0 0 0 0 0 0 0 0 0 0 0 
1363 10 0 0 0 0 0 0 0 0 0 0 0 
1364 10 0 0 0 0 0 0 0 0 0 0 0 
1365 10 0 0 0 0 0 0 0 0 0 0 0 
1366 10 0 0 0 0 0 0 0 0 0 0 0 
1367 10 0 0 0 0 0 0 0 0 0 0 0 
1368 10 0 0 0 0 0 0 0 0 0 0 0 
1369 10 0 0 0 0 0 0 0 0 0 0 0 
1370 10 0 0 0 0 0 0 0 0 0 0 0 
1371 10 0 0 0 0 0 0 0 0 0 0 0 
1372 10 0 0 0 0 0 0 0 0 0 0 0 
1373 10 0 0 0 0 0 0 0 0 0 0 0 
1374 10 0 0 0 0 0 0 0 0 0 0 0 
1375 10 0 0 0 0 0 0 0 0 0 0 0 
1376 10 0 0 0 0 0 0 0 0 0 0 0 
1377 10 0 0 0 0 0 0 0 0 0 0 0 
1378 10 0 0 0 0 0 0 0 0 0 0 0 
1379 10 0 0 0 0 0 0 0 0 0 0 0 
1380 10 0 0 0 0 0 0 0 0 0 0 0 
1381 10 0 0 0 0 0 0 0 0 0 0 0 
1382 10 0 0 0 0 0 0 0 0 0 0 0 
1383 10 0 0 0 0 0 0 0 0 0 0 0 
1384 10 0 0 0 0 0 0 0 0 0 0 0 
1385 10 0 0 0 0 0 0 0 0 0 0 0 
1386 10 0 0 0 0 0 0 0 0 0 0 0 
1387 10 0 0 0 0 0 0 0 0 0 0 0 
1388 10 0 0 0 0 0 0 0 0 0 0 0 
1389 10 0 0 0 0 0 0 0 0 0 0 0 
1390 10 0 0 0 0 0 0 0 0 0 0 0 
1391 10 0 0 0 0 0 0 0 0 0 0 0 
1392 10 0 0 0 0 0 0 0 0 0 0 0 
1393 10 0 0 0 0 0 0 0 0 0 0 0 
1394 10 0 0 0 0 0 0 0 0 0 0 0 
1395 10 0 0 0 0 0 0 0 0 0 0 0 
1396 10 0 0 0 0 0 0 0 0 0 0 0 
1397 10 0 0 0 0 0 0 0 0 0 0 0 
1398 10 0 0 0 0 0 0 0 0 0 0 0 
1399 10 0 0 0 0 0 0 0 0 0 0 0 
1400 10 0 0 0 0 0 0 0 0 0 0 0 
1401 10 0 0 0 0 0 0 0 0 0 0 0 
1402 10 0 0 0 0 0 0 0 0 0 0 0 
1403 10 0 0 0 0 0 0 0 0 0 0 0 
1404 10 0 0 0 0 0 0 0 0 0 0 0 
1405 10 0 0 0 0 0 0 0 0 0 0 0 
1406 10 0 0 0 0 0 0 0 0 0 0 0 
1407 10 0 0 0 0 0 0 0 0 0 0 0 
1408 10 0 0 0 0 0 0 0 0 0 0 0 
1409 10 0 0 0 0 0 0 0 0 0 0 0 
1410 10 0 0 0 0 0 0 0 0 0 0 0 
1411 10 0 0 0 0 0 0 0 0 0 0 0 
1412 10 0 0 0 0 0 0 0 0 0 0 0 
1413 10 0 0 0 0 0 0 0 0 0 0 0 
1414 10 0 0 0 0 0 0 0 0 0 0 0 
1415 10 0 0 0 0 0 0 0 0 0 0 0 
1416 10 0 0 0 0 0 0 0 0 0 0 0 
1417 10 0 0 0 0 0 0 0 0 0 0 0 
1418 10 0 0 0 0 0 0 0 0 0 0 0 
1419 10 0 0 0 0 0 0 0 0 0 0 0 
1420 10 0 0 0 0 0 0 0 0 0 0 0 
1421 10 0 0 0 0 0 0 0 0 0 0 0 
1422 10 0 0 0 0 0 0 0 0 0 0 0 
1423 10 0 0 0 0 0 0 0 0 0 0 0 
1424 10 0 0 0 0 0 0 0 0 0 0 0 
1425 10 0 0 0 0 0 0 0 0 0 0 0 
1426 10 0 0 0 0 0 0 0 0 0 0 0 
1427 10 0 0 0 0 0 0 0 0 0 0 0 
1428 10 0 0 0 0 0 0 0 0 0 0 0 
1429 10 0 0 0 0 0 0 0 0 0 0 0 
1430 10 0 0 0 0 0 0 0 0 0 0 0 
1431 10 0 0 0 0 0 0 0 0 0 0 0 
1432 10 0 0 0 0 0 0 0 0 0 0 0 
1433 10 0 0 0 0 0 0 0 0 0 0 0 
1434 10 0 0 0 0 0 0 0 0 0 0 0 
1435 10 0 0 0 0 0 0 0 0 0 0 0 
1436 10 0 0 0 0 0 0 0 0 0 0 0 
1437 10 0 0 0 0 0 0 0 0 0 0 0 
1438 10 0 0 0 0 0 0 0 0 0 0 0 
1439 10 0 0 0 0 0 0 0 0 0 0 0 
1440 10 0 0 0 0 0 0 0 0 0 0 0 
1441 10 0 0 0 0 0 0 0 0 0 0 0 
1442 10 0 0 0 0 0 0 0 0 0 0 0 
1443 10 0 0 0 0 0 0 0 0 0 0 0 
1444 10 0 0 0 0 0 0 0 0 0 0 0 
1445 10 0 0 0 0 0 0 0 0 0 0 0 
1446 10 0 0 0 0 0 0 0 0 0 0 0 
1447 10 0 0 0 0 0 0 0 0 0 0 0 
1448 10 0 0 0 0 0 0 0 0 0 0 0 
1449 10 0 0 0 0 0 0 0 0 0 0 0 
1450 10 0 0 0 0 0 0 0 0 0 0 0 
1451 10 0 0 0 0 0 0 0 0 0 0 0 
1452 10 0 0 0 0 0 0 0 0 0 0 0 
1453 10 0 0 0 0 0 0 0 0 0 0 0 
1454 10 0 0 0 0 0 0 0 0 0 0 0 
1455 10 0 0 0 0 0 0 0 0 0 0 0 
1456 10 0 0 0 0 0 0 0 0 0 0 0 
1457 10 0 0 0 0 0 0 0 0 0 0 0 
1458 10 0 0 0 0 0 0 0 0 0 0 0 
1459 10 0 0 0 0 0 0 0 0 0 0 0 
1460 10 0 0 0 0 0 0 0 0 0 0 0 
1461 10 0 0 0 0 0 0 0 0 0 0 0 
1462 10 0 0 0 0 0 0 0 0 0 0 0 
1463 10 0 0 0 0 0 0 0 0 0 0 0 
1464 10 0 0 0 0 0 0 0 0 0 0 0 
1465 10 0 0 0 0 0 0 0 0 0 0 0 
1466 10 0 0 0 0 0 0 0 0 0 0 0 
1467 10 0 0 0 0 0 0 0 0 0 0 0 
1468 10 0 0 0 0 0 0 0 0 0 0 0 
1469 10 0 0 0 0 0 0 0 0 0 0 0 
1470 10 0 0 0 0 0 0 0 0 0 0 0 
1471 10 0 0 0 0 0 0 0 0 0 0 0 
1472 10 0 0 0 0 0 0 0 0 0 0 0 
1473 10 0 0 0 0 0 0 0 0 0 0 0 
1474 10 0 0 0 0 0 0 0 0 0 0 0 
1475 10 0 0 0 0 0 0 0 0 0 0 0 
1476 10 0 0 0 0 0 0 0 0 0 0 0 
1477 10 0 0 0 0 0 0 0 0 0 0 0 
1478 10 0 0 0 0 0 0 0 0 0 0 0 
1479 10 0 0 0 0 0 0 0 0 0 0 0 
1480 10 0 0 0 0 0 0 0 0 0 0 0 
1481 10 0 0 0 0 0 0 0 0 0 0 0 
1482 10 0 0 0 0 0 0 0 0 0 0 0 
1483 10 0 0 0 0 0 0 0 0 0 0 0 
1484 10 0 0 0 0 0 0 0 0 0 0 0 
1485 10 0 0 0 0 0 0 0 0 0 0 0 
1486 10 0 0 0 0 0 0 0 0 0 0 0 
1487 10 0 0 0 0 0 0 0 0 0 0 0 
1488 10 0 0 0 0 0 0 0 0 0 0 0 
1489 10 0 0 0 0 0 0 0 0 0 0 0 
1490 10 0 0 0 0 0 0 0 0 0 0 0 
1491 10 0 0 0 0 0 0 0 0 0 0 0 
1492 10 0 0 0 0 0 0 0 0 0 0 0 
1493 10 0 0 0 0 0 0 0 0 0 0 0 
1494 10 0 0 0 0 0 0 0 0 0 0 0 
1495 10 0 0 0 0 0 0 0 0 0 0 0 
1496 10 0 0 0 0 0 0 0 0 0 0 0 
1497 10 0 0 0 0 0 0 0 0 0 0 0 
1498 10 0 0 0 0 0 0 0 0 0 0 0 
1499 10 0 0 0 0 0 0 0 0 0 0 0 
1500 10 0 0 0 0 0 0 0 0 0 0 0 
1501 10 0 0 0 0 0 0 0 0 0 0 0 
1502 10 0 0 0 0 0 0 0 0 0 0 0 
1503 10 0 0 0 0 0 0 0 0 0 0 0 
1504 10 0 0 0 0 0 0 0 0 0 0 0 
1505 10 0 0 0 0 0 0 0 0 0 0 0 
1506 10 0 0 0 0 0 0 0 0 0 0 0 
1507 10 0 0 0 0 0 0 0 0 0 0 0 
1508 10 0 0 0 0 0 0 0 0 0 0 0 
1509 10 0 0 0 0 0 0 0 0 0 0 0 
1510 10 0 0 0 0 0 0 0 0 0 0 0 
1511 10 0 0 0 0 0 0 0 0 0 0 0 
1512 10 0 0 0 0 0 0 0 0 0 0 0 
1513 10 0 0 0 0 0 0 0 0 0 0 0 
1514 10 0 0 0 0 0 0 0 0 0 0 0 
1515 10 0 0 0 0 0 0 0 0 0 0 0 
1516 10 0 0 0 0 0 0 0 0 0 0 0 
1517 10 0 0 0 0 0 0 0 0 0 0 0 
1518 10 0 0 0 0 0 0 0 0 0 0 0 
1519 10 0 0 0 0 0 0 0 0 0 0 0 
1520 10 0 0 0 0 0 0 0 0 0 0 0 
1521 10 0 0 0 0 0 0 0 0 0 0 0 
1522 10 0 0 0 0 0 0 0 0 0 0 0 
1523 10 0 0 0 0 0 0 0 0 0 0 0 
1524 10 0 0 0 0 0 0 0 0 0 0 0 
1525 10 0 0 0 0 0 0 0 0 0 0 0 
1526 10 0 0 0 0 0 0 0 0 0 0 0 
1527 10 0 0 0 0 0 0 0 0 0 0 0 
1528 10 0 0 0 0 0 0 0 0 0 0 0 
1529 10 0 0 0 0 0 0 0 0 0 0 0 
1530 10 0 0 0 0 0 0 0 0 0 0 0 
1531 10 0 0 0 0 0 0 0 0 0 0 0 
1532 10 0 0 0 0 0 0 0 0 0 0 0 
1533 10 0 0 0 0 0 0 0 0 0 0 0 
1534 10 0 0 0 0 0 0 0 0 0 0 0 
1535 10 0 0 0 0 0 0 0 0 0 0 0 
1536 10 0 0 0 0 0 0 0 0 0 0 0 
1537 10 0 0 0 0 0 0 0 0 0 0 0 
1538 10 0 0 0 0 0 0 0 0 0 0 0 
1539 10 0 0 0 0 0 0 0 0 0 0 0 
1540 10 0 0 0 0 0 0 0 0 0 0 0 
1541 10 0 0 0 0 0 0 0 0 0 0 0 
1542 10 0 0 0 0 0 0 0 0 0 0 0 
1543 10 0 0 0 0 0 0 0 0 0 0 0 
1544 10 0 0 0 0 0 0 0 0 0 0 0 
1545 10 0 0 0 0 0 0 0 0 0 0 0 
1546 10 0 0 0 0 0 0 0 0 0 0 0 
1547 10 0 0 0 0 0 0 0 0 0 0 0 
1548 10 0 0 0 0 0 0 0 0 0 0 0 
1549 10 0 0 0 0 0 0 0 0 0 0 0 
1550 10 0 0 0 0 0 0 0 0 0 0 0 
1551 10 0 0 0 0 0 0 0 0 0 0 0 
1552 10 0 0 0 0 0 0 0 0 0 0 0 
1553 10 0 0 0 0 0 0 0 0 0 0 0 
1554 10 0 0 0 0 0 0 0 0 0 0 0 
1555 10 0 0 0 0 0 0 0 0 0 0 0 
1556 10 0 0 0 0 0 0 0 0 0 0 0 
1557 10 0 0 0 0 0 0 0 0 0 0 0 
1558 10 0 0 0 0 0 0 0 0 0 0 0 
1559 10 0 0 0 0 0 0 0 0 0 0 0 
1560 10 0 0 0 0 0 0 0 0 0 0 0 
1561 10 0 0 0 0 0 0 0 0 0 0 0 
1562 10 0 0 0 0 0 0 0 0 0 0 0 
1563 10 0 0 0 0 0 0 0 0 0 0 0 
1564 10 0 0 0 0 0 0 0 0 0 0 0 
1565 10 0 0 0 0 0 0 0 0 0 0 0 
1566 10 0 0 0 0 0 0 0 0 0 0 0 
1567 10 0 0 0 0 0 0 0 0 0 0 0 
1568 10 0 0 0 0 0 0 0 0 0 0 0 
1569 10 0 0 0 0 0 0 0 0 0 0 0 
1570 10 0 0 0 0 0 0 0 0 0 0 0 
1571 10 0 0 0 0 0 0 0 0 0 0 0 
1572 10 0 0 0 0 0 0 0 0 0 0 0 
1573 10 0 0 0 0 0 0 0 0 0 0 0 
1574 10 0 0 0 0 0 0 0 0 0 0 0 
1575 10 0 0 0 0 0 0 0 0 0 0 0 
1576 10 0 0 0 0 0 0 0 0 0 0 0 
1577 10 0 0 0 0 0 0 0 0 0 0 0 
1578 10 0 0 0 0 0 0 0 0 0 0 0 
1579 10 0 0 0 0 0 0 0 0 0 0 0 
1580 10 0 0 0 0 0 0 0 0 0 0 0 
1581 10 0 0 0 0 0 0 0 0 0 0 0 
1582 10 0 0 0 0 0 0 0 0 0 0 0 
1583 10 0 0 0 0 0 0 0 0 0 0 0 
1584 10 0 0 0 0 0 0 0 0 0 0 0 
1585 10 0 0 0 0 0 0 0 0 0 0 0 
1586 10 0 0 0 0 0 0 0 0 0 0 0 
1587 10 0 0 0 0 0 0 0 0 0 0 0 
1588 10 0 0 0 0 0 0 0 0 0 0 0 
1589 10 0 0 0 0 0 0 0 0 0 0 0 
1590 10 0 0 0 0 0 0 0 0 0 0 0 
1591 10 0 0 0 0 0 0 0 0 0 0 0 
1592 10 0 0 0 0 0 0 0 0 0 0 0 
1593 10 0 0 0 0 0 0 0 0 0 0 0 
1594 10 0 0 0 0 0 0 0 0 0 0 0 
1595 10 0 0 0 0 0 0 0 0 0 0 0 
1596 10 0 0 0 0 0 0 0 0 0 0 0 
1597 10 0 0 0 0 0 0 0 0 0 0 0 
1598 10 0 0 0 0 0 0 0 0 0 0 0 
1599 10 0 0 0 0 0 0 0 0 0 0 0 
1600 10 0 0 0 0 0 0 0 0 0 0 0 
1601 10 0 0 0 0 0 0 0 0 0 0 0 
1602 10 0 0 0 0 0 0 0 0 0 0 0 
1603 10 0 0 0 0 0 0 0 0 0 0 0 
1604 10 0 0 0 0 0 0 0 0 0 0 0 
1605 10 0 0 0 0 0 0 0 0 0 0 0 
1606 10 0 0 0 0 0 0 0 0 0 0 0 
1607 10 0 0 0 0 0 0 0 0 0 0 0 
1608 10 0 0 0 0 0 0 0 0 0 0 0 
1609 10 0 0 0 0 0 0 0 0 0 0 0 
1610 10 0 0 0 0 0 0 0 0 0 0 0 
1611 10 0 0 0 0 0 0 0 0 0 0 0 
1612 10 0 0 0 0 0 0 0 0 0 0 0 
1613 10 0 0 0 0 0 0 0 0 0 0 0 
1614 10 0 0 0 0 0 0 0 0 0 0 0 
1615 10 0 0 0 0 0 0 0 0 0 0 0 
1616 10 0 0 0 0 0 0 0 0 0 0 0 
1617 10 0 0 0 0 0 0 0 0 0 0 0 
1618 10 0 0 0 0 0 0 0 0 0 0 0 
1619 10 0 0 0 0 0 0 0 0 0 0 0 
1620 10 0 0 0 0 0 0 0 0 0 0 0 
1621 10 0 0 0 0 0 0 0 0 0 0 0 
1622 10 0 0 0 0 0 0 0 0 0 0 0 
1623 10 0 0 0 0 0 0 0 0 0 0 0 
1624 10 0 0 0 0 0 0 0 0 0 0 0 
1625 10 0 0 0 0 0 0 0 0 0 0 0 
1626 10 0 0 0 0 0 0 0 0 0 0 0 
1627 10 0 0 0 0 0 0 0 0 0 0 0 
1628 10 0 0 0 0 0 0 0 0 0 0 0 
1629 10 0 0 0 0 0 0 0 0 0 0 0 
1630 10 0 0 0 0 0 0 0 0 0 0 0 
1631 10 0 0 0 0 0 0 0 0 0 0 0 
1632 10 0 0 0 0 0 0 0 0 0 0 0 
1633 10 0 0 0 0 0 0 0 0 0 0 0 
1634 10 0 0 0 0 0 0 0 0 0 0 0 
1635 10 0 0 0 0 0 0 0 0 0 0 0 
1636 10 0 0 0 0 0 0 0 0 0 0 0 
1637 10 0 0 0 0 0 0 0 0 0 0 0 
1638 10 0 0 0 0 0 0 0 0 0 0 0 
1639 10 0 0 0 0 0 0 0 0 0 0 0 
1640 10 0 0 0 0 0 0 0 0 0 0 0 
1641 10 0 0 0 0 0 0 0 0 0 0 0 
1642 10 0 0 0 0 0 0 0 0 0 0 0 
1643 10 0 0 0 0 0 0 0 0 0 0 0 
1644 10 0 0 0 0 0 0 0 0 0 0 0 
1645 10 0 0 0 0 0 0 0 0 0 0 0 
1646 10 0 0 0 0 0 0 0 0 0 0 0 
1647 10 0 0 0 0 0 0 0 0 0 0 0 
1648 10 0 0 0 0 0 0 0 0 0 0 0 
1649 10 0 0 0 0 0 0 0 0 0 0 0 
1650 10 0 0 0 0 0 0 0 0 0 0 0 
1651 10 25 0 0 0 0 0 0 0 0 0 0 
1652 10 26 0 0 0 0 0 0 0 0 0 0 
1653 10 0 0 0 0 0 0 0 0 0 0 0 
1654 10 0 0 0 0 0 0 0 0 0 0 0 
1655 10 0 0 0 0 0 0 0 0 0 0 0 
1656 10 0 0 0 0 0 0 0 0 0 0 0 
1657 10 0 0 0 0 0 0 0 0 0 0 0 
1658 10 0 0 0 0 0 0 0 0 0 0 0 
1659 10 0 0 0 0 0 0 0 0 0 0 0 
1660 10 0 0 0 0 0 0 0 0 0 0 0 
1661 10 0 0 0 0 0 0 0 0 0 0 0 
1662 10 0 0 0 0 0 0 0 0 0 0 0 
1663 10 0 0 0 0 0 0 0 0 0 0 0 
1664 10 0 0 0 0 0 0 0 0 0 0 0 
1665 10 0 0 0 0 0 0 0 0 0 0 0 
1666 10 0 0 0 0 0 0 0 0 0 0 0 
1667 10 0 0 0 0 0 0 0 0 0 0 0 
1668 10 0 0 0 0 0 0 0 0 0 0 0 
1669 10 0 0 0 0 0 0 0 0 0 0 0 
1670 10 0 0 0 0 0 0 0 0 0 0 0 
1671 10 0 0 0 0 0 0 0 0 0 0 0 
1672 10 0 0 0 0 0 0 0 0 0 0 0 
1673 10 0 0 0 0 0 0 0 0 0 0 0 
1674 10 0 0 0 0 0 0 0 0 0 0 0 
1675 10 0 0 0 0 0 0 0 0 0 0 0 
1676 10 0 0 0 0 0 0 0 0 0 0 0 
1677 10 0 0 0 0 0 0 0 0 0 0 0 
1678 10 0 0 0 0 0 0 0 0 0 0 0 
1679 10 0 0 0 0 0 0 0 0 0 0 0 
1680 10 0 0 0 0 0 0 0 0 0 0 0 
1681 10 0 0 0 0 0 0 0 0 0 0 0 
1682 10 0 0 0 0 0 0 0 0 0 0 0 
1683 10 0 0 0 0 0 0 0 0 0 0 0 
1684 10 0 0 0 0 0 0 0 0 0 0 0 
1685 10 0 0 0 0 0 0 0 0 0 0 0 
1686 10 0 0 0 0 0 0 0 0 0 0 0 
1687 10 0 0 0 0 0 0 0 0 0 0 0 
1688 10 0 0 0 0 0 0 0 0 0 0 0 
1689 10 0 0 0 0 0 0 0 0 0 0 0 
1690 10 0 0 0 0 0 0 0 0 0 0 0 
1691 10 0 0 0 0 0 0 0 0 0 0 0 
1692 10 0 0 0 0 0 0 0 0 0 0 0 
1693 10 0 0 0 0 0 0 0 0 0 0 0 
1694 10 0 0 0 0 0 0 0 0 0 0 0 
1695 10 0 0 0 0 0 0 0 0 0 0 0 
1696 10 0 0 0 0 0 0 0 0 0 0 0 
1697 10 0 0 0 0 0 0 0 0 0 0 0 
1698 10 0 0 0 0 0 0 0 0 0 0 0 
1699 10 0 0 0 0 0 0 0 0 0 0 0 
1700 10 0 0 0 0 0 0 0 0 0 0 0 
1701 10 0 0 0 0 0 0 0 0 0 0 0 
1702 10 0 0 0 0 0 0 0 0 0 0 0 
1703 10 0 0 0 0 0 0 0 0 0 0 0 
1704 10 0 0 0 0 0 0 0 0 0 0 0 
1705 10 0 0 0 0 0 0 0 0 0 0 0 
1706 10 0 0 0 0 0 0 0 0 0 0 0 
1707 10 0 0 0 0 0 0 0 0 0 0 0 
1708 10 0 0 0 0 0 0 0 0 0 0 0 
1709 10 0 0 0 0 0 0 0 0 0 0 0 
1710 10 0 0 0 0 0 0 0 0 0 0 0 
1711 10 0 0 0 0 0 0 0 0 0 0 0 
1712 10 0 0 0 0 0 0 0 0 0 0 0 
1713 10 0 0 0 0 0 0 0 0 0 0 0 
1714 10 0 0 0 0 0 0 0 0 0 0 0 
1715 10 0 0 0 0 0 0 0 0 0 0 0 
1716 10 0 0 0 0 0 0 0 0 0 0 0 
1717 10 0 0 0 0 0 0 0 0 0 0 0 
1718 10 0 0 0 0 0 0 0 0 0 0 0 
1719 10 0 0 0 0 0 0 0 0 0 0 0 
1720 10 0 0 0 0 0 0 0 0 0 0 0 
1721 10 0 0 0 0 0 0 0 0 0 0 0 
1722 10 0 0 0 0 0 0 0 0 0 0 0 
1723 10 0 0 0 0 0 0 0 0 0 0 0 
1724 10 0 0 0 0 0 0 0 0 0 0 0 
1725 10 0 0 0 0 0 0 0 0 0 0 0 
1726 10 0 0 0 0 0 0 0 0 0 0 0 
1727 10 0 0 0 0 0 0 0 0 0 0 0 
1728 10 0 0 0 0 0 0 0 0 0 0 0 
1729 10 0 0 0 0 0 0 0 0 0 0 0 
1730 10 0 0 0 0 0 0 0 0 0 0 0 
1731 10 0 0 0 0 0 0 0 0 0 0 0 
1732 10 0 0 0 0 0 0 0 0 0 0 0 
1733 10 0 0 0 0 0 0 0 0 0 0 0 
1734 10 0 0 0 0 0 0 0 0 0 0 0 
1735 10 0 0 0 0 0 0 0 0 0 0 0 
1736 10 0 0 0 0 0 0 0 0 0 0 0 
1737 10 0 0 0 0 0 0 0 0 0 0 0 
1738 10 0 0 0 0 0 0 0 0 0 0 0 
1739 10 0 0 0 0 0 0 0 0 0 0 0 
1740 10 0 0 0 0 0 0 0 0 0 0 0 
1741 10 0 0 0 0 0 0 0 0 0 0 0 
1742 10 0 0 0 0 0 0 0 0 0 0 0 
1743 10 0 0 0 0 0 0 0 0 0 0 0 
1744 10 0 0 0 0 0 0 0 0 0 0 0 
1745 10 0 0 0 0 0 0 0 0 0 0 0 
1746 10 0 0 0 0 0 0 0 0 0 0 0 
1747 10 0 0 0 0 0 0 0 0 0 0 0 
1748 10 0 0 0 0 0 0 0 0 0 0 0 
1749 10 0 0 0 0 0 0 0 0 0 0 0 
1750 10 0 0 0 0 0 0 0 0 0 0 0 
1751 10 0 0 0 0 0 0 0 0 0 0 0 
1752 10 0 0 0 0 0 0 0 0 0 0 0 
1753 10 0 0 0 0 0 0 0 0 0 0 0 
1754 10 0 0 0 0 0 0 0 0 0 0 0 
1755 10 0 0 0 0 0 0 0 0 0 0 0 
1756 10 0 0 0 0 0 0 0 0 0 0 0 
1757 10 0 0 0 0 0 0 0 0 0 0 0 
1758 10 0 0 0 0 0 0 0 0 0 0 0 
1759 10 0 0 0 0 0 0 0 0 0 0 0 
1760 10 0 0 0 0 0 0 0 0 0 0 0 
1761 10 0 0 0 0 0 0 0 0 0 0 0 
1762 10 0 0 0 0 0 0 0 0 0 0 0 
1763 10 0 0 0 0 0 0 0 0 0 0 0 
1764 10 0 0 0 0 0 0 0 0 0 0 0 
1765 10 37 0 0 0 0 0 0 0 0 0 0 
1766 10 38 0 0 0 0 0 0 0 0 0 0 
1767 10 0 0 0 0 0 0 0 0 0 0 0 
1768 10 0 0 0 0 0 0 0 0 0 0 0 
1769 10 0 0 0 0 0 0 0 0 0 0 0 
1770 10 0 0 0 0 0 0 0 0 0 0 0 
1771 10 0 0 0 0 0 0 0 0 0 0 0 
1772 10 0 0 0 0 0 0 0 0 0 0 0 
1773 10 0 0 0 0 0 0 0 0 0 0 0 
1774 10 0 0 0 0 0 0 0 0 0 0 0 
1775 10 42 0 0 0 0 0 0 0 0 0 0 
1776 10 43 0 0 0 0 0 0 0 0 0 0 
1777 10 44 0 0 0 0 0 0 0 0 0 0 
1778 10 45 0 0 0 0 0 0 0 0 0 0 
1779 10 0 0 0 0 0 0 0 0 0 0 0 
1780 10 0 0 0 0 0 0 0 0 0 0 0 
1781 10 47 0 0 0 0 0 0 0 0 0 0 
1782 10 48 0 0 0 0 0 0 0 0 0 0 
1783 10 0 0 0 0 0 0 0 0 0 0 0 
1784 10 0 0 0 0 0 0 0 0 0 0 0 
1785 10 0 0 0 0 0 0 0 0 0 0 0 
1786 10 0 0 0 0 0 0 0 0 0 0 0 
1787 10 0 0 0 0 0 0 0 0 0 0 0 
1788 10 0 0 0 0 0 0 0 0 0 0 0 
1789 10 0 0 0 0 0 0 0 0 0 0 0 
1790 10 0 0 0 0 0 0 0 0 0 0 0 
1791 10 51 0 0 0 0 0 0 0 0 0 0 
1792 10 52 0 0 0 0 0 0 0 0 0 0 
1793 10 53 0 0 0 0 0 0 0 0 0 0 
1794 10 54 0 0 0 0 0 0 0 0 0 0 
1795 10 0 0 0 0 0 0 0 0 0 0 0 
1796 10 0 0 0 0 0 0 0 0 0 0 0 
1797 10 0 0 0 0 0 0 0 0 0 0 0 
1798 10 0 0 0 0 0 0 0 0 0 0 0 
1799 10 0 0 0 0 0 0 0 0 0 0 0 
1800 10 0 0 0 0 0 0 0 0 0 0 0 
1801 10 0 0 0 0 0 0 0 0 0 0 0 
1802 10 0 0 0 0 0 0 0 0 0 0 0 
1803 10 0 0 0 0 0 0 0 0 0 0 0 
1804 10 0 0 0 0 0 0 0 0 0 0 0 
1805 10 0 0 0 0 0 0 0 0 0 0 0 
1806 10 0 0 0 0 0 0 0 0 0 0 0 
1807 10 0 0 0 0 0 0 0 0 0 0 0 
1808 10 0 0 0 0 0 0 0 0 0 0 0 
1809 10 0 0 0 0 0 0 0 0 0 0 0 
1810 10 0 0 0 0 0 0 0 0 0 0 0 
1811 10 0 0 0 0 0 0 0 0 0 0 0 
1812 10 0 0 0 0 0 0 0 0 0 0 0 
1813 10 0 0 0 0 0 0 0 0 0 0 0 
1814 10 0 0 0 0 0 0 0 0 0 0 0 
1815 10 60 0 0 0 0 0 0 0 0 0 0 
1816 10 61 0 0 0 0 0 0 0 0 0 0 
1817 10 0 0 0 0 0 0 0 0 0 0 0 
1818 10 0 0 0 0 0 0 0 0 0 0 0 
1819 10 0 0 0 0 0 0 0 0 0 0 0 
1820 10 0 0 0 0 0 0 0 0 0 0 0 
1821 10 0 0 0 0 0 0 0 0 0 0 0 
1822 10 0 0 0 0 0 0 0 0 0 0 0 
1823 10 0 0 0 0 0 0 0 0 0 0 0 
1824 10 0 0 0 0 0 0 0 0 0 0 0 
1825 10 0 0 0 0 0 0 0 0 0 0 0 
1826 10 0 0 0 0 0 0 0 0 0 0 0 
1827 10 0 0 0 0 0 0 0 0 0 0 0 
1828 10 0 0 0 0 0 0 0 0 0 0 0 
1829 10 0 0 0 0 0 0 0 0 0 0 0 
1830 10 0 0 0 0 0 0 0 0 0 0 0 
1831 10 0 0 0 0 0 0 0 0 0 0 0 
1832 10 0 0 0 0 0 0 0 0 0 0 0 
1833 10 0 0 0 0 0 0 0 0 0 0 0 
1834 10 0 0 0 0 0 0 0 0 0 0 0 
1835 10 0 0 0 0 0 0 0 0 0 0 0 
1836 10 0 0 0 0 0 0 0 0 0 0 0 
1837 10 0 0 0 0 0 0 0 0 0 0 0 
1838 10 0 0 0 0 0 0 0 0 0 0 0 
1839 10 0 0 0 0 0 0 0 0 0 0 0 
1840 10 0 0 0 0 0 0 0 0 0 0 0 
1841 10 0 0 0 0 0 0 0 0 0 0 0 
1842 10 0 0 0 0 0 0 0 0 0 0 0 
1843 10 0 0 0 0 0 0 0 0 0 0 0 
1844 10 0 0 0 0 0 0 0 0 0 0 0 
1845 10 0 0 0 0 0 0 0 0 0 0 0 
1846 10 0 0 0 0 0 0 0 0 0 0 0 
1847 10 0 0 0 0 0 0 0 0 0 0 0 
1848 10 0 0 0 0 0 0 0 0 0 0 0 
1849 10 0 0 0 0 0 0 0 0 0 0 0 
1850 10 0 0 0 0 0 0 0 0 0 0 0 
1851 10 0 0 0 0 0 0 0 0 0 0 0 
1852 10 0 0 0 0 0 0 0 0 0 0 0 
1853 10 0 0 0 0 0 0 0 0 0 0 0 
1854 10 0 0 0 0 0 0 0 0 0 0 0 
1855 10 0 0 0 0 0 0 0 0 0 0 0 
1856 10 0 0 0 0 0 0 0 0 0 0 0 
1857 10 0 0 0 0 0 0 0 0 0 0 0 
1858 10 0 0 0 0 0 0 0 0 0 0 0 
1859 10 0 0 0 0 0 0 0 0 0 0 0 
1860 10 0 0 0 0 0 0 0 0 0 0 0 
1861 10 0 0 0 0 0 0 0 0 0 0 0 
1862 10 0 0 0 0 0 0 0 0 0 0 0 
1863 10 0 0 0 0 0 0 0 0 0 0 0 
1864 10 0 0 0 0 0 0 0 0 0 0 0 
1865 10 0 0 0 0 0 0 0 0 0 0 0 
1866 10 0 0 0 0 0 0 0 0 0 0 0 
1867 10 0 0 0 0 0 0 0 0 0 0 0 
1868 10 0 0 0 0 0 0 0 0 0 0 0 
1869 10 0 0 0 0 0 0 0 0 0 0 0 
1870 10 0 0 0 0 0 0 0 0 0 0 0 
1871 10 0 0 0 0 0 0 0 0 0 0 0 
1872 10 0 0 0 0 0 0 0 0 0 0 0 
1873 10 0 0 0 0 0 0 0 0 0 0 0 
1874 10 0 0 0 0 0 0 0 0 0 0 0 
1875 10 0 0 0 0 0 0 0 0 0 0 0 
1876 10 0 0 0 0 0 0 0 0 0 0 0 
1877 10 0 0 0 0 0 0 0 0 0 0 0 
1878 10 0 0 0 0 0 0 0 0 0 0 0 
1879 10 0 0 0 0 0 0 0 0 0 0 0 
1880 10 0 0 0 0 0 0 0 0 0 0 0 
1881 10 0 0 0 0 0 0 0 0 0 0 0 
1882 10 0 0 0 0 0 0 0 0 0 0 0 
1883 10 0 0 0 0 0 0 0 0 0 0 0 
1884 10 0 0 0 0 0 0 0 0 0 0 0 
1885 10 0 0 0 0 0 0 0 0 0 0 0 
1886 10 0 0 0 0 0 0 0 0 0 0 0 
1887 10 0 0 0 0 0 0 0 0 0 0 0 
1888 10 0 0 0 0 0 0 0 0 0 0 0 
1889 10 0 0 0 0 0 0 0 0 0 0 0 
1890 10 0 0 0 0 0 0 0 0 0 0 0 
1891 10 0 0 0 0 0 0 0 0 0 0 0 
1892 10 0 0 0 0 0 0 0 0 0 0 0 
1893 10 0 0 0 0 0 0 0 0 0 0 0 
1894 10 0 0 0 0 0 0 0 0 0 0 0 
1895 10 0 0 0 0 0 0 0 0 0 0 0 
1896 10 0 0 0 0 0 0 0 0 0 0 0 
1897 10 0 0 0 0 0 0 0 0 0 0 0 
1898 10 0 0 0 0 0 0 0 0 0 0 0 
1899 10 0 0 0 0 0 0 0 0 0 0 0 
1900 10 0 0 0 0 0 0 0 0 0 0 0 
1901 10 0 0 0 0 0 0 0 0 0 0 0 
1902 10 0 0 0 0 0 0 0 0 0 0 0 
1903 10 0 0 0 0 0 0 0 0 0 0 0 
1904 10 0 0 0 0 0 0 0 0 0 0 0 
1905 10 0 0 0 0 0 0 0 0 0 0 0 
1906 10 0 0 0 0 0 0 0 0 0 0 0 
1907 10 0 0 0 0 0 0 0 0 0 0 0 
1908 10 0 0 0 0 0 0 0 0 0 0 0 
1909 10 0 0 0 0 0 0 0 0 0 0 0 
1910 10 0 0 0 0 0 0 0 0 0 0 0 
1911 10 0 0 0 0 0 0 0 0 0 0 0 
1912 10 0 0 0 0 0 0 0 0 0 0 0 
1913 10 0 0 0 0 0 0 0 0 0 0 0 
1914 10 0 0 0 0 0 0 0 0 0 0 0 
1915 10 0 0 0 0 0 0 0 0 0 0 0 
1916 10 0 0 0 0 0 0 0 0 0 0 0 
1917 10 0 0 0 0 0 0 0 0 0 0 0 
1918 10 0 0 0 0 0 0 0 0 0 0 0 
1919 10 0 0 0 0 0 0 0 0 0 0 0 
1920 10 0 0 0 0 0 0 0 0 0 0 0 
1921 10 0 0 0 0 0 0 0 0 0 0 0 
1922 10 0 0 0 0 0 0 0 0 0 0 0 
1923 10 76 0 0 0 0 0 0 0 0 0 0 
1924 10 77 0 0 0 0 0 0 0 0 0 0 
1925 10 0 0 0 0 0 0 0 0 0 0 0 
1926 10 0 0 0 0 0 0 0 0 0 0 0 
1927 10 0 0 0 0 0 0 0 0 0 0 0 
1928 10 0 0 0 0 0 0 0 0 0 0 0 
1929 10 80 0 0 0 0 0 0 0 0 0 0 
1930 10 81 0 0 0 0 0 0 0 0 0 0 
1931 10 82 0 0 0 0 0 0 0 0 0 0 
1932 10 83 0 0 0 0 0 0 0 0 0 0 
1933 10 84 0 0 0 0 0 0 0 0 0 0 
1934 10 85 0 0 0 0 0 0 0 0 0 0 
1935 10 0 0 0 0 0 0 0 0 0 0 0 
1936 10 0 0 0 0 0 0 0 0 0 0 0 
1937 10 87 0 0 0 0 0 0 0 0 0 0 
1938 10 88 0 0 0 0 0 0 0 0 0 0 
1939 10 0 0 0 0 0 0 0 0 0 0 0 
1940 10 0 0 0 0 0 0 0 0 0 0 0 
1941 10 0 0 0 0 0 0 0 0 0 0 0 
1942 10 0 0 0 0 0 0 0 0 0 0 0 
1943 10 0 0 0 0 0 0 0 0 0 0 0 
1944 10 0 0 0 0 0 0 0 0 0 0 0 
1945 10 0 0 0 0 0 0 0 0 0 0 0 
1946 10 0 0 0 0 0 0 0 0 0 0 0 
1947 10 91 0 0 0 0 0 0 0 0 0 0 
1948 10 92 0 0 0 0 0 0 0 0 0 0 
1949 10 0 0 0 0 0 0 0 0 0 0 0 
1950 10 0 0 0 0 0 0 0 0 0 0 0 
1951 10 0 0 0 0 0 0 0 0 0 0 0 
1952 10 0 0 0 0 0 0 0 0 0 0 0 
1953 10 0 0 0 0 0 0 0 0 0 0 0 
1954 10 0 0 0 0 0 0 0 0 0 0 0 
1955 10 0 0 0 0 0 0 0 0 0 0 0 
1956 10 0 0 0 0 0 0 0 0 0 0 0 
1957 10 0 0 0 0 0 0 0 0 0 0 0 
1958 10 0 0 0 0 0 0 0 0 0 0 0 
1959 10 0 0 0 0 0 0 0 0 0 0 0 
1960 10 0 0 0 0 0 0 0 0 0 0 0 
1961 10 0 0 0 0 0 0 0 0 0 0 0 
1962 10 0 0 0 0 0 0 0 0 0 0 0 
1963 10 0 0 0 0 0 0 0 0 0 0 0 
1964 10 0 0 0 0 0 0 0 0 0 0 0 
1965 10 0 0 0 0 0 0 0 0 0 0 0 
1966 10 0 0 0 0 0 0 0 0 0 0 0 
1967 10 96 0 0 0 0 0 0 0 0 0 0 
1968 10 97 0 0 0 0 0 0 0 0 0 0 
1969 10 0 0 0 0 0 0 0 0 0 0 0 
1970 10 0 0 0 0 0 0 0 0 0 0 0 
1971 10 0 0 0 0 0 0 0 0 0 0 0 
1972 10 0 0 0 0 0 0 0 0 0 0 0 
1973 10 0 0 0 0 0 0 0 0 0 0 0 
1974 10 0 0 0 0 0 0 0 0 0 0 0 
1975 10 0 0 0 0 0 0 0 0 0 0 0 
1976 10 0 0 0 0 0 0 0 0 0 0 0 
1977 10 0 0 0 0 0 0 0 0 0 0 0 
1978 10 0 0 0 0 0 0 0 0 0 0 0 
1979 10 0 0 0 0 0 0 0 0 0 0 0 
1980 10 0 0 0 0 0 0 0 0 0 0 0 
1981 10 0 0 0 0 0 0 0 0 0 0 0 
1982 10 0 0 0 0 0 0 0 0 0 0 0 
1983 10 101 0 0 0 0 0 0 0 0 0 0 
1984 10 102 0 0 0 0 0 0 0 0 0 0 
1985 10 0 0 0 0 0 0 0 0 0 0 0 
1986 10 0 0 0 0 0 0 0 0 0 0 0 
1987 10 0 0 0 0 0 0 0 0 0 0 0 
1988 10 0 0 0 0 0 0 0 0 0 0 0 
1989 10 0 0 0 0 0 0 0 0 0 0 0 
1990 10 0 0 0 0 0 0 0 0 0 0 0 
1991 10 0 0 0 0 0 0 0 0 0 0 0 
1992 10 0 0 0 0 0 0 0 0 0 0 0 
1993 10 0 0 0 0 0 0 0 0 0 0 0 
1994 10 0 0 0 0 0 0 0 0 0 0 0 
1995 10 0 0 0 0 0 0 0 0 0 0 0 
1996 10 0 0 0 0 0 0 0 0 0 0 0 
1997 10 0 0 0 0 0 0 0 0 0 0 0 
1998 10 0 0 0 0 0 0 0 0 0 0 0 
1999 10 0 0 0 0 0 0 0 0 0 0 0 
2000 10 0 0 0 0 0 0 0 0 0 0 0 
2001 10 0 0 0 0 0 0 0 0 0 0 0 
2002 10 0 0 0 0 0 0 0 0 0 0 0 
2003 10 0 0 0 0 0 0 0 0 0 0 0 
2004 10 0 0 0 0 0 0 0 0 0 0 0 
2005 10 0 0 0 0 0 0 0 0 0 0 0 
2006 10 0 0 0 0 0 0 0 0 0 0 0 
2007 10 0 0 0 0 0 0 0 0 0 0 0 
2008 10 0 0 0 0 0 0 0 0 0 0 0 
2009 10 0 0 0 0 0 0 0 0 0 0 0 
2010 10 0 0 0 0 0 0 0 0 0 0 0 
2011 10 0 0 0 0 0 0 0 0 0 0 0 
2012 10 0 0 0 0 0 0 0 0 0 0 0 
2013 10 0 0 0 0 0 0 0 0 0 0 0 
2014 10 0 0 0 0 0 0 0 0 0 0 0 
2015 10 0 0 0 0 0 0 0 0 0 0 0 
2016 10 0 0 0 0 0 0 0 0 0 0 0 
2017 10 0 0 0 0 0 0 0 0 0 0 0 
2018 10 0 0 0 0 0 0 0 0 0 0 0 
2019 10 0 0 0 0 0 0 0 0 0 0 0 
2020 10 0 0 0 0 0 0 0 0 0 0 0 
2021 10 0 0 0 0 0 0 0 0 0 0 0 
2022 10 0 0 0 0 0 0 0 0 0 0 0 
2023 10 109 0 0 0 0 0 0 0 0 0 0 
2024 10 110 0 0 0 0 0 0 0 0 0 0 
2025 10 111 0 0 0 0 0 0 0 0 0 0 
2026 10 112 0 0 0 0 0 0 0 0 0 0 
2027 10 113 0 0 0 0 0 0 0 0 0 0 
2028 10 114 0 0 0 0 0 0 0 0 0 0 
2029 10 115 0 0 0 0 0 0 0 0 0 0 
2030 10 116 0 0 0 0 0 0 0 0 0 0 
2031 10 0 0 0 0 0 0 0 0 0 0 0 
2032 10 0 0 0 0 0 0 0 0 0 0 0 
2033 10 0 0 0 0 0 0 0 0 0 0 0 
2034 10 0 0 0 0 0 0 0 0 0 0 0 
2035 10 118 0 0 0 0 0 0 0 0 0 0 
2036 10 119 0 0 0 0 0 0 0 0 0 0 
2037 10 0 0 0 0 0 0 0 0 0 0 0 
2038 10 0 0 0 0 0 0 0 0 0 0 0 
2039 10 0 0 0 0 0 0 0 0 0 0 0 
2040 10 0 0 0 0 0 0 0 0 0 0 0 
2041 10 0 0 0 0 0 0 0 0 0 0 0 
2042 10 0 0 0 0 0 0 0 0 0 0 0 
2043 10 0 0 0 0 0 0 0 0 0 0 0 
2044 10 0 0 0 0 0 0 0 0 0 0 0 
2045 10 124 0 0 0 0 0 0 0 0 0 0 
2046 10 125 0 0 0 0 0 0 0 0 0 0 

0 11 2 7 0.674797 4 -7 16 7 -41 0 2 5 -45 10 0.980057 16 -14 24 -13 10 -14 15 -5 23 -12 -29 -17 -18 -7 -24 3 25 -7 -36 -6 -37 -1 -4 -16 -10 4 -30 3 10 1 25 -9 -30 
1 11 2 7 0.825871 4 3 -16 1 -23 7 -12 -7 3 10 0.955556 7 -14 -16 -8 -14 -13 -12 -14 -5 -7 20 -17 -8 -6 -5 
2 11 2 7 0.674797 1 -4 -10 10 0.980057 4 -14 -27 -17 4 3 18 -3 -7 
3 11 2 7 0.805825 1 -6 14 10 0.960894 2 -6 22 0 -3 
4 11 2 7 0.993351 18 -7 -28 -6 -28 1 -8 -3 -22 5 -23 5 8 -5 -22 -7 -31 -6 -17 -6 -8 -5 -5 4 28 -5 -8 0 22 -1 28 -2 29 -3 5 1 29 10 0.40566 1 -3 -19 
5 11 2 7 0.892473 1 -7 -8 10 0.924731 1 -17 -6 
6 11 2 7 0.998496 80 -7 33 -7 21 -7 -9 -7 -8 -7 -4 -7 -6 -7 -9 -7 -14 -7 21 8 41 4 40 -1 4 0 21 3 38 -4 42 -4 30 -5 -13 6 44 -2 -25 8 29 -1 14 -4 1 -1 12 -7 -29 8 35 -3 22 -4 37 7 34 -1 -27 2 -27 2 38 5 -27 -6 21 -5 36 4 -21 5 -12 2 -16 3 34 4 7 3 -1 -7 -24 0 -16 -3 26 4 -22 -4 -3 -4 3 4 -17 1 -9 -4 2 -2 -20 -1 -19 -3 30 -4 -21 -1 -4 3 -16 8 24 5 24 -1 -15 -2 -18 2 -2 -5 20 -4 -9 -2 40 1 23 -5 39 5 20 -6 16 -4 -17 -6 35 2 -3 2 38 -4 0 -5 27 -1 44 -3 -16 -3 39 -2 40 -3 -5 8 20 -5 -11 10 0.133127 1 2 37 
7 11 2 7 0.97076 12 -6 13 0 15 -3 43 2 -27 2 35 7 39 -6 6 4 36 1 -28 8 11 8 8 -1 14 10 0.754386 3 -9 -3 1 12 2 -21 
8 11 2 7 0.805825 2 0 11 4 -42 10 0.960894 4 5 -27 4 -25 2 -24 -2 -33 
9 11 2 7 0.993351 18 -1 -35 -2 -4 -6 -38 3 -41 7 -33 -5 -24 -7 -41 -4 -35 -6 -33 4 -42 -7 -43 -3 -37 -7 -16 1 -37 -1 -43 -2 -36 7 -30 0 -45 10 0.40566 1 -14 -36 
10 11 2 7 0.78673 4 -2 -45 7 -39 4 -37 -1 -7 10 0.965087 9 -9 -32 -8 -34 -8 -32 -4 -33 -14 -36 1 -27 -10 -36 6 12 -3 -30 
11 11 5 0 0.328063 1 -8 7 1 0.70339 4 -8 -61 -16 -12 -16 -36 -13 -79 2 0.928789 11 4 11 6 23 1 27 2 27 3 21 -1 24 2 24 -6 -24 -3 20 6 25 -5 27 7 0.328063 1 -4 42 9 0.419512 1 -31 0 
12 11 2 2 0.996129 31 -4 -15 -5 -6 -5 -6 -5 -5 -5 -3 6 13 6 14 -6 11 -6 -4 -6 7 -6 4 -6 -13 -6 -8 -4 4 -2 23 -4 14 -5 18 -5 2 -6 23 -4 18 -5 -27 -4 -14 -3 17 -1 8 -5 -17 -1 21 -3 -12 -1 -12 0 25 -5 -24 -6 -24 8 0.211196 1 -17 -8 
13 11 5 1 0.768519 2 -6 19 -7 -39 2 0.768519 2 7 14 7 26 7 0.58042 1 7 17 9 0.671875 1 -31 -136 10 0.671875 1 -17 22 
14 11 2 1 0.990817 13 -9 -38 -15 -7 -9 -34 -10 -58 -15 -30 -10 -63 -13 -46 -13 -45 -10 -37 -12 -38 -16 -59 -12 -14 -10 -49 8 0.389671 1 -12 1 
15 11 3 1 0.542484 1 -1 -7 2 0.932584 5 3 -27 -2 -27 0 -27 -5 7 -4 18 7 0.734513 2 3 45 6 13 
16 11 2 0 0.0889603 1 -9 30 2 0.998585 85 2 -24 -2 -27 -5 11 -5 9 -1 5 -1 4 -2 13 -5 15 -2 19 -4 -20 0 -1 6 -8 -1 18 5 8 -2 -16 4 10 0 9 2 -8 3 14 -5 -14 3 9 5 7 1 10 -1 -22 -4 -20 0 15 1 18 0 22 2 -22 -1 24 -1 -20 -5 7 0 15 4 25 4 26 7 -12 4 3 2 -19 0 -22 3 -17 -3 -25 6 -16 -3 -7 -6 5 1 -15 -1 -18 0 -14 -1 19 -3 -5 -3 -16 -4 -26 6 1 4 -11 5 -3 6 -15 -4 6 6 -15 -3 0 2 17 -3 7 -3 2 -2 -16 -4 -16 0 -8 -6 5 4 2 -5 -8 -4 -8 -2 -12 3 4 1 4 -6 -12 -1 -1 4 26 -3 10 -3 4 -1 4 -6 3 1 -5 -2 3 -2 -7 -1 -3 -2 -9 -2 -10 -2 1 
17 11 4 1 0.408867 1 2 -36 2 0.929972 8 3 2 0 -10 4 -4 5 -1 5 -9 2 -24 6 -18 4 21 7 0.408867 1 2 -37 10 0.786585 3 1 -37 1 -35 7 -31 
18 11 5 0 0.479769 2 -6 18 -4 15 1 0.734513 5 -6 -2 -6 -53 -10 -45 -15 -83 -13 -8 2 0.479769 2 4 24 5 12 7 0.734513 5 -1 41 8 24 -6 44 -6 23 -3 35 10 0.840391 6 -11 7 -9 -10 -7 -1 -8 -20 4 30 5 -9 
19 11 2 1 0.509202 1 -12 -75 7 0.985163 8 -3 20 0 19 -3 -15 7 18 3 -20 -2 -31 2 7 1 6 
20 11 2 0 0.86911 4 -9 62 -6 59 -5 55 -2 52 8 0.912088 5 -1 1 -6 -5 -12 10 -7 -1 -15 -5 
21 11 2 1 0.0961761 1 -4 25 8 0.998458 78 -13 2 -11 -8 -8 -4 -1 11 -9 0 -5 -6 -3 8 -4 8 -8 4 -12 -6 -17 -3 -7 2 0 5 0 5 -12 -4 -11 6 -7 -5 -4 5 -11 7 -17 8 -15 -4 -9 5 -10 -5 2 -9 -9 -13 -9 5 -3 2 -17 7 -15 12 -4 -8 -13 7 -15 2 -11 -7 -9 12 -13 10 -10 0 -9 13 -4 3 -14 2 -17 2 -17 1 -10 5 -17 3 -17 5 -14 5 -9 0 -11 0 -9 1 -12 11 -14 0 -12 -1 0 -12 -12 9 -9 -1 -3 3 -14 7 -14 6 -10 -4 -3 3 -16 3 -16 4 -7 -6 -11 12 -3 -2 -10 -2 -4 -2 -16 2 -10 7 -14 2 -7 12 -10 1 -11 -6 -13 5 -10 8 -12 3 -12 -1 -1 -2 -12 3 
22 11 2 8 0.994012 20 5 5 5 4 4 7 1 7 6 2 -2 9 2 7 -7 9 -2 -3 -3 -4 -1 -1 -3 1 2 5 5 12 5 0 2 10 1 -2 -1 -5 9 1 -13 0 9 0.380531 1 -29 8 
23 11 2 0 0.479769 1 -7 42 8 0.98679 9 -1 -5 -3 -7 9 -3 -3 -13 2 -11 7 -1 0 -13 -2 -11 0 7 
24 11 2 0 0.980315 6 -7 47 -8 -58 -1 63 -5 -49 -2 64 5 56 10 0.671875 1 -9 14 
25 11 7 0 0.509202 2 7 61 0 57 1 0.509202 2 -15 27 -14 31 2 0.62406 3 -3 16 -3 18 7 13 3 0.328063 1 -3 -22 7 0.761468 5 8 -3 1 4 8 0 7 1 1 10 8 0.62406 3 -2 -10 1 -8 -14 -10 10 0.605634 2 -5 -13 -7 -10 
26 11 2 1 0.674797 1 -4 -40 3 0.97076 4 -4 30 -4 28 -3 23 -5 27 
27 11 2 0 0.96139 3 -6 43 -4 44 -6 45 2 0.734513 1 -2 -11 
28 11 3 1 0.601449 2 -14 -18 -6 32 8 0.965116 10 -5 11 -5 4 4 -3 4 -2 -2 8 -15 5 -2 11 -1 -5 -11 3 1 3 10 0.505882 1 -11 18 
29 11 3 1 0.805825 1 3 -40 3 0.805825 1 -4 -13 9 0.86 1 -31 -50 
30 11 2 3 0.995005 24 -5 15 -4 13 -4 12 0 16 -3 -3 -4 -8 -2 9 -4 -18 1 28 -4 18 -4 25 -4 -16 -5 -20 -5 -22 -3 -11 0 -7 0 9 -2 18 1 -21 -5 0 -5 -3 -5 2 -3 20 -2 27 7 0.256966 1 -4 8 
31 11 4 0 0.780564 3 -9 39 -1 37 -2 39 1 0.674797 2 0 20 -6 -8 3 0.846939 4 1 30 3 1 2 -2 0 -9 8 0.479769 1 6 6 
32 11 2 3 0.734513 1 1 12 7 0.96139 3 -3 -43 7 -40 7 -44 
33 11 2 3 0.996 30 -2 5 1 -18 1 17 -2 30 2 -3 -1 23 2 8 4 18 4 13 0 -6 2 24 -1 -7 -2 -29 -2 -4 -4 -2 1 -17 -1 -18 3 4 3 1 -3 -14 4 29 4 28 1 0 6 26 6 20 -1 27 -4 19 1 29 2 8 1 12 7 0.21671 1 1 -13 
34 11 5 0 0.805825 3 1 -57 -3 -58 -4 29 1 0.509202 1 3 -6 2 0.509202 1 -5 -19 3 0.70339 2 -5 -23 -5 16 9 0.778281 2 -17 -67 -25 -55 
35 11 2 0 0.341564 1 3 -59 3 0.992526 16 -3 5 1 -2 -2 12 1 -3 -5 -1 -2 -3 0 2 -1 1 0 -10 -1 -1 5 -7 -5 -3 -4 23 6 4 6 7 4 7 
36 11 3 0 0.976471 15 -1 -21 -1 -25 -3 -13 -6 32 -6 -1 -5 -66 -1 -25 -4 -68 -4 -19 4 37 -2 -68 -6 18 -8 17 -7 16 -6 -58 8 0.509202 2 8 -10 9 -7 9 0.419512 1 -28 -26 
37 11 8 0 0.61152 11 -5 -23 -7 -61 -5 -61 9 56 -4 -59 2 -8 3 -62 2 -65 1 -66 5 -67 0 -51 1 0.678738 14 -4 -15 2 -34 -2 -22 -4 -7 0 15 0 -22 15 22 -3 -8 5 -63 6 -75 -3 -22 0 -72 12 10 5 -24 2 0.730709 17 -1 5 -2 5 -1 11 5 5 -5 -25 -4 -24 6 6 0 -13 2 11 2 14 5 -1 5 1 0 -15 2 -13 3 -26 2 -16 6 -27 3 0.636015 12 2 3 0 19 1 3 -5 17 -1 22 -3 7 -2 -4 -1 13 -5 -25 -2 -2 -2 -15 1 -27 7 0.441489 6 1 -35 -1 -14 -1 -3 4 0 4 -5 7 -8 8 0.338086 4 5 -5 12 -3 13 5 11 -10 9 0.358333 3 -22 -20 -27 -96 -17 -115 10 0.268331 2 8 -14 5 4 
38 11 4 1 0.419192 2 3 -80 0 -82 3 0.256966 1 1 -13 7 0.419192 2 -3 18 4 14 8 0.97076 20 7 -5 7 -10 11 -12 9 -4 11 -4 11 -2 12 0 15 2 8 -6 7 -13 13 -2 13 -5 13 -9 10 -10 11 -11 13 -7 10 -6 16 -10 14 -6 12 -6 
39 11 3 1 0.674797 1 -2 -75 3 0.846939 2 0 -1 -5 16 9 0.891192 2 -30 -132 -23 -143 
40 11 2 1 0.187359 1 6 -57 3 0.996664 36 -5 -4 -1 -1 -5 1 -5 -7 -4 -8 -4 1 2 -30 -2 -4 -2 13 4 -26 1 -6 3 -21 4 15 3 -20 3 12 -5 10 -2 16 0 -24 5 22 -4 -25 -4 -30 -1 14 -1 6 1 4 -4 -10 0 -26 -1 22 -4 -14 -3 26 -1 7 -5 -9 -3 29 -4 4 -5 -6 -2 -5 -3 25 
41 11 2 2 0.892473 1 7 23 3 0.892473 1 -2 8 
42 11 4 0 0.674797 1 6 -57 1 0.674797 1 -16 -24 8 0.674797 1 8 9 9 0.891192 2 -31 -5 -27 -80 
43 11 3 1 0.283276 1 10 36 8 0.988095 20 1 13 -7 -9 -9 -8 0 -7 5 1 3 6 1 5 11 2 8 2 6 11 1 0 -5 -13 7 3 0 0 5 -7 -7 1 -6 -10 -7 -7 6 -3 -3 -8 9 0.369099 1 -28 -7 
44 11 5 0 0.34874 2 -7 -55 -9 -10 1 0.973924 27 -8 -19 -7 6 -9 -22 -16 -76 1 27 -16 1 1 28 -11 2 -10 -1 7 -61 1 31 -13 -82 0 -20 1 24 0 -31 -15 -78 -12 -42 -16 -46 -1 -62 -11 -63 -5 14 -10 -79 8 35 -14 -31 -10 -8 1 35 -7 -63 2 0.34874 2 -2 -9 -2 -15 5 0.277419 1 -38 22 8 0.205955 1 -7 -3 
45 11 6 0 0.713467 3 -9 -10 -1 -45 -9 -48 1 0.713467 3 -2 -81 -6 -74 6 -18 4 0.714286 1 -54 -23 8 0.601449 2 7 -3 3 -4 9 0.786585 3 -24 3 -21 -60 -14 -7 10 0.505882 1 -16 -24 
46 11 6 2 0.315589 1 3 26 3 0.608802 3 -3 27 -4 29 -2 -21 7 0.881936 9 -2 -4 -4 1 2 28 -6 1 -6 39 -6 40 8 -40 -1 -17 -5 36 8 0.688797 4 3 -11 1 -12 -2 -11 4 -6 9 0.40566 1 -28 -129 10 0.40566 1 -9 20 
47 11 3 1 0.542484 1 -11 -3 2 0.96139 6 -2 -19 -5 -22 6 14 5 17 0 -24 -4 -26 7 0.542484 1 -6 -21 
48 11 9 0 0.674797 11 1 19 2 38 -5 -4 -8 -50 7 37 -9 -26 -2 23 4 37 -4 40 5 -20 7 38 1 0.453552 5 9 -3 -7 -25 11 -13 -12 -80 -5 -34 2 0.547597 7 3 23 7 26 1 -21 1 -20 2 -25 2 -15 -1 -15 3 0.585538 8 -4 -14 2 27 1 -5 -3 -22 -5 5 5 -19 -3 10 3 2 5 0.185345 1 -23 18 7 0.453552 5 -5 24 -2 27 0 45 -2 32 -2 -27 8 0.648438 10 0 -11 -9 -12 5 -6 7 -5 7 -4 12 4 7 -3 9 0 6 -5 17 3 9 0.551282 5 -33 -23 -23 -9 -13 -58 -11 -144 -13 -36 10 0.414791 3 -10 4 -2 -25 -8 11 
49 11 2 0 0.996362 33 2 47 1 49 2 56 4 51 5 49 4 47 -4 47 -2 50 5 46 -6 -16 -8 44 -9 -21 -8 -67 -4 41 -9 -3 -5 5 -7 -17 -1 41 -6 -49 -8 -48 -2 44 -4 -8 -9 2 -9 4 -7 -14 -8 6 -8 0 -6 -26 -7 23 -6 -8 -4 -14 -1 39 -2 -47 8 0.200969 1 12 2 
50 11 4 0 0.734513 1 -5 -43 1 0.734513 1 9 -28 3 0.734513 1 4 -20 9 0.803738 1 -17 -2 
51 11 5 0 0.62406 2 5 8 1 -1 1 0.62406 2 10 29 11 -49 3 0.734513 3 -4 -12 0 -22 3 9 8 0.805825 4 -1 13 9 6 14 5 -7 8 9 0.527607 1 10 18 
52 11 2 1 0.479769 1 8 23 3 0.98679 9 4 -6 4 -28 5 2 6 -1 4 15 4 16 4 -15 6 9 2 9 
53 11 3 0 0.989893 59 -6 -57 -3 -54 -2 -59 4 51 7 18 7 47 -1 -64 -8 -1 -4 -6 -3 10 -8 9 9 15 -4 -23 1 26 -6 -19 6 66 0 -57 1 8 -9 -31 -7 -41 2 11 1 61 -4 13 -8 65 -5 65 0 -20 1 -33 0 -55 -3 -53 -3 -43 -2 -5 0 10 -1 15 5 8 -4 60 -5 7 8 -22 3 -20 3 -29 0 -21 -1 -34 -1 44 -1 -47 -5 0 3 9 -4 -22 -9 27 1 -23 1 6 -3 4 -4 -25 6 -22 8 56 0 34 -5 10 -8 25 -6 -30 9 -49 -4 -38 3 0.356223 4 -5 -27 -5 -26 -2 -13 -4 -29 8 0.11641 1 -10 -9 
54 11 6 0 0.87536 11 -8 8 10 68 -5 11 -6 30 -7 40 -9 34 10 69 6 4 6 7 9 4 6 5 1 0.62406 4 7 -1 14 -54 11 -43 5 33 2 0.265176 1 6 -16 3 0.68595 5 6 -30 5 -19 6 6 1 -1 3 -3 8 0.430052 2 13 -3 13 0 9 0.348178 1 0 9 
55 11 2 8 0.976471 5 -7 -9 -11 -9 -11 -7 -14 -7 -14 -11 9 0.710744 1 4 -100 
56 11 9 0 0.328063 1 4 29 3 0.328063 1 6 14 4 0.638298 1 -34 -7 5 0.778281 4 -24 10 -26 15 -22 -7 -22 -5 6 0.35443 1 2 27 7 0.328063 1 6 43 8 0.509202 2 -3 -12 13 12 9 0.86 6 -10 -123 -6 -120 4 -6 5 -5 17 0 12 0 10 0.419512 1 13 29 
57 11 2 3 0.453552 1 -4 -30 8 0.988095 10 -17 -11 -15 -12 -9 -7 -10 -12 -16 -11 -15 -11 -5 -11 -5 -12 -1 0 8 6 
58 11 4 0 0.408867 1 -6 -65 3 0.713467 3 -3 -27 -5 -17 -5 -16 8 0.713467 3 5 9 4 -13 4 -11 9 0.913274 6 -32 -142 -8 -6 5 1 -2 -17 -22 25 3 -132 
59 11 2 1 0.372197 1 0 -41 9 0.99422 14 -17 -14 -2 -36 -23 -57 -9 -50 3 1 -20 -41 -9 -59 -8 -43 -8 -44 -13 -18 -9 -8 5 -115 -11 -19 1 -84 
60 11 3 0 0.542484 1 3 22 3 0.542484 1 2 12 9 0.973585 6 -6 -4 16 -2 -4 7 0 -55 -22 -49 3 -115 
61 11 6 0 0.794802 7 9 26 5 -16 8 -66 5 -33 10 -25 4 -11 10 21 1 0.794802 7 14 19 14 -19 4 -52 13 -20 17 -42 17 -23 13 -40 3 0.453552 2 5 30 -4 -28 5 0.369099 1 -28 -13 6 0.482759 2 5 36 11 31 9 0.659847 3 -5 -37 7 -62 -15 -139 
62 11 5 0 0.453552 1 4 19 1 0.453552 1 12 -8 2 0.453552 1 6 -4 3 0.935588 7 5 26 6 25 1 14 3 20 3 23 -1 20 4 24 9 0.551282 1 11 -13 
63 11 2 1 0.509202 1 3 -61 9 0.989928 8 -7 -96 -16 -83 1 6 -1 -10 -2 -120 -1 -80 -18 -47 -13 -47 
64 11 2 3 0.674797 1 -3 -22 8 0.97076 4 -3 -9 9 11 3 11 3 10 
65 11 9 0 0.341564 1 2 12 1 0.341564 1 17 -24 3 0.341564 1 -2 -30 5 0.724719 3 20 -1 17 -1 20 19 6 0.741722 4 4 5 4 8 -1 -8 -7 -27 7 0.341564 1 8 8 8 0.341564 1 8 13 9 0.724719 3 -18 -141 2 -85 1 -30 10 0.620939 2 7 -3 10 4 
66 11 2 3 0.99006 12 -3 -20 6 -12 6 18 2 -10 5 -10 6 12 -4 -27 3 -30 0 -26 4 -21 0 19 6 11 6 0.4375 1 4 3 
67 11 6 2 0.509202 1 7 -25 3 0.805825 3 4 -9 6 -28 2 -12 5 0.605634 1 17 5 6 0.727273 2 -2 29 5 8 9 0.605634 1 -16 -93 10 0.605634 1 18 -20 
68 11 3 1 0.560811 2 6 -69 14 0 3 0.958027 11 1 21 6 17 6 19 6 -28 2 28 1 -25 5 -3 2 -28 2 -25 0 -13 -1 4 9 0.653992 2 10 -30 7 -54 
69 11 7 0 0.674797 4 9 24 7 -7 3 -18 7 45 1 0.594272 3 -1 -70 4 28 15 -39 3 0.304029 1 -2 11 4 0.927835 6 -32 9 -33 9 -36 25 -32 17 -35 20 -19 -20 5 0.392694 1 11 -3 8 0.594272 3 12 8 16 8 1 -10 9 0.577181 2 11 32 -2 19 
70 11 3 1 0.479769 1 15 -22 3 0.925651 6 3 -27 0 -24 0 7 1 10 1 -17 -4 -24 9 0.840391 3 -4 -124 14 -41 6 -34 
71 11 3 1 0.954023 5 16 -28 12 -4 17 29 5 28 7 -4 2 0.58042 1 7 -26 3 0.58042 1 3 -28 
72 11 6 0 0.70339 2 2 -24 0 -35 1 0.509202 1 13 4 3 0.509202 1 -1 27 4 0.789474 1 -24 -13 5 0.605634 1 9 14 9 0.86 3 -4 22 10 13 9 -40 
73 11 2 4 0.731707 1 -25 -17 5 0.992655 11 -30 22 -26 21 12 -1 7 -6 3 -1 -21 20 10 -4 4 22 -29 17 5 22 -23 19 
74 11 4 1 0.86911 4 12 5 -4 8 10 8 16 15 3 0.509202 1 2 7 5 0.778281 2 -21 13 -8 17 9 0.778281 2 -11 -115 3 -72 
75 11 6 1 0.58042 1 -5 -4 3 0.58042 1 -3 -30 6 0.608696 1 -6 2 8 0.768519 2 15 3 6 4 9 0.671875 1 -1 -127 10 0.671875 1 0 -16 
76 11 2 6 0.996948 35 13 3 13 1 12 1 12 5 12 8 4 -20 10 16 12 13 9 15 8 -28 6 12 10 12 6 -11 -1 2 -11 -2 7 12 -7 -24 9 -23 -3 -1 -3 -3 -1 1 -7 -10 2 -20 7 3 -3 -10 -4 -4 -6 -10 2 -16 -9 -9 -7 -11 -10 -1 -10 -3 1 -19 -1 -7 1 -6 10 0.259819 1 12 4 
77 11 2 1 0.892473 1 -13 -6 6 0.903226 1 -6 -4 
78 11 6 3 0.494048 2 3 -22 0 -30 6 0.912052 10 12 -15 3 -15 11 -2 5 0 -1 -25 -1 -26 9 17 2 -13 5 15 7 10 7 0.494048 2 3 -10 4 -12 8 0.315589 1 10 6 9 0.40566 1 -24 -115 10 0.697297 3 18 6 13 -5 14 -7 
79 11 5 0 0.341564 1 10 -8 1 0.341564 1 -1 -34 2 0.341564 1 7 7 6 0.944785 11 8 -4 7 -19 5 -22 6 11 7 4 9 3 8 7 6 5 4 -7 1 4 9 9 8 0.640103 3 16 -3 17 8 4 1 
80 11 8 0 0.22865 1 6 -47 1 0.633588 5 13 -68 -15 45 12 41 2 -33 5 -29 4 0.517241 1 -29 -20 5 0.796296 7 -45 -15 -39 -21 -37 -17 -35 -20 -35 -14 -29 17 -29 10 6 0.660377 5 -9 -5 13 -12 12 -6 13 0 11 -33 8 0.22865 1 7 -5 9 0.304965 1 -7 -143 10 0.823952 8 -14 3 0 -35 -1 -30 14 -35 -17 -7 -3 -32 -13 -15 -15 4 
81 11 2 1 0.453552 1 11 -25 8 0.988095 10 13 -9 14 -11 13 -5 17 -10 13 -7 17 -11 16 -6 10 -1 8 -10 9 -10 
82 11 2 0 0.996129 31 6 -35 10 27 1 -7 10 -50 10 13 10 -12 10 -17 6 17 5 -43 4 -14 9 -49 9 -30 10 22 6 -11 8 -39 8 3 6 18 5 2 8 10 6 11 10 17 8 0 5 -9 10 14 6 -5 6 -25 9 -63 6 -58 3 -43 3 -42 7 -24 9 0.283828 1 -17 -76 
83 11 3 0 0.674797 1 6 29 1 0.925651 3 -16 -23 -5 -11 -4 -21 9 0.754386 1 -20 -30 
84 11 10 0 0.857881 40 5 -46 3 -43 8 -29 10 -28 10 -5 5 -20 4 -51 2 -8 10 -66 9 3 9 -3 8 -45 10 -48 8 57 6 57 8 -61 7 7 1 -22 10 30 5 -64 0 -61 7 57 4 -59 6 -39 0 46 7 -6 9 -65 10 47 10 56 8 -25 8 50 -5 41 0 1 2 24 6 61 0 -8 -6 53 -1 65 2 60 -6 44 1 0.213003 3 11 12 -8 -30 -1 -9 2 0.213003 3 7 -21 6 -21 5 -8 3 0.0811339 1 -4 27 4 0.669145 6 -28 -19 -17 -13 -22 -11 -27 28 -26 8 -36 10 5 0.115591 1 -4 -4 6 0.713376 20 10 35 13 37 11 27 11 32 13 26 9 30 6 29 10 21 5 30 8 21 11 32 8 30 13 25 9 -22 -7 -22 -6 -29 10 20 10 18 -8 -21 12 22 8 0.589249 14 16 13 13 9 13 4 16 6 16 12 13 -6 14 7 15 -4 16 -7 14 -6 16 -3 14 -4 15 -10 13 -4 9 0.115591 1 -21 -127 10 0.453029 6 -16 -18 1 -12 4 -8 -5 -6 -6 -6 -17 0 
85 11 11 0 0.321705 6 -2 -14 8 -69 -4 8 -2 64 -3 16 -4 14 1 0.524041 13 6 42 8 45 4 31 6 49 -10 -75 1 47 1 0 -13 2 13 -43 -3 -17 2 -15 2 -16 13 -22 2 0.132166 2 7 23 -6 -22 3 0.0701606 1 2 -19 4 0.834783 16 -28 24 -28 -7 -30 -10 -28 -8 -26 -7 -24 -22 -34 -4 -36 17 -23 -8 -33 -2 -34 17 -30 -4 -50 8 -35 -26 -51 -11 -54 11 5 0.48829 8 -22 -16 -22 -7 -22 -21 -26 8 -34 -12 -27 -7 -27 -3 -26 -7 6 0.643678 18 -10 -28 -2 -28 9 20 5 7 0 -6 -8 -15 5 -28 7 -26 -1 -34 -5 -33 -8 -33 0 -32 7 -32 -7 -8 3 -34 -10 -6 -4 -34 -8 -22 7 0.42275 9 -3 -40 6 -38 -2 -41 7 -44 7 -42 8 -36 -1 -35 4 -35 8 -35 8 0.187359 3 0 9 -2 13 0 6 9 0.574727 11 -23 -85 -19 -9 -10 -90 -31 -122 -31 -121 -33 -114 -16 -107 -18 -121 -15 -71 -19 -62 -25 -66 10 0.772166 24 -5 -36 7 -15 -7 -33 -1 -2 8 -13 6 -14 -9 -34 -8 -33 -11 -37 -1 -34 -17 -10 -16 -12 15 -27 15 -30 -8 -33 -1 -8 -9 -31 -1 4 18 -21 10 24 16 -32 -10 -29 7 -22 -7 -2 
86 11 3 5 0.577181 1 -14 22 6 0.509091 1 -6 14 10 0.980057 8 0 30 -1 28 9 26 10 23 6 35 -7 9 0 12 -7 10 
87 11 6 0 0.328063 1 9 46 1 0.328063 1 17 28 5 0.419512 1 -22 -4 6 0.727273 4 2 32 -3 36 -7 35 -5 31 7 0.86911 8 -6 34 -4 36 8 36 2 42 2 41 8 41 7 40 2 30 10 0.710744 3 -2 35 1 36 1 34 
88 11 3 5 0.966292 7 -25 -1 -25 1 -25 2 -22 -10 -26 20 -20 -4 -23 9 6 0.7 2 -7 6 -11 5 10 0.577181 1 -10 34 
89 11 3 6 0.968085 13 -6 37 5 37 -2 31 2 31 -10 30 -2 33 -9 34 -1 31 -10 34 -8 31 -6 32 -12 19 -12 29 7 0.341564 1 5 44 10 0.724719 3 -12 16 4 17 11 16 
90 11 2 6 0.7 1 -2 30 7 0.97076 4 5 19 3 22 3 20 8 20 
91 11 2 6 0.903226 1 0 24 10 0.924731 1 13 15 
92 11 2 6 0.997625 45 1 17 -1 26 2 30 -3 24 -1 8 -5 25 4 14 -7 23 0 9 3 11 -4 22 0 7 -2 9 -6 19 -7 18 -7 18 -1 7 2 26 2 18 -7 7 6 10 -2 11 -4 20 2 20 -3 17 5 2 2 11 6 6 -10 12 -6 5 -9 7 2 13 0 10 -7 6 -4 15 0 20 -7 13 -4 13 -10 10 -3 15 -1 27 -6 11 0 27 0 29 2 27 10 0.214464 1 12 13 
93 11 2 6 0.918033 6 0 14 5 4 -6 5 -2 27 -5 28 -4 28 7 0.873684 5 -2 25 -1 5 6 5 2 14 1 7 
94 11 2 8 0.993351 18 -11 -13 9 4 -1 9 13 6 1 13 6 13 -1 2 -1 12 -7 9 -3 12 -4 12 15 10 13 8 6 9 10 5 11 -4 15 8 11 6 9 0.40566 1 -27 -56 
95 11 4 1 0.674797 1 6 -5 3 0.674797 1 -3 6 8 0.846939 2 12 6 12 4 9 0.754386 1 -19 9 
96 11 4 0 0.908759 6 1 30 2 49 -4 -23 -5 -20 -3 -8 5 50 3 0.648438 2 5 29 5 25 5 0.731915 2 -21 3 -34 5 10 0.551282 1 8 -28 
97 11 10 0 0.304029 2 6 51 -1 -16 1 0.542484 5 -13 53 -10 -1 -10 43 -1 -36 5 -28 3 0.175476 1 5 -6 4 0.612245 2 -47 14 -48 8 5 0.637037 5 -35 9 -37 10 -38 22 -32 6 -37 15 6 0.509091 4 2 -28 2 -29 -4 -27 -9 16 7 0.402262 3 5 -34 -3 42 0 44 8 0.674797 8 10 13 12 13 5 13 17 13 14 13 11 10 17 11 17 7 9 0.754386 8 -6 -46 -12 -43 -27 -59 -20 -19 -31 -135 -31 -59 -33 -81 -33 -60 10 0.392694 2 12 -29 16 -28 
98 11 3 1 0.954023 5 11 -1 7 3 8 5 -10 32 9 53 3 0.58042 1 5 -8 8 0.58042 1 16 6 
99 11 2 8 0.58042 1 -2 5 9 0.986616 6 -15 1 -20 -75 -8 7 -14 12 -11 17 -11 4 
100 11 3 1 0.925651 12 6 30 3 4 -16 46 -8 42 -16 50 -2 2 12 -2 -14 50 -15 50 -7 6 -11 8 -7 -5 4 0.612245 1 -33 -20 9 0.868687 7 -30 -77 -26 -124 -33 25 -26 -70 -16 16 -28 -129 -32 -93 
101 11 4 1 0.648438 2 3 -38 -9 -17 2 0.453552 1 4 5 3 0.935588 7 3 1 5 -3 3 -1 4 -13 6 -12 4 -19 2 -18 4 0.75 1 -39 17 
102 11 6 1 0.372197 1 -2 34 2 0.751131 4 1 8 6 10 7 6 6 6 3 0.372197 1 -3 -18 4 0.916031 4 -41 -13 -31 -3 -27 2 -26 14 5 0.467391 1 -27 -9 9 0.817102 4 20 -140 18 -130 -17 -134 -12 -32 
103 11 5 1 0.608802 3 14 37 -2 -38 4 36 2 0.315589 1 5 1 4 0.779221 2 -28 20 -39 -4 5 0.917062 9 -12 -21 -29 -10 -35 -7 -37 -4 0 -20 -14 -17 -10 -16 -27 -15 -17 -19 9 0.766147 4 -15 26 -7 16 -12 29 -23 -131 
104 11 4 1 0.943182 8 -6 -43 16 9 11 -43 -2 12 -2 14 1 10 -10 34 -14 -44 2 0.62406 2 7 11 7 17 4 0.731707 1 -46 -16 9 0.527607 1 -31 23 
105 11 2 1 0.408867 1 -6 -59 2 0.99006 12 -6 -20 -6 -14 -6 -15 4 -3 4 -8 4 -13 -6 -6 -2 -9 2 -13 4 -11 0 -7 4 -27 
106 11 2 4 0.265487 1 -28 8 5 0.99902 83 -39 7 -12 8 -12 10 -11 10 -29 -14 -27 -15 -36 -9 -8 16 -40 1 -13 -5 -8 7 -24 8 -38 -4 -9 7 -19 14 -40 -7 -10 18 -11 13 -40 -2 -43 22 -23 8 -7 7 -27 -10 -43 20 -26 -10 -20 6 -42 12 -21 -21 -10 -10 -19 -4 -20 8 -14 6 -44 12 -16 22 -18 -9 -18 -12 -17 -6 -20 3 -18 -4 -17 -4 -18 -1 -18 1 -30 -1 -30 16 -31 19 -15 -13 -14 -18 -37 9 -20 6 -14 13 -17 10 -14 -19 -14 -5 -30 6 -43 4 -31 12 -42 -16 -5 -13 -14 6 -40 -14 -16 -15 -32 -1 -8 -16 -32 -15 -41 -12 -38 10 -34 12 -8 13 -39 11 -17 6 -34 -1 -6 6 -14 -7 -34 16 -37 9 -6 7 -43 2 -42 -21 -44 4 -36 18 -45 4 -35 -2 -38 16 
107 11 6 1 0.315589 1 -8 5 2 0.747748 5 1 -18 5 -2 7 1 7 0 5 -14 4 0.849057 3 -39 -26 -43 7 -44 7 5 0.877551 7 -39 20 -4 19 -38 18 -38 -10 -45 18 -42 20 -41 9 7 0.315589 1 -2 41 9 0.591065 2 -32 -40 -33 6 
108 11 2 0 0.114799 1 -8 33 2 0.998121 64 6 4 2 3 -1 5 5 7 7 0 -2 5 0 7 -1 26 0 -11 -2 25 2 -16 -2 14 -3 17 -2 -23 -3 -18 3 27 7 24 -1 -17 1 17 2 14 -2 -3 5 -15 -4 3 2 17 0 -23 0 6 -2 11 3 2 -3 9 -2 16 -3 26 -2 18 -4 25 0 -25 -1 26 2 12 4 3 1 -16 3 23 2 21 -1 14 1 14 -3 9 -2 14 -4 0 -5 -2 -2 20 -3 25 -3 24 -3 15 2 7 -1 -2 2 21 -1 -15 5 6 4 17 4 -22 5 -3 4 13 6 18 6 14 7 16 7 -27 3 4 
109 11 6 1 0.557047 5 14 12 -6 -77 -8 -78 2 -69 14 4 2 0.183223 1 6 22 3 0.953211 27 1 30 5 29 6 30 6 26 0 26 5 24 6 24 5 27 -1 25 6 28 3 23 0 -6 3 22 4 1 6 -1 6 -13 2 -3 3 -6 5 -6 4 -24 4 2 0 -18 6 19 3 21 1 19 -1 -18 5 -3 6 0.201439 1 -1 24 9 0.512922 3 -2 -39 -1 -33 -26 -136 10 0.249275 1 15 26 
110 11 8 0 0.256966 1 -6 -32 1 0.846939 10 -5 -12 10 -81 16 -71 6 -69 11 48 8 -38 6 -27 -2 -38 17 -9 14 24 2 0.419192 2 6 14 7 16 3 0.612546 4 5 -15 2 -20 5 17 5 11 5 0.338583 1 23 4 7 0.530917 3 8 27 8 -17 5 -29 9 0.626214 3 -19 -48 -7 -78 4 -24 10 0.338583 1 -1 -33 
111 11 11 0 0.118911 2 -8 33 7 34 1 0.36205 8 -3 -24 -1 -28 1 -16 -3 -47 4 -65 11 -83 -12 -10 -5 -75 2 0.256966 5 7 -16 6 -15 5 -7 -2 -1 -5 26 3 0.566439 17 -5 0 4 -9 5 -23 -5 -6 1 1 5 -28 -5 12 3 1 -5 8 1 -9 -5 16 6 16 -5 -28 3 -2 6 -9 -1 -16 -1 -29 4 0.776892 13 -52 -10 -47 -4 -50 2 -51 2 -43 -2 -43 -3 -54 -1 -54 0 -50 -4 -53 0 -45 -2 -45 -2 -54 -19 5 0.421569 7 24 -7 14 7 5 -5 16 21 18 17 12 18 12 13 6 0.52 13 0 -17 -5 -7 -9 -26 -2 22 -4 -12 -2 -15 -2 25 -11 -25 -5 -25 -9 -28 -10 -11 3 23 3 25 7 0.796163 40 8 -41 0 -22 6 -25 4 -38 4 -11 2 -32 0 -9 7 -26 2 -1 8 -15 -2 -34 3 -13 4 -4 5 -6 3 -7 1 -9 1 9 4 -25 2 -40 8 -17 5 -13 6 -13 7 19 4 -43 5 8 3 13 6 -19 7 -18 6 -16 6 -31 8 -12 0 -40 6 -30 8 -35 1 13 -2 -18 -1 -32 2 16 -1 -22 -2 -29 8 0.0627362 1 2 9 9 0.48802 9 -23 -144 -31 -138 -9 -93 6 -147 -29 17 -14 -96 1 -71 -16 -26 -17 -87 10 0.516517 10 10 -18 12 -37 0 -23 -13 -15 6 -14 -12 -16 1 -22 18 -9 -6 -29 -12 -28 
112 11 10 0 0.313602 6 0 65 6 67 7 69 5 69 5 67 5 69 1 0.636015 20 13 -83 9 -41 5 -36 12 -23 -8 9 2 -59 2 -76 -6 16 16 16 12 -31 -1 40 -1 24 11 -65 -16 44 1 21 2 41 6 21 5 39 11 -53 -1 44 3 0.441489 10 -4 -11 -3 -9 2 0 5 18 6 18 6 6 3 1 6 4 4 22 -4 -16 4 0.777538 12 -42 28 -40 21 -41 22 -41 22 -44 20 -47 18 -45 21 -37 23 -47 24 -54 16 -52 25 -54 21 5 0.40344 6 15 7 12 -3 11 -7 16 18 13 18 16 0 6 0.339394 6 3 -33 4 19 13 -15 -2 18 2 16 7 20 7 0.38293 8 5 15 -5 -23 8 -33 7 -43 8 -13 -5 -29 7 17 8 16 8 0.273927 5 1 8 -9 12 -1 10 7 12 -12 13 9 0.665056 16 6 -82 -12 -78 27 -145 -11 -82 -26 -74 -15 -134 -20 -128 -18 -107 8 -78 -19 -108 -18 -134 -17 -109 -18 -99 -17 -134 -33 35 13 33 10 0.782092 26 6 0 14 -4 6 -32 3 -22 8 -30 4 -25 -11 -31 17 -34 13 -6 7 -37 4 -20 13 20 -6 -16 -6 -15 11 -29 18 23 10 -37 5 9 10 14 16 -21 14 11 15 -16 16 -20 12 3 8 11 13 -33 
113 11 4 1 0.241983 1 -10 26 2 0.399038 2 -6 3 -6 -4 5 0.972301 20 -34 20 -35 20 -35 21 -39 19 -11 11 -18 18 -32 18 -41 19 1 14 -2 14 0 1 2 7 -1 18 3 -12 -2 5 -31 12 -30 11 -2 10 0 1 0 10 9 0.681188 4 -16 -44 -11 -50 -9 -54 -22 -2 
114 11 11 0 0.305629 7 -5 -7 -6 -5 -7 -53 -8 27 -9 28 10 59 -9 -19 1 0.439541 12 -11 -21 11 -12 -7 -31 17 43 -4 -83 2 -71 -9 43 -13 -68 -3 -49 17 -8 7 -8 2 -12 2 0.197384 4 -1 8 -3 -6 -1 7 -5 22 3 0.108073 2 -4 18 -4 24 4 0.770642 14 -42 -6 -41 4 -20 -22 -42 4 -21 -24 -54 -7 -41 -22 -45 5 -48 7 -46 5 -47 -5 -49 -7 -48 -10 -38 -16 5 0.61511 16 4 -3 -31 7 3 -9 3 -7 5 14 -42 22 -44 -2 -45 1 -44 18 -41 5 -44 2 -41 1 -44 4 -23 -8 -41 -19 -41 -10 6 0.765376 36 -9 18 -10 20 13 36 12 36 -8 -20 -6 22 -7 35 -8 -18 -6 24 -12 3 -12 -6 -3 -19 -12 -8 -10 -29 -11 26 -11 -33 -12 -17 -2 -19 -12 -23 -11 -21 -12 27 -9 -16 9 30 -11 30 -10 -24 0 -17 -7 -25 -11 -30 -12 -14 -12 32 -4 -33 -9 33 -6 -34 1 33 -12 16 4 -14 7 0.416325 11 5 28 -3 32 -2 35 2 28 -2 33 -2 -35 -3 -44 5 31 -3 -39 -6 31 -6 13 8 0.0567327 1 -17 11 9 0.513572 11 -10 -21 4 -53 5 8 -24 -145 -14 -40 -28 -145 -30 -145 -26 -125 -28 -142 -13 -81 -13 -139 10 0.729308 25 -1 10 -7 5 -16 -27 -14 -26 -14 -27 12 32 -6 2 -17 -29 -8 -19 1 -27 -8 12 -8 -24 -14 -31 -17 32 1 -31 -14 16 -10 18 -7 -31 -4 27 -4 -30 -6 -32 2 -31 -10 9 -6 22 -4 19 
115 11 4 6 0.971098 18 -11 29 -7 20 5 32 7 -30 5 -29 7 34 7 37 4 -29 2 -29 3 30 3 29 5 30 -2 35 -2 34 -3 37 -2 33 -1 34 -3 30 7 0.441489 2 -2 -4 5 38 9 0.539185 2 2 -30 3 -97 10 0.358333 1 17 28 
116 11 4 1 0.892473 5 14 42 7 -46 8 -16 7 -12 -13 -28 4 0.882353 2 -48 -18 -52 -18 6 0.509091 1 -4 -35 10 0.754386 2 -10 -34 -6 -33 
117 11 3 6 0.571429 1 -3 -21 9 0.973585 6 -14 -43 -23 26 -30 18 -15 -22 -16 -122 -19 -62 10 0.637037 1 10 9 
118 11 2 7 0.62406 1 8 37 9 0.983982 5 -31 22 -9 17 -12 21 -27 -46 -9 -65 
119 11 8 1 0.688797 4 17 52 -14 -57 -8 -55 -16 55 2 0.688797 4 1 8 6 8 -4 -5 -4 -11 4 0.625 1 -45 -17 5 0.40566 1 -11 6 6 0.636364 3 -8 -24 -9 -27 1 36 7 0.608802 3 3 32 7 32 4 33 9 0.40566 1 -24 -41 10 0.591065 2 -13 2 -5 -24 
120 11 2 1 0.980315 6 -16 48 -13 -62 -7 -77 -16 -60 -14 23 -12 24 3 0.58042 1 -5 21 
121 11 5 1 0.861592 6 10 -78 8 -74 4 -77 -2 -35 -1 -51 14 -66 5 0.485876 1 -27 6 7 0.389671 1 3 -28 9 0.671875 2 -2 -49 -6 -36 10 0.830918 4 12 -22 3 -25 15 5 14 -24 
122 11 2 6 0.608696 1 9 29 9 0.986616 6 4 1 -3 17 -9 -70 -13 -68 2 -78 -10 -66 
123 11 3 1 0.674797 1 14 -65 6 0.861538 2 -11 -24 -11 -22 9 0.891192 2 1 -46 0 -48 
124 11 2 1 0.892473 1 9 -59 8 0.892473 1 3 11 
125 11 2 1 0.995204 25 -10 51 5 20 3 57 12 21 4 -43 16 -50 10 21 6 -52 0 -61 9 52 -13 14 -10 -42 12 49 6 -51 7 -51 -11 -60 12 56 15 58 -2 -55 3 -54 -2 -75 8 52 9 57 -4 57 -3 -61 9 0.329502 1 -28 -118 
