10 118 1
0 0 -1 18 2 17 1 59 5 4 30 32 -4233 
1 1 -1 12 13 5 2 61 15 2 20 32 -2039 
2 1 -1 11 15 26 9 37 47 22 8 32 -10 
3 2 -1 19 5 22 2 57 30 2 28 32 -5372 
4 2 -1 29 7 14 8 46 26 13 36 32 -13585 
5 2 -1 23 2 26 25 53 40 8 10 32 801 
6 2 -1 57 19 0 0 4 27 0 0 22 0 
7 3 0 0 0 0 0 0 0 0 0 0 0 
8 3 -1 4 43 0 0 9 61 0 0 0 44 
9 3 -1 55 10 0 0 2 54 0 0 0 30 
10 3 -1 22 30 22 1 44 42 1 19 32 -90 
11 3 -1 28 6 30 15 59 44 3 7 32 208 
12 3 -1 14 18 15 21 60 55 2 4 32 2262 
13 3 -1 13 25 0 0 7 47 0 0 13 -88 
14 3 -1 34 21 0 0 51 61 0 0 2 -20 
15 4 0 0 0 0 0 0 0 0 0 0 0 
16 4 0 0 0 0 0 0 0 0 0 0 0 
17 4 -1 47 43 0 0 20 58 0 0 5 -4 
18 4 -1 51 63 0 0 26 52 0 0 11 56 
19 4 8 0 0 0 0 0 0 0 0 0 0 
20 4 -1 16 21 3 6 27 27 27 14 32 -4527 
21 4 11 0 0 0 0 0 0 0 0 0 0 
22 4 -1 43 45 0 0 21 47 0 0 18 -2 
23 4 -1 0 25 1 16 24 52 21 4 32 -302 
24 4 -1 14 18 7 3 27 37 22 17 32 -3893 
25 4 -1 3 21 11 9 25 56 35 3 32 -1345 
26 4 -1 30 0 26 14 59 38 3 23 32 -987 
27 4 57 0 0 0 0 0 0 0 0 0 0 
28 4 -1 20 48 0 0 63 45 0 0 14 -3 
29 4 -1 50 7 0 0 6 53 0 0 15 -37 
30 4 -1 8 20 0 0 42 48 0 0 12 -34 
31 5 0 0 0 0 0 0 0 0 0 0 0 
32 5 0 0 0 0 0 0 0 0 0 0 0 
33 5 0 0 0 0 0 0 0 0 0 0 0 
34 5 0 0 0 0 0 0 0 0 0 0 0 
35 5 -1 8 27 27 4 52 31 4 6 32 -1739 
36 5 -1 2 18 19 2 56 22 1 37 32 -4404 
37 5 6 0 0 0 0 0 0 0 0 0 0 
38 5 7 0 0 0 0 0 0 0 0 0 0 
39 5 0 0 0 0 0 0 0 0 0 0 0 
40 5 0 0 0 0 0 0 0 0 0 0 0 
41 5 9 0 0 0 0 0 0 0 0 0 0 
42 5 10 0 0 0 0 0 0 0 0 0 0 
43 5 0 0 0 0 0 0 0 0 0 0 0 
44 5 0 0 0 0 0 0 0 0 0 0 0 
45 5 12 0 0 0 0 0 0 0 0 0 0 
46 5 13 0 0 0 0 0 0 0 0 0 0 
47 5 -1 56 13 0 0 21 47 0 0 1 6 
48 5 -1 53 21 0 0 63 1 0 0 0 22 
49 5 -1 12 7 0 0 49 40 0 0 8 -26 
50 5 -1 1 50 0 0 40 41 0 0 2 10 
51 5 -1 51 4 0 0 7 34 0 0 7 30 
52 5 -1 10 12 10 20 25 37 32 6 32 -3510 
53 5 54 0 0 0 0 0 0 0 0 0 0 
54 5 -1 61 38 0 0 34 44 0 0 1 -35 
55 5 0 0 0 0 0 0 0 0 0 0 0 
56 5 0 0 0 0 0 0 0 0 0 0 0 
57 5 58 0 0 0 0 0 0 0 0 0 0 
58 5 -1 46 63 0 0 21 29 0 0 13 -5 
59 5 -1 32 34 0 0 33 9 0 0 1 9 
60 5 -1 43 51 0 0 62 14 0 0 17 0 
61 5 -1 30 42 0 0 55 41 0 0 5 39 
62 5 -1 3 49 0 0 52 18 0 0 17 13 
63 6 0 0 0 0 0 0 0 0 0 0 0 
64 6 0 0 0 0 0 0 0 0 0 0 0 
65 6 0 0 0 0 0 0 0 0 0 0 0 
66 6 0 0 0 0 0 0 0 0 0 0 0 
67 6 0 0 0 0 0 0 0 0 0 0 0 
68 6 0 0 0 0 0 0 0 0 0 0 0 
69 6 0 0 0 0 0 0 0 0 0 0 0 
70 6 0 0 0 0 0 0 0 0 0 0 0 
71 6 1 0 0 0 0 0 0 0 0 0 0 
72 6 2 0 0 0 0 0 0 0 0 0 0 
73 6 -1 0 4 18 27 27 55 34 8 32 -486 
74 6 5 0 0 0 0 0 0 0 0 0 0 
75 6 0 0 0 0 0 0 0 0 0 0 0 
76 6 0 0 0 0 0 0 0 0 0 0 0 
77 6 0 0 0 0 0 0 0 0 0 0 0 
78 6 0 0 0 0 0 0 0 0 0 0 0 
79 6 0 0 0 0 0 0 0 0 0 0 0 
80 6 0 0 0 0 0 0 0 0 0 0 0 
81 6 0 0 0 0 0 0 0 0 0 0 0 
82 6 0 0 0 0 0 0 0 0 0 0 0 
83 6 0 0 0 0 0 0 0 0 0 0 0 
84 6 0 0 0 0 0 0 0 0 0 0 0 
85 6 0 0 0 0 0 0 0 0 0 0 0 
86 6 0 0 0 0 0 0 0 0 0 0 0 
87 6 0 0 0 0 0 0 0 0 0 0 0 
88 6 0 0 0 0 0 0 0 0 0 0 0 
89 6 0 0 0 0 0 0 0 0 0 0 0 
90 6 0 0 0 0 0 0 0 0 0 0 0 
91 6 0 0 0 0 0 0 0 0 0 0 0 
92 6 0 0 0 0 0 0 0 0 0 0 0 
93 6 0 0 0 0 0 0 0 0 0 0 0 
94 6 0 0 0 0 0 0 0 0 0 0 0 
95 6 -1 21 3 15 19 49 59 4 2 32 -281 
96 6 -1 3 12 0 0 53 13 0 0 5 -5 
97 6 -1 41 31 0 0 61 55 0 0 17 -28 
98 6 -1 11 6 0 0 22 33 0 0 15 -58 
99 6 36 0 0 0 0 0 0 0 0 0 0 
100 6 37 0 0 0 0 0 0 0 0 0 0 
101 6 -1 26 4 20 30 61 42 2 4 32 -94 
102 6 -1 3 13 0 0 17 10 0 0 7 26 
103 6 -1 13 22 3 30 47 59 7 3 32 -584 
104 6 -1 28 5 27 30 55 40 7 20 32 12565 
105 6 48 0 0 0 0 0 0 0 0 0 0 
106 6 -1 38 17 0 0 1 39 0 0 1 36 
107 6 0 0 0 0 0 0 0 0 0 0 0 
108 6 0 0 0 0 0 0 0 0 0 0 0 
109 6 55 0 0 0 0 0 0 0 0 0 0 
110 6 56 0 0 0 0 0 0 0 0 0 0 
111 6 0 0 0 0 0 0 0 0 0 0 0 
112 6 0 0 0 0 0 0 0 0 0 0 0 
113 6 0 0 0 0 0 0 0 0 0 0 0 
114 6 0 0 0 0 0 0 0 0 0 0 0 
115 6 0 0 0 0 0 0 0 0 0 0 0 
116 6 0 0 0 0 0 0 0 0 0 0 0 
117 6 -1 32 45 0 0 8 53 0 0 0 43 
118 6 -1 11 13 27 4 58 21 2 35 32 -13 
119 6 -1 51 34 0 0 57 63 0 0 1 9 
120 6 71 0 0 0 0 0 0 0 0 0 0 
121 6 -1 19 57 0 0 4 54 0 0 16 -27 
122 6 -1 21 7 0 0 2 47 0 0 16 -51 
123 6 -1 17 15 0 0 46 61 0 0 18 29 
124 6 91 0 0 0 0 0 0 0 0 0 0 
125 6 -1 4 23 0 0 54 26 0 0 0 43 
126 6 -1 6 3 0 0 43 42 0 0 2 -8 
127 7 0 0 0 0 0 0 0 0 0 0 0 
128 7 0 0 0 0 0 0 0 0 0 0 0 
129 7 0 0 0 0 0 0 0 0 0 0 0 
130 7 0 0 0 0 0 0 0 0 0 0 0 
131 7 0 0 0 0 0 0 0 0 0 0 0 
132 7 0 0 0 0 0 0 0 0 0 0 0 
133 7 0 0 0 0 0 0 0 0 0 0 0 
134 7 0 0 0 0 0 0 0 0 0 0 0 
135 7 0 0 0 0 0 0 0 0 0 0 0 
136 7 0 0 0 0 0 0 0 0 0 0 0 
137 7 0 0 0 0 0 0 0 0 0 0 0 
138 7 0 0 0 0 0 0 0 0 0 0 0 
139 7 0 0 0 0 0 0 0 0 0 0 0 
140 7 0 0 0 0 0 0 0 0 0 0 0 
141 7 0 0 0 0 0 0 0 0 0 0 0 
142 7 0 0 0 0 0 0 0 0 0 0 0 
143 7 0 0 0 0 0 0 0 0 0 0 0 
144 7 0 0 0 0 0 0 0 0 0 0 0 
145 7 0 0 0 0 0 0 0 0 0 0 0 
146 7 0 0 0 0 0 0 0 0 0 0 0 
147 7 3 0 0 0 0 0 0 0 0 0 0 
148 7 4 0 0 0 0 0 0 0 0 0 0 
149 7 0 0 0 0 0 0 0 0 0 0 0 
150 7 0 0 0 0 0 0 0 0 0 0 0 
151 7 0 0 0 0 0 0 0 0 0 0 0 
152 7 0 0 0 0 0 0 0 0 0 0 0 
153 7 0 0 0 0 0 0 0 0 0 0 0 
154 7 0 0 0 0 0 0 0 0 0 0 0 
155 7 0 0 0 0 0 0 0 0 0 0 0 
156 7 0 0 0 0 0 0 0 0 0 0 0 
157 7 0 0 0 0 0 0 0 0 0 0 0 
158 7 0 0 0 0 0 0 0 0 0 0 0 
159 7 0 0 0 0 0 0 0 0 0 0 0 
160 7 0 0 0 0 0 0 0 0 0 0 0 
161 7 0 0 0 0 0 0 0 0 0 0 0 
162 7 0 0 0 0 0 0 0 0 0 0 0 
163 7 0 0 0 0 0 0 0 0 0 0 0 
164 7 0 0 0 0 0 0 0 0 0 0 0 
165 7 0 0 0 0 0 0 0 0 0 0 0 
166 7 0 0 0 0 0 0 0 0 0 0 0 
167 7 0 0 0 0 0 0 0 0 0 0 0 
168 7 0 0 0 0 0 0 0 0 0 0 0 
169 7 0 0 0 0 0 0 0 0 0 0 0 
170 7 0 0 0 0 0 0 0 0 0 0 0 
171 7 0 0 0 0 0 0 0 0 0 0 0 
172 7 0 0 0 0 0 0 0 0 0 0 0 
173 7 0 0 0 0 0 0 0 0 0 0 0 
174 7 0 0 0 0 0 0 0 0 0 0 0 
175 7 0 0 0 0 0 0 0 0 0 0 0 
176 7 0 0 0 0 0 0 0 0 0 0 0 
177 7 0 0 0 0 0 0 0 0 0 0 0 
178 7 0 0 0 0 0 0 0 0 0 0 0 
179 7 0 0 0 0 0 0 0 0 0 0 0 
180 7 0 0 0 0 0 0 0 0 0 0 0 
181 7 0 0 0 0 0 0 0 0 0 0 0 
182 7 0 0 0 0 0 0 0 0 0 0 0 
183 7 0 0 0 0 0 0 0 0 0 0 0 
184 7 0 0 0 0 0 0 0 0 0 0 0 
185 7 0 0 0 0 0 0 0 0 0 0 0 
186 7 0 0 0 0 0 0 0 0 0 0 0 
187 7 0 0 0 0 0 0 0 0 0 0 0 
188 7 0 0 0 0 0 0 0 0 0 0 0 
189 7 0 0 0 0 0 0 0 0 0 0 0 
190 7 0 0 0 0 0 0 0 0 0 0 0 
191 7 -1 36 6 0 0 33 34 0 0 6 -57 
192 7 -1 7 18 1 11 58 50 4 11 32 -724 
193 7 20 0 0 0 0 0 0 0 0 0 0 
194 7 21 0 0 0 0 0 0 0 0 0 0 
195 7 -1 55 22 0 0 47 59 0 0 1 5 
196 7 -1 49 29 0 0 49 6 0 0 4 42 
197 7 -1 7 40 0 0 1 18 0 0 17 -21 
198 7 -1 55 38 0 0 23 46 0 0 18 3 
199 7 0 0 0 0 0 0 0 0 0 0 0 
200 7 0 0 0 0 0 0 0 0 0 0 0 
201 7 0 0 0 0 0 0 0 0 0 0 0 
202 7 0 0 0 0 0 0 0 0 0 0 0 
203 7 38 0 0 0 0 0 0 0 0 0 0 
204 7 -1 17 23 0 0 39 46 0 0 5 -18 
205 7 42 0 0 0 0 0 0 0 0 0 0 
206 7 43 0 0 0 0 0 0 0 0 0 0 
207 7 44 0 0 0 0 0 0 0 0 0 0 
208 7 45 0 0 0 0 0 0 0 0 0 0 
209 7 46 0 0 0 0 0 0 0 0 0 0 
210 7 47 0 0 0 0 0 0 0 0 0 0 
211 7 0 0 0 0 0 0 0 0 0 0 0 
212 7 0 0 0 0 0 0 0 0 0 0 0 
213 7 -1 50 16 0 0 4 58 0 0 0 13 
214 7 53 0 0 0 0 0 0 0 0 0 0 
215 7 0 0 0 0 0 0 0 0 0 0 0 
216 7 0 0 0 0 0 0 0 0 0 0 0 
217 7 0 0 0 0 0 0 0 0 0 0 0 
218 7 0 0 0 0 0 0 0 0 0 0 0 
219 7 0 0 0 0 0 0 0 0 0 0 0 
220 7 0 0 0 0 0 0 0 0 0 0 0 
221 7 0 0 0 0 0 0 0 0 0 0 0 
222 7 0 0 0 0 0 0 0 0 0 0 0 
223 7 0 0 0 0 0 0 0 0 0 0 0 
224 7 0 0 0 0 0 0 0 0 0 0 0 
225 7 0 0 0 0 0 0 0 0 0 0 0 
226 7 0 0 0 0 0 0 0 0 0 0 0 
227 7 0 0 0 0 0 0 0 0 0 0 0 
228 7 0 0 0 0 0 0 0 0 0 0 0 
229 7 0 0 0 0 0 0 0 0 0 0 0 
230 7 0 0 0 0 0 0 0 0 0 0 0 
231 7 0 0 0 0 0 0 0 0 0 0 0 
232 7 0 0 0 0 0 0 0 0 0 0 0 
233 7 0 0 0 0 0 0 0 0 0 0 0 
234 7 0 0 0 0 0 0 0 0 0 0 0 
235 7 -1 40 18 0 0 7 54 0 0 17 6 
236 7 61 0 0 0 0 0 0 0 0 0 0 
237 7 62 0 0 0 0 0 0 0 0 0 0 
238 7 -1 26 38 0 0 61 5 0 0 0 -16 
239 7 69 0 0 0 0 0 0 0 0 0 0 
240 7 70 0 0 0 0 0 0 0 0 0 0 
241 7 0 0 0 0 0 0 0 0 0 0 0 
242 7 0 0 0 0 0 0 0 0 0 0 0 
243 7 -1 34 48 0 0 2 26 0 0 2 5 
244 7 -1 4 7 0 0 31 55 0 0 6 -29 
245 7 -1 54 41 0 0 37 56 0 0 5 -16 
246 7 80 0 0 0 0 0 0 0 0 0 0 
247 7 -1 30 63 0 0 2 42 0 0 17 -26 
248 7 -1 13 36 0 0 47 37 0 0 7 -7 
249 7 0 0 0 0 0 0 0 0 0 0 0 
250 7 0 0 0 0 0 0 0 0 0 0 0 
251 7 -1 25 8 16 1 53 25 5 18 32 -233 
252 7 -1 30 49 0 0 12 9 0 0 6 9 
253 7 -1 38 4 0 0 3 8 0 0 1 -3 
254 7 -1 58 42 0 0 60 7 0 0 7 85 
255 8 0 0 0 0 0 0 0 0 0 0 0 
256 8 0 0 0 0 0 0 0 0 0 0 0 
257 8 0 0 0 0 0 0 0 0 0 0 0 
258 8 0 0 0 0 0 0 0 0 0 0 0 
259 8 0 0 0 0 0 0 0 0 0 0 0 
260 8 0 0 0 0 0 0 0 0 0 0 0 
261 8 0 0 0 0 0 0 0 0 0 0 0 
262 8 0 0 0 0 0 0 0 0 0 0 0 
263 8 0 0 0 0 0 0 0 0 0 0 0 
264 8 0 0 0 0 0 0 0 0 0 0 0 
265 8 0 0 0 0 0 0 0 0 0 0 0 
266 8 0 0 0 0 0 0 0 0 0 0 0 
267 8 0 0 0 0 0 0 0 0 0 0 0 
268 8 0 0 0 0 0 0 0 0 0 0 0 
269 8 0 0 0 0 0 0 0 0 0 0 0 
270 8 0 0 0 0 0 0 0 0 0 0 0 
271 8 0 0 0 0 0 0 0 0 0 0 0 
272 8 0 0 0 0 0 0 0 0 0 0 0 
273 8 0 0 0 0 0 0 0 0 0 0 0 
274 8 0 0 0 0 0 0 0 0 0 0 0 
275 8 0 0 0 0 0 0 0 0 0 0 0 
276 8 0 0 0 0 0 0 0 0 0 0 0 
277 8 0 0 0 0 0 0 0 0 0 0 0 
278 8 0 0 0 0 0 0 0 0 0 0 0 
279 8 0 0 0 0 0 0 0 0 0 0 0 
280 8 0 0 0 0 0 0 0 0 0 0 0 
281 8 0 0 0 0 0 0 0 0 0 0 0 
282 8 0 0 0 0 0 0 0 0 0 0 0 
283 8 0 0 0 0 0 0 0 0 0 0 0 
284 8 0 0 0 0 0 0 0 0 0 0 0 
285 8 0 0 0 0 0 0 0 0 0 0 0 
286 8 0 0 0 0 0 0 0 0 0 0 0 
287 8 0 0 0 0 0 0 0 0 0 0 0 
288 8 0 0 0 0 0 0 0 0 0 0 0 
289 8 0 0 0 0 0 0 0 0 0 0 0 
290 8 0 0 0 0 0 0 0 0 0 0 0 
291 8 0 0 0 0 0 0 0 0 0 0 0 
292 8 0 0 0 0 0 0 0 0 0 0 0 
293 8 0 0 0 0 0 0 0 0 0 0 0 
294 8 0 0 0 0 0 0 0 0 0 0 0 
295 8 0 0 0 0 0 0 0 0 0 0 0 
296 8 0 0 0 0 0 0 0 0 0 0 0 
297 8 0 0 0 0 0 0 0 0 0 0 0 
298 8 0 0 0 0 0 0 0 0 0 0 0 
299 8 0 0 0 0 0 0 0 0 0 0 0 
300 8 0 0 0 0 0 0 0 0 0 0 0 
301 8 0 0 0 0 0 0 0 0 0 0 0 
302 8 0 0 0 0 0 0 0 0 0 0 0 
303 8 0 0 0 0 0 0 0 0 0 0 0 
304 8 0 0 0 0 0 0 0 0 0 0 0 
305 8 0 0 0 0 0 0 0 0 0 0 0 
306 8 0 0 0 0 0 0 0 0 0 0 0 
307 8 0 0 0 0 0 0 0 0 0 0 0 
308 8 0 0 0 0 0 0 0 0 0 0 0 
309 8 0 0 0 0 0 0 0 0 0 0 0 
310 8 0 0 0 0 0 0 0 0 0 0 0 
311 8 0 0 0 0 0 0 0 0 0 0 0 
312 8 0 0 0 0 0 0 0 0 0 0 0 
313 8 0 0 0 0 0 0 0 0 0 0 0 
314 8 0 0 0 0 0 0 0 0 0 0 0 
315 8 0 0 0 0 0 0 0 0 0 0 0 
316 8 0 0 0 0 0 0 0 0 0 0 0 
317 8 0 0 0 0 0 0 0 0 0 0 0 
318 8 0 0 0 0 0 0 0 0 0 0 0 
319 8 0 0 0 0 0 0 0 0 0 0 0 
320 8 0 0 0 0 0 0 0 0 0 0 0 
321 8 0 0 0 0 0 0 0 0 0 0 0 
322 8 0 0 0 0 0 0 0 0 0 0 0 
323 8 0 0 0 0 0 0 0 0 0 0 0 
324 8 0 0 0 0 0 0 0 0 0 0 0 
325 8 0 0 0 0 0 0 0 0 0 0 0 
326 8 0 0 0 0 0 0 0 0 0 0 0 
327 8 0 0 0 0 0 0 0 0 0 0 0 
328 8 0 0 0 0 0 0 0 0 0 0 0 
329 8 0 0 0 0 0 0 0 0 0 0 0 
330 8 0 0 0 0 0 0 0 0 0 0 0 
331 8 0 0 0 0 0 0 0 0 0 0 0 
332 8 0 0 0 0 0 0 0 0 0 0 0 
333 8 0 0 0 0 0 0 0 0 0 0 0 
334 8 0 0 0 0 0 0 0 0 0 0 0 
335 8 0 0 0 0 0 0 0 0 0 0 0 
336 8 0 0 0 0 0 0 0 0 0 0 0 
337 8 0 0 0 0 0 0 0 0 0 0 0 
338 8 0 0 0 0 0 0 0 0 0 0 0 
339 8 0 0 0 0 0 0 0 0 0 0 0 
340 8 0 0 0 0 0 0 0 0 0 0 0 
341 8 0 0 0 0 0 0 0 0 0 0 0 
342 8 0 0 0 0 0 0 0 0 0 0 0 
343 8 0 0 0 0 0 0 0 0 0 0 0 
344 8 0 0 0 0 0 0 0 0 0 0 0 
345 8 0 0 0 0 0 0 0 0 0 0 0 
346 8 0 0 0 0 0 0 0 0 0 0 0 
347 8 0 0 0 0 0 0 0 0 0 0 0 
348 8 0 0 0 0 0 0 0 0 0 0 0 
349 8 0 0 0 0 0 0 0 0 0 0 0 
350 8 0 0 0 0 0 0 0 0 0 0 0 
351 8 0 0 0 0 0 0 0 0 0 0 0 
352 8 0 0 0 0 0 0 0 0 0 0 0 
353 8 0 0 0 0 0 0 0 0 0 0 0 
354 8 0 0 0 0 0 0 0 0 0 0 0 
355 8 0 0 0 0 0 0 0 0 0 0 0 
356 8 0 0 0 0 0 0 0 0 0 0 0 
357 8 0 0 0 0 0 0 0 0 0 0 0 
358 8 0 0 0 0 0 0 0 0 0 0 0 
359 8 0 0 0 0 0 0 0 0 0 0 0 
360 8 0 0 0 0 0 0 0 0 0 0 0 
361 8 0 0 0 0 0 0 0 0 0 0 0 
362 8 0 0 0 0 0 0 0 0 0 0 0 
363 8 0 0 0 0 0 0 0 0 0 0 0 
364 8 0 0 0 0 0 0 0 0 0 0 0 
365 8 0 0 0 0 0 0 0 0 0 0 0 
366 8 0 0 0 0 0 0 0 0 0 0 0 
367 8 0 0 0 0 0 0 0 0 0 0 0 
368 8 0 0 0 0 0 0 0 0 0 0 0 
369 8 0 0 0 0 0 0 0 0 0 0 0 
370 8 0 0 0 0 0 0 0 0 0 0 0 
371 8 0 0 0 0 0 0 0 0 0 0 0 
372 8 0 0 0 0 0 0 0 0 0 0 0 
373 8 0 0 0 0 0 0 0 0 0 0 0 
374 8 0 0 0 0 0 0 0 0 0 0 0 
375 8 0 0 0 0 0 0 0 0 0 0 0 
376 8 0 0 0 0 0 0 0 0 0 0 0 
377 8 0 0 0 0 0 0 0 0 0 0 0 
378 8 0 0 0 0 0 0 0 0 0 0 0 
379 8 0 0 0 0 0 0 0 0 0 0 0 
380 8 0 0 0 0 0 0 0 0 0 0 0 
381 8 0 0 0 0 0 0 0 0 0 0 0 
382 8 0 0 0 0 0 0 0 0 0 0 0 
383 8 14 0 0 0 0 0 0 0 0 0 0 
384 8 15 0 0 0 0 0 0 0 0 0 0 
385 8 -1 53 10 0 0 25 20 0 0 5 -1 
386 8 19 0 0 0 0 0 0 0 0 0 0 
387 8 0 0 0 0 0 0 0 0 0 0 0 
388 8 0 0 0 0 0 0 0 0 0 0 0 
389 8 0 0 0 0 0 0 0 0 0 0 0 
390 8 0 0 0 0 0 0 0 0 0 0 0 
391 8 22 0 0 0 0 0 0 0 0 0 0 
392 8 23 0 0 0 0 0 0 0 0 0 0 
393 8 -1 22 13 26 15 60 40 3 19 32 -2616 
394 8 -1 58 42 0 0 34 57 0 0 3 -4 
395 8 31 0 0 0 0 0 0 0 0 0 0 
396 8 -1 56 10 0 0 23 26 0 0 18 32 
397 8 34 0 0 0 0 0 0 0 0 0 0 
398 8 35 0 0 0 0 0 0 0 0 0 0 
399 8 0 0 0 0 0 0 0 0 0 0 0 
400 8 0 0 0 0 0 0 0 0 0 0 0 
401 8 0 0 0 0 0 0 0 0 0 0 0 
402 8 0 0 0 0 0 0 0 0 0 0 0 
403 8 0 0 0 0 0 0 0 0 0 0 0 
404 8 0 0 0 0 0 0 0 0 0 0 0 
405 8 0 0 0 0 0 0 0 0 0 0 0 
406 8 0 0 0 0 0 0 0 0 0 0 0 
407 8 0 0 0 0 0 0 0 0 0 0 0 
408 8 0 0 0 0 0 0 0 0 0 0 0 
409 8 39 0 0 0 0 0 0 0 0 0 0 
410 8 -1 15 10 0 0 59 5 0 0 2 11 
411 8 0 0 0 0 0 0 0 0 0 0 0 
412 8 0 0 0 0 0 0 0 0 0 0 0 
413 8 0 0 0 0 0 0 0 0 0 0 0 
414 8 0 0 0 0 0 0 0 0 0 0 0 
415 8 0 0 0 0 0 0 0 0 0 0 0 
416 8 0 0 0 0 0 0 0 0 0 0 0 
417 8 0 0 0 0 0 0 0 0 0 0 0 
418 8 0 0 0 0 0 0 0 0 0 0 0 
419 8 0 0 0 0 0 0 0 0 0 0 0 
420 8 0 0 0 0 0 0 0 0 0 0 0 
421 8 0 0 0 0 0 0 0 0 0 0 0 
422 8 0 0 0 0 0 0 0 0 0 0 0 
423 8 0 0 0 0 0 0 0 0 0 0 0 
424 8 0 0 0 0 0 0 0 0 0 0 0 
425 8 0 0 0 0 0 0 0 0 0 0 0 
426 8 0 0 0 0 0 0 0 0 0 0 0 
427 8 49 0 0 0 0 0 0 0 0 0 0 
428 8 -1 12 32 0 0 50 17 0 0 16 -70 
429 8 0 0 0 0 0 0 0 0 0 0 0 
430 8 0 0 0 0 0 0 0 0 0 0 0 
431 8 0 0 0 0 0 0 0 0 0 0 0 
432 8 0 0 0 0 0 0 0 0 0 0 0 
433 8 0 0 0 0 0 0 0 0 0 0 0 
434 8 0 0 0 0 0 0 0 0 0 0 0 
435 8 0 0 0 0 0 0 0 0 0 0 0 
436 8 0 0 0 0 0 0 0 0 0 0 0 
437 8 0 0 0 0 0 0 0 0 0 0 0 
438 8 0 0 0 0 0 0 0 0 0 0 0 
439 8 0 0 0 0 0 0 0 0 0 0 0 
440 8 0 0 0 0 0 0 0 0 0 0 0 
441 8 0 0 0 0 0 0 0 0 0 0 0 
442 8 0 0 0 0 0 0 0 0 0 0 0 
443 8 0 0 0 0 0 0 0 0 0 0 0 
444 8 0 0 0 0 0 0 0 0 0 0 0 
445 8 0 0 0 0 0 0 0 0 0 0 0 
446 8 0 0 0 0 0 0 0 0 0 0 0 
447 8 0 0 0 0 0 0 0 0 0 0 0 
448 8 0 0 0 0 0 0 0 0 0 0 0 
449 8 0 0 0 0 0 0 0 0 0 0 0 
450 8 0 0 0 0 0 0 0 0 0 0 0 
451 8 0 0 0 0 0 0 0 0 0 0 0 
452 8 0 0 0 0 0 0 0 0 0 0 0 
453 8 0 0 0 0 0 0 0 0 0 0 0 
454 8 0 0 0 0 0 0 0 0 0 0 0 
455 8 0 0 0 0 0 0 0 0 0 0 0 
456 8 0 0 0 0 0 0 0 0 0 0 0 
457 8 0 0 0 0 0 0 0 0 0 0 0 
458 8 0 0 0 0 0 0 0 0 0 0 0 
459 8 0 0 0 0 0 0 0 0 0 0 0 
460 8 0 0 0 0 0 0 0 0 0 0 0 
461 8 0 0 0 0 0 0 0 0 0 0 0 
462 8 0 0 0 0 0 0 0 0 0 0 0 
463 8 0 0 0 0 0 0 0 0 0 0 0 
464 8 0 0 0 0 0 0 0 0 0 0 0 
465 8 0 0 0 0 0 0 0 0 0 0 0 
466 8 0 0 0 0 0 0 0 0 0 0 0 
467 8 0 0 0 0 0 0 0 0 0 0 0 
468 8 0 0 0 0 0 0 0 0 0 0 0 
469 8 0 0 0 0 0 0 0 0 0 0 0 
470 8 0 0 0 0 0 0 0 0 0 0 0 
471 8 59 0 0 0 0 0 0 0 0 0 0 
472 8 60 0 0 0 0 0 0 0 0 0 0 
473 8 0 0 0 0 0 0 0 0 0 0 0 
474 8 0 0 0 0 0 0 0 0 0 0 0 
475 8 0 0 0 0 0 0 0 0 0 0 0 
476 8 0 0 0 0 0 0 0 0 0 0 0 
477 8 -1 48 14 0 0 46 59 0 0 3 -2 
478 8 -1 29 51 0 0 56 55 0 0 18 -3 
479 8 0 0 0 0 0 0 0 0 0 0 0 
480 8 0 0 0 0 0 0 0 0 0 0 0 
481 8 0 0 0 0 0 0 0 0 0 0 0 
482 8 0 0 0 0 0 0 0 0 0 0 0 
483 8 0 0 0 0 0 0 0 0 0 0 0 
484 8 0 0 0 0 0 0 0 0 0 0 0 
485 8 0 0 0 0 0 0 0 0 0 0 0 
486 8 0 0 0 0 0 0 0 0 0 0 0 
487 8 72 0 0 0 0 0 0 0 0 0 0 
488 8 -1 46 49 0 0 29 9 0 0 18 4 
489 8 75 0 0 0 0 0 0 0 0 0 0 
490 8 76 0 0 0 0 0 0 0 0 0 0 
491 8 77 0 0 0 0 0 0 0 0 0 0 
492 8 -1 27 39 0 0 51 55 0 0 7 81 
493 8 0 0 0 0 0 0 0 0 0 0 0 
494 8 0 0 0 0 0 0 0 0 0 0 0 
495 8 -1 31 40 0 0 6 38 0 0 18 -11 
496 8 -1 16 6 0 0 48 38 0 0 15 -34 
497 8 -1 55 58 0 0 18 53 0 0 17 -14 
498 8 90 0 0 0 0 0 0 0 0 0 0 
499 8 0 0 0 0 0 0 0 0 0 0 0 
500 8 0 0 0 0 0 0 0 0 0 0 0 
501 8 0 0 0 0 0 0 0 0 0 0 0 
502 8 0 0 0 0 0 0 0 0 0 0 0 
503 8 -1 20 19 0 8 32 29 7 10 32 -2658 
504 8 -1 1 9 0 0 60 49 0 0 6 -4 
505 8 -1 44 16 0 0 38 53 0 0 2 8 
506 8 -1 47 36 0 0 54 21 0 0 10 44 
507 8 -1 35 12 0 0 23 20 0 0 15 -66 
508 8 -1 56 15 0 0 45 37 0 0 8 92 
509 8 -1 17 45 0 0 2 2 0 0 18 -7 
510 8 -1 34 19 0 0 43 24 0 0 7 12 
511 9 0 0 0 0 0 0 0 0 0 0 0 
512 9 0 0 0 0 0 0 0 0 0 0 0 
513 9 0 0 0 0 0 0 0 0 0 0 0 
514 9 0 0 0 0 0 0 0 0 0 0 0 
515 9 0 0 0 0 0 0 0 0 0 0 0 
516 9 0 0 0 0 0 0 0 0 0 0 0 
517 9 0 0 0 0 0 0 0 0 0 0 0 
518 9 0 0 0 0 0 0 0 0 0 0 0 
519 9 0 0 0 0 0 0 0 0 0 0 0 
520 9 0 0 0 0 0 0 0 0 0 0 0 
521 9 0 0 0 0 0 0 0 0 0 0 0 
522 9 0 0 0 0 0 0 0 0 0 0 0 
523 9 0 0 0 0 0 0 0 0 0 0 0 
524 9 0 0 0 0 0 0 0 0 0 0 0 
525 9 0 0 0 0 0 0 0 0 0 0 0 
526 9 0 0 0 0 0 0 0 0 0 0 0 
527 9 0 0 0 0 0 0 0 0 0 0 0 
528 9 0 0 0 0 0 0 0 0 0 0 0 
529 9 0 0 0 0 0 0 0 0 0 0 0 
530 9 0 0 0 0 0 0 0 0 0 0 0 
531 9 0 0 0 0 0 0 0 0 0 0 0 
532 9 0 0 0 0 0 0 0 0 0 0 0 
533 9 0 0 0 0 0 0 0 0 0 0 0 
534 9 0 0 0 0 0 0 0 0 0 0 0 
535 9 0 0 0 0 0 0 0 0 0 0 0 
536 9 0 0 0 0 0 0 0 0 0 0 0 
537 9 0 0 0 0 0 0 0 0 0 0 0 
538 9 0 0 0 0 0 0 0 0 0 0 0 
539 9 0 0 0 0 0 0 0 0 0 0 0 
540 9 0 0 0 0 0 0 0 0 0 0 0 
541 9 0 0 0 0 0 0 0 0 0 0 0 
542 9 0 0 0 0 0 0 0 0 0 0 0 
543 9 0 0 0 0 0 0 0 0 0 0 0 
544 9 0 0 0 0 0 0 0 0 0 0 0 
545 9 0 0 0 0 0 0 0 0 0 0 0 
546 9 0 0 0 0 0 0 0 0 0 0 0 
547 9 0 0 0 0 0 0 0 0 0 0 0 
548 9 0 0 0 0 0 0 0 0 0 0 0 
549 9 0 0 0 0 0 0 0 0 0 0 0 
550 9 0 0 0 0 0 0 0 0 0 0 0 
551 9 0 0 0 0 0 0 0 0 0 0 0 
552 9 0 0 0 0 0 0 0 0 0 0 0 
553 9 0 0 0 0 0 0 0 0 0 0 0 
554 9 0 0 0 0 0 0 0 0 0 0 0 
555 9 0 0 0 0 0 0 0 0 0 0 0 
556 9 0 0 0 0 0 0 0 0 0 0 0 
557 9 0 0 0 0 0 0 0 0 0 0 0 
558 9 0 0 0 0 0 0 0 0 0 0 0 
559 9 0 0 0 0 0 0 0 0 0 0 0 
560 9 0 0 0 0 0 0 0 0 0 0 0 
561 9 0 0 0 0 0 0 0 0 0 0 0 
562 9 0 0 0 0 0 0 0 0 0 0 0 
563 9 0 0 0 0 0 0 0 0 0 0 0 
564 9 0 0 0 0 0 0 0 0 0 0 0 
565 9 0 0 0 0 0 0 0 0 0 0 0 
566 9 0 0 0 0 0 0 0 0 0 0 0 
567 9 0 0 0 0 0 0 0 0 0 0 0 
568 9 0 0 0 0 0 0 0 0 0 0 0 
569 9 0 0 0 0 0 0 0 0 0 0 0 
570 9 0 0 0 0 0 0 0 0 0 0 0 
571 9 0 0 0 0 0 0 0 0 0 0 0 
572 9 0 0 0 0 0 0 0 0 0 0 0 
573 9 0 0 0 0 0 0 0 0 0 0 0 
574 9 0 0 0 0 0 0 0 0 0 0 0 
575 9 0 0 0 0 0 0 0 0 0 0 0 
576 9 0 0 0 0 0 0 0 0 0 0 0 
577 9 0 0 0 0 0 0 0 0 0 0 0 
578 9 0 0 0 0 0 0 0 0 0 0 0 
579 9 0 0 0 0 0 0 0 0 0 0 0 
580 9 0 0 0 0 0 0 0 0 0 0 0 
581 9 0 0 0 0 0 0 0 0 0 0 0 
582 9 0 0 0 0 0 0 0 0 0 0 0 
583 9 0 0 0 0 0 0 0 0 0 0 0 
584 9 0 0 0 0 0 0 0 0 0 0 0 
585 9 0 0 0 0 0 0 0 0 0 0 0 
586 9 0 0 0 0 0 0 0 0 0 0 0 
587 9 0 0 0 0 0 0 0 0 0 0 0 
588 9 0 0 0 0 0 0 0 0 0 0 0 
589 9 0 0 0 0 0 0 0 0 0 0 0 
590 9 0 0 0 0 0 0 0 0 0 0 0 
591 9 0 0 0 0 0 0 0 0 0 0 0 
592 9 0 0 0 0 0 0 0 0 0 0 0 
593 9 0 0 0 0 0 0 0 0 0 0 0 
594 9 0 0 0 0 0 0 0 0 0 0 0 
595 9 0 0 0 0 0 0 0 0 0 0 0 
596 9 0 0 0 0 0 0 0 0 0 0 0 
597 9 0 0 0 0 0 0 0 0 0 0 0 
598 9 0 0 0 0 0 0 0 0 0 0 0 
599 9 0 0 0 0 0 0 0 0 0 0 0 
600 9 0 0 0 0 0 0 0 0 0 0 0 
601 9 0 0 0 0 0 0 0 0 0 0 0 
602 9 0 0 0 0 0 0 0 0 0 0 0 
603 9 0 0 0 0 0 0 0 0 0 0 0 
604 9 0 0 0 0 0 0 0 0 0 0 0 
605 9 0 0 0 0 0 0 0 0 0 0 0 
606 9 0 0 0 0 0 0 0 0 0 0 0 
607 9 0 0 0 0 0 0 0 0 0 0 0 
608 9 0 0 0 0 0 0 0 0 0 0 0 
609 9 0 0 0 0 0 0 0 0 0 0 0 
610 9 0 0 0 0 0 0 0 0 0 0 0 
611 9 0 0 0 0 0 0 0 0 0 0 0 
612 9 0 0 0 0 0 0 0 0 0 0 0 
613 9 0 0 0 0 0 0 0 0 0 0 0 
614 9 0 0 0 0 0 0 0 0 0 0 0 
615 9 0 0 0 0 0 0 0 0 0 0 0 
616 9 0 0 0 0 0 0 0 0 0 0 0 
617 9 0 0 0 0 0 0 0 0 0 0 0 
618 9 0 0 0 0 0 0 0 0 0 0 0 
619 9 0 0 0 0 0 0 0 0 0 0 0 
620 9 0 0 0 0 0 0 0 0 0 0 0 
621 9 0 0 0 0 0 0 0 0 0 0 0 
622 9 0 0 0 0 0 0 0 0 0 0 0 
623 9 0 0 0 0 0 0 0 0 0 0 0 
624 9 0 0 0 0 0 0 0 0 0 0 0 
625 9 0 0 0 0 0 0 0 0 0 0 0 
626 9 0 0 0 0 0 0 0 0 0 0 0 
627 9 0 0 0 0 0 0 0 0 0 0 0 
628 9 0 0 0 0 0 0 0 0 0 0 0 
629 9 0 0 0 0 0 0 0 0 0 0 0 
630 9 0 0 0 0 0 0 0 0 0 0 0 
631 9 0 0 0 0 0 0 0 0 0 0 0 
632 9 0 0 0 0 0 0 0 0 0 0 0 
633 9 0 0 0 0 0 0 0 0 0 0 0 
634 9 0 0 0 0 0 0 0 0 0 0 0 
635 9 0 0 0 0 0 0 0 0 0 0 0 
636 9 0 0 0 0 0 0 0 0 0 0 0 
637 9 0 0 0 0 0 0 0 0 0 0 0 
638 9 0 0 0 0 0 0 0 0 0 0 0 
639 9 0 0 0 0 0 0 0 0 0 0 0 
640 9 0 0 0 0 0 0 0 0 0 0 0 
641 9 0 0 0 0 0 0 0 0 0 0 0 
642 9 0 0 0 0 0 0 0 0 0 0 0 
643 9 0 0 0 0 0 0 0 0 0 0 0 
644 9 0 0 0 0 0 0 0 0 0 0 0 
645 9 0 0 0 0 0 0 0 0 0 0 0 
646 9 0 0 0 0 0 0 0 0 0 0 0 
647 9 0 0 0 0 0 0 0 0 0 0 0 
648 9 0 0 0 0 0 0 0 0 0 0 0 
649 9 0 0 0 0 0 0 0 0 0 0 0 
650 9 0 0 0 0 0 0 0 0 0 0 0 
651 9 0 0 0 0 0 0 0 0 0 0 0 
652 9 0 0 0 0 0 0 0 0 0 0 0 
653 9 0 0 0 0 0 0 0 0 0 0 0 
654 9 0 0 0 0 0 0 0 0 0 0 0 
655 9 0 0 0 0 0 0 0 0 0 0 0 
656 9 0 0 0 0 0 0 0 0 0 0 0 
657 9 0 0 0 0 0 0 0 0 0 0 0 
658 9 0 0 0 0 0 0 0 0 0 0 0 
659 9 0 0 0 0 0 0 0 0 0 0 0 
660 9 0 0 0 0 0 0 0 0 0 0 0 
661 9 0 0 0 0 0 0 0 0 0 0 0 
662 9 0 0 0 0 0 0 0 0 0 0 0 
663 9 0 0 0 0 0 0 0 0 0 0 0 
664 9 0 0 0 0 0 0 0 0 0 0 0 
665 9 0 0 0 0 0 0 0 0 0 0 0 
666 9 0 0 0 0 0 0 0 0 0 0 0 
667 9 0 0 0 0 0 0 0 0 0 0 0 
668 9 0 0 0 0 0 0 0 0 0 0 0 
669 9 0 0 0 0 0 0 0 0 0 0 0 
670 9 0 0 0 0 0 0 0 0 0 0 0 
671 9 0 0 0 0 0 0 0 0 0 0 0 
672 9 0 0 0 0 0 0 0 0 0 0 0 
673 9 0 0 0 0 0 0 0 0 0 0 0 
674 9 0 0 0 0 0 0 0 0 0 0 0 
675 9 0 0 0 0 0 0 0 0 0 0 0 
676 9 0 0 0 0 0 0 0 0 0 0 0 
677 9 0 0 0 0 0 0 0 0 0 0 0 
678 9 0 0 0 0 0 0 0 0 0 0 0 
679 9 0 0 0 0 0 0 0 0 0 0 0 
680 9 0 0 0 0 0 0 0 0 0 0 0 
681 9 0 0 0 0 0 0 0 0 0 0 0 
682 9 0 0 0 0 0 0 0 0 0 0 0 
683 9 0 0 0 0 0 0 0 0 0 0 0 
684 9 0 0 0 0 0 0 0 0 0 0 0 
685 9 0 0 0 0 0 0 0 0 0 0 0 
686 9 0 0 0 0 0 0 0 0 0 0 0 
687 9 0 0 0 0 0 0 0 0 0 0 0 
688 9 0 0 0 0 0 0 0 0 0 0 0 
689 9 0 0 0 0 0 0 0 0 0 0 0 
690 9 0 0 0 0 0 0 0 0 0 0 0 
691 9 0 0 0 0 0 0 0 0 0 0 0 
692 9 0 0 0 0 0 0 0 0 0 0 0 
693 9 0 0 0 0 0 0 0 0 0 0 0 
694 9 0 0 0 0 0 0 0 0 0 0 0 
695 9 0 0 0 0 0 0 0 0 0 0 0 
696 9 0 0 0 0 0 0 0 0 0 0 0 
697 9 0 0 0 0 0 0 0 0 0 0 0 
698 9 0 0 0 0 0 0 0 0 0 0 0 
699 9 0 0 0 0 0 0 0 0 0 0 0 
700 9 0 0 0 0 0 0 0 0 0 0 0 
701 9 0 0 0 0 0 0 0 0 0 0 0 
702 9 0 0 0 0 0 0 0 0 0 0 0 
703 9 0 0 0 0 0 0 0 0 0 0 0 
704 9 0 0 0 0 0 0 0 0 0 0 0 
705 9 0 0 0 0 0 0 0 0 0 0 0 
706 9 0 0 0 0 0 0 0 0 0 0 0 
707 9 0 0 0 0 0 0 0 0 0 0 0 
708 9 0 0 0 0 0 0 0 0 0 0 0 
709 9 0 0 0 0 0 0 0 0 0 0 0 
710 9 0 0 0 0 0 0 0 0 0 0 0 
711 9 0 0 0 0 0 0 0 0 0 0 0 
712 9 0 0 0 0 0 0 0 0 0 0 0 
713 9 0 0 0 0 0 0 0 0 0 0 0 
714 9 0 0 0 0 0 0 0 0 0 0 0 
715 9 0 0 0 0 0 0 0 0 0 0 0 
716 9 0 0 0 0 0 0 0 0 0 0 0 
717 9 0 0 0 0 0 0 0 0 0 0 0 
718 9 0 0 0 0 0 0 0 0 0 0 0 
719 9 0 0 0 0 0 0 0 0 0 0 0 
720 9 0 0 0 0 0 0 0 0 0 0 0 
721 9 0 0 0 0 0 0 0 0 0 0 0 
722 9 0 0 0 0 0 0 0 0 0 0 0 
723 9 0 0 0 0 0 0 0 0 0 0 0 
724 9 0 0 0 0 0 0 0 0 0 0 0 
725 9 0 0 0 0 0 0 0 0 0 0 0 
726 9 0 0 0 0 0 0 0 0 0 0 0 
727 9 0 0 0 0 0 0 0 0 0 0 0 
728 9 0 0 0 0 0 0 0 0 0 0 0 
729 9 0 0 0 0 0 0 0 0 0 0 0 
730 9 0 0 0 0 0 0 0 0 0 0 0 
731 9 0 0 0 0 0 0 0 0 0 0 0 
732 9 0 0 0 0 0 0 0 0 0 0 0 
733 9 0 0 0 0 0 0 0 0 0 0 0 
734 9 0 0 0 0 0 0 0 0 0 0 0 
735 9 0 0 0 0 0 0 0 0 0 0 0 
736 9 0 0 0 0 0 0 0 0 0 0 0 
737 9 0 0 0 0 0 0 0 0 0 0 0 
738 9 0 0 0 0 0 0 0 0 0 0 0 
739 9 0 0 0 0 0 0 0 0 0 0 0 
740 9 0 0 0 0 0 0 0 0 0 0 0 
741 9 0 0 0 0 0 0 0 0 0 0 0 
742 9 0 0 0 0 0 0 0 0 0 0 0 
743 9 0 0 0 0 0 0 0 0 0 0 0 
744 9 0 0 0 0 0 0 0 0 0 0 0 
745 9 0 0 0 0 0 0 0 0 0 0 0 
746 9 0 0 0 0 0 0 0 0 0 0 0 
747 9 0 0 0 0 0 0 0 0 0 0 0 
748 9 0 0 0 0 0 0 0 0 0 0 0 
749 9 0 0 0 0 0 0 0 0 0 0 0 
750 9 0 0 0 0 0 0 0 0 0 0 0 
751 9 0 0 0 0 0 0 0 0 0 0 0 
752 9 0 0 0 0 0 0 0 0 0 0 0 
753 9 0 0 0 0 0 0 0 0 0 0 0 
754 9 0 0 0 0 0 0 0 0 0 0 0 
755 9 0 0 0 0 0 0 0 0 0 0 0 
756 9 0 0 0 0 0 0 0 0 0 0 0 
757 9 0 0 0 0 0 0 0 0 0 0 0 
758 9 0 0 0 0 0 0 0 0 0 0 0 
759 9 0 0 0 0 0 0 0 0 0 0 0 
760 9 0 0 0 0 0 0 0 0 0 0 0 
761 9 0 0 0 0 0 0 0 0 0 0 0 
762 9 0 0 0 0 0 0 0 0 0 0 0 
763 9 0 0 0 0 0 0 0 0 0 0 0 
764 9 0 0 0 0 0 0 0 0 0 0 0 
765 9 0 0 0 0 0 0 0 0 0 0 0 
766 9 0 0 0 0 0 0 0 0 0 0 0 
767 9 0 0 0 0 0 0 0 0 0 0 0 
768 9 0 0 0 0 0 0 0 0 0 0 0 
769 9 0 0 0 0 0 0 0 0 0 0 0 
770 9 0 0 0 0 0 0 0 0 0 0 0 
771 9 -1 33 25 0 0 54 6 0 0 6 153 
772 9 18 0 0 0 0 0 0 0 0 0 0 
773 9 0 0 0 0 0 0 0 0 0 0 0 
774 9 0 0 0 0 0 0 0 0 0 0 0 
775 9 0 0 0 0 0 0 0 0 0 0 0 
776 9 0 0 0 0 0 0 0 0 0 0 0 
777 9 0 0 0 0 0 0 0 0 0 0 0 
778 9 0 0 0 0 0 0 0 0 0 0 0 
779 9 0 0 0 0 0 0 0 0 0 0 0 
780 9 0 0 0 0 0 0 0 0 0 0 0 
781 9 0 0 0 0 0 0 0 0 0 0 0 
782 9 0 0 0 0 0 0 0 0 0 0 0 
783 9 0 0 0 0 0 0 0 0 0 0 0 
784 9 0 0 0 0 0 0 0 0 0 0 0 
785 9 0 0 0 0 0 0 0 0 0 0 0 
786 9 0 0 0 0 0 0 0 0 0 0 0 
787 9 -1 11 12 12 10 41 41 10 17 32 -1430 
788 9 -1 58 2 0 0 46 47 0 0 2 1 
789 9 28 0 0 0 0 0 0 0 0 0 0 
790 9 -1 46 12 0 0 17 47 0 0 0 47 
791 9 0 0 0 0 0 0 0 0 0 0 0 
792 9 0 0 0 0 0 0 0 0 0 0 0 
793 9 32 0 0 0 0 0 0 0 0 0 0 
794 9 33 0 0 0 0 0 0 0 0 0 0 
795 9 0 0 0 0 0 0 0 0 0 0 0 
796 9 0 0 0 0 0 0 0 0 0 0 0 
797 9 0 0 0 0 0 0 0 0 0 0 0 
798 9 0 0 0 0 0 0 0 0 0 0 0 
799 9 0 0 0 0 0 0 0 0 0 0 0 
800 9 0 0 0 0 0 0 0 0 0 0 0 
801 9 0 0 0 0 0 0 0 0 0 0 0 
802 9 0 0 0 0 0 0 0 0 0 0 0 
803 9 0 0 0 0 0 0 0 0 0 0 0 
804 9 0 0 0 0 0 0 0 0 0 0 0 
805 9 0 0 0 0 0 0 0 0 0 0 0 
806 9 0 0 0 0 0 0 0 0 0 0 0 
807 9 0 0 0 0 0 0 0 0 0 0 0 
808 9 0 0 0 0 0 0 0 0 0 0 0 
809 9 0 0 0 0 0 0 0 0 0 0 0 
810 9 0 0 0 0 0 0 0 0 0 0 0 
811 9 0 0 0 0 0 0 0 0 0 0 0 
812 9 0 0 0 0 0 0 0 0 0 0 0 
813 9 0 0 0 0 0 0 0 0 0 0 0 
814 9 0 0 0 0 0 0 0 0 0 0 0 
815 9 0 0 0 0 0 0 0 0 0 0 0 
816 9 0 0 0 0 0 0 0 0 0 0 0 
817 9 0 0 0 0 0 0 0 0 0 0 0 
818 9 0 0 0 0 0 0 0 0 0 0 0 
819 9 0 0 0 0 0 0 0 0 0 0 0 
820 9 0 0 0 0 0 0 0 0 0 0 0 
821 9 40 0 0 0 0 0 0 0 0 0 0 
822 9 41 0 0 0 0 0 0 0 0 0 0 
823 9 0 0 0 0 0 0 0 0 0 0 0 
824 9 0 0 0 0 0 0 0 0 0 0 0 
825 9 0 0 0 0 0 0 0 0 0 0 0 
826 9 0 0 0 0 0 0 0 0 0 0 0 
827 9 0 0 0 0 0 0 0 0 0 0 0 
828 9 0 0 0 0 0 0 0 0 0 0 0 
829 9 0 0 0 0 0 0 0 0 0 0 0 
830 9 0 0 0 0 0 0 0 0 0 0 0 
831 9 0 0 0 0 0 0 0 0 0 0 0 
832 9 0 0 0 0 0 0 0 0 0 0 0 
833 9 0 0 0 0 0 0 0 0 0 0 0 
834 9 0 0 0 0 0 0 0 0 0 0 0 
835 9 0 0 0 0 0 0 0 0 0 0 0 
836 9 0 0 0 0 0 0 0 0 0 0 0 
837 9 0 0 0 0 0 0 0 0 0 0 0 
838 9 0 0 0 0 0 0 0 0 0 0 0 
839 9 0 0 0 0 0 0 0 0 0 0 0 
840 9 0 0 0 0 0 0 0 0 0 0 0 
841 9 0 0 0 0 0 0 0 0 0 0 0 
842 9 0 0 0 0 0 0 0 0 0 0 0 
843 9 0 0 0 0 0 0 0 0 0 0 0 
844 9 0 0 0 0 0 0 0 0 0 0 0 
845 9 0 0 0 0 0 0 0 0 0 0 0 
846 9 0 0 0 0 0 0 0 0 0 0 0 
847 9 0 0 0 0 0 0 0 0 0 0 0 
848 9 0 0 0 0 0 0 0 0 0 0 0 
849 9 0 0 0 0 0 0 0 0 0 0 0 
850 9 0 0 0 0 0 0 0 0 0 0 0 
851 9 0 0 0 0 0 0 0 0 0 0 0 
852 9 0 0 0 0 0 0 0 0 0 0 0 
853 9 0 0 0 0 0 0 0 0 0 0 0 
854 9 0 0 0 0 0 0 0 0 0 0 0 
855 9 0 0 0 0 0 0 0 0 0 0 0 
856 9 0 0 0 0 0 0 0 0 0 0 0 
857 9 50 0 0 0 0 0 0 0 0 0 0 
858 9 -1 12 40 0 0 0 22 0 0 15 18 
859 9 0 0 0 0 0 0 0 0 0 0 0 
860 9 0 0 0 0 0 0 0 0 0 0 0 
861 9 0 0 0 0 0 0 0 0 0 0 0 
862 9 0 0 0 0 0 0 0 0 0 0 0 
863 9 0 0 0 0 0 0 0 0 0 0 0 
864 9 0 0 0 0 0 0 0 0 0 0 0 
865 9 0 0 0 0 0 0 0 0 0 0 0 
866 9 0 0 0 0 0 0 0 0 0 0 0 
867 9 0 0 0 0 0 0 0 0 0 0 0 
868 9 0 0 0 0 0 0 0 0 0 0 0 
869 9 0 0 0 0 0 0 0 0 0 0 0 
870 9 0 0 0 0 0 0 0 0 0 0 0 
871 9 0 0 0 0 0 0 0 0 0 0 0 
872 9 0 0 0 0 0 0 0 0 0 0 0 
873 9 0 0 0 0 0 0 0 0 0 0 0 
874 9 0 0 0 0 0 0 0 0 0 0 0 
875 9 0 0 0 0 0 0 0 0 0 0 0 
876 9 0 0 0 0 0 0 0 0 0 0 0 
877 9 0 0 0 0 0 0 0 0 0 0 0 
878 9 0 0 0 0 0 0 0 0 0 0 0 
879 9 0 0 0 0 0 0 0 0 0 0 0 
880 9 0 0 0 0 0 0 0 0 0 0 0 
881 9 0 0 0 0 0 0 0 0 0 0 0 
882 9 0 0 0 0 0 0 0 0 0 0 0 
883 9 0 0 0 0 0 0 0 0 0 0 0 
884 9 0 0 0 0 0 0 0 0 0 0 0 
885 9 0 0 0 0 0 0 0 0 0 0 0 
886 9 0 0 0 0 0 0 0 0 0 0 0 
887 9 0 0 0 0 0 0 0 0 0 0 0 
888 9 0 0 0 0 0 0 0 0 0 0 0 
889 9 0 0 0 0 0 0 0 0 0 0 0 
890 9 0 0 0 0 0 0 0 0 0 0 0 
891 9 0 0 0 0 0 0 0 0 0 0 0 
892 9 0 0 0 0 0 0 0 0 0 0 0 
893 9 0 0 0 0 0 0 0 0 0 0 0 
894 9 0 0 0 0 0 0 0 0 0 0 0 
895 9 0 0 0 0 0 0 0 0 0 0 0 
896 9 0 0 0 0 0 0 0 0 0 0 0 
897 9 0 0 0 0 0 0 0 0 0 0 0 
898 9 0 0 0 0 0 0 0 0 0 0 0 
899 9 0 0 0 0 0 0 0 0 0 0 0 
900 9 0 0 0 0 0 0 0 0 0 0 0 
901 9 0 0 0 0 0 0 0 0 0 0 0 
902 9 0 0 0 0 0 0 0 0 0 0 0 
903 9 0 0 0 0 0 0 0 0 0 0 0 
904 9 0 0 0 0 0 0 0 0 0 0 0 
905 9 0 0 0 0 0 0 0 0 0 0 0 
906 9 0 0 0 0 0 0 0 0 0 0 0 
907 9 0 0 0 0 0 0 0 0 0 0 0 
908 9 0 0 0 0 0 0 0 0 0 0 0 
909 9 0 0 0 0 0 0 0 0 0 0 0 
910 9 0 0 0 0 0 0 0 0 0 0 0 
911 9 0 0 0 0 0 0 0 0 0 0 0 
912 9 0 0 0 0 0 0 0 0 0 0 0 
913 9 0 0 0 0 0 0 0 0 0 0 0 
914 9 0 0 0 0 0 0 0 0 0 0 0 
915 9 0 0 0 0 0 0 0 0 0 0 0 
916 9 0 0 0 0 0 0 0 0 0 0 0 
917 9 0 0 0 0 0 0 0 0 0 0 0 
918 9 0 0 0 0 0 0 0 0 0 0 0 
919 9 0 0 0 0 0 0 0 0 0 0 0 
920 9 0 0 0 0 0 0 0 0 0 0 0 
921 9 0 0 0 0 0 0 0 0 0 0 0 
922 9 0 0 0 0 0 0 0 0 0 0 0 
923 9 0 0 0 0 0 0 0 0 0 0 0 
924 9 0 0 0 0 0 0 0 0 0 0 0 
925 9 0 0 0 0 0 0 0 0 0 0 0 
926 9 0 0 0 0 0 0 0 0 0 0 0 
927 9 0 0 0 0 0 0 0 0 0 0 0 
928 9 0 0 0 0 0 0 0 0 0 0 0 
929 9 0 0 0 0 0 0 0 0 0 0 0 
930 9 0 0 0 0 0 0 0 0 0 0 0 
931 9 0 0 0 0 0 0 0 0 0 0 0 
932 9 0 0 0 0 0 0 0 0 0 0 0 
933 9 0 0 0 0 0 0 0 0 0 0 0 
934 9 0 0 0 0 0 0 0 0 0 0 0 
935 9 0 0 0 0 0 0 0 0 0 0 0 
936 9 0 0 0 0 0 0 0 0 0 0 0 
937 9 0 0 0 0 0 0 0 0 0 0 0 
938 9 0 0 0 0 0 0 0 0 0 0 0 
939 9 0 0 0 0 0 0 0 0 0 0 0 
940 9 0 0 0 0 0 0 0 0 0 0 0 
941 9 0 0 0 0 0 0 0 0 0 0 0 
942 9 0 0 0 0 0 0 0 0 0 0 0 
943 9 0 0 0 0 0 0 0 0 0 0 0 
944 9 0 0 0 0 0 0 0 0 0 0 0 
945 9 0 0 0 0 0 0 0 0 0 0 0 
946 9 0 0 0 0 0 0 0 0 0 0 0 
947 9 0 0 0 0 0 0 0 0 0 0 0 
948 9 0 0 0 0 0 0 0 0 0 0 0 
949 9 0 0 0 0 0 0 0 0 0 0 0 
950 9 0 0 0 0 0 0 0 0 0 0 0 
951 9 0 0 0 0 0 0 0 0 0 0 0 
952 9 0 0 0 0 0 0 0 0 0 0 0 
953 9 0 0 0 0 0 0 0 0 0 0 0 
954 9 0 0 0 0 0 0 0 0 0 0 0 
955 9 63 0 0 0 0 0 0 0 0 0 0 
956 9 64 0 0 0 0 0 0 0 0 0 0 
957 9 -1 18 42 0 0 44 27 0 0 12 4 
958 9 -1 19 60 0 0 33 60 0 0 16 63 
959 9 0 0 0 0 0 0 0 0 0 0 0 
960 9 0 0 0 0 0 0 0 0 0 0 0 
961 9 0 0 0 0 0 0 0 0 0 0 0 
962 9 0 0 0 0 0 0 0 0 0 0 0 
963 9 0 0 0 0 0 0 0 0 0 0 0 
964 9 0 0 0 0 0 0 0 0 0 0 0 
965 9 0 0 0 0 0 0 0 0 0 0 0 
966 9 0 0 0 0 0 0 0 0 0 0 0 
967 9 0 0 0 0 0 0 0 0 0 0 0 
968 9 0 0 0 0 0 0 0 0 0 0 0 
969 9 0 0 0 0 0 0 0 0 0 0 0 
970 9 0 0 0 0 0 0 0 0 0 0 0 
971 9 0 0 0 0 0 0 0 0 0 0 0 
972 9 0 0 0 0 0 0 0 0 0 0 0 
973 9 0 0 0 0 0 0 0 0 0 0 0 
974 9 0 0 0 0 0 0 0 0 0 0 0 
975 9 0 0 0 0 0 0 0 0 0 0 0 
976 9 0 0 0 0 0 0 0 0 0 0 0 
977 9 73 0 0 0 0 0 0 0 0 0 0 
978 9 74 0 0 0 0 0 0 0 0 0 0 
979 9 0 0 0 0 0 0 0 0 0 0 0 
980 9 0 0 0 0 0 0 0 0 0 0 0 
981 9 0 0 0 0 0 0 0 0 0 0 0 
982 9 0 0 0 0 0 0 0 0 0 0 0 
983 9 0 0 0 0 0 0 0 0 0 0 0 
984 9 0 0 0 0 0 0 0 0 0 0 0 
985 9 78 0 0 0 0 0 0 0 0 0 0 
986 9 79 0 0 0 0 0 0 0 0 0 0 
987 9 0 0 0 0 0 0 0 0 0 0 0 
988 9 0 0 0 0 0 0 0 0 0 0 0 
989 9 0 0 0 0 0 0 0 0 0 0 0 
990 9 0 0 0 0 0 0 0 0 0 0 0 
991 9 81 0 0 0 0 0 0 0 0 0 0 
992 9 -1 30 49 0 0 63 55 0 0 7 74 
993 9 -1 3 5 0 0 5 47 0 0 0 -5 
994 9 -1 29 4 27 13 62 62 1 1 32 1934 
995 9 88 0 0 0 0 0 0 0 0 0 0 
996 9 89 0 0 0 0 0 0 0 0 0 0 
997 9 0 0 0 0 0 0 0 0 0 0 0 
998 9 0 0 0 0 0 0 0 0 0 0 0 
999 9 0 0 0 0 0 0 0 0 0 0 0 
1000 9 0 0 0 0 0 0 0 0 0 0 0 
1001 9 0 0 0 0 0 0 0 0 0 0 0 
1002 9 0 0 0 0 0 0 0 0 0 0 0 
1003 9 0 0 0 0 0 0 0 0 0 0 0 
1004 9 0 0 0 0 0 0 0 0 0 0 0 
1005 9 0 0 0 0 0 0 0 0 0 0 0 
1006 9 0 0 0 0 0 0 0 0 0 0 0 
1007 9 -1 26 47 0 0 12 18 0 0 5 23 
1008 9 -1 44 36 0 0 63 38 0 0 1 -6 
1009 9 -1 25 43 0 0 30 32 0 0 5 -21 
1010 9 -1 60 58 0 0 2 39 0 0 7 -11 
1011 9 -1 17 1 0 0 36 51 0 0 9 7 
1012 9 -1 18 52 0 0 38 48 0 0 5 2 
1013 9 -1 57 58 0 0 7 31 0 0 17 2 
1014 9 106 0 0 0 0 0 0 0 0 0 0 
1015 9 107 0 0 0 0 0 0 0 0 0 0 
1016 9 108 0 0 0 0 0 0 0 0 0 0 
1017 9 -1 16 5 0 0 47 37 0 0 15 -18 
1018 9 111 0 0 0 0 0 0 0 0 0 0 
1019 9 -1 4 12 0 0 40 30 0 0 4 -34 
1020 9 -1 38 33 0 0 60 42 0 0 17 -7 
1021 9 116 0 0 0 0 0 0 0 0 0 0 
1022 9 117 0 0 0 0 0 0 0 0 0 0 
1023 10 0 0 0 0 0 0 0 0 0 0 0 
1024 10 0 0 0 0 0 0 0 0 0 0 0 
1025 10 0 0 0 0 0 0 0 0 0 0 0 
1026 10 0 0 0 0 0 0 0 0 0 0 0 
1027 10 0 0 0 0 0 0 0 0 0 0 0 
1028 10 0 0 0 0 0 0 0 0 0 0 0 
1029 10 0 0 0 0 0 0 0 0 0 0 0 
1030 10 0 0 0 0 0 0 0 0 0 0 0 
1031 10 0 0 0 0 0 0 0 0 0 0 0 
1032 10 0 0 0 0 0 0 0 0 0 0 0 
1033 10 0 0 0 0 0 0 0 0 0 0 0 
1034 10 0 0 0 0 0 0 0 0 0 0 0 
1035 10 0 0 0 0 0 0 0 0 0 0 0 
1036 10 0 0 0 0 0 0 0 0 0 0 0 
1037 10 0 0 0 0 0 0 0 0 0 0 0 
1038 10 0 0 0 0 0 0 0 0 0 0 0 
1039 10 0 0 0 0 0 0 0 0 0 0 0 
1040 10 0 0 0 0 0 0 0 0 0 0 0 
1041 10 0 0 0 0 0 0 0 0 0 0 0 
1042 10 0 0 0 0 0 0 0 0 0 0 0 
1043 10 0 0 0 0 0 0 0 0 0 0 0 
1044 10 0 0 0 0 0 0 0 0 0 0 0 
1045 10 0 0 0 0 0 0 0 0 0 0 0 
1046 10 0 0 0 0 0 0 0 0 0 0 0 
1047 10 0 0 0 0 0 0 0 0 0 0 0 
1048 10 0 0 0 0 0 0 0 0 0 0 0 
1049 10 0 0 0 0 0 0 0 0 0 0 0 
1050 10 0 0 0 0 0 0 0 0 0 0 0 
1051 10 0 0 0 0 0 0 0 0 0 0 0 
1052 10 0 0 0 0 0 0 0 0 0 0 0 
1053 10 0 0 0 0 0 0 0 0 0 0 0 
1054 10 0 0 0 0 0 0 0 0 0 0 0 
1055 10 0 0 0 0 0 0 0 0 0 0 0 
1056 10 0 0 0 0 0 0 0 0 0 0 0 
1057 10 0 0 0 0 0 0 0 0 0 0 0 
1058 10 0 0 0 0 0 0 0 0 0 0 0 
1059 10 0 0 0 0 0 0 0 0 0 0 0 
1060 10 0 0 0 0 0 0 0 0 0 0 0 
1061 10 0 0 0 0 0 0 0 0 0 0 0 
1062 10 0 0 0 0 0 0 0 0 0 0 0 
1063 10 0 0 0 0 0 0 0 0 0 0 0 
1064 10 0 0 0 0 0 0 0 0 0 0 0 
1065 10 0 0 0 0 0 0 0 0 0 0 0 
1066 10 0 0 0 0 0 0 0 0 0 0 0 
1067 10 0 0 0 0 0 0 0 0 0 0 0 
1068 10 0 0 0 0 0 0 0 0 0 0 0 
1069 10 0 0 0 0 0 0 0 0 0 0 0 
1070 10 0 0 0 0 0 0 0 0 0 0 0 
1071 10 0 0 0 0 0 0 0 0 0 0 0 
1072 10 0 0 0 0 0 0 0 0 0 0 0 
1073 10 0 0 0 0 0 0 0 0 0 0 0 
1074 10 0 0 0 0 0 0 0 0 0 0 0 
1075 10 0 0 0 0 0 0 0 0 0 0 0 
1076 10 0 0 0 0 0 0 0 0 0 0 0 
1077 10 0 0 0 0 0 0 0 0 0 0 0 
1078 10 0 0 0 0 0 0 0 0 0 0 0 
1079 10 0 0 0 0 0 0 0 0 0 0 0 
1080 10 0 0 0 0 0 0 0 0 0 0 0 
1081 10 0 0 0 0 0 0 0 0 0 0 0 
1082 10 0 0 0 0 0 0 0 0 0 0 0 
1083 10 0 0 0 0 0 0 0 0 0 0 0 
1084 10 0 0 0 0 0 0 0 0 0 0 0 
1085 10 0 0 0 0 0 0 0 0 0 0 0 
1086 10 0 0 0 0 0 0 0 0 0 0 0 
1087 10 0 0 0 0 0 0 0 0 0 0 0 
1088 10 0 0 0 0 0 0 0 0 0 0 0 
1089 10 0 0 0 0 0 0 0 0 0 0 0 
1090 10 0 0 0 0 0 0 0 0 0 0 0 
1091 10 0 0 0 0 0 0 0 0 0 0 0 
1092 10 0 0 0 0 0 0 0 0 0 0 0 
1093 10 0 0 0 0 0 0 0 0 0 0 0 
1094 10 0 0 0 0 0 0 0 0 0 0 0 
1095 10 0 0 0 0 0 0 0 0 0 0 0 
1096 10 0 0 0 0 0 0 0 0 0 0 0 
1097 10 0 0 0 0 0 0 0 0 0 0 0 
1098 10 0 0 0 0 0 0 0 0 0 0 0 
1099 10 0 0 0 0 0 0 0 0 0 0 0 
1100 10 0 0 0 0 0 0 0 0 0 0 0 
1101 10 0 0 0 0 0 0 0 0 0 0 0 
1102 10 0 0 0 0 0 0 0 0 0 0 0 
1103 10 0 0 0 0 0 0 0 0 0 0 0 
1104 10 0 0 0 0 0 0 0 0 0 0 0 
1105 10 0 0 0 0 0 0 0 0 0 0 0 
1106 10 0 0 0 0 0 0 0 0 0 0 0 
1107 10 0 0 0 0 0 0 0 0 0 0 0 
1108 10 0 0 0 0 0 0 0 0 0 0 0 
1109 10 0 0 0 0 0 0 0 0 0 0 0 
1110 10 0 0 0 0 0 0 0 0 0 0 0 
1111 10 0 0 0 0 0 0 0 0 0 0 0 
1112 10 0 0 0 0 0 0 0 0 0 0 0 
1113 10 0 0 0 0 0 0 0 0 0 0 0 
1114 10 0 0 0 0 0 0 0 0 0 0 0 
1115 10 0 0 0 0 0 0 0 0 0 0 0 
1116 10 0 0 0 0 0 0 0 0 0 0 0 
1117 10 0 0 0 0 0 0 0 0 0 0 0 
1118 10 0 0 0 0 0 0 0 0 0 0 0 
1119 10 0 0 0 0 0 0 0 0 0 0 0 
1120 10 0 0 0 0 0 0 0 0 0 0 0 
1121 10 0 0 0 0 0 0 0 0 0 0 0 
1122 10 0 0 0 0 0 0 0 0 0 0 0 
1123 10 0 0 0 0 0 0 0 0 0 0 0 
1124 10 0 0 0 0 0 0 0 0 0 0 0 
1125 10 0 0 0 0 0 0 0 0 0 0 0 
1126 10 0 0 0 0 0 0 0 0 0 0 0 
1127 10 0 0 0 0 0 0 0 0 0 0 0 
1128 10 0 0 0 0 0 0 0 0 0 0 0 
1129 10 0 0 0 0 0 0 0 0 0 0 0 
1130 10 0 0 0 0 0 0 0 0 0 0 0 
1131 10 0 0 0 0 0 0 0 0 0 0 0 
1132 10 0 0 0 0 0 0 0 0 0 0 0 
1133 10 0 0 0 0 0 0 0 0 0 0 0 
1134 10 0 0 0 0 0 0 0 0 0 0 0 
1135 10 0 0 0 0 0 0 0 0 0 0 0 
1136 10 0 0 0 0 0 0 0 0 0 0 0 
1137 10 0 0 0 0 0 0 0 0 0 0 0 
1138 10 0 0 0 0 0 0 0 0 0 0 0 
1139 10 0 0 0 0 0 0 0 0 0 0 0 
1140 10 0 0 0 0 0 0 0 0 0 0 0 
1141 10 0 0 0 0 0 0 0 0 0 0 0 
1142 10 0 0 0 0 0 0 0 0 0 0 0 
1143 10 0 0 0 0 0 0 0 0 0 0 0 
1144 10 0 0 0 0 0 0 0 0 0 0 0 
1145 10 0 0 0 0 0 0 0 0 0 0 0 
1146 10 0 0 0 0 0 0 0 0 0 0 0 
1147 10 0 0 0 0 0 0 0 0 0 0 0 
1148 10 0 0 0 0 0 0 0 0 0 0 0 
1149 10 0 0 0 0 0 0 0 0 0 0 0 
1150 10 0 0 0 0 0 0 0 0 0 0 0 
1151 10 0 0 0 0 0 0 0 0 0 0 0 
1152 10 0 0 0 0 0 0 0 0 0 0 0 
1153 10 0 0 0 0 0 0 0 0 0 0 0 
1154 10 0 0 0 0 0 0 0 0 0 0 0 
1155 10 0 0 0 0 0 0 0 0 0 0 0 
1156 10 0 0 0 0 0 0 0 0 0 0 0 
1157 10 0 0 0 0 0 0 0 0 0 0 0 
1158 10 0 0 0 0 0 0 0 0 0 0 0 
1159 10 0 0 0 0 0 0 0 0 0 0 0 
1160 10 0 0 0 0 0 0 0 0 0 0 0 
1161 10 0 0 0 0 0 0 0 0 0 0 0 
1162 10 0 0 0 0 0 0 0 0 0 0 0 
1163 10 0 0 0 0 0 0 0 0 0 0 0 
1164 10 0 0 0 0 0 0 0 0 0 0 0 
1165 10 0 0 0 0 0 0 0 0 0 0 0 
1166 10 0 0 0 0 0 0 0 0 0 0 0 
1167 10 0 0 0 0 0 0 0 0 0 0 0 
1168 10 0 0 0 0 0 0 0 0 0 0 0 
1169 10 0 0 0 0 0 0 0 0 0 0 0 
1170 10 0 0 0 0 0 0 0 0 0 0 0 
1171 10 0 0 0 0 0 0 0 0 0 0 0 
1172 10 0 0 0 0 0 0 0 0 0 0 0 
1173 10 0 0 0 0 0 0 0 0 0 0 0 
1174 10 0 0 0 0 0 0 0 0 0 0 0 
1175 10 0 0 0 0 0 0 0 0 0 0 0 
1176 10 0 0 0 0 0 0 0 0 0 0 0 
1177 10 0 0 0 0 0 0 0 0 0 0 0 
1178 10 0 0 0 0 0 0 0 0 0 0 0 
1179 10 0 0 0 0 0 0 0 0 0 0 0 
1180 10 0 0 0 0 0 0 0 0 0 0 0 
1181 10 0 0 0 0 0 0 0 0 0 0 0 
1182 10 0 0 0 0 0 0 0 0 0 0 0 
1183 10 0 0 0 0 0 0 0 0 0 0 0 
1184 10 0 0 0 0 0 0 0 0 0 0 0 
1185 10 0 0 0 0 0 0 0 0 0 0 0 
1186 10 0 0 0 0 0 0 0 0 0 0 0 
1187 10 0 0 0 0 0 0 0 0 0 0 0 
1188 10 0 0 0 0 0 0 0 0 0 0 0 
1189 10 0 0 0 0 0 0 0 0 0 0 0 
1190 10 0 0 0 0 0 0 0 0 0 0 0 
1191 10 0 0 0 0 0 0 0 0 0 0 0 
1192 10 0 0 0 0 0 0 0 0 0 0 0 
1193 10 0 0 0 0 0 0 0 0 0 0 0 
1194 10 0 0 0 0 0 0 0 0 0 0 0 
1195 10 0 0 0 0 0 0 0 0 0 0 0 
1196 10 0 0 0 0 0 0 0 0 0 0 0 
1197 10 0 0 0 0 0 0 0 0 0 0 0 
1198 10 0 0 0 0 0 0 0 0 0 0 0 
1199 10 0 0 0 0 0 0 0 0 0 0 0 
1200 10 0 0 0 0 0 0 0 0 0 0 0 
1201 10 0 0 0 0 0 0 0 0 0 0 0 
1202 10 0 0 0 0 0 0 0 0 0 0 0 
1203 10 0 0 0 0 0 0 0 0 0 0 0 
1204 10 0 0 0 0 0 0 0 0 0 0 0 
1205 10 0 0 0 0 0 0 0 0 0 0 0 
1206 10 0 0 0 0 0 0 0 0 0 0 0 
1207 10 0 0 0 0 0 0 0 0 0 0 0 
1208 10 0 0 0 0 0 0 0 0 0 0 0 
1209 10 0 0 0 0 0 0 0 0 0 0 0 
1210 10 0 0 0 0 0 0 0 0 0 0 0 
1211 10 0 0 0 0 0 0 0 0 0 0 0 
1212 10 0 0 0 0 0 0 0 0 0 0 0 
1213 10 0 0 0 0 0 0 0 0 0 0 0 
1214 10 0 0 0 0 0 0 0 0 0 0 0 
1215 10 0 0 0 0 0 0 0 0 0 0 0 
1216 10 0 0 0 0 0 0 0 0 0 0 0 
1217 10 0 0 0 0 0 0 0 0 0 0 0 
1218 10 0 0 0 0 0 0 0 0 0 0 0 
1219 10 0 0 0 0 0 0 0 0 0 0 0 
1220 10 0 0 0 0 0 0 0 0 0 0 0 
1221 10 0 0 0 0 0 0 0 0 0 0 0 
1222 10 0 0 0 0 0 0 0 0 0 0 0 
1223 10 0 0 0 0 0 0 0 0 0 0 0 
1224 10 0 0 0 0 0 0 0 0 0 0 0 
1225 10 0 0 0 0 0 0 0 0 0 0 0 
1226 10 0 0 0 0 0 0 0 0 0 0 0 
1227 10 0 0 0 0 0 0 0 0 0 0 0 
1228 10 0 0 0 0 0 0 0 0 0 0 0 
1229 10 0 0 0 0 0 0 0 0 0 0 0 
1230 10 0 0 0 0 0 0 0 0 0 0 0 
1231 10 0 0 0 0 0 0 0 0 0 0 0 
1232 10 0 0 0 0 0 0 0 0 0 0 0 
1233 10 0 0 0 0 0 0 0 0 0 0 0 
1234 10 0 0 0 0 0 0 0 0 0 0 0 
1235 10 0 0 0 0 0 0 0 0 0 0 0 
1236 10 0 0 0 0 0 0 0 0 0 0 0 
1237 10 0 0 0 0 0 0 0 0 0 0 0 
1238 10 0 0 0 0 0 0 0 0 0 0 0 
1239 10 0 0 0 0 0 0 0 0 0 0 0 
1240 10 0 0 0 0 0 0 0 0 0 0 0 
1241 10 0 0 0 0 0 0 0 0 0 0 0 
1242 10 0 0 0 0 0 0 0 0 0 0 0 
1243 10 0 0 0 0 0 0 0 0 0 0 0 
1244 10 0 0 0 0 0 0 0 0 0 0 0 
1245 10 0 0 0 0 0 0 0 0 0 0 0 
1246 10 0 0 0 0 0 0 0 0 0 0 0 
1247 10 0 0 0 0 0 0 0 0 0 0 0 
1248 10 0 0 0 0 0 0 0 0 0 0 0 
1249 10 0 0 0 0 0 0 0 0 0 0 0 
1250 10 0 0 0 0 0 0 0 0 0 0 0 
1251 10 0 0 0 0 0 0 0 0 0 0 0 
1252 10 0 0 0 0 0 0 0 0 0 0 0 
1253 10 0 0 0 0 0 0 0 0 0 0 0 
1254 10 0 0 0 0 0 0 0 0 0 0 0 
1255 10 0 0 0 0 0 0 0 0 0 0 0 
1256 10 0 0 0 0 0 0 0 0 0 0 0 
1257 10 0 0 0 0 0 0 0 0 0 0 0 
1258 10 0 0 0 0 0 0 0 0 0 0 0 
1259 10 0 0 0 0 0 0 0 0 0 0 0 
1260 10 0 0 0 0 0 0 0 0 0 0 0 
1261 10 0 0 0 0 0 0 0 0 0 0 0 
1262 10 0 0 0 0 0 0 0 0 0 0 0 
1263 10 0 0 0 0 0 0 0 0 0 0 0 
1264 10 0 0 0 0 0 0 0 0 0 0 0 
1265 10 0 0 0 0 0 0 0 0 0 0 0 
1266 10 0 0 0 0 0 0 0 0 0 0 0 
1267 10 0 0 0 0 0 0 0 0 0 0 0 
1268 10 0 0 0 0 0 0 0 0 0 0 0 
1269 10 0 0 0 0 0 0 0 0 0 0 0 
1270 10 0 0 0 0 0 0 0 0 0 0 0 
1271 10 0 0 0 0 0 0 0 0 0 0 0 
1272 10 0 0 0 0 0 0 0 0 0 0 0 
1273 10 0 0 0 0 0 0 0 0 0 0 0 
1274 10 0 0 0 0 0 0 0 0 0 0 0 
1275 10 0 0 0 0 0 0 0 0 0 0 0 
1276 10 0 0 0 0 0 0 0 0 0 0 0 
1277 10 0 0 0 0 0 0 0 0 0 0 0 
1278 10 0 0 0 0 0 0 0 0 0 0 0 
1279 10 0 0 0 0 0 0 0 0 0 0 0 
1280 10 0 0 0 0 0 0 0 0 0 0 0 
1281 10 0 0 0 0 0 0 0 0 0 0 0 
1282 10 0 0 0 0 0 0 0 0 0 0 0 
1283 10 0 0 0 0 0 0 0 0 0 0 0 
1284 10 0 0 0 0 0 0 0 0 0 0 0 
1285 10 0 0 0 0 0 0 0 0 0 0 0 
1286 10 0 0 0 0 0 0 0 0 0 0 0 
1287 10 0 0 0 0 0 0 0 0 0 0 0 
1288 10 0 0 0 0 0 0 0 0 0 0 0 
1289 10 0 0 0 0 0 0 0 0 0 0 0 
1290 10 0 0 0 0 0 0 0 0 0 0 0 
1291 10 0 0 0 0 0 0 0 0 0 0 0 
1292 10 0 0 0 0 0 0 0 0 0 0 0 
1293 10 0 0 0 0 0 0 0 0 0 0 0 
1294 10 0 0 0 0 0 0 0 0 0 0 0 
1295 10 0 0 0 0 0 0 0 0 0 0 0 
1296 10 0 0 0 0 0 0 0 0 0 0 0 
1297 10 0 0 0 0 0 0 0 0 0 0 0 
1298 10 0 0 0 0 0 0 0 0 0 0 0 
1299 10 0 0 0 0 0 0 0 0 0 0 0 
1300 10 0 0 0 0 0 0 0 0 0 0 0 
1301 10 0 0 0 0 0 0 0 0 0 0 0 
1302 10 0 0 0 0 0 0 0 0 0 0 0 
1303 10 0 0 0 0 0 0 0 0 0 0 0 
1304 10 0 0 0 0 0 0 0 0 0 0 0 
1305 10 0 0 0 0 0 0 0 0 0 0 0 
1306 10 0 0 0 0 0 0 0 0 0 0 0 
1307 10 0 0 0 0 0 0 0 0 0 0 0 
1308 10 0 0 0 0 0 0 0 0 0 0 0 
1309 10 0 0 0 0 0 0 0 0 0 0 0 
1310 10 0 0 0 0 0 0 0 0 0 0 0 
1311 10 0 0 0 0 0 0 0 0 0 0 0 
1312 10 0 0 0 0 0 0 0 0 0 0 0 
1313 10 0 0 0 0 0 0 0 0 0 0 0 
1314 10 0 0 0 0 0 0 0 0 0 0 0 
1315 10 0 0 0 0 0 0 0 0 0 0 0 
1316 10 0 0 0 0 0 0 0 0 0 0 0 
1317 10 0 0 0 0 0 0 0 0 0 0 0 
1318 10 0 0 0 0 0 0 0 0 0 0 0 
1319 10 0 0 0 0 0 0 0 0 0 0 0 
1320 10 0 0 0 0 0 0 0 0 0 0 0 
1321 10 0 0 0 0 0 0 0 0 0 0 0 
1322 10 0 0 0 0 0 0 0 0 0 0 0 
1323 10 0 0 0 0 0 0 0 0 0 0 0 
1324 10 0 0 0 0 0 0 0 0 0 0 0 
1325 10 0 0 0 0 0 0 0 0 0 0 0 
1326 10 0 0 0 0 0 0 0 0 0 0 0 
1327 10 0 0 0 0 0 0 0 0 0 0 0 
1328 10 0 0 0 0 0 0 0 0 0 0 0 
1329 10 0 0 0 0 0 0 0 0 0 0 0 
1330 10 0 0 0 0 0 0 0 0 0 0 0 
1331 10 0 0 0 0 0 0 0 0 0 0 0 
1332 10 0 0 0 0 0 0 0 0 0 0 0 
1333 10 0 0 0 0 0 0 0 0 0 0 0 
1334 10 0 0 0 0 0 0 0 0 0 0 0 
1335 10 0 0 0 0 0 0 0 0 0 0 0 
1336 10 0 0 0 0 0 0 0 0 0 0 0 
1337 10 0 0 0 0 0 0 0 0 0 0 0 
1338 10 0 0 0 0 0 0 0 0 0 0 0 
1339 10 0 0 0 0 0 0 0 0 0 0 0 
1340 10 0 0 0 0 0 0 0 0 0 0 0 
1341 10 0 0 0 0 0 0 0 0 0 0 0 
1342 10 0 0 0 0 0 0 0 0 0 0 0 
1343 10 0 0 0 0 0 0 0 0 0 0 0 
1344 10 0 0 0 0 0 0 0 0 0 0 0 
1345 10 0 0 0 0 0 0 0 0 0 0 0 
1346 10 0 0 0 0 0 0 0 0 0 0 0 
1347 10 0 0 0 0 0 0 0 0 0 0 0 
1348 10 0 0 0 0 0 0 0 0 0 0 0 
1349 10 0 0 0 0 0 0 0 0 0 0 0 
1350 10 0 0 0 0 0 0 0 0 0 0 0 
1351 10 0 0 0 0 0 0 0 0 0 0 0 
1352 10 0 0 0 0 0 0 0 0 0 0 0 
1353 10 0 0 0 0 0 0 0 0 0 0 0 
1354 10 0 0 0 0 0 0 0 0 0 0 0 
1355 10 0 0 0 0 0 0 0 0 0 0 0 
1356 10 0 0 0 0 0 0 0 0 0 0 0 
1357 10 0 0 0 0 0 0 0 0 0 0 0 
1358 10 0 0 0 0 0 0 0 0 0 0 0 
1359 10 0 0 0 0 0 0 0 0 0 0 0 
1360 10 0 0 0 0 0 0 0 0 0 0 0 
1361 10 0 0 0 0 0 0 0 0 0 0 0 
1362 10 0 0 0 0 0 0 0 0 0 0 0 
1363 10 0 0 0 0 0 0 0 0 0 0 0 
1364 10 0 0 0 0 0 0 0 0 0 0 0 
1365 10 0 0 0 0 0 0 0 0 0 0 0 
1366 10 0 0 0 0 0 0 0 0 0 0 0 
1367 10 0 0 0 0 0 0 0 0 0 0 0 
1368 10 0 0 0 0 0 0 0 0 0 0 0 
1369 10 0 0 0 0 0 0 0 0 0 0 0 
1370 10 0 0 0 0 0 0 0 0 0 0 0 
1371 10 0 0 0 0 0 0 0 0 0 0 0 
1372 10 0 0 0 0 0 0 0 0 0 0 0 
1373 10 0 0 0 0 0 0 0 0 0 0 0 
1374 10 0 0 0 0 0 0 0 0 0 0 0 
1375 10 0 0 0 0 0 0 0 0 0 0 0 
1376 10 0 0 0 0 0 0 0 0 0 0 0 
1377 10 0 0 0 0 0 0 0 0 0 0 0 
1378 10 0 0 0 0 0 0 0 0 0 0 0 
1379 10 0 0 0 0 0 0 0 0 0 0 0 
1380 10 0 0 0 0 0 0 0 0 0 0 0 
1381 10 0 0 0 0 0 0 0 0 0 0 0 
1382 10 0 0 0 0 0 0 0 0 0 0 0 
1383 10 0 0 0 0 0 0 0 0 0 0 0 
1384 10 0 0 0 0 0 0 0 0 0 0 0 
1385 10 0 0 0 0 0 0 0 0 0 0 0 
1386 10 0 0 0 0 0 0 0 0 0 0 0 
1387 10 0 0 0 0 0 0 0 0 0 0 0 
1388 10 0 0 0 0 0 0 0 0 0 0 0 
1389 10 0 0 0 0 0 0 0 0 0 0 0 
1390 10 0 0 0 0 0 0 0 0 0 0 0 
1391 10 0 0 0 0 0 0 0 0 0 0 0 
1392 10 0 0 0 0 0 0 0 0 0 0 0 
1393 10 0 0 0 0 0 0 0 0 0 0 0 
1394 10 0 0 0 0 0 0 0 0 0 0 0 
1395 10 0 0 0 0 0 0 0 0 0 0 0 
1396 10 0 0 0 0 0 0 0 0 0 0 0 
1397 10 0 0 0 0 0 0 0 0 0 0 0 
1398 10 0 0 0 0 0 0 0 0 0 0 0 
1399 10 0 0 0 0 0 0 0 0 0 0 0 
1400 10 0 0 0 0 0 0 0 0 0 0 0 
1401 10 0 0 0 0 0 0 0 0 0 0 0 
1402 10 0 0 0 0 0 0 0 0 0 0 0 
1403 10 0 0 0 0 0 0 0 0 0 0 0 
1404 10 0 0 0 0 0 0 0 0 0 0 0 
1405 10 0 0 0 0 0 0 0 0 0 0 0 
1406 10 0 0 0 0 0 0 0 0 0 0 0 
1407 10 0 0 0 0 0 0 0 0 0 0 0 
1408 10 0 0 0 0 0 0 0 0 0 0 0 
1409 10 0 0 0 0 0 0 0 0 0 0 0 
1410 10 0 0 0 0 0 0 0 0 0 0 0 
1411 10 0 0 0 0 0 0 0 0 0 0 0 
1412 10 0 0 0 0 0 0 0 0 0 0 0 
1413 10 0 0 0 0 0 0 0 0 0 0 0 
1414 10 0 0 0 0 0 0 0 0 0 0 0 
1415 10 0 0 0 0 0 0 0 0 0 0 0 
1416 10 0 0 0 0 0 0 0 0 0 0 0 
1417 10 0 0 0 0 0 0 0 0 0 0 0 
1418 10 0 0 0 0 0 0 0 0 0 0 0 
1419 10 0 0 0 0 0 0 0 0 0 0 0 
1420 10 0 0 0 0 0 0 0 0 0 0 0 
1421 10 0 0 0 0 0 0 0 0 0 0 0 
1422 10 0 0 0 0 0 0 0 0 0 0 0 
1423 10 0 0 0 0 0 0 0 0 0 0 0 
1424 10 0 0 0 0 0 0 0 0 0 0 0 
1425 10 0 0 0 0 0 0 0 0 0 0 0 
1426 10 0 0 0 0 0 0 0 0 0 0 0 
1427 10 0 0 0 0 0 0 0 0 0 0 0 
1428 10 0 0 0 0 0 0 0 0 0 0 0 
1429 10 0 0 0 0 0 0 0 0 0 0 0 
1430 10 0 0 0 0 0 0 0 0 0 0 0 
1431 10 0 0 0 0 0 0 0 0 0 0 0 
1432 10 0 0 0 0 0 0 0 0 0 0 0 
1433 10 0 0 0 0 0 0 0 0 0 0 0 
1434 10 0 0 0 0 0 0 0 0 0 0 0 
1435 10 0 0 0 0 0 0 0 0 0 0 0 
1436 10 0 0 0 0 0 0 0 0 0 0 0 
1437 10 0 0 0 0 0 0 0 0 0 0 0 
1438 10 0 0 0 0 0 0 0 0 0 0 0 
1439 10 0 0 0 0 0 0 0 0 0 0 0 
1440 10 0 0 0 0 0 0 0 0 0 0 0 
1441 10 0 0 0 0 0 0 0 0 0 0 0 
1442 10 0 0 0 0 0 0 0 0 0 0 0 
1443 10 0 0 0 0 0 0 0 0 0 0 0 
1444 10 0 0 0 0 0 0 0 0 0 0 0 
1445 10 0 0 0 0 0 0 0 0 0 0 0 
1446 10 0 0 0 0 0 0 0 0 0 0 0 
1447 10 0 0 0 0 0 0 0 0 0 0 0 
1448 10 0 0 0 0 0 0 0 0 0 0 0 
1449 10 0 0 0 0 0 0 0 0 0 0 0 
1450 10 0 0 0 0 0 0 0 0 0 0 0 
1451 10 0 0 0 0 0 0 0 0 0 0 0 
1452 10 0 0 0 0 0 0 0 0 0 0 0 
1453 10 0 0 0 0 0 0 0 0 0 0 0 
1454 10 0 0 0 0 0 0 0 0 0 0 0 
1455 10 0 0 0 0 0 0 0 0 0 0 0 
1456 10 0 0 0 0 0 0 0 0 0 0 0 
1457 10 0 0 0 0 0 0 0 0 0 0 0 
1458 10 0 0 0 0 0 0 0 0 0 0 0 
1459 10 0 0 0 0 0 0 0 0 0 0 0 
1460 10 0 0 0 0 0 0 0 0 0 0 0 
1461 10 0 0 0 0 0 0 0 0 0 0 0 
1462 10 0 0 0 0 0 0 0 0 0 0 0 
1463 10 0 0 0 0 0 0 0 0 0 0 0 
1464 10 0 0 0 0 0 0 0 0 0 0 0 
1465 10 0 0 0 0 0 0 0 0 0 0 0 
1466 10 0 0 0 0 0 0 0 0 0 0 0 
1467 10 0 0 0 0 0 0 0 0 0 0 0 
1468 10 0 0 0 0 0 0 0 0 0 0 0 
1469 10 0 0 0 0 0 0 0 0 0 0 0 
1470 10 0 0 0 0 0 0 0 0 0 0 0 
1471 10 0 0 0 0 0 0 0 0 0 0 0 
1472 10 0 0 0 0 0 0 0 0 0 0 0 
1473 10 0 0 0 0 0 0 0 0 0 0 0 
1474 10 0 0 0 0 0 0 0 0 0 0 0 
1475 10 0 0 0 0 0 0 0 0 0 0 0 
1476 10 0 0 0 0 0 0 0 0 0 0 0 
1477 10 0 0 0 0 0 0 0 0 0 0 0 
1478 10 0 0 0 0 0 0 0 0 0 0 0 
1479 10 0 0 0 0 0 0 0 0 0 0 0 
1480 10 0 0 0 0 0 0 0 0 0 0 0 
1481 10 0 0 0 0 0 0 0 0 0 0 0 
1482 10 0 0 0 0 0 0 0 0 0 0 0 
1483 10 0 0 0 0 0 0 0 0 0 0 0 
1484 10 0 0 0 0 0 0 0 0 0 0 0 
1485 10 0 0 0 0 0 0 0 0 0 0 0 
1486 10 0 0 0 0 0 0 0 0 0 0 0 
1487 10 0 0 0 0 0 0 0 0 0 0 0 
1488 10 0 0 0 0 0 0 0 0 0 0 0 
1489 10 0 0 0 0 0 0 0 0 0 0 0 
1490 10 0 0 0 0 0 0 0 0 0 0 0 
1491 10 0 0 0 0 0 0 0 0 0 0 0 
1492 10 0 0 0 0 0 0 0 0 0 0 0 
1493 10 0 0 0 0 0 0 0 0 0 0 0 
1494 10 0 0 0 0 0 0 0 0 0 0 0 
1495 10 0 0 0 0 0 0 0 0 0 0 0 
1496 10 0 0 0 0 0 0 0 0 0 0 0 
1497 10 0 0 0 0 0 0 0 0 0 0 0 
1498 10 0 0 0 0 0 0 0 0 0 0 0 
1499 10 0 0 0 0 0 0 0 0 0 0 0 
1500 10 0 0 0 0 0 0 0 0 0 0 0 
1501 10 0 0 0 0 0 0 0 0 0 0 0 
1502 10 0 0 0 0 0 0 0 0 0 0 0 
1503 10 0 0 0 0 0 0 0 0 0 0 0 
1504 10 0 0 0 0 0 0 0 0 0 0 0 
1505 10 0 0 0 0 0 0 0 0 0 0 0 
1506 10 0 0 0 0 0 0 0 0 0 0 0 
1507 10 0 0 0 0 0 0 0 0 0 0 0 
1508 10 0 0 0 0 0 0 0 0 0 0 0 
1509 10 0 0 0 0 0 0 0 0 0 0 0 
1510 10 0 0 0 0 0 0 0 0 0 0 0 
1511 10 0 0 0 0 0 0 0 0 0 0 0 
1512 10 0 0 0 0 0 0 0 0 0 0 0 
1513 10 0 0 0 0 0 0 0 0 0 0 0 
1514 10 0 0 0 0 0 0 0 0 0 0 0 
1515 10 0 0 0 0 0 0 0 0 0 0 0 
1516 10 0 0 0 0 0 0 0 0 0 0 0 
1517 10 0 0 0 0 0 0 0 0 0 0 0 
1518 10 0 0 0 0 0 0 0 0 0 0 0 
1519 10 0 0 0 0 0 0 0 0 0 0 0 
1520 10 0 0 0 0 0 0 0 0 0 0 0 
1521 10 0 0 0 0 0 0 0 0 0 0 0 
1522 10 0 0 0 0 0 0 0 0 0 0 0 
1523 10 0 0 0 0 0 0 0 0 0 0 0 
1524 10 0 0 0 0 0 0 0 0 0 0 0 
1525 10 0 0 0 0 0 0 0 0 0 0 0 
1526 10 0 0 0 0 0 0 0 0 0 0 0 
1527 10 0 0 0 0 0 0 0 0 0 0 0 
1528 10 0 0 0 0 0 0 0 0 0 0 0 
1529 10 0 0 0 0 0 0 0 0 0 0 0 
1530 10 0 0 0 0 0 0 0 0 0 0 0 
1531 10 0 0 0 0 0 0 0 0 0 0 0 
1532 10 0 0 0 0 0 0 0 0 0 0 0 
1533 10 0 0 0 0 0 0 0 0 0 0 0 
1534 10 0 0 0 0 0 0 0 0 0 0 0 
1535 10 0 0 0 0 0 0 0 0 0 0 0 
1536 10 0 0 0 0 0 0 0 0 0 0 0 
1537 10 0 0 0 0 0 0 0 0 0 0 0 
1538 10 0 0 0 0 0 0 0 0 0 0 0 
1539 10 0 0 0 0 0 0 0 0 0 0 0 
1540 10 0 0 0 0 0 0 0 0 0 0 0 
1541 10 0 0 0 0 0 0 0 0 0 0 0 
1542 10 0 0 0 0 0 0 0 0 0 0 0 
1543 10 16 0 0 0 0 0 0 0 0 0 0 
1544 10 17 0 0 0 0 0 0 0 0 0 0 
1545 10 0 0 0 0 0 0 0 0 0 0 0 
1546 10 0 0 0 0 0 0 0 0 0 0 0 
1547 10 0 0 0 0 0 0 0 0 0 0 0 
1548 10 0 0 0 0 0 0 0 0 0 0 0 
1549 10 0 0 0 0 0 0 0 0 0 0 0 
1550 10 0 0 0 0 0 0 0 0 0 0 0 
1551 10 0 0 0 0 0 0 0 0 0 0 0 
1552 10 0 0 0 0 0 0 0 0 0 0 0 
1553 10 0 0 0 0 0 0 0 0 0 0 0 
1554 10 0 0 0 0 0 0 0 0 0 0 0 
1555 10 0 0 0 0 0 0 0 0 0 0 0 
1556 10 0 0 0 0 0 0 0 0 0 0 0 
1557 10 0 0 0 0 0 0 0 0 0 0 0 
1558 10 0 0 0 0 0 0 0 0 0 0 0 
1559 10 0 0 0 0 0 0 0 0 0 0 0 
1560 10 0 0 0 0 0 0 0 0 0 0 0 
1561 10 0 0 0 0 0 0 0 0 0 0 0 
1562 10 0 0 0 0 0 0 0 0 0 0 0 
1563 10 0 0 0 0 0 0 0 0 0 0 0 
1564 10 0 0 0 0 0 0 0 0 0 0 0 
1565 10 0 0 0 0 0 0 0 0 0 0 0 
1566 10 0 0 0 0 0 0 0 0 0 0 0 
1567 10 0 0 0 0 0 0 0 0 0 0 0 
1568 10 0 0 0 0 0 0 0 0 0 0 0 
1569 10 0 0 0 0 0 0 0 0 0 0 0 
1570 10 0 0 0 0 0 0 0 0 0 0 0 
1571 10 0 0 0 0 0 0 0 0 0 0 0 
1572 10 0 0 0 0 0 0 0 0 0 0 0 
1573 10 0 0 0 0 0 0 0 0 0 0 0 
1574 10 0 0 0 0 0 0 0 0 0 0 0 
1575 10 24 0 0 0 0 0 0 0 0 0 0 
1576 10 25 0 0 0 0 0 0 0 0 0 0 
1577 10 26 0 0 0 0 0 0 0 0 0 0 
1578 10 27 0 0 0 0 0 0 0 0 0 0 
1579 10 0 0 0 0 0 0 0 0 0 0 0 
1580 10 0 0 0 0 0 0 0 0 0 0 0 
1581 10 29 0 0 0 0 0 0 0 0 0 0 
1582 10 30 0 0 0 0 0 0 0 0 0 0 
1583 10 0 0 0 0 0 0 0 0 0 0 0 
1584 10 0 0 0 0 0 0 0 0 0 0 0 
1585 10 0 0 0 0 0 0 0 0 0 0 0 
1586 10 0 0 0 0 0 0 0 0 0 0 0 
1587 10 0 0 0 0 0 0 0 0 0 0 0 
1588 10 0 0 0 0 0 0 0 0 0 0 0 
1589 10 0 0 0 0 0 0 0 0 0 0 0 
1590 10 0 0 0 0 0 0 0 0 0 0 0 
1591 10 0 0 0 0 0 0 0 0 0 0 0 
1592 10 0 0 0 0 0 0 0 0 0 0 0 
1593 10 0 0 0 0 0 0 0 0 0 0 0 
1594 10 0 0 0 0 0 0 0 0 0 0 0 
1595 10 0 0 0 0 0 0 0 0 0 0 0 
1596 10 0 0 0 0 0 0 0 0 0 0 0 
1597 10 0 0 0 0 0 0 0 0 0 0 0 
1598 10 0 0 0 0 0 0 0 0 0 0 0 
1599 10 0 0 0 0 0 0 0 0 0 0 0 
1600 10 0 0 0 0 0 0 0 0 0 0 0 
1601 10 0 0 0 0 0 0 0 0 0 0 0 
1602 10 0 0 0 0 0 0 0 0 0 0 0 
1603 10 0 0 0 0 0 0 0 0 0 0 0 
1604 10 0 0 0 0 0 0 0 0 0 0 0 
1605 10 0 0 0 0 0 0 0 0 0 0 0 
1606 10 0 0 0 0 0 0 0 0 0 0 0 
1607 10 0 0 0 0 0 0 0 0 0 0 0 
1608 10 0 0 0 0 0 0 0 0 0 0 0 
1609 10 0 0 0 0 0 0 0 0 0 0 0 
1610 10 0 0 0 0 0 0 0 0 0 0 0 
1611 10 0 0 0 0 0 0 0 0 0 0 0 
1612 10 0 0 0 0 0 0 0 0 0 0 0 
1613 10 0 0 0 0 0 0 0 0 0 0 0 
1614 10 0 0 0 0 0 0 0 0 0 0 0 
1615 10 0 0 0 0 0 0 0 0 0 0 0 
1616 10 0 0 0 0 0 0 0 0 0 0 0 
1617 10 0 0 0 0 0 0 0 0 0 0 0 
1618 10 0 0 0 0 0 0 0 0 0 0 0 
1619 10 0 0 0 0 0 0 0 0 0 0 0 
1620 10 0 0 0 0 0 0 0 0 0 0 0 
1621 10 0 0 0 0 0 0 0 0 0 0 0 
1622 10 0 0 0 0 0 0 0 0 0 0 0 
1623 10 0 0 0 0 0 0 0 0 0 0 0 
1624 10 0 0 0 0 0 0 0 0 0 0 0 
1625 10 0 0 0 0 0 0 0 0 0 0 0 
1626 10 0 0 0 0 0 0 0 0 0 0 0 
1627 10 0 0 0 0 0 0 0 0 0 0 0 
1628 10 0 0 0 0 0 0 0 0 0 0 0 
1629 10 0 0 0 0 0 0 0 0 0 0 0 
1630 10 0 0 0 0 0 0 0 0 0 0 0 
1631 10 0 0 0 0 0 0 0 0 0 0 0 
1632 10 0 0 0 0 0 0 0 0 0 0 0 
1633 10 0 0 0 0 0 0 0 0 0 0 0 
1634 10 0 0 0 0 0 0 0 0 0 0 0 
1635 10 0 0 0 0 0 0 0 0 0 0 0 
1636 10 0 0 0 0 0 0 0 0 0 0 0 
1637 10 0 0 0 0 0 0 0 0 0 0 0 
1638 10 0 0 0 0 0 0 0 0 0 0 0 
1639 10 0 0 0 0 0 0 0 0 0 0 0 
1640 10 0 0 0 0 0 0 0 0 0 0 0 
1641 10 0 0 0 0 0 0 0 0 0 0 0 
1642 10 0 0 0 0 0 0 0 0 0 0 0 
1643 10 0 0 0 0 0 0 0 0 0 0 0 
1644 10 0 0 0 0 0 0 0 0 0 0 0 
1645 10 0 0 0 0 0 0 0 0 0 0 0 
1646 10 0 0 0 0 0 0 0 0 0 0 0 
1647 10 0 0 0 0 0 0 0 0 0 0 0 
1648 10 0 0 0 0 0 0 0 0 0 0 0 
1649 10 0 0 0 0 0 0 0 0 0 0 0 
1650 10 0 0 0 0 0 0 0 0 0 0 0 
1651 10 0 0 0 0 0 0 0 0 0 0 0 
1652 10 0 0 0 0 0 0 0 0 0 0 0 
1653 10 0 0 0 0 0 0 0 0 0 0 0 
1654 10 0 0 0 0 0 0 0 0 0 0 0 
1655 10 0 0 0 0 0 0 0 0 0 0 0 
1656 10 0 0 0 0 0 0 0 0 0 0 0 
1657 10 0 0 0 0 0 0 0 0 0 0 0 
1658 10 0 0 0 0 0 0 0 0 0 0 0 
1659 10 0 0 0 0 0 0 0 0 0 0 0 
1660 10 0 0 0 0 0 0 0 0 0 0 0 
1661 10 0 0 0 0 0 0 0 0 0 0 0 
1662 10 0 0 0 0 0 0 0 0 0 0 0 
1663 10 0 0 0 0 0 0 0 0 0 0 0 
1664 10 0 0 0 0 0 0 0 0 0 0 0 
1665 10 0 0 0 0 0 0 0 0 0 0 0 
1666 10 0 0 0 0 0 0 0 0 0 0 0 
1667 10 0 0 0 0 0 0 0 0 0 0 0 
1668 10 0 0 0 0 0 0 0 0 0 0 0 
1669 10 0 0 0 0 0 0 0 0 0 0 0 
1670 10 0 0 0 0 0 0 0 0 0 0 0 
1671 10 0 0 0 0 0 0 0 0 0 0 0 
1672 10 0 0 0 0 0 0 0 0 0 0 0 
1673 10 0 0 0 0 0 0 0 0 0 0 0 
1674 10 0 0 0 0 0 0 0 0 0 0 0 
1675 10 0 0 0 0 0 0 0 0 0 0 0 
1676 10 0 0 0 0 0 0 0 0 0 0 0 
1677 10 0 0 0 0 0 0 0 0 0 0 0 
1678 10 0 0 0 0 0 0 0 0 0 0 0 
1679 10 0 0 0 0 0 0 0 0 0 0 0 
1680 10 0 0 0 0 0 0 0 0 0 0 0 
1681 10 0 0 0 0 0 0 0 0 0 0 0 
1682 10 0 0 0 0 0 0 0 0 0 0 0 
1683 10 0 0 0 0 0 0 0 0 0 0 0 
1684 10 0 0 0 0 0 0 0 0 0 0 0 
1685 10 0 0 0 0 0 0 0 0 0 0 0 
1686 10 0 0 0 0 0 0 0 0 0 0 0 
1687 10 0 0 0 0 0 0 0 0 0 0 0 
1688 10 0 0 0 0 0 0 0 0 0 0 0 
1689 10 0 0 0 0 0 0 0 0 0 0 0 
1690 10 0 0 0 0 0 0 0 0 0 0 0 
1691 10 0 0 0 0 0 0 0 0 0 0 0 
1692 10 0 0 0 0 0 0 0 0 0 0 0 
1693 10 0 0 0 0 0 0 0 0 0 0 0 
1694 10 0 0 0 0 0 0 0 0 0 0 0 
1695 10 0 0 0 0 0 0 0 0 0 0 0 
1696 10 0 0 0 0 0 0 0 0 0 0 0 
1697 10 0 0 0 0 0 0 0 0 0 0 0 
1698 10 0 0 0 0 0 0 0 0 0 0 0 
1699 10 0 0 0 0 0 0 0 0 0 0 0 
1700 10 0 0 0 0 0 0 0 0 0 0 0 
1701 10 0 0 0 0 0 0 0 0 0 0 0 
1702 10 0 0 0 0 0 0 0 0 0 0 0 
1703 10 0 0 0 0 0 0 0 0 0 0 0 
1704 10 0 0 0 0 0 0 0 0 0 0 0 
1705 10 0 0 0 0 0 0 0 0 0 0 0 
1706 10 0 0 0 0 0 0 0 0 0 0 0 
1707 10 0 0 0 0 0 0 0 0 0 0 0 
1708 10 0 0 0 0 0 0 0 0 0 0 0 
1709 10 0 0 0 0 0 0 0 0 0 0 0 
1710 10 0 0 0 0 0 0 0 0 0 0 0 
1711 10 0 0 0 0 0 0 0 0 0 0 0 
1712 10 0 0 0 0 0 0 0 0 0 0 0 
1713 10 0 0 0 0 0 0 0 0 0 0 0 
1714 10 0 0 0 0 0 0 0 0 0 0 0 
1715 10 0 0 0 0 0 0 0 0 0 0 0 
1716 10 0 0 0 0 0 0 0 0 0 0 0 
1717 10 51 0 0 0 0 0 0 0 0 0 0 
1718 10 52 0 0 0 0 0 0 0 0 0 0 
1719 10 0 0 0 0 0 0 0 0 0 0 0 
1720 10 0 0 0 0 0 0 0 0 0 0 0 
1721 10 0 0 0 0 0 0 0 0 0 0 0 
1722 10 0 0 0 0 0 0 0 0 0 0 0 
1723 10 0 0 0 0 0 0 0 0 0 0 0 
1724 10 0 0 0 0 0 0 0 0 0 0 0 
1725 10 0 0 0 0 0 0 0 0 0 0 0 
1726 10 0 0 0 0 0 0 0 0 0 0 0 
1727 10 0 0 0 0 0 0 0 0 0 0 0 
1728 10 0 0 0 0 0 0 0 0 0 0 0 
1729 10 0 0 0 0 0 0 0 0 0 0 0 
1730 10 0 0 0 0 0 0 0 0 0 0 0 
1731 10 0 0 0 0 0 0 0 0 0 0 0 
1732 10 0 0 0 0 0 0 0 0 0 0 0 
1733 10 0 0 0 0 0 0 0 0 0 0 0 
1734 10 0 0 0 0 0 0 0 0 0 0 0 
1735 10 0 0 0 0 0 0 0 0 0 0 0 
1736 10 0 0 0 0 0 0 0 0 0 0 0 
1737 10 0 0 0 0 0 0 0 0 0 0 0 
1738 10 0 0 0 0 0 0 0 0 0 0 0 
1739 10 0 0 0 0 0 0 0 0 0 0 0 
1740 10 0 0 0 0 0 0 0 0 0 0 0 
1741 10 0 0 0 0 0 0 0 0 0 0 0 
1742 10 0 0 0 0 0 0 0 0 0 0 0 
1743 10 0 0 0 0 0 0 0 0 0 0 0 
1744 10 0 0 0 0 0 0 0 0 0 0 0 
1745 10 0 0 0 0 0 0 0 0 0 0 0 
1746 10 0 0 0 0 0 0 0 0 0 0 0 
1747 10 0 0 0 0 0 0 0 0 0 0 0 
1748 10 0 0 0 0 0 0 0 0 0 0 0 
1749 10 0 0 0 0 0 0 0 0 0 0 0 
1750 10 0 0 0 0 0 0 0 0 0 0 0 
1751 10 0 0 0 0 0 0 0 0 0 0 0 
1752 10 0 0 0 0 0 0 0 0 0 0 0 
1753 10 0 0 0 0 0 0 0 0 0 0 0 
1754 10 0 0 0 0 0 0 0 0 0 0 0 
1755 10 0 0 0 0 0 0 0 0 0 0 0 
1756 10 0 0 0 0 0 0 0 0 0 0 0 
1757 10 0 0 0 0 0 0 0 0 0 0 0 
1758 10 0 0 0 0 0 0 0 0 0 0 0 
1759 10 0 0 0 0 0 0 0 0 0 0 0 
1760 10 0 0 0 0 0 0 0 0 0 0 0 
1761 10 0 0 0 0 0 0 0 0 0 0 0 
1762 10 0 0 0 0 0 0 0 0 0 0 0 
1763 10 0 0 0 0 0 0 0 0 0 0 0 
1764 10 0 0 0 0 0 0 0 0 0 0 0 
1765 10 0 0 0 0 0 0 0 0 0 0 0 
1766 10 0 0 0 0 0 0 0 0 0 0 0 
1767 10 0 0 0 0 0 0 0 0 0 0 0 
1768 10 0 0 0 0 0 0 0 0 0 0 0 
1769 10 0 0 0 0 0 0 0 0 0 0 0 
1770 10 0 0 0 0 0 0 0 0 0 0 0 
1771 10 0 0 0 0 0 0 0 0 0 0 0 
1772 10 0 0 0 0 0 0 0 0 0 0 0 
1773 10 0 0 0 0 0 0 0 0 0 0 0 
1774 10 0 0 0 0 0 0 0 0 0 0 0 
1775 10 0 0 0 0 0 0 0 0 0 0 0 
1776 10 0 0 0 0 0 0 0 0 0 0 0 
1777 10 0 0 0 0 0 0 0 0 0 0 0 
1778 10 0 0 0 0 0 0 0 0 0 0 0 
1779 10 0 0 0 0 0 0 0 0 0 0 0 
1780 10 0 0 0 0 0 0 0 0 0 0 0 
1781 10 0 0 0 0 0 0 0 0 0 0 0 
1782 10 0 0 0 0 0 0 0 0 0 0 0 
1783 10 0 0 0 0 0 0 0 0 0 0 0 
1784 10 0 0 0 0 0 0 0 0 0 0 0 
1785 10 0 0 0 0 0 0 0 0 0 0 0 
1786 10 0 0 0 0 0 0 0 0 0 0 0 
1787 10 0 0 0 0 0 0 0 0 0 0 0 
1788 10 0 0 0 0 0 0 0 0 0 0 0 
1789 10 0 0 0 0 0 0 0 0 0 0 0 
1790 10 0 0 0 0 0 0 0 0 0 0 0 
1791 10 0 0 0 0 0 0 0 0 0 0 0 
1792 10 0 0 0 0 0 0 0 0 0 0 0 
1793 10 0 0 0 0 0 0 0 0 0 0 0 
1794 10 0 0 0 0 0 0 0 0 0 0 0 
1795 10 0 0 0 0 0 0 0 0 0 0 0 
1796 10 0 0 0 0 0 0 0 0 0 0 0 
1797 10 0 0 0 0 0 0 0 0 0 0 0 
1798 10 0 0 0 0 0 0 0 0 0 0 0 
1799 10 0 0 0 0 0 0 0 0 0 0 0 
1800 10 0 0 0 0 0 0 0 0 0 0 0 
1801 10 0 0 0 0 0 0 0 0 0 0 0 
1802 10 0 0 0 0 0 0 0 0 0 0 0 
1803 10 0 0 0 0 0 0 0 0 0 0 0 
1804 10 0 0 0 0 0 0 0 0 0 0 0 
1805 10 0 0 0 0 0 0 0 0 0 0 0 
1806 10 0 0 0 0 0 0 0 0 0 0 0 
1807 10 0 0 0 0 0 0 0 0 0 0 0 
1808 10 0 0 0 0 0 0 0 0 0 0 0 
1809 10 0 0 0 0 0 0 0 0 0 0 0 
1810 10 0 0 0 0 0 0 0 0 0 0 0 
1811 10 0 0 0 0 0 0 0 0 0 0 0 
1812 10 0 0 0 0 0 0 0 0 0 0 0 
1813 10 0 0 0 0 0 0 0 0 0 0 0 
1814 10 0 0 0 0 0 0 0 0 0 0 0 
1815 10 0 0 0 0 0 0 0 0 0 0 0 
1816 10 0 0 0 0 0 0 0 0 0 0 0 
1817 10 0 0 0 0 0 0 0 0 0 0 0 
1818 10 0 0 0 0 0 0 0 0 0 0 0 
1819 10 0 0 0 0 0 0 0 0 0 0 0 
1820 10 0 0 0 0 0 0 0 0 0 0 0 
1821 10 0 0 0 0 0 0 0 0 0 0 0 
1822 10 0 0 0 0 0 0 0 0 0 0 0 
1823 10 0 0 0 0 0 0 0 0 0 0 0 
1824 10 0 0 0 0 0 0 0 0 0 0 0 
1825 10 0 0 0 0 0 0 0 0 0 0 0 
1826 10 0 0 0 0 0 0 0 0 0 0 0 
1827 10 0 0 0 0 0 0 0 0 0 0 0 
1828 10 0 0 0 0 0 0 0 0 0 0 0 
1829 10 0 0 0 0 0 0 0 0 0 0 0 
1830 10 0 0 0 0 0 0 0 0 0 0 0 
1831 10 0 0 0 0 0 0 0 0 0 0 0 
1832 10 0 0 0 0 0 0 0 0 0 0 0 
1833 10 0 0 0 0 0 0 0 0 0 0 0 
1834 10 0 0 0 0 0 0 0 0 0 0 0 
1835 10 0 0 0 0 0 0 0 0 0 0 0 
1836 10 0 0 0 0 0 0 0 0 0 0 0 
1837 10 0 0 0 0 0 0 0 0 0 0 0 
1838 10 0 0 0 0 0 0 0 0 0 0 0 
1839 10 0 0 0 0 0 0 0 0 0 0 0 
1840 10 0 0 0 0 0 0 0 0 0 0 0 
1841 10 0 0 0 0 0 0 0 0 0 0 0 
1842 10 0 0 0 0 0 0 0 0 0 0 0 
1843 10 0 0 0 0 0 0 0 0 0 0 0 
1844 10 0 0 0 0 0 0 0 0 0 0 0 
1845 10 0 0 0 0 0 0 0 0 0 0 0 
1846 10 0 0 0 0 0 0 0 0 0 0 0 
1847 10 0 0 0 0 0 0 0 0 0 0 0 
1848 10 0 0 0 0 0 0 0 0 0 0 0 
1849 10 0 0 0 0 0 0 0 0 0 0 0 
1850 10 0 0 0 0 0 0 0 0 0 0 0 
1851 10 0 0 0 0 0 0 0 0 0 0 0 
1852 10 0 0 0 0 0 0 0 0 0 0 0 
1853 10 0 0 0 0 0 0 0 0 0 0 0 
1854 10 0 0 0 0 0 0 0 0 0 0 0 
1855 10 0 0 0 0 0 0 0 0 0 0 0 
1856 10 0 0 0 0 0 0 0 0 0 0 0 
1857 10 0 0 0 0 0 0 0 0 0 0 0 
1858 10 0 0 0 0 0 0 0 0 0 0 0 
1859 10 0 0 0 0 0 0 0 0 0 0 0 
1860 10 0 0 0 0 0 0 0 0 0 0 0 
1861 10 0 0 0 0 0 0 0 0 0 0 0 
1862 10 0 0 0 0 0 0 0 0 0 0 0 
1863 10 0 0 0 0 0 0 0 0 0 0 0 
1864 10 0 0 0 0 0 0 0 0 0 0 0 
1865 10 0 0 0 0 0 0 0 0 0 0 0 
1866 10 0 0 0 0 0 0 0 0 0 0 0 
1867 10 0 0 0 0 0 0 0 0 0 0 0 
1868 10 0 0 0 0 0 0 0 0 0 0 0 
1869 10 0 0 0 0 0 0 0 0 0 0 0 
1870 10 0 0 0 0 0 0 0 0 0 0 0 
1871 10 0 0 0 0 0 0 0 0 0 0 0 
1872 10 0 0 0 0 0 0 0 0 0 0 0 
1873 10 0 0 0 0 0 0 0 0 0 0 0 
1874 10 0 0 0 0 0 0 0 0 0 0 0 
1875 10 0 0 0 0 0 0 0 0 0 0 0 
1876 10 0 0 0 0 0 0 0 0 0 0 0 
1877 10 0 0 0 0 0 0 0 0 0 0 0 
1878 10 0 0 0 0 0 0 0 0 0 0 0 
1879 10 0 0 0 0 0 0 0 0 0 0 0 
1880 10 0 0 0 0 0 0 0 0 0 0 0 
1881 10 0 0 0 0 0 0 0 0 0 0 0 
1882 10 0 0 0 0 0 0 0 0 0 0 0 
1883 10 0 0 0 0 0 0 0 0 0 0 0 
1884 10 0 0 0 0 0 0 0 0 0 0 0 
1885 10 0 0 0 0 0 0 0 0 0 0 0 
1886 10 0 0 0 0 0 0 0 0 0 0 0 
1887 10 0 0 0 0 0 0 0 0 0 0 0 
1888 10 0 0 0 0 0 0 0 0 0 0 0 
1889 10 0 0 0 0 0 0 0 0 0 0 0 
1890 10 0 0 0 0 0 0 0 0 0 0 0 
1891 10 0 0 0 0 0 0 0 0 0 0 0 
1892 10 0 0 0 0 0 0 0 0 0 0 0 
1893 10 0 0 0 0 0 0 0 0 0 0 0 
1894 10 0 0 0 0 0 0 0 0 0 0 0 
1895 10 0 0 0 0 0 0 0 0 0 0 0 
1896 10 0 0 0 0 0 0 0 0 0 0 0 
1897 10 0 0 0 0 0 0 0 0 0 0 0 
1898 10 0 0 0 0 0 0 0 0 0 0 0 
1899 10 0 0 0 0 0 0 0 0 0 0 0 
1900 10 0 0 0 0 0 0 0 0 0 0 0 
1901 10 0 0 0 0 0 0 0 0 0 0 0 
1902 10 0 0 0 0 0 0 0 0 0 0 0 
1903 10 0 0 0 0 0 0 0 0 0 0 0 
1904 10 0 0 0 0 0 0 0 0 0 0 0 
1905 10 0 0 0 0 0 0 0 0 0 0 0 
1906 10 0 0 0 0 0 0 0 0 0 0 0 
1907 10 0 0 0 0 0 0 0 0 0 0 0 
1908 10 0 0 0 0 0 0 0 0 0 0 0 
1909 10 0 0 0 0 0 0 0 0 0 0 0 
1910 10 0 0 0 0 0 0 0 0 0 0 0 
1911 10 0 0 0 0 0 0 0 0 0 0 0 
1912 10 0 0 0 0 0 0 0 0 0 0 0 
1913 10 0 0 0 0 0 0 0 0 0 0 0 
1914 10 0 0 0 0 0 0 0 0 0 0 0 
1915 10 65 0 0 0 0 0 0 0 0 0 0 
1916 10 66 0 0 0 0 0 0 0 0 0 0 
1917 10 67 0 0 0 0 0 0 0 0 0 0 
1918 10 68 0 0 0 0 0 0 0 0 0 0 
1919 10 0 0 0 0 0 0 0 0 0 0 0 
1920 10 0 0 0 0 0 0 0 0 0 0 0 
1921 10 0 0 0 0 0 0 0 0 0 0 0 
1922 10 0 0 0 0 0 0 0 0 0 0 0 
1923 10 0 0 0 0 0 0 0 0 0 0 0 
1924 10 0 0 0 0 0 0 0 0 0 0 0 
1925 10 0 0 0 0 0 0 0 0 0 0 0 
1926 10 0 0 0 0 0 0 0 0 0 0 0 
1927 10 0 0 0 0 0 0 0 0 0 0 0 
1928 10 0 0 0 0 0 0 0 0 0 0 0 
1929 10 0 0 0 0 0 0 0 0 0 0 0 
1930 10 0 0 0 0 0 0 0 0 0 0 0 
1931 10 0 0 0 0 0 0 0 0 0 0 0 
1932 10 0 0 0 0 0 0 0 0 0 0 0 
1933 10 0 0 0 0 0 0 0 0 0 0 0 
1934 10 0 0 0 0 0 0 0 0 0 0 0 
1935 10 0 0 0 0 0 0 0 0 0 0 0 
1936 10 0 0 0 0 0 0 0 0 0 0 0 
1937 10 0 0 0 0 0 0 0 0 0 0 0 
1938 10 0 0 0 0 0 0 0 0 0 0 0 
1939 10 0 0 0 0 0 0 0 0 0 0 0 
1940 10 0 0 0 0 0 0 0 0 0 0 0 
1941 10 0 0 0 0 0 0 0 0 0 0 0 
1942 10 0 0 0 0 0 0 0 0 0 0 0 
1943 10 0 0 0 0 0 0 0 0 0 0 0 
1944 10 0 0 0 0 0 0 0 0 0 0 0 
1945 10 0 0 0 0 0 0 0 0 0 0 0 
1946 10 0 0 0 0 0 0 0 0 0 0 0 
1947 10 0 0 0 0 0 0 0 0 0 0 0 
1948 10 0 0 0 0 0 0 0 0 0 0 0 
1949 10 0 0 0 0 0 0 0 0 0 0 0 
1950 10 0 0 0 0 0 0 0 0 0 0 0 
1951 10 0 0 0 0 0 0 0 0 0 0 0 
1952 10 0 0 0 0 0 0 0 0 0 0 0 
1953 10 0 0 0 0 0 0 0 0 0 0 0 
1954 10 0 0 0 0 0 0 0 0 0 0 0 
1955 10 0 0 0 0 0 0 0 0 0 0 0 
1956 10 0 0 0 0 0 0 0 0 0 0 0 
1957 10 0 0 0 0 0 0 0 0 0 0 0 
1958 10 0 0 0 0 0 0 0 0 0 0 0 
1959 10 0 0 0 0 0 0 0 0 0 0 0 
1960 10 0 0 0 0 0 0 0 0 0 0 0 
1961 10 0 0 0 0 0 0 0 0 0 0 0 
1962 10 0 0 0 0 0 0 0 0 0 0 0 
1963 10 0 0 0 0 0 0 0 0 0 0 0 
1964 10 0 0 0 0 0 0 0 0 0 0 0 
1965 10 0 0 0 0 0 0 0 0 0 0 0 
1966 10 0 0 0 0 0 0 0 0 0 0 0 
1967 10 0 0 0 0 0 0 0 0 0 0 0 
1968 10 0 0 0 0 0 0 0 0 0 0 0 
1969 10 0 0 0 0 0 0 0 0 0 0 0 
1970 10 0 0 0 0 0 0 0 0 0 0 0 
1971 10 0 0 0 0 0 0 0 0 0 0 0 
1972 10 0 0 0 0 0 0 0 0 0 0 0 
1973 10 0 0 0 0 0 0 0 0 0 0 0 
1974 10 0 0 0 0 0 0 0 0 0 0 0 
1975 10 0 0 0 0 0 0 0 0 0 0 0 
1976 10 0 0 0 0 0 0 0 0 0 0 0 
1977 10 0 0 0 0 0 0 0 0 0 0 0 
1978 10 0 0 0 0 0 0 0 0 0 0 0 
1979 10 0 0 0 0 0 0 0 0 0 0 0 
1980 10 0 0 0 0 0 0 0 0 0 0 0 
1981 10 0 0 0 0 0 0 0 0 0 0 0 
1982 10 0 0 0 0 0 0 0 0 0 0 0 
1983 10 0 0 0 0 0 0 0 0 0 0 0 
1984 10 0 0 0 0 0 0 0 0 0 0 0 
1985 10 82 0 0 0 0 0 0 0 0 0 0 
1986 10 83 0 0 0 0 0 0 0 0 0 0 
1987 10 84 0 0 0 0 0 0 0 0 0 0 
1988 10 85 0 0 0 0 0 0 0 0 0 0 
1989 10 86 0 0 0 0 0 0 0 0 0 0 
1990 10 87 0 0 0 0 0 0 0 0 0 0 
1991 10 0 0 0 0 0 0 0 0 0 0 0 
1992 10 0 0 0 0 0 0 0 0 0 0 0 
1993 10 0 0 0 0 0 0 0 0 0 0 0 
1994 10 0 0 0 0 0 0 0 0 0 0 0 
1995 10 0 0 0 0 0 0 0 0 0 0 0 
1996 10 0 0 0 0 0 0 0 0 0 0 0 
1997 10 0 0 0 0 0 0 0 0 0 0 0 
1998 10 0 0 0 0 0 0 0 0 0 0 0 
1999 10 0 0 0 0 0 0 0 0 0 0 0 
2000 10 0 0 0 0 0 0 0 0 0 0 0 
2001 10 0 0 0 0 0 0 0 0 0 0 0 
2002 10 0 0 0 0 0 0 0 0 0 0 0 
2003 10 0 0 0 0 0 0 0 0 0 0 0 
2004 10 0 0 0 0 0 0 0 0 0 0 0 
2005 10 0 0 0 0 0 0 0 0 0 0 0 
2006 10 0 0 0 0 0 0 0 0 0 0 0 
2007 10 0 0 0 0 0 0 0 0 0 0 0 
2008 10 0 0 0 0 0 0 0 0 0 0 0 
2009 10 0 0 0 0 0 0 0 0 0 0 0 
2010 10 0 0 0 0 0 0 0 0 0 0 0 
2011 10 0 0 0 0 0 0 0 0 0 0 0 
2012 10 0 0 0 0 0 0 0 0 0 0 0 
2013 10 0 0 0 0 0 0 0 0 0 0 0 
2014 10 0 0 0 0 0 0 0 0 0 0 0 
2015 10 92 0 0 0 0 0 0 0 0 0 0 
2016 10 93 0 0 0 0 0 0 0 0 0 0 
2017 10 94 0 0 0 0 0 0 0 0 0 0 
2018 10 95 0 0 0 0 0 0 0 0 0 0 
2019 10 96 0 0 0 0 0 0 0 0 0 0 
2020 10 97 0 0 0 0 0 0 0 0 0 0 
2021 10 98 0 0 0 0 0 0 0 0 0 0 
2022 10 99 0 0 0 0 0 0 0 0 0 0 
2023 10 100 0 0 0 0 0 0 0 0 0 0 
2024 10 101 0 0 0 0 0 0 0 0 0 0 
2025 10 102 0 0 0 0 0 0 0 0 0 0 
2026 10 103 0 0 0 0 0 0 0 0 0 0 
2027 10 104 0 0 0 0 0 0 0 0 0 0 
2028 10 105 0 0 0 0 0 0 0 0 0 0 
2029 10 0 0 0 0 0 0 0 0 0 0 0 
2030 10 0 0 0 0 0 0 0 0 0 0 0 
2031 10 0 0 0 0 0 0 0 0 0 0 0 
2032 10 0 0 0 0 0 0 0 0 0 0 0 
2033 10 0 0 0 0 0 0 0 0 0 0 0 
2034 10 0 0 0 0 0 0 0 0 0 0 0 
2035 10 109 0 0 0 0 0 0 0 0 0 0 
2036 10 110 0 0 0 0 0 0 0 0 0 0 
2037 10 0 0 0 0 0 0 0 0 0 0 0 
2038 10 0 0 0 0 0 0 0 0 0 0 0 
2039 10 112 0 0 0 0 0 0 0 0 0 0 
2040 10 113 0 0 0 0 0 0 0 0 0 0 
2041 10 114 0 0 0 0 0 0 0 0 0 0 
2042 10 115 0 0 0 0 0 0 0 0 0 0 
2043 10 0 0 0 0 0 0 0 0 0 0 0 
2044 10 0 0 0 0 0 0 0 0 0 0 0 
2045 10 0 0 0 0 0 0 0 0 0 0 0 
2046 10 0 0 0 0 0 0 0 0 0 0 0 

0 11 2 7 0.601449 2 3 -13 3 -15 10 0.985417 11 -16 29 -16 36 -14 21 -16 24 -15 7 -14 11 -15 -17 -12 35 -12 15 -17 13 -14 -3 
1 11 2 7 0.937265 9 3 27 8 7 -6 -8 -5 -8 1 -28 -1 -28 -3 -30 0 -30 3 -13 10 0.872211 5 -13 15 -13 -25 -17 -24 -12 -1 -5 -6 
2 11 2 7 0.601449 2 1 -18 7 12 10 0.985417 11 -3 -18 -5 -9 -12 -29 -9 -5 -10 -30 -6 -27 -12 -3 -14 24 -7 -26 -15 3 -17 -7 
3 11 2 7 0.997814 55 -6 -8 -7 -3 -5 7 -2 18 -3 29 -6 18 1 30 -6 26 -7 38 -6 34 -6 26 6 22 -7 22 0 35 8 -13 -7 13 -5 -12 8 20 -2 22 -7 12 -7 15 -3 26 -7 20 -5 11 0 19 7 12 -5 34 -7 -3 8 13 -4 -18 -5 22 -2 -15 -5 -14 -4 20 -7 29 -4 -19 -5 21 -4 32 -6 28 4 20 -5 -14 -3 21 -6 26 -5 -7 -7 2 -7 15 -5 -18 -6 -10 -6 2 -7 11 -7 10 2 -19 -2 -21 -7 -22 7 -24 10 0.18259 1 -14 -12 
4 11 2 7 0.892473 2 -7 -25 -6 -28 10 0.924731 2 -12 -22 -17 -31 
5 11 2 7 0.892473 5 -5 -27 -7 -31 -6 -43 -1 -11 1 -17 10 0.924731 5 -4 -14 -8 -9 -2 -17 -17 -33 -6 -10 
6 11 2 7 0.998282 70 6 -6 2 -19 3 -35 1 -35 4 -34 1 -22 0 14 0 15 -6 -19 -6 -25 -4 18 -2 -21 7 -28 -4 -1 2 18 -1 -4 5 -16 -3 11 5 30 1 -16 -4 -27 4 36 -7 -19 -4 -12 -5 2 -3 -7 -2 -36 -6 -37 -1 -42 -3 -41 -5 -28 6 -30 0 -30 -4 -13 -2 -31 -3 -33 3 -44 6 -28 0 -42 3 -43 3 -39 -4 -35 8 -32 1 -32 4 -32 7 -36 -5 -34 -2 27 -2 -27 -4 0 -6 -33 -5 -39 -6 -37 -5 -32 -4 -18 -4 -21 -4 6 -2 5 -3 5 5 2 -1 -2 -2 16 -2 2 2 11 -1 30 -1 11 0 11 0 10 -1 6 -3 7 10 0.149306 1 -9 -35 
7 11 2 7 0.892473 1 -1 6 10 0.924731 1 -4 -36 
8 11 3 1 0.861592 3 -8 -51 -4 -37 -11 -40 2 0.768519 2 6 -23 7 8 9 0.788732 2 -29 -25 -26 -66 
9 11 2 2 0.997269 44 -3 -12 -2 -12 0 23 1 13 -5 14 1 17 -6 9 -5 19 -5 18 6 14 3 12 5 11 -6 18 7 19 1 -11 5 9 -4 15 -3 20 1 -10 6 15 7 16 0 -19 7 15 4 4 -2 1 2 -9 -1 11 3 -10 -2 18 -5 5 -4 12 -1 20 0 16 -3 14 -4 2 2 9 -4 1 2 3 -4 -14 4 8 0 11 -3 -7 -3 -20 5 7 3 0.1587 1 -5 16 
10 11 2 1 0.892473 1 -14 -65 2 0.892473 1 -2 -6 
11 11 4 0 0.525316 2 -6 -55 -9 -5 1 0.718615 4 0 -9 -1 -61 -13 -71 -14 -5 2 0.903265 9 4 -5 -2 -27 7 -26 2 -4 2 3 0 -4 0 -7 2 -23 0 -16 9 0.554455 2 -31 -88 -32 -131 
12 11 6 0 0.674797 3 -9 -7 -8 -5 -4 -8 1 0.674797 3 0 -36 -11 -56 -1 -51 2 0.560811 2 1 -20 -2 7 3 0.372197 1 -3 -3 7 0.560811 2 -2 -7 1 -43 10 0.817102 4 -7 13 -5 15 3 -18 -6 10 
13 11 4 1 0.58042 2 -4 -80 -12 -84 2 0.389671 1 4 2 7 0.954023 10 7 -44 -4 23 2 9 -1 13 -5 -29 -4 17 0 -36 -5 18 1 14 1 -38 10 0.485876 1 -16 -26 
14 11 2 1 0.58042 1 -16 26 8 0.980315 6 -15 -9 -15 -9 -15 -8 -15 -11 -15 -10 -17 -11 
15 11 8 0 0.509202 2 -7 60 -5 -47 1 0.509202 2 -13 22 3 24 2 0.509202 2 2 24 -1 22 4 0.710744 3 20 19 19 13 27 17 7 0.761468 5 -1 41 3 41 -1 44 -6 45 -7 42 8 0.328063 1 -16 -8 9 0.35443 1 -27 19 10 0.605634 2 -17 32 -4 21 
16 11 2 8 0.997927 116 -4 9 -5 10 -5 3 -5 8 -6 11 -6 9 1 0 1 2 -3 4 -5 4 0 -1 0 5 -10 12 -12 13 -14 -11 -11 11 -10 11 -4 3 -12 9 -17 10 -10 -6 -10 -5 -16 5 -17 3 -9 12 0 -9 -12 11 -16 5 -13 6 -12 4 -13 6 -13 -10 -10 7 10 8 -14 -4 -15 -1 -10 1 -8 7 -11 5 -10 7 -12 -4 -9 13 -10 -11 -6 12 -8 6 -9 -4 -1 11 1 -10 -8 -7 -9 11 -2 -5 0 -1 4 9 -14 -2 -8 -1 -2 2 -13 7 3 2 -8 -11 -9 0 3 8 4 -3 -9 -12 -4 -12 -12 -1 -4 1 -8 -5 -14 -3 -6 5 -9 5 -15 12 -12 -3 -10 -5 -14 -1 -9 -8 -2 1 -16 -1 -15 0 -3 -3 -15 5 -1 10 -16 1 2 -4 6 -6 9 1 4 0 -14 12 -14 2 -7 -3 -11 -6 4 10 -1 -3 -4 3 -3 -7 -15 -2 -12 -6 -13 -5 -7 -3 -13 0 -4 1 -6 2 -13 -2 -14 1 -14 0 -13 -4 -5 -2 -3 -9 -9 -2 -12 -2 -12 1 -8 -6 -12 -8 -4 -2 2 -8 0 -4 1 -9 9 0.138614 2 -29 22 -28 8 
17 11 2 1 0.892473 1 -1 25 8 0.892473 1 -4 -13 
18 11 2 5 0.9375 4 5 15 5 19 -5 22 -4 22 8 0.943182 8 10 -1 11 -2 11 -1 -4 11 4 8 12 12 9 12 6 12 
19 11 3 3 0.832776 3 -3 13 6 15 -1 14 4 0.880546 3 -8 24 13 14 -33 27 8 0.734513 2 7 -8 12 8 
20 11 4 0 0.509202 1 -6 -54 2 0.70339 2 7 19 2 21 5 0.789474 1 2 14 8 0.912088 5 0 11 6 -1 9 -3 10 -5 6 -10 
21 11 2 0 0.990817 13 -1 34 -7 46 -2 65 -4 48 -5 56 -6 53 1 49 5 49 2 45 -5 45 -9 68 2 52 -3 -56 4 0.485876 1 19 10 
22 11 3 0 0.58042 1 -9 29 1 0.917127 4 12 -67 0 -64 2 31 -9 39 9 0.788732 2 -24 10 -22 -14 
23 11 2 0 0.994012 20 1 31 0 -20 -1 -20 0 -34 -9 31 -7 43 -4 -36 -4 41 -8 -35 -9 45 -5 -28 -6 -63 0 -53 -3 -47 -1 -35 -6 -36 -6 36 -5 48 -4 50 -8 38 3 0.293286 1 5 -17 
24 11 5 1 0.693593 3 -14 19 -13 15 -15 30 2 0.389671 1 5 18 7 0.58042 2 4 -10 -1 12 8 0.389671 1 -15 -10 10 0.924731 7 -15 10 -6 10 -17 4 -10 -9 -4 -17 -3 10 0 8 
25 11 3 2 0.408867 2 4 20 3 18 7 0.972114 21 4 6 -6 43 -3 34 0 24 7 35 1 12 -2 34 2 31 -4 35 2 26 -5 34 1 -21 -1 30 -2 20 0 22 7 -3 0 -17 -2 37 1 0 -4 22 -1 17 10 0.615752 3 -5 -12 -11 24 -17 -22 
26 11 9 0 0.686761 14 3 63 2 64 1 63 -1 60 -5 67 -8 66 -2 64 -9 -50 0 -49 -2 -52 5 25 2 -56 -2 -59 4 -54 1 0.644243 12 -9 26 -13 -14 -9 -2 -16 -8 -3 33 -9 -57 -13 33 13 15 -16 -21 -16 -20 -16 19 -15 -3 2 0.491956 7 -6 21 1 22 -4 20 -3 19 5 20 -2 27 3 -14 3 0.345114 4 2 -27 3 26 -4 -23 4 28 4 0.156934 1 -31 21 7 0.203431 2 -2 36 4 24 8 0.738357 17 -5 8 -2 11 -4 2 -6 7 -5 11 -7 -5 17 -2 4 3 5 3 5 11 -8 -9 -5 -7 14 2 -10 -8 -11 -9 6 -7 7 -5 9 0.372093 4 -18 -77 -19 14 -30 -4 -33 -128 10 0.54719 6 -13 -4 5 20 -2 -5 4 9 -5 -9 -4 -26 
27 11 8 0 0.321705 2 10 -26 9 18 1 0.696017 8 -14 -19 -14 42 -5 43 -8 -62 -11 41 4 -48 11 -61 10 -67 2 0.187359 1 7 21 3 0.887173 18 -2 29 4 -3 2 -9 -1 27 1 -4 5 6 -5 -3 2 17 -2 -1 -1 -1 -4 29 -2 -4 6 20 -2 23 2 7 2 6 -4 8 5 12 4 0.520161 3 -52 -23 -52 14 30 -10 7 0.187359 1 4 4 9 0.451613 3 -27 8 -11 -75 -8 -24 10 0.254438 1 1 10 
28 11 7 0 0.62406 3 5 43 0 51 2 54 1 0.509202 2 -9 18 -10 18 4 0.605634 2 24 25 24 20 7 0.761468 5 -6 40 -2 43 -7 40 -2 41 7 40 8 0.509202 2 12 10 1 8 9 0.538462 2 -27 3 -33 7 10 0.605634 2 -1 14 -7 14 
29 11 2 0 0.315589 1 2 -45 8 0.993351 18 5 5 4 3 9 -8 6 11 10 -11 10 3 15 -9 15 -5 -6 -9 15 -4 14 1 8 -13 7 -1 4 -3 5 -2 -2 -3 -1 -3 3 -4 
30 11 3 0 0.912088 5 5 60 8 59 2 59 1 58 6 58 1 0.70339 2 6 22 5 18 8 0.70339 2 7 2 -6 0 
31 11 3 0 0.920761 7 3 51 3 46 3 46 5 45 5 46 0 44 7 46 8 0.805825 4 2 5 12 -11 13 -11 12 -5 9 0.459016 1 -9 0 
32 11 2 3 0.16501 1 1 29 8 0.99714 42 -9 -13 9 4 10 -13 12 -10 4 3 4 1 12 -3 10 -3 7 -9 8 -9 10 -12 9 -10 3 -7 9 -9 -2 -8 7 -11 7 -8 7 -9 -4 -10 4 -7 7 5 5 13 16 13 16 7 6 -7 5 -4 11 -2 7 -3 -4 -10 3 -12 11 -5 8 -2 4 -2 9 6 15 5 8 -3 1 -2 6 6 -1 -7 0 -7 0 -6 -2 -8 
33 11 2 3 0.892473 1 4 7 8 0.892473 1 7 0 
34 11 5 0 0.408867 1 6 40 1 0.408867 1 4 -45 3 0.408867 1 1 30 7 0.408867 1 0 45 8 0.949174 9 -1 -13 -4 -10 -8 -12 0 -7 3 -8 6 -4 1 -8 10 -12 5 -13 
35 11 6 0 0.430052 1 3 37 1 0.62406 2 -2 1 -5 -14 2 0.62406 2 4 26 5 23 8 0.430052 1 7 5 9 0.823529 4 -21 -137 -26 -5 -16 -52 -22 -2 10 0.710744 2 -15 37 -13 37 
36 11 2 1 0.479769 1 -2 13 2 0.98679 9 6 -4 6 -6 5 6 6 8 -4 27 2 3 4 -5 -4 25 2 2 
37 11 6 0 0.648438 2 -3 33 -9 -35 1 0.648438 2 -13 4 -11 -25 2 0.825871 4 -3 24 -3 17 2 9 -2 5 3 0.453552 1 -5 21 4 0.551282 1 26 -14 8 0.453552 1 -15 -7 
38 11 5 0 0.341564 1 0 -31 1 0.525316 2 -12 -1 -13 -56 2 0.775701 5 2 -18 -1 -14 -2 -20 -1 27 5 -23 3 0.819079 6 0 -23 -3 9 -5 8 -4 13 -2 12 -5 14 9 0.666667 3 -12 -92 -19 -81 -19 -52 
39 11 5 0 0.509202 1 -9 -41 1 0.805825 3 -13 -47 3 -49 3 -55 2 0.509202 1 -6 13 3 0.805825 3 -2 21 -5 21 -3 21 9 0.538462 1 -17 -125 
40 11 4 0 0.821782 5 10 18 9 13 8 -58 3 7 -5 -66 2 0.58042 2 6 0 6 -6 3 0.768519 4 2 15 2 14 -1 -14 -4 3 9 0.717949 3 -27 -46 -28 -131 -23 -120 
41 11 2 0 0.988095 10 -9 -45 -5 -49 -8 -9 -3 -49 -6 -43 -8 -38 1 30 -5 -47 2 32 -5 -62 3 0.453552 1 2 -16 
42 11 2 3 0.995558 27 -5 30 -4 20 -2 3 2 9 1 8 2 26 -1 12 -3 27 -4 25 -4 23 -2 -14 -5 9 -4 -18 2 -22 -4 -24 -1 8 -3 9 -3 8 -2 0 -4 -2 -4 -8 -1 7 -2 -9 -5 -24 -4 -6 -4 26 -2 22 9 0.256881 1 -21 -61 
43 11 3 1 0.62406 1 -12 -76 3 0.892473 3 -1 -28 -4 6 -3 4 9 0.823529 2 -20 -31 -32 -75 
44 11 4 0 0.78673 4 -5 -26 -9 19 -5 -52 -6 -48 1 0.408867 1 -8 -32 2 0.78673 4 -6 1 -6 3 -4 3 -5 -8 9 0.805755 4 -30 -56 -27 -56 -25 -50 -23 -50 
45 11 3 0 0.479769 1 -6 -57 1 0.97076 8 -9 -23 -15 -16 -12 -12 -3 6 -16 -68 -3 -30 -4 -58 -15 -69 9 0.509091 1 -32 -88 
46 11 2 2 0.993351 18 7 9 5 12 4 13 -3 13 5 15 6 23 1 10 1 1 -4 17 -3 11 0 7 0 2 -1 10 4 22 4 23 -5 18 -1 -5 -5 6 3 0.315589 1 -5 -14 
47 11 3 0 0.805825 1 -6 16 1 0.805825 1 -4 -7 2 0.805825 1 -3 17 
48 11 3 0 0.97076 8 -6 11 -9 35 -5 37 -9 -68 -5 4 -7 10 -9 -60 0 9 1 0.479769 1 -2 5 3 0.479769 1 -5 -27 
49 11 3 0 0.96139 6 3 -53 4 -54 7 18 3 5 0 -68 0 -28 2 0.542484 1 2 -8 3 0.542484 1 -3 -23 
50 11 2 1 0.648438 2 0 -1 -6 -49 9 0.976744 9 -19 -21 -18 -11 -30 -115 -26 -82 -32 -60 -31 -146 -28 -146 -27 -102 -26 -95 
51 11 6 0 0.790476 5 -6 -30 -5 -54 -7 11 -8 32 -5 -29 1 0.542484 2 -9 -17 1 -51 2 0.734513 4 4 -26 3 -26 2 -4 2 18 3 0.542484 2 -5 4 -5 9 4 0.450262 1 -2 -23 9 0.571429 2 -26 -134 -17 -87 
52 11 3 0 0.542484 1 -9 16 1 0.96139 6 -12 -11 -6 -55 -10 -57 -15 -73 0 -11 -7 -17 3 0.542484 1 -3 3 
53 11 3 0 0.356223 1 -1 -66 3 0.983079 14 -3 -19 -5 7 -2 -3 -3 11 -2 -6 1 7 -4 -13 -2 4 -2 -10 -2 15 -3 -2 1 13 -3 -16 -3 -12 9 0.383562 1 -21 -33 
54 11 4 1 0.805825 2 -11 12 -10 12 2 0.62406 1 -4 22 5 0.857143 1 1 12 8 0.805825 2 -14 -12 -10 -9 
55 11 2 1 0.892473 1 -10 2 2 0.892473 1 -3 -12 
56 11 2 2 0.99714 42 -5 -9 -3 -4 -3 -6 -4 -8 1 -5 1 -6 0 0 -2 -10 3 23 2 -7 -3 -17 1 -24 -2 -12 6 23 -3 -12 6 25 -5 22 1 -8 6 26 7 24 7 23 3 -9 6 -11 0 -26 2 -12 -5 -11 3 -25 5 -14 6 -10 -2 -18 0 -13 3 -12 4 24 5 24 3 -10 7 -20 6 -10 3 -24 3 -25 7 21 6 21 6 1 9 0.181818 1 -31 -43 
57 11 4 1 0.328063 1 -1 -54 6 0.605634 2 -10 -9 -8 -36 9 0.970297 14 -22 -116 -21 22 -10 -73 -21 -39 -10 11 -25 -46 -7 20 -27 11 -19 -9 -11 32 -24 -87 -24 -27 -24 -44 -13 -50 10 0.419512 1 -1 30 
58 11 3 1 0.328063 1 -5 -81 4 0.710744 3 -27 -28 -25 11 -25 -13 9 0.970297 14 -10 -74 3 -122 -7 -143 -1 -85 -11 -111 -8 -13 3 -10 -6 -68 -18 -142 1 -96 -9 -4 -6 12 4 -12 -2 -112 
59 11 7 0 0.372197 1 0 12 1 0.805825 5 -16 27 2 -80 -15 -77 -16 -15 2 -23 2 0.372197 1 -1 8 4 0.467391 1 -41 -16 6 0.467391 1 -11 -13 9 0.772414 4 -30 -21 -16 -109 -19 -34 -13 -36 10 0.653992 2 -3 -21 0 -1 
60 11 3 1 0.674797 3 -9 -34 2 -32 -9 -5 6 0.960894 10 -7 -15 -12 -8 -10 -13 -11 -15 -7 30 -10 -27 -11 -27 -9 5 -9 -8 -7 26 9 0.589474 2 -32 -13 -30 -11 
61 11 2 1 0.58042 1 -15 -72 9 0.982456 6 -14 -88 -10 -126 -16 27 -24 20 -9 36 -23 -125 
62 11 8 1 0.775701 5 -5 16 -12 -82 5 -79 -4 -84 -16 -73 2 0.640103 3 2 27 -5 27 -6 -27 3 0.718615 4 -2 23 0 10 -2 5 -3 -29 4 0.434343 1 -10 -3 5 0.652174 1 17 5 7 0.341564 1 -2 28 9 0.368421 1 -18 -15 10 0.434343 1 -3 -37 
63 11 3 3 0.542484 1 -4 20 5 0.810811 1 -31 16 9 0.965517 6 -10 -7 -15 -65 -2 -14 7 18 -23 -95 -4 -9 
64 11 7 1 0.494048 2 -10 -83 1 -60 2 0.494048 2 -3 -13 2 -20 3 0.315589 1 -3 18 4 0.766147 4 -27 2 -27 3 -7 -28 -8 -28 5 0.625 1 18 12 6 0.877551 7 -12 -10 -11 -22 -11 -20 -9 -17 -10 25 -9 2 -11 1 9 0.523364 2 -11 -140 -17 -95 
65 11 4 1 0.734513 3 -10 -56 -11 23 -14 19 4 0.527607 1 -31 24 6 0.527607 1 -11 -36 9 0.92891 7 -22 -39 -21 -62 -19 -95 -24 25 -18 32 -30 33 -13 10 
66 11 4 0 0.479769 1 -1 34 1 0.674797 2 -16 53 -11 17 4 0.948529 6 -26 11 -38 -20 -43 22 -46 -25 -38 -28 -37 -28 9 0.509091 1 -9 32 
67 11 2 4 0.995947 20 -41 14 -33 14 -20 -2 -28 24 -29 1 -26 -9 -37 -22 -38 -11 -40 26 -46 2 -45 -5 -45 -28 -50 24 -39 5 -43 -28 -47 -9 -36 -16 -45 -10 -28 -8 -40 15 9 0.318182 1 3 -62 
68 11 3 4 0.86 1 -28 -15 5 0.9375 1 27 -16 9 0.823529 1 -18 4 
69 11 8 1 0.693593 3 2 -70 -10 -72 -14 13 3 0.389671 1 -5 -28 4 0.485876 1 -47 -28 6 0.770149 3 5 -23 1 -27 -4 -21 7 0.58042 2 6 -26 6 -32 8 0.389671 1 11 13 9 0.608696 2 -4 -140 19 -143 10 0.485876 1 8 -25 
70 11 3 2 0.58042 1 2 -27 4 0.968468 5 -49 -28 -50 -28 -48 -28 -36 -28 -38 -28 9 0.608696 1 -10 -99 
71 11 2 7 0.542484 1 2 -35 9 0.984925 7 -6 -89 13 -140 1 16 3 -91 -17 32 -3 20 -11 18 
72 11 3 1 0.372197 1 5 -4 2 0.372197 1 1 -24 3 0.981802 13 6 26 0 -30 4 21 6 12 3 18 6 -2 5 12 6 7 6 15 6 2 6 -18 1 -10 -2 -11 
73 11 2 0 0.542484 1 2 5 6 0.988506 7 0 26 -3 28 -4 28 2 28 -2 26 1 24 3 24 
74 11 7 0 0.58042 2 4 3 6 60 3 0.58042 2 0 -30 0 -18 6 0.485876 1 3 -26 7 0.389671 1 3 -17 8 0.768519 4 13 12 15 13 16 13 15 11 9 0.608696 2 -10 -49 -13 -138 10 0.671875 2 17 22 8 -4 
75 11 2 1 0.98679 9 7 11 -10 8 -4 14 -12 27 3 11 14 12 -8 31 -3 -75 -9 3 8 0.479769 1 7 5 
76 11 7 0 0.608802 3 -1 50 2 -67 -2 52 1 0.608802 3 -4 -75 -1 13 -7 -66 2 0.494048 2 6 -19 -3 5 3 0.315589 1 -4 -14 4 0.591065 2 -32 -27 -18 -11 6 0.40566 1 -10 22 9 0.844828 7 28 -25 -8 -56 -5 -70 -11 -119 -16 -25 -14 -98 -17 -37 
77 11 3 3 0.734513 1 5 1 9 0.756757 1 -2 -18 10 0.924731 2 8 0 8 -1 
78 11 2 3 0.998438 77 5 -16 -1 25 -2 27 -4 -18 -3 -17 0 9 0 27 -1 18 6 10 6 7 6 7 -1 -28 1 -26 -1 -21 6 -26 -1 -24 3 -30 -5 -20 4 -20 4 -30 6 -8 2 -20 2 -23 -4 -24 2 -23 0 20 0 19 5 -25 5 -22 3 -8 -1 -16 6 -17 -2 -24 5 -15 6 -11 1 -7 4 11 0 -11 -1 2 6 0 6 6 4 12 3 -23 0 6 0 -7 5 11 -5 -14 -3 -19 0 -2 0 0 -3 -23 3 6 1 -2 -4 -2 4 7 2 -2 3 8 0 -14 -3 7 -4 -17 -4 0 6 -23 1 -4 0 18 -3 17 -3 -5 -3 -18 -4 -19 6 -11 -5 -8 5 -23 1 -22 0 -10 3 18 6 -15 -2 -7 2 2 6 0.1376 1 5 16 
79 11 2 3 0.805825 1 2 -10 9 0.949153 2 12 -34 -3 -76 
80 11 5 0 0.356223 1 8 11 1 0.832776 6 12 -68 8 -72 12 15 8 24 17 -71 8 -70 3 0.734513 4 6 14 -1 -29 1 28 6 30 7 0.356223 1 -3 44 9 0.756757 4 -13 -125 -16 -87 3 -136 -5 -2 
81 11 4 0 0.542484 1 6 -5 3 0.542484 1 4 -29 4 0.637037 1 -31 -27 9 0.939597 5 27 -57 20 -99 15 -82 18 -60 -6 -147 
82 11 2 0 0.993351 18 8 -14 7 -44 6 7 8 -1 -2 8 -2 1 3 4 3 2 9 -15 10 -15 -2 -4 3 -12 2 7 9 -32 -5 -38 6 -37 -1 -37 6 -37 4 0.40566 1 -22 -28 
83 11 3 0 0.674797 1 4 -1 4 0.754386 1 -45 -27 9 0.933333 3 3 -51 1 -62 -19 24 
84 11 3 0 0.408867 1 -2 11 1 0.965116 10 -1 23 -1 26 3 20 3 18 4 11 7 6 8 0 17 17 10 -2 8 40 8 0.601449 2 9 5 14 2 
85 11 9 0 0.441489 4 7 -47 -2 -24 7 -6 -5 -11 1 0.636015 8 16 -10 4 -13 10 50 1 -47 8 -54 10 -56 14 -77 -15 -52 2 0.366716 3 0 -25 7 7 1 5 3 0.554566 6 3 -4 0 3 6 7 0 18 2 21 6 30 4 0.214464 1 -25 19 6 0.214464 1 4 5 8 0.800643 15 12 2 13 5 9 6 7 7 13 10 12 9 15 5 15 -3 17 4 15 0 15 5 16 -8 10 -5 12 -6 14 -10 9 0.394366 3 -7 -118 -20 22 -18 -129 10 0.599721 5 17 14 15 9 15 0 12 -2 12 9 
86 11 10 0 0.416562 8 -8 -26 10 -47 -8 28 1 35 6 -35 8 -27 7 -33 -5 -24 1 0.44811 9 -4 -6 5 -14 -8 15 7 3 5 -34 0 47 13 -12 -15 -31 1 48 2 0.254992 4 5 11 7 10 6 10 5 20 3 0.343923 6 5 -7 5 14 4 -28 5 -22 5 -25 3 -25 4 0.664093 14 -48 -11 -40 -24 -38 -10 -53 -17 -47 -14 -43 -21 -52 -10 -20 -28 -21 -28 -22 -28 -51 -4 -18 15 -39 -17 -48 15 5 0.858586 17 -37 1 -34 14 -31 6 -41 19 -11 -9 -39 22 -7 -8 -21 11 -13 -9 -24 22 -29 -11 -25 -11 -39 8 -44 16 -39 -1 -12 1 -45 12 6 0.477778 7 -9 9 4 -19 -9 22 -12 35 4 -13 -2 3 7 23 7 0.202604 3 6 24 4 22 7 16 9 0.619469 15 -6 -128 -6 -25 18 -36 6 -60 -12 -22 -2 -9 -8 9 20 -77 -15 -143 8 -85 0 4 -11 -144 -9 14 -33 24 -26 -75 10 0.727102 18 -8 9 9 12 11 11 -12 -15 16 -9 -14 -19 3 15 -10 17 10 -2 6 -6 8 -3 13 23 6 7 15 6 6 -17 18 31 18 8 16 12 
87 11 5 0 0.241983 1 -6 -2 1 0.399038 2 -15 -46 -6 4 2 0.959538 20 -4 4 -4 3 7 -4 7 14 -6 13 7 2 -6 10 -1 2 -3 3 -2 7 -6 5 3 2 -2 13 4 2 -5 15 2 13 -1 -14 -3 13 -4 10 -4 13 3 0.399038 2 -5 -22 -3 -25 5 0.705882 2 -11 -13 -10 -20 
88 11 2 1 0.983079 7 -7 47 -4 26 12 19 17 -53 12 20 7 -53 12 -54 9 0.571429 1 -11 7 
89 11 4 0 0.601449 2 -1 -38 -6 24 1 0.78673 4 16 -17 -9 -18 13 28 -16 0 3 0.408867 1 1 9 9 0.888889 6 5 -65 2 -96 12 -46 -20 -91 21 -25 14 -17 
90 11 4 0 0.341564 1 -7 -16 1 0.525316 2 5 20 -8 54 2 0.341564 1 -5 16 9 0.968085 13 -15 -2 -5 -111 33 -42 26 -67 -20 -102 -15 -6 -16 25 -17 -108 -28 20 19 7 -15 -6 -18 32 -12 -12 
91 11 2 1 0.509202 1 -14 -3 9 0.986784 8 16 -112 -13 -117 14 -40 9 -34 17 -13 29 10 8 -41 -5 19 
92 11 2 2 0.997496 48 6 -25 7 -21 3 25 2 21 -4 -18 -1 19 2 2 2 4 -5 -13 -4 20 -4 11 -5 -11 3 -23 -5 -6 7 -7 5 -19 1 6 0 1 1 13 1 12 -5 -11 -5 -9 3 -8 6 -10 1 -1 0 -6 0 -5 -5 -23 4 7 4 7 6 7 -4 -5 6 -12 6 -15 -1 -4 -2 -17 -5 1 -2 -22 5 -5 -4 -12 -2 8 -2 9 -4 -4 -1 9 -3 8 -5 -5 0 10 -2 -10 5 0.384615 1 -20 -3 
93 11 2 1 0.943182 2 -16 -45 -15 9 2 0.805825 1 -3 2 
94 11 4 0 0.952735 17 -8 29 -2 -6 2 40 -4 16 -2 -50 -6 -41 -3 -43 -2 -16 -6 -44 -2 15 -2 -69 -4 -21 -4 29 -4 -67 -1 10 -4 27 -8 21 1 0.62406 4 10 10 7 -43 2 -46 0 -49 3 0.265176 1 5 -5 8 0.430052 2 15 -10 9 -6 
95 11 9 0 0.123328 1 -3 24 1 0.696578 13 -12 -31 -14 -25 -7 -12 4 1 0 -29 10 -2 -2 18 -15 -4 -4 -49 1 -34 1 -47 -6 -2 -1 -77 2 0.674797 12 -6 -21 2 19 -3 22 -4 -24 2 -22 4 -7 -3 14 7 -9 5 -19 7 -13 4 -13 -4 -5 3 0.650748 11 0 3 1 -5 1 22 -2 -28 -2 -26 -3 18 -3 20 -4 23 -4 23 -3 17 -4 25 4 0.172345 1 2 0 5 0.798479 7 -20 -19 -23 22 5 7 0 -20 -2 -20 -2 5 -21 3 7 0.304029 3 3 13 2 40 2 25 8 0.372197 4 8 -13 8 -11 14 -5 12 -5 10 0.653992 8 -14 -13 3 0 -5 -8 -4 -36 -4 -33 -4 -37 -5 -34 -3 27 
96 11 5 0 0.372197 1 6 64 1 0.958027 11 -1 -24 14 52 17 50 16 54 4 50 3 53 -1 47 4 48 15 -64 -5 -9 4 -80 3 0.372197 1 6 29 4 0.467391 1 4 -28 9 0.4 1 -3 -107 
97 11 11 0 0.403192 14 8 59 2 50 9 59 8 56 6 57 -5 57 6 67 1 69 -2 46 10 64 -2 57 2 57 -3 50 3 57 1 0.526832 22 11 43 -7 -61 9 -79 16 26 1 -63 -7 -80 17 -20 13 -13 1 -81 13 30 3 -52 -3 -81 -3 36 15 29 3 -47 4 -68 -3 -39 15 40 15 31 12 -45 8 -37 4 -58 2 0.455014 17 7 -21 2 6 1 6 -1 0 -2 -12 6 20 -1 -5 0 -27 6 13 3 -25 -1 -20 7 17 -2 -16 7 11 6 9 7 22 6 26 3 0.513705 21 4 -3 4 -23 5 -17 3 -11 -3 5 6 -7 6 -19 3 -29 0 -29 6 -15 6 -16 3 28 5 -29 3 -16 -3 3 6 -24 4 -28 3 -20 5 -28 3 -6 2 -15 4 0.5 14 -29 15 42 3 44 -18 -24 27 -27 -27 -28 27 -39 13 9 -15 -31 -9 -29 15 -36 12 -29 14 -29 12 -30 13 5 0.139535 1 10 6 6 0.666269 26 -5 32 -8 32 -10 30 1 31 -3 29 -2 10 4 37 0 30 -5 26 2 34 -5 7 -11 34 12 -34 -11 28 -5 28 -5 16 -6 30 3 37 -7 34 -1 31 -4 18 -4 37 1 34 -3 26 -11 36 -1 17 7 0.574242 26 8 42 8 36 6 44 8 45 2 39 0 34 3 39 5 35 3 28 0 28 1 26 3 43 8 26 1 32 2 24 8 25 7 13 8 29 7 14 6 0 5 42 7 11 8 38 7 18 5 17 5 23 8 0.455014 17 3 4 16 -4 16 4 14 -8 17 -13 12 -9 11 8 1 -12 17 -2 7 10 3 7 11 12 10 -7 0 11 10 11 9 8 3 11 9 0.529301 20 3 -67 12 30 10 -97 14 -67 -7 -123 7 2 7 -141 -5 -51 -21 -146 0 -134 -2 -52 3 13 7 -139 4 -116 3 33 -2 29 -5 -74 -26 -137 14 -2 15 -8 10 0.355739 8 9 21 12 28 15 28 0 24 -5 -36 17 31 12 32 14 33 
98 11 7 0 0.241983 3 -6 -63 -9 -29 -7 57 1 0.439818 7 -7 57 -14 -48 0 -1 -15 58 -8 -40 -14 -46 -15 -25 4 0.938865 45 -54 26 -49 11 -48 28 -45 27 -36 27 -21 -8 -21 -10 -36 3 -44 -20 -45 -15 -22 -5 -39 -19 -45 5 -51 -28 -26 -21 -39 -22 -36 7 -45 -4 -32 -24 -26 -6 -32 -19 -22 -2 -29 9 -33 -28 -24 -5 -42 -13 -42 -4 -35 5 -39 -25 -42 6 -38 -3 -54 27 -31 -28 -21 -1 -21 -5 -27 -2 -40 28 -49 9 -37 -1 -28 -28 -36 -25 -37 -26 -33 -18 -24 -2 -28 0 6 0.320896 3 -12 17 -12 1 -11 0 7 0.0939977 1 -7 -44 9 0.661046 14 -22 -114 -33 -114 0 -117 -12 -118 -14 15 -26 22 -24 -97 -26 -131 -25 24 -27 -127 -20 -78 -2 4 -17 -79 -8 -126 10 0.573812 8 -15 0 0 -7 -4 22 -7 29 -16 -2 -12 13 0 -16 -8 17 
99 11 10 0 0.430052 17 -6 -7 -4 17 -9 -40 -6 -38 -8 -27 -6 2 -7 36 -7 15 -5 -46 -6 -28 -4 -47 -9 1 -5 -46 -6 -50 -9 -69 3 49 -6 -69 1 0.615644 33 6 -6 -6 -2 -7 18 -3 32 -13 -53 -15 45 -12 53 -10 -41 -10 43 -4 -58 -11 -49 0 49 1 -14 0 -34 -1 56 8 -17 -2 49 -12 50 8 -9 16 12 -1 59 -4 33 14 -6 7 -2 14 -17 -13 45 -3 -35 -8 -50 -5 -41 8 59 7 -49 7 55 11 55 2 0.110226 3 7 -7 5 1 6 -26 4 0.761062 42 -51 -27 -41 -1 -35 4 -33 5 -32 -6 -34 13 -49 -15 -28 -17 -50 -1 -44 3 -32 -17 -35 -18 -34 -18 -39 -14 -53 8 -39 -13 -52 6 -52 -8 -46 -23 -7 -11 -45 14 -38 -13 -44 -1 -45 28 -46 -20 -45 13 -40 -2 -45 -17 -34 -1 55 -26 -29 -26 -27 -10 -20 -16 -20 -12 -20 -13 -1 -28 -43 -26 -30 -27 -17 -15 -50 -28 -20 -16 -19 -17 5 0.882986 41 -4 19 5 -10 5 6 -32 6 7 3 25 -3 -24 -7 -22 -8 -28 0 9 -3 -5 15 -45 -7 -37 9 -32 -5 -44 -14 -29 0 -32 1 -25 -7 -30 1 -23 -15 -33 -1 -41 -1 -37 -2 -35 -10 -30 -21 -33 -8 -20 18 -42 -17 -39 -18 -39 2 -29 -6 7 -18 -43 -3 -45 -18 -24 4 -43 -7 5 -8 -25 3 11 -1 -5 -7 -29 3 6 0.5976 22 -11 -10 -2 -36 -8 -19 -9 -20 -12 27 -4 15 -4 10 -12 9 -3 18 -9 21 2 -35 -12 7 -10 9 -10 13 -9 18 -7 20 -7 20 -9 6 -6 17 -6 27 -3 -30 -10 -24 7 0.172557 5 4 -7 2 20 7 23 0 41 2 40 8 0.0759378 2 16 -9 11 -13 9 0.425532 15 -25 -111 -12 -8 -28 -21 -29 -20 -13 -39 -2 3 4 -58 -11 2 11 -4 4 -59 3 -106 7 -12 4 -16 -6 -11 -7 -137 10 0.620939 24 -4 4 -3 12 -2 24 -13 -18 -4 20 -9 2 -8 2 12 5 1 26 9 6 13 5 17 -5 -1 23 1 25 -16 -9 18 13 -17 -8 5 13 7 -14 5 2 15 -19 0 -23 -12 -24 14 -29 
100 11 7 2 0.0919158 1 7 -6 3 0.46959 8 6 24 -4 -23 0 1 6 26 -2 -5 -5 12 -2 -6 6 25 4 0.674951 12 -53 17 -31 20 -51 2 -45 16 16 -28 7 4 8 1 -30 17 -53 15 -44 17 -35 22 9 -28 5 0.700389 6 29 12 20 17 31 20 15 21 9 17 17 18 6 0.599071 9 1 -24 -3 -14 1 10 -6 -17 -2 -19 2 -12 -2 -23 -2 22 -11 -29 7 0.681313 17 3 -21 8 -28 5 10 0 -27 1 -27 5 -32 2 -39 1 -40 5 2 4 -16 5 -43 2 -45 7 -44 5 1 6 -40 2 1 5 -45 10 0.87428 30 1 12 17 17 1 -2 18 -21 8 20 17 -18 2 24 14 -8 10 -9 5 31 -5 4 18 -12 -3 -17 6 3 10 -33 14 -28 16 -7 12 20 16 21 12 -36 17 -26 9 23 12 25 5 -16 12 -28 7 -30 2 21 -1 -29 3 -29 14 16 
101 11 7 3 0.628788 10 -2 13 -2 16 -4 -11 6 10 -3 -3 -4 -1 -3 16 2 15 -2 -5 6 13 4 0.688612 9 27 -28 40 -15 24 -28 23 -28 21 -28 22 -28 14 -28 12 -28 10 -28 5 0.51282 2 14 0 15 -4 6 0.737909 11 -2 -6 -3 9 -4 -20 -11 -30 -3 -28 0 16 -12 -34 3 -14 -7 -23 -5 -24 1 16 7 0.784664 18 6 -6 4 -13 7 -11 3 -42 5 1 4 -3 3 -33 8 -3 7 -18 5 8 7 4 7 -19 4 1 6 -33 7 -43 -2 -28 2 -11 7 -1 9 0.138614 1 5 -43 10 0.658373 8 -5 -14 11 0 3 14 12 -8 5 -23 3 -28 3 -9 -4 3 
102 11 6 1 0.328063 1 -2 -54 3 0.761468 5 5 -27 -1 -3 1 9 6 -21 2 23 6 0.778281 4 -8 -12 -9 -4 -6 -15 -6 -16 7 0.70339 4 5 -16 3 -16 4 -17 4 11 9 0.538462 2 -33 -108 9 -48 10 0.605634 2 10 -5 8 -24 
103 11 4 3 0.278523 2 1 24 4 -6 6 0.960894 30 -2 -19 -8 -3 -3 0 -4 -10 -6 -2 -4 -6 -5 -17 0 -17 1 -6 -4 -10 -1 -6 -4 -9 -3 -10 -4 -18 -1 13 6 -20 -2 -8 -1 9 1 7 0 10 0 2 1 -5 1 -18 -7 -12 3 2 5 -6 4 -11 4 -1 9 -10 2 7 7 0.560811 6 5 7 1 -8 3 -10 -2 -11 6 13 1 -18 10 0.693548 7 6 -18 13 7 9 29 13 -15 14 -11 17 -6 18 -29 
104 11 7 3 0.139966 1 -4 -29 5 0.37037 1 45 17 6 0.978629 41 6 -30 5 -28 10 -22 9 -7 7 12 7 23 7 22 3 -29 2 3 13 36 9 -5 10 8 9 -4 10 22 3 8 5 9 5 29 8 -25 7 31 0 6 7 9 11 -26 -1 5 4 22 6 -2 13 30 4 -6 6 -19 -2 5 8 5 5 6 10 3 12 -30 -3 6 -3 -1 5 2 8 -18 6 36 5 -8 4 2 4 1 7 0.249249 2 7 -36 8 14 8 0.249249 2 17 8 17 5 9 0.154696 1 15 -93 10 0.505882 4 18 17 15 31 18 19 16 8 
105 11 6 3 0.402262 3 6 22 6 24 1 30 4 0.392694 2 -28 17 -48 17 6 0.891192 16 3 4 1 -36 1 -36 8 -35 9 -35 0 -33 2 -34 -11 -35 -10 -34 -12 -35 -7 -24 -8 -36 -6 -34 -5 -34 -6 -32 -6 4 7 0.706717 9 4 -37 5 -37 6 -40 5 -44 3 -42 8 -44 -3 -34 0 -39 -2 -36 9 0.329412 2 -23 28 -30 32 10 0.754386 8 12 -31 16 -1 14 -35 18 1 17 30 8 -36 6 -33 6 -32 
106 11 6 3 0.62406 2 6 16 6 19 6 0.527607 1 8 20 7 0.430052 1 7 -39 8 0.430052 1 17 11 9 0.756757 3 -15 29 -17 28 9 -73 10 0.86 4 15 -4 15 -3 -5 -33 18 31 
107 11 2 0 0.892473 1 4 -35 9 0.903226 1 -28 -52 
108 11 2 0 0.99714 42 4 -20 7 -57 0 -61 7 -24 10 -44 3 -42 2 -19 10 -16 5 -3 1 -1 5 -32 7 -6 2 -36 6 6 10 4 7 -35 10 5 9 -13 2 -33 -2 -32 5 18 9 0 0 29 2 30 6 -53 10 4 10 -10 9 22 4 -45 6 -51 4 -30 2 22 0 23 6 -48 -1 29 5 29 6 28 3 -50 9 -55 9 10 8 26 7 -18 9 0.181818 1 -16 -144 
109 11 3 1 0.509202 1 15 -15 8 0.966722 7 17 -5 15 -5 10 -2 17 7 17 2 17 11 17 -10 10 0.605634 1 0 19 
110 11 5 0 0.805825 4 10 -56 7 -56 4 29 4 32 3 0.62406 2 -1 -29 -1 22 6 0.803738 3 -6 7 -5 29 -5 8 8 0.430052 1 13 -13 9 0.651163 2 -7 -116 -19 -9 
111 11 3 0 0.965116 10 10 57 6 39 2 35 -2 38 6 46 1 40 4 44 10 58 10 44 8 36 8 0.601449 2 15 -4 10 -12 9 0.4375 1 -9 -136 
112 11 4 1 0.912088 10 -3 -23 13 -26 10 -34 17 -80 5 -25 3 -22 1 -29 10 -55 9 -50 11 18 2 0.328063 1 3 23 3 0.509202 2 5 16 5 14 9 0.782123 5 10 -21 -7 -106 25 -28 -22 -99 12 -28 
113 11 9 0 0.377845 3 6 -2 8 4 -2 14 1 0.515528 5 4 -68 1 -38 8 -47 -2 -43 -12 -66 2 0.648438 8 5 -19 2 5 4 5 2 -10 4 23 2 -7 3 -12 1 20 3 0.776818 13 4 -1 2 1 5 2 1 -1 5 19 5 22 6 16 6 26 2 -26 3 30 2 -23 6 -19 -2 28 4 0.473394 3 -37 -6 -35 -6 -30 -2 6 0.369099 2 4 -15 1 -22 7 0.453552 4 2 36 8 -24 1 19 3 31 9 0.544747 5 18 -92 15 -128 0 -66 -20 -7 -25 -20 10 0.222222 1 16 37 
114 11 3 0 0.974832 14 -4 -33 2 -3 2 -10 0 -20 -2 10 -1 -7 -2 -26 -1 -10 3 1 -4 0 -2 -34 -1 -34 0 -10 3 -3 1 0.341564 1 17 -27 9 0.554455 2 6 -15 -9 -126 
115 11 5 0 0.713467 3 1 -8 2 -14 5 13 1 0.408867 1 15 -34 4 0.786585 3 -25 0 -43 -6 -43 -15 5 0.84507 2 -28 8 -31 7 9 0.805755 4 1 1 2 -18 1 -19 -5 -81 
116 11 2 1 0.991468 14 10 29 4 -23 6 -36 15 -80 9 -78 8 24 7 -42 0 -60 12 -76 8 -82 10 27 7 -4 8 -45 -1 -84 2 0.372197 1 2 -10 
117 11 3 0 0.805825 2 -1 -43 -2 -63 1 0.892473 3 -2 34 15 36 10 34 2 0.62406 1 5 -15 
