10 135 0
0 0 -1 17 18 10 2 36 24 11 7 32 -3981 
1 1 -1 14 8 11 0 37 20 9 3 32 -2358 
2 1 -1 21 9 15 5 41 36 2 4 32 781 
3 2 -1 0 10 6 2 12 14 8 30 32 -11570 
4 2 -1 17 19 1 4 43 25 3 7 32 -1278 
5 2 -1 10 5 0 17 26 22 13 23 32 -375 
6 2 -1 22 13 13 13 41 36 1 1 32 5586 
7 3 0 0 0 0 0 0 0 0 0 0 0 
8 3 -1 7 21 1 0 35 38 8 6 32 -5020 
9 3 -1 19 1 0 0 28 25 7 19 32 -13947 
10 3 -1 20 10 20 20 43 38 3 6 32 9435 
11 3 -1 1 13 8 2 15 26 15 11 32 -6715 
12 3 -1 12 16 0 0 42 34 0 0 18 24 
13 3 -1 16 5 13 0 39 33 3 7 32 -423 
14 3 -1 0 13 16 9 32 22 2 7 32 5926 
15 4 0 0 0 0 0 0 0 0 0 0 0 
16 4 0 0 0 0 0 0 0 0 0 0 0 
17 4 -1 12 18 0 16 29 44 12 1 32 -910 
18 4 -1 31 15 0 0 5 19 0 0 17 -3 
19 4 -1 8 6 0 0 10 9 8 33 32 -4956 
20 4 -1 19 16 5 3 37 38 2 7 32 1079 
21 4 -1 42 25 0 0 9 25 0 0 7 19 
22 4 -1 12 11 2 13 33 30 3 5 32 1513 
23 4 -1 17 22 7 22 30 45 7 1 32 6048 
24 4 -1 6 23 0 0 22 21 0 0 12 -74 
25 4 -1 8 28 0 0 42 29 0 0 17 6 
26 4 -1 26 10 0 0 13 7 0 0 6 5 
27 4 -1 4 15 18 20 33 43 14 3 32 3965 
28 4 -1 11 8 8 8 22 16 24 11 32 -4509 
29 4 -1 18 9 2 15 21 41 26 6 32 -605 
30 4 -1 4 18 4 20 40 40 2 5 32 5168 
31 5 0 0 0 0 0 0 0 0 0 0 0 
32 5 0 0 0 0 0 0 0 0 0 0 0 
33 5 0 0 0 0 0 0 0 0 0 0 0 
34 5 0 0 0 0 0 0 0 0 0 0 0 
35 5 1 0 0 0 0 0 0 0 0 0 0 
36 5 2 0 0 0 0 0 0 0 0 0 0 
37 5 -1 10 41 0 0 36 45 0 0 9 -2 
38 5 -1 8 13 8 15 32 28 7 13 32 -7850 
39 5 -1 19 14 17 2 42 19 4 27 32 -7219 
40 5 -1 7 4 8 11 28 30 18 17 32 -28990 
41 5 -1 5 25 0 0 35 8 0 0 17 14 
42 5 -1 20 15 0 0 18 11 0 0 9 -49 
43 5 47 0 0 0 0 0 0 0 0 0 0 
44 5 48 0 0 0 0 0 0 0 0 0 0 
45 5 49 0 0 0 0 0 0 0 0 0 0 
46 5 -1 35 22 0 0 18 41 0 0 11 2 
47 5 55 0 0 0 0 0 0 0 0 0 0 
48 5 56 0 0 0 0 0 0 0 0 0 0 
49 5 -1 46 24 0 0 28 32 0 0 9 -44 
50 5 -1 11 20 15 0 41 32 4 3 32 -544 
51 5 -1 38 15 0 0 13 43 0 0 0 -40 
52 5 -1 20 6 18 8 44 16 3 17 32 -2262 
53 5 90 0 0 0 0 0 0 0 0 0 0 
54 5 -1 19 21 0 0 30 44 0 0 18 33 
55 5 -1 6 13 2 0 20 34 23 6 32 -4770 
56 5 100 0 0 0 0 0 0 0 0 0 0 
57 5 -1 2 12 9 13 43 45 4 1 32 3544 
58 5 -1 3 6 6 1 31 26 4 10 32 -300 
59 5 -1 22 16 0 16 33 35 10 8 32 -2532 
60 5 -1 10 9 16 14 40 31 4 6 32 10000 
61 5 -1 3 20 20 4 34 38 6 9 32 2840 
62 5 134 0 0 0 0 0 0 0 0 0 0 
63 6 0 0 0 0 0 0 0 0 0 0 0 
64 6 0 0 0 0 0 0 0 0 0 0 0 
65 6 0 0 0 0 0 0 0 0 0 0 0 
66 6 0 0 0 0 0 0 0 0 0 0 0 
67 6 0 0 0 0 0 0 0 0 0 0 0 
68 6 0 0 0 0 0 0 0 0 0 0 0 
69 6 0 0 0 0 0 0 0 0 0 0 0 
70 6 0 0 0 0 0 0 0 0 0 0 0 
71 6 0 0 0 0 0 0 0 0 0 0 0 
72 6 0 0 0 0 0 0 0 0 0 0 0 
73 6 0 0 0 0 0 0 0 0 0 0 0 
74 6 0 0 0 0 0 0 0 0 0 0 0 
75 6 3 0 0 0 0 0 0 0 0 0 0 
76 6 -1 39 15 0 0 14 11 0 0 1 3 
77 6 -1 4 18 7 19 42 41 4 1 32 -404 
78 6 11 0 0 0 0 0 0 0 0 0 0 
79 6 -1 32 12 0 0 23 22 0 0 0 8 
80 6 -1 3 10 17 12 36 46 5 1 32 19292 
81 6 -1 21 44 0 0 30 13 0 0 4 11 
82 6 -1 22 9 18 8 42 43 4 4 32 12321 
83 6 -1 1 5 0 0 22 8 0 0 13 7 
84 6 -1 30 6 0 0 45 42 0 0 5 21 
85 6 45 0 0 0 0 0 0 0 0 0 0 
86 6 46 0 0 0 0 0 0 0 0 0 0 
87 6 0 0 0 0 0 0 0 0 0 0 0 
88 6 0 0 0 0 0 0 0 0 0 0 0 
89 6 0 0 0 0 0 0 0 0 0 0 0 
90 6 0 0 0 0 0 0 0 0 0 0 0 
91 6 0 0 0 0 0 0 0 0 0 0 0 
92 6 0 0 0 0 0 0 0 0 0 0 0 
93 6 -1 0 19 7 14 35 36 9 11 32 3050 
94 6 -1 20 19 12 9 46 37 1 4 32 9795 
95 6 0 0 0 0 0 0 0 0 0 0 0 
96 6 0 0 0 0 0 0 0 0 0 0 0 
97 6 0 0 0 0 0 0 0 0 0 0 0 
98 6 0 0 0 0 0 0 0 0 0 0 0 
99 6 57 0 0 0 0 0 0 0 0 0 0 
100 6 -1 32 0 0 0 22 27 0 0 12 -78 
101 6 -1 1 8 14 0 42 29 1 1 32 -91 
102 6 -1 40 45 0 0 43 4 0 0 17 -24 
103 6 -1 12 6 0 0 42 11 0 0 18 -1 
104 6 -1 18 8 0 0 3 39 0 0 1 -1 
105 6 -1 24 34 0 0 9 9 0 0 0 -4 
106 6 -1 26 8 0 0 0 32 0 0 3 8 
107 6 0 0 0 0 0 0 0 0 0 0 0 
108 6 0 0 0 0 0 0 0 0 0 0 0 
109 6 -1 7 36 0 0 45 23 0 0 3 -29 
110 6 93 0 0 0 0 0 0 0 0 0 0 
111 6 94 0 0 0 0 0 0 0 0 0 0 
112 6 -1 22 11 20 0 42 25 4 6 32 -831 
113 6 0 0 0 0 0 0 0 0 0 0 0 
114 6 0 0 0 0 0 0 0 0 0 0 0 
115 6 101 0 0 0 0 0 0 0 0 0 0 
116 6 -1 11 14 15 2 40 21 6 14 32 -1433 
117 6 -1 43 20 0 0 0 31 0 0 14 8 
118 6 -1 6 18 8 16 33 39 9 2 32 2828 
119 6 -1 7 17 20 1 34 25 10 18 32 -5659 
120 6 -1 10 20 6 22 26 45 1 2 32 1437 
121 6 -1 47 15 0 0 19 31 0 0 11 53 
122 6 131 0 0 0 0 0 0 0 0 0 0 
123 6 132 0 0 0 0 0 0 0 0 0 0 
124 6 133 0 0 0 0 0 0 0 0 0 0 
125 6 0 0 0 0 0 0 0 0 0 0 0 
126 6 0 0 0 0 0 0 0 0 0 0 0 
127 7 0 0 0 0 0 0 0 0 0 0 0 
128 7 0 0 0 0 0 0 0 0 0 0 0 
129 7 0 0 0 0 0 0 0 0 0 0 0 
130 7 0 0 0 0 0 0 0 0 0 0 0 
131 7 0 0 0 0 0 0 0 0 0 0 0 
132 7 0 0 0 0 0 0 0 0 0 0 0 
133 7 0 0 0 0 0 0 0 0 0 0 0 
134 7 0 0 0 0 0 0 0 0 0 0 0 
135 7 0 0 0 0 0 0 0 0 0 0 0 
136 7 0 0 0 0 0 0 0 0 0 0 0 
137 7 0 0 0 0 0 0 0 0 0 0 0 
138 7 0 0 0 0 0 0 0 0 0 0 0 
139 7 0 0 0 0 0 0 0 0 0 0 0 
140 7 0 0 0 0 0 0 0 0 0 0 0 
141 7 0 0 0 0 0 0 0 0 0 0 0 
142 7 0 0 0 0 0 0 0 0 0 0 0 
143 7 0 0 0 0 0 0 0 0 0 0 0 
144 7 0 0 0 0 0 0 0 0 0 0 0 
145 7 0 0 0 0 0 0 0 0 0 0 0 
146 7 0 0 0 0 0 0 0 0 0 0 0 
147 7 0 0 0 0 0 0 0 0 0 0 0 
148 7 0 0 0 0 0 0 0 0 0 0 0 
149 7 0 0 0 0 0 0 0 0 0 0 0 
150 7 0 0 0 0 0 0 0 0 0 0 0 
151 7 0 0 0 0 0 0 0 0 0 0 0 
152 7 0 0 0 0 0 0 0 0 0 0 0 
153 7 4 0 0 0 0 0 0 0 0 0 0 
154 7 -1 17 8 18 10 38 38 6 7 32 1865 
155 7 8 0 0 0 0 0 0 0 0 0 0 
156 7 -1 4 20 13 18 21 45 11 2 32 469 
157 7 0 0 0 0 0 0 0 0 0 0 0 
158 7 0 0 0 0 0 0 0 0 0 0 0 
159 7 -1 4 17 3 9 23 41 5 3 32 810 
160 7 -1 21 18 2 0 26 24 18 5 32 -8733 
161 7 -1 36 9 0 0 42 5 0 0 18 25 
162 7 -1 0 3 0 0 18 31 0 0 16 92 
163 7 -1 14 8 0 3 28 25 12 16 32 -18865 
164 7 30 0 0 0 0 0 0 0 0 0 0 
165 7 31 0 0 0 0 0 0 0 0 0 0 
166 7 32 0 0 0 0 0 0 0 0 0 0 
167 7 -1 14 42 0 0 6 19 0 0 14 -3 
168 7 -1 31 17 0 0 12 26 0 0 17 8 
169 7 43 0 0 0 0 0 0 0 0 0 0 
170 7 44 0 0 0 0 0 0 0 0 0 0 
171 7 0 0 0 0 0 0 0 0 0 0 0 
172 7 0 0 0 0 0 0 0 0 0 0 0 
173 7 0 0 0 0 0 0 0 0 0 0 0 
174 7 0 0 0 0 0 0 0 0 0 0 0 
175 7 0 0 0 0 0 0 0 0 0 0 0 
176 7 0 0 0 0 0 0 0 0 0 0 0 
177 7 0 0 0 0 0 0 0 0 0 0 0 
178 7 0 0 0 0 0 0 0 0 0 0 0 
179 7 0 0 0 0 0 0 0 0 0 0 0 
180 7 0 0 0 0 0 0 0 0 0 0 0 
181 7 0 0 0 0 0 0 0 0 0 0 0 
182 7 0 0 0 0 0 0 0 0 0 0 0 
183 7 0 0 0 0 0 0 0 0 0 0 0 
184 7 0 0 0 0 0 0 0 0 0 0 0 
185 7 0 0 0 0 0 0 0 0 0 0 0 
186 7 0 0 0 0 0 0 0 0 0 0 0 
187 7 -1 35 45 0 0 29 43 0 0 16 2 
188 7 52 0 0 0 0 0 0 0 0 0 0 
189 7 53 0 0 0 0 0 0 0 0 0 0 
190 7 54 0 0 0 0 0 0 0 0 0 0 
191 7 0 0 0 0 0 0 0 0 0 0 0 
192 7 0 0 0 0 0 0 0 0 0 0 0 
193 7 0 0 0 0 0 0 0 0 0 0 0 
194 7 0 0 0 0 0 0 0 0 0 0 0 
195 7 0 0 0 0 0 0 0 0 0 0 0 
196 7 0 0 0 0 0 0 0 0 0 0 0 
197 7 0 0 0 0 0 0 0 0 0 0 0 
198 7 0 0 0 0 0 0 0 0 0 0 0 
199 7 0 0 0 0 0 0 0 0 0 0 0 
200 7 0 0 0 0 0 0 0 0 0 0 0 
201 7 58 0 0 0 0 0 0 0 0 0 0 
202 7 -1 15 8 22 0 39 29 3 8 32 -641 
203 7 62 0 0 0 0 0 0 0 0 0 0 
204 7 63 0 0 0 0 0 0 0 0 0 0 
205 7 64 0 0 0 0 0 0 0 0 0 0 
206 7 -1 34 0 0 0 42 20 0 0 0 -57 
207 7 72 0 0 0 0 0 0 0 0 0 0 
208 7 -1 0 27 0 0 15 35 0 0 19 29 
209 7 -1 14 34 0 0 28 3 0 0 7 23 
210 7 -1 47 38 0 0 0 35 0 0 16 -45 
211 7 82 0 0 0 0 0 0 0 0 0 0 
212 7 83 0 0 0 0 0 0 0 0 0 0 
213 7 -1 40 37 0 0 30 12 0 0 10 2 
214 7 -1 39 13 0 0 24 25 0 0 0 -57 
215 7 0 0 0 0 0 0 0 0 0 0 0 
216 7 0 0 0 0 0 0 0 0 0 0 0 
217 7 0 0 0 0 0 0 0 0 0 0 0 
218 7 0 0 0 0 0 0 0 0 0 0 0 
219 7 91 0 0 0 0 0 0 0 0 0 0 
220 7 92 0 0 0 0 0 0 0 0 0 0 
221 7 0 0 0 0 0 0 0 0 0 0 0 
222 7 0 0 0 0 0 0 0 0 0 0 0 
223 7 0 0 0 0 0 0 0 0 0 0 0 
224 7 0 0 0 0 0 0 0 0 0 0 0 
225 7 -1 20 21 6 6 40 31 7 2 32 -700 
226 7 -1 10 20 18 5 31 40 13 4 32 -1307 
227 7 0 0 0 0 0 0 0 0 0 0 0 
228 7 0 0 0 0 0 0 0 0 0 0 0 
229 7 0 0 0 0 0 0 0 0 0 0 0 
230 7 0 0 0 0 0 0 0 0 0 0 0 
231 7 0 0 0 0 0 0 0 0 0 0 0 
232 7 0 0 0 0 0 0 0 0 0 0 0 
233 7 102 0 0 0 0 0 0 0 0 0 0 
234 7 -1 17 11 21 17 38 29 8 1 32 9689 
235 7 105 0 0 0 0 0 0 0 0 0 0 
236 7 106 0 0 0 0 0 0 0 0 0 0 
237 7 107 0 0 0 0 0 0 0 0 0 0 
238 7 108 0 0 0 0 0 0 0 0 0 0 
239 7 -1 0 21 20 3 25 45 11 2 32 1273 
240 7 -1 17 6 12 18 32 33 6 3 32 6708 
241 7 124 0 0 0 0 0 0 0 0 0 0 
242 7 -1 6 0 9 6 28 10 6 21 32 -2008 
243 7 129 0 0 0 0 0 0 0 0 0 0 
244 7 130 0 0 0 0 0 0 0 0 0 0 
245 7 0 0 0 0 0 0 0 0 0 0 0 
246 7 0 0 0 0 0 0 0 0 0 0 0 
247 7 0 0 0 0 0 0 0 0 0 0 0 
248 7 0 0 0 0 0 0 0 0 0 0 0 
249 7 0 0 0 0 0 0 0 0 0 0 0 
250 7 0 0 0 0 0 0 0 0 0 0 0 
251 7 0 0 0 0 0 0 0 0 0 0 0 
252 7 0 0 0 0 0 0 0 0 0 0 0 
253 7 0 0 0 0 0 0 0 0 0 0 0 
254 7 0 0 0 0 0 0 0 0 0 0 0 
255 8 0 0 0 0 0 0 0 0 0 0 0 
256 8 0 0 0 0 0 0 0 0 0 0 0 
257 8 0 0 0 0 0 0 0 0 0 0 0 
258 8 0 0 0 0 0 0 0 0 0 0 0 
259 8 0 0 0 0 0 0 0 0 0 0 0 
260 8 0 0 0 0 0 0 0 0 0 0 0 
261 8 0 0 0 0 0 0 0 0 0 0 0 
262 8 0 0 0 0 0 0 0 0 0 0 0 
263 8 0 0 0 0 0 0 0 0 0 0 0 
264 8 0 0 0 0 0 0 0 0 0 0 0 
265 8 0 0 0 0 0 0 0 0 0 0 0 
266 8 0 0 0 0 0 0 0 0 0 0 0 
267 8 0 0 0 0 0 0 0 0 0 0 0 
268 8 0 0 0 0 0 0 0 0 0 0 0 
269 8 0 0 0 0 0 0 0 0 0 0 0 
270 8 0 0 0 0 0 0 0 0 0 0 0 
271 8 0 0 0 0 0 0 0 0 0 0 0 
272 8 0 0 0 0 0 0 0 0 0 0 0 
273 8 0 0 0 0 0 0 0 0 0 0 0 
274 8 0 0 0 0 0 0 0 0 0 0 0 
275 8 0 0 0 0 0 0 0 0 0 0 0 
276 8 0 0 0 0 0 0 0 0 0 0 0 
277 8 0 0 0 0 0 0 0 0 0 0 0 
278 8 0 0 0 0 0 0 0 0 0 0 0 
279 8 0 0 0 0 0 0 0 0 0 0 0 
280 8 0 0 0 0 0 0 0 0 0 0 0 
281 8 0 0 0 0 0 0 0 0 0 0 0 
282 8 0 0 0 0 0 0 0 0 0 0 0 
283 8 0 0 0 0 0 0 0 0 0 0 0 
284 8 0 0 0 0 0 0 0 0 0 0 0 
285 8 0 0 0 0 0 0 0 0 0 0 0 
286 8 0 0 0 0 0 0 0 0 0 0 0 
287 8 0 0 0 0 0 0 0 0 0 0 0 
288 8 0 0 0 0 0 0 0 0 0 0 0 
289 8 0 0 0 0 0 0 0 0 0 0 0 
290 8 0 0 0 0 0 0 0 0 0 0 0 
291 8 0 0 0 0 0 0 0 0 0 0 0 
292 8 0 0 0 0 0 0 0 0 0 0 0 
293 8 0 0 0 0 0 0 0 0 0 0 0 
294 8 0 0 0 0 0 0 0 0 0 0 0 
295 8 0 0 0 0 0 0 0 0 0 0 0 
296 8 0 0 0 0 0 0 0 0 0 0 0 
297 8 0 0 0 0 0 0 0 0 0 0 0 
298 8 0 0 0 0 0 0 0 0 0 0 0 
299 8 0 0 0 0 0 0 0 0 0 0 0 
300 8 0 0 0 0 0 0 0 0 0 0 0 
301 8 0 0 0 0 0 0 0 0 0 0 0 
302 8 0 0 0 0 0 0 0 0 0 0 0 
303 8 0 0 0 0 0 0 0 0 0 0 0 
304 8 0 0 0 0 0 0 0 0 0 0 0 
305 8 0 0 0 0 0 0 0 0 0 0 0 
306 8 0 0 0 0 0 0 0 0 0 0 0 
307 8 0 0 0 0 0 0 0 0 0 0 0 
308 8 0 0 0 0 0 0 0 0 0 0 0 
309 8 -1 16 14 20 13 36 45 5 1 32 1119 
310 8 7 0 0 0 0 0 0 0 0 0 0 
311 8 0 0 0 0 0 0 0 0 0 0 0 
312 8 0 0 0 0 0 0 0 0 0 0 0 
313 8 9 0 0 0 0 0 0 0 0 0 0 
314 8 10 0 0 0 0 0 0 0 0 0 0 
315 8 0 0 0 0 0 0 0 0 0 0 0 
316 8 0 0 0 0 0 0 0 0 0 0 0 
317 8 0 0 0 0 0 0 0 0 0 0 0 
318 8 0 0 0 0 0 0 0 0 0 0 0 
319 8 12 0 0 0 0 0 0 0 0 0 0 
320 8 -1 10 18 21 2 31 20 16 15 32 -18809 
321 8 -1 29 34 0 0 36 3 0 0 0 -15 
322 8 -1 10 44 0 0 0 35 0 0 1 16 
323 8 -1 19 14 0 19 43 35 4 5 32 -1844 
324 8 24 0 0 0 0 0 0 0 0 0 0 
325 8 25 0 0 0 0 0 0 0 0 0 0 
326 8 26 0 0 0 0 0 0 0 0 0 0 
327 8 27 0 0 0 0 0 0 0 0 0 0 
328 8 -1 4 20 0 0 45 18 0 0 15 -13 
329 8 0 0 0 0 0 0 0 0 0 0 0 
330 8 0 0 0 0 0 0 0 0 0 0 0 
331 8 0 0 0 0 0 0 0 0 0 0 0 
332 8 0 0 0 0 0 0 0 0 0 0 0 
333 8 0 0 0 0 0 0 0 0 0 0 0 
334 8 0 0 0 0 0 0 0 0 0 0 0 
335 8 -1 6 40 0 0 4 7 0 0 7 33 
336 8 -1 46 9 0 0 12 44 0 0 1 -22 
337 8 -1 26 17 0 0 35 42 0 0 11 38 
338 8 42 0 0 0 0 0 0 0 0 0 0 
339 8 0 0 0 0 0 0 0 0 0 0 0 
340 8 0 0 0 0 0 0 0 0 0 0 0 
341 8 0 0 0 0 0 0 0 0 0 0 0 
342 8 0 0 0 0 0 0 0 0 0 0 0 
343 8 0 0 0 0 0 0 0 0 0 0 0 
344 8 0 0 0 0 0 0 0 0 0 0 0 
345 8 0 0 0 0 0 0 0 0 0 0 0 
346 8 0 0 0 0 0 0 0 0 0 0 0 
347 8 0 0 0 0 0 0 0 0 0 0 0 
348 8 0 0 0 0 0 0 0 0 0 0 0 
349 8 0 0 0 0 0 0 0 0 0 0 0 
350 8 0 0 0 0 0 0 0 0 0 0 0 
351 8 0 0 0 0 0 0 0 0 0 0 0 
352 8 0 0 0 0 0 0 0 0 0 0 0 
353 8 0 0 0 0 0 0 0 0 0 0 0 
354 8 0 0 0 0 0 0 0 0 0 0 0 
355 8 0 0 0 0 0 0 0 0 0 0 0 
356 8 0 0 0 0 0 0 0 0 0 0 0 
357 8 0 0 0 0 0 0 0 0 0 0 0 
358 8 0 0 0 0 0 0 0 0 0 0 0 
359 8 0 0 0 0 0 0 0 0 0 0 0 
360 8 0 0 0 0 0 0 0 0 0 0 0 
361 8 0 0 0 0 0 0 0 0 0 0 0 
362 8 0 0 0 0 0 0 0 0 0 0 0 
363 8 0 0 0 0 0 0 0 0 0 0 0 
364 8 0 0 0 0 0 0 0 0 0 0 0 
365 8 0 0 0 0 0 0 0 0 0 0 0 
366 8 0 0 0 0 0 0 0 0 0 0 0 
367 8 0 0 0 0 0 0 0 0 0 0 0 
368 8 0 0 0 0 0 0 0 0 0 0 0 
369 8 0 0 0 0 0 0 0 0 0 0 0 
370 8 0 0 0 0 0 0 0 0 0 0 0 
371 8 0 0 0 0 0 0 0 0 0 0 0 
372 8 0 0 0 0 0 0 0 0 0 0 0 
373 8 0 0 0 0 0 0 0 0 0 0 0 
374 8 0 0 0 0 0 0 0 0 0 0 0 
375 8 50 0 0 0 0 0 0 0 0 0 0 
376 8 51 0 0 0 0 0 0 0 0 0 0 
377 8 0 0 0 0 0 0 0 0 0 0 0 
378 8 0 0 0 0 0 0 0 0 0 0 0 
379 8 0 0 0 0 0 0 0 0 0 0 0 
380 8 0 0 0 0 0 0 0 0 0 0 0 
381 8 0 0 0 0 0 0 0 0 0 0 0 
382 8 0 0 0 0 0 0 0 0 0 0 0 
383 8 0 0 0 0 0 0 0 0 0 0 0 
384 8 0 0 0 0 0 0 0 0 0 0 0 
385 8 0 0 0 0 0 0 0 0 0 0 0 
386 8 0 0 0 0 0 0 0 0 0 0 0 
387 8 0 0 0 0 0 0 0 0 0 0 0 
388 8 0 0 0 0 0 0 0 0 0 0 0 
389 8 0 0 0 0 0 0 0 0 0 0 0 
390 8 0 0 0 0 0 0 0 0 0 0 0 
391 8 0 0 0 0 0 0 0 0 0 0 0 
392 8 0 0 0 0 0 0 0 0 0 0 0 
393 8 0 0 0 0 0 0 0 0 0 0 0 
394 8 0 0 0 0 0 0 0 0 0 0 0 
395 8 0 0 0 0 0 0 0 0 0 0 0 
396 8 0 0 0 0 0 0 0 0 0 0 0 
397 8 0 0 0 0 0 0 0 0 0 0 0 
398 8 0 0 0 0 0 0 0 0 0 0 0 
399 8 0 0 0 0 0 0 0 0 0 0 0 
400 8 0 0 0 0 0 0 0 0 0 0 0 
401 8 0 0 0 0 0 0 0 0 0 0 0 
402 8 0 0 0 0 0 0 0 0 0 0 0 
403 8 0 0 0 0 0 0 0 0 0 0 0 
404 8 0 0 0 0 0 0 0 0 0 0 0 
405 8 59 0 0 0 0 0 0 0 0 0 0 
406 8 -1 6 2 0 0 17 4 0 0 0 -1 
407 8 0 0 0 0 0 0 0 0 0 0 0 
408 8 0 0 0 0 0 0 0 0 0 0 0 
409 8 0 0 0 0 0 0 0 0 0 0 0 
410 8 0 0 0 0 0 0 0 0 0 0 0 
411 8 0 0 0 0 0 0 0 0 0 0 0 
412 8 0 0 0 0 0 0 0 0 0 0 0 
413 8 -1 1 16 11 1 25 44 17 2 32 -434 
414 8 -1 7 17 10 1 33 43 12 4 32 -1641 
415 8 0 0 0 0 0 0 0 0 0 0 0 
416 8 0 0 0 0 0 0 0 0 0 0 0 
417 8 73 0 0 0 0 0 0 0 0 0 0 
418 8 74 0 0 0 0 0 0 0 0 0 0 
419 8 75 0 0 0 0 0 0 0 0 0 0 
420 8 76 0 0 0 0 0 0 0 0 0 0 
421 8 -1 37 3 0 0 29 19 0 0 5 -3 
422 8 -1 0 23 0 0 34 34 0 0 13 -5 
423 8 0 0 0 0 0 0 0 0 0 0 0 
424 8 0 0 0 0 0 0 0 0 0 0 0 
425 8 0 0 0 0 0 0 0 0 0 0 0 
426 8 0 0 0 0 0 0 0 0 0 0 0 
427 8 -1 8 29 0 0 45 12 0 0 1 -6 
428 8 86 0 0 0 0 0 0 0 0 0 0 
429 8 87 0 0 0 0 0 0 0 0 0 0 
430 8 -1 4 32 0 0 42 2 0 0 14 -1 
431 8 0 0 0 0 0 0 0 0 0 0 0 
432 8 0 0 0 0 0 0 0 0 0 0 0 
433 8 0 0 0 0 0 0 0 0 0 0 0 
434 8 0 0 0 0 0 0 0 0 0 0 0 
435 8 0 0 0 0 0 0 0 0 0 0 0 
436 8 0 0 0 0 0 0 0 0 0 0 0 
437 8 0 0 0 0 0 0 0 0 0 0 0 
438 8 0 0 0 0 0 0 0 0 0 0 0 
439 8 0 0 0 0 0 0 0 0 0 0 0 
440 8 0 0 0 0 0 0 0 0 0 0 0 
441 8 0 0 0 0 0 0 0 0 0 0 0 
442 8 0 0 0 0 0 0 0 0 0 0 0 
443 8 0 0 0 0 0 0 0 0 0 0 0 
444 8 0 0 0 0 0 0 0 0 0 0 0 
445 8 0 0 0 0 0 0 0 0 0 0 0 
446 8 0 0 0 0 0 0 0 0 0 0 0 
447 8 0 0 0 0 0 0 0 0 0 0 0 
448 8 0 0 0 0 0 0 0 0 0 0 0 
449 8 0 0 0 0 0 0 0 0 0 0 0 
450 8 0 0 0 0 0 0 0 0 0 0 0 
451 8 95 0 0 0 0 0 0 0 0 0 0 
452 8 -1 33 17 0 0 47 34 0 0 2 -16 
453 8 98 0 0 0 0 0 0 0 0 0 0 
454 8 99 0 0 0 0 0 0 0 0 0 0 
455 8 0 0 0 0 0 0 0 0 0 0 0 
456 8 0 0 0 0 0 0 0 0 0 0 0 
457 8 0 0 0 0 0 0 0 0 0 0 0 
458 8 0 0 0 0 0 0 0 0 0 0 0 
459 8 0 0 0 0 0 0 0 0 0 0 0 
460 8 0 0 0 0 0 0 0 0 0 0 0 
461 8 0 0 0 0 0 0 0 0 0 0 0 
462 8 0 0 0 0 0 0 0 0 0 0 0 
463 8 0 0 0 0 0 0 0 0 0 0 0 
464 8 0 0 0 0 0 0 0 0 0 0 0 
465 8 0 0 0 0 0 0 0 0 0 0 0 
466 8 0 0 0 0 0 0 0 0 0 0 0 
467 8 0 0 0 0 0 0 0 0 0 0 0 
468 8 0 0 0 0 0 0 0 0 0 0 0 
469 8 103 0 0 0 0 0 0 0 0 0 0 
470 8 104 0 0 0 0 0 0 0 0 0 0 
471 8 0 0 0 0 0 0 0 0 0 0 0 
472 8 0 0 0 0 0 0 0 0 0 0 0 
473 8 0 0 0 0 0 0 0 0 0 0 0 
474 8 0 0 0 0 0 0 0 0 0 0 0 
475 8 0 0 0 0 0 0 0 0 0 0 0 
476 8 0 0 0 0 0 0 0 0 0 0 0 
477 8 0 0 0 0 0 0 0 0 0 0 0 
478 8 0 0 0 0 0 0 0 0 0 0 0 
479 8 -1 28 22 0 0 20 43 0 0 1 -23 
480 8 -1 0 17 8 20 8 38 32 9 32 -5455 
481 8 -1 1 26 0 0 47 38 0 0 3 -10 
482 8 -1 16 14 11 0 36 35 6 5 32 -1012 
483 8 0 0 0 0 0 0 0 0 0 0 0 
484 8 0 0 0 0 0 0 0 0 0 0 0 
485 8 -1 0 2 11 4 35 36 4 9 32 716 
486 8 128 0 0 0 0 0 0 0 0 0 0 
487 8 0 0 0 0 0 0 0 0 0 0 0 
488 8 0 0 0 0 0 0 0 0 0 0 0 
489 8 0 0 0 0 0 0 0 0 0 0 0 
490 8 0 0 0 0 0 0 0 0 0 0 0 
491 8 0 0 0 0 0 0 0 0 0 0 0 
492 8 0 0 0 0 0 0 0 0 0 0 0 
493 8 0 0 0 0 0 0 0 0 0 0 0 
494 8 0 0 0 0 0 0 0 0 0 0 0 
495 8 0 0 0 0 0 0 0 0 0 0 0 
496 8 0 0 0 0 0 0 0 0 0 0 0 
497 8 0 0 0 0 0 0 0 0 0 0 0 
498 8 0 0 0 0 0 0 0 0 0 0 0 
499 8 0 0 0 0 0 0 0 0 0 0 0 
500 8 0 0 0 0 0 0 0 0 0 0 0 
501 8 0 0 0 0 0 0 0 0 0 0 0 
502 8 0 0 0 0 0 0 0 0 0 0 0 
503 8 0 0 0 0 0 0 0 0 0 0 0 
504 8 0 0 0 0 0 0 0 0 0 0 0 
505 8 0 0 0 0 0 0 0 0 0 0 0 
506 8 0 0 0 0 0 0 0 0 0 0 0 
507 8 0 0 0 0 0 0 0 0 0 0 0 
508 8 0 0 0 0 0 0 0 0 0 0 0 
509 8 0 0 0 0 0 0 0 0 0 0 0 
510 8 0 0 0 0 0 0 0 0 0 0 0 
511 9 0 0 0 0 0 0 0 0 0 0 0 
512 9 0 0 0 0 0 0 0 0 0 0 0 
513 9 0 0 0 0 0 0 0 0 0 0 0 
514 9 0 0 0 0 0 0 0 0 0 0 0 
515 9 0 0 0 0 0 0 0 0 0 0 0 
516 9 0 0 0 0 0 0 0 0 0 0 0 
517 9 0 0 0 0 0 0 0 0 0 0 0 
518 9 0 0 0 0 0 0 0 0 0 0 0 
519 9 0 0 0 0 0 0 0 0 0 0 0 
520 9 0 0 0 0 0 0 0 0 0 0 0 
521 9 0 0 0 0 0 0 0 0 0 0 0 
522 9 0 0 0 0 0 0 0 0 0 0 0 
523 9 0 0 0 0 0 0 0 0 0 0 0 
524 9 0 0 0 0 0 0 0 0 0 0 0 
525 9 0 0 0 0 0 0 0 0 0 0 0 
526 9 0 0 0 0 0 0 0 0 0 0 0 
527 9 0 0 0 0 0 0 0 0 0 0 0 
528 9 0 0 0 0 0 0 0 0 0 0 0 
529 9 0 0 0 0 0 0 0 0 0 0 0 
530 9 0 0 0 0 0 0 0 0 0 0 0 
531 9 0 0 0 0 0 0 0 0 0 0 0 
532 9 0 0 0 0 0 0 0 0 0 0 0 
533 9 0 0 0 0 0 0 0 0 0 0 0 
534 9 0 0 0 0 0 0 0 0 0 0 0 
535 9 0 0 0 0 0 0 0 0 0 0 0 
536 9 0 0 0 0 0 0 0 0 0 0 0 
537 9 0 0 0 0 0 0 0 0 0 0 0 
538 9 0 0 0 0 0 0 0 0 0 0 0 
539 9 0 0 0 0 0 0 0 0 0 0 0 
540 9 0 0 0 0 0 0 0 0 0 0 0 
541 9 0 0 0 0 0 0 0 0 0 0 0 
542 9 0 0 0 0 0 0 0 0 0 0 0 
543 9 0 0 0 0 0 0 0 0 0 0 0 
544 9 0 0 0 0 0 0 0 0 0 0 0 
545 9 0 0 0 0 0 0 0 0 0 0 0 
546 9 0 0 0 0 0 0 0 0 0 0 0 
547 9 0 0 0 0 0 0 0 0 0 0 0 
548 9 0 0 0 0 0 0 0 0 0 0 0 
549 9 0 0 0 0 0 0 0 0 0 0 0 
550 9 0 0 0 0 0 0 0 0 0 0 0 
551 9 0 0 0 0 0 0 0 0 0 0 0 
552 9 0 0 0 0 0 0 0 0 0 0 0 
553 9 0 0 0 0 0 0 0 0 0 0 0 
554 9 0 0 0 0 0 0 0 0 0 0 0 
555 9 0 0 0 0 0 0 0 0 0 0 0 
556 9 0 0 0 0 0 0 0 0 0 0 0 
557 9 0 0 0 0 0 0 0 0 0 0 0 
558 9 0 0 0 0 0 0 0 0 0 0 0 
559 9 0 0 0 0 0 0 0 0 0 0 0 
560 9 0 0 0 0 0 0 0 0 0 0 0 
561 9 0 0 0 0 0 0 0 0 0 0 0 
562 9 0 0 0 0 0 0 0 0 0 0 0 
563 9 0 0 0 0 0 0 0 0 0 0 0 
564 9 0 0 0 0 0 0 0 0 0 0 0 
565 9 0 0 0 0 0 0 0 0 0 0 0 
566 9 0 0 0 0 0 0 0 0 0 0 0 
567 9 0 0 0 0 0 0 0 0 0 0 0 
568 9 0 0 0 0 0 0 0 0 0 0 0 
569 9 0 0 0 0 0 0 0 0 0 0 0 
570 9 0 0 0 0 0 0 0 0 0 0 0 
571 9 0 0 0 0 0 0 0 0 0 0 0 
572 9 0 0 0 0 0 0 0 0 0 0 0 
573 9 0 0 0 0 0 0 0 0 0 0 0 
574 9 0 0 0 0 0 0 0 0 0 0 0 
575 9 0 0 0 0 0 0 0 0 0 0 0 
576 9 0 0 0 0 0 0 0 0 0 0 0 
577 9 0 0 0 0 0 0 0 0 0 0 0 
578 9 0 0 0 0 0 0 0 0 0 0 0 
579 9 0 0 0 0 0 0 0 0 0 0 0 
580 9 0 0 0 0 0 0 0 0 0 0 0 
581 9 0 0 0 0 0 0 0 0 0 0 0 
582 9 0 0 0 0 0 0 0 0 0 0 0 
583 9 0 0 0 0 0 0 0 0 0 0 0 
584 9 0 0 0 0 0 0 0 0 0 0 0 
585 9 0 0 0 0 0 0 0 0 0 0 0 
586 9 0 0 0 0 0 0 0 0 0 0 0 
587 9 0 0 0 0 0 0 0 0 0 0 0 
588 9 0 0 0 0 0 0 0 0 0 0 0 
589 9 0 0 0 0 0 0 0 0 0 0 0 
590 9 0 0 0 0 0 0 0 0 0 0 0 
591 9 0 0 0 0 0 0 0 0 0 0 0 
592 9 0 0 0 0 0 0 0 0 0 0 0 
593 9 0 0 0 0 0 0 0 0 0 0 0 
594 9 0 0 0 0 0 0 0 0 0 0 0 
595 9 0 0 0 0 0 0 0 0 0 0 0 
596 9 0 0 0 0 0 0 0 0 0 0 0 
597 9 0 0 0 0 0 0 0 0 0 0 0 
598 9 0 0 0 0 0 0 0 0 0 0 0 
599 9 0 0 0 0 0 0 0 0 0 0 0 
600 9 0 0 0 0 0 0 0 0 0 0 0 
601 9 0 0 0 0 0 0 0 0 0 0 0 
602 9 0 0 0 0 0 0 0 0 0 0 0 
603 9 0 0 0 0 0 0 0 0 0 0 0 
604 9 0 0 0 0 0 0 0 0 0 0 0 
605 9 0 0 0 0 0 0 0 0 0 0 0 
606 9 0 0 0 0 0 0 0 0 0 0 0 
607 9 0 0 0 0 0 0 0 0 0 0 0 
608 9 0 0 0 0 0 0 0 0 0 0 0 
609 9 0 0 0 0 0 0 0 0 0 0 0 
610 9 0 0 0 0 0 0 0 0 0 0 0 
611 9 0 0 0 0 0 0 0 0 0 0 0 
612 9 0 0 0 0 0 0 0 0 0 0 0 
613 9 0 0 0 0 0 0 0 0 0 0 0 
614 9 0 0 0 0 0 0 0 0 0 0 0 
615 9 0 0 0 0 0 0 0 0 0 0 0 
616 9 0 0 0 0 0 0 0 0 0 0 0 
617 9 0 0 0 0 0 0 0 0 0 0 0 
618 9 0 0 0 0 0 0 0 0 0 0 0 
619 9 5 0 0 0 0 0 0 0 0 0 0 
620 9 6 0 0 0 0 0 0 0 0 0 0 
621 9 0 0 0 0 0 0 0 0 0 0 0 
622 9 0 0 0 0 0 0 0 0 0 0 0 
623 9 0 0 0 0 0 0 0 0 0 0 0 
624 9 0 0 0 0 0 0 0 0 0 0 0 
625 9 0 0 0 0 0 0 0 0 0 0 0 
626 9 0 0 0 0 0 0 0 0 0 0 0 
627 9 0 0 0 0 0 0 0 0 0 0 0 
628 9 0 0 0 0 0 0 0 0 0 0 0 
629 9 0 0 0 0 0 0 0 0 0 0 0 
630 9 0 0 0 0 0 0 0 0 0 0 0 
631 9 0 0 0 0 0 0 0 0 0 0 0 
632 9 0 0 0 0 0 0 0 0 0 0 0 
633 9 0 0 0 0 0 0 0 0 0 0 0 
634 9 0 0 0 0 0 0 0 0 0 0 0 
635 9 0 0 0 0 0 0 0 0 0 0 0 
636 9 0 0 0 0 0 0 0 0 0 0 0 
637 9 0 0 0 0 0 0 0 0 0 0 0 
638 9 0 0 0 0 0 0 0 0 0 0 0 
639 9 0 0 0 0 0 0 0 0 0 0 0 
640 9 0 0 0 0 0 0 0 0 0 0 0 
641 9 13 0 0 0 0 0 0 0 0 0 0 
642 9 14 0 0 0 0 0 0 0 0 0 0 
643 9 15 0 0 0 0 0 0 0 0 0 0 
644 9 16 0 0 0 0 0 0 0 0 0 0 
645 9 -1 19 0 0 0 18 38 0 0 12 -17 
646 9 19 0 0 0 0 0 0 0 0 0 0 
647 9 -1 5 1 0 0 38 32 0 0 16 6 
648 9 -1 33 22 0 0 28 19 0 0 19 0 
649 9 0 0 0 0 0 0 0 0 0 0 0 
650 9 0 0 0 0 0 0 0 0 0 0 0 
651 9 0 0 0 0 0 0 0 0 0 0 0 
652 9 0 0 0 0 0 0 0 0 0 0 0 
653 9 0 0 0 0 0 0 0 0 0 0 0 
654 9 0 0 0 0 0 0 0 0 0 0 0 
655 9 0 0 0 0 0 0 0 0 0 0 0 
656 9 0 0 0 0 0 0 0 0 0 0 0 
657 9 28 0 0 0 0 0 0 0 0 0 0 
658 9 29 0 0 0 0 0 0 0 0 0 0 
659 9 0 0 0 0 0 0 0 0 0 0 0 
660 9 0 0 0 0 0 0 0 0 0 0 0 
661 9 0 0 0 0 0 0 0 0 0 0 0 
662 9 0 0 0 0 0 0 0 0 0 0 0 
663 9 0 0 0 0 0 0 0 0 0 0 0 
664 9 0 0 0 0 0 0 0 0 0 0 0 
665 9 0 0 0 0 0 0 0 0 0 0 0 
666 9 0 0 0 0 0 0 0 0 0 0 0 
667 9 0 0 0 0 0 0 0 0 0 0 0 
668 9 0 0 0 0 0 0 0 0 0 0 0 
669 9 0 0 0 0 0 0 0 0 0 0 0 
670 9 0 0 0 0 0 0 0 0 0 0 0 
671 9 -1 0 8 16 22 23 37 4 3 32 32625 
672 9 35 0 0 0 0 0 0 0 0 0 0 
673 9 36 0 0 0 0 0 0 0 0 0 0 
674 9 -1 7 6 2 7 42 33 2 1 32 -194 
675 9 -1 23 2 0 0 1 24 0 0 17 2 
676 9 41 0 0 0 0 0 0 0 0 0 0 
677 9 0 0 0 0 0 0 0 0 0 0 0 
678 9 0 0 0 0 0 0 0 0 0 0 0 
679 9 0 0 0 0 0 0 0 0 0 0 0 
680 9 0 0 0 0 0 0 0 0 0 0 0 
681 9 0 0 0 0 0 0 0 0 0 0 0 
682 9 0 0 0 0 0 0 0 0 0 0 0 
683 9 0 0 0 0 0 0 0 0 0 0 0 
684 9 0 0 0 0 0 0 0 0 0 0 0 
685 9 0 0 0 0 0 0 0 0 0 0 0 
686 9 0 0 0 0 0 0 0 0 0 0 0 
687 9 0 0 0 0 0 0 0 0 0 0 0 
688 9 0 0 0 0 0 0 0 0 0 0 0 
689 9 0 0 0 0 0 0 0 0 0 0 0 
690 9 0 0 0 0 0 0 0 0 0 0 0 
691 9 0 0 0 0 0 0 0 0 0 0 0 
692 9 0 0 0 0 0 0 0 0 0 0 0 
693 9 0 0 0 0 0 0 0 0 0 0 0 
694 9 0 0 0 0 0 0 0 0 0 0 0 
695 9 0 0 0 0 0 0 0 0 0 0 0 
696 9 0 0 0 0 0 0 0 0 0 0 0 
697 9 0 0 0 0 0 0 0 0 0 0 0 
698 9 0 0 0 0 0 0 0 0 0 0 0 
699 9 0 0 0 0 0 0 0 0 0 0 0 
700 9 0 0 0 0 0 0 0 0 0 0 0 
701 9 0 0 0 0 0 0 0 0 0 0 0 
702 9 0 0 0 0 0 0 0 0 0 0 0 
703 9 0 0 0 0 0 0 0 0 0 0 0 
704 9 0 0 0 0 0 0 0 0 0 0 0 
705 9 0 0 0 0 0 0 0 0 0 0 0 
706 9 0 0 0 0 0 0 0 0 0 0 0 
707 9 0 0 0 0 0 0 0 0 0 0 0 
708 9 0 0 0 0 0 0 0 0 0 0 0 
709 9 0 0 0 0 0 0 0 0 0 0 0 
710 9 0 0 0 0 0 0 0 0 0 0 0 
711 9 0 0 0 0 0 0 0 0 0 0 0 
712 9 0 0 0 0 0 0 0 0 0 0 0 
713 9 0 0 0 0 0 0 0 0 0 0 0 
714 9 0 0 0 0 0 0 0 0 0 0 0 
715 9 0 0 0 0 0 0 0 0 0 0 0 
716 9 0 0 0 0 0 0 0 0 0 0 0 
717 9 0 0 0 0 0 0 0 0 0 0 0 
718 9 0 0 0 0 0 0 0 0 0 0 0 
719 9 0 0 0 0 0 0 0 0 0 0 0 
720 9 0 0 0 0 0 0 0 0 0 0 0 
721 9 0 0 0 0 0 0 0 0 0 0 0 
722 9 0 0 0 0 0 0 0 0 0 0 0 
723 9 0 0 0 0 0 0 0 0 0 0 0 
724 9 0 0 0 0 0 0 0 0 0 0 0 
725 9 0 0 0 0 0 0 0 0 0 0 0 
726 9 0 0 0 0 0 0 0 0 0 0 0 
727 9 0 0 0 0 0 0 0 0 0 0 0 
728 9 0 0 0 0 0 0 0 0 0 0 0 
729 9 0 0 0 0 0 0 0 0 0 0 0 
730 9 0 0 0 0 0 0 0 0 0 0 0 
731 9 0 0 0 0 0 0 0 0 0 0 0 
732 9 0 0 0 0 0 0 0 0 0 0 0 
733 9 0 0 0 0 0 0 0 0 0 0 0 
734 9 0 0 0 0 0 0 0 0 0 0 0 
735 9 0 0 0 0 0 0 0 0 0 0 0 
736 9 0 0 0 0 0 0 0 0 0 0 0 
737 9 0 0 0 0 0 0 0 0 0 0 0 
738 9 0 0 0 0 0 0 0 0 0 0 0 
739 9 0 0 0 0 0 0 0 0 0 0 0 
740 9 0 0 0 0 0 0 0 0 0 0 0 
741 9 0 0 0 0 0 0 0 0 0 0 0 
742 9 0 0 0 0 0 0 0 0 0 0 0 
743 9 0 0 0 0 0 0 0 0 0 0 0 
744 9 0 0 0 0 0 0 0 0 0 0 0 
745 9 0 0 0 0 0 0 0 0 0 0 0 
746 9 0 0 0 0 0 0 0 0 0 0 0 
747 9 0 0 0 0 0 0 0 0 0 0 0 
748 9 0 0 0 0 0 0 0 0 0 0 0 
749 9 0 0 0 0 0 0 0 0 0 0 0 
750 9 0 0 0 0 0 0 0 0 0 0 0 
751 9 0 0 0 0 0 0 0 0 0 0 0 
752 9 0 0 0 0 0 0 0 0 0 0 0 
753 9 0 0 0 0 0 0 0 0 0 0 0 
754 9 0 0 0 0 0 0 0 0 0 0 0 
755 9 0 0 0 0 0 0 0 0 0 0 0 
756 9 0 0 0 0 0 0 0 0 0 0 0 
757 9 0 0 0 0 0 0 0 0 0 0 0 
758 9 0 0 0 0 0 0 0 0 0 0 0 
759 9 0 0 0 0 0 0 0 0 0 0 0 
760 9 0 0 0 0 0 0 0 0 0 0 0 
761 9 0 0 0 0 0 0 0 0 0 0 0 
762 9 0 0 0 0 0 0 0 0 0 0 0 
763 9 0 0 0 0 0 0 0 0 0 0 0 
764 9 0 0 0 0 0 0 0 0 0 0 0 
765 9 0 0 0 0 0 0 0 0 0 0 0 
766 9 0 0 0 0 0 0 0 0 0 0 0 
767 9 0 0 0 0 0 0 0 0 0 0 0 
768 9 0 0 0 0 0 0 0 0 0 0 0 
769 9 0 0 0 0 0 0 0 0 0 0 0 
770 9 0 0 0 0 0 0 0 0 0 0 0 
771 9 0 0 0 0 0 0 0 0 0 0 0 
772 9 0 0 0 0 0 0 0 0 0 0 0 
773 9 0 0 0 0 0 0 0 0 0 0 0 
774 9 0 0 0 0 0 0 0 0 0 0 0 
775 9 0 0 0 0 0 0 0 0 0 0 0 
776 9 0 0 0 0 0 0 0 0 0 0 0 
777 9 0 0 0 0 0 0 0 0 0 0 0 
778 9 0 0 0 0 0 0 0 0 0 0 0 
779 9 0 0 0 0 0 0 0 0 0 0 0 
780 9 0 0 0 0 0 0 0 0 0 0 0 
781 9 0 0 0 0 0 0 0 0 0 0 0 
782 9 0 0 0 0 0 0 0 0 0 0 0 
783 9 0 0 0 0 0 0 0 0 0 0 0 
784 9 0 0 0 0 0 0 0 0 0 0 0 
785 9 0 0 0 0 0 0 0 0 0 0 0 
786 9 0 0 0 0 0 0 0 0 0 0 0 
787 9 0 0 0 0 0 0 0 0 0 0 0 
788 9 0 0 0 0 0 0 0 0 0 0 0 
789 9 0 0 0 0 0 0 0 0 0 0 0 
790 9 0 0 0 0 0 0 0 0 0 0 0 
791 9 0 0 0 0 0 0 0 0 0 0 0 
792 9 0 0 0 0 0 0 0 0 0 0 0 
793 9 0 0 0 0 0 0 0 0 0 0 0 
794 9 0 0 0 0 0 0 0 0 0 0 0 
795 9 0 0 0 0 0 0 0 0 0 0 0 
796 9 0 0 0 0 0 0 0 0 0 0 0 
797 9 0 0 0 0 0 0 0 0 0 0 0 
798 9 0 0 0 0 0 0 0 0 0 0 0 
799 9 0 0 0 0 0 0 0 0 0 0 0 
800 9 0 0 0 0 0 0 0 0 0 0 0 
801 9 0 0 0 0 0 0 0 0 0 0 0 
802 9 0 0 0 0 0 0 0 0 0 0 0 
803 9 0 0 0 0 0 0 0 0 0 0 0 
804 9 0 0 0 0 0 0 0 0 0 0 0 
805 9 0 0 0 0 0 0 0 0 0 0 0 
806 9 0 0 0 0 0 0 0 0 0 0 0 
807 9 0 0 0 0 0 0 0 0 0 0 0 
808 9 0 0 0 0 0 0 0 0 0 0 0 
809 9 0 0 0 0 0 0 0 0 0 0 0 
810 9 0 0 0 0 0 0 0 0 0 0 0 
811 9 0 0 0 0 0 0 0 0 0 0 0 
812 9 0 0 0 0 0 0 0 0 0 0 0 
813 9 60 0 0 0 0 0 0 0 0 0 0 
814 9 61 0 0 0 0 0 0 0 0 0 0 
815 9 0 0 0 0 0 0 0 0 0 0 0 
816 9 0 0 0 0 0 0 0 0 0 0 0 
817 9 0 0 0 0 0 0 0 0 0 0 0 
818 9 0 0 0 0 0 0 0 0 0 0 0 
819 9 0 0 0 0 0 0 0 0 0 0 0 
820 9 0 0 0 0 0 0 0 0 0 0 0 
821 9 0 0 0 0 0 0 0 0 0 0 0 
822 9 0 0 0 0 0 0 0 0 0 0 0 
823 9 0 0 0 0 0 0 0 0 0 0 0 
824 9 0 0 0 0 0 0 0 0 0 0 0 
825 9 0 0 0 0 0 0 0 0 0 0 0 
826 9 0 0 0 0 0 0 0 0 0 0 0 
827 9 -1 17 46 0 0 46 27 0 0 0 35 
828 9 67 0 0 0 0 0 0 0 0 0 0 
829 9 -1 20 6 6 20 36 34 3 5 32 -511 
830 9 -1 0 6 18 12 44 27 1 6 32 3878 
831 9 0 0 0 0 0 0 0 0 0 0 0 
832 9 0 0 0 0 0 0 0 0 0 0 0 
833 9 0 0 0 0 0 0 0 0 0 0 0 
834 9 0 0 0 0 0 0 0 0 0 0 0 
835 9 0 0 0 0 0 0 0 0 0 0 0 
836 9 0 0 0 0 0 0 0 0 0 0 0 
837 9 0 0 0 0 0 0 0 0 0 0 0 
838 9 0 0 0 0 0 0 0 0 0 0 0 
839 9 0 0 0 0 0 0 0 0 0 0 0 
840 9 0 0 0 0 0 0 0 0 0 0 0 
841 9 0 0 0 0 0 0 0 0 0 0 0 
842 9 0 0 0 0 0 0 0 0 0 0 0 
843 9 77 0 0 0 0 0 0 0 0 0 0 
844 9 78 0 0 0 0 0 0 0 0 0 0 
845 9 79 0 0 0 0 0 0 0 0 0 0 
846 9 -1 42 2 0 0 45 43 0 0 7 0 
847 9 0 0 0 0 0 0 0 0 0 0 0 
848 9 0 0 0 0 0 0 0 0 0 0 0 
849 9 0 0 0 0 0 0 0 0 0 0 0 
850 9 0 0 0 0 0 0 0 0 0 0 0 
851 9 0 0 0 0 0 0 0 0 0 0 0 
852 9 0 0 0 0 0 0 0 0 0 0 0 
853 9 0 0 0 0 0 0 0 0 0 0 0 
854 9 0 0 0 0 0 0 0 0 0 0 0 
855 9 84 0 0 0 0 0 0 0 0 0 0 
856 9 85 0 0 0 0 0 0 0 0 0 0 
857 9 0 0 0 0 0 0 0 0 0 0 0 
858 9 0 0 0 0 0 0 0 0 0 0 0 
859 9 0 0 0 0 0 0 0 0 0 0 0 
860 9 0 0 0 0 0 0 0 0 0 0 0 
861 9 88 0 0 0 0 0 0 0 0 0 0 
862 9 89 0 0 0 0 0 0 0 0 0 0 
863 9 0 0 0 0 0 0 0 0 0 0 0 
864 9 0 0 0 0 0 0 0 0 0 0 0 
865 9 0 0 0 0 0 0 0 0 0 0 0 
866 9 0 0 0 0 0 0 0 0 0 0 0 
867 9 0 0 0 0 0 0 0 0 0 0 0 
868 9 0 0 0 0 0 0 0 0 0 0 0 
869 9 0 0 0 0 0 0 0 0 0 0 0 
870 9 0 0 0 0 0 0 0 0 0 0 0 
871 9 0 0 0 0 0 0 0 0 0 0 0 
872 9 0 0 0 0 0 0 0 0 0 0 0 
873 9 0 0 0 0 0 0 0 0 0 0 0 
874 9 0 0 0 0 0 0 0 0 0 0 0 
875 9 0 0 0 0 0 0 0 0 0 0 0 
876 9 0 0 0 0 0 0 0 0 0 0 0 
877 9 0 0 0 0 0 0 0 0 0 0 0 
878 9 0 0 0 0 0 0 0 0 0 0 0 
879 9 0 0 0 0 0 0 0 0 0 0 0 
880 9 0 0 0 0 0 0 0 0 0 0 0 
881 9 0 0 0 0 0 0 0 0 0 0 0 
882 9 0 0 0 0 0 0 0 0 0 0 0 
883 9 0 0 0 0 0 0 0 0 0 0 0 
884 9 0 0 0 0 0 0 0 0 0 0 0 
885 9 0 0 0 0 0 0 0 0 0 0 0 
886 9 0 0 0 0 0 0 0 0 0 0 0 
887 9 0 0 0 0 0 0 0 0 0 0 0 
888 9 0 0 0 0 0 0 0 0 0 0 0 
889 9 0 0 0 0 0 0 0 0 0 0 0 
890 9 0 0 0 0 0 0 0 0 0 0 0 
891 9 0 0 0 0 0 0 0 0 0 0 0 
892 9 0 0 0 0 0 0 0 0 0 0 0 
893 9 0 0 0 0 0 0 0 0 0 0 0 
894 9 0 0 0 0 0 0 0 0 0 0 0 
895 9 0 0 0 0 0 0 0 0 0 0 0 
896 9 0 0 0 0 0 0 0 0 0 0 0 
897 9 0 0 0 0 0 0 0 0 0 0 0 
898 9 0 0 0 0 0 0 0 0 0 0 0 
899 9 0 0 0 0 0 0 0 0 0 0 0 
900 9 0 0 0 0 0 0 0 0 0 0 0 
901 9 0 0 0 0 0 0 0 0 0 0 0 
902 9 0 0 0 0 0 0 0 0 0 0 0 
903 9 0 0 0 0 0 0 0 0 0 0 0 
904 9 0 0 0 0 0 0 0 0 0 0 0 
905 9 96 0 0 0 0 0 0 0 0 0 0 
906 9 97 0 0 0 0 0 0 0 0 0 0 
907 9 0 0 0 0 0 0 0 0 0 0 0 
908 9 0 0 0 0 0 0 0 0 0 0 0 
909 9 0 0 0 0 0 0 0 0 0 0 0 
910 9 0 0 0 0 0 0 0 0 0 0 0 
911 9 0 0 0 0 0 0 0 0 0 0 0 
912 9 0 0 0 0 0 0 0 0 0 0 0 
913 9 0 0 0 0 0 0 0 0 0 0 0 
914 9 0 0 0 0 0 0 0 0 0 0 0 
915 9 0 0 0 0 0 0 0 0 0 0 0 
916 9 0 0 0 0 0 0 0 0 0 0 0 
917 9 0 0 0 0 0 0 0 0 0 0 0 
918 9 0 0 0 0 0 0 0 0 0 0 0 
919 9 0 0 0 0 0 0 0 0 0 0 0 
920 9 0 0 0 0 0 0 0 0 0 0 0 
921 9 0 0 0 0 0 0 0 0 0 0 0 
922 9 0 0 0 0 0 0 0 0 0 0 0 
923 9 0 0 0 0 0 0 0 0 0 0 0 
924 9 0 0 0 0 0 0 0 0 0 0 0 
925 9 0 0 0 0 0 0 0 0 0 0 0 
926 9 0 0 0 0 0 0 0 0 0 0 0 
927 9 0 0 0 0 0 0 0 0 0 0 0 
928 9 0 0 0 0 0 0 0 0 0 0 0 
929 9 0 0 0 0 0 0 0 0 0 0 0 
930 9 0 0 0 0 0 0 0 0 0 0 0 
931 9 0 0 0 0 0 0 0 0 0 0 0 
932 9 0 0 0 0 0 0 0 0 0 0 0 
933 9 0 0 0 0 0 0 0 0 0 0 0 
934 9 0 0 0 0 0 0 0 0 0 0 0 
935 9 0 0 0 0 0 0 0 0 0 0 0 
936 9 0 0 0 0 0 0 0 0 0 0 0 
937 9 0 0 0 0 0 0 0 0 0 0 0 
938 9 0 0 0 0 0 0 0 0 0 0 0 
939 9 0 0 0 0 0 0 0 0 0 0 0 
940 9 0 0 0 0 0 0 0 0 0 0 0 
941 9 0 0 0 0 0 0 0 0 0 0 0 
942 9 0 0 0 0 0 0 0 0 0 0 0 
943 9 0 0 0 0 0 0 0 0 0 0 0 
944 9 0 0 0 0 0 0 0 0 0 0 0 
945 9 0 0 0 0 0 0 0 0 0 0 0 
946 9 0 0 0 0 0 0 0 0 0 0 0 
947 9 0 0 0 0 0 0 0 0 0 0 0 
948 9 0 0 0 0 0 0 0 0 0 0 0 
949 9 0 0 0 0 0 0 0 0 0 0 0 
950 9 0 0 0 0 0 0 0 0 0 0 0 
951 9 0 0 0 0 0 0 0 0 0 0 0 
952 9 0 0 0 0 0 0 0 0 0 0 0 
953 9 0 0 0 0 0 0 0 0 0 0 0 
954 9 0 0 0 0 0 0 0 0 0 0 0 
955 9 0 0 0 0 0 0 0 0 0 0 0 
956 9 0 0 0 0 0 0 0 0 0 0 0 
957 9 0 0 0 0 0 0 0 0 0 0 0 
958 9 0 0 0 0 0 0 0 0 0 0 0 
959 9 -1 6 16 12 10 30 43 13 1 32 2280 
960 9 -1 0 0 6 7 34 29 8 1 32 693 
961 9 -1 17 17 1 13 30 32 10 14 32 -5321 
962 9 -1 0 17 12 8 16 32 21 4 32 110 
963 9 117 0 0 0 0 0 0 0 0 0 0 
964 9 -1 0 6 3 14 40 46 1 1 32 1621 
965 9 -1 6 22 0 0 41 24 0 0 0 -1 
966 9 -1 33 6 0 0 27 4 0 0 18 12 
967 9 0 0 0 0 0 0 0 0 0 0 0 
968 9 0 0 0 0 0 0 0 0 0 0 0 
969 9 0 0 0 0 0 0 0 0 0 0 0 
970 9 0 0 0 0 0 0 0 0 0 0 0 
971 9 -1 33 40 0 0 44 47 0 0 14 41 
972 9 127 0 0 0 0 0 0 0 0 0 0 
973 9 0 0 0 0 0 0 0 0 0 0 0 
974 9 0 0 0 0 0 0 0 0 0 0 0 
975 9 0 0 0 0 0 0 0 0 0 0 0 
976 9 0 0 0 0 0 0 0 0 0 0 0 
977 9 0 0 0 0 0 0 0 0 0 0 0 
978 9 0 0 0 0 0 0 0 0 0 0 0 
979 9 0 0 0 0 0 0 0 0 0 0 0 
980 9 0 0 0 0 0 0 0 0 0 0 0 
981 9 0 0 0 0 0 0 0 0 0 0 0 
982 9 0 0 0 0 0 0 0 0 0 0 0 
983 9 0 0 0 0 0 0 0 0 0 0 0 
984 9 0 0 0 0 0 0 0 0 0 0 0 
985 9 0 0 0 0 0 0 0 0 0 0 0 
986 9 0 0 0 0 0 0 0 0 0 0 0 
987 9 0 0 0 0 0 0 0 0 0 0 0 
988 9 0 0 0 0 0 0 0 0 0 0 0 
989 9 0 0 0 0 0 0 0 0 0 0 0 
990 9 0 0 0 0 0 0 0 0 0 0 0 
991 9 0 0 0 0 0 0 0 0 0 0 0 
992 9 0 0 0 0 0 0 0 0 0 0 0 
993 9 0 0 0 0 0 0 0 0 0 0 0 
994 9 0 0 0 0 0 0 0 0 0 0 0 
995 9 0 0 0 0 0 0 0 0 0 0 0 
996 9 0 0 0 0 0 0 0 0 0 0 0 
997 9 0 0 0 0 0 0 0 0 0 0 0 
998 9 0 0 0 0 0 0 0 0 0 0 0 
999 9 0 0 0 0 0 0 0 0 0 0 0 
1000 9 0 0 0 0 0 0 0 0 0 0 0 
1001 9 0 0 0 0 0 0 0 0 0 0 0 
1002 9 0 0 0 0 0 0 0 0 0 0 0 
1003 9 0 0 0 0 0 0 0 0 0 0 0 
1004 9 0 0 0 0 0 0 0 0 0 0 0 
1005 9 0 0 0 0 0 0 0 0 0 0 0 
1006 9 0 0 0 0 0 0 0 0 0 0 0 
1007 9 0 0 0 0 0 0 0 0 0 0 0 
1008 9 0 0 0 0 0 0 0 0 0 0 0 
1009 9 0 0 0 0 0 0 0 0 0 0 0 
1010 9 0 0 0 0 0 0 0 0 0 0 0 
1011 9 0 0 0 0 0 0 0 0 0 0 0 
1012 9 0 0 0 0 0 0 0 0 0 0 0 
1013 9 0 0 0 0 0 0 0 0 0 0 0 
1014 9 0 0 0 0 0 0 0 0 0 0 0 
1015 9 0 0 0 0 0 0 0 0 0 0 0 
1016 9 0 0 0 0 0 0 0 0 0 0 0 
1017 9 0 0 0 0 0 0 0 0 0 0 0 
1018 9 0 0 0 0 0 0 0 0 0 0 0 
1019 9 0 0 0 0 0 0 0 0 0 0 0 
1020 9 0 0 0 0 0 0 0 0 0 0 0 
1021 9 0 0 0 0 0 0 0 0 0 0 0 
1022 9 0 0 0 0 0 0 0 0 0 0 0 
1023 10 0 0 0 0 0 0 0 0 0 0 0 
1024 10 0 0 0 0 0 0 0 0 0 0 0 
1025 10 0 0 0 0 0 0 0 0 0 0 0 
1026 10 0 0 0 0 0 0 0 0 0 0 0 
1027 10 0 0 0 0 0 0 0 0 0 0 0 
1028 10 0 0 0 0 0 0 0 0 0 0 0 
1029 10 0 0 0 0 0 0 0 0 0 0 0 
1030 10 0 0 0 0 0 0 0 0 0 0 0 
1031 10 0 0 0 0 0 0 0 0 0 0 0 
1032 10 0 0 0 0 0 0 0 0 0 0 0 
1033 10 0 0 0 0 0 0 0 0 0 0 0 
1034 10 0 0 0 0 0 0 0 0 0 0 0 
1035 10 0 0 0 0 0 0 0 0 0 0 0 
1036 10 0 0 0 0 0 0 0 0 0 0 0 
1037 10 0 0 0 0 0 0 0 0 0 0 0 
1038 10 0 0 0 0 0 0 0 0 0 0 0 
1039 10 0 0 0 0 0 0 0 0 0 0 0 
1040 10 0 0 0 0 0 0 0 0 0 0 0 
1041 10 0 0 0 0 0 0 0 0 0 0 0 
1042 10 0 0 0 0 0 0 0 0 0 0 0 
1043 10 0 0 0 0 0 0 0 0 0 0 0 
1044 10 0 0 0 0 0 0 0 0 0 0 0 
1045 10 0 0 0 0 0 0 0 0 0 0 0 
1046 10 0 0 0 0 0 0 0 0 0 0 0 
1047 10 0 0 0 0 0 0 0 0 0 0 0 
1048 10 0 0 0 0 0 0 0 0 0 0 0 
1049 10 0 0 0 0 0 0 0 0 0 0 0 
1050 10 0 0 0 0 0 0 0 0 0 0 0 
1051 10 0 0 0 0 0 0 0 0 0 0 0 
1052 10 0 0 0 0 0 0 0 0 0 0 0 
1053 10 0 0 0 0 0 0 0 0 0 0 0 
1054 10 0 0 0 0 0 0 0 0 0 0 0 
1055 10 0 0 0 0 0 0 0 0 0 0 0 
1056 10 0 0 0 0 0 0 0 0 0 0 0 
1057 10 0 0 0 0 0 0 0 0 0 0 0 
1058 10 0 0 0 0 0 0 0 0 0 0 0 
1059 10 0 0 0 0 0 0 0 0 0 0 0 
1060 10 0 0 0 0 0 0 0 0 0 0 0 
1061 10 0 0 0 0 0 0 0 0 0 0 0 
1062 10 0 0 0 0 0 0 0 0 0 0 0 
1063 10 0 0 0 0 0 0 0 0 0 0 0 
1064 10 0 0 0 0 0 0 0 0 0 0 0 
1065 10 0 0 0 0 0 0 0 0 0 0 0 
1066 10 0 0 0 0 0 0 0 0 0 0 0 
1067 10 0 0 0 0 0 0 0 0 0 0 0 
1068 10 0 0 0 0 0 0 0 0 0 0 0 
1069 10 0 0 0 0 0 0 0 0 0 0 0 
1070 10 0 0 0 0 0 0 0 0 0 0 0 
1071 10 0 0 0 0 0 0 0 0 0 0 0 
1072 10 0 0 0 0 0 0 0 0 0 0 0 
1073 10 0 0 0 0 0 0 0 0 0 0 0 
1074 10 0 0 0 0 0 0 0 0 0 0 0 
1075 10 0 0 0 0 0 0 0 0 0 0 0 
1076 10 0 0 0 0 0 0 0 0 0 0 0 
1077 10 0 0 0 0 0 0 0 0 0 0 0 
1078 10 0 0 0 0 0 0 0 0 0 0 0 
1079 10 0 0 0 0 0 0 0 0 0 0 0 
1080 10 0 0 0 0 0 0 0 0 0 0 0 
1081 10 0 0 0 0 0 0 0 0 0 0 0 
1082 10 0 0 0 0 0 0 0 0 0 0 0 
1083 10 0 0 0 0 0 0 0 0 0 0 0 
1084 10 0 0 0 0 0 0 0 0 0 0 0 
1085 10 0 0 0 0 0 0 0 0 0 0 0 
1086 10 0 0 0 0 0 0 0 0 0 0 0 
1087 10 0 0 0 0 0 0 0 0 0 0 0 
1088 10 0 0 0 0 0 0 0 0 0 0 0 
1089 10 0 0 0 0 0 0 0 0 0 0 0 
1090 10 0 0 0 0 0 0 0 0 0 0 0 
1091 10 0 0 0 0 0 0 0 0 0 0 0 
1092 10 0 0 0 0 0 0 0 0 0 0 0 
1093 10 0 0 0 0 0 0 0 0 0 0 0 
1094 10 0 0 0 0 0 0 0 0 0 0 0 
1095 10 0 0 0 0 0 0 0 0 0 0 0 
1096 10 0 0 0 0 0 0 0 0 0 0 0 
1097 10 0 0 0 0 0 0 0 0 0 0 0 
1098 10 0 0 0 0 0 0 0 0 0 0 0 
1099 10 0 0 0 0 0 0 0 0 0 0 0 
1100 10 0 0 0 0 0 0 0 0 0 0 0 
1101 10 0 0 0 0 0 0 0 0 0 0 0 
1102 10 0 0 0 0 0 0 0 0 0 0 0 
1103 10 0 0 0 0 0 0 0 0 0 0 0 
1104 10 0 0 0 0 0 0 0 0 0 0 0 
1105 10 0 0 0 0 0 0 0 0 0 0 0 
1106 10 0 0 0 0 0 0 0 0 0 0 0 
1107 10 0 0 0 0 0 0 0 0 0 0 0 
1108 10 0 0 0 0 0 0 0 0 0 0 0 
1109 10 0 0 0 0 0 0 0 0 0 0 0 
1110 10 0 0 0 0 0 0 0 0 0 0 0 
1111 10 0 0 0 0 0 0 0 0 0 0 0 
1112 10 0 0 0 0 0 0 0 0 0 0 0 
1113 10 0 0 0 0 0 0 0 0 0 0 0 
1114 10 0 0 0 0 0 0 0 0 0 0 0 
1115 10 0 0 0 0 0 0 0 0 0 0 0 
1116 10 0 0 0 0 0 0 0 0 0 0 0 
1117 10 0 0 0 0 0 0 0 0 0 0 0 
1118 10 0 0 0 0 0 0 0 0 0 0 0 
1119 10 0 0 0 0 0 0 0 0 0 0 0 
1120 10 0 0 0 0 0 0 0 0 0 0 0 
1121 10 0 0 0 0 0 0 0 0 0 0 0 
1122 10 0 0 0 0 0 0 0 0 0 0 0 
1123 10 0 0 0 0 0 0 0 0 0 0 0 
1124 10 0 0 0 0 0 0 0 0 0 0 0 
1125 10 0 0 0 0 0 0 0 0 0 0 0 
1126 10 0 0 0 0 0 0 0 0 0 0 0 
1127 10 0 0 0 0 0 0 0 0 0 0 0 
1128 10 0 0 0 0 0 0 0 0 0 0 0 
1129 10 0 0 0 0 0 0 0 0 0 0 0 
1130 10 0 0 0 0 0 0 0 0 0 0 0 
1131 10 0 0 0 0 0 0 0 0 0 0 0 
1132 10 0 0 0 0 0 0 0 0 0 0 0 
1133 10 0 0 0 0 0 0 0 0 0 0 0 
1134 10 0 0 0 0 0 0 0 0 0 0 0 
1135 10 0 0 0 0 0 0 0 0 0 0 0 
1136 10 0 0 0 0 0 0 0 0 0 0 0 
1137 10 0 0 0 0 0 0 0 0 0 0 0 
1138 10 0 0 0 0 0 0 0 0 0 0 0 
1139 10 0 0 0 0 0 0 0 0 0 0 0 
1140 10 0 0 0 0 0 0 0 0 0 0 0 
1141 10 0 0 0 0 0 0 0 0 0 0 0 
1142 10 0 0 0 0 0 0 0 0 0 0 0 
1143 10 0 0 0 0 0 0 0 0 0 0 0 
1144 10 0 0 0 0 0 0 0 0 0 0 0 
1145 10 0 0 0 0 0 0 0 0 0 0 0 
1146 10 0 0 0 0 0 0 0 0 0 0 0 
1147 10 0 0 0 0 0 0 0 0 0 0 0 
1148 10 0 0 0 0 0 0 0 0 0 0 0 
1149 10 0 0 0 0 0 0 0 0 0 0 0 
1150 10 0 0 0 0 0 0 0 0 0 0 0 
1151 10 0 0 0 0 0 0 0 0 0 0 0 
1152 10 0 0 0 0 0 0 0 0 0 0 0 
1153 10 0 0 0 0 0 0 0 0 0 0 0 
1154 10 0 0 0 0 0 0 0 0 0 0 0 
1155 10 0 0 0 0 0 0 0 0 0 0 0 
1156 10 0 0 0 0 0 0 0 0 0 0 0 
1157 10 0 0 0 0 0 0 0 0 0 0 0 
1158 10 0 0 0 0 0 0 0 0 0 0 0 
1159 10 0 0 0 0 0 0 0 0 0 0 0 
1160 10 0 0 0 0 0 0 0 0 0 0 0 
1161 10 0 0 0 0 0 0 0 0 0 0 0 
1162 10 0 0 0 0 0 0 0 0 0 0 0 
1163 10 0 0 0 0 0 0 0 0 0 0 0 
1164 10 0 0 0 0 0 0 0 0 0 0 0 
1165 10 0 0 0 0 0 0 0 0 0 0 0 
1166 10 0 0 0 0 0 0 0 0 0 0 0 
1167 10 0 0 0 0 0 0 0 0 0 0 0 
1168 10 0 0 0 0 0 0 0 0 0 0 0 
1169 10 0 0 0 0 0 0 0 0 0 0 0 
1170 10 0 0 0 0 0 0 0 0 0 0 0 
1171 10 0 0 0 0 0 0 0 0 0 0 0 
1172 10 0 0 0 0 0 0 0 0 0 0 0 
1173 10 0 0 0 0 0 0 0 0 0 0 0 
1174 10 0 0 0 0 0 0 0 0 0 0 0 
1175 10 0 0 0 0 0 0 0 0 0 0 0 
1176 10 0 0 0 0 0 0 0 0 0 0 0 
1177 10 0 0 0 0 0 0 0 0 0 0 0 
1178 10 0 0 0 0 0 0 0 0 0 0 0 
1179 10 0 0 0 0 0 0 0 0 0 0 0 
1180 10 0 0 0 0 0 0 0 0 0 0 0 
1181 10 0 0 0 0 0 0 0 0 0 0 0 
1182 10 0 0 0 0 0 0 0 0 0 0 0 
1183 10 0 0 0 0 0 0 0 0 0 0 0 
1184 10 0 0 0 0 0 0 0 0 0 0 0 
1185 10 0 0 0 0 0 0 0 0 0 0 0 
1186 10 0 0 0 0 0 0 0 0 0 0 0 
1187 10 0 0 0 0 0 0 0 0 0 0 0 
1188 10 0 0 0 0 0 0 0 0 0 0 0 
1189 10 0 0 0 0 0 0 0 0 0 0 0 
1190 10 0 0 0 0 0 0 0 0 0 0 0 
1191 10 0 0 0 0 0 0 0 0 0 0 0 
1192 10 0 0 0 0 0 0 0 0 0 0 0 
1193 10 0 0 0 0 0 0 0 0 0 0 0 
1194 10 0 0 0 0 0 0 0 0 0 0 0 
1195 10 0 0 0 0 0 0 0 0 0 0 0 
1196 10 0 0 0 0 0 0 0 0 0 0 0 
1197 10 0 0 0 0 0 0 0 0 0 0 0 
1198 10 0 0 0 0 0 0 0 0 0 0 0 
1199 10 0 0 0 0 0 0 0 0 0 0 0 
1200 10 0 0 0 0 0 0 0 0 0 0 0 
1201 10 0 0 0 0 0 0 0 0 0 0 0 
1202 10 0 0 0 0 0 0 0 0 0 0 0 
1203 10 0 0 0 0 0 0 0 0 0 0 0 
1204 10 0 0 0 0 0 0 0 0 0 0 0 
1205 10 0 0 0 0 0 0 0 0 0 0 0 
1206 10 0 0 0 0 0 0 0 0 0 0 0 
1207 10 0 0 0 0 0 0 0 0 0 0 0 
1208 10 0 0 0 0 0 0 0 0 0 0 0 
1209 10 0 0 0 0 0 0 0 0 0 0 0 
1210 10 0 0 0 0 0 0 0 0 0 0 0 
1211 10 0 0 0 0 0 0 0 0 0 0 0 
1212 10 0 0 0 0 0 0 0 0 0 0 0 
1213 10 0 0 0 0 0 0 0 0 0 0 0 
1214 10 0 0 0 0 0 0 0 0 0 0 0 
1215 10 0 0 0 0 0 0 0 0 0 0 0 
1216 10 0 0 0 0 0 0 0 0 0 0 0 
1217 10 0 0 0 0 0 0 0 0 0 0 0 
1218 10 0 0 0 0 0 0 0 0 0 0 0 
1219 10 0 0 0 0 0 0 0 0 0 0 0 
1220 10 0 0 0 0 0 0 0 0 0 0 0 
1221 10 0 0 0 0 0 0 0 0 0 0 0 
1222 10 0 0 0 0 0 0 0 0 0 0 0 
1223 10 0 0 0 0 0 0 0 0 0 0 0 
1224 10 0 0 0 0 0 0 0 0 0 0 0 
1225 10 0 0 0 0 0 0 0 0 0 0 0 
1226 10 0 0 0 0 0 0 0 0 0 0 0 
1227 10 0 0 0 0 0 0 0 0 0 0 0 
1228 10 0 0 0 0 0 0 0 0 0 0 0 
1229 10 0 0 0 0 0 0 0 0 0 0 0 
1230 10 0 0 0 0 0 0 0 0 0 0 0 
1231 10 0 0 0 0 0 0 0 0 0 0 0 
1232 10 0 0 0 0 0 0 0 0 0 0 0 
1233 10 0 0 0 0 0 0 0 0 0 0 0 
1234 10 0 0 0 0 0 0 0 0 0 0 0 
1235 10 0 0 0 0 0 0 0 0 0 0 0 
1236 10 0 0 0 0 0 0 0 0 0 0 0 
1237 10 0 0 0 0 0 0 0 0 0 0 0 
1238 10 0 0 0 0 0 0 0 0 0 0 0 
1239 10 0 0 0 0 0 0 0 0 0 0 0 
1240 10 0 0 0 0 0 0 0 0 0 0 0 
1241 10 0 0 0 0 0 0 0 0 0 0 0 
1242 10 0 0 0 0 0 0 0 0 0 0 0 
1243 10 0 0 0 0 0 0 0 0 0 0 0 
1244 10 0 0 0 0 0 0 0 0 0 0 0 
1245 10 0 0 0 0 0 0 0 0 0 0 0 
1246 10 0 0 0 0 0 0 0 0 0 0 0 
1247 10 0 0 0 0 0 0 0 0 0 0 0 
1248 10 0 0 0 0 0 0 0 0 0 0 0 
1249 10 0 0 0 0 0 0 0 0 0 0 0 
1250 10 0 0 0 0 0 0 0 0 0 0 0 
1251 10 0 0 0 0 0 0 0 0 0 0 0 
1252 10 0 0 0 0 0 0 0 0 0 0 0 
1253 10 0 0 0 0 0 0 0 0 0 0 0 
1254 10 0 0 0 0 0 0 0 0 0 0 0 
1255 10 0 0 0 0 0 0 0 0 0 0 0 
1256 10 0 0 0 0 0 0 0 0 0 0 0 
1257 10 0 0 0 0 0 0 0 0 0 0 0 
1258 10 0 0 0 0 0 0 0 0 0 0 0 
1259 10 0 0 0 0 0 0 0 0 0 0 0 
1260 10 0 0 0 0 0 0 0 0 0 0 0 
1261 10 0 0 0 0 0 0 0 0 0 0 0 
1262 10 0 0 0 0 0 0 0 0 0 0 0 
1263 10 0 0 0 0 0 0 0 0 0 0 0 
1264 10 0 0 0 0 0 0 0 0 0 0 0 
1265 10 0 0 0 0 0 0 0 0 0 0 0 
1266 10 0 0 0 0 0 0 0 0 0 0 0 
1267 10 0 0 0 0 0 0 0 0 0 0 0 
1268 10 0 0 0 0 0 0 0 0 0 0 0 
1269 10 0 0 0 0 0 0 0 0 0 0 0 
1270 10 0 0 0 0 0 0 0 0 0 0 0 
1271 10 0 0 0 0 0 0 0 0 0 0 0 
1272 10 0 0 0 0 0 0 0 0 0 0 0 
1273 10 0 0 0 0 0 0 0 0 0 0 0 
1274 10 0 0 0 0 0 0 0 0 0 0 0 
1275 10 0 0 0 0 0 0 0 0 0 0 0 
1276 10 0 0 0 0 0 0 0 0 0 0 0 
1277 10 0 0 0 0 0 0 0 0 0 0 0 
1278 10 0 0 0 0 0 0 0 0 0 0 0 
1279 10 0 0 0 0 0 0 0 0 0 0 0 
1280 10 0 0 0 0 0 0 0 0 0 0 0 
1281 10 0 0 0 0 0 0 0 0 0 0 0 
1282 10 0 0 0 0 0 0 0 0 0 0 0 
1283 10 0 0 0 0 0 0 0 0 0 0 0 
1284 10 0 0 0 0 0 0 0 0 0 0 0 
1285 10 0 0 0 0 0 0 0 0 0 0 0 
1286 10 0 0 0 0 0 0 0 0 0 0 0 
1287 10 0 0 0 0 0 0 0 0 0 0 0 
1288 10 0 0 0 0 0 0 0 0 0 0 0 
1289 10 0 0 0 0 0 0 0 0 0 0 0 
1290 10 0 0 0 0 0 0 0 0 0 0 0 
1291 10 17 0 0 0 0 0 0 0 0 0 0 
1292 10 18 0 0 0 0 0 0 0 0 0 0 
1293 10 0 0 0 0 0 0 0 0 0 0 0 
1294 10 0 0 0 0 0 0 0 0 0 0 0 
1295 10 20 0 0 0 0 0 0 0 0 0 0 
1296 10 21 0 0 0 0 0 0 0 0 0 0 
1297 10 22 0 0 0 0 0 0 0 0 0 0 
1298 10 23 0 0 0 0 0 0 0 0 0 0 
1299 10 0 0 0 0 0 0 0 0 0 0 0 
1300 10 0 0 0 0 0 0 0 0 0 0 0 
1301 10 0 0 0 0 0 0 0 0 0 0 0 
1302 10 0 0 0 0 0 0 0 0 0 0 0 
1303 10 0 0 0 0 0 0 0 0 0 0 0 
1304 10 0 0 0 0 0 0 0 0 0 0 0 
1305 10 0 0 0 0 0 0 0 0 0 0 0 
1306 10 0 0 0 0 0 0 0 0 0 0 0 
1307 10 0 0 0 0 0 0 0 0 0 0 0 
1308 10 0 0 0 0 0 0 0 0 0 0 0 
1309 10 0 0 0 0 0 0 0 0 0 0 0 
1310 10 0 0 0 0 0 0 0 0 0 0 0 
1311 10 0 0 0 0 0 0 0 0 0 0 0 
1312 10 0 0 0 0 0 0 0 0 0 0 0 
1313 10 0 0 0 0 0 0 0 0 0 0 0 
1314 10 0 0 0 0 0 0 0 0 0 0 0 
1315 10 0 0 0 0 0 0 0 0 0 0 0 
1316 10 0 0 0 0 0 0 0 0 0 0 0 
1317 10 0 0 0 0 0 0 0 0 0 0 0 
1318 10 0 0 0 0 0 0 0 0 0 0 0 
1319 10 0 0 0 0 0 0 0 0 0 0 0 
1320 10 0 0 0 0 0 0 0 0 0 0 0 
1321 10 0 0 0 0 0 0 0 0 0 0 0 
1322 10 0 0 0 0 0 0 0 0 0 0 0 
1323 10 0 0 0 0 0 0 0 0 0 0 0 
1324 10 0 0 0 0 0 0 0 0 0 0 0 
1325 10 0 0 0 0 0 0 0 0 0 0 0 
1326 10 0 0 0 0 0 0 0 0 0 0 0 
1327 10 0 0 0 0 0 0 0 0 0 0 0 
1328 10 0 0 0 0 0 0 0 0 0 0 0 
1329 10 0 0 0 0 0 0 0 0 0 0 0 
1330 10 0 0 0 0 0 0 0 0 0 0 0 
1331 10 0 0 0 0 0 0 0 0 0 0 0 
1332 10 0 0 0 0 0 0 0 0 0 0 0 
1333 10 0 0 0 0 0 0 0 0 0 0 0 
1334 10 0 0 0 0 0 0 0 0 0 0 0 
1335 10 0 0 0 0 0 0 0 0 0 0 0 
1336 10 0 0 0 0 0 0 0 0 0 0 0 
1337 10 0 0 0 0 0 0 0 0 0 0 0 
1338 10 0 0 0 0 0 0 0 0 0 0 0 
1339 10 0 0 0 0 0 0 0 0 0 0 0 
1340 10 0 0 0 0 0 0 0 0 0 0 0 
1341 10 0 0 0 0 0 0 0 0 0 0 0 
1342 10 0 0 0 0 0 0 0 0 0 0 0 
1343 10 33 0 0 0 0 0 0 0 0 0 0 
1344 10 34 0 0 0 0 0 0 0 0 0 0 
1345 10 0 0 0 0 0 0 0 0 0 0 0 
1346 10 0 0 0 0 0 0 0 0 0 0 0 
1347 10 0 0 0 0 0 0 0 0 0 0 0 
1348 10 0 0 0 0 0 0 0 0 0 0 0 
1349 10 37 0 0 0 0 0 0 0 0 0 0 
1350 10 38 0 0 0 0 0 0 0 0 0 0 
1351 10 39 0 0 0 0 0 0 0 0 0 0 
1352 10 40 0 0 0 0 0 0 0 0 0 0 
1353 10 0 0 0 0 0 0 0 0 0 0 0 
1354 10 0 0 0 0 0 0 0 0 0 0 0 
1355 10 0 0 0 0 0 0 0 0 0 0 0 
1356 10 0 0 0 0 0 0 0 0 0 0 0 
1357 10 0 0 0 0 0 0 0 0 0 0 0 
1358 10 0 0 0 0 0 0 0 0 0 0 0 
1359 10 0 0 0 0 0 0 0 0 0 0 0 
1360 10 0 0 0 0 0 0 0 0 0 0 0 
1361 10 0 0 0 0 0 0 0 0 0 0 0 
1362 10 0 0 0 0 0 0 0 0 0 0 0 
1363 10 0 0 0 0 0 0 0 0 0 0 0 
1364 10 0 0 0 0 0 0 0 0 0 0 0 
1365 10 0 0 0 0 0 0 0 0 0 0 0 
1366 10 0 0 0 0 0 0 0 0 0 0 0 
1367 10 0 0 0 0 0 0 0 0 0 0 0 
1368 10 0 0 0 0 0 0 0 0 0 0 0 
1369 10 0 0 0 0 0 0 0 0 0 0 0 
1370 10 0 0 0 0 0 0 0 0 0 0 0 
1371 10 0 0 0 0 0 0 0 0 0 0 0 
1372 10 0 0 0 0 0 0 0 0 0 0 0 
1373 10 0 0 0 0 0 0 0 0 0 0 0 
1374 10 0 0 0 0 0 0 0 0 0 0 0 
1375 10 0 0 0 0 0 0 0 0 0 0 0 
1376 10 0 0 0 0 0 0 0 0 0 0 0 
1377 10 0 0 0 0 0 0 0 0 0 0 0 
1378 10 0 0 0 0 0 0 0 0 0 0 0 
1379 10 0 0 0 0 0 0 0 0 0 0 0 
1380 10 0 0 0 0 0 0 0 0 0 0 0 
1381 10 0 0 0 0 0 0 0 0 0 0 0 
1382 10 0 0 0 0 0 0 0 0 0 0 0 
1383 10 0 0 0 0 0 0 0 0 0 0 0 
1384 10 0 0 0 0 0 0 0 0 0 0 0 
1385 10 0 0 0 0 0 0 0 0 0 0 0 
1386 10 0 0 0 0 0 0 0 0 0 0 0 
1387 10 0 0 0 0 0 0 0 0 0 0 0 
1388 10 0 0 0 0 0 0 0 0 0 0 0 
1389 10 0 0 0 0 0 0 0 0 0 0 0 
1390 10 0 0 0 0 0 0 0 0 0 0 0 
1391 10 0 0 0 0 0 0 0 0 0 0 0 
1392 10 0 0 0 0 0 0 0 0 0 0 0 
1393 10 0 0 0 0 0 0 0 0 0 0 0 
1394 10 0 0 0 0 0 0 0 0 0 0 0 
1395 10 0 0 0 0 0 0 0 0 0 0 0 
1396 10 0 0 0 0 0 0 0 0 0 0 0 
1397 10 0 0 0 0 0 0 0 0 0 0 0 
1398 10 0 0 0 0 0 0 0 0 0 0 0 
1399 10 0 0 0 0 0 0 0 0 0 0 0 
1400 10 0 0 0 0 0 0 0 0 0 0 0 
1401 10 0 0 0 0 0 0 0 0 0 0 0 
1402 10 0 0 0 0 0 0 0 0 0 0 0 
1403 10 0 0 0 0 0 0 0 0 0 0 0 
1404 10 0 0 0 0 0 0 0 0 0 0 0 
1405 10 0 0 0 0 0 0 0 0 0 0 0 
1406 10 0 0 0 0 0 0 0 0 0 0 0 
1407 10 0 0 0 0 0 0 0 0 0 0 0 
1408 10 0 0 0 0 0 0 0 0 0 0 0 
1409 10 0 0 0 0 0 0 0 0 0 0 0 
1410 10 0 0 0 0 0 0 0 0 0 0 0 
1411 10 0 0 0 0 0 0 0 0 0 0 0 
1412 10 0 0 0 0 0 0 0 0 0 0 0 
1413 10 0 0 0 0 0 0 0 0 0 0 0 
1414 10 0 0 0 0 0 0 0 0 0 0 0 
1415 10 0 0 0 0 0 0 0 0 0 0 0 
1416 10 0 0 0 0 0 0 0 0 0 0 0 
1417 10 0 0 0 0 0 0 0 0 0 0 0 
1418 10 0 0 0 0 0 0 0 0 0 0 0 
1419 10 0 0 0 0 0 0 0 0 0 0 0 
1420 10 0 0 0 0 0 0 0 0 0 0 0 
1421 10 0 0 0 0 0 0 0 0 0 0 0 
1422 10 0 0 0 0 0 0 0 0 0 0 0 
1423 10 0 0 0 0 0 0 0 0 0 0 0 
1424 10 0 0 0 0 0 0 0 0 0 0 0 
1425 10 0 0 0 0 0 0 0 0 0 0 0 
1426 10 0 0 0 0 0 0 0 0 0 0 0 
1427 10 0 0 0 0 0 0 0 0 0 0 0 
1428 10 0 0 0 0 0 0 0 0 0 0 0 
1429 10 0 0 0 0 0 0 0 0 0 0 0 
1430 10 0 0 0 0 0 0 0 0 0 0 0 
1431 10 0 0 0 0 0 0 0 0 0 0 0 
1432 10 0 0 0 0 0 0 0 0 0 0 0 
1433 10 0 0 0 0 0 0 0 0 0 0 0 
1434 10 0 0 0 0 0 0 0 0 0 0 0 
1435 10 0 0 0 0 0 0 0 0 0 0 0 
1436 10 0 0 0 0 0 0 0 0 0 0 0 
1437 10 0 0 0 0 0 0 0 0 0 0 0 
1438 10 0 0 0 0 0 0 0 0 0 0 0 
1439 10 0 0 0 0 0 0 0 0 0 0 0 
1440 10 0 0 0 0 0 0 0 0 0 0 0 
1441 10 0 0 0 0 0 0 0 0 0 0 0 
1442 10 0 0 0 0 0 0 0 0 0 0 0 
1443 10 0 0 0 0 0 0 0 0 0 0 0 
1444 10 0 0 0 0 0 0 0 0 0 0 0 
1445 10 0 0 0 0 0 0 0 0 0 0 0 
1446 10 0 0 0 0 0 0 0 0 0 0 0 
1447 10 0 0 0 0 0 0 0 0 0 0 0 
1448 10 0 0 0 0 0 0 0 0 0 0 0 
1449 10 0 0 0 0 0 0 0 0 0 0 0 
1450 10 0 0 0 0 0 0 0 0 0 0 0 
1451 10 0 0 0 0 0 0 0 0 0 0 0 
1452 10 0 0 0 0 0 0 0 0 0 0 0 
1453 10 0 0 0 0 0 0 0 0 0 0 0 
1454 10 0 0 0 0 0 0 0 0 0 0 0 
1455 10 0 0 0 0 0 0 0 0 0 0 0 
1456 10 0 0 0 0 0 0 0 0 0 0 0 
1457 10 0 0 0 0 0 0 0 0 0 0 0 
1458 10 0 0 0 0 0 0 0 0 0 0 0 
1459 10 0 0 0 0 0 0 0 0 0 0 0 
1460 10 0 0 0 0 0 0 0 0 0 0 0 
1461 10 0 0 0 0 0 0 0 0 0 0 0 
1462 10 0 0 0 0 0 0 0 0 0 0 0 
1463 10 0 0 0 0 0 0 0 0 0 0 0 
1464 10 0 0 0 0 0 0 0 0 0 0 0 
1465 10 0 0 0 0 0 0 0 0 0 0 0 
1466 10 0 0 0 0 0 0 0 0 0 0 0 
1467 10 0 0 0 0 0 0 0 0 0 0 0 
1468 10 0 0 0 0 0 0 0 0 0 0 0 
1469 10 0 0 0 0 0 0 0 0 0 0 0 
1470 10 0 0 0 0 0 0 0 0 0 0 0 
1471 10 0 0 0 0 0 0 0 0 0 0 0 
1472 10 0 0 0 0 0 0 0 0 0 0 0 
1473 10 0 0 0 0 0 0 0 0 0 0 0 
1474 10 0 0 0 0 0 0 0 0 0 0 0 
1475 10 0 0 0 0 0 0 0 0 0 0 0 
1476 10 0 0 0 0 0 0 0 0 0 0 0 
1477 10 0 0 0 0 0 0 0 0 0 0 0 
1478 10 0 0 0 0 0 0 0 0 0 0 0 
1479 10 0 0 0 0 0 0 0 0 0 0 0 
1480 10 0 0 0 0 0 0 0 0 0 0 0 
1481 10 0 0 0 0 0 0 0 0 0 0 0 
1482 10 0 0 0 0 0 0 0 0 0 0 0 
1483 10 0 0 0 0 0 0 0 0 0 0 0 
1484 10 0 0 0 0 0 0 0 0 0 0 0 
1485 10 0 0 0 0 0 0 0 0 0 0 0 
1486 10 0 0 0 0 0 0 0 0 0 0 0 
1487 10 0 0 0 0 0 0 0 0 0 0 0 
1488 10 0 0 0 0 0 0 0 0 0 0 0 
1489 10 0 0 0 0 0 0 0 0 0 0 0 
1490 10 0 0 0 0 0 0 0 0 0 0 0 
1491 10 0 0 0 0 0 0 0 0 0 0 0 
1492 10 0 0 0 0 0 0 0 0 0 0 0 
1493 10 0 0 0 0 0 0 0 0 0 0 0 
1494 10 0 0 0 0 0 0 0 0 0 0 0 
1495 10 0 0 0 0 0 0 0 0 0 0 0 
1496 10 0 0 0 0 0 0 0 0 0 0 0 
1497 10 0 0 0 0 0 0 0 0 0 0 0 
1498 10 0 0 0 0 0 0 0 0 0 0 0 
1499 10 0 0 0 0 0 0 0 0 0 0 0 
1500 10 0 0 0 0 0 0 0 0 0 0 0 
1501 10 0 0 0 0 0 0 0 0 0 0 0 
1502 10 0 0 0 0 0 0 0 0 0 0 0 
1503 10 0 0 0 0 0 0 0 0 0 0 0 
1504 10 0 0 0 0 0 0 0 0 0 0 0 
1505 10 0 0 0 0 0 0 0 0 0 0 0 
1506 10 0 0 0 0 0 0 0 0 0 0 0 
1507 10 0 0 0 0 0 0 0 0 0 0 0 
1508 10 0 0 0 0 0 0 0 0 0 0 0 
1509 10 0 0 0 0 0 0 0 0 0 0 0 
1510 10 0 0 0 0 0 0 0 0 0 0 0 
1511 10 0 0 0 0 0 0 0 0 0 0 0 
1512 10 0 0 0 0 0 0 0 0 0 0 0 
1513 10 0 0 0 0 0 0 0 0 0 0 0 
1514 10 0 0 0 0 0 0 0 0 0 0 0 
1515 10 0 0 0 0 0 0 0 0 0 0 0 
1516 10 0 0 0 0 0 0 0 0 0 0 0 
1517 10 0 0 0 0 0 0 0 0 0 0 0 
1518 10 0 0 0 0 0 0 0 0 0 0 0 
1519 10 0 0 0 0 0 0 0 0 0 0 0 
1520 10 0 0 0 0 0 0 0 0 0 0 0 
1521 10 0 0 0 0 0 0 0 0 0 0 0 
1522 10 0 0 0 0 0 0 0 0 0 0 0 
1523 10 0 0 0 0 0 0 0 0 0 0 0 
1524 10 0 0 0 0 0 0 0 0 0 0 0 
1525 10 0 0 0 0 0 0 0 0 0 0 0 
1526 10 0 0 0 0 0 0 0 0 0 0 0 
1527 10 0 0 0 0 0 0 0 0 0 0 0 
1528 10 0 0 0 0 0 0 0 0 0 0 0 
1529 10 0 0 0 0 0 0 0 0 0 0 0 
1530 10 0 0 0 0 0 0 0 0 0 0 0 
1531 10 0 0 0 0 0 0 0 0 0 0 0 
1532 10 0 0 0 0 0 0 0 0 0 0 0 
1533 10 0 0 0 0 0 0 0 0 0 0 0 
1534 10 0 0 0 0 0 0 0 0 0 0 0 
1535 10 0 0 0 0 0 0 0 0 0 0 0 
1536 10 0 0 0 0 0 0 0 0 0 0 0 
1537 10 0 0 0 0 0 0 0 0 0 0 0 
1538 10 0 0 0 0 0 0 0 0 0 0 0 
1539 10 0 0 0 0 0 0 0 0 0 0 0 
1540 10 0 0 0 0 0 0 0 0 0 0 0 
1541 10 0 0 0 0 0 0 0 0 0 0 0 
1542 10 0 0 0 0 0 0 0 0 0 0 0 
1543 10 0 0 0 0 0 0 0 0 0 0 0 
1544 10 0 0 0 0 0 0 0 0 0 0 0 
1545 10 0 0 0 0 0 0 0 0 0 0 0 
1546 10 0 0 0 0 0 0 0 0 0 0 0 
1547 10 0 0 0 0 0 0 0 0 0 0 0 
1548 10 0 0 0 0 0 0 0 0 0 0 0 
1549 10 0 0 0 0 0 0 0 0 0 0 0 
1550 10 0 0 0 0 0 0 0 0 0 0 0 
1551 10 0 0 0 0 0 0 0 0 0 0 0 
1552 10 0 0 0 0 0 0 0 0 0 0 0 
1553 10 0 0 0 0 0 0 0 0 0 0 0 
1554 10 0 0 0 0 0 0 0 0 0 0 0 
1555 10 0 0 0 0 0 0 0 0 0 0 0 
1556 10 0 0 0 0 0 0 0 0 0 0 0 
1557 10 0 0 0 0 0 0 0 0 0 0 0 
1558 10 0 0 0 0 0 0 0 0 0 0 0 
1559 10 0 0 0 0 0 0 0 0 0 0 0 
1560 10 0 0 0 0 0 0 0 0 0 0 0 
1561 10 0 0 0 0 0 0 0 0 0 0 0 
1562 10 0 0 0 0 0 0 0 0 0 0 0 
1563 10 0 0 0 0 0 0 0 0 0 0 0 
1564 10 0 0 0 0 0 0 0 0 0 0 0 
1565 10 0 0 0 0 0 0 0 0 0 0 0 
1566 10 0 0 0 0 0 0 0 0 0 0 0 
1567 10 0 0 0 0 0 0 0 0 0 0 0 
1568 10 0 0 0 0 0 0 0 0 0 0 0 
1569 10 0 0 0 0 0 0 0 0 0 0 0 
1570 10 0 0 0 0 0 0 0 0 0 0 0 
1571 10 0 0 0 0 0 0 0 0 0 0 0 
1572 10 0 0 0 0 0 0 0 0 0 0 0 
1573 10 0 0 0 0 0 0 0 0 0 0 0 
1574 10 0 0 0 0 0 0 0 0 0 0 0 
1575 10 0 0 0 0 0 0 0 0 0 0 0 
1576 10 0 0 0 0 0 0 0 0 0 0 0 
1577 10 0 0 0 0 0 0 0 0 0 0 0 
1578 10 0 0 0 0 0 0 0 0 0 0 0 
1579 10 0 0 0 0 0 0 0 0 0 0 0 
1580 10 0 0 0 0 0 0 0 0 0 0 0 
1581 10 0 0 0 0 0 0 0 0 0 0 0 
1582 10 0 0 0 0 0 0 0 0 0 0 0 
1583 10 0 0 0 0 0 0 0 0 0 0 0 
1584 10 0 0 0 0 0 0 0 0 0 0 0 
1585 10 0 0 0 0 0 0 0 0 0 0 0 
1586 10 0 0 0 0 0 0 0 0 0 0 0 
1587 10 0 0 0 0 0 0 0 0 0 0 0 
1588 10 0 0 0 0 0 0 0 0 0 0 0 
1589 10 0 0 0 0 0 0 0 0 0 0 0 
1590 10 0 0 0 0 0 0 0 0 0 0 0 
1591 10 0 0 0 0 0 0 0 0 0 0 0 
1592 10 0 0 0 0 0 0 0 0 0 0 0 
1593 10 0 0 0 0 0 0 0 0 0 0 0 
1594 10 0 0 0 0 0 0 0 0 0 0 0 
1595 10 0 0 0 0 0 0 0 0 0 0 0 
1596 10 0 0 0 0 0 0 0 0 0 0 0 
1597 10 0 0 0 0 0 0 0 0 0 0 0 
1598 10 0 0 0 0 0 0 0 0 0 0 0 
1599 10 0 0 0 0 0 0 0 0 0 0 0 
1600 10 0 0 0 0 0 0 0 0 0 0 0 
1601 10 0 0 0 0 0 0 0 0 0 0 0 
1602 10 0 0 0 0 0 0 0 0 0 0 0 
1603 10 0 0 0 0 0 0 0 0 0 0 0 
1604 10 0 0 0 0 0 0 0 0 0 0 0 
1605 10 0 0 0 0 0 0 0 0 0 0 0 
1606 10 0 0 0 0 0 0 0 0 0 0 0 
1607 10 0 0 0 0 0 0 0 0 0 0 0 
1608 10 0 0 0 0 0 0 0 0 0 0 0 
1609 10 0 0 0 0 0 0 0 0 0 0 0 
1610 10 0 0 0 0 0 0 0 0 0 0 0 
1611 10 0 0 0 0 0 0 0 0 0 0 0 
1612 10 0 0 0 0 0 0 0 0 0 0 0 
1613 10 0 0 0 0 0 0 0 0 0 0 0 
1614 10 0 0 0 0 0 0 0 0 0 0 0 
1615 10 0 0 0 0 0 0 0 0 0 0 0 
1616 10 0 0 0 0 0 0 0 0 0 0 0 
1617 10 0 0 0 0 0 0 0 0 0 0 0 
1618 10 0 0 0 0 0 0 0 0 0 0 0 
1619 10 0 0 0 0 0 0 0 0 0 0 0 
1620 10 0 0 0 0 0 0 0 0 0 0 0 
1621 10 0 0 0 0 0 0 0 0 0 0 0 
1622 10 0 0 0 0 0 0 0 0 0 0 0 
1623 10 0 0 0 0 0 0 0 0 0 0 0 
1624 10 0 0 0 0 0 0 0 0 0 0 0 
1625 10 0 0 0 0 0 0 0 0 0 0 0 
1626 10 0 0 0 0 0 0 0 0 0 0 0 
1627 10 0 0 0 0 0 0 0 0 0 0 0 
1628 10 0 0 0 0 0 0 0 0 0 0 0 
1629 10 0 0 0 0 0 0 0 0 0 0 0 
1630 10 0 0 0 0 0 0 0 0 0 0 0 
1631 10 0 0 0 0 0 0 0 0 0 0 0 
1632 10 0 0 0 0 0 0 0 0 0 0 0 
1633 10 0 0 0 0 0 0 0 0 0 0 0 
1634 10 0 0 0 0 0 0 0 0 0 0 0 
1635 10 0 0 0 0 0 0 0 0 0 0 0 
1636 10 0 0 0 0 0 0 0 0 0 0 0 
1637 10 0 0 0 0 0 0 0 0 0 0 0 
1638 10 0 0 0 0 0 0 0 0 0 0 0 
1639 10 0 0 0 0 0 0 0 0 0 0 0 
1640 10 0 0 0 0 0 0 0 0 0 0 0 
1641 10 0 0 0 0 0 0 0 0 0 0 0 
1642 10 0 0 0 0 0 0 0 0 0 0 0 
1643 10 0 0 0 0 0 0 0 0 0 0 0 
1644 10 0 0 0 0 0 0 0 0 0 0 0 
1645 10 0 0 0 0 0 0 0 0 0 0 0 
1646 10 0 0 0 0 0 0 0 0 0 0 0 
1647 10 0 0 0 0 0 0 0 0 0 0 0 
1648 10 0 0 0 0 0 0 0 0 0 0 0 
1649 10 0 0 0 0 0 0 0 0 0 0 0 
1650 10 0 0 0 0 0 0 0 0 0 0 0 
1651 10 0 0 0 0 0 0 0 0 0 0 0 
1652 10 0 0 0 0 0 0 0 0 0 0 0 
1653 10 0 0 0 0 0 0 0 0 0 0 0 
1654 10 0 0 0 0 0 0 0 0 0 0 0 
1655 10 65 0 0 0 0 0 0 0 0 0 0 
1656 10 66 0 0 0 0 0 0 0 0 0 0 
1657 10 0 0 0 0 0 0 0 0 0 0 0 
1658 10 0 0 0 0 0 0 0 0 0 0 0 
1659 10 68 0 0 0 0 0 0 0 0 0 0 
1660 10 69 0 0 0 0 0 0 0 0 0 0 
1661 10 70 0 0 0 0 0 0 0 0 0 0 
1662 10 71 0 0 0 0 0 0 0 0 0 0 
1663 10 0 0 0 0 0 0 0 0 0 0 0 
1664 10 0 0 0 0 0 0 0 0 0 0 0 
1665 10 0 0 0 0 0 0 0 0 0 0 0 
1666 10 0 0 0 0 0 0 0 0 0 0 0 
1667 10 0 0 0 0 0 0 0 0 0 0 0 
1668 10 0 0 0 0 0 0 0 0 0 0 0 
1669 10 0 0 0 0 0 0 0 0 0 0 0 
1670 10 0 0 0 0 0 0 0 0 0 0 0 
1671 10 0 0 0 0 0 0 0 0 0 0 0 
1672 10 0 0 0 0 0 0 0 0 0 0 0 
1673 10 0 0 0 0 0 0 0 0 0 0 0 
1674 10 0 0 0 0 0 0 0 0 0 0 0 
1675 10 0 0 0 0 0 0 0 0 0 0 0 
1676 10 0 0 0 0 0 0 0 0 0 0 0 
1677 10 0 0 0 0 0 0 0 0 0 0 0 
1678 10 0 0 0 0 0 0 0 0 0 0 0 
1679 10 0 0 0 0 0 0 0 0 0 0 0 
1680 10 0 0 0 0 0 0 0 0 0 0 0 
1681 10 0 0 0 0 0 0 0 0 0 0 0 
1682 10 0 0 0 0 0 0 0 0 0 0 0 
1683 10 0 0 0 0 0 0 0 0 0 0 0 
1684 10 0 0 0 0 0 0 0 0 0 0 0 
1685 10 0 0 0 0 0 0 0 0 0 0 0 
1686 10 0 0 0 0 0 0 0 0 0 0 0 
1687 10 0 0 0 0 0 0 0 0 0 0 0 
1688 10 0 0 0 0 0 0 0 0 0 0 0 
1689 10 0 0 0 0 0 0 0 0 0 0 0 
1690 10 0 0 0 0 0 0 0 0 0 0 0 
1691 10 0 0 0 0 0 0 0 0 0 0 0 
1692 10 0 0 0 0 0 0 0 0 0 0 0 
1693 10 80 0 0 0 0 0 0 0 0 0 0 
1694 10 81 0 0 0 0 0 0 0 0 0 0 
1695 10 0 0 0 0 0 0 0 0 0 0 0 
1696 10 0 0 0 0 0 0 0 0 0 0 0 
1697 10 0 0 0 0 0 0 0 0 0 0 0 
1698 10 0 0 0 0 0 0 0 0 0 0 0 
1699 10 0 0 0 0 0 0 0 0 0 0 0 
1700 10 0 0 0 0 0 0 0 0 0 0 0 
1701 10 0 0 0 0 0 0 0 0 0 0 0 
1702 10 0 0 0 0 0 0 0 0 0 0 0 
1703 10 0 0 0 0 0 0 0 0 0 0 0 
1704 10 0 0 0 0 0 0 0 0 0 0 0 
1705 10 0 0 0 0 0 0 0 0 0 0 0 
1706 10 0 0 0 0 0 0 0 0 0 0 0 
1707 10 0 0 0 0 0 0 0 0 0 0 0 
1708 10 0 0 0 0 0 0 0 0 0 0 0 
1709 10 0 0 0 0 0 0 0 0 0 0 0 
1710 10 0 0 0 0 0 0 0 0 0 0 0 
1711 10 0 0 0 0 0 0 0 0 0 0 0 
1712 10 0 0 0 0 0 0 0 0 0 0 0 
1713 10 0 0 0 0 0 0 0 0 0 0 0 
1714 10 0 0 0 0 0 0 0 0 0 0 0 
1715 10 0 0 0 0 0 0 0 0 0 0 0 
1716 10 0 0 0 0 0 0 0 0 0 0 0 
1717 10 0 0 0 0 0 0 0 0 0 0 0 
1718 10 0 0 0 0 0 0 0 0 0 0 0 
1719 10 0 0 0 0 0 0 0 0 0 0 0 
1720 10 0 0 0 0 0 0 0 0 0 0 0 
1721 10 0 0 0 0 0 0 0 0 0 0 0 
1722 10 0 0 0 0 0 0 0 0 0 0 0 
1723 10 0 0 0 0 0 0 0 0 0 0 0 
1724 10 0 0 0 0 0 0 0 0 0 0 0 
1725 10 0 0 0 0 0 0 0 0 0 0 0 
1726 10 0 0 0 0 0 0 0 0 0 0 0 
1727 10 0 0 0 0 0 0 0 0 0 0 0 
1728 10 0 0 0 0 0 0 0 0 0 0 0 
1729 10 0 0 0 0 0 0 0 0 0 0 0 
1730 10 0 0 0 0 0 0 0 0 0 0 0 
1731 10 0 0 0 0 0 0 0 0 0 0 0 
1732 10 0 0 0 0 0 0 0 0 0 0 0 
1733 10 0 0 0 0 0 0 0 0 0 0 0 
1734 10 0 0 0 0 0 0 0 0 0 0 0 
1735 10 0 0 0 0 0 0 0 0 0 0 0 
1736 10 0 0 0 0 0 0 0 0 0 0 0 
1737 10 0 0 0 0 0 0 0 0 0 0 0 
1738 10 0 0 0 0 0 0 0 0 0 0 0 
1739 10 0 0 0 0 0 0 0 0 0 0 0 
1740 10 0 0 0 0 0 0 0 0 0 0 0 
1741 10 0 0 0 0 0 0 0 0 0 0 0 
1742 10 0 0 0 0 0 0 0 0 0 0 0 
1743 10 0 0 0 0 0 0 0 0 0 0 0 
1744 10 0 0 0 0 0 0 0 0 0 0 0 
1745 10 0 0 0 0 0 0 0 0 0 0 0 
1746 10 0 0 0 0 0 0 0 0 0 0 0 
1747 10 0 0 0 0 0 0 0 0 0 0 0 
1748 10 0 0 0 0 0 0 0 0 0 0 0 
1749 10 0 0 0 0 0 0 0 0 0 0 0 
1750 10 0 0 0 0 0 0 0 0 0 0 0 
1751 10 0 0 0 0 0 0 0 0 0 0 0 
1752 10 0 0 0 0 0 0 0 0 0 0 0 
1753 10 0 0 0 0 0 0 0 0 0 0 0 
1754 10 0 0 0 0 0 0 0 0 0 0 0 
1755 10 0 0 0 0 0 0 0 0 0 0 0 
1756 10 0 0 0 0 0 0 0 0 0 0 0 
1757 10 0 0 0 0 0 0 0 0 0 0 0 
1758 10 0 0 0 0 0 0 0 0 0 0 0 
1759 10 0 0 0 0 0 0 0 0 0 0 0 
1760 10 0 0 0 0 0 0 0 0 0 0 0 
1761 10 0 0 0 0 0 0 0 0 0 0 0 
1762 10 0 0 0 0 0 0 0 0 0 0 0 
1763 10 0 0 0 0 0 0 0 0 0 0 0 
1764 10 0 0 0 0 0 0 0 0 0 0 0 
1765 10 0 0 0 0 0 0 0 0 0 0 0 
1766 10 0 0 0 0 0 0 0 0 0 0 0 
1767 10 0 0 0 0 0 0 0 0 0 0 0 
1768 10 0 0 0 0 0 0 0 0 0 0 0 
1769 10 0 0 0 0 0 0 0 0 0 0 0 
1770 10 0 0 0 0 0 0 0 0 0 0 0 
1771 10 0 0 0 0 0 0 0 0 0 0 0 
1772 10 0 0 0 0 0 0 0 0 0 0 0 
1773 10 0 0 0 0 0 0 0 0 0 0 0 
1774 10 0 0 0 0 0 0 0 0 0 0 0 
1775 10 0 0 0 0 0 0 0 0 0 0 0 
1776 10 0 0 0 0 0 0 0 0 0 0 0 
1777 10 0 0 0 0 0 0 0 0 0 0 0 
1778 10 0 0 0 0 0 0 0 0 0 0 0 
1779 10 0 0 0 0 0 0 0 0 0 0 0 
1780 10 0 0 0 0 0 0 0 0 0 0 0 
1781 10 0 0 0 0 0 0 0 0 0 0 0 
1782 10 0 0 0 0 0 0 0 0 0 0 0 
1783 10 0 0 0 0 0 0 0 0 0 0 0 
1784 10 0 0 0 0 0 0 0 0 0 0 0 
1785 10 0 0 0 0 0 0 0 0 0 0 0 
1786 10 0 0 0 0 0 0 0 0 0 0 0 
1787 10 0 0 0 0 0 0 0 0 0 0 0 
1788 10 0 0 0 0 0 0 0 0 0 0 0 
1789 10 0 0 0 0 0 0 0 0 0 0 0 
1790 10 0 0 0 0 0 0 0 0 0 0 0 
1791 10 0 0 0 0 0 0 0 0 0 0 0 
1792 10 0 0 0 0 0 0 0 0 0 0 0 
1793 10 0 0 0 0 0 0 0 0 0 0 0 
1794 10 0 0 0 0 0 0 0 0 0 0 0 
1795 10 0 0 0 0 0 0 0 0 0 0 0 
1796 10 0 0 0 0 0 0 0 0 0 0 0 
1797 10 0 0 0 0 0 0 0 0 0 0 0 
1798 10 0 0 0 0 0 0 0 0 0 0 0 
1799 10 0 0 0 0 0 0 0 0 0 0 0 
1800 10 0 0 0 0 0 0 0 0 0 0 0 
1801 10 0 0 0 0 0 0 0 0 0 0 0 
1802 10 0 0 0 0 0 0 0 0 0 0 0 
1803 10 0 0 0 0 0 0 0 0 0 0 0 
1804 10 0 0 0 0 0 0 0 0 0 0 0 
1805 10 0 0 0 0 0 0 0 0 0 0 0 
1806 10 0 0 0 0 0 0 0 0 0 0 0 
1807 10 0 0 0 0 0 0 0 0 0 0 0 
1808 10 0 0 0 0 0 0 0 0 0 0 0 
1809 10 0 0 0 0 0 0 0 0 0 0 0 
1810 10 0 0 0 0 0 0 0 0 0 0 0 
1811 10 0 0 0 0 0 0 0 0 0 0 0 
1812 10 0 0 0 0 0 0 0 0 0 0 0 
1813 10 0 0 0 0 0 0 0 0 0 0 0 
1814 10 0 0 0 0 0 0 0 0 0 0 0 
1815 10 0 0 0 0 0 0 0 0 0 0 0 
1816 10 0 0 0 0 0 0 0 0 0 0 0 
1817 10 0 0 0 0 0 0 0 0 0 0 0 
1818 10 0 0 0 0 0 0 0 0 0 0 0 
1819 10 0 0 0 0 0 0 0 0 0 0 0 
1820 10 0 0 0 0 0 0 0 0 0 0 0 
1821 10 0 0 0 0 0 0 0 0 0 0 0 
1822 10 0 0 0 0 0 0 0 0 0 0 0 
1823 10 0 0 0 0 0 0 0 0 0 0 0 
1824 10 0 0 0 0 0 0 0 0 0 0 0 
1825 10 0 0 0 0 0 0 0 0 0 0 0 
1826 10 0 0 0 0 0 0 0 0 0 0 0 
1827 10 0 0 0 0 0 0 0 0 0 0 0 
1828 10 0 0 0 0 0 0 0 0 0 0 0 
1829 10 0 0 0 0 0 0 0 0 0 0 0 
1830 10 0 0 0 0 0 0 0 0 0 0 0 
1831 10 0 0 0 0 0 0 0 0 0 0 0 
1832 10 0 0 0 0 0 0 0 0 0 0 0 
1833 10 0 0 0 0 0 0 0 0 0 0 0 
1834 10 0 0 0 0 0 0 0 0 0 0 0 
1835 10 0 0 0 0 0 0 0 0 0 0 0 
1836 10 0 0 0 0 0 0 0 0 0 0 0 
1837 10 0 0 0 0 0 0 0 0 0 0 0 
1838 10 0 0 0 0 0 0 0 0 0 0 0 
1839 10 0 0 0 0 0 0 0 0 0 0 0 
1840 10 0 0 0 0 0 0 0 0 0 0 0 
1841 10 0 0 0 0 0 0 0 0 0 0 0 
1842 10 0 0 0 0 0 0 0 0 0 0 0 
1843 10 0 0 0 0 0 0 0 0 0 0 0 
1844 10 0 0 0 0 0 0 0 0 0 0 0 
1845 10 0 0 0 0 0 0 0 0 0 0 0 
1846 10 0 0 0 0 0 0 0 0 0 0 0 
1847 10 0 0 0 0 0 0 0 0 0 0 0 
1848 10 0 0 0 0 0 0 0 0 0 0 0 
1849 10 0 0 0 0 0 0 0 0 0 0 0 
1850 10 0 0 0 0 0 0 0 0 0 0 0 
1851 10 0 0 0 0 0 0 0 0 0 0 0 
1852 10 0 0 0 0 0 0 0 0 0 0 0 
1853 10 0 0 0 0 0 0 0 0 0 0 0 
1854 10 0 0 0 0 0 0 0 0 0 0 0 
1855 10 0 0 0 0 0 0 0 0 0 0 0 
1856 10 0 0 0 0 0 0 0 0 0 0 0 
1857 10 0 0 0 0 0 0 0 0 0 0 0 
1858 10 0 0 0 0 0 0 0 0 0 0 0 
1859 10 0 0 0 0 0 0 0 0 0 0 0 
1860 10 0 0 0 0 0 0 0 0 0 0 0 
1861 10 0 0 0 0 0 0 0 0 0 0 0 
1862 10 0 0 0 0 0 0 0 0 0 0 0 
1863 10 0 0 0 0 0 0 0 0 0 0 0 
1864 10 0 0 0 0 0 0 0 0 0 0 0 
1865 10 0 0 0 0 0 0 0 0 0 0 0 
1866 10 0 0 0 0 0 0 0 0 0 0 0 
1867 10 0 0 0 0 0 0 0 0 0 0 0 
1868 10 0 0 0 0 0 0 0 0 0 0 0 
1869 10 0 0 0 0 0 0 0 0 0 0 0 
1870 10 0 0 0 0 0 0 0 0 0 0 0 
1871 10 0 0 0 0 0 0 0 0 0 0 0 
1872 10 0 0 0 0 0 0 0 0 0 0 0 
1873 10 0 0 0 0 0 0 0 0 0 0 0 
1874 10 0 0 0 0 0 0 0 0 0 0 0 
1875 10 0 0 0 0 0 0 0 0 0 0 0 
1876 10 0 0 0 0 0 0 0 0 0 0 0 
1877 10 0 0 0 0 0 0 0 0 0 0 0 
1878 10 0 0 0 0 0 0 0 0 0 0 0 
1879 10 0 0 0 0 0 0 0 0 0 0 0 
1880 10 0 0 0 0 0 0 0 0 0 0 0 
1881 10 0 0 0 0 0 0 0 0 0 0 0 
1882 10 0 0 0 0 0 0 0 0 0 0 0 
1883 10 0 0 0 0 0 0 0 0 0 0 0 
1884 10 0 0 0 0 0 0 0 0 0 0 0 
1885 10 0 0 0 0 0 0 0 0 0 0 0 
1886 10 0 0 0 0 0 0 0 0 0 0 0 
1887 10 0 0 0 0 0 0 0 0 0 0 0 
1888 10 0 0 0 0 0 0 0 0 0 0 0 
1889 10 0 0 0 0 0 0 0 0 0 0 0 
1890 10 0 0 0 0 0 0 0 0 0 0 0 
1891 10 0 0 0 0 0 0 0 0 0 0 0 
1892 10 0 0 0 0 0 0 0 0 0 0 0 
1893 10 0 0 0 0 0 0 0 0 0 0 0 
1894 10 0 0 0 0 0 0 0 0 0 0 0 
1895 10 0 0 0 0 0 0 0 0 0 0 0 
1896 10 0 0 0 0 0 0 0 0 0 0 0 
1897 10 0 0 0 0 0 0 0 0 0 0 0 
1898 10 0 0 0 0 0 0 0 0 0 0 0 
1899 10 0 0 0 0 0 0 0 0 0 0 0 
1900 10 0 0 0 0 0 0 0 0 0 0 0 
1901 10 0 0 0 0 0 0 0 0 0 0 0 
1902 10 0 0 0 0 0 0 0 0 0 0 0 
1903 10 0 0 0 0 0 0 0 0 0 0 0 
1904 10 0 0 0 0 0 0 0 0 0 0 0 
1905 10 0 0 0 0 0 0 0 0 0 0 0 
1906 10 0 0 0 0 0 0 0 0 0 0 0 
1907 10 0 0 0 0 0 0 0 0 0 0 0 
1908 10 0 0 0 0 0 0 0 0 0 0 0 
1909 10 0 0 0 0 0 0 0 0 0 0 0 
1910 10 0 0 0 0 0 0 0 0 0 0 0 
1911 10 0 0 0 0 0 0 0 0 0 0 0 
1912 10 0 0 0 0 0 0 0 0 0 0 0 
1913 10 0 0 0 0 0 0 0 0 0 0 0 
1914 10 0 0 0 0 0 0 0 0 0 0 0 
1915 10 0 0 0 0 0 0 0 0 0 0 0 
1916 10 0 0 0 0 0 0 0 0 0 0 0 
1917 10 0 0 0 0 0 0 0 0 0 0 0 
1918 10 0 0 0 0 0 0 0 0 0 0 0 
1919 10 109 0 0 0 0 0 0 0 0 0 0 
1920 10 110 0 0 0 0 0 0 0 0 0 0 
1921 10 111 0 0 0 0 0 0 0 0 0 0 
1922 10 112 0 0 0 0 0 0 0 0 0 0 
1923 10 113 0 0 0 0 0 0 0 0 0 0 
1924 10 114 0 0 0 0 0 0 0 0 0 0 
1925 10 115 0 0 0 0 0 0 0 0 0 0 
1926 10 116 0 0 0 0 0 0 0 0 0 0 
1927 10 0 0 0 0 0 0 0 0 0 0 0 
1928 10 0 0 0 0 0 0 0 0 0 0 0 
1929 10 118 0 0 0 0 0 0 0 0 0 0 
1930 10 119 0 0 0 0 0 0 0 0 0 0 
1931 10 120 0 0 0 0 0 0 0 0 0 0 
1932 10 121 0 0 0 0 0 0 0 0 0 0 
1933 10 122 0 0 0 0 0 0 0 0 0 0 
1934 10 123 0 0 0 0 0 0 0 0 0 0 
1935 10 0 0 0 0 0 0 0 0 0 0 0 
1936 10 0 0 0 0 0 0 0 0 0 0 0 
1937 10 0 0 0 0 0 0 0 0 0 0 0 
1938 10 0 0 0 0 0 0 0 0 0 0 0 
1939 10 0 0 0 0 0 0 0 0 0 0 0 
1940 10 0 0 0 0 0 0 0 0 0 0 0 
1941 10 0 0 0 0 0 0 0 0 0 0 0 
1942 10 0 0 0 0 0 0 0 0 0 0 0 
1943 10 125 0 0 0 0 0 0 0 0 0 0 
1944 10 126 0 0 0 0 0 0 0 0 0 0 
1945 10 0 0 0 0 0 0 0 0 0 0 0 
1946 10 0 0 0 0 0 0 0 0 0 0 0 
1947 10 0 0 0 0 0 0 0 0 0 0 0 
1948 10 0 0 0 0 0 0 0 0 0 0 0 
1949 10 0 0 0 0 0 0 0 0 0 0 0 
1950 10 0 0 0 0 0 0 0 0 0 0 0 
1951 10 0 0 0 0 0 0 0 0 0 0 0 
1952 10 0 0 0 0 0 0 0 0 0 0 0 
1953 10 0 0 0 0 0 0 0 0 0 0 0 
1954 10 0 0 0 0 0 0 0 0 0 0 0 
1955 10 0 0 0 0 0 0 0 0 0 0 0 
1956 10 0 0 0 0 0 0 0 0 0 0 0 
1957 10 0 0 0 0 0 0 0 0 0 0 0 
1958 10 0 0 0 0 0 0 0 0 0 0 0 
1959 10 0 0 0 0 0 0 0 0 0 0 0 
1960 10 0 0 0 0 0 0 0 0 0 0 0 
1961 10 0 0 0 0 0 0 0 0 0 0 0 
1962 10 0 0 0 0 0 0 0 0 0 0 0 
1963 10 0 0 0 0 0 0 0 0 0 0 0 
1964 10 0 0 0 0 0 0 0 0 0 0 0 
1965 10 0 0 0 0 0 0 0 0 0 0 0 
1966 10 0 0 0 0 0 0 0 0 0 0 0 
1967 10 0 0 0 0 0 0 0 0 0 0 0 
1968 10 0 0 0 0 0 0 0 0 0 0 0 
1969 10 0 0 0 0 0 0 0 0 0 0 0 
1970 10 0 0 0 0 0 0 0 0 0 0 0 
1971 10 0 0 0 0 0 0 0 0 0 0 0 
1972 10 0 0 0 0 0 0 0 0 0 0 0 
1973 10 0 0 0 0 0 0 0 0 0 0 0 
1974 10 0 0 0 0 0 0 0 0 0 0 0 
1975 10 0 0 0 0 0 0 0 0 0 0 0 
1976 10 0 0 0 0 0 0 0 0 0 0 0 
1977 10 0 0 0 0 0 0 0 0 0 0 0 
1978 10 0 0 0 0 0 0 0 0 0 0 0 
1979 10 0 0 0 0 0 0 0 0 0 0 0 
1980 10 0 0 0 0 0 0 0 0 0 0 0 
1981 10 0 0 0 0 0 0 0 0 0 0 0 
1982 10 0 0 0 0 0 0 0 0 0 0 0 
1983 10 0 0 0 0 0 0 0 0 0 0 0 
1984 10 0 0 0 0 0 0 0 0 0 0 0 
1985 10 0 0 0 0 0 0 0 0 0 0 0 
1986 10 0 0 0 0 0 0 0 0 0 0 0 
1987 10 0 0 0 0 0 0 0 0 0 0 0 
1988 10 0 0 0 0 0 0 0 0 0 0 0 
1989 10 0 0 0 0 0 0 0 0 0 0 0 
1990 10 0 0 0 0 0 0 0 0 0 0 0 
1991 10 0 0 0 0 0 0 0 0 0 0 0 
1992 10 0 0 0 0 0 0 0 0 0 0 0 
1993 10 0 0 0 0 0 0 0 0 0 0 0 
1994 10 0 0 0 0 0 0 0 0 0 0 0 
1995 10 0 0 0 0 0 0 0 0 0 0 0 
1996 10 0 0 0 0 0 0 0 0 0 0 0 
1997 10 0 0 0 0 0 0 0 0 0 0 0 
1998 10 0 0 0 0 0 0 0 0 0 0 0 
1999 10 0 0 0 0 0 0 0 0 0 0 0 
2000 10 0 0 0 0 0 0 0 0 0 0 0 
2001 10 0 0 0 0 0 0 0 0 0 0 0 
2002 10 0 0 0 0 0 0 0 0 0 0 0 
2003 10 0 0 0 0 0 0 0 0 0 0 0 
2004 10 0 0 0 0 0 0 0 0 0 0 0 
2005 10 0 0 0 0 0 0 0 0 0 0 0 
2006 10 0 0 0 0 0 0 0 0 0 0 0 
2007 10 0 0 0 0 0 0 0 0 0 0 0 
2008 10 0 0 0 0 0 0 0 0 0 0 0 
2009 10 0 0 0 0 0 0 0 0 0 0 0 
2010 10 0 0 0 0 0 0 0 0 0 0 0 
2011 10 0 0 0 0 0 0 0 0 0 0 0 
2012 10 0 0 0 0 0 0 0 0 0 0 0 
2013 10 0 0 0 0 0 0 0 0 0 0 0 
2014 10 0 0 0 0 0 0 0 0 0 0 0 
2015 10 0 0 0 0 0 0 0 0 0 0 0 
2016 10 0 0 0 0 0 0 0 0 0 0 0 
2017 10 0 0 0 0 0 0 0 0 0 0 0 
2018 10 0 0 0 0 0 0 0 0 0 0 0 
2019 10 0 0 0 0 0 0 0 0 0 0 0 
2020 10 0 0 0 0 0 0 0 0 0 0 0 
2021 10 0 0 0 0 0 0 0 0 0 0 0 
2022 10 0 0 0 0 0 0 0 0 0 0 0 
2023 10 0 0 0 0 0 0 0 0 0 0 0 
2024 10 0 0 0 0 0 0 0 0 0 0 0 
2025 10 0 0 0 0 0 0 0 0 0 0 0 
2026 10 0 0 0 0 0 0 0 0 0 0 0 
2027 10 0 0 0 0 0 0 0 0 0 0 0 
2028 10 0 0 0 0 0 0 0 0 0 0 0 
2029 10 0 0 0 0 0 0 0 0 0 0 0 
2030 10 0 0 0 0 0 0 0 0 0 0 0 
2031 10 0 0 0 0 0 0 0 0 0 0 0 
2032 10 0 0 0 0 0 0 0 0 0 0 0 
2033 10 0 0 0 0 0 0 0 0 0 0 0 
2034 10 0 0 0 0 0 0 0 0 0 0 0 
2035 10 0 0 0 0 0 0 0 0 0 0 0 
2036 10 0 0 0 0 0 0 0 0 0 0 0 
2037 10 0 0 0 0 0 0 0 0 0 0 0 
2038 10 0 0 0 0 0 0 0 0 0 0 0 
2039 10 0 0 0 0 0 0 0 0 0 0 0 
2040 10 0 0 0 0 0 0 0 0 0 0 0 
2041 10 0 0 0 0 0 0 0 0 0 0 0 
2042 10 0 0 0 0 0 0 0 0 0 0 0 
2043 10 0 0 0 0 0 0 0 0 0 0 0 
2044 10 0 0 0 0 0 0 0 0 0 0 0 
2045 10 0 0 0 0 0 0 0 0 0 0 0 
2046 10 0 0 0 0 0 0 0 0 0 0 0 

0 5 2 2 0.188235 12 -13 34 -14 32 -14 34 -15 14 -15 0 -15 -31 -13 28 -14 34 -12 29 -15 11 -14 -39 14 27 4 0.985714 207 7 -12 2 26 4 28 3 32 5 -21 5 9 1 20 5 18 2 -6 2 1 1 14 15 17 1 32 8 -21 4 15 3 2 2 -6 2 -8 1 -17 -1 17 18 15 -7 39 5 4 12 21 2 -26 5 18 12 4 12 -5 12 -25 0 -7 11 20 6 -8 11 19 4 23 7 -7 -1 -19 12 -19 -4 32 -22 39 -8 39 10 1 -16 39 -13 38 -1 2 -8 -21 -3 23 12 -31 -8 10 7 3 -3 -18 -4 -22 4 41 -9 -19 -4 -30 -9 17 -11 -15 9 -24 -11 21 -14 36 -13 39 -14 5 -20 42 -17 28 -4 -32 -17 25 7 10 7 -7 -21 -3 -19 28 6 16 -20 28 -19 26 -10 39 4 27 -19 -5 -19 -1 -20 -12 -20 21 -19 4 -18 36 -18 -12 -4 -31 -6 -26 0 31 -17 25 -17 -27 -23 32 -15 -6 -5 27 -15 35 -25 32 6 18 7 -4 -14 27 -4 -13 -23 11 -22 1 -25 29 -7 41 -21 33 -6 36 -21 30 -3 2 -22 23 -24 14 -24 -3 -23 8 -15 36 -18 14 -10 38 -21 -4 -21 -21 -21 41 -24 -2 -7 41 -14 33 -16 -9 -13 20 -23 7 -14 -4 -14 -2 -13 -35 -23 -17 -12 -5 -12 -4 -23 13 -15 -4 -9 6 -22 -23 -22 -25 -22 -27 -21 -7 -7 -9 -24 -34 -12 7 -13 -12 -23 18 9 39 -7 4 -24 -25 -22 -28 -23 1 -23 22 -22 14 -22 11 3 -29 5 -35 -19 8 -13 44 -8 -4 -9 -23 -23 -8 -5 44 -21 -22 -16 19 -17 -17 19 -5 -13 31 -9 -36 -17 -25 -1 44 -3 -35 -5 44 7 2 12 -30 16 35 9 -14 -17 6 8 -13 -8 -38 -8 -33 5 37 8 -3 -23 -38 -7 -36 -6 -37 -16 -37 -17 -34 -17 4 6 7 3 45 -19 -41 -21 -40 -19 -43 -22 -10 6 -40 -7 -39 15 15 -16 -41 7 -31 6 -41 5 42 -22 -42 -21 -40 8 32 8 -4 13 -40 8 5 12 -42 -21 -17 20 9 17 -15 -12 -44 8 36 20 0 7 20 -11 -4 
1 5 2 2 0.266667 2 13 2 13 -11 4 0.977778 22 19 -4 19 -9 17 6 17 17 13 6 14 -14 15 -9 13 34 14 23 12 -21 13 36 11 4 10 21 9 26 8 43 12 31 8 7 16 -5 16 18 12 -22 17 -10 18 -18 
2 5 2 2 0.923077 3 14 -24 14 -26 14 -18 4 0.571429 1 15 -27 
3 5 2 2 0.979167 47 14 1 12 6 16 -3 10 6 14 11 13 15 14 41 13 0 13 41 14 39 14 12 15 33 14 -10 12 0 10 41 14 -5 15 37 13 24 12 14 11 2 10 -15 11 -5 13 4 10 35 15 -12 11 -1 13 -12 8 -5 15 19 14 5 15 -16 12 13 16 9 12 20 10 18 10 4 8 9 16 -4 12 -14 11 20 8 45 11 -8 10 -16 15 -2 16 38 16 24 12 22 4 0.253968 4 26 8 24 14 25 17 25 21 
4 5 2 2 0.981818 27 11 -27 13 10 16 33 16 -46 11 -40 16 -45 15 33 8 30 10 30 9 -17 11 -20 12 -40 11 -41 7 30 9 -15 15 -10 13 -12 13 20 13 9 15 -18 14 4 13 -2 9 36 13 -34 15 3 12 -26 7 -20 4 0.228571 2 11 -39 20 7 
5 5 2 2 0.666667 2 18 -36 13 -36 4 0.888889 4 16 37 15 36 26 -5 18 -33 
6 5 2 2 0.982456 14 16 29 16 -37 15 28 13 24 15 36 12 -31 16 -33 12 34 14 3 10 41 10 42 10 41 8 41 16 37 4 0.222222 1 26 26 
7 5 2 2 0.615385 4 13 -36 14 -44 13 -39 8 0 4 0.909091 10 23 -9 25 9 23 21 22 22 26 -31 26 -33 24 -42 26 -31 18 17 9 -6 
8 5 2 2 0.4 1 14 -24 4 0.96 6 22 -2 6 36 12 -13 9 -14 10 9 9 2 
9 5 2 2 0.971429 17 12 17 15 15 16 31 13 15 15 22 12 23 11 33 11 -4 15 24 15 -17 11 -19 16 -26 16 3 16 -27 15 9 14 20 15 8 4 0.32 2 21 1 21 -24 
10 5 2 2 0.666667 1 16 -31 4 0.888889 2 15 17 16 32 
11 5 2 2 0.258065 2 15 -41 10 -42 4 0.978723 23 5 21 12 -35 14 -38 9 -17 25 35 13 -29 19 -36 11 -12 18 -37 18 -41 10 -44 12 -44 26 31 18 -43 12 -44 14 35 21 -30 7 -45 24 -43 7 -42 18 -40 -13 -12 -21 -45 
12 5 2 2 0.977778 11 14 -3 12 5 11 -17 9 7 9 17 6 -29 7 -7 6 16 4 48 1 48 7 50 4 0.266667 1 10 26 
13 5 2 2 0.125 1 -13 -18 4 0.99115 28 -24 -18 -18 3 8 13 -15 45 -11 -14 11 34 -10 1 -15 -4 -22 -10 -9 -14 -2 8 -9 -22 -4 5 -5 10 -17 14 -7 -4 -1 28 -21 -17 -15 19 -6 17 -14 16 -6 19 -9 16 6 30 -20 -5 -6 -26 -3 -11 -10 8 
14 5 2 2 0.872727 12 -18 -32 2 -12 -4 -26 -16 -27 -3 -26 4 -20 -15 -5 -1 2 -15 -9 -2 4 -7 -35 -11 -5 4 0.7 7 3 9 8 25 4 -23 -2 -28 9 -10 -18 41 -25 -20 
15 5 2 2 0.347826 2 -14 17 10 42 4 0.967742 15 -3 39 -18 6 -9 39 -5 41 -15 33 -19 27 -19 38 -23 30 -22 34 1 33 4 31 5 41 9 35 -6 -33 5 -8 
16 5 2 2 0.888889 4 8 -7 7 -33 -14 36 -11 28 4 0.666667 2 -11 45 -12 42 
17 5 2 2 0.844444 19 1 40 -18 1 -15 21 -20 2 -12 -8 2 10 3 7 -4 40 6 44 -12 18 -19 29 -13 32 0 45 -12 45 -2 45 2 45 -19 42 -18 38 -18 26 4 0.746667 14 -6 -2 -8 14 -6 11 2 12 -3 14 -3 44 2 31 -4 33 -16 39 -11 28 -5 -7 1 40 -6 42 11 41 
18 5 2 2 0.978852 81 1 27 -20 -10 -19 31 -10 39 -5 16 -10 0 -3 10 -14 30 -14 34 -17 17 -18 -17 -7 -14 -18 41 -14 24 6 17 -16 27 -13 44 -17 9 -10 41 -9 41 -3 -28 2 38 -6 46 -4 4 -5 41 -12 32 -3 41 -14 49 -11 34 -9 27 -9 41 -13 48 -20 -30 -1 39 -15 10 3 42 -10 -33 -9 -1 -13 10 -10 44 -8 42 -5 30 -13 25 -9 48 -6 -3 -7 7 -18 40 -19 37 -12 -11 -4 46 -14 5 -20 38 -14 27 -2 26 -10 27 -1 40 -19 -20 -2 21 -19 4 -10 11 -15 44 -5 45 -19 10 -4 45 -16 13 -16 -4 -3 19 -17 -1 -17 -3 -7 -16 -15 9 -7 -18 -9 10 -10 -25 -19 13 -2 12 -8 -4 -13 -8 -15 11 -13 -12 -20 25 4 0.256881 7 6 37 -18 20 10 -11 -13 1 -11 -29 -18 -21 11 45 
19 5 2 2 0.64 4 -20 45 -20 11 6 -3 5 42 4 0.9 9 -4 20 -5 40 6 41 -5 42 -6 -9 0 36 0 45 3 45 -6 5 
20 5 2 2 0.985124 149 -7 27 -17 28 -9 38 -20 29 -18 34 -10 8 -8 8 3 -11 -10 23 -17 36 0 -14 0 -13 -2 -15 -1 -15 -14 22 4 -11 -11 25 -8 25 -12 24 -10 23 3 -15 -4 24 -4 -15 -13 25 1 -18 0 -19 1 -20 -2 4 11 -10 3 24 6 -25 6 -39 6 -33 -2 -11 -19 18 -16 19 -15 -10 -1 24 1 21 0 8 7 3 -8 14 -11 16 -5 7 -14 20 -2 -23 -17 17 -9 2 -13 17 -10 -36 -6 -29 -2 -6 11 23 -13 11 -18 13 0 5 -14 11 -14 5 -11 11 -16 5 -2 -6 -3 21 -15 12 -7 21 -18 -35 -4 -12 -5 21 -5 23 -16 -24 -14 11 -18 -2 1 -36 11 20 -19 9 2 17 -6 -26 -17 -35 -2 26 -10 -9 -17 13 -12 -10 -1 -17 10 -28 -10 25 -3 10 -17 -1 -18 11 -20 -16 5 23 -13 -12 0 -7 -10 -3 -18 -27 -4 17 -17 15 -10 -30 -11 21 -4 -13 -20 -33 -6 -3 -14 -32 -4 25 -5 27 2 -9 -18 -31 -15 8 -16 -5 1 -33 -17 -10 -13 12 -18 -15 -7 -16 -12 -6 -8 13 2 14 0 -19 0 23 -6 -3 -20 -32 2 -14 -12 -5 -8 -6 -17 -33 -8 16 -15 4 2 0 -10 -24 -4 8 1 -28 -10 -3 1 -27 -3 -12 -19 -30 2 12 -17 -20 5 -5 -3 -12 -2 -3 -6 -31 10 16 -11 -35 -8 12 -2 19 -4 -23 1 24 -16 -11 -6 12 -5 -23 -10 -19 4 0.194595 9 -8 -1 -12 11 3 -5 -13 -24 3 -9 2 27 -12 -18 -18 -32 5 27 
21 5 2 2 0.954064 135 -8 8 -12 14 -16 0 -8 1 -6 17 -2 -4 -9 19 -11 12 2 -1 -6 -18 -6 -9 -2 -26 2 -23 -12 -37 -4 17 -14 -23 1 19 -11 0 -8 -19 -15 -12 -10 4 0 21 -7 1 -17 -30 0 -4 -9 -5 -13 21 -9 -1 5 4 6 17 -3 4 5 -32 -8 19 -1 -15 -4 -8 -13 -20 -14 1 -13 3 1 5 -2 -19 -4 7 -5 11 2 -6 -2 1 3 22 2 -28 2 -29 -6 -26 2 1 -10 -9 2 15 -4 -2 12 -16 1 16 -9 -11 11 -34 2 7 -2 11 1 27 8 19 1 12 -13 36 9 36 3 -30 13 22 -10 36 -8 -33 7 -36 13 32 2 24 -2 27 12 -28 12 30 2 -3 -3 28 -9 33 -14 30 3 27 -4 39 -6 36 -12 38 1 -15 3 -21 11 33 -5 38 13 -3 -13 34 -8 38 3 -1 13 9 3 -8 4 34 -2 36 4 8 3 9 0 38 3 7 -2 37 2 26 4 29 2 29 4 35 -14 32 16 -10 3 -13 -13 31 -2 32 4 3 3 6 3 34 -4 29 13 -30 -15 32 0 30 -6 35 2 38 6 28 6 29 12 -3 -1 29 5 -11 7 15 13 -27 4 -33 2 33 1 33 5 -17 4 -26 4 -24 3 -4 7 -31 5 -29 5 -2 4 -32 3 28 4 0.435146 26 -13 -8 -12 -19 -13 -20 1 12 4 1 14 -19 -15 24 5 -6 -8 -10 6 -21 14 -1 4 7 5 -23 2 37 14 41 -4 34 -1 33 0 37 18 8 5 11 17 5 16 26 6 10 17 24 16 -24 13 -18 
22 5 2 2 0.645161 5 -10 33 4 -9 -4 -11 -6 -13 -14 39 4 0.897959 11 -14 37 11 -23 -8 -26 11 -7 7 -2 11 8 -10 -4 -3 11 0 -10 -1 -8 12 -3 
23 5 2 2 0.934426 57 11 32 11 -5 11 33 -7 -4 10 -6 11 37 6 -17 -7 -8 -6 -32 -4 -30 10 -1 6 -25 -9 2 -8 2 -4 0 4 35 9 31 -9 -8 8 -35 5 -16 4 -13 8 -28 7 -11 12 27 -9 -26 -15 -17 -8 -34 -5 -7 -12 -25 -7 33 -15 -23 -2 -18 8 11 -11 23 -9 -28 14 33 -7 26 -2 -35 8 27 8 26 10 -13 -7 29 -13 27 -14 26 -11 38 1 -29 2 33 10 4 -6 -19 -12 -26 -12 -1 -15 -20 -12 -5 5 -18 -8 -30 8 -30 -11 4 4 0.528926 16 1 -9 -11 -16 -12 -14 1 32 8 -10 -6 40 -5 -7 -5 12 -7 -13 0 -3 -9 -30 6 4 -9 32 -3 21 8 -8 -11 38 
24 5 2 2 0.695652 4 -3 11 -9 16 -7 3 -1 1 4 0.875 7 2 10 4 6 0 18 1 16 -6 7 9 18 -5 22 
25 5 2 2 0.190476 1 -2 -30 4 0.985507 17 9 -25 -4 3 -4 4 -2 6 1 -22 -6 -29 -5 -28 1 -30 -2 4 -1 4 -4 16 2 -3 -1 -11 -1 8 -1 -3 -1 23 -4 31 
26 5 2 2 0.888889 2 0 -1 9 -33 4 0.666667 1 2 1 
27 5 2 2 0.952381 15 9 -20 7 -6 7 19 8 36 8 -14 14 22 7 2 14 -12 16 40 13 -1 7 3 7 4 12 46 6 40 11 19 4 0.444444 3 24 -14 23 33 22 13 
28 5 2 2 0.909091 10 13 45 5 -14 15 -11 4 39 11 -1 13 34 15 19 3 40 16 -26 2 37 4 0.615385 4 9 -16 7 -8 20 20 9 17 
29 5 2 2 0.25 1 10 -15 4 0.979592 12 20 8 22 18 4 4 7 -2 6 -4 2 8 3 -8 3 7 1 -14 20 -2 21 34 25 13 
30 5 2 2 0.983607 30 10 -10 5 21 16 49 3 1 9 20 8 21 5 30 5 29 14 27 7 6 14 22 7 18 9 -13 5 13 11 9 12 23 11 -23 7 10 9 -10 6 -5 5 18 5 17 7 9 7 12 13 24 11 45 12 47 5 22 6 -26 6 9 4 0.210526 2 19 26 4 -9 
31 5 2 2 0.125 1 8 22 4 0.99115 28 19 39 6 14 19 28 10 15 12 -7 19 3 7 -15 11 -5 11 -14 0 -8 4 36 10 -26 17 5 16 -32 0 26 17 -23 14 17 14 31 15 1 17 -21 16 12 15 -26 7 -3 8 -29 18 0 15 24 -1 -27 17 -15 
32 5 2 2 0.857143 3 2 -30 15 -33 6 27 4 0.727273 2 -3 11 -1 -10 
33 5 2 2 0.653061 8 6 -44 5 -44 13 -50 6 42 -5 39 8 -13 -11 -19 -11 -30 4 0.894737 17 23 -43 11 -42 5 -41 20 -44 20 34 17 -45 19 -43 -8 44 -10 45 -9 44 -4 37 10 -41 -8 0 -8 -23 -14 14 -17 -4 -15 -20 
34 5 2 2 0.941176 8 6 31 1 2 -3 6 -3 14 -14 -44 -2 2 -1 8 -1 25 4 0.5 2 -14 -20 7 -37 
35 5 2 2 0.977778 11 -5 43 -11 -41 -12 38 -16 -38 -5 12 -4 -34 14 -41 -14 -35 6 -40 11 -42 5 -42 4 0.266667 1 11 -36 
36 5 2 2 0.930233 10 10 -35 6 -3 6 -28 -4 31 5 -26 7 -28 -7 37 0 -36 10 27 15 -23 4 0.545455 3 7 -34 24 -35 16 -22 
37 5 2 2 0.790698 17 19 15 19 11 18 35 17 1 16 37 17 10 12 41 17 5 16 44 12 -22 18 -13 14 5 15 0 13 -37 15 16 13 -38 14 42 4 0.808989 18 23 -19 13 7 19 6 18 23 15 40 19 27 11 44 12 2 8 22 8 21 11 14 7 27 19 -33 6 -31 17 -21 15 -3 22 -18 14 -12 
38 5 2 2 0.39779 18 10 13 9 28 10 37 12 -12 10 34 11 29 10 5 16 25 5 -39 8 45 11 -41 8 51 -8 -7 -11 -20 -9 -11 -14 -39 -16 -38 -14 -41 4 0.960352 109 7 34 26 -20 6 7 15 -23 24 7 26 24 24 30 24 32 24 36 20 -9 7 32 8 -10 8 -19 21 -34 21 37 24 41 15 14 6 -37 22 -38 26 24 20 -33 6 -23 21 -31 19 21 21 33 19 -7 22 -1 25 -14 25 42 25 24 23 -37 19 5 24 -11 13 18 12 35 18 11 15 28 12 34 13 1 16 2 14 -12 21 -7 12 4 23 -24 11 -40 20 -8 16 -5 20 -9 15 15 13 30 18 -29 15 1 13 -37 16 -39 13 -40 12 34 11 31 8 26 9 20 21 -26 10 -5 -9 44 5 -25 5 -14 -7 36 7 -3 8 34 12 -45 14 -17 -11 35 -5 -36 -3 -38 -10 34 -10 30 -10 16 -7 2 -8 -7 -8 -15 -7 23 -10 8 -3 -39 -1 10 -6 -13 -15 -37 -1 6 -1 -6 -1 -38 -1 -38 0 -35 -14 25 -13 -40 0 -35 -19 3 -13 -26 3 -11 -10 -38 -15 7 -15 5 -11 -28 -10 -36 -13 -11 -9 -32 -6 -34 -10 11 -8 -7 -8 10 -8 18 -5 -38 -3 -39 
39 5 2 2 0.666667 3 -10 -18 -10 -37 -12 -40 4 0.888889 6 -13 17 -13 -34 -19 26 -14 -42 -17 -35 -14 -25 
40 5 2 2 0.967742 45 3 25 0 19 -18 30 -12 -9 -6 -39 -10 -14 -18 23 -18 -43 -12 -38 0 -4 16 -40 -10 -38 -15 -36 -12 -12 -14 -20 -7 -25 -12 -38 1 25 -11 -4 3 -25 -18 -14 -19 -8 -11 -39 -9 -33 -6 -14 -6 -21 -11 21 -4 -40 -13 19 -14 -29 0 -16 -12 -35 -10 -35 1 -14 -6 -34 6 10 -13 20 -4 -14 -12 22 5 -28 1 -13 5 24 -6 10 -1 -15 -5 -34 4 0.347826 6 -4 -35 -12 7 -15 22 -13 2 -12 -28 -21 6 
41 5 2 2 0.615385 2 -1 -2 -7 -36 4 0.909091 5 -11 -39 -18 28 -1 -34 -11 17 -14 29 
42 5 2 2 0.516129 4 -3 19 8 -32 -8 4 -9 6 4 0.9375 15 -9 -12 -4 25 -22 -5 0 -33 -12 -2 0 -11 -9 -10 4 0 -4 5 -20 -38 -9 -10 -11 31 -2 -42 -1 -40 -17 -1 
43 5 2 2 0.990826 27 -5 30 18 28 17 -23 17 -23 18 24 19 -28 16 -26 17 -14 18 21 7 -22 17 -26 8 -19 18 -27 18 -29 11 17 19 -34 17 23 17 19 9 -34 -2 3 18 21 17 31 -8 11 16 -5 17 3 15 4 18 -10 4 0.129032 1 20 16 
44 5 2 2 0.727273 2 17 -4 -7 15 4 0.857143 3 -17 32 -11 4 -11 5 
45 5 2 2 0.571429 1 5 -40 4 0.923077 3 17 -44 19 -45 16 -43 
46 5 2 2 0.987654 40 -4 -44 -1 -48 6 -43 -13 -44 1 -41 -1 -42 1 -40 -3 -40 -2 -41 -11 -40 4 -42 1 -44 5 -41 8 -48 -11 -47 -19 -43 -1 -45 10 -47 3 -44 0 -39 15 -47 12 -47 3 -43 -10 -47 -16 -43 -19 -40 -20 -41 -12 -36 -11 -3 -13 -43 -8 -46 -6 -46 -1 -40 -8 -43 -3 -47 1 -44 -9 -49 1 -48 -15 -42 3 -42 4 0.166667 2 -25 -43 3 -42 
47 5 4 0 0.5 2 -7 81 1 78 2 0.8 5 -3 52 17 -43 -11 49 -3 52 14 -35 3 0.307692 1 34 -43 4 0.5 2 17 -30 3 45 
48 5 3 2 0.380952 2 12 -35 14 50 3 0.941176 12 40 -21 34 20 36 -14 31 23 38 13 34 19 37 -81 36 7 28 43 13 95 32 -52 31 36 4 0.222222 1 22 0 
49 5 2 2 0.05 1 3 40 4 0.996721 76 21 -32 2 14 18 -24 3 -14 2 -33 1 6 1 -8 0 7 13 -28 -4 41 3 4 2 -1 6 26 2 -13 10 28 10 -8 10 43 12 2 5 7 5 6 9 26 8 15 12 -25 11 -11 -9 44 3 -11 13 -17 4 3 2 -44 5 -18 -1 -35 -5 12 -3 -39 -17 43 2 41 -5 43 1 -20 2 -33 -12 42 -10 42 -11 29 -7 41 -6 41 -3 12 4 2 -21 41 1 0 2 30 -8 41 -19 -31 -18 -12 -16 10 -15 16 -13 24 -13 29 -13 -34 -12 -10 -13 -38 -15 18 -13 -17 -13 22 -10 -13 -7 -16 -9 -17 2 -23 -12 16 -7 7 -8 -2 -8 6 -5 -1 -6 7 -5 19 -5 -6 5 6 3 -37 5 -35 
50 5 2 2 0.8 9 1 -1 7 -3 -9 0 -3 -28 2 -51 -9 20 9 -20 7 23 10 -49 4 0.8 9 -5 25 -5 26 -5 5 0 -32 -4 -26 -1 -18 -13 4 -19 -23 -11 14 
51 5 2 2 0.981132 13 3 -34 1 21 7 21 -5 -21 9 10 1 -19 2 -25 11 5 -4 -25 10 2 -2 15 6 -20 -3 -20 4 0.235294 1 -6 -4 
52 5 2 2 0.631579 6 5 -25 4 12 -12 -52 -4 -40 -15 -52 -6 -49 4 0.903226 14 -4 -24 -8 -3 -1 -20 -16 -30 -16 -3 -14 -33 -14 -5 -10 -10 -9 -23 -7 -13 -11 -38 -5 -32 3 -3 -12 -44 
53 5 2 2 0.242424 2 -5 4 -2 6 4 0.980392 25 -17 -34 -5 1 0 31 0 -2 2 -24 -9 -24 -1 0 -11 -1 -3 37 -4 15 -4 26 3 -26 -14 -11 3 -27 -7 -24 5 -31 -10 -24 -10 -44 -8 -45 -18 -45 2 -45 4 -44 -9 30 -18 -41 -14 -44 
54 5 2 2 0.952381 5 -8 -49 6 -40 -12 -52 -6 -38 7 -41 4 0.444444 1 -1 -45 
55 5 2 0 0.333333 2 -11 85 -2 85 3 0.969697 16 4 96 -13 44 4 91 26 19 -19 100 27 63 30 18 -21 44 -1 88 -3 97 -22 89 -18 92 19 29 -6 89 -32 93 -44 22 
56 5 3 2 0.571429 4 13 52 10 52 -10 52 -9 52 3 0.210526 1 -20 98 4 0.897959 11 -24 -26 -17 43 -15 38 -15 43 -18 45 -23 1 -20 40 -23 37 -22 43 -21 40 -22 34 
57 5 3 2 0.181818 1 14 -41 3 0.971429 17 -32 29 21 43 27 -2 -23 15 -21 14 -2 42 -6 38 36 60 13 42 7 -41 21 71 21 39 21 56 4 43 10 -39 -28 93 27 -34 4 0.181818 1 23 19 
58 5 3 0 0.222222 1 21 3 3 0.962963 13 30 36 25 92 31 -26 9 41 38 56 38 27 20 -59 40 -35 27 81 9 36 30 32 -40 15 20 -71 4 0.222222 1 21 17 
59 5 4 0 0.857143 6 5 81 21 -19 17 10 20 -16 19 -76 11 26 2 0.307692 1 18 11 3 0.307692 1 31 65 4 0.5 2 13 0 16 -7 
60 5 3 0 0.25 1 -16 44 2 0.25 1 13 37 3 0.956522 11 11 63 26 37 3 31 32 -26 -23 69 24 -40 10 14 36 4 31 27 10 58 12 37 
61 5 2 0 0.862745 11 22 -68 21 -67 -2 76 1 76 13 68 22 -53 22 -49 -15 25 5 24 -12 76 -13 33 3 0.717949 7 3 93 31 -31 -3 99 32 -23 10 28 -26 99 -32 74 
62 5 3 2 0.615385 4 19 -18 21 6 15 52 11 37 3 0.878049 9 13 85 39 0 24 94 -32 35 34 -70 -32 33 37 -70 39 15 34 14 4 0.235294 1 15 -39 
63 5 4 0 0.761905 4 0 88 21 -35 3 90 2 88 2 0.533333 2 14 25 15 53 3 0.333333 1 39 -15 4 0.533333 2 16 -38 14 -39 
64 5 2 0 0.995556 56 -3 72 -3 77 6 76 -9 74 15 70 -6 60 16 75 16 69 3 73 -6 61 5 63 -2 61 6 70 -5 61 1 73 12 64 -4 58 -4 56 -6 53 1 48 -4 59 2 53 -5 53 8 61 6 71 2 51 2 48 5 49 -10 51 16 67 5 61 5 49 8 72 3 56 12 63 14 69 7 61 15 60 11 47 -1 57 8 65 13 67 8 57 14 60 11 47 21 24 14 53 17 47 18 48 9 47 9 51 10 48 1 23 -15 24 16 58 16 58 3 0.0666667 1 33 74 
65 5 2 1 0.153846 1 15 39 3 0.988764 22 15 68 20 92 -3 23 14 98 20 36 11 66 -6 18 25 28 -16 15 25 -31 4 41 -2 15 31 -31 31 -15 -19 13 -13 14 7 42 -2 16 -17 13 -4 14 -8 13 12 99 
66 5 2 0 0.888889 2 -15 92 24 29 3 0.666667 1 -11 100 
67 5 2 0 0.969697 8 20 -73 21 -73 3 82 6 74 6 73 2 75 16 -75 5 82 3 0.333333 1 26 39 
68 5 2 0 0.987952 41 -11 90 23 20 16 44 14 -55 14 33 -6 87 17 -4 -22 36 3 89 16 48 -17 90 -19 40 16 35 -4 90 -18 32 19 29 15 42 25 30 2 40 14 42 8 36 7 33 16 -27 20 -36 -12 37 -8 35 -3 40 18 -71 -5 36 -16 41 20 31 1 36 -23 35 -21 34 23 38 -18 41 -21 41 -19 88 -15 41 -7 91 18 40 3 0.163265 2 11 98 -27 24 
69 5 3 0 0.911111 41 18 -32 -20 42 15 17 7 57 -21 43 14 19 20 -35 3 43 23 38 10 47 24 35 10 47 7 47 19 46 15 45 24 45 25 -61 6 48 19 46 16 46 19 42 19 47 -14 45 -21 47 9 21 -24 27 6 27 21 22 -20 47 -21 27 11 52 14 23 -12 25 -2 28 6 25 17 22 -8 47 -13 26 -16 24 16 42 -24 21 3 0.588235 15 -18 22 -39 38 31 13 29 29 4 -90 9 39 42 29 -34 44 -41 84 -40 37 38 30 14 66 28 17 19 20 21 21 4 0.0666667 1 25 16 
70 5 4 0 0.871391 83 6 76 18 4 7 86 7 78 -12 83 -9 79 23 -29 19 -67 21 -46 17 -27 22 -20 25 -13 18 22 -1 78 9 85 6 78 -6 91 22 -79 18 28 -9 33 -23 31 -21 32 12 24 24 -71 -13 32 -2 31 -14 33 -6 27 -12 34 -14 30 8 31 -9 31 -13 30 2 34 -9 31 -16 56 -19 37 10 36 4 40 -13 37 4 24 3 74 -17 38 0 39 12 90 25 0 -7 41 23 34 -19 86 12 91 -15 91 3 46 10 49 7 46 -15 41 9 41 -9 89 -22 43 -3 44 -5 47 -3 43 7 49 -14 41 -5 79 -5 25 1 74 -18 80 -8 80 -17 51 4 18 -17 51 -14 21 -21 50 -16 82 -11 20 -3 22 -22 78 -6 54 -24 78 -12 20 -17 74 -9 73 -18 72 1 0.111111 4 17 27 17 31 17 -7 13 25 2 0.0296296 1 19 -31 3 0.666667 44 29 16 41 -25 28 -36 35 1 37 17 19 32 36 13 32 -36 22 29 32 7 25 75 14 77 24 -5 26 -29 12 19 19 16 3 78 32 -31 -25 22 14 28 13 20 -10 26 -2 -96 -26 29 40 0 18 30 12 30 1 -95 21 -24 -28 23 -31 35 4 34 21 90 -13 31 -15 90 -33 19 -14 36 -15 12 -24 12 -16 12 -15 30 8 12 -5 11 -3 42 
71 5 3 0 0.307692 1 -6 18 3 0.941176 8 -36 40 3 18 -44 20 -38 72 -44 26 -16 88 -27 38 -36 36 4 0.307692 1 -25 -4 
72 5 4 0 0.4 1 -14 55 2 0.75 3 19 -4 20 5 21 -17 3 0.4 1 -38 -9 4 0.615385 2 18 -11 10 18 
73 5 2 2 0.190476 2 17 23 14 -38 4 0.985507 34 20 19 21 33 13 -11 18 0 21 28 16 41 13 2 16 -4 23 -1 20 -31 22 14 22 28 14 25 22 34 20 12 13 40 12 40 20 20 23 -24 13 -17 16 -11 16 -10 25 -20 23 -12 16 -2 23 -14 18 -34 21 0 20 29 20 -23 12 -1 22 25 22 21 22 -30 
74 5 2 2 0.842105 4 21 19 20 28 21 3 21 -22 4 0.75 3 22 26 25 9 23 2 
75 5 4 0 0.533333 4 -18 87 -18 83 -22 72 -20 66 2 0.333333 2 21 40 16 13 3 0.862745 11 37 14 -44 42 41 64 43 93 40 56 -41 -36 -43 -31 -40 6 -43 -27 -38 -14 -35 42 4 0.190476 1 -25 41 
76 5 3 2 0.592593 4 21 -37 20 -31 18 33 16 -42 3 0.222222 1 -37 25 4 0.888889 10 26 -28 18 -28 22 -37 26 18 -25 -38 18 -29 23 -40 22 -39 22 -39 26 -40 
77 5 2 2 0.266667 1 21 44 4 0.977778 11 18 -15 16 42 13 43 23 40 15 44 20 11 21 37 19 43 22 42 16 25 20 22 
78 5 3 0 0.48 3 -23 74 -23 84 -24 71 3 0.837209 9 40 42 34 69 38 97 39 -10 33 72 45 32 41 34 38 -90 38 53 4 0.571429 4 -25 -25 -24 -10 23 11 16 -10 
79 5 4 0 0.957747 17 24 -13 20 55 22 12 22 78 14 83 20 72 25 69 21 87 24 44 12 87 14 86 19 69 22 74 25 67 19 77 14 78 21 91 2 0.173913 1 21 -23 3 0.173913 1 44 33 4 0.173913 1 26 38 
80 5 4 0 0.930233 10 21 86 8 60 8 51 22 51 25 78 24 49 20 53 17 79 23 75 19 48 2 0.25 1 16 -39 3 0.25 1 22 25 4 0.25 1 22 14 
81 5 4 0 0.266667 1 25 46 2 0.444444 2 20 37 20 35 3 0.888889 8 -40 -15 -43 -55 -43 -65 44 39 43 -6 -2 -77 45 -29 45 4 4 0.266667 1 24 -45 
82 5 3 2 0.75 3 21 -44 12 -25 14 -9 3 0.4 1 33 -96 4 0.75 3 20 -44 20 -29 22 26 
83 5 2 2 0.987013 19 19 3 19 -12 17 -19 19 -21 19 -18 20 -4 15 -27 20 2 19 28 18 29 19 38 19 27 19 -35 17 -18 16 -18 16 -14 18 -11 19 -3 20 5 4 0.173913 1 23 -8 
84 5 3 0 0.266667 1 18 77 3 0.923077 9 31 80 44 28 42 31 41 27 41 27 39 -24 40 70 44 -25 41 37 4 0.444444 2 18 -26 18 30 
85 5 3 0 0.88 11 24 80 15 85 24 86 13 88 14 91 19 79 22 53 23 88 24 85 19 83 23 89 3 0.461538 3 39 -38 42 37 35 -97 4 0.461538 3 26 -3 -25 21 -23 24 
86 5 2 0 0.137931 1 16 81 3 0.990099 25 39 -51 16 97 43 -32 32 -54 32 92 33 92 37 70 31 42 36 29 33 38 17 42 37 15 45 -8 35 39 42 6 41 71 27 70 45 20 41 62 37 33 37 80 29 -88 34 80 28 77 28 78 
87 5 3 2 0.881356 13 21 8 20 -27 19 -19 21 -3 18 22 20 14 19 5 21 -17 20 35 17 -27 19 1 18 26 20 28 3 0.307692 2 36 -22 20 -98 4 0.571429 5 21 -42 24 -42 23 -2 23 -44 22 7 
88 5 4 0 0.380952 2 25 -33 24 -31 2 0.380952 2 16 -26 15 -44 3 0.857143 9 34 9 26 10 39 0 32 66 29 40 41 6 39 -38 33 -40 34 0 4 0.380952 2 26 8 25 9 
89 5 2 0 0.956522 11 13 55 12 59 5 59 25 53 13 72 10 55 24 -53 7 71 14 54 13 51 24 -89 4 0.421053 2 20 -5 21 11 
90 5 2 0 0.0909091 1 23 -75 3 0.993789 40 27 1 29 95 30 -26 40 -56 37 39 30 47 43 17 42 38 34 32 33 85 31 81 43 -76 32 32 43 -67 44 21 39 28 42 -9 31 9 35 86 41 24 34 33 45 36 22 99 32 44 43 -20 29 63 38 -37 41 -52 26 -69 39 -7 11 -70 24 -59 31 55 40 -48 38 -9 43 93 39 -69 41 -13 27 56 44 -8 
91 5 2 0 0.533333 4 22 -14 24 -19 25 -50 25 5 3 0.933333 14 32 15 41 15 14 41 27 -59 41 -31 28 66 41 -41 38 -25 17 -28 45 9 40 30 41 -40 28 20 22 -20 
92 5 2 0 0.862745 11 21 -59 21 -45 16 66 24 -57 15 60 23 -81 25 61 19 68 15 60 12 63 23 -41 3 0.717949 7 33 41 40 15 39 23 18 -79 45 -40 35 -41 18 -9 
93 5 2 0 0.210526 1 25 -15 3 0.983607 15 43 -42 40 -13 35 -6 42 45 20 23 35 -44 34 -10 37 -22 32 -11 33 54 27 -56 32 18 28 -35 34 -4 42 3 
94 5 2 0 0.978723 23 13 -67 14 -67 4 66 16 -9 -9 66 16 38 14 -46 2 63 13 3 16 -66 4 69 13 -33 17 -11 15 -65 -17 65 4 62 -13 71 -12 65 14 -41 -9 65 -6 69 -3 70 -3 66 1 0.258065 2 13 -32 14 -7 
95 5 2 0 0.363636 1 17 -30 3 0.965517 7 30 -11 30 -21 32 -19 29 -39 29 29 37 -4 36 -33 
96 5 2 0 0.5 1 17 -63 3 0.941176 4 32 26 31 43 20 -92 27 -43 
97 5 2 0 0.981818 27 15 -56 17 -44 16 -54 19 -13 17 25 21 -61 17 -35 15 34 16 23 24 0 15 18 20 -35 22 -39 16 -30 24 -56 15 -22 15 -48 24 -71 16 -47 24 4 16 -1 14 -3 18 -52 22 -69 15 0 18 -33 13 -26 3 0.228571 2 27 -50 25 -26 
98 5 4 0 0.307692 1 -9 71 1 0.307692 1 17 3 3 0.857143 6 24 0 23 -10 -14 30 7 -15 -20 29 19 3 4 0.5 2 25 -15 26 -15 
99 5 2 1 0.945455 13 16 -4 17 22 16 -8 17 20 17 8 17 -19 16 -33 16 0 15 26 13 -26 13 -25 16 -39 16 -12 3 0.48 3 18 -77 18 -70 6 22 
100 5 2 0 0.217391 5 -8 17 -14 -2 -14 6 -9 6 -9 -22 3 0.982935 72 7 -25 -4 27 -12 -60 -27 18 21 -20 9 7 -22 -82 -41 3 -26 -27 -22 43 -22 75 -28 -80 -27 3 -21 -13 -29 43 -41 -76 -21 73 -27 16 -15 -18 -9 -33 -12 -31 -4 -34 -5 -26 -2 -31 -5 -31 -19 -7 -17 -10 -1 -24 -3 -12 -17 5 -1 6 -5 -39 5 -17 -15 3 -15 -26 0 30 -41 -47 -2 -42 3 25 -1 -8 -27 -68 -30 -15 -18 -70 -23 4 -22 2 -12 -53 -37 -93 -13 -27 -8 43 -12 -38 -4 69 -14 -39 -8 1 -8 2 -20 -28 -9 -78 -5 54 -7 -3 -8 24 -11 -25 4 64 8 14 -7 2 -15 -34 -10 -49 -33 12 -9 -51 -17 -87 -11 -29 -16 -84 -21 25 11 18 
101 5 3 0 0.0194175 2 20 -9 12 -89 1 0.996892 401 16 -7 17 -2 15 34 14 -16 17 18 14 27 16 25 15 30 16 -3 16 -9 15 16 12 -10 14 23 14 7 16 29 16 12 15 15 16 0 11 7 12 19 14 5 14 -1 12 -14 12 -19 15 1 14 36 12 -27 14 33 12 0 12 -13 11 15 12 9 12 26 11 32 13 0 8 35 13 29 11 6 11 -21 8 36 11 32 8 38 12 28 12 33 12 13 12 10 8 33 12 4 10 28 11 34 17 -38 10 -38 11 23 8 31 10 15 12 -25 7 37 12 7 12 2 12 -7 11 -16 13 -36 11 -21 6 39 12 3 12 -16 8 27 11 21 11 -26 11 -25 9 -9 11 -38 9 28 10 4 10 -21 10 -27 9 31 10 -25 9 -5 9 5 11 -7 7 29 13 4 11 17 10 25 10 -6 9 3 9 17 9 -2 7 26 9 37 10 9 5 28 6 35 12 -26 10 1 9 15 8 -3 9 23 7 0 8 29 12 -13 10 -26 8 23 7 -23 5 37 10 -2 7 -21 11 -11 7 22 8 -37 4 34 8 31 10 -36 6 23 6 30 6 4 6 27 7 7 7 -26 7 5 10 12 9 -11 8 5 9 -6 7 23 9 15 9 -2 9 4 8 -25 8 20 10 23 6 23 7 -13 8 -17 7 10 8 -31 7 -35 5 28 6 28 7 -8 10 8 8 -33 3 -14 -16 -12 8 -37 -14 -25 -16 8 -14 -15 -14 4 -15 27 -14 -2 8 16 -13 10 -14 15 -14 -34 -15 -13 -14 5 -15 -20 -14 -31 -12 -1 -14 -35 -15 -19 -15 -14 7 -10 -16 -1 -13 -2 -15 2 -16 10 -14 -9 -16 -7 -15 21 -15 24 -13 -29 -13 -25 -16 19 -16 12 -15 -19 4 -11 -15 -7 -16 -3 -14 16 -13 -1 -12 3 -15 -13 -11 -28 -16 -29 -14 -22 -14 10 4 31 -14 -20 -15 -31 -16 24 -13 -21 -14 26 -12 5 -11 11 -14 1 -12 -11 -16 0 -16 8 -13 6 -11 10 -12 -10 -14 -11 3 36 -11 -19 -12 -18 -12 20 -11 4 -14 19 5 32 -16 -16 -11 -9 -11 -29 -14 -26 -14 2 -11 -6 -15 3 -16 -18 -11 -14 -13 5 6 -36 -15 -1 -11 -31 -14 -37 -13 -10 -16 -38 -14 -38 -16 28 -11 15 -15 19 -15 -4 -15 -2 -15 -38 -10 -1 -15 -32 -13 -23 -12 17 -12 -1 -14 11 -14 -4 -14 -5 -14 -29 -12 10 -11 26 -10 -32 -14 -11 -9 -15 -13 24 -14 26 -13 -7 -13 -1 -9 1 -12 -11 -15 33 -11 24 -10 18 -9 -19 -13 -24 -9 -16 -9 -10 -9 -30 -10 22 -9 -22 -11 20 -9 -4 -9 -13 -9 23 -11 -18 -11 12 -10 1 -13 -32 -8 -1 -11 16 -11 23 -11 1 -10 1 -8 -27 -10 -3 -9 -27 -8 -9 -11 22 -8 -13 -12 -35 -10 28 -8 13 -13 33 -10 -5 -7 21 -15 35 -8 -10 -16 39 -8 20 -11 -28 -8 -7 -10 -20 -10 17 -10 22 -9 25 -9 -16 -7 -20 -7 0 -7 -30 -7 -21 -7 -15 -10 35 -7 -16 -10 -21 -10 32 -10 36 -11 33 -8 23 -9 -30 -12 39 -6 -22 -9 -20 -10 22 -10 26 -9 9 6 -25 -6 -15 -6 -14 -9 23 -7 -29 -6 -27 -6 -19 -9 22 -6 5 6 -34 -8 3 -8 -15 -8 -4 -9 12 -10 36 -8 17 -5 -13 -10 -38 -5 -24 -10 34 -7 29 -7 -17 -7 -16 -10 32 -7 -10 8 -12 -8 17 -8 -17 -8 -21 -5 24 -8 12 -8 14 -10 33 -5 10 -5 25 -7 -7 -11 38 -4 -13 -6 29 -7 -10 -8 37 9 -23 -5 13 -7 -15 -4 -19 -7 12 9 -19 -7 8 -9 35 -4 -24 -4 -26 -4 16 -8 39 -4 7 -8 -35 -4 20 -10 38 -6 34 -6 -11 -6 -23 -4 -34 -3 -8 -6 -18 -6 -18 -6 37 -3 8 -6 36 -6 -16 5 -20 -6 8 -3 13 -5 -2 -6 -1 8 6 -2 3 -6 38 -7 -39 -7 -22 -7 -23 -6 31 8 -16 3 0.0289157 3 -7 92 -10 -36 -6 -14 
102 5 2 1 0.0540541 1 -2 -1 3 0.996441 70 4 -43 -16 -62 -7 -2 -15 5 -33 -83 -32 -21 -22 -84 -14 -78 -15 2 -3 -35 -19 2 -13 42 -20 -80 -13 49 -25 -78 -29 -82 -16 11 -32 -8 -25 -76 -2 1 -18 18 -32 -81 -15 -27 -21 -33 -12 -24 -16 55 -19 -67 -19 -10 -23 -33 -2 -3 -27 -36 -14 -74 -33 -96 -31 21 -20 49 10 -30 -31 -76 -31 -24 -13 -31 -30 -67 4 -24 -27 26 -3 -13 -26 5 -26 40 -26 35 -14 9 -24 -36 -33 -2 -25 6 -21 -16 -24 19 0 5 -23 61 -25 35 -26 -98 -12 -57 -13 -73 -13 -46 -11 -41 1 3 -13 -48 5 -8 -38 17 -23 -29 -27 -16 4 9 -10 -13 -24 -42 -2 -38 
103 5 2 1 0.985994 176 -8 -34 -6 -39 -3 -29 -2 -5 -1 2 -1 3 -1 -20 -1 -28 -5 -36 -2 -36 -3 -18 -1 -1 -6 -28 -2 15 -5 12 -3 -27 -5 -20 -3 -20 -2 10 -1 -7 -2 20 -4 5 -4 3 -3 13 -3 14 -2 27 0 -2 -5 21 -1 23 -5 -18 0 9 -4 -22 -4 -21 -1 7 -4 4 -1 -24 -3 14 -5 -34 0 -36 0 -31 0 -26 0 29 -3 -4 1 -11 1 5 -2 -1 1 -21 -2 13 1 -3 2 16 -1 -9 -3 -11 -4 27 -1 -2 -2 32 -2 26 -3 38 -1 -29 -3 39 -3 -21 -3 19 -2 3 2 -18 2 1 -2 -23 -3 -28 -1 14 -1 11 2 4 2 -39 2 10 -1 -34 -4 31 -6 35 -2 -34 -3 -31 -3 39 0 1 -1 -16 0 27 -5 36 0 31 0 -2 0 -18 0 -25 -5 -29 -2 34 0 -26 2 -35 0 -15 -2 36 -1 17 3 -12 3 -11 3 16 0 -28 1 -23 -2 -35 1 -17 3 -32 0 15 4 -10 4 -8 4 -12 4 -4 3 -37 1 19 1 0 3 27 -1 -39 1 37 4 17 4 -38 2 18 1 -19 2 -29 2 -34 4 -6 4 27 2 31 -3 38 2 7 5 9 0 -38 4 1 5 -26 3 -24 3 -5 3 -1 3 -37 3 -22 4 4 3 17 3 12 3 -3 3 6 6 -24 6 7 5 -38 3 4 6 -14 2 37 4 -5 6 0 4 21 5 -18 4 -19 6 -28 7 -18 4 12 4 1 1 39 4 -26 2 36 5 -2 5 -18 6 -38 4 -29 6 -19 5 -26 5 -2 5 -36 5 -34 5 36 5 10 6 1 6 -2 7 -18 7 -19 6 -24 6 14 6 -3 7 8 9 4 7 37 9 -25 3 0.185185 10 -11 -86 -11 11 -30 4 -25 42 3 -42 -9 4 3 -33 -9 -9 -35 -74 -31 -86 
104 5 2 1 0.222222 1 9 -27 3 0.982456 14 -6 -32 -5 -57 7 -10 -18 62 6 -23 -7 -23 -5 17 -4 -83 -11 14 -4 50 -4 -4 -3 -22 -3 -21 8 -28 
105 5 2 1 0.142857 1 -13 -38 3 0.989691 24 7 28 -25 -58 -34 1 -40 -77 4 26 -43 -81 -13 -91 -26 -17 -29 -21 -35 -96 -31 -5 -6 68 -43 51 -34 -53 0 24 -41 54 0 27 -6 68 -37 -8 -36 6 -35 -81 -35 -74 -28 11 -17 77 
106 5 2 1 0.888889 2 -5 -38 -5 -39 3 0.666667 1 21 -26 
107 5 2 0 0.987654 20 2 70 2 64 -1 58 -8 56 -17 56 -4 57 1 59 1 54 8 57 -6 56 -1 51 14 55 8 55 17 -86 -2 52 -2 60 2 61 -6 61 -15 64 -12 65 3 0.166667 1 -10 -87 
108 5 4 0 0.181818 1 -11 67 1 0.516129 4 -9 -37 -8 -36 -7 -39 -9 -38 3 0.648649 6 -10 32 -40 37 -42 26 -37 28 -39 -94 -39 -19 4 0.744186 8 -22 -8 -25 -28 -25 2 -23 -36 -23 15 -21 -31 -22 10 -22 21 
109 5 2 0 0.988235 21 24 13 18 -72 23 -65 21 -56 21 -62 19 -69 11 -19 12 -26 11 -21 15 -29 18 -63 9 -34 9 29 8 -69 9 -32 8 -63 9 0 12 -74 9 -27 15 -60 14 -74 1 0.16 1 10 9 
110 5 3 0 0.8 7 16 -61 -24 -35 -24 -66 -11 -6 6 -23 2 -73 6 -32 1 0.235294 1 12 24 3 0.75 6 -22 6 -41 23 -31 -14 -31 -3 -41 54 19 -64 
111 5 3 0 0.718929 94 24 -51 23 -43 21 -14 16 -17 15 -40 13 -4 19 -37 12 -27 14 -53 12 -19 22 -36 10 -47 12 -15 12 -50 22 -11 16 11 9 -20 9 -30 15 -9 7 -17 13 -26 12 -60 9 8 15 -25 10 23 10 -22 15 -28 15 20 13 -7 10 -37 20 -59 19 -10 10 -52 10 1 6 -46 6 -18 14 -42 14 -31 9 14 20 -26 17 -41 5 -47 9 -61 5 -41 12 -8 5 -55 10 41 15 -60 11 14 15 -37 4 -53 13 15 15 -36 5 -53 13 -60 7 -13 4 -38 14 1 11 -59 5 -57 4 40 6 -26 13 -54 11 41 14 -67 18 -61 8 -38 14 32 10 17 9 -52 10 -12 4 45 12 -36 5 -15 6 -49 5 13 8 -30 11 25 5 20 14 -39 9 30 8 -25 16 -56 5 -13 6 -18 -22 14 5 -26 13 -6 5 -60 16 3 10 21 15 -1 7 -2 8 -20 1 0.669421 81 13 -32 14 -27 12 -34 13 -29 14 -15 13 -5 12 -30 13 -17 14 23 14 9 11 -31 12 -9 13 15 12 -20 13 10 14 35 12 22 10 -17 12 5 14 32 12 -23 13 -15 11 12 14 20 10 -27 11 3 9 -4 9 29 8 -25 7 -29 9 -21 8 -21 13 6 13 -17 9 -13 11 -13 13 2 9 30 12 -15 7 -12 13 -28 12 -1 12 32 12 8 10 32 10 28 12 -6 13 10 12 20 8 -11 13 10 7 19 8 17 11 15 8 14 11 31 9 -1 12 30 12 8 8 -21 10 33 7 35 10 18 10 19 10 -27 10 19 9 8 6 -5 4 25 10 4 14 3 6 -26 7 6 13 3 7 19 8 3 2 -14 7 8 8 9 3 -6 4 13 3 0.601367 66 32 -34 34 2 34 -1 5 77 32 -19 29 -14 27 41 31 -14 29 13 -1 89 26 41 25 45 27 11 28 37 30 2 29 -7 23 -82 15 40 28 -35 28 6 19 -25 23 38 18 7 24 -8 14 -68 18 58 18 53 15 -61 16 46 17 59 17 55 24 27 25 -16 10 44 26 -40 28 10 24 -17 28 9 27 -31 24 -21 25 24 26 3 25 -9 22 -26 27 -5 22 -41 27 -15 17 -67 19 -10 24 -41 23 10 16 -74 24 -27 14 -40 25 -23 28 -6 21 -2 25 -30 17 33 23 -9 25 -21 12 -6 24 -39 24 -41 -29 1 21 -43 
112 5 3 0 0.1875 3 -24 -16 11 -19 12 -8 1 0.1875 3 6 5 10 4 9 8 3 0.970297 49 -28 35 -32 0 -34 41 -31 10 -43 -77 -29 -1 -26 -40 -31 -2 -33 -22 -34 -17 -35 -51 -38 -71 -24 -10 -37 -76 -20 -33 -40 -74 -40 -32 -40 -80 -28 -37 -38 -21 -43 6 -43 -34 -43 -76 -31 -35 -30 -38 -41 19 -39 10 -40 -34 -25 -9 -26 -34 -27 -11 -21 -41 -20 -34 -23 -22 -42 0 -25 -6 -35 -27 -31 -20 -32 -23 -32 -21 -29 15 -42 -83 -38 56 -29 27 -31 21 -31 25 9 -16 -24 24 -22 15 
113 5 2 0 0.6 6 14 -41 5 15 6 -4 3 -19 14 -31 15 -46 3 0.914286 16 -42 -24 -40 -18 -43 -30 -42 7 -40 16 -40 -34 -38 5 26 12 20 31 23 9 -35 16 25 5 16 -28 23 7 21 -37 9 4 
114 5 3 0 0.745763 11 3 -43 12 5 5 12 6 -16 7 21 4 9 0 -10 -2 -16 -1 2 3 -36 1 4 1 0.8 13 10 -31 6 -21 9 -1 4 -22 5 20 7 -3 9 28 8 -23 1 -30 1 -18 3 -24 3 -21 3 -34 3 0.25 2 7 -26 12 39 
115 5 3 0 0.521739 3 -12 -21 11 -76 -24 -78 1 0.4 2 6 -33 3 -33 3 0.878049 9 -41 -92 -35 -23 -29 -27 -34 3 -36 -28 -41 -8 -38 -3 -36 -41 -31 24 
116 5 3 0 0.968536 177 -20 -20 -18 15 -14 32 -17 10 -20 -66 -19 -19 -20 -63 -14 22 -17 16 -15 37 -18 -70 -16 -9 -23 -51 -18 -48 -13 -77 -17 17 -22 -63 -16 42 -22 -41 -18 -30 -16 -41 -17 -5 -15 18 -13 29 -24 -32 -21 -43 -13 -18 -10 25 -17 -14 -10 -42 -15 23 -17 -31 -18 -32 -14 17 -12 -7 -7 -4 -11 -49 -21 -76 -9 -16 -14 -75 -21 -21 -12 -6 -15 16 -16 6 -17 -2 -22 -12 -18 -78 -12 13 -13 9 -16 15 -13 -73 -18 -42 -17 -50 -16 -55 -17 -50 -2 6 -13 -2 -8 20 -12 -72 -7 40 -11 -28 -10 0 -15 -19 -16 -45 -12 -26 -15 -16 -12 -4 -11 4 -7 18 -9 -40 -12 3 -9 -52 -15 -40 -12 4 -10 -23 -15 -43 -2 17 -16 -29 -10 9 -17 -37 -14 2 -12 -18 -14 -33 -4 10 -1 6 -11 -32 -12 -42 -10 -5 -13 -69 -12 -20 -8 24 -13 -41 -15 -39 1 10 -3 -29 -13 -37 -9 -1 -12 -72 -12 46 -10 -29 -10 -39 -9 2 -12 -12 -11 -48 -10 -45 1 -35 -1 -47 -1 -15 -3 25 -11 -25 -11 -51 -9 -27 -4 36 -10 -45 -6 6 -2 26 -10 -21 -7 -58 -11 -48 -11 -57 -2 35 4 4 -4 -75 -4 -13 -2 19 -5 5 4 7 -13 -55 -5 42 -5 -15 -6 -8 -8 -34 -12 -53 -4 -18 -11 -52 -5 45 -5 -6 -8 -64 -9 -67 -5 7 -7 -48 0 23 -6 -42 -3 -3 -3 10 5 -7 -7 -60 0 27 3 13 -1 -59 6 16 -3 -49 -7 -64 10 -52 3 12 -8 -26 -4 -62 -8 -52 5 30 -1 13 1 19 6 -34 1 16 5 26 -2 -11 4 16 0 7 -2 -64 -1 -7 7 -60 4 -59 7 -71 -2 -39 1 -18 0 -39 -4 -4 7 -75 1 0.20339 12 -14 24 -14 29 -14 16 -14 -10 -3 -26 -1 -32 0 -29 0 -32 -12 -30 2 -31 4 -31 -13 -33 3 0.188841 11 -28 -37 -32 -4 -25 1 21 -8 13 37 -25 42 6 -49 5 -52 5 7 20 -1 -29 84 
117 5 2 0 0.285714 3 -9 -78 -5 -71 -7 -56 3 0.97561 30 -23 9 -4 61 -8 -3 -19 -55 -22 7 -6 -1 -21 16 4 -30 1 -27 4 47 -1 -24 -19 -6 23 11 -2 -9 -11 -34 2 -40 -11 -36 -19 12 3 -15 -8 -39 -16 -8 3 -9 -13 -8 4 20 -18 2 -13 32 -18 45 -2 -16 -3 -31 5 31 
118 5 2 0 0.5 6 9 16 -18 18 -8 47 -16 44 -22 -19 -24 -29 3 0.941176 24 15 16 14 -29 -4 36 -5 11 -18 8 12 -22 -31 -92 3 62 4 60 -30 -35 -32 -76 -27 45 -13 -12 -21 -37 -20 4 -12 20 -10 2 -20 -39 -21 -33 -21 -42 -24 -31 -18 -5 -1 -8 -3 -9 
119 5 3 0 0.872483 65 -22 -28 -23 -60 -23 -61 -14 12 -24 -60 -15 -10 -20 -14 -13 5 -19 -72 -19 -19 -17 -52 -17 -56 -17 -58 -16 -10 6 -5 -9 6 -16 -72 -19 -64 -20 -26 -20 -76 -13 -20 -23 -78 -13 -18 -12 -22 -11 -26 -16 -52 -24 -23 -22 -71 -16 -43 -13 -22 -23 -76 -22 -60 -15 6 -8 -35 -22 6 -9 -46 -9 -32 -14 31 -22 -28 -7 11 -8 -76 -20 -63 -15 44 -9 -76 -4 -34 -8 -17 -8 -6 -9 29 -11 37 -10 -32 -11 14 -16 -60 -14 -29 -5 -58 -10 -59 -7 -13 -1 -15 -4 -6 2 1 -6 40 5 -9 -3 -29 4 -7 -2 -32 -3 -17 1 0.169492 5 -12 -8 -11 7 -13 -28 -11 -10 -9 7 3 0.653465 33 -14 -10 -15 -34 -8 56 -8 46 -21 -34 -32 -36 -28 -7 -31 -16 -43 21 -32 -44 -32 16 -32 13 -43 25 -43 41 -36 49 -29 -18 -33 -58 -37 -21 -10 -1 -43 -19 -37 -44 -19 0 -38 -9 -13 -19 -9 -43 -19 7 9 -22 -9 0 5 43 5 29 5 -46 -1 -24 -14 63 
120 5 3 0 0.474394 44 -6 -33 2 -66 -3 -49 -5 -31 -14 -66 4 -68 -6 -49 -4 40 5 -70 -5 -4 -5 -51 -5 -46 -11 3 -12 -46 -13 -44 -12 -39 -12 -20 -15 -31 -14 9 -16 -62 -4 -19 -15 7 4 31 0 -38 -2 14 -13 -59 -15 -17 -3 -49 -15 -53 2 -64 -1 34 -11 10 5 -66 3 -65 -7 40 2 37 -16 -63 -6 -35 -5 -29 -19 0 -8 -41 7 -23 1 -45 4 -61 1 0.92268 179 -6 -19 -6 -33 -10 -33 -1 -32 -5 -7 -12 -23 -14 -28 0 -29 -11 -25 -3 -4 -8 -2 -7 32 1 -11 3 -23 -7 -4 2 35 0 35 -14 -17 -10 -8 -4 35 -8 -12 -5 27 -6 26 -7 18 -5 -21 -10 -4 -8 -22 4 -5 3 -5 -4 8 -11 -9 -11 -8 -6 8 -12 -11 4 -15 -11 -17 -6 14 -2 23 -3 13 1 9 -3 -34 -13 13 -7 19 -2 -21 -7 -24 -7 24 -9 -10 -7 -20 0 4 0 -1 -3 27 -7 30 -8 23 -6 23 -8 -1 2 6 -12 28 -3 -17 3 25 -12 26 -1 14 3 8 2 -14 -6 2 -6 11 2 1 -9 1 -14 -7 -1 29 -3 -11 -10 14 7 8 -9 11 -4 11 -7 2 -10 -28 -11 23 -9 17 -2 -7 -10 -19 -10 21 -11 23 -4 24 -10 3 -10 5 0 27 6 11 -4 19 0 29 -10 26 -1 27 -4 28 -3 11 0 -20 -4 -34 -10 -6 -11 3 -9 -19 -12 20 -7 -6 -13 22 -12 27 -5 -11 -9 -4 -12 -35 -13 26 -14 24 -8 21 2 35 -10 -6 1 22 -11 15 -11 -6 -10 1 -8 12 -9 16 0 7 -2 -10 -3 13 2 12 -12 -4 -1 -26 -10 11 -5 28 -13 17 5 5 -3 -16 -12 8 -14 12 -4 1 -13 23 -14 16 5 19 -7 5 4 3 4 4 -6 25 -6 24 4 18 -12 -3 -1 26 -1 -16 -2 25 -13 11 7 24 -14 6 -10 -19 -10 3 4 21 0 4 -1 -34 -13 2 -1 -15 -13 -11 -4 -12 -3 -21 4 22 -11 31 -3 34 4 14 -3 5 1 -16 7 17 -6 34 4 29 6 26 6 21 4 27 -1 -5 -3 -17 -2 7 -2 -18 0 31 1 13 -1 3 7 34 2 -34 0 -31 3 11 3 0.222997 16 -2 -72 8 -5 7 -92 12 43 4 74 1 -2 8 20 11 -4 13 -19 2 42 18 35 14 -40 17 -3 0 19 21 -8 18 -23 
121 5 3 0 0.778761 22 -19 3 6 44 -3 -43 -7 -71 5 39 -13 -71 11 -79 -1 -30 5 33 9 -67 -2 25 -14 -68 4 -11 -14 -67 -16 -71 9 -32 12 -67 5 -60 -19 -4 -23 -1 9 2 9 3 1 0.673684 16 -7 31 5 -5 8 -19 -2 0 -6 32 -1 -21 6 30 3 -25 4 -21 7 -30 4 32 5 29 -14 34 7 -25 6 -26 7 -20 3 0.486486 9 16 -31 -22 -25 18 -29 21 -34 14 30 9 12 13 -67 16 -46 18 -15 
122 5 3 0 0.533333 12 -2 -62 8 -4 -5 -33 6 -76 4 -6 8 -31 1 -58 5 -65 0 -51 -1 -57 7 -9 -6 -56 1 0.133333 2 -4 22 -1 13 3 0.91954 40 8 -32 12 -74 12 -72 14 -15 -20 73 -7 -82 5 -36 6 50 8 34 -2 17 1 -81 14 1 13 28 -7 19 6 -42 -5 -43 -19 28 -2 78 4 -28 5 -17 4 -3 10 37 13 5 20 -33 14 -26 -4 -15 7 -27 6 -23 -28 68 7 -25 8 18 -10 25 6 -8 -28 66 -4 -47 9 19 8 10 7 19 -2 12 -8 24 
123 5 3 0 0.888889 6 0 -58 -5 -45 -4 -49 -13 -58 2 -10 10 3 1 0.533333 2 -11 22 -6 -15 3 0.333333 1 3 13 
124 5 3 0 0.0588235 1 -7 73 1 0.979592 60 17 -26 17 -22 14 7 16 -20 16 -29 16 -14 17 10 13 -32 14 -7 14 -19 17 13 16 20 14 9 17 -20 15 25 16 24 15 0 13 -24 14 -21 14 22 13 21 16 3 14 -28 14 -27 17 14 15 -25 12 -35 13 -31 14 13 13 -15 13 31 13 0 15 -27 15 -11 14 -12 15 4 15 5 15 -27 13 11 13 -21 15 -23 14 36 12 -2 15 -20 12 33 15 15 13 -31 14 19 12 -12 15 -34 15 -33 14 -31 14 31 14 -1 12 -30 12 -18 14 -30 13 -32 14 -10 13 3 3 0.207792 4 -18 -81 17 28 2 -42 19 32 
125 5 3 0 0.133333 1 -8 -49 1 0.242424 2 -2 -29 12 39 3 0.969697 24 12 28 -17 41 1 5 0 28 -10 32 1 62 15 14 -3 60 15 -14 16 -11 1 35 12 -24 4 1 -2 39 13 -40 -5 -27 13 34 -31 -22 -40 2 13 7 -12 92 -10 -4 3 14 -21 34 
126 5 3 0 0.769231 5 -24 15 -9 -52 -8 -18 -8 73 -12 -62 1 0.470588 2 10 37 12 17 3 0.695652 4 18 -18 -15 5 11 36 -6 -40 
127 5 3 0 0.521739 3 -14 -81 -10 -49 -23 9 1 0.878049 9 -3 -31 -6 -35 -10 -17 -7 -30 -7 -32 -4 -27 -7 -19 -7 -28 -9 -26 3 0.4 2 -42 -12 -44 -2 
128 5 2 0 0.266667 3 -1 5 -9 -71 -1 -65 3 0.977778 33 -3 -93 1 0 -4 -29 -3 -29 -33 -25 -6 -36 -5 -48 -11 -23 -9 -82 -15 -5 -7 40 -4 64 -8 -8 5 -12 -13 -62 -14 -25 -12 9 7 -39 0 -36 13 -43 -1 -3 -6 55 -2 -44 -6 22 11 -36 11 -21 10 -34 8 6 2 49 -23 14 -18 20 -13 69 -1 61 
129 5 3 0 0.983819 76 6 67 -4 59 25 -87 -3 65 -13 75 -4 76 -1 67 10 69 1 -81 7 -77 -9 72 17 -82 -3 72 -9 72 0 67 4 65 -24 70 -8 75 -22 72 9 -89 -8 -74 13 -81 -12 -87 14 -91 4 -80 -11 -72 -20 -89 2 -73 -12 -87 -3 -88 -2 71 -19 -90 -12 -90 -2 -88 18 -89 15 -84 3 -85 4 -75 -15 -90 2 -80 18 -91 -14 -92 -3 71 16 -74 17 -76 -8 72 3 -89 18 -73 -16 -72 16 -81 15 -83 5 69 7 -90 6 -72 -21 -86 -15 -82 6 -84 -7 75 -12 -91 -17 -91 13 -86 2 -84 2 -80 -19 -84 -10 -83 -6 -82 -5 -87 8 -79 -7 -73 -1 -91 -14 -92 1 -86 -3 -85 14 -73 5 -76 10 -75 1 0.091954 2 15 -37 16 -37 3 0.133333 3 17 -38 -34 -99 26 -90 
130 5 3 0 0.827586 6 13 -79 -7 -89 1 -91 -1 -80 -2 -90 13 -73 1 0.285714 1 13 -38 3 0.695652 4 0 -98 -7 -93 -2 -98 -6 -99 
131 5 3 0 0.5 1 -4 65 2 0.857143 3 14 -53 9 -53 8 -49 4 0.5 1 -6 -45 
132 5 2 0 0.193548 3 6 13 1 -24 2 -43 3 0.985222 50 -16 33 -16 35 -5 65 -15 77 13 -23 21 -3 22 3 19 34 16 3 13 11 1 25 16 -15 16 -53 9 -24 17 -37 17 12 2 67 18 -18 14 6 13 -1 -16 80 15 -91 -11 79 21 -29 -14 78 24 -12 -3 72 5 40 -27 36 -10 38 -3 32 10 34 -10 33 -15 37 -16 39 -12 34 -11 37 -2 35 -2 39 -14 36 -6 34 -23 40 -4 80 -2 35 -14 38 -1 38 -14 86 -21 85 11 18 -6 36 
133 5 4 0 0.533333 2 -13 65 -5 68 2 0.833333 5 7 -51 1 -53 -8 -53 2 -52 5 -51 3 0.333333 1 -25 41 4 0.333333 1 -3 -45 
134 5 2 2 0.173913 3 -8 -41 -5 -19 -10 -6 4 0.987013 57 -15 -43 -21 -42 -19 -42 -18 -40 -19 -9 -24 16 -14 -18 -18 12 -19 3 -24 33 -15 -13 -16 32 -24 -42 -25 25 -20 4 -20 12 -18 33 -15 37 -17 -19 -24 29 -15 -20 -24 11 -23 -35 -3 -23 -25 24 -21 -29 -19 11 -24 -23 -22 -6 -21 23 -18 18 -18 19 -24 -12 -22 -7 -19 -29 -23 20 -23 10 -20 3 -19 -16 -23 -12 -22 -27 -22 -14 -17 -6 -19 -13 -17 12 -22 35 -17 25 -16 35 -17 35 -20 21 -22 -31 -23 -8 -23 1 -23 -17 -22 20 -25 -13 -24 -31 
