10 120 1
0 0 -1 4 1 5 3 14 12 1 1 32 1033 
1 1 -1 6 2 5 0 13 14 2 1 32 -64 
2 1 -1 4 1 2 0 11 13 4 1 32 -402 
3 2 -1 5 2 0 6 12 10 3 1 32 -213 
4 2 -1 1 4 1 5 14 13 1 2 32 -82 
5 2 -1 10 8 0 0 7 2 0 0 1 0 
6 2 -1 5 0 5 5 13 6 2 1 32 1653 
7 3 -1 3 6 0 6 9 14 3 1 32 -154 
8 3 -1 5 0 3 2 8 8 2 2 32 18 
9 3 -1 6 3 0 4 13 12 2 1 32 -55 
10 3 -1 1 12 0 0 7 13 0 0 2 12 
11 3 -1 6 4 4 0 14 10 1 1 32 -205 
12 3 -1 4 3 1 3 14 10 1 3 32 131 
13 3 -1 4 6 0 0 4 12 6 3 32 -1517 
14 3 -1 3 7 0 0 13 1 0 0 6 8 
15 4 -1 1 10 0 0 6 8 0 0 1 -4 
16 4 -1 5 3 1 3 7 13 5 2 32 -412 
17 4 -1 0 6 2 6 9 14 6 1 32 200 
18 4 -1 3 6 0 1 6 9 2 2 32 -74 
19 4 -1 14 9 0 0 6 9 0 0 4 -3 
20 4 -1 11 4 0 0 12 14 0 0 1 -18 
21 4 -1 15 6 0 0 3 11 0 0 17 -13 
22 4 -1 4 3 6 6 10 9 5 2 32 177 
23 4 95 0 0 0 0 0 0 0 0 0 0 
24 4 96 0 0 0 0 0 0 0 0 0 0 
25 4 97 0 0 0 0 0 0 0 0 0 0 
26 4 98 0 0 0 0 0 0 0 0 0 0 
27 4 -1 5 2 4 2 14 7 1 1 32 556 
28 4 101 0 0 0 0 0 0 0 0 0 0 
29 4 -1 13 15 0 0 4 2 0 0 0 -43 
30 4 -1 2 0 3 4 13 9 2 2 32 1115 
31 5 -1 10 4 0 0 4 10 0 0 0 -40 
32 5 2 0 0 0 0 0 0 0 0 0 0 
33 5 3 0 0 0 0 0 0 0 0 0 0 
34 5 4 0 0 0 0 0 0 0 0 0 0 
35 5 -1 11 7 0 0 4 0 0 0 18 12 
36 5 -1 6 2 2 2 13 10 1 5 32 160 
37 5 -1 4 3 3 3 14 6 1 7 32 12 
38 5 40 0 0 0 0 0 0 0 0 0 0 
39 5 -1 0 4 2 4 14 9 1 2 32 116 
40 5 -1 2 13 0 0 13 13 0 0 17 2 
41 5 58 0 0 0 0 0 0 0 0 0 0 
42 5 -1 11 5 0 0 7 15 0 0 18 15 
43 5 -1 10 13 0 0 15 14 0 0 16 49 
44 5 -1 0 6 0 0 4 12 0 0 3 19 
45 5 -1 2 0 6 6 10 9 5 4 32 63 
46 5 -1 0 12 0 0 11 9 0 0 17 -28 
47 5 0 0 0 0 0 0 0 0 0 0 0 
48 5 0 0 0 0 0 0 0 0 0 0 0 
49 5 0 0 0 0 0 0 0 0 0 0 0 
50 5 0 0 0 0 0 0 0 0 0 0 0 
51 5 0 0 0 0 0 0 0 0 0 0 0 
52 5 0 0 0 0 0 0 0 0 0 0 0 
53 5 0 0 0 0 0 0 0 0 0 0 0 
54 5 0 0 0 0 0 0 0 0 0 0 0 
55 5 99 0 0 0 0 0 0 0 0 0 0 
56 5 100 0 0 0 0 0 0 0 0 0 0 
57 5 0 0 0 0 0 0 0 0 0 0 0 
58 5 0 0 0 0 0 0 0 0 0 0 0 
59 5 102 0 0 0 0 0 0 0 0 0 0 
60 5 -1 6 4 1 2 10 14 3 1 32 -6 
61 5 -1 4 3 2 1 7 13 8 2 32 169 
62 5 -1 0 9 0 0 13 2 0 0 3 50 
63 6 0 0 0 0 0 0 0 0 0 0 0 
64 6 1 0 0 0 0 0 0 0 0 0 0 
65 6 0 0 0 0 0 0 0 0 0 0 0 
66 6 0 0 0 0 0 0 0 0 0 0 0 
67 6 0 0 0 0 0 0 0 0 0 0 0 
68 6 0 0 0 0 0 0 0 0 0 0 0 
69 6 0 0 0 0 0 0 0 0 0 0 0 
70 6 0 0 0 0 0 0 0 0 0 0 0 
71 6 -1 6 1 0 0 11 12 0 0 0 92 
72 6 -1 1 0 5 6 12 7 2 4 32 471 
73 6 -1 3 5 1 1 13 9 2 5 32 -346 
74 6 -1 5 4 5 2 13 9 2 6 32 -173 
75 6 -1 3 0 0 0 5 12 0 0 21 -1 
76 6 39 0 0 0 0 0 0 0 0 0 0 
77 6 0 0 0 0 0 0 0 0 0 0 0 
78 6 0 0 0 0 0 0 0 0 0 0 0 
79 6 -1 11 13 0 0 10 14 0 0 1 1 
80 6 -1 6 5 0 0 1 10 0 0 18 16 
81 6 -1 0 13 0 0 10 0 0 0 17 5 
82 6 -1 10 1 0 0 9 10 0 0 16 15 
83 6 0 0 0 0 0 0 0 0 0 0 0 
84 6 0 0 0 0 0 0 0 0 0 0 0 
85 6 -1 11 7 0 0 10 12 0 0 0 -17 
86 6 64 0 0 0 0 0 0 0 0 0 0 
87 6 -1 15 15 0 0 5 8 0 0 1 -8 
88 6 -1 14 14 0 0 10 15 0 0 17 -5 
89 6 -1 14 15 0 0 0 0 0 0 17 -13 
90 6 -1 2 8 0 0 3 4 0 0 17 -2 
91 6 90 0 0 0 0 0 0 0 0 0 0 
92 6 91 0 0 0 0 0 0 0 0 0 0 
93 6 92 0 0 0 0 0 0 0 0 0 0 
94 6 -1 0 0 3 2 11 6 1 4 32 302 
95 6 0 0 0 0 0 0 0 0 0 0 0 
96 6 0 0 0 0 0 0 0 0 0 0 0 
97 6 0 0 0 0 0 0 0 0 0 0 0 
98 6 0 0 0 0 0 0 0 0 0 0 0 
99 6 0 0 0 0 0 0 0 0 0 0 0 
100 6 0 0 0 0 0 0 0 0 0 0 0 
101 6 0 0 0 0 0 0 0 0 0 0 0 
102 6 0 0 0 0 0 0 0 0 0 0 0 
103 6 0 0 0 0 0 0 0 0 0 0 0 
104 6 0 0 0 0 0 0 0 0 0 0 0 
105 6 0 0 0 0 0 0 0 0 0 0 0 
106 6 0 0 0 0 0 0 0 0 0 0 0 
107 6 0 0 0 0 0 0 0 0 0 0 0 
108 6 0 0 0 0 0 0 0 0 0 0 0 
109 6 0 0 0 0 0 0 0 0 0 0 0 
110 6 0 0 0 0 0 0 0 0 0 0 0 
111 6 0 0 0 0 0 0 0 0 0 0 0 
112 6 0 0 0 0 0 0 0 0 0 0 0 
113 6 0 0 0 0 0 0 0 0 0 0 0 
114 6 0 0 0 0 0 0 0 0 0 0 0 
115 6 0 0 0 0 0 0 0 0 0 0 0 
116 6 0 0 0 0 0 0 0 0 0 0 0 
117 6 0 0 0 0 0 0 0 0 0 0 0 
118 6 0 0 0 0 0 0 0 0 0 0 0 
119 6 0 0 0 0 0 0 0 0 0 0 0 
120 6 0 0 0 0 0 0 0 0 0 0 0 
121 6 -1 4 13 0 0 12 7 0 0 0 -18 
122 6 -1 7 12 0 0 13 5 0 0 20 0 
123 6 112 0 0 0 0 0 0 0 0 0 0 
124 6 113 0 0 0 0 0 0 0 0 0 0 
125 6 -1 8 8 0 0 12 15 0 0 1 13 
126 6 119 0 0 0 0 0 0 0 0 0 0 
127 7 0 0 0 0 0 0 0 0 0 0 0 
128 7 0 0 0 0 0 0 0 0 0 0 0 
129 7 0 0 0 0 0 0 0 0 0 0 0 
130 7 0 0 0 0 0 0 0 0 0 0 0 
131 7 0 0 0 0 0 0 0 0 0 0 0 
132 7 0 0 0 0 0 0 0 0 0 0 0 
133 7 0 0 0 0 0 0 0 0 0 0 0 
134 7 0 0 0 0 0 0 0 0 0 0 0 
135 7 0 0 0 0 0 0 0 0 0 0 0 
136 7 0 0 0 0 0 0 0 0 0 0 0 
137 7 0 0 0 0 0 0 0 0 0 0 0 
138 7 0 0 0 0 0 0 0 0 0 0 0 
139 7 0 0 0 0 0 0 0 0 0 0 0 
140 7 0 0 0 0 0 0 0 0 0 0 0 
141 7 0 0 0 0 0 0 0 0 0 0 0 
142 7 0 0 0 0 0 0 0 0 0 0 0 
143 7 -1 6 0 1 0 9 12 2 3 32 -29 
144 7 12 0 0 0 0 0 0 0 0 0 0 
145 7 -1 2 2 0 3 14 13 1 2 32 -157 
146 7 -1 11 8 0 0 13 0 0 0 17 6 
147 7 -1 7 1 0 0 5 5 0 0 1 -13 
148 7 -1 3 5 3 5 10 10 1 4 32 91 
149 7 -1 6 1 2 3 10 6 2 1 32 173 
150 7 -1 0 6 3 6 14 12 1 1 32 1000 
151 7 37 0 0 0 0 0 0 0 0 0 0 
152 7 38 0 0 0 0 0 0 0 0 0 0 
153 7 0 0 0 0 0 0 0 0 0 0 0 
154 7 0 0 0 0 0 0 0 0 0 0 0 
155 7 0 0 0 0 0 0 0 0 0 0 0 
156 7 0 0 0 0 0 0 0 0 0 0 0 
157 7 0 0 0 0 0 0 0 0 0 0 0 
158 7 0 0 0 0 0 0 0 0 0 0 0 
159 7 -1 3 5 0 0 12 10 0 0 0 29 
160 7 44 0 0 0 0 0 0 0 0 0 0 
161 7 -1 10 1 0 0 0 15 0 0 16 56 
162 7 49 0 0 0 0 0 0 0 0 0 0 
163 7 -1 2 0 6 4 13 7 2 8 32 294 
164 7 54 0 0 0 0 0 0 0 0 0 0 
165 7 -1 12 14 0 0 15 11 0 0 4 -2 
166 7 57 0 0 0 0 0 0 0 0 0 0 
167 7 0 0 0 0 0 0 0 0 0 0 0 
168 7 0 0 0 0 0 0 0 0 0 0 0 
169 7 0 0 0 0 0 0 0 0 0 0 0 
170 7 0 0 0 0 0 0 0 0 0 0 0 
171 7 59 0 0 0 0 0 0 0 0 0 0 
172 7 -1 12 3 0 0 1 0 0 0 3 34 
173 7 0 0 0 0 0 0 0 0 0 0 0 
174 7 0 0 0 0 0 0 0 0 0 0 0 
175 7 -1 1 2 0 0 4 8 0 0 4 -2 
176 7 -1 13 9 0 0 0 7 0 0 1 -6 
177 7 -1 10 5 0 0 8 8 0 0 1 2 
178 7 75 0 0 0 0 0 0 0 0 0 0 
179 7 -1 3 1 0 0 10 4 0 0 18 -6 
180 7 -1 11 7 0 0 14 14 0 0 21 1 
181 7 86 0 0 0 0 0 0 0 0 0 0 
182 7 -1 13 2 0 0 5 11 0 0 1 -1 
183 7 0 0 0 0 0 0 0 0 0 0 0 
184 7 0 0 0 0 0 0 0 0 0 0 0 
185 7 0 0 0 0 0 0 0 0 0 0 0 
186 7 0 0 0 0 0 0 0 0 0 0 0 
187 7 0 0 0 0 0 0 0 0 0 0 0 
188 7 0 0 0 0 0 0 0 0 0 0 0 
189 7 93 0 0 0 0 0 0 0 0 0 0 
190 7 94 0 0 0 0 0 0 0 0 0 0 
191 7 0 0 0 0 0 0 0 0 0 0 0 
192 7 0 0 0 0 0 0 0 0 0 0 0 
193 7 0 0 0 0 0 0 0 0 0 0 0 
194 7 0 0 0 0 0 0 0 0 0 0 0 
195 7 0 0 0 0 0 0 0 0 0 0 0 
196 7 0 0 0 0 0 0 0 0 0 0 0 
197 7 0 0 0 0 0 0 0 0 0 0 0 
198 7 0 0 0 0 0 0 0 0 0 0 0 
199 7 0 0 0 0 0 0 0 0 0 0 0 
200 7 0 0 0 0 0 0 0 0 0 0 0 
201 7 0 0 0 0 0 0 0 0 0 0 0 
202 7 0 0 0 0 0 0 0 0 0 0 0 
203 7 0 0 0 0 0 0 0 0 0 0 0 
204 7 0 0 0 0 0 0 0 0 0 0 0 
205 7 0 0 0 0 0 0 0 0 0 0 0 
206 7 0 0 0 0 0 0 0 0 0 0 0 
207 7 0 0 0 0 0 0 0 0 0 0 0 
208 7 0 0 0 0 0 0 0 0 0 0 0 
209 7 0 0 0 0 0 0 0 0 0 0 0 
210 7 0 0 0 0 0 0 0 0 0 0 0 
211 7 0 0 0 0 0 0 0 0 0 0 0 
212 7 0 0 0 0 0 0 0 0 0 0 0 
213 7 0 0 0 0 0 0 0 0 0 0 0 
214 7 0 0 0 0 0 0 0 0 0 0 0 
215 7 0 0 0 0 0 0 0 0 0 0 0 
216 7 0 0 0 0 0 0 0 0 0 0 0 
217 7 0 0 0 0 0 0 0 0 0 0 0 
218 7 0 0 0 0 0 0 0 0 0 0 0 
219 7 0 0 0 0 0 0 0 0 0 0 0 
220 7 0 0 0 0 0 0 0 0 0 0 0 
221 7 0 0 0 0 0 0 0 0 0 0 0 
222 7 0 0 0 0 0 0 0 0 0 0 0 
223 7 0 0 0 0 0 0 0 0 0 0 0 
224 7 0 0 0 0 0 0 0 0 0 0 0 
225 7 0 0 0 0 0 0 0 0 0 0 0 
226 7 0 0 0 0 0 0 0 0 0 0 0 
227 7 0 0 0 0 0 0 0 0 0 0 0 
228 7 0 0 0 0 0 0 0 0 0 0 0 
229 7 0 0 0 0 0 0 0 0 0 0 0 
230 7 0 0 0 0 0 0 0 0 0 0 0 
231 7 0 0 0 0 0 0 0 0 0 0 0 
232 7 0 0 0 0 0 0 0 0 0 0 0 
233 7 0 0 0 0 0 0 0 0 0 0 0 
234 7 0 0 0 0 0 0 0 0 0 0 0 
235 7 0 0 0 0 0 0 0 0 0 0 0 
236 7 0 0 0 0 0 0 0 0 0 0 0 
237 7 0 0 0 0 0 0 0 0 0 0 0 
238 7 0 0 0 0 0 0 0 0 0 0 0 
239 7 0 0 0 0 0 0 0 0 0 0 0 
240 7 0 0 0 0 0 0 0 0 0 0 0 
241 7 0 0 0 0 0 0 0 0 0 0 0 
242 7 0 0 0 0 0 0 0 0 0 0 0 
243 7 103 0 0 0 0 0 0 0 0 0 0 
244 7 -1 3 12 0 0 2 15 0 0 16 1 
245 7 -1 7 15 0 0 7 5 0 0 16 8 
246 7 -1 6 0 6 6 13 13 1 2 32 3558 
247 7 0 0 0 0 0 0 0 0 0 0 0 
248 7 0 0 0 0 0 0 0 0 0 0 0 
249 7 0 0 0 0 0 0 0 0 0 0 0 
250 7 0 0 0 0 0 0 0 0 0 0 0 
251 7 -1 14 11 0 0 6 8 0 0 18 2 
252 7 118 0 0 0 0 0 0 0 0 0 0 
253 7 0 0 0 0 0 0 0 0 0 0 0 
254 7 0 0 0 0 0 0 0 0 0 0 0 
255 8 0 0 0 0 0 0 0 0 0 0 0 
256 8 0 0 0 0 0 0 0 0 0 0 0 
257 8 0 0 0 0 0 0 0 0 0 0 0 
258 8 0 0 0 0 0 0 0 0 0 0 0 
259 8 0 0 0 0 0 0 0 0 0 0 0 
260 8 0 0 0 0 0 0 0 0 0 0 0 
261 8 0 0 0 0 0 0 0 0 0 0 0 
262 8 0 0 0 0 0 0 0 0 0 0 0 
263 8 0 0 0 0 0 0 0 0 0 0 0 
264 8 0 0 0 0 0 0 0 0 0 0 0 
265 8 0 0 0 0 0 0 0 0 0 0 0 
266 8 0 0 0 0 0 0 0 0 0 0 0 
267 8 0 0 0 0 0 0 0 0 0 0 0 
268 8 0 0 0 0 0 0 0 0 0 0 0 
269 8 0 0 0 0 0 0 0 0 0 0 0 
270 8 0 0 0 0 0 0 0 0 0 0 0 
271 8 0 0 0 0 0 0 0 0 0 0 0 
272 8 0 0 0 0 0 0 0 0 0 0 0 
273 8 0 0 0 0 0 0 0 0 0 0 0 
274 8 0 0 0 0 0 0 0 0 0 0 0 
275 8 0 0 0 0 0 0 0 0 0 0 0 
276 8 0 0 0 0 0 0 0 0 0 0 0 
277 8 0 0 0 0 0 0 0 0 0 0 0 
278 8 0 0 0 0 0 0 0 0 0 0 0 
279 8 0 0 0 0 0 0 0 0 0 0 0 
280 8 0 0 0 0 0 0 0 0 0 0 0 
281 8 0 0 0 0 0 0 0 0 0 0 0 
282 8 0 0 0 0 0 0 0 0 0 0 0 
283 8 0 0 0 0 0 0 0 0 0 0 0 
284 8 0 0 0 0 0 0 0 0 0 0 0 
285 8 0 0 0 0 0 0 0 0 0 0 0 
286 8 0 0 0 0 0 0 0 0 0 0 0 
287 8 -1 0 4 5 0 10 14 1 1 32 -88 
288 8 -1 2 5 1 5 13 14 2 1 32 -70 
289 8 0 0 0 0 0 0 0 0 0 0 0 
290 8 0 0 0 0 0 0 0 0 0 0 0 
291 8 13 0 0 0 0 0 0 0 0 0 0 
292 8 14 0 0 0 0 0 0 0 0 0 0 
293 8 15 0 0 0 0 0 0 0 0 0 0 
294 8 16 0 0 0 0 0 0 0 0 0 0 
295 8 -1 5 2 0 1 6 3 8 11 32 -3457 
296 8 -1 2 1 0 4 3 8 3 4 32 -304 
297 8 -1 4 3 3 1 8 13 4 1 32 -4 
298 8 -1 7 3 0 0 11 9 0 0 6 3 
299 8 31 0 0 0 0 0 0 0 0 0 0 
300 8 -1 1 0 0 0 7 9 0 0 0 71 
301 8 -1 5 9 0 0 5 5 0 0 5 22 
302 8 36 0 0 0 0 0 0 0 0 0 0 
303 8 0 0 0 0 0 0 0 0 0 0 0 
304 8 0 0 0 0 0 0 0 0 0 0 0 
305 8 0 0 0 0 0 0 0 0 0 0 0 
306 8 0 0 0 0 0 0 0 0 0 0 0 
307 8 0 0 0 0 0 0 0 0 0 0 0 
308 8 0 0 0 0 0 0 0 0 0 0 0 
309 8 0 0 0 0 0 0 0 0 0 0 0 
310 8 0 0 0 0 0 0 0 0 0 0 0 
311 8 0 0 0 0 0 0 0 0 0 0 0 
312 8 0 0 0 0 0 0 0 0 0 0 0 
313 8 0 0 0 0 0 0 0 0 0 0 0 
314 8 0 0 0 0 0 0 0 0 0 0 0 
315 8 0 0 0 0 0 0 0 0 0 0 0 
316 8 0 0 0 0 0 0 0 0 0 0 0 
317 8 0 0 0 0 0 0 0 0 0 0 0 
318 8 0 0 0 0 0 0 0 0 0 0 0 
319 8 -1 12 9 0 0 10 6 0 0 17 0 
320 8 43 0 0 0 0 0 0 0 0 0 0 
321 8 0 0 0 0 0 0 0 0 0 0 0 
322 8 0 0 0 0 0 0 0 0 0 0 0 
323 8 -1 3 3 6 5 13 14 1 1 32 889 
324 8 48 0 0 0 0 0 0 0 0 0 0 
325 8 0 0 0 0 0 0 0 0 0 0 0 
326 8 0 0 0 0 0 0 0 0 0 0 0 
327 8 -1 1 15 0 0 0 10 0 0 0 8 
328 8 53 0 0 0 0 0 0 0 0 0 0 
329 8 0 0 0 0 0 0 0 0 0 0 0 
330 8 0 0 0 0 0 0 0 0 0 0 0 
331 8 55 0 0 0 0 0 0 0 0 0 0 
332 8 56 0 0 0 0 0 0 0 0 0 0 
333 8 0 0 0 0 0 0 0 0 0 0 0 
334 8 0 0 0 0 0 0 0 0 0 0 0 
335 8 0 0 0 0 0 0 0 0 0 0 0 
336 8 0 0 0 0 0 0 0 0 0 0 0 
337 8 0 0 0 0 0 0 0 0 0 0 0 
338 8 0 0 0 0 0 0 0 0 0 0 0 
339 8 0 0 0 0 0 0 0 0 0 0 0 
340 8 0 0 0 0 0 0 0 0 0 0 0 
341 8 0 0 0 0 0 0 0 0 0 0 0 
342 8 0 0 0 0 0 0 0 0 0 0 0 
343 8 0 0 0 0 0 0 0 0 0 0 0 
344 8 0 0 0 0 0 0 0 0 0 0 0 
345 8 -1 3 5 0 0 1 8 0 0 6 -9 
346 8 63 0 0 0 0 0 0 0 0 0 0 
347 8 0 0 0 0 0 0 0 0 0 0 0 
348 8 0 0 0 0 0 0 0 0 0 0 0 
349 8 0 0 0 0 0 0 0 0 0 0 0 
350 8 0 0 0 0 0 0 0 0 0 0 0 
351 8 65 0 0 0 0 0 0 0 0 0 0 
352 8 -1 6 0 6 0 13 7 2 1 32 -14 
353 8 68 0 0 0 0 0 0 0 0 0 0 
354 8 -1 14 11 0 0 8 0 0 0 4 37 
355 8 -1 15 0 0 0 3 9 0 0 16 -84 
356 8 74 0 0 0 0 0 0 0 0 0 0 
357 8 0 0 0 0 0 0 0 0 0 0 0 
358 8 0 0 0 0 0 0 0 0 0 0 0 
359 8 76 0 0 0 0 0 0 0 0 0 0 
360 8 -1 7 11 0 0 6 6 0 0 17 -10 
361 8 -1 13 14 0 0 4 14 0 0 5 -18 
362 8 -1 7 11 0 0 13 15 0 0 0 58 
363 8 0 0 0 0 0 0 0 0 0 0 0 
364 8 0 0 0 0 0 0 0 0 0 0 0 
365 8 87 0 0 0 0 0 0 0 0 0 0 
366 8 -1 4 2 6 3 14 12 1 2 32 556 
367 8 0 0 0 0 0 0 0 0 0 0 0 
368 8 0 0 0 0 0 0 0 0 0 0 0 
369 8 0 0 0 0 0 0 0 0 0 0 0 
370 8 0 0 0 0 0 0 0 0 0 0 0 
371 8 0 0 0 0 0 0 0 0 0 0 0 
372 8 0 0 0 0 0 0 0 0 0 0 0 
373 8 0 0 0 0 0 0 0 0 0 0 0 
374 8 0 0 0 0 0 0 0 0 0 0 0 
375 8 0 0 0 0 0 0 0 0 0 0 0 
376 8 0 0 0 0 0 0 0 0 0 0 0 
377 8 0 0 0 0 0 0 0 0 0 0 0 
378 8 0 0 0 0 0 0 0 0 0 0 0 
379 8 0 0 0 0 0 0 0 0 0 0 0 
380 8 0 0 0 0 0 0 0 0 0 0 0 
381 8 0 0 0 0 0 0 0 0 0 0 0 
382 8 0 0 0 0 0 0 0 0 0 0 0 
383 8 0 0 0 0 0 0 0 0 0 0 0 
384 8 0 0 0 0 0 0 0 0 0 0 0 
385 8 0 0 0 0 0 0 0 0 0 0 0 
386 8 0 0 0 0 0 0 0 0 0 0 0 
387 8 0 0 0 0 0 0 0 0 0 0 0 
388 8 0 0 0 0 0 0 0 0 0 0 0 
389 8 0 0 0 0 0 0 0 0 0 0 0 
390 8 0 0 0 0 0 0 0 0 0 0 0 
391 8 0 0 0 0 0 0 0 0 0 0 0 
392 8 0 0 0 0 0 0 0 0 0 0 0 
393 8 0 0 0 0 0 0 0 0 0 0 0 
394 8 0 0 0 0 0 0 0 0 0 0 0 
395 8 0 0 0 0 0 0 0 0 0 0 0 
396 8 0 0 0 0 0 0 0 0 0 0 0 
397 8 0 0 0 0 0 0 0 0 0 0 0 
398 8 0 0 0 0 0 0 0 0 0 0 0 
399 8 0 0 0 0 0 0 0 0 0 0 0 
400 8 0 0 0 0 0 0 0 0 0 0 0 
401 8 0 0 0 0 0 0 0 0 0 0 0 
402 8 0 0 0 0 0 0 0 0 0 0 0 
403 8 0 0 0 0 0 0 0 0 0 0 0 
404 8 0 0 0 0 0 0 0 0 0 0 0 
405 8 0 0 0 0 0 0 0 0 0 0 0 
406 8 0 0 0 0 0 0 0 0 0 0 0 
407 8 0 0 0 0 0 0 0 0 0 0 0 
408 8 0 0 0 0 0 0 0 0 0 0 0 
409 8 0 0 0 0 0 0 0 0 0 0 0 
410 8 0 0 0 0 0 0 0 0 0 0 0 
411 8 0 0 0 0 0 0 0 0 0 0 0 
412 8 0 0 0 0 0 0 0 0 0 0 0 
413 8 0 0 0 0 0 0 0 0 0 0 0 
414 8 0 0 0 0 0 0 0 0 0 0 0 
415 8 0 0 0 0 0 0 0 0 0 0 0 
416 8 0 0 0 0 0 0 0 0 0 0 0 
417 8 0 0 0 0 0 0 0 0 0 0 0 
418 8 0 0 0 0 0 0 0 0 0 0 0 
419 8 0 0 0 0 0 0 0 0 0 0 0 
420 8 0 0 0 0 0 0 0 0 0 0 0 
421 8 0 0 0 0 0 0 0 0 0 0 0 
422 8 0 0 0 0 0 0 0 0 0 0 0 
423 8 0 0 0 0 0 0 0 0 0 0 0 
424 8 0 0 0 0 0 0 0 0 0 0 0 
425 8 0 0 0 0 0 0 0 0 0 0 0 
426 8 0 0 0 0 0 0 0 0 0 0 0 
427 8 0 0 0 0 0 0 0 0 0 0 0 
428 8 0 0 0 0 0 0 0 0 0 0 0 
429 8 0 0 0 0 0 0 0 0 0 0 0 
430 8 0 0 0 0 0 0 0 0 0 0 0 
431 8 0 0 0 0 0 0 0 0 0 0 0 
432 8 0 0 0 0 0 0 0 0 0 0 0 
433 8 0 0 0 0 0 0 0 0 0 0 0 
434 8 0 0 0 0 0 0 0 0 0 0 0 
435 8 0 0 0 0 0 0 0 0 0 0 0 
436 8 0 0 0 0 0 0 0 0 0 0 0 
437 8 0 0 0 0 0 0 0 0 0 0 0 
438 8 0 0 0 0 0 0 0 0 0 0 0 
439 8 0 0 0 0 0 0 0 0 0 0 0 
440 8 0 0 0 0 0 0 0 0 0 0 0 
441 8 0 0 0 0 0 0 0 0 0 0 0 
442 8 0 0 0 0 0 0 0 0 0 0 0 
443 8 0 0 0 0 0 0 0 0 0 0 0 
444 8 0 0 0 0 0 0 0 0 0 0 0 
445 8 0 0 0 0 0 0 0 0 0 0 0 
446 8 0 0 0 0 0 0 0 0 0 0 0 
447 8 0 0 0 0 0 0 0 0 0 0 0 
448 8 0 0 0 0 0 0 0 0 0 0 0 
449 8 0 0 0 0 0 0 0 0 0 0 0 
450 8 0 0 0 0 0 0 0 0 0 0 0 
451 8 0 0 0 0 0 0 0 0 0 0 0 
452 8 0 0 0 0 0 0 0 0 0 0 0 
453 8 0 0 0 0 0 0 0 0 0 0 0 
454 8 0 0 0 0 0 0 0 0 0 0 0 
455 8 0 0 0 0 0 0 0 0 0 0 0 
456 8 0 0 0 0 0 0 0 0 0 0 0 
457 8 0 0 0 0 0 0 0 0 0 0 0 
458 8 0 0 0 0 0 0 0 0 0 0 0 
459 8 0 0 0 0 0 0 0 0 0 0 0 
460 8 0 0 0 0 0 0 0 0 0 0 0 
461 8 0 0 0 0 0 0 0 0 0 0 0 
462 8 0 0 0 0 0 0 0 0 0 0 0 
463 8 0 0 0 0 0 0 0 0 0 0 0 
464 8 0 0 0 0 0 0 0 0 0 0 0 
465 8 0 0 0 0 0 0 0 0 0 0 0 
466 8 0 0 0 0 0 0 0 0 0 0 0 
467 8 0 0 0 0 0 0 0 0 0 0 0 
468 8 0 0 0 0 0 0 0 0 0 0 0 
469 8 0 0 0 0 0 0 0 0 0 0 0 
470 8 0 0 0 0 0 0 0 0 0 0 0 
471 8 0 0 0 0 0 0 0 0 0 0 0 
472 8 0 0 0 0 0 0 0 0 0 0 0 
473 8 0 0 0 0 0 0 0 0 0 0 0 
474 8 0 0 0 0 0 0 0 0 0 0 0 
475 8 0 0 0 0 0 0 0 0 0 0 0 
476 8 0 0 0 0 0 0 0 0 0 0 0 
477 8 0 0 0 0 0 0 0 0 0 0 0 
478 8 0 0 0 0 0 0 0 0 0 0 0 
479 8 0 0 0 0 0 0 0 0 0 0 0 
480 8 0 0 0 0 0 0 0 0 0 0 0 
481 8 0 0 0 0 0 0 0 0 0 0 0 
482 8 0 0 0 0 0 0 0 0 0 0 0 
483 8 0 0 0 0 0 0 0 0 0 0 0 
484 8 0 0 0 0 0 0 0 0 0 0 0 
485 8 0 0 0 0 0 0 0 0 0 0 0 
486 8 0 0 0 0 0 0 0 0 0 0 0 
487 8 0 0 0 0 0 0 0 0 0 0 0 
488 8 0 0 0 0 0 0 0 0 0 0 0 
489 8 104 0 0 0 0 0 0 0 0 0 0 
490 8 105 0 0 0 0 0 0 0 0 0 0 
491 8 106 0 0 0 0 0 0 0 0 0 0 
492 8 107 0 0 0 0 0 0 0 0 0 0 
493 8 -1 6 10 0 0 14 7 0 0 16 14 
494 8 111 0 0 0 0 0 0 0 0 0 0 
495 8 0 0 0 0 0 0 0 0 0 0 0 
496 8 0 0 0 0 0 0 0 0 0 0 0 
497 8 0 0 0 0 0 0 0 0 0 0 0 
498 8 0 0 0 0 0 0 0 0 0 0 0 
499 8 0 0 0 0 0 0 0 0 0 0 0 
500 8 0 0 0 0 0 0 0 0 0 0 0 
501 8 0 0 0 0 0 0 0 0 0 0 0 
502 8 0 0 0 0 0 0 0 0 0 0 0 
503 8 114 0 0 0 0 0 0 0 0 0 0 
504 8 -1 9 10 0 0 6 4 0 0 16 -7 
505 8 0 0 0 0 0 0 0 0 0 0 0 
506 8 0 0 0 0 0 0 0 0 0 0 0 
507 8 0 0 0 0 0 0 0 0 0 0 0 
508 8 0 0 0 0 0 0 0 0 0 0 0 
509 8 0 0 0 0 0 0 0 0 0 0 0 
510 8 0 0 0 0 0 0 0 0 0 0 0 
511 9 0 0 0 0 0 0 0 0 0 0 0 
512 9 0 0 0 0 0 0 0 0 0 0 0 
513 9 0 0 0 0 0 0 0 0 0 0 0 
514 9 0 0 0 0 0 0 0 0 0 0 0 
515 9 0 0 0 0 0 0 0 0 0 0 0 
516 9 0 0 0 0 0 0 0 0 0 0 0 
517 9 0 0 0 0 0 0 0 0 0 0 0 
518 9 0 0 0 0 0 0 0 0 0 0 0 
519 9 0 0 0 0 0 0 0 0 0 0 0 
520 9 0 0 0 0 0 0 0 0 0 0 0 
521 9 0 0 0 0 0 0 0 0 0 0 0 
522 9 0 0 0 0 0 0 0 0 0 0 0 
523 9 0 0 0 0 0 0 0 0 0 0 0 
524 9 0 0 0 0 0 0 0 0 0 0 0 
525 9 0 0 0 0 0 0 0 0 0 0 0 
526 9 0 0 0 0 0 0 0 0 0 0 0 
527 9 0 0 0 0 0 0 0 0 0 0 0 
528 9 0 0 0 0 0 0 0 0 0 0 0 
529 9 0 0 0 0 0 0 0 0 0 0 0 
530 9 0 0 0 0 0 0 0 0 0 0 0 
531 9 0 0 0 0 0 0 0 0 0 0 0 
532 9 0 0 0 0 0 0 0 0 0 0 0 
533 9 0 0 0 0 0 0 0 0 0 0 0 
534 9 0 0 0 0 0 0 0 0 0 0 0 
535 9 0 0 0 0 0 0 0 0 0 0 0 
536 9 0 0 0 0 0 0 0 0 0 0 0 
537 9 0 0 0 0 0 0 0 0 0 0 0 
538 9 0 0 0 0 0 0 0 0 0 0 0 
539 9 0 0 0 0 0 0 0 0 0 0 0 
540 9 0 0 0 0 0 0 0 0 0 0 0 
541 9 0 0 0 0 0 0 0 0 0 0 0 
542 9 0 0 0 0 0 0 0 0 0 0 0 
543 9 0 0 0 0 0 0 0 0 0 0 0 
544 9 0 0 0 0 0 0 0 0 0 0 0 
545 9 0 0 0 0 0 0 0 0 0 0 0 
546 9 0 0 0 0 0 0 0 0 0 0 0 
547 9 0 0 0 0 0 0 0 0 0 0 0 
548 9 0 0 0 0 0 0 0 0 0 0 0 
549 9 0 0 0 0 0 0 0 0 0 0 0 
550 9 0 0 0 0 0 0 0 0 0 0 0 
551 9 0 0 0 0 0 0 0 0 0 0 0 
552 9 0 0 0 0 0 0 0 0 0 0 0 
553 9 0 0 0 0 0 0 0 0 0 0 0 
554 9 0 0 0 0 0 0 0 0 0 0 0 
555 9 0 0 0 0 0 0 0 0 0 0 0 
556 9 0 0 0 0 0 0 0 0 0 0 0 
557 9 0 0 0 0 0 0 0 0 0 0 0 
558 9 0 0 0 0 0 0 0 0 0 0 0 
559 9 0 0 0 0 0 0 0 0 0 0 0 
560 9 0 0 0 0 0 0 0 0 0 0 0 
561 9 0 0 0 0 0 0 0 0 0 0 0 
562 9 0 0 0 0 0 0 0 0 0 0 0 
563 9 0 0 0 0 0 0 0 0 0 0 0 
564 9 0 0 0 0 0 0 0 0 0 0 0 
565 9 0 0 0 0 0 0 0 0 0 0 0 
566 9 0 0 0 0 0 0 0 0 0 0 0 
567 9 0 0 0 0 0 0 0 0 0 0 0 
568 9 0 0 0 0 0 0 0 0 0 0 0 
569 9 0 0 0 0 0 0 0 0 0 0 0 
570 9 0 0 0 0 0 0 0 0 0 0 0 
571 9 0 0 0 0 0 0 0 0 0 0 0 
572 9 0 0 0 0 0 0 0 0 0 0 0 
573 9 0 0 0 0 0 0 0 0 0 0 0 
574 9 0 0 0 0 0 0 0 0 0 0 0 
575 9 -1 1 3 0 5 9 8 1 1 32 -1 
576 9 -1 0 2 0 0 14 6 0 0 5 -20 
577 9 -1 6 10 0 0 10 9 0 0 0 -3 
578 9 11 0 0 0 0 0 0 0 0 0 0 
579 9 0 0 0 0 0 0 0 0 0 0 0 
580 9 0 0 0 0 0 0 0 0 0 0 0 
581 9 0 0 0 0 0 0 0 0 0 0 0 
582 9 0 0 0 0 0 0 0 0 0 0 0 
583 9 0 0 0 0 0 0 0 0 0 0 0 
584 9 0 0 0 0 0 0 0 0 0 0 0 
585 9 0 0 0 0 0 0 0 0 0 0 0 
586 9 0 0 0 0 0 0 0 0 0 0 0 
587 9 0 0 0 0 0 0 0 0 0 0 0 
588 9 0 0 0 0 0 0 0 0 0 0 0 
589 9 0 0 0 0 0 0 0 0 0 0 0 
590 9 0 0 0 0 0 0 0 0 0 0 0 
591 9 17 0 0 0 0 0 0 0 0 0 0 
592 9 -1 5 0 0 5 11 14 3 1 32 -82 
593 9 -1 7 3 0 0 11 10 0 0 6 -16 
594 9 -1 6 1 3 0 12 1 2 3 32 -202 
595 9 24 0 0 0 0 0 0 0 0 0 0 
596 9 -1 6 0 1 2 9 13 3 2 32 -7 
597 9 -1 3 6 0 5 4 12 9 1 32 -338 
598 9 -1 6 5 6 3 14 13 1 1 32 575 
599 9 0 0 0 0 0 0 0 0 0 0 0 
600 9 0 0 0 0 0 0 0 0 0 0 0 
601 9 32 0 0 0 0 0 0 0 0 0 0 
602 9 33 0 0 0 0 0 0 0 0 0 0 
603 9 34 0 0 0 0 0 0 0 0 0 0 
604 9 35 0 0 0 0 0 0 0 0 0 0 
605 9 0 0 0 0 0 0 0 0 0 0 0 
606 9 0 0 0 0 0 0 0 0 0 0 0 
607 9 0 0 0 0 0 0 0 0 0 0 0 
608 9 0 0 0 0 0 0 0 0 0 0 0 
609 9 0 0 0 0 0 0 0 0 0 0 0 
610 9 0 0 0 0 0 0 0 0 0 0 0 
611 9 0 0 0 0 0 0 0 0 0 0 0 
612 9 0 0 0 0 0 0 0 0 0 0 0 
613 9 0 0 0 0 0 0 0 0 0 0 0 
614 9 0 0 0 0 0 0 0 0 0 0 0 
615 9 0 0 0 0 0 0 0 0 0 0 0 
616 9 0 0 0 0 0 0 0 0 0 0 0 
617 9 0 0 0 0 0 0 0 0 0 0 0 
618 9 0 0 0 0 0 0 0 0 0 0 0 
619 9 0 0 0 0 0 0 0 0 0 0 0 
620 9 0 0 0 0 0 0 0 0 0 0 0 
621 9 0 0 0 0 0 0 0 0 0 0 0 
622 9 0 0 0 0 0 0 0 0 0 0 0 
623 9 0 0 0 0 0 0 0 0 0 0 0 
624 9 0 0 0 0 0 0 0 0 0 0 0 
625 9 0 0 0 0 0 0 0 0 0 0 0 
626 9 0 0 0 0 0 0 0 0 0 0 0 
627 9 0 0 0 0 0 0 0 0 0 0 0 
628 9 0 0 0 0 0 0 0 0 0 0 0 
629 9 0 0 0 0 0 0 0 0 0 0 0 
630 9 0 0 0 0 0 0 0 0 0 0 0 
631 9 0 0 0 0 0 0 0 0 0 0 0 
632 9 0 0 0 0 0 0 0 0 0 0 0 
633 9 0 0 0 0 0 0 0 0 0 0 0 
634 9 0 0 0 0 0 0 0 0 0 0 0 
635 9 0 0 0 0 0 0 0 0 0 0 0 
636 9 0 0 0 0 0 0 0 0 0 0 0 
637 9 0 0 0 0 0 0 0 0 0 0 0 
638 9 0 0 0 0 0 0 0 0 0 0 0 
639 9 41 0 0 0 0 0 0 0 0 0 0 
640 9 42 0 0 0 0 0 0 0 0 0 0 
641 9 0 0 0 0 0 0 0 0 0 0 0 
642 9 0 0 0 0 0 0 0 0 0 0 0 
643 9 0 0 0 0 0 0 0 0 0 0 0 
644 9 0 0 0 0 0 0 0 0 0 0 0 
645 9 0 0 0 0 0 0 0 0 0 0 0 
646 9 0 0 0 0 0 0 0 0 0 0 0 
647 9 45 0 0 0 0 0 0 0 0 0 0 
648 9 -1 6 0 0 0 15 0 0 0 0 7 
649 9 0 0 0 0 0 0 0 0 0 0 0 
650 9 0 0 0 0 0 0 0 0 0 0 0 
651 9 0 0 0 0 0 0 0 0 0 0 0 
652 9 0 0 0 0 0 0 0 0 0 0 0 
653 9 0 0 0 0 0 0 0 0 0 0 0 
654 9 0 0 0 0 0 0 0 0 0 0 0 
655 9 -1 3 0 0 2 14 12 1 3 32 -173 
656 9 52 0 0 0 0 0 0 0 0 0 0 
657 9 0 0 0 0 0 0 0 0 0 0 0 
658 9 0 0 0 0 0 0 0 0 0 0 0 
659 9 0 0 0 0 0 0 0 0 0 0 0 
660 9 0 0 0 0 0 0 0 0 0 0 0 
661 9 0 0 0 0 0 0 0 0 0 0 0 
662 9 0 0 0 0 0 0 0 0 0 0 0 
663 9 0 0 0 0 0 0 0 0 0 0 0 
664 9 0 0 0 0 0 0 0 0 0 0 0 
665 9 0 0 0 0 0 0 0 0 0 0 0 
666 9 0 0 0 0 0 0 0 0 0 0 0 
667 9 0 0 0 0 0 0 0 0 0 0 0 
668 9 0 0 0 0 0 0 0 0 0 0 0 
669 9 0 0 0 0 0 0 0 0 0 0 0 
670 9 0 0 0 0 0 0 0 0 0 0 0 
671 9 0 0 0 0 0 0 0 0 0 0 0 
672 9 0 0 0 0 0 0 0 0 0 0 0 
673 9 0 0 0 0 0 0 0 0 0 0 0 
674 9 0 0 0 0 0 0 0 0 0 0 0 
675 9 0 0 0 0 0 0 0 0 0 0 0 
676 9 0 0 0 0 0 0 0 0 0 0 0 
677 9 0 0 0 0 0 0 0 0 0 0 0 
678 9 0 0 0 0 0 0 0 0 0 0 0 
679 9 0 0 0 0 0 0 0 0 0 0 0 
680 9 0 0 0 0 0 0 0 0 0 0 0 
681 9 0 0 0 0 0 0 0 0 0 0 0 
682 9 0 0 0 0 0 0 0 0 0 0 0 
683 9 0 0 0 0 0 0 0 0 0 0 0 
684 9 0 0 0 0 0 0 0 0 0 0 0 
685 9 0 0 0 0 0 0 0 0 0 0 0 
686 9 0 0 0 0 0 0 0 0 0 0 0 
687 9 0 0 0 0 0 0 0 0 0 0 0 
688 9 0 0 0 0 0 0 0 0 0 0 0 
689 9 0 0 0 0 0 0 0 0 0 0 0 
690 9 0 0 0 0 0 0 0 0 0 0 0 
691 9 60 0 0 0 0 0 0 0 0 0 0 
692 9 -1 6 9 0 0 0 7 0 0 3 31 
693 9 0 0 0 0 0 0 0 0 0 0 0 
694 9 0 0 0 0 0 0 0 0 0 0 0 
695 9 0 0 0 0 0 0 0 0 0 0 0 
696 9 0 0 0 0 0 0 0 0 0 0 0 
697 9 0 0 0 0 0 0 0 0 0 0 0 
698 9 0 0 0 0 0 0 0 0 0 0 0 
699 9 0 0 0 0 0 0 0 0 0 0 0 
700 9 0 0 0 0 0 0 0 0 0 0 0 
701 9 0 0 0 0 0 0 0 0 0 0 0 
702 9 0 0 0 0 0 0 0 0 0 0 0 
703 9 0 0 0 0 0 0 0 0 0 0 0 
704 9 0 0 0 0 0 0 0 0 0 0 0 
705 9 66 0 0 0 0 0 0 0 0 0 0 
706 9 67 0 0 0 0 0 0 0 0 0 0 
707 9 0 0 0 0 0 0 0 0 0 0 0 
708 9 0 0 0 0 0 0 0 0 0 0 0 
709 9 -1 4 9 0 0 13 8 0 0 17 11 
710 9 71 0 0 0 0 0 0 0 0 0 0 
711 9 72 0 0 0 0 0 0 0 0 0 0 
712 9 73 0 0 0 0 0 0 0 0 0 0 
713 9 0 0 0 0 0 0 0 0 0 0 0 
714 9 0 0 0 0 0 0 0 0 0 0 0 
715 9 0 0 0 0 0 0 0 0 0 0 0 
716 9 0 0 0 0 0 0 0 0 0 0 0 
717 9 0 0 0 0 0 0 0 0 0 0 0 
718 9 0 0 0 0 0 0 0 0 0 0 0 
719 9 0 0 0 0 0 0 0 0 0 0 0 
720 9 0 0 0 0 0 0 0 0 0 0 0 
721 9 77 0 0 0 0 0 0 0 0 0 0 
722 9 -1 6 10 0 0 3 0 0 0 16 2 
723 9 -1 15 11 0 0 7 15 0 0 4 -17 
724 9 -1 0 14 0 0 0 12 0 0 3 1 
725 9 84 0 0 0 0 0 0 0 0 0 0 
726 9 85 0 0 0 0 0 0 0 0 0 0 
727 9 0 0 0 0 0 0 0 0 0 0 0 
728 9 0 0 0 0 0 0 0 0 0 0 0 
729 9 0 0 0 0 0 0 0 0 0 0 0 
730 9 0 0 0 0 0 0 0 0 0 0 0 
731 9 0 0 0 0 0 0 0 0 0 0 0 
732 9 0 0 0 0 0 0 0 0 0 0 0 
733 9 88 0 0 0 0 0 0 0 0 0 0 
734 9 89 0 0 0 0 0 0 0 0 0 0 
735 9 0 0 0 0 0 0 0 0 0 0 0 
736 9 0 0 0 0 0 0 0 0 0 0 0 
737 9 0 0 0 0 0 0 0 0 0 0 0 
738 9 0 0 0 0 0 0 0 0 0 0 0 
739 9 0 0 0 0 0 0 0 0 0 0 0 
740 9 0 0 0 0 0 0 0 0 0 0 0 
741 9 0 0 0 0 0 0 0 0 0 0 0 
742 9 0 0 0 0 0 0 0 0 0 0 0 
743 9 0 0 0 0 0 0 0 0 0 0 0 
744 9 0 0 0 0 0 0 0 0 0 0 0 
745 9 0 0 0 0 0 0 0 0 0 0 0 
746 9 0 0 0 0 0 0 0 0 0 0 0 
747 9 0 0 0 0 0 0 0 0 0 0 0 
748 9 0 0 0 0 0 0 0 0 0 0 0 
749 9 0 0 0 0 0 0 0 0 0 0 0 
750 9 0 0 0 0 0 0 0 0 0 0 0 
751 9 0 0 0 0 0 0 0 0 0 0 0 
752 9 0 0 0 0 0 0 0 0 0 0 0 
753 9 0 0 0 0 0 0 0 0 0 0 0 
754 9 0 0 0 0 0 0 0 0 0 0 0 
755 9 0 0 0 0 0 0 0 0 0 0 0 
756 9 0 0 0 0 0 0 0 0 0 0 0 
757 9 0 0 0 0 0 0 0 0 0 0 0 
758 9 0 0 0 0 0 0 0 0 0 0 0 
759 9 0 0 0 0 0 0 0 0 0 0 0 
760 9 0 0 0 0 0 0 0 0 0 0 0 
761 9 0 0 0 0 0 0 0 0 0 0 0 
762 9 0 0 0 0 0 0 0 0 0 0 0 
763 9 0 0 0 0 0 0 0 0 0 0 0 
764 9 0 0 0 0 0 0 0 0 0 0 0 
765 9 0 0 0 0 0 0 0 0 0 0 0 
766 9 0 0 0 0 0 0 0 0 0 0 0 
767 9 0 0 0 0 0 0 0 0 0 0 0 
768 9 0 0 0 0 0 0 0 0 0 0 0 
769 9 0 0 0 0 0 0 0 0 0 0 0 
770 9 0 0 0 0 0 0 0 0 0 0 0 
771 9 0 0 0 0 0 0 0 0 0 0 0 
772 9 0 0 0 0 0 0 0 0 0 0 0 
773 9 0 0 0 0 0 0 0 0 0 0 0 
774 9 0 0 0 0 0 0 0 0 0 0 0 
775 9 0 0 0 0 0 0 0 0 0 0 0 
776 9 0 0 0 0 0 0 0 0 0 0 0 
777 9 0 0 0 0 0 0 0 0 0 0 0 
778 9 0 0 0 0 0 0 0 0 0 0 0 
779 9 0 0 0 0 0 0 0 0 0 0 0 
780 9 0 0 0 0 0 0 0 0 0 0 0 
781 9 0 0 0 0 0 0 0 0 0 0 0 
782 9 0 0 0 0 0 0 0 0 0 0 0 
783 9 0 0 0 0 0 0 0 0 0 0 0 
784 9 0 0 0 0 0 0 0 0 0 0 0 
785 9 0 0 0 0 0 0 0 0 0 0 0 
786 9 0 0 0 0 0 0 0 0 0 0 0 
787 9 0 0 0 0 0 0 0 0 0 0 0 
788 9 0 0 0 0 0 0 0 0 0 0 0 
789 9 0 0 0 0 0 0 0 0 0 0 0 
790 9 0 0 0 0 0 0 0 0 0 0 0 
791 9 0 0 0 0 0 0 0 0 0 0 0 
792 9 0 0 0 0 0 0 0 0 0 0 0 
793 9 0 0 0 0 0 0 0 0 0 0 0 
794 9 0 0 0 0 0 0 0 0 0 0 0 
795 9 0 0 0 0 0 0 0 0 0 0 0 
796 9 0 0 0 0 0 0 0 0 0 0 0 
797 9 0 0 0 0 0 0 0 0 0 0 0 
798 9 0 0 0 0 0 0 0 0 0 0 0 
799 9 0 0 0 0 0 0 0 0 0 0 0 
800 9 0 0 0 0 0 0 0 0 0 0 0 
801 9 0 0 0 0 0 0 0 0 0 0 0 
802 9 0 0 0 0 0 0 0 0 0 0 0 
803 9 0 0 0 0 0 0 0 0 0 0 0 
804 9 0 0 0 0 0 0 0 0 0 0 0 
805 9 0 0 0 0 0 0 0 0 0 0 0 
806 9 0 0 0 0 0 0 0 0 0 0 0 
807 9 0 0 0 0 0 0 0 0 0 0 0 
808 9 0 0 0 0 0 0 0 0 0 0 0 
809 9 0 0 0 0 0 0 0 0 0 0 0 
810 9 0 0 0 0 0 0 0 0 0 0 0 
811 9 0 0 0 0 0 0 0 0 0 0 0 
812 9 0 0 0 0 0 0 0 0 0 0 0 
813 9 0 0 0 0 0 0 0 0 0 0 0 
814 9 0 0 0 0 0 0 0 0 0 0 0 
815 9 0 0 0 0 0 0 0 0 0 0 0 
816 9 0 0 0 0 0 0 0 0 0 0 0 
817 9 0 0 0 0 0 0 0 0 0 0 0 
818 9 0 0 0 0 0 0 0 0 0 0 0 
819 9 0 0 0 0 0 0 0 0 0 0 0 
820 9 0 0 0 0 0 0 0 0 0 0 0 
821 9 0 0 0 0 0 0 0 0 0 0 0 
822 9 0 0 0 0 0 0 0 0 0 0 0 
823 9 0 0 0 0 0 0 0 0 0 0 0 
824 9 0 0 0 0 0 0 0 0 0 0 0 
825 9 0 0 0 0 0 0 0 0 0 0 0 
826 9 0 0 0 0 0 0 0 0 0 0 0 
827 9 0 0 0 0 0 0 0 0 0 0 0 
828 9 0 0 0 0 0 0 0 0 0 0 0 
829 9 0 0 0 0 0 0 0 0 0 0 0 
830 9 0 0 0 0 0 0 0 0 0 0 0 
831 9 0 0 0 0 0 0 0 0 0 0 0 
832 9 0 0 0 0 0 0 0 0 0 0 0 
833 9 0 0 0 0 0 0 0 0 0 0 0 
834 9 0 0 0 0 0 0 0 0 0 0 0 
835 9 0 0 0 0 0 0 0 0 0 0 0 
836 9 0 0 0 0 0 0 0 0 0 0 0 
837 9 0 0 0 0 0 0 0 0 0 0 0 
838 9 0 0 0 0 0 0 0 0 0 0 0 
839 9 0 0 0 0 0 0 0 0 0 0 0 
840 9 0 0 0 0 0 0 0 0 0 0 0 
841 9 0 0 0 0 0 0 0 0 0 0 0 
842 9 0 0 0 0 0 0 0 0 0 0 0 
843 9 0 0 0 0 0 0 0 0 0 0 0 
844 9 0 0 0 0 0 0 0 0 0 0 0 
845 9 0 0 0 0 0 0 0 0 0 0 0 
846 9 0 0 0 0 0 0 0 0 0 0 0 
847 9 0 0 0 0 0 0 0 0 0 0 0 
848 9 0 0 0 0 0 0 0 0 0 0 0 
849 9 0 0 0 0 0 0 0 0 0 0 0 
850 9 0 0 0 0 0 0 0 0 0 0 0 
851 9 0 0 0 0 0 0 0 0 0 0 0 
852 9 0 0 0 0 0 0 0 0 0 0 0 
853 9 0 0 0 0 0 0 0 0 0 0 0 
854 9 0 0 0 0 0 0 0 0 0 0 0 
855 9 0 0 0 0 0 0 0 0 0 0 0 
856 9 0 0 0 0 0 0 0 0 0 0 0 
857 9 0 0 0 0 0 0 0 0 0 0 0 
858 9 0 0 0 0 0 0 0 0 0 0 0 
859 9 0 0 0 0 0 0 0 0 0 0 0 
860 9 0 0 0 0 0 0 0 0 0 0 0 
861 9 0 0 0 0 0 0 0 0 0 0 0 
862 9 0 0 0 0 0 0 0 0 0 0 0 
863 9 0 0 0 0 0 0 0 0 0 0 0 
864 9 0 0 0 0 0 0 0 0 0 0 0 
865 9 0 0 0 0 0 0 0 0 0 0 0 
866 9 0 0 0 0 0 0 0 0 0 0 0 
867 9 0 0 0 0 0 0 0 0 0 0 0 
868 9 0 0 0 0 0 0 0 0 0 0 0 
869 9 0 0 0 0 0 0 0 0 0 0 0 
870 9 0 0 0 0 0 0 0 0 0 0 0 
871 9 0 0 0 0 0 0 0 0 0 0 0 
872 9 0 0 0 0 0 0 0 0 0 0 0 
873 9 0 0 0 0 0 0 0 0 0 0 0 
874 9 0 0 0 0 0 0 0 0 0 0 0 
875 9 0 0 0 0 0 0 0 0 0 0 0 
876 9 0 0 0 0 0 0 0 0 0 0 0 
877 9 0 0 0 0 0 0 0 0 0 0 0 
878 9 0 0 0 0 0 0 0 0 0 0 0 
879 9 0 0 0 0 0 0 0 0 0 0 0 
880 9 0 0 0 0 0 0 0 0 0 0 0 
881 9 0 0 0 0 0 0 0 0 0 0 0 
882 9 0 0 0 0 0 0 0 0 0 0 0 
883 9 0 0 0 0 0 0 0 0 0 0 0 
884 9 0 0 0 0 0 0 0 0 0 0 0 
885 9 0 0 0 0 0 0 0 0 0 0 0 
886 9 0 0 0 0 0 0 0 0 0 0 0 
887 9 0 0 0 0 0 0 0 0 0 0 0 
888 9 0 0 0 0 0 0 0 0 0 0 0 
889 9 0 0 0 0 0 0 0 0 0 0 0 
890 9 0 0 0 0 0 0 0 0 0 0 0 
891 9 0 0 0 0 0 0 0 0 0 0 0 
892 9 0 0 0 0 0 0 0 0 0 0 0 
893 9 0 0 0 0 0 0 0 0 0 0 0 
894 9 0 0 0 0 0 0 0 0 0 0 0 
895 9 0 0 0 0 0 0 0 0 0 0 0 
896 9 0 0 0 0 0 0 0 0 0 0 0 
897 9 0 0 0 0 0 0 0 0 0 0 0 
898 9 0 0 0 0 0 0 0 0 0 0 0 
899 9 0 0 0 0 0 0 0 0 0 0 0 
900 9 0 0 0 0 0 0 0 0 0 0 0 
901 9 0 0 0 0 0 0 0 0 0 0 0 
902 9 0 0 0 0 0 0 0 0 0 0 0 
903 9 0 0 0 0 0 0 0 0 0 0 0 
904 9 0 0 0 0 0 0 0 0 0 0 0 
905 9 0 0 0 0 0 0 0 0 0 0 0 
906 9 0 0 0 0 0 0 0 0 0 0 0 
907 9 0 0 0 0 0 0 0 0 0 0 0 
908 9 0 0 0 0 0 0 0 0 0 0 0 
909 9 0 0 0 0 0 0 0 0 0 0 0 
910 9 0 0 0 0 0 0 0 0 0 0 0 
911 9 0 0 0 0 0 0 0 0 0 0 0 
912 9 0 0 0 0 0 0 0 0 0 0 0 
913 9 0 0 0 0 0 0 0 0 0 0 0 
914 9 0 0 0 0 0 0 0 0 0 0 0 
915 9 0 0 0 0 0 0 0 0 0 0 0 
916 9 0 0 0 0 0 0 0 0 0 0 0 
917 9 0 0 0 0 0 0 0 0 0 0 0 
918 9 0 0 0 0 0 0 0 0 0 0 0 
919 9 0 0 0 0 0 0 0 0 0 0 0 
920 9 0 0 0 0 0 0 0 0 0 0 0 
921 9 0 0 0 0 0 0 0 0 0 0 0 
922 9 0 0 0 0 0 0 0 0 0 0 0 
923 9 0 0 0 0 0 0 0 0 0 0 0 
924 9 0 0 0 0 0 0 0 0 0 0 0 
925 9 0 0 0 0 0 0 0 0 0 0 0 
926 9 0 0 0 0 0 0 0 0 0 0 0 
927 9 0 0 0 0 0 0 0 0 0 0 0 
928 9 0 0 0 0 0 0 0 0 0 0 0 
929 9 0 0 0 0 0 0 0 0 0 0 0 
930 9 0 0 0 0 0 0 0 0 0 0 0 
931 9 0 0 0 0 0 0 0 0 0 0 0 
932 9 0 0 0 0 0 0 0 0 0 0 0 
933 9 0 0 0 0 0 0 0 0 0 0 0 
934 9 0 0 0 0 0 0 0 0 0 0 0 
935 9 0 0 0 0 0 0 0 0 0 0 0 
936 9 0 0 0 0 0 0 0 0 0 0 0 
937 9 0 0 0 0 0 0 0 0 0 0 0 
938 9 0 0 0 0 0 0 0 0 0 0 0 
939 9 0 0 0 0 0 0 0 0 0 0 0 
940 9 0 0 0 0 0 0 0 0 0 0 0 
941 9 0 0 0 0 0 0 0 0 0 0 0 
942 9 0 0 0 0 0 0 0 0 0 0 0 
943 9 0 0 0 0 0 0 0 0 0 0 0 
944 9 0 0 0 0 0 0 0 0 0 0 0 
945 9 0 0 0 0 0 0 0 0 0 0 0 
946 9 0 0 0 0 0 0 0 0 0 0 0 
947 9 0 0 0 0 0 0 0 0 0 0 0 
948 9 0 0 0 0 0 0 0 0 0 0 0 
949 9 0 0 0 0 0 0 0 0 0 0 0 
950 9 0 0 0 0 0 0 0 0 0 0 0 
951 9 0 0 0 0 0 0 0 0 0 0 0 
952 9 0 0 0 0 0 0 0 0 0 0 0 
953 9 0 0 0 0 0 0 0 0 0 0 0 
954 9 0 0 0 0 0 0 0 0 0 0 0 
955 9 0 0 0 0 0 0 0 0 0 0 0 
956 9 0 0 0 0 0 0 0 0 0 0 0 
957 9 0 0 0 0 0 0 0 0 0 0 0 
958 9 0 0 0 0 0 0 0 0 0 0 0 
959 9 0 0 0 0 0 0 0 0 0 0 0 
960 9 0 0 0 0 0 0 0 0 0 0 0 
961 9 0 0 0 0 0 0 0 0 0 0 0 
962 9 0 0 0 0 0 0 0 0 0 0 0 
963 9 0 0 0 0 0 0 0 0 0 0 0 
964 9 0 0 0 0 0 0 0 0 0 0 0 
965 9 0 0 0 0 0 0 0 0 0 0 0 
966 9 0 0 0 0 0 0 0 0 0 0 0 
967 9 0 0 0 0 0 0 0 0 0 0 0 
968 9 0 0 0 0 0 0 0 0 0 0 0 
969 9 0 0 0 0 0 0 0 0 0 0 0 
970 9 0 0 0 0 0 0 0 0 0 0 0 
971 9 0 0 0 0 0 0 0 0 0 0 0 
972 9 0 0 0 0 0 0 0 0 0 0 0 
973 9 0 0 0 0 0 0 0 0 0 0 0 
974 9 0 0 0 0 0 0 0 0 0 0 0 
975 9 0 0 0 0 0 0 0 0 0 0 0 
976 9 0 0 0 0 0 0 0 0 0 0 0 
977 9 0 0 0 0 0 0 0 0 0 0 0 
978 9 0 0 0 0 0 0 0 0 0 0 0 
979 9 0 0 0 0 0 0 0 0 0 0 0 
980 9 0 0 0 0 0 0 0 0 0 0 0 
981 9 0 0 0 0 0 0 0 0 0 0 0 
982 9 0 0 0 0 0 0 0 0 0 0 0 
983 9 0 0 0 0 0 0 0 0 0 0 0 
984 9 0 0 0 0 0 0 0 0 0 0 0 
985 9 0 0 0 0 0 0 0 0 0 0 0 
986 9 0 0 0 0 0 0 0 0 0 0 0 
987 9 -1 5 12 0 0 15 6 0 0 16 11 
988 9 110 0 0 0 0 0 0 0 0 0 0 
989 9 0 0 0 0 0 0 0 0 0 0 0 
990 9 0 0 0 0 0 0 0 0 0 0 0 
991 9 0 0 0 0 0 0 0 0 0 0 0 
992 9 0 0 0 0 0 0 0 0 0 0 0 
993 9 0 0 0 0 0 0 0 0 0 0 0 
994 9 0 0 0 0 0 0 0 0 0 0 0 
995 9 0 0 0 0 0 0 0 0 0 0 0 
996 9 0 0 0 0 0 0 0 0 0 0 0 
997 9 0 0 0 0 0 0 0 0 0 0 0 
998 9 0 0 0 0 0 0 0 0 0 0 0 
999 9 0 0 0 0 0 0 0 0 0 0 0 
1000 9 0 0 0 0 0 0 0 0 0 0 0 
1001 9 0 0 0 0 0 0 0 0 0 0 0 
1002 9 0 0 0 0 0 0 0 0 0 0 0 
1003 9 0 0 0 0 0 0 0 0 0 0 0 
1004 9 0 0 0 0 0 0 0 0 0 0 0 
1005 9 0 0 0 0 0 0 0 0 0 0 0 
1006 9 0 0 0 0 0 0 0 0 0 0 0 
1007 9 0 0 0 0 0 0 0 0 0 0 0 
1008 9 0 0 0 0 0 0 0 0 0 0 0 
1009 9 115 0 0 0 0 0 0 0 0 0 0 
1010 9 -1 8 8 0 0 13 1 0 0 0 23 
1011 9 0 0 0 0 0 0 0 0 0 0 0 
1012 9 0 0 0 0 0 0 0 0 0 0 0 
1013 9 0 0 0 0 0 0 0 0 0 0 0 
1014 9 0 0 0 0 0 0 0 0 0 0 0 
1015 9 0 0 0 0 0 0 0 0 0 0 0 
1016 9 0 0 0 0 0 0 0 0 0 0 0 
1017 9 0 0 0 0 0 0 0 0 0 0 0 
1018 9 0 0 0 0 0 0 0 0 0 0 0 
1019 9 0 0 0 0 0 0 0 0 0 0 0 
1020 9 0 0 0 0 0 0 0 0 0 0 0 
1021 9 0 0 0 0 0 0 0 0 0 0 0 
1022 9 0 0 0 0 0 0 0 0 0 0 0 
1023 10 0 0 0 0 0 0 0 0 0 0 0 
1024 10 0 0 0 0 0 0 0 0 0 0 0 
1025 10 0 0 0 0 0 0 0 0 0 0 0 
1026 10 0 0 0 0 0 0 0 0 0 0 0 
1027 10 0 0 0 0 0 0 0 0 0 0 0 
1028 10 0 0 0 0 0 0 0 0 0 0 0 
1029 10 0 0 0 0 0 0 0 0 0 0 0 
1030 10 0 0 0 0 0 0 0 0 0 0 0 
1031 10 0 0 0 0 0 0 0 0 0 0 0 
1032 10 0 0 0 0 0 0 0 0 0 0 0 
1033 10 0 0 0 0 0 0 0 0 0 0 0 
1034 10 0 0 0 0 0 0 0 0 0 0 0 
1035 10 0 0 0 0 0 0 0 0 0 0 0 
1036 10 0 0 0 0 0 0 0 0 0 0 0 
1037 10 0 0 0 0 0 0 0 0 0 0 0 
1038 10 0 0 0 0 0 0 0 0 0 0 0 
1039 10 0 0 0 0 0 0 0 0 0 0 0 
1040 10 0 0 0 0 0 0 0 0 0 0 0 
1041 10 0 0 0 0 0 0 0 0 0 0 0 
1042 10 0 0 0 0 0 0 0 0 0 0 0 
1043 10 0 0 0 0 0 0 0 0 0 0 0 
1044 10 0 0 0 0 0 0 0 0 0 0 0 
1045 10 0 0 0 0 0 0 0 0 0 0 0 
1046 10 0 0 0 0 0 0 0 0 0 0 0 
1047 10 0 0 0 0 0 0 0 0 0 0 0 
1048 10 0 0 0 0 0 0 0 0 0 0 0 
1049 10 0 0 0 0 0 0 0 0 0 0 0 
1050 10 0 0 0 0 0 0 0 0 0 0 0 
1051 10 0 0 0 0 0 0 0 0 0 0 0 
1052 10 0 0 0 0 0 0 0 0 0 0 0 
1053 10 0 0 0 0 0 0 0 0 0 0 0 
1054 10 0 0 0 0 0 0 0 0 0 0 0 
1055 10 0 0 0 0 0 0 0 0 0 0 0 
1056 10 0 0 0 0 0 0 0 0 0 0 0 
1057 10 0 0 0 0 0 0 0 0 0 0 0 
1058 10 0 0 0 0 0 0 0 0 0 0 0 
1059 10 0 0 0 0 0 0 0 0 0 0 0 
1060 10 0 0 0 0 0 0 0 0 0 0 0 
1061 10 0 0 0 0 0 0 0 0 0 0 0 
1062 10 0 0 0 0 0 0 0 0 0 0 0 
1063 10 0 0 0 0 0 0 0 0 0 0 0 
1064 10 0 0 0 0 0 0 0 0 0 0 0 
1065 10 0 0 0 0 0 0 0 0 0 0 0 
1066 10 0 0 0 0 0 0 0 0 0 0 0 
1067 10 0 0 0 0 0 0 0 0 0 0 0 
1068 10 0 0 0 0 0 0 0 0 0 0 0 
1069 10 0 0 0 0 0 0 0 0 0 0 0 
1070 10 0 0 0 0 0 0 0 0 0 0 0 
1071 10 0 0 0 0 0 0 0 0 0 0 0 
1072 10 0 0 0 0 0 0 0 0 0 0 0 
1073 10 0 0 0 0 0 0 0 0 0 0 0 
1074 10 0 0 0 0 0 0 0 0 0 0 0 
1075 10 0 0 0 0 0 0 0 0 0 0 0 
1076 10 0 0 0 0 0 0 0 0 0 0 0 
1077 10 0 0 0 0 0 0 0 0 0 0 0 
1078 10 0 0 0 0 0 0 0 0 0 0 0 
1079 10 0 0 0 0 0 0 0 0 0 0 0 
1080 10 0 0 0 0 0 0 0 0 0 0 0 
1081 10 0 0 0 0 0 0 0 0 0 0 0 
1082 10 0 0 0 0 0 0 0 0 0 0 0 
1083 10 0 0 0 0 0 0 0 0 0 0 0 
1084 10 0 0 0 0 0 0 0 0 0 0 0 
1085 10 0 0 0 0 0 0 0 0 0 0 0 
1086 10 0 0 0 0 0 0 0 0 0 0 0 
1087 10 0 0 0 0 0 0 0 0 0 0 0 
1088 10 0 0 0 0 0 0 0 0 0 0 0 
1089 10 0 0 0 0 0 0 0 0 0 0 0 
1090 10 0 0 0 0 0 0 0 0 0 0 0 
1091 10 0 0 0 0 0 0 0 0 0 0 0 
1092 10 0 0 0 0 0 0 0 0 0 0 0 
1093 10 0 0 0 0 0 0 0 0 0 0 0 
1094 10 0 0 0 0 0 0 0 0 0 0 0 
1095 10 0 0 0 0 0 0 0 0 0 0 0 
1096 10 0 0 0 0 0 0 0 0 0 0 0 
1097 10 0 0 0 0 0 0 0 0 0 0 0 
1098 10 0 0 0 0 0 0 0 0 0 0 0 
1099 10 0 0 0 0 0 0 0 0 0 0 0 
1100 10 0 0 0 0 0 0 0 0 0 0 0 
1101 10 0 0 0 0 0 0 0 0 0 0 0 
1102 10 0 0 0 0 0 0 0 0 0 0 0 
1103 10 0 0 0 0 0 0 0 0 0 0 0 
1104 10 0 0 0 0 0 0 0 0 0 0 0 
1105 10 0 0 0 0 0 0 0 0 0 0 0 
1106 10 0 0 0 0 0 0 0 0 0 0 0 
1107 10 0 0 0 0 0 0 0 0 0 0 0 
1108 10 0 0 0 0 0 0 0 0 0 0 0 
1109 10 0 0 0 0 0 0 0 0 0 0 0 
1110 10 0 0 0 0 0 0 0 0 0 0 0 
1111 10 0 0 0 0 0 0 0 0 0 0 0 
1112 10 0 0 0 0 0 0 0 0 0 0 0 
1113 10 0 0 0 0 0 0 0 0 0 0 0 
1114 10 0 0 0 0 0 0 0 0 0 0 0 
1115 10 0 0 0 0 0 0 0 0 0 0 0 
1116 10 0 0 0 0 0 0 0 0 0 0 0 
1117 10 0 0 0 0 0 0 0 0 0 0 0 
1118 10 0 0 0 0 0 0 0 0 0 0 0 
1119 10 0 0 0 0 0 0 0 0 0 0 0 
1120 10 0 0 0 0 0 0 0 0 0 0 0 
1121 10 0 0 0 0 0 0 0 0 0 0 0 
1122 10 0 0 0 0 0 0 0 0 0 0 0 
1123 10 0 0 0 0 0 0 0 0 0 0 0 
1124 10 0 0 0 0 0 0 0 0 0 0 0 
1125 10 0 0 0 0 0 0 0 0 0 0 0 
1126 10 0 0 0 0 0 0 0 0 0 0 0 
1127 10 0 0 0 0 0 0 0 0 0 0 0 
1128 10 0 0 0 0 0 0 0 0 0 0 0 
1129 10 0 0 0 0 0 0 0 0 0 0 0 
1130 10 0 0 0 0 0 0 0 0 0 0 0 
1131 10 0 0 0 0 0 0 0 0 0 0 0 
1132 10 0 0 0 0 0 0 0 0 0 0 0 
1133 10 0 0 0 0 0 0 0 0 0 0 0 
1134 10 0 0 0 0 0 0 0 0 0 0 0 
1135 10 0 0 0 0 0 0 0 0 0 0 0 
1136 10 0 0 0 0 0 0 0 0 0 0 0 
1137 10 0 0 0 0 0 0 0 0 0 0 0 
1138 10 0 0 0 0 0 0 0 0 0 0 0 
1139 10 0 0 0 0 0 0 0 0 0 0 0 
1140 10 0 0 0 0 0 0 0 0 0 0 0 
1141 10 0 0 0 0 0 0 0 0 0 0 0 
1142 10 0 0 0 0 0 0 0 0 0 0 0 
1143 10 0 0 0 0 0 0 0 0 0 0 0 
1144 10 0 0 0 0 0 0 0 0 0 0 0 
1145 10 0 0 0 0 0 0 0 0 0 0 0 
1146 10 0 0 0 0 0 0 0 0 0 0 0 
1147 10 0 0 0 0 0 0 0 0 0 0 0 
1148 10 0 0 0 0 0 0 0 0 0 0 0 
1149 10 0 0 0 0 0 0 0 0 0 0 0 
1150 10 0 0 0 0 0 0 0 0 0 0 0 
1151 10 5 0 0 0 0 0 0 0 0 0 0 
1152 10 6 0 0 0 0 0 0 0 0 0 0 
1153 10 7 0 0 0 0 0 0 0 0 0 0 
1154 10 8 0 0 0 0 0 0 0 0 0 0 
1155 10 9 0 0 0 0 0 0 0 0 0 0 
1156 10 10 0 0 0 0 0 0 0 0 0 0 
1157 10 0 0 0 0 0 0 0 0 0 0 0 
1158 10 0 0 0 0 0 0 0 0 0 0 0 
1159 10 0 0 0 0 0 0 0 0 0 0 0 
1160 10 0 0 0 0 0 0 0 0 0 0 0 
1161 10 0 0 0 0 0 0 0 0 0 0 0 
1162 10 0 0 0 0 0 0 0 0 0 0 0 
1163 10 0 0 0 0 0 0 0 0 0 0 0 
1164 10 0 0 0 0 0 0 0 0 0 0 0 
1165 10 0 0 0 0 0 0 0 0 0 0 0 
1166 10 0 0 0 0 0 0 0 0 0 0 0 
1167 10 0 0 0 0 0 0 0 0 0 0 0 
1168 10 0 0 0 0 0 0 0 0 0 0 0 
1169 10 0 0 0 0 0 0 0 0 0 0 0 
1170 10 0 0 0 0 0 0 0 0 0 0 0 
1171 10 0 0 0 0 0 0 0 0 0 0 0 
1172 10 0 0 0 0 0 0 0 0 0 0 0 
1173 10 0 0 0 0 0 0 0 0 0 0 0 
1174 10 0 0 0 0 0 0 0 0 0 0 0 
1175 10 0 0 0 0 0 0 0 0 0 0 0 
1176 10 0 0 0 0 0 0 0 0 0 0 0 
1177 10 0 0 0 0 0 0 0 0 0 0 0 
1178 10 0 0 0 0 0 0 0 0 0 0 0 
1179 10 0 0 0 0 0 0 0 0 0 0 0 
1180 10 0 0 0 0 0 0 0 0 0 0 0 
1181 10 0 0 0 0 0 0 0 0 0 0 0 
1182 10 0 0 0 0 0 0 0 0 0 0 0 
1183 10 0 0 0 0 0 0 0 0 0 0 0 
1184 10 0 0 0 0 0 0 0 0 0 0 0 
1185 10 18 0 0 0 0 0 0 0 0 0 0 
1186 10 19 0 0 0 0 0 0 0 0 0 0 
1187 10 20 0 0 0 0 0 0 0 0 0 0 
1188 10 21 0 0 0 0 0 0 0 0 0 0 
1189 10 22 0 0 0 0 0 0 0 0 0 0 
1190 10 23 0 0 0 0 0 0 0 0 0 0 
1191 10 0 0 0 0 0 0 0 0 0 0 0 
1192 10 0 0 0 0 0 0 0 0 0 0 0 
1193 10 25 0 0 0 0 0 0 0 0 0 0 
1194 10 26 0 0 0 0 0 0 0 0 0 0 
1195 10 27 0 0 0 0 0 0 0 0 0 0 
1196 10 28 0 0 0 0 0 0 0 0 0 0 
1197 10 29 0 0 0 0 0 0 0 0 0 0 
1198 10 30 0 0 0 0 0 0 0 0 0 0 
1199 10 0 0 0 0 0 0 0 0 0 0 0 
1200 10 0 0 0 0 0 0 0 0 0 0 0 
1201 10 0 0 0 0 0 0 0 0 0 0 0 
1202 10 0 0 0 0 0 0 0 0 0 0 0 
1203 10 0 0 0 0 0 0 0 0 0 0 0 
1204 10 0 0 0 0 0 0 0 0 0 0 0 
1205 10 0 0 0 0 0 0 0 0 0 0 0 
1206 10 0 0 0 0 0 0 0 0 0 0 0 
1207 10 0 0 0 0 0 0 0 0 0 0 0 
1208 10 0 0 0 0 0 0 0 0 0 0 0 
1209 10 0 0 0 0 0 0 0 0 0 0 0 
1210 10 0 0 0 0 0 0 0 0 0 0 0 
1211 10 0 0 0 0 0 0 0 0 0 0 0 
1212 10 0 0 0 0 0 0 0 0 0 0 0 
1213 10 0 0 0 0 0 0 0 0 0 0 0 
1214 10 0 0 0 0 0 0 0 0 0 0 0 
1215 10 0 0 0 0 0 0 0 0 0 0 0 
1216 10 0 0 0 0 0 0 0 0 0 0 0 
1217 10 0 0 0 0 0 0 0 0 0 0 0 
1218 10 0 0 0 0 0 0 0 0 0 0 0 
1219 10 0 0 0 0 0 0 0 0 0 0 0 
1220 10 0 0 0 0 0 0 0 0 0 0 0 
1221 10 0 0 0 0 0 0 0 0 0 0 0 
1222 10 0 0 0 0 0 0 0 0 0 0 0 
1223 10 0 0 0 0 0 0 0 0 0 0 0 
1224 10 0 0 0 0 0 0 0 0 0 0 0 
1225 10 0 0 0 0 0 0 0 0 0 0 0 
1226 10 0 0 0 0 0 0 0 0 0 0 0 
1227 10 0 0 0 0 0 0 0 0 0 0 0 
1228 10 0 0 0 0 0 0 0 0 0 0 0 
1229 10 0 0 0 0 0 0 0 0 0 0 0 
1230 10 0 0 0 0 0 0 0 0 0 0 0 
1231 10 0 0 0 0 0 0 0 0 0 0 0 
1232 10 0 0 0 0 0 0 0 0 0 0 0 
1233 10 0 0 0 0 0 0 0 0 0 0 0 
1234 10 0 0 0 0 0 0 0 0 0 0 0 
1235 10 0 0 0 0 0 0 0 0 0 0 0 
1236 10 0 0 0 0 0 0 0 0 0 0 0 
1237 10 0 0 0 0 0 0 0 0 0 0 0 
1238 10 0 0 0 0 0 0 0 0 0 0 0 
1239 10 0 0 0 0 0 0 0 0 0 0 0 
1240 10 0 0 0 0 0 0 0 0 0 0 0 
1241 10 0 0 0 0 0 0 0 0 0 0 0 
1242 10 0 0 0 0 0 0 0 0 0 0 0 
1243 10 0 0 0 0 0 0 0 0 0 0 0 
1244 10 0 0 0 0 0 0 0 0 0 0 0 
1245 10 0 0 0 0 0 0 0 0 0 0 0 
1246 10 0 0 0 0 0 0 0 0 0 0 0 
1247 10 0 0 0 0 0 0 0 0 0 0 0 
1248 10 0 0 0 0 0 0 0 0 0 0 0 
1249 10 0 0 0 0 0 0 0 0 0 0 0 
1250 10 0 0 0 0 0 0 0 0 0 0 0 
1251 10 0 0 0 0 0 0 0 0 0 0 0 
1252 10 0 0 0 0 0 0 0 0 0 0 0 
1253 10 0 0 0 0 0 0 0 0 0 0 0 
1254 10 0 0 0 0 0 0 0 0 0 0 0 
1255 10 0 0 0 0 0 0 0 0 0 0 0 
1256 10 0 0 0 0 0 0 0 0 0 0 0 
1257 10 0 0 0 0 0 0 0 0 0 0 0 
1258 10 0 0 0 0 0 0 0 0 0 0 0 
1259 10 0 0 0 0 0 0 0 0 0 0 0 
1260 10 0 0 0 0 0 0 0 0 0 0 0 
1261 10 0 0 0 0 0 0 0 0 0 0 0 
1262 10 0 0 0 0 0 0 0 0 0 0 0 
1263 10 0 0 0 0 0 0 0 0 0 0 0 
1264 10 0 0 0 0 0 0 0 0 0 0 0 
1265 10 0 0 0 0 0 0 0 0 0 0 0 
1266 10 0 0 0 0 0 0 0 0 0 0 0 
1267 10 0 0 0 0 0 0 0 0 0 0 0 
1268 10 0 0 0 0 0 0 0 0 0 0 0 
1269 10 0 0 0 0 0 0 0 0 0 0 0 
1270 10 0 0 0 0 0 0 0 0 0 0 0 
1271 10 0 0 0 0 0 0 0 0 0 0 0 
1272 10 0 0 0 0 0 0 0 0 0 0 0 
1273 10 0 0 0 0 0 0 0 0 0 0 0 
1274 10 0 0 0 0 0 0 0 0 0 0 0 
1275 10 0 0 0 0 0 0 0 0 0 0 0 
1276 10 0 0 0 0 0 0 0 0 0 0 0 
1277 10 0 0 0 0 0 0 0 0 0 0 0 
1278 10 0 0 0 0 0 0 0 0 0 0 0 
1279 10 0 0 0 0 0 0 0 0 0 0 0 
1280 10 0 0 0 0 0 0 0 0 0 0 0 
1281 10 0 0 0 0 0 0 0 0 0 0 0 
1282 10 0 0 0 0 0 0 0 0 0 0 0 
1283 10 0 0 0 0 0 0 0 0 0 0 0 
1284 10 0 0 0 0 0 0 0 0 0 0 0 
1285 10 0 0 0 0 0 0 0 0 0 0 0 
1286 10 0 0 0 0 0 0 0 0 0 0 0 
1287 10 0 0 0 0 0 0 0 0 0 0 0 
1288 10 0 0 0 0 0 0 0 0 0 0 0 
1289 10 0 0 0 0 0 0 0 0 0 0 0 
1290 10 0 0 0 0 0 0 0 0 0 0 0 
1291 10 0 0 0 0 0 0 0 0 0 0 0 
1292 10 0 0 0 0 0 0 0 0 0 0 0 
1293 10 0 0 0 0 0 0 0 0 0 0 0 
1294 10 0 0 0 0 0 0 0 0 0 0 0 
1295 10 0 0 0 0 0 0 0 0 0 0 0 
1296 10 0 0 0 0 0 0 0 0 0 0 0 
1297 10 46 0 0 0 0 0 0 0 0 0 0 
1298 10 47 0 0 0 0 0 0 0 0 0 0 
1299 10 0 0 0 0 0 0 0 0 0 0 0 
1300 10 0 0 0 0 0 0 0 0 0 0 0 
1301 10 0 0 0 0 0 0 0 0 0 0 0 
1302 10 0 0 0 0 0 0 0 0 0 0 0 
1303 10 0 0 0 0 0 0 0 0 0 0 0 
1304 10 0 0 0 0 0 0 0 0 0 0 0 
1305 10 0 0 0 0 0 0 0 0 0 0 0 
1306 10 0 0 0 0 0 0 0 0 0 0 0 
1307 10 0 0 0 0 0 0 0 0 0 0 0 
1308 10 0 0 0 0 0 0 0 0 0 0 0 
1309 10 0 0 0 0 0 0 0 0 0 0 0 
1310 10 0 0 0 0 0 0 0 0 0 0 0 
1311 10 50 0 0 0 0 0 0 0 0 0 0 
1312 10 51 0 0 0 0 0 0 0 0 0 0 
1313 10 0 0 0 0 0 0 0 0 0 0 0 
1314 10 0 0 0 0 0 0 0 0 0 0 0 
1315 10 0 0 0 0 0 0 0 0 0 0 0 
1316 10 0 0 0 0 0 0 0 0 0 0 0 
1317 10 0 0 0 0 0 0 0 0 0 0 0 
1318 10 0 0 0 0 0 0 0 0 0 0 0 
1319 10 0 0 0 0 0 0 0 0 0 0 0 
1320 10 0 0 0 0 0 0 0 0 0 0 0 
1321 10 0 0 0 0 0 0 0 0 0 0 0 
1322 10 0 0 0 0 0 0 0 0 0 0 0 
1323 10 0 0 0 0 0 0 0 0 0 0 0 
1324 10 0 0 0 0 0 0 0 0 0 0 0 
1325 10 0 0 0 0 0 0 0 0 0 0 0 
1326 10 0 0 0 0 0 0 0 0 0 0 0 
1327 10 0 0 0 0 0 0 0 0 0 0 0 
1328 10 0 0 0 0 0 0 0 0 0 0 0 
1329 10 0 0 0 0 0 0 0 0 0 0 0 
1330 10 0 0 0 0 0 0 0 0 0 0 0 
1331 10 0 0 0 0 0 0 0 0 0 0 0 
1332 10 0 0 0 0 0 0 0 0 0 0 0 
1333 10 0 0 0 0 0 0 0 0 0 0 0 
1334 10 0 0 0 0 0 0 0 0 0 0 0 
1335 10 0 0 0 0 0 0 0 0 0 0 0 
1336 10 0 0 0 0 0 0 0 0 0 0 0 
1337 10 0 0 0 0 0 0 0 0 0 0 0 
1338 10 0 0 0 0 0 0 0 0 0 0 0 
1339 10 0 0 0 0 0 0 0 0 0 0 0 
1340 10 0 0 0 0 0 0 0 0 0 0 0 
1341 10 0 0 0 0 0 0 0 0 0 0 0 
1342 10 0 0 0 0 0 0 0 0 0 0 0 
1343 10 0 0 0 0 0 0 0 0 0 0 0 
1344 10 0 0 0 0 0 0 0 0 0 0 0 
1345 10 0 0 0 0 0 0 0 0 0 0 0 
1346 10 0 0 0 0 0 0 0 0 0 0 0 
1347 10 0 0 0 0 0 0 0 0 0 0 0 
1348 10 0 0 0 0 0 0 0 0 0 0 0 
1349 10 0 0 0 0 0 0 0 0 0 0 0 
1350 10 0 0 0 0 0 0 0 0 0 0 0 
1351 10 0 0 0 0 0 0 0 0 0 0 0 
1352 10 0 0 0 0 0 0 0 0 0 0 0 
1353 10 0 0 0 0 0 0 0 0 0 0 0 
1354 10 0 0 0 0 0 0 0 0 0 0 0 
1355 10 0 0 0 0 0 0 0 0 0 0 0 
1356 10 0 0 0 0 0 0 0 0 0 0 0 
1357 10 0 0 0 0 0 0 0 0 0 0 0 
1358 10 0 0 0 0 0 0 0 0 0 0 0 
1359 10 0 0 0 0 0 0 0 0 0 0 0 
1360 10 0 0 0 0 0 0 0 0 0 0 0 
1361 10 0 0 0 0 0 0 0 0 0 0 0 
1362 10 0 0 0 0 0 0 0 0 0 0 0 
1363 10 0 0 0 0 0 0 0 0 0 0 0 
1364 10 0 0 0 0 0 0 0 0 0 0 0 
1365 10 0 0 0 0 0 0 0 0 0 0 0 
1366 10 0 0 0 0 0 0 0 0 0 0 0 
1367 10 0 0 0 0 0 0 0 0 0 0 0 
1368 10 0 0 0 0 0 0 0 0 0 0 0 
1369 10 0 0 0 0 0 0 0 0 0 0 0 
1370 10 0 0 0 0 0 0 0 0 0 0 0 
1371 10 0 0 0 0 0 0 0 0 0 0 0 
1372 10 0 0 0 0 0 0 0 0 0 0 0 
1373 10 0 0 0 0 0 0 0 0 0 0 0 
1374 10 0 0 0 0 0 0 0 0 0 0 0 
1375 10 0 0 0 0 0 0 0 0 0 0 0 
1376 10 0 0 0 0 0 0 0 0 0 0 0 
1377 10 0 0 0 0 0 0 0 0 0 0 0 
1378 10 0 0 0 0 0 0 0 0 0 0 0 
1379 10 0 0 0 0 0 0 0 0 0 0 0 
1380 10 0 0 0 0 0 0 0 0 0 0 0 
1381 10 0 0 0 0 0 0 0 0 0 0 0 
1382 10 0 0 0 0 0 0 0 0 0 0 0 
1383 10 0 0 0 0 0 0 0 0 0 0 0 
1384 10 0 0 0 0 0 0 0 0 0 0 0 
1385 10 61 0 0 0 0 0 0 0 0 0 0 
1386 10 62 0 0 0 0 0 0 0 0 0 0 
1387 10 0 0 0 0 0 0 0 0 0 0 0 
1388 10 0 0 0 0 0 0 0 0 0 0 0 
1389 10 0 0 0 0 0 0 0 0 0 0 0 
1390 10 0 0 0 0 0 0 0 0 0 0 0 
1391 10 0 0 0 0 0 0 0 0 0 0 0 
1392 10 0 0 0 0 0 0 0 0 0 0 0 
1393 10 0 0 0 0 0 0 0 0 0 0 0 
1394 10 0 0 0 0 0 0 0 0 0 0 0 
1395 10 0 0 0 0 0 0 0 0 0 0 0 
1396 10 0 0 0 0 0 0 0 0 0 0 0 
1397 10 0 0 0 0 0 0 0 0 0 0 0 
1398 10 0 0 0 0 0 0 0 0 0 0 0 
1399 10 0 0 0 0 0 0 0 0 0 0 0 
1400 10 0 0 0 0 0 0 0 0 0 0 0 
1401 10 0 0 0 0 0 0 0 0 0 0 0 
1402 10 0 0 0 0 0 0 0 0 0 0 0 
1403 10 0 0 0 0 0 0 0 0 0 0 0 
1404 10 0 0 0 0 0 0 0 0 0 0 0 
1405 10 0 0 0 0 0 0 0 0 0 0 0 
1406 10 0 0 0 0 0 0 0 0 0 0 0 
1407 10 0 0 0 0 0 0 0 0 0 0 0 
1408 10 0 0 0 0 0 0 0 0 0 0 0 
1409 10 0 0 0 0 0 0 0 0 0 0 0 
1410 10 0 0 0 0 0 0 0 0 0 0 0 
1411 10 0 0 0 0 0 0 0 0 0 0 0 
1412 10 0 0 0 0 0 0 0 0 0 0 0 
1413 10 0 0 0 0 0 0 0 0 0 0 0 
1414 10 0 0 0 0 0 0 0 0 0 0 0 
1415 10 0 0 0 0 0 0 0 0 0 0 0 
1416 10 0 0 0 0 0 0 0 0 0 0 0 
1417 10 0 0 0 0 0 0 0 0 0 0 0 
1418 10 0 0 0 0 0 0 0 0 0 0 0 
1419 10 69 0 0 0 0 0 0 0 0 0 0 
1420 10 70 0 0 0 0 0 0 0 0 0 0 
1421 10 0 0 0 0 0 0 0 0 0 0 0 
1422 10 0 0 0 0 0 0 0 0 0 0 0 
1423 10 0 0 0 0 0 0 0 0 0 0 0 
1424 10 0 0 0 0 0 0 0 0 0 0 0 
1425 10 0 0 0 0 0 0 0 0 0 0 0 
1426 10 0 0 0 0 0 0 0 0 0 0 0 
1427 10 0 0 0 0 0 0 0 0 0 0 0 
1428 10 0 0 0 0 0 0 0 0 0 0 0 
1429 10 0 0 0 0 0 0 0 0 0 0 0 
1430 10 0 0 0 0 0 0 0 0 0 0 0 
1431 10 0 0 0 0 0 0 0 0 0 0 0 
1432 10 0 0 0 0 0 0 0 0 0 0 0 
1433 10 0 0 0 0 0 0 0 0 0 0 0 
1434 10 0 0 0 0 0 0 0 0 0 0 0 
1435 10 0 0 0 0 0 0 0 0 0 0 0 
1436 10 0 0 0 0 0 0 0 0 0 0 0 
1437 10 0 0 0 0 0 0 0 0 0 0 0 
1438 10 0 0 0 0 0 0 0 0 0 0 0 
1439 10 0 0 0 0 0 0 0 0 0 0 0 
1440 10 0 0 0 0 0 0 0 0 0 0 0 
1441 10 0 0 0 0 0 0 0 0 0 0 0 
1442 10 0 0 0 0 0 0 0 0 0 0 0 
1443 10 0 0 0 0 0 0 0 0 0 0 0 
1444 10 0 0 0 0 0 0 0 0 0 0 0 
1445 10 78 0 0 0 0 0 0 0 0 0 0 
1446 10 79 0 0 0 0 0 0 0 0 0 0 
1447 10 80 0 0 0 0 0 0 0 0 0 0 
1448 10 81 0 0 0 0 0 0 0 0 0 0 
1449 10 82 0 0 0 0 0 0 0 0 0 0 
1450 10 83 0 0 0 0 0 0 0 0 0 0 
1451 10 0 0 0 0 0 0 0 0 0 0 0 
1452 10 0 0 0 0 0 0 0 0 0 0 0 
1453 10 0 0 0 0 0 0 0 0 0 0 0 
1454 10 0 0 0 0 0 0 0 0 0 0 0 
1455 10 0 0 0 0 0 0 0 0 0 0 0 
1456 10 0 0 0 0 0 0 0 0 0 0 0 
1457 10 0 0 0 0 0 0 0 0 0 0 0 
1458 10 0 0 0 0 0 0 0 0 0 0 0 
1459 10 0 0 0 0 0 0 0 0 0 0 0 
1460 10 0 0 0 0 0 0 0 0 0 0 0 
1461 10 0 0 0 0 0 0 0 0 0 0 0 
1462 10 0 0 0 0 0 0 0 0 0 0 0 
1463 10 0 0 0 0 0 0 0 0 0 0 0 
1464 10 0 0 0 0 0 0 0 0 0 0 0 
1465 10 0 0 0 0 0 0 0 0 0 0 0 
1466 10 0 0 0 0 0 0 0 0 0 0 0 
1467 10 0 0 0 0 0 0 0 0 0 0 0 
1468 10 0 0 0 0 0 0 0 0 0 0 0 
1469 10 0 0 0 0 0 0 0 0 0 0 0 
1470 10 0 0 0 0 0 0 0 0 0 0 0 
1471 10 0 0 0 0 0 0 0 0 0 0 0 
1472 10 0 0 0 0 0 0 0 0 0 0 0 
1473 10 0 0 0 0 0 0 0 0 0 0 0 
1474 10 0 0 0 0 0 0 0 0 0 0 0 
1475 10 0 0 0 0 0 0 0 0 0 0 0 
1476 10 0 0 0 0 0 0 0 0 0 0 0 
1477 10 0 0 0 0 0 0 0 0 0 0 0 
1478 10 0 0 0 0 0 0 0 0 0 0 0 
1479 10 0 0 0 0 0 0 0 0 0 0 0 
1480 10 0 0 0 0 0 0 0 0 0 0 0 
1481 10 0 0 0 0 0 0 0 0 0 0 0 
1482 10 0 0 0 0 0 0 0 0 0 0 0 
1483 10 0 0 0 0 0 0 0 0 0 0 0 
1484 10 0 0 0 0 0 0 0 0 0 0 0 
1485 10 0 0 0 0 0 0 0 0 0 0 0 
1486 10 0 0 0 0 0 0 0 0 0 0 0 
1487 10 0 0 0 0 0 0 0 0 0 0 0 
1488 10 0 0 0 0 0 0 0 0 0 0 0 
1489 10 0 0 0 0 0 0 0 0 0 0 0 
1490 10 0 0 0 0 0 0 0 0 0 0 0 
1491 10 0 0 0 0 0 0 0 0 0 0 0 
1492 10 0 0 0 0 0 0 0 0 0 0 0 
1493 10 0 0 0 0 0 0 0 0 0 0 0 
1494 10 0 0 0 0 0 0 0 0 0 0 0 
1495 10 0 0 0 0 0 0 0 0 0 0 0 
1496 10 0 0 0 0 0 0 0 0 0 0 0 
1497 10 0 0 0 0 0 0 0 0 0 0 0 
1498 10 0 0 0 0 0 0 0 0 0 0 0 
1499 10 0 0 0 0 0 0 0 0 0 0 0 
1500 10 0 0 0 0 0 0 0 0 0 0 0 
1501 10 0 0 0 0 0 0 0 0 0 0 0 
1502 10 0 0 0 0 0 0 0 0 0 0 0 
1503 10 0 0 0 0 0 0 0 0 0 0 0 
1504 10 0 0 0 0 0 0 0 0 0 0 0 
1505 10 0 0 0 0 0 0 0 0 0 0 0 
1506 10 0 0 0 0 0 0 0 0 0 0 0 
1507 10 0 0 0 0 0 0 0 0 0 0 0 
1508 10 0 0 0 0 0 0 0 0 0 0 0 
1509 10 0 0 0 0 0 0 0 0 0 0 0 
1510 10 0 0 0 0 0 0 0 0 0 0 0 
1511 10 0 0 0 0 0 0 0 0 0 0 0 
1512 10 0 0 0 0 0 0 0 0 0 0 0 
1513 10 0 0 0 0 0 0 0 0 0 0 0 
1514 10 0 0 0 0 0 0 0 0 0 0 0 
1515 10 0 0 0 0 0 0 0 0 0 0 0 
1516 10 0 0 0 0 0 0 0 0 0 0 0 
1517 10 0 0 0 0 0 0 0 0 0 0 0 
1518 10 0 0 0 0 0 0 0 0 0 0 0 
1519 10 0 0 0 0 0 0 0 0 0 0 0 
1520 10 0 0 0 0 0 0 0 0 0 0 0 
1521 10 0 0 0 0 0 0 0 0 0 0 0 
1522 10 0 0 0 0 0 0 0 0 0 0 0 
1523 10 0 0 0 0 0 0 0 0 0 0 0 
1524 10 0 0 0 0 0 0 0 0 0 0 0 
1525 10 0 0 0 0 0 0 0 0 0 0 0 
1526 10 0 0 0 0 0 0 0 0 0 0 0 
1527 10 0 0 0 0 0 0 0 0 0 0 0 
1528 10 0 0 0 0 0 0 0 0 0 0 0 
1529 10 0 0 0 0 0 0 0 0 0 0 0 
1530 10 0 0 0 0 0 0 0 0 0 0 0 
1531 10 0 0 0 0 0 0 0 0 0 0 0 
1532 10 0 0 0 0 0 0 0 0 0 0 0 
1533 10 0 0 0 0 0 0 0 0 0 0 0 
1534 10 0 0 0 0 0 0 0 0 0 0 0 
1535 10 0 0 0 0 0 0 0 0 0 0 0 
1536 10 0 0 0 0 0 0 0 0 0 0 0 
1537 10 0 0 0 0 0 0 0 0 0 0 0 
1538 10 0 0 0 0 0 0 0 0 0 0 0 
1539 10 0 0 0 0 0 0 0 0 0 0 0 
1540 10 0 0 0 0 0 0 0 0 0 0 0 
1541 10 0 0 0 0 0 0 0 0 0 0 0 
1542 10 0 0 0 0 0 0 0 0 0 0 0 
1543 10 0 0 0 0 0 0 0 0 0 0 0 
1544 10 0 0 0 0 0 0 0 0 0 0 0 
1545 10 0 0 0 0 0 0 0 0 0 0 0 
1546 10 0 0 0 0 0 0 0 0 0 0 0 
1547 10 0 0 0 0 0 0 0 0 0 0 0 
1548 10 0 0 0 0 0 0 0 0 0 0 0 
1549 10 0 0 0 0 0 0 0 0 0 0 0 
1550 10 0 0 0 0 0 0 0 0 0 0 0 
1551 10 0 0 0 0 0 0 0 0 0 0 0 
1552 10 0 0 0 0 0 0 0 0 0 0 0 
1553 10 0 0 0 0 0 0 0 0 0 0 0 
1554 10 0 0 0 0 0 0 0 0 0 0 0 
1555 10 0 0 0 0 0 0 0 0 0 0 0 
1556 10 0 0 0 0 0 0 0 0 0 0 0 
1557 10 0 0 0 0 0 0 0 0 0 0 0 
1558 10 0 0 0 0 0 0 0 0 0 0 0 
1559 10 0 0 0 0 0 0 0 0 0 0 0 
1560 10 0 0 0 0 0 0 0 0 0 0 0 
1561 10 0 0 0 0 0 0 0 0 0 0 0 
1562 10 0 0 0 0 0 0 0 0 0 0 0 
1563 10 0 0 0 0 0 0 0 0 0 0 0 
1564 10 0 0 0 0 0 0 0 0 0 0 0 
1565 10 0 0 0 0 0 0 0 0 0 0 0 
1566 10 0 0 0 0 0 0 0 0 0 0 0 
1567 10 0 0 0 0 0 0 0 0 0 0 0 
1568 10 0 0 0 0 0 0 0 0 0 0 0 
1569 10 0 0 0 0 0 0 0 0 0 0 0 
1570 10 0 0 0 0 0 0 0 0 0 0 0 
1571 10 0 0 0 0 0 0 0 0 0 0 0 
1572 10 0 0 0 0 0 0 0 0 0 0 0 
1573 10 0 0 0 0 0 0 0 0 0 0 0 
1574 10 0 0 0 0 0 0 0 0 0 0 0 
1575 10 0 0 0 0 0 0 0 0 0 0 0 
1576 10 0 0 0 0 0 0 0 0 0 0 0 
1577 10 0 0 0 0 0 0 0 0 0 0 0 
1578 10 0 0 0 0 0 0 0 0 0 0 0 
1579 10 0 0 0 0 0 0 0 0 0 0 0 
1580 10 0 0 0 0 0 0 0 0 0 0 0 
1581 10 0 0 0 0 0 0 0 0 0 0 0 
1582 10 0 0 0 0 0 0 0 0 0 0 0 
1583 10 0 0 0 0 0 0 0 0 0 0 0 
1584 10 0 0 0 0 0 0 0 0 0 0 0 
1585 10 0 0 0 0 0 0 0 0 0 0 0 
1586 10 0 0 0 0 0 0 0 0 0 0 0 
1587 10 0 0 0 0 0 0 0 0 0 0 0 
1588 10 0 0 0 0 0 0 0 0 0 0 0 
1589 10 0 0 0 0 0 0 0 0 0 0 0 
1590 10 0 0 0 0 0 0 0 0 0 0 0 
1591 10 0 0 0 0 0 0 0 0 0 0 0 
1592 10 0 0 0 0 0 0 0 0 0 0 0 
1593 10 0 0 0 0 0 0 0 0 0 0 0 
1594 10 0 0 0 0 0 0 0 0 0 0 0 
1595 10 0 0 0 0 0 0 0 0 0 0 0 
1596 10 0 0 0 0 0 0 0 0 0 0 0 
1597 10 0 0 0 0 0 0 0 0 0 0 0 
1598 10 0 0 0 0 0 0 0 0 0 0 0 
1599 10 0 0 0 0 0 0 0 0 0 0 0 
1600 10 0 0 0 0 0 0 0 0 0 0 0 
1601 10 0 0 0 0 0 0 0 0 0 0 0 
1602 10 0 0 0 0 0 0 0 0 0 0 0 
1603 10 0 0 0 0 0 0 0 0 0 0 0 
1604 10 0 0 0 0 0 0 0 0 0 0 0 
1605 10 0 0 0 0 0 0 0 0 0 0 0 
1606 10 0 0 0 0 0 0 0 0 0 0 0 
1607 10 0 0 0 0 0 0 0 0 0 0 0 
1608 10 0 0 0 0 0 0 0 0 0 0 0 
1609 10 0 0 0 0 0 0 0 0 0 0 0 
1610 10 0 0 0 0 0 0 0 0 0 0 0 
1611 10 0 0 0 0 0 0 0 0 0 0 0 
1612 10 0 0 0 0 0 0 0 0 0 0 0 
1613 10 0 0 0 0 0 0 0 0 0 0 0 
1614 10 0 0 0 0 0 0 0 0 0 0 0 
1615 10 0 0 0 0 0 0 0 0 0 0 0 
1616 10 0 0 0 0 0 0 0 0 0 0 0 
1617 10 0 0 0 0 0 0 0 0 0 0 0 
1618 10 0 0 0 0 0 0 0 0 0 0 0 
1619 10 0 0 0 0 0 0 0 0 0 0 0 
1620 10 0 0 0 0 0 0 0 0 0 0 0 
1621 10 0 0 0 0 0 0 0 0 0 0 0 
1622 10 0 0 0 0 0 0 0 0 0 0 0 
1623 10 0 0 0 0 0 0 0 0 0 0 0 
1624 10 0 0 0 0 0 0 0 0 0 0 0 
1625 10 0 0 0 0 0 0 0 0 0 0 0 
1626 10 0 0 0 0 0 0 0 0 0 0 0 
1627 10 0 0 0 0 0 0 0 0 0 0 0 
1628 10 0 0 0 0 0 0 0 0 0 0 0 
1629 10 0 0 0 0 0 0 0 0 0 0 0 
1630 10 0 0 0 0 0 0 0 0 0 0 0 
1631 10 0 0 0 0 0 0 0 0 0 0 0 
1632 10 0 0 0 0 0 0 0 0 0 0 0 
1633 10 0 0 0 0 0 0 0 0 0 0 0 
1634 10 0 0 0 0 0 0 0 0 0 0 0 
1635 10 0 0 0 0 0 0 0 0 0 0 0 
1636 10 0 0 0 0 0 0 0 0 0 0 0 
1637 10 0 0 0 0 0 0 0 0 0 0 0 
1638 10 0 0 0 0 0 0 0 0 0 0 0 
1639 10 0 0 0 0 0 0 0 0 0 0 0 
1640 10 0 0 0 0 0 0 0 0 0 0 0 
1641 10 0 0 0 0 0 0 0 0 0 0 0 
1642 10 0 0 0 0 0 0 0 0 0 0 0 
1643 10 0 0 0 0 0 0 0 0 0 0 0 
1644 10 0 0 0 0 0 0 0 0 0 0 0 
1645 10 0 0 0 0 0 0 0 0 0 0 0 
1646 10 0 0 0 0 0 0 0 0 0 0 0 
1647 10 0 0 0 0 0 0 0 0 0 0 0 
1648 10 0 0 0 0 0 0 0 0 0 0 0 
1649 10 0 0 0 0 0 0 0 0 0 0 0 
1650 10 0 0 0 0 0 0 0 0 0 0 0 
1651 10 0 0 0 0 0 0 0 0 0 0 0 
1652 10 0 0 0 0 0 0 0 0 0 0 0 
1653 10 0 0 0 0 0 0 0 0 0 0 0 
1654 10 0 0 0 0 0 0 0 0 0 0 0 
1655 10 0 0 0 0 0 0 0 0 0 0 0 
1656 10 0 0 0 0 0 0 0 0 0 0 0 
1657 10 0 0 0 0 0 0 0 0 0 0 0 
1658 10 0 0 0 0 0 0 0 0 0 0 0 
1659 10 0 0 0 0 0 0 0 0 0 0 0 
1660 10 0 0 0 0 0 0 0 0 0 0 0 
1661 10 0 0 0 0 0 0 0 0 0 0 0 
1662 10 0 0 0 0 0 0 0 0 0 0 0 
1663 10 0 0 0 0 0 0 0 0 0 0 0 
1664 10 0 0 0 0 0 0 0 0 0 0 0 
1665 10 0 0 0 0 0 0 0 0 0 0 0 
1666 10 0 0 0 0 0 0 0 0 0 0 0 
1667 10 0 0 0 0 0 0 0 0 0 0 0 
1668 10 0 0 0 0 0 0 0 0 0 0 0 
1669 10 0 0 0 0 0 0 0 0 0 0 0 
1670 10 0 0 0 0 0 0 0 0 0 0 0 
1671 10 0 0 0 0 0 0 0 0 0 0 0 
1672 10 0 0 0 0 0 0 0 0 0 0 0 
1673 10 0 0 0 0 0 0 0 0 0 0 0 
1674 10 0 0 0 0 0 0 0 0 0 0 0 
1675 10 0 0 0 0 0 0 0 0 0 0 0 
1676 10 0 0 0 0 0 0 0 0 0 0 0 
1677 10 0 0 0 0 0 0 0 0 0 0 0 
1678 10 0 0 0 0 0 0 0 0 0 0 0 
1679 10 0 0 0 0 0 0 0 0 0 0 0 
1680 10 0 0 0 0 0 0 0 0 0 0 0 
1681 10 0 0 0 0 0 0 0 0 0 0 0 
1682 10 0 0 0 0 0 0 0 0 0 0 0 
1683 10 0 0 0 0 0 0 0 0 0 0 0 
1684 10 0 0 0 0 0 0 0 0 0 0 0 
1685 10 0 0 0 0 0 0 0 0 0 0 0 
1686 10 0 0 0 0 0 0 0 0 0 0 0 
1687 10 0 0 0 0 0 0 0 0 0 0 0 
1688 10 0 0 0 0 0 0 0 0 0 0 0 
1689 10 0 0 0 0 0 0 0 0 0 0 0 
1690 10 0 0 0 0 0 0 0 0 0 0 0 
1691 10 0 0 0 0 0 0 0 0 0 0 0 
1692 10 0 0 0 0 0 0 0 0 0 0 0 
1693 10 0 0 0 0 0 0 0 0 0 0 0 
1694 10 0 0 0 0 0 0 0 0 0 0 0 
1695 10 0 0 0 0 0 0 0 0 0 0 0 
1696 10 0 0 0 0 0 0 0 0 0 0 0 
1697 10 0 0 0 0 0 0 0 0 0 0 0 
1698 10 0 0 0 0 0 0 0 0 0 0 0 
1699 10 0 0 0 0 0 0 0 0 0 0 0 
1700 10 0 0 0 0 0 0 0 0 0 0 0 
1701 10 0 0 0 0 0 0 0 0 0 0 0 
1702 10 0 0 0 0 0 0 0 0 0 0 0 
1703 10 0 0 0 0 0 0 0 0 0 0 0 
1704 10 0 0 0 0 0 0 0 0 0 0 0 
1705 10 0 0 0 0 0 0 0 0 0 0 0 
1706 10 0 0 0 0 0 0 0 0 0 0 0 
1707 10 0 0 0 0 0 0 0 0 0 0 0 
1708 10 0 0 0 0 0 0 0 0 0 0 0 
1709 10 0 0 0 0 0 0 0 0 0 0 0 
1710 10 0 0 0 0 0 0 0 0 0 0 0 
1711 10 0 0 0 0 0 0 0 0 0 0 0 
1712 10 0 0 0 0 0 0 0 0 0 0 0 
1713 10 0 0 0 0 0 0 0 0 0 0 0 
1714 10 0 0 0 0 0 0 0 0 0 0 0 
1715 10 0 0 0 0 0 0 0 0 0 0 0 
1716 10 0 0 0 0 0 0 0 0 0 0 0 
1717 10 0 0 0 0 0 0 0 0 0 0 0 
1718 10 0 0 0 0 0 0 0 0 0 0 0 
1719 10 0 0 0 0 0 0 0 0 0 0 0 
1720 10 0 0 0 0 0 0 0 0 0 0 0 
1721 10 0 0 0 0 0 0 0 0 0 0 0 
1722 10 0 0 0 0 0 0 0 0 0 0 0 
1723 10 0 0 0 0 0 0 0 0 0 0 0 
1724 10 0 0 0 0 0 0 0 0 0 0 0 
1725 10 0 0 0 0 0 0 0 0 0 0 0 
1726 10 0 0 0 0 0 0 0 0 0 0 0 
1727 10 0 0 0 0 0 0 0 0 0 0 0 
1728 10 0 0 0 0 0 0 0 0 0 0 0 
1729 10 0 0 0 0 0 0 0 0 0 0 0 
1730 10 0 0 0 0 0 0 0 0 0 0 0 
1731 10 0 0 0 0 0 0 0 0 0 0 0 
1732 10 0 0 0 0 0 0 0 0 0 0 0 
1733 10 0 0 0 0 0 0 0 0 0 0 0 
1734 10 0 0 0 0 0 0 0 0 0 0 0 
1735 10 0 0 0 0 0 0 0 0 0 0 0 
1736 10 0 0 0 0 0 0 0 0 0 0 0 
1737 10 0 0 0 0 0 0 0 0 0 0 0 
1738 10 0 0 0 0 0 0 0 0 0 0 0 
1739 10 0 0 0 0 0 0 0 0 0 0 0 
1740 10 0 0 0 0 0 0 0 0 0 0 0 
1741 10 0 0 0 0 0 0 0 0 0 0 0 
1742 10 0 0 0 0 0 0 0 0 0 0 0 
1743 10 0 0 0 0 0 0 0 0 0 0 0 
1744 10 0 0 0 0 0 0 0 0 0 0 0 
1745 10 0 0 0 0 0 0 0 0 0 0 0 
1746 10 0 0 0 0 0 0 0 0 0 0 0 
1747 10 0 0 0 0 0 0 0 0 0 0 0 
1748 10 0 0 0 0 0 0 0 0 0 0 0 
1749 10 0 0 0 0 0 0 0 0 0 0 0 
1750 10 0 0 0 0 0 0 0 0 0 0 0 
1751 10 0 0 0 0 0 0 0 0 0 0 0 
1752 10 0 0 0 0 0 0 0 0 0 0 0 
1753 10 0 0 0 0 0 0 0 0 0 0 0 
1754 10 0 0 0 0 0 0 0 0 0 0 0 
1755 10 0 0 0 0 0 0 0 0 0 0 0 
1756 10 0 0 0 0 0 0 0 0 0 0 0 
1757 10 0 0 0 0 0 0 0 0 0 0 0 
1758 10 0 0 0 0 0 0 0 0 0 0 0 
1759 10 0 0 0 0 0 0 0 0 0 0 0 
1760 10 0 0 0 0 0 0 0 0 0 0 0 
1761 10 0 0 0 0 0 0 0 0 0 0 0 
1762 10 0 0 0 0 0 0 0 0 0 0 0 
1763 10 0 0 0 0 0 0 0 0 0 0 0 
1764 10 0 0 0 0 0 0 0 0 0 0 0 
1765 10 0 0 0 0 0 0 0 0 0 0 0 
1766 10 0 0 0 0 0 0 0 0 0 0 0 
1767 10 0 0 0 0 0 0 0 0 0 0 0 
1768 10 0 0 0 0 0 0 0 0 0 0 0 
1769 10 0 0 0 0 0 0 0 0 0 0 0 
1770 10 0 0 0 0 0 0 0 0 0 0 0 
1771 10 0 0 0 0 0 0 0 0 0 0 0 
1772 10 0 0 0 0 0 0 0 0 0 0 0 
1773 10 0 0 0 0 0 0 0 0 0 0 0 
1774 10 0 0 0 0 0 0 0 0 0 0 0 
1775 10 0 0 0 0 0 0 0 0 0 0 0 
1776 10 0 0 0 0 0 0 0 0 0 0 0 
1777 10 0 0 0 0 0 0 0 0 0 0 0 
1778 10 0 0 0 0 0 0 0 0 0 0 0 
1779 10 0 0 0 0 0 0 0 0 0 0 0 
1780 10 0 0 0 0 0 0 0 0 0 0 0 
1781 10 0 0 0 0 0 0 0 0 0 0 0 
1782 10 0 0 0 0 0 0 0 0 0 0 0 
1783 10 0 0 0 0 0 0 0 0 0 0 0 
1784 10 0 0 0 0 0 0 0 0 0 0 0 
1785 10 0 0 0 0 0 0 0 0 0 0 0 
1786 10 0 0 0 0 0 0 0 0 0 0 0 
1787 10 0 0 0 0 0 0 0 0 0 0 0 
1788 10 0 0 0 0 0 0 0 0 0 0 0 
1789 10 0 0 0 0 0 0 0 0 0 0 0 
1790 10 0 0 0 0 0 0 0 0 0 0 0 
1791 10 0 0 0 0 0 0 0 0 0 0 0 
1792 10 0 0 0 0 0 0 0 0 0 0 0 
1793 10 0 0 0 0 0 0 0 0 0 0 0 
1794 10 0 0 0 0 0 0 0 0 0 0 0 
1795 10 0 0 0 0 0 0 0 0 0 0 0 
1796 10 0 0 0 0 0 0 0 0 0 0 0 
1797 10 0 0 0 0 0 0 0 0 0 0 0 
1798 10 0 0 0 0 0 0 0 0 0 0 0 
1799 10 0 0 0 0 0 0 0 0 0 0 0 
1800 10 0 0 0 0 0 0 0 0 0 0 0 
1801 10 0 0 0 0 0 0 0 0 0 0 0 
1802 10 0 0 0 0 0 0 0 0 0 0 0 
1803 10 0 0 0 0 0 0 0 0 0 0 0 
1804 10 0 0 0 0 0 0 0 0 0 0 0 
1805 10 0 0 0 0 0 0 0 0 0 0 0 
1806 10 0 0 0 0 0 0 0 0 0 0 0 
1807 10 0 0 0 0 0 0 0 0 0 0 0 
1808 10 0 0 0 0 0 0 0 0 0 0 0 
1809 10 0 0 0 0 0 0 0 0 0 0 0 
1810 10 0 0 0 0 0 0 0 0 0 0 0 
1811 10 0 0 0 0 0 0 0 0 0 0 0 
1812 10 0 0 0 0 0 0 0 0 0 0 0 
1813 10 0 0 0 0 0 0 0 0 0 0 0 
1814 10 0 0 0 0 0 0 0 0 0 0 0 
1815 10 0 0 0 0 0 0 0 0 0 0 0 
1816 10 0 0 0 0 0 0 0 0 0 0 0 
1817 10 0 0 0 0 0 0 0 0 0 0 0 
1818 10 0 0 0 0 0 0 0 0 0 0 0 
1819 10 0 0 0 0 0 0 0 0 0 0 0 
1820 10 0 0 0 0 0 0 0 0 0 0 0 
1821 10 0 0 0 0 0 0 0 0 0 0 0 
1822 10 0 0 0 0 0 0 0 0 0 0 0 
1823 10 0 0 0 0 0 0 0 0 0 0 0 
1824 10 0 0 0 0 0 0 0 0 0 0 0 
1825 10 0 0 0 0 0 0 0 0 0 0 0 
1826 10 0 0 0 0 0 0 0 0 0 0 0 
1827 10 0 0 0 0 0 0 0 0 0 0 0 
1828 10 0 0 0 0 0 0 0 0 0 0 0 
1829 10 0 0 0 0 0 0 0 0 0 0 0 
1830 10 0 0 0 0 0 0 0 0 0 0 0 
1831 10 0 0 0 0 0 0 0 0 0 0 0 
1832 10 0 0 0 0 0 0 0 0 0 0 0 
1833 10 0 0 0 0 0 0 0 0 0 0 0 
1834 10 0 0 0 0 0 0 0 0 0 0 0 
1835 10 0 0 0 0 0 0 0 0 0 0 0 
1836 10 0 0 0 0 0 0 0 0 0 0 0 
1837 10 0 0 0 0 0 0 0 0 0 0 0 
1838 10 0 0 0 0 0 0 0 0 0 0 0 
1839 10 0 0 0 0 0 0 0 0 0 0 0 
1840 10 0 0 0 0 0 0 0 0 0 0 0 
1841 10 0 0 0 0 0 0 0 0 0 0 0 
1842 10 0 0 0 0 0 0 0 0 0 0 0 
1843 10 0 0 0 0 0 0 0 0 0 0 0 
1844 10 0 0 0 0 0 0 0 0 0 0 0 
1845 10 0 0 0 0 0 0 0 0 0 0 0 
1846 10 0 0 0 0 0 0 0 0 0 0 0 
1847 10 0 0 0 0 0 0 0 0 0 0 0 
1848 10 0 0 0 0 0 0 0 0 0 0 0 
1849 10 0 0 0 0 0 0 0 0 0 0 0 
1850 10 0 0 0 0 0 0 0 0 0 0 0 
1851 10 0 0 0 0 0 0 0 0 0 0 0 
1852 10 0 0 0 0 0 0 0 0 0 0 0 
1853 10 0 0 0 0 0 0 0 0 0 0 0 
1854 10 0 0 0 0 0 0 0 0 0 0 0 
1855 10 0 0 0 0 0 0 0 0 0 0 0 
1856 10 0 0 0 0 0 0 0 0 0 0 0 
1857 10 0 0 0 0 0 0 0 0 0 0 0 
1858 10 0 0 0 0 0 0 0 0 0 0 0 
1859 10 0 0 0 0 0 0 0 0 0 0 0 
1860 10 0 0 0 0 0 0 0 0 0 0 0 
1861 10 0 0 0 0 0 0 0 0 0 0 0 
1862 10 0 0 0 0 0 0 0 0 0 0 0 
1863 10 0 0 0 0 0 0 0 0 0 0 0 
1864 10 0 0 0 0 0 0 0 0 0 0 0 
1865 10 0 0 0 0 0 0 0 0 0 0 0 
1866 10 0 0 0 0 0 0 0 0 0 0 0 
1867 10 0 0 0 0 0 0 0 0 0 0 0 
1868 10 0 0 0 0 0 0 0 0 0 0 0 
1869 10 0 0 0 0 0 0 0 0 0 0 0 
1870 10 0 0 0 0 0 0 0 0 0 0 0 
1871 10 0 0 0 0 0 0 0 0 0 0 0 
1872 10 0 0 0 0 0 0 0 0 0 0 0 
1873 10 0 0 0 0 0 0 0 0 0 0 0 
1874 10 0 0 0 0 0 0 0 0 0 0 0 
1875 10 0 0 0 0 0 0 0 0 0 0 0 
1876 10 0 0 0 0 0 0 0 0 0 0 0 
1877 10 0 0 0 0 0 0 0 0 0 0 0 
1878 10 0 0 0 0 0 0 0 0 0 0 0 
1879 10 0 0 0 0 0 0 0 0 0 0 0 
1880 10 0 0 0 0 0 0 0 0 0 0 0 
1881 10 0 0 0 0 0 0 0 0 0 0 0 
1882 10 0 0 0 0 0 0 0 0 0 0 0 
1883 10 0 0 0 0 0 0 0 0 0 0 0 
1884 10 0 0 0 0 0 0 0 0 0 0 0 
1885 10 0 0 0 0 0 0 0 0 0 0 0 
1886 10 0 0 0 0 0 0 0 0 0 0 0 
1887 10 0 0 0 0 0 0 0 0 0 0 0 
1888 10 0 0 0 0 0 0 0 0 0 0 0 
1889 10 0 0 0 0 0 0 0 0 0 0 0 
1890 10 0 0 0 0 0 0 0 0 0 0 0 
1891 10 0 0 0 0 0 0 0 0 0 0 0 
1892 10 0 0 0 0 0 0 0 0 0 0 0 
1893 10 0 0 0 0 0 0 0 0 0 0 0 
1894 10 0 0 0 0 0 0 0 0 0 0 0 
1895 10 0 0 0 0 0 0 0 0 0 0 0 
1896 10 0 0 0 0 0 0 0 0 0 0 0 
1897 10 0 0 0 0 0 0 0 0 0 0 0 
1898 10 0 0 0 0 0 0 0 0 0 0 0 
1899 10 0 0 0 0 0 0 0 0 0 0 0 
1900 10 0 0 0 0 0 0 0 0 0 0 0 
1901 10 0 0 0 0 0 0 0 0 0 0 0 
1902 10 0 0 0 0 0 0 0 0 0 0 0 
1903 10 0 0 0 0 0 0 0 0 0 0 0 
1904 10 0 0 0 0 0 0 0 0 0 0 0 
1905 10 0 0 0 0 0 0 0 0 0 0 0 
1906 10 0 0 0 0 0 0 0 0 0 0 0 
1907 10 0 0 0 0 0 0 0 0 0 0 0 
1908 10 0 0 0 0 0 0 0 0 0 0 0 
1909 10 0 0 0 0 0 0 0 0 0 0 0 
1910 10 0 0 0 0 0 0 0 0 0 0 0 
1911 10 0 0 0 0 0 0 0 0 0 0 0 
1912 10 0 0 0 0 0 0 0 0 0 0 0 
1913 10 0 0 0 0 0 0 0 0 0 0 0 
1914 10 0 0 0 0 0 0 0 0 0 0 0 
1915 10 0 0 0 0 0 0 0 0 0 0 0 
1916 10 0 0 0 0 0 0 0 0 0 0 0 
1917 10 0 0 0 0 0 0 0 0 0 0 0 
1918 10 0 0 0 0 0 0 0 0 0 0 0 
1919 10 0 0 0 0 0 0 0 0 0 0 0 
1920 10 0 0 0 0 0 0 0 0 0 0 0 
1921 10 0 0 0 0 0 0 0 0 0 0 0 
1922 10 0 0 0 0 0 0 0 0 0 0 0 
1923 10 0 0 0 0 0 0 0 0 0 0 0 
1924 10 0 0 0 0 0 0 0 0 0 0 0 
1925 10 0 0 0 0 0 0 0 0 0 0 0 
1926 10 0 0 0 0 0 0 0 0 0 0 0 
1927 10 0 0 0 0 0 0 0 0 0 0 0 
1928 10 0 0 0 0 0 0 0 0 0 0 0 
1929 10 0 0 0 0 0 0 0 0 0 0 0 
1930 10 0 0 0 0 0 0 0 0 0 0 0 
1931 10 0 0 0 0 0 0 0 0 0 0 0 
1932 10 0 0 0 0 0 0 0 0 0 0 0 
1933 10 0 0 0 0 0 0 0 0 0 0 0 
1934 10 0 0 0 0 0 0 0 0 0 0 0 
1935 10 0 0 0 0 0 0 0 0 0 0 0 
1936 10 0 0 0 0 0 0 0 0 0 0 0 
1937 10 0 0 0 0 0 0 0 0 0 0 0 
1938 10 0 0 0 0 0 0 0 0 0 0 0 
1939 10 0 0 0 0 0 0 0 0 0 0 0 
1940 10 0 0 0 0 0 0 0 0 0 0 0 
1941 10 0 0 0 0 0 0 0 0 0 0 0 
1942 10 0 0 0 0 0 0 0 0 0 0 0 
1943 10 0 0 0 0 0 0 0 0 0 0 0 
1944 10 0 0 0 0 0 0 0 0 0 0 0 
1945 10 0 0 0 0 0 0 0 0 0 0 0 
1946 10 0 0 0 0 0 0 0 0 0 0 0 
1947 10 0 0 0 0 0 0 0 0 0 0 0 
1948 10 0 0 0 0 0 0 0 0 0 0 0 
1949 10 0 0 0 0 0 0 0 0 0 0 0 
1950 10 0 0 0 0 0 0 0 0 0 0 0 
1951 10 0 0 0 0 0 0 0 0 0 0 0 
1952 10 0 0 0 0 0 0 0 0 0 0 0 
1953 10 0 0 0 0 0 0 0 0 0 0 0 
1954 10 0 0 0 0 0 0 0 0 0 0 0 
1955 10 0 0 0 0 0 0 0 0 0 0 0 
1956 10 0 0 0 0 0 0 0 0 0 0 0 
1957 10 0 0 0 0 0 0 0 0 0 0 0 
1958 10 0 0 0 0 0 0 0 0 0 0 0 
1959 10 0 0 0 0 0 0 0 0 0 0 0 
1960 10 0 0 0 0 0 0 0 0 0 0 0 
1961 10 0 0 0 0 0 0 0 0 0 0 0 
1962 10 0 0 0 0 0 0 0 0 0 0 0 
1963 10 0 0 0 0 0 0 0 0 0 0 0 
1964 10 0 0 0 0 0 0 0 0 0 0 0 
1965 10 0 0 0 0 0 0 0 0 0 0 0 
1966 10 0 0 0 0 0 0 0 0 0 0 0 
1967 10 0 0 0 0 0 0 0 0 0 0 0 
1968 10 0 0 0 0 0 0 0 0 0 0 0 
1969 10 0 0 0 0 0 0 0 0 0 0 0 
1970 10 0 0 0 0 0 0 0 0 0 0 0 
1971 10 0 0 0 0 0 0 0 0 0 0 0 
1972 10 0 0 0 0 0 0 0 0 0 0 0 
1973 10 0 0 0 0 0 0 0 0 0 0 0 
1974 10 0 0 0 0 0 0 0 0 0 0 0 
1975 10 108 0 0 0 0 0 0 0 0 0 0 
1976 10 109 0 0 0 0 0 0 0 0 0 0 
1977 10 0 0 0 0 0 0 0 0 0 0 0 
1978 10 0 0 0 0 0 0 0 0 0 0 0 
1979 10 0 0 0 0 0 0 0 0 0 0 0 
1980 10 0 0 0 0 0 0 0 0 0 0 0 
1981 10 0 0 0 0 0 0 0 0 0 0 0 
1982 10 0 0 0 0 0 0 0 0 0 0 0 
1983 10 0 0 0 0 0 0 0 0 0 0 0 
1984 10 0 0 0 0 0 0 0 0 0 0 0 
1985 10 0 0 0 0 0 0 0 0 0 0 0 
1986 10 0 0 0 0 0 0 0 0 0 0 0 
1987 10 0 0 0 0 0 0 0 0 0 0 0 
1988 10 0 0 0 0 0 0 0 0 0 0 0 
1989 10 0 0 0 0 0 0 0 0 0 0 0 
1990 10 0 0 0 0 0 0 0 0 0 0 0 
1991 10 0 0 0 0 0 0 0 0 0 0 0 
1992 10 0 0 0 0 0 0 0 0 0 0 0 
1993 10 0 0 0 0 0 0 0 0 0 0 0 
1994 10 0 0 0 0 0 0 0 0 0 0 0 
1995 10 0 0 0 0 0 0 0 0 0 0 0 
1996 10 0 0 0 0 0 0 0 0 0 0 0 
1997 10 0 0 0 0 0 0 0 0 0 0 0 
1998 10 0 0 0 0 0 0 0 0 0 0 0 
1999 10 0 0 0 0 0 0 0 0 0 0 0 
2000 10 0 0 0 0 0 0 0 0 0 0 0 
2001 10 0 0 0 0 0 0 0 0 0 0 0 
2002 10 0 0 0 0 0 0 0 0 0 0 0 
2003 10 0 0 0 0 0 0 0 0 0 0 0 
2004 10 0 0 0 0 0 0 0 0 0 0 0 
2005 10 0 0 0 0 0 0 0 0 0 0 0 
2006 10 0 0 0 0 0 0 0 0 0 0 0 
2007 10 0 0 0 0 0 0 0 0 0 0 0 
2008 10 0 0 0 0 0 0 0 0 0 0 0 
2009 10 0 0 0 0 0 0 0 0 0 0 0 
2010 10 0 0 0 0 0 0 0 0 0 0 0 
2011 10 0 0 0 0 0 0 0 0 0 0 0 
2012 10 0 0 0 0 0 0 0 0 0 0 0 
2013 10 0 0 0 0 0 0 0 0 0 0 0 
2014 10 0 0 0 0 0 0 0 0 0 0 0 
2015 10 0 0 0 0 0 0 0 0 0 0 0 
2016 10 0 0 0 0 0 0 0 0 0 0 0 
2017 10 0 0 0 0 0 0 0 0 0 0 0 
2018 10 0 0 0 0 0 0 0 0 0 0 0 
2019 10 0 0 0 0 0 0 0 0 0 0 0 
2020 10 0 0 0 0 0 0 0 0 0 0 0 
2021 10 116 0 0 0 0 0 0 0 0 0 0 
2022 10 117 0 0 0 0 0 0 0 0 0 0 
2023 10 0 0 0 0 0 0 0 0 0 0 0 
2024 10 0 0 0 0 0 0 0 0 0 0 0 
2025 10 0 0 0 0 0 0 0 0 0 0 0 
2026 10 0 0 0 0 0 0 0 0 0 0 0 
2027 10 0 0 0 0 0 0 0 0 0 0 0 
2028 10 0 0 0 0 0 0 0 0 0 0 0 
2029 10 0 0 0 0 0 0 0 0 0 0 0 
2030 10 0 0 0 0 0 0 0 0 0 0 0 
2031 10 0 0 0 0 0 0 0 0 0 0 0 
2032 10 0 0 0 0 0 0 0 0 0 0 0 
2033 10 0 0 0 0 0 0 0 0 0 0 0 
2034 10 0 0 0 0 0 0 0 0 0 0 0 
2035 10 0 0 0 0 0 0 0 0 0 0 0 
2036 10 0 0 0 0 0 0 0 0 0 0 0 
2037 10 0 0 0 0 0 0 0 0 0 0 0 
2038 10 0 0 0 0 0 0 0 0 0 0 0 
2039 10 0 0 0 0 0 0 0 0 0 0 0 
2040 10 0 0 0 0 0 0 0 0 0 0 0 
2041 10 0 0 0 0 0 0 0 0 0 0 0 
2042 10 0 0 0 0 0 0 0 0 0 0 0 
2043 10 0 0 0 0 0 0 0 0 0 0 0 
2044 10 0 0 0 0 0 0 0 0 0 0 0 
2045 10 0 0 0 0 0 0 0 0 0 0 0 
2046 10 0 0 0 0 0 0 0 0 0 0 0 

0 8 2 0 0.983923 9 19 -26 16 -29 19 1 16 -32 16 -26 16 4 19 16 16 40 19 4 6 0.43038 1 30 37 
1 8 2 0 0.798658 7 19 49 -2 52 -23 49 -26 46 -5 49 -20 49 -23 49 6 0.920993 12 27 13 9 52 24 52 -15 43 -9 46 15 46 18 49 12 46 3 49 -12 46 -21 46 -15 46 
2 8 2 0 0.298246 1 1 46 6 0.990893 16 21 52 -6 49 33 34 24 37 24 -8 33 28 30 -2 33 -23 33 7 24 -17 27 -23 -9 49 0 49 -6 49 12 46 27 -35 
3 8 2 5 0.994587 21 56 -3 56 3 53 24 47 12 59 -21 44 -51 -37 30 -43 3 -40 12 -46 -12 35 -3 32 24 59 6 32 27 -46 -30 59 18 -52 -57 -40 -24 -34 -6 -49 -54 -40 -21 7 0.244604 1 55 1 
4 8 5 0 0.840989 7 13 -29 19 34 16 1 16 13 19 37 22 -38 19 -8 1 0.311927 1 17 22 4 0.693878 4 -35 12 31 21 43 -24 43 -21 5 0.368421 1 59 6 6 0.610778 3 30 -17 27 13 36 22 
5 8 3 1 0.751381 4 20 19 20 25 8 31 11 34 2 0.552846 2 25 24 22 -12 4 0.88806 7 37 3 10 51 19 48 10 45 -23 33 34 15 -20 39 
6 8 7 0 0.744526 6 -29 49 -17 55 -14 55 -17 55 -14 55 -23 52 1 0.545455 3 35 1 38 -17 26 31 2 0.263566 1 -11 87 4 0.263566 1 7 54 5 0.315315 1 -7 39 6 0.785479 7 18 55 30 34 -6 55 6 55 9 52 27 52 -9 55 7 0.263566 1 43 -35 
7 8 5 1 0.859551 9 23 4 26 1 -19 -11 -16 -32 -22 -26 -7 -32 38 -20 29 -5 20 7 2 0.444444 2 4 60 4 60 4 0.64455 4 19 48 -23 -39 31 36 -20 -18 5 0.621302 3 32 12 -7 27 29 36 7 0.274194 1 1 -17 
8 8 6 1 0.610778 42 -10 -23 35 -20 -7 -29 32 -5 29 -2 32 -5 -19 -35 -4 -35 29 7 -22 -14 -10 -35 26 7 -16 -14 26 -26 26 -11 29 -8 -7 -14 -25 -14 8 -29 -1 -20 -13 28 -19 -8 -13 -14 -13 -11 -10 -35 5 -29 -7 -17 32 -17 29 -23 -10 -11 -10 -8 -13 -5 32 -11 -13 -23 -10 -8 -16 -11 29 -17 -4 -8 29 -29 -16 -32 -13 -17 23 22 2 0.548908 34 -20 12 19 54 -20 27 -20 48 -8 45 -26 33 -23 21 -17 36 1 66 -5 66 16 63 7 84 -11 87 13 -39 -8 30 -14 -75 22 -66 -5 30 -8 27 -11 27 -20 42 -26 18 -11 69 4 84 -23 60 -2 33 7 84 -17 63 -26 -9 22 18 22 36 19 6 19 15 22 24 3 0.412955 21 24 -17 24 1 27 -8 27 -29 24 31 24 -5 27 31 27 28 24 -35 24 -5 -27 -5 24 -32 -30 -2 -30 7 -27 22 -27 13 -30 -20 -30 -26 -27 34 -30 -38 -27 19 4 0.61766 43 -23 -27 -20 -15 46 15 -29 -12 -17 21 22 21 -14 9 22 27 16 51 19 27 -2 -18 40 21 -23 -42 40 -42 -29 -30 -2 -45 -11 54 7 57 -26 27 -5 -3 -2 -21 -23 3 -14 0 -20 -45 -20 -42 -8 -57 28 15 25 -9 -20 0 25 18 -29 27 -17 -51 -29 12 34 -57 -17 -30 -8 24 -26 -54 -17 0 -14 -24 -17 -51 -26 -42 -17 -30 -20 -42 5 0.418131 17 32 15 65 36 8 -51 32 33 2 33 35 30 -4 -6 -43 36 -61 36 38 42 -4 -24 59 -36 59 -6 26 -15 38 33 59 -45 -64 -57 7 0.743715 67 31 -11 -8 13 -5 13 34 13 31 -26 -23 -11 34 -50 -14 25 -26 -26 -26 -23 -26 -26 -17 -50 -26 16 -29 4 40 13 -11 13 37 -44 -17 28 -26 -11 -14 7 -5 22 -11 -50 31 22 -26 -5 25 28 31 22 -26 25 31 25 4 16 -29 25 -20 -38 37 -38 -17 22 -14 22 -23 7 -17 -11 16 28 28 28 34 -38 -5 -44 -23 31 -32 25 -32 28 -23 -11 -14 31 -26 31 -2 1 -14 -38 -14 -35 -17 31 31 -32 31 -35 -14 1 37 -23 -8 -11 34 -20 31 -20 -14 4 37 -8 34 -8 -20 -14 64 -32 37 -5 1 -5 -23 -47 31 -38 34 -50 
9 8 2 2 0.976077 6 22 60 10 87 7 90 19 60 13 84 28 -69 4 0.53125 1 46 6 
10 8 7 0 0.492754 2 19 4 19 -26 1 0.492754 2 32 -29 -4 31 2 0.492754 2 25 0 28 39 3 0.311927 1 27 -14 4 0.693878 4 46 -21 49 9 49 3 46 -48 6 0.693878 4 36 -20 36 -11 30 49 30 40 7 0.311927 1 37 -11 
11 8 2 3 0.987893 12 30 22 33 -35 27 16 33 -38 27 19 24 52 27 1 27 7 27 37 27 34 30 28 24 10 4 0.361702 1 43 -15 
12 8 2 1 0.985507 10 2 -29 2 -35 5 -32 32 -26 -16 -23 20 13 2 -11 2 -20 2 -26 17 13 4 0.404762 1 37 30 
13 8 3 1 0.660194 2 26 37 32 -23 2 0.772727 3 25 -75 28 48 22 48 4 0.84472 4 43 12 43 -54 43 -39 40 -33 
14 8 2 1 0.343434 1 29 -23 4 0.988814 13 -23 21 -20 60 13 60 -17 24 -8 60 -20 -45 -26 18 -17 15 7 21 -5 18 10 24 7 18 -20 27 
15 8 5 1 0.492754 2 -22 -5 -19 -23 3 0.311927 1 -27 40 4 0.755556 5 -32 -6 -29 -27 40 -39 -29 15 -26 -3 5 0.66879 3 2 12 -58 0 -58 -39 7 0.755556 5 -35 -5 -29 -50 -23 -5 -26 19 -14 -41 
16 8 4 1 0.922481 7 -7 -17 2 -32 -1 -32 -16 -26 -16 -26 -19 -17 5 -26 4 0.404762 1 -20 3 5 0.466667 1 -1 -6 7 0.60177 2 -5 -38 -26 -32 
17 8 3 1 0.62963 2 2 31 -16 10 4 0.940711 7 -38 -18 10 42 -35 -6 31 12 -32 -48 34 -48 -35 -9 7 0.43038 1 -29 -50 
18 8 2 1 0.976077 6 8 37 -4 22 -19 16 26 -5 -28 -2 -28 -5 5 0.59322 1 -46 33 
19 8 5 1 0.541833 4 -16 4 -1 16 -10 4 -4 4 2 0.660194 6 -23 -6 1 42 -5 42 -14 -33 -14 -30 4 -12 4 0.660194 6 -32 3 -29 -30 -29 -9 22 9 22 -30 19 -21 5 0.786517 8 8 -12 -25 15 8 -15 -13 -15 8 -57 20 12 -4 -3 -13 33 7 0.459459 3 25 -26 22 -23 19 -23 
20 8 5 1 0.772727 10 26 -20 2 10 -4 22 5 7 23 -20 -13 10 -13 7 -28 -2 -10 13 11 22 2 0.511278 4 10 -66 10 -6 -8 -3 13 0 4 0.62963 6 25 -57 -35 -27 31 -9 28 9 22 -54 37 -45 5 0.57377 4 8 36 11 -18 -34 9 5 -12 7 0.62963 6 -26 -47 34 7 31 -47 25 -8 25 -17 22 -29 
21 8 5 1 0.476807 13 5 31 17 -32 -28 -5 23 -32 20 -35 23 -32 -13 7 -28 -11 -28 -8 -31 -23 26 -23 -1 31 20 -29 2 0.897785 62 7 9 19 45 4 -63 10 -3 7 -33 -14 -33 1 -51 -11 12 4 18 -11 -42 7 -39 7 -9 4 27 -11 6 -17 -9 13 3 -20 -42 -8 -30 10 -33 7 -54 10 -57 10 -39 -23 -12 1 12 -2 -36 13 -54 1 -30 7 -36 7 9 -14 0 -23 -30 10 24 16 33 16 -42 13 18 13 -39 -23 -3 -17 -63 10 -30 10 -27 7 -36 -26 3 4 -54 -2 18 -29 21 -29 39 -26 -6 19 3 10 36 -17 48 -23 -63 16 -72 -23 -54 10 -15 -2 12 -8 84 16 48 -29 -78 13 -72 -17 51 -5 84 13 42 4 0.554171 17 -38 -3 34 -3 -17 51 25 0 22 -57 -29 -45 -38 6 28 -33 34 -21 25 -15 -41 -3 -32 -30 22 -24 -32 -3 -17 39 -38 -48 -41 -27 5 0.466667 10 -22 -27 17 -48 8 -48 2 -48 -7 -48 -13 -33 -31 -27 2 3 -28 -33 -13 -45 7 0.347826 8 22 -20 28 -38 -29 -5 -29 4 25 -2 -29 19 -29 22 25 1 
22 8 3 1 0.115646 1 -10 4 2 0.994266 51 -26 -63 -23 -60 -11 -63 -26 39 -14 -72 -23 -66 -17 -51 -17 -57 -17 -15 -11 -33 -17 -27 -8 -39 -17 -15 -14 -57 -20 -60 -2 -63 -8 -54 -5 -12 -5 -6 -17 -51 -20 12 -8 39 -14 -51 4 -72 -17 24 -14 -21 -11 -48 -17 30 -11 -69 4 -45 4 -36 -5 12 -14 -15 -17 15 -11 -27 4 6 -5 -75 -17 27 4 6 1 -30 -5 -48 -20 -81 -14 12 1 -3 -11 9 -2 9 4 15 1 27 7 18 -17 30 -2 12 5 0.144033 1 5 -45 
23 8 3 1 0.819277 2 14 -32 17 -32 2 0.819277 2 13 54 -2 12 4 0.62963 1 -20 15 
24 8 4 1 0.924471 9 -28 4 -7 25 -13 13 5 -35 14 -35 -25 -32 11 -32 14 -32 11 -32 2 0.649682 3 10 57 1 33 1 33 4 0.343434 1 -35 24 7 0.343434 1 7 22 
25 8 6 1 0.64455 4 8 -26 2 -29 8 -32 20 -23 2 0.64455 4 -32 39 10 30 -2 21 -2 18 3 0.274194 1 24 -44 4 0.798658 7 -17 -48 13 -54 13 -21 -29 -24 -29 -18 -35 -51 -32 -51 5 0.327103 1 2 -24 7 0.444444 2 10 -44 7 -32 
26 8 2 2 0.971429 5 1 -84 -2 42 1 -72 -5 -69 7 -72 7 0.576271 1 10 10 
27 8 5 1 0.459459 2 2 28 -25 4 2 0.285714 1 7 30 4 0.723404 5 25 -48 22 -45 22 -48 -20 51 22 -21 5 0.770925 5 2 -51 2 -48 5 -30 -1 -48 -13 21 7 0.723404 5 31 16 19 -44 28 -29 19 7 28 7 
28 8 4 1 0.693878 3 17 -17 11 -14 5 10 2 0.904943 7 1 -57 -8 60 1 57 4 -69 7 48 -2 -60 -17 63 4 0.382022 1 13 9 7 0.382022 1 13 7 
29 8 2 4 0.610778 3 13 -36 16 -21 16 -3 7 0.967177 13 7 -26 16 -2 10 19 25 -35 16 1 16 -2 28 22 19 22 28 13 16 -23 19 -11 19 -35 22 10 
30 8 3 1 0.900662 4 17 -5 5 -2 11 1 23 -8 2 0.53125 1 4 -48 7 0.731183 2 31 22 22 22 
31 8 2 4 0.964539 4 7 45 -32 -27 -32 -12 -32 -54 5 0.686275 1 5 15 
32 8 2 4 0.145299 1 40 -15 5 0.997151 40 47 -30 -22 15 41 -27 44 -27 -34 -39 -25 18 -64 18 -43 -30 -58 21 35 -27 41 -18 -31 -24 50 12 -22 6 -61 -18 47 -36 -52 -36 -64 9 -46 -39 -58 -3 -40 -48 -34 -57 -10 18 -34 -42 53 -3 35 -33 -49 15 -16 -51 -4 21 35 -36 -28 -57 -16 -45 -16 -54 -4 3 -16 -33 32 -33 -28 -45 -55 27 29 -15 50 21 
33 8 2 1 0.871795 1 11 34 5 0.897436 1 -28 -33 
34 8 2 1 0.992701 20 5 16 2 16 -7 16 -16 16 -10 10 17 7 -22 4 14 25 -7 13 8 22 17 28 26 -14 -4 19 -1 16 20 22 20 4 17 31 -4 19 2 13 -1 13 5 0.304348 1 35 21 
35 8 2 1 0.62963 1 2 22 5 0.972222 4 -7 -27 11 -33 5 3 2 0 
36 8 4 1 0.62963 3 11 13 20 13 -1 28 2 0.326923 1 19 24 4 0.819277 6 1 39 31 -3 34 -39 34 3 34 -15 37 -6 5 0.813954 5 8 18 26 -48 20 -54 17 -3 20 -12 
37 8 2 1 0.871795 1 2 4 4 0.871795 1 22 15 
38 8 2 1 0.994583 27 29 -11 -16 -2 -13 4 2 19 -13 1 5 10 23 -11 -1 1 2 1 17 -8 -7 4 23 16 -4 10 2 -2 8 -2 -4 1 -10 4 -16 -5 -7 -2 -19 1 -7 19 5 16 8 13 -1 -2 5 7 2 -2 -19 -5 4 0.201183 1 19 18 
39 8 2 1 0.62963 1 -19 4 4 0.964539 4 28 24 22 27 28 18 -38 3 
40 8 6 1 0.755556 5 11 13 26 10 32 -17 35 -14 -31 -8 2 0.492754 2 22 24 19 -6 3 0.311927 1 24 -11 4 0.610778 3 43 -6 10 27 -8 27 5 0.368421 1 59 0 7 0.693878 4 37 -50 34 -14 37 -8 31 7 
41 8 3 3 0.871795 6 -18 55 21 16 -30 -14 -24 10 -18 52 -18 13 4 0.772727 4 1 -3 1 -9 13 -9 1 -12 5 0.636364 2 23 -12 14 9 
42 8 2 3 0.992701 20 -27 -29 -24 -17 -27 -17 -27 -29 -27 -17 -21 4 -30 -23 -12 46 -21 46 -27 -14 -24 -32 -27 -11 -27 -17 -27 -26 -18 40 -18 43 -21 49 24 -14 -18 43 -15 43 4 0.253731 1 1 -54 
43 8 4 3 0.53125 1 -27 43 4 0.53125 1 37 -54 5 0.921053 4 -52 -33 -49 -48 -49 -24 -49 -33 7 0.53125 1 16 25 
44 8 4 3 0.459459 1 15 52 4 0.772727 3 7 -33 -2 18 -17 -48 5 0.813954 3 35 -30 -61 -42 32 -18 7 0.660194 2 1 25 4 28 
45 8 2 3 0.693878 1 -24 49 4 0.953271 3 16 -12 -2 -24 -5 -57 
46 8 5 1 0.263566 1 17 -14 3 0.744526 6 12 46 18 13 18 28 15 31 15 22 18 22 4 0.693878 5 19 -48 16 3 19 -18 4 -27 13 6 5 0.686275 4 56 -24 29 -36 5 27 -16 21 7 0.62963 4 16 -14 -14 -5 25 7 -14 -2 
47 8 3 1 0.944444 5 2 -5 2 -8 5 -23 11 -20 5 1 4 0.53125 1 4 0 5 0.59322 1 -19 33 
48 8 3 1 0.772727 5 8 -8 8 -20 5 -20 -13 -14 2 -20 4 0.326923 1 1 21 7 0.910714 9 -20 16 10 16 22 1 -14 13 -23 -32 -2 25 22 -26 -26 -38 19 -20 
49 8 2 4 0.964539 4 7 -3 13 -6 7 15 -5 9 5 0.686275 1 29 -27 
50 8 2 4 0.371585 2 1 -36 -2 -18 7 0.987374 23 55 -44 -2 16 -17 1 22 -41 -17 1 25 25 10 7 -14 4 25 28 10 31 10 -8 -8 -23 7 16 -5 10 1 -47 1 -29 -14 13 19 -35 -5 13 16 -38 -2 -11 16 -2 40 25 
51 8 4 3 0.545455 3 -21 19 -18 -17 15 19 4 0.43038 2 4 -18 -2 0 5 0.606936 3 20 -6 -4 -12 -4 6 7 0.910714 12 13 -29 13 -50 10 -23 10 -11 7 -23 10 -50 4 -11 1 1 -2 -41 10 -38 -2 1 4 4 
52 8 4 1 0.53125 1 2 -11 4 0.836066 3 -2 6 10 -18 1 -45 5 0.777778 2 47 -6 17 -15 7 0.53125 1 19 -2 
53 8 2 3 0.976077 6 18 -29 21 -41 18 -35 18 -26 21 -41 21 -17 7 0.53125 1 22 -17 
54 8 6 0 0.326923 1 13 -35 1 0.712042 4 -4 -26 8 -2 2 -5 8 -17 3 0.712042 4 21 31 -24 31 15 31 9 -53 4 0.511278 2 4 27 10 24 5 0.384615 1 -4 -45 7 0.62963 3 4 1 13 -38 -5 19 
55 8 4 1 0.298246 1 2 -20 3 0.475524 2 -6 55 -21 4 4 0.884393 9 25 15 -2 15 -5 -42 -11 -54 -5 -27 -5 -54 13 -6 46 9 -11 -6 7 0.73913 5 1 10 10 22 1 7 16 -2 4 -2 
56 8 5 1 0.56044 3 -13 -23 -4 -17 -1 -8 3 0.708333 5 15 40 15 46 -24 -17 21 43 -21 -23 4 0.444444 2 10 -30 13 -45 5 0.621302 3 17 -12 14 -9 38 -21 7 0.758364 6 -5 1 -8 -2 13 1 -17 -44 1 -8 -11 22 
57 8 4 1 0.311927 1 8 -14 3 0.937343 11 18 -14 21 22 21 37 -18 22 15 -35 18 -5 -18 -11 -24 -35 21 10 -21 -35 18 52 5 0.555556 2 35 -45 -19 -15 7 0.492754 2 -2 -14 22 -32 
58 8 3 3 0.576271 2 -3 55 -15 -32 4 0.382022 1 -14 -12 5 0.963303 9 38 0 -25 48 47 -3 53 -30 -16 48 -4 45 -28 24 -43 21 -58 -30 
59 8 4 3 0.693878 2 -15 -38 0 -2 4 0.693878 2 16 54 10 -3 5 0.84 3 44 -42 29 21 -58 -3 7 0.492754 1 -5 31 
60 8 3 3 0.931507 12 3 13 6 28 6 40 -12 -23 6 -11 3 -2 -6 49 0 -50 3 -23 -12 -5 -12 -38 0 -17 4 0.459459 2 13 12 -8 -54 5 0.714286 4 -13 18 -58 45 -22 -33 -10 24 
61 8 2 3 0.998454 95 -15 34 -12 -5 -15 -47 -12 37 -15 4 -12 19 -6 40 6 -26 -9 -14 6 40 -18 -29 -6 28 -6 25 -6 -8 -9 -35 -12 -29 0 13 6 -44 3 -35 15 -11 -9 28 -9 -41 -3 16 15 -41 0 34 -12 -41 6 -47 -15 -17 -3 -20 -9 19 -6 19 9 -23 -3 -47 -12 1 -15 31 9 37 9 -11 -15 1 6 -17 0 -14 15 28 -12 -44 9 1 6 -26 3 -47 3 -17 9 22 -15 -44 6 -35 3 -41 -6 34 -3 -8 9 -26 -12 22 9 7 -3 -26 15 -2 -6 -26 -18 -38 -3 -29 15 28 -3 -23 9 -5 -6 -47 9 10 6 -17 -12 43 -15 -11 -18 -5 12 -35 3 -50 -3 -26 15 -11 -12 7 6 31 0 -14 9 -23 -15 -32 9 -38 9 -23 -18 -29 -12 28 -6 -35 9 -47 -15 43 9 -35 3 -29 -9 -14 9 43 24 40 9 -29 6 -29 -9 37 3 37 12 37 5 0.0843374 1 -19 -42 
62 8 3 3 0.819277 2 6 37 3 22 4 0.62963 1 -11 21 5 0.853659 2 -49 3 -7 6 
63 8 3 3 0.836066 6 0 34 -15 -29 -15 7 6 40 -15 25 6 7 4 0.649682 3 13 -6 -11 -51 -8 -48 5 0.829384 5 -46 -3 -7 27 35 -3 -1 24 50 -51 
64 8 4 3 0.492754 1 9 -17 4 0.693878 2 -2 -3 13 21 5 0.897436 4 47 -36 -55 -27 38 -18 -55 -21 7 0.492754 1 -29 -41 
65 8 6 0 0.404762 1 22 -35 1 0.404762 1 38 -20 2 0.71831 3 22 -75 34 21 34 12 5 0.660377 2 62 -33 71 -45 6 0.71831 3 36 -38 27 -53 39 -47 7 0.404762 1 52 -47 
66 8 3 0 0.772727 1 19 -14 2 0.772727 1 22 -30 6 0.772727 1 -6 -56 
67 8 2 0 0.263566 1 22 -59 2 0.99232 19 31 -84 -14 -93 28 54 28 -57 28 -54 31 3 28 -57 25 -81 28 -66 34 51 34 27 28 -9 31 24 28 9 31 30 25 -30 31 54 31 30 25 -81 
68 8 4 0 0.43038 1 22 -50 2 0.940711 7 28 -87 25 48 25 -45 31 27 28 15 28 18 31 18 5 0.492958 1 65 24 6 0.43038 1 39 -47 
69 8 7 0 0.475524 2 31 -32 28 -5 1 0.676617 4 35 25 35 -23 38 19 32 25 2 0.475524 2 34 -42 34 -12 3 0.475524 2 27 34 24 46 4 0.676617 4 55 -51 16 33 37 -24 34 15 6 0.475524 2 39 25 42 13 7 0.298246 1 43 22 
70 8 5 0 0.85 5 25 43 19 43 25 -5 22 -17 22 7 2 0.60177 2 34 -33 31 -3 5 0.660377 2 65 21 71 15 6 0.404762 1 36 -29 7 0.404762 1 1 -44 
71 8 6 0 0.343434 1 19 49 1 0.871795 7 23 28 32 25 20 31 32 10 32 13 32 4 23 13 2 0.343434 1 -32 -93 4 0.343434 1 49 0 6 0.649682 3 36 -5 39 -50 30 -50 7 0.343434 1 40 25 
72 8 4 0 0.871795 6 25 -2 25 16 25 -17 28 13 25 40 25 -14 5 0.813954 4 -76 15 74 -15 74 -3 68 12 6 0.382022 1 39 -29 7 0.382022 1 43 -8 
73 8 6 0 0.285714 1 25 -29 1 0.285714 1 29 16 2 0.459459 2 31 -21 31 -36 4 0.285714 1 37 45 6 0.931507 12 39 -17 42 7 36 7 30 31 42 -29 42 -20 39 31 42 -5 36 -23 39 4 33 25 42 43 7 0.285714 1 49 -26 
74 8 4 0 0.744526 3 25 34 25 25 22 34 1 0.744526 3 32 31 35 19 35 19 5 0.789474 3 68 9 68 -21 71 -6 6 0.43038 1 39 13 
75 8 2 0 0.964539 4 -35 4 -35 -20 -35 22 -35 28 1 0.62963 1 41 -35 
76 8 2 0 0.404762 1 28 -59 2 0.985507 10 22 -81 25 -84 25 -87 25 -87 25 -93 19 -36 -14 66 -11 -93 -2 -93 22 -39 
77 8 2 0 0.953271 3 19 -23 19 -41 19 52 7 0.693878 1 -8 34 
78 8 7 0 0.472222 5 31 -47 31 -44 -26 -59 25 -23 28 1 1 0.673267 10 35 -23 35 -35 38 -32 41 -23 38 -35 35 7 29 31 32 19 35 28 23 25 2 0.524422 6 -2 -93 25 -63 -11 69 -11 66 16 66 16 69 3 0.337748 3 -3 -53 6 -53 15 -53 4 0.569378 7 -20 33 34 -27 46 -57 40 -6 19 39 22 36 19 48 5 0.726141 10 -34 -54 62 9 65 -45 71 30 68 36 71 45 65 48 -25 42 65 -45 71 6 7 0.249084 2 -11 34 67 7 
79 8 3 0 0.904943 7 22 25 22 -44 22 52 19 55 19 55 22 55 22 55 2 0.576271 2 10 90 -14 66 6 0.693878 3 36 19 27 58 33 55 
80 8 4 1 0.924471 9 -22 13 -25 7 -31 -5 32 -32 -22 22 -19 19 -19 25 32 37 -31 -26 2 0.343434 1 -14 87 4 0.53125 2 -35 -3 -14 33 5 0.59322 2 -49 39 44 24 
81 8 7 0 0.253731 1 -32 43 1 0.253731 1 -13 37 2 0.68 5 -26 -39 -29 -42 -29 -30 -29 -33 -29 -15 4 0.772727 7 -41 27 -41 -6 22 -42 -41 -30 -38 -24 -38 -27 10 -6 5 0.59322 3 -64 -42 -40 -48 -37 24 6 0.417178 2 -15 37 -15 46 7 0.417178 2 -29 -8 -35 -41 
82 8 8 0 0.258555 10 -14 -53 31 43 28 46 28 -11 31 -20 25 40 28 52 28 49 -32 -56 28 -11 1 0.409898 19 35 7 41 -20 41 -35 32 37 41 -5 41 -23 35 25 41 -11 41 -2 35 4 41 1 38 -23 35 -32 -10 31 26 -35 35 -26 -16 25 38 -14 -13 31 2 0.332635 14 -29 45 -20 -84 -2 81 -29 54 -2 -90 4 -87 -2 -87 16 84 34 54 34 -45 28 -90 -5 -90 -29 48 -11 -90 3 0.723674 57 24 -50 21 -50 -27 -47 -30 43 12 -53 6 -50 -30 49 9 -50 -3 -44 -21 -50 27 49 -9 -50 27 49 -30 22 0 -50 27 40 33 37 33 28 30 -23 33 -26 -6 -44 33 28 33 -20 30 22 33 22 33 19 33 31 30 19 30 31 30 10 33 37 33 -47 33 -47 33 -14 33 31 33 40 33 -5 30 43 27 34 33 31 30 7 30 43 33 1 30 52 30 52 24 -53 -30 19 27 16 -30 -17 -27 55 -30 55 -27 -50 -30 52 33 -8 33 -53 33 -53 30 16 4 0.566095 33 -17 33 -44 -3 -23 24 37 -57 49 -9 55 -3 52 -36 55 -21 55 18 52 -30 52 -33 55 15 37 -6 49 -9 40 21 43 36 49 12 55 -9 43 -9 22 45 52 21 37 18 55 -6 58 6 52 15 58 -3 4 30 -2 42 58 9 58 3 55 3 58 -9 52 6 5 0.331611 11 -34 -18 -19 -9 -34 0 -25 -21 68 -3 -31 -51 -16 30 -40 -36 -40 -24 74 -18 -37 21 6 0.409898 19 27 -50 -33 -47 36 49 -6 -59 36 -11 15 58 42 46 36 -2 33 7 -36 -5 36 -44 -27 -26 -33 -38 30 -59 30 -56 15 -59 -36 -38 36 22 39 7 7 0.636647 42 -38 28 -35 16 -35 25 -53 -11 -47 4 -32 -44 -38 1 52 -41 -47 -29 -53 -23 76 -11 46 -5 -50 -38 49 -47 -41 -14 -26 34 64 -11 49 -35 76 -5 67 -11 -26 19 49 10 49 -14 40 -20 -5 4 43 -44 46 -38 52 16 73 -29 61 1 -11 -11 -35 -20 40 -26 -32 -29 -32 31 -26 -17 -41 31 46 -17 40 -17 43 -2 43 25 43 -8 
83 8 7 0 0.4 5 28 43 31 -23 -32 -56 19 -44 -11 58 1 0.110032 1 -31 10 2 0.4 5 13 78 -11 72 -5 -87 10 -87 7 69 3 0.53125 8 30 40 9 -53 -9 -53 -30 55 -30 16 -30 -14 -30 -11 -30 -29 4 0.4 5 4 60 49 -36 -41 -12 37 27 -11 45 6 0.492754 7 36 -2 39 4 27 -47 12 58 -21 -23 9 58 -33 52 7 0.845771 25 52 -2 40 -38 61 -11 61 -5 76 -14 43 28 43 -50 43 -2 40 -50 -5 34 43 -17 -35 -8 52 -50 -38 19 46 -50 43 -50 -14 -14 -38 -29 -29 34 -29 -35 1 37 43 19 -35 13 -35 10 -41 13 
84 8 8 0 0.285714 1 25 -8 1 0.576271 3 26 4 29 13 41 -11 2 0.459459 2 -8 75 -11 -84 3 0.660194 4 30 43 30 49 27 46 30 13 4 0.576271 3 -29 24 49 -3 22 -18 5 0.522388 2 -37 3 -37 -45 6 0.459459 2 33 -5 33 -11 7 0.285714 1 43 -2 
85 8 2 0 0.953271 3 22 22 22 -53 25 -53 5 0.744681 1 -34 -6 
86 8 8 0 0.43038 1 13 -56 1 0.62963 2 -4 31 -28 4 2 0.43038 1 19 -87 3 0.43038 1 -30 7 4 0.62963 2 -44 -36 -44 -33 5 0.492958 1 -58 3 6 0.43038 1 -18 19 7 0.43038 1 52 -44 
87 8 5 0 0.404762 1 16 -56 2 0.60177 2 16 -90 -20 75 4 0.71831 3 -38 -36 -20 54 -41 -27 5 0.466667 1 -67 0 7 0.795322 4 -38 -5 -32 -35 -35 -26 -14 -41 
88 8 2 5 0.339806 1 56 -57 7 0.991424 17 -38 -2 -35 1 -41 16 -38 19 -38 19 -38 16 -38 -14 -44 -17 -35 13 58 -11 -14 -2 -14 1 -35 -47 -41 1 -47 -44 -41 -14 52 -47 
89 8 2 2 0.931507 2 7 75 4 72 7 0.772727 1 55 -5 
90 8 4 0 0.475524 2 -32 49 -29 52 1 0.906667 10 35 -23 -34 -8 -40 -20 -22 13 2 34 -1 37 -34 1 -31 7 -34 1 -28 7 4 0.593023 3 4 48 -41 24 -38 21 6 0.475524 2 -33 43 -33 40 
91 8 4 1 0.492754 1 -37 -11 2 0.80315 3 -29 -21 19 -90 -29 -36 4 0.80315 3 -44 6 -38 15 -44 -6 6 0.492754 1 -24 34 
92 8 2 2 0.985507 10 -29 54 -32 45 -32 -18 -29 -6 -26 -18 -32 39 -29 6 -32 -18 -32 -81 -32 9 5 0.466667 1 -55 21 
93 8 6 1 0.326923 1 -34 -20 3 0.511278 2 15 -50 18 -50 4 0.326923 1 -35 9 5 0.909091 8 -52 30 -49 12 -49 -9 -52 -33 -43 -18 -64 27 -64 -18 -61 -30 6 0.511278 2 -21 46 -30 46 7 0.326923 1 1 -35 
94 8 3 1 0.693878 3 -34 -26 -34 -32 -34 -11 2 0.382022 1 -32 -48 4 0.931507 8 -11 39 -44 9 -41 12 -2 45 7 36 -41 -51 1 36 4 33 
95 8 2 0 0.382022 1 -29 37 6 0.986807 11 -12 -20 -27 -23 33 13 -21 -20 -21 -14 -21 -35 -9 -23 30 -11 -27 22 -18 -32 -12 31 
96 8 2 0 0.957747 10 16 -23 -29 -32 16 4 -29 -14 -29 -32 16 -41 -29 -29 -32 -20 -26 -20 -26 43 6 0.671053 3 -9 10 -21 -41 18 -17 
97 8 2 0 0.228188 1 -29 -17 6 0.993647 23 -9 -32 -9 25 -12 -14 -18 -5 -9 -20 -12 19 -15 -35 -18 -11 -18 -35 -9 -14 -24 -44 -21 -47 -15 16 -24 31 -18 -2 -21 16 -24 28 21 -35 18 10 21 1 27 -2 30 7 30 -5 
98 8 2 0 0.871795 1 -32 1 6 0.871795 1 -15 -17 
99 8 2 0 0.228188 1 -11 -35 6 0.993647 23 -21 1 -21 7 -18 1 -30 4 0 -41 -12 -44 -12 -20 -12 22 -3 -35 -12 -2 -12 7 3 -11 6 1 3 -8 -9 -11 9 13 9 -11 -15 7 -9 16 9 28 3 10 -9 25 6 -41 
100 8 2 0 0.931507 2 4 43 -20 43 6 0.772727 1 0 43 
101 8 4 0 0.812287 7 -35 19 13 -11 -35 10 -35 -5 -32 4 -17 -59 -23 -59 5 0.636364 3 50 -6 47 -3 56 -18 6 0.812287 7 -33 22 3 -53 -33 -44 -18 -59 18 -59 18 -56 21 -53 7 0.285714 1 55 -8 
102 8 2 0 0.593023 3 -32 10 -11 43 7 34 6 0.96945 14 -30 13 -24 13 -30 10 18 -5 15 -8 6 43 21 -32 24 25 24 28 18 22 12 -41 15 -32 21 40 12 13 
103 8 2 0 0.931507 6 -23 25 -23 37 -26 19 -23 40 -23 -38 -20 -38 6 0.772727 3 -9 -5 -3 -11 -6 -41 
104 8 2 0 0.772727 3 -26 -38 -20 -23 -20 -29 6 0.931507 6 -21 -5 -6 -44 -18 10 -3 -29 9 -44 -9 -8 
105 8 2 0 0.343434 1 -23 -41 6 0.988814 13 -3 1 -3 -2 -6 -8 -6 -26 0 19 9 -38 -12 -17 3 -41 3 -5 -18 -14 -6 -8 -3 19 -6 25 
106 8 2 0 0.993046 21 7 -20 -2 -5 -20 -44 -26 7 10 19 -29 4 -11 -20 -11 28 -23 7 -2 -32 -26 4 7 40 -2 13 -14 -32 -20 -8 -2 40 -14 -29 -2 22 4 -2 -20 43 -5 1 6 0.244604 1 12 -20 
107 8 2 0 0.900662 4 -14 -14 -17 -11 -8 28 1 -20 6 0.836066 3 9 -26 0 -20 6 10 
108 8 2 0 0.94614 62 -11 -44 -20 -50 -20 -47 -20 37 1 -8 -8 34 -26 -44 -8 13 -8 16 -5 37 -17 25 -26 -17 -23 -17 -5 13 -11 19 -17 -44 -11 4 -17 4 -23 -35 -17 40 -17 10 -17 -50 -17 -14 -17 -17 -11 16 -8 -20 -23 4 -11 4 -8 -41 -17 -20 -5 -2 -11 1 4 -14 -32 -23 -11 -41 4 16 4 -23 -23 -2 -5 -38 4 -41 -14 -35 4 19 -5 31 7 1 -11 -29 -11 43 -5 25 -32 -23 7 -17 -29 -17 -8 1 1 28 4 28 10 34 -14 -20 -5 -2 7 -14 10 10 10 16 -8 -38 10 -8 10 10 6 0.724689 24 18 -44 -3 16 -3 -44 0 7 9 22 12 4 -9 -44 15 25 21 13 21 -20 9 25 -3 -29 15 7 18 22 12 34 -15 -41 18 22 6 37 12 -35 -27 -41 3 -2 -9 -20 15 7 18 37 
109 8 2 0 0.492754 1 -8 -35 6 0.979424 7 12 37 3 -5 3 1 15 28 12 22 -6 -38 0 -35 
110 8 2 0 0.660194 4 -2 -38 -8 25 -8 25 1 28 6 0.959677 14 -9 -23 18 -11 21 -14 12 -23 12 -41 12 13 24 7 9 -41 -6 -17 3 1 18 -23 21 -41 18 -29 9 -38 
111 8 2 0 0.404762 1 10 -23 6 0.985507 10 -15 -35 27 7 15 -29 -12 37 -6 -47 15 25 18 -26 18 -20 -30 -38 -24 -47 
112 8 2 0 0.992701 20 13 -35 13 -29 13 -26 13 -5 10 -44 13 -35 -17 1 -14 19 -11 16 -8 -23 -11 22 -17 -38 -11 -2 -11 -14 -17 -41 -8 10 -8 -23 -8 -38 -5 7 -8 -26 6 0.253731 1 0 10 
113 8 2 0 0.871795 1 13 -50 6 0.871795 1 -6 -47 
114 8 2 0 0.751381 4 4 1 7 7 1 -23 -26 -50 6 0.93865 9 15 -47 21 -26 9 13 21 -35 21 -29 12 -56 -3 -11 21 -47 27 37 
115 8 2 0 0.871795 6 -32 19 13 -41 13 -47 13 -53 -26 -35 -29 -44 6 0.871795 6 -15 -53 18 19 21 16 -15 -50 24 -50 -24 -47 
116 8 2 0 0.99336 22 -32 -2 -17 10 4 22 4 -44 -35 -26 -23 -26 4 -32 -29 37 -26 16 -23 -56 -32 -50 -8 -14 -2 -56 -26 -14 1 -53 -2 -14 -17 -53 7 4 4 -53 7 -56 1 7 1 -5 6 0.236111 1 -21 -41 
117 8 2 0 0.871795 1 -17 -56 6 0.871795 1 3 28 
118 8 2 0 0.693878 3 1 -14 1 -17 4 1 6 0.953271 9 -24 -53 12 -53 24 -11 18 37 15 -53 15 -53 -15 31 15 34 -21 16 
119 8 2 0 0.990291 15 4 25 13 -35 13 34 -26 -53 10 -11 13 31 10 4 7 19 13 31 10 -26 10 -47 -29 37 7 -38 7 -41 10 -41 6 0.311927 1 27 -41 
