10 130 0
0 0 -1 7 11 19 2 32 18 15 27 32 -19495 
1 1 -1 18 8 3 7 34 19 11 4 32 -1838 
2 1 -1 21 8 14 2 43 33 1 11 32 3 
3 2 -1 21 17 20 19 42 36 1 5 32 36253 
4 2 -1 16 16 0 11 29 45 14 1 32 -1278 
5 2 -1 14 20 11 10 43 38 3 7 32 -722 
6 2 -1 20 18 4 4 40 25 6 12 32 -2026 
7 3 -1 17 0 19 0 39 19 6 17 32 -10611 
8 3 -1 4 0 15 0 46 18 1 5 32 -960 
9 3 -1 20 2 17 7 46 32 1 12 32 10626 
10 3 -1 13 35 0 0 38 18 0 0 2 -3 
11 3 -1 20 9 6 20 46 33 1 3 32 -576 
12 3 -1 43 29 0 0 11 47 0 0 11 79 
13 3 -1 6 15 19 20 31 38 3 4 32 13021 
14 3 -1 13 4 22 3 36 23 10 8 32 -6 
15 4 0 0 0 0 0 0 0 0 0 0 0 
16 4 -1 10 11 0 8 42 30 3 9 32 -3297 
17 4 24 0 0 0 0 0 0 0 0 0 0 
18 4 -1 2 17 4 17 10 34 18 4 32 -2513 
19 4 -1 8 9 16 4 24 21 21 3 32 292 
20 4 35 0 0 0 0 0 0 0 0 0 0 
21 4 -1 0 3 6 16 26 31 2 4 32 8284 
22 4 -1 17 2 21 10 39 42 3 3 32 18473 
23 4 -1 29 36 0 0 2 6 0 0 15 17 
24 4 -1 21 10 15 0 45 19 2 15 32 -1821 
25 4 -1 4 7 10 7 28 35 16 10 32 -4586 
26 4 -1 27 40 0 0 25 37 0 0 16 13 
27 4 -1 33 5 0 0 2 6 0 0 17 -26 
28 4 -1 2 17 8 5 32 42 3 2 32 1117 
29 4 -1 21 14 19 12 41 28 1 14 32 5798 
30 4 -1 12 10 10 0 37 28 3 6 32 -241 
31 5 0 0 0 0 0 0 0 0 0 0 0 
32 5 0 0 0 0 0 0 0 0 0 0 0 
33 5 -1 16 4 15 19 44 46 1 1 32 28417 
34 5 -1 4 13 2 22 35 40 9 5 32 -2579 
35 5 0 0 0 0 0 0 0 0 0 0 0 
36 5 0 0 0 0 0 0 0 0 0 0 0 
37 5 -1 43 10 0 0 40 31 0 0 13 46 
38 5 27 0 0 0 0 0 0 0 0 0 0 
39 5 -1 7 22 1 2 30 41 7 6 32 -4407 
40 5 34 0 0 0 0 0 0 0 0 0 0 
41 5 0 0 0 0 0 0 0 0 0 0 0 
42 5 0 0 0 0 0 0 0 0 0 0 0 
43 5 36 0 0 0 0 0 0 0 0 0 0 
44 5 37 0 0 0 0 0 0 0 0 0 0 
45 5 -1 45 40 0 0 5 10 0 0 18 25 
46 5 -1 21 30 0 0 29 45 0 0 6 42 
47 5 44 0 0 0 0 0 0 0 0 0 0 
48 5 45 0 0 0 0 0 0 0 0 0 0 
49 5 46 0 0 0 0 0 0 0 0 0 0 
50 5 47 0 0 0 0 0 0 0 0 0 0 
51 5 -1 20 16 0 0 26 45 0 0 6 42 
52 5 -1 16 45 0 0 0 0 0 0 18 25 
53 5 -1 39 8 0 0 6 35 0 0 5 13 
54 5 78 0 0 0 0 0 0 0 0 0 0 
55 5 -1 7 28 0 0 43 46 0 0 16 73 
56 5 -1 4 13 10 17 35 39 9 5 32 316 
57 5 -1 7 33 0 0 38 3 0 0 1 6 
58 5 101 0 0 0 0 0 0 0 0 0 0 
59 5 -1 20 5 7 1 43 7 2 18 32 -800 
60 5 -1 42 44 0 0 9 34 0 0 2 28 
61 5 -1 16 5 13 12 31 32 5 5 32 8002 
62 5 -1 11 22 16 20 44 43 1 2 32 5964 
63 6 0 0 0 0 0 0 0 0 0 0 0 
64 6 0 0 0 0 0 0 0 0 0 0 0 
65 6 0 0 0 0 0 0 0 0 0 0 0 
66 6 0 0 0 0 0 0 0 0 0 0 0 
67 6 -1 47 20 0 0 21 17 0 0 21 34 
68 6 -1 20 4 21 0 43 9 3 36 32 -6969 
69 6 17 0 0 0 0 0 0 0 0 0 0 
70 6 -1 17 3 8 7 25 30 9 6 32 -644 
71 6 0 0 0 0 0 0 0 0 0 0 0 
72 6 0 0 0 0 0 0 0 0 0 0 0 
73 6 0 0 0 0 0 0 0 0 0 0 0 
74 6 0 0 0 0 0 0 0 0 0 0 0 
75 6 25 0 0 0 0 0 0 0 0 0 0 
76 6 26 0 0 0 0 0 0 0 0 0 0 
77 6 0 0 0 0 0 0 0 0 0 0 0 
78 6 0 0 0 0 0 0 0 0 0 0 0 
79 6 -1 30 41 0 0 13 0 0 0 17 -10 
80 6 -1 3 17 3 4 24 45 14 1 32 -711 
81 6 0 0 0 0 0 0 0 0 0 0 0 
82 6 0 0 0 0 0 0 0 0 0 0 0 
83 6 0 0 0 0 0 0 0 0 0 0 0 
84 6 0 0 0 0 0 0 0 0 0 0 0 
85 6 0 0 0 0 0 0 0 0 0 0 0 
86 6 0 0 0 0 0 0 0 0 0 0 0 
87 6 0 0 0 0 0 0 0 0 0 0 0 
88 6 0 0 0 0 0 0 0 0 0 0 0 
89 6 0 0 0 0 0 0 0 0 0 0 0 
90 6 0 0 0 0 0 0 0 0 0 0 0 
91 6 -1 4 4 18 18 38 34 4 5 32 29446 
92 6 40 0 0 0 0 0 0 0 0 0 0 
93 6 -1 33 7 0 0 39 20 0 0 16 -11 
94 6 43 0 0 0 0 0 0 0 0 0 0 
95 6 0 0 0 0 0 0 0 0 0 0 0 
96 6 0 0 0 0 0 0 0 0 0 0 0 
97 6 0 0 0 0 0 0 0 0 0 0 0 
98 6 0 0 0 0 0 0 0 0 0 0 0 
99 6 0 0 0 0 0 0 0 0 0 0 0 
100 6 0 0 0 0 0 0 0 0 0 0 0 
101 6 0 0 0 0 0 0 0 0 0 0 0 
102 6 0 0 0 0 0 0 0 0 0 0 0 
103 6 -1 16 2 0 0 43 18 0 0 6 11 
104 6 56 0 0 0 0 0 0 0 0 0 0 
105 6 -1 42 28 0 0 7 23 0 0 2 -20 
106 6 -1 17 6 0 0 27 18 0 0 2 -1 
107 6 -1 10 1 0 0 29 30 0 0 11 -81 
108 6 77 0 0 0 0 0 0 0 0 0 0 
109 6 0 0 0 0 0 0 0 0 0 0 0 
110 6 0 0 0 0 0 0 0 0 0 0 0 
111 6 79 0 0 0 0 0 0 0 0 0 0 
112 6 80 0 0 0 0 0 0 0 0 0 0 
113 6 -1 2 3 15 11 26 22 3 25 32 -1898 
114 6 -1 5 22 0 0 12 41 0 0 20 -5 
115 6 -1 2 0 4 10 10 16 29 7 32 -8590 
116 6 -1 10 22 14 5 36 34 6 12 32 -161 
117 6 0 0 0 0 0 0 0 0 0 0 0 
118 6 0 0 0 0 0 0 0 0 0 0 0 
119 6 -1 6 1 13 6 43 46 2 1 32 662 
120 6 105 0 0 0 0 0 0 0 0 0 0 
121 6 -1 4 42 0 0 1 1 0 0 18 -27 
122 6 -1 15 16 6 8 39 45 7 1 32 1440 
123 6 122 0 0 0 0 0 0 0 0 0 0 
124 6 123 0 0 0 0 0 0 0 0 0 0 
125 6 -1 0 24 0 0 46 28 0 0 14 -5 
126 6 -1 10 12 14 3 38 19 8 21 32 1700 
127 7 0 0 0 0 0 0 0 0 0 0 0 
128 7 0 0 0 0 0 0 0 0 0 0 0 
129 7 0 0 0 0 0 0 0 0 0 0 0 
130 7 0 0 0 0 0 0 0 0 0 0 0 
131 7 0 0 0 0 0 0 0 0 0 0 0 
132 7 0 0 0 0 0 0 0 0 0 0 0 
133 7 0 0 0 0 0 0 0 0 0 0 0 
134 7 0 0 0 0 0 0 0 0 0 0 0 
135 7 -1 33 9 0 0 39 0 0 0 10 74 
136 7 8 0 0 0 0 0 0 0 0 0 0 
137 7 -1 4 7 21 22 33 29 8 18 32 32012 
138 7 -1 1 14 13 10 14 43 2 4 32 10455 
139 7 0 0 0 0 0 0 0 0 0 0 0 
140 7 0 0 0 0 0 0 0 0 0 0 0 
141 7 -1 14 19 17 21 34 46 2 1 32 34454 
142 7 -1 0 8 12 10 18 42 15 5 32 8538 
143 7 0 0 0 0 0 0 0 0 0 0 0 
144 7 0 0 0 0 0 0 0 0 0 0 0 
145 7 0 0 0 0 0 0 0 0 0 0 0 
146 7 0 0 0 0 0 0 0 0 0 0 0 
147 7 0 0 0 0 0 0 0 0 0 0 0 
148 7 0 0 0 0 0 0 0 0 0 0 0 
149 7 0 0 0 0 0 0 0 0 0 0 0 
150 7 0 0 0 0 0 0 0 0 0 0 0 
151 7 0 0 0 0 0 0 0 0 0 0 0 
152 7 0 0 0 0 0 0 0 0 0 0 0 
153 7 0 0 0 0 0 0 0 0 0 0 0 
154 7 0 0 0 0 0 0 0 0 0 0 0 
155 7 0 0 0 0 0 0 0 0 0 0 0 
156 7 0 0 0 0 0 0 0 0 0 0 0 
157 7 0 0 0 0 0 0 0 0 0 0 0 
158 7 0 0 0 0 0 0 0 0 0 0 0 
159 7 28 0 0 0 0 0 0 0 0 0 0 
160 7 -1 16 9 18 0 40 39 3 5 32 -1954 
161 7 31 0 0 0 0 0 0 0 0 0 0 
162 7 -1 12 12 0 0 43 30 0 0 2 -15 
163 7 0 0 0 0 0 0 0 0 0 0 0 
164 7 0 0 0 0 0 0 0 0 0 0 0 
165 7 0 0 0 0 0 0 0 0 0 0 0 
166 7 0 0 0 0 0 0 0 0 0 0 0 
167 7 0 0 0 0 0 0 0 0 0 0 0 
168 7 0 0 0 0 0 0 0 0 0 0 0 
169 7 0 0 0 0 0 0 0 0 0 0 0 
170 7 0 0 0 0 0 0 0 0 0 0 0 
171 7 0 0 0 0 0 0 0 0 0 0 0 
172 7 0 0 0 0 0 0 0 0 0 0 0 
173 7 0 0 0 0 0 0 0 0 0 0 0 
174 7 0 0 0 0 0 0 0 0 0 0 0 
175 7 0 0 0 0 0 0 0 0 0 0 0 
176 7 0 0 0 0 0 0 0 0 0 0 0 
177 7 0 0 0 0 0 0 0 0 0 0 0 
178 7 0 0 0 0 0 0 0 0 0 0 0 
179 7 0 0 0 0 0 0 0 0 0 0 0 
180 7 0 0 0 0 0 0 0 0 0 0 0 
181 7 0 0 0 0 0 0 0 0 0 0 0 
182 7 0 0 0 0 0 0 0 0 0 0 0 
183 7 38 0 0 0 0 0 0 0 0 0 0 
184 7 39 0 0 0 0 0 0 0 0 0 0 
185 7 0 0 0 0 0 0 0 0 0 0 0 
186 7 0 0 0 0 0 0 0 0 0 0 0 
187 7 41 0 0 0 0 0 0 0 0 0 0 
188 7 42 0 0 0 0 0 0 0 0 0 0 
189 7 0 0 0 0 0 0 0 0 0 0 0 
190 7 0 0 0 0 0 0 0 0 0 0 0 
191 7 0 0 0 0 0 0 0 0 0 0 0 
192 7 0 0 0 0 0 0 0 0 0 0 0 
193 7 0 0 0 0 0 0 0 0 0 0 0 
194 7 0 0 0 0 0 0 0 0 0 0 0 
195 7 0 0 0 0 0 0 0 0 0 0 0 
196 7 0 0 0 0 0 0 0 0 0 0 0 
197 7 0 0 0 0 0 0 0 0 0 0 0 
198 7 0 0 0 0 0 0 0 0 0 0 0 
199 7 0 0 0 0 0 0 0 0 0 0 0 
200 7 0 0 0 0 0 0 0 0 0 0 0 
201 7 0 0 0 0 0 0 0 0 0 0 0 
202 7 0 0 0 0 0 0 0 0 0 0 0 
203 7 0 0 0 0 0 0 0 0 0 0 0 
204 7 0 0 0 0 0 0 0 0 0 0 0 
205 7 0 0 0 0 0 0 0 0 0 0 0 
206 7 0 0 0 0 0 0 0 0 0 0 0 
207 7 -1 4 17 18 6 36 37 10 6 32 -2078 
208 7 55 0 0 0 0 0 0 0 0 0 0 
209 7 0 0 0 0 0 0 0 0 0 0 0 
210 7 0 0 0 0 0 0 0 0 0 0 0 
211 7 -1 19 0 14 22 45 44 1 3 32 485 
212 7 -1 16 28 0 0 37 29 0 0 0 53 
213 7 -1 10 7 19 6 41 17 3 15 32 -32 
214 7 -1 38 2 0 0 16 12 0 0 15 25 
215 7 74 0 0 0 0 0 0 0 0 0 0 
216 7 -1 0 3 20 10 31 33 15 12 32 -2490 
217 7 0 0 0 0 0 0 0 0 0 0 0 
218 7 0 0 0 0 0 0 0 0 0 0 0 
219 7 0 0 0 0 0 0 0 0 0 0 0 
220 7 0 0 0 0 0 0 0 0 0 0 0 
221 7 0 0 0 0 0 0 0 0 0 0 0 
222 7 0 0 0 0 0 0 0 0 0 0 0 
223 7 0 0 0 0 0 0 0 0 0 0 0 
224 7 0 0 0 0 0 0 0 0 0 0 0 
225 7 0 0 0 0 0 0 0 0 0 0 0 
226 7 0 0 0 0 0 0 0 0 0 0 0 
227 7 -1 0 10 8 2 29 17 10 10 32 -4135 
228 7 -1 0 0 1 13 44 34 1 10 32 -711 
229 7 93 0 0 0 0 0 0 0 0 0 0 
230 7 -1 13 17 6 16 40 34 5 6 32 2648 
231 7 96 0 0 0 0 0 0 0 0 0 0 
232 7 -1 18 6 13 12 38 41 5 6 32 5427 
233 7 99 0 0 0 0 0 0 0 0 0 0 
234 7 100 0 0 0 0 0 0 0 0 0 0 
235 7 0 0 0 0 0 0 0 0 0 0 0 
236 7 0 0 0 0 0 0 0 0 0 0 0 
237 7 0 0 0 0 0 0 0 0 0 0 0 
238 7 0 0 0 0 0 0 0 0 0 0 0 
239 7 -1 15 18 9 17 34 42 1 4 32 1725 
240 7 104 0 0 0 0 0 0 0 0 0 0 
241 7 0 0 0 0 0 0 0 0 0 0 0 
242 7 0 0 0 0 0 0 0 0 0 0 0 
243 7 -1 14 13 13 2 27 32 15 11 32 -3955 
244 7 -1 0 16 2 12 25 32 2 5 32 -3 
245 7 118 0 0 0 0 0 0 0 0 0 0 
246 7 -1 25 2 0 0 24 44 0 0 6 -13 
247 7 0 0 0 0 0 0 0 0 0 0 0 
248 7 0 0 0 0 0 0 0 0 0 0 0 
249 7 0 0 0 0 0 0 0 0 0 0 0 
250 7 0 0 0 0 0 0 0 0 0 0 0 
251 7 124 0 0 0 0 0 0 0 0 0 0 
252 7 125 0 0 0 0 0 0 0 0 0 0 
253 7 -1 2 11 0 13 4 37 13 3 32 -1190 
254 7 129 0 0 0 0 0 0 0 0 0 0 
255 8 0 0 0 0 0 0 0 0 0 0 0 
256 8 0 0 0 0 0 0 0 0 0 0 0 
257 8 0 0 0 0 0 0 0 0 0 0 0 
258 8 0 0 0 0 0 0 0 0 0 0 0 
259 8 0 0 0 0 0 0 0 0 0 0 0 
260 8 0 0 0 0 0 0 0 0 0 0 0 
261 8 0 0 0 0 0 0 0 0 0 0 0 
262 8 0 0 0 0 0 0 0 0 0 0 0 
263 8 0 0 0 0 0 0 0 0 0 0 0 
264 8 0 0 0 0 0 0 0 0 0 0 0 
265 8 0 0 0 0 0 0 0 0 0 0 0 
266 8 0 0 0 0 0 0 0 0 0 0 0 
267 8 0 0 0 0 0 0 0 0 0 0 0 
268 8 0 0 0 0 0 0 0 0 0 0 0 
269 8 0 0 0 0 0 0 0 0 0 0 0 
270 8 0 0 0 0 0 0 0 0 0 0 0 
271 8 -1 18 20 0 0 5 11 0 0 1 10 
272 8 -1 27 22 0 0 18 17 0 0 5 13 
273 8 0 0 0 0 0 0 0 0 0 0 0 
274 8 0 0 0 0 0 0 0 0 0 0 0 
275 8 -1 18 0 17 15 36 15 1 4 32 25051 
276 8 11 0 0 0 0 0 0 0 0 0 0 
277 8 12 0 0 0 0 0 0 0 0 0 0 
278 8 -1 20 7 22 4 42 33 2 10 32 6479 
279 8 0 0 0 0 0 0 0 0 0 0 0 
280 8 0 0 0 0 0 0 0 0 0 0 0 
281 8 0 0 0 0 0 0 0 0 0 0 0 
282 8 0 0 0 0 0 0 0 0 0 0 0 
283 8 -1 4 7 7 3 39 13 5 25 32 -5040 
284 8 20 0 0 0 0 0 0 0 0 0 0 
285 8 21 0 0 0 0 0 0 0 0 0 0 
286 8 -1 17 16 12 1 33 29 10 3 32 -1697 
287 8 0 0 0 0 0 0 0 0 0 0 0 
288 8 0 0 0 0 0 0 0 0 0 0 0 
289 8 0 0 0 0 0 0 0 0 0 0 0 
290 8 0 0 0 0 0 0 0 0 0 0 0 
291 8 0 0 0 0 0 0 0 0 0 0 0 
292 8 0 0 0 0 0 0 0 0 0 0 0 
293 8 0 0 0 0 0 0 0 0 0 0 0 
294 8 0 0 0 0 0 0 0 0 0 0 0 
295 8 0 0 0 0 0 0 0 0 0 0 0 
296 8 0 0 0 0 0 0 0 0 0 0 0 
297 8 0 0 0 0 0 0 0 0 0 0 0 
298 8 0 0 0 0 0 0 0 0 0 0 0 
299 8 0 0 0 0 0 0 0 0 0 0 0 
300 8 0 0 0 0 0 0 0 0 0 0 0 
301 8 0 0 0 0 0 0 0 0 0 0 0 
302 8 0 0 0 0 0 0 0 0 0 0 0 
303 8 0 0 0 0 0 0 0 0 0 0 0 
304 8 0 0 0 0 0 0 0 0 0 0 0 
305 8 0 0 0 0 0 0 0 0 0 0 0 
306 8 0 0 0 0 0 0 0 0 0 0 0 
307 8 0 0 0 0 0 0 0 0 0 0 0 
308 8 0 0 0 0 0 0 0 0 0 0 0 
309 8 0 0 0 0 0 0 0 0 0 0 0 
310 8 0 0 0 0 0 0 0 0 0 0 0 
311 8 0 0 0 0 0 0 0 0 0 0 0 
312 8 0 0 0 0 0 0 0 0 0 0 0 
313 8 0 0 0 0 0 0 0 0 0 0 0 
314 8 0 0 0 0 0 0 0 0 0 0 0 
315 8 0 0 0 0 0 0 0 0 0 0 0 
316 8 0 0 0 0 0 0 0 0 0 0 0 
317 8 0 0 0 0 0 0 0 0 0 0 0 
318 8 0 0 0 0 0 0 0 0 0 0 0 
319 8 0 0 0 0 0 0 0 0 0 0 0 
320 8 0 0 0 0 0 0 0 0 0 0 0 
321 8 29 0 0 0 0 0 0 0 0 0 0 
322 8 30 0 0 0 0 0 0 0 0 0 0 
323 8 0 0 0 0 0 0 0 0 0 0 0 
324 8 0 0 0 0 0 0 0 0 0 0 0 
325 8 32 0 0 0 0 0 0 0 0 0 0 
326 8 33 0 0 0 0 0 0 0 0 0 0 
327 8 0 0 0 0 0 0 0 0 0 0 0 
328 8 0 0 0 0 0 0 0 0 0 0 0 
329 8 0 0 0 0 0 0 0 0 0 0 0 
330 8 0 0 0 0 0 0 0 0 0 0 0 
331 8 0 0 0 0 0 0 0 0 0 0 0 
332 8 0 0 0 0 0 0 0 0 0 0 0 
333 8 0 0 0 0 0 0 0 0 0 0 0 
334 8 0 0 0 0 0 0 0 0 0 0 0 
335 8 0 0 0 0 0 0 0 0 0 0 0 
336 8 0 0 0 0 0 0 0 0 0 0 0 
337 8 0 0 0 0 0 0 0 0 0 0 0 
338 8 0 0 0 0 0 0 0 0 0 0 0 
339 8 0 0 0 0 0 0 0 0 0 0 0 
340 8 0 0 0 0 0 0 0 0 0 0 0 
341 8 0 0 0 0 0 0 0 0 0 0 0 
342 8 0 0 0 0 0 0 0 0 0 0 0 
343 8 0 0 0 0 0 0 0 0 0 0 0 
344 8 0 0 0 0 0 0 0 0 0 0 0 
345 8 0 0 0 0 0 0 0 0 0 0 0 
346 8 0 0 0 0 0 0 0 0 0 0 0 
347 8 0 0 0 0 0 0 0 0 0 0 0 
348 8 0 0 0 0 0 0 0 0 0 0 0 
349 8 0 0 0 0 0 0 0 0 0 0 0 
350 8 0 0 0 0 0 0 0 0 0 0 0 
351 8 0 0 0 0 0 0 0 0 0 0 0 
352 8 0 0 0 0 0 0 0 0 0 0 0 
353 8 0 0 0 0 0 0 0 0 0 0 0 
354 8 0 0 0 0 0 0 0 0 0 0 0 
355 8 0 0 0 0 0 0 0 0 0 0 0 
356 8 0 0 0 0 0 0 0 0 0 0 0 
357 8 0 0 0 0 0 0 0 0 0 0 0 
358 8 0 0 0 0 0 0 0 0 0 0 0 
359 8 0 0 0 0 0 0 0 0 0 0 0 
360 8 0 0 0 0 0 0 0 0 0 0 0 
361 8 0 0 0 0 0 0 0 0 0 0 0 
362 8 0 0 0 0 0 0 0 0 0 0 0 
363 8 0 0 0 0 0 0 0 0 0 0 0 
364 8 0 0 0 0 0 0 0 0 0 0 0 
365 8 0 0 0 0 0 0 0 0 0 0 0 
366 8 0 0 0 0 0 0 0 0 0 0 0 
367 8 0 0 0 0 0 0 0 0 0 0 0 
368 8 0 0 0 0 0 0 0 0 0 0 0 
369 8 0 0 0 0 0 0 0 0 0 0 0 
370 8 0 0 0 0 0 0 0 0 0 0 0 
371 8 0 0 0 0 0 0 0 0 0 0 0 
372 8 0 0 0 0 0 0 0 0 0 0 0 
373 8 0 0 0 0 0 0 0 0 0 0 0 
374 8 0 0 0 0 0 0 0 0 0 0 0 
375 8 0 0 0 0 0 0 0 0 0 0 0 
376 8 0 0 0 0 0 0 0 0 0 0 0 
377 8 0 0 0 0 0 0 0 0 0 0 0 
378 8 0 0 0 0 0 0 0 0 0 0 0 
379 8 0 0 0 0 0 0 0 0 0 0 0 
380 8 0 0 0 0 0 0 0 0 0 0 0 
381 8 0 0 0 0 0 0 0 0 0 0 0 
382 8 0 0 0 0 0 0 0 0 0 0 0 
383 8 0 0 0 0 0 0 0 0 0 0 0 
384 8 0 0 0 0 0 0 0 0 0 0 0 
385 8 0 0 0 0 0 0 0 0 0 0 0 
386 8 0 0 0 0 0 0 0 0 0 0 0 
387 8 0 0 0 0 0 0 0 0 0 0 0 
388 8 0 0 0 0 0 0 0 0 0 0 0 
389 8 0 0 0 0 0 0 0 0 0 0 0 
390 8 0 0 0 0 0 0 0 0 0 0 0 
391 8 0 0 0 0 0 0 0 0 0 0 0 
392 8 0 0 0 0 0 0 0 0 0 0 0 
393 8 0 0 0 0 0 0 0 0 0 0 0 
394 8 0 0 0 0 0 0 0 0 0 0 0 
395 8 0 0 0 0 0 0 0 0 0 0 0 
396 8 0 0 0 0 0 0 0 0 0 0 0 
397 8 0 0 0 0 0 0 0 0 0 0 0 
398 8 0 0 0 0 0 0 0 0 0 0 0 
399 8 0 0 0 0 0 0 0 0 0 0 0 
400 8 0 0 0 0 0 0 0 0 0 0 0 
401 8 0 0 0 0 0 0 0 0 0 0 0 
402 8 0 0 0 0 0 0 0 0 0 0 0 
403 8 0 0 0 0 0 0 0 0 0 0 0 
404 8 0 0 0 0 0 0 0 0 0 0 0 
405 8 0 0 0 0 0 0 0 0 0 0 0 
406 8 0 0 0 0 0 0 0 0 0 0 0 
407 8 0 0 0 0 0 0 0 0 0 0 0 
408 8 0 0 0 0 0 0 0 0 0 0 0 
409 8 0 0 0 0 0 0 0 0 0 0 0 
410 8 0 0 0 0 0 0 0 0 0 0 0 
411 8 0 0 0 0 0 0 0 0 0 0 0 
412 8 0 0 0 0 0 0 0 0 0 0 0 
413 8 0 0 0 0 0 0 0 0 0 0 0 
414 8 0 0 0 0 0 0 0 0 0 0 0 
415 8 -1 40 24 0 0 31 2 0 0 3 11 
416 8 -1 6 47 0 0 33 3 0 0 8 16 
417 8 0 0 0 0 0 0 0 0 0 0 0 
418 8 0 0 0 0 0 0 0 0 0 0 0 
419 8 0 0 0 0 0 0 0 0 0 0 0 
420 8 0 0 0 0 0 0 0 0 0 0 0 
421 8 0 0 0 0 0 0 0 0 0 0 0 
422 8 0 0 0 0 0 0 0 0 0 0 0 
423 8 57 0 0 0 0 0 0 0 0 0 0 
424 8 58 0 0 0 0 0 0 0 0 0 0 
425 8 -1 46 21 0 0 23 12 0 0 0 70 
426 8 -1 10 19 21 18 40 46 6 1 32 664 
427 8 67 0 0 0 0 0 0 0 0 0 0 
428 8 -1 2 24 0 0 40 25 0 0 1 -14 
429 8 -1 20 6 19 3 46 25 1 18 32 -415 
430 8 73 0 0 0 0 0 0 0 0 0 0 
431 8 0 0 0 0 0 0 0 0 0 0 0 
432 8 0 0 0 0 0 0 0 0 0 0 0 
433 8 75 0 0 0 0 0 0 0 0 0 0 
434 8 76 0 0 0 0 0 0 0 0 0 0 
435 8 0 0 0 0 0 0 0 0 0 0 0 
436 8 0 0 0 0 0 0 0 0 0 0 0 
437 8 0 0 0 0 0 0 0 0 0 0 0 
438 8 0 0 0 0 0 0 0 0 0 0 0 
439 8 0 0 0 0 0 0 0 0 0 0 0 
440 8 0 0 0 0 0 0 0 0 0 0 0 
441 8 0 0 0 0 0 0 0 0 0 0 0 
442 8 0 0 0 0 0 0 0 0 0 0 0 
443 8 0 0 0 0 0 0 0 0 0 0 0 
444 8 0 0 0 0 0 0 0 0 0 0 0 
445 8 0 0 0 0 0 0 0 0 0 0 0 
446 8 0 0 0 0 0 0 0 0 0 0 0 
447 8 0 0 0 0 0 0 0 0 0 0 0 
448 8 0 0 0 0 0 0 0 0 0 0 0 
449 8 0 0 0 0 0 0 0 0 0 0 0 
450 8 0 0 0 0 0 0 0 0 0 0 0 
451 8 0 0 0 0 0 0 0 0 0 0 0 
452 8 0 0 0 0 0 0 0 0 0 0 0 
453 8 0 0 0 0 0 0 0 0 0 0 0 
454 8 0 0 0 0 0 0 0 0 0 0 0 
455 8 -1 44 36 0 0 33 13 0 0 1 8 
456 8 -1 40 31 0 0 0 9 0 0 18 -28 
457 8 -1 34 7 0 0 24 29 0 0 10 -47 
458 8 -1 14 29 0 0 3 3 0 0 9 32 
459 8 0 0 0 0 0 0 0 0 0 0 0 
460 8 0 0 0 0 0 0 0 0 0 0 0 
461 8 94 0 0 0 0 0 0 0 0 0 0 
462 8 95 0 0 0 0 0 0 0 0 0 0 
463 8 0 0 0 0 0 0 0 0 0 0 0 
464 8 0 0 0 0 0 0 0 0 0 0 0 
465 8 97 0 0 0 0 0 0 0 0 0 0 
466 8 98 0 0 0 0 0 0 0 0 0 0 
467 8 0 0 0 0 0 0 0 0 0 0 0 
468 8 0 0 0 0 0 0 0 0 0 0 0 
469 8 0 0 0 0 0 0 0 0 0 0 0 
470 8 0 0 0 0 0 0 0 0 0 0 0 
471 8 0 0 0 0 0 0 0 0 0 0 0 
472 8 0 0 0 0 0 0 0 0 0 0 0 
473 8 0 0 0 0 0 0 0 0 0 0 0 
474 8 0 0 0 0 0 0 0 0 0 0 0 
475 8 0 0 0 0 0 0 0 0 0 0 0 
476 8 0 0 0 0 0 0 0 0 0 0 0 
477 8 0 0 0 0 0 0 0 0 0 0 0 
478 8 0 0 0 0 0 0 0 0 0 0 0 
479 8 102 0 0 0 0 0 0 0 0 0 0 
480 8 103 0 0 0 0 0 0 0 0 0 0 
481 8 0 0 0 0 0 0 0 0 0 0 0 
482 8 0 0 0 0 0 0 0 0 0 0 0 
483 8 0 0 0 0 0 0 0 0 0 0 0 
484 8 0 0 0 0 0 0 0 0 0 0 0 
485 8 0 0 0 0 0 0 0 0 0 0 0 
486 8 0 0 0 0 0 0 0 0 0 0 0 
487 8 -1 39 34 0 0 43 45 0 0 15 35 
488 8 -1 0 3 11 5 38 42 9 1 32 385 
489 8 -1 6 18 8 0 39 20 6 19 32 -3167 
490 8 -1 18 20 6 19 29 43 2 1 32 3763 
491 8 0 0 0 0 0 0 0 0 0 0 0 
492 8 0 0 0 0 0 0 0 0 0 0 0 
493 8 -1 32 20 0 0 29 33 0 0 16 10 
494 8 121 0 0 0 0 0 0 0 0 0 0 
495 8 0 0 0 0 0 0 0 0 0 0 0 
496 8 0 0 0 0 0 0 0 0 0 0 0 
497 8 0 0 0 0 0 0 0 0 0 0 0 
498 8 0 0 0 0 0 0 0 0 0 0 0 
499 8 0 0 0 0 0 0 0 0 0 0 0 
500 8 0 0 0 0 0 0 0 0 0 0 0 
501 8 0 0 0 0 0 0 0 0 0 0 0 
502 8 0 0 0 0 0 0 0 0 0 0 0 
503 8 0 0 0 0 0 0 0 0 0 0 0 
504 8 0 0 0 0 0 0 0 0 0 0 0 
505 8 0 0 0 0 0 0 0 0 0 0 0 
506 8 0 0 0 0 0 0 0 0 0 0 0 
507 8 126 0 0 0 0 0 0 0 0 0 0 
508 8 -1 6 2 21 19 33 41 13 5 32 10997 
509 8 0 0 0 0 0 0 0 0 0 0 0 
510 8 0 0 0 0 0 0 0 0 0 0 0 
511 9 0 0 0 0 0 0 0 0 0 0 0 
512 9 0 0 0 0 0 0 0 0 0 0 0 
513 9 0 0 0 0 0 0 0 0 0 0 0 
514 9 0 0 0 0 0 0 0 0 0 0 0 
515 9 0 0 0 0 0 0 0 0 0 0 0 
516 9 0 0 0 0 0 0 0 0 0 0 0 
517 9 0 0 0 0 0 0 0 0 0 0 0 
518 9 0 0 0 0 0 0 0 0 0 0 0 
519 9 0 0 0 0 0 0 0 0 0 0 0 
520 9 0 0 0 0 0 0 0 0 0 0 0 
521 9 0 0 0 0 0 0 0 0 0 0 0 
522 9 0 0 0 0 0 0 0 0 0 0 0 
523 9 0 0 0 0 0 0 0 0 0 0 0 
524 9 0 0 0 0 0 0 0 0 0 0 0 
525 9 0 0 0 0 0 0 0 0 0 0 0 
526 9 0 0 0 0 0 0 0 0 0 0 0 
527 9 0 0 0 0 0 0 0 0 0 0 0 
528 9 0 0 0 0 0 0 0 0 0 0 0 
529 9 0 0 0 0 0 0 0 0 0 0 0 
530 9 0 0 0 0 0 0 0 0 0 0 0 
531 9 0 0 0 0 0 0 0 0 0 0 0 
532 9 0 0 0 0 0 0 0 0 0 0 0 
533 9 0 0 0 0 0 0 0 0 0 0 0 
534 9 0 0 0 0 0 0 0 0 0 0 0 
535 9 0 0 0 0 0 0 0 0 0 0 0 
536 9 0 0 0 0 0 0 0 0 0 0 0 
537 9 0 0 0 0 0 0 0 0 0 0 0 
538 9 0 0 0 0 0 0 0 0 0 0 0 
539 9 0 0 0 0 0 0 0 0 0 0 0 
540 9 0 0 0 0 0 0 0 0 0 0 0 
541 9 0 0 0 0 0 0 0 0 0 0 0 
542 9 0 0 0 0 0 0 0 0 0 0 0 
543 9 -1 0 0 8 8 14 16 17 3 32 -294 
544 9 -1 20 11 12 20 35 44 5 2 32 14902 
545 9 -1 7 20 13 12 38 44 8 1 32 13252 
546 9 7 0 0 0 0 0 0 0 0 0 0 
547 9 0 0 0 0 0 0 0 0 0 0 0 
548 9 0 0 0 0 0 0 0 0 0 0 0 
549 9 0 0 0 0 0 0 0 0 0 0 0 
550 9 0 0 0 0 0 0 0 0 0 0 0 
551 9 9 0 0 0 0 0 0 0 0 0 0 
552 9 10 0 0 0 0 0 0 0 0 0 0 
553 9 0 0 0 0 0 0 0 0 0 0 0 
554 9 0 0 0 0 0 0 0 0 0 0 0 
555 9 0 0 0 0 0 0 0 0 0 0 0 
556 9 0 0 0 0 0 0 0 0 0 0 0 
557 9 -1 7 2 2 4 14 33 32 3 32 -8224 
558 9 -1 2 9 8 9 41 23 3 10 32 5186 
559 9 0 0 0 0 0 0 0 0 0 0 0 
560 9 0 0 0 0 0 0 0 0 0 0 0 
561 9 0 0 0 0 0 0 0 0 0 0 0 
562 9 0 0 0 0 0 0 0 0 0 0 0 
563 9 0 0 0 0 0 0 0 0 0 0 0 
564 9 0 0 0 0 0 0 0 0 0 0 0 
565 9 0 0 0 0 0 0 0 0 0 0 0 
566 9 0 0 0 0 0 0 0 0 0 0 0 
567 9 18 0 0 0 0 0 0 0 0 0 0 
568 9 19 0 0 0 0 0 0 0 0 0 0 
569 9 0 0 0 0 0 0 0 0 0 0 0 
570 9 0 0 0 0 0 0 0 0 0 0 0 
571 9 0 0 0 0 0 0 0 0 0 0 0 
572 9 0 0 0 0 0 0 0 0 0 0 0 
573 9 22 0 0 0 0 0 0 0 0 0 0 
574 9 23 0 0 0 0 0 0 0 0 0 0 
575 9 0 0 0 0 0 0 0 0 0 0 0 
576 9 0 0 0 0 0 0 0 0 0 0 0 
577 9 0 0 0 0 0 0 0 0 0 0 0 
578 9 0 0 0 0 0 0 0 0 0 0 0 
579 9 0 0 0 0 0 0 0 0 0 0 0 
580 9 0 0 0 0 0 0 0 0 0 0 0 
581 9 0 0 0 0 0 0 0 0 0 0 0 
582 9 0 0 0 0 0 0 0 0 0 0 0 
583 9 0 0 0 0 0 0 0 0 0 0 0 
584 9 0 0 0 0 0 0 0 0 0 0 0 
585 9 0 0 0 0 0 0 0 0 0 0 0 
586 9 0 0 0 0 0 0 0 0 0 0 0 
587 9 0 0 0 0 0 0 0 0 0 0 0 
588 9 0 0 0 0 0 0 0 0 0 0 0 
589 9 0 0 0 0 0 0 0 0 0 0 0 
590 9 0 0 0 0 0 0 0 0 0 0 0 
591 9 0 0 0 0 0 0 0 0 0 0 0 
592 9 0 0 0 0 0 0 0 0 0 0 0 
593 9 0 0 0 0 0 0 0 0 0 0 0 
594 9 0 0 0 0 0 0 0 0 0 0 0 
595 9 0 0 0 0 0 0 0 0 0 0 0 
596 9 0 0 0 0 0 0 0 0 0 0 0 
597 9 0 0 0 0 0 0 0 0 0 0 0 
598 9 0 0 0 0 0 0 0 0 0 0 0 
599 9 0 0 0 0 0 0 0 0 0 0 0 
600 9 0 0 0 0 0 0 0 0 0 0 0 
601 9 0 0 0 0 0 0 0 0 0 0 0 
602 9 0 0 0 0 0 0 0 0 0 0 0 
603 9 0 0 0 0 0 0 0 0 0 0 0 
604 9 0 0 0 0 0 0 0 0 0 0 0 
605 9 0 0 0 0 0 0 0 0 0 0 0 
606 9 0 0 0 0 0 0 0 0 0 0 0 
607 9 0 0 0 0 0 0 0 0 0 0 0 
608 9 0 0 0 0 0 0 0 0 0 0 0 
609 9 0 0 0 0 0 0 0 0 0 0 0 
610 9 0 0 0 0 0 0 0 0 0 0 0 
611 9 0 0 0 0 0 0 0 0 0 0 0 
612 9 0 0 0 0 0 0 0 0 0 0 0 
613 9 0 0 0 0 0 0 0 0 0 0 0 
614 9 0 0 0 0 0 0 0 0 0 0 0 
615 9 0 0 0 0 0 0 0 0 0 0 0 
616 9 0 0 0 0 0 0 0 0 0 0 0 
617 9 0 0 0 0 0 0 0 0 0 0 0 
618 9 0 0 0 0 0 0 0 0 0 0 0 
619 9 0 0 0 0 0 0 0 0 0 0 0 
620 9 0 0 0 0 0 0 0 0 0 0 0 
621 9 0 0 0 0 0 0 0 0 0 0 0 
622 9 0 0 0 0 0 0 0 0 0 0 0 
623 9 0 0 0 0 0 0 0 0 0 0 0 
624 9 0 0 0 0 0 0 0 0 0 0 0 
625 9 0 0 0 0 0 0 0 0 0 0 0 
626 9 0 0 0 0 0 0 0 0 0 0 0 
627 9 0 0 0 0 0 0 0 0 0 0 0 
628 9 0 0 0 0 0 0 0 0 0 0 0 
629 9 0 0 0 0 0 0 0 0 0 0 0 
630 9 0 0 0 0 0 0 0 0 0 0 0 
631 9 0 0 0 0 0 0 0 0 0 0 0 
632 9 0 0 0 0 0 0 0 0 0 0 0 
633 9 0 0 0 0 0 0 0 0 0 0 0 
634 9 0 0 0 0 0 0 0 0 0 0 0 
635 9 0 0 0 0 0 0 0 0 0 0 0 
636 9 0 0 0 0 0 0 0 0 0 0 0 
637 9 0 0 0 0 0 0 0 0 0 0 0 
638 9 0 0 0 0 0 0 0 0 0 0 0 
639 9 0 0 0 0 0 0 0 0 0 0 0 
640 9 0 0 0 0 0 0 0 0 0 0 0 
641 9 0 0 0 0 0 0 0 0 0 0 0 
642 9 0 0 0 0 0 0 0 0 0 0 0 
643 9 0 0 0 0 0 0 0 0 0 0 0 
644 9 0 0 0 0 0 0 0 0 0 0 0 
645 9 0 0 0 0 0 0 0 0 0 0 0 
646 9 0 0 0 0 0 0 0 0 0 0 0 
647 9 0 0 0 0 0 0 0 0 0 0 0 
648 9 0 0 0 0 0 0 0 0 0 0 0 
649 9 0 0 0 0 0 0 0 0 0 0 0 
650 9 0 0 0 0 0 0 0 0 0 0 0 
651 9 0 0 0 0 0 0 0 0 0 0 0 
652 9 0 0 0 0 0 0 0 0 0 0 0 
653 9 0 0 0 0 0 0 0 0 0 0 0 
654 9 0 0 0 0 0 0 0 0 0 0 0 
655 9 0 0 0 0 0 0 0 0 0 0 0 
656 9 0 0 0 0 0 0 0 0 0 0 0 
657 9 0 0 0 0 0 0 0 0 0 0 0 
658 9 0 0 0 0 0 0 0 0 0 0 0 
659 9 0 0 0 0 0 0 0 0 0 0 0 
660 9 0 0 0 0 0 0 0 0 0 0 0 
661 9 0 0 0 0 0 0 0 0 0 0 0 
662 9 0 0 0 0 0 0 0 0 0 0 0 
663 9 0 0 0 0 0 0 0 0 0 0 0 
664 9 0 0 0 0 0 0 0 0 0 0 0 
665 9 0 0 0 0 0 0 0 0 0 0 0 
666 9 0 0 0 0 0 0 0 0 0 0 0 
667 9 0 0 0 0 0 0 0 0 0 0 0 
668 9 0 0 0 0 0 0 0 0 0 0 0 
669 9 0 0 0 0 0 0 0 0 0 0 0 
670 9 0 0 0 0 0 0 0 0 0 0 0 
671 9 0 0 0 0 0 0 0 0 0 0 0 
672 9 0 0 0 0 0 0 0 0 0 0 0 
673 9 0 0 0 0 0 0 0 0 0 0 0 
674 9 0 0 0 0 0 0 0 0 0 0 0 
675 9 0 0 0 0 0 0 0 0 0 0 0 
676 9 0 0 0 0 0 0 0 0 0 0 0 
677 9 0 0 0 0 0 0 0 0 0 0 0 
678 9 0 0 0 0 0 0 0 0 0 0 0 
679 9 0 0 0 0 0 0 0 0 0 0 0 
680 9 0 0 0 0 0 0 0 0 0 0 0 
681 9 0 0 0 0 0 0 0 0 0 0 0 
682 9 0 0 0 0 0 0 0 0 0 0 0 
683 9 0 0 0 0 0 0 0 0 0 0 0 
684 9 0 0 0 0 0 0 0 0 0 0 0 
685 9 0 0 0 0 0 0 0 0 0 0 0 
686 9 0 0 0 0 0 0 0 0 0 0 0 
687 9 0 0 0 0 0 0 0 0 0 0 0 
688 9 0 0 0 0 0 0 0 0 0 0 0 
689 9 0 0 0 0 0 0 0 0 0 0 0 
690 9 0 0 0 0 0 0 0 0 0 0 0 
691 9 0 0 0 0 0 0 0 0 0 0 0 
692 9 0 0 0 0 0 0 0 0 0 0 0 
693 9 0 0 0 0 0 0 0 0 0 0 0 
694 9 0 0 0 0 0 0 0 0 0 0 0 
695 9 0 0 0 0 0 0 0 0 0 0 0 
696 9 0 0 0 0 0 0 0 0 0 0 0 
697 9 0 0 0 0 0 0 0 0 0 0 0 
698 9 0 0 0 0 0 0 0 0 0 0 0 
699 9 0 0 0 0 0 0 0 0 0 0 0 
700 9 0 0 0 0 0 0 0 0 0 0 0 
701 9 0 0 0 0 0 0 0 0 0 0 0 
702 9 0 0 0 0 0 0 0 0 0 0 0 
703 9 0 0 0 0 0 0 0 0 0 0 0 
704 9 0 0 0 0 0 0 0 0 0 0 0 
705 9 0 0 0 0 0 0 0 0 0 0 0 
706 9 0 0 0 0 0 0 0 0 0 0 0 
707 9 0 0 0 0 0 0 0 0 0 0 0 
708 9 0 0 0 0 0 0 0 0 0 0 0 
709 9 0 0 0 0 0 0 0 0 0 0 0 
710 9 0 0 0 0 0 0 0 0 0 0 0 
711 9 0 0 0 0 0 0 0 0 0 0 0 
712 9 0 0 0 0 0 0 0 0 0 0 0 
713 9 0 0 0 0 0 0 0 0 0 0 0 
714 9 0 0 0 0 0 0 0 0 0 0 0 
715 9 0 0 0 0 0 0 0 0 0 0 0 
716 9 0 0 0 0 0 0 0 0 0 0 0 
717 9 0 0 0 0 0 0 0 0 0 0 0 
718 9 0 0 0 0 0 0 0 0 0 0 0 
719 9 0 0 0 0 0 0 0 0 0 0 0 
720 9 0 0 0 0 0 0 0 0 0 0 0 
721 9 0 0 0 0 0 0 0 0 0 0 0 
722 9 0 0 0 0 0 0 0 0 0 0 0 
723 9 0 0 0 0 0 0 0 0 0 0 0 
724 9 0 0 0 0 0 0 0 0 0 0 0 
725 9 0 0 0 0 0 0 0 0 0 0 0 
726 9 0 0 0 0 0 0 0 0 0 0 0 
727 9 0 0 0 0 0 0 0 0 0 0 0 
728 9 0 0 0 0 0 0 0 0 0 0 0 
729 9 0 0 0 0 0 0 0 0 0 0 0 
730 9 0 0 0 0 0 0 0 0 0 0 0 
731 9 0 0 0 0 0 0 0 0 0 0 0 
732 9 0 0 0 0 0 0 0 0 0 0 0 
733 9 0 0 0 0 0 0 0 0 0 0 0 
734 9 0 0 0 0 0 0 0 0 0 0 0 
735 9 0 0 0 0 0 0 0 0 0 0 0 
736 9 0 0 0 0 0 0 0 0 0 0 0 
737 9 0 0 0 0 0 0 0 0 0 0 0 
738 9 0 0 0 0 0 0 0 0 0 0 0 
739 9 0 0 0 0 0 0 0 0 0 0 0 
740 9 0 0 0 0 0 0 0 0 0 0 0 
741 9 0 0 0 0 0 0 0 0 0 0 0 
742 9 0 0 0 0 0 0 0 0 0 0 0 
743 9 0 0 0 0 0 0 0 0 0 0 0 
744 9 0 0 0 0 0 0 0 0 0 0 0 
745 9 0 0 0 0 0 0 0 0 0 0 0 
746 9 0 0 0 0 0 0 0 0 0 0 0 
747 9 0 0 0 0 0 0 0 0 0 0 0 
748 9 0 0 0 0 0 0 0 0 0 0 0 
749 9 0 0 0 0 0 0 0 0 0 0 0 
750 9 0 0 0 0 0 0 0 0 0 0 0 
751 9 0 0 0 0 0 0 0 0 0 0 0 
752 9 0 0 0 0 0 0 0 0 0 0 0 
753 9 0 0 0 0 0 0 0 0 0 0 0 
754 9 0 0 0 0 0 0 0 0 0 0 0 
755 9 0 0 0 0 0 0 0 0 0 0 0 
756 9 0 0 0 0 0 0 0 0 0 0 0 
757 9 0 0 0 0 0 0 0 0 0 0 0 
758 9 0 0 0 0 0 0 0 0 0 0 0 
759 9 0 0 0 0 0 0 0 0 0 0 0 
760 9 0 0 0 0 0 0 0 0 0 0 0 
761 9 0 0 0 0 0 0 0 0 0 0 0 
762 9 0 0 0 0 0 0 0 0 0 0 0 
763 9 0 0 0 0 0 0 0 0 0 0 0 
764 9 0 0 0 0 0 0 0 0 0 0 0 
765 9 0 0 0 0 0 0 0 0 0 0 0 
766 9 0 0 0 0 0 0 0 0 0 0 0 
767 9 0 0 0 0 0 0 0 0 0 0 0 
768 9 0 0 0 0 0 0 0 0 0 0 0 
769 9 0 0 0 0 0 0 0 0 0 0 0 
770 9 0 0 0 0 0 0 0 0 0 0 0 
771 9 0 0 0 0 0 0 0 0 0 0 0 
772 9 0 0 0 0 0 0 0 0 0 0 0 
773 9 0 0 0 0 0 0 0 0 0 0 0 
774 9 0 0 0 0 0 0 0 0 0 0 0 
775 9 0 0 0 0 0 0 0 0 0 0 0 
776 9 0 0 0 0 0 0 0 0 0 0 0 
777 9 0 0 0 0 0 0 0 0 0 0 0 
778 9 0 0 0 0 0 0 0 0 0 0 0 
779 9 0 0 0 0 0 0 0 0 0 0 0 
780 9 0 0 0 0 0 0 0 0 0 0 0 
781 9 0 0 0 0 0 0 0 0 0 0 0 
782 9 0 0 0 0 0 0 0 0 0 0 0 
783 9 0 0 0 0 0 0 0 0 0 0 0 
784 9 0 0 0 0 0 0 0 0 0 0 0 
785 9 0 0 0 0 0 0 0 0 0 0 0 
786 9 0 0 0 0 0 0 0 0 0 0 0 
787 9 0 0 0 0 0 0 0 0 0 0 0 
788 9 0 0 0 0 0 0 0 0 0 0 0 
789 9 0 0 0 0 0 0 0 0 0 0 0 
790 9 0 0 0 0 0 0 0 0 0 0 0 
791 9 0 0 0 0 0 0 0 0 0 0 0 
792 9 0 0 0 0 0 0 0 0 0 0 0 
793 9 0 0 0 0 0 0 0 0 0 0 0 
794 9 0 0 0 0 0 0 0 0 0 0 0 
795 9 0 0 0 0 0 0 0 0 0 0 0 
796 9 0 0 0 0 0 0 0 0 0 0 0 
797 9 0 0 0 0 0 0 0 0 0 0 0 
798 9 0 0 0 0 0 0 0 0 0 0 0 
799 9 0 0 0 0 0 0 0 0 0 0 0 
800 9 0 0 0 0 0 0 0 0 0 0 0 
801 9 0 0 0 0 0 0 0 0 0 0 0 
802 9 0 0 0 0 0 0 0 0 0 0 0 
803 9 0 0 0 0 0 0 0 0 0 0 0 
804 9 0 0 0 0 0 0 0 0 0 0 0 
805 9 0 0 0 0 0 0 0 0 0 0 0 
806 9 0 0 0 0 0 0 0 0 0 0 0 
807 9 0 0 0 0 0 0 0 0 0 0 0 
808 9 0 0 0 0 0 0 0 0 0 0 0 
809 9 0 0 0 0 0 0 0 0 0 0 0 
810 9 0 0 0 0 0 0 0 0 0 0 0 
811 9 0 0 0 0 0 0 0 0 0 0 0 
812 9 0 0 0 0 0 0 0 0 0 0 0 
813 9 0 0 0 0 0 0 0 0 0 0 0 
814 9 0 0 0 0 0 0 0 0 0 0 0 
815 9 0 0 0 0 0 0 0 0 0 0 0 
816 9 0 0 0 0 0 0 0 0 0 0 0 
817 9 0 0 0 0 0 0 0 0 0 0 0 
818 9 0 0 0 0 0 0 0 0 0 0 0 
819 9 0 0 0 0 0 0 0 0 0 0 0 
820 9 0 0 0 0 0 0 0 0 0 0 0 
821 9 0 0 0 0 0 0 0 0 0 0 0 
822 9 0 0 0 0 0 0 0 0 0 0 0 
823 9 0 0 0 0 0 0 0 0 0 0 0 
824 9 0 0 0 0 0 0 0 0 0 0 0 
825 9 0 0 0 0 0 0 0 0 0 0 0 
826 9 0 0 0 0 0 0 0 0 0 0 0 
827 9 0 0 0 0 0 0 0 0 0 0 0 
828 9 0 0 0 0 0 0 0 0 0 0 0 
829 9 0 0 0 0 0 0 0 0 0 0 0 
830 9 0 0 0 0 0 0 0 0 0 0 0 
831 9 48 0 0 0 0 0 0 0 0 0 0 
832 9 -1 16 3 14 10 46 16 1 29 32 -1665 
833 9 -1 34 35 0 0 32 9 0 0 15 51 
834 9 -1 13 9 0 0 4 15 0 0 3 49 
835 9 0 0 0 0 0 0 0 0 0 0 0 
836 9 0 0 0 0 0 0 0 0 0 0 0 
837 9 0 0 0 0 0 0 0 0 0 0 0 
838 9 0 0 0 0 0 0 0 0 0 0 0 
839 9 0 0 0 0 0 0 0 0 0 0 0 
840 9 0 0 0 0 0 0 0 0 0 0 0 
841 9 0 0 0 0 0 0 0 0 0 0 0 
842 9 0 0 0 0 0 0 0 0 0 0 0 
843 9 0 0 0 0 0 0 0 0 0 0 0 
844 9 0 0 0 0 0 0 0 0 0 0 0 
845 9 0 0 0 0 0 0 0 0 0 0 0 
846 9 0 0 0 0 0 0 0 0 0 0 0 
847 9 0 0 0 0 0 0 0 0 0 0 0 
848 9 0 0 0 0 0 0 0 0 0 0 0 
849 9 0 0 0 0 0 0 0 0 0 0 0 
850 9 0 0 0 0 0 0 0 0 0 0 0 
851 9 -1 3 16 0 0 7 38 0 0 16 1 
852 9 -1 7 6 1 0 12 32 32 8 32 -1431 
853 9 -1 38 17 0 0 11 14 0 0 4 25 
854 9 -1 17 16 19 6 38 42 7 1 32 1103 
855 9 0 0 0 0 0 0 0 0 0 0 0 
856 9 0 0 0 0 0 0 0 0 0 0 0 
857 9 68 0 0 0 0 0 0 0 0 0 0 
858 9 -1 30 32 0 0 21 19 0 0 13 15 
859 9 71 0 0 0 0 0 0 0 0 0 0 
860 9 72 0 0 0 0 0 0 0 0 0 0 
861 9 0 0 0 0 0 0 0 0 0 0 0 
862 9 0 0 0 0 0 0 0 0 0 0 0 
863 9 0 0 0 0 0 0 0 0 0 0 0 
864 9 0 0 0 0 0 0 0 0 0 0 0 
865 9 0 0 0 0 0 0 0 0 0 0 0 
866 9 0 0 0 0 0 0 0 0 0 0 0 
867 9 0 0 0 0 0 0 0 0 0 0 0 
868 9 0 0 0 0 0 0 0 0 0 0 0 
869 9 0 0 0 0 0 0 0 0 0 0 0 
870 9 0 0 0 0 0 0 0 0 0 0 0 
871 9 0 0 0 0 0 0 0 0 0 0 0 
872 9 0 0 0 0 0 0 0 0 0 0 0 
873 9 0 0 0 0 0 0 0 0 0 0 0 
874 9 0 0 0 0 0 0 0 0 0 0 0 
875 9 0 0 0 0 0 0 0 0 0 0 0 
876 9 0 0 0 0 0 0 0 0 0 0 0 
877 9 0 0 0 0 0 0 0 0 0 0 0 
878 9 0 0 0 0 0 0 0 0 0 0 0 
879 9 0 0 0 0 0 0 0 0 0 0 0 
880 9 0 0 0 0 0 0 0 0 0 0 0 
881 9 0 0 0 0 0 0 0 0 0 0 0 
882 9 0 0 0 0 0 0 0 0 0 0 0 
883 9 0 0 0 0 0 0 0 0 0 0 0 
884 9 0 0 0 0 0 0 0 0 0 0 0 
885 9 0 0 0 0 0 0 0 0 0 0 0 
886 9 0 0 0 0 0 0 0 0 0 0 0 
887 9 0 0 0 0 0 0 0 0 0 0 0 
888 9 0 0 0 0 0 0 0 0 0 0 0 
889 9 0 0 0 0 0 0 0 0 0 0 0 
890 9 0 0 0 0 0 0 0 0 0 0 0 
891 9 0 0 0 0 0 0 0 0 0 0 0 
892 9 0 0 0 0 0 0 0 0 0 0 0 
893 9 0 0 0 0 0 0 0 0 0 0 0 
894 9 0 0 0 0 0 0 0 0 0 0 0 
895 9 0 0 0 0 0 0 0 0 0 0 0 
896 9 0 0 0 0 0 0 0 0 0 0 0 
897 9 0 0 0 0 0 0 0 0 0 0 0 
898 9 0 0 0 0 0 0 0 0 0 0 0 
899 9 0 0 0 0 0 0 0 0 0 0 0 
900 9 0 0 0 0 0 0 0 0 0 0 0 
901 9 0 0 0 0 0 0 0 0 0 0 0 
902 9 0 0 0 0 0 0 0 0 0 0 0 
903 9 0 0 0 0 0 0 0 0 0 0 0 
904 9 0 0 0 0 0 0 0 0 0 0 0 
905 9 0 0 0 0 0 0 0 0 0 0 0 
906 9 0 0 0 0 0 0 0 0 0 0 0 
907 9 0 0 0 0 0 0 0 0 0 0 0 
908 9 0 0 0 0 0 0 0 0 0 0 0 
909 9 0 0 0 0 0 0 0 0 0 0 0 
910 9 0 0 0 0 0 0 0 0 0 0 0 
911 9 -1 0 13 0 0 24 20 0 0 1 -19 
912 9 83 0 0 0 0 0 0 0 0 0 0 
913 9 84 0 0 0 0 0 0 0 0 0 0 
914 9 -1 36 0 0 0 47 28 0 0 17 10 
915 9 87 0 0 0 0 0 0 0 0 0 0 
916 9 -1 19 22 18 6 43 34 4 11 32 309 
917 9 -1 17 5 16 1 40 16 5 24 32 -4857 
918 9 92 0 0 0 0 0 0 0 0 0 0 
919 9 0 0 0 0 0 0 0 0 0 0 0 
920 9 0 0 0 0 0 0 0 0 0 0 0 
921 9 0 0 0 0 0 0 0 0 0 0 0 
922 9 0 0 0 0 0 0 0 0 0 0 0 
923 9 0 0 0 0 0 0 0 0 0 0 0 
924 9 0 0 0 0 0 0 0 0 0 0 0 
925 9 0 0 0 0 0 0 0 0 0 0 0 
926 9 0 0 0 0 0 0 0 0 0 0 0 
927 9 0 0 0 0 0 0 0 0 0 0 0 
928 9 0 0 0 0 0 0 0 0 0 0 0 
929 9 0 0 0 0 0 0 0 0 0 0 0 
930 9 0 0 0 0 0 0 0 0 0 0 0 
931 9 0 0 0 0 0 0 0 0 0 0 0 
932 9 0 0 0 0 0 0 0 0 0 0 0 
933 9 0 0 0 0 0 0 0 0 0 0 0 
934 9 0 0 0 0 0 0 0 0 0 0 0 
935 9 0 0 0 0 0 0 0 0 0 0 0 
936 9 0 0 0 0 0 0 0 0 0 0 0 
937 9 0 0 0 0 0 0 0 0 0 0 0 
938 9 0 0 0 0 0 0 0 0 0 0 0 
939 9 0 0 0 0 0 0 0 0 0 0 0 
940 9 0 0 0 0 0 0 0 0 0 0 0 
941 9 0 0 0 0 0 0 0 0 0 0 0 
942 9 0 0 0 0 0 0 0 0 0 0 0 
943 9 0 0 0 0 0 0 0 0 0 0 0 
944 9 0 0 0 0 0 0 0 0 0 0 0 
945 9 0 0 0 0 0 0 0 0 0 0 0 
946 9 0 0 0 0 0 0 0 0 0 0 0 
947 9 0 0 0 0 0 0 0 0 0 0 0 
948 9 0 0 0 0 0 0 0 0 0 0 0 
949 9 0 0 0 0 0 0 0 0 0 0 0 
950 9 0 0 0 0 0 0 0 0 0 0 0 
951 9 0 0 0 0 0 0 0 0 0 0 0 
952 9 0 0 0 0 0 0 0 0 0 0 0 
953 9 0 0 0 0 0 0 0 0 0 0 0 
954 9 0 0 0 0 0 0 0 0 0 0 0 
955 9 0 0 0 0 0 0 0 0 0 0 0 
956 9 0 0 0 0 0 0 0 0 0 0 0 
957 9 0 0 0 0 0 0 0 0 0 0 0 
958 9 0 0 0 0 0 0 0 0 0 0 0 
959 9 0 0 0 0 0 0 0 0 0 0 0 
960 9 0 0 0 0 0 0 0 0 0 0 0 
961 9 0 0 0 0 0 0 0 0 0 0 0 
962 9 0 0 0 0 0 0 0 0 0 0 0 
963 9 0 0 0 0 0 0 0 0 0 0 0 
964 9 0 0 0 0 0 0 0 0 0 0 0 
965 9 0 0 0 0 0 0 0 0 0 0 0 
966 9 0 0 0 0 0 0 0 0 0 0 0 
967 9 0 0 0 0 0 0 0 0 0 0 0 
968 9 0 0 0 0 0 0 0 0 0 0 0 
969 9 0 0 0 0 0 0 0 0 0 0 0 
970 9 0 0 0 0 0 0 0 0 0 0 0 
971 9 0 0 0 0 0 0 0 0 0 0 0 
972 9 0 0 0 0 0 0 0 0 0 0 0 
973 9 0 0 0 0 0 0 0 0 0 0 0 
974 9 0 0 0 0 0 0 0 0 0 0 0 
975 9 -1 0 7 11 20 29 32 8 12 32 4382 
976 9 108 0 0 0 0 0 0 0 0 0 0 
977 9 109 0 0 0 0 0 0 0 0 0 0 
978 9 110 0 0 0 0 0 0 0 0 0 0 
979 9 -1 44 15 0 0 46 40 0 0 2 30 
980 9 113 0 0 0 0 0 0 0 0 0 0 
981 9 -1 0 13 0 19 35 33 3 8 32 -461 
982 9 -1 0 4 0 0 32 42 13 5 32 -2356 
983 9 0 0 0 0 0 0 0 0 0 0 0 
984 9 0 0 0 0 0 0 0 0 0 0 0 
985 9 0 0 0 0 0 0 0 0 0 0 0 
986 9 0 0 0 0 0 0 0 0 0 0 0 
987 9 119 0 0 0 0 0 0 0 0 0 0 
988 9 120 0 0 0 0 0 0 0 0 0 0 
989 9 0 0 0 0 0 0 0 0 0 0 0 
990 9 0 0 0 0 0 0 0 0 0 0 0 
991 9 0 0 0 0 0 0 0 0 0 0 0 
992 9 0 0 0 0 0 0 0 0 0 0 0 
993 9 0 0 0 0 0 0 0 0 0 0 0 
994 9 0 0 0 0 0 0 0 0 0 0 0 
995 9 0 0 0 0 0 0 0 0 0 0 0 
996 9 0 0 0 0 0 0 0 0 0 0 0 
997 9 0 0 0 0 0 0 0 0 0 0 0 
998 9 0 0 0 0 0 0 0 0 0 0 0 
999 9 0 0 0 0 0 0 0 0 0 0 0 
1000 9 0 0 0 0 0 0 0 0 0 0 0 
1001 9 0 0 0 0 0 0 0 0 0 0 0 
1002 9 0 0 0 0 0 0 0 0 0 0 0 
1003 9 0 0 0 0 0 0 0 0 0 0 0 
1004 9 0 0 0 0 0 0 0 0 0 0 0 
1005 9 0 0 0 0 0 0 0 0 0 0 0 
1006 9 0 0 0 0 0 0 0 0 0 0 0 
1007 9 0 0 0 0 0 0 0 0 0 0 0 
1008 9 0 0 0 0 0 0 0 0 0 0 0 
1009 9 0 0 0 0 0 0 0 0 0 0 0 
1010 9 0 0 0 0 0 0 0 0 0 0 0 
1011 9 0 0 0 0 0 0 0 0 0 0 0 
1012 9 0 0 0 0 0 0 0 0 0 0 0 
1013 9 0 0 0 0 0 0 0 0 0 0 0 
1014 9 0 0 0 0 0 0 0 0 0 0 0 
1015 9 0 0 0 0 0 0 0 0 0 0 0 
1016 9 0 0 0 0 0 0 0 0 0 0 0 
1017 9 127 0 0 0 0 0 0 0 0 0 0 
1018 9 128 0 0 0 0 0 0 0 0 0 0 
1019 9 0 0 0 0 0 0 0 0 0 0 0 
1020 9 0 0 0 0 0 0 0 0 0 0 0 
1021 9 0 0 0 0 0 0 0 0 0 0 0 
1022 9 0 0 0 0 0 0 0 0 0 0 0 
1023 10 0 0 0 0 0 0 0 0 0 0 0 
1024 10 0 0 0 0 0 0 0 0 0 0 0 
1025 10 0 0 0 0 0 0 0 0 0 0 0 
1026 10 0 0 0 0 0 0 0 0 0 0 0 
1027 10 0 0 0 0 0 0 0 0 0 0 0 
1028 10 0 0 0 0 0 0 0 0 0 0 0 
1029 10 0 0 0 0 0 0 0 0 0 0 0 
1030 10 0 0 0 0 0 0 0 0 0 0 0 
1031 10 0 0 0 0 0 0 0 0 0 0 0 
1032 10 0 0 0 0 0 0 0 0 0 0 0 
1033 10 0 0 0 0 0 0 0 0 0 0 0 
1034 10 0 0 0 0 0 0 0 0 0 0 0 
1035 10 0 0 0 0 0 0 0 0 0 0 0 
1036 10 0 0 0 0 0 0 0 0 0 0 0 
1037 10 0 0 0 0 0 0 0 0 0 0 0 
1038 10 0 0 0 0 0 0 0 0 0 0 0 
1039 10 0 0 0 0 0 0 0 0 0 0 0 
1040 10 0 0 0 0 0 0 0 0 0 0 0 
1041 10 0 0 0 0 0 0 0 0 0 0 0 
1042 10 0 0 0 0 0 0 0 0 0 0 0 
1043 10 0 0 0 0 0 0 0 0 0 0 0 
1044 10 0 0 0 0 0 0 0 0 0 0 0 
1045 10 0 0 0 0 0 0 0 0 0 0 0 
1046 10 0 0 0 0 0 0 0 0 0 0 0 
1047 10 0 0 0 0 0 0 0 0 0 0 0 
1048 10 0 0 0 0 0 0 0 0 0 0 0 
1049 10 0 0 0 0 0 0 0 0 0 0 0 
1050 10 0 0 0 0 0 0 0 0 0 0 0 
1051 10 0 0 0 0 0 0 0 0 0 0 0 
1052 10 0 0 0 0 0 0 0 0 0 0 0 
1053 10 0 0 0 0 0 0 0 0 0 0 0 
1054 10 0 0 0 0 0 0 0 0 0 0 0 
1055 10 0 0 0 0 0 0 0 0 0 0 0 
1056 10 0 0 0 0 0 0 0 0 0 0 0 
1057 10 0 0 0 0 0 0 0 0 0 0 0 
1058 10 0 0 0 0 0 0 0 0 0 0 0 
1059 10 0 0 0 0 0 0 0 0 0 0 0 
1060 10 0 0 0 0 0 0 0 0 0 0 0 
1061 10 0 0 0 0 0 0 0 0 0 0 0 
1062 10 0 0 0 0 0 0 0 0 0 0 0 
1063 10 0 0 0 0 0 0 0 0 0 0 0 
1064 10 0 0 0 0 0 0 0 0 0 0 0 
1065 10 0 0 0 0 0 0 0 0 0 0 0 
1066 10 0 0 0 0 0 0 0 0 0 0 0 
1067 10 0 0 0 0 0 0 0 0 0 0 0 
1068 10 0 0 0 0 0 0 0 0 0 0 0 
1069 10 0 0 0 0 0 0 0 0 0 0 0 
1070 10 0 0 0 0 0 0 0 0 0 0 0 
1071 10 0 0 0 0 0 0 0 0 0 0 0 
1072 10 0 0 0 0 0 0 0 0 0 0 0 
1073 10 0 0 0 0 0 0 0 0 0 0 0 
1074 10 0 0 0 0 0 0 0 0 0 0 0 
1075 10 0 0 0 0 0 0 0 0 0 0 0 
1076 10 0 0 0 0 0 0 0 0 0 0 0 
1077 10 0 0 0 0 0 0 0 0 0 0 0 
1078 10 0 0 0 0 0 0 0 0 0 0 0 
1079 10 0 0 0 0 0 0 0 0 0 0 0 
1080 10 0 0 0 0 0 0 0 0 0 0 0 
1081 10 0 0 0 0 0 0 0 0 0 0 0 
1082 10 0 0 0 0 0 0 0 0 0 0 0 
1083 10 0 0 0 0 0 0 0 0 0 0 0 
1084 10 0 0 0 0 0 0 0 0 0 0 0 
1085 10 0 0 0 0 0 0 0 0 0 0 0 
1086 10 0 0 0 0 0 0 0 0 0 0 0 
1087 10 1 0 0 0 0 0 0 0 0 0 0 
1088 10 2 0 0 0 0 0 0 0 0 0 0 
1089 10 3 0 0 0 0 0 0 0 0 0 0 
1090 10 4 0 0 0 0 0 0 0 0 0 0 
1091 10 5 0 0 0 0 0 0 0 0 0 0 
1092 10 6 0 0 0 0 0 0 0 0 0 0 
1093 10 0 0 0 0 0 0 0 0 0 0 0 
1094 10 0 0 0 0 0 0 0 0 0 0 0 
1095 10 0 0 0 0 0 0 0 0 0 0 0 
1096 10 0 0 0 0 0 0 0 0 0 0 0 
1097 10 0 0 0 0 0 0 0 0 0 0 0 
1098 10 0 0 0 0 0 0 0 0 0 0 0 
1099 10 0 0 0 0 0 0 0 0 0 0 0 
1100 10 0 0 0 0 0 0 0 0 0 0 0 
1101 10 0 0 0 0 0 0 0 0 0 0 0 
1102 10 0 0 0 0 0 0 0 0 0 0 0 
1103 10 0 0 0 0 0 0 0 0 0 0 0 
1104 10 0 0 0 0 0 0 0 0 0 0 0 
1105 10 0 0 0 0 0 0 0 0 0 0 0 
1106 10 0 0 0 0 0 0 0 0 0 0 0 
1107 10 0 0 0 0 0 0 0 0 0 0 0 
1108 10 0 0 0 0 0 0 0 0 0 0 0 
1109 10 0 0 0 0 0 0 0 0 0 0 0 
1110 10 0 0 0 0 0 0 0 0 0 0 0 
1111 10 0 0 0 0 0 0 0 0 0 0 0 
1112 10 0 0 0 0 0 0 0 0 0 0 0 
1113 10 0 0 0 0 0 0 0 0 0 0 0 
1114 10 0 0 0 0 0 0 0 0 0 0 0 
1115 10 13 0 0 0 0 0 0 0 0 0 0 
1116 10 14 0 0 0 0 0 0 0 0 0 0 
1117 10 15 0 0 0 0 0 0 0 0 0 0 
1118 10 16 0 0 0 0 0 0 0 0 0 0 
1119 10 0 0 0 0 0 0 0 0 0 0 0 
1120 10 0 0 0 0 0 0 0 0 0 0 0 
1121 10 0 0 0 0 0 0 0 0 0 0 0 
1122 10 0 0 0 0 0 0 0 0 0 0 0 
1123 10 0 0 0 0 0 0 0 0 0 0 0 
1124 10 0 0 0 0 0 0 0 0 0 0 0 
1125 10 0 0 0 0 0 0 0 0 0 0 0 
1126 10 0 0 0 0 0 0 0 0 0 0 0 
1127 10 0 0 0 0 0 0 0 0 0 0 0 
1128 10 0 0 0 0 0 0 0 0 0 0 0 
1129 10 0 0 0 0 0 0 0 0 0 0 0 
1130 10 0 0 0 0 0 0 0 0 0 0 0 
1131 10 0 0 0 0 0 0 0 0 0 0 0 
1132 10 0 0 0 0 0 0 0 0 0 0 0 
1133 10 0 0 0 0 0 0 0 0 0 0 0 
1134 10 0 0 0 0 0 0 0 0 0 0 0 
1135 10 0 0 0 0 0 0 0 0 0 0 0 
1136 10 0 0 0 0 0 0 0 0 0 0 0 
1137 10 0 0 0 0 0 0 0 0 0 0 0 
1138 10 0 0 0 0 0 0 0 0 0 0 0 
1139 10 0 0 0 0 0 0 0 0 0 0 0 
1140 10 0 0 0 0 0 0 0 0 0 0 0 
1141 10 0 0 0 0 0 0 0 0 0 0 0 
1142 10 0 0 0 0 0 0 0 0 0 0 0 
1143 10 0 0 0 0 0 0 0 0 0 0 0 
1144 10 0 0 0 0 0 0 0 0 0 0 0 
1145 10 0 0 0 0 0 0 0 0 0 0 0 
1146 10 0 0 0 0 0 0 0 0 0 0 0 
1147 10 0 0 0 0 0 0 0 0 0 0 0 
1148 10 0 0 0 0 0 0 0 0 0 0 0 
1149 10 0 0 0 0 0 0 0 0 0 0 0 
1150 10 0 0 0 0 0 0 0 0 0 0 0 
1151 10 0 0 0 0 0 0 0 0 0 0 0 
1152 10 0 0 0 0 0 0 0 0 0 0 0 
1153 10 0 0 0 0 0 0 0 0 0 0 0 
1154 10 0 0 0 0 0 0 0 0 0 0 0 
1155 10 0 0 0 0 0 0 0 0 0 0 0 
1156 10 0 0 0 0 0 0 0 0 0 0 0 
1157 10 0 0 0 0 0 0 0 0 0 0 0 
1158 10 0 0 0 0 0 0 0 0 0 0 0 
1159 10 0 0 0 0 0 0 0 0 0 0 0 
1160 10 0 0 0 0 0 0 0 0 0 0 0 
1161 10 0 0 0 0 0 0 0 0 0 0 0 
1162 10 0 0 0 0 0 0 0 0 0 0 0 
1163 10 0 0 0 0 0 0 0 0 0 0 0 
1164 10 0 0 0 0 0 0 0 0 0 0 0 
1165 10 0 0 0 0 0 0 0 0 0 0 0 
1166 10 0 0 0 0 0 0 0 0 0 0 0 
1167 10 0 0 0 0 0 0 0 0 0 0 0 
1168 10 0 0 0 0 0 0 0 0 0 0 0 
1169 10 0 0 0 0 0 0 0 0 0 0 0 
1170 10 0 0 0 0 0 0 0 0 0 0 0 
1171 10 0 0 0 0 0 0 0 0 0 0 0 
1172 10 0 0 0 0 0 0 0 0 0 0 0 
1173 10 0 0 0 0 0 0 0 0 0 0 0 
1174 10 0 0 0 0 0 0 0 0 0 0 0 
1175 10 0 0 0 0 0 0 0 0 0 0 0 
1176 10 0 0 0 0 0 0 0 0 0 0 0 
1177 10 0 0 0 0 0 0 0 0 0 0 0 
1178 10 0 0 0 0 0 0 0 0 0 0 0 
1179 10 0 0 0 0 0 0 0 0 0 0 0 
1180 10 0 0 0 0 0 0 0 0 0 0 0 
1181 10 0 0 0 0 0 0 0 0 0 0 0 
1182 10 0 0 0 0 0 0 0 0 0 0 0 
1183 10 0 0 0 0 0 0 0 0 0 0 0 
1184 10 0 0 0 0 0 0 0 0 0 0 0 
1185 10 0 0 0 0 0 0 0 0 0 0 0 
1186 10 0 0 0 0 0 0 0 0 0 0 0 
1187 10 0 0 0 0 0 0 0 0 0 0 0 
1188 10 0 0 0 0 0 0 0 0 0 0 0 
1189 10 0 0 0 0 0 0 0 0 0 0 0 
1190 10 0 0 0 0 0 0 0 0 0 0 0 
1191 10 0 0 0 0 0 0 0 0 0 0 0 
1192 10 0 0 0 0 0 0 0 0 0 0 0 
1193 10 0 0 0 0 0 0 0 0 0 0 0 
1194 10 0 0 0 0 0 0 0 0 0 0 0 
1195 10 0 0 0 0 0 0 0 0 0 0 0 
1196 10 0 0 0 0 0 0 0 0 0 0 0 
1197 10 0 0 0 0 0 0 0 0 0 0 0 
1198 10 0 0 0 0 0 0 0 0 0 0 0 
1199 10 0 0 0 0 0 0 0 0 0 0 0 
1200 10 0 0 0 0 0 0 0 0 0 0 0 
1201 10 0 0 0 0 0 0 0 0 0 0 0 
1202 10 0 0 0 0 0 0 0 0 0 0 0 
1203 10 0 0 0 0 0 0 0 0 0 0 0 
1204 10 0 0 0 0 0 0 0 0 0 0 0 
1205 10 0 0 0 0 0 0 0 0 0 0 0 
1206 10 0 0 0 0 0 0 0 0 0 0 0 
1207 10 0 0 0 0 0 0 0 0 0 0 0 
1208 10 0 0 0 0 0 0 0 0 0 0 0 
1209 10 0 0 0 0 0 0 0 0 0 0 0 
1210 10 0 0 0 0 0 0 0 0 0 0 0 
1211 10 0 0 0 0 0 0 0 0 0 0 0 
1212 10 0 0 0 0 0 0 0 0 0 0 0 
1213 10 0 0 0 0 0 0 0 0 0 0 0 
1214 10 0 0 0 0 0 0 0 0 0 0 0 
1215 10 0 0 0 0 0 0 0 0 0 0 0 
1216 10 0 0 0 0 0 0 0 0 0 0 0 
1217 10 0 0 0 0 0 0 0 0 0 0 0 
1218 10 0 0 0 0 0 0 0 0 0 0 0 
1219 10 0 0 0 0 0 0 0 0 0 0 0 
1220 10 0 0 0 0 0 0 0 0 0 0 0 
1221 10 0 0 0 0 0 0 0 0 0 0 0 
1222 10 0 0 0 0 0 0 0 0 0 0 0 
1223 10 0 0 0 0 0 0 0 0 0 0 0 
1224 10 0 0 0 0 0 0 0 0 0 0 0 
1225 10 0 0 0 0 0 0 0 0 0 0 0 
1226 10 0 0 0 0 0 0 0 0 0 0 0 
1227 10 0 0 0 0 0 0 0 0 0 0 0 
1228 10 0 0 0 0 0 0 0 0 0 0 0 
1229 10 0 0 0 0 0 0 0 0 0 0 0 
1230 10 0 0 0 0 0 0 0 0 0 0 0 
1231 10 0 0 0 0 0 0 0 0 0 0 0 
1232 10 0 0 0 0 0 0 0 0 0 0 0 
1233 10 0 0 0 0 0 0 0 0 0 0 0 
1234 10 0 0 0 0 0 0 0 0 0 0 0 
1235 10 0 0 0 0 0 0 0 0 0 0 0 
1236 10 0 0 0 0 0 0 0 0 0 0 0 
1237 10 0 0 0 0 0 0 0 0 0 0 0 
1238 10 0 0 0 0 0 0 0 0 0 0 0 
1239 10 0 0 0 0 0 0 0 0 0 0 0 
1240 10 0 0 0 0 0 0 0 0 0 0 0 
1241 10 0 0 0 0 0 0 0 0 0 0 0 
1242 10 0 0 0 0 0 0 0 0 0 0 0 
1243 10 0 0 0 0 0 0 0 0 0 0 0 
1244 10 0 0 0 0 0 0 0 0 0 0 0 
1245 10 0 0 0 0 0 0 0 0 0 0 0 
1246 10 0 0 0 0 0 0 0 0 0 0 0 
1247 10 0 0 0 0 0 0 0 0 0 0 0 
1248 10 0 0 0 0 0 0 0 0 0 0 0 
1249 10 0 0 0 0 0 0 0 0 0 0 0 
1250 10 0 0 0 0 0 0 0 0 0 0 0 
1251 10 0 0 0 0 0 0 0 0 0 0 0 
1252 10 0 0 0 0 0 0 0 0 0 0 0 
1253 10 0 0 0 0 0 0 0 0 0 0 0 
1254 10 0 0 0 0 0 0 0 0 0 0 0 
1255 10 0 0 0 0 0 0 0 0 0 0 0 
1256 10 0 0 0 0 0 0 0 0 0 0 0 
1257 10 0 0 0 0 0 0 0 0 0 0 0 
1258 10 0 0 0 0 0 0 0 0 0 0 0 
1259 10 0 0 0 0 0 0 0 0 0 0 0 
1260 10 0 0 0 0 0 0 0 0 0 0 0 
1261 10 0 0 0 0 0 0 0 0 0 0 0 
1262 10 0 0 0 0 0 0 0 0 0 0 0 
1263 10 0 0 0 0 0 0 0 0 0 0 0 
1264 10 0 0 0 0 0 0 0 0 0 0 0 
1265 10 0 0 0 0 0 0 0 0 0 0 0 
1266 10 0 0 0 0 0 0 0 0 0 0 0 
1267 10 0 0 0 0 0 0 0 0 0 0 0 
1268 10 0 0 0 0 0 0 0 0 0 0 0 
1269 10 0 0 0 0 0 0 0 0 0 0 0 
1270 10 0 0 0 0 0 0 0 0 0 0 0 
1271 10 0 0 0 0 0 0 0 0 0 0 0 
1272 10 0 0 0 0 0 0 0 0 0 0 0 
1273 10 0 0 0 0 0 0 0 0 0 0 0 
1274 10 0 0 0 0 0 0 0 0 0 0 0 
1275 10 0 0 0 0 0 0 0 0 0 0 0 
1276 10 0 0 0 0 0 0 0 0 0 0 0 
1277 10 0 0 0 0 0 0 0 0 0 0 0 
1278 10 0 0 0 0 0 0 0 0 0 0 0 
1279 10 0 0 0 0 0 0 0 0 0 0 0 
1280 10 0 0 0 0 0 0 0 0 0 0 0 
1281 10 0 0 0 0 0 0 0 0 0 0 0 
1282 10 0 0 0 0 0 0 0 0 0 0 0 
1283 10 0 0 0 0 0 0 0 0 0 0 0 
1284 10 0 0 0 0 0 0 0 0 0 0 0 
1285 10 0 0 0 0 0 0 0 0 0 0 0 
1286 10 0 0 0 0 0 0 0 0 0 0 0 
1287 10 0 0 0 0 0 0 0 0 0 0 0 
1288 10 0 0 0 0 0 0 0 0 0 0 0 
1289 10 0 0 0 0 0 0 0 0 0 0 0 
1290 10 0 0 0 0 0 0 0 0 0 0 0 
1291 10 0 0 0 0 0 0 0 0 0 0 0 
1292 10 0 0 0 0 0 0 0 0 0 0 0 
1293 10 0 0 0 0 0 0 0 0 0 0 0 
1294 10 0 0 0 0 0 0 0 0 0 0 0 
1295 10 0 0 0 0 0 0 0 0 0 0 0 
1296 10 0 0 0 0 0 0 0 0 0 0 0 
1297 10 0 0 0 0 0 0 0 0 0 0 0 
1298 10 0 0 0 0 0 0 0 0 0 0 0 
1299 10 0 0 0 0 0 0 0 0 0 0 0 
1300 10 0 0 0 0 0 0 0 0 0 0 0 
1301 10 0 0 0 0 0 0 0 0 0 0 0 
1302 10 0 0 0 0 0 0 0 0 0 0 0 
1303 10 0 0 0 0 0 0 0 0 0 0 0 
1304 10 0 0 0 0 0 0 0 0 0 0 0 
1305 10 0 0 0 0 0 0 0 0 0 0 0 
1306 10 0 0 0 0 0 0 0 0 0 0 0 
1307 10 0 0 0 0 0 0 0 0 0 0 0 
1308 10 0 0 0 0 0 0 0 0 0 0 0 
1309 10 0 0 0 0 0 0 0 0 0 0 0 
1310 10 0 0 0 0 0 0 0 0 0 0 0 
1311 10 0 0 0 0 0 0 0 0 0 0 0 
1312 10 0 0 0 0 0 0 0 0 0 0 0 
1313 10 0 0 0 0 0 0 0 0 0 0 0 
1314 10 0 0 0 0 0 0 0 0 0 0 0 
1315 10 0 0 0 0 0 0 0 0 0 0 0 
1316 10 0 0 0 0 0 0 0 0 0 0 0 
1317 10 0 0 0 0 0 0 0 0 0 0 0 
1318 10 0 0 0 0 0 0 0 0 0 0 0 
1319 10 0 0 0 0 0 0 0 0 0 0 0 
1320 10 0 0 0 0 0 0 0 0 0 0 0 
1321 10 0 0 0 0 0 0 0 0 0 0 0 
1322 10 0 0 0 0 0 0 0 0 0 0 0 
1323 10 0 0 0 0 0 0 0 0 0 0 0 
1324 10 0 0 0 0 0 0 0 0 0 0 0 
1325 10 0 0 0 0 0 0 0 0 0 0 0 
1326 10 0 0 0 0 0 0 0 0 0 0 0 
1327 10 0 0 0 0 0 0 0 0 0 0 0 
1328 10 0 0 0 0 0 0 0 0 0 0 0 
1329 10 0 0 0 0 0 0 0 0 0 0 0 
1330 10 0 0 0 0 0 0 0 0 0 0 0 
1331 10 0 0 0 0 0 0 0 0 0 0 0 
1332 10 0 0 0 0 0 0 0 0 0 0 0 
1333 10 0 0 0 0 0 0 0 0 0 0 0 
1334 10 0 0 0 0 0 0 0 0 0 0 0 
1335 10 0 0 0 0 0 0 0 0 0 0 0 
1336 10 0 0 0 0 0 0 0 0 0 0 0 
1337 10 0 0 0 0 0 0 0 0 0 0 0 
1338 10 0 0 0 0 0 0 0 0 0 0 0 
1339 10 0 0 0 0 0 0 0 0 0 0 0 
1340 10 0 0 0 0 0 0 0 0 0 0 0 
1341 10 0 0 0 0 0 0 0 0 0 0 0 
1342 10 0 0 0 0 0 0 0 0 0 0 0 
1343 10 0 0 0 0 0 0 0 0 0 0 0 
1344 10 0 0 0 0 0 0 0 0 0 0 0 
1345 10 0 0 0 0 0 0 0 0 0 0 0 
1346 10 0 0 0 0 0 0 0 0 0 0 0 
1347 10 0 0 0 0 0 0 0 0 0 0 0 
1348 10 0 0 0 0 0 0 0 0 0 0 0 
1349 10 0 0 0 0 0 0 0 0 0 0 0 
1350 10 0 0 0 0 0 0 0 0 0 0 0 
1351 10 0 0 0 0 0 0 0 0 0 0 0 
1352 10 0 0 0 0 0 0 0 0 0 0 0 
1353 10 0 0 0 0 0 0 0 0 0 0 0 
1354 10 0 0 0 0 0 0 0 0 0 0 0 
1355 10 0 0 0 0 0 0 0 0 0 0 0 
1356 10 0 0 0 0 0 0 0 0 0 0 0 
1357 10 0 0 0 0 0 0 0 0 0 0 0 
1358 10 0 0 0 0 0 0 0 0 0 0 0 
1359 10 0 0 0 0 0 0 0 0 0 0 0 
1360 10 0 0 0 0 0 0 0 0 0 0 0 
1361 10 0 0 0 0 0 0 0 0 0 0 0 
1362 10 0 0 0 0 0 0 0 0 0 0 0 
1363 10 0 0 0 0 0 0 0 0 0 0 0 
1364 10 0 0 0 0 0 0 0 0 0 0 0 
1365 10 0 0 0 0 0 0 0 0 0 0 0 
1366 10 0 0 0 0 0 0 0 0 0 0 0 
1367 10 0 0 0 0 0 0 0 0 0 0 0 
1368 10 0 0 0 0 0 0 0 0 0 0 0 
1369 10 0 0 0 0 0 0 0 0 0 0 0 
1370 10 0 0 0 0 0 0 0 0 0 0 0 
1371 10 0 0 0 0 0 0 0 0 0 0 0 
1372 10 0 0 0 0 0 0 0 0 0 0 0 
1373 10 0 0 0 0 0 0 0 0 0 0 0 
1374 10 0 0 0 0 0 0 0 0 0 0 0 
1375 10 0 0 0 0 0 0 0 0 0 0 0 
1376 10 0 0 0 0 0 0 0 0 0 0 0 
1377 10 0 0 0 0 0 0 0 0 0 0 0 
1378 10 0 0 0 0 0 0 0 0 0 0 0 
1379 10 0 0 0 0 0 0 0 0 0 0 0 
1380 10 0 0 0 0 0 0 0 0 0 0 0 
1381 10 0 0 0 0 0 0 0 0 0 0 0 
1382 10 0 0 0 0 0 0 0 0 0 0 0 
1383 10 0 0 0 0 0 0 0 0 0 0 0 
1384 10 0 0 0 0 0 0 0 0 0 0 0 
1385 10 0 0 0 0 0 0 0 0 0 0 0 
1386 10 0 0 0 0 0 0 0 0 0 0 0 
1387 10 0 0 0 0 0 0 0 0 0 0 0 
1388 10 0 0 0 0 0 0 0 0 0 0 0 
1389 10 0 0 0 0 0 0 0 0 0 0 0 
1390 10 0 0 0 0 0 0 0 0 0 0 0 
1391 10 0 0 0 0 0 0 0 0 0 0 0 
1392 10 0 0 0 0 0 0 0 0 0 0 0 
1393 10 0 0 0 0 0 0 0 0 0 0 0 
1394 10 0 0 0 0 0 0 0 0 0 0 0 
1395 10 0 0 0 0 0 0 0 0 0 0 0 
1396 10 0 0 0 0 0 0 0 0 0 0 0 
1397 10 0 0 0 0 0 0 0 0 0 0 0 
1398 10 0 0 0 0 0 0 0 0 0 0 0 
1399 10 0 0 0 0 0 0 0 0 0 0 0 
1400 10 0 0 0 0 0 0 0 0 0 0 0 
1401 10 0 0 0 0 0 0 0 0 0 0 0 
1402 10 0 0 0 0 0 0 0 0 0 0 0 
1403 10 0 0 0 0 0 0 0 0 0 0 0 
1404 10 0 0 0 0 0 0 0 0 0 0 0 
1405 10 0 0 0 0 0 0 0 0 0 0 0 
1406 10 0 0 0 0 0 0 0 0 0 0 0 
1407 10 0 0 0 0 0 0 0 0 0 0 0 
1408 10 0 0 0 0 0 0 0 0 0 0 0 
1409 10 0 0 0 0 0 0 0 0 0 0 0 
1410 10 0 0 0 0 0 0 0 0 0 0 0 
1411 10 0 0 0 0 0 0 0 0 0 0 0 
1412 10 0 0 0 0 0 0 0 0 0 0 0 
1413 10 0 0 0 0 0 0 0 0 0 0 0 
1414 10 0 0 0 0 0 0 0 0 0 0 0 
1415 10 0 0 0 0 0 0 0 0 0 0 0 
1416 10 0 0 0 0 0 0 0 0 0 0 0 
1417 10 0 0 0 0 0 0 0 0 0 0 0 
1418 10 0 0 0 0 0 0 0 0 0 0 0 
1419 10 0 0 0 0 0 0 0 0 0 0 0 
1420 10 0 0 0 0 0 0 0 0 0 0 0 
1421 10 0 0 0 0 0 0 0 0 0 0 0 
1422 10 0 0 0 0 0 0 0 0 0 0 0 
1423 10 0 0 0 0 0 0 0 0 0 0 0 
1424 10 0 0 0 0 0 0 0 0 0 0 0 
1425 10 0 0 0 0 0 0 0 0 0 0 0 
1426 10 0 0 0 0 0 0 0 0 0 0 0 
1427 10 0 0 0 0 0 0 0 0 0 0 0 
1428 10 0 0 0 0 0 0 0 0 0 0 0 
1429 10 0 0 0 0 0 0 0 0 0 0 0 
1430 10 0 0 0 0 0 0 0 0 0 0 0 
1431 10 0 0 0 0 0 0 0 0 0 0 0 
1432 10 0 0 0 0 0 0 0 0 0 0 0 
1433 10 0 0 0 0 0 0 0 0 0 0 0 
1434 10 0 0 0 0 0 0 0 0 0 0 0 
1435 10 0 0 0 0 0 0 0 0 0 0 0 
1436 10 0 0 0 0 0 0 0 0 0 0 0 
1437 10 0 0 0 0 0 0 0 0 0 0 0 
1438 10 0 0 0 0 0 0 0 0 0 0 0 
1439 10 0 0 0 0 0 0 0 0 0 0 0 
1440 10 0 0 0 0 0 0 0 0 0 0 0 
1441 10 0 0 0 0 0 0 0 0 0 0 0 
1442 10 0 0 0 0 0 0 0 0 0 0 0 
1443 10 0 0 0 0 0 0 0 0 0 0 0 
1444 10 0 0 0 0 0 0 0 0 0 0 0 
1445 10 0 0 0 0 0 0 0 0 0 0 0 
1446 10 0 0 0 0 0 0 0 0 0 0 0 
1447 10 0 0 0 0 0 0 0 0 0 0 0 
1448 10 0 0 0 0 0 0 0 0 0 0 0 
1449 10 0 0 0 0 0 0 0 0 0 0 0 
1450 10 0 0 0 0 0 0 0 0 0 0 0 
1451 10 0 0 0 0 0 0 0 0 0 0 0 
1452 10 0 0 0 0 0 0 0 0 0 0 0 
1453 10 0 0 0 0 0 0 0 0 0 0 0 
1454 10 0 0 0 0 0 0 0 0 0 0 0 
1455 10 0 0 0 0 0 0 0 0 0 0 0 
1456 10 0 0 0 0 0 0 0 0 0 0 0 
1457 10 0 0 0 0 0 0 0 0 0 0 0 
1458 10 0 0 0 0 0 0 0 0 0 0 0 
1459 10 0 0 0 0 0 0 0 0 0 0 0 
1460 10 0 0 0 0 0 0 0 0 0 0 0 
1461 10 0 0 0 0 0 0 0 0 0 0 0 
1462 10 0 0 0 0 0 0 0 0 0 0 0 
1463 10 0 0 0 0 0 0 0 0 0 0 0 
1464 10 0 0 0 0 0 0 0 0 0 0 0 
1465 10 0 0 0 0 0 0 0 0 0 0 0 
1466 10 0 0 0 0 0 0 0 0 0 0 0 
1467 10 0 0 0 0 0 0 0 0 0 0 0 
1468 10 0 0 0 0 0 0 0 0 0 0 0 
1469 10 0 0 0 0 0 0 0 0 0 0 0 
1470 10 0 0 0 0 0 0 0 0 0 0 0 
1471 10 0 0 0 0 0 0 0 0 0 0 0 
1472 10 0 0 0 0 0 0 0 0 0 0 0 
1473 10 0 0 0 0 0 0 0 0 0 0 0 
1474 10 0 0 0 0 0 0 0 0 0 0 0 
1475 10 0 0 0 0 0 0 0 0 0 0 0 
1476 10 0 0 0 0 0 0 0 0 0 0 0 
1477 10 0 0 0 0 0 0 0 0 0 0 0 
1478 10 0 0 0 0 0 0 0 0 0 0 0 
1479 10 0 0 0 0 0 0 0 0 0 0 0 
1480 10 0 0 0 0 0 0 0 0 0 0 0 
1481 10 0 0 0 0 0 0 0 0 0 0 0 
1482 10 0 0 0 0 0 0 0 0 0 0 0 
1483 10 0 0 0 0 0 0 0 0 0 0 0 
1484 10 0 0 0 0 0 0 0 0 0 0 0 
1485 10 0 0 0 0 0 0 0 0 0 0 0 
1486 10 0 0 0 0 0 0 0 0 0 0 0 
1487 10 0 0 0 0 0 0 0 0 0 0 0 
1488 10 0 0 0 0 0 0 0 0 0 0 0 
1489 10 0 0 0 0 0 0 0 0 0 0 0 
1490 10 0 0 0 0 0 0 0 0 0 0 0 
1491 10 0 0 0 0 0 0 0 0 0 0 0 
1492 10 0 0 0 0 0 0 0 0 0 0 0 
1493 10 0 0 0 0 0 0 0 0 0 0 0 
1494 10 0 0 0 0 0 0 0 0 0 0 0 
1495 10 0 0 0 0 0 0 0 0 0 0 0 
1496 10 0 0 0 0 0 0 0 0 0 0 0 
1497 10 0 0 0 0 0 0 0 0 0 0 0 
1498 10 0 0 0 0 0 0 0 0 0 0 0 
1499 10 0 0 0 0 0 0 0 0 0 0 0 
1500 10 0 0 0 0 0 0 0 0 0 0 0 
1501 10 0 0 0 0 0 0 0 0 0 0 0 
1502 10 0 0 0 0 0 0 0 0 0 0 0 
1503 10 0 0 0 0 0 0 0 0 0 0 0 
1504 10 0 0 0 0 0 0 0 0 0 0 0 
1505 10 0 0 0 0 0 0 0 0 0 0 0 
1506 10 0 0 0 0 0 0 0 0 0 0 0 
1507 10 0 0 0 0 0 0 0 0 0 0 0 
1508 10 0 0 0 0 0 0 0 0 0 0 0 
1509 10 0 0 0 0 0 0 0 0 0 0 0 
1510 10 0 0 0 0 0 0 0 0 0 0 0 
1511 10 0 0 0 0 0 0 0 0 0 0 0 
1512 10 0 0 0 0 0 0 0 0 0 0 0 
1513 10 0 0 0 0 0 0 0 0 0 0 0 
1514 10 0 0 0 0 0 0 0 0 0 0 0 
1515 10 0 0 0 0 0 0 0 0 0 0 0 
1516 10 0 0 0 0 0 0 0 0 0 0 0 
1517 10 0 0 0 0 0 0 0 0 0 0 0 
1518 10 0 0 0 0 0 0 0 0 0 0 0 
1519 10 0 0 0 0 0 0 0 0 0 0 0 
1520 10 0 0 0 0 0 0 0 0 0 0 0 
1521 10 0 0 0 0 0 0 0 0 0 0 0 
1522 10 0 0 0 0 0 0 0 0 0 0 0 
1523 10 0 0 0 0 0 0 0 0 0 0 0 
1524 10 0 0 0 0 0 0 0 0 0 0 0 
1525 10 0 0 0 0 0 0 0 0 0 0 0 
1526 10 0 0 0 0 0 0 0 0 0 0 0 
1527 10 0 0 0 0 0 0 0 0 0 0 0 
1528 10 0 0 0 0 0 0 0 0 0 0 0 
1529 10 0 0 0 0 0 0 0 0 0 0 0 
1530 10 0 0 0 0 0 0 0 0 0 0 0 
1531 10 0 0 0 0 0 0 0 0 0 0 0 
1532 10 0 0 0 0 0 0 0 0 0 0 0 
1533 10 0 0 0 0 0 0 0 0 0 0 0 
1534 10 0 0 0 0 0 0 0 0 0 0 0 
1535 10 0 0 0 0 0 0 0 0 0 0 0 
1536 10 0 0 0 0 0 0 0 0 0 0 0 
1537 10 0 0 0 0 0 0 0 0 0 0 0 
1538 10 0 0 0 0 0 0 0 0 0 0 0 
1539 10 0 0 0 0 0 0 0 0 0 0 0 
1540 10 0 0 0 0 0 0 0 0 0 0 0 
1541 10 0 0 0 0 0 0 0 0 0 0 0 
1542 10 0 0 0 0 0 0 0 0 0 0 0 
1543 10 0 0 0 0 0 0 0 0 0 0 0 
1544 10 0 0 0 0 0 0 0 0 0 0 0 
1545 10 0 0 0 0 0 0 0 0 0 0 0 
1546 10 0 0 0 0 0 0 0 0 0 0 0 
1547 10 0 0 0 0 0 0 0 0 0 0 0 
1548 10 0 0 0 0 0 0 0 0 0 0 0 
1549 10 0 0 0 0 0 0 0 0 0 0 0 
1550 10 0 0 0 0 0 0 0 0 0 0 0 
1551 10 0 0 0 0 0 0 0 0 0 0 0 
1552 10 0 0 0 0 0 0 0 0 0 0 0 
1553 10 0 0 0 0 0 0 0 0 0 0 0 
1554 10 0 0 0 0 0 0 0 0 0 0 0 
1555 10 0 0 0 0 0 0 0 0 0 0 0 
1556 10 0 0 0 0 0 0 0 0 0 0 0 
1557 10 0 0 0 0 0 0 0 0 0 0 0 
1558 10 0 0 0 0 0 0 0 0 0 0 0 
1559 10 0 0 0 0 0 0 0 0 0 0 0 
1560 10 0 0 0 0 0 0 0 0 0 0 0 
1561 10 0 0 0 0 0 0 0 0 0 0 0 
1562 10 0 0 0 0 0 0 0 0 0 0 0 
1563 10 0 0 0 0 0 0 0 0 0 0 0 
1564 10 0 0 0 0 0 0 0 0 0 0 0 
1565 10 0 0 0 0 0 0 0 0 0 0 0 
1566 10 0 0 0 0 0 0 0 0 0 0 0 
1567 10 0 0 0 0 0 0 0 0 0 0 0 
1568 10 0 0 0 0 0 0 0 0 0 0 0 
1569 10 0 0 0 0 0 0 0 0 0 0 0 
1570 10 0 0 0 0 0 0 0 0 0 0 0 
1571 10 0 0 0 0 0 0 0 0 0 0 0 
1572 10 0 0 0 0 0 0 0 0 0 0 0 
1573 10 0 0 0 0 0 0 0 0 0 0 0 
1574 10 0 0 0 0 0 0 0 0 0 0 0 
1575 10 0 0 0 0 0 0 0 0 0 0 0 
1576 10 0 0 0 0 0 0 0 0 0 0 0 
1577 10 0 0 0 0 0 0 0 0 0 0 0 
1578 10 0 0 0 0 0 0 0 0 0 0 0 
1579 10 0 0 0 0 0 0 0 0 0 0 0 
1580 10 0 0 0 0 0 0 0 0 0 0 0 
1581 10 0 0 0 0 0 0 0 0 0 0 0 
1582 10 0 0 0 0 0 0 0 0 0 0 0 
1583 10 0 0 0 0 0 0 0 0 0 0 0 
1584 10 0 0 0 0 0 0 0 0 0 0 0 
1585 10 0 0 0 0 0 0 0 0 0 0 0 
1586 10 0 0 0 0 0 0 0 0 0 0 0 
1587 10 0 0 0 0 0 0 0 0 0 0 0 
1588 10 0 0 0 0 0 0 0 0 0 0 0 
1589 10 0 0 0 0 0 0 0 0 0 0 0 
1590 10 0 0 0 0 0 0 0 0 0 0 0 
1591 10 0 0 0 0 0 0 0 0 0 0 0 
1592 10 0 0 0 0 0 0 0 0 0 0 0 
1593 10 0 0 0 0 0 0 0 0 0 0 0 
1594 10 0 0 0 0 0 0 0 0 0 0 0 
1595 10 0 0 0 0 0 0 0 0 0 0 0 
1596 10 0 0 0 0 0 0 0 0 0 0 0 
1597 10 0 0 0 0 0 0 0 0 0 0 0 
1598 10 0 0 0 0 0 0 0 0 0 0 0 
1599 10 0 0 0 0 0 0 0 0 0 0 0 
1600 10 0 0 0 0 0 0 0 0 0 0 0 
1601 10 0 0 0 0 0 0 0 0 0 0 0 
1602 10 0 0 0 0 0 0 0 0 0 0 0 
1603 10 0 0 0 0 0 0 0 0 0 0 0 
1604 10 0 0 0 0 0 0 0 0 0 0 0 
1605 10 0 0 0 0 0 0 0 0 0 0 0 
1606 10 0 0 0 0 0 0 0 0 0 0 0 
1607 10 0 0 0 0 0 0 0 0 0 0 0 
1608 10 0 0 0 0 0 0 0 0 0 0 0 
1609 10 0 0 0 0 0 0 0 0 0 0 0 
1610 10 0 0 0 0 0 0 0 0 0 0 0 
1611 10 0 0 0 0 0 0 0 0 0 0 0 
1612 10 0 0 0 0 0 0 0 0 0 0 0 
1613 10 0 0 0 0 0 0 0 0 0 0 0 
1614 10 0 0 0 0 0 0 0 0 0 0 0 
1615 10 0 0 0 0 0 0 0 0 0 0 0 
1616 10 0 0 0 0 0 0 0 0 0 0 0 
1617 10 0 0 0 0 0 0 0 0 0 0 0 
1618 10 0 0 0 0 0 0 0 0 0 0 0 
1619 10 0 0 0 0 0 0 0 0 0 0 0 
1620 10 0 0 0 0 0 0 0 0 0 0 0 
1621 10 0 0 0 0 0 0 0 0 0 0 0 
1622 10 0 0 0 0 0 0 0 0 0 0 0 
1623 10 0 0 0 0 0 0 0 0 0 0 0 
1624 10 0 0 0 0 0 0 0 0 0 0 0 
1625 10 0 0 0 0 0 0 0 0 0 0 0 
1626 10 0 0 0 0 0 0 0 0 0 0 0 
1627 10 0 0 0 0 0 0 0 0 0 0 0 
1628 10 0 0 0 0 0 0 0 0 0 0 0 
1629 10 0 0 0 0 0 0 0 0 0 0 0 
1630 10 0 0 0 0 0 0 0 0 0 0 0 
1631 10 0 0 0 0 0 0 0 0 0 0 0 
1632 10 0 0 0 0 0 0 0 0 0 0 0 
1633 10 0 0 0 0 0 0 0 0 0 0 0 
1634 10 0 0 0 0 0 0 0 0 0 0 0 
1635 10 0 0 0 0 0 0 0 0 0 0 0 
1636 10 0 0 0 0 0 0 0 0 0 0 0 
1637 10 0 0 0 0 0 0 0 0 0 0 0 
1638 10 0 0 0 0 0 0 0 0 0 0 0 
1639 10 0 0 0 0 0 0 0 0 0 0 0 
1640 10 0 0 0 0 0 0 0 0 0 0 0 
1641 10 0 0 0 0 0 0 0 0 0 0 0 
1642 10 0 0 0 0 0 0 0 0 0 0 0 
1643 10 0 0 0 0 0 0 0 0 0 0 0 
1644 10 0 0 0 0 0 0 0 0 0 0 0 
1645 10 0 0 0 0 0 0 0 0 0 0 0 
1646 10 0 0 0 0 0 0 0 0 0 0 0 
1647 10 0 0 0 0 0 0 0 0 0 0 0 
1648 10 0 0 0 0 0 0 0 0 0 0 0 
1649 10 0 0 0 0 0 0 0 0 0 0 0 
1650 10 0 0 0 0 0 0 0 0 0 0 0 
1651 10 0 0 0 0 0 0 0 0 0 0 0 
1652 10 0 0 0 0 0 0 0 0 0 0 0 
1653 10 0 0 0 0 0 0 0 0 0 0 0 
1654 10 0 0 0 0 0 0 0 0 0 0 0 
1655 10 0 0 0 0 0 0 0 0 0 0 0 
1656 10 0 0 0 0 0 0 0 0 0 0 0 
1657 10 0 0 0 0 0 0 0 0 0 0 0 
1658 10 0 0 0 0 0 0 0 0 0 0 0 
1659 10 0 0 0 0 0 0 0 0 0 0 0 
1660 10 0 0 0 0 0 0 0 0 0 0 0 
1661 10 0 0 0 0 0 0 0 0 0 0 0 
1662 10 0 0 0 0 0 0 0 0 0 0 0 
1663 10 0 0 0 0 0 0 0 0 0 0 0 
1664 10 0 0 0 0 0 0 0 0 0 0 0 
1665 10 49 0 0 0 0 0 0 0 0 0 0 
1666 10 50 0 0 0 0 0 0 0 0 0 0 
1667 10 51 0 0 0 0 0 0 0 0 0 0 
1668 10 52 0 0 0 0 0 0 0 0 0 0 
1669 10 53 0 0 0 0 0 0 0 0 0 0 
1670 10 54 0 0 0 0 0 0 0 0 0 0 
1671 10 0 0 0 0 0 0 0 0 0 0 0 
1672 10 0 0 0 0 0 0 0 0 0 0 0 
1673 10 0 0 0 0 0 0 0 0 0 0 0 
1674 10 0 0 0 0 0 0 0 0 0 0 0 
1675 10 0 0 0 0 0 0 0 0 0 0 0 
1676 10 0 0 0 0 0 0 0 0 0 0 0 
1677 10 0 0 0 0 0 0 0 0 0 0 0 
1678 10 0 0 0 0 0 0 0 0 0 0 0 
1679 10 0 0 0 0 0 0 0 0 0 0 0 
1680 10 0 0 0 0 0 0 0 0 0 0 0 
1681 10 0 0 0 0 0 0 0 0 0 0 0 
1682 10 0 0 0 0 0 0 0 0 0 0 0 
1683 10 0 0 0 0 0 0 0 0 0 0 0 
1684 10 0 0 0 0 0 0 0 0 0 0 0 
1685 10 0 0 0 0 0 0 0 0 0 0 0 
1686 10 0 0 0 0 0 0 0 0 0 0 0 
1687 10 0 0 0 0 0 0 0 0 0 0 0 
1688 10 0 0 0 0 0 0 0 0 0 0 0 
1689 10 0 0 0 0 0 0 0 0 0 0 0 
1690 10 0 0 0 0 0 0 0 0 0 0 0 
1691 10 0 0 0 0 0 0 0 0 0 0 0 
1692 10 0 0 0 0 0 0 0 0 0 0 0 
1693 10 0 0 0 0 0 0 0 0 0 0 0 
1694 10 0 0 0 0 0 0 0 0 0 0 0 
1695 10 0 0 0 0 0 0 0 0 0 0 0 
1696 10 0 0 0 0 0 0 0 0 0 0 0 
1697 10 0 0 0 0 0 0 0 0 0 0 0 
1698 10 0 0 0 0 0 0 0 0 0 0 0 
1699 10 0 0 0 0 0 0 0 0 0 0 0 
1700 10 0 0 0 0 0 0 0 0 0 0 0 
1701 10 0 0 0 0 0 0 0 0 0 0 0 
1702 10 0 0 0 0 0 0 0 0 0 0 0 
1703 10 59 0 0 0 0 0 0 0 0 0 0 
1704 10 60 0 0 0 0 0 0 0 0 0 0 
1705 10 61 0 0 0 0 0 0 0 0 0 0 
1706 10 62 0 0 0 0 0 0 0 0 0 0 
1707 10 63 0 0 0 0 0 0 0 0 0 0 
1708 10 64 0 0 0 0 0 0 0 0 0 0 
1709 10 65 0 0 0 0 0 0 0 0 0 0 
1710 10 66 0 0 0 0 0 0 0 0 0 0 
1711 10 0 0 0 0 0 0 0 0 0 0 0 
1712 10 0 0 0 0 0 0 0 0 0 0 0 
1713 10 0 0 0 0 0 0 0 0 0 0 0 
1714 10 0 0 0 0 0 0 0 0 0 0 0 
1715 10 0 0 0 0 0 0 0 0 0 0 0 
1716 10 0 0 0 0 0 0 0 0 0 0 0 
1717 10 69 0 0 0 0 0 0 0 0 0 0 
1718 10 70 0 0 0 0 0 0 0 0 0 0 
1719 10 0 0 0 0 0 0 0 0 0 0 0 
1720 10 0 0 0 0 0 0 0 0 0 0 0 
1721 10 0 0 0 0 0 0 0 0 0 0 0 
1722 10 0 0 0 0 0 0 0 0 0 0 0 
1723 10 0 0 0 0 0 0 0 0 0 0 0 
1724 10 0 0 0 0 0 0 0 0 0 0 0 
1725 10 0 0 0 0 0 0 0 0 0 0 0 
1726 10 0 0 0 0 0 0 0 0 0 0 0 
1727 10 0 0 0 0 0 0 0 0 0 0 0 
1728 10 0 0 0 0 0 0 0 0 0 0 0 
1729 10 0 0 0 0 0 0 0 0 0 0 0 
1730 10 0 0 0 0 0 0 0 0 0 0 0 
1731 10 0 0 0 0 0 0 0 0 0 0 0 
1732 10 0 0 0 0 0 0 0 0 0 0 0 
1733 10 0 0 0 0 0 0 0 0 0 0 0 
1734 10 0 0 0 0 0 0 0 0 0 0 0 
1735 10 0 0 0 0 0 0 0 0 0 0 0 
1736 10 0 0 0 0 0 0 0 0 0 0 0 
1737 10 0 0 0 0 0 0 0 0 0 0 0 
1738 10 0 0 0 0 0 0 0 0 0 0 0 
1739 10 0 0 0 0 0 0 0 0 0 0 0 
1740 10 0 0 0 0 0 0 0 0 0 0 0 
1741 10 0 0 0 0 0 0 0 0 0 0 0 
1742 10 0 0 0 0 0 0 0 0 0 0 0 
1743 10 0 0 0 0 0 0 0 0 0 0 0 
1744 10 0 0 0 0 0 0 0 0 0 0 0 
1745 10 0 0 0 0 0 0 0 0 0 0 0 
1746 10 0 0 0 0 0 0 0 0 0 0 0 
1747 10 0 0 0 0 0 0 0 0 0 0 0 
1748 10 0 0 0 0 0 0 0 0 0 0 0 
1749 10 0 0 0 0 0 0 0 0 0 0 0 
1750 10 0 0 0 0 0 0 0 0 0 0 0 
1751 10 0 0 0 0 0 0 0 0 0 0 0 
1752 10 0 0 0 0 0 0 0 0 0 0 0 
1753 10 0 0 0 0 0 0 0 0 0 0 0 
1754 10 0 0 0 0 0 0 0 0 0 0 0 
1755 10 0 0 0 0 0 0 0 0 0 0 0 
1756 10 0 0 0 0 0 0 0 0 0 0 0 
1757 10 0 0 0 0 0 0 0 0 0 0 0 
1758 10 0 0 0 0 0 0 0 0 0 0 0 
1759 10 0 0 0 0 0 0 0 0 0 0 0 
1760 10 0 0 0 0 0 0 0 0 0 0 0 
1761 10 0 0 0 0 0 0 0 0 0 0 0 
1762 10 0 0 0 0 0 0 0 0 0 0 0 
1763 10 0 0 0 0 0 0 0 0 0 0 0 
1764 10 0 0 0 0 0 0 0 0 0 0 0 
1765 10 0 0 0 0 0 0 0 0 0 0 0 
1766 10 0 0 0 0 0 0 0 0 0 0 0 
1767 10 0 0 0 0 0 0 0 0 0 0 0 
1768 10 0 0 0 0 0 0 0 0 0 0 0 
1769 10 0 0 0 0 0 0 0 0 0 0 0 
1770 10 0 0 0 0 0 0 0 0 0 0 0 
1771 10 0 0 0 0 0 0 0 0 0 0 0 
1772 10 0 0 0 0 0 0 0 0 0 0 0 
1773 10 0 0 0 0 0 0 0 0 0 0 0 
1774 10 0 0 0 0 0 0 0 0 0 0 0 
1775 10 0 0 0 0 0 0 0 0 0 0 0 
1776 10 0 0 0 0 0 0 0 0 0 0 0 
1777 10 0 0 0 0 0 0 0 0 0 0 0 
1778 10 0 0 0 0 0 0 0 0 0 0 0 
1779 10 0 0 0 0 0 0 0 0 0 0 0 
1780 10 0 0 0 0 0 0 0 0 0 0 0 
1781 10 0 0 0 0 0 0 0 0 0 0 0 
1782 10 0 0 0 0 0 0 0 0 0 0 0 
1783 10 0 0 0 0 0 0 0 0 0 0 0 
1784 10 0 0 0 0 0 0 0 0 0 0 0 
1785 10 0 0 0 0 0 0 0 0 0 0 0 
1786 10 0 0 0 0 0 0 0 0 0 0 0 
1787 10 0 0 0 0 0 0 0 0 0 0 0 
1788 10 0 0 0 0 0 0 0 0 0 0 0 
1789 10 0 0 0 0 0 0 0 0 0 0 0 
1790 10 0 0 0 0 0 0 0 0 0 0 0 
1791 10 0 0 0 0 0 0 0 0 0 0 0 
1792 10 0 0 0 0 0 0 0 0 0 0 0 
1793 10 0 0 0 0 0 0 0 0 0 0 0 
1794 10 0 0 0 0 0 0 0 0 0 0 0 
1795 10 0 0 0 0 0 0 0 0 0 0 0 
1796 10 0 0 0 0 0 0 0 0 0 0 0 
1797 10 0 0 0 0 0 0 0 0 0 0 0 
1798 10 0 0 0 0 0 0 0 0 0 0 0 
1799 10 0 0 0 0 0 0 0 0 0 0 0 
1800 10 0 0 0 0 0 0 0 0 0 0 0 
1801 10 0 0 0 0 0 0 0 0 0 0 0 
1802 10 0 0 0 0 0 0 0 0 0 0 0 
1803 10 0 0 0 0 0 0 0 0 0 0 0 
1804 10 0 0 0 0 0 0 0 0 0 0 0 
1805 10 0 0 0 0 0 0 0 0 0 0 0 
1806 10 0 0 0 0 0 0 0 0 0 0 0 
1807 10 0 0 0 0 0 0 0 0 0 0 0 
1808 10 0 0 0 0 0 0 0 0 0 0 0 
1809 10 0 0 0 0 0 0 0 0 0 0 0 
1810 10 0 0 0 0 0 0 0 0 0 0 0 
1811 10 0 0 0 0 0 0 0 0 0 0 0 
1812 10 0 0 0 0 0 0 0 0 0 0 0 
1813 10 0 0 0 0 0 0 0 0 0 0 0 
1814 10 0 0 0 0 0 0 0 0 0 0 0 
1815 10 0 0 0 0 0 0 0 0 0 0 0 
1816 10 0 0 0 0 0 0 0 0 0 0 0 
1817 10 0 0 0 0 0 0 0 0 0 0 0 
1818 10 0 0 0 0 0 0 0 0 0 0 0 
1819 10 0 0 0 0 0 0 0 0 0 0 0 
1820 10 0 0 0 0 0 0 0 0 0 0 0 
1821 10 0 0 0 0 0 0 0 0 0 0 0 
1822 10 0 0 0 0 0 0 0 0 0 0 0 
1823 10 81 0 0 0 0 0 0 0 0 0 0 
1824 10 82 0 0 0 0 0 0 0 0 0 0 
1825 10 0 0 0 0 0 0 0 0 0 0 0 
1826 10 0 0 0 0 0 0 0 0 0 0 0 
1827 10 0 0 0 0 0 0 0 0 0 0 0 
1828 10 0 0 0 0 0 0 0 0 0 0 0 
1829 10 85 0 0 0 0 0 0 0 0 0 0 
1830 10 86 0 0 0 0 0 0 0 0 0 0 
1831 10 0 0 0 0 0 0 0 0 0 0 0 
1832 10 0 0 0 0 0 0 0 0 0 0 0 
1833 10 88 0 0 0 0 0 0 0 0 0 0 
1834 10 89 0 0 0 0 0 0 0 0 0 0 
1835 10 90 0 0 0 0 0 0 0 0 0 0 
1836 10 91 0 0 0 0 0 0 0 0 0 0 
1837 10 0 0 0 0 0 0 0 0 0 0 0 
1838 10 0 0 0 0 0 0 0 0 0 0 0 
1839 10 0 0 0 0 0 0 0 0 0 0 0 
1840 10 0 0 0 0 0 0 0 0 0 0 0 
1841 10 0 0 0 0 0 0 0 0 0 0 0 
1842 10 0 0 0 0 0 0 0 0 0 0 0 
1843 10 0 0 0 0 0 0 0 0 0 0 0 
1844 10 0 0 0 0 0 0 0 0 0 0 0 
1845 10 0 0 0 0 0 0 0 0 0 0 0 
1846 10 0 0 0 0 0 0 0 0 0 0 0 
1847 10 0 0 0 0 0 0 0 0 0 0 0 
1848 10 0 0 0 0 0 0 0 0 0 0 0 
1849 10 0 0 0 0 0 0 0 0 0 0 0 
1850 10 0 0 0 0 0 0 0 0 0 0 0 
1851 10 0 0 0 0 0 0 0 0 0 0 0 
1852 10 0 0 0 0 0 0 0 0 0 0 0 
1853 10 0 0 0 0 0 0 0 0 0 0 0 
1854 10 0 0 0 0 0 0 0 0 0 0 0 
1855 10 0 0 0 0 0 0 0 0 0 0 0 
1856 10 0 0 0 0 0 0 0 0 0 0 0 
1857 10 0 0 0 0 0 0 0 0 0 0 0 
1858 10 0 0 0 0 0 0 0 0 0 0 0 
1859 10 0 0 0 0 0 0 0 0 0 0 0 
1860 10 0 0 0 0 0 0 0 0 0 0 0 
1861 10 0 0 0 0 0 0 0 0 0 0 0 
1862 10 0 0 0 0 0 0 0 0 0 0 0 
1863 10 0 0 0 0 0 0 0 0 0 0 0 
1864 10 0 0 0 0 0 0 0 0 0 0 0 
1865 10 0 0 0 0 0 0 0 0 0 0 0 
1866 10 0 0 0 0 0 0 0 0 0 0 0 
1867 10 0 0 0 0 0 0 0 0 0 0 0 
1868 10 0 0 0 0 0 0 0 0 0 0 0 
1869 10 0 0 0 0 0 0 0 0 0 0 0 
1870 10 0 0 0 0 0 0 0 0 0 0 0 
1871 10 0 0 0 0 0 0 0 0 0 0 0 
1872 10 0 0 0 0 0 0 0 0 0 0 0 
1873 10 0 0 0 0 0 0 0 0 0 0 0 
1874 10 0 0 0 0 0 0 0 0 0 0 0 
1875 10 0 0 0 0 0 0 0 0 0 0 0 
1876 10 0 0 0 0 0 0 0 0 0 0 0 
1877 10 0 0 0 0 0 0 0 0 0 0 0 
1878 10 0 0 0 0 0 0 0 0 0 0 0 
1879 10 0 0 0 0 0 0 0 0 0 0 0 
1880 10 0 0 0 0 0 0 0 0 0 0 0 
1881 10 0 0 0 0 0 0 0 0 0 0 0 
1882 10 0 0 0 0 0 0 0 0 0 0 0 
1883 10 0 0 0 0 0 0 0 0 0 0 0 
1884 10 0 0 0 0 0 0 0 0 0 0 0 
1885 10 0 0 0 0 0 0 0 0 0 0 0 
1886 10 0 0 0 0 0 0 0 0 0 0 0 
1887 10 0 0 0 0 0 0 0 0 0 0 0 
1888 10 0 0 0 0 0 0 0 0 0 0 0 
1889 10 0 0 0 0 0 0 0 0 0 0 0 
1890 10 0 0 0 0 0 0 0 0 0 0 0 
1891 10 0 0 0 0 0 0 0 0 0 0 0 
1892 10 0 0 0 0 0 0 0 0 0 0 0 
1893 10 0 0 0 0 0 0 0 0 0 0 0 
1894 10 0 0 0 0 0 0 0 0 0 0 0 
1895 10 0 0 0 0 0 0 0 0 0 0 0 
1896 10 0 0 0 0 0 0 0 0 0 0 0 
1897 10 0 0 0 0 0 0 0 0 0 0 0 
1898 10 0 0 0 0 0 0 0 0 0 0 0 
1899 10 0 0 0 0 0 0 0 0 0 0 0 
1900 10 0 0 0 0 0 0 0 0 0 0 0 
1901 10 0 0 0 0 0 0 0 0 0 0 0 
1902 10 0 0 0 0 0 0 0 0 0 0 0 
1903 10 0 0 0 0 0 0 0 0 0 0 0 
1904 10 0 0 0 0 0 0 0 0 0 0 0 
1905 10 0 0 0 0 0 0 0 0 0 0 0 
1906 10 0 0 0 0 0 0 0 0 0 0 0 
1907 10 0 0 0 0 0 0 0 0 0 0 0 
1908 10 0 0 0 0 0 0 0 0 0 0 0 
1909 10 0 0 0 0 0 0 0 0 0 0 0 
1910 10 0 0 0 0 0 0 0 0 0 0 0 
1911 10 0 0 0 0 0 0 0 0 0 0 0 
1912 10 0 0 0 0 0 0 0 0 0 0 0 
1913 10 0 0 0 0 0 0 0 0 0 0 0 
1914 10 0 0 0 0 0 0 0 0 0 0 0 
1915 10 0 0 0 0 0 0 0 0 0 0 0 
1916 10 0 0 0 0 0 0 0 0 0 0 0 
1917 10 0 0 0 0 0 0 0 0 0 0 0 
1918 10 0 0 0 0 0 0 0 0 0 0 0 
1919 10 0 0 0 0 0 0 0 0 0 0 0 
1920 10 0 0 0 0 0 0 0 0 0 0 0 
1921 10 0 0 0 0 0 0 0 0 0 0 0 
1922 10 0 0 0 0 0 0 0 0 0 0 0 
1923 10 0 0 0 0 0 0 0 0 0 0 0 
1924 10 0 0 0 0 0 0 0 0 0 0 0 
1925 10 0 0 0 0 0 0 0 0 0 0 0 
1926 10 0 0 0 0 0 0 0 0 0 0 0 
1927 10 0 0 0 0 0 0 0 0 0 0 0 
1928 10 0 0 0 0 0 0 0 0 0 0 0 
1929 10 0 0 0 0 0 0 0 0 0 0 0 
1930 10 0 0 0 0 0 0 0 0 0 0 0 
1931 10 0 0 0 0 0 0 0 0 0 0 0 
1932 10 0 0 0 0 0 0 0 0 0 0 0 
1933 10 0 0 0 0 0 0 0 0 0 0 0 
1934 10 0 0 0 0 0 0 0 0 0 0 0 
1935 10 0 0 0 0 0 0 0 0 0 0 0 
1936 10 0 0 0 0 0 0 0 0 0 0 0 
1937 10 0 0 0 0 0 0 0 0 0 0 0 
1938 10 0 0 0 0 0 0 0 0 0 0 0 
1939 10 0 0 0 0 0 0 0 0 0 0 0 
1940 10 0 0 0 0 0 0 0 0 0 0 0 
1941 10 0 0 0 0 0 0 0 0 0 0 0 
1942 10 0 0 0 0 0 0 0 0 0 0 0 
1943 10 0 0 0 0 0 0 0 0 0 0 0 
1944 10 0 0 0 0 0 0 0 0 0 0 0 
1945 10 0 0 0 0 0 0 0 0 0 0 0 
1946 10 0 0 0 0 0 0 0 0 0 0 0 
1947 10 0 0 0 0 0 0 0 0 0 0 0 
1948 10 0 0 0 0 0 0 0 0 0 0 0 
1949 10 0 0 0 0 0 0 0 0 0 0 0 
1950 10 0 0 0 0 0 0 0 0 0 0 0 
1951 10 106 0 0 0 0 0 0 0 0 0 0 
1952 10 107 0 0 0 0 0 0 0 0 0 0 
1953 10 0 0 0 0 0 0 0 0 0 0 0 
1954 10 0 0 0 0 0 0 0 0 0 0 0 
1955 10 0 0 0 0 0 0 0 0 0 0 0 
1956 10 0 0 0 0 0 0 0 0 0 0 0 
1957 10 0 0 0 0 0 0 0 0 0 0 0 
1958 10 0 0 0 0 0 0 0 0 0 0 0 
1959 10 111 0 0 0 0 0 0 0 0 0 0 
1960 10 112 0 0 0 0 0 0 0 0 0 0 
1961 10 0 0 0 0 0 0 0 0 0 0 0 
1962 10 0 0 0 0 0 0 0 0 0 0 0 
1963 10 114 0 0 0 0 0 0 0 0 0 0 
1964 10 115 0 0 0 0 0 0 0 0 0 0 
1965 10 116 0 0 0 0 0 0 0 0 0 0 
1966 10 117 0 0 0 0 0 0 0 0 0 0 
1967 10 0 0 0 0 0 0 0 0 0 0 0 
1968 10 0 0 0 0 0 0 0 0 0 0 0 
1969 10 0 0 0 0 0 0 0 0 0 0 0 
1970 10 0 0 0 0 0 0 0 0 0 0 0 
1971 10 0 0 0 0 0 0 0 0 0 0 0 
1972 10 0 0 0 0 0 0 0 0 0 0 0 
1973 10 0 0 0 0 0 0 0 0 0 0 0 
1974 10 0 0 0 0 0 0 0 0 0 0 0 
1975 10 0 0 0 0 0 0 0 0 0 0 0 
1976 10 0 0 0 0 0 0 0 0 0 0 0 
1977 10 0 0 0 0 0 0 0 0 0 0 0 
1978 10 0 0 0 0 0 0 0 0 0 0 0 
1979 10 0 0 0 0 0 0 0 0 0 0 0 
1980 10 0 0 0 0 0 0 0 0 0 0 0 
1981 10 0 0 0 0 0 0 0 0 0 0 0 
1982 10 0 0 0 0 0 0 0 0 0 0 0 
1983 10 0 0 0 0 0 0 0 0 0 0 0 
1984 10 0 0 0 0 0 0 0 0 0 0 0 
1985 10 0 0 0 0 0 0 0 0 0 0 0 
1986 10 0 0 0 0 0 0 0 0 0 0 0 
1987 10 0 0 0 0 0 0 0 0 0 0 0 
1988 10 0 0 0 0 0 0 0 0 0 0 0 
1989 10 0 0 0 0 0 0 0 0 0 0 0 
1990 10 0 0 0 0 0 0 0 0 0 0 0 
1991 10 0 0 0 0 0 0 0 0 0 0 0 
1992 10 0 0 0 0 0 0 0 0 0 0 0 
1993 10 0 0 0 0 0 0 0 0 0 0 0 
1994 10 0 0 0 0 0 0 0 0 0 0 0 
1995 10 0 0 0 0 0 0 0 0 0 0 0 
1996 10 0 0 0 0 0 0 0 0 0 0 0 
1997 10 0 0 0 0 0 0 0 0 0 0 0 
1998 10 0 0 0 0 0 0 0 0 0 0 0 
1999 10 0 0 0 0 0 0 0 0 0 0 0 
2000 10 0 0 0 0 0 0 0 0 0 0 0 
2001 10 0 0 0 0 0 0 0 0 0 0 0 
2002 10 0 0 0 0 0 0 0 0 0 0 0 
2003 10 0 0 0 0 0 0 0 0 0 0 0 
2004 10 0 0 0 0 0 0 0 0 0 0 0 
2005 10 0 0 0 0 0 0 0 0 0 0 0 
2006 10 0 0 0 0 0 0 0 0 0 0 0 
2007 10 0 0 0 0 0 0 0 0 0 0 0 
2008 10 0 0 0 0 0 0 0 0 0 0 0 
2009 10 0 0 0 0 0 0 0 0 0 0 0 
2010 10 0 0 0 0 0 0 0 0 0 0 0 
2011 10 0 0 0 0 0 0 0 0 0 0 0 
2012 10 0 0 0 0 0 0 0 0 0 0 0 
2013 10 0 0 0 0 0 0 0 0 0 0 0 
2014 10 0 0 0 0 0 0 0 0 0 0 0 
2015 10 0 0 0 0 0 0 0 0 0 0 0 
2016 10 0 0 0 0 0 0 0 0 0 0 0 
2017 10 0 0 0 0 0 0 0 0 0 0 0 
2018 10 0 0 0 0 0 0 0 0 0 0 0 
2019 10 0 0 0 0 0 0 0 0 0 0 0 
2020 10 0 0 0 0 0 0 0 0 0 0 0 
2021 10 0 0 0 0 0 0 0 0 0 0 0 
2022 10 0 0 0 0 0 0 0 0 0 0 0 
2023 10 0 0 0 0 0 0 0 0 0 0 0 
2024 10 0 0 0 0 0 0 0 0 0 0 0 
2025 10 0 0 0 0 0 0 0 0 0 0 0 
2026 10 0 0 0 0 0 0 0 0 0 0 0 
2027 10 0 0 0 0 0 0 0 0 0 0 0 
2028 10 0 0 0 0 0 0 0 0 0 0 0 
2029 10 0 0 0 0 0 0 0 0 0 0 0 
2030 10 0 0 0 0 0 0 0 0 0 0 0 
2031 10 0 0 0 0 0 0 0 0 0 0 0 
2032 10 0 0 0 0 0 0 0 0 0 0 0 
2033 10 0 0 0 0 0 0 0 0 0 0 0 
2034 10 0 0 0 0 0 0 0 0 0 0 0 
2035 10 0 0 0 0 0 0 0 0 0 0 0 
2036 10 0 0 0 0 0 0 0 0 0 0 0 
2037 10 0 0 0 0 0 0 0 0 0 0 0 
2038 10 0 0 0 0 0 0 0 0 0 0 0 
2039 10 0 0 0 0 0 0 0 0 0 0 0 
2040 10 0 0 0 0 0 0 0 0 0 0 0 
2041 10 0 0 0 0 0 0 0 0 0 0 0 
2042 10 0 0 0 0 0 0 0 0 0 0 0 
2043 10 0 0 0 0 0 0 0 0 0 0 0 
2044 10 0 0 0 0 0 0 0 0 0 0 0 
2045 10 0 0 0 0 0 0 0 0 0 0 0 
2046 10 0 0 0 0 0 0 0 0 0 0 0 

0 5 2 2 0.173913 1 15 -5 4 0.987013 19 10 -23 8 -23 8 12 22 -16 21 21 21 40 6 -5 19 12 6 35 18 0 18 -19 20 32 22 17 16 29 5 8 26 28 5 25 5 26 26 23 
1 5 2 2 0.92437 110 -1 37 1 35 5 32 0 38 -3 40 -3 37 3 34 1 33 -1 40 -5 40 -7 38 -10 36 -10 36 4 35 -2 38 -9 41 -17 42 -13 40 -8 34 2 40 -18 41 -14 40 -17 34 -7 36 -14 41 -11 41 -13 35 -12 36 -18 42 3 5 3 -12 3 4 3 2 2 -34 -3 41 2 -31 -12 31 5 -8 5 18 4 4 3 -33 10 -18 3 -36 6 -28 9 30 -7 30 2 9 8 16 2 24 7 -37 6 -19 -18 32 4 13 2 -38 5 1 8 7 -10 29 5 13 -9 29 6 2 2 41 9 -5 7 -29 5 32 4 -39 5 -17 6 0 3 26 4 31 7 4 9 2 7 -15 9 12 11 27 11 -27 8 -35 6 13 7 15 6 19 11 -34 11 18 6 38 8 30 13 -11 10 6 12 -30 6 6 8 -7 6 36 5 -28 11 -18 10 -26 11 -19 3 43 12 18 14 -10 11 -22 13 34 10 -5 9 0 6 25 8 11 -12 27 -17 28 12 7 9 -13 8 17 10 -16 7 9 7 40 4 0.566929 36 -13 35 9 33 3 35 -2 39 -18 34 7 36 -13 38 -13 42 -10 40 -5 35 12 -27 20 -37 6 26 15 -26 -21 32 16 33 15 10 17 -24 1 43 -5 -21 21 24 20 -6 -15 31 -20 -30 20 -10 24 10 19 20 -16 31 23 7 23 17 22 -10 2 44 24 0 21 4 18 43 24 37 
2 5 2 2 0.827251 85 11 18 13 36 12 40 12 -21 9 30 19 -31 12 -36 10 11 4 45 14 -14 11 -20 14 -32 16 4 10 43 10 -18 9 -19 17 30 13 15 14 -29 16 9 15 -9 15 41 8 -39 14 11 9 43 15 41 11 -20 10 6 16 40 17 37 15 -2 16 -6 14 -19 17 -22 12 41 14 30 18 35 13 -26 16 -20 13 31 12 3 17 4 -10 -25 -9 -3 -7 -26 -17 -32 -6 -26 -13 6 -18 -27 -12 -33 -18 -2 -4 -5 -4 -40 -17 -23 -14 17 -14 -13 -17 -35 -11 -18 -2 -10 -18 -36 -17 -27 -16 -12 -14 -15 -10 -16 -10 -25 -10 -28 -9 -34 -13 -24 -8 -17 -13 -16 -14 -25 -12 -7 -11 0 -7 23 -1 -35 -12 -8 -11 -39 -8 -12 -11 24 0 4 -11 23 -5 22 -10 6 -6 -32 -16 -38 4 0.769648 71 22 -7 25 -23 13 34 25 3 26 1 8 42 14 25 21 25 23 -16 25 3 12 -26 26 -9 10 4 25 39 23 24 26 4 26 -12 23 26 25 -22 21 -26 24 19 22 5 -3 45 24 -10 18 40 23 -33 18 7 25 -7 20 28 12 -3 22 -26 23 -34 14 -9 14 39 20 4 13 -13 26 -16 -12 -17 -4 -15 -8 24 -5 -33 -10 12 -9 23 -16 28 -17 15 -17 -8 -9 -28 -10 -8 -8 -19 -8 -35 -10 -24 -4 -5 -4 -8 1 -32 -6 -30 -21 -3 -18 -20 -6 -16 -19 -5 -5 4 -5 -10 -5 -21 -17 -8 -21 26 -20 25 4 -33 -20 -16 0 -7 5 -32 -21 -5 -20 -29 
3 5 2 2 0.795518 71 13 11 13 23 12 22 16 31 10 25 11 -31 10 29 10 42 9 26 9 29 8 44 8 -32 15 15 11 38 14 23 14 -35 13 -24 9 24 10 -33 6 45 9 43 11 6 11 11 9 -5 14 38 12 -12 10 -33 6 40 12 22 9 27 12 -24 8 42 12 -14 10 42 12 -18 11 36 10 41 10 -8 11 -6 10 -3 16 44 6 44 -1 46 6 45 16 7 15 43 8 43 -13 44 -4 45 15 42 -2 45 -8 45 8 26 -13 44 -9 -31 -6 44 9 -19 -15 45 -5 44 -10 43 -9 45 15 -16 14 18 -10 43 15 13 -2 43 -15 44 8 -38 -16 45 -9 44 16 6 4 0.804408 73 23 -9 22 36 25 -6 22 5 24 -13 23 13 5 42 20 -1 20 -9 14 -28 25 24 20 -13 19 -9 4 -13 23 -26 21 -16 19 8 21 -31 10 6 26 -28 23 -19 26 30 24 40 25 32 2 33 18 5 23 -9 20 -23 24 38 9 20 -2 45 24 39 19 16 9 23 9 -39 23 -13 0 35 21 4 9 33 6 -14 2 21 19 -15 21 16 21 12 0 29 16 44 26 -25 8 -23 18 -5 8 0 21 37 -3 45 -1 33 7 9 20 6 -20 44 14 43 18 -14 21 29 -14 45 -13 45 20 14 -8 45 -2 42 24 -17 7 25 -6 44 -11 45 16 39 -7 45 -14 45 3 8 20 -3 
4 5 2 2 0.601504 20 15 2 11 42 8 39 -14 41 -2 41 3 40 9 -14 -4 39 0 37 16 -12 -16 -13 -16 -26 -13 11 -17 8 -16 -9 -17 -9 -18 -1 16 -8 -9 34 11 30 4 0.913793 53 -18 42 -10 44 4 -15 -5 45 0 45 -5 45 -2 44 2 43 -4 44 18 -4 22 28 -12 43 -21 44 18 1 -11 42 19 -34 20 -1 -23 41 -12 41 -5 41 1 40 -19 41 -10 39 -9 40 -6 41 16 -1 -8 39 3 -22 0 38 14 37 -6 23 -7 34 -20 -22 -17 -15 -20 -8 0 8 0 28 -10 8 -19 -27 16 -31 9 31 2 8 0 8 -2 0 -3 1 -5 -13 -23 -31 -23 -34 4 32 14 -5 18 21 18 29 1 -8 
5 5 2 2 0.983607 45 19 -25 13 15 13 13 14 29 13 25 12 12 11 12 10 25 11 6 7 35 5 -12 9 17 7 9 9 -35 -11 15 -10 1 -14 35 -14 30 -10 0 -16 10 -10 27 -9 10 -14 17 -8 0 -18 1 -18 -2 -9 32 -5 12 -18 15 -12 28 -15 18 -16 26 -11 31 -16 35 -10 39 -12 38 -13 37 -16 4 -8 29 -16 16 -15 0 -2 31 -18 -25 -11 36 -17 -28 4 0.210526 3 19 24 -9 26 -5 37 
6 5 2 2 0.5 1 -5 38 4 0.941176 4 -5 37 -2 39 -4 36 -11 -34 
7 5 2 2 0.4 1 -14 36 4 0.96 6 -4 16 -3 8 -4 28 -16 36 -13 31 -8 16 
8 5 2 2 0.984127 31 -19 -27 -19 23 -20 -22 -19 14 -20 1 -20 11 -20 -15 -19 -21 -19 13 -19 -33 -20 24 -19 -9 -20 27 -19 -8 -19 -10 -20 -15 -20 8 -14 -26 -19 34 -19 -38 -19 7 -14 9 -20 40 -14 33 -15 -2 -15 -20 -15 20 -19 -17 -15 35 -14 -40 -15 -7 4 0.205128 2 -24 -24 -24 -25 
9 5 2 2 0.930233 10 -13 26 -19 -25 -11 6 -11 9 -12 -20 -10 23 -14 -29 -13 15 -14 10 -13 7 4 0.545455 3 -3 18 -2 -13 -9 -13 
10 5 2 2 0.533333 4 -14 17 8 -23 8 -33 10 -29 4 0.933333 14 -2 20 -14 -17 -12 11 -10 -7 -25 -24 -15 0 -18 10 -10 2 -23 -7 -15 5 -18 17 -18 23 14 -2 11 -8 
11 5 2 2 0.0727273 1 -6 -7 4 0.995122 51 -23 -30 -19 -19 -21 -30 -11 -10 -15 4 -19 -7 -20 -26 -9 7 -18 9 -6 24 -14 14 -16 21 -23 0 -23 8 -19 -6 -21 -3 -23 15 -19 0 -9 4 -18 0 -13 14 -3 2 -7 19 -4 2 -7 23 -8 24 -2 12 -15 24 1 17 -17 -1 -15 28 -3 26 -23 23 -24 21 -18 28 -5 29 -19 16 -19 22 6 26 8 23 8 -29 -14 7 3 14 2 20 6 -3 10 -20 -12 -31 -9 12 -9 22 -6 28 -8 -2 
12 5 2 2 0.978723 23 -2 -18 0 30 2 -18 1 -3 -1 10 -2 6 0 -9 -4 -26 -5 -34 -1 -14 -1 -12 8 6 -1 1 -2 0 -2 -11 -2 -6 -4 -23 -3 -8 -4 -34 -4 -2 -7 -38 -3 1 7 0 4 0.258065 2 -5 -11 -1 11 
13 5 2 2 0.984615 16 -15 31 -2 -15 -2 2 -12 17 -18 -12 -18 21 -19 -8 -16 24 -13 -33 -12 27 -9 24 -9 -12 -12 -9 -14 -17 -7 3 -13 26 4 0.2 1 -14 -33 
14 5 2 2 0.571429 1 -12 26 4 0.923077 3 -23 19 -22 12 -19 17 
15 5 2 2 0.25 2 -17 26 -1 -13 4 0.979592 24 -8 -39 0 -36 -5 18 -2 -2 1 -34 -6 -14 -15 -4 -6 -35 -20 30 -15 16 -3 30 -11 3 -17 29 -10 7 -11 -8 -9 -6 0 -11 0 -1 -7 16 -1 -15 -8 -13 1 -8 -2 -21 -3 15 
16 5 2 2 0.851064 10 -6 -13 2 -16 4 -30 4 -32 4 -12 -9 26 -6 19 5 -37 -3 2 -3 3 4 0.736842 7 -2 17 -14 -16 10 -33 9 -35 -18 20 -10 -7 -8 7 
17 5 2 2 0.0851064 1 14 19 4 0.99422 43 22 -19 6 -1 14 -25 14 22 18 -6 18 25 13 43 5 27 5 30 17 20 16 20 11 -3 12 45 12 -18 8 -18 8 -4 13 30 8 -9 9 -14 12 34 10 17 17 -19 6 -17 7 -23 11 8 7 -7 -8 36 10 31 6 -10 5 -23 5 -4 4 10 4 -4 -1 44 4 41 5 17 4 27 9 27 8 41 8 -5 7 -34 -5 14 8 -28 
18 5 3 2 0.7 7 8 -39 12 -42 5 -44 6 -44 8 -44 1 45 -1 47 3 0.181818 1 30 53 4 0.846154 11 23 -38 5 38 18 -36 4 -26 -6 40 -5 40 10 -18 2 42 17 -40 -3 35 2 -33 
19 5 2 0 0.266667 1 20 -59 3 0.977778 11 28 -53 40 -1 21 -7 37 3 37 -9 23 -32 32 4 22 -73 36 19 -3 44 12 44 
20 5 2 2 0.969697 8 -9 39 -6 36 -4 35 -9 42 -6 37 -4 37 -7 44 -3 41 4 0.333333 1 -13 45 
21 5 3 2 0.24 3 3 -44 16 -48 -10 -28 3 0.0909091 1 21 -69 4 0.973684 37 11 -34 14 -2 -6 -24 23 -41 18 -45 20 -41 23 -38 2 -40 5 -41 19 -42 14 14 23 -41 23 -42 24 -42 24 -37 19 -40 20 -40 4 29 -5 -2 -12 30 -11 6 -10 -13 -7 -12 -9 -18 -11 29 -12 28 -13 19 -16 -26 -17 -18 -10 -20 -7 29 -2 19 2 16 -4 -32 10 -44 -12 -32 -4 -37 
22 5 2 2 0.666667 6 -12 -48 -20 -43 -18 -41 -4 -44 -5 -44 -20 -41 4 0.888889 12 -22 -42 -2 -42 7 -42 -20 -42 -6 -42 -4 -44 -19 -44 -5 -44 -3 -45 -6 -38 -19 -41 1 -40 
23 5 2 2 0.969697 8 0 -47 -19 -42 -11 -50 -17 -42 -12 -41 -9 -42 5 -43 -8 -35 4 0.333333 1 -16 -44 
24 5 2 2 0.0446927 2 -15 -43 7 40 4 0.997085 171 -22 10 -21 30 -18 -12 -18 -3 -24 34 -16 21 -21 -11 -20 4 -19 -39 -22 15 19 -28 -22 -31 -19 15 -16 36 -21 -4 -16 8 -22 38 -17 19 -21 35 -20 12 -18 28 16 -30 -24 28 -20 -5 -19 -3 -21 10 16 6 -22 31 -19 39 -17 -38 -19 16 14 -31 -17 -22 -17 24 -15 35 -20 14 -20 -35 -15 -16 18 -16 -20 -21 19 -38 -16 -14 17 35 -16 -28 -14 -25 16 20 18 -21 10 -40 -18 6 -17 -38 -18 -34 6 41 -14 34 15 34 11 -19 12 -14 20 36 23 -16 13 11 12 18 13 -11 -15 13 6 40 8 29 -17 9 12 33 -11 -17 7 28 21 -21 8 33 2 0 -15 11 -10 2 7 23 -9 0 -21 -24 -20 -15 17 -35 18 18 7 28 -18 40 20 1 21 -25 -6 29 7 -16 -6 2 -7 27 -14 6 7 3 12 -34 0 35 -23 -36 -8 32 1 6 20 -24 -12 10 8 -33 20 25 18 5 -4 -8 -4 -37 13 27 17 4 15 34 17 12 18 -23 19 1 11 1 19 8 13 15 8 -1 7 5 -5 9 -1 28 4 -32 8 42 16 31 3 2 19 -11 -3 10 -3 -10 -17 -39 -22 36 9 11 5 33 -7 -14 11 28 -1 -3 7 33 -8 -7 5 -18 9 30 -12 -23 4 -1 -10 -5 15 -35 -7 16 16 -39 -6 -33 12 9 13 18 15 -29 13 -20 2 -1 3 32 4 -7 17 -36 10 14 5 22 13 36 5 38 16 -24 5 16 18 -34 13 18 14 36 15 -9 -6 -22 -16 -30 9 16 3 -33 12 -18 6 9 14 1 0 31 2 25 0 11 2 42 -6 41 9 3 13 -27 
25 5 2 2 0.990476 26 13 6 8 -2 8 -22 13 13 5 -35 6 -2 6 -7 6 39 14 -11 15 33 14 18 13 4 0 -39 3 40 12 19 3 19 10 29 9 -26 1 -41 12 -23 9 32 6 -35 11 30 7 37 9 -11 13 1 4 0.133333 1 13 40 
26 5 2 2 0.666667 1 3 32 4 0.888889 2 15 -8 -4 20 
27 5 2 2 0.444444 2 8 33 7 -43 4 0.952381 10 16 -2 14 -35 17 3 -21 41 -18 42 -24 40 8 10 4 30 9 -7 8 21 
28 5 2 2 0.8 9 -13 47 -12 49 8 27 -12 50 -3 3 11 -14 0 13 15 -11 3 30 4 0.8 9 13 10 -11 -12 10 14 -14 2 8 -14 13 -7 -9 21 7 -22 -10 -24 
29 5 2 2 0.5 1 16 45 4 0.941176 4 21 45 12 26 -24 -10 18 23 
30 5 2 2 0.974408 257 14 50 5 -22 16 44 11 45 9 48 5 20 5 -27 8 -33 -1 -17 4 11 6 18 5 -5 4 -7 3 24 4 5 4 -12 15 16 2 19 15 2 -1 -13 5 -3 8 -19 4 -17 0 -17 6 20 5 18 0 -19 0 20 2 -19 6 28 5 -11 2 14 2 11 14 11 6 -28 -2 32 3 18 2 -4 5 -7 -2 21 8 -8 -3 0 -2 48 -2 -15 7 -12 5 -14 -2 -17 2 47 3 17 -7 -7 -10 -5 1 50 -6 -29 2 6 -4 23 0 -20 1 -12 -11 -7 -2 20 -3 47 2 -29 0 10 7 23 1 1 -5 -15 -1 -17 -5 32 -2 5 -2 4 1 6 1 -9 -2 52 -5 -25 -10 50 -2 10 1 6 12 19 -4 10 -1 -27 4 20 -8 -12 11 -22 -2 13 2 24 -7 -8 -4 20 2 -1 -1 -14 -1 -29 -2 26 -16 -30 11 0 -6 22 -1 21 -7 -5 5 18 12 -9 -2 0 1 -11 -3 11 12 31 -15 6 -3 28 -5 48 1 -3 5 -29 1 5 -11 12 5 3 -3 -12 -10 5 -4 28 -4 -28 5 25 5 -15 3 24 5 5 -4 -15 -1 -9 -4 -25 -2 31 -4 -11 -2 -5 -6 12 3 28 7 -28 5 -25 10 50 -11 -29 3 29 -14 23 -6 15 2 -3 8 -32 5 19 1 12 -2 -13 -9 31 12 25 5 51 -10 30 -13 -17 5 -11 -6 8 -5 -21 -5 17 -13 -21 -8 18 14 -30 10 18 -10 -19 7 9 -8 3 -10 -20 -6 0 -5 -14 3 -21 -5 -1 -2 -17 -2 11 2 12 -5 -19 -3 -9 -7 49 10 11 -9 34 -4 -20 12 -13 -9 -8 -11 19 6 -32 7 1 1 11 -9 2 -1 28 -9 3 -5 19 3 20 -3 -8 -2 -18 -11 35 -9 19 -4 3 -5 -19 -3 31 -8 1 -2 -12 1 29 9 10 -3 -3 -14 -15 -5 17 -9 3 -8 12 -7 29 -17 -5 -8 -12 7 -17 -9 -19 9 22 -3 -23 -10 13 6 8 -3 -13 -7 -28 -7 -20 -14 4 -3 -33 5 14 -12 24 -7 -15 -14 16 -2 7 7 1 -16 1 -9 10 -9 -25 1 53 3 2 -6 49 -3 -31 -1 33 2 -6 -1 47 -10 13 -11 -23 -1 48 -10 16 0 26 -10 11 -8 15 -7 -24 -13 14 -7 -10 -10 -14 -7 -11 -9 15 -9 -27 -4 9 -7 -18 2 9 2 27 0 -27 2 -28 -6 -8 -12 -31 2 12 2 -24 5 -23 -9 -20 -8 -16 1 13 -9 -6 -11 -26 0 -24 2 13 3 -2 4 0.29589 27 -5 -8 13 -13 -8 30 1 -25 12 19 -3 33 0 -18 -12 33 -11 15 -13 -23 -14 13 -15 -4 -7 24 -14 29 -6 -4 -13 -27 -5 -17 8 32 -9 -12 -15 -25 8 -28 10 11 10 -14 13 -13 -10 -8 -6 -6 -8 0 
31 5 2 2 0.266667 1 -6 51 4 0.977778 11 14 20 13 18 -12 -19 8 9 6 -25 10 33 11 -3 9 1 6 -5 12 -15 -9 13 
32 5 2 2 0.777778 7 -6 20 -3 23 -3 20 -1 -1 0 18 -12 9 -6 6 4 0.820513 8 2 -1 7 26 -16 -8 6 13 -15 -3 -12 -24 0 -28 -15 -15 
33 5 2 2 0.97561 20 -6 10 -14 16 -1 28 -4 31 -7 4 5 -32 -13 13 0 -4 -4 -15 -11 -22 -18 -7 -8 1 -10 -28 -14 14 -13 32 -14 16 -12 -3 -13 -18 -13 -13 -15 -2 4 0.285714 2 -13 4 -14 -14 
34 5 2 2 0.5 2 5 18 1 20 4 0.941176 8 -9 8 -9 -6 -5 26 -24 -5 -23 31 -25 34 3 -27 -9 -31 
35 5 2 2 0.222222 1 4 -14 4 0.982456 14 4 -17 -3 2 17 20 -24 -3 -2 -12 -1 2 -25 -14 -14 22 -24 2 -23 9 -25 -11 -24 5 -25 -3 -25 -1 
36 5 2 2 0.303797 6 16 44 17 -1 13 28 18 -10 -8 -4 -8 16 4 0.973451 55 11 -30 12 -34 2 13 -2 16 3 -16 3 -33 3 -21 2 1 -2 -29 4 11 0 -34 2 30 -2 -26 2 15 5 3 3 24 1 22 4 -13 15 35 11 13 25 -8 25 40 4 -1 6 -21 7 -15 -3 -28 -4 37 -25 -30 -2 -6 2 8 4 -28 -5 -21 -15 32 -4 -8 6 -29 -4 -7 -5 8 -5 25 3 -33 -22 -4 -12 -13 -9 13 -16 -14 -16 7 -6 3 -8 24 -3 -7 -3 -25 -6 -26 -1 -11 0 -14 -9 -34 -8 -45 1 -14 2 -27 
37 5 2 2 0.816327 10 -15 -42 -5 -7 -3 0 -7 -30 -11 -20 -3 -16 -4 -13 0 -11 6 -35 2 -27 4 0.782609 9 2 -8 3 -1 -1 -32 -13 -25 -13 -9 -11 -15 -10 -18 0 -36 -14 -31 
38 5 2 2 0.242424 2 -15 -37 -3 21 4 0.980392 25 7 -16 26 -17 10 -39 2 -38 12 -31 -2 34 -24 34 10 -27 10 -30 -12 -35 -15 -5 -13 -28 -13 32 -12 -3 -21 28 -21 29 -11 -40 -11 31 1 -38 6 -33 2 -21 -14 -43 -24 -9 4 -24 5 -28 
39 5 2 2 0.952381 5 -3 -41 -1 -46 -6 -33 -6 -45 -11 -44 4 0.444444 1 6 -40 
40 5 2 2 0.956522 11 -10 -45 -5 4 -1 -22 -11 -16 -5 17 -2 -42 -5 -31 -6 -22 -5 -36 -5 -35 -11 -19 4 0.421053 2 -11 -45 -14 1 
41 5 2 2 0.615385 2 0 -35 7 -42 4 0.909091 5 15 -34 8 -33 10 -40 12 -39 -4 -44 
42 5 2 2 0.985507 51 9 -38 16 -44 -12 -38 -6 -43 -7 -41 3 -34 -13 -39 4 -42 7 -44 -2 -41 8 -44 0 -42 -9 -40 10 -39 -7 -38 -3 -41 -14 -43 -12 -38 1 -40 4 -35 -2 -42 -8 -40 -11 -38 1 -16 -5 -34 5 -40 -8 -38 6 -39 7 -39 1 -35 1 -33 5 -33 14 -37 4 -33 -10 -39 -7 -44 5 -42 3 -40 -3 -42 -2 -42 0 -32 6 -38 2 -44 -4 -44 -14 -43 10 -44 2 -31 0 -33 -7 -43 8 -45 1 -33 4 0.190476 3 -12 -36 -10 -38 -12 -39 
43 5 2 2 0.4 1 5 -45 4 0.96 6 -14 -42 12 -42 11 -42 15 -41 15 -42 -7 -44 
44 5 2 2 0.869565 10 18 -20 16 41 18 40 17 -28 16 12 15 36 17 -10 17 22 19 -12 17 34 4 0.705882 6 25 13 12 25 15 30 9 31 13 -5 26 -3 
45 5 2 2 0.987654 20 20 7 17 -12 17 -32 15 40 19 28 18 28 16 -20 17 43 17 -25 17 -26 19 17 14 -13 16 16 19 6 14 23 15 40 15 -1 15 31 18 43 14 25 4 0.166667 1 14 11 
46 5 2 2 0.363636 2 18 18 16 19 4 0.965517 14 16 32 23 18 25 -14 15 43 17 -3 17 38 17 45 17 35 17 19 9 0 8 -1 17 27 24 8 18 -29 
47 5 3 2 0.533333 2 20 18 18 39 3 0.833333 5 33 -30 38 16 28 44 41 20 31 -5 4 0.533333 2 11 -8 23 -9 
48 5 2 0 0.97619 41 10 30 10 29 20 28 8 28 23 31 14 56 10 25 14 55 8 31 11 30 10 36 20 23 25 23 19 41 21 37 -6 37 19 20 15 58 -18 87 -17 86 -14 83 10 93 5 88 -13 91 -1 92 0 92 -3 85 -4 42 -18 39 -8 82 -7 92 -23 34 9 93 -21 32 6 68 -4 86 9 40 8 72 -7 83 2 86 8 87 3 0.280702 4 28 30 -31 32 -38 20 -24 23 
49 5 2 0 0.533333 4 13 -59 20 -64 10 50 16 14 3 0.933333 14 40 17 27 57 30 32 21 58 24 37 13 77 14 63 5 77 11 73 38 23 18 32 9 64 1 96 19 64 
50 5 2 0 0.977778 11 1 32 13 61 14 60 11 63 18 59 16 61 13 63 17 64 10 63 23 35 12 43 3 0.266667 1 28 39 
51 5 4 0 0.711111 8 13 40 11 16 -3 20 -15 85 -7 84 -23 29 -24 28 6 68 1 0.4 3 17 35 15 38 16 39 3 0.75 9 22 18 10 61 16 10 -33 31 -43 98 -29 21 -1 77 -36 67 -3 98 4 0.166667 1 -19 40 
52 5 2 0 0.965517 7 0 24 14 26 10 36 -1 27 10 27 -11 24 7 35 3 0.363636 1 -15 14 
53 5 2 0 0.166667 1 -12 16 3 0.987654 20 -37 36 -42 36 -40 22 -42 22 -28 30 10 39 -2 95 -18 30 -28 98 6 85 -6 97 3 83 -5 95 5 79 13 82 -4 99 -41 83 -40 93 16 31 11 91 
54 5 2 0 0.923077 3 -22 27 -24 24 -24 34 3 0.571429 1 -43 73 
55 5 2 0 0.992248 32 -8 41 -22 20 2 60 -16 44 -17 42 -13 40 -2 44 -7 37 -13 41 -20 37 -7 71 -12 53 -10 35 -23 25 -1 36 11 31 -18 18 -23 31 -6 27 -1 36 -14 56 -20 35 -16 54 -3 58 -5 59 -10 28 -15 71 -12 33 -18 17 -19 19 -18 33 -18 34 3 0.111111 1 -15 70 
56 5 2 0 0.993103 36 3 26 8 17 5 38 12 37 9 29 21 13 22 19 -8 25 6 16 -9 20 -14 26 3 16 18 21 21 15 20 17 -17 25 -6 40 -14 24 -18 18 5 54 -9 54 -1 49 -13 22 -13 21 -3 21 -3 56 -2 57 3 25 1 21 -1 23 -1 21 9 26 10 25 1 41 6 21 10 22 3 0.1 1 -18 65 
57 5 2 0 0.121212 1 20 -88 3 0.991453 29 20 -10 -3 42 36 0 31 -76 38 -81 41 20 23 -55 17 -81 40 33 22 47 32 -79 34 -67 23 53 21 24 23 -10 -36 31 41 20 17 -67 33 41 32 5 25 -46 19 25 -44 28 23 16 40 11 42 -39 26 2 -41 17 24 37 
58 5 3 0 0.909091 5 21 -88 -17 49 -17 51 -11 47 -11 47 3 0.4 1 17 -17 4 0.4 1 -21 39 
59 5 3 0 0.840764 33 -14 86 -14 86 -23 79 -19 86 -24 78 -19 83 -23 55 -20 81 -17 80 18 15 -14 17 -24 72 21 16 17 18 12 87 11 59 19 42 10 58 22 35 20 -5 20 39 20 54 20 57 -9 74 23 41 23 39 16 71 -10 46 9 46 18 62 20 60 17 58 16 42 3 0.66087 19 -24 27 -25 90 -34 73 29 36 36 34 32 37 25 -6 28 38 42 27 40 38 32 43 32 -35 37 89 39 95 34 -3 34 -40 34 -35 40 -29 35 -58 4 0.315789 6 23 42 22 43 18 40 24 32 19 0 19 18 
60 5 4 0 0.651466 50 22 63 14 68 20 70 15 67 17 74 19 72 23 -8 17 69 8 42 18 80 9 70 22 61 18 90 15 58 12 78 -22 52 8 70 11 68 17 -13 -2 74 23 68 17 78 -6 75 9 72 7 73 7 80 16 -18 15 -36 13 47 -8 51 15 -40 -11 46 13 -30 21 -31 -2 46 -8 49 19 -40 -5 81 -22 54 20 -64 -24 57 -23 67 -21 21 17 -75 -22 61 -23 49 -22 58 -22 65 -22 64 -23 43 2 0.0722892 3 14 -41 13 -36 18 -34 3 0.878261 101 28 -39 27 -40 36 98 34 77 38 84 40 -15 23 -25 40 -34 37 88 23 35 38 11 19 -53 18 59 34 2 43 13 30 -50 28 -31 36 -57 28 -28 36 -2 26 98 40 -50 19 -26 28 97 28 -22 33 69 39 -35 16 96 16 -27 30 -65 36 -6 22 58 30 97 24 92 41 53 20 28 36 59 27 10 41 -1 12 85 16 61 19 100 14 -44 32 82 33 -17 38 4 41 35 38 22 16 94 31 82 20 83 19 85 9 93 15 97 36 -91 20 -71 21 88 11 97 12 89 18 82 31 -85 34 -90 23 91 35 -88 -33 98 33 -93 -39 -43 31 -37 32 -93 10 96 30 -91 24 -87 -5 81 28 13 15 -56 -6 36 11 70 -43 99 24 -97 33 -95 -26 97 -30 92 -32 67 -25 90 -13 98 -16 98 9 29 -37 43 27 -99 -30 66 -3 -99 -13 44 -18 87 -20 85 -8 86 18 -99 -1 44 -19 42 -18 40 -20 64 -2 15 4 0.0722892 3 -22 -42 -22 -44 12 -29 
61 5 2 0 0.363636 1 21 25 3 0.965517 7 -17 95 -4 16 3 67 7 73 23 -29 23 43 34 30 
62 5 2 0 0.982456 28 15 85 15 87 20 42 10 74 12 77 15 71 20 73 18 55 18 79 10 50 22 47 14 49 21 50 19 45 13 80 20 73 14 79 17 76 23 84 14 82 17 72 22 72 19 85 18 75 15 67 21 78 12 73 18 81 3 0.222222 2 43 36 27 93 
63 5 4 0 0.0740741 1 -15 44 2 0.577778 13 14 -44 11 -43 14 -40 17 25 16 38 18 25 17 32 20 -32 21 -36 17 -35 21 11 15 5 20 -29 3 0.140351 2 11 -99 33 34 4 0.897436 35 23 -43 23 -43 19 -45 15 -44 23 20 23 -36 24 -29 18 -1 19 -21 18 17 21 -6 18 20 21 -14 20 11 20 -1 16 21 20 23 21 38 13 27 11 17 21 -21 11 21 18 -27 20 -35 22 32 26 -41 17 -32 22 -36 18 -24 16 -31 15 -26 17 -38 23 -36 23 -35 24 10 
64 5 4 0 0.16 1 21 -85 2 0.827586 12 18 -3 19 -20 17 -11 19 4 19 -10 19 39 19 -19 19 -23 20 -24 18 -26 16 -20 19 -17 3 0.651163 7 1 42 23 21 33 -74 23 -71 25 22 26 23 1 37 4 0.285714 2 21 13 18 -3 
65 5 3 0 0.615385 4 -13 87 -16 89 -15 81 -4 82 3 0.878049 9 -31 90 -30 86 -36 29 -35 26 -21 91 11 36 -43 10 28 49 -38 71 4 0.235294 1 13 -44 
66 5 2 0 0.949153 14 -5 84 -15 83 -1 79 -11 77 -8 76 -12 73 4 77 -4 77 -5 75 0 75 -17 74 -17 73 -9 72 -14 74 3 0.461538 3 -30 19 -17 41 -40 85 
67 5 4 0 0.930233 10 24 -4 5 77 5 76 17 -29 7 77 -13 77 25 -41 11 76 24 20 -9 47 1 0.25 1 11 39 2 0.25 1 17 -42 3 0.25 1 15 100 
68 5 2 2 0.285714 1 20 13 4 0.97561 10 22 45 22 -17 23 18 23 36 22 -22 26 31 23 -25 22 42 22 -11 23 -5 
69 5 3 2 0.740741 5 16 44 21 42 21 39 20 37 20 -11 3 0.444444 2 34 100 45 -27 4 0.740741 5 23 -9 25 26 19 44 26 26 26 25 
70 5 3 0 0.275862 2 17 74 18 70 2 0.963855 20 21 0 20 -28 21 -23 21 45 20 -23 21 -25 20 45 21 39 21 43 20 -40 20 17 20 16 20 -30 21 -42 20 37 21 25 19 -38 21 -22 20 44 19 44 4 0.153846 1 26 10 
71 5 3 0 0.8 3 24 -45 3 92 8 93 3 0.666667 2 -17 44 44 31 4 0.444444 1 26 -40 
72 5 3 0 0.173913 1 -23 92 3 0.957747 17 45 32 44 34 44 33 44 35 42 -70 43 86 36 99 45 -29 42 -26 43 -35 45 -24 24 99 42 97 43 -81 43 83 42 44 42 -7 4 0.307692 2 26 3 23 37 
73 5 4 0 0.909091 10 24 -48 25 46 24 34 24 30 25 45 24 -55 25 -54 25 -55 24 48 24 65 2 0.235294 1 21 31 3 0.235294 1 45 -39 4 0.4 2 25 -3 22 -35 
74 5 3 0 0.222222 1 23 2 2 0.222222 1 21 22 3 0.962963 13 34 -21 24 71 14 63 32 62 23 66 34 68 37 -7 33 59 -24 90 34 8 37 35 32 -17 -12 62 
75 5 3 0 0.923077 12 -14 32 6 79 -5 23 -1 20 24 -38 3 43 7 46 3 80 13 84 24 19 5 46 9 86 2 0.210526 1 21 -33 3 0.48 3 18 61 31 22 -21 93 
76 5 3 0 0.533333 4 24 -56 15 62 22 63 13 62 2 0.444444 3 21 16 21 8 21 -40 3 0.862745 11 27 -28 42 56 41 72 31 41 45 40 41 2 36 74 41 57 38 86 43 -62 35 77 
77 5 4 0 0.0666667 1 21 39 2 0.126984 2 21 27 17 -7 3 0.981481 53 42 -62 42 -32 35 30 39 -25 27 6 29 54 27 38 38 49 25 48 42 5 31 -34 41 18 43 15 38 -75 45 0 23 48 26 60 45 -40 24 -77 33 -61 24 -99 35 17 40 -1 31 67 37 -85 23 63 43 -16 41 -11 29 -55 38 -96 30 64 43 -78 29 6 45 22 35 22 33 -62 32 -40 42 41 37 -83 34 45 32 -81 31 66 27 -38 42 -67 38 -39 30 -4 44 -30 30 -28 37 6 42 -90 28 -58 37 -33 36 43 4 0.0666667 1 20 22 
78 5 3 0 0.842105 8 -4 31 23 -23 12 75 -1 91 21 -20 24 -19 24 36 11 34 2 0.521739 3 18 -14 17 38 18 0 3 0.521739 3 35 -16 28 -15 27 58 
79 5 2 0 0.974619 48 8 5 9 3 10 -24 13 -43 12 -66 10 -12 16 -20 10 -69 12 -42 15 -30 17 40 10 -72 13 -64 6 -49 7 -61 12 3 16 -31 15 -13 12 33 12 -21 16 -28 15 -46 17 -1 16 -68 14 9 15 31 13 -18 16 -30 17 12 15 -62 11 32 15 -67 15 -5 17 -87 13 -11 12 -10 16 21 17 0 15 10 18 -67 17 -68 14 -52 13 12 14 12 18 20 16 26 18 27 15 27 3 0.294118 5 -39 -6 -43 -68 -42 -34 17 -27 38 -14 
80 5 2 0 0.4 1 24 -77 3 0.96 6 16 -60 17 52 14 -38 26 -19 13 -31 20 -16 
81 5 2 0 0.285714 1 23 -5 3 0.97561 10 19 -35 29 16 19 -18 24 -78 36 -14 21 51 19 -18 21 -77 19 -74 21 -79 
82 5 3 0 0.777778 7 17 -59 20 -31 20 -54 23 -16 21 -57 15 -43 17 -73 1 0.592593 4 14 -13 14 -20 14 -32 14 -35 3 0.592593 4 18 -96 36 -6 21 -97 23 -57 
83 5 2 0 0.969697 8 18 -75 15 -9 15 -36 14 6 13 3 16 -11 21 4 13 -75 3 0.333333 1 34 -3 
84 5 3 0 0.8 4 11 -64 22 -74 5 -57 14 -28 1 0.363636 1 17 -5 3 0.705882 3 18 1 15 -23 15 -91 
85 5 3 0 0.173913 3 0 65 21 10 13 -46 1 0.977778 55 13 35 13 -3 16 32 13 -21 12 12 12 28 12 10 13 14 14 27 17 16 12 20 13 22 12 -20 14 25 13 -27 14 10 14 9 13 -19 17 -29 17 22 15 0 14 37 17 2 14 1 13 1 16 34 12 -13 10 -15 12 6 16 -7 15 -15 14 2 17 -32 15 37 13 -22 14 -9 13 8 16 26 15 3 13 36 12 -10 14 -10 12 -9 11 8 14 3 14 -29 17 10 14 16 11 -23 12 -31 17 2 12 -33 17 -7 11 -30 12 -21 3 0.121212 2 11 -41 21 -91 
86 5 3 0 0.864865 8 7 8 17 -30 20 -30 4 -48 21 -36 19 -46 18 -40 7 -13 1 0.64 4 14 -21 13 -33 11 -29 13 -14 3 0.25 1 15 -94 
87 5 2 0 0.4 1 17 -2 3 0.96 6 14 -19 26 39 21 -83 25 -77 23 -49 -21 38 
88 5 2 0 0.983607 15 20 -63 15 -3 22 -39 25 -5 21 -15 19 -72 23 -29 18 -31 13 -8 12 -55 22 -15 17 -54 21 -43 20 -6 18 6 3 0.210526 1 39 -23 
89 5 3 0 0.848485 7 20 -74 25 -79 9 -10 12 -76 8 -16 9 -10 18 -43 1 0.266667 1 11 8 3 0.666667 4 23 -3 24 -6 36 -15 14 -29 
90 5 3 0 0.666667 2 16 -80 19 -52 3 0.444444 1 32 -25 4 0.8 3 9 -37 19 -45 6 -43 
91 5 3 0 0.222222 1 -6 60 3 0.962963 13 25 -97 31 -42 -22 23 10 -13 12 34 14 -78 -21 -91 12 67 -15 38 14 -68 14 -66 5 -41 4 -44 4 0.222222 1 14 -45 
92 5 3 0 0.75 3 16 -24 13 -81 20 -88 1 0.75 3 17 27 16 32 17 -34 3 0.4 1 13 51 
93 5 3 0 0.8 2 -24 -33 -9 59 1 0.571429 1 -13 -33 3 0.571429 1 -38 -95 
94 5 2 0 0.206897 3 -23 -80 -24 6 -21 -29 3 0.983957 46 -29 83 -15 24 -7 -92 -28 19 -27 19 -8 73 -26 16 -18 22 8 69 -43 -92 -25 15 -20 19 -40 -38 7 -5 -37 -45 13 18 -26 1 -41 -32 -26 13 -40 -42 -41 -50 -35 89 -41 23 -43 -43 -17 20 -36 -35 -41 23 -42 59 -29 -8 -30 48 -18 -37 -34 -82 -35 3 -27 88 -38 -38 -40 -88 -19 9 -28 -34 -37 22 -22 -42 -26 73 -29 -37 -40 77 -42 78 13 -99 14 -6 
95 5 3 0 0.727273 2 14 -85 8 -11 2 0.5 1 14 -49 3 0.727273 2 27 -12 12 -81 
96 5 2 0 0.631579 3 7 -43 6 -57 10 -66 3 0.903226 7 13 -75 28 -9 14 -38 14 -24 15 11 12 -85 12 -43 
97 5 2 0 0.897959 11 -20 17 -9 14 -9 6 -13 1 -23 -28 -14 -52 -15 41 -14 -68 -13 -7 -18 -26 -18 -31 3 0.645161 5 -31 -2 -28 -31 -26 -1 -40 -43 11 32 
98 5 2 0 0.986301 18 5 11 3 -41 5 -69 8 33 4 -5 9 -26 6 -1 11 -11 6 -6 7 -28 6 -10 9 -11 8 -32 10 -71 11 -38 7 -70 5 -72 6 -74 3 0.181818 1 14 -15 
99 5 2 0 0.363636 2 -22 -73 -13 -8 3 0.965517 14 -41 -10 -41 -17 -41 -9 -37 -31 -41 9 -38 -42 -34 -10 -28 5 -34 -22 -25 2 -40 -11 -40 -4 -26 -85 -33 -52 
100 5 3 0 0.857143 6 -22 -75 16 -22 4 -32 12 -72 7 -34 15 -44 3 0.631579 3 12 -74 13 -33 14 41 4 0.307692 1 -6 -45 
101 5 5 0 0.974648 173 -9 -48 -21 -26 -18 -1 -20 -21 -24 -76 -15 -1 -23 -36 -9 -52 -7 -9 -14 -21 -8 12 -23 -49 -7 -9 -15 13 -22 -20 -16 25 -14 -45 -23 -65 -12 -45 -23 -72 -7 13 -24 -51 1 13 -14 -1 -3 8 -16 -67 -22 8 -7 33 -11 -31 -18 -67 -12 10 -17 0 -15 -41 -6 36 -11 36 -14 30 10 -73 -6 5 -18 -35 -15 -37 -20 -75 -3 -27 -17 -71 -12 -51 -19 -12 -22 -38 -12 13 -11 31 -24 -55 -10 -57 -21 1 -2 -5 -13 -76 -19 -20 -19 15 -17 14 -11 -58 1 10 -20 11 -17 -34 -18 3 -24 -14 -8 8 8 3 -12 8 -14 12 -15 -61 -15 9 -16 -1 -14 -18 -9 -20 -12 -66 -1 16 -13 -22 -15 -29 -15 7 -15 0 -7 14 -17 6 1 2 -15 -50 -8 -15 -10 5 -13 -13 -3 23 -10 -7 -14 -59 -14 -22 -8 -11 -8 -35 -15 0 -5 13 -12 5 -14 -6 -13 -46 -12 -42 -9 -2 2 -22 -12 -49 -6 -31 -11 -18 -9 1 -6 5 -11 -19 -11 -17 -11 -59 -5 -76 -5 -60 -11 -51 -7 -67 -10 -47 -4 -77 -8 2 -8 -7 -3 -6 -7 1 -1 15 -5 -79 -1 36 -3 -38 -4 11 -2 -24 -8 -6 -6 -42 1 36 -4 -61 -4 -52 -3 -31 -2 -63 -11 -83 -1 -70 -2 -53 4 -36 -4 -35 10 15 4 -6 -2 -17 -17 -76 1 15 -1 -51 0 -36 1 -70 7 -66 7 -64 -5 -85 -14 -75 1 -30 -12 -77 0 -23 -18 -81 1 -6 8 3 5 7 5 15 7 -76 1 -16 2 -60 -2 -45 5 28 4 4 0 -24 10 -10 2 -51 3 -57 2 -48 2 -47 4 -26 0 -72 7 -64 8 -12 2 -76 3 -79 11 -40 1 0.0206186 1 -12 -17 2 0.0970874 5 3 -48 0 -51 -4 -44 -4 -34 -3 -23 3 0.196429 11 -38 -41 12 52 13 1 -43 -40 -41 -42 8 -52 6 -25 10 53 -34 31 -11 83 9 -94 4 0.0206186 1 7 -44 
102 5 3 0 0.8 7 14 -92 23 -90 20 -92 24 -91 12 -91 16 -8 -12 68 1 0.235294 1 16 24 3 0.75 6 12 -27 5 32 15 76 10 53 9 -56 4 1 
103 5 2 1 0.97561 10 14 33 14 31 16 30 -16 38 -16 38 -15 36 -12 37 -5 37 -3 36 1 36 3 0.285714 1 3 -48 
104 5 2 1 0.235294 1 -14 35 3 0.981132 13 -37 55 -21 37 -37 51 -10 -81 -18 -66 -12 -38 -31 1 -7 46 -6 36 -35 -4 -11 -29 1 -73 -28 65 
105 5 3 0 0.0147059 1 9 65 1 0.987464 256 -16 -10 -16 -11 -16 -35 -16 -5 -16 21 -16 -19 -16 22 -13 32 -15 -7 -16 -20 -16 -2 -16 -16 -16 -27 -16 6 -16 25 -15 11 -14 22 -15 29 -8 -22 -15 12 -14 -3 -16 28 -16 21 -14 10 -15 -7 -13 -3 -14 6 -14 -29 -15 2 -13 -9 -12 2 -13 21 -11 32 -14 -19 -15 -14 -11 26 -16 -39 -14 -3 -13 -27 -14 19 -11 29 -13 -28 -12 24 -15 11 -15 -22 -12 6 -13 -17 -15 30 -13 -35 -16 14 -10 28 -14 -23 -13 15 -13 -32 -10 6 -11 -34 -10 -2 -15 6 -10 10 -15 -29 -12 15 -4 35 -10 0 -15 -10 13 -16 -11 -19 -9 23 -15 17 -11 -38 -14 -11 -12 -25 14 -12 -10 -9 -13 -8 -11 -19 -9 16 -15 -9 -11 -20 -10 -6 -9 21 -13 30 -12 -8 -12 32 -10 27 -10 -11 -4 35 -8 14 -9 10 -8 -20 -7 14 -6 12 -11 -39 -6 29 -7 13 -9 -5 -8 25 -9 8 -9 34 -8 3 -5 33 -4 34 -12 21 -13 0 -8 27 0 -17 -8 9 -11 -5 -9 -9 -11 -35 -7 16 -10 -21 -6 -6 -7 -11 -7 -16 -7 -11 -6 -8 -8 -9 -5 3 -10 -33 0 33 -3 25 -6 22 1 -35 -10 -16 -12 -5 -5 30 2 -33 -8 25 -6 -9 -2 13 -2 14 -2 -17 -8 -29 0 30 -3 13 -4 17 -9 -25 -7 7 -7 34 -12 -12 -8 -17 -8 -22 0 10 -5 -4 -5 1 -2 30 -6 -1 -3 20 -4 14 -7 23 -8 -16 -4 -12 -1 -36 -5 1 -3 27 -6 25 1 -3 -1 28 -5 10 -8 -5 -5 -9 -10 -18 -8 -1 1 30 0 -2 -5 -16 0 30 -6 -24 2 26 -1 23 1 29 2 -14 -2 29 -3 8 -8 -28 -2 27 -2 -11 -10 -23 -2 -22 0 10 -7 -26 -3 25 -7 -39 -5 -10 1 24 0 -36 -3 2 -5 -19 1 -31 1 11 -3 -15 1 33 -1 33 -1 5 -3 20 -10 -26 3 17 0 10 -1 4 0 26 -2 27 -4 -2 -7 14 -2 -28 0 22 -4 33 0 10 -8 26 0 -11 -5 -8 1 -34 -5 -27 -9 -13 0 -20 -9 -26 2 -24 -2 -25 -11 -9 2 -5 1 -11 1 32 2 17 -7 27 4 -15 -3 29 -1 6 -4 -9 0 -25 0 13 -1 -29 -4 11 -3 -20 -3 15 -5 0 -4 7 -5 -23 -6 -9 2 -7 1 4 -1 28 2 10 -4 -5 -2 13 -6 -16 1 16 3 -5 2 -5 -2 -24 -2 -27 -1 -28 -3 -31 0 8 -3 -21 -3 -26 1 -18 0 -14 3 0.157377 12 -25 53 -17 30 -16 -74 -15 -26 -21 3 -21 -23 -13 -97 -18 1 -18 14 8 22 -19 9 9 24 
106 5 3 0 0.758621 11 14 -67 6 -32 15 -67 15 11 -10 19 -21 11 -19 15 -14 15 -24 14 -4 12 -16 -33 1 0.142857 1 5 -20 3 0.8125 13 -7 75 -29 61 21 16 14 -27 -35 0 2 66 4 57 26 -17 -34 0 -38 61 -9 3 -40 -19 -35 50 
107 5 2 0 0.965517 28 -16 -63 -21 -7 -23 -11 -19 -7 -12 15 -9 -12 -9 -13 -14 -25 -6 -45 -5 -44 1 9 -3 -51 -3 -44 -4 -67 -2 8 -2 -69 10 10 -1 -68 2 -58 9 9 -2 -15 -9 -62 5 -47 1 -69 1 -15 3 -71 1 -53 7 -71 3 0.363636 4 -4 68 17 -1 24 -5 16 -4 
108 5 3 0 0.533333 4 2 -72 -10 -31 -1 15 -4 -68 1 0.333333 2 -6 4 -9 -9 3 0.888889 12 -23 -56 16 -4 27 -14 25 2 -20 -15 21 -8 -2 7 -6 -8 -17 4 4 -58 0 -2 -1 59 
109 5 3 0 0.615385 2 -13 72 9 -84 1 0.615385 2 -15 39 -1 36 3 0.75 3 -2 80 3 35 13 -24 
110 5 2 0 0.166667 1 -18 70 3 0.987654 20 17 -13 -24 34 -4 8 -4 -21 16 -15 -6 -28 1 -22 1 -17 -4 6 -31 44 -26 9 -10 -1 -27 -44 7 -17 3 5 12 -13 12 -19 0 3 -14 32 7 0 
111 5 3 0 0.472527 43 10 -86 2 -88 6 3 17 -58 6 -54 6 -1 14 -5 16 8 7 7 4 15 9 -40 10 42 7 5 8 -15 16 -47 8 -60 5 -61 4 -6 12 -55 4 2 6 -5 9 -79 7 -68 10 -7 10 -65 9 35 6 -3 -4 -51 17 -12 7 -60 13 -42 4 -76 13 34 4 -49 10 34 11 -48 4 45 12 -42 5 -18 9 41 8 -27 -2 -23 8 44 1 0.912752 170 12 -4 6 -8 6 -17 4 -2 6 4 8 0 9 -5 9 10 9 2 5 6 2 -33 5 -24 9 -24 9 18 6 -2 8 -2 6 -32 5 -33 16 9 13 -34 9 -18 5 -16 5 10 7 -7 10 -35 10 20 7 6 10 -15 8 -3 12 4 6 -7 15 -27 10 12 13 1 13 -20 16 -21 5 14 6 -31 16 -23 12 -33 14 -19 7 -30 17 7 10 12 11 13 8 -17 11 13 4 -18 9 -17 13 -37 11 -26 16 -2 16 1 10 -28 6 25 6 15 7 -18 8 18 7 -1 13 -34 14 -15 8 3 10 -24 10 -20 15 -38 5 -27 7 29 4 -31 5 -7 5 27 16 18 8 -14 5 7 16 18 6 -12 7 7 7 -22 7 4 13 23 6 -12 5 15 8 9 14 13 11 7 6 21 7 23 3 12 7 8 8 14 16 -22 7 2 12 6 10 -27 7 6 9 22 10 -23 4 13 15 -11 12 1 14 -14 12 23 6 -27 13 16 7 -13 7 21 16 -19 16 -11 5 -11 16 -10 17 -1 16 22 15 -32 13 8 12 -11 10 -13 13 7 13 -21 8 21 7 -18 12 14 17 -11 17 -18 4 -21 6 11 9 28 12 10 8 10 5 -32 9 -27 14 -16 5 -28 16 10 12 16 3 -10 11 -8 7 -23 13 23 8 -16 14 -16 5 -34 7 15 6 -19 8 -21 10 29 3 -13 14 -27 10 -34 7 35 16 24 8 35 8 28 10 35 16 -16 10 -9 5 -21 15 30 10 32 9 -28 15 30 10 30 7 27 16 31 7 31 6 29 7 28 8 30 9 33 12 31 5 32 9 34 3 0.292359 22 10 -57 24 -2 0 -15 1 -97 -2 -41 2 31 4 34 8 -20 -26 -98 -3 -44 6 -30 5 -39 8 -52 14 -12 -20 33 -17 -76 1 77 0 -54 22 -7 9 -58 2 38 9 -52 
112 5 3 0 0.727273 6 13 -72 15 16 2 -70 10 39 9 -35 -5 -32 1 0.380952 2 9 31 8 34 3 0.777778 7 20 8 8 8 24 -15 18 12 8 9 12 68 10 14 
113 5 2 1 0.998035 127 11 27 11 -24 14 -10 14 20 14 15 12 5 12 -34 14 23 12 -13 13 20 11 3 14 34 11 11 13 -13 12 28 11 13 11 17 11 5 12 39 13 18 11 3 13 27 10 22 14 -1 12 -19 12 -38 12 20 13 7 11 -30 9 31 11 38 9 32 10 -19 10 12 10 -23 10 9 10 -27 10 -11 12 21 10 -2 10 5 10 -5 12 -11 11 -36 9 13 9 28 9 15 9 -10 8 19 11 10 7 38 8 16 11 9 9 -9 11 -6 8 -28 9 -13 9 6 9 17 11 3 11 -8 9 -23 8 -20 11 14 8 -11 9 17 8 -23 8 16 7 -38 9 36 7 -31 7 -21 6 -27 8 6 7 31 10 16 7 0 9 -39 8 10 9 -37 7 -6 9 -33 9 -11 5 29 9 -15 6 -12 8 17 8 36 10 2 6 18 7 8 8 -19 6 1 7 14 6 -24 8 -5 8 -8 7 16 8 -7 8 -1 10 -1 7 2 9 26 6 2 5 37 9 -5 6 -39 5 3 5 -2 7 -7 6 6 5 -15 4 28 5 -31 4 15 7 32 6 -7 8 -26 8 16 7 34 8 14 5 31 6 0 6 38 3 39 3 33 1 36 3 0.0305344 1 10 -91 
114 5 3 0 0.485623 38 22 -4 -10 30 -24 -71 -23 -58 -16 39 -10 -55 -16 -22 -18 1 -3 -2 -18 7 -18 -72 -21 -43 -21 3 -14 -43 -6 -14 -12 -13 -13 -45 -9 -53 -12 -41 -17 -66 -14 -68 -12 -52 -13 -14 -11 -10 -7 -35 2 -10 -17 18 -8 -32 -5 -42 -12 -6 -13 -67 -1 -30 -7 -22 -6 -56 -5 -56 -4 -68 -12 -60 -1 6 1 0.0576923 3 -14 -31 17 16 8 -36 3 0.939079 158 30 -24 -36 -67 4 -28 -13 -42 -14 7 -32 -78 -19 18 -37 -32 -9 -90 -42 13 -21 -39 -31 -26 -32 -35 -33 -79 -11 7 -38 48 -29 -33 -5 -83 -8 -81 -10 -31 -36 -44 -43 -31 -21 -21 -15 26 -20 12 -21 -26 -34 36 -10 21 -28 -75 -24 34 -22 -53 -5 10 -26 -30 -28 27 -2 -48 -17 -41 -38 72 -22 32 -9 42 -20 5 -27 -38 -9 4 -2 -4 -2 42 -13 -53 -20 26 -29 36 -14 -22 -41 10 -24 43 -15 39 -41 11 -22 28 -5 56 9 19 -5 54 -6 54 -38 27 -21 42 -33 47 -34 -60 -32 -30 -13 -9 -24 -16 -21 35 -30 -85 -25 -18 -21 7 -13 60 -22 -19 -21 12 -28 -16 -27 -27 -22 17 -37 11 -23 -19 -4 -34 -14 24 -35 24 -23 -4 -16 26 -19 36 -13 33 -25 -26 -32 7 -17 -94 -18 -21 -24 -34 -31 -73 -27 -70 -26 5 -37 65 -2 11 -31 -81 -17 -64 -28 -72 -26 -44 -30 35 -35 7 -15 -47 -27 -10 -20 -42 -22 -82 -8 -22 -28 -20 -1 81 -32 -39 -23 -10 -8 -13 -13 12 -20 -75 -16 -71 -31 -28 -5 -7 -32 -44 -30 43 -19 -59 -27 46 2 -39 -29 -31 -37 -90 -19 -62 11 11 -18 -66 -7 -93 -18 -68 -36 -87 -17 -54 -25 -68 -12 -12 -26 4 -21 2 -37 -59 8 -16 -30 -4 -40 -12 -10 -66 -3 -23 -28 11 -11 -69 -16 -47 -17 0 -24 -95 -35 -36 -9 47 3 -4 -29 -45 4 -29 -7 46 -35 -17 -28 57 -20 -28 -10 24 -15 -66 -8 52 -12 -59 -38 9 -19 50 
115 5 4 0 0.640777 33 -13 -84 1 -77 -1 -77 -17 -77 0 -77 -1 -86 -15 -86 -24 -87 -4 -87 -1 -86 1 -91 -20 -89 -1 -89 10 -88 5 -89 14 -92 -3 -89 -2 67 2 67 1 66 -5 67 5 66 -8 -92 -3 66 -20 -91 -18 -92 11 -89 -1 -88 0 -90 -19 -89 2 -89 -14 -88 0 74 1 0.77821 50 7 -20 7 -14 5 -38 5 24 6 -15 6 24 6 13 5 19 4 -13 5 -23 4 9 2 -24 5 -5 5 17 -15 38 5 -19 4 -6 4 -5 5 -4 4 -3 5 -22 4 -29 4 4 3 -30 6 18 -14 38 1 15 6 13 3 8 1 13 1 14 4 -17 4 22 4 -34 4 18 1 7 3 23 4 -14 5 -22 5 -16 5 -28 3 31 3 35 3 -28 2 37 4 16 5 21 1 33 -2 39 4 -39 2 0.0363636 1 14 -52 3 0.522727 23 -13 -21 -28 -91 -16 -89 -13 11 -29 -82 -1 -6 -15 -29 -9 -53 -8 -86 -29 -62 -31 -32 -1 37 10 -28 -19 -41 -32 -36 -28 -99 -22 -97 -9 36 -10 -31 -14 -98 10 -19 -21 -99 -39 -48 
116 5 3 0 0.447059 57 -22 -13 4 5 -16 -14 0 -66 -4 -70 -2 5 -1 -56 -3 5 -6 9 -3 -58 -6 -20 8 -36 7 -62 10 -25 -2 -57 -2 -61 0 -39 -3 -60 -4 34 0 -56 0 -46 -21 -69 -13 0 3 -24 2 -63 10 -35 3 -6 6 -41 -14 16 -9 -8 2 16 6 -49 -10 -30 -15 -25 -11 -53 -1 -57 -2 -26 -2 -57 -13 -20 3 5 6 4 8 -13 -4 -57 10 -41 7 -1 -6 -73 8 3 -13 -56 -10 -9 4 -3 5 -41 -4 -10 -6 -31 -2 7 1 -34 -5 -59 0 -22 1 0.932624 263 2 -34 1 -34 -3 -32 3 -27 -5 -33 -2 -31 0 -30 2 -20 3 6 0 -27 3 -29 3 -5 5 11 3 -24 3 -19 1 7 -2 -30 -10 -7 -2 -29 4 7 4 20 -14 -33 3 -3 0 -20 -7 -8 3 -17 -1 -17 4 13 -1 -13 3 -4 -1 -32 1 -15 -5 -32 -6 -30 1 12 -13 34 2 26 -12 31 1 -9 -5 -29 5 23 1 -6 1 -2 -1 27 4 22 1 -2 4 -28 -8 -30 -2 7 -14 27 -11 -8 0 -3 -2 18 -12 0 -12 7 3 28 -11 -10 2 9 2 -14 -14 19 -14 34 -5 5 -1 1 -7 9 2 2 4 -6 0 -19 3 20 -4 6 -9 35 -5 21 -8 17 -2 2 -13 28 -1 -2 -13 -27 6 -1 -8 -9 -11 19 -11 15 1 22 -10 26 1 31 0 -8 -14 6 0 -10 2 30 -7 3 -12 -20 -6 -9 -12 -19 -3 -4 3 30 -2 30 -7 -12 2 -15 -10 -31 -12 0 -10 -18 -9 13 -7 -15 -8 22 -14 -10 -1 20 0 17 -1 34 -10 -17 -5 22 -1 2 -1 9 0 -16 0 26 -8 29 -1 22 -14 -28 -6 17 -3 1 1 -16 -10 35 -5 -29 -7 2 -14 1 0 8 -14 18 1 -13 -14 3 -1 -13 -14 16 -11 23 -13 0 -13 -1 -8 10 -13 2 -13 -17 -3 -7 -9 12 -11 22 0 7 -8 0 -9 -13 -4 22 -12 -16 -8 30 -1 19 -14 32 -14 16 -13 -9 -12 33 -1 -3 -1 -16 -2 -13 -1 15 -14 9 0 -25 0 -22 -10 35 -10 -16 -12 26 -1 -23 -1 14 -8 3 0 10 -1 15 -14 -3 -1 -25 -3 3 2 26 -4 33 2 23 -14 -8 -4 26 -10 2 -1 16 -10 2 0 11 -14 -7 -1 17 -9 18 -13 15 -6 -2 -9 32 -11 20 -8 27 3 -15 -11 18 0 -6 -14 -27 -10 33 -8 3 -11 4 -1 9 -4 22 -4 33 -10 -8 -9 32 -9 22 -6 29 -2 -13 -7 20 -11 -24 -8 1 -13 -19 -12 34 -10 -21 -7 31 -10 -9 -9 27 -8 7 -9 -8 -9 -1 -9 35 -3 -25 -2 30 -13 14 -9 -27 -13 1 -9 -3 -11 7 -8 16 -6 8 -3 -8 -9 -8 1 0 -8 15 -5 31 -6 -24 -8 16 -2 -2 -5 10 -2 -13 -6 11 -9 9 -8 -26 -10 -19 -9 -5 -9 -27 -2 8 -12 -4 2 24 -9 12 -2 -18 -3 1 -12 -3 -8 35 -10 13 -4 -17 -8 18 -8 -14 -4 -20 -1 -22 -11 -12 0 27 -3 -2 -6 35 -9 -6 -8 -12 -8 31 -1 -14 -5 18 -2 33 -7 30 -3 32 -6 -3 3 0.191919 19 9 -40 8 -39 1 -82 2 -74 1 -55 19 -34 1 -25 20 -23 -27 -4 18 -41 19 -2 -25 11 20 -29 14 -23 17 -30 16 -1 0 16 14 -12 -3 -53 
117 5 5 0 0.67052 29 -11 -28 -12 -15 -15 -23 2 -46 -14 -33 -1 47 -14 -61 1 -54 7 -21 -1 -59 -5 -55 -4 -37 3 -47 3 -41 4 5 1 -49 1 -43 3 -68 3 -69 -2 -70 3 -70 -8 -71 -5 -74 0 -74 -14 -72 0 -75 0 -74 7 -75 3 -84 1 0.578947 22 -8 -18 -2 -31 -7 -17 -4 -32 -12 -26 -11 -32 -4 -20 -11 -27 6 -35 -10 -32 -7 -21 -7 -24 -7 -35 -6 -27 -5 -18 -1 -34 1 -34 -11 -33 -8 -18 -8 -35 -5 -35 -10 -34 2 0.0449438 1 7 -50 3 0.703297 32 12 -11 13 26 -3 -41 8 -20 -3 35 0 6 -13 36 -15 -3 -16 -42 -11 59 0 20 -16 -57 12 2 4 24 -6 16 5 -30 6 2 -3 -38 -8 -3 -9 17 9 -15 -10 31 9 -34 14 -30 13 -32 5 -10 4 22 -7 -90 -10 -95 1 -99 -12 -92 2 -98 4 0.0869565 2 -21 -43 12 -45 
118 5 2 0 0.0784314 1 -21 -73 3 0.994709 47 7 26 1 31 -15 -10 -15 -26 -35 -7 3 -1 -29 -25 -22 -68 -2 6 -12 -38 -8 14 -10 -27 -9 15 -23 13 -36 -79 -19 -74 -25 13 -19 -23 -25 -37 -34 19 -31 37 -12 -26 -17 10 -20 39 -15 -35 -15 31 -15 13 -15 -8 -30 -56 -14 -48 -9 -18 -13 61 -12 13 -27 -22 -43 38 2 -20 -14 -23 -18 39 -7 39 -10 -40 -2 -33 -4 -13 -24 -25 -34 -89 -18 -72 -6 -37 -2 -27 
119 5 2 0 0.571429 1 -12 -83 3 0.923077 3 7 43 -9 -93 6 -24 
120 5 2 0 0.988235 21 -15 -79 -6 -74 -16 -82 4 -80 12 -80 2 -80 -8 -77 -4 -77 -14 -80 7 -76 -21 -80 4 -82 -2 -82 11 -77 9 -75 6 -75 4 -74 14 -81 -19 -79 5 -75 -4 -7 3 0.16 1 10 -13 
121 5 3 0 0.48 3 -4 2 -9 -81 3 9 1 0.363636 2 -3 0 -1 18 3 0.897959 11 9 -37 -8 -73 4 -63 7 -68 8 2 14 -43 21 -30 24 -12 7 -13 -1 -34 23 -20 
122 5 3 0 0.235294 5 -10 64 -1 63 -6 66 -21 -3 -12 3 1 0.0547945 1 -4 -33 3 0.977099 64 9 27 -1 66 -5 19 -22 63 -41 30 -38 42 -22 -38 -33 -3 -37 -66 -32 -21 -33 -68 -34 -87 -5 -21 -27 -13 -3 62 -32 5 18 -29 -8 62 -11 64 5 -69 -8 66 -22 21 19 -29 5 -91 5 20 15 -14 7 11 -11 67 -42 -12 6 73 -11 21 18 8 14 13 -36 70 5 -13 -15 68 18 -41 -8 28 10 14 15 14 -36 68 9 15 -26 72 14 -62 11 51 -24 72 -37 74 17 -10 -27 26 -23 25 14 51 2 21 -14 75 14 -53 25 3 -5 67 11 62 -8 28 17 21 22 4 -2 30 0 26 -9 76 5 28 
123 5 3 2 0.705882 3 7 -49 7 -53 9 -53 3 0.363636 1 14 61 4 0.8 4 2 -45 -14 -21 -11 -43 -14 -37 
124 5 2 0 0.571429 1 12 50 3 0.923077 3 15 49 -4 -60 36 -24 
125 5 3 0 0.982456 42 1 62 1 52 -14 60 -3 68 -12 63 9 63 4 47 -4 68 10 59 -7 66 -1 48 -7 67 3 58 8 51 1 69 5 55 5 58 9 56 -8 62 -2 66 -7 54 -11 56 -7 68 -14 64 -3 54 -14 63 -11 66 -13 68 -10 63 -12 71 -11 65 -14 64 -10 55 -5 56 -14 56 -7 49 -22 52 -15 65 -23 52 -17 53 -18 55 -15 54 3 0.156863 2 7 -75 -38 -14 4 0.0833333 1 11 -42 
126 5 2 0 0.48 3 -2 68 -11 65 -15 69 3 0.945455 13 16 30 -13 81 -38 -41 -35 10 -11 -37 -23 -39 -38 -26 -35 -38 -33 -16 -42 -10 -36 14 -42 18 -41 25 
127 5 2 1 0.977778 11 -6 -35 -6 -38 -9 -32 -8 -31 -6 -34 -6 -33 -4 -32 -7 -38 -8 -35 -9 -39 -5 -28 3 0.266667 1 1 35 
128 5 4 1 0.421053 2 -7 -38 -4 -39 2 0.823529 7 -3 -52 0 -52 9 -51 -11 -53 5 -53 1 -53 5 -53 3 0.545455 3 -39 -27 -13 28 -16 28 4 0.25 1 3 -45 
129 5 2 3 0.0869565 1 -44 -4 4 0.994083 42 -23 -41 -15 7 -25 2 -23 -28 -25 -25 -19 14 -19 20 -24 -45 -15 28 -15 2 -24 -31 -22 -38 -22 -36 -25 -28 -23 -18 -23 -3 -21 -15 -23 24 -23 29 -18 -22 -21 38 -18 -40 -18 1 -18 -4 -20 9 -19 18 -17 -34 -17 3 -15 21 -19 -10 -20 -15 -20 -20 -20 -18 -22 21 -24 19 -18 30 -23 31 -22 20 -22 13 -22 -31 -23 20 -23 1 
