10 136 0
0 0 -1 20 4 0 15 43 25 4 3 32 -590 
1 1 -1 15 15 1 13 16 44 17 3 32 -4935 
2 1 -1 21 5 15 17 38 38 8 6 32 4082 
3 2 -1 20 18 0 15 40 41 7 4 32 -3157 
4 2 -1 2 3 0 14 32 38 10 8 32 -1517 
5 2 -1 13 19 1 20 35 44 8 2 32 -499 
6 2 -1 11 0 1 5 29 8 9 22 32 -4777 
7 3 0 0 0 0 0 0 0 0 0 0 0 
8 3 -1 5 5 0 16 40 42 5 4 32 -2353 
9 3 -1 6 18 0 0 30 23 0 0 17 8 
10 3 -1 16 15 2 9 32 37 7 5 32 1154 
11 3 -1 46 3 0 0 16 0 0 0 6 -9 
12 3 -1 29 13 0 0 37 46 0 0 0 28 
13 3 -1 19 1 20 14 39 46 2 1 32 11396 
14 3 -1 17 4 1 7 39 25 8 5 32 -893 
15 4 0 0 0 0 0 0 0 0 0 0 0 
16 4 0 0 0 0 0 0 0 0 0 0 0 
17 4 1 0 0 0 0 0 0 0 0 0 0 
18 4 -1 7 9 1 1 33 41 3 1 32 -181 
19 4 -1 16 14 9 9 27 32 12 1 32 7092 
20 4 -1 6 18 4 15 43 33 2 5 32 -837 
21 4 -1 19 4 2 5 46 41 1 1 32 992 
22 4 -1 15 16 0 3 42 27 5 4 32 -2385 
23 4 50 0 0 0 0 0 0 0 0 0 0 
24 4 -1 17 9 0 15 40 27 2 8 32 -759 
25 4 -1 47 26 0 0 13 46 0 0 12 67 
26 4 -1 1 15 2 6 29 23 14 7 32 -60 
27 4 -1 0 8 3 20 14 45 4 2 32 1624 
28 4 -1 1 1 4 16 19 20 8 2 32 2769 
29 4 -1 20 21 16 0 37 42 4 2 32 -214 
30 4 -1 0 19 17 17 32 45 10 2 32 2435 
31 5 0 0 0 0 0 0 0 0 0 0 0 
32 5 0 0 0 0 0 0 0 0 0 0 0 
33 5 0 0 0 0 0 0 0 0 0 0 0 
34 5 0 0 0 0 0 0 0 0 0 0 0 
35 5 0 0 0 0 0 0 0 0 0 0 0 
36 5 0 0 0 0 0 0 0 0 0 0 0 
37 5 -1 2 9 9 0 36 9 10 17 32 -8307 
38 5 14 0 0 0 0 0 0 0 0 0 0 
39 5 -1 46 30 0 0 11 16 0 0 1 8 
40 5 -1 21 5 2 13 30 22 11 16 32 -14818 
41 5 -1 8 17 21 0 46 35 1 5 32 -1026 
42 5 -1 20 22 12 8 45 32 2 12 32 6389 
43 5 -1 23 25 0 0 5 39 0 0 18 -9 
44 5 46 0 0 0 0 0 0 0 0 0 0 
45 5 47 0 0 0 0 0 0 0 0 0 0 
46 5 -1 9 12 0 0 41 38 0 0 1 8 
47 5 0 0 0 0 0 0 0 0 0 0 0 
48 5 0 0 0 0 0 0 0 0 0 0 0 
49 5 -1 1 3 14 10 24 34 11 7 32 -3954 
50 5 -1 0 14 15 10 19 37 2 1 32 1566 
51 5 -1 45 9 0 0 6 38 0 0 16 53 
52 5 -1 4 33 0 0 45 33 0 0 12 -45 
53 5 -1 8 13 6 20 33 39 6 6 32 -303 
54 5 -1 37 6 0 0 14 22 0 0 17 2 
55 5 -1 21 6 5 3 38 25 4 7 32 -429 
56 5 -1 2 17 15 19 37 38 5 7 32 9382 
57 5 -1 3 18 10 18 31 43 13 4 32 4105 
58 5 -1 15 13 0 0 28 1 0 0 16 -5 
59 5 -1 10 20 22 17 45 42 1 5 32 9688 
60 5 131 0 0 0 0 0 0 0 0 0 0 
61 5 132 0 0 0 0 0 0 0 0 0 0 
62 5 -1 1 19 14 2 17 31 9 8 32 -2373 
63 6 0 0 0 0 0 0 0 0 0 0 0 
64 6 0 0 0 0 0 0 0 0 0 0 0 
65 6 0 0 0 0 0 0 0 0 0 0 0 
66 6 0 0 0 0 0 0 0 0 0 0 0 
67 6 0 0 0 0 0 0 0 0 0 0 0 
68 6 0 0 0 0 0 0 0 0 0 0 0 
69 6 0 0 0 0 0 0 0 0 0 0 0 
70 6 0 0 0 0 0 0 0 0 0 0 0 
71 6 0 0 0 0 0 0 0 0 0 0 0 
72 6 0 0 0 0 0 0 0 0 0 0 0 
73 6 0 0 0 0 0 0 0 0 0 0 0 
74 6 0 0 0 0 0 0 0 0 0 0 0 
75 6 -1 1 21 17 10 29 32 4 13 32 11056 
76 6 13 0 0 0 0 0 0 0 0 0 0 
77 6 0 0 0 0 0 0 0 0 0 0 0 
78 6 0 0 0 0 0 0 0 0 0 0 0 
79 6 -1 12 9 9 19 41 42 3 1 32 8572 
80 6 21 0 0 0 0 0 0 0 0 0 0 
81 6 -1 4 3 0 14 33 21 11 4 32 -3992 
82 6 29 0 0 0 0 0 0 0 0 0 0 
83 6 30 0 0 0 0 0 0 0 0 0 0 
84 6 -1 3 6 10 20 38 40 7 6 32 -4498 
85 6 34 0 0 0 0 0 0 0 0 0 0 
86 6 35 0 0 0 0 0 0 0 0 0 0 
87 6 -1 19 11 0 0 43 16 0 0 8 -12 
88 6 -1 24 47 0 0 43 16 0 0 17 -3 
89 6 0 0 0 0 0 0 0 0 0 0 0 
90 6 0 0 0 0 0 0 0 0 0 0 0 
91 6 0 0 0 0 0 0 0 0 0 0 0 
92 6 0 0 0 0 0 0 0 0 0 0 0 
93 6 48 0 0 0 0 0 0 0 0 0 0 
94 6 49 0 0 0 0 0 0 0 0 0 0 
95 6 0 0 0 0 0 0 0 0 0 0 0 
96 6 0 0 0 0 0 0 0 0 0 0 0 
97 6 0 0 0 0 0 0 0 0 0 0 0 
98 6 0 0 0 0 0 0 0 0 0 0 0 
99 6 51 0 0 0 0 0 0 0 0 0 0 
100 6 52 0 0 0 0 0 0 0 0 0 0 
101 6 -1 22 5 0 0 34 23 0 0 14 -49 
102 6 -1 39 28 0 0 18 39 0 0 6 4 
103 6 -1 29 36 0 0 5 34 0 0 0 23 
104 6 -1 10 10 22 17 46 30 1 8 32 -93 
105 6 73 0 0 0 0 0 0 0 0 0 0 
106 6 74 0 0 0 0 0 0 0 0 0 0 
107 6 -1 0 13 4 12 22 41 12 2 32 -516 
108 6 -1 1 20 0 0 36 29 5 5 32 -830 
109 6 -1 9 28 0 0 46 1 0 0 0 25 
110 6 -1 35 25 0 0 35 34 0 0 9 -44 
111 6 -1 16 21 6 0 32 22 7 6 32 -1923 
112 6 100 0 0 0 0 0 0 0 0 0 0 
113 6 -1 4 4 5 18 26 36 9 3 32 2494 
114 6 -1 1 22 1 6 33 33 11 4 32 -1429 
115 6 -1 20 2 8 14 32 19 3 16 32 2427 
116 6 125 0 0 0 0 0 0 0 0 0 0 
117 6 126 0 0 0 0 0 0 0 0 0 0 
118 6 127 0 0 0 0 0 0 0 0 0 0 
119 6 128 0 0 0 0 0 0 0 0 0 0 
120 6 -1 12 11 4 1 23 32 4 10 32 -1243 
121 6 0 0 0 0 0 0 0 0 0 0 0 
122 6 0 0 0 0 0 0 0 0 0 0 0 
123 6 0 0 0 0 0 0 0 0 0 0 0 
124 6 0 0 0 0 0 0 0 0 0 0 0 
125 6 133 0 0 0 0 0 0 0 0 0 0 
126 6 -1 20 1 0 12 20 44 18 3 32 -556 
127 7 0 0 0 0 0 0 0 0 0 0 0 
128 7 0 0 0 0 0 0 0 0 0 0 0 
129 7 0 0 0 0 0 0 0 0 0 0 0 
130 7 0 0 0 0 0 0 0 0 0 0 0 
131 7 0 0 0 0 0 0 0 0 0 0 0 
132 7 0 0 0 0 0 0 0 0 0 0 0 
133 7 0 0 0 0 0 0 0 0 0 0 0 
134 7 0 0 0 0 0 0 0 0 0 0 0 
135 7 0 0 0 0 0 0 0 0 0 0 0 
136 7 0 0 0 0 0 0 0 0 0 0 0 
137 7 0 0 0 0 0 0 0 0 0 0 0 
138 7 0 0 0 0 0 0 0 0 0 0 0 
139 7 0 0 0 0 0 0 0 0 0 0 0 
140 7 0 0 0 0 0 0 0 0 0 0 0 
141 7 0 0 0 0 0 0 0 0 0 0 0 
142 7 0 0 0 0 0 0 0 0 0 0 0 
143 7 0 0 0 0 0 0 0 0 0 0 0 
144 7 0 0 0 0 0 0 0 0 0 0 0 
145 7 0 0 0 0 0 0 0 0 0 0 0 
146 7 0 0 0 0 0 0 0 0 0 0 0 
147 7 0 0 0 0 0 0 0 0 0 0 0 
148 7 0 0 0 0 0 0 0 0 0 0 0 
149 7 0 0 0 0 0 0 0 0 0 0 0 
150 7 0 0 0 0 0 0 0 0 0 0 0 
151 7 -1 4 7 3 6 29 23 14 10 32 -11051 
152 7 -1 19 22 4 8 36 45 9 2 32 1294 
153 7 0 0 0 0 0 0 0 0 0 0 0 
154 7 0 0 0 0 0 0 0 0 0 0 0 
155 7 0 0 0 0 0 0 0 0 0 0 0 
156 7 0 0 0 0 0 0 0 0 0 0 0 
157 7 0 0 0 0 0 0 0 0 0 0 0 
158 7 0 0 0 0 0 0 0 0 0 0 0 
159 7 -1 14 14 0 0 42 31 0 0 18 -23 
160 7 -1 20 26 0 0 20 10 0 0 1 -10 
161 7 0 0 0 0 0 0 0 0 0 0 0 
162 7 0 0 0 0 0 0 0 0 0 0 0 
163 7 22 0 0 0 0 0 0 0 0 0 0 
164 7 -1 37 19 0 0 20 29 0 0 1 -4 
165 7 0 0 0 0 0 0 0 0 0 0 0 
166 7 0 0 0 0 0 0 0 0 0 0 0 
167 7 0 0 0 0 0 0 0 0 0 0 0 
168 7 0 0 0 0 0 0 0 0 0 0 0 
169 7 31 0 0 0 0 0 0 0 0 0 0 
170 7 -1 44 13 0 0 6 44 0 0 16 -35 
171 7 0 0 0 0 0 0 0 0 0 0 0 
172 7 0 0 0 0 0 0 0 0 0 0 0 
173 7 0 0 0 0 0 0 0 0 0 0 0 
174 7 0 0 0 0 0 0 0 0 0 0 0 
175 7 -1 15 40 0 0 45 33 0 0 14 -22 
176 7 -1 40 2 0 0 26 16 0 0 17 14 
177 7 -1 13 4 13 12 46 25 1 12 32 -1973 
178 7 -1 12 1 3 9 39 37 2 7 32 -143 
179 7 0 0 0 0 0 0 0 0 0 0 0 
180 7 0 0 0 0 0 0 0 0 0 0 0 
181 7 0 0 0 0 0 0 0 0 0 0 0 
182 7 0 0 0 0 0 0 0 0 0 0 0 
183 7 0 0 0 0 0 0 0 0 0 0 0 
184 7 0 0 0 0 0 0 0 0 0 0 0 
185 7 0 0 0 0 0 0 0 0 0 0 0 
186 7 0 0 0 0 0 0 0 0 0 0 0 
187 7 0 0 0 0 0 0 0 0 0 0 0 
188 7 0 0 0 0 0 0 0 0 0 0 0 
189 7 0 0 0 0 0 0 0 0 0 0 0 
190 7 0 0 0 0 0 0 0 0 0 0 0 
191 7 0 0 0 0 0 0 0 0 0 0 0 
192 7 0 0 0 0 0 0 0 0 0 0 0 
193 7 0 0 0 0 0 0 0 0 0 0 0 
194 7 0 0 0 0 0 0 0 0 0 0 0 
195 7 0 0 0 0 0 0 0 0 0 0 0 
196 7 0 0 0 0 0 0 0 0 0 0 0 
197 7 0 0 0 0 0 0 0 0 0 0 0 
198 7 0 0 0 0 0 0 0 0 0 0 0 
199 7 0 0 0 0 0 0 0 0 0 0 0 
200 7 0 0 0 0 0 0 0 0 0 0 0 
201 7 0 0 0 0 0 0 0 0 0 0 0 
202 7 0 0 0 0 0 0 0 0 0 0 0 
203 7 -1 30 23 0 0 16 21 0 0 6 62 
204 7 -1 36 24 0 0 21 25 0 0 19 2 
205 7 61 0 0 0 0 0 0 0 0 0 0 
206 7 62 0 0 0 0 0 0 0 0 0 0 
207 7 -1 14 16 2 8 44 30 2 12 32 223 
208 7 -1 17 44 0 0 14 24 0 0 11 57 
209 7 70 0 0 0 0 0 0 0 0 0 0 
210 7 -1 21 9 0 0 37 36 0 0 13 -29 
211 7 0 0 0 0 0 0 0 0 0 0 0 
212 7 0 0 0 0 0 0 0 0 0 0 0 
213 7 0 0 0 0 0 0 0 0 0 0 0 
214 7 0 0 0 0 0 0 0 0 0 0 0 
215 7 75 0 0 0 0 0 0 0 0 0 0 
216 7 76 0 0 0 0 0 0 0 0 0 0 
217 7 -1 11 3 9 15 46 25 1 11 32 -968 
218 7 80 0 0 0 0 0 0 0 0 0 0 
219 7 -1 34 21 0 0 3 1 0 0 0 16 
220 7 -1 9 33 0 0 7 17 0 0 5 2 
221 7 87 0 0 0 0 0 0 0 0 0 0 
222 7 -1 11 0 0 0 41 35 0 0 11 -68 
223 7 -1 7 25 0 0 16 10 0 0 3 -43 
224 7 -1 9 40 0 0 15 8 0 0 1 16 
225 7 0 0 0 0 0 0 0 0 0 0 0 
226 7 0 0 0 0 0 0 0 0 0 0 0 
227 7 -1 10 5 22 2 41 31 4 5 32 264 
228 7 -1 13 3 7 16 41 27 3 20 32 1822 
229 7 -1 7 2 8 0 42 10 3 5 32 -758 
230 7 -1 21 17 2 8 29 38 11 6 32 -1482 
231 7 -1 18 0 18 0 41 17 6 9 32 -2279 
232 7 124 0 0 0 0 0 0 0 0 0 0 
233 7 0 0 0 0 0 0 0 0 0 0 0 
234 7 0 0 0 0 0 0 0 0 0 0 0 
235 7 0 0 0 0 0 0 0 0 0 0 0 
236 7 0 0 0 0 0 0 0 0 0 0 0 
237 7 0 0 0 0 0 0 0 0 0 0 0 
238 7 0 0 0 0 0 0 0 0 0 0 0 
239 7 0 0 0 0 0 0 0 0 0 0 0 
240 7 0 0 0 0 0 0 0 0 0 0 0 
241 7 129 0 0 0 0 0 0 0 0 0 0 
242 7 130 0 0 0 0 0 0 0 0 0 0 
243 7 0 0 0 0 0 0 0 0 0 0 0 
244 7 0 0 0 0 0 0 0 0 0 0 0 
245 7 0 0 0 0 0 0 0 0 0 0 0 
246 7 0 0 0 0 0 0 0 0 0 0 0 
247 7 0 0 0 0 0 0 0 0 0 0 0 
248 7 0 0 0 0 0 0 0 0 0 0 0 
249 7 0 0 0 0 0 0 0 0 0 0 0 
250 7 0 0 0 0 0 0 0 0 0 0 0 
251 7 0 0 0 0 0 0 0 0 0 0 0 
252 7 0 0 0 0 0 0 0 0 0 0 0 
253 7 134 0 0 0 0 0 0 0 0 0 0 
254 7 135 0 0 0 0 0 0 0 0 0 0 
255 8 0 0 0 0 0 0 0 0 0 0 0 
256 8 0 0 0 0 0 0 0 0 0 0 0 
257 8 0 0 0 0 0 0 0 0 0 0 0 
258 8 0 0 0 0 0 0 0 0 0 0 0 
259 8 0 0 0 0 0 0 0 0 0 0 0 
260 8 0 0 0 0 0 0 0 0 0 0 0 
261 8 0 0 0 0 0 0 0 0 0 0 0 
262 8 0 0 0 0 0 0 0 0 0 0 0 
263 8 0 0 0 0 0 0 0 0 0 0 0 
264 8 0 0 0 0 0 0 0 0 0 0 0 
265 8 0 0 0 0 0 0 0 0 0 0 0 
266 8 0 0 0 0 0 0 0 0 0 0 0 
267 8 0 0 0 0 0 0 0 0 0 0 0 
268 8 0 0 0 0 0 0 0 0 0 0 0 
269 8 0 0 0 0 0 0 0 0 0 0 0 
270 8 0 0 0 0 0 0 0 0 0 0 0 
271 8 0 0 0 0 0 0 0 0 0 0 0 
272 8 0 0 0 0 0 0 0 0 0 0 0 
273 8 0 0 0 0 0 0 0 0 0 0 0 
274 8 0 0 0 0 0 0 0 0 0 0 0 
275 8 0 0 0 0 0 0 0 0 0 0 0 
276 8 0 0 0 0 0 0 0 0 0 0 0 
277 8 0 0 0 0 0 0 0 0 0 0 0 
278 8 0 0 0 0 0 0 0 0 0 0 0 
279 8 0 0 0 0 0 0 0 0 0 0 0 
280 8 0 0 0 0 0 0 0 0 0 0 0 
281 8 0 0 0 0 0 0 0 0 0 0 0 
282 8 0 0 0 0 0 0 0 0 0 0 0 
283 8 0 0 0 0 0 0 0 0 0 0 0 
284 8 0 0 0 0 0 0 0 0 0 0 0 
285 8 0 0 0 0 0 0 0 0 0 0 0 
286 8 0 0 0 0 0 0 0 0 0 0 0 
287 8 0 0 0 0 0 0 0 0 0 0 0 
288 8 0 0 0 0 0 0 0 0 0 0 0 
289 8 0 0 0 0 0 0 0 0 0 0 0 
290 8 0 0 0 0 0 0 0 0 0 0 0 
291 8 0 0 0 0 0 0 0 0 0 0 0 
292 8 0 0 0 0 0 0 0 0 0 0 0 
293 8 0 0 0 0 0 0 0 0 0 0 0 
294 8 0 0 0 0 0 0 0 0 0 0 0 
295 8 0 0 0 0 0 0 0 0 0 0 0 
296 8 0 0 0 0 0 0 0 0 0 0 0 
297 8 0 0 0 0 0 0 0 0 0 0 0 
298 8 0 0 0 0 0 0 0 0 0 0 0 
299 8 0 0 0 0 0 0 0 0 0 0 0 
300 8 0 0 0 0 0 0 0 0 0 0 0 
301 8 0 0 0 0 0 0 0 0 0 0 0 
302 8 0 0 0 0 0 0 0 0 0 0 0 
303 8 -1 14 16 0 8 39 27 7 4 32 -2216 
304 8 -1 4 1 4 0 32 44 4 2 32 -751 
305 8 -1 45 6 0 0 31 12 0 0 1 14 
306 8 12 0 0 0 0 0 0 0 0 0 0 
307 8 0 0 0 0 0 0 0 0 0 0 0 
308 8 0 0 0 0 0 0 0 0 0 0 0 
309 8 0 0 0 0 0 0 0 0 0 0 0 
310 8 0 0 0 0 0 0 0 0 0 0 0 
311 8 0 0 0 0 0 0 0 0 0 0 0 
312 8 0 0 0 0 0 0 0 0 0 0 0 
313 8 0 0 0 0 0 0 0 0 0 0 0 
314 8 0 0 0 0 0 0 0 0 0 0 0 
315 8 0 0 0 0 0 0 0 0 0 0 0 
316 8 0 0 0 0 0 0 0 0 0 0 0 
317 8 0 0 0 0 0 0 0 0 0 0 0 
318 8 0 0 0 0 0 0 0 0 0 0 0 
319 8 15 0 0 0 0 0 0 0 0 0 0 
320 8 -1 14 20 0 0 36 22 4 21 32 -8824 
321 8 19 0 0 0 0 0 0 0 0 0 0 
322 8 20 0 0 0 0 0 0 0 0 0 0 
323 8 0 0 0 0 0 0 0 0 0 0 0 
324 8 0 0 0 0 0 0 0 0 0 0 0 
325 8 0 0 0 0 0 0 0 0 0 0 0 
326 8 0 0 0 0 0 0 0 0 0 0 0 
327 8 0 0 0 0 0 0 0 0 0 0 0 
328 8 0 0 0 0 0 0 0 0 0 0 0 
329 8 -1 6 2 12 0 43 23 2 6 32 -1114 
330 8 -1 37 33 0 0 33 42 0 0 18 -7 
331 8 0 0 0 0 0 0 0 0 0 0 0 
332 8 0 0 0 0 0 0 0 0 0 0 0 
333 8 0 0 0 0 0 0 0 0 0 0 0 
334 8 0 0 0 0 0 0 0 0 0 0 0 
335 8 0 0 0 0 0 0 0 0 0 0 0 
336 8 0 0 0 0 0 0 0 0 0 0 0 
337 8 0 0 0 0 0 0 0 0 0 0 0 
338 8 0 0 0 0 0 0 0 0 0 0 0 
339 8 0 0 0 0 0 0 0 0 0 0 0 
340 8 0 0 0 0 0 0 0 0 0 0 0 
341 8 32 0 0 0 0 0 0 0 0 0 0 
342 8 33 0 0 0 0 0 0 0 0 0 0 
343 8 0 0 0 0 0 0 0 0 0 0 0 
344 8 0 0 0 0 0 0 0 0 0 0 0 
345 8 0 0 0 0 0 0 0 0 0 0 0 
346 8 0 0 0 0 0 0 0 0 0 0 0 
347 8 0 0 0 0 0 0 0 0 0 0 0 
348 8 0 0 0 0 0 0 0 0 0 0 0 
349 8 0 0 0 0 0 0 0 0 0 0 0 
350 8 0 0 0 0 0 0 0 0 0 0 0 
351 8 36 0 0 0 0 0 0 0 0 0 0 
352 8 37 0 0 0 0 0 0 0 0 0 0 
353 8 -1 24 7 0 0 30 47 0 0 14 73 
354 8 40 0 0 0 0 0 0 0 0 0 0 
355 8 41 0 0 0 0 0 0 0 0 0 0 
356 8 42 0 0 0 0 0 0 0 0 0 0 
357 8 43 0 0 0 0 0 0 0 0 0 0 
358 8 -1 20 10 20 21 43 43 2 3 32 40450 
359 8 0 0 0 0 0 0 0 0 0 0 0 
360 8 0 0 0 0 0 0 0 0 0 0 0 
361 8 0 0 0 0 0 0 0 0 0 0 0 
362 8 0 0 0 0 0 0 0 0 0 0 0 
363 8 0 0 0 0 0 0 0 0 0 0 0 
364 8 0 0 0 0 0 0 0 0 0 0 0 
365 8 0 0 0 0 0 0 0 0 0 0 0 
366 8 0 0 0 0 0 0 0 0 0 0 0 
367 8 0 0 0 0 0 0 0 0 0 0 0 
368 8 0 0 0 0 0 0 0 0 0 0 0 
369 8 0 0 0 0 0 0 0 0 0 0 0 
370 8 0 0 0 0 0 0 0 0 0 0 0 
371 8 0 0 0 0 0 0 0 0 0 0 0 
372 8 0 0 0 0 0 0 0 0 0 0 0 
373 8 0 0 0 0 0 0 0 0 0 0 0 
374 8 0 0 0 0 0 0 0 0 0 0 0 
375 8 0 0 0 0 0 0 0 0 0 0 0 
376 8 0 0 0 0 0 0 0 0 0 0 0 
377 8 0 0 0 0 0 0 0 0 0 0 0 
378 8 0 0 0 0 0 0 0 0 0 0 0 
379 8 0 0 0 0 0 0 0 0 0 0 0 
380 8 0 0 0 0 0 0 0 0 0 0 0 
381 8 0 0 0 0 0 0 0 0 0 0 0 
382 8 0 0 0 0 0 0 0 0 0 0 0 
383 8 0 0 0 0 0 0 0 0 0 0 0 
384 8 0 0 0 0 0 0 0 0 0 0 0 
385 8 0 0 0 0 0 0 0 0 0 0 0 
386 8 0 0 0 0 0 0 0 0 0 0 0 
387 8 0 0 0 0 0 0 0 0 0 0 0 
388 8 0 0 0 0 0 0 0 0 0 0 0 
389 8 0 0 0 0 0 0 0 0 0 0 0 
390 8 0 0 0 0 0 0 0 0 0 0 0 
391 8 0 0 0 0 0 0 0 0 0 0 0 
392 8 0 0 0 0 0 0 0 0 0 0 0 
393 8 0 0 0 0 0 0 0 0 0 0 0 
394 8 0 0 0 0 0 0 0 0 0 0 0 
395 8 0 0 0 0 0 0 0 0 0 0 0 
396 8 0 0 0 0 0 0 0 0 0 0 0 
397 8 0 0 0 0 0 0 0 0 0 0 0 
398 8 0 0 0 0 0 0 0 0 0 0 0 
399 8 0 0 0 0 0 0 0 0 0 0 0 
400 8 0 0 0 0 0 0 0 0 0 0 0 
401 8 0 0 0 0 0 0 0 0 0 0 0 
402 8 0 0 0 0 0 0 0 0 0 0 0 
403 8 0 0 0 0 0 0 0 0 0 0 0 
404 8 0 0 0 0 0 0 0 0 0 0 0 
405 8 0 0 0 0 0 0 0 0 0 0 0 
406 8 0 0 0 0 0 0 0 0 0 0 0 
407 8 -1 37 25 0 0 4 37 0 0 6 71 
408 8 56 0 0 0 0 0 0 0 0 0 0 
409 8 -1 6 47 0 0 27 18 0 0 6 45 
410 8 60 0 0 0 0 0 0 0 0 0 0 
411 8 0 0 0 0 0 0 0 0 0 0 0 
412 8 0 0 0 0 0 0 0 0 0 0 0 
413 8 0 0 0 0 0 0 0 0 0 0 0 
414 8 0 0 0 0 0 0 0 0 0 0 0 
415 8 -1 23 45 0 0 26 22 0 0 4 65 
416 8 66 0 0 0 0 0 0 0 0 0 0 
417 8 -1 16 17 0 0 45 42 0 0 1 10 
418 8 69 0 0 0 0 0 0 0 0 0 0 
419 8 0 0 0 0 0 0 0 0 0 0 0 
420 8 0 0 0 0 0 0 0 0 0 0 0 
421 8 71 0 0 0 0 0 0 0 0 0 0 
422 8 72 0 0 0 0 0 0 0 0 0 0 
423 8 0 0 0 0 0 0 0 0 0 0 0 
424 8 0 0 0 0 0 0 0 0 0 0 0 
425 8 0 0 0 0 0 0 0 0 0 0 0 
426 8 0 0 0 0 0 0 0 0 0 0 0 
427 8 0 0 0 0 0 0 0 0 0 0 0 
428 8 0 0 0 0 0 0 0 0 0 0 0 
429 8 0 0 0 0 0 0 0 0 0 0 0 
430 8 0 0 0 0 0 0 0 0 0 0 0 
431 8 0 0 0 0 0 0 0 0 0 0 0 
432 8 0 0 0 0 0 0 0 0 0 0 0 
433 8 0 0 0 0 0 0 0 0 0 0 0 
434 8 0 0 0 0 0 0 0 0 0 0 0 
435 8 77 0 0 0 0 0 0 0 0 0 0 
436 8 -1 0 1 0 0 26 22 0 0 10 -58 
437 8 0 0 0 0 0 0 0 0 0 0 0 
438 8 0 0 0 0 0 0 0 0 0 0 0 
439 8 -1 16 9 0 0 10 25 0 0 0 -1 
440 8 84 0 0 0 0 0 0 0 0 0 0 
441 8 85 0 0 0 0 0 0 0 0 0 0 
442 8 86 0 0 0 0 0 0 0 0 0 0 
443 8 0 0 0 0 0 0 0 0 0 0 0 
444 8 0 0 0 0 0 0 0 0 0 0 0 
445 8 88 0 0 0 0 0 0 0 0 0 0 
446 8 89 0 0 0 0 0 0 0 0 0 0 
447 8 90 0 0 0 0 0 0 0 0 0 0 
448 8 -1 0 13 0 0 12 36 0 0 1 -8 
449 8 -1 37 20 0 0 6 33 0 0 1 -10 
450 8 -1 47 13 0 0 1 18 0 0 18 -17 
451 8 0 0 0 0 0 0 0 0 0 0 0 
452 8 0 0 0 0 0 0 0 0 0 0 0 
453 8 0 0 0 0 0 0 0 0 0 0 0 
454 8 0 0 0 0 0 0 0 0 0 0 0 
455 8 101 0 0 0 0 0 0 0 0 0 0 
456 8 102 0 0 0 0 0 0 0 0 0 0 
457 8 -1 6 2 12 20 21 34 24 9 32 972 
458 8 -1 2 0 0 20 4 39 2 4 32 -216 
459 8 109 0 0 0 0 0 0 0 0 0 0 
460 8 -1 9 2 12 8 42 13 5 30 32 -2824 
461 8 -1 5 16 17 0 43 19 4 3 32 -405 
462 8 -1 20 14 13 1 45 15 2 23 32 -945 
463 8 121 0 0 0 0 0 0 0 0 0 0 
464 8 -1 15 13 0 0 45 22 0 0 14 6 
465 8 0 0 0 0 0 0 0 0 0 0 0 
466 8 0 0 0 0 0 0 0 0 0 0 0 
467 8 0 0 0 0 0 0 0 0 0 0 0 
468 8 0 0 0 0 0 0 0 0 0 0 0 
469 8 0 0 0 0 0 0 0 0 0 0 0 
470 8 0 0 0 0 0 0 0 0 0 0 0 
471 8 0 0 0 0 0 0 0 0 0 0 0 
472 8 0 0 0 0 0 0 0 0 0 0 0 
473 8 0 0 0 0 0 0 0 0 0 0 0 
474 8 0 0 0 0 0 0 0 0 0 0 0 
475 8 0 0 0 0 0 0 0 0 0 0 0 
476 8 0 0 0 0 0 0 0 0 0 0 0 
477 8 0 0 0 0 0 0 0 0 0 0 0 
478 8 0 0 0 0 0 0 0 0 0 0 0 
479 8 0 0 0 0 0 0 0 0 0 0 0 
480 8 0 0 0 0 0 0 0 0 0 0 0 
481 8 0 0 0 0 0 0 0 0 0 0 0 
482 8 0 0 0 0 0 0 0 0 0 0 0 
483 8 0 0 0 0 0 0 0 0 0 0 0 
484 8 0 0 0 0 0 0 0 0 0 0 0 
485 8 0 0 0 0 0 0 0 0 0 0 0 
486 8 0 0 0 0 0 0 0 0 0 0 0 
487 8 0 0 0 0 0 0 0 0 0 0 0 
488 8 0 0 0 0 0 0 0 0 0 0 0 
489 8 0 0 0 0 0 0 0 0 0 0 0 
490 8 0 0 0 0 0 0 0 0 0 0 0 
491 8 0 0 0 0 0 0 0 0 0 0 0 
492 8 0 0 0 0 0 0 0 0 0 0 0 
493 8 0 0 0 0 0 0 0 0 0 0 0 
494 8 0 0 0 0 0 0 0 0 0 0 0 
495 8 0 0 0 0 0 0 0 0 0 0 0 
496 8 0 0 0 0 0 0 0 0 0 0 0 
497 8 0 0 0 0 0 0 0 0 0 0 0 
498 8 0 0 0 0 0 0 0 0 0 0 0 
499 8 0 0 0 0 0 0 0 0 0 0 0 
500 8 0 0 0 0 0 0 0 0 0 0 0 
501 8 0 0 0 0 0 0 0 0 0 0 0 
502 8 0 0 0 0 0 0 0 0 0 0 0 
503 8 0 0 0 0 0 0 0 0 0 0 0 
504 8 0 0 0 0 0 0 0 0 0 0 0 
505 8 0 0 0 0 0 0 0 0 0 0 0 
506 8 0 0 0 0 0 0 0 0 0 0 0 
507 8 0 0 0 0 0 0 0 0 0 0 0 
508 8 0 0 0 0 0 0 0 0 0 0 0 
509 8 0 0 0 0 0 0 0 0 0 0 0 
510 8 0 0 0 0 0 0 0 0 0 0 0 
511 9 0 0 0 0 0 0 0 0 0 0 0 
512 9 0 0 0 0 0 0 0 0 0 0 0 
513 9 0 0 0 0 0 0 0 0 0 0 0 
514 9 0 0 0 0 0 0 0 0 0 0 0 
515 9 0 0 0 0 0 0 0 0 0 0 0 
516 9 0 0 0 0 0 0 0 0 0 0 0 
517 9 0 0 0 0 0 0 0 0 0 0 0 
518 9 0 0 0 0 0 0 0 0 0 0 0 
519 9 0 0 0 0 0 0 0 0 0 0 0 
520 9 0 0 0 0 0 0 0 0 0 0 0 
521 9 0 0 0 0 0 0 0 0 0 0 0 
522 9 0 0 0 0 0 0 0 0 0 0 0 
523 9 0 0 0 0 0 0 0 0 0 0 0 
524 9 0 0 0 0 0 0 0 0 0 0 0 
525 9 0 0 0 0 0 0 0 0 0 0 0 
526 9 0 0 0 0 0 0 0 0 0 0 0 
527 9 0 0 0 0 0 0 0 0 0 0 0 
528 9 0 0 0 0 0 0 0 0 0 0 0 
529 9 0 0 0 0 0 0 0 0 0 0 0 
530 9 0 0 0 0 0 0 0 0 0 0 0 
531 9 0 0 0 0 0 0 0 0 0 0 0 
532 9 0 0 0 0 0 0 0 0 0 0 0 
533 9 0 0 0 0 0 0 0 0 0 0 0 
534 9 0 0 0 0 0 0 0 0 0 0 0 
535 9 0 0 0 0 0 0 0 0 0 0 0 
536 9 0 0 0 0 0 0 0 0 0 0 0 
537 9 0 0 0 0 0 0 0 0 0 0 0 
538 9 0 0 0 0 0 0 0 0 0 0 0 
539 9 0 0 0 0 0 0 0 0 0 0 0 
540 9 0 0 0 0 0 0 0 0 0 0 0 
541 9 0 0 0 0 0 0 0 0 0 0 0 
542 9 0 0 0 0 0 0 0 0 0 0 0 
543 9 0 0 0 0 0 0 0 0 0 0 0 
544 9 0 0 0 0 0 0 0 0 0 0 0 
545 9 0 0 0 0 0 0 0 0 0 0 0 
546 9 0 0 0 0 0 0 0 0 0 0 0 
547 9 0 0 0 0 0 0 0 0 0 0 0 
548 9 0 0 0 0 0 0 0 0 0 0 0 
549 9 0 0 0 0 0 0 0 0 0 0 0 
550 9 0 0 0 0 0 0 0 0 0 0 0 
551 9 0 0 0 0 0 0 0 0 0 0 0 
552 9 0 0 0 0 0 0 0 0 0 0 0 
553 9 0 0 0 0 0 0 0 0 0 0 0 
554 9 0 0 0 0 0 0 0 0 0 0 0 
555 9 0 0 0 0 0 0 0 0 0 0 0 
556 9 0 0 0 0 0 0 0 0 0 0 0 
557 9 0 0 0 0 0 0 0 0 0 0 0 
558 9 0 0 0 0 0 0 0 0 0 0 0 
559 9 0 0 0 0 0 0 0 0 0 0 0 
560 9 0 0 0 0 0 0 0 0 0 0 0 
561 9 0 0 0 0 0 0 0 0 0 0 0 
562 9 0 0 0 0 0 0 0 0 0 0 0 
563 9 0 0 0 0 0 0 0 0 0 0 0 
564 9 0 0 0 0 0 0 0 0 0 0 0 
565 9 0 0 0 0 0 0 0 0 0 0 0 
566 9 0 0 0 0 0 0 0 0 0 0 0 
567 9 0 0 0 0 0 0 0 0 0 0 0 
568 9 0 0 0 0 0 0 0 0 0 0 0 
569 9 0 0 0 0 0 0 0 0 0 0 0 
570 9 0 0 0 0 0 0 0 0 0 0 0 
571 9 0 0 0 0 0 0 0 0 0 0 0 
572 9 0 0 0 0 0 0 0 0 0 0 0 
573 9 0 0 0 0 0 0 0 0 0 0 0 
574 9 0 0 0 0 0 0 0 0 0 0 0 
575 9 0 0 0 0 0 0 0 0 0 0 0 
576 9 0 0 0 0 0 0 0 0 0 0 0 
577 9 0 0 0 0 0 0 0 0 0 0 0 
578 9 0 0 0 0 0 0 0 0 0 0 0 
579 9 0 0 0 0 0 0 0 0 0 0 0 
580 9 0 0 0 0 0 0 0 0 0 0 0 
581 9 0 0 0 0 0 0 0 0 0 0 0 
582 9 0 0 0 0 0 0 0 0 0 0 0 
583 9 0 0 0 0 0 0 0 0 0 0 0 
584 9 0 0 0 0 0 0 0 0 0 0 0 
585 9 0 0 0 0 0 0 0 0 0 0 0 
586 9 0 0 0 0 0 0 0 0 0 0 0 
587 9 0 0 0 0 0 0 0 0 0 0 0 
588 9 0 0 0 0 0 0 0 0 0 0 0 
589 9 0 0 0 0 0 0 0 0 0 0 0 
590 9 0 0 0 0 0 0 0 0 0 0 0 
591 9 0 0 0 0 0 0 0 0 0 0 0 
592 9 0 0 0 0 0 0 0 0 0 0 0 
593 9 0 0 0 0 0 0 0 0 0 0 0 
594 9 0 0 0 0 0 0 0 0 0 0 0 
595 9 0 0 0 0 0 0 0 0 0 0 0 
596 9 0 0 0 0 0 0 0 0 0 0 0 
597 9 0 0 0 0 0 0 0 0 0 0 0 
598 9 0 0 0 0 0 0 0 0 0 0 0 
599 9 0 0 0 0 0 0 0 0 0 0 0 
600 9 0 0 0 0 0 0 0 0 0 0 0 
601 9 0 0 0 0 0 0 0 0 0 0 0 
602 9 0 0 0 0 0 0 0 0 0 0 0 
603 9 0 0 0 0 0 0 0 0 0 0 0 
604 9 0 0 0 0 0 0 0 0 0 0 0 
605 9 0 0 0 0 0 0 0 0 0 0 0 
606 9 0 0 0 0 0 0 0 0 0 0 0 
607 9 -1 2 20 13 16 19 43 16 1 32 20573 
608 9 -1 11 22 2 22 21 45 14 2 32 1722 
609 9 6 0 0 0 0 0 0 0 0 0 0 
610 9 -1 21 0 21 6 46 43 1 2 32 11189 
611 9 -1 26 4 0 0 47 39 0 0 19 1 
612 9 11 0 0 0 0 0 0 0 0 0 0 
613 9 0 0 0 0 0 0 0 0 0 0 0 
614 9 0 0 0 0 0 0 0 0 0 0 0 
615 9 0 0 0 0 0 0 0 0 0 0 0 
616 9 0 0 0 0 0 0 0 0 0 0 0 
617 9 0 0 0 0 0 0 0 0 0 0 0 
618 9 0 0 0 0 0 0 0 0 0 0 0 
619 9 0 0 0 0 0 0 0 0 0 0 0 
620 9 0 0 0 0 0 0 0 0 0 0 0 
621 9 0 0 0 0 0 0 0 0 0 0 0 
622 9 0 0 0 0 0 0 0 0 0 0 0 
623 9 0 0 0 0 0 0 0 0 0 0 0 
624 9 0 0 0 0 0 0 0 0 0 0 0 
625 9 0 0 0 0 0 0 0 0 0 0 0 
626 9 0 0 0 0 0 0 0 0 0 0 0 
627 9 0 0 0 0 0 0 0 0 0 0 0 
628 9 0 0 0 0 0 0 0 0 0 0 0 
629 9 0 0 0 0 0 0 0 0 0 0 0 
630 9 0 0 0 0 0 0 0 0 0 0 0 
631 9 0 0 0 0 0 0 0 0 0 0 0 
632 9 0 0 0 0 0 0 0 0 0 0 0 
633 9 0 0 0 0 0 0 0 0 0 0 0 
634 9 0 0 0 0 0 0 0 0 0 0 0 
635 9 0 0 0 0 0 0 0 0 0 0 0 
636 9 0 0 0 0 0 0 0 0 0 0 0 
637 9 0 0 0 0 0 0 0 0 0 0 0 
638 9 0 0 0 0 0 0 0 0 0 0 0 
639 9 0 0 0 0 0 0 0 0 0 0 0 
640 9 0 0 0 0 0 0 0 0 0 0 0 
641 9 16 0 0 0 0 0 0 0 0 0 0 
642 9 -1 19 35 0 0 37 6 0 0 18 -25 
643 9 0 0 0 0 0 0 0 0 0 0 0 
644 9 0 0 0 0 0 0 0 0 0 0 0 
645 9 0 0 0 0 0 0 0 0 0 0 0 
646 9 0 0 0 0 0 0 0 0 0 0 0 
647 9 0 0 0 0 0 0 0 0 0 0 0 
648 9 0 0 0 0 0 0 0 0 0 0 0 
649 9 0 0 0 0 0 0 0 0 0 0 0 
650 9 0 0 0 0 0 0 0 0 0 0 0 
651 9 0 0 0 0 0 0 0 0 0 0 0 
652 9 0 0 0 0 0 0 0 0 0 0 0 
653 9 0 0 0 0 0 0 0 0 0 0 0 
654 9 0 0 0 0 0 0 0 0 0 0 0 
655 9 0 0 0 0 0 0 0 0 0 0 0 
656 9 0 0 0 0 0 0 0 0 0 0 0 
657 9 0 0 0 0 0 0 0 0 0 0 0 
658 9 0 0 0 0 0 0 0 0 0 0 0 
659 9 -1 28 5 0 0 24 31 0 0 12 8 
660 9 25 0 0 0 0 0 0 0 0 0 0 
661 9 26 0 0 0 0 0 0 0 0 0 0 
662 9 -1 14 15 0 13 25 36 4 2 32 -734 
663 9 0 0 0 0 0 0 0 0 0 0 0 
664 9 0 0 0 0 0 0 0 0 0 0 0 
665 9 0 0 0 0 0 0 0 0 0 0 0 
666 9 0 0 0 0 0 0 0 0 0 0 0 
667 9 0 0 0 0 0 0 0 0 0 0 0 
668 9 0 0 0 0 0 0 0 0 0 0 0 
669 9 0 0 0 0 0 0 0 0 0 0 0 
670 9 0 0 0 0 0 0 0 0 0 0 0 
671 9 0 0 0 0 0 0 0 0 0 0 0 
672 9 0 0 0 0 0 0 0 0 0 0 0 
673 9 0 0 0 0 0 0 0 0 0 0 0 
674 9 0 0 0 0 0 0 0 0 0 0 0 
675 9 0 0 0 0 0 0 0 0 0 0 0 
676 9 0 0 0 0 0 0 0 0 0 0 0 
677 9 0 0 0 0 0 0 0 0 0 0 0 
678 9 0 0 0 0 0 0 0 0 0 0 0 
679 9 0 0 0 0 0 0 0 0 0 0 0 
680 9 0 0 0 0 0 0 0 0 0 0 0 
681 9 0 0 0 0 0 0 0 0 0 0 0 
682 9 0 0 0 0 0 0 0 0 0 0 0 
683 9 0 0 0 0 0 0 0 0 0 0 0 
684 9 0 0 0 0 0 0 0 0 0 0 0 
685 9 0 0 0 0 0 0 0 0 0 0 0 
686 9 0 0 0 0 0 0 0 0 0 0 0 
687 9 0 0 0 0 0 0 0 0 0 0 0 
688 9 0 0 0 0 0 0 0 0 0 0 0 
689 9 0 0 0 0 0 0 0 0 0 0 0 
690 9 0 0 0 0 0 0 0 0 0 0 0 
691 9 0 0 0 0 0 0 0 0 0 0 0 
692 9 0 0 0 0 0 0 0 0 0 0 0 
693 9 0 0 0 0 0 0 0 0 0 0 0 
694 9 0 0 0 0 0 0 0 0 0 0 0 
695 9 0 0 0 0 0 0 0 0 0 0 0 
696 9 0 0 0 0 0 0 0 0 0 0 0 
697 9 0 0 0 0 0 0 0 0 0 0 0 
698 9 0 0 0 0 0 0 0 0 0 0 0 
699 9 0 0 0 0 0 0 0 0 0 0 0 
700 9 0 0 0 0 0 0 0 0 0 0 0 
701 9 0 0 0 0 0 0 0 0 0 0 0 
702 9 0 0 0 0 0 0 0 0 0 0 0 
703 9 0 0 0 0 0 0 0 0 0 0 0 
704 9 0 0 0 0 0 0 0 0 0 0 0 
705 9 0 0 0 0 0 0 0 0 0 0 0 
706 9 0 0 0 0 0 0 0 0 0 0 0 
707 9 38 0 0 0 0 0 0 0 0 0 0 
708 9 39 0 0 0 0 0 0 0 0 0 0 
709 9 0 0 0 0 0 0 0 0 0 0 0 
710 9 0 0 0 0 0 0 0 0 0 0 0 
711 9 0 0 0 0 0 0 0 0 0 0 0 
712 9 0 0 0 0 0 0 0 0 0 0 0 
713 9 0 0 0 0 0 0 0 0 0 0 0 
714 9 0 0 0 0 0 0 0 0 0 0 0 
715 9 0 0 0 0 0 0 0 0 0 0 0 
716 9 0 0 0 0 0 0 0 0 0 0 0 
717 9 44 0 0 0 0 0 0 0 0 0 0 
718 9 45 0 0 0 0 0 0 0 0 0 0 
719 9 0 0 0 0 0 0 0 0 0 0 0 
720 9 0 0 0 0 0 0 0 0 0 0 0 
721 9 0 0 0 0 0 0 0 0 0 0 0 
722 9 0 0 0 0 0 0 0 0 0 0 0 
723 9 0 0 0 0 0 0 0 0 0 0 0 
724 9 0 0 0 0 0 0 0 0 0 0 0 
725 9 0 0 0 0 0 0 0 0 0 0 0 
726 9 0 0 0 0 0 0 0 0 0 0 0 
727 9 0 0 0 0 0 0 0 0 0 0 0 
728 9 0 0 0 0 0 0 0 0 0 0 0 
729 9 0 0 0 0 0 0 0 0 0 0 0 
730 9 0 0 0 0 0 0 0 0 0 0 0 
731 9 0 0 0 0 0 0 0 0 0 0 0 
732 9 0 0 0 0 0 0 0 0 0 0 0 
733 9 0 0 0 0 0 0 0 0 0 0 0 
734 9 0 0 0 0 0 0 0 0 0 0 0 
735 9 0 0 0 0 0 0 0 0 0 0 0 
736 9 0 0 0 0 0 0 0 0 0 0 0 
737 9 0 0 0 0 0 0 0 0 0 0 0 
738 9 0 0 0 0 0 0 0 0 0 0 0 
739 9 0 0 0 0 0 0 0 0 0 0 0 
740 9 0 0 0 0 0 0 0 0 0 0 0 
741 9 0 0 0 0 0 0 0 0 0 0 0 
742 9 0 0 0 0 0 0 0 0 0 0 0 
743 9 0 0 0 0 0 0 0 0 0 0 0 
744 9 0 0 0 0 0 0 0 0 0 0 0 
745 9 0 0 0 0 0 0 0 0 0 0 0 
746 9 0 0 0 0 0 0 0 0 0 0 0 
747 9 0 0 0 0 0 0 0 0 0 0 0 
748 9 0 0 0 0 0 0 0 0 0 0 0 
749 9 0 0 0 0 0 0 0 0 0 0 0 
750 9 0 0 0 0 0 0 0 0 0 0 0 
751 9 0 0 0 0 0 0 0 0 0 0 0 
752 9 0 0 0 0 0 0 0 0 0 0 0 
753 9 0 0 0 0 0 0 0 0 0 0 0 
754 9 0 0 0 0 0 0 0 0 0 0 0 
755 9 0 0 0 0 0 0 0 0 0 0 0 
756 9 0 0 0 0 0 0 0 0 0 0 0 
757 9 0 0 0 0 0 0 0 0 0 0 0 
758 9 0 0 0 0 0 0 0 0 0 0 0 
759 9 0 0 0 0 0 0 0 0 0 0 0 
760 9 0 0 0 0 0 0 0 0 0 0 0 
761 9 0 0 0 0 0 0 0 0 0 0 0 
762 9 0 0 0 0 0 0 0 0 0 0 0 
763 9 0 0 0 0 0 0 0 0 0 0 0 
764 9 0 0 0 0 0 0 0 0 0 0 0 
765 9 0 0 0 0 0 0 0 0 0 0 0 
766 9 0 0 0 0 0 0 0 0 0 0 0 
767 9 0 0 0 0 0 0 0 0 0 0 0 
768 9 0 0 0 0 0 0 0 0 0 0 0 
769 9 0 0 0 0 0 0 0 0 0 0 0 
770 9 0 0 0 0 0 0 0 0 0 0 0 
771 9 0 0 0 0 0 0 0 0 0 0 0 
772 9 0 0 0 0 0 0 0 0 0 0 0 
773 9 0 0 0 0 0 0 0 0 0 0 0 
774 9 0 0 0 0 0 0 0 0 0 0 0 
775 9 0 0 0 0 0 0 0 0 0 0 0 
776 9 0 0 0 0 0 0 0 0 0 0 0 
777 9 0 0 0 0 0 0 0 0 0 0 0 
778 9 0 0 0 0 0 0 0 0 0 0 0 
779 9 0 0 0 0 0 0 0 0 0 0 0 
780 9 0 0 0 0 0 0 0 0 0 0 0 
781 9 0 0 0 0 0 0 0 0 0 0 0 
782 9 0 0 0 0 0 0 0 0 0 0 0 
783 9 0 0 0 0 0 0 0 0 0 0 0 
784 9 0 0 0 0 0 0 0 0 0 0 0 
785 9 0 0 0 0 0 0 0 0 0 0 0 
786 9 0 0 0 0 0 0 0 0 0 0 0 
787 9 0 0 0 0 0 0 0 0 0 0 0 
788 9 0 0 0 0 0 0 0 0 0 0 0 
789 9 0 0 0 0 0 0 0 0 0 0 0 
790 9 0 0 0 0 0 0 0 0 0 0 0 
791 9 0 0 0 0 0 0 0 0 0 0 0 
792 9 0 0 0 0 0 0 0 0 0 0 0 
793 9 0 0 0 0 0 0 0 0 0 0 0 
794 9 0 0 0 0 0 0 0 0 0 0 0 
795 9 0 0 0 0 0 0 0 0 0 0 0 
796 9 0 0 0 0 0 0 0 0 0 0 0 
797 9 0 0 0 0 0 0 0 0 0 0 0 
798 9 0 0 0 0 0 0 0 0 0 0 0 
799 9 0 0 0 0 0 0 0 0 0 0 0 
800 9 0 0 0 0 0 0 0 0 0 0 0 
801 9 0 0 0 0 0 0 0 0 0 0 0 
802 9 0 0 0 0 0 0 0 0 0 0 0 
803 9 0 0 0 0 0 0 0 0 0 0 0 
804 9 0 0 0 0 0 0 0 0 0 0 0 
805 9 0 0 0 0 0 0 0 0 0 0 0 
806 9 0 0 0 0 0 0 0 0 0 0 0 
807 9 0 0 0 0 0 0 0 0 0 0 0 
808 9 0 0 0 0 0 0 0 0 0 0 0 
809 9 0 0 0 0 0 0 0 0 0 0 0 
810 9 0 0 0 0 0 0 0 0 0 0 0 
811 9 0 0 0 0 0 0 0 0 0 0 0 
812 9 0 0 0 0 0 0 0 0 0 0 0 
813 9 0 0 0 0 0 0 0 0 0 0 0 
814 9 0 0 0 0 0 0 0 0 0 0 0 
815 9 -1 10 2 0 0 2 29 0 0 16 1 
816 9 55 0 0 0 0 0 0 0 0 0 0 
817 9 0 0 0 0 0 0 0 0 0 0 0 
818 9 0 0 0 0 0 0 0 0 0 0 0 
819 9 -1 0 11 14 0 23 37 13 9 32 -121 
820 9 59 0 0 0 0 0 0 0 0 0 0 
821 9 0 0 0 0 0 0 0 0 0 0 0 
822 9 0 0 0 0 0 0 0 0 0 0 0 
823 9 0 0 0 0 0 0 0 0 0 0 0 
824 9 0 0 0 0 0 0 0 0 0 0 0 
825 9 0 0 0 0 0 0 0 0 0 0 0 
826 9 0 0 0 0 0 0 0 0 0 0 0 
827 9 0 0 0 0 0 0 0 0 0 0 0 
828 9 0 0 0 0 0 0 0 0 0 0 0 
829 9 0 0 0 0 0 0 0 0 0 0 0 
830 9 0 0 0 0 0 0 0 0 0 0 0 
831 9 -1 18 15 0 0 46 4 0 0 3 -25 
832 9 65 0 0 0 0 0 0 0 0 0 0 
833 9 0 0 0 0 0 0 0 0 0 0 0 
834 9 0 0 0 0 0 0 0 0 0 0 0 
835 9 67 0 0 0 0 0 0 0 0 0 0 
836 9 68 0 0 0 0 0 0 0 0 0 0 
837 9 0 0 0 0 0 0 0 0 0 0 0 
838 9 0 0 0 0 0 0 0 0 0 0 0 
839 9 0 0 0 0 0 0 0 0 0 0 0 
840 9 0 0 0 0 0 0 0 0 0 0 0 
841 9 0 0 0 0 0 0 0 0 0 0 0 
842 9 0 0 0 0 0 0 0 0 0 0 0 
843 9 0 0 0 0 0 0 0 0 0 0 0 
844 9 0 0 0 0 0 0 0 0 0 0 0 
845 9 0 0 0 0 0 0 0 0 0 0 0 
846 9 0 0 0 0 0 0 0 0 0 0 0 
847 9 0 0 0 0 0 0 0 0 0 0 0 
848 9 0 0 0 0 0 0 0 0 0 0 0 
849 9 0 0 0 0 0 0 0 0 0 0 0 
850 9 0 0 0 0 0 0 0 0 0 0 0 
851 9 0 0 0 0 0 0 0 0 0 0 0 
852 9 0 0 0 0 0 0 0 0 0 0 0 
853 9 0 0 0 0 0 0 0 0 0 0 0 
854 9 0 0 0 0 0 0 0 0 0 0 0 
855 9 0 0 0 0 0 0 0 0 0 0 0 
856 9 0 0 0 0 0 0 0 0 0 0 0 
857 9 0 0 0 0 0 0 0 0 0 0 0 
858 9 0 0 0 0 0 0 0 0 0 0 0 
859 9 0 0 0 0 0 0 0 0 0 0 0 
860 9 0 0 0 0 0 0 0 0 0 0 0 
861 9 0 0 0 0 0 0 0 0 0 0 0 
862 9 0 0 0 0 0 0 0 0 0 0 0 
863 9 0 0 0 0 0 0 0 0 0 0 0 
864 9 0 0 0 0 0 0 0 0 0 0 0 
865 9 0 0 0 0 0 0 0 0 0 0 0 
866 9 0 0 0 0 0 0 0 0 0 0 0 
867 9 0 0 0 0 0 0 0 0 0 0 0 
868 9 0 0 0 0 0 0 0 0 0 0 0 
869 9 0 0 0 0 0 0 0 0 0 0 0 
870 9 0 0 0 0 0 0 0 0 0 0 0 
871 9 0 0 0 0 0 0 0 0 0 0 0 
872 9 0 0 0 0 0 0 0 0 0 0 0 
873 9 78 0 0 0 0 0 0 0 0 0 0 
874 9 79 0 0 0 0 0 0 0 0 0 0 
875 9 0 0 0 0 0 0 0 0 0 0 0 
876 9 0 0 0 0 0 0 0 0 0 0 0 
877 9 0 0 0 0 0 0 0 0 0 0 0 
878 9 0 0 0 0 0 0 0 0 0 0 0 
879 9 81 0 0 0 0 0 0 0 0 0 0 
880 9 -1 3 39 0 0 27 4 0 0 0 -36 
881 9 0 0 0 0 0 0 0 0 0 0 0 
882 9 0 0 0 0 0 0 0 0 0 0 0 
883 9 0 0 0 0 0 0 0 0 0 0 0 
884 9 0 0 0 0 0 0 0 0 0 0 0 
885 9 0 0 0 0 0 0 0 0 0 0 0 
886 9 0 0 0 0 0 0 0 0 0 0 0 
887 9 0 0 0 0 0 0 0 0 0 0 0 
888 9 0 0 0 0 0 0 0 0 0 0 0 
889 9 0 0 0 0 0 0 0 0 0 0 0 
890 9 0 0 0 0 0 0 0 0 0 0 0 
891 9 0 0 0 0 0 0 0 0 0 0 0 
892 9 0 0 0 0 0 0 0 0 0 0 0 
893 9 0 0 0 0 0 0 0 0 0 0 0 
894 9 0 0 0 0 0 0 0 0 0 0 0 
895 9 0 0 0 0 0 0 0 0 0 0 0 
896 9 0 0 0 0 0 0 0 0 0 0 0 
897 9 91 0 0 0 0 0 0 0 0 0 0 
898 9 92 0 0 0 0 0 0 0 0 0 0 
899 9 -1 3 7 19 0 25 25 4 2 32 -311 
900 9 -1 34 40 0 0 3 2 0 0 18 -26 
901 9 97 0 0 0 0 0 0 0 0 0 0 
902 9 -1 2 2 20 0 35 34 9 2 32 -550 
903 9 0 0 0 0 0 0 0 0 0 0 0 
904 9 0 0 0 0 0 0 0 0 0 0 0 
905 9 0 0 0 0 0 0 0 0 0 0 0 
906 9 0 0 0 0 0 0 0 0 0 0 0 
907 9 0 0 0 0 0 0 0 0 0 0 0 
908 9 0 0 0 0 0 0 0 0 0 0 0 
909 9 0 0 0 0 0 0 0 0 0 0 0 
910 9 0 0 0 0 0 0 0 0 0 0 0 
911 9 0 0 0 0 0 0 0 0 0 0 0 
912 9 0 0 0 0 0 0 0 0 0 0 0 
913 9 0 0 0 0 0 0 0 0 0 0 0 
914 9 0 0 0 0 0 0 0 0 0 0 0 
915 9 -1 22 4 14 22 43 37 1 10 32 11194 
916 9 105 0 0 0 0 0 0 0 0 0 0 
917 9 -1 8 13 13 9 40 33 5 7 32 2808 
918 9 108 0 0 0 0 0 0 0 0 0 0 
919 9 0 0 0 0 0 0 0 0 0 0 0 
920 9 0 0 0 0 0 0 0 0 0 0 0 
921 9 -1 1 10 6 1 11 20 1 27 32 165 
922 9 -1 15 1 1 9 21 15 12 32 32 -13420 
923 9 -1 43 5 0 0 14 2 0 0 0 23 
924 9 -1 9 9 8 22 23 35 22 7 32 1486 
925 9 -1 1 37 0 0 26 47 0 0 17 32 
926 9 120 0 0 0 0 0 0 0 0 0 0 
927 9 0 0 0 0 0 0 0 0 0 0 0 
928 9 0 0 0 0 0 0 0 0 0 0 0 
929 9 122 0 0 0 0 0 0 0 0 0 0 
930 9 123 0 0 0 0 0 0 0 0 0 0 
931 9 0 0 0 0 0 0 0 0 0 0 0 
932 9 0 0 0 0 0 0 0 0 0 0 0 
933 9 0 0 0 0 0 0 0 0 0 0 0 
934 9 0 0 0 0 0 0 0 0 0 0 0 
935 9 0 0 0 0 0 0 0 0 0 0 0 
936 9 0 0 0 0 0 0 0 0 0 0 0 
937 9 0 0 0 0 0 0 0 0 0 0 0 
938 9 0 0 0 0 0 0 0 0 0 0 0 
939 9 0 0 0 0 0 0 0 0 0 0 0 
940 9 0 0 0 0 0 0 0 0 0 0 0 
941 9 0 0 0 0 0 0 0 0 0 0 0 
942 9 0 0 0 0 0 0 0 0 0 0 0 
943 9 0 0 0 0 0 0 0 0 0 0 0 
944 9 0 0 0 0 0 0 0 0 0 0 0 
945 9 0 0 0 0 0 0 0 0 0 0 0 
946 9 0 0 0 0 0 0 0 0 0 0 0 
947 9 0 0 0 0 0 0 0 0 0 0 0 
948 9 0 0 0 0 0 0 0 0 0 0 0 
949 9 0 0 0 0 0 0 0 0 0 0 0 
950 9 0 0 0 0 0 0 0 0 0 0 0 
951 9 0 0 0 0 0 0 0 0 0 0 0 
952 9 0 0 0 0 0 0 0 0 0 0 0 
953 9 0 0 0 0 0 0 0 0 0 0 0 
954 9 0 0 0 0 0 0 0 0 0 0 0 
955 9 0 0 0 0 0 0 0 0 0 0 0 
956 9 0 0 0 0 0 0 0 0 0 0 0 
957 9 0 0 0 0 0 0 0 0 0 0 0 
958 9 0 0 0 0 0 0 0 0 0 0 0 
959 9 0 0 0 0 0 0 0 0 0 0 0 
960 9 0 0 0 0 0 0 0 0 0 0 0 
961 9 0 0 0 0 0 0 0 0 0 0 0 
962 9 0 0 0 0 0 0 0 0 0 0 0 
963 9 0 0 0 0 0 0 0 0 0 0 0 
964 9 0 0 0 0 0 0 0 0 0 0 0 
965 9 0 0 0 0 0 0 0 0 0 0 0 
966 9 0 0 0 0 0 0 0 0 0 0 0 
967 9 0 0 0 0 0 0 0 0 0 0 0 
968 9 0 0 0 0 0 0 0 0 0 0 0 
969 9 0 0 0 0 0 0 0 0 0 0 0 
970 9 0 0 0 0 0 0 0 0 0 0 0 
971 9 0 0 0 0 0 0 0 0 0 0 0 
972 9 0 0 0 0 0 0 0 0 0 0 0 
973 9 0 0 0 0 0 0 0 0 0 0 0 
974 9 0 0 0 0 0 0 0 0 0 0 0 
975 9 0 0 0 0 0 0 0 0 0 0 0 
976 9 0 0 0 0 0 0 0 0 0 0 0 
977 9 0 0 0 0 0 0 0 0 0 0 0 
978 9 0 0 0 0 0 0 0 0 0 0 0 
979 9 0 0 0 0 0 0 0 0 0 0 0 
980 9 0 0 0 0 0 0 0 0 0 0 0 
981 9 0 0 0 0 0 0 0 0 0 0 0 
982 9 0 0 0 0 0 0 0 0 0 0 0 
983 9 0 0 0 0 0 0 0 0 0 0 0 
984 9 0 0 0 0 0 0 0 0 0 0 0 
985 9 0 0 0 0 0 0 0 0 0 0 0 
986 9 0 0 0 0 0 0 0 0 0 0 0 
987 9 0 0 0 0 0 0 0 0 0 0 0 
988 9 0 0 0 0 0 0 0 0 0 0 0 
989 9 0 0 0 0 0 0 0 0 0 0 0 
990 9 0 0 0 0 0 0 0 0 0 0 0 
991 9 0 0 0 0 0 0 0 0 0 0 0 
992 9 0 0 0 0 0 0 0 0 0 0 0 
993 9 0 0 0 0 0 0 0 0 0 0 0 
994 9 0 0 0 0 0 0 0 0 0 0 0 
995 9 0 0 0 0 0 0 0 0 0 0 0 
996 9 0 0 0 0 0 0 0 0 0 0 0 
997 9 0 0 0 0 0 0 0 0 0 0 0 
998 9 0 0 0 0 0 0 0 0 0 0 0 
999 9 0 0 0 0 0 0 0 0 0 0 0 
1000 9 0 0 0 0 0 0 0 0 0 0 0 
1001 9 0 0 0 0 0 0 0 0 0 0 0 
1002 9 0 0 0 0 0 0 0 0 0 0 0 
1003 9 0 0 0 0 0 0 0 0 0 0 0 
1004 9 0 0 0 0 0 0 0 0 0 0 0 
1005 9 0 0 0 0 0 0 0 0 0 0 0 
1006 9 0 0 0 0 0 0 0 0 0 0 0 
1007 9 0 0 0 0 0 0 0 0 0 0 0 
1008 9 0 0 0 0 0 0 0 0 0 0 0 
1009 9 0 0 0 0 0 0 0 0 0 0 0 
1010 9 0 0 0 0 0 0 0 0 0 0 0 
1011 9 0 0 0 0 0 0 0 0 0 0 0 
1012 9 0 0 0 0 0 0 0 0 0 0 0 
1013 9 0 0 0 0 0 0 0 0 0 0 0 
1014 9 0 0 0 0 0 0 0 0 0 0 0 
1015 9 0 0 0 0 0 0 0 0 0 0 0 
1016 9 0 0 0 0 0 0 0 0 0 0 0 
1017 9 0 0 0 0 0 0 0 0 0 0 0 
1018 9 0 0 0 0 0 0 0 0 0 0 0 
1019 9 0 0 0 0 0 0 0 0 0 0 0 
1020 9 0 0 0 0 0 0 0 0 0 0 0 
1021 9 0 0 0 0 0 0 0 0 0 0 0 
1022 9 0 0 0 0 0 0 0 0 0 0 0 
1023 10 0 0 0 0 0 0 0 0 0 0 0 
1024 10 0 0 0 0 0 0 0 0 0 0 0 
1025 10 0 0 0 0 0 0 0 0 0 0 0 
1026 10 0 0 0 0 0 0 0 0 0 0 0 
1027 10 0 0 0 0 0 0 0 0 0 0 0 
1028 10 0 0 0 0 0 0 0 0 0 0 0 
1029 10 0 0 0 0 0 0 0 0 0 0 0 
1030 10 0 0 0 0 0 0 0 0 0 0 0 
1031 10 0 0 0 0 0 0 0 0 0 0 0 
1032 10 0 0 0 0 0 0 0 0 0 0 0 
1033 10 0 0 0 0 0 0 0 0 0 0 0 
1034 10 0 0 0 0 0 0 0 0 0 0 0 
1035 10 0 0 0 0 0 0 0 0 0 0 0 
1036 10 0 0 0 0 0 0 0 0 0 0 0 
1037 10 0 0 0 0 0 0 0 0 0 0 0 
1038 10 0 0 0 0 0 0 0 0 0 0 0 
1039 10 0 0 0 0 0 0 0 0 0 0 0 
1040 10 0 0 0 0 0 0 0 0 0 0 0 
1041 10 0 0 0 0 0 0 0 0 0 0 0 
1042 10 0 0 0 0 0 0 0 0 0 0 0 
1043 10 0 0 0 0 0 0 0 0 0 0 0 
1044 10 0 0 0 0 0 0 0 0 0 0 0 
1045 10 0 0 0 0 0 0 0 0 0 0 0 
1046 10 0 0 0 0 0 0 0 0 0 0 0 
1047 10 0 0 0 0 0 0 0 0 0 0 0 
1048 10 0 0 0 0 0 0 0 0 0 0 0 
1049 10 0 0 0 0 0 0 0 0 0 0 0 
1050 10 0 0 0 0 0 0 0 0 0 0 0 
1051 10 0 0 0 0 0 0 0 0 0 0 0 
1052 10 0 0 0 0 0 0 0 0 0 0 0 
1053 10 0 0 0 0 0 0 0 0 0 0 0 
1054 10 0 0 0 0 0 0 0 0 0 0 0 
1055 10 0 0 0 0 0 0 0 0 0 0 0 
1056 10 0 0 0 0 0 0 0 0 0 0 0 
1057 10 0 0 0 0 0 0 0 0 0 0 0 
1058 10 0 0 0 0 0 0 0 0 0 0 0 
1059 10 0 0 0 0 0 0 0 0 0 0 0 
1060 10 0 0 0 0 0 0 0 0 0 0 0 
1061 10 0 0 0 0 0 0 0 0 0 0 0 
1062 10 0 0 0 0 0 0 0 0 0 0 0 
1063 10 0 0 0 0 0 0 0 0 0 0 0 
1064 10 0 0 0 0 0 0 0 0 0 0 0 
1065 10 0 0 0 0 0 0 0 0 0 0 0 
1066 10 0 0 0 0 0 0 0 0 0 0 0 
1067 10 0 0 0 0 0 0 0 0 0 0 0 
1068 10 0 0 0 0 0 0 0 0 0 0 0 
1069 10 0 0 0 0 0 0 0 0 0 0 0 
1070 10 0 0 0 0 0 0 0 0 0 0 0 
1071 10 0 0 0 0 0 0 0 0 0 0 0 
1072 10 0 0 0 0 0 0 0 0 0 0 0 
1073 10 0 0 0 0 0 0 0 0 0 0 0 
1074 10 0 0 0 0 0 0 0 0 0 0 0 
1075 10 0 0 0 0 0 0 0 0 0 0 0 
1076 10 0 0 0 0 0 0 0 0 0 0 0 
1077 10 0 0 0 0 0 0 0 0 0 0 0 
1078 10 0 0 0 0 0 0 0 0 0 0 0 
1079 10 0 0 0 0 0 0 0 0 0 0 0 
1080 10 0 0 0 0 0 0 0 0 0 0 0 
1081 10 0 0 0 0 0 0 0 0 0 0 0 
1082 10 0 0 0 0 0 0 0 0 0 0 0 
1083 10 0 0 0 0 0 0 0 0 0 0 0 
1084 10 0 0 0 0 0 0 0 0 0 0 0 
1085 10 0 0 0 0 0 0 0 0 0 0 0 
1086 10 0 0 0 0 0 0 0 0 0 0 0 
1087 10 0 0 0 0 0 0 0 0 0 0 0 
1088 10 0 0 0 0 0 0 0 0 0 0 0 
1089 10 0 0 0 0 0 0 0 0 0 0 0 
1090 10 0 0 0 0 0 0 0 0 0 0 0 
1091 10 0 0 0 0 0 0 0 0 0 0 0 
1092 10 0 0 0 0 0 0 0 0 0 0 0 
1093 10 0 0 0 0 0 0 0 0 0 0 0 
1094 10 0 0 0 0 0 0 0 0 0 0 0 
1095 10 0 0 0 0 0 0 0 0 0 0 0 
1096 10 0 0 0 0 0 0 0 0 0 0 0 
1097 10 0 0 0 0 0 0 0 0 0 0 0 
1098 10 0 0 0 0 0 0 0 0 0 0 0 
1099 10 0 0 0 0 0 0 0 0 0 0 0 
1100 10 0 0 0 0 0 0 0 0 0 0 0 
1101 10 0 0 0 0 0 0 0 0 0 0 0 
1102 10 0 0 0 0 0 0 0 0 0 0 0 
1103 10 0 0 0 0 0 0 0 0 0 0 0 
1104 10 0 0 0 0 0 0 0 0 0 0 0 
1105 10 0 0 0 0 0 0 0 0 0 0 0 
1106 10 0 0 0 0 0 0 0 0 0 0 0 
1107 10 0 0 0 0 0 0 0 0 0 0 0 
1108 10 0 0 0 0 0 0 0 0 0 0 0 
1109 10 0 0 0 0 0 0 0 0 0 0 0 
1110 10 0 0 0 0 0 0 0 0 0 0 0 
1111 10 0 0 0 0 0 0 0 0 0 0 0 
1112 10 0 0 0 0 0 0 0 0 0 0 0 
1113 10 0 0 0 0 0 0 0 0 0 0 0 
1114 10 0 0 0 0 0 0 0 0 0 0 0 
1115 10 0 0 0 0 0 0 0 0 0 0 0 
1116 10 0 0 0 0 0 0 0 0 0 0 0 
1117 10 0 0 0 0 0 0 0 0 0 0 0 
1118 10 0 0 0 0 0 0 0 0 0 0 0 
1119 10 0 0 0 0 0 0 0 0 0 0 0 
1120 10 0 0 0 0 0 0 0 0 0 0 0 
1121 10 0 0 0 0 0 0 0 0 0 0 0 
1122 10 0 0 0 0 0 0 0 0 0 0 0 
1123 10 0 0 0 0 0 0 0 0 0 0 0 
1124 10 0 0 0 0 0 0 0 0 0 0 0 
1125 10 0 0 0 0 0 0 0 0 0 0 0 
1126 10 0 0 0 0 0 0 0 0 0 0 0 
1127 10 0 0 0 0 0 0 0 0 0 0 0 
1128 10 0 0 0 0 0 0 0 0 0 0 0 
1129 10 0 0 0 0 0 0 0 0 0 0 0 
1130 10 0 0 0 0 0 0 0 0 0 0 0 
1131 10 0 0 0 0 0 0 0 0 0 0 0 
1132 10 0 0 0 0 0 0 0 0 0 0 0 
1133 10 0 0 0 0 0 0 0 0 0 0 0 
1134 10 0 0 0 0 0 0 0 0 0 0 0 
1135 10 0 0 0 0 0 0 0 0 0 0 0 
1136 10 0 0 0 0 0 0 0 0 0 0 0 
1137 10 0 0 0 0 0 0 0 0 0 0 0 
1138 10 0 0 0 0 0 0 0 0 0 0 0 
1139 10 0 0 0 0 0 0 0 0 0 0 0 
1140 10 0 0 0 0 0 0 0 0 0 0 0 
1141 10 0 0 0 0 0 0 0 0 0 0 0 
1142 10 0 0 0 0 0 0 0 0 0 0 0 
1143 10 0 0 0 0 0 0 0 0 0 0 0 
1144 10 0 0 0 0 0 0 0 0 0 0 0 
1145 10 0 0 0 0 0 0 0 0 0 0 0 
1146 10 0 0 0 0 0 0 0 0 0 0 0 
1147 10 0 0 0 0 0 0 0 0 0 0 0 
1148 10 0 0 0 0 0 0 0 0 0 0 0 
1149 10 0 0 0 0 0 0 0 0 0 0 0 
1150 10 0 0 0 0 0 0 0 0 0 0 0 
1151 10 0 0 0 0 0 0 0 0 0 0 0 
1152 10 0 0 0 0 0 0 0 0 0 0 0 
1153 10 0 0 0 0 0 0 0 0 0 0 0 
1154 10 0 0 0 0 0 0 0 0 0 0 0 
1155 10 0 0 0 0 0 0 0 0 0 0 0 
1156 10 0 0 0 0 0 0 0 0 0 0 0 
1157 10 0 0 0 0 0 0 0 0 0 0 0 
1158 10 0 0 0 0 0 0 0 0 0 0 0 
1159 10 0 0 0 0 0 0 0 0 0 0 0 
1160 10 0 0 0 0 0 0 0 0 0 0 0 
1161 10 0 0 0 0 0 0 0 0 0 0 0 
1162 10 0 0 0 0 0 0 0 0 0 0 0 
1163 10 0 0 0 0 0 0 0 0 0 0 0 
1164 10 0 0 0 0 0 0 0 0 0 0 0 
1165 10 0 0 0 0 0 0 0 0 0 0 0 
1166 10 0 0 0 0 0 0 0 0 0 0 0 
1167 10 0 0 0 0 0 0 0 0 0 0 0 
1168 10 0 0 0 0 0 0 0 0 0 0 0 
1169 10 0 0 0 0 0 0 0 0 0 0 0 
1170 10 0 0 0 0 0 0 0 0 0 0 0 
1171 10 0 0 0 0 0 0 0 0 0 0 0 
1172 10 0 0 0 0 0 0 0 0 0 0 0 
1173 10 0 0 0 0 0 0 0 0 0 0 0 
1174 10 0 0 0 0 0 0 0 0 0 0 0 
1175 10 0 0 0 0 0 0 0 0 0 0 0 
1176 10 0 0 0 0 0 0 0 0 0 0 0 
1177 10 0 0 0 0 0 0 0 0 0 0 0 
1178 10 0 0 0 0 0 0 0 0 0 0 0 
1179 10 0 0 0 0 0 0 0 0 0 0 0 
1180 10 0 0 0 0 0 0 0 0 0 0 0 
1181 10 0 0 0 0 0 0 0 0 0 0 0 
1182 10 0 0 0 0 0 0 0 0 0 0 0 
1183 10 0 0 0 0 0 0 0 0 0 0 0 
1184 10 0 0 0 0 0 0 0 0 0 0 0 
1185 10 0 0 0 0 0 0 0 0 0 0 0 
1186 10 0 0 0 0 0 0 0 0 0 0 0 
1187 10 0 0 0 0 0 0 0 0 0 0 0 
1188 10 0 0 0 0 0 0 0 0 0 0 0 
1189 10 0 0 0 0 0 0 0 0 0 0 0 
1190 10 0 0 0 0 0 0 0 0 0 0 0 
1191 10 0 0 0 0 0 0 0 0 0 0 0 
1192 10 0 0 0 0 0 0 0 0 0 0 0 
1193 10 0 0 0 0 0 0 0 0 0 0 0 
1194 10 0 0 0 0 0 0 0 0 0 0 0 
1195 10 0 0 0 0 0 0 0 0 0 0 0 
1196 10 0 0 0 0 0 0 0 0 0 0 0 
1197 10 0 0 0 0 0 0 0 0 0 0 0 
1198 10 0 0 0 0 0 0 0 0 0 0 0 
1199 10 0 0 0 0 0 0 0 0 0 0 0 
1200 10 0 0 0 0 0 0 0 0 0 0 0 
1201 10 0 0 0 0 0 0 0 0 0 0 0 
1202 10 0 0 0 0 0 0 0 0 0 0 0 
1203 10 0 0 0 0 0 0 0 0 0 0 0 
1204 10 0 0 0 0 0 0 0 0 0 0 0 
1205 10 0 0 0 0 0 0 0 0 0 0 0 
1206 10 0 0 0 0 0 0 0 0 0 0 0 
1207 10 0 0 0 0 0 0 0 0 0 0 0 
1208 10 0 0 0 0 0 0 0 0 0 0 0 
1209 10 0 0 0 0 0 0 0 0 0 0 0 
1210 10 0 0 0 0 0 0 0 0 0 0 0 
1211 10 0 0 0 0 0 0 0 0 0 0 0 
1212 10 0 0 0 0 0 0 0 0 0 0 0 
1213 10 0 0 0 0 0 0 0 0 0 0 0 
1214 10 0 0 0 0 0 0 0 0 0 0 0 
1215 10 2 0 0 0 0 0 0 0 0 0 0 
1216 10 3 0 0 0 0 0 0 0 0 0 0 
1217 10 4 0 0 0 0 0 0 0 0 0 0 
1218 10 5 0 0 0 0 0 0 0 0 0 0 
1219 10 0 0 0 0 0 0 0 0 0 0 0 
1220 10 0 0 0 0 0 0 0 0 0 0 0 
1221 10 7 0 0 0 0 0 0 0 0 0 0 
1222 10 8 0 0 0 0 0 0 0 0 0 0 
1223 10 9 0 0 0 0 0 0 0 0 0 0 
1224 10 10 0 0 0 0 0 0 0 0 0 0 
1225 10 0 0 0 0 0 0 0 0 0 0 0 
1226 10 0 0 0 0 0 0 0 0 0 0 0 
1227 10 0 0 0 0 0 0 0 0 0 0 0 
1228 10 0 0 0 0 0 0 0 0 0 0 0 
1229 10 0 0 0 0 0 0 0 0 0 0 0 
1230 10 0 0 0 0 0 0 0 0 0 0 0 
1231 10 0 0 0 0 0 0 0 0 0 0 0 
1232 10 0 0 0 0 0 0 0 0 0 0 0 
1233 10 0 0 0 0 0 0 0 0 0 0 0 
1234 10 0 0 0 0 0 0 0 0 0 0 0 
1235 10 0 0 0 0 0 0 0 0 0 0 0 
1236 10 0 0 0 0 0 0 0 0 0 0 0 
1237 10 0 0 0 0 0 0 0 0 0 0 0 
1238 10 0 0 0 0 0 0 0 0 0 0 0 
1239 10 0 0 0 0 0 0 0 0 0 0 0 
1240 10 0 0 0 0 0 0 0 0 0 0 0 
1241 10 0 0 0 0 0 0 0 0 0 0 0 
1242 10 0 0 0 0 0 0 0 0 0 0 0 
1243 10 0 0 0 0 0 0 0 0 0 0 0 
1244 10 0 0 0 0 0 0 0 0 0 0 0 
1245 10 0 0 0 0 0 0 0 0 0 0 0 
1246 10 0 0 0 0 0 0 0 0 0 0 0 
1247 10 0 0 0 0 0 0 0 0 0 0 0 
1248 10 0 0 0 0 0 0 0 0 0 0 0 
1249 10 0 0 0 0 0 0 0 0 0 0 0 
1250 10 0 0 0 0 0 0 0 0 0 0 0 
1251 10 0 0 0 0 0 0 0 0 0 0 0 
1252 10 0 0 0 0 0 0 0 0 0 0 0 
1253 10 0 0 0 0 0 0 0 0 0 0 0 
1254 10 0 0 0 0 0 0 0 0 0 0 0 
1255 10 0 0 0 0 0 0 0 0 0 0 0 
1256 10 0 0 0 0 0 0 0 0 0 0 0 
1257 10 0 0 0 0 0 0 0 0 0 0 0 
1258 10 0 0 0 0 0 0 0 0 0 0 0 
1259 10 0 0 0 0 0 0 0 0 0 0 0 
1260 10 0 0 0 0 0 0 0 0 0 0 0 
1261 10 0 0 0 0 0 0 0 0 0 0 0 
1262 10 0 0 0 0 0 0 0 0 0 0 0 
1263 10 0 0 0 0 0 0 0 0 0 0 0 
1264 10 0 0 0 0 0 0 0 0 0 0 0 
1265 10 0 0 0 0 0 0 0 0 0 0 0 
1266 10 0 0 0 0 0 0 0 0 0 0 0 
1267 10 0 0 0 0 0 0 0 0 0 0 0 
1268 10 0 0 0 0 0 0 0 0 0 0 0 
1269 10 0 0 0 0 0 0 0 0 0 0 0 
1270 10 0 0 0 0 0 0 0 0 0 0 0 
1271 10 0 0 0 0 0 0 0 0 0 0 0 
1272 10 0 0 0 0 0 0 0 0 0 0 0 
1273 10 0 0 0 0 0 0 0 0 0 0 0 
1274 10 0 0 0 0 0 0 0 0 0 0 0 
1275 10 0 0 0 0 0 0 0 0 0 0 0 
1276 10 0 0 0 0 0 0 0 0 0 0 0 
1277 10 0 0 0 0 0 0 0 0 0 0 0 
1278 10 0 0 0 0 0 0 0 0 0 0 0 
1279 10 0 0 0 0 0 0 0 0 0 0 0 
1280 10 0 0 0 0 0 0 0 0 0 0 0 
1281 10 0 0 0 0 0 0 0 0 0 0 0 
1282 10 0 0 0 0 0 0 0 0 0 0 0 
1283 10 0 0 0 0 0 0 0 0 0 0 0 
1284 10 0 0 0 0 0 0 0 0 0 0 0 
1285 10 17 0 0 0 0 0 0 0 0 0 0 
1286 10 18 0 0 0 0 0 0 0 0 0 0 
1287 10 0 0 0 0 0 0 0 0 0 0 0 
1288 10 0 0 0 0 0 0 0 0 0 0 0 
1289 10 0 0 0 0 0 0 0 0 0 0 0 
1290 10 0 0 0 0 0 0 0 0 0 0 0 
1291 10 0 0 0 0 0 0 0 0 0 0 0 
1292 10 0 0 0 0 0 0 0 0 0 0 0 
1293 10 0 0 0 0 0 0 0 0 0 0 0 
1294 10 0 0 0 0 0 0 0 0 0 0 0 
1295 10 0 0 0 0 0 0 0 0 0 0 0 
1296 10 0 0 0 0 0 0 0 0 0 0 0 
1297 10 0 0 0 0 0 0 0 0 0 0 0 
1298 10 0 0 0 0 0 0 0 0 0 0 0 
1299 10 0 0 0 0 0 0 0 0 0 0 0 
1300 10 0 0 0 0 0 0 0 0 0 0 0 
1301 10 0 0 0 0 0 0 0 0 0 0 0 
1302 10 0 0 0 0 0 0 0 0 0 0 0 
1303 10 0 0 0 0 0 0 0 0 0 0 0 
1304 10 0 0 0 0 0 0 0 0 0 0 0 
1305 10 0 0 0 0 0 0 0 0 0 0 0 
1306 10 0 0 0 0 0 0 0 0 0 0 0 
1307 10 0 0 0 0 0 0 0 0 0 0 0 
1308 10 0 0 0 0 0 0 0 0 0 0 0 
1309 10 0 0 0 0 0 0 0 0 0 0 0 
1310 10 0 0 0 0 0 0 0 0 0 0 0 
1311 10 0 0 0 0 0 0 0 0 0 0 0 
1312 10 0 0 0 0 0 0 0 0 0 0 0 
1313 10 0 0 0 0 0 0 0 0 0 0 0 
1314 10 0 0 0 0 0 0 0 0 0 0 0 
1315 10 0 0 0 0 0 0 0 0 0 0 0 
1316 10 0 0 0 0 0 0 0 0 0 0 0 
1317 10 0 0 0 0 0 0 0 0 0 0 0 
1318 10 0 0 0 0 0 0 0 0 0 0 0 
1319 10 23 0 0 0 0 0 0 0 0 0 0 
1320 10 24 0 0 0 0 0 0 0 0 0 0 
1321 10 0 0 0 0 0 0 0 0 0 0 0 
1322 10 0 0 0 0 0 0 0 0 0 0 0 
1323 10 0 0 0 0 0 0 0 0 0 0 0 
1324 10 0 0 0 0 0 0 0 0 0 0 0 
1325 10 27 0 0 0 0 0 0 0 0 0 0 
1326 10 28 0 0 0 0 0 0 0 0 0 0 
1327 10 0 0 0 0 0 0 0 0 0 0 0 
1328 10 0 0 0 0 0 0 0 0 0 0 0 
1329 10 0 0 0 0 0 0 0 0 0 0 0 
1330 10 0 0 0 0 0 0 0 0 0 0 0 
1331 10 0 0 0 0 0 0 0 0 0 0 0 
1332 10 0 0 0 0 0 0 0 0 0 0 0 
1333 10 0 0 0 0 0 0 0 0 0 0 0 
1334 10 0 0 0 0 0 0 0 0 0 0 0 
1335 10 0 0 0 0 0 0 0 0 0 0 0 
1336 10 0 0 0 0 0 0 0 0 0 0 0 
1337 10 0 0 0 0 0 0 0 0 0 0 0 
1338 10 0 0 0 0 0 0 0 0 0 0 0 
1339 10 0 0 0 0 0 0 0 0 0 0 0 
1340 10 0 0 0 0 0 0 0 0 0 0 0 
1341 10 0 0 0 0 0 0 0 0 0 0 0 
1342 10 0 0 0 0 0 0 0 0 0 0 0 
1343 10 0 0 0 0 0 0 0 0 0 0 0 
1344 10 0 0 0 0 0 0 0 0 0 0 0 
1345 10 0 0 0 0 0 0 0 0 0 0 0 
1346 10 0 0 0 0 0 0 0 0 0 0 0 
1347 10 0 0 0 0 0 0 0 0 0 0 0 
1348 10 0 0 0 0 0 0 0 0 0 0 0 
1349 10 0 0 0 0 0 0 0 0 0 0 0 
1350 10 0 0 0 0 0 0 0 0 0 0 0 
1351 10 0 0 0 0 0 0 0 0 0 0 0 
1352 10 0 0 0 0 0 0 0 0 0 0 0 
1353 10 0 0 0 0 0 0 0 0 0 0 0 
1354 10 0 0 0 0 0 0 0 0 0 0 0 
1355 10 0 0 0 0 0 0 0 0 0 0 0 
1356 10 0 0 0 0 0 0 0 0 0 0 0 
1357 10 0 0 0 0 0 0 0 0 0 0 0 
1358 10 0 0 0 0 0 0 0 0 0 0 0 
1359 10 0 0 0 0 0 0 0 0 0 0 0 
1360 10 0 0 0 0 0 0 0 0 0 0 0 
1361 10 0 0 0 0 0 0 0 0 0 0 0 
1362 10 0 0 0 0 0 0 0 0 0 0 0 
1363 10 0 0 0 0 0 0 0 0 0 0 0 
1364 10 0 0 0 0 0 0 0 0 0 0 0 
1365 10 0 0 0 0 0 0 0 0 0 0 0 
1366 10 0 0 0 0 0 0 0 0 0 0 0 
1367 10 0 0 0 0 0 0 0 0 0 0 0 
1368 10 0 0 0 0 0 0 0 0 0 0 0 
1369 10 0 0 0 0 0 0 0 0 0 0 0 
1370 10 0 0 0 0 0 0 0 0 0 0 0 
1371 10 0 0 0 0 0 0 0 0 0 0 0 
1372 10 0 0 0 0 0 0 0 0 0 0 0 
1373 10 0 0 0 0 0 0 0 0 0 0 0 
1374 10 0 0 0 0 0 0 0 0 0 0 0 
1375 10 0 0 0 0 0 0 0 0 0 0 0 
1376 10 0 0 0 0 0 0 0 0 0 0 0 
1377 10 0 0 0 0 0 0 0 0 0 0 0 
1378 10 0 0 0 0 0 0 0 0 0 0 0 
1379 10 0 0 0 0 0 0 0 0 0 0 0 
1380 10 0 0 0 0 0 0 0 0 0 0 0 
1381 10 0 0 0 0 0 0 0 0 0 0 0 
1382 10 0 0 0 0 0 0 0 0 0 0 0 
1383 10 0 0 0 0 0 0 0 0 0 0 0 
1384 10 0 0 0 0 0 0 0 0 0 0 0 
1385 10 0 0 0 0 0 0 0 0 0 0 0 
1386 10 0 0 0 0 0 0 0 0 0 0 0 
1387 10 0 0 0 0 0 0 0 0 0 0 0 
1388 10 0 0 0 0 0 0 0 0 0 0 0 
1389 10 0 0 0 0 0 0 0 0 0 0 0 
1390 10 0 0 0 0 0 0 0 0 0 0 0 
1391 10 0 0 0 0 0 0 0 0 0 0 0 
1392 10 0 0 0 0 0 0 0 0 0 0 0 
1393 10 0 0 0 0 0 0 0 0 0 0 0 
1394 10 0 0 0 0 0 0 0 0 0 0 0 
1395 10 0 0 0 0 0 0 0 0 0 0 0 
1396 10 0 0 0 0 0 0 0 0 0 0 0 
1397 10 0 0 0 0 0 0 0 0 0 0 0 
1398 10 0 0 0 0 0 0 0 0 0 0 0 
1399 10 0 0 0 0 0 0 0 0 0 0 0 
1400 10 0 0 0 0 0 0 0 0 0 0 0 
1401 10 0 0 0 0 0 0 0 0 0 0 0 
1402 10 0 0 0 0 0 0 0 0 0 0 0 
1403 10 0 0 0 0 0 0 0 0 0 0 0 
1404 10 0 0 0 0 0 0 0 0 0 0 0 
1405 10 0 0 0 0 0 0 0 0 0 0 0 
1406 10 0 0 0 0 0 0 0 0 0 0 0 
1407 10 0 0 0 0 0 0 0 0 0 0 0 
1408 10 0 0 0 0 0 0 0 0 0 0 0 
1409 10 0 0 0 0 0 0 0 0 0 0 0 
1410 10 0 0 0 0 0 0 0 0 0 0 0 
1411 10 0 0 0 0 0 0 0 0 0 0 0 
1412 10 0 0 0 0 0 0 0 0 0 0 0 
1413 10 0 0 0 0 0 0 0 0 0 0 0 
1414 10 0 0 0 0 0 0 0 0 0 0 0 
1415 10 0 0 0 0 0 0 0 0 0 0 0 
1416 10 0 0 0 0 0 0 0 0 0 0 0 
1417 10 0 0 0 0 0 0 0 0 0 0 0 
1418 10 0 0 0 0 0 0 0 0 0 0 0 
1419 10 0 0 0 0 0 0 0 0 0 0 0 
1420 10 0 0 0 0 0 0 0 0 0 0 0 
1421 10 0 0 0 0 0 0 0 0 0 0 0 
1422 10 0 0 0 0 0 0 0 0 0 0 0 
1423 10 0 0 0 0 0 0 0 0 0 0 0 
1424 10 0 0 0 0 0 0 0 0 0 0 0 
1425 10 0 0 0 0 0 0 0 0 0 0 0 
1426 10 0 0 0 0 0 0 0 0 0 0 0 
1427 10 0 0 0 0 0 0 0 0 0 0 0 
1428 10 0 0 0 0 0 0 0 0 0 0 0 
1429 10 0 0 0 0 0 0 0 0 0 0 0 
1430 10 0 0 0 0 0 0 0 0 0 0 0 
1431 10 0 0 0 0 0 0 0 0 0 0 0 
1432 10 0 0 0 0 0 0 0 0 0 0 0 
1433 10 0 0 0 0 0 0 0 0 0 0 0 
1434 10 0 0 0 0 0 0 0 0 0 0 0 
1435 10 0 0 0 0 0 0 0 0 0 0 0 
1436 10 0 0 0 0 0 0 0 0 0 0 0 
1437 10 0 0 0 0 0 0 0 0 0 0 0 
1438 10 0 0 0 0 0 0 0 0 0 0 0 
1439 10 0 0 0 0 0 0 0 0 0 0 0 
1440 10 0 0 0 0 0 0 0 0 0 0 0 
1441 10 0 0 0 0 0 0 0 0 0 0 0 
1442 10 0 0 0 0 0 0 0 0 0 0 0 
1443 10 0 0 0 0 0 0 0 0 0 0 0 
1444 10 0 0 0 0 0 0 0 0 0 0 0 
1445 10 0 0 0 0 0 0 0 0 0 0 0 
1446 10 0 0 0 0 0 0 0 0 0 0 0 
1447 10 0 0 0 0 0 0 0 0 0 0 0 
1448 10 0 0 0 0 0 0 0 0 0 0 0 
1449 10 0 0 0 0 0 0 0 0 0 0 0 
1450 10 0 0 0 0 0 0 0 0 0 0 0 
1451 10 0 0 0 0 0 0 0 0 0 0 0 
1452 10 0 0 0 0 0 0 0 0 0 0 0 
1453 10 0 0 0 0 0 0 0 0 0 0 0 
1454 10 0 0 0 0 0 0 0 0 0 0 0 
1455 10 0 0 0 0 0 0 0 0 0 0 0 
1456 10 0 0 0 0 0 0 0 0 0 0 0 
1457 10 0 0 0 0 0 0 0 0 0 0 0 
1458 10 0 0 0 0 0 0 0 0 0 0 0 
1459 10 0 0 0 0 0 0 0 0 0 0 0 
1460 10 0 0 0 0 0 0 0 0 0 0 0 
1461 10 0 0 0 0 0 0 0 0 0 0 0 
1462 10 0 0 0 0 0 0 0 0 0 0 0 
1463 10 0 0 0 0 0 0 0 0 0 0 0 
1464 10 0 0 0 0 0 0 0 0 0 0 0 
1465 10 0 0 0 0 0 0 0 0 0 0 0 
1466 10 0 0 0 0 0 0 0 0 0 0 0 
1467 10 0 0 0 0 0 0 0 0 0 0 0 
1468 10 0 0 0 0 0 0 0 0 0 0 0 
1469 10 0 0 0 0 0 0 0 0 0 0 0 
1470 10 0 0 0 0 0 0 0 0 0 0 0 
1471 10 0 0 0 0 0 0 0 0 0 0 0 
1472 10 0 0 0 0 0 0 0 0 0 0 0 
1473 10 0 0 0 0 0 0 0 0 0 0 0 
1474 10 0 0 0 0 0 0 0 0 0 0 0 
1475 10 0 0 0 0 0 0 0 0 0 0 0 
1476 10 0 0 0 0 0 0 0 0 0 0 0 
1477 10 0 0 0 0 0 0 0 0 0 0 0 
1478 10 0 0 0 0 0 0 0 0 0 0 0 
1479 10 0 0 0 0 0 0 0 0 0 0 0 
1480 10 0 0 0 0 0 0 0 0 0 0 0 
1481 10 0 0 0 0 0 0 0 0 0 0 0 
1482 10 0 0 0 0 0 0 0 0 0 0 0 
1483 10 0 0 0 0 0 0 0 0 0 0 0 
1484 10 0 0 0 0 0 0 0 0 0 0 0 
1485 10 0 0 0 0 0 0 0 0 0 0 0 
1486 10 0 0 0 0 0 0 0 0 0 0 0 
1487 10 0 0 0 0 0 0 0 0 0 0 0 
1488 10 0 0 0 0 0 0 0 0 0 0 0 
1489 10 0 0 0 0 0 0 0 0 0 0 0 
1490 10 0 0 0 0 0 0 0 0 0 0 0 
1491 10 0 0 0 0 0 0 0 0 0 0 0 
1492 10 0 0 0 0 0 0 0 0 0 0 0 
1493 10 0 0 0 0 0 0 0 0 0 0 0 
1494 10 0 0 0 0 0 0 0 0 0 0 0 
1495 10 0 0 0 0 0 0 0 0 0 0 0 
1496 10 0 0 0 0 0 0 0 0 0 0 0 
1497 10 0 0 0 0 0 0 0 0 0 0 0 
1498 10 0 0 0 0 0 0 0 0 0 0 0 
1499 10 0 0 0 0 0 0 0 0 0 0 0 
1500 10 0 0 0 0 0 0 0 0 0 0 0 
1501 10 0 0 0 0 0 0 0 0 0 0 0 
1502 10 0 0 0 0 0 0 0 0 0 0 0 
1503 10 0 0 0 0 0 0 0 0 0 0 0 
1504 10 0 0 0 0 0 0 0 0 0 0 0 
1505 10 0 0 0 0 0 0 0 0 0 0 0 
1506 10 0 0 0 0 0 0 0 0 0 0 0 
1507 10 0 0 0 0 0 0 0 0 0 0 0 
1508 10 0 0 0 0 0 0 0 0 0 0 0 
1509 10 0 0 0 0 0 0 0 0 0 0 0 
1510 10 0 0 0 0 0 0 0 0 0 0 0 
1511 10 0 0 0 0 0 0 0 0 0 0 0 
1512 10 0 0 0 0 0 0 0 0 0 0 0 
1513 10 0 0 0 0 0 0 0 0 0 0 0 
1514 10 0 0 0 0 0 0 0 0 0 0 0 
1515 10 0 0 0 0 0 0 0 0 0 0 0 
1516 10 0 0 0 0 0 0 0 0 0 0 0 
1517 10 0 0 0 0 0 0 0 0 0 0 0 
1518 10 0 0 0 0 0 0 0 0 0 0 0 
1519 10 0 0 0 0 0 0 0 0 0 0 0 
1520 10 0 0 0 0 0 0 0 0 0 0 0 
1521 10 0 0 0 0 0 0 0 0 0 0 0 
1522 10 0 0 0 0 0 0 0 0 0 0 0 
1523 10 0 0 0 0 0 0 0 0 0 0 0 
1524 10 0 0 0 0 0 0 0 0 0 0 0 
1525 10 0 0 0 0 0 0 0 0 0 0 0 
1526 10 0 0 0 0 0 0 0 0 0 0 0 
1527 10 0 0 0 0 0 0 0 0 0 0 0 
1528 10 0 0 0 0 0 0 0 0 0 0 0 
1529 10 0 0 0 0 0 0 0 0 0 0 0 
1530 10 0 0 0 0 0 0 0 0 0 0 0 
1531 10 0 0 0 0 0 0 0 0 0 0 0 
1532 10 0 0 0 0 0 0 0 0 0 0 0 
1533 10 0 0 0 0 0 0 0 0 0 0 0 
1534 10 0 0 0 0 0 0 0 0 0 0 0 
1535 10 0 0 0 0 0 0 0 0 0 0 0 
1536 10 0 0 0 0 0 0 0 0 0 0 0 
1537 10 0 0 0 0 0 0 0 0 0 0 0 
1538 10 0 0 0 0 0 0 0 0 0 0 0 
1539 10 0 0 0 0 0 0 0 0 0 0 0 
1540 10 0 0 0 0 0 0 0 0 0 0 0 
1541 10 0 0 0 0 0 0 0 0 0 0 0 
1542 10 0 0 0 0 0 0 0 0 0 0 0 
1543 10 0 0 0 0 0 0 0 0 0 0 0 
1544 10 0 0 0 0 0 0 0 0 0 0 0 
1545 10 0 0 0 0 0 0 0 0 0 0 0 
1546 10 0 0 0 0 0 0 0 0 0 0 0 
1547 10 0 0 0 0 0 0 0 0 0 0 0 
1548 10 0 0 0 0 0 0 0 0 0 0 0 
1549 10 0 0 0 0 0 0 0 0 0 0 0 
1550 10 0 0 0 0 0 0 0 0 0 0 0 
1551 10 0 0 0 0 0 0 0 0 0 0 0 
1552 10 0 0 0 0 0 0 0 0 0 0 0 
1553 10 0 0 0 0 0 0 0 0 0 0 0 
1554 10 0 0 0 0 0 0 0 0 0 0 0 
1555 10 0 0 0 0 0 0 0 0 0 0 0 
1556 10 0 0 0 0 0 0 0 0 0 0 0 
1557 10 0 0 0 0 0 0 0 0 0 0 0 
1558 10 0 0 0 0 0 0 0 0 0 0 0 
1559 10 0 0 0 0 0 0 0 0 0 0 0 
1560 10 0 0 0 0 0 0 0 0 0 0 0 
1561 10 0 0 0 0 0 0 0 0 0 0 0 
1562 10 0 0 0 0 0 0 0 0 0 0 0 
1563 10 0 0 0 0 0 0 0 0 0 0 0 
1564 10 0 0 0 0 0 0 0 0 0 0 0 
1565 10 0 0 0 0 0 0 0 0 0 0 0 
1566 10 0 0 0 0 0 0 0 0 0 0 0 
1567 10 0 0 0 0 0 0 0 0 0 0 0 
1568 10 0 0 0 0 0 0 0 0 0 0 0 
1569 10 0 0 0 0 0 0 0 0 0 0 0 
1570 10 0 0 0 0 0 0 0 0 0 0 0 
1571 10 0 0 0 0 0 0 0 0 0 0 0 
1572 10 0 0 0 0 0 0 0 0 0 0 0 
1573 10 0 0 0 0 0 0 0 0 0 0 0 
1574 10 0 0 0 0 0 0 0 0 0 0 0 
1575 10 0 0 0 0 0 0 0 0 0 0 0 
1576 10 0 0 0 0 0 0 0 0 0 0 0 
1577 10 0 0 0 0 0 0 0 0 0 0 0 
1578 10 0 0 0 0 0 0 0 0 0 0 0 
1579 10 0 0 0 0 0 0 0 0 0 0 0 
1580 10 0 0 0 0 0 0 0 0 0 0 0 
1581 10 0 0 0 0 0 0 0 0 0 0 0 
1582 10 0 0 0 0 0 0 0 0 0 0 0 
1583 10 0 0 0 0 0 0 0 0 0 0 0 
1584 10 0 0 0 0 0 0 0 0 0 0 0 
1585 10 0 0 0 0 0 0 0 0 0 0 0 
1586 10 0 0 0 0 0 0 0 0 0 0 0 
1587 10 0 0 0 0 0 0 0 0 0 0 0 
1588 10 0 0 0 0 0 0 0 0 0 0 0 
1589 10 0 0 0 0 0 0 0 0 0 0 0 
1590 10 0 0 0 0 0 0 0 0 0 0 0 
1591 10 0 0 0 0 0 0 0 0 0 0 0 
1592 10 0 0 0 0 0 0 0 0 0 0 0 
1593 10 0 0 0 0 0 0 0 0 0 0 0 
1594 10 0 0 0 0 0 0 0 0 0 0 0 
1595 10 0 0 0 0 0 0 0 0 0 0 0 
1596 10 0 0 0 0 0 0 0 0 0 0 0 
1597 10 0 0 0 0 0 0 0 0 0 0 0 
1598 10 0 0 0 0 0 0 0 0 0 0 0 
1599 10 0 0 0 0 0 0 0 0 0 0 0 
1600 10 0 0 0 0 0 0 0 0 0 0 0 
1601 10 0 0 0 0 0 0 0 0 0 0 0 
1602 10 0 0 0 0 0 0 0 0 0 0 0 
1603 10 0 0 0 0 0 0 0 0 0 0 0 
1604 10 0 0 0 0 0 0 0 0 0 0 0 
1605 10 0 0 0 0 0 0 0 0 0 0 0 
1606 10 0 0 0 0 0 0 0 0 0 0 0 
1607 10 0 0 0 0 0 0 0 0 0 0 0 
1608 10 0 0 0 0 0 0 0 0 0 0 0 
1609 10 0 0 0 0 0 0 0 0 0 0 0 
1610 10 0 0 0 0 0 0 0 0 0 0 0 
1611 10 0 0 0 0 0 0 0 0 0 0 0 
1612 10 0 0 0 0 0 0 0 0 0 0 0 
1613 10 0 0 0 0 0 0 0 0 0 0 0 
1614 10 0 0 0 0 0 0 0 0 0 0 0 
1615 10 0 0 0 0 0 0 0 0 0 0 0 
1616 10 0 0 0 0 0 0 0 0 0 0 0 
1617 10 0 0 0 0 0 0 0 0 0 0 0 
1618 10 0 0 0 0 0 0 0 0 0 0 0 
1619 10 0 0 0 0 0 0 0 0 0 0 0 
1620 10 0 0 0 0 0 0 0 0 0 0 0 
1621 10 0 0 0 0 0 0 0 0 0 0 0 
1622 10 0 0 0 0 0 0 0 0 0 0 0 
1623 10 0 0 0 0 0 0 0 0 0 0 0 
1624 10 0 0 0 0 0 0 0 0 0 0 0 
1625 10 0 0 0 0 0 0 0 0 0 0 0 
1626 10 0 0 0 0 0 0 0 0 0 0 0 
1627 10 0 0 0 0 0 0 0 0 0 0 0 
1628 10 0 0 0 0 0 0 0 0 0 0 0 
1629 10 0 0 0 0 0 0 0 0 0 0 0 
1630 10 0 0 0 0 0 0 0 0 0 0 0 
1631 10 53 0 0 0 0 0 0 0 0 0 0 
1632 10 54 0 0 0 0 0 0 0 0 0 0 
1633 10 0 0 0 0 0 0 0 0 0 0 0 
1634 10 0 0 0 0 0 0 0 0 0 0 0 
1635 10 0 0 0 0 0 0 0 0 0 0 0 
1636 10 0 0 0 0 0 0 0 0 0 0 0 
1637 10 0 0 0 0 0 0 0 0 0 0 0 
1638 10 0 0 0 0 0 0 0 0 0 0 0 
1639 10 57 0 0 0 0 0 0 0 0 0 0 
1640 10 58 0 0 0 0 0 0 0 0 0 0 
1641 10 0 0 0 0 0 0 0 0 0 0 0 
1642 10 0 0 0 0 0 0 0 0 0 0 0 
1643 10 0 0 0 0 0 0 0 0 0 0 0 
1644 10 0 0 0 0 0 0 0 0 0 0 0 
1645 10 0 0 0 0 0 0 0 0 0 0 0 
1646 10 0 0 0 0 0 0 0 0 0 0 0 
1647 10 0 0 0 0 0 0 0 0 0 0 0 
1648 10 0 0 0 0 0 0 0 0 0 0 0 
1649 10 0 0 0 0 0 0 0 0 0 0 0 
1650 10 0 0 0 0 0 0 0 0 0 0 0 
1651 10 0 0 0 0 0 0 0 0 0 0 0 
1652 10 0 0 0 0 0 0 0 0 0 0 0 
1653 10 0 0 0 0 0 0 0 0 0 0 0 
1654 10 0 0 0 0 0 0 0 0 0 0 0 
1655 10 0 0 0 0 0 0 0 0 0 0 0 
1656 10 0 0 0 0 0 0 0 0 0 0 0 
1657 10 0 0 0 0 0 0 0 0 0 0 0 
1658 10 0 0 0 0 0 0 0 0 0 0 0 
1659 10 0 0 0 0 0 0 0 0 0 0 0 
1660 10 0 0 0 0 0 0 0 0 0 0 0 
1661 10 0 0 0 0 0 0 0 0 0 0 0 
1662 10 0 0 0 0 0 0 0 0 0 0 0 
1663 10 63 0 0 0 0 0 0 0 0 0 0 
1664 10 64 0 0 0 0 0 0 0 0 0 0 
1665 10 0 0 0 0 0 0 0 0 0 0 0 
1666 10 0 0 0 0 0 0 0 0 0 0 0 
1667 10 0 0 0 0 0 0 0 0 0 0 0 
1668 10 0 0 0 0 0 0 0 0 0 0 0 
1669 10 0 0 0 0 0 0 0 0 0 0 0 
1670 10 0 0 0 0 0 0 0 0 0 0 0 
1671 10 0 0 0 0 0 0 0 0 0 0 0 
1672 10 0 0 0 0 0 0 0 0 0 0 0 
1673 10 0 0 0 0 0 0 0 0 0 0 0 
1674 10 0 0 0 0 0 0 0 0 0 0 0 
1675 10 0 0 0 0 0 0 0 0 0 0 0 
1676 10 0 0 0 0 0 0 0 0 0 0 0 
1677 10 0 0 0 0 0 0 0 0 0 0 0 
1678 10 0 0 0 0 0 0 0 0 0 0 0 
1679 10 0 0 0 0 0 0 0 0 0 0 0 
1680 10 0 0 0 0 0 0 0 0 0 0 0 
1681 10 0 0 0 0 0 0 0 0 0 0 0 
1682 10 0 0 0 0 0 0 0 0 0 0 0 
1683 10 0 0 0 0 0 0 0 0 0 0 0 
1684 10 0 0 0 0 0 0 0 0 0 0 0 
1685 10 0 0 0 0 0 0 0 0 0 0 0 
1686 10 0 0 0 0 0 0 0 0 0 0 0 
1687 10 0 0 0 0 0 0 0 0 0 0 0 
1688 10 0 0 0 0 0 0 0 0 0 0 0 
1689 10 0 0 0 0 0 0 0 0 0 0 0 
1690 10 0 0 0 0 0 0 0 0 0 0 0 
1691 10 0 0 0 0 0 0 0 0 0 0 0 
1692 10 0 0 0 0 0 0 0 0 0 0 0 
1693 10 0 0 0 0 0 0 0 0 0 0 0 
1694 10 0 0 0 0 0 0 0 0 0 0 0 
1695 10 0 0 0 0 0 0 0 0 0 0 0 
1696 10 0 0 0 0 0 0 0 0 0 0 0 
1697 10 0 0 0 0 0 0 0 0 0 0 0 
1698 10 0 0 0 0 0 0 0 0 0 0 0 
1699 10 0 0 0 0 0 0 0 0 0 0 0 
1700 10 0 0 0 0 0 0 0 0 0 0 0 
1701 10 0 0 0 0 0 0 0 0 0 0 0 
1702 10 0 0 0 0 0 0 0 0 0 0 0 
1703 10 0 0 0 0 0 0 0 0 0 0 0 
1704 10 0 0 0 0 0 0 0 0 0 0 0 
1705 10 0 0 0 0 0 0 0 0 0 0 0 
1706 10 0 0 0 0 0 0 0 0 0 0 0 
1707 10 0 0 0 0 0 0 0 0 0 0 0 
1708 10 0 0 0 0 0 0 0 0 0 0 0 
1709 10 0 0 0 0 0 0 0 0 0 0 0 
1710 10 0 0 0 0 0 0 0 0 0 0 0 
1711 10 0 0 0 0 0 0 0 0 0 0 0 
1712 10 0 0 0 0 0 0 0 0 0 0 0 
1713 10 0 0 0 0 0 0 0 0 0 0 0 
1714 10 0 0 0 0 0 0 0 0 0 0 0 
1715 10 0 0 0 0 0 0 0 0 0 0 0 
1716 10 0 0 0 0 0 0 0 0 0 0 0 
1717 10 0 0 0 0 0 0 0 0 0 0 0 
1718 10 0 0 0 0 0 0 0 0 0 0 0 
1719 10 0 0 0 0 0 0 0 0 0 0 0 
1720 10 0 0 0 0 0 0 0 0 0 0 0 
1721 10 0 0 0 0 0 0 0 0 0 0 0 
1722 10 0 0 0 0 0 0 0 0 0 0 0 
1723 10 0 0 0 0 0 0 0 0 0 0 0 
1724 10 0 0 0 0 0 0 0 0 0 0 0 
1725 10 0 0 0 0 0 0 0 0 0 0 0 
1726 10 0 0 0 0 0 0 0 0 0 0 0 
1727 10 0 0 0 0 0 0 0 0 0 0 0 
1728 10 0 0 0 0 0 0 0 0 0 0 0 
1729 10 0 0 0 0 0 0 0 0 0 0 0 
1730 10 0 0 0 0 0 0 0 0 0 0 0 
1731 10 0 0 0 0 0 0 0 0 0 0 0 
1732 10 0 0 0 0 0 0 0 0 0 0 0 
1733 10 0 0 0 0 0 0 0 0 0 0 0 
1734 10 0 0 0 0 0 0 0 0 0 0 0 
1735 10 0 0 0 0 0 0 0 0 0 0 0 
1736 10 0 0 0 0 0 0 0 0 0 0 0 
1737 10 0 0 0 0 0 0 0 0 0 0 0 
1738 10 0 0 0 0 0 0 0 0 0 0 0 
1739 10 0 0 0 0 0 0 0 0 0 0 0 
1740 10 0 0 0 0 0 0 0 0 0 0 0 
1741 10 0 0 0 0 0 0 0 0 0 0 0 
1742 10 0 0 0 0 0 0 0 0 0 0 0 
1743 10 0 0 0 0 0 0 0 0 0 0 0 
1744 10 0 0 0 0 0 0 0 0 0 0 0 
1745 10 0 0 0 0 0 0 0 0 0 0 0 
1746 10 0 0 0 0 0 0 0 0 0 0 0 
1747 10 0 0 0 0 0 0 0 0 0 0 0 
1748 10 0 0 0 0 0 0 0 0 0 0 0 
1749 10 0 0 0 0 0 0 0 0 0 0 0 
1750 10 0 0 0 0 0 0 0 0 0 0 0 
1751 10 0 0 0 0 0 0 0 0 0 0 0 
1752 10 0 0 0 0 0 0 0 0 0 0 0 
1753 10 0 0 0 0 0 0 0 0 0 0 0 
1754 10 0 0 0 0 0 0 0 0 0 0 0 
1755 10 0 0 0 0 0 0 0 0 0 0 0 
1756 10 0 0 0 0 0 0 0 0 0 0 0 
1757 10 0 0 0 0 0 0 0 0 0 0 0 
1758 10 0 0 0 0 0 0 0 0 0 0 0 
1759 10 0 0 0 0 0 0 0 0 0 0 0 
1760 10 0 0 0 0 0 0 0 0 0 0 0 
1761 10 82 0 0 0 0 0 0 0 0 0 0 
1762 10 83 0 0 0 0 0 0 0 0 0 0 
1763 10 0 0 0 0 0 0 0 0 0 0 0 
1764 10 0 0 0 0 0 0 0 0 0 0 0 
1765 10 0 0 0 0 0 0 0 0 0 0 0 
1766 10 0 0 0 0 0 0 0 0 0 0 0 
1767 10 0 0 0 0 0 0 0 0 0 0 0 
1768 10 0 0 0 0 0 0 0 0 0 0 0 
1769 10 0 0 0 0 0 0 0 0 0 0 0 
1770 10 0 0 0 0 0 0 0 0 0 0 0 
1771 10 0 0 0 0 0 0 0 0 0 0 0 
1772 10 0 0 0 0 0 0 0 0 0 0 0 
1773 10 0 0 0 0 0 0 0 0 0 0 0 
1774 10 0 0 0 0 0 0 0 0 0 0 0 
1775 10 0 0 0 0 0 0 0 0 0 0 0 
1776 10 0 0 0 0 0 0 0 0 0 0 0 
1777 10 0 0 0 0 0 0 0 0 0 0 0 
1778 10 0 0 0 0 0 0 0 0 0 0 0 
1779 10 0 0 0 0 0 0 0 0 0 0 0 
1780 10 0 0 0 0 0 0 0 0 0 0 0 
1781 10 0 0 0 0 0 0 0 0 0 0 0 
1782 10 0 0 0 0 0 0 0 0 0 0 0 
1783 10 0 0 0 0 0 0 0 0 0 0 0 
1784 10 0 0 0 0 0 0 0 0 0 0 0 
1785 10 0 0 0 0 0 0 0 0 0 0 0 
1786 10 0 0 0 0 0 0 0 0 0 0 0 
1787 10 0 0 0 0 0 0 0 0 0 0 0 
1788 10 0 0 0 0 0 0 0 0 0 0 0 
1789 10 0 0 0 0 0 0 0 0 0 0 0 
1790 10 0 0 0 0 0 0 0 0 0 0 0 
1791 10 0 0 0 0 0 0 0 0 0 0 0 
1792 10 0 0 0 0 0 0 0 0 0 0 0 
1793 10 0 0 0 0 0 0 0 0 0 0 0 
1794 10 0 0 0 0 0 0 0 0 0 0 0 
1795 10 0 0 0 0 0 0 0 0 0 0 0 
1796 10 0 0 0 0 0 0 0 0 0 0 0 
1797 10 0 0 0 0 0 0 0 0 0 0 0 
1798 10 0 0 0 0 0 0 0 0 0 0 0 
1799 10 93 0 0 0 0 0 0 0 0 0 0 
1800 10 94 0 0 0 0 0 0 0 0 0 0 
1801 10 95 0 0 0 0 0 0 0 0 0 0 
1802 10 96 0 0 0 0 0 0 0 0 0 0 
1803 10 0 0 0 0 0 0 0 0 0 0 0 
1804 10 0 0 0 0 0 0 0 0 0 0 0 
1805 10 98 0 0 0 0 0 0 0 0 0 0 
1806 10 99 0 0 0 0 0 0 0 0 0 0 
1807 10 0 0 0 0 0 0 0 0 0 0 0 
1808 10 0 0 0 0 0 0 0 0 0 0 0 
1809 10 0 0 0 0 0 0 0 0 0 0 0 
1810 10 0 0 0 0 0 0 0 0 0 0 0 
1811 10 0 0 0 0 0 0 0 0 0 0 0 
1812 10 0 0 0 0 0 0 0 0 0 0 0 
1813 10 0 0 0 0 0 0 0 0 0 0 0 
1814 10 0 0 0 0 0 0 0 0 0 0 0 
1815 10 0 0 0 0 0 0 0 0 0 0 0 
1816 10 0 0 0 0 0 0 0 0 0 0 0 
1817 10 0 0 0 0 0 0 0 0 0 0 0 
1818 10 0 0 0 0 0 0 0 0 0 0 0 
1819 10 0 0 0 0 0 0 0 0 0 0 0 
1820 10 0 0 0 0 0 0 0 0 0 0 0 
1821 10 0 0 0 0 0 0 0 0 0 0 0 
1822 10 0 0 0 0 0 0 0 0 0 0 0 
1823 10 0 0 0 0 0 0 0 0 0 0 0 
1824 10 0 0 0 0 0 0 0 0 0 0 0 
1825 10 0 0 0 0 0 0 0 0 0 0 0 
1826 10 0 0 0 0 0 0 0 0 0 0 0 
1827 10 0 0 0 0 0 0 0 0 0 0 0 
1828 10 0 0 0 0 0 0 0 0 0 0 0 
1829 10 0 0 0 0 0 0 0 0 0 0 0 
1830 10 0 0 0 0 0 0 0 0 0 0 0 
1831 10 103 0 0 0 0 0 0 0 0 0 0 
1832 10 104 0 0 0 0 0 0 0 0 0 0 
1833 10 0 0 0 0 0 0 0 0 0 0 0 
1834 10 0 0 0 0 0 0 0 0 0 0 0 
1835 10 106 0 0 0 0 0 0 0 0 0 0 
1836 10 107 0 0 0 0 0 0 0 0 0 0 
1837 10 0 0 0 0 0 0 0 0 0 0 0 
1838 10 0 0 0 0 0 0 0 0 0 0 0 
1839 10 0 0 0 0 0 0 0 0 0 0 0 
1840 10 0 0 0 0 0 0 0 0 0 0 0 
1841 10 0 0 0 0 0 0 0 0 0 0 0 
1842 10 0 0 0 0 0 0 0 0 0 0 0 
1843 10 110 0 0 0 0 0 0 0 0 0 0 
1844 10 111 0 0 0 0 0 0 0 0 0 0 
1845 10 112 0 0 0 0 0 0 0 0 0 0 
1846 10 113 0 0 0 0 0 0 0 0 0 0 
1847 10 114 0 0 0 0 0 0 0 0 0 0 
1848 10 115 0 0 0 0 0 0 0 0 0 0 
1849 10 116 0 0 0 0 0 0 0 0 0 0 
1850 10 117 0 0 0 0 0 0 0 0 0 0 
1851 10 118 0 0 0 0 0 0 0 0 0 0 
1852 10 119 0 0 0 0 0 0 0 0 0 0 
1853 10 0 0 0 0 0 0 0 0 0 0 0 
1854 10 0 0 0 0 0 0 0 0 0 0 0 
1855 10 0 0 0 0 0 0 0 0 0 0 0 
1856 10 0 0 0 0 0 0 0 0 0 0 0 
1857 10 0 0 0 0 0 0 0 0 0 0 0 
1858 10 0 0 0 0 0 0 0 0 0 0 0 
1859 10 0 0 0 0 0 0 0 0 0 0 0 
1860 10 0 0 0 0 0 0 0 0 0 0 0 
1861 10 0 0 0 0 0 0 0 0 0 0 0 
1862 10 0 0 0 0 0 0 0 0 0 0 0 
1863 10 0 0 0 0 0 0 0 0 0 0 0 
1864 10 0 0 0 0 0 0 0 0 0 0 0 
1865 10 0 0 0 0 0 0 0 0 0 0 0 
1866 10 0 0 0 0 0 0 0 0 0 0 0 
1867 10 0 0 0 0 0 0 0 0 0 0 0 
1868 10 0 0 0 0 0 0 0 0 0 0 0 
1869 10 0 0 0 0 0 0 0 0 0 0 0 
1870 10 0 0 0 0 0 0 0 0 0 0 0 
1871 10 0 0 0 0 0 0 0 0 0 0 0 
1872 10 0 0 0 0 0 0 0 0 0 0 0 
1873 10 0 0 0 0 0 0 0 0 0 0 0 
1874 10 0 0 0 0 0 0 0 0 0 0 0 
1875 10 0 0 0 0 0 0 0 0 0 0 0 
1876 10 0 0 0 0 0 0 0 0 0 0 0 
1877 10 0 0 0 0 0 0 0 0 0 0 0 
1878 10 0 0 0 0 0 0 0 0 0 0 0 
1879 10 0 0 0 0 0 0 0 0 0 0 0 
1880 10 0 0 0 0 0 0 0 0 0 0 0 
1881 10 0 0 0 0 0 0 0 0 0 0 0 
1882 10 0 0 0 0 0 0 0 0 0 0 0 
1883 10 0 0 0 0 0 0 0 0 0 0 0 
1884 10 0 0 0 0 0 0 0 0 0 0 0 
1885 10 0 0 0 0 0 0 0 0 0 0 0 
1886 10 0 0 0 0 0 0 0 0 0 0 0 
1887 10 0 0 0 0 0 0 0 0 0 0 0 
1888 10 0 0 0 0 0 0 0 0 0 0 0 
1889 10 0 0 0 0 0 0 0 0 0 0 0 
1890 10 0 0 0 0 0 0 0 0 0 0 0 
1891 10 0 0 0 0 0 0 0 0 0 0 0 
1892 10 0 0 0 0 0 0 0 0 0 0 0 
1893 10 0 0 0 0 0 0 0 0 0 0 0 
1894 10 0 0 0 0 0 0 0 0 0 0 0 
1895 10 0 0 0 0 0 0 0 0 0 0 0 
1896 10 0 0 0 0 0 0 0 0 0 0 0 
1897 10 0 0 0 0 0 0 0 0 0 0 0 
1898 10 0 0 0 0 0 0 0 0 0 0 0 
1899 10 0 0 0 0 0 0 0 0 0 0 0 
1900 10 0 0 0 0 0 0 0 0 0 0 0 
1901 10 0 0 0 0 0 0 0 0 0 0 0 
1902 10 0 0 0 0 0 0 0 0 0 0 0 
1903 10 0 0 0 0 0 0 0 0 0 0 0 
1904 10 0 0 0 0 0 0 0 0 0 0 0 
1905 10 0 0 0 0 0 0 0 0 0 0 0 
1906 10 0 0 0 0 0 0 0 0 0 0 0 
1907 10 0 0 0 0 0 0 0 0 0 0 0 
1908 10 0 0 0 0 0 0 0 0 0 0 0 
1909 10 0 0 0 0 0 0 0 0 0 0 0 
1910 10 0 0 0 0 0 0 0 0 0 0 0 
1911 10 0 0 0 0 0 0 0 0 0 0 0 
1912 10 0 0 0 0 0 0 0 0 0 0 0 
1913 10 0 0 0 0 0 0 0 0 0 0 0 
1914 10 0 0 0 0 0 0 0 0 0 0 0 
1915 10 0 0 0 0 0 0 0 0 0 0 0 
1916 10 0 0 0 0 0 0 0 0 0 0 0 
1917 10 0 0 0 0 0 0 0 0 0 0 0 
1918 10 0 0 0 0 0 0 0 0 0 0 0 
1919 10 0 0 0 0 0 0 0 0 0 0 0 
1920 10 0 0 0 0 0 0 0 0 0 0 0 
1921 10 0 0 0 0 0 0 0 0 0 0 0 
1922 10 0 0 0 0 0 0 0 0 0 0 0 
1923 10 0 0 0 0 0 0 0 0 0 0 0 
1924 10 0 0 0 0 0 0 0 0 0 0 0 
1925 10 0 0 0 0 0 0 0 0 0 0 0 
1926 10 0 0 0 0 0 0 0 0 0 0 0 
1927 10 0 0 0 0 0 0 0 0 0 0 0 
1928 10 0 0 0 0 0 0 0 0 0 0 0 
1929 10 0 0 0 0 0 0 0 0 0 0 0 
1930 10 0 0 0 0 0 0 0 0 0 0 0 
1931 10 0 0 0 0 0 0 0 0 0 0 0 
1932 10 0 0 0 0 0 0 0 0 0 0 0 
1933 10 0 0 0 0 0 0 0 0 0 0 0 
1934 10 0 0 0 0 0 0 0 0 0 0 0 
1935 10 0 0 0 0 0 0 0 0 0 0 0 
1936 10 0 0 0 0 0 0 0 0 0 0 0 
1937 10 0 0 0 0 0 0 0 0 0 0 0 
1938 10 0 0 0 0 0 0 0 0 0 0 0 
1939 10 0 0 0 0 0 0 0 0 0 0 0 
1940 10 0 0 0 0 0 0 0 0 0 0 0 
1941 10 0 0 0 0 0 0 0 0 0 0 0 
1942 10 0 0 0 0 0 0 0 0 0 0 0 
1943 10 0 0 0 0 0 0 0 0 0 0 0 
1944 10 0 0 0 0 0 0 0 0 0 0 0 
1945 10 0 0 0 0 0 0 0 0 0 0 0 
1946 10 0 0 0 0 0 0 0 0 0 0 0 
1947 10 0 0 0 0 0 0 0 0 0 0 0 
1948 10 0 0 0 0 0 0 0 0 0 0 0 
1949 10 0 0 0 0 0 0 0 0 0 0 0 
1950 10 0 0 0 0 0 0 0 0 0 0 0 
1951 10 0 0 0 0 0 0 0 0 0 0 0 
1952 10 0 0 0 0 0 0 0 0 0 0 0 
1953 10 0 0 0 0 0 0 0 0 0 0 0 
1954 10 0 0 0 0 0 0 0 0 0 0 0 
1955 10 0 0 0 0 0 0 0 0 0 0 0 
1956 10 0 0 0 0 0 0 0 0 0 0 0 
1957 10 0 0 0 0 0 0 0 0 0 0 0 
1958 10 0 0 0 0 0 0 0 0 0 0 0 
1959 10 0 0 0 0 0 0 0 0 0 0 0 
1960 10 0 0 0 0 0 0 0 0 0 0 0 
1961 10 0 0 0 0 0 0 0 0 0 0 0 
1962 10 0 0 0 0 0 0 0 0 0 0 0 
1963 10 0 0 0 0 0 0 0 0 0 0 0 
1964 10 0 0 0 0 0 0 0 0 0 0 0 
1965 10 0 0 0 0 0 0 0 0 0 0 0 
1966 10 0 0 0 0 0 0 0 0 0 0 0 
1967 10 0 0 0 0 0 0 0 0 0 0 0 
1968 10 0 0 0 0 0 0 0 0 0 0 0 
1969 10 0 0 0 0 0 0 0 0 0 0 0 
1970 10 0 0 0 0 0 0 0 0 0 0 0 
1971 10 0 0 0 0 0 0 0 0 0 0 0 
1972 10 0 0 0 0 0 0 0 0 0 0 0 
1973 10 0 0 0 0 0 0 0 0 0 0 0 
1974 10 0 0 0 0 0 0 0 0 0 0 0 
1975 10 0 0 0 0 0 0 0 0 0 0 0 
1976 10 0 0 0 0 0 0 0 0 0 0 0 
1977 10 0 0 0 0 0 0 0 0 0 0 0 
1978 10 0 0 0 0 0 0 0 0 0 0 0 
1979 10 0 0 0 0 0 0 0 0 0 0 0 
1980 10 0 0 0 0 0 0 0 0 0 0 0 
1981 10 0 0 0 0 0 0 0 0 0 0 0 
1982 10 0 0 0 0 0 0 0 0 0 0 0 
1983 10 0 0 0 0 0 0 0 0 0 0 0 
1984 10 0 0 0 0 0 0 0 0 0 0 0 
1985 10 0 0 0 0 0 0 0 0 0 0 0 
1986 10 0 0 0 0 0 0 0 0 0 0 0 
1987 10 0 0 0 0 0 0 0 0 0 0 0 
1988 10 0 0 0 0 0 0 0 0 0 0 0 
1989 10 0 0 0 0 0 0 0 0 0 0 0 
1990 10 0 0 0 0 0 0 0 0 0 0 0 
1991 10 0 0 0 0 0 0 0 0 0 0 0 
1992 10 0 0 0 0 0 0 0 0 0 0 0 
1993 10 0 0 0 0 0 0 0 0 0 0 0 
1994 10 0 0 0 0 0 0 0 0 0 0 0 
1995 10 0 0 0 0 0 0 0 0 0 0 0 
1996 10 0 0 0 0 0 0 0 0 0 0 0 
1997 10 0 0 0 0 0 0 0 0 0 0 0 
1998 10 0 0 0 0 0 0 0 0 0 0 0 
1999 10 0 0 0 0 0 0 0 0 0 0 0 
2000 10 0 0 0 0 0 0 0 0 0 0 0 
2001 10 0 0 0 0 0 0 0 0 0 0 0 
2002 10 0 0 0 0 0 0 0 0 0 0 0 
2003 10 0 0 0 0 0 0 0 0 0 0 0 
2004 10 0 0 0 0 0 0 0 0 0 0 0 
2005 10 0 0 0 0 0 0 0 0 0 0 0 
2006 10 0 0 0 0 0 0 0 0 0 0 0 
2007 10 0 0 0 0 0 0 0 0 0 0 0 
2008 10 0 0 0 0 0 0 0 0 0 0 0 
2009 10 0 0 0 0 0 0 0 0 0 0 0 
2010 10 0 0 0 0 0 0 0 0 0 0 0 
2011 10 0 0 0 0 0 0 0 0 0 0 0 
2012 10 0 0 0 0 0 0 0 0 0 0 0 
2013 10 0 0 0 0 0 0 0 0 0 0 0 
2014 10 0 0 0 0 0 0 0 0 0 0 0 
2015 10 0 0 0 0 0 0 0 0 0 0 0 
2016 10 0 0 0 0 0 0 0 0 0 0 0 
2017 10 0 0 0 0 0 0 0 0 0 0 0 
2018 10 0 0 0 0 0 0 0 0 0 0 0 
2019 10 0 0 0 0 0 0 0 0 0 0 0 
2020 10 0 0 0 0 0 0 0 0 0 0 0 
2021 10 0 0 0 0 0 0 0 0 0 0 0 
2022 10 0 0 0 0 0 0 0 0 0 0 0 
2023 10 0 0 0 0 0 0 0 0 0 0 0 
2024 10 0 0 0 0 0 0 0 0 0 0 0 
2025 10 0 0 0 0 0 0 0 0 0 0 0 
2026 10 0 0 0 0 0 0 0 0 0 0 0 
2027 10 0 0 0 0 0 0 0 0 0 0 0 
2028 10 0 0 0 0 0 0 0 0 0 0 0 
2029 10 0 0 0 0 0 0 0 0 0 0 0 
2030 10 0 0 0 0 0 0 0 0 0 0 0 
2031 10 0 0 0 0 0 0 0 0 0 0 0 
2032 10 0 0 0 0 0 0 0 0 0 0 0 
2033 10 0 0 0 0 0 0 0 0 0 0 0 
2034 10 0 0 0 0 0 0 0 0 0 0 0 
2035 10 0 0 0 0 0 0 0 0 0 0 0 
2036 10 0 0 0 0 0 0 0 0 0 0 0 
2037 10 0 0 0 0 0 0 0 0 0 0 0 
2038 10 0 0 0 0 0 0 0 0 0 0 0 
2039 10 0 0 0 0 0 0 0 0 0 0 0 
2040 10 0 0 0 0 0 0 0 0 0 0 0 
2041 10 0 0 0 0 0 0 0 0 0 0 0 
2042 10 0 0 0 0 0 0 0 0 0 0 0 
2043 10 0 0 0 0 0 0 0 0 0 0 0 
2044 10 0 0 0 0 0 0 0 0 0 0 0 
2045 10 0 0 0 0 0 0 0 0 0 0 0 
2046 10 0 0 0 0 0 0 0 0 0 0 0 

0 5 2 2 0.266667 8 -14 -12 -15 34 -13 -12 -13 -5 -14 31 -15 -18 -15 14 -15 -26 4 0.977778 88 -15 8 -15 3 -12 -24 -16 36 -12 -19 -13 39 -13 5 16 14 -20 -10 -24 -27 -12 14 -11 28 -11 19 -23 6 13 -15 -23 14 -10 1 -23 -14 14 -20 -19 25 -8 -29 -9 41 -23 44 -19 15 -18 -2 18 4 -20 -17 -18 -5 -19 -19 13 40 13 39 -14 35 20 20 -15 -9 -23 -29 10 45 -14 -10 -13 45 8 7 7 -8 -12 -31 -15 15 9 22 8 -11 -23 25 -10 -17 -16 22 -12 22 -10 45 16 19 -19 30 6 25 -17 11 -25 14 -8 5 8 35 -20 40 -16 15 -2 -12 -21 -22 -15 45 15 6 -15 32 -24 8 14 36 0 16 -13 6 -23 -21 -23 22 -13 34 6 -3 14 19 1 -15 -3 -29 -21 20 -21 -11 -22 -28 -9 -26 -6 -21 -2 10 7 -24 -12 5 -19 39 1 -6 7 -16 1 -19 0 -19 3 17 
1 5 2 2 0.235294 3 16 10 16 -6 11 14 4 0.981132 39 -22 18 -1 -12 5 -13 6 13 -1 -9 11 44 -11 13 5 -22 5 -21 -1 14 2 -18 12 38 -18 26 12 -21 -14 28 -11 -1 2 -6 -21 -24 -22 23 -3 -16 -1 -10 4 8 -10 4 -22 -5 -19 29 5 43 -1 -2 -18 32 0 2 1 25 8 12 -2 -2 -10 40 -7 -4 0 7 1 0 0 2 0 0 -22 -8 
2 5 2 2 0.905263 215 6 28 16 12 8 -17 8 -15 7 12 6 25 7 25 7 27 11 -26 14 12 15 -12 5 30 6 17 1 32 -1 40 1 23 14 -11 8 -5 7 40 9 35 -2 -27 15 20 6 -20 10 17 13 2 5 38 4 -12 9 -1 4 -11 14 31 0 36 3 21 6 -4 4 -11 1 13 3 11 14 -14 8 -3 5 13 13 5 13 15 13 13 3 4 6 -10 7 -19 9 14 13 41 3 -10 4 5 -3 -18 -1 27 3 -1 4 2 2 12 2 24 6 0 5 -7 0 6 15 -25 14 -15 4 -19 -3 40 8 21 4 -26 2 -8 2 1 13 31 3 6 -2 33 12 -24 14 -10 11 25 1 39 12 30 12 31 -1 11 12 -24 12 31 1 32 8 7 2 4 2 18 10 8 -3 36 -2 28 2 14 5 -23 2 19 11 39 2 9 -1 2 2 36 0 32 2 -9 0 -24 10 -12 -4 32 5 18 2 13 1 30 10 5 -2 -29 4 10 1 33 -3 18 3 -26 -3 1 -1 19 -6 34 -1 23 -1 21 -2 -7 2 40 8 -14 -2 -29 8 8 1 11 -3 8 2 1 -4 18 -1 6 -3 -12 5 20 -6 42 -5 16 -2 31 -3 5 0 34 -3 -10 4 40 -6 18 -15 26 -12 0 -14 35 -11 -25 -18 36 -16 35 -10 3 -9 -14 -9 8 -2 35 -11 12 -14 -26 -10 38 -9 40 -8 38 -2 26 -5 13 -14 40 -20 28 -20 -24 -6 38 -17 -8 -20 41 -20 27 -20 22 -13 40 -2 36 -20 39 -8 38 -12 39 -17 34 -20 -21 -19 44 -16 35 -14 28 -10 23 -16 43 -10 30 -14 -27 -9 11 -13 29 -9 24 -14 11 -17 38 -10 -19 -10 -23 -11 26 -10 33 -15 -8 -15 43 7 39 -13 -2 -17 43 -11 -34 -13 -9 -8 -18 -14 39 -8 37 -9 36 -11 -5 -11 24 -8 -19 -10 -5 -12 -22 -7 37 -9 34 -9 35 -6 32 -6 34 -11 13 -7 -31 0 42 -8 28 -6 41 -7 29 -10 4 -13 37 -7 6 -4 40 -4 34 -1 1 2 38 -5 38 -2 41 4 0.626087 90 15 21 21 -17 -2 12 14 17 14 13 13 32 5 -15 -4 18 3 41 13 38 0 15 15 -27 -7 -13 15 31 -8 23 1 -24 12 10 -3 14 -3 13 13 -5 13 12 11 -19 8 -1 -3 -11 13 4 9 41 2 -6 17 -9 -9 29 0 -22 16 0 10 -8 10 39 -10 43 -1 27 -6 41 16 -18 -2 -16 15 36 -2 28 0 -14 -11 35 15 -13 5 7 10 -29 14 10 -7 13 6 43 6 38 -13 -27 -3 -9 -16 2 -14 13 -10 2 -8 -9 -21 -14 -6 -23 -21 -8 9 32 -17 35 -6 -3 -11 32 -13 -24 -13 -20 -20 21 -9 11 -21 24 -10 18 -18 -20 -20 -17 -9 45 -20 -9 -19 -5 -7 -5 -12 37 -7 -2 -8 38 -8 42 -8 43 -22 34 -7 35 -22 37 2 -24 1 37 -3 43 -20 -15 -11 21 -20 -8 -20 -19 -16 27 
3 5 2 2 0.285714 1 -2 30 4 0.97561 10 -16 -17 2 42 2 28 -14 -7 -11 36 -15 -28 2 -3 -9 35 -5 -13 3 40 
4 5 2 2 0.2 1 3 10 4 0.984615 16 12 -26 11 8 -2 27 10 32 12 12 -9 8 -4 34 -8 -22 7 35 10 30 -12 36 -11 4 -9 5 -6 15 -6 10 -6 33 
5 5 2 2 0.941176 4 12 39 11 -29 10 33 10 42 4 0.5 1 6 33 
6 5 2 2 0.993548 77 9 -23 9 -21 7 7 -5 -27 -1 7 0 5 7 23 0 -6 5 25 4 -1 5 8 1 1 1 -27 -1 -18 4 18 3 6 -1 19 -3 -29 -11 -22 -5 9 -3 -22 3 21 -8 -24 0 3 -15 -29 -3 14 -10 -32 4 20 -9 -25 -9 -27 4 13 4 22 9 -23 -2 -14 -2 -16 -7 24 8 11 -3 7 -9 26 -3 28 -5 -4 -5 8 -9 18 -4 -7 -8 30 -7 -19 -14 30 -14 28 -15 7 -12 -5 -3 26 -2 25 -6 15 1 24 -2 -18 -2 4 7 11 7 -19 -9 -13 -4 3 -5 -26 -2 29 -8 24 -14 10 -8 7 7 -8 -11 27 -15 -18 -6 -9 -6 -16 -3 26 -1 0 -14 6 -4 26 -5 -2 -14 29 -9 -1 4 0.0941176 2 -8 17 -8 -11 
7 5 2 2 0.941593 133 3 32 -13 33 -15 32 -9 32 -8 32 -7 31 -10 31 -9 30 -11 30 3 30 -19 29 -16 27 -11 27 -8 26 -5 -26 -1 -32 -10 -27 -5 -30 -17 -3 -6 -27 -12 -21 -8 -15 -16 13 -20 9 -14 15 -9 24 -19 21 -6 22 -1 2 -15 -15 -15 -14 -13 12 -14 11 -19 23 -1 -27 -16 -17 -2 -24 -20 -29 2 -32 -20 -22 2 -16 -15 -29 -17 -29 -11 -6 -12 -9 -20 -20 -4 19 -1 0 -15 -31 3 -21 2 -14 3 -12 -6 9 -2 -25 0 3 0 20 -15 8 3 -4 -8 -23 -10 2 -7 10 -13 -6 1 -12 2 -12 -14 -26 -19 -10 -12 -15 -11 -2 -17 22 -16 25 4 -11 -10 9 -6 -8 -10 2 -19 -12 -13 11 3 6 -13 17 -10 -9 -14 -11 4 4 -16 23 4 5 0 -27 -11 20 -16 -2 -2 18 5 -28 -14 -14 -3 13 -13 25 0 -24 -5 -9 -9 9 -18 -16 -7 -29 -12 -14 9 20 -11 1 -20 -23 -9 16 -11 -2 -7 2 -16 9 -17 19 -13 -12 -17 5 -10 -16 -9 -13 -13 22 -7 -27 -17 3 -10 14 -19 -4 -8 5 -16 7 -20 -28 -10 0 -6 -20 -4 -17 -15 25 -18 13 -9 16 -3 -30 -17 15 -6 -33 -15 25 -12 19 -13 10 -3 -27 -4 1 -12 24 -10 18 4 0.498113 33 1 30 3 29 -16 -14 7 -6 6 8 -15 -2 7 19 -6 -26 -16 3 -9 17 -10 -24 -13 -10 -10 -15 -12 22 4 -23 -1 -27 -19 27 1 -4 10 -5 -18 -17 -1 -17 10 -1 5 4 -4 -6 10 2 -19 -25 8 19 -18 -3 -23 6 -18 7 3 21 -11 8 -13 10 
8 5 2 2 0.333333 1 -8 -22 4 0.969697 8 -21 13 2 25 -13 13 -17 13 -20 14 -22 20 -21 27 -18 26 
9 5 2 2 0.857143 21 8 -24 6 14 1 -12 -4 41 1 -27 -14 -29 2 -7 -5 -17 -19 -26 -16 -30 8 -27 -1 -21 -2 43 -15 -29 1 -27 0 -19 -3 -7 1 39 -7 29 -7 34 -6 32 4 0.727273 14 7 10 4 2 -15 -25 6 -13 -2 -9 -4 38 -10 -20 -5 -16 -3 -11 -3 -12 -6 33 1 39 -17 16 -4 33 
10 5 2 2 0.266667 1 5 -19 4 0.977778 11 11 -25 -6 -26 -9 3 -3 21 -9 31 5 -4 -10 39 -1 -9 -9 41 2 43 -15 -23 
11 5 2 2 0.987013 19 6 38 -3 24 0 26 -4 -25 -4 18 8 40 8 40 1 20 -3 4 3 19 4 5 -4 5 -4 24 3 26 -5 0 -3 27 6 24 1 24 5 21 4 0.173913 1 -5 9 
12 5 2 2 0.177778 2 8 36 8 -27 4 0.986667 37 4 43 6 -2 -12 3 -9 -5 -3 8 -8 -9 9 -27 -7 -8 -7 40 3 33 -11 45 -10 45 9 -14 5 -5 -10 28 10 19 2 34 -4 15 -8 6 -7 23 -4 16 -3 20 -2 5 -5 40 1 18 2 13 -3 14 -2 -26 -9 39 -3 -10 -1 12 1 2 9 4 7 -8 3 -17 10 -10 2 -6 
13 5 2 2 0.995781 59 14 42 0 44 1 44 3 43 -16 45 -20 45 -19 45 0 45 7 47 5 44 14 47 -13 45 -17 45 9 43 11 43 -2 45 0 45 7 45 4 44 4 45 -7 45 2 45 -1 46 2 46 -3 47 -3 46 -6 46 5 48 10 45 -12 46 10 45 0 47 -1 46 2 47 -13 46 -4 47 4 48 -7 47 -1 48 2 49 -9 46 -6 47 -5 47 2 48 -4 48 -6 48 2 49 -5 48 7 48 2 50 -5 49 10 48 -4 49 15 50 -2 49 -7 49 3 51 -12 51 2 50 4 0.0634921 1 -1 45 
14 5 2 2 0.258065 2 -2 -9 -4 30 4 0.978723 23 -5 28 7 5 0 -21 -4 23 5 -4 4 17 -15 13 -9 -25 -3 19 -13 0 -9 16 -4 31 3 -9 -4 -20 -13 12 -14 11 -14 -26 4 -13 5 -2 2 16 4 0 -5 -6 2 12 
15 5 3 2 0.967742 15 13 -35 8 29 11 -39 11 -13 9 -34 13 -5 6 21 10 -34 12 -10 6 12 11 -34 9 5 10 -28 15 36 4 7 3 0.2 1 -43 35 4 0.2 1 -5 13 
16 5 2 2 0.222222 1 14 21 4 0.982456 14 19 -1 19 20 19 16 18 -18 18 35 15 -24 4 -10 13 41 21 -18 11 0 25 -11 10 21 3 20 18 17 
17 5 3 2 0.909091 10 6 0 12 22 16 32 7 36 16 -18 6 38 7 41 16 -13 6 39 9 36 3 0.4 2 -43 -43 -43 56 4 0.4 2 20 -23 11 -13 
18 5 3 2 0.717949 28 12 -9 14 40 7 -7 16 39 15 34 13 -32 4 38 12 34 16 -7 14 -16 4 -28 16 7 8 -34 12 44 10 26 14 -21 8 -4 12 14 15 34 15 -5 10 30 5 -3 11 20 6 1 10 18 9 -6 11 -18 2 -33 3 0.148148 3 -28 76 -41 -21 37 25 4 0.841026 41 14 -27 25 36 18 -15 5 -10 12 -34 20 38 2 -19 16 13 17 -24 17 -27 1 0 6 -15 22 4 14 -1 16 38 16 37 -4 -27 22 10 8 -14 4 34 17 13 17 29 22 10 7 -39 -4 -29 3 -40 8 -37 12 -11 15 -5 -4 10 3 -41 13 10 15 -23 10 -35 11 -19 8 -14 4 -33 8 -17 21 30 19 30 24 27 
19 5 2 2 0.740741 5 0 -9 -13 3 -11 -4 -1 -11 -11 -5 4 0.848485 7 -18 14 -20 2 -18 11 -15 -16 -6 38 -7 34 -11 -20 
20 5 2 2 0.181818 4 10 -27 -18 -21 -6 42 -10 -10 4 0.986301 72 -7 -10 -16 -41 -15 5 -10 -18 0 -9 -24 -31 -17 -26 -22 10 -5 -18 -4 1 -6 29 -16 43 1 41 -21 -38 -8 -8 -2 -44 20 20 -1 -23 -15 -18 -22 -36 -8 -36 -3 41 -17 15 -17 11 -6 26 -13 -3 -15 -23 -4 -7 -22 -21 -22 -4 -11 -7 -6 -39 -11 -11 -9 -7 -7 -26 -7 -5 -12 -30 -14 26 6 -31 -4 -20 -12 45 -5 -4 -8 -31 16 -29 11 25 -17 -19 -7 -23 -22 -40 -2 -38 -18 -42 -6 12 -19 -31 -10 -41 -15 -26 3 43 -16 -26 -18 -28 -5 -40 0 -34 -20 -34 -11 1 -3 43 -17 -5 -12 -38 -15 -7 -6 -20 7 -31 -16 -28 4 11 -21 -26 -12 31 -13 34 
21 5 3 2 0.235294 9 11 -23 7 -22 13 38 13 36 16 -5 16 10 15 -23 16 13 14 19 3 0.0310078 1 37 -8 4 0.978903 116 23 -34 23 14 23 11 10 -16 19 5 17 -21 -10 -26 0 -40 19 14 24 -32 7 -28 16 33 -17 -42 -14 5 14 -13 -13 -20 17 -1 12 -34 10 15 -9 -41 7 -33 3 -12 2 29 3 17 4 3 9 -14 5 -9 14 40 18 -13 18 -11 -19 8 24 -14 7 34 6 45 11 24 7 26 17 45 25 6 5 -15 6 13 4 17 17 32 9 34 -7 15 25 -23 24 6 23 5 10 -33 15 10 16 31 -10 -9 11 32 -6 -23 5 32 7 43 2 -39 -9 18 22 2 17 33 -4 -11 -6 -19 23 -8 10 19 14 -21 -3 -29 11 -18 22 6 7 8 3 1 14 36 19 20 24 20 19 21 23 33 7 23 8 35 14 39 25 -8 12 6 10 -24 7 44 21 28 21 -10 14 36 8 14 19 -8 23 10 22 17 20 45 5 43 23 -17 12 41 13 -4 24 -5 18 -2 7 -11 11 -4 10 41 21 33 19 -4 12 30 5 32 11 43 13 43 10 44 14 41 11 27 3 21 13 22 10 35 -5 25 -4 26 -9 24 -9 25 -1 32 -20 22 
22 5 2 2 0.363636 2 15 22 14 -34 4 0.965517 14 -20 -33 15 -32 19 -29 -12 -40 4 -33 6 -27 5 -27 14 -36 -19 -37 -5 -37 -19 -33 -17 -36 -24 -34 -15 -33 
23 5 2 2 0.952381 10 2 -27 10 23 -8 -35 -2 -32 7 -32 -9 20 -4 -31 -10 -31 2 -3 -7 -12 4 0.444444 2 14 -11 -13 -1 
24 5 2 2 0.631579 3 0 -37 5 -36 -4 -37 4 0.903226 7 14 -34 5 -33 -11 39 1 -26 -1 -32 -6 -39 -8 25 
25 5 2 2 0.153846 1 -10 -16 4 0.988764 22 5 -30 5 -33 -15 -31 -16 29 -1 -10 -13 33 -19 -5 -13 32 -12 -30 -6 -29 -13 -1 -13 -4 -8 34 -20 -9 0 8 -12 16 -12 -8 -1 -24 -8 -28 -6 -37 1 -29 9 -22 
26 5 2 2 0.470588 2 -5 35 -4 40 4 0.947368 9 2 35 7 -37 3 37 7 9 3 38 4 32 -5 -34 6 -36 -19 -34 
27 5 2 2 0.949416 61 8 -19 16 33 4 -26 7 -16 9 -15 5 -19 13 -32 6 -33 16 -29 13 -35 0 -35 9 -35 1 -34 -1 -34 -1 -37 -2 -40 -13 -42 11 -36 -2 -40 -5 -34 -6 -35 -5 -30 -6 -34 -1 -34 -2 -35 -9 -38 -7 -34 -11 -38 -14 -33 -13 -40 -4 -33 3 -34 4 -37 -6 -35 -4 -35 -16 -33 -5 -34 -9 -34 -4 -38 2 -37 0 -40 -9 -34 -11 -36 -10 -40 -20 4 -12 -35 -2 -34 -1 42 -12 -37 2 -33 -17 -38 1 -38 -3 39 -10 3 -8 13 -7 1 -12 -6 -2 -1 -5 23 4 -7 -3 0 4 0.460177 13 12 -32 -5 -31 6 -37 17 -33 1 -37 -17 -35 -3 -35 -23 -36 -4 -27 -8 -34 2 -33 -18 -36 -13 -32 
28 5 2 2 0.8 14 -8 -11 -3 4 0 36 -5 4 0 -37 -5 -12 -1 -37 3 24 2 6 0 5 -5 -34 -5 -31 -7 8 -8 6 4 0.8 14 1 -21 3 -9 1 -3 -11 38 3 -6 1 -34 -17 -37 2 -10 -1 -5 -3 12 -4 -35 -6 -12 -13 36 0 35 
29 5 2 2 0.121212 1 -18 -37 4 0.991453 29 -11 -37 -16 34 -9 10 -8 18 -9 -12 1 29 -12 -38 -4 -33 1 -38 2 -8 -15 -7 -18 15 -8 -43 -17 -13 -6 -44 13 -30 -9 -38 6 -31 0 -39 13 -40 2 -42 -12 -39 6 -28 -11 -40 -4 -40 -4 -41 5 -40 -7 -42 -11 -41 
30 5 2 2 0.266667 1 16 42 4 0.977778 11 10 13 20 7 25 23 26 18 26 20 18 43 8 16 25 5 22 30 13 -32 13 -19 
31 5 2 2 0.97479 87 15 -20 16 40 14 21 17 4 14 -2 14 45 16 17 16 -10 14 29 19 -17 13 42 15 15 14 23 11 -25 14 -6 13 4 14 -20 13 35 14 -18 15 6 14 10 13 39 13 -16 16 1 16 4 13 -21 11 25 12 41 16 31 12 45 11 -25 14 17 10 -29 13 8 11 38 12 45 10 45 12 18 15 -20 14 16 15 44 11 -3 15 -28 12 10 12 11 12 -27 9 -15 11 -29 8 -15 11 41 11 15 9 8 16 36 10 42 9 2 11 44 9 27 8 8 7 34 10 31 8 39 10 27 8 -15 12 9 7 44 8 37 9 29 12 47 18 41 6 40 4 -9 7 -7 6 36 5 1 10 -4 5 21 8 36 5 22 6 -8 4 20 8 -32 6 38 5 -22 6 8 16 49 8 33 6 -4 4 0.292683 9 18 3 18 33 17 -12 24 -5 8 -14 20 -25 10 29 26 -19 21 -7 
32 5 2 2 0.307692 1 18 14 4 0.972973 9 12 12 19 -11 21 8 21 13 13 -6 13 -15 6 28 19 -20 21 -20 
33 5 2 2 0.979592 12 15 -12 13 24 12 -33 9 -33 13 38 8 -33 14 9 13 -7 11 -35 10 -36 14 -14 2 -35 4 0.25 1 23 -32 
34 5 3 2 0.625 5 -17 -36 -15 -32 -13 -19 -12 -19 -12 -17 3 0.88 11 33 61 28 -30 20 82 16 75 -25 32 24 28 -14 87 6 36 -22 43 -20 38 13 81 4 0.2 1 -23 16 
35 5 2 2 0.5 4 -13 24 -3 -22 -2 -39 -2 -42 4 0.941176 16 -1 5 -19 38 -4 36 -8 42 -13 32 -10 6 -21 22 -14 -30 -21 -31 -23 -33 -20 -38 4 -34 -19 19 -12 -41 -16 -40 -23 24 
36 5 4 0 0.533333 2 5 75 10 75 2 0.666667 3 17 -34 17 -35 19 16 3 0.533333 2 27 -65 42 -20 4 0.533333 2 21 -41 10 13 
37 5 2 2 0.985507 17 19 -42 19 -13 18 22 17 -39 20 -9 17 19 18 -41 19 37 15 -53 13 32 16 -52 20 26 15 -34 13 -36 16 -30 16 -24 17 -25 4 0.190476 1 15 -33 
38 5 2 2 0.137931 1 14 -52 4 0.990099 25 12 38 14 36 24 -2 26 -5 14 0 14 -2 22 27 11 17 25 26 3 -45 16 -26 22 -42 15 -41 22 -42 18 -37 10 -44 6 6 23 -32 19 -39 11 26 6 8 17 -44 18 -34 22 -41 14 -40 
39 5 2 2 0.888889 2 19 -43 14 -34 4 0.666667 1 7 32 
40 5 2 2 0.941176 4 19 -4 15 -41 21 0 20 -5 4 0.5 1 23 -39 
41 5 2 2 0.933333 14 18 -31 17 -25 17 -22 16 -31 20 -19 17 -22 17 21 18 4 16 -33 14 0 14 10 15 -25 11 -25 15 3 4 0.533333 4 16 -30 18 -10 15 -35 12 -23 
42 5 2 2 0.333333 1 7 -44 4 0.969697 8 26 4 15 -4 13 -42 17 27 17 -29 -14 -45 -11 -41 12 -40 
43 5 3 2 0.75 3 16 -41 3 -39 8 -39 3 0.4 1 41 -29 4 0.75 3 24 -33 25 -26 19 -38 
44 5 2 2 0.985915 35 21 -18 21 -14 12 -29 12 -23 18 2 20 -30 19 -36 18 -35 20 -2 12 -15 16 -39 14 -40 16 -37 14 -36 13 -42 15 -44 14 -40 7 -42 12 -44 -9 -47 -7 -45 -1 -42 -6 -40 -11 -41 -9 -39 -18 -40 -20 -39 -5 -43 9 -47 -9 -43 -13 -42 0 -38 -12 -45 11 -43 -4 -40 4 0.186047 2 25 2 -19 -42 
45 5 2 2 0.666667 1 -3 -40 4 0.888889 2 -7 -40 -23 -39 
46 5 2 2 0.421053 2 11 -52 14 -47 4 0.956522 11 -19 -36 16 -43 -1 -42 -8 -36 7 -37 19 -39 6 -42 19 -42 0 -35 3 -42 15 -43 
47 5 2 2 0.571429 1 -15 -48 4 0.923077 3 -13 -43 -3 -43 3 -40 
48 5 2 2 0.994083 42 -3 -42 9 -41 -1 -42 -7 -43 -5 -43 -16 -42 -7 -46 -6 -41 1 -44 6 -47 10 -44 -18 -42 -18 -43 -2 -44 -8 -44 4 -42 -1 -52 -14 -49 8 -46 -4 -45 -11 -43 -3 -51 -9 -44 -4 -51 -8 -47 -13 -45 -12 -45 -5 -49 -8 -44 6 -41 10 -48 -12 -46 5 -43 -9 -53 -6 -49 -10 -48 7 -48 -14 -49 0 -50 0 -50 2 -49 3 -45 4 0.0869565 1 -23 -40 
49 5 2 2 0.5 1 2 -52 4 0.941176 4 -11 -45 -7 -45 -7 -44 -18 -44 
50 5 4 0 0.978208 101 6 76 4 76 4 92 -3 28 -17 93 -7 59 -6 60 -11 63 -4 59 -4 64 -11 62 -10 23 -12 60 23 -51 14 -4 -15 27 -2 47 0 57 -6 66 -5 21 -2 58 -6 75 15 -31 -3 31 -9 58 -2 59 -9 75 -4 64 -7 28 -15 74 4 52 -13 49 16 -33 -8 54 -14 48 16 2 -1 64 2 35 -14 30 -12 42 -4 32 3 59 -22 30 7 61 -17 53 -19 43 -15 42 -13 30 -12 47 0 66 -20 45 -17 59 2 67 1 65 -3 70 -10 57 -21 48 1 31 2 31 2 57 -9 53 2 64 -15 67 -16 42 -16 43 -8 68 -16 45 -22 40 -23 39 13 -33 8 69 -3 51 3 63 -15 48 -4 33 -13 43 2 68 15 -56 6 48 13 -49 3 20 7 61 -22 22 0 17 -7 35 -4 52 -22 20 -4 45 18 18 -2 68 -16 74 -5 51 19 -55 -20 35 3 65 20 -52 0 50 1 47 -2 41 -10 71 -4 38 2 0.0353982 1 15 53 3 0.21374 7 -32 100 15 -77 -22 15 -12 22 31 -6 20 -41 24 28 4 0.0353982 1 18 -10 
51 5 4 0 0.210526 1 -11 85 2 0.923077 12 12 51 11 51 8 52 14 53 -15 51 -14 52 -12 51 -3 52 -4 52 -2 53 -1 51 14 50 3 0.210526 1 25 32 4 0.363636 2 -12 43 -11 44 
52 5 2 0 0.190476 1 4 86 3 0.985507 17 18 32 -29 40 23 1 34 -71 23 -27 30 17 29 -27 34 -80 38 -10 27 -60 35 -6 -29 36 33 -40 25 56 35 -7 35 -1 31 -30 
53 5 2 0 0.923077 3 12 -25 19 20 17 -27 3 0.571429 1 40 32 
54 5 2 0 0.133333 1 3 48 3 0.990476 26 7 97 33 -20 33 54 22 -50 37 80 36 -17 36 44 38 -64 14 98 26 -75 27 64 30 64 25 58 23 19 12 88 12 92 34 85 19 -69 20 89 30 64 29 75 18 87 22 79 28 71 19 72 4 87 
55 5 2 0 0.909091 5 17 44 15 58 12 68 21 -11 16 33 3 0.615385 2 38 21 28 72 
56 5 2 0 0.923077 6 11 47 25 31 18 48 16 58 16 29 20 27 3 0.571429 2 22 32 26 65 
57 5 2 0 0.973294 82 1 88 -1 89 15 37 11 22 -1 88 11 19 15 27 11 38 16 53 13 45 18 50 18 -67 13 42 7 33 18 56 18 -57 -11 91 -17 90 8 56 7 49 -15 91 13 36 13 55 9 52 -12 88 6 62 11 56 7 27 12 70 17 -61 13 37 7 68 7 22 9 57 6 33 22 14 6 24 7 34 6 65 15 42 7 40 14 67 -24 35 5 37 18 -58 -21 30 17 -55 -20 28 15 55 -18 88 18 30 17 -19 16 48 11 -27 15 -36 16 28 17 -8 17 8 25 35 8 75 18 -21 16 -39 14 -66 4 49 14 -6 21 7 19 24 19 46 21 -47 17 19 20 -70 17 70 23 -47 21 36 18 -45 19 -53 19 -43 4 90 20 -38 19 -46 23 5 18 70 3 0.305085 9 31 13 29 62 9 80 -28 79 -30 36 40 27 13 49 24 -69 13 97 
58 5 3 0 0.5 1 20 -45 3 0.857143 3 28 47 31 55 34 -69 4 0.5 1 19 -8 
59 5 2 0 0.444444 1 -6 71 3 0.952381 5 -37 31 -26 91 -43 42 20 21 -31 34 
60 5 2 0 0.631579 3 17 -33 19 -61 24 -49 3 0.903226 7 27 -52 18 23 26 16 37 41 17 32 30 37 22 9 
61 5 3 0 0.148148 1 -23 27 3 0.977778 22 -28 26 -23 26 20 18 -43 33 -35 35 -18 42 -35 39 -26 22 -41 68 -41 38 -41 37 -37 31 -26 10 -40 74 -40 36 -39 31 -44 27 -42 19 -26 42 -44 27 -25 43 18 58 4 0.148148 1 -17 42 
62 5 2 0 0.941176 4 3 23 4 21 0 49 -2 48 3 0.5 1 24 59 
63 5 3 0 0.482759 7 25 -50 20 -48 9 55 6 59 -1 31 4 31 25 66 2 0.1 1 20 -16 3 0.935484 29 31 -93 42 -24 23 -35 41 -2 41 73 35 7 42 -40 30 29 36 70 40 29 44 13 43 14 27 35 41 -31 27 19 -13 8 41 27 30 28 10 31 39 -68 35 -48 36 31 43 35 38 -31 41 -81 19 3 18 45 28 15 43 43 
64 5 5 0 0.675106 40 1 57 20 64 23 56 20 -54 25 55 12 55 3 23 12 56 10 55 19 67 18 61 20 81 -10 90 21 89 -21 85 -10 85 -21 53 -22 65 -18 82 -6 27 -22 84 18 79 15 72 18 91 22 87 22 92 -24 92 21 81 -17 85 22 84 24 91 -21 52 24 85 24 1 18 -75 17 -39 18 -21 22 -78 20 -80 16 -79 1 0.151515 5 12 39 -4 39 12 39 17 16 17 -26 2 0.0952381 3 18 28 17 21 16 32 3 0.785965 56 39 -35 42 -42 32 49 39 43 39 45 31 9 -3 72 37 -34 40 51 41 -75 21 64 6 19 3 69 40 -10 45 -2 35 39 37 -12 35 -58 38 -5 30 -36 41 -33 42 -62 38 -56 43 -71 42 -29 7 34 38 93 44 40 -29 86 33 90 -43 80 28 83 -34 95 42 -1 34 40 39 86 38 41 30 90 27 -68 -37 100 -34 87 -6 16 -14 20 23 0 20 14 -1 23 28 -11 -13 25 12 23 26 -22 6 74 17 -25 19 17 7 80 -38 9 -17 25 4 0.333333 13 10 31 10 9 20 29 11 16 13 2 22 20 9 -8 21 20 23 13 13 25 8 -7 26 34 20 32 
65 5 4 0 0.8 10 22 43 -15 53 20 52 23 51 12 52 -16 66 22 43 25 42 11 51 -12 53 2 0.307692 2 21 -30 21 -29 3 0.307692 2 28 -90 -23 93 4 0.631579 6 21 -28 20 -27 23 -22 17 -30 25 -32 18 -31 
66 5 3 0 0.923077 12 -23 83 -21 83 -11 77 -21 81 -16 63 -16 76 -22 73 -20 74 -21 76 -24 76 -21 73 -22 69 3 0.210526 1 -13 90 4 0.48 3 -24 -29 -25 -10 -25 -18 
67 5 2 0 0.976744 42 17 65 25 24 25 25 25 31 24 27 23 24 23 25 21 -4 24 10 11 77 12 74 7 61 10 86 9 90 14 93 14 68 -6 34 14 87 15 89 6 57 7 93 19 80 7 72 -8 88 -5 84 14 74 13 81 13 73 -7 31 22 83 14 82 15 79 1 86 0 85 18 74 6 92 10 85 -6 92 -16 51 -9 28 2 77 -2 53 3 0.275862 4 24 84 23 83 35 95 28 100 
68 5 3 0 0.833333 5 5 82 -18 53 -18 49 -7 83 -22 27 2 0.333333 1 21 39 3 0.666667 3 22 26 23 42 -14 23 
69 5 2 0 0.727273 4 -4 77 23 26 21 17 20 16 3 0.857143 6 -14 16 -22 73 13 82 34 24 25 -1 -27 73 
70 5 3 0 0.8 3 -13 40 -21 40 -14 42 2 0.666667 2 21 -12 17 33 3 0.444444 1 -23 76 
71 5 2 0 0.923077 3 -1 18 -7 60 -12 18 3 0.571429 1 -6 30 
72 5 4 0 0.111111 1 -11 69 2 0.111111 1 21 -8 3 0.97561 30 -1 92 -9 39 -15 92 1 22 -16 70 -20 91 -6 99 -43 -93 -44 17 -10 44 -10 39 -10 97 7 93 -35 64 -23 88 -10 58 -37 67 -24 98 -34 74 -25 69 -15 69 -14 96 -31 81 -32 90 -44 44 -19 95 -40 86 -7 93 -19 95 -12 92 4 0.111111 1 -25 38 
73 5 2 0 0.125 1 5 82 3 0.99115 28 33 55 40 -5 38 -12 27 -54 39 40 30 55 34 3 38 -5 33 3 37 -30 42 -32 40 -29 17 48 33 29 -13 69 45 12 36 43 30 -31 36 29 43 21 38 52 25 -50 33 57 25 85 43 -12 42 -28 41 43 42 -41 
74 5 3 0 0.717949 7 24 -1 23 0 23 81 17 73 22 53 22 -48 16 9 2 0.333333 2 20 9 18 22 3 0.8 9 39 -78 42 -46 26 99 40 5 2 17 37 42 40 40 43 -5 -10 26 
75 5 2 0 0.235294 1 9 33 1 0.981132 13 17 25 15 36 15 35 15 28 15 29 13 29 14 32 17 36 16 36 17 -9 17 25 15 24 17 26 
76 5 3 0 0.307692 1 18 2 1 0.307692 1 17 -33 3 0.941176 8 14 68 18 14 19 13 21 12 19 -86 29 -77 25 -22 25 -90 
77 5 2 0 0.571429 1 23 -67 3 0.923077 3 29 -84 28 -82 -8 98 
78 5 2 0 0.666667 1 17 -67 3 0.888889 2 -18 60 -23 62 
79 5 2 0 0.989691 24 17 -71 -21 36 -6 19 2 79 -8 78 18 -72 20 -8 -12 32 -19 19 5 19 -5 51 0 22 -7 52 -1 46 -7 32 -14 31 -1 60 -4 78 -12 25 -5 -13 -10 23 -20 30 -10 48 -17 28 3 0.142857 1 -9 61 
80 5 4 0 0.727273 6 22 -65 23 -38 20 -79 25 -89 24 -29 25 -30 1 0.380952 2 -11 38 -8 39 3 0.727273 6 21 -31 22 60 31 13 22 16 0 -73 43 -43 4 0.222222 1 13 -42 
81 5 3 2 0.727273 4 21 38 21 30 21 35 20 31 3 0.307692 1 37 -4 4 0.8 5 17 44 16 30 23 35 18 32 20 38 
82 5 3 0 0.727273 2 24 -92 25 -31 3 0.5 1 28 -39 4 0.727273 2 -24 3 -23 -43 
83 5 3 0 0.108108 1 20 60 3 0.976378 31 40 -99 37 -99 43 -19 39 -98 43 -29 29 -85 37 31 31 -84 34 -90 -2 97 42 25 36 62 -14 -96 43 18 39 -48 41 -48 38 13 43 -5 42 -75 42 59 43 -23 37 -72 30 1 32 9 42 -96 35 19 36 44 33 17 38 31 25 -24 40 14 4 0.2 2 26 19 -23 -35 
84 5 4 0 0.888889 12 25 -20 24 -18 24 49 15 66 22 64 11 58 3 57 12 65 -4 44 -5 43 5 46 -9 42 2 0.190476 1 20 -14 3 0.333333 2 29 98 29 92 4 0.444444 3 20 27 -21 36 -22 14 
85 5 2 3 0.235294 1 35 -32 4 0.981132 13 20 9 23 -3 17 1 19 0 24 -13 18 -5 22 -26 25 9 23 -18 19 -4 23 -8 17 -13 21 -25 
86 5 2 2 0.909091 10 16 -26 21 -29 21 -32 15 -37 19 -40 21 -40 21 14 21 -40 21 15 20 23 4 0.615385 4 16 -37 18 -38 22 -43 14 -44 
87 5 4 0 0.5 1 -8 51 2 0.5 1 21 41 3 0.727273 2 33 73 34 73 4 0.5 1 25 45 
88 5 2 3 0.8 3 37 57 41 14 43 -78 4 0.8 3 21 -1 22 45 19 38 
89 5 3 2 0.117647 1 19 -19 3 0.117647 1 -41 -61 4 0.983051 29 20 23 14 -4 16 40 19 -14 18 1 20 -31 12 1 13 -13 21 -15 23 4 21 -19 22 40 10 -43 19 -33 26 -40 17 -45 23 17 16 43 23 -40 23 14 26 36 22 14 23 41 -22 35 -22 -40 -24 23 -24 25 -24 28 -22 16 
90 5 3 0 0.421053 2 24 -16 13 -45 1 0.25 1 14 -35 3 0.930233 10 28 -86 19 -95 20 -75 27 -76 35 -40 24 48 33 16 24 -88 33 7 23 12 
91 5 3 0 0.717949 7 14 -79 12 -84 10 -76 13 -75 13 -48 14 -39 13 7 1 0.333333 2 14 -19 14 -16 3 0.8 9 26 51 12 44 0 82 15 30 13 32 7 77 2 77 26 -44 28 15 
92 5 2 0 0.980132 37 13 3 21 -87 14 2 22 -85 13 -39 17 -76 20 -3 13 -34 16 -13 13 -29 -4 72 17 25 16 -18 16 -66 17 12 -5 73 13 8 16 -42 14 17 11 -20 13 -36 15 -2 9 -21 14 -9 16 -25 11 6 -12 73 14 -46 10 -59 -6 71 16 -59 14 -32 16 36 15 -62 7 6 13 -70 5 5 3 0.244898 3 24 46 32 -77 33 -36 
93 5 2 0 0.984615 16 10 2 12 17 10 14 5 -41 9 -69 5 8 7 -46 3 -41 6 -7 9 -79 7 -60 7 -22 4 13 4 11 14 44 8 11 1 0.2 1 11 2 
94 5 3 0 0.727273 8 9 16 8 36 3 -81 4 29 3 -70 11 5 4 -48 4 -59 1 0.5 4 7 1 6 -14 9 28 9 23 3 0.727273 8 13 -86 11 13 9 19 1 -10 1 -12 -32 62 13 -15 3 -21 
95 5 3 0 0.788732 14 7 -38 8 -38 7 -32 15 -66 24 -65 10 -65 3 -29 9 -10 15 1 5 -31 9 4 11 -1 14 -25 2 -54 1 0.454545 5 6 18 13 10 9 25 11 -3 13 25 3 0.677966 10 19 43 17 57 9 -18 14 33 14 -13 18 16 0 46 10 35 17 -84 2 66 
96 5 3 0 0.436137 35 22 -18 20 -6 8 -26 5 -28 0 49 3 -16 8 -15 9 -15 11 -84 10 -68 6 12 5 -16 -1 -49 10 -18 4 -7 5 20 10 -46 -9 78 11 -11 7 22 17 -87 22 -91 10 8 10 -60 14 -31 17 -71 9 -73 10 -58 4 -59 9 18 5 -45 6 -61 1 -59 3 -30 7 -39 1 0.908555 154 10 28 13 -3 11 -14 10 -1 7 39 14 0 12 3 10 -20 14 25 6 11 10 30 5 -3 4 -3 12 9 7 12 11 2 13 -9 12 31 10 37 16 22 10 -20 6 38 7 -1 5 -14 5 20 7 19 14 2 12 22 8 -23 13 8 11 8 14 -23 10 7 14 1 11 -30 9 -1 9 -22 8 22 11 14 16 24 9 12 9 23 6 5 11 1 12 -2 13 6 10 -3 11 -29 3 6 7 37 5 8 13 21 8 18 9 -4 6 -13 3 10 9 -19 16 19 12 -3 14 36 12 34 3 2 14 30 9 35 13 35 4 -23 14 -24 7 24 13 4 11 32 9 -29 11 -2 8 -11 8 16 14 -15 11 11 12 35 17 -16 14 -15 12 -30 13 21 11 -17 15 -15 6 33 11 23 7 -24 11 35 17 -30 14 -10 3 -30 5 24 6 23 11 38 10 10 13 30 9 -28 10 -33 6 -9 16 21 12 14 13 2 11 28 12 37 2 -32 7 7 11 20 12 -21 11 21 9 20 9 39 8 22 17 19 17 14 12 33 14 37 13 38 6 -9 13 -12 6 1 14 12 2 -27 11 -30 7 -5 12 -20 6 -24 14 -12 12 30 14 -6 11 13 4 13 14 -35 16 -36 7 38 9 17 17 -24 3 12 6 -11 13 -25 4 29 3 14 4 6 6 26 9 -33 7 -34 5 -33 5 -17 1 -32 9 -32 8 25 7 -29 6 25 6 27 7 -12 8 -7 3 0.363636 27 16 -29 9 -4 10 -90 0 52 19 -92 17 -92 18 -65 14 -63 6 45 -12 80 17 -60 19 -59 13 49 -17 89 7 -20 1 57 7 18 10 -70 19 -15 3 10 10 -48 -20 15 9 -38 -11 -87 -43 -98 7 -63 8 -79 
97 5 3 0 0.363636 2 12 33 4 -76 1 0.210526 1 11 -28 3 0.945455 13 -42 81 14 -37 11 -47 16 -19 2 -42 20 8 2 24 13 6 1 -39 5 -2 12 8 5 -97 28 -20 
98 5 3 0 0.972222 35 11 18 10 -85 15 21 10 -33 16 27 11 -37 12 27 3 -72 11 -19 13 15 12 -75 6 -9 11 -76 12 21 8 -1 10 25 8 22 10 30 19 -68 8 19 9 -47 7 -73 17 -34 18 -32 5 -33 7 -48 5 -44 11 -65 18 1 4 22 7 -70 16 -60 7 35 14 -57 12 -32 1 0.25 3 9 -29 7 -9 8 9 3 0.0952381 1 31 -11 
99 5 2 0 0.695652 4 12 -30 4 -76 3 -3 7 -59 3 0.875 7 -12 -67 16 35 8 14 17 34 9 -20 8 -79 11 37 
100 5 3 0 0.0421053 2 -3 68 2 60 1 0.988764 176 16 -5 17 -2 15 -20 17 -34 17 8 14 -23 17 -33 9 -13 10 -1 9 -18 10 -1 7 -19 11 -38 9 4 10 -32 16 -35 6 -5 9 -4 10 3 12 3 8 14 13 13 11 10 11 -23 8 -36 13 -22 7 -7 7 18 8 -19 12 -18 7 -22 9 -38 11 -1 6 0 14 -11 6 -28 11 -35 14 -30 16 -25 7 -31 8 19 11 8 10 -39 8 -22 5 -12 9 -12 5 3 9 -31 15 -24 9 -20 8 -19 13 -28 11 2 9 -38 8 -20 7 -27 6 9 8 19 7 -14 6 10 12 -28 15 -37 16 27 9 5 7 -35 16 11 6 -19 10 3 7 -27 9 -16 7 -17 8 21 11 2 14 11 8 -19 11 -23 12 -27 9 22 14 19 12 20 13 -23 16 19 12 -27 7 -27 13 0 13 15 8 -35 10 -8 12 -30 14 -3 12 14 7 14 7 -29 8 23 5 24 14 18 16 29 5 -23 7 22 13 -18 6 21 8 27 14 8 7 -7 14 -4 9 18 12 -14 15 13 6 -12 15 5 8 -10 12 -28 10 -15 15 1 11 -1 8 24 11 -24 15 -1 8 -6 13 14 10 -30 11 -31 14 -32 11 25 12 6 10 16 12 -14 9 19 10 14 14 24 14 -10 10 21 15 1 12 -19 15 4 7 -4 11 -14 13 7 6 -36 14 -35 11 22 11 -25 13 -32 11 -36 14 0 14 -27 13 6 6 27 9 16 12 -10 3 34 14 1 4 29 13 -2 7 -35 9 26 11 23 6 30 8 15 12 23 2 36 8 32 14 23 7 29 6 26 10 34 3 28 10 27 7 34 13 28 8 29 9 33 9 32 6 33 7 36 11 26 3 0.118812 6 -17 80 14 -15 -26 25 19 -12 6 34 6 32 
101 5 3 0 0.717949 7 -17 16 -12 17 -10 14 -12 76 -15 16 -7 15 -16 44 1 0.666667 6 -15 39 -14 38 -1 38 1 38 -16 36 -15 36 3 0.606061 5 -30 5 -14 5 -27 54 -5 10 -28 61 
102 5 3 0 0.247273 17 -23 14 -11 -18 -21 0 -20 3 -15 11 -14 12 -22 -50 -24 -50 -20 1 -21 -39 -21 -56 -16 31 -22 -13 -18 -30 -16 -77 -21 8 -22 -7 1 0.0515021 3 -15 31 4 11 5 15 3 0.976077 204 -6 9 -29 8 -35 45 -31 -21 -32 -11 -23 -31 -24 -20 -36 38 -32 -63 -23 -23 -20 -3 -25 34 -17 -33 -23 36 -22 -42 -26 49 -24 -64 -26 12 -20 25 -23 47 -20 18 -21 -22 -25 -36 -22 -47 -23 -17 -18 -6 -22 -61 -20 -89 -26 -28 -27 -59 -24 -39 -27 -7 -24 5 -13 -1 -19 -20 -29 -34 -29 -48 -25 -24 -27 -29 -26 1 -28 -5 -12 -19 -26 -22 -12 -5 -12 -16 -30 -84 -10 35 -18 -73 -30 -56 -9 -36 -17 -55 -33 -1 -18 -60 -34 -38 -34 -80 -16 -4 -40 9 -37 8 -28 20 -35 35 -8 -21 -38 42 -24 -84 -31 -25 -16 -30 -29 -98 -21 -20 -19 -42 -35 -45 -36 -79 -23 -6 -25 -35 -42 44 -23 -22 -31 57 -24 -19 -31 -10 -15 -23 -35 33 -32 -17 -40 -17 -30 -32 -30 -92 -33 44 -37 2 -31 -34 -28 -76 2 -36 -4 -1 -37 1 -38 6 -4 -21 -31 -49 1 -4 -35 -68 -3 -9 -29 -54 -29 39 -26 -3 -29 14 -41 -36 -36 -63 -26 -96 -26 45 -32 22 -24 -53 -31 24 -22 -23 -22 21 -38 -65 -20 -67 -19 -32 -19 37 0 -3 -31 -28 -9 -29 -20 -83 -13 21 -33 -76 -6 -62 -35 -25 -29 51 -12 1 -18 -32 -24 -7 -25 -46 -19 -22 -28 -1 -19 -32 -13 -29 -21 -67 -16 -16 -22 -72 -21 -30 -41 -50 -14 -38 -25 -35 -41 36 -23 -75 -40 -16 -14 -38 -21 -75 -21 -21 -22 -10 -14 6 -38 11 -22 -33 -20 0 -25 -18 -38 28 -19 -74 -26 -2 -7 -19 -16 42 -2 20 -29 -7 -23 -38 -3 -18 -14 13 -43 -87 -23 -41 -24 2 -1 -40 -40 -7 -18 32 -9 9 -19 -2 -35 -18 0 13 -11 2 -19 -70 -28 -15 -28 -14 -43 6 -14 -24 -23 40 -28 -13 -21 -1 -32 -32 -17 -22 -29 10 -9 48 -16 -85 -27 15 -43 -21 -42 -47 -34 -27 -24 18 -20 -2 -30 7 -25 21 -8 6 -30 4 -40 63 -37 -75 -41 -26 -5 61 -36 -57 -29 13 -25 26 -26 59 -40 21 -42 -38 -35 18 
103 5 2 0 0.989691 24 -1 12 -15 -16 -4 -1 -11 10 -18 -45 -19 -47 -8 -30 -12 -73 -22 -24 -11 -53 -20 -31 -22 -13 -19 -61 -17 28 -22 -44 -23 -75 -15 -73 -12 -45 -12 -21 -14 -14 -18 -65 -17 -42 -20 -68 -21 -71 3 0.142857 1 -29 51 
104 5 2 0 0.666667 1 -23 -71 3 0.888889 2 -32 -11 -29 -21 
105 5 3 0 0.210526 1 -14 -61 1 0.756757 7 3 32 5 -23 4 -18 6 9 6 18 4 -31 2 27 3 0.8 8 -13 10 -14 -85 -7 -32 -7 27 -19 -85 -15 -68 -15 -81 -12 -39 
106 5 3 0 0.410256 4 -14 -75 -12 -48 -12 -36 -11 -19 1 0.627451 8 2 31 2 29 5 31 -13 8 5 30 -13 15 6 27 5 32 3 0.833333 15 -4 33 -17 71 -35 70 -30 2 -30 8 -7 -19 -35 -5 -28 27 -31 9 -4 -20 -3 31 -7 -21 -13 -45 -31 -22 -6 14 
107 5 3 0 0.125 1 -7 -24 1 0.125 1 4 -20 3 0.981818 27 -31 -15 -26 25 -38 -29 -31 31 -9 32 -8 -7 -9 58 -31 -50 -2 -1 -29 -39 0 -22 -26 39 -8 -35 2 27 -9 -25 -9 -39 -1 -1 -8 -15 -2 -28 -8 25 -7 60 -8 -25 -8 -32 6 -92 -38 -51 -20 76 7 -59 
108 5 3 0 0.952381 10 -6 -80 -15 -87 -13 -91 -20 71 -10 68 -19 -92 1 -90 -8 -92 3 17 2 -85 1 0.266667 1 7 -33 3 0.266667 1 9 32 
109 5 2 0 0.980926 90 -23 -74 -20 -41 -23 -36 -22 -9 -22 -19 -22 -44 -20 10 -22 -76 -19 -23 -17 -61 -17 -6 -15 -32 -19 -73 -17 -1 -18 -43 -14 -13 -16 -45 -17 7 -12 -13 -14 -23 -19 14 -15 -57 -16 3 -12 -34 -15 -24 -9 -56 -10 -45 -11 -56 -11 -36 -8 -38 -15 -68 -14 7 -9 -27 -13 -50 -6 -21 -6 -17 -11 -44 -8 -40 -7 -37 -2 -10 -13 -52 -7 -39 -7 -4 -12 0 -7 -41 5 -12 -16 -69 5 -8 -4 -36 -4 -51 -8 -10 -5 -25 2 -43 0 -18 -4 -29 -7 -69 5 -6 -10 9 1 6 -1 -24 0 -45 -4 -3 -16 -32 1 -50 -13 -35 -4 -55 -2 -40 1 -48 1 -46 -14 7 -1 -50 -1 1 -17 -76 -5 9 -3 -59 -3 -11 1 -18 -13 7 4 13 -4 -47 -15 41 1 -37 -8 -65 -5 -2 6 5 -1 -36 -2 -56 -24 -26 1 1 -10 -78 3 0.237288 7 -41 6 -40 -15 -42 -12 -39 -13 -43 -9 -39 -11 -35 -14 
110 5 4 0 0.8125 13 -2 44 -14 11 -14 18 -8 26 -15 2 -16 -44 -14 -42 -14 -3 -11 27 -15 -40 -16 -23 -15 -22 -10 13 1 0.5 5 2 35 4 34 -14 -13 -14 17 -13 13 3 0.55814 6 -19 43 -38 8 -39 -5 -38 14 -39 -40 -39 -50 4 0.142857 1 -23 38 
111 5 2 0 0.99435 44 -10 33 -14 4 -12 -27 -18 2 -21 -26 -7 27 -7 21 -16 -5 -13 25 -14 -36 -11 -2 -15 -20 -10 16 -13 -10 -13 -34 -9 -2 -9 -46 -3 23 -8 5 -11 -75 -4 17 -5 0 -2 -3 -7 18 -7 11 -3 14 -6 2 -7 -9 -9 -78 -6 -39 -6 0 -7 -18 -3 -21 -7 -9 -1 28 0 10 -6 -25 -1 -74 -3 -48 -3 -39 -9 -11 0 17 5 22 5 23 3 0.0833333 1 -43 63 
112 5 4 0 0.617886 19 3 -74 0 -65 1 -10 2 -69 1 -62 -24 -20 0 15 -2 -16 -1 14 2 -5 -1 23 -3 -67 -1 -14 2 10 -9 -72 -1 -5 2 13 3 22 -2 28 1 0.634921 20 4 23 5 24 2 24 3 -8 4 -17 3 0 1 -26 1 -17 0 -31 1 0 2 12 0 -22 1 4 2 24 1 12 -1 -28 -1 -9 -1 -4 -1 -26 -6 -22 3 0.651163 21 -41 3 15 -87 17 7 15 -59 13 26 18 -18 20 -43 11 -87 -38 15 -41 0 -40 -13 15 -25 18 41 24 -14 13 -49 23 -6 6 -47 11 -91 7 24 -41 -8 -1 -83 4 0.285714 6 -17 37 -17 34 -22 40 -21 40 -15 37 -15 39 
113 5 2 0 0.972973 9 1 -79 2 -70 -1 -70 1 -71 -7 -80 0 -72 -8 -82 0 -82 0 -84 3 0.307692 1 -6 -91 
114 5 3 0 0.639175 31 -16 36 -15 38 -16 39 -13 36 -16 40 -10 36 -12 34 -11 34 -7 28 -21 -44 -11 45 -11 -44 -17 -33 -5 -7 -4 -6 0 -61 -9 -78 -12 49 -10 31 2 -39 -1 -10 1 -63 -12 -62 -12 -13 0 -30 -9 4 2 -61 2 -60 -9 -18 1 -58 -1 -68 1 0.859155 61 -3 18 -7 30 -12 13 -6 30 -13 20 -13 22 -11 17 -13 25 -13 23 -12 21 -5 13 -10 17 0 -18 -4 30 -10 16 -10 24 2 14 -9 35 -2 13 0 -28 -13 20 -10 26 -1 14 -7 12 -5 16 -6 15 -4 14 -5 29 3 6 -3 -19 -8 28 -4 17 -8 -21 -9 34 -7 34 -3 8 -3 12 -1 29 -12 32 -7 35 -5 20 -11 28 -4 19 -12 32 -7 31 -7 27 -8 32 -5 10 -6 21 -3 24 -8 12 -7 7 -3 -18 -3 -19 -2 -8 -4 18 5 -25 -12 11 -14 -9 -6 29 -12 -8 3 0.28125 9 11 -15 14 24 4 1 2 -10 3 -2 1 -24 -9 0 -7 -19 -6 29 
115 5 3 0 0.333333 17 -14 -63 -12 -38 6 -22 -14 -69 -13 -22 -3 -53 -9 -68 -7 -45 -14 -77 -2 -37 -6 -27 -4 -20 -4 -56 -8 -64 -10 -17 -10 -22 -11 -52 1 0.967742 135 -5 -10 -14 7 -2 -2 0 6 -3 2 -14 1 -2 21 -14 -35 -13 0 -4 -10 -7 -4 -13 -11 1 -15 -13 -18 -4 32 -12 -27 1 -18 -13 0 -12 -5 -7 -12 -7 -13 -12 -11 -10 1 0 29 -10 0 -8 -7 -2 20 -9 -4 -10 1 4 -6 -13 4 -14 1 -2 24 -9 3 -10 -1 -13 -35 -13 -11 -8 -3 -10 -4 2 -32 -10 -24 -2 -14 1 -18 -8 -26 -11 3 -12 -35 -9 -9 -7 22 -9 10 -9 0 -2 -9 -10 7 0 0 -10 -1 -6 3 -12 8 -1 -2 -10 -27 -12 -21 -7 3 -3 3 -9 -35 3 16 -3 7 -4 11 2 -2 -1 7 -4 -1 -6 6 -4 11 1 4 -4 7 -3 28 2 9 -6 10 2 -1 6 -22 -7 8 -1 26 -3 1 -6 1 -1 -14 -10 11 -1 -9 0 -13 -4 2 0 0 -9 7 -1 23 -10 -28 -4 23 0 2 -11 -27 -4 -3 0 22 -2 -34 -1 -1 1 21 -4 -5 -14 -26 -2 19 -2 -3 0 4 0 23 -3 -25 0 18 1 28 4 33 -3 -30 -5 -32 0 -2 -11 12 -14 11 -9 4 -12 0 0 -26 -8 11 3 21 0 -14 -12 -30 -14 -19 -10 1 -6 -23 -14 -22 -13 -20 -13 -25 3 -28 0 -18 1 -27 -14 14 -12 16 -1 -34 5 -34 -10 -32 3 -33 3 0.025641 1 -11 -55 
116 5 3 0 0.827586 18 7 17 7 16 -6 33 -4 31 -8 38 -12 -5 -6 37 -13 -34 2 17 -1 42 -5 -78 -7 -20 6 -2 4 -12 -3 -2 -2 -46 1 40 0 -51 1 0.470588 6 -8 2 -6 19 -4 -14 0 -10 1 -4 4 15 3 0.6 9 -19 -54 -25 -34 -16 -53 -12 9 -10 5 -13 -23 -9 -5 -6 51 8 40 
117 5 2 3 0.977778 11 16 -13 6 -83 7 -3 9 -21 14 -29 -41 9 -26 38 0 11 5 -1 9 -90 10 -92 4 0.266667 1 -18 35 
118 5 3 0 0.913858 61 -5 -61 -10 -69 4 -64 -5 -66 -7 -58 1 -59 -4 -74 -6 -74 0 -66 -20 -84 -14 -54 1 -59 -13 -74 -6 -74 -20 -86 -3 -88 -9 -55 -20 -83 -8 -58 0 -73 -6 -72 -14 -53 -5 -72 -3 -9 -23 -83 -16 -73 -2 -28 -2 -82 -4 -53 -4 -51 -15 -58 -8 -11 -7 -40 -1 -85 -12 -13 -7 -50 -4 -49 -1 -32 -9 -21 -12 -11 -11 -85 3 -15 0 -7 4 -19 3 -31 4 -37 -13 -16 -1 -51 -3 -74 4 -14 -2 -32 -3 -49 -7 -39 0 -81 3 -56 -12 -48 -12 -70 -4 6 -10 -80 -7 16 -11 -70 1 0.324324 9 -1 33 -6 -20 -10 -31 -1 27 -11 -30 -7 -30 -10 -24 -10 -27 -6 11 3 0.444444 14 -14 39 5 -65 8 -76 -5 -98 6 29 6 -73 4 -93 1 -87 -22 -23 5 -51 -12 41 6 31 1 1 3 1 
119 5 3 0 0.592593 4 -2 -78 5 -79 -12 -76 -2 -76 1 0.727273 6 2 -35 -12 -35 -4 -35 -5 -35 -13 -35 -12 -35 3 0.666667 5 2 -12 6 -99 -12 43 2 -36 3 -98 
120 5 3 0 0.181818 4 -20 -87 -22 -89 -22 -91 -5 77 1 0.141176 3 -4 -25 -6 -33 -4 -35 3 0.975265 69 4 8 6 -21 8 30 2 -21 0 -46 -2 -66 4 -41 -6 -94 6 34 -3 35 7 12 1 -88 6 -19 2 -9 13 -31 1 -47 12 -47 6 -88 -4 24 1 29 -5 -44 8 -13 2 -33 -1 -22 -2 -53 4 54 2 1 -2 5 13 -16 -5 -14 2 43 6 -24 18 -13 -1 39 3 -22 -1 46 -3 18 1 52 6 -11 1 -32 3 48 11 -26 0 -97 -8 81 6 -41 -3 39 -4 36 10 39 12 -11 -5 -12 -7 -37 -3 6 -6 -39 11 -14 3 -14 -1 -95 -5 -61 -4 -70 9 2 -5 3 1 56 -2 19 -12 82 -6 54 -39 -85 -37 -36 -41 22 -27 35 -40 -8 
121 5 2 0 0.333333 1 19 -48 3 0.969697 8 -42 42 -30 20 24 -84 21 35 26 27 28 -70 -38 51 25 -61 
122 5 2 0 0.992 31 18 -10 14 -26 20 -70 13 -87 12 -3 14 -73 8 -9 12 -23 10 -86 13 -48 10 -22 16 -31 11 -36 7 -37 17 -71 6 -42 9 -20 9 -6 14 -53 7 -41 5 -26 8 0 10 0 13 -26 17 -38 8 -22 11 -2 9 -19 11 -74 7 -46 12 -77 3 0.114286 1 27 -39 
123 5 3 0 0.848485 7 12 -66 10 -56 17 -84 18 22 14 -66 7 -7 6 -26 1 0.266667 1 13 -16 3 0.666667 4 29 22 33 -22 26 -59 31 -12 
124 5 3 0 0.153846 1 10 -58 3 0.976744 21 22 -57 25 21 16 -86 -21 66 26 -20 26 -68 22 35 20 -59 21 2 18 15 16 25 25 -15 23 -28 16 -29 29 -8 18 32 19 -98 22 24 27 4 26 0 -2 25 4 0.153846 1 12 -43 
125 5 2 0 0.173913 2 5 -19 4 -21 3 0.987013 38 -19 17 -43 -53 22 -94 -39 -41 -32 21 -32 22 -9 72 13 62 -41 -23 26 -38 17 -18 12 -40 4 61 24 -22 22 36 15 -71 20 7 12 22 11 55 1 70 -43 -95 16 -47 16 -97 24 -18 16 31 9 70 -44 -43 17 4 15 -13 -42 -39 18 10 17 31 17 10 20 -90 21 -9 18 18 9 32 15 28 
126 5 2 2 0.205128 2 -5 -28 -9 -27 4 0.984127 31 -16 11 -15 14 -20 20 -20 25 -14 3 -15 10 -15 26 -22 17 -25 18 -22 5 -13 25 -13 19 -24 25 -24 7 -12 16 -12 14 -24 18 -21 17 -25 -3 -23 -18 -12 -45 -25 -14 -14 -36 -14 -12 -18 -34 -22 -21 -15 -29 -25 -16 -17 -35 -16 -32 -22 -23 
127 5 3 2 0.888889 6 -10 -41 -5 -17 -6 -16 -9 -53 -8 -40 -10 -34 3 0.333333 1 -12 26 4 0.533333 2 -23 -34 -21 -39 
128 5 2 1 0.969697 8 -14 -35 -16 -39 -16 -1 -16 21 -16 -17 -13 -18 -14 31 -16 17 3 0.333333 1 7 -72 
129 5 2 0 0.888889 2 3 5 0 -2 3 0.666667 1 13 1 
130 5 2 1 0.173913 1 4 -35 3 0.987013 19 -41 -19 -22 -67 -12 -5 -7 -8 -21 57 -23 7 -7 -2 -14 48 -16 -88 -1 -1 -9 -28 -18 11 -23 61 -4 9 -18 -77 -18 32 -15 -74 -15 -79 -11 -48 
131 5 2 1 0.982659 340 -16 0 -16 22 -16 -26 -15 6 -15 -19 -16 13 -15 -21 -15 14 -16 -6 0 -22 -13 28 4 -33 -16 -26 -14 -15 3 -27 0 9 -12 32 1 -19 -10 -17 -5 -16 -16 1 -12 34 -16 -11 2 -30 -5 -12 2 -1 -12 -16 4 7 -2 -16 -13 37 -14 32 -14 4 -15 -17 -13 -26 2 1 -16 15 0 3 -14 -14 2 -19 -10 36 3 -18 1 23 -13 18 -14 -30 -13 16 -1 -30 -15 -19 3 -26 -13 24 -13 10 4 11 4 10 -8 36 1 -20 3 -3 -13 1 -12 -9 1 -4 1 -3 -3 0 -16 6 -16 -8 4 13 0 15 -1 -35 -12 -22 6 -2 -14 36 -13 36 4 2 3 -23 2 -26 0 18 -2 -24 0 -2 -2 10 -2 12 1 -25 -12 -17 -12 -18 -6 21 5 7 -2 -25 4 15 -12 26 -9 34 3 2 -14 -12 -13 12 3 -19 -2 -34 -15 -13 -3 0 -13 0 -9 20 0 11 -7 24 2 -21 3 -16 -13 -11 -11 -13 -8 22 -2 -24 -6 -3 2 2 -16 -27 2 -19 -13 -26 2 -20 3 25 -12 -19 2 8 -12 -7 4 -8 -13 11 -10 25 -6 -16 2 -15 -10 20 -8 26 -1 -3 -2 -5 -8 37 -6 34 4 20 -12 -21 -4 25 3 -25 -7 0 -4 5 -3 13 -9 6 -3 16 -2 34 2 24 -9 -11 4 -29 4 11 1 3 -14 3 1 -9 -6 29 -15 -32 -12 3 -12 12 1 0 -15 -8 -14 -23 -12 19 -11 13 -12 -19 -13 -11 -4 32 -10 -24 -16 -31 4 -3 -11 -22 -1 21 -4 36 -4 21 -4 -29 -6 38 -10 13 -8 16 -6 24 -6 4 -7 4 3 27 -9 2 -1 -5 -4 4 -13 0 -14 10 -12 -30 -3 21 0 4 1 8 -7 30 -4 33 4 17 4 27 -1 27 -12 15 3 31 -11 23 -2 7 -12 6 -10 24 -5 11 -15 21 3 25 -2 12 -7 24 -4 14 -1 -27 -4 29 -3 -6 3 23 -12 12 -5 -17 0 1 -5 3 -3 -10 -2 30 0 -19 -1 -27 3 -13 -2 -19 -7 23 2 30 2 28 -12 -19 0 -22 -15 -6 -9 4 -5 -33 -1 -1 -11 -13 -5 12 2 23 1 1 0 17 -7 23 -6 28 -2 -8 -5 -11 1 29 -1 5 -4 -30 -11 -8 -9 -2 -1 9 -9 -9 -12 -24 -11 23 -3 10 -11 38 1 0 -14 15 -10 -25 -8 35 -4 2 -11 -8 -2 22 -7 26 -12 -8 1 -29 -3 22 -11 -19 -12 -8 -8 2 -9 -14 -2 11 -2 -31 -8 -22 -2 0 -3 -32 -9 -7 -4 -1 -7 27 -3 39 -2 28 -1 29 -4 9 -14 -1 -10 -33 0 -2 -6 2 -5 -24 -8 -16 0 25 -6 24 -6 37 -7 1 -3 16 1 -28 1 -5 1 29 1 -13 -10 12 -7 15 1 -25 -5 10 -2 34 -7 0 -11 5 -5 8 -4 31 -6 1 -1 26 -5 -36 -9 -2 -13 -10 -2 23 -7 12 -3 -31 -5 13 3 -31 -12 -8 -5 -7 -10 9 -8 -8 -7 32 -6 15 -7 12 -7 -9 -6 -6 -6 -7 -5 33 -8 -3 -3 -26 -4 -18 -3 -25 -4 -17 -9 -34 -11 -30 2 -35 -4 -31 4 -35 5 -36 -5 -35 -12 -34 -12 -37 -10 -22 -7 -18 -14 -37 -5 -18 -6 -16 -9 -36 -6 -21 -16 -39 -12 -38 -11 -39 -8 -28 3 -37 -14 -37 -12 -39 -5 -27 -6 -25 -5 -20 3 0.220183 24 0 6 -11 51 -15 -86 -6 -25 -13 -46 5 19 -13 -30 -11 31 -14 -51 -14 -81 -19 37 -25 -12 -3 -30 -13 -63 -18 70 -8 8 -10 22 -9 -4 -11 -77 -9 43 -11 22 -31 60 -23 -71 -14 -96 
132 5 2 0 0.986301 18 -19 54 -22 54 -12 53 -19 55 -5 55 -5 59 0 61 -1 59 2 64 8 66 -12 63 -9 64 -15 56 -23 63 -8 64 -17 72 -7 70 -5 68 3 0.181818 1 -14 34 
133 5 2 0 0.222222 1 -16 66 4 0.982456 14 -20 11 -20 18 -19 -10 -20 12 -21 19 -20 17 -24 -5 -22 -1 -22 -21 -22 -13 -20 -25 -22 27 -21 18 -22 17 
134 5 2 1 0.25 1 -4 -32 3 0.979592 12 -38 -43 -16 29 -15 28 -15 29 -21 -59 -41 -77 -42 -73 -39 57 -44 5 -38 -11 -41 16 -8 -68 
135 5 4 0 0.48 3 -22 74 -21 75 -22 75 1 0.869565 10 -7 -34 -6 -35 -4 -34 -3 -35 -5 -36 -5 -38 -3 -39 -6 -39 -8 -37 -3 -38 3 0.363636 2 -8 -50 3 -93 4 0.210526 1 -22 -42 
