10 143 1
0 0 -1 3 4 27 1 44 22 16 28 32 -15085 
1 1 -1 29 5 20 2 58 10 3 51 32 -7694 
2 1 -1 0 31 0 0 46 8 0 0 17 4 
3 2 -1 22 12 14 0 61 35 2 22 32 -4195 
4 2 -1 3 18 8 10 13 31 26 31 32 -8729 
5 2 -1 26 3 18 16 56 47 2 16 32 -374 
6 2 -1 28 11 7 2 60 14 2 41 32 -106 
7 3 -1 22 18 18 1 58 32 5 28 32 -16041 
8 3 -1 25 18 1 22 61 48 2 11 32 -1561 
9 3 -1 4 49 0 0 51 28 0 0 5 9 
10 3 -1 14 20 12 27 36 48 15 9 32 -2539 
11 3 -1 29 23 7 4 42 46 2 13 32 -117 
12 3 -1 61 19 0 0 16 20 0 0 15 -17 
13 3 -1 61 11 0 0 37 28 0 0 16 113 
14 3 -1 1 32 0 0 17 46 0 0 2 -4 
15 4 -1 4 26 0 10 55 43 8 4 32 -3095 
16 4 2 0 0 0 0 0 0 0 0 0 0 
17 4 3 0 0 0 0 0 0 0 0 0 0 
18 4 -1 4 11 0 0 10 16 0 0 3 22 
19 4 7 0 0 0 0 0 0 0 0 0 0 
20 4 8 0 0 0 0 0 0 0 0 0 0 
21 4 9 0 0 0 0 0 0 0 0 0 0 
22 4 10 0 0 0 0 0 0 0 0 0 0 
23 4 -1 55 20 0 0 46 52 0 0 1 -1 
24 4 -1 14 2 25 18 60 25 2 13 32 -174 
25 4 -1 18 19 0 0 47 1 0 0 18 -26 
26 4 -1 60 60 0 0 58 1 0 0 16 -33 
27 4 -1 3 27 0 0 55 9 0 0 16 41 
28 4 -1 24 4 28 27 52 51 6 5 32 10729 
29 4 -1 1 34 0 0 39 59 0 0 1 3 
30 4 -1 60 58 0 0 17 42 0 0 8 97 
31 5 0 0 0 0 0 0 0 0 0 0 0 
32 5 1 0 0 0 0 0 0 0 0 0 0 
33 5 0 0 0 0 0 0 0 0 0 0 0 
34 5 0 0 0 0 0 0 0 0 0 0 0 
35 5 0 0 0 0 0 0 0 0 0 0 0 
36 5 0 0 0 0 0 0 0 0 0 0 0 
37 5 -1 16 4 11 19 43 24 9 14 32 -5421 
38 5 6 0 0 0 0 0 0 0 0 0 0 
39 5 0 0 0 0 0 0 0 0 0 0 0 
40 5 0 0 0 0 0 0 0 0 0 0 0 
41 5 0 0 0 0 0 0 0 0 0 0 0 
42 5 0 0 0 0 0 0 0 0 0 0 0 
43 5 0 0 0 0 0 0 0 0 0 0 0 
44 5 0 0 0 0 0 0 0 0 0 0 0 
45 5 0 0 0 0 0 0 0 0 0 0 0 
46 5 0 0 0 0 0 0 0 0 0 0 0 
47 5 -1 54 12 0 0 9 60 0 0 18 2 
48 5 -1 32 33 0 0 24 2 0 0 1 -11 
49 5 -1 20 60 0 0 62 11 0 0 2 -8 
50 5 -1 38 21 0 0 11 39 0 0 16 -16 
51 5 -1 29 54 0 0 58 33 0 0 5 -3 
52 5 -1 13 21 18 13 57 35 4 6 32 -917 
53 5 -1 60 51 0 0 25 10 0 0 6 21 
54 5 -1 1 37 0 0 30 16 0 0 16 16 
55 5 -1 48 62 0 0 58 19 0 0 2 18 
56 5 -1 27 47 0 0 5 52 0 0 17 9 
57 5 -1 52 9 0 0 54 24 0 0 7 66 
58 5 107 0 0 0 0 0 0 0 0 0 0 
59 5 -1 49 38 0 0 7 4 0 0 5 14 
60 5 -1 60 44 0 0 13 18 0 0 6 -7 
61 5 -1 54 57 0 0 60 22 0 0 16 -68 
62 5 -1 57 42 0 0 42 58 0 0 17 -31 
63 6 0 0 0 0 0 0 0 0 0 0 0 
64 6 0 0 0 0 0 0 0 0 0 0 0 
65 6 0 0 0 0 0 0 0 0 0 0 0 
66 6 0 0 0 0 0 0 0 0 0 0 0 
67 6 0 0 0 0 0 0 0 0 0 0 0 
68 6 0 0 0 0 0 0 0 0 0 0 0 
69 6 0 0 0 0 0 0 0 0 0 0 0 
70 6 0 0 0 0 0 0 0 0 0 0 0 
71 6 0 0 0 0 0 0 0 0 0 0 0 
72 6 0 0 0 0 0 0 0 0 0 0 0 
73 6 0 0 0 0 0 0 0 0 0 0 0 
74 6 0 0 0 0 0 0 0 0 0 0 0 
75 6 4 0 0 0 0 0 0 0 0 0 0 
76 6 5 0 0 0 0 0 0 0 0 0 0 
77 6 0 0 0 0 0 0 0 0 0 0 0 
78 6 0 0 0 0 0 0 0 0 0 0 0 
79 6 0 0 0 0 0 0 0 0 0 0 0 
80 6 0 0 0 0 0 0 0 0 0 0 0 
81 6 0 0 0 0 0 0 0 0 0 0 0 
82 6 0 0 0 0 0 0 0 0 0 0 0 
83 6 0 0 0 0 0 0 0 0 0 0 0 
84 6 0 0 0 0 0 0 0 0 0 0 0 
85 6 0 0 0 0 0 0 0 0 0 0 0 
86 6 0 0 0 0 0 0 0 0 0 0 0 
87 6 0 0 0 0 0 0 0 0 0 0 0 
88 6 0 0 0 0 0 0 0 0 0 0 0 
89 6 0 0 0 0 0 0 0 0 0 0 0 
90 6 0 0 0 0 0 0 0 0 0 0 0 
91 6 0 0 0 0 0 0 0 0 0 0 0 
92 6 0 0 0 0 0 0 0 0 0 0 0 
93 6 0 0 0 0 0 0 0 0 0 0 0 
94 6 0 0 0 0 0 0 0 0 0 0 0 
95 6 -1 13 15 0 0 58 27 0 0 7 -54 
96 6 -1 57 0 0 0 28 42 0 0 14 -39 
97 6 -1 15 49 0 0 54 16 0 0 0 -61 
98 6 -1 48 59 0 0 44 18 0 0 0 -56 
99 6 -1 20 20 15 3 47 31 4 21 32 -181 
100 6 -1 8 24 24 21 53 49 8 10 32 -3438 
101 6 26 0 0 0 0 0 0 0 0 0 0 
102 6 -1 27 23 20 19 58 55 3 2 32 -3 
103 6 29 0 0 0 0 0 0 0 0 0 0 
104 6 -1 45 37 0 0 51 50 0 0 0 28 
105 6 33 0 0 0 0 0 0 0 0 0 0 
106 6 -1 50 13 0 0 55 55 0 0 5 -14 
107 6 -1 6 2 0 0 33 45 0 0 15 -14 
108 6 -1 27 63 0 0 41 6 0 0 6 44 
109 6 -1 63 24 0 0 11 41 0 0 0 106 
110 6 -1 53 10 0 0 0 51 0 0 3 21 
111 6 -1 0 28 0 0 26 4 0 0 18 -6 
112 6 -1 58 46 0 0 26 63 0 0 1 10 
113 6 -1 51 45 0 0 26 40 0 0 13 52 
114 6 -1 0 39 0 0 23 22 0 0 18 17 
115 6 -1 12 10 0 0 26 10 0 0 18 32 
116 6 106 0 0 0 0 0 0 0 0 0 0 
117 6 0 0 0 0 0 0 0 0 0 0 0 
118 6 0 0 0 0 0 0 0 0 0 0 0 
119 6 -1 5 33 0 0 54 19 0 0 9 -64 
120 6 -1 11 43 0 0 34 10 0 0 1 -13 
121 6 -1 2 28 0 0 46 61 0 0 2 -30 
122 6 -1 14 56 0 0 60 59 0 0 6 23 
123 6 -1 3 41 0 0 46 17 0 0 0 12 
124 6 -1 50 54 0 0 0 18 0 0 15 9 
125 6 141 0 0 0 0 0 0 0 0 0 0 
126 6 142 0 0 0 0 0 0 0 0 0 0 
127 7 0 0 0 0 0 0 0 0 0 0 0 
128 7 0 0 0 0 0 0 0 0 0 0 0 
129 7 0 0 0 0 0 0 0 0 0 0 0 
130 7 0 0 0 0 0 0 0 0 0 0 0 
131 7 0 0 0 0 0 0 0 0 0 0 0 
132 7 0 0 0 0 0 0 0 0 0 0 0 
133 7 0 0 0 0 0 0 0 0 0 0 0 
134 7 0 0 0 0 0 0 0 0 0 0 0 
135 7 0 0 0 0 0 0 0 0 0 0 0 
136 7 0 0 0 0 0 0 0 0 0 0 0 
137 7 0 0 0 0 0 0 0 0 0 0 0 
138 7 0 0 0 0 0 0 0 0 0 0 0 
139 7 0 0 0 0 0 0 0 0 0 0 0 
140 7 0 0 0 0 0 0 0 0 0 0 0 
141 7 0 0 0 0 0 0 0 0 0 0 0 
142 7 0 0 0 0 0 0 0 0 0 0 0 
143 7 0 0 0 0 0 0 0 0 0 0 0 
144 7 0 0 0 0 0 0 0 0 0 0 0 
145 7 0 0 0 0 0 0 0 0 0 0 0 
146 7 0 0 0 0 0 0 0 0 0 0 0 
147 7 0 0 0 0 0 0 0 0 0 0 0 
148 7 0 0 0 0 0 0 0 0 0 0 0 
149 7 0 0 0 0 0 0 0 0 0 0 0 
150 7 0 0 0 0 0 0 0 0 0 0 0 
151 7 0 0 0 0 0 0 0 0 0 0 0 
152 7 0 0 0 0 0 0 0 0 0 0 0 
153 7 0 0 0 0 0 0 0 0 0 0 0 
154 7 0 0 0 0 0 0 0 0 0 0 0 
155 7 0 0 0 0 0 0 0 0 0 0 0 
156 7 0 0 0 0 0 0 0 0 0 0 0 
157 7 0 0 0 0 0 0 0 0 0 0 0 
158 7 0 0 0 0 0 0 0 0 0 0 0 
159 7 0 0 0 0 0 0 0 0 0 0 0 
160 7 0 0 0 0 0 0 0 0 0 0 0 
161 7 0 0 0 0 0 0 0 0 0 0 0 
162 7 0 0 0 0 0 0 0 0 0 0 0 
163 7 0 0 0 0 0 0 0 0 0 0 0 
164 7 0 0 0 0 0 0 0 0 0 0 0 
165 7 0 0 0 0 0 0 0 0 0 0 0 
166 7 0 0 0 0 0 0 0 0 0 0 0 
167 7 0 0 0 0 0 0 0 0 0 0 0 
168 7 0 0 0 0 0 0 0 0 0 0 0 
169 7 0 0 0 0 0 0 0 0 0 0 0 
170 7 0 0 0 0 0 0 0 0 0 0 0 
171 7 0 0 0 0 0 0 0 0 0 0 0 
172 7 0 0 0 0 0 0 0 0 0 0 0 
173 7 0 0 0 0 0 0 0 0 0 0 0 
174 7 0 0 0 0 0 0 0 0 0 0 0 
175 7 0 0 0 0 0 0 0 0 0 0 0 
176 7 0 0 0 0 0 0 0 0 0 0 0 
177 7 0 0 0 0 0 0 0 0 0 0 0 
178 7 0 0 0 0 0 0 0 0 0 0 0 
179 7 0 0 0 0 0 0 0 0 0 0 0 
180 7 0 0 0 0 0 0 0 0 0 0 0 
181 7 0 0 0 0 0 0 0 0 0 0 0 
182 7 0 0 0 0 0 0 0 0 0 0 0 
183 7 0 0 0 0 0 0 0 0 0 0 0 
184 7 0 0 0 0 0 0 0 0 0 0 0 
185 7 0 0 0 0 0 0 0 0 0 0 0 
186 7 0 0 0 0 0 0 0 0 0 0 0 
187 7 0 0 0 0 0 0 0 0 0 0 0 
188 7 0 0 0 0 0 0 0 0 0 0 0 
189 7 0 0 0 0 0 0 0 0 0 0 0 
190 7 0 0 0 0 0 0 0 0 0 0 0 
191 7 11 0 0 0 0 0 0 0 0 0 0 
192 7 12 0 0 0 0 0 0 0 0 0 0 
193 7 13 0 0 0 0 0 0 0 0 0 0 
194 7 14 0 0 0 0 0 0 0 0 0 0 
195 7 15 0 0 0 0 0 0 0 0 0 0 
196 7 16 0 0 0 0 0 0 0 0 0 0 
197 7 17 0 0 0 0 0 0 0 0 0 0 
198 7 -1 62 42 0 0 34 52 0 0 2 -15 
199 7 20 0 0 0 0 0 0 0 0 0 0 
200 7 21 0 0 0 0 0 0 0 0 0 0 
201 7 22 0 0 0 0 0 0 0 0 0 0 
202 7 -1 9 38 0 0 18 14 0 0 7 48 
203 7 0 0 0 0 0 0 0 0 0 0 0 
204 7 0 0 0 0 0 0 0 0 0 0 0 
205 7 27 0 0 0 0 0 0 0 0 0 0 
206 7 28 0 0 0 0 0 0 0 0 0 0 
207 7 0 0 0 0 0 0 0 0 0 0 0 
208 7 0 0 0 0 0 0 0 0 0 0 0 
209 7 -1 61 57 0 0 15 48 0 0 15 -114 
210 7 32 0 0 0 0 0 0 0 0 0 0 
211 7 0 0 0 0 0 0 0 0 0 0 0 
212 7 0 0 0 0 0 0 0 0 0 0 0 
213 7 -1 9 9 5 13 60 22 3 17 32 -393 
214 7 -1 41 1 0 0 60 16 0 0 2 -4 
215 7 -1 39 13 0 0 32 17 0 0 0 37 
216 7 -1 5 2 0 0 59 3 0 0 16 -147 
217 7 -1 13 22 0 0 18 52 0 0 18 10 
218 7 59 0 0 0 0 0 0 0 0 0 0 
219 7 -1 44 22 0 0 21 28 0 0 10 49 
220 7 -1 46 55 0 0 19 48 0 0 8 20 
221 7 -1 54 5 0 0 4 48 0 0 2 5 
222 7 -1 51 26 0 0 33 43 0 0 0 23 
223 7 -1 17 1 0 0 60 30 0 0 1 -3 
224 7 -1 5 13 6 5 37 19 26 10 32 -1751 
225 7 -1 6 19 0 10 62 33 1 21 32 -549 
226 7 -1 51 48 0 0 41 18 0 0 9 -102 
227 7 -1 0 44 0 0 47 49 0 0 17 22 
228 7 -1 0 43 0 0 18 21 0 0 0 29 
229 7 99 0 0 0 0 0 0 0 0 0 0 
230 7 100 0 0 0 0 0 0 0 0 0 0 
231 7 -1 14 18 28 16 62 61 1 2 32 -274 
232 7 105 0 0 0 0 0 0 0 0 0 0 
233 7 0 0 0 0 0 0 0 0 0 0 0 
234 7 0 0 0 0 0 0 0 0 0 0 0 
235 7 0 0 0 0 0 0 0 0 0 0 0 
236 7 0 0 0 0 0 0 0 0 0 0 0 
237 7 0 0 0 0 0 0 0 0 0 0 0 
238 7 0 0 0 0 0 0 0 0 0 0 0 
239 7 -1 12 9 0 0 8 28 0 0 3 -27 
240 7 -1 58 58 0 0 9 12 0 0 9 40 
241 7 115 0 0 0 0 0 0 0 0 0 0 
242 7 -1 15 12 0 0 62 40 0 0 2 -6 
243 7 119 0 0 0 0 0 0 0 0 0 0 
244 7 -1 49 12 0 0 11 12 0 0 18 4 
245 7 -1 0 49 0 0 5 4 0 0 1 5 
246 7 125 0 0 0 0 0 0 0 0 0 0 
247 7 -1 4 29 0 0 56 46 0 0 19 -1 
248 7 130 0 0 0 0 0 0 0 0 0 0 
249 7 -1 63 28 0 0 19 48 0 0 0 82 
250 7 -1 51 0 0 0 13 56 0 0 15 -64 
251 7 0 0 0 0 0 0 0 0 0 0 0 
252 7 0 0 0 0 0 0 0 0 0 0 0 
253 7 0 0 0 0 0 0 0 0 0 0 0 
254 7 0 0 0 0 0 0 0 0 0 0 0 
255 8 0 0 0 0 0 0 0 0 0 0 0 
256 8 0 0 0 0 0 0 0 0 0 0 0 
257 8 0 0 0 0 0 0 0 0 0 0 0 
258 8 0 0 0 0 0 0 0 0 0 0 0 
259 8 0 0 0 0 0 0 0 0 0 0 0 
260 8 0 0 0 0 0 0 0 0 0 0 0 
261 8 0 0 0 0 0 0 0 0 0 0 0 
262 8 0 0 0 0 0 0 0 0 0 0 0 
263 8 0 0 0 0 0 0 0 0 0 0 0 
264 8 0 0 0 0 0 0 0 0 0 0 0 
265 8 0 0 0 0 0 0 0 0 0 0 0 
266 8 0 0 0 0 0 0 0 0 0 0 0 
267 8 0 0 0 0 0 0 0 0 0 0 0 
268 8 0 0 0 0 0 0 0 0 0 0 0 
269 8 0 0 0 0 0 0 0 0 0 0 0 
270 8 0 0 0 0 0 0 0 0 0 0 0 
271 8 0 0 0 0 0 0 0 0 0 0 0 
272 8 0 0 0 0 0 0 0 0 0 0 0 
273 8 0 0 0 0 0 0 0 0 0 0 0 
274 8 0 0 0 0 0 0 0 0 0 0 0 
275 8 0 0 0 0 0 0 0 0 0 0 0 
276 8 0 0 0 0 0 0 0 0 0 0 0 
277 8 0 0 0 0 0 0 0 0 0 0 0 
278 8 0 0 0 0 0 0 0 0 0 0 0 
279 8 0 0 0 0 0 0 0 0 0 0 0 
280 8 0 0 0 0 0 0 0 0 0 0 0 
281 8 0 0 0 0 0 0 0 0 0 0 0 
282 8 0 0 0 0 0 0 0 0 0 0 0 
283 8 0 0 0 0 0 0 0 0 0 0 0 
284 8 0 0 0 0 0 0 0 0 0 0 0 
285 8 0 0 0 0 0 0 0 0 0 0 0 
286 8 0 0 0 0 0 0 0 0 0 0 0 
287 8 0 0 0 0 0 0 0 0 0 0 0 
288 8 0 0 0 0 0 0 0 0 0 0 0 
289 8 0 0 0 0 0 0 0 0 0 0 0 
290 8 0 0 0 0 0 0 0 0 0 0 0 
291 8 0 0 0 0 0 0 0 0 0 0 0 
292 8 0 0 0 0 0 0 0 0 0 0 0 
293 8 0 0 0 0 0 0 0 0 0 0 0 
294 8 0 0 0 0 0 0 0 0 0 0 0 
295 8 0 0 0 0 0 0 0 0 0 0 0 
296 8 0 0 0 0 0 0 0 0 0 0 0 
297 8 0 0 0 0 0 0 0 0 0 0 0 
298 8 0 0 0 0 0 0 0 0 0 0 0 
299 8 0 0 0 0 0 0 0 0 0 0 0 
300 8 0 0 0 0 0 0 0 0 0 0 0 
301 8 0 0 0 0 0 0 0 0 0 0 0 
302 8 0 0 0 0 0 0 0 0 0 0 0 
303 8 0 0 0 0 0 0 0 0 0 0 0 
304 8 0 0 0 0 0 0 0 0 0 0 0 
305 8 0 0 0 0 0 0 0 0 0 0 0 
306 8 0 0 0 0 0 0 0 0 0 0 0 
307 8 0 0 0 0 0 0 0 0 0 0 0 
308 8 0 0 0 0 0 0 0 0 0 0 0 
309 8 0 0 0 0 0 0 0 0 0 0 0 
310 8 0 0 0 0 0 0 0 0 0 0 0 
311 8 0 0 0 0 0 0 0 0 0 0 0 
312 8 0 0 0 0 0 0 0 0 0 0 0 
313 8 0 0 0 0 0 0 0 0 0 0 0 
314 8 0 0 0 0 0 0 0 0 0 0 0 
315 8 0 0 0 0 0 0 0 0 0 0 0 
316 8 0 0 0 0 0 0 0 0 0 0 0 
317 8 0 0 0 0 0 0 0 0 0 0 0 
318 8 0 0 0 0 0 0 0 0 0 0 0 
319 8 0 0 0 0 0 0 0 0 0 0 0 
320 8 0 0 0 0 0 0 0 0 0 0 0 
321 8 0 0 0 0 0 0 0 0 0 0 0 
322 8 0 0 0 0 0 0 0 0 0 0 0 
323 8 0 0 0 0 0 0 0 0 0 0 0 
324 8 0 0 0 0 0 0 0 0 0 0 0 
325 8 0 0 0 0 0 0 0 0 0 0 0 
326 8 0 0 0 0 0 0 0 0 0 0 0 
327 8 0 0 0 0 0 0 0 0 0 0 0 
328 8 0 0 0 0 0 0 0 0 0 0 0 
329 8 0 0 0 0 0 0 0 0 0 0 0 
330 8 0 0 0 0 0 0 0 0 0 0 0 
331 8 0 0 0 0 0 0 0 0 0 0 0 
332 8 0 0 0 0 0 0 0 0 0 0 0 
333 8 0 0 0 0 0 0 0 0 0 0 0 
334 8 0 0 0 0 0 0 0 0 0 0 0 
335 8 0 0 0 0 0 0 0 0 0 0 0 
336 8 0 0 0 0 0 0 0 0 0 0 0 
337 8 0 0 0 0 0 0 0 0 0 0 0 
338 8 0 0 0 0 0 0 0 0 0 0 0 
339 8 0 0 0 0 0 0 0 0 0 0 0 
340 8 0 0 0 0 0 0 0 0 0 0 0 
341 8 0 0 0 0 0 0 0 0 0 0 0 
342 8 0 0 0 0 0 0 0 0 0 0 0 
343 8 0 0 0 0 0 0 0 0 0 0 0 
344 8 0 0 0 0 0 0 0 0 0 0 0 
345 8 0 0 0 0 0 0 0 0 0 0 0 
346 8 0 0 0 0 0 0 0 0 0 0 0 
347 8 0 0 0 0 0 0 0 0 0 0 0 
348 8 0 0 0 0 0 0 0 0 0 0 0 
349 8 0 0 0 0 0 0 0 0 0 0 0 
350 8 0 0 0 0 0 0 0 0 0 0 0 
351 8 0 0 0 0 0 0 0 0 0 0 0 
352 8 0 0 0 0 0 0 0 0 0 0 0 
353 8 0 0 0 0 0 0 0 0 0 0 0 
354 8 0 0 0 0 0 0 0 0 0 0 0 
355 8 0 0 0 0 0 0 0 0 0 0 0 
356 8 0 0 0 0 0 0 0 0 0 0 0 
357 8 0 0 0 0 0 0 0 0 0 0 0 
358 8 0 0 0 0 0 0 0 0 0 0 0 
359 8 0 0 0 0 0 0 0 0 0 0 0 
360 8 0 0 0 0 0 0 0 0 0 0 0 
361 8 0 0 0 0 0 0 0 0 0 0 0 
362 8 0 0 0 0 0 0 0 0 0 0 0 
363 8 0 0 0 0 0 0 0 0 0 0 0 
364 8 0 0 0 0 0 0 0 0 0 0 0 
365 8 0 0 0 0 0 0 0 0 0 0 0 
366 8 0 0 0 0 0 0 0 0 0 0 0 
367 8 0 0 0 0 0 0 0 0 0 0 0 
368 8 0 0 0 0 0 0 0 0 0 0 0 
369 8 0 0 0 0 0 0 0 0 0 0 0 
370 8 0 0 0 0 0 0 0 0 0 0 0 
371 8 0 0 0 0 0 0 0 0 0 0 0 
372 8 0 0 0 0 0 0 0 0 0 0 0 
373 8 0 0 0 0 0 0 0 0 0 0 0 
374 8 0 0 0 0 0 0 0 0 0 0 0 
375 8 0 0 0 0 0 0 0 0 0 0 0 
376 8 0 0 0 0 0 0 0 0 0 0 0 
377 8 0 0 0 0 0 0 0 0 0 0 0 
378 8 0 0 0 0 0 0 0 0 0 0 0 
379 8 0 0 0 0 0 0 0 0 0 0 0 
380 8 0 0 0 0 0 0 0 0 0 0 0 
381 8 0 0 0 0 0 0 0 0 0 0 0 
382 8 0 0 0 0 0 0 0 0 0 0 0 
383 8 0 0 0 0 0 0 0 0 0 0 0 
384 8 0 0 0 0 0 0 0 0 0 0 0 
385 8 0 0 0 0 0 0 0 0 0 0 0 
386 8 0 0 0 0 0 0 0 0 0 0 0 
387 8 0 0 0 0 0 0 0 0 0 0 0 
388 8 0 0 0 0 0 0 0 0 0 0 0 
389 8 0 0 0 0 0 0 0 0 0 0 0 
390 8 0 0 0 0 0 0 0 0 0 0 0 
391 8 0 0 0 0 0 0 0 0 0 0 0 
392 8 0 0 0 0 0 0 0 0 0 0 0 
393 8 0 0 0 0 0 0 0 0 0 0 0 
394 8 0 0 0 0 0 0 0 0 0 0 0 
395 8 0 0 0 0 0 0 0 0 0 0 0 
396 8 0 0 0 0 0 0 0 0 0 0 0 
397 8 18 0 0 0 0 0 0 0 0 0 0 
398 8 19 0 0 0 0 0 0 0 0 0 0 
399 8 0 0 0 0 0 0 0 0 0 0 0 
400 8 0 0 0 0 0 0 0 0 0 0 0 
401 8 0 0 0 0 0 0 0 0 0 0 0 
402 8 0 0 0 0 0 0 0 0 0 0 0 
403 8 0 0 0 0 0 0 0 0 0 0 0 
404 8 0 0 0 0 0 0 0 0 0 0 0 
405 8 -1 42 45 0 0 4 23 0 0 2 -6 
406 8 25 0 0 0 0 0 0 0 0 0 0 
407 8 0 0 0 0 0 0 0 0 0 0 0 
408 8 0 0 0 0 0 0 0 0 0 0 0 
409 8 0 0 0 0 0 0 0 0 0 0 0 
410 8 0 0 0 0 0 0 0 0 0 0 0 
411 8 0 0 0 0 0 0 0 0 0 0 0 
412 8 0 0 0 0 0 0 0 0 0 0 0 
413 8 0 0 0 0 0 0 0 0 0 0 0 
414 8 0 0 0 0 0 0 0 0 0 0 0 
415 8 0 0 0 0 0 0 0 0 0 0 0 
416 8 0 0 0 0 0 0 0 0 0 0 0 
417 8 0 0 0 0 0 0 0 0 0 0 0 
418 8 0 0 0 0 0 0 0 0 0 0 0 
419 8 30 0 0 0 0 0 0 0 0 0 0 
420 8 31 0 0 0 0 0 0 0 0 0 0 
421 8 0 0 0 0 0 0 0 0 0 0 0 
422 8 0 0 0 0 0 0 0 0 0 0 0 
423 8 0 0 0 0 0 0 0 0 0 0 0 
424 8 0 0 0 0 0 0 0 0 0 0 0 
425 8 0 0 0 0 0 0 0 0 0 0 0 
426 8 0 0 0 0 0 0 0 0 0 0 0 
427 8 34 0 0 0 0 0 0 0 0 0 0 
428 8 -1 2 24 0 0 13 26 0 0 4 2 
429 8 -1 11 48 0 0 43 2 0 0 0 -8 
430 8 -1 27 42 0 0 11 17 0 0 18 4 
431 8 -1 4 58 0 0 56 59 0 0 0 59 
432 8 49 0 0 0 0 0 0 0 0 0 0 
433 8 -1 19 59 0 0 33 47 0 0 9 -3 
434 8 -1 32 34 0 0 53 7 0 0 0 -151 
435 8 -1 2 41 0 0 13 38 0 0 9 62 
436 8 58 0 0 0 0 0 0 0 0 0 0 
437 8 0 0 0 0 0 0 0 0 0 0 0 
438 8 0 0 0 0 0 0 0 0 0 0 0 
439 8 -1 5 6 0 0 38 24 0 0 0 -93 
440 8 -1 57 37 0 0 19 17 0 0 0 24 
441 8 -1 3 52 0 0 39 51 0 0 8 -7 
442 8 67 0 0 0 0 0 0 0 0 0 0 
443 8 -1 34 54 0 0 55 27 0 0 17 -3 
444 8 -1 32 23 0 0 31 13 0 0 9 -27 
445 8 -1 30 12 0 0 4 48 0 0 6 28 
446 8 -1 27 28 0 0 26 62 0 0 4 6 
447 8 -1 44 2 0 0 61 29 0 0 18 -21 
448 8 81 0 0 0 0 0 0 0 0 0 0 
449 8 -1 11 12 0 19 59 58 2 2 32 -145 
450 8 -1 21 48 0 0 6 14 0 0 1 -20 
451 8 88 0 0 0 0 0 0 0 0 0 0 
452 8 89 0 0 0 0 0 0 0 0 0 0 
453 8 90 0 0 0 0 0 0 0 0 0 0 
454 8 91 0 0 0 0 0 0 0 0 0 0 
455 8 -1 6 22 0 0 38 63 0 0 16 82 
456 8 96 0 0 0 0 0 0 0 0 0 0 
457 8 97 0 0 0 0 0 0 0 0 0 0 
458 8 98 0 0 0 0 0 0 0 0 0 0 
459 8 0 0 0 0 0 0 0 0 0 0 0 
460 8 0 0 0 0 0 0 0 0 0 0 0 
461 8 0 0 0 0 0 0 0 0 0 0 0 
462 8 0 0 0 0 0 0 0 0 0 0 0 
463 8 101 0 0 0 0 0 0 0 0 0 0 
464 8 -1 44 34 0 0 58 29 0 0 15 74 
465 8 0 0 0 0 0 0 0 0 0 0 0 
466 8 0 0 0 0 0 0 0 0 0 0 0 
467 8 0 0 0 0 0 0 0 0 0 0 0 
468 8 0 0 0 0 0 0 0 0 0 0 0 
469 8 0 0 0 0 0 0 0 0 0 0 0 
470 8 0 0 0 0 0 0 0 0 0 0 0 
471 8 0 0 0 0 0 0 0 0 0 0 0 
472 8 0 0 0 0 0 0 0 0 0 0 0 
473 8 0 0 0 0 0 0 0 0 0 0 0 
474 8 0 0 0 0 0 0 0 0 0 0 0 
475 8 0 0 0 0 0 0 0 0 0 0 0 
476 8 0 0 0 0 0 0 0 0 0 0 0 
477 8 0 0 0 0 0 0 0 0 0 0 0 
478 8 0 0 0 0 0 0 0 0 0 0 0 
479 8 108 0 0 0 0 0 0 0 0 0 0 
480 8 109 0 0 0 0 0 0 0 0 0 0 
481 8 -1 15 59 0 0 7 50 0 0 11 96 
482 8 114 0 0 0 0 0 0 0 0 0 0 
483 8 0 0 0 0 0 0 0 0 0 0 0 
484 8 0 0 0 0 0 0 0 0 0 0 0 
485 8 -1 7 29 0 0 26 10 0 0 10 17 
486 8 118 0 0 0 0 0 0 0 0 0 0 
487 8 0 0 0 0 0 0 0 0 0 0 0 
488 8 0 0 0 0 0 0 0 0 0 0 0 
489 8 120 0 0 0 0 0 0 0 0 0 0 
490 8 121 0 0 0 0 0 0 0 0 0 0 
491 8 -1 54 19 0 0 17 40 0 0 12 -94 
492 8 124 0 0 0 0 0 0 0 0 0 0 
493 8 0 0 0 0 0 0 0 0 0 0 0 
494 8 0 0 0 0 0 0 0 0 0 0 0 
495 8 126 0 0 0 0 0 0 0 0 0 0 
496 8 -1 57 34 0 0 42 37 0 0 0 120 
497 8 0 0 0 0 0 0 0 0 0 0 0 
498 8 0 0 0 0 0 0 0 0 0 0 0 
499 8 -1 45 61 0 0 52 50 0 0 12 43 
500 8 -1 36 9 0 0 17 40 0 0 1 -7 
501 8 137 0 0 0 0 0 0 0 0 0 0 
502 8 -1 20 31 0 0 29 24 0 0 6 -22 
503 8 0 0 0 0 0 0 0 0 0 0 0 
504 8 0 0 0 0 0 0 0 0 0 0 0 
505 8 0 0 0 0 0 0 0 0 0 0 0 
506 8 0 0 0 0 0 0 0 0 0 0 0 
507 8 0 0 0 0 0 0 0 0 0 0 0 
508 8 0 0 0 0 0 0 0 0 0 0 0 
509 8 0 0 0 0 0 0 0 0 0 0 0 
510 8 0 0 0 0 0 0 0 0 0 0 0 
511 9 0 0 0 0 0 0 0 0 0 0 0 
512 9 0 0 0 0 0 0 0 0 0 0 0 
513 9 0 0 0 0 0 0 0 0 0 0 0 
514 9 0 0 0 0 0 0 0 0 0 0 0 
515 9 0 0 0 0 0 0 0 0 0 0 0 
516 9 0 0 0 0 0 0 0 0 0 0 0 
517 9 0 0 0 0 0 0 0 0 0 0 0 
518 9 0 0 0 0 0 0 0 0 0 0 0 
519 9 0 0 0 0 0 0 0 0 0 0 0 
520 9 0 0 0 0 0 0 0 0 0 0 0 
521 9 0 0 0 0 0 0 0 0 0 0 0 
522 9 0 0 0 0 0 0 0 0 0 0 0 
523 9 0 0 0 0 0 0 0 0 0 0 0 
524 9 0 0 0 0 0 0 0 0 0 0 0 
525 9 0 0 0 0 0 0 0 0 0 0 0 
526 9 0 0 0 0 0 0 0 0 0 0 0 
527 9 0 0 0 0 0 0 0 0 0 0 0 
528 9 0 0 0 0 0 0 0 0 0 0 0 
529 9 0 0 0 0 0 0 0 0 0 0 0 
530 9 0 0 0 0 0 0 0 0 0 0 0 
531 9 0 0 0 0 0 0 0 0 0 0 0 
532 9 0 0 0 0 0 0 0 0 0 0 0 
533 9 0 0 0 0 0 0 0 0 0 0 0 
534 9 0 0 0 0 0 0 0 0 0 0 0 
535 9 0 0 0 0 0 0 0 0 0 0 0 
536 9 0 0 0 0 0 0 0 0 0 0 0 
537 9 0 0 0 0 0 0 0 0 0 0 0 
538 9 0 0 0 0 0 0 0 0 0 0 0 
539 9 0 0 0 0 0 0 0 0 0 0 0 
540 9 0 0 0 0 0 0 0 0 0 0 0 
541 9 0 0 0 0 0 0 0 0 0 0 0 
542 9 0 0 0 0 0 0 0 0 0 0 0 
543 9 0 0 0 0 0 0 0 0 0 0 0 
544 9 0 0 0 0 0 0 0 0 0 0 0 
545 9 0 0 0 0 0 0 0 0 0 0 0 
546 9 0 0 0 0 0 0 0 0 0 0 0 
547 9 0 0 0 0 0 0 0 0 0 0 0 
548 9 0 0 0 0 0 0 0 0 0 0 0 
549 9 0 0 0 0 0 0 0 0 0 0 0 
550 9 0 0 0 0 0 0 0 0 0 0 0 
551 9 0 0 0 0 0 0 0 0 0 0 0 
552 9 0 0 0 0 0 0 0 0 0 0 0 
553 9 0 0 0 0 0 0 0 0 0 0 0 
554 9 0 0 0 0 0 0 0 0 0 0 0 
555 9 0 0 0 0 0 0 0 0 0 0 0 
556 9 0 0 0 0 0 0 0 0 0 0 0 
557 9 0 0 0 0 0 0 0 0 0 0 0 
558 9 0 0 0 0 0 0 0 0 0 0 0 
559 9 0 0 0 0 0 0 0 0 0 0 0 
560 9 0 0 0 0 0 0 0 0 0 0 0 
561 9 0 0 0 0 0 0 0 0 0 0 0 
562 9 0 0 0 0 0 0 0 0 0 0 0 
563 9 0 0 0 0 0 0 0 0 0 0 0 
564 9 0 0 0 0 0 0 0 0 0 0 0 
565 9 0 0 0 0 0 0 0 0 0 0 0 
566 9 0 0 0 0 0 0 0 0 0 0 0 
567 9 0 0 0 0 0 0 0 0 0 0 0 
568 9 0 0 0 0 0 0 0 0 0 0 0 
569 9 0 0 0 0 0 0 0 0 0 0 0 
570 9 0 0 0 0 0 0 0 0 0 0 0 
571 9 0 0 0 0 0 0 0 0 0 0 0 
572 9 0 0 0 0 0 0 0 0 0 0 0 
573 9 0 0 0 0 0 0 0 0 0 0 0 
574 9 0 0 0 0 0 0 0 0 0 0 0 
575 9 0 0 0 0 0 0 0 0 0 0 0 
576 9 0 0 0 0 0 0 0 0 0 0 0 
577 9 0 0 0 0 0 0 0 0 0 0 0 
578 9 0 0 0 0 0 0 0 0 0 0 0 
579 9 0 0 0 0 0 0 0 0 0 0 0 
580 9 0 0 0 0 0 0 0 0 0 0 0 
581 9 0 0 0 0 0 0 0 0 0 0 0 
582 9 0 0 0 0 0 0 0 0 0 0 0 
583 9 0 0 0 0 0 0 0 0 0 0 0 
584 9 0 0 0 0 0 0 0 0 0 0 0 
585 9 0 0 0 0 0 0 0 0 0 0 0 
586 9 0 0 0 0 0 0 0 0 0 0 0 
587 9 0 0 0 0 0 0 0 0 0 0 0 
588 9 0 0 0 0 0 0 0 0 0 0 0 
589 9 0 0 0 0 0 0 0 0 0 0 0 
590 9 0 0 0 0 0 0 0 0 0 0 0 
591 9 0 0 0 0 0 0 0 0 0 0 0 
592 9 0 0 0 0 0 0 0 0 0 0 0 
593 9 0 0 0 0 0 0 0 0 0 0 0 
594 9 0 0 0 0 0 0 0 0 0 0 0 
595 9 0 0 0 0 0 0 0 0 0 0 0 
596 9 0 0 0 0 0 0 0 0 0 0 0 
597 9 0 0 0 0 0 0 0 0 0 0 0 
598 9 0 0 0 0 0 0 0 0 0 0 0 
599 9 0 0 0 0 0 0 0 0 0 0 0 
600 9 0 0 0 0 0 0 0 0 0 0 0 
601 9 0 0 0 0 0 0 0 0 0 0 0 
602 9 0 0 0 0 0 0 0 0 0 0 0 
603 9 0 0 0 0 0 0 0 0 0 0 0 
604 9 0 0 0 0 0 0 0 0 0 0 0 
605 9 0 0 0 0 0 0 0 0 0 0 0 
606 9 0 0 0 0 0 0 0 0 0 0 0 
607 9 0 0 0 0 0 0 0 0 0 0 0 
608 9 0 0 0 0 0 0 0 0 0 0 0 
609 9 0 0 0 0 0 0 0 0 0 0 0 
610 9 0 0 0 0 0 0 0 0 0 0 0 
611 9 0 0 0 0 0 0 0 0 0 0 0 
612 9 0 0 0 0 0 0 0 0 0 0 0 
613 9 0 0 0 0 0 0 0 0 0 0 0 
614 9 0 0 0 0 0 0 0 0 0 0 0 
615 9 0 0 0 0 0 0 0 0 0 0 0 
616 9 0 0 0 0 0 0 0 0 0 0 0 
617 9 0 0 0 0 0 0 0 0 0 0 0 
618 9 0 0 0 0 0 0 0 0 0 0 0 
619 9 0 0 0 0 0 0 0 0 0 0 0 
620 9 0 0 0 0 0 0 0 0 0 0 0 
621 9 0 0 0 0 0 0 0 0 0 0 0 
622 9 0 0 0 0 0 0 0 0 0 0 0 
623 9 0 0 0 0 0 0 0 0 0 0 0 
624 9 0 0 0 0 0 0 0 0 0 0 0 
625 9 0 0 0 0 0 0 0 0 0 0 0 
626 9 0 0 0 0 0 0 0 0 0 0 0 
627 9 0 0 0 0 0 0 0 0 0 0 0 
628 9 0 0 0 0 0 0 0 0 0 0 0 
629 9 0 0 0 0 0 0 0 0 0 0 0 
630 9 0 0 0 0 0 0 0 0 0 0 0 
631 9 0 0 0 0 0 0 0 0 0 0 0 
632 9 0 0 0 0 0 0 0 0 0 0 0 
633 9 0 0 0 0 0 0 0 0 0 0 0 
634 9 0 0 0 0 0 0 0 0 0 0 0 
635 9 0 0 0 0 0 0 0 0 0 0 0 
636 9 0 0 0 0 0 0 0 0 0 0 0 
637 9 0 0 0 0 0 0 0 0 0 0 0 
638 9 0 0 0 0 0 0 0 0 0 0 0 
639 9 0 0 0 0 0 0 0 0 0 0 0 
640 9 0 0 0 0 0 0 0 0 0 0 0 
641 9 0 0 0 0 0 0 0 0 0 0 0 
642 9 0 0 0 0 0 0 0 0 0 0 0 
643 9 0 0 0 0 0 0 0 0 0 0 0 
644 9 0 0 0 0 0 0 0 0 0 0 0 
645 9 0 0 0 0 0 0 0 0 0 0 0 
646 9 0 0 0 0 0 0 0 0 0 0 0 
647 9 0 0 0 0 0 0 0 0 0 0 0 
648 9 0 0 0 0 0 0 0 0 0 0 0 
649 9 0 0 0 0 0 0 0 0 0 0 0 
650 9 0 0 0 0 0 0 0 0 0 0 0 
651 9 0 0 0 0 0 0 0 0 0 0 0 
652 9 0 0 0 0 0 0 0 0 0 0 0 
653 9 0 0 0 0 0 0 0 0 0 0 0 
654 9 0 0 0 0 0 0 0 0 0 0 0 
655 9 0 0 0 0 0 0 0 0 0 0 0 
656 9 0 0 0 0 0 0 0 0 0 0 0 
657 9 0 0 0 0 0 0 0 0 0 0 0 
658 9 0 0 0 0 0 0 0 0 0 0 0 
659 9 0 0 0 0 0 0 0 0 0 0 0 
660 9 0 0 0 0 0 0 0 0 0 0 0 
661 9 0 0 0 0 0 0 0 0 0 0 0 
662 9 0 0 0 0 0 0 0 0 0 0 0 
663 9 0 0 0 0 0 0 0 0 0 0 0 
664 9 0 0 0 0 0 0 0 0 0 0 0 
665 9 0 0 0 0 0 0 0 0 0 0 0 
666 9 0 0 0 0 0 0 0 0 0 0 0 
667 9 0 0 0 0 0 0 0 0 0 0 0 
668 9 0 0 0 0 0 0 0 0 0 0 0 
669 9 0 0 0 0 0 0 0 0 0 0 0 
670 9 0 0 0 0 0 0 0 0 0 0 0 
671 9 0 0 0 0 0 0 0 0 0 0 0 
672 9 0 0 0 0 0 0 0 0 0 0 0 
673 9 0 0 0 0 0 0 0 0 0 0 0 
674 9 0 0 0 0 0 0 0 0 0 0 0 
675 9 0 0 0 0 0 0 0 0 0 0 0 
676 9 0 0 0 0 0 0 0 0 0 0 0 
677 9 0 0 0 0 0 0 0 0 0 0 0 
678 9 0 0 0 0 0 0 0 0 0 0 0 
679 9 0 0 0 0 0 0 0 0 0 0 0 
680 9 0 0 0 0 0 0 0 0 0 0 0 
681 9 0 0 0 0 0 0 0 0 0 0 0 
682 9 0 0 0 0 0 0 0 0 0 0 0 
683 9 0 0 0 0 0 0 0 0 0 0 0 
684 9 0 0 0 0 0 0 0 0 0 0 0 
685 9 0 0 0 0 0 0 0 0 0 0 0 
686 9 0 0 0 0 0 0 0 0 0 0 0 
687 9 0 0 0 0 0 0 0 0 0 0 0 
688 9 0 0 0 0 0 0 0 0 0 0 0 
689 9 0 0 0 0 0 0 0 0 0 0 0 
690 9 0 0 0 0 0 0 0 0 0 0 0 
691 9 0 0 0 0 0 0 0 0 0 0 0 
692 9 0 0 0 0 0 0 0 0 0 0 0 
693 9 0 0 0 0 0 0 0 0 0 0 0 
694 9 0 0 0 0 0 0 0 0 0 0 0 
695 9 0 0 0 0 0 0 0 0 0 0 0 
696 9 0 0 0 0 0 0 0 0 0 0 0 
697 9 0 0 0 0 0 0 0 0 0 0 0 
698 9 0 0 0 0 0 0 0 0 0 0 0 
699 9 0 0 0 0 0 0 0 0 0 0 0 
700 9 0 0 0 0 0 0 0 0 0 0 0 
701 9 0 0 0 0 0 0 0 0 0 0 0 
702 9 0 0 0 0 0 0 0 0 0 0 0 
703 9 0 0 0 0 0 0 0 0 0 0 0 
704 9 0 0 0 0 0 0 0 0 0 0 0 
705 9 0 0 0 0 0 0 0 0 0 0 0 
706 9 0 0 0 0 0 0 0 0 0 0 0 
707 9 0 0 0 0 0 0 0 0 0 0 0 
708 9 0 0 0 0 0 0 0 0 0 0 0 
709 9 0 0 0 0 0 0 0 0 0 0 0 
710 9 0 0 0 0 0 0 0 0 0 0 0 
711 9 0 0 0 0 0 0 0 0 0 0 0 
712 9 0 0 0 0 0 0 0 0 0 0 0 
713 9 0 0 0 0 0 0 0 0 0 0 0 
714 9 0 0 0 0 0 0 0 0 0 0 0 
715 9 0 0 0 0 0 0 0 0 0 0 0 
716 9 0 0 0 0 0 0 0 0 0 0 0 
717 9 0 0 0 0 0 0 0 0 0 0 0 
718 9 0 0 0 0 0 0 0 0 0 0 0 
719 9 0 0 0 0 0 0 0 0 0 0 0 
720 9 0 0 0 0 0 0 0 0 0 0 0 
721 9 0 0 0 0 0 0 0 0 0 0 0 
722 9 0 0 0 0 0 0 0 0 0 0 0 
723 9 0 0 0 0 0 0 0 0 0 0 0 
724 9 0 0 0 0 0 0 0 0 0 0 0 
725 9 0 0 0 0 0 0 0 0 0 0 0 
726 9 0 0 0 0 0 0 0 0 0 0 0 
727 9 0 0 0 0 0 0 0 0 0 0 0 
728 9 0 0 0 0 0 0 0 0 0 0 0 
729 9 0 0 0 0 0 0 0 0 0 0 0 
730 9 0 0 0 0 0 0 0 0 0 0 0 
731 9 0 0 0 0 0 0 0 0 0 0 0 
732 9 0 0 0 0 0 0 0 0 0 0 0 
733 9 0 0 0 0 0 0 0 0 0 0 0 
734 9 0 0 0 0 0 0 0 0 0 0 0 
735 9 0 0 0 0 0 0 0 0 0 0 0 
736 9 0 0 0 0 0 0 0 0 0 0 0 
737 9 0 0 0 0 0 0 0 0 0 0 0 
738 9 0 0 0 0 0 0 0 0 0 0 0 
739 9 0 0 0 0 0 0 0 0 0 0 0 
740 9 0 0 0 0 0 0 0 0 0 0 0 
741 9 0 0 0 0 0 0 0 0 0 0 0 
742 9 0 0 0 0 0 0 0 0 0 0 0 
743 9 0 0 0 0 0 0 0 0 0 0 0 
744 9 0 0 0 0 0 0 0 0 0 0 0 
745 9 0 0 0 0 0 0 0 0 0 0 0 
746 9 0 0 0 0 0 0 0 0 0 0 0 
747 9 0 0 0 0 0 0 0 0 0 0 0 
748 9 0 0 0 0 0 0 0 0 0 0 0 
749 9 0 0 0 0 0 0 0 0 0 0 0 
750 9 0 0 0 0 0 0 0 0 0 0 0 
751 9 0 0 0 0 0 0 0 0 0 0 0 
752 9 0 0 0 0 0 0 0 0 0 0 0 
753 9 0 0 0 0 0 0 0 0 0 0 0 
754 9 0 0 0 0 0 0 0 0 0 0 0 
755 9 0 0 0 0 0 0 0 0 0 0 0 
756 9 0 0 0 0 0 0 0 0 0 0 0 
757 9 0 0 0 0 0 0 0 0 0 0 0 
758 9 0 0 0 0 0 0 0 0 0 0 0 
759 9 0 0 0 0 0 0 0 0 0 0 0 
760 9 0 0 0 0 0 0 0 0 0 0 0 
761 9 0 0 0 0 0 0 0 0 0 0 0 
762 9 0 0 0 0 0 0 0 0 0 0 0 
763 9 0 0 0 0 0 0 0 0 0 0 0 
764 9 0 0 0 0 0 0 0 0 0 0 0 
765 9 0 0 0 0 0 0 0 0 0 0 0 
766 9 0 0 0 0 0 0 0 0 0 0 0 
767 9 0 0 0 0 0 0 0 0 0 0 0 
768 9 0 0 0 0 0 0 0 0 0 0 0 
769 9 0 0 0 0 0 0 0 0 0 0 0 
770 9 0 0 0 0 0 0 0 0 0 0 0 
771 9 0 0 0 0 0 0 0 0 0 0 0 
772 9 0 0 0 0 0 0 0 0 0 0 0 
773 9 0 0 0 0 0 0 0 0 0 0 0 
774 9 0 0 0 0 0 0 0 0 0 0 0 
775 9 0 0 0 0 0 0 0 0 0 0 0 
776 9 0 0 0 0 0 0 0 0 0 0 0 
777 9 0 0 0 0 0 0 0 0 0 0 0 
778 9 0 0 0 0 0 0 0 0 0 0 0 
779 9 0 0 0 0 0 0 0 0 0 0 0 
780 9 0 0 0 0 0 0 0 0 0 0 0 
781 9 0 0 0 0 0 0 0 0 0 0 0 
782 9 0 0 0 0 0 0 0 0 0 0 0 
783 9 0 0 0 0 0 0 0 0 0 0 0 
784 9 0 0 0 0 0 0 0 0 0 0 0 
785 9 0 0 0 0 0 0 0 0 0 0 0 
786 9 0 0 0 0 0 0 0 0 0 0 0 
787 9 0 0 0 0 0 0 0 0 0 0 0 
788 9 0 0 0 0 0 0 0 0 0 0 0 
789 9 0 0 0 0 0 0 0 0 0 0 0 
790 9 0 0 0 0 0 0 0 0 0 0 0 
791 9 0 0 0 0 0 0 0 0 0 0 0 
792 9 0 0 0 0 0 0 0 0 0 0 0 
793 9 0 0 0 0 0 0 0 0 0 0 0 
794 9 0 0 0 0 0 0 0 0 0 0 0 
795 9 0 0 0 0 0 0 0 0 0 0 0 
796 9 0 0 0 0 0 0 0 0 0 0 0 
797 9 0 0 0 0 0 0 0 0 0 0 0 
798 9 0 0 0 0 0 0 0 0 0 0 0 
799 9 0 0 0 0 0 0 0 0 0 0 0 
800 9 0 0 0 0 0 0 0 0 0 0 0 
801 9 0 0 0 0 0 0 0 0 0 0 0 
802 9 0 0 0 0 0 0 0 0 0 0 0 
803 9 0 0 0 0 0 0 0 0 0 0 0 
804 9 0 0 0 0 0 0 0 0 0 0 0 
805 9 0 0 0 0 0 0 0 0 0 0 0 
806 9 0 0 0 0 0 0 0 0 0 0 0 
807 9 0 0 0 0 0 0 0 0 0 0 0 
808 9 0 0 0 0 0 0 0 0 0 0 0 
809 9 0 0 0 0 0 0 0 0 0 0 0 
810 9 0 0 0 0 0 0 0 0 0 0 0 
811 9 23 0 0 0 0 0 0 0 0 0 0 
812 9 24 0 0 0 0 0 0 0 0 0 0 
813 9 0 0 0 0 0 0 0 0 0 0 0 
814 9 0 0 0 0 0 0 0 0 0 0 0 
815 9 0 0 0 0 0 0 0 0 0 0 0 
816 9 0 0 0 0 0 0 0 0 0 0 0 
817 9 0 0 0 0 0 0 0 0 0 0 0 
818 9 0 0 0 0 0 0 0 0 0 0 0 
819 9 0 0 0 0 0 0 0 0 0 0 0 
820 9 0 0 0 0 0 0 0 0 0 0 0 
821 9 0 0 0 0 0 0 0 0 0 0 0 
822 9 0 0 0 0 0 0 0 0 0 0 0 
823 9 0 0 0 0 0 0 0 0 0 0 0 
824 9 0 0 0 0 0 0 0 0 0 0 0 
825 9 0 0 0 0 0 0 0 0 0 0 0 
826 9 0 0 0 0 0 0 0 0 0 0 0 
827 9 0 0 0 0 0 0 0 0 0 0 0 
828 9 0 0 0 0 0 0 0 0 0 0 0 
829 9 0 0 0 0 0 0 0 0 0 0 0 
830 9 0 0 0 0 0 0 0 0 0 0 0 
831 9 0 0 0 0 0 0 0 0 0 0 0 
832 9 0 0 0 0 0 0 0 0 0 0 0 
833 9 0 0 0 0 0 0 0 0 0 0 0 
834 9 0 0 0 0 0 0 0 0 0 0 0 
835 9 0 0 0 0 0 0 0 0 0 0 0 
836 9 0 0 0 0 0 0 0 0 0 0 0 
837 9 0 0 0 0 0 0 0 0 0 0 0 
838 9 0 0 0 0 0 0 0 0 0 0 0 
839 9 0 0 0 0 0 0 0 0 0 0 0 
840 9 0 0 0 0 0 0 0 0 0 0 0 
841 9 0 0 0 0 0 0 0 0 0 0 0 
842 9 0 0 0 0 0 0 0 0 0 0 0 
843 9 0 0 0 0 0 0 0 0 0 0 0 
844 9 0 0 0 0 0 0 0 0 0 0 0 
845 9 0 0 0 0 0 0 0 0 0 0 0 
846 9 0 0 0 0 0 0 0 0 0 0 0 
847 9 0 0 0 0 0 0 0 0 0 0 0 
848 9 0 0 0 0 0 0 0 0 0 0 0 
849 9 0 0 0 0 0 0 0 0 0 0 0 
850 9 0 0 0 0 0 0 0 0 0 0 0 
851 9 0 0 0 0 0 0 0 0 0 0 0 
852 9 0 0 0 0 0 0 0 0 0 0 0 
853 9 0 0 0 0 0 0 0 0 0 0 0 
854 9 0 0 0 0 0 0 0 0 0 0 0 
855 9 0 0 0 0 0 0 0 0 0 0 0 
856 9 0 0 0 0 0 0 0 0 0 0 0 
857 9 35 0 0 0 0 0 0 0 0 0 0 
858 9 36 0 0 0 0 0 0 0 0 0 0 
859 9 -1 1 63 0 0 6 23 0 0 6 -54 
860 9 -1 13 61 0 0 19 53 0 0 11 -26 
861 9 -1 20 54 0 0 27 3 0 0 7 -2 
862 9 -1 17 2 0 0 4 56 0 0 3 -33 
863 9 -1 48 37 0 0 52 2 0 0 2 4 
864 9 -1 33 57 0 0 35 63 0 0 7 -28 
865 9 0 0 0 0 0 0 0 0 0 0 0 
866 9 0 0 0 0 0 0 0 0 0 0 0 
867 9 50 0 0 0 0 0 0 0 0 0 0 
868 9 51 0 0 0 0 0 0 0 0 0 0 
869 9 52 0 0 0 0 0 0 0 0 0 0 
870 9 -1 15 5 0 0 35 45 0 0 7 17 
871 9 -1 39 41 0 0 48 10 0 0 4 -21 
872 9 57 0 0 0 0 0 0 0 0 0 0 
873 9 0 0 0 0 0 0 0 0 0 0 0 
874 9 0 0 0 0 0 0 0 0 0 0 0 
875 9 0 0 0 0 0 0 0 0 0 0 0 
876 9 0 0 0 0 0 0 0 0 0 0 0 
877 9 0 0 0 0 0 0 0 0 0 0 0 
878 9 0 0 0 0 0 0 0 0 0 0 0 
879 9 60 0 0 0 0 0 0 0 0 0 0 
880 9 -1 57 58 0 0 4 40 0 0 7 -46 
881 9 63 0 0 0 0 0 0 0 0 0 0 
882 9 64 0 0 0 0 0 0 0 0 0 0 
883 9 65 0 0 0 0 0 0 0 0 0 0 
884 9 66 0 0 0 0 0 0 0 0 0 0 
885 9 0 0 0 0 0 0 0 0 0 0 0 
886 9 0 0 0 0 0 0 0 0 0 0 0 
887 9 68 0 0 0 0 0 0 0 0 0 0 
888 9 -1 25 44 0 0 30 20 0 0 4 16 
889 9 71 0 0 0 0 0 0 0 0 0 0 
890 9 -1 0 43 0 0 21 7 0 0 3 -40 
891 9 74 0 0 0 0 0 0 0 0 0 0 
892 9 75 0 0 0 0 0 0 0 0 0 0 
893 9 -1 45 55 0 0 3 56 0 0 16 -7 
894 9 78 0 0 0 0 0 0 0 0 0 0 
895 9 79 0 0 0 0 0 0 0 0 0 0 
896 9 80 0 0 0 0 0 0 0 0 0 0 
897 9 0 0 0 0 0 0 0 0 0 0 0 
898 9 0 0 0 0 0 0 0 0 0 0 0 
899 9 82 0 0 0 0 0 0 0 0 0 0 
900 9 -1 29 57 0 0 61 56 0 0 1 -3 
901 9 85 0 0 0 0 0 0 0 0 0 0 
902 9 -1 10 8 0 0 15 31 0 0 4 -42 
903 9 0 0 0 0 0 0 0 0 0 0 0 
904 9 0 0 0 0 0 0 0 0 0 0 0 
905 9 0 0 0 0 0 0 0 0 0 0 0 
906 9 0 0 0 0 0 0 0 0 0 0 0 
907 9 0 0 0 0 0 0 0 0 0 0 0 
908 9 0 0 0 0 0 0 0 0 0 0 0 
909 9 0 0 0 0 0 0 0 0 0 0 0 
910 9 0 0 0 0 0 0 0 0 0 0 0 
911 9 -1 0 47 0 0 46 26 0 0 1 -24 
912 9 -1 11 42 0 0 0 2 0 0 17 -12 
913 9 0 0 0 0 0 0 0 0 0 0 0 
914 9 0 0 0 0 0 0 0 0 0 0 0 
915 9 0 0 0 0 0 0 0 0 0 0 0 
916 9 0 0 0 0 0 0 0 0 0 0 0 
917 9 0 0 0 0 0 0 0 0 0 0 0 
918 9 0 0 0 0 0 0 0 0 0 0 0 
919 9 0 0 0 0 0 0 0 0 0 0 0 
920 9 0 0 0 0 0 0 0 0 0 0 0 
921 9 0 0 0 0 0 0 0 0 0 0 0 
922 9 0 0 0 0 0 0 0 0 0 0 0 
923 9 0 0 0 0 0 0 0 0 0 0 0 
924 9 0 0 0 0 0 0 0 0 0 0 0 
925 9 0 0 0 0 0 0 0 0 0 0 0 
926 9 0 0 0 0 0 0 0 0 0 0 0 
927 9 0 0 0 0 0 0 0 0 0 0 0 
928 9 0 0 0 0 0 0 0 0 0 0 0 
929 9 -1 33 49 0 0 1 41 0 0 0 6 
930 9 104 0 0 0 0 0 0 0 0 0 0 
931 9 0 0 0 0 0 0 0 0 0 0 0 
932 9 0 0 0 0 0 0 0 0 0 0 0 
933 9 0 0 0 0 0 0 0 0 0 0 0 
934 9 0 0 0 0 0 0 0 0 0 0 0 
935 9 0 0 0 0 0 0 0 0 0 0 0 
936 9 0 0 0 0 0 0 0 0 0 0 0 
937 9 0 0 0 0 0 0 0 0 0 0 0 
938 9 0 0 0 0 0 0 0 0 0 0 0 
939 9 0 0 0 0 0 0 0 0 0 0 0 
940 9 0 0 0 0 0 0 0 0 0 0 0 
941 9 0 0 0 0 0 0 0 0 0 0 0 
942 9 0 0 0 0 0 0 0 0 0 0 0 
943 9 0 0 0 0 0 0 0 0 0 0 0 
944 9 0 0 0 0 0 0 0 0 0 0 0 
945 9 0 0 0 0 0 0 0 0 0 0 0 
946 9 0 0 0 0 0 0 0 0 0 0 0 
947 9 0 0 0 0 0 0 0 0 0 0 0 
948 9 0 0 0 0 0 0 0 0 0 0 0 
949 9 0 0 0 0 0 0 0 0 0 0 0 
950 9 0 0 0 0 0 0 0 0 0 0 0 
951 9 0 0 0 0 0 0 0 0 0 0 0 
952 9 0 0 0 0 0 0 0 0 0 0 0 
953 9 0 0 0 0 0 0 0 0 0 0 0 
954 9 0 0 0 0 0 0 0 0 0 0 0 
955 9 0 0 0 0 0 0 0 0 0 0 0 
956 9 0 0 0 0 0 0 0 0 0 0 0 
957 9 0 0 0 0 0 0 0 0 0 0 0 
958 9 0 0 0 0 0 0 0 0 0 0 0 
959 9 0 0 0 0 0 0 0 0 0 0 0 
960 9 0 0 0 0 0 0 0 0 0 0 0 
961 9 0 0 0 0 0 0 0 0 0 0 0 
962 9 0 0 0 0 0 0 0 0 0 0 0 
963 9 -1 32 7 0 0 29 47 0 0 11 16 
964 9 -1 47 21 0 0 49 47 0 0 16 -13 
965 9 0 0 0 0 0 0 0 0 0 0 0 
966 9 0 0 0 0 0 0 0 0 0 0 0 
967 9 0 0 0 0 0 0 0 0 0 0 0 
968 9 0 0 0 0 0 0 0 0 0 0 0 
969 9 0 0 0 0 0 0 0 0 0 0 0 
970 9 0 0 0 0 0 0 0 0 0 0 0 
971 9 116 0 0 0 0 0 0 0 0 0 0 
972 9 117 0 0 0 0 0 0 0 0 0 0 
973 9 0 0 0 0 0 0 0 0 0 0 0 
974 9 0 0 0 0 0 0 0 0 0 0 0 
975 9 0 0 0 0 0 0 0 0 0 0 0 
976 9 0 0 0 0 0 0 0 0 0 0 0 
977 9 0 0 0 0 0 0 0 0 0 0 0 
978 9 0 0 0 0 0 0 0 0 0 0 0 
979 9 0 0 0 0 0 0 0 0 0 0 0 
980 9 0 0 0 0 0 0 0 0 0 0 0 
981 9 0 0 0 0 0 0 0 0 0 0 0 
982 9 0 0 0 0 0 0 0 0 0 0 0 
983 9 122 0 0 0 0 0 0 0 0 0 0 
984 9 123 0 0 0 0 0 0 0 0 0 0 
985 9 0 0 0 0 0 0 0 0 0 0 0 
986 9 0 0 0 0 0 0 0 0 0 0 0 
987 9 0 0 0 0 0 0 0 0 0 0 0 
988 9 0 0 0 0 0 0 0 0 0 0 0 
989 9 0 0 0 0 0 0 0 0 0 0 0 
990 9 0 0 0 0 0 0 0 0 0 0 0 
991 9 0 0 0 0 0 0 0 0 0 0 0 
992 9 0 0 0 0 0 0 0 0 0 0 0 
993 9 -1 14 13 0 0 18 51 0 0 5 -20 
994 9 129 0 0 0 0 0 0 0 0 0 0 
995 9 0 0 0 0 0 0 0 0 0 0 0 
996 9 0 0 0 0 0 0 0 0 0 0 0 
997 9 0 0 0 0 0 0 0 0 0 0 0 
998 9 0 0 0 0 0 0 0 0 0 0 0 
999 9 -1 47 60 0 0 59 17 0 0 16 -21 
1000 9 133 0 0 0 0 0 0 0 0 0 0 
1001 9 134 0 0 0 0 0 0 0 0 0 0 
1002 9 -1 6 11 0 0 9 8 0 0 9 77 
1003 9 0 0 0 0 0 0 0 0 0 0 0 
1004 9 0 0 0 0 0 0 0 0 0 0 0 
1005 9 138 0 0 0 0 0 0 0 0 0 0 
1006 9 -1 55 23 0 0 20 6 0 0 5 -5 
1007 9 0 0 0 0 0 0 0 0 0 0 0 
1008 9 0 0 0 0 0 0 0 0 0 0 0 
1009 9 0 0 0 0 0 0 0 0 0 0 0 
1010 9 0 0 0 0 0 0 0 0 0 0 0 
1011 9 0 0 0 0 0 0 0 0 0 0 0 
1012 9 0 0 0 0 0 0 0 0 0 0 0 
1013 9 0 0 0 0 0 0 0 0 0 0 0 
1014 9 0 0 0 0 0 0 0 0 0 0 0 
1015 9 0 0 0 0 0 0 0 0 0 0 0 
1016 9 0 0 0 0 0 0 0 0 0 0 0 
1017 9 0 0 0 0 0 0 0 0 0 0 0 
1018 9 0 0 0 0 0 0 0 0 0 0 0 
1019 9 0 0 0 0 0 0 0 0 0 0 0 
1020 9 0 0 0 0 0 0 0 0 0 0 0 
1021 9 0 0 0 0 0 0 0 0 0 0 0 
1022 9 0 0 0 0 0 0 0 0 0 0 0 
1023 10 0 0 0 0 0 0 0 0 0 0 0 
1024 10 0 0 0 0 0 0 0 0 0 0 0 
1025 10 0 0 0 0 0 0 0 0 0 0 0 
1026 10 0 0 0 0 0 0 0 0 0 0 0 
1027 10 0 0 0 0 0 0 0 0 0 0 0 
1028 10 0 0 0 0 0 0 0 0 0 0 0 
1029 10 0 0 0 0 0 0 0 0 0 0 0 
1030 10 0 0 0 0 0 0 0 0 0 0 0 
1031 10 0 0 0 0 0 0 0 0 0 0 0 
1032 10 0 0 0 0 0 0 0 0 0 0 0 
1033 10 0 0 0 0 0 0 0 0 0 0 0 
1034 10 0 0 0 0 0 0 0 0 0 0 0 
1035 10 0 0 0 0 0 0 0 0 0 0 0 
1036 10 0 0 0 0 0 0 0 0 0 0 0 
1037 10 0 0 0 0 0 0 0 0 0 0 0 
1038 10 0 0 0 0 0 0 0 0 0 0 0 
1039 10 0 0 0 0 0 0 0 0 0 0 0 
1040 10 0 0 0 0 0 0 0 0 0 0 0 
1041 10 0 0 0 0 0 0 0 0 0 0 0 
1042 10 0 0 0 0 0 0 0 0 0 0 0 
1043 10 0 0 0 0 0 0 0 0 0 0 0 
1044 10 0 0 0 0 0 0 0 0 0 0 0 
1045 10 0 0 0 0 0 0 0 0 0 0 0 
1046 10 0 0 0 0 0 0 0 0 0 0 0 
1047 10 0 0 0 0 0 0 0 0 0 0 0 
1048 10 0 0 0 0 0 0 0 0 0 0 0 
1049 10 0 0 0 0 0 0 0 0 0 0 0 
1050 10 0 0 0 0 0 0 0 0 0 0 0 
1051 10 0 0 0 0 0 0 0 0 0 0 0 
1052 10 0 0 0 0 0 0 0 0 0 0 0 
1053 10 0 0 0 0 0 0 0 0 0 0 0 
1054 10 0 0 0 0 0 0 0 0 0 0 0 
1055 10 0 0 0 0 0 0 0 0 0 0 0 
1056 10 0 0 0 0 0 0 0 0 0 0 0 
1057 10 0 0 0 0 0 0 0 0 0 0 0 
1058 10 0 0 0 0 0 0 0 0 0 0 0 
1059 10 0 0 0 0 0 0 0 0 0 0 0 
1060 10 0 0 0 0 0 0 0 0 0 0 0 
1061 10 0 0 0 0 0 0 0 0 0 0 0 
1062 10 0 0 0 0 0 0 0 0 0 0 0 
1063 10 0 0 0 0 0 0 0 0 0 0 0 
1064 10 0 0 0 0 0 0 0 0 0 0 0 
1065 10 0 0 0 0 0 0 0 0 0 0 0 
1066 10 0 0 0 0 0 0 0 0 0 0 0 
1067 10 0 0 0 0 0 0 0 0 0 0 0 
1068 10 0 0 0 0 0 0 0 0 0 0 0 
1069 10 0 0 0 0 0 0 0 0 0 0 0 
1070 10 0 0 0 0 0 0 0 0 0 0 0 
1071 10 0 0 0 0 0 0 0 0 0 0 0 
1072 10 0 0 0 0 0 0 0 0 0 0 0 
1073 10 0 0 0 0 0 0 0 0 0 0 0 
1074 10 0 0 0 0 0 0 0 0 0 0 0 
1075 10 0 0 0 0 0 0 0 0 0 0 0 
1076 10 0 0 0 0 0 0 0 0 0 0 0 
1077 10 0 0 0 0 0 0 0 0 0 0 0 
1078 10 0 0 0 0 0 0 0 0 0 0 0 
1079 10 0 0 0 0 0 0 0 0 0 0 0 
1080 10 0 0 0 0 0 0 0 0 0 0 0 
1081 10 0 0 0 0 0 0 0 0 0 0 0 
1082 10 0 0 0 0 0 0 0 0 0 0 0 
1083 10 0 0 0 0 0 0 0 0 0 0 0 
1084 10 0 0 0 0 0 0 0 0 0 0 0 
1085 10 0 0 0 0 0 0 0 0 0 0 0 
1086 10 0 0 0 0 0 0 0 0 0 0 0 
1087 10 0 0 0 0 0 0 0 0 0 0 0 
1088 10 0 0 0 0 0 0 0 0 0 0 0 
1089 10 0 0 0 0 0 0 0 0 0 0 0 
1090 10 0 0 0 0 0 0 0 0 0 0 0 
1091 10 0 0 0 0 0 0 0 0 0 0 0 
1092 10 0 0 0 0 0 0 0 0 0 0 0 
1093 10 0 0 0 0 0 0 0 0 0 0 0 
1094 10 0 0 0 0 0 0 0 0 0 0 0 
1095 10 0 0 0 0 0 0 0 0 0 0 0 
1096 10 0 0 0 0 0 0 0 0 0 0 0 
1097 10 0 0 0 0 0 0 0 0 0 0 0 
1098 10 0 0 0 0 0 0 0 0 0 0 0 
1099 10 0 0 0 0 0 0 0 0 0 0 0 
1100 10 0 0 0 0 0 0 0 0 0 0 0 
1101 10 0 0 0 0 0 0 0 0 0 0 0 
1102 10 0 0 0 0 0 0 0 0 0 0 0 
1103 10 0 0 0 0 0 0 0 0 0 0 0 
1104 10 0 0 0 0 0 0 0 0 0 0 0 
1105 10 0 0 0 0 0 0 0 0 0 0 0 
1106 10 0 0 0 0 0 0 0 0 0 0 0 
1107 10 0 0 0 0 0 0 0 0 0 0 0 
1108 10 0 0 0 0 0 0 0 0 0 0 0 
1109 10 0 0 0 0 0 0 0 0 0 0 0 
1110 10 0 0 0 0 0 0 0 0 0 0 0 
1111 10 0 0 0 0 0 0 0 0 0 0 0 
1112 10 0 0 0 0 0 0 0 0 0 0 0 
1113 10 0 0 0 0 0 0 0 0 0 0 0 
1114 10 0 0 0 0 0 0 0 0 0 0 0 
1115 10 0 0 0 0 0 0 0 0 0 0 0 
1116 10 0 0 0 0 0 0 0 0 0 0 0 
1117 10 0 0 0 0 0 0 0 0 0 0 0 
1118 10 0 0 0 0 0 0 0 0 0 0 0 
1119 10 0 0 0 0 0 0 0 0 0 0 0 
1120 10 0 0 0 0 0 0 0 0 0 0 0 
1121 10 0 0 0 0 0 0 0 0 0 0 0 
1122 10 0 0 0 0 0 0 0 0 0 0 0 
1123 10 0 0 0 0 0 0 0 0 0 0 0 
1124 10 0 0 0 0 0 0 0 0 0 0 0 
1125 10 0 0 0 0 0 0 0 0 0 0 0 
1126 10 0 0 0 0 0 0 0 0 0 0 0 
1127 10 0 0 0 0 0 0 0 0 0 0 0 
1128 10 0 0 0 0 0 0 0 0 0 0 0 
1129 10 0 0 0 0 0 0 0 0 0 0 0 
1130 10 0 0 0 0 0 0 0 0 0 0 0 
1131 10 0 0 0 0 0 0 0 0 0 0 0 
1132 10 0 0 0 0 0 0 0 0 0 0 0 
1133 10 0 0 0 0 0 0 0 0 0 0 0 
1134 10 0 0 0 0 0 0 0 0 0 0 0 
1135 10 0 0 0 0 0 0 0 0 0 0 0 
1136 10 0 0 0 0 0 0 0 0 0 0 0 
1137 10 0 0 0 0 0 0 0 0 0 0 0 
1138 10 0 0 0 0 0 0 0 0 0 0 0 
1139 10 0 0 0 0 0 0 0 0 0 0 0 
1140 10 0 0 0 0 0 0 0 0 0 0 0 
1141 10 0 0 0 0 0 0 0 0 0 0 0 
1142 10 0 0 0 0 0 0 0 0 0 0 0 
1143 10 0 0 0 0 0 0 0 0 0 0 0 
1144 10 0 0 0 0 0 0 0 0 0 0 0 
1145 10 0 0 0 0 0 0 0 0 0 0 0 
1146 10 0 0 0 0 0 0 0 0 0 0 0 
1147 10 0 0 0 0 0 0 0 0 0 0 0 
1148 10 0 0 0 0 0 0 0 0 0 0 0 
1149 10 0 0 0 0 0 0 0 0 0 0 0 
1150 10 0 0 0 0 0 0 0 0 0 0 0 
1151 10 0 0 0 0 0 0 0 0 0 0 0 
1152 10 0 0 0 0 0 0 0 0 0 0 0 
1153 10 0 0 0 0 0 0 0 0 0 0 0 
1154 10 0 0 0 0 0 0 0 0 0 0 0 
1155 10 0 0 0 0 0 0 0 0 0 0 0 
1156 10 0 0 0 0 0 0 0 0 0 0 0 
1157 10 0 0 0 0 0 0 0 0 0 0 0 
1158 10 0 0 0 0 0 0 0 0 0 0 0 
1159 10 0 0 0 0 0 0 0 0 0 0 0 
1160 10 0 0 0 0 0 0 0 0 0 0 0 
1161 10 0 0 0 0 0 0 0 0 0 0 0 
1162 10 0 0 0 0 0 0 0 0 0 0 0 
1163 10 0 0 0 0 0 0 0 0 0 0 0 
1164 10 0 0 0 0 0 0 0 0 0 0 0 
1165 10 0 0 0 0 0 0 0 0 0 0 0 
1166 10 0 0 0 0 0 0 0 0 0 0 0 
1167 10 0 0 0 0 0 0 0 0 0 0 0 
1168 10 0 0 0 0 0 0 0 0 0 0 0 
1169 10 0 0 0 0 0 0 0 0 0 0 0 
1170 10 0 0 0 0 0 0 0 0 0 0 0 
1171 10 0 0 0 0 0 0 0 0 0 0 0 
1172 10 0 0 0 0 0 0 0 0 0 0 0 
1173 10 0 0 0 0 0 0 0 0 0 0 0 
1174 10 0 0 0 0 0 0 0 0 0 0 0 
1175 10 0 0 0 0 0 0 0 0 0 0 0 
1176 10 0 0 0 0 0 0 0 0 0 0 0 
1177 10 0 0 0 0 0 0 0 0 0 0 0 
1178 10 0 0 0 0 0 0 0 0 0 0 0 
1179 10 0 0 0 0 0 0 0 0 0 0 0 
1180 10 0 0 0 0 0 0 0 0 0 0 0 
1181 10 0 0 0 0 0 0 0 0 0 0 0 
1182 10 0 0 0 0 0 0 0 0 0 0 0 
1183 10 0 0 0 0 0 0 0 0 0 0 0 
1184 10 0 0 0 0 0 0 0 0 0 0 0 
1185 10 0 0 0 0 0 0 0 0 0 0 0 
1186 10 0 0 0 0 0 0 0 0 0 0 0 
1187 10 0 0 0 0 0 0 0 0 0 0 0 
1188 10 0 0 0 0 0 0 0 0 0 0 0 
1189 10 0 0 0 0 0 0 0 0 0 0 0 
1190 10 0 0 0 0 0 0 0 0 0 0 0 
1191 10 0 0 0 0 0 0 0 0 0 0 0 
1192 10 0 0 0 0 0 0 0 0 0 0 0 
1193 10 0 0 0 0 0 0 0 0 0 0 0 
1194 10 0 0 0 0 0 0 0 0 0 0 0 
1195 10 0 0 0 0 0 0 0 0 0 0 0 
1196 10 0 0 0 0 0 0 0 0 0 0 0 
1197 10 0 0 0 0 0 0 0 0 0 0 0 
1198 10 0 0 0 0 0 0 0 0 0 0 0 
1199 10 0 0 0 0 0 0 0 0 0 0 0 
1200 10 0 0 0 0 0 0 0 0 0 0 0 
1201 10 0 0 0 0 0 0 0 0 0 0 0 
1202 10 0 0 0 0 0 0 0 0 0 0 0 
1203 10 0 0 0 0 0 0 0 0 0 0 0 
1204 10 0 0 0 0 0 0 0 0 0 0 0 
1205 10 0 0 0 0 0 0 0 0 0 0 0 
1206 10 0 0 0 0 0 0 0 0 0 0 0 
1207 10 0 0 0 0 0 0 0 0 0 0 0 
1208 10 0 0 0 0 0 0 0 0 0 0 0 
1209 10 0 0 0 0 0 0 0 0 0 0 0 
1210 10 0 0 0 0 0 0 0 0 0 0 0 
1211 10 0 0 0 0 0 0 0 0 0 0 0 
1212 10 0 0 0 0 0 0 0 0 0 0 0 
1213 10 0 0 0 0 0 0 0 0 0 0 0 
1214 10 0 0 0 0 0 0 0 0 0 0 0 
1215 10 0 0 0 0 0 0 0 0 0 0 0 
1216 10 0 0 0 0 0 0 0 0 0 0 0 
1217 10 0 0 0 0 0 0 0 0 0 0 0 
1218 10 0 0 0 0 0 0 0 0 0 0 0 
1219 10 0 0 0 0 0 0 0 0 0 0 0 
1220 10 0 0 0 0 0 0 0 0 0 0 0 
1221 10 0 0 0 0 0 0 0 0 0 0 0 
1222 10 0 0 0 0 0 0 0 0 0 0 0 
1223 10 0 0 0 0 0 0 0 0 0 0 0 
1224 10 0 0 0 0 0 0 0 0 0 0 0 
1225 10 0 0 0 0 0 0 0 0 0 0 0 
1226 10 0 0 0 0 0 0 0 0 0 0 0 
1227 10 0 0 0 0 0 0 0 0 0 0 0 
1228 10 0 0 0 0 0 0 0 0 0 0 0 
1229 10 0 0 0 0 0 0 0 0 0 0 0 
1230 10 0 0 0 0 0 0 0 0 0 0 0 
1231 10 0 0 0 0 0 0 0 0 0 0 0 
1232 10 0 0 0 0 0 0 0 0 0 0 0 
1233 10 0 0 0 0 0 0 0 0 0 0 0 
1234 10 0 0 0 0 0 0 0 0 0 0 0 
1235 10 0 0 0 0 0 0 0 0 0 0 0 
1236 10 0 0 0 0 0 0 0 0 0 0 0 
1237 10 0 0 0 0 0 0 0 0 0 0 0 
1238 10 0 0 0 0 0 0 0 0 0 0 0 
1239 10 0 0 0 0 0 0 0 0 0 0 0 
1240 10 0 0 0 0 0 0 0 0 0 0 0 
1241 10 0 0 0 0 0 0 0 0 0 0 0 
1242 10 0 0 0 0 0 0 0 0 0 0 0 
1243 10 0 0 0 0 0 0 0 0 0 0 0 
1244 10 0 0 0 0 0 0 0 0 0 0 0 
1245 10 0 0 0 0 0 0 0 0 0 0 0 
1246 10 0 0 0 0 0 0 0 0 0 0 0 
1247 10 0 0 0 0 0 0 0 0 0 0 0 
1248 10 0 0 0 0 0 0 0 0 0 0 0 
1249 10 0 0 0 0 0 0 0 0 0 0 0 
1250 10 0 0 0 0 0 0 0 0 0 0 0 
1251 10 0 0 0 0 0 0 0 0 0 0 0 
1252 10 0 0 0 0 0 0 0 0 0 0 0 
1253 10 0 0 0 0 0 0 0 0 0 0 0 
1254 10 0 0 0 0 0 0 0 0 0 0 0 
1255 10 0 0 0 0 0 0 0 0 0 0 0 
1256 10 0 0 0 0 0 0 0 0 0 0 0 
1257 10 0 0 0 0 0 0 0 0 0 0 0 
1258 10 0 0 0 0 0 0 0 0 0 0 0 
1259 10 0 0 0 0 0 0 0 0 0 0 0 
1260 10 0 0 0 0 0 0 0 0 0 0 0 
1261 10 0 0 0 0 0 0 0 0 0 0 0 
1262 10 0 0 0 0 0 0 0 0 0 0 0 
1263 10 0 0 0 0 0 0 0 0 0 0 0 
1264 10 0 0 0 0 0 0 0 0 0 0 0 
1265 10 0 0 0 0 0 0 0 0 0 0 0 
1266 10 0 0 0 0 0 0 0 0 0 0 0 
1267 10 0 0 0 0 0 0 0 0 0 0 0 
1268 10 0 0 0 0 0 0 0 0 0 0 0 
1269 10 0 0 0 0 0 0 0 0 0 0 0 
1270 10 0 0 0 0 0 0 0 0 0 0 0 
1271 10 0 0 0 0 0 0 0 0 0 0 0 
1272 10 0 0 0 0 0 0 0 0 0 0 0 
1273 10 0 0 0 0 0 0 0 0 0 0 0 
1274 10 0 0 0 0 0 0 0 0 0 0 0 
1275 10 0 0 0 0 0 0 0 0 0 0 0 
1276 10 0 0 0 0 0 0 0 0 0 0 0 
1277 10 0 0 0 0 0 0 0 0 0 0 0 
1278 10 0 0 0 0 0 0 0 0 0 0 0 
1279 10 0 0 0 0 0 0 0 0 0 0 0 
1280 10 0 0 0 0 0 0 0 0 0 0 0 
1281 10 0 0 0 0 0 0 0 0 0 0 0 
1282 10 0 0 0 0 0 0 0 0 0 0 0 
1283 10 0 0 0 0 0 0 0 0 0 0 0 
1284 10 0 0 0 0 0 0 0 0 0 0 0 
1285 10 0 0 0 0 0 0 0 0 0 0 0 
1286 10 0 0 0 0 0 0 0 0 0 0 0 
1287 10 0 0 0 0 0 0 0 0 0 0 0 
1288 10 0 0 0 0 0 0 0 0 0 0 0 
1289 10 0 0 0 0 0 0 0 0 0 0 0 
1290 10 0 0 0 0 0 0 0 0 0 0 0 
1291 10 0 0 0 0 0 0 0 0 0 0 0 
1292 10 0 0 0 0 0 0 0 0 0 0 0 
1293 10 0 0 0 0 0 0 0 0 0 0 0 
1294 10 0 0 0 0 0 0 0 0 0 0 0 
1295 10 0 0 0 0 0 0 0 0 0 0 0 
1296 10 0 0 0 0 0 0 0 0 0 0 0 
1297 10 0 0 0 0 0 0 0 0 0 0 0 
1298 10 0 0 0 0 0 0 0 0 0 0 0 
1299 10 0 0 0 0 0 0 0 0 0 0 0 
1300 10 0 0 0 0 0 0 0 0 0 0 0 
1301 10 0 0 0 0 0 0 0 0 0 0 0 
1302 10 0 0 0 0 0 0 0 0 0 0 0 
1303 10 0 0 0 0 0 0 0 0 0 0 0 
1304 10 0 0 0 0 0 0 0 0 0 0 0 
1305 10 0 0 0 0 0 0 0 0 0 0 0 
1306 10 0 0 0 0 0 0 0 0 0 0 0 
1307 10 0 0 0 0 0 0 0 0 0 0 0 
1308 10 0 0 0 0 0 0 0 0 0 0 0 
1309 10 0 0 0 0 0 0 0 0 0 0 0 
1310 10 0 0 0 0 0 0 0 0 0 0 0 
1311 10 0 0 0 0 0 0 0 0 0 0 0 
1312 10 0 0 0 0 0 0 0 0 0 0 0 
1313 10 0 0 0 0 0 0 0 0 0 0 0 
1314 10 0 0 0 0 0 0 0 0 0 0 0 
1315 10 0 0 0 0 0 0 0 0 0 0 0 
1316 10 0 0 0 0 0 0 0 0 0 0 0 
1317 10 0 0 0 0 0 0 0 0 0 0 0 
1318 10 0 0 0 0 0 0 0 0 0 0 0 
1319 10 0 0 0 0 0 0 0 0 0 0 0 
1320 10 0 0 0 0 0 0 0 0 0 0 0 
1321 10 0 0 0 0 0 0 0 0 0 0 0 
1322 10 0 0 0 0 0 0 0 0 0 0 0 
1323 10 0 0 0 0 0 0 0 0 0 0 0 
1324 10 0 0 0 0 0 0 0 0 0 0 0 
1325 10 0 0 0 0 0 0 0 0 0 0 0 
1326 10 0 0 0 0 0 0 0 0 0 0 0 
1327 10 0 0 0 0 0 0 0 0 0 0 0 
1328 10 0 0 0 0 0 0 0 0 0 0 0 
1329 10 0 0 0 0 0 0 0 0 0 0 0 
1330 10 0 0 0 0 0 0 0 0 0 0 0 
1331 10 0 0 0 0 0 0 0 0 0 0 0 
1332 10 0 0 0 0 0 0 0 0 0 0 0 
1333 10 0 0 0 0 0 0 0 0 0 0 0 
1334 10 0 0 0 0 0 0 0 0 0 0 0 
1335 10 0 0 0 0 0 0 0 0 0 0 0 
1336 10 0 0 0 0 0 0 0 0 0 0 0 
1337 10 0 0 0 0 0 0 0 0 0 0 0 
1338 10 0 0 0 0 0 0 0 0 0 0 0 
1339 10 0 0 0 0 0 0 0 0 0 0 0 
1340 10 0 0 0 0 0 0 0 0 0 0 0 
1341 10 0 0 0 0 0 0 0 0 0 0 0 
1342 10 0 0 0 0 0 0 0 0 0 0 0 
1343 10 0 0 0 0 0 0 0 0 0 0 0 
1344 10 0 0 0 0 0 0 0 0 0 0 0 
1345 10 0 0 0 0 0 0 0 0 0 0 0 
1346 10 0 0 0 0 0 0 0 0 0 0 0 
1347 10 0 0 0 0 0 0 0 0 0 0 0 
1348 10 0 0 0 0 0 0 0 0 0 0 0 
1349 10 0 0 0 0 0 0 0 0 0 0 0 
1350 10 0 0 0 0 0 0 0 0 0 0 0 
1351 10 0 0 0 0 0 0 0 0 0 0 0 
1352 10 0 0 0 0 0 0 0 0 0 0 0 
1353 10 0 0 0 0 0 0 0 0 0 0 0 
1354 10 0 0 0 0 0 0 0 0 0 0 0 
1355 10 0 0 0 0 0 0 0 0 0 0 0 
1356 10 0 0 0 0 0 0 0 0 0 0 0 
1357 10 0 0 0 0 0 0 0 0 0 0 0 
1358 10 0 0 0 0 0 0 0 0 0 0 0 
1359 10 0 0 0 0 0 0 0 0 0 0 0 
1360 10 0 0 0 0 0 0 0 0 0 0 0 
1361 10 0 0 0 0 0 0 0 0 0 0 0 
1362 10 0 0 0 0 0 0 0 0 0 0 0 
1363 10 0 0 0 0 0 0 0 0 0 0 0 
1364 10 0 0 0 0 0 0 0 0 0 0 0 
1365 10 0 0 0 0 0 0 0 0 0 0 0 
1366 10 0 0 0 0 0 0 0 0 0 0 0 
1367 10 0 0 0 0 0 0 0 0 0 0 0 
1368 10 0 0 0 0 0 0 0 0 0 0 0 
1369 10 0 0 0 0 0 0 0 0 0 0 0 
1370 10 0 0 0 0 0 0 0 0 0 0 0 
1371 10 0 0 0 0 0 0 0 0 0 0 0 
1372 10 0 0 0 0 0 0 0 0 0 0 0 
1373 10 0 0 0 0 0 0 0 0 0 0 0 
1374 10 0 0 0 0 0 0 0 0 0 0 0 
1375 10 0 0 0 0 0 0 0 0 0 0 0 
1376 10 0 0 0 0 0 0 0 0 0 0 0 
1377 10 0 0 0 0 0 0 0 0 0 0 0 
1378 10 0 0 0 0 0 0 0 0 0 0 0 
1379 10 0 0 0 0 0 0 0 0 0 0 0 
1380 10 0 0 0 0 0 0 0 0 0 0 0 
1381 10 0 0 0 0 0 0 0 0 0 0 0 
1382 10 0 0 0 0 0 0 0 0 0 0 0 
1383 10 0 0 0 0 0 0 0 0 0 0 0 
1384 10 0 0 0 0 0 0 0 0 0 0 0 
1385 10 0 0 0 0 0 0 0 0 0 0 0 
1386 10 0 0 0 0 0 0 0 0 0 0 0 
1387 10 0 0 0 0 0 0 0 0 0 0 0 
1388 10 0 0 0 0 0 0 0 0 0 0 0 
1389 10 0 0 0 0 0 0 0 0 0 0 0 
1390 10 0 0 0 0 0 0 0 0 0 0 0 
1391 10 0 0 0 0 0 0 0 0 0 0 0 
1392 10 0 0 0 0 0 0 0 0 0 0 0 
1393 10 0 0 0 0 0 0 0 0 0 0 0 
1394 10 0 0 0 0 0 0 0 0 0 0 0 
1395 10 0 0 0 0 0 0 0 0 0 0 0 
1396 10 0 0 0 0 0 0 0 0 0 0 0 
1397 10 0 0 0 0 0 0 0 0 0 0 0 
1398 10 0 0 0 0 0 0 0 0 0 0 0 
1399 10 0 0 0 0 0 0 0 0 0 0 0 
1400 10 0 0 0 0 0 0 0 0 0 0 0 
1401 10 0 0 0 0 0 0 0 0 0 0 0 
1402 10 0 0 0 0 0 0 0 0 0 0 0 
1403 10 0 0 0 0 0 0 0 0 0 0 0 
1404 10 0 0 0 0 0 0 0 0 0 0 0 
1405 10 0 0 0 0 0 0 0 0 0 0 0 
1406 10 0 0 0 0 0 0 0 0 0 0 0 
1407 10 0 0 0 0 0 0 0 0 0 0 0 
1408 10 0 0 0 0 0 0 0 0 0 0 0 
1409 10 0 0 0 0 0 0 0 0 0 0 0 
1410 10 0 0 0 0 0 0 0 0 0 0 0 
1411 10 0 0 0 0 0 0 0 0 0 0 0 
1412 10 0 0 0 0 0 0 0 0 0 0 0 
1413 10 0 0 0 0 0 0 0 0 0 0 0 
1414 10 0 0 0 0 0 0 0 0 0 0 0 
1415 10 0 0 0 0 0 0 0 0 0 0 0 
1416 10 0 0 0 0 0 0 0 0 0 0 0 
1417 10 0 0 0 0 0 0 0 0 0 0 0 
1418 10 0 0 0 0 0 0 0 0 0 0 0 
1419 10 0 0 0 0 0 0 0 0 0 0 0 
1420 10 0 0 0 0 0 0 0 0 0 0 0 
1421 10 0 0 0 0 0 0 0 0 0 0 0 
1422 10 0 0 0 0 0 0 0 0 0 0 0 
1423 10 0 0 0 0 0 0 0 0 0 0 0 
1424 10 0 0 0 0 0 0 0 0 0 0 0 
1425 10 0 0 0 0 0 0 0 0 0 0 0 
1426 10 0 0 0 0 0 0 0 0 0 0 0 
1427 10 0 0 0 0 0 0 0 0 0 0 0 
1428 10 0 0 0 0 0 0 0 0 0 0 0 
1429 10 0 0 0 0 0 0 0 0 0 0 0 
1430 10 0 0 0 0 0 0 0 0 0 0 0 
1431 10 0 0 0 0 0 0 0 0 0 0 0 
1432 10 0 0 0 0 0 0 0 0 0 0 0 
1433 10 0 0 0 0 0 0 0 0 0 0 0 
1434 10 0 0 0 0 0 0 0 0 0 0 0 
1435 10 0 0 0 0 0 0 0 0 0 0 0 
1436 10 0 0 0 0 0 0 0 0 0 0 0 
1437 10 0 0 0 0 0 0 0 0 0 0 0 
1438 10 0 0 0 0 0 0 0 0 0 0 0 
1439 10 0 0 0 0 0 0 0 0 0 0 0 
1440 10 0 0 0 0 0 0 0 0 0 0 0 
1441 10 0 0 0 0 0 0 0 0 0 0 0 
1442 10 0 0 0 0 0 0 0 0 0 0 0 
1443 10 0 0 0 0 0 0 0 0 0 0 0 
1444 10 0 0 0 0 0 0 0 0 0 0 0 
1445 10 0 0 0 0 0 0 0 0 0 0 0 
1446 10 0 0 0 0 0 0 0 0 0 0 0 
1447 10 0 0 0 0 0 0 0 0 0 0 0 
1448 10 0 0 0 0 0 0 0 0 0 0 0 
1449 10 0 0 0 0 0 0 0 0 0 0 0 
1450 10 0 0 0 0 0 0 0 0 0 0 0 
1451 10 0 0 0 0 0 0 0 0 0 0 0 
1452 10 0 0 0 0 0 0 0 0 0 0 0 
1453 10 0 0 0 0 0 0 0 0 0 0 0 
1454 10 0 0 0 0 0 0 0 0 0 0 0 
1455 10 0 0 0 0 0 0 0 0 0 0 0 
1456 10 0 0 0 0 0 0 0 0 0 0 0 
1457 10 0 0 0 0 0 0 0 0 0 0 0 
1458 10 0 0 0 0 0 0 0 0 0 0 0 
1459 10 0 0 0 0 0 0 0 0 0 0 0 
1460 10 0 0 0 0 0 0 0 0 0 0 0 
1461 10 0 0 0 0 0 0 0 0 0 0 0 
1462 10 0 0 0 0 0 0 0 0 0 0 0 
1463 10 0 0 0 0 0 0 0 0 0 0 0 
1464 10 0 0 0 0 0 0 0 0 0 0 0 
1465 10 0 0 0 0 0 0 0 0 0 0 0 
1466 10 0 0 0 0 0 0 0 0 0 0 0 
1467 10 0 0 0 0 0 0 0 0 0 0 0 
1468 10 0 0 0 0 0 0 0 0 0 0 0 
1469 10 0 0 0 0 0 0 0 0 0 0 0 
1470 10 0 0 0 0 0 0 0 0 0 0 0 
1471 10 0 0 0 0 0 0 0 0 0 0 0 
1472 10 0 0 0 0 0 0 0 0 0 0 0 
1473 10 0 0 0 0 0 0 0 0 0 0 0 
1474 10 0 0 0 0 0 0 0 0 0 0 0 
1475 10 0 0 0 0 0 0 0 0 0 0 0 
1476 10 0 0 0 0 0 0 0 0 0 0 0 
1477 10 0 0 0 0 0 0 0 0 0 0 0 
1478 10 0 0 0 0 0 0 0 0 0 0 0 
1479 10 0 0 0 0 0 0 0 0 0 0 0 
1480 10 0 0 0 0 0 0 0 0 0 0 0 
1481 10 0 0 0 0 0 0 0 0 0 0 0 
1482 10 0 0 0 0 0 0 0 0 0 0 0 
1483 10 0 0 0 0 0 0 0 0 0 0 0 
1484 10 0 0 0 0 0 0 0 0 0 0 0 
1485 10 0 0 0 0 0 0 0 0 0 0 0 
1486 10 0 0 0 0 0 0 0 0 0 0 0 
1487 10 0 0 0 0 0 0 0 0 0 0 0 
1488 10 0 0 0 0 0 0 0 0 0 0 0 
1489 10 0 0 0 0 0 0 0 0 0 0 0 
1490 10 0 0 0 0 0 0 0 0 0 0 0 
1491 10 0 0 0 0 0 0 0 0 0 0 0 
1492 10 0 0 0 0 0 0 0 0 0 0 0 
1493 10 0 0 0 0 0 0 0 0 0 0 0 
1494 10 0 0 0 0 0 0 0 0 0 0 0 
1495 10 0 0 0 0 0 0 0 0 0 0 0 
1496 10 0 0 0 0 0 0 0 0 0 0 0 
1497 10 0 0 0 0 0 0 0 0 0 0 0 
1498 10 0 0 0 0 0 0 0 0 0 0 0 
1499 10 0 0 0 0 0 0 0 0 0 0 0 
1500 10 0 0 0 0 0 0 0 0 0 0 0 
1501 10 0 0 0 0 0 0 0 0 0 0 0 
1502 10 0 0 0 0 0 0 0 0 0 0 0 
1503 10 0 0 0 0 0 0 0 0 0 0 0 
1504 10 0 0 0 0 0 0 0 0 0 0 0 
1505 10 0 0 0 0 0 0 0 0 0 0 0 
1506 10 0 0 0 0 0 0 0 0 0 0 0 
1507 10 0 0 0 0 0 0 0 0 0 0 0 
1508 10 0 0 0 0 0 0 0 0 0 0 0 
1509 10 0 0 0 0 0 0 0 0 0 0 0 
1510 10 0 0 0 0 0 0 0 0 0 0 0 
1511 10 0 0 0 0 0 0 0 0 0 0 0 
1512 10 0 0 0 0 0 0 0 0 0 0 0 
1513 10 0 0 0 0 0 0 0 0 0 0 0 
1514 10 0 0 0 0 0 0 0 0 0 0 0 
1515 10 0 0 0 0 0 0 0 0 0 0 0 
1516 10 0 0 0 0 0 0 0 0 0 0 0 
1517 10 0 0 0 0 0 0 0 0 0 0 0 
1518 10 0 0 0 0 0 0 0 0 0 0 0 
1519 10 0 0 0 0 0 0 0 0 0 0 0 
1520 10 0 0 0 0 0 0 0 0 0 0 0 
1521 10 0 0 0 0 0 0 0 0 0 0 0 
1522 10 0 0 0 0 0 0 0 0 0 0 0 
1523 10 0 0 0 0 0 0 0 0 0 0 0 
1524 10 0 0 0 0 0 0 0 0 0 0 0 
1525 10 0 0 0 0 0 0 0 0 0 0 0 
1526 10 0 0 0 0 0 0 0 0 0 0 0 
1527 10 0 0 0 0 0 0 0 0 0 0 0 
1528 10 0 0 0 0 0 0 0 0 0 0 0 
1529 10 0 0 0 0 0 0 0 0 0 0 0 
1530 10 0 0 0 0 0 0 0 0 0 0 0 
1531 10 0 0 0 0 0 0 0 0 0 0 0 
1532 10 0 0 0 0 0 0 0 0 0 0 0 
1533 10 0 0 0 0 0 0 0 0 0 0 0 
1534 10 0 0 0 0 0 0 0 0 0 0 0 
1535 10 0 0 0 0 0 0 0 0 0 0 0 
1536 10 0 0 0 0 0 0 0 0 0 0 0 
1537 10 0 0 0 0 0 0 0 0 0 0 0 
1538 10 0 0 0 0 0 0 0 0 0 0 0 
1539 10 0 0 0 0 0 0 0 0 0 0 0 
1540 10 0 0 0 0 0 0 0 0 0 0 0 
1541 10 0 0 0 0 0 0 0 0 0 0 0 
1542 10 0 0 0 0 0 0 0 0 0 0 0 
1543 10 0 0 0 0 0 0 0 0 0 0 0 
1544 10 0 0 0 0 0 0 0 0 0 0 0 
1545 10 0 0 0 0 0 0 0 0 0 0 0 
1546 10 0 0 0 0 0 0 0 0 0 0 0 
1547 10 0 0 0 0 0 0 0 0 0 0 0 
1548 10 0 0 0 0 0 0 0 0 0 0 0 
1549 10 0 0 0 0 0 0 0 0 0 0 0 
1550 10 0 0 0 0 0 0 0 0 0 0 0 
1551 10 0 0 0 0 0 0 0 0 0 0 0 
1552 10 0 0 0 0 0 0 0 0 0 0 0 
1553 10 0 0 0 0 0 0 0 0 0 0 0 
1554 10 0 0 0 0 0 0 0 0 0 0 0 
1555 10 0 0 0 0 0 0 0 0 0 0 0 
1556 10 0 0 0 0 0 0 0 0 0 0 0 
1557 10 0 0 0 0 0 0 0 0 0 0 0 
1558 10 0 0 0 0 0 0 0 0 0 0 0 
1559 10 0 0 0 0 0 0 0 0 0 0 0 
1560 10 0 0 0 0 0 0 0 0 0 0 0 
1561 10 0 0 0 0 0 0 0 0 0 0 0 
1562 10 0 0 0 0 0 0 0 0 0 0 0 
1563 10 0 0 0 0 0 0 0 0 0 0 0 
1564 10 0 0 0 0 0 0 0 0 0 0 0 
1565 10 0 0 0 0 0 0 0 0 0 0 0 
1566 10 0 0 0 0 0 0 0 0 0 0 0 
1567 10 0 0 0 0 0 0 0 0 0 0 0 
1568 10 0 0 0 0 0 0 0 0 0 0 0 
1569 10 0 0 0 0 0 0 0 0 0 0 0 
1570 10 0 0 0 0 0 0 0 0 0 0 0 
1571 10 0 0 0 0 0 0 0 0 0 0 0 
1572 10 0 0 0 0 0 0 0 0 0 0 0 
1573 10 0 0 0 0 0 0 0 0 0 0 0 
1574 10 0 0 0 0 0 0 0 0 0 0 0 
1575 10 0 0 0 0 0 0 0 0 0 0 0 
1576 10 0 0 0 0 0 0 0 0 0 0 0 
1577 10 0 0 0 0 0 0 0 0 0 0 0 
1578 10 0 0 0 0 0 0 0 0 0 0 0 
1579 10 0 0 0 0 0 0 0 0 0 0 0 
1580 10 0 0 0 0 0 0 0 0 0 0 0 
1581 10 0 0 0 0 0 0 0 0 0 0 0 
1582 10 0 0 0 0 0 0 0 0 0 0 0 
1583 10 0 0 0 0 0 0 0 0 0 0 0 
1584 10 0 0 0 0 0 0 0 0 0 0 0 
1585 10 0 0 0 0 0 0 0 0 0 0 0 
1586 10 0 0 0 0 0 0 0 0 0 0 0 
1587 10 0 0 0 0 0 0 0 0 0 0 0 
1588 10 0 0 0 0 0 0 0 0 0 0 0 
1589 10 0 0 0 0 0 0 0 0 0 0 0 
1590 10 0 0 0 0 0 0 0 0 0 0 0 
1591 10 0 0 0 0 0 0 0 0 0 0 0 
1592 10 0 0 0 0 0 0 0 0 0 0 0 
1593 10 0 0 0 0 0 0 0 0 0 0 0 
1594 10 0 0 0 0 0 0 0 0 0 0 0 
1595 10 0 0 0 0 0 0 0 0 0 0 0 
1596 10 0 0 0 0 0 0 0 0 0 0 0 
1597 10 0 0 0 0 0 0 0 0 0 0 0 
1598 10 0 0 0 0 0 0 0 0 0 0 0 
1599 10 0 0 0 0 0 0 0 0 0 0 0 
1600 10 0 0 0 0 0 0 0 0 0 0 0 
1601 10 0 0 0 0 0 0 0 0 0 0 0 
1602 10 0 0 0 0 0 0 0 0 0 0 0 
1603 10 0 0 0 0 0 0 0 0 0 0 0 
1604 10 0 0 0 0 0 0 0 0 0 0 0 
1605 10 0 0 0 0 0 0 0 0 0 0 0 
1606 10 0 0 0 0 0 0 0 0 0 0 0 
1607 10 0 0 0 0 0 0 0 0 0 0 0 
1608 10 0 0 0 0 0 0 0 0 0 0 0 
1609 10 0 0 0 0 0 0 0 0 0 0 0 
1610 10 0 0 0 0 0 0 0 0 0 0 0 
1611 10 0 0 0 0 0 0 0 0 0 0 0 
1612 10 0 0 0 0 0 0 0 0 0 0 0 
1613 10 0 0 0 0 0 0 0 0 0 0 0 
1614 10 0 0 0 0 0 0 0 0 0 0 0 
1615 10 0 0 0 0 0 0 0 0 0 0 0 
1616 10 0 0 0 0 0 0 0 0 0 0 0 
1617 10 0 0 0 0 0 0 0 0 0 0 0 
1618 10 0 0 0 0 0 0 0 0 0 0 0 
1619 10 0 0 0 0 0 0 0 0 0 0 0 
1620 10 0 0 0 0 0 0 0 0 0 0 0 
1621 10 0 0 0 0 0 0 0 0 0 0 0 
1622 10 0 0 0 0 0 0 0 0 0 0 0 
1623 10 0 0 0 0 0 0 0 0 0 0 0 
1624 10 0 0 0 0 0 0 0 0 0 0 0 
1625 10 0 0 0 0 0 0 0 0 0 0 0 
1626 10 0 0 0 0 0 0 0 0 0 0 0 
1627 10 0 0 0 0 0 0 0 0 0 0 0 
1628 10 0 0 0 0 0 0 0 0 0 0 0 
1629 10 0 0 0 0 0 0 0 0 0 0 0 
1630 10 0 0 0 0 0 0 0 0 0 0 0 
1631 10 0 0 0 0 0 0 0 0 0 0 0 
1632 10 0 0 0 0 0 0 0 0 0 0 0 
1633 10 0 0 0 0 0 0 0 0 0 0 0 
1634 10 0 0 0 0 0 0 0 0 0 0 0 
1635 10 0 0 0 0 0 0 0 0 0 0 0 
1636 10 0 0 0 0 0 0 0 0 0 0 0 
1637 10 0 0 0 0 0 0 0 0 0 0 0 
1638 10 0 0 0 0 0 0 0 0 0 0 0 
1639 10 0 0 0 0 0 0 0 0 0 0 0 
1640 10 0 0 0 0 0 0 0 0 0 0 0 
1641 10 0 0 0 0 0 0 0 0 0 0 0 
1642 10 0 0 0 0 0 0 0 0 0 0 0 
1643 10 0 0 0 0 0 0 0 0 0 0 0 
1644 10 0 0 0 0 0 0 0 0 0 0 0 
1645 10 0 0 0 0 0 0 0 0 0 0 0 
1646 10 0 0 0 0 0 0 0 0 0 0 0 
1647 10 0 0 0 0 0 0 0 0 0 0 0 
1648 10 0 0 0 0 0 0 0 0 0 0 0 
1649 10 0 0 0 0 0 0 0 0 0 0 0 
1650 10 0 0 0 0 0 0 0 0 0 0 0 
1651 10 0 0 0 0 0 0 0 0 0 0 0 
1652 10 0 0 0 0 0 0 0 0 0 0 0 
1653 10 0 0 0 0 0 0 0 0 0 0 0 
1654 10 0 0 0 0 0 0 0 0 0 0 0 
1655 10 0 0 0 0 0 0 0 0 0 0 0 
1656 10 0 0 0 0 0 0 0 0 0 0 0 
1657 10 0 0 0 0 0 0 0 0 0 0 0 
1658 10 0 0 0 0 0 0 0 0 0 0 0 
1659 10 0 0 0 0 0 0 0 0 0 0 0 
1660 10 0 0 0 0 0 0 0 0 0 0 0 
1661 10 0 0 0 0 0 0 0 0 0 0 0 
1662 10 0 0 0 0 0 0 0 0 0 0 0 
1663 10 0 0 0 0 0 0 0 0 0 0 0 
1664 10 0 0 0 0 0 0 0 0 0 0 0 
1665 10 0 0 0 0 0 0 0 0 0 0 0 
1666 10 0 0 0 0 0 0 0 0 0 0 0 
1667 10 0 0 0 0 0 0 0 0 0 0 0 
1668 10 0 0 0 0 0 0 0 0 0 0 0 
1669 10 0 0 0 0 0 0 0 0 0 0 0 
1670 10 0 0 0 0 0 0 0 0 0 0 0 
1671 10 0 0 0 0 0 0 0 0 0 0 0 
1672 10 0 0 0 0 0 0 0 0 0 0 0 
1673 10 0 0 0 0 0 0 0 0 0 0 0 
1674 10 0 0 0 0 0 0 0 0 0 0 0 
1675 10 0 0 0 0 0 0 0 0 0 0 0 
1676 10 0 0 0 0 0 0 0 0 0 0 0 
1677 10 0 0 0 0 0 0 0 0 0 0 0 
1678 10 0 0 0 0 0 0 0 0 0 0 0 
1679 10 0 0 0 0 0 0 0 0 0 0 0 
1680 10 0 0 0 0 0 0 0 0 0 0 0 
1681 10 0 0 0 0 0 0 0 0 0 0 0 
1682 10 0 0 0 0 0 0 0 0 0 0 0 
1683 10 0 0 0 0 0 0 0 0 0 0 0 
1684 10 0 0 0 0 0 0 0 0 0 0 0 
1685 10 0 0 0 0 0 0 0 0 0 0 0 
1686 10 0 0 0 0 0 0 0 0 0 0 0 
1687 10 0 0 0 0 0 0 0 0 0 0 0 
1688 10 0 0 0 0 0 0 0 0 0 0 0 
1689 10 0 0 0 0 0 0 0 0 0 0 0 
1690 10 0 0 0 0 0 0 0 0 0 0 0 
1691 10 0 0 0 0 0 0 0 0 0 0 0 
1692 10 0 0 0 0 0 0 0 0 0 0 0 
1693 10 0 0 0 0 0 0 0 0 0 0 0 
1694 10 0 0 0 0 0 0 0 0 0 0 0 
1695 10 0 0 0 0 0 0 0 0 0 0 0 
1696 10 0 0 0 0 0 0 0 0 0 0 0 
1697 10 0 0 0 0 0 0 0 0 0 0 0 
1698 10 0 0 0 0 0 0 0 0 0 0 0 
1699 10 0 0 0 0 0 0 0 0 0 0 0 
1700 10 0 0 0 0 0 0 0 0 0 0 0 
1701 10 0 0 0 0 0 0 0 0 0 0 0 
1702 10 0 0 0 0 0 0 0 0 0 0 0 
1703 10 0 0 0 0 0 0 0 0 0 0 0 
1704 10 0 0 0 0 0 0 0 0 0 0 0 
1705 10 0 0 0 0 0 0 0 0 0 0 0 
1706 10 0 0 0 0 0 0 0 0 0 0 0 
1707 10 0 0 0 0 0 0 0 0 0 0 0 
1708 10 0 0 0 0 0 0 0 0 0 0 0 
1709 10 0 0 0 0 0 0 0 0 0 0 0 
1710 10 0 0 0 0 0 0 0 0 0 0 0 
1711 10 0 0 0 0 0 0 0 0 0 0 0 
1712 10 0 0 0 0 0 0 0 0 0 0 0 
1713 10 0 0 0 0 0 0 0 0 0 0 0 
1714 10 0 0 0 0 0 0 0 0 0 0 0 
1715 10 0 0 0 0 0 0 0 0 0 0 0 
1716 10 0 0 0 0 0 0 0 0 0 0 0 
1717 10 0 0 0 0 0 0 0 0 0 0 0 
1718 10 0 0 0 0 0 0 0 0 0 0 0 
1719 10 37 0 0 0 0 0 0 0 0 0 0 
1720 10 38 0 0 0 0 0 0 0 0 0 0 
1721 10 39 0 0 0 0 0 0 0 0 0 0 
1722 10 40 0 0 0 0 0 0 0 0 0 0 
1723 10 41 0 0 0 0 0 0 0 0 0 0 
1724 10 42 0 0 0 0 0 0 0 0 0 0 
1725 10 43 0 0 0 0 0 0 0 0 0 0 
1726 10 44 0 0 0 0 0 0 0 0 0 0 
1727 10 45 0 0 0 0 0 0 0 0 0 0 
1728 10 46 0 0 0 0 0 0 0 0 0 0 
1729 10 47 0 0 0 0 0 0 0 0 0 0 
1730 10 48 0 0 0 0 0 0 0 0 0 0 
1731 10 0 0 0 0 0 0 0 0 0 0 0 
1732 10 0 0 0 0 0 0 0 0 0 0 0 
1733 10 0 0 0 0 0 0 0 0 0 0 0 
1734 10 0 0 0 0 0 0 0 0 0 0 0 
1735 10 0 0 0 0 0 0 0 0 0 0 0 
1736 10 0 0 0 0 0 0 0 0 0 0 0 
1737 10 0 0 0 0 0 0 0 0 0 0 0 
1738 10 0 0 0 0 0 0 0 0 0 0 0 
1739 10 0 0 0 0 0 0 0 0 0 0 0 
1740 10 0 0 0 0 0 0 0 0 0 0 0 
1741 10 53 0 0 0 0 0 0 0 0 0 0 
1742 10 54 0 0 0 0 0 0 0 0 0 0 
1743 10 55 0 0 0 0 0 0 0 0 0 0 
1744 10 56 0 0 0 0 0 0 0 0 0 0 
1745 10 0 0 0 0 0 0 0 0 0 0 0 
1746 10 0 0 0 0 0 0 0 0 0 0 0 
1747 10 0 0 0 0 0 0 0 0 0 0 0 
1748 10 0 0 0 0 0 0 0 0 0 0 0 
1749 10 0 0 0 0 0 0 0 0 0 0 0 
1750 10 0 0 0 0 0 0 0 0 0 0 0 
1751 10 0 0 0 0 0 0 0 0 0 0 0 
1752 10 0 0 0 0 0 0 0 0 0 0 0 
1753 10 0 0 0 0 0 0 0 0 0 0 0 
1754 10 0 0 0 0 0 0 0 0 0 0 0 
1755 10 0 0 0 0 0 0 0 0 0 0 0 
1756 10 0 0 0 0 0 0 0 0 0 0 0 
1757 10 0 0 0 0 0 0 0 0 0 0 0 
1758 10 0 0 0 0 0 0 0 0 0 0 0 
1759 10 0 0 0 0 0 0 0 0 0 0 0 
1760 10 0 0 0 0 0 0 0 0 0 0 0 
1761 10 61 0 0 0 0 0 0 0 0 0 0 
1762 10 62 0 0 0 0 0 0 0 0 0 0 
1763 10 0 0 0 0 0 0 0 0 0 0 0 
1764 10 0 0 0 0 0 0 0 0 0 0 0 
1765 10 0 0 0 0 0 0 0 0 0 0 0 
1766 10 0 0 0 0 0 0 0 0 0 0 0 
1767 10 0 0 0 0 0 0 0 0 0 0 0 
1768 10 0 0 0 0 0 0 0 0 0 0 0 
1769 10 0 0 0 0 0 0 0 0 0 0 0 
1770 10 0 0 0 0 0 0 0 0 0 0 0 
1771 10 0 0 0 0 0 0 0 0 0 0 0 
1772 10 0 0 0 0 0 0 0 0 0 0 0 
1773 10 0 0 0 0 0 0 0 0 0 0 0 
1774 10 0 0 0 0 0 0 0 0 0 0 0 
1775 10 0 0 0 0 0 0 0 0 0 0 0 
1776 10 0 0 0 0 0 0 0 0 0 0 0 
1777 10 69 0 0 0 0 0 0 0 0 0 0 
1778 10 70 0 0 0 0 0 0 0 0 0 0 
1779 10 0 0 0 0 0 0 0 0 0 0 0 
1780 10 0 0 0 0 0 0 0 0 0 0 0 
1781 10 72 0 0 0 0 0 0 0 0 0 0 
1782 10 73 0 0 0 0 0 0 0 0 0 0 
1783 10 0 0 0 0 0 0 0 0 0 0 0 
1784 10 0 0 0 0 0 0 0 0 0 0 0 
1785 10 0 0 0 0 0 0 0 0 0 0 0 
1786 10 0 0 0 0 0 0 0 0 0 0 0 
1787 10 76 0 0 0 0 0 0 0 0 0 0 
1788 10 77 0 0 0 0 0 0 0 0 0 0 
1789 10 0 0 0 0 0 0 0 0 0 0 0 
1790 10 0 0 0 0 0 0 0 0 0 0 0 
1791 10 0 0 0 0 0 0 0 0 0 0 0 
1792 10 0 0 0 0 0 0 0 0 0 0 0 
1793 10 0 0 0 0 0 0 0 0 0 0 0 
1794 10 0 0 0 0 0 0 0 0 0 0 0 
1795 10 0 0 0 0 0 0 0 0 0 0 0 
1796 10 0 0 0 0 0 0 0 0 0 0 0 
1797 10 0 0 0 0 0 0 0 0 0 0 0 
1798 10 0 0 0 0 0 0 0 0 0 0 0 
1799 10 0 0 0 0 0 0 0 0 0 0 0 
1800 10 0 0 0 0 0 0 0 0 0 0 0 
1801 10 83 0 0 0 0 0 0 0 0 0 0 
1802 10 84 0 0 0 0 0 0 0 0 0 0 
1803 10 0 0 0 0 0 0 0 0 0 0 0 
1804 10 0 0 0 0 0 0 0 0 0 0 0 
1805 10 86 0 0 0 0 0 0 0 0 0 0 
1806 10 87 0 0 0 0 0 0 0 0 0 0 
1807 10 0 0 0 0 0 0 0 0 0 0 0 
1808 10 0 0 0 0 0 0 0 0 0 0 0 
1809 10 0 0 0 0 0 0 0 0 0 0 0 
1810 10 0 0 0 0 0 0 0 0 0 0 0 
1811 10 0 0 0 0 0 0 0 0 0 0 0 
1812 10 0 0 0 0 0 0 0 0 0 0 0 
1813 10 0 0 0 0 0 0 0 0 0 0 0 
1814 10 0 0 0 0 0 0 0 0 0 0 0 
1815 10 0 0 0 0 0 0 0 0 0 0 0 
1816 10 0 0 0 0 0 0 0 0 0 0 0 
1817 10 0 0 0 0 0 0 0 0 0 0 0 
1818 10 0 0 0 0 0 0 0 0 0 0 0 
1819 10 0 0 0 0 0 0 0 0 0 0 0 
1820 10 0 0 0 0 0 0 0 0 0 0 0 
1821 10 0 0 0 0 0 0 0 0 0 0 0 
1822 10 0 0 0 0 0 0 0 0 0 0 0 
1823 10 92 0 0 0 0 0 0 0 0 0 0 
1824 10 93 0 0 0 0 0 0 0 0 0 0 
1825 10 94 0 0 0 0 0 0 0 0 0 0 
1826 10 95 0 0 0 0 0 0 0 0 0 0 
1827 10 0 0 0 0 0 0 0 0 0 0 0 
1828 10 0 0 0 0 0 0 0 0 0 0 0 
1829 10 0 0 0 0 0 0 0 0 0 0 0 
1830 10 0 0 0 0 0 0 0 0 0 0 0 
1831 10 0 0 0 0 0 0 0 0 0 0 0 
1832 10 0 0 0 0 0 0 0 0 0 0 0 
1833 10 0 0 0 0 0 0 0 0 0 0 0 
1834 10 0 0 0 0 0 0 0 0 0 0 0 
1835 10 0 0 0 0 0 0 0 0 0 0 0 
1836 10 0 0 0 0 0 0 0 0 0 0 0 
1837 10 0 0 0 0 0 0 0 0 0 0 0 
1838 10 0 0 0 0 0 0 0 0 0 0 0 
1839 10 0 0 0 0 0 0 0 0 0 0 0 
1840 10 0 0 0 0 0 0 0 0 0 0 0 
1841 10 0 0 0 0 0 0 0 0 0 0 0 
1842 10 0 0 0 0 0 0 0 0 0 0 0 
1843 10 0 0 0 0 0 0 0 0 0 0 0 
1844 10 0 0 0 0 0 0 0 0 0 0 0 
1845 10 0 0 0 0 0 0 0 0 0 0 0 
1846 10 0 0 0 0 0 0 0 0 0 0 0 
1847 10 0 0 0 0 0 0 0 0 0 0 0 
1848 10 0 0 0 0 0 0 0 0 0 0 0 
1849 10 0 0 0 0 0 0 0 0 0 0 0 
1850 10 0 0 0 0 0 0 0 0 0 0 0 
1851 10 0 0 0 0 0 0 0 0 0 0 0 
1852 10 0 0 0 0 0 0 0 0 0 0 0 
1853 10 0 0 0 0 0 0 0 0 0 0 0 
1854 10 0 0 0 0 0 0 0 0 0 0 0 
1855 10 0 0 0 0 0 0 0 0 0 0 0 
1856 10 0 0 0 0 0 0 0 0 0 0 0 
1857 10 0 0 0 0 0 0 0 0 0 0 0 
1858 10 0 0 0 0 0 0 0 0 0 0 0 
1859 10 102 0 0 0 0 0 0 0 0 0 0 
1860 10 103 0 0 0 0 0 0 0 0 0 0 
1861 10 0 0 0 0 0 0 0 0 0 0 0 
1862 10 0 0 0 0 0 0 0 0 0 0 0 
1863 10 0 0 0 0 0 0 0 0 0 0 0 
1864 10 0 0 0 0 0 0 0 0 0 0 0 
1865 10 0 0 0 0 0 0 0 0 0 0 0 
1866 10 0 0 0 0 0 0 0 0 0 0 0 
1867 10 0 0 0 0 0 0 0 0 0 0 0 
1868 10 0 0 0 0 0 0 0 0 0 0 0 
1869 10 0 0 0 0 0 0 0 0 0 0 0 
1870 10 0 0 0 0 0 0 0 0 0 0 0 
1871 10 0 0 0 0 0 0 0 0 0 0 0 
1872 10 0 0 0 0 0 0 0 0 0 0 0 
1873 10 0 0 0 0 0 0 0 0 0 0 0 
1874 10 0 0 0 0 0 0 0 0 0 0 0 
1875 10 0 0 0 0 0 0 0 0 0 0 0 
1876 10 0 0 0 0 0 0 0 0 0 0 0 
1877 10 0 0 0 0 0 0 0 0 0 0 0 
1878 10 0 0 0 0 0 0 0 0 0 0 0 
1879 10 0 0 0 0 0 0 0 0 0 0 0 
1880 10 0 0 0 0 0 0 0 0 0 0 0 
1881 10 0 0 0 0 0 0 0 0 0 0 0 
1882 10 0 0 0 0 0 0 0 0 0 0 0 
1883 10 0 0 0 0 0 0 0 0 0 0 0 
1884 10 0 0 0 0 0 0 0 0 0 0 0 
1885 10 0 0 0 0 0 0 0 0 0 0 0 
1886 10 0 0 0 0 0 0 0 0 0 0 0 
1887 10 0 0 0 0 0 0 0 0 0 0 0 
1888 10 0 0 0 0 0 0 0 0 0 0 0 
1889 10 0 0 0 0 0 0 0 0 0 0 0 
1890 10 0 0 0 0 0 0 0 0 0 0 0 
1891 10 0 0 0 0 0 0 0 0 0 0 0 
1892 10 0 0 0 0 0 0 0 0 0 0 0 
1893 10 0 0 0 0 0 0 0 0 0 0 0 
1894 10 0 0 0 0 0 0 0 0 0 0 0 
1895 10 0 0 0 0 0 0 0 0 0 0 0 
1896 10 0 0 0 0 0 0 0 0 0 0 0 
1897 10 0 0 0 0 0 0 0 0 0 0 0 
1898 10 0 0 0 0 0 0 0 0 0 0 0 
1899 10 0 0 0 0 0 0 0 0 0 0 0 
1900 10 0 0 0 0 0 0 0 0 0 0 0 
1901 10 0 0 0 0 0 0 0 0 0 0 0 
1902 10 0 0 0 0 0 0 0 0 0 0 0 
1903 10 0 0 0 0 0 0 0 0 0 0 0 
1904 10 0 0 0 0 0 0 0 0 0 0 0 
1905 10 0 0 0 0 0 0 0 0 0 0 0 
1906 10 0 0 0 0 0 0 0 0 0 0 0 
1907 10 0 0 0 0 0 0 0 0 0 0 0 
1908 10 0 0 0 0 0 0 0 0 0 0 0 
1909 10 0 0 0 0 0 0 0 0 0 0 0 
1910 10 0 0 0 0 0 0 0 0 0 0 0 
1911 10 0 0 0 0 0 0 0 0 0 0 0 
1912 10 0 0 0 0 0 0 0 0 0 0 0 
1913 10 0 0 0 0 0 0 0 0 0 0 0 
1914 10 0 0 0 0 0 0 0 0 0 0 0 
1915 10 0 0 0 0 0 0 0 0 0 0 0 
1916 10 0 0 0 0 0 0 0 0 0 0 0 
1917 10 0 0 0 0 0 0 0 0 0 0 0 
1918 10 0 0 0 0 0 0 0 0 0 0 0 
1919 10 0 0 0 0 0 0 0 0 0 0 0 
1920 10 0 0 0 0 0 0 0 0 0 0 0 
1921 10 0 0 0 0 0 0 0 0 0 0 0 
1922 10 0 0 0 0 0 0 0 0 0 0 0 
1923 10 0 0 0 0 0 0 0 0 0 0 0 
1924 10 0 0 0 0 0 0 0 0 0 0 0 
1925 10 0 0 0 0 0 0 0 0 0 0 0 
1926 10 0 0 0 0 0 0 0 0 0 0 0 
1927 10 110 0 0 0 0 0 0 0 0 0 0 
1928 10 111 0 0 0 0 0 0 0 0 0 0 
1929 10 112 0 0 0 0 0 0 0 0 0 0 
1930 10 113 0 0 0 0 0 0 0 0 0 0 
1931 10 0 0 0 0 0 0 0 0 0 0 0 
1932 10 0 0 0 0 0 0 0 0 0 0 0 
1933 10 0 0 0 0 0 0 0 0 0 0 0 
1934 10 0 0 0 0 0 0 0 0 0 0 0 
1935 10 0 0 0 0 0 0 0 0 0 0 0 
1936 10 0 0 0 0 0 0 0 0 0 0 0 
1937 10 0 0 0 0 0 0 0 0 0 0 0 
1938 10 0 0 0 0 0 0 0 0 0 0 0 
1939 10 0 0 0 0 0 0 0 0 0 0 0 
1940 10 0 0 0 0 0 0 0 0 0 0 0 
1941 10 0 0 0 0 0 0 0 0 0 0 0 
1942 10 0 0 0 0 0 0 0 0 0 0 0 
1943 10 0 0 0 0 0 0 0 0 0 0 0 
1944 10 0 0 0 0 0 0 0 0 0 0 0 
1945 10 0 0 0 0 0 0 0 0 0 0 0 
1946 10 0 0 0 0 0 0 0 0 0 0 0 
1947 10 0 0 0 0 0 0 0 0 0 0 0 
1948 10 0 0 0 0 0 0 0 0 0 0 0 
1949 10 0 0 0 0 0 0 0 0 0 0 0 
1950 10 0 0 0 0 0 0 0 0 0 0 0 
1951 10 0 0 0 0 0 0 0 0 0 0 0 
1952 10 0 0 0 0 0 0 0 0 0 0 0 
1953 10 0 0 0 0 0 0 0 0 0 0 0 
1954 10 0 0 0 0 0 0 0 0 0 0 0 
1955 10 0 0 0 0 0 0 0 0 0 0 0 
1956 10 0 0 0 0 0 0 0 0 0 0 0 
1957 10 0 0 0 0 0 0 0 0 0 0 0 
1958 10 0 0 0 0 0 0 0 0 0 0 0 
1959 10 0 0 0 0 0 0 0 0 0 0 0 
1960 10 0 0 0 0 0 0 0 0 0 0 0 
1961 10 0 0 0 0 0 0 0 0 0 0 0 
1962 10 0 0 0 0 0 0 0 0 0 0 0 
1963 10 0 0 0 0 0 0 0 0 0 0 0 
1964 10 0 0 0 0 0 0 0 0 0 0 0 
1965 10 0 0 0 0 0 0 0 0 0 0 0 
1966 10 0 0 0 0 0 0 0 0 0 0 0 
1967 10 0 0 0 0 0 0 0 0 0 0 0 
1968 10 0 0 0 0 0 0 0 0 0 0 0 
1969 10 0 0 0 0 0 0 0 0 0 0 0 
1970 10 0 0 0 0 0 0 0 0 0 0 0 
1971 10 0 0 0 0 0 0 0 0 0 0 0 
1972 10 0 0 0 0 0 0 0 0 0 0 0 
1973 10 0 0 0 0 0 0 0 0 0 0 0 
1974 10 0 0 0 0 0 0 0 0 0 0 0 
1975 10 0 0 0 0 0 0 0 0 0 0 0 
1976 10 0 0 0 0 0 0 0 0 0 0 0 
1977 10 0 0 0 0 0 0 0 0 0 0 0 
1978 10 0 0 0 0 0 0 0 0 0 0 0 
1979 10 0 0 0 0 0 0 0 0 0 0 0 
1980 10 0 0 0 0 0 0 0 0 0 0 0 
1981 10 0 0 0 0 0 0 0 0 0 0 0 
1982 10 0 0 0 0 0 0 0 0 0 0 0 
1983 10 0 0 0 0 0 0 0 0 0 0 0 
1984 10 0 0 0 0 0 0 0 0 0 0 0 
1985 10 0 0 0 0 0 0 0 0 0 0 0 
1986 10 0 0 0 0 0 0 0 0 0 0 0 
1987 10 127 0 0 0 0 0 0 0 0 0 0 
1988 10 128 0 0 0 0 0 0 0 0 0 0 
1989 10 0 0 0 0 0 0 0 0 0 0 0 
1990 10 0 0 0 0 0 0 0 0 0 0 0 
1991 10 0 0 0 0 0 0 0 0 0 0 0 
1992 10 0 0 0 0 0 0 0 0 0 0 0 
1993 10 0 0 0 0 0 0 0 0 0 0 0 
1994 10 0 0 0 0 0 0 0 0 0 0 0 
1995 10 0 0 0 0 0 0 0 0 0 0 0 
1996 10 0 0 0 0 0 0 0 0 0 0 0 
1997 10 0 0 0 0 0 0 0 0 0 0 0 
1998 10 0 0 0 0 0 0 0 0 0 0 0 
1999 10 131 0 0 0 0 0 0 0 0 0 0 
2000 10 132 0 0 0 0 0 0 0 0 0 0 
2001 10 0 0 0 0 0 0 0 0 0 0 0 
2002 10 0 0 0 0 0 0 0 0 0 0 0 
2003 10 0 0 0 0 0 0 0 0 0 0 0 
2004 10 0 0 0 0 0 0 0 0 0 0 0 
2005 10 135 0 0 0 0 0 0 0 0 0 0 
2006 10 136 0 0 0 0 0 0 0 0 0 0 
2007 10 0 0 0 0 0 0 0 0 0 0 0 
2008 10 0 0 0 0 0 0 0 0 0 0 0 
2009 10 0 0 0 0 0 0 0 0 0 0 0 
2010 10 0 0 0 0 0 0 0 0 0 0 0 
2011 10 0 0 0 0 0 0 0 0 0 0 0 
2012 10 0 0 0 0 0 0 0 0 0 0 0 
2013 10 139 0 0 0 0 0 0 0 0 0 0 
2014 10 140 0 0 0 0 0 0 0 0 0 0 
2015 10 0 0 0 0 0 0 0 0 0 0 0 
2016 10 0 0 0 0 0 0 0 0 0 0 0 
2017 10 0 0 0 0 0 0 0 0 0 0 0 
2018 10 0 0 0 0 0 0 0 0 0 0 0 
2019 10 0 0 0 0 0 0 0 0 0 0 0 
2020 10 0 0 0 0 0 0 0 0 0 0 0 
2021 10 0 0 0 0 0 0 0 0 0 0 0 
2022 10 0 0 0 0 0 0 0 0 0 0 0 
2023 10 0 0 0 0 0 0 0 0 0 0 0 
2024 10 0 0 0 0 0 0 0 0 0 0 0 
2025 10 0 0 0 0 0 0 0 0 0 0 0 
2026 10 0 0 0 0 0 0 0 0 0 0 0 
2027 10 0 0 0 0 0 0 0 0 0 0 0 
2028 10 0 0 0 0 0 0 0 0 0 0 0 
2029 10 0 0 0 0 0 0 0 0 0 0 0 
2030 10 0 0 0 0 0 0 0 0 0 0 0 
2031 10 0 0 0 0 0 0 0 0 0 0 0 
2032 10 0 0 0 0 0 0 0 0 0 0 0 
2033 10 0 0 0 0 0 0 0 0 0 0 0 
2034 10 0 0 0 0 0 0 0 0 0 0 0 
2035 10 0 0 0 0 0 0 0 0 0 0 0 
2036 10 0 0 0 0 0 0 0 0 0 0 0 
2037 10 0 0 0 0 0 0 0 0 0 0 0 
2038 10 0 0 0 0 0 0 0 0 0 0 0 
2039 10 0 0 0 0 0 0 0 0 0 0 0 
2040 10 0 0 0 0 0 0 0 0 0 0 0 
2041 10 0 0 0 0 0 0 0 0 0 0 0 
2042 10 0 0 0 0 0 0 0 0 0 0 0 
2043 10 0 0 0 0 0 0 0 0 0 0 0 
2044 10 0 0 0 0 0 0 0 0 0 0 0 
2045 10 0 0 0 0 0 0 0 0 0 0 0 
2046 10 0 0 0 0 0 0 0 0 0 0 0 

0 11 2 7 0.146758 1 -7 43 10 0.998185 50 -15 -2 -13 -3 -16 15 -16 19 -12 15 -13 25 -12 6 -14 34 -12 19 -11 -5 -11 -4 -17 30 -16 22 -10 15 -12 36 -11 6 -14 34 -9 -10 -13 35 -9 6 -8 -19 -17 -18 -12 27 -16 -13 -17 31 -9 26 -6 1 -5 2 -17 18 -6 -8 -16 20 -5 30 -14 19 -15 0 -3 9 -2 -12 -13 25 -3 17 -4 6 -6 -16 -3 23 -12 -4 -16 2 -12 -16 -11 9 -5 25 -13 -14 -4 19 -3 31 -1 -10 
1 11 2 7 0.895833 1 -5 45 10 0.916667 1 -1 27 
2 11 2 7 0.959432 11 -5 36 -5 24 -6 27 8 31 -5 44 8 38 -7 -12 -7 0 -6 -4 -7 19 -7 -16 10 0.8 4 -17 16 -14 -12 -14 -22 0 31 
3 11 2 7 0.997999 58 6 0 -5 42 7 16 -3 14 3 -3 3 34 -4 -4 4 3 -3 34 -1 39 -1 33 -2 43 -1 5 2 -8 1 7 -6 16 0 -18 -5 -9 1 12 0 3 -5 15 -5 17 -5 13 -4 -8 2 43 -5 8 -4 14 0 32 8 -17 -1 16 6 -23 0 -12 -6 -9 -6 -10 6 -8 7 32 -7 10 8 16 1 -18 7 -9 2 6 -7 38 -7 13 3 26 -6 -20 -6 4 3 25 4 7 -4 5 -5 -18 -7 -12 0 -26 -7 -21 -7 -8 -5 1 -4 -4 -5 39 -1 -25 10 0.15942 1 -14 -25 
4 11 2 7 0.609929 2 7 -33 6 -38 10 0.98374 11 -5 -27 -17 27 -7 -28 -16 37 -16 -29 -15 -34 -8 -35 -9 -30 -1 -34 -11 -33 1 -22 
5 11 3 2 0.869942 7 -4 15 -4 14 -3 16 -2 13 -5 16 -5 17 0 18 7 0.869942 7 -7 -37 -6 -31 -5 40 -5 -4 -1 -37 -2 -12 -3 -32 10 0.611111 2 -14 -37 -16 -33 
6 11 2 7 0.988506 10 -6 27 -3 -39 -2 -33 6 -38 -4 -25 -2 -3 -5 -30 1 -42 1 -40 0 -33 10 0.523809 1 0 -19 
7 11 2 2 0.998452 75 -2 22 -3 22 -5 21 3 6 3 -13 6 -11 -1 -10 -4 -4 7 -2 3 10 6 12 0 -14 6 -6 3 10 -1 10 4 24 4 21 4 15 6 20 4 16 5 16 7 -8 7 -7 6 16 -3 -14 -5 -17 2 -2 6 -14 5 5 5 7 -2 -9 -5 -14 -1 12 5 9 2 24 -3 -7 -1 18 2 24 -5 -2 2 4 -3 1 0 -19 7 20 -1 20 4 -12 -1 15 7 10 -3 17 -3 16 1 24 2 23 -1 23 0 25 -4 26 -6 7 -5 26 -1 -22 -5 8 -6 4 -5 -5 -6 -9 -3 19 -6 20 -5 -12 -2 -26 -3 -22 4 22 -6 -21 0 -25 -6 19 -5 5 7 19 6 20 7 -27 -4 -22 8 0.102871 1 -13 -3 
8 11 3 2 0.895833 4 -5 2 6 23 6 26 -6 4 8 0.741379 2 -17 -12 -15 -6 9 0.763158 2 -33 -32 -32 -91 
9 11 3 1 0.488636 1 -16 -73 2 0.971751 8 -6 5 -6 -23 -5 -25 -6 -22 -5 2 -5 -27 -5 -22 -4 6 8 0.488636 1 -6 -13 
10 11 8 0 0.551282 2 -9 11 -9 12 1 0.741379 4 -15 -68 -14 -38 -14 5 -14 2 2 0.551282 2 -5 -17 -6 -22 3 0.664948 3 -2 -26 -4 -28 -3 -30 5 0.423077 1 -12 9 7 0.551282 2 0 -40 -5 -43 9 0.391892 1 -26 -101 10 0.423077 1 -12 -26 
11 11 2 4 0.979167 2 3 14 6 0 8 0.895833 2 3 -9 1 -4 
12 11 2 7 0.0743945 1 -1 -3 8 0.998914 107 5 -4 -4 10 1 8 -8 13 3 5 -2 2 -4 6 -11 13 -14 13 2 10 -10 2 2 -5 -3 6 -5 3 -16 6 -16 13 -6 8 -7 7 -1 2 -10 12 -5 5 -3 5 -7 3 -15 -8 -7 -7 -11 12 -12 10 -2 1 -11 -7 -12 -8 -15 -2 -16 -5 -10 4 -16 -5 0 4 -8 -7 -3 0 -1 3 -7 -2 -17 -3 -2 -2 -4 2 -15 8 -5 5 -14 0 -11 5 -7 5 -7 0 -8 6 -10 -12 -14 10 -10 -5 -14 5 -11 3 -14 2 -17 1 -13 0 -11 -3 -12 -4 -13 -6 -14 3 -8 7 1 1 -17 -10 -14 -13 -2 4 -12 10 -17 -7 -15 -13 -14 6 -15 3 -12 -3 -15 8 -17 -3 -2 -9 -6 11 -9 -13 -16 0 -8 12 -11 9 -10 6 -15 11 -11 0 -11 11 -8 10 -10 1 -15 -7 -10 -7 -6 -13 -9 -8 -9 -11 -11 -1 -14 8 -12 -7 -13 1 -15 13 -12 1 -15 -10 -11 12 -8 -3 -16 3 -11 12 -11 13 -9 3 -4 -12 -5 2 -7 9 
13 11 3 1 0.632353 3 -10 39 -6 41 -8 40 8 0.967846 14 -9 5 -7 5 -3 0 -5 0 -6 2 -6 0 -11 3 -5 7 -4 10 -3 9 2 7 -13 8 3 6 6 11 9 0.3625 1 -23 11 
14 11 6 1 0.741379 4 -8 48 -10 47 5 36 -5 -19 2 0.551282 2 -4 -15 -3 -18 4 0.758065 1 -6 24 7 0.364407 1 -1 8 8 0.664948 3 -5 10 -17 13 -7 8 9 0.814607 5 -32 -1 -18 7 -8 -7 -8 -1 -14 13 
15 11 2 0 0.811321 1 0 38 8 0.945055 2 -12 -5 -7 -11 
16 11 2 0 0.993207 17 -3 47 -3 42 -7 50 -2 52 -3 49 2 53 -2 54 4 52 -7 60 -5 56 -4 58 -7 50 -4 52 -5 57 -6 44 -2 46 -4 68 1 0.335938 1 -14 42 
17 11 2 0 0.488636 1 0 63 8 0.987245 9 -3 -9 -2 -10 -2 -8 1 -12 -8 -8 0 -3 -6 -10 -10 -4 -8 -8 
18 11 3 0 0.934783 5 -4 68 -8 65 -9 20 -9 -64 -2 62 5 0.611111 1 -18 22 8 0.741379 2 -17 9 -13 -5 
19 11 6 0 0.417476 1 -6 47 1 0.72067 3 -11 -15 -15 18 -15 34 2 0.417476 1 5 8 3 0.792627 4 -5 -17 -3 -21 3 -20 -4 4 4 0.79661 1 -16 28 9 0.74359 3 -26 17 -4 -11 -17 -134 
20 11 2 3 0.992785 16 -5 18 -4 20 -4 24 -5 16 -4 14 -4 12 -5 14 -2 -11 -2 5 -1 -3 0 -3 -1 9 -3 4 -2 12 1 4 -3 11 10 0.407407 1 -11 -1 
21 11 4 2 0.741379 1 -1 8 3 0.741379 1 2 -2 7 0.741379 1 -3 -6 10 0.785714 1 -5 -8 
22 11 2 7 0.962687 12 8 42 -3 -16 -6 22 -1 15 -5 37 -6 44 -1 17 8 45 0 -15 0 31 -2 14 -3 45 10 0.785714 4 -10 19 5 24 4 6 -8 16 
23 11 4 0 0.488636 1 -3 40 3 0.928058 6 -5 25 4 9 -3 -24 1 -8 1 9 -4 -29 8 0.68254 2 -12 -11 -12 -12 10 0.55 1 -6 2 
24 11 9 0 0.648241 3 -7 43 -1 40 -9 -15 1 0.648241 3 -15 15 -6 21 -11 -33 2 0.725738 4 0 -10 -6 20 -4 -8 7 7 3 0.349593 1 1 -22 4 0.746032 1 7 -12 7 0.349593 1 -3 45 8 0.349593 1 -13 -8 9 0.376623 1 -20 -54 10 0.594595 2 -11 -20 2 19 
25 11 3 2 0.589041 1 -2 4 8 0.955556 5 -6 -9 -4 -6 -14 -7 -4 -4 2 1 9 0.617021 1 -27 -55 
26 11 4 1 0.364407 1 -12 24 2 0.664948 3 7 18 6 20 5 8 8 0.949799 11 13 6 5 4 16 5 5 8 16 6 11 7 4 1 13 8 1 11 -2 11 0 9 9 0.391892 1 -25 -9 
27 11 8 0 0.664948 3 -2 49 -4 58 -9 55 1 0.741379 4 -10 -48 -7 -47 -12 2 -13 42 2 0.551282 2 -1 -12 -2 -8 5 0.423077 1 4 4 7 0.364407 1 4 3 8 0.551282 2 12 11 2 12 9 0.58 2 -28 29 -18 -51 10 0.423077 1 -4 -12 
28 11 7 0 0.569536 2 8 65 -7 63 1 0.380531 1 -15 -18 3 0.380531 1 -5 15 7 0.380531 1 5 0 8 0.380531 1 12 -10 9 0.408451 1 -25 29 10 0.926316 8 -17 25 -17 23 -11 8 2 -3 3 -8 4 6 1 0 -13 -1 
29 11 6 1 0.417476 1 5 -12 6 0.811189 4 2 32 -1 32 0 33 -3 -21 7 0.609929 2 5 34 5 -40 8 0.417476 1 10 5 9 0.811189 4 -8 -16 -2 -21 -15 -96 7 3 10 0.478261 1 7 -8 
30 11 2 1 0.980989 6 -6 39 -8 14 -14 -31 -16 -65 -13 38 -16 11 9 0.617021 1 -16 18 
31 11 7 0 0.311594 1 -4 -23 1 0.786585 6 -9 -60 -5 -22 -10 -14 -7 19 2 15 -8 -76 2 0.602804 3 -5 3 -5 -20 -5 -19 3 0.311594 1 3 24 6 0.517857 2 -7 -23 -7 -21 7 0.311594 1 8 -18 9 0.805556 6 -23 15 -33 -26 -12 -4 -33 10 -32 23 -8 -89 
32 11 2 1 0.988506 10 -14 -15 -14 13 -15 12 -9 -21 -13 12 -15 7 -9 -71 -10 -67 -9 -67 -7 -67 9 0.491525 1 -10 1 
33 11 2 7 0.965458 13 -5 -30 -6 -38 -4 -7 -5 -36 -4 -23 3 38 1 36 3 -14 0 21 1 36 2 40 4 -15 -1 -9 10 0.77193 4 -4 -26 3 22 -6 -20 -3 35 
34 11 7 0 0.648241 3 3 43 3 45 6 48 1 0.349593 1 -12 20 2 0.725738 4 6 22 6 15 7 11 6 -24 3 0.534162 2 -4 3 -4 1 7 0.349593 1 2 36 8 0.781818 5 -6 -9 -6 -10 -6 -4 -2 -9 -5 -11 9 0.376623 1 -23 -93 
35 11 5 0 0.534162 2 -5 58 9 -47 1 0.648241 3 2 19 -7 40 -5 49 3 0.349593 1 2 -13 8 0.725738 4 17 -10 4 7 10 13 1 10 9 0.871245 7 -7 -58 1 -98 -15 3 -29 27 -2 28 -8 0 -3 -12 
36 11 2 6 0.408451 1 -11 36 9 0.992665 14 -3 6 -8 30 -11 31 -10 16 -11 -21 -23 19 -3 7 -20 19 -18 17 -7 7 -5 12 -17 -13 -12 28 -16 -13 
37 11 2 1 0.977273 5 -3 -79 -4 -80 2 -24 -5 -34 -5 -8 5 0.6875 1 12 19 
38 11 8 1 0.609929 6 -8 -10 -14 -55 0 -76 -13 -83 5 -49 -1 -66 2 0.417476 3 -2 -26 0 -27 -2 -23 3 0.558442 5 -2 -14 -4 -14 -5 -7 0 -14 -5 9 6 0.446154 3 -11 -34 2 11 1 18 7 0.609929 6 -6 -42 8 -45 -6 -36 -7 -45 7 -45 -4 -22 8 0.417476 3 5 -13 4 -12 5 -11 9 0.74359 9 9 -5 -13 -12 10 -9 -24 -145 -26 -63 -6 -125 -13 -108 4 -135 -12 -47 10 0.556962 4 7 -2 4 29 5 31 -5 37 
39 11 6 1 0.398148 1 -13 -4 3 0.919786 8 -4 5 -3 -1 -3 0 -1 -17 -2 -17 6 17 -2 -19 4 0 6 0.426471 1 3 37 7 0.398148 1 -1 -17 9 0.617021 2 4 -62 7 -1 10 0.458333 1 8 -23 
40 11 8 0 0.259819 2 9 -43 10 39 2 0.349593 3 6 -15 7 -19 6 -26 3 0.349593 3 6 15 4 -16 4 -7 6 0.512367 5 3 12 0 -1 2 2 0 -5 0 37 7 0.912813 28 -3 -33 6 -6 6 -39 7 -43 -1 -43 7 -38 3 -36 5 -32 7 -39 4 -40 -4 -42 0 -41 -1 -42 -1 -16 -3 -14 6 -29 2 -14 2 -17 -3 -6 0 -23 1 -11 8 5 3 -9 8 31 6 -10 5 -20 7 10 4 -8 8 0.146758 1 7 -2 9 0.282927 2 2 -126 -7 -69 10 0.636364 7 2 -20 6 10 9 20 11 34 10 -16 10 30 9 37 
41 11 9 1 0.851485 18 -16 -25 -7 -38 -11 3 6 56 -13 -34 -7 37 -9 -9 -14 -25 -16 33 -10 -38 6 20 -5 56 -3 59 -2 -42 -4 -29 6 37 -3 1 -4 38 2 0.777469 13 4 2 6 -24 7 -19 -4 2 7 11 4 8 5 -9 7 -1 7 13 -5 16 7 15 4 7 5 -11 3 0.285714 2 -4 -6 0 14 4 0.516484 1 -31 -28 5 0.338462 2 -35 2 -36 2 6 0.31016 2 -9 -8 -8 -6 7 0.380531 3 3 15 3 5 3 5 9 0.408451 3 -32 -101 -15 -79 -26 -3 10 0.2 1 3 21 
42 11 11 0 0.380531 7 9 -42 -9 -9 -8 -11 -7 -30 -8 -7 -9 -7 -8 -49 1 0.446367 9 -13 38 -6 35 -6 -55 6 -56 -15 53 -4 -76 -14 56 -16 51 -1 -60 2 0.525994 12 -5 -6 0 -25 -4 -6 3 -20 -2 -13 4 -17 6 20 -5 0 -5 -1 0 -15 6 -17 -4 -9 3 0.414958 8 3 -15 3 -1 1 16 6 -18 5 -2 5 0 -2 16 5 -28 4 0.925694 22 49 -25 -10 8 -25 -28 -27 8 6 -28 9 -28 10 -28 -13 19 -8 9 -5 -28 -21 -28 -13 -28 -17 -28 -16 -28 -15 -28 -18 -28 -15 14 -19 -28 -24 -28 -33 -28 -36 -28 -35 -28 5 0.176 2 -41 19 -35 13 6 0.47541 9 -12 -11 -1 25 7 -22 -7 15 4 -17 -6 33 0 35 -11 34 -1 33 7 0.446367 9 6 36 7 36 8 -4 -5 14 3 14 -7 -11 -6 -10 -6 -12 7 37 8 0.201878 3 -4 -12 -1 -9 -12 -10 9 0.651255 17 -2 17 -17 -75 -28 -104 -18 23 -32 5 -22 11 -30 -88 -9 29 -5 31 -17 35 6 -32 -14 -99 -33 28 18 17 -32 15 -29 28 -27 30 10 0.44 7 -11 -14 -16 23 -17 24 -16 12 15 -12 3 17 1 18 
43 11 6 1 0.217172 1 -4 -25 3 0.217172 1 -5 -13 6 0.925532 18 -8 33 -9 6 -10 26 -10 19 -7 9 -7 -25 -10 9 -10 5 -9 15 -11 6 -12 6 -10 16 -9 -12 -7 20 -12 10 -10 -29 -9 -15 -7 20 7 0.470803 3 -7 -16 -6 28 -4 30 9 0.237705 1 -2 31 10 0.785714 8 3 -7 4 34 8 30 7 32 7 33 -1 -7 -3 12 -3 -20 
44 11 11 0 0.327411 3 -1 37 9 8 -7 18 1 0.589041 8 -1 5 3 -30 -12 -19 -15 -18 -2 -81 -8 -21 -7 -63 -11 -23 2 0.507874 6 -6 -1 1 -16 4 -26 -5 -25 -3 -22 -2 5 3 0.507874 6 -2 -28 5 29 -3 -20 0 -11 -2 -24 1 12 4 0.783333 4 4 -28 1 -28 -43 -28 -42 -28 5 0.383721 3 15 14 -42 13 -41 17 6 0.617021 8 -8 10 -12 36 -5 -3 -2 29 -9 -34 -5 11 0 11 -11 -22 7 0.327411 3 2 27 -2 -6 1 8 8 0.327411 3 -3 -8 4 -9 -8 -11 9 0.353658 3 3 -127 -3 -124 -14 -112 10 0.678082 9 6 17 2 9 -6 30 4 35 9 32 9 0 6 -33 11 -6 -15 -22 
45 11 7 1 0.539749 3 -6 -70 14 -75 6 54 2 0.263804 1 6 -15 6 0.753247 6 -10 -13 5 -28 -11 -21 6 -22 -1 -33 5 -24 7 0.851485 10 6 41 8 22 8 21 2 -26 0 -26 7 -42 -2 -32 -7 -45 -7 -45 3 23 8 0.263804 1 17 -11 9 0.456693 2 5 9 -16 35 10 0.488889 2 11 -37 -13 30 
46 11 9 0 0.716667 5 10 -43 9 50 10 54 7 58 -6 -67 1 0.656489 4 -8 -73 10 -41 -2 -67 17 39 2 0.290541 1 -3 -27 3 0.290541 1 6 29 6 0.682353 4 -12 -9 1 4 -12 5 -12 3 7 0.462366 2 2 -25 5 -27 8 0.462366 2 11 2 12 4 9 0.315217 1 -3 18 10 0.523809 2 1 13 0 14 
47 11 3 6 0.828571 3 3 22 4 -22 -6 10 7 0.873096 4 1 -24 6 -22 -2 9 1 10 10 0.758621 2 8 -20 12 -15 
48 11 4 3 0.16996 1 5 -29 6 0.973347 34 1 11 -8 30 3 14 -5 5 -6 0 -9 1 2 -1 3 3 -7 4 8 -12 0 25 -10 24 -6 -9 -1 7 -9 -1 -1 -1 -2 3 -8 4 3 5 0 -9 3 6 -9 0 3 0 -12 12 -9 -5 -8 4 2 24 -9 28 4 26 1 -29 -3 3 1 12 4 -31 7 -30 7 0.530864 5 5 -1 1 14 8 27 8 16 -2 -4 10 0.452055 3 15 16 8 7 10 -5 
49 11 7 0 0.364407 1 9 61 2 0.364407 1 7 -10 3 0.551282 2 6 22 6 21 6 0.391892 1 -12 28 8 0.741379 4 16 9 16 -1 17 0 17 0 9 0.690476 3 -13 -58 3 -137 4 -58 10 0.785714 4 -1 13 10 32 15 29 -3 11 
50 11 2 9 0.426471 1 -11 -102 10 0.993056 13 -10 11 -1 7 -3 7 -4 4 1 2 -12 18 3 0 1 5 -12 21 -2 6 -1 14 -1 16 -6 -3 
51 11 4 6 0.763158 4 -8 0 -7 -3 -12 15 -6 2 7 0.741379 4 -4 -2 -2 13 -1 -4 -1 3 9 0.690476 3 -17 -59 -28 -136 -16 -57 10 0.833333 5 -17 13 -1 18 -6 10 1 19 -3 1 
52 11 4 3 0.438775 1 6 18 6 0.467742 1 -6 11 7 0.945055 8 0 1 -2 -2 4 42 -3 15 4 -2 -4 41 5 21 6 22 10 0.6875 2 -17 -8 7 33 
53 11 11 0 0.253438 3 9 48 2 -65 9 38 1 0.18259 2 1 -52 3 54 2 0.0993072 1 7 23 3 0.525102 9 5 16 -4 -20 -4 -22 1 25 5 15 6 -8 5 -28 5 28 5 28 4 0.714829 4 44 12 15 -22 33 18 23 19 5 0.369748 4 35 20 37 17 18 21 8 21 6 0.69378 15 13 36 12 28 -12 30 6 34 8 -26 -4 5 4 -7 6 12 7 0 7 13 1 29 6 30 -6 6 0 16 -11 19 7 0.554839 10 -6 -32 4 -21 2 4 7 -5 5 -23 3 -5 2 -5 5 -27 -7 44 -2 -25 8 0.18259 2 15 -6 16 -4 9 0.340176 4 -15 18 0 -28 3 29 26 20 10 0.835866 25 11 28 10 30 14 5 8 -21 18 0 16 31 5 -29 8 -13 14 -19 13 -28 -6 -25 8 25 14 20 16 32 9 12 12 13 16 30 18 29 14 20 13 23 5 26 11 5 -5 -24 5 -20 0 -22 
54 11 6 3 0.698376 7 -3 -24 -4 -29 1 -24 2 -23 -1 -25 -5 -29 -5 -26 5 0.523809 3 16 20 -8 20 14 18 6 0.72242 7 -7 -4 -2 18 -10 -28 -9 -30 -12 22 -6 21 -12 22 7 0.830918 12 -4 -29 -4 -32 8 -3 4 -25 5 -9 8 -26 -3 -25 2 -34 -4 -29 3 18 1 -26 1 -22 9 0.491525 3 4 -138 -1 -17 -9 13 10 0.255814 1 10 -9 
55 11 2 1 0.632353 1 13 11 3 0.977273 5 6 29 -2 -18 -1 -19 5 -25 -1 14 
56 11 11 0 0.525994 4 10 62 10 44 10 45 10 67 1 0.525994 4 16 -79 17 1 11 55 12 55 2 0.342629 2 2 -10 2 -19 3 0.446367 3 -1 -26 -3 -26 4 -29 4 0.815029 3 36 9 38 12 15 28 5 0.586667 4 -8 17 4 18 -8 19 -22 19 6 0.221374 1 -9 33 7 0.446367 3 8 -35 8 -39 -5 29 8 0.589041 5 17 4 16 4 15 5 17 12 17 2 9 0.221374 1 -4 11 10 0.647059 5 9 -33 17 -35 -16 -31 -10 -34 10 35 
57 11 3 3 0.589041 1 -4 -30 9 0.617021 1 -21 -80 10 0.964912 5 1 33 1 -36 -1 -34 3 -34 1 -31 
58 11 6 1 0.617225 3 -8 -76 13 22 16 -62 6 0.349398 1 4 36 7 0.905263 10 5 30 5 41 8 43 7 44 5 41 6 32 4 44 8 43 6 42 8 40 8 0.502924 2 17 8 16 8 9 0.349398 1 32 18 10 0.564103 2 -2 32 17 -34 
59 11 3 1 0.945055 6 16 58 14 19 14 58 12 14 6 38 4 59 3 0.710744 2 3 -28 2 -27 9 0.54717 1 11 34 
60 11 2 5 0.989418 17 -25 1 -39 -20 -41 -4 -45 10 -44 -4 -44 13 -40 -6 -43 11 -43 -14 -43 -7 -45 -6 -42 16 -43 15 -39 -2 -43 -18 -44 19 -45 -8 9 0.53211 2 4 -97 -24 -79 
61 11 4 0 0.518072 2 -9 28 -7 -33 2 0.335938 1 -6 -6 5 0.578947 2 13 -21 24 22 9 0.961735 13 -30 -21 -30 -24 -26 13 -31 -72 -22 -80 -21 -124 -28 22 -27 26 -30 10 -19 12 -2 -92 -6 -78 -10 -81 
62 11 10 0 0.544304 10 -8 -59 10 1 -3 2 10 -18 10 23 -5 7 -9 -24 -8 -24 10 45 10 -37 1 0.618363 13 -15 55 -13 39 -9 7 -4 39 17 -22 17 -2 -3 -2 -12 54 -14 -53 8 -27 2 3 -9 46 17 30 2 0.618363 13 2 -3 3 2 -2 -6 -4 -5 0 -2 7 2 7 3 -5 17 7 9 7 1 5 1 -6 0 -3 -4 3 0.692235 17 6 13 -5 19 6 -17 6 7 6 6 6 19 6 -3 6 20 6 -15 6 19 6 15 6 18 6 -2 6 15 6 4 6 19 6 9 4 0.640909 3 34 -12 47 21 51 -17 5 0.506579 7 -2 0 42 10 32 16 31 -1 -18 2 -23 -1 -44 6 6 0.385638 5 7 7 -2 -7 7 17 12 -17 13 -9 8 0.246183 3 17 6 17 3 17 13 9 0.511013 8 -4 -100 1 -101 -25 -7 3 -69 -22 -133 0 -103 1 -43 -17 -98 10 0.294643 3 18 7 18 5 18 10 
63 11 4 0 0.335938 1 10 -56 1 0.967846 14 16 -44 -11 -38 -8 -18 -4 -13 -13 -21 -13 -45 -15 -21 -9 -8 -10 -58 -13 -10 -9 -46 17 -14 -11 29 -9 27 3 0.335938 1 6 -4 9 0.54717 2 -28 9 -14 -57 
64 11 6 0 0.664948 3 -5 -63 -5 -61 -8 -27 1 0.664948 3 17 -35 14 19 17 46 2 0.364407 1 -5 -17 3 0.551282 2 6 17 6 -20 8 0.551282 2 17 7 17 13 9 0.814607 5 -23 -68 -8 -70 -26 -78 -32 -106 -11 -86 
65 11 2 5 0.916667 1 -30 9 7 0.895833 1 4 45 
66 11 2 5 0.999159 108 3 -19 -44 2 -37 -13 -38 14 -37 -10 -43 21 -22 -3 -35 -12 -14 -13 -24 -20 -39 -6 -26 8 -38 14 -25 -14 -15 -17 -22 -7 -26 1 -1 -17 -14 -3 -33 -13 -16 10 -18 -18 -23 21 -1 -12 -23 -8 -3 -19 -18 18 -27 22 -22 13 -9 2 -10 4 -26 15 -17 -8 -19 -10 -29 -18 -33 20 -20 21 -25 -5 3 -11 -6 -5 -19 1 -37 2 -37 -13 -44 -10 -23 -15 -22 -7 10 -13 -23 15 -23 -2 -22 22 -33 -10 -35 20 -40 3 -31 6 -6 19 -42 -2 -9 8 -6 7 3 -8 3 -16 -30 -15 -35 -12 -33 4 -35 17 -30 18 -9 -13 -33 -20 -29 0 -18 -13 -32 17 -14 9 4 -4 -32 -5 -31 -8 -35 12 -34 9 -28 22 -29 15 -40 21 -36 -8 2 13 -45 22 -28 13 -36 20 -30 -4 -2 8 -29 16 -33 -8 -32 12 -19 21 -28 2 -30 5 -31 19 1 11 -35 6 -29 10 -42 16 6 1 5 -3 -21 14 5 12 7 9 -40 -1 -18 6 0 -8 4 -9 2 -4 7 -6 7 0.0737564 1 1 45 
67 11 3 5 0.733333 1 -32 22 7 0.68254 1 -2 45 9 0.935484 3 13 -7 -19 -18 -21 -5 
68 11 7 0 0.696356 4 -9 -1 -5 7 -8 8 -5 5 1 0.617225 3 -5 -7 -12 7 -4 36 2 0.696356 4 -2 -6 0 -16 -1 7 1 -7 3 0.502924 2 -3 -2 5 4 4 0.898089 3 19 -28 11 -28 20 -28 5 0.37931 1 39 -6 9 0.53211 2 -32 -42 3 -47 
69 11 6 2 0.323308 1 -5 5 3 0.754386 5 -4 -25 0 -17 -2 -26 4 -21 0 -21 4 0.723077 1 13 -28 5 0.92437 10 45 2 11 11 12 -11 9 -10 19 -9 8 1 17 11 8 -12 27 -18 34 -19 7 0.323308 1 4 3 9 0.349398 1 -16 34 
70 11 8 2 0.774775 4 6 -17 -3 -18 6 -10 0 -14 3 0.398148 1 1 -22 5 0.647059 2 32 -10 40 -11 6 0.426471 1 2 4 7 0.398148 1 8 8 8 0.701087 3 8 3 10 3 16 3 9 0.426471 1 -7 -108 10 0.458333 1 17 -37 
71 11 3 2 0.462366 1 3 7 6 0.977528 9 6 5 -1 4 5 9 4 21 -1 -23 -9 -18 12 6 11 7 11 5 7 0.462366 1 6 -26 
72 11 3 5 0.523809 1 24 -21 6 0.977528 9 5 -18 12 16 9 16 8 -2 9 10 9 4 10 11 10 8 3 15 10 0.523809 1 15 5 
73 11 7 0 0.706573 7 9 -39 10 -50 9 16 10 9 9 -2 9 -30 9 -21 1 0.470803 3 -10 -36 16 13 -16 -23 2 0.217172 1 -1 -3 5 0.611111 4 19 -15 17 16 35 -20 40 0 6 0.641593 5 4 -1 -1 -11 13 2 -6 -17 -12 -16 7 0.741379 8 7 14 8 -19 7 13 4 -22 8 12 8 15 5 7 6 -8 10 0.611111 4 13 -13 16 4 1 -12 3 -17 
74 11 8 0 0.551282 2 9 1 9 -8 1 0.364407 1 -6 -23 2 0.551282 2 7 -6 6 -3 3 0.796296 5 0 5 5 -13 4 18 4 19 5 3 6 0.58 2 1 1 8 9 7 0.364407 1 5 -1 9 0.391892 1 25 -66 10 0.611111 2 17 10 16 12 
75 11 2 2 0.589041 1 6 19 9 0.983051 6 19 -63 20 -64 13 -121 27 -62 -20 -135 4 -29 
76 11 2 3 0.994742 22 2 -28 -1 -29 5 -30 4 -21 5 19 2 -17 3 19 -4 -2 1 -5 4 -6 1 -5 5 16 5 -30 4 11 5 5 2 -16 2 21 1 -20 2 7 3 -5 0 -30 3 -16 10 0.333333 1 17 15 
77 11 3 1 0.811321 1 8 -15 2 0.811321 1 -3 9 3 0.811321 1 -4 14 
78 11 5 1 0.664948 3 12 -32 3 -10 16 -29 2 0.664948 3 4 -5 0 -7 3 1 3 0.796296 5 2 18 1 16 5 16 -2 -2 1 5 9 0.763158 4 22 -128 9 -125 9 -127 6 -125 10 0.423077 1 14 4 
79 11 3 0 0.811321 1 0 11 1 0.811321 1 -5 -75 3 0.811321 1 -3 -13 
80 11 2 0 0.996139 30 -7 -37 2 -10 -8 -2 3 -22 0 -38 -1 -68 1 -58 1 -54 -7 -57 -3 7 -6 -57 0 -35 -6 -49 6 -49 -2 16 3 8 0 -27 -7 -35 -2 6 0 -47 1 3 -6 -46 -2 -40 -2 -32 -2 5 1 13 2 11 7 -48 -5 -24 7 -23 3 0.222798 1 -4 29 
81 11 5 0 0.696356 4 -1 24 -6 -63 -6 25 8 -42 1 0.617225 3 -4 -42 -15 -51 -16 25 2 0.754386 5 -4 14 -4 13 -5 13 -4 13 -4 12 3 0.617225 3 -5 16 -5 20 -4 30 9 0.720497 4 -22 -60 -31 -36 -4 -112 -5 -115 
82 11 2 2 0.992785 16 3 -21 4 12 1 -10 0 -21 5 14 -2 -18 1 18 3 24 2 14 -1 12 -2 13 0 10 -1 1 -3 -13 -3 16 -2 17 9 0.376623 1 -31 -34 
83 11 5 0 0.895833 10 -8 21 2 -40 1 28 6 32 3 19 3 36 -1 -63 2 -53 0 -56 1 -4 1 0.311594 1 -2 -1 2 0.311594 1 -1 -8 3 0.786585 6 -5 -9 -4 21 1 -30 0 -30 -5 -15 -5 -24 9 0.517857 2 -25 -143 -23 -46 
84 11 5 1 0.180672 1 -9 -82 2 0.913127 22 4 -5 -2 -7 -2 18 2 -8 -3 -23 2 16 -5 17 -1 0 0 -13 1 14 -1 -10 2 20 -4 12 0 -21 5 11 -5 7 -3 19 -5 19 -4 10 -2 20 -5 10 -6 11 3 0.786585 12 -3 19 -3 20 -5 -20 -5 3 -5 19 -3 20 -1 -4 -5 23 -2 -4 -5 18 -5 17 -3 23 4 0.546512 1 -4 -5 9 0.517857 4 -19 -104 -26 -28 -18 -78 -24 -25 
85 11 3 0 0.975689 14 8 63 7 55 4 50 2 58 5 46 1 58 2 53 3 31 4 9 4 59 -3 -45 3 2 0 -56 -5 -33 1 0.349593 1 4 -19 9 0.563107 2 -15 -105 -23 -106 
86 11 3 0 0.364407 1 3 61 3 0.364407 1 4 19 8 0.98366 14 7 -7 7 -6 6 -7 8 -9 8 -6 9 -5 -1 2 4 1 7 -5 7 -1 0 6 6 -1 9 2 0 7 
87 11 6 0 0.701087 9 5 -52 2 -65 4 62 0 -65 -2 -9 -1 -24 -8 -21 -8 -8 0 -32 1 0.475138 4 4 -62 4 -65 -4 -5 -2 -49 2 0.632353 7 0 -2 -3 25 5 -8 2 -7 1 -5 1 4 -1 27 3 0.632353 7 -2 -8 -1 -13 -1 -10 -4 3 -3 13 -5 8 -3 12 8 0.728814 10 12 -9 -4 6 7 1 4 -12 5 -13 4 -8 13 -9 1 -6 -4 -12 -3 -10 9 0.566406 5 -20 -77 -29 -138 14 -28 9 -32 -17 -31 
88 11 5 0 0.398148 1 -1 49 2 0.826923 5 -5 -21 -3 -22 -6 25 -4 -6 -5 -6 3 0.589041 2 -5 -7 3 1 8 0.774775 4 -12 8 -11 8 -7 9 -6 12 9 0.617021 2 -24 -137 -31 -128 
89 11 2 0 0.962687 6 -1 -16 -3 -20 -2 -10 -3 -14 7 60 -3 -16 9 0.763158 2 -10 -111 -5 -114 
90 11 3 0 0.68254 1 -7 15 3 0.928058 3 0 -20 0 30 0 13 8 0.68254 1 -1 -5 
91 11 2 0 0.997101 40 1 57 -4 3 -1 -1 2 52 1 4 -6 4 -4 -26 0 56 -2 -50 -3 25 -1 -41 -4 15 -5 20 -2 32 -1 32 -6 25 -8 -41 -2 -55 -3 -56 0 -42 -3 4 -3 -58 -1 -51 -5 -40 -6 -60 -7 -2 0 57 1 -19 -5 -42 -1 -46 -4 -42 -6 -54 -2 -10 -4 -23 -3 -40 -5 22 -2 20 -2 -41 2 67 -3 -31 9 0.194631 1 -18 -66 
92 11 2 1 0.551282 1 7 -24 3 0.98366 7 4 21 -4 -15 4 26 3 12 2 -5 -3 -25 0 -10 
93 11 6 0 0.349593 1 5 -60 1 0.534162 2 0 -44 5 -25 2 0.85755 7 -3 -5 2 27 -5 8 5 -16 3 -26 1 0 5 -27 3 0.648241 3 2 21 3 24 -3 -11 8 0.648241 3 15 12 5 -12 7 -7 9 0.376623 1 -10 -44 
94 11 3 3 0.398148 1 0 6 7 0.398148 1 2 -18 8 0.980989 12 13 -7 2 13 2 12 13 -9 5 13 15 -7 14 -13 15 -6 12 4 12 2 7 9 14 -13 
95 11 5 2 0.518072 1 5 26 3 0.811321 3 3 14 3 3 2 22 4 0.930693 2 18 -6 18 -8 7 0.518072 1 2 -15 8 0.710744 2 14 0 15 -3 
96 11 3 0 0.979893 17 1 -67 6 19 3 10 4 -1 6 16 2 -3 6 19 2 -69 6 15 2 -16 5 -19 2 16 9 -1 7 24 10 12 7 -6 7 -14 3 0.488636 2 -3 -12 -2 -23 8 0.311594 1 14 6 
97 11 4 2 0.978663 16 3 25 5 26 1 27 1 -5 3 -17 -1 16 2 16 2 -6 5 -13 -2 10 2 13 0 3 1 3 3 13 1 7 2 10 3 0.323308 1 -1 23 4 0.723077 1 9 -16 8 0.323308 1 6 -13 
98 11 3 2 0.488636 1 3 8 3 0.971751 8 2 30 4 29 -2 20 4 8 -3 -10 0 0 2 3 2 -8 8 0.488636 1 3 7 
99 11 3 3 0.895833 2 -4 -17 -3 -20 4 0.94 1 24 -19 10 0.785714 1 5 -23 
100 11 2 3 0.996592 34 0 -3 1 1 -1 -1 0 7 1 20 2 6 0 -8 -3 26 -3 -11 -2 -8 -2 -28 3 -3 -2 -29 1 -22 1 5 2 18 3 -25 4 23 3 10 4 17 2 4 -2 2 3 -15 1 16 1 -2 -3 3 1 8 1 9 -3 27 0 8 0 -3 1 26 2 26 3 28 7 0.201878 1 0 -11 
101 11 2 7 0.985673 8 -1 41 -1 40 -1 34 -4 19 -1 23 -1 39 -1 42 -4 15 10 0.578947 1 -8 11 
102 11 7 2 0.754386 5 5 -21 3 -19 0 -3 3 -20 -3 25 3 0.617225 3 -4 22 -1 25 -2 27 4 0.723077 1 -7 0 5 0.37931 1 -7 -16 7 0.502924 2 -3 6 -1 38 8 0.798762 6 5 -12 12 -3 12 -1 14 -4 11 -2 15 5 10 0.37931 1 -2 26 
103 11 3 1 0.438775 1 -9 -7 5 0.916667 6 -7 0 -7 -20 -9 -4 -11 -18 -11 -19 -14 6 9 0.873494 5 -26 -44 -28 -28 -30 -30 -25 -30 -27 -51 
104 11 6 0 0.364407 1 3 -62 1 0.895833 8 -5 -83 -10 -84 4 25 1 23 0 20 -4 -74 -4 -72 -8 -52 2 0.364407 1 0 -17 3 0.364407 1 -2 22 8 0.664948 3 5 5 5 0 4 0 9 0.58 2 -21 -95 -23 -9 
105 11 3 3 0.962687 6 -2 30 -5 -22 -3 8 -4 15 -4 -12 -5 -16 8 0.551282 1 -5 8 9 0.58 1 -29 -127 
106 11 4 2 0.928058 9 4 16 3 22 2 10 2 11 2 16 1 15 -2 22 4 21 4 19 3 0.380531 1 -5 3 7 0.380531 1 5 26 8 0.757709 4 3 -12 -3 11 0 10 -1 12 
107 11 2 2 0.985673 8 0 19 3 -13 -1 19 2 -12 4 6 3 9 0 2 -2 -14 3 0.518072 1 -5 8 
108 11 2 1 0.632353 1 3 22 3 0.977273 5 1 6 1 14 3 28 1 20 1 -17 
109 11 7 0 0.364407 1 5 -14 1 0.551282 2 10 26 9 28 3 0.551282 2 3 -13 4 1 6 0.690476 3 -3 -27 5 -28 6 20 8 0.364407 1 13 -9 9 0.814607 5 7 -145 27 -136 -15 -37 -8 -144 -1 -21 10 0.611111 2 18 -28 15 -30 
110 11 6 0 0.267913 2 2 -41 3 -33 5 0.318841 2 31 -19 -41 -13 6 0.960265 35 4 -30 2 -29 3 -27 6 24 8 24 4 -31 6 18 -4 23 -4 24 -4 26 3 -31 -2 -27 4 -13 1 -33 10 -8 -8 -10 -10 15 -3 10 1 -4 -5 19 6 1 -1 -8 11 -9 -5 -16 -3 31 6 -2 -8 25 -7 10 4 31 -3 22 0 -24 -1 -7 7 -12 -2 -21 -1 -9 7 0.267913 2 5 -16 3 21 9 0.291457 2 19 -16 10 -43 10 0.605505 6 15 -11 15 -9 4 -18 9 -25 2 -7 17 -7 
111 11 7 1 0.534162 2 6 -84 11 -54 4 0.935323 4 22 -28 28 -28 25 -28 24 -28 5 0.594595 2 42 -5 40 1 6 0.674419 3 8 -31 -12 -33 -11 1 7 0.534162 2 5 -17 -2 -25 8 0.349593 1 14 -5 10 0.702128 3 6 -24 16 21 16 -30 
112 11 2 6 0.828571 1 1 -18 9 0.95082 2 -8 -64 16 8 
113 11 2 6 0.995708 24 5 -5 2 -11 5 -11 4 24 6 10 2 28 0 -18 3 -2 4 27 2 23 -2 27 -2 28 3 28 0 -12 3 2 4 29 4 19 -1 23 5 31 2 2 4 13 6 15 4 14 2 -18 7 0.263804 1 6 -17 
114 11 8 1 0.551282 2 9 23 14 15 2 0.364407 1 4 -20 3 0.664948 3 4 -12 3 5 3 20 6 0.58 2 6 11 5 13 7 0.664948 3 4 -17 2 -21 6 -20 8 0.364407 1 7 10 9 0.391892 1 19 -8 10 0.717391 3 10 25 11 23 7 27 
115 11 5 1 0.725738 4 8 6 -5 9 12 53 -5 8 3 0.824281 6 0 23 3 22 4 20 2 29 0 12 0 14 6 0.748387 4 -7 28 -9 31 -10 27 -5 28 8 0.349593 1 8 -8 9 0.563107 2 -16 -139 1 -36 
116 11 2 1 0.335938 1 12 -63 8 0.993207 17 12 13 13 2 15 -7 15 0 13 -5 14 3 13 12 12 -13 8 11 14 10 12 -7 15 5 12 6 10 12 8 7 10 13 13 -1 
117 11 3 1 0.811321 1 -4 -5 6 0.828571 1 -8 26 8 0.811321 1 11 -7 
118 11 6 0 0.323308 1 8 -27 1 0.754386 5 12 -5 -4 14 -1 43 -8 16 -3 -8 5 0.37931 1 -38 -8 6 0.349398 1 -7 29 8 0.754386 5 5 9 4 9 3 13 9 -6 9 -10 9 0.816901 6 21 17 -12 -145 16 2 -20 -9 10 -30 10 -31 
119 11 2 0 0.589041 1 2 -41 9 0.983051 6 -3 -102 7 -79 5 -70 -14 -23 -7 -96 -17 -9 
120 11 2 1 0.98366 7 -1 13 7 -10 -6 -15 -12 22 -12 -8 8 -7 -7 -15 9 0.58 1 6 17 
121 11 4 0 0.701087 3 0 8 3 -6 6 11 1 0.398148 1 -5 -11 6 0.90625 7 -5 -34 -5 -35 -6 15 -3 14 -12 -36 -5 -34 -7 11 9 0.725 3 -21 -15 -12 -5 0 -82 
122 11 4 0 0.851485 2 7 -41 7 -41 1 0.68254 1 4 -5 5 0.733333 1 -39 -14 8 0.68254 1 11 13 
123 11 2 0 0.997769 52 1 -50 10 41 2 -21 6 -54 8 -25 6 -25 5 -5 7 19 8 -6 0 69 5 44 8 21 4 62 0 33 5 69 5 69 2 49 7 -25 8 -55 4 69 4 53 7 53 2 64 8 50 3 59 8 32 -1 59 8 55 3 24 0 57 10 -5 8 -59 8 -45 10 -63 10 -12 4 60 8 -64 6 27 8 -63 7 -51 8 60 -1 -44 4 -37 6 -52 8 -20 9 -37 8 -36 9 9 4 -20 5 2 2 -64 2 -18 9 0.156757 1 -20 -127 
124 11 5 0 0.837662 3 7 -24 -2 -17 0 -12 1 0.551282 1 -14 -84 5 0.611111 1 -25 -21 7 0.551282 1 4 -42 9 0.763158 2 -9 -132 -10 -69 
125 11 4 0 0.774775 2 2 -23 2 -34 1 0.865772 3 -11 22 7 -3 -4 -3 6 0.617021 1 3 26 9 0.617021 1 -8 -28 
126 11 2 1 0.811321 3 13 -37 13 -55 4 54 9 0.95082 6 21 -42 12 -46 12 -32 -19 -25 -17 14 -7 7 
127 11 2 1 0.895833 1 14 -71 9 0.90625 1 13 -101 
128 11 2 1 0.99537 25 0 -42 12 -66 -2 1 10 -69 6 -47 10 -80 8 -51 3 47 -1 -77 0 -75 -3 -23 1 -80 -3 -80 7 51 0 -75 14 51 8 -73 4 -68 6 -72 2 -55 8 -69 9 -61 -8 -80 1 -69 -6 -24 9 0.278846 1 30 -132 
129 11 6 1 0.632353 1 0 31 5 0.6875 1 -12 8 6 0.659091 1 -12 24 7 0.632353 1 -2 29 9 0.659091 1 8 -144 10 0.6875 1 -2 22 
130 11 3 1 0.589041 2 9 -66 7 -21 7 0.895833 7 1 26 -1 28 2 19 3 22 1 22 0 26 4 14 9 0.843023 5 -31 -80 19 -26 18 -21 17 -48 20 -53 
131 11 6 1 0.323308 1 2 21 4 0.723077 1 55 12 5 0.37931 1 -22 -4 6 0.930029 11 2 -19 4 -20 -2 -6 10 29 -5 -16 -3 -16 -1 -18 -4 -17 0 -1 -5 -17 4 -15 9 0.53211 2 -13 -17 -3 -24 10 0.673469 3 18 -9 10 -17 8 -17 
132 11 7 1 0.599303 4 -2 -23 8 -15 10 0 5 -14 2 0.248555 1 3 -18 3 0.661538 5 4 1 3 -2 3 2 1 0 4 7 4 0.643836 1 52 -1 5 0.846154 9 13 7 -39 -7 27 -16 -15 -1 36 13 35 22 27 9 21 5 -25 5 6 0.43609 2 7 -13 9 -16 9 0.687204 5 7 -19 1 -28 6 -61 -5 -30 -6 -16 
133 11 3 1 0.656489 2 8 -38 2 -44 3 0.462366 1 1 -9 9 0.962656 8 7 -71 29 -20 0 -13 -25 9 16 -106 31 -14 -21 -58 30 -15 
134 11 4 3 0.741379 1 -2 27 5 0.785714 1 -39 -16 7 0.741379 1 6 14 9 0.763158 1 18 -13 
135 11 2 4 0.573171 1 54 20 5 0.997409 35 -9 2 1 2 -12 -1 -25 3 -7 -6 -18 -5 -7 -15 -30 -1 -23 -2 -8 21 -36 -3 -29 -4 -9 21 -37 -17 -37 -18 -24 -18 -29 -4 -29 -8 -29 -10 -37 -20 -8 19 -31 -18 -7 -18 -32 -5 -31 -11 -38 -4 -11 -18 -8 -1 -5 -4 -17 -20 -33 -19 -11 -17 -22 -6 3 1 -21 12 
136 11 2 5 0.916667 1 -22 11 9 0.90625 1 17 -29 
137 11 2 1 0.98366 7 10 45 2 41 6 -57 14 42 2 -46 11 12 1 -45 6 0.58 1 -7 -30 
138 11 4 1 0.895833 9 2 20 8 -33 10 -6 2 38 6 40 2 36 13 -49 3 -62 4 26 3 0.710744 4 -2 28 2 11 0 27 2 30 4 0.734375 1 -2 -28 9 0.734177 4 15 -28 2 -65 16 -65 14 -129 
139 11 4 1 0.68254 3 4 -51 2 -47 -12 -38 6 0.95082 10 10 20 7 -25 9 -7 9 17 0 -2 0 -6 0 -13 11 20 11 16 11 20 7 0.380531 1 5 -20 9 0.408451 1 32 -23 
140 11 9 0 0.241573 1 5 -35 1 0.507874 3 -5 34 13 -40 -10 10 2 0.241573 1 5 -2 3 0.398148 2 4 3 2 30 5 0.458333 2 -30 0 -19 5 6 0.426471 2 0 -5 9 26 7 0.589041 4 5 16 6 26 6 27 5 26 9 0.820755 9 -19 -100 26 -23 13 -117 -6 -115 20 -105 26 -69 -19 -115 34 -87 -7 -96 10 0.647059 4 18 12 14 27 12 -5 9 6 
141 11 2 1 0.811321 1 -5 52 9 0.95082 2 -6 -38 -6 -70 
142 11 2 1 0.99422 20 9 48 9 39 2 52 13 42 4 -25 1 50 -1 50 13 55 11 40 7 2 15 -20 11 -48 4 -33 -5 16 12 -48 8 11 1 42 5 56 15 8 3 54 9 0.325843 1 26 -135 
