10 131 0
0 0 -1 21 3 2 1 25 29 17 14 32 -9712 
1 1 -1 22 0 1 2 28 41 11 3 32 -2945 
2 1 -1 18 8 18 10 39 27 3 19 32 2309 
3 2 -1 19 21 9 0 46 43 1 2 32 -386 
4 2 -1 18 18 0 1 28 24 16 12 32 -11593 
5 2 -1 16 2 0 20 44 31 1 2 32 -224 
6 2 -1 19 9 16 11 38 22 2 18 32 4085 
7 3 -1 22 7 18 18 44 42 3 3 32 30669 
8 3 -1 6 15 11 20 44 40 3 7 32 22157 
9 3 -1 16 4 1 3 39 39 6 8 32 -101 
10 3 -1 7 1 17 3 31 5 3 28 32 -212 
11 3 -1 3 46 0 0 30 35 0 0 14 -43 
12 3 -1 4 10 16 8 43 42 2 4 32 2345 
13 3 -1 19 20 3 0 41 46 4 1 32 -113 
14 3 -1 13 11 21 10 35 46 3 1 32 8642 
15 4 -1 41 4 0 0 47 34 0 0 21 -27 
16 4 6 0 0 0 0 0 0 0 0 0 0 
17 4 -1 22 17 18 1 44 44 3 2 32 -461 
18 4 -1 22 11 1 1 43 34 4 5 32 -1689 
19 4 -1 25 37 0 0 3 35 0 0 18 12 
20 4 -1 3 9 21 17 39 30 6 9 32 30092 
21 4 44 0 0 0 0 0 0 0 0 0 0 
22 4 45 0 0 0 0 0 0 0 0 0 0 
23 4 -1 0 36 0 0 43 15 0 0 1 -10 
24 4 -1 22 6 17 5 44 22 3 11 32 -1471 
25 4 -1 1 18 5 15 9 34 22 13 32 -586 
26 4 -1 18 18 7 2 31 41 9 6 32 286 
27 4 -1 8 2 21 18 40 35 1 5 32 8767 
28 4 -1 0 5 0 18 41 26 1 7 32 -11 
29 4 -1 22 9 5 0 27 30 6 2 32 -421 
30 4 -1 14 0 1 5 24 34 2 13 32 607 
31 5 0 0 0 0 0 0 0 0 0 0 0 
32 5 -1 12 9 0 13 44 34 3 1 32 -398 
33 5 0 0 0 0 0 0 0 0 0 0 0 
34 5 0 0 0 0 0 0 0 0 0 0 0 
35 5 7 0 0 0 0 0 0 0 0 0 0 
36 5 -1 10 6 0 0 45 5 0 0 0 -159 
37 5 -1 2 3 8 0 30 31 1 10 32 -1956 
38 5 23 0 0 0 0 0 0 0 0 0 0 
39 5 -1 17 18 1 15 26 45 7 2 32 -43 
40 5 -1 7 47 0 0 37 39 0 0 15 115 
41 5 -1 22 1 17 18 46 23 1 10 32 29972 
42 5 43 0 0 0 0 0 0 0 0 0 0 
43 5 0 0 0 0 0 0 0 0 0 0 0 
44 5 0 0 0 0 0 0 0 0 0 0 0 
45 5 0 0 0 0 0 0 0 0 0 0 0 
46 5 0 0 0 0 0 0 0 0 0 0 0 
47 5 46 0 0 0 0 0 0 0 0 0 0 
48 5 47 0 0 0 0 0 0 0 0 0 0 
49 5 -1 26 11 0 0 18 44 0 0 17 1 
50 5 52 0 0 0 0 0 0 0 0 0 0 
51 5 -1 38 41 0 0 36 17 0 0 17 -31 
52 5 -1 6 12 12 2 37 31 9 6 32 -2095 
53 5 74 0 0 0 0 0 0 0 0 0 0 
54 5 75 0 0 0 0 0 0 0 0 0 0 
55 5 -1 24 41 0 0 32 28 0 0 4 34 
56 5 -1 12 18 8 1 35 37 9 6 32 -1088 
57 5 83 0 0 0 0 0 0 0 0 0 0 
58 5 -1 3 19 12 22 20 43 3 1 32 6564 
59 5 -1 9 14 0 0 13 36 0 0 7 56 
60 5 -1 4 30 0 0 46 18 0 0 18 -15 
61 5 -1 17 13 16 17 42 38 4 2 32 13600 
62 5 -1 19 4 22 13 41 31 1 3 32 28177 
63 6 0 0 0 0 0 0 0 0 0 0 0 
64 6 0 0 0 0 0 0 0 0 0 0 0 
65 6 1 0 0 0 0 0 0 0 0 0 0 
66 6 -1 32 32 0 0 7 31 0 0 18 -10 
67 6 0 0 0 0 0 0 0 0 0 0 0 
68 6 0 0 0 0 0 0 0 0 0 0 0 
69 6 0 0 0 0 0 0 0 0 0 0 0 
70 6 0 0 0 0 0 0 0 0 0 0 0 
71 6 0 0 0 0 0 0 0 0 0 0 0 
72 6 0 0 0 0 0 0 0 0 0 0 0 
73 6 8 0 0 0 0 0 0 0 0 0 0 
74 6 -1 45 15 0 0 24 18 0 0 17 -13 
75 6 21 0 0 0 0 0 0 0 0 0 0 
76 6 22 0 0 0 0 0 0 0 0 0 0 
77 6 0 0 0 0 0 0 0 0 0 0 0 
78 6 0 0 0 0 0 0 0 0 0 0 0 
79 6 -1 27 31 0 0 44 10 0 0 2 -44 
80 6 -1 17 17 0 0 2 46 0 0 17 -17 
81 6 -1 47 45 0 0 30 6 0 0 0 -48 
82 6 38 0 0 0 0 0 0 0 0 0 0 
83 6 -1 17 6 22 14 42 33 2 6 32 27172 
84 6 42 0 0 0 0 0 0 0 0 0 0 
85 6 0 0 0 0 0 0 0 0 0 0 0 
86 6 0 0 0 0 0 0 0 0 0 0 0 
87 6 0 0 0 0 0 0 0 0 0 0 0 
88 6 0 0 0 0 0 0 0 0 0 0 0 
89 6 0 0 0 0 0 0 0 0 0 0 0 
90 6 0 0 0 0 0 0 0 0 0 0 0 
91 6 0 0 0 0 0 0 0 0 0 0 0 
92 6 0 0 0 0 0 0 0 0 0 0 0 
93 6 0 0 0 0 0 0 0 0 0 0 0 
94 6 0 0 0 0 0 0 0 0 0 0 0 
95 6 0 0 0 0 0 0 0 0 0 0 0 
96 6 0 0 0 0 0 0 0 0 0 0 0 
97 6 0 0 0 0 0 0 0 0 0 0 0 
98 6 0 0 0 0 0 0 0 0 0 0 0 
99 6 -1 14 8 9 9 44 30 3 8 32 -3143 
100 6 -1 13 40 0 0 39 19 0 0 16 11 
101 6 0 0 0 0 0 0 0 0 0 0 0 
102 6 0 0 0 0 0 0 0 0 0 0 0 
103 6 53 0 0 0 0 0 0 0 0 0 0 
104 6 -1 33 9 0 0 19 39 0 0 16 -29 
105 6 -1 16 5 16 2 37 9 7 23 32 -5866 
106 6 -1 23 21 0 0 39 20 0 0 0 42 
107 6 0 0 0 0 0 0 0 0 0 0 0 
108 6 0 0 0 0 0 0 0 0 0 0 0 
109 6 0 0 0 0 0 0 0 0 0 0 0 
110 6 0 0 0 0 0 0 0 0 0 0 0 
111 6 -1 0 16 0 0 7 19 0 0 30 6 
112 6 80 0 0 0 0 0 0 0 0 0 0 
113 6 81 0 0 0 0 0 0 0 0 0 0 
114 6 82 0 0 0 0 0 0 0 0 0 0 
115 6 0 0 0 0 0 0 0 0 0 0 0 
116 6 0 0 0 0 0 0 0 0 0 0 0 
117 6 84 0 0 0 0 0 0 0 0 0 0 
118 6 85 0 0 0 0 0 0 0 0 0 0 
119 6 -1 18 20 7 6 36 37 11 10 32 -2485 
120 6 -1 42 17 0 0 42 43 0 0 7 8 
121 6 -1 3 1 5 14 20 21 13 24 32 -6443 
122 6 -1 2 19 1 8 34 35 7 2 32 -363 
123 6 -1 4 1 0 15 29 39 5 2 32 -8 
124 6 -1 21 5 0 0 30 38 0 0 7 -27 
125 6 -1 12 8 7 6 37 27 6 2 32 3304 
126 6 130 0 0 0 0 0 0 0 0 0 0 
127 7 0 0 0 0 0 0 0 0 0 0 0 
128 7 0 0 0 0 0 0 0 0 0 0 0 
129 7 0 0 0 0 0 0 0 0 0 0 0 
130 7 0 0 0 0 0 0 0 0 0 0 0 
131 7 0 0 0 0 0 0 0 0 0 0 0 
132 7 0 0 0 0 0 0 0 0 0 0 0 
133 7 -1 4 32 0 0 37 13 0 0 3 -15 
134 7 -1 28 38 0 0 44 7 0 0 12 10 
135 7 0 0 0 0 0 0 0 0 0 0 0 
136 7 0 0 0 0 0 0 0 0 0 0 0 
137 7 0 0 0 0 0 0 0 0 0 0 0 
138 7 0 0 0 0 0 0 0 0 0 0 0 
139 7 0 0 0 0 0 0 0 0 0 0 0 
140 7 0 0 0 0 0 0 0 0 0 0 0 
141 7 0 0 0 0 0 0 0 0 0 0 0 
142 7 0 0 0 0 0 0 0 0 0 0 0 
143 7 0 0 0 0 0 0 0 0 0 0 0 
144 7 0 0 0 0 0 0 0 0 0 0 0 
145 7 0 0 0 0 0 0 0 0 0 0 0 
146 7 0 0 0 0 0 0 0 0 0 0 0 
147 7 0 0 0 0 0 0 0 0 0 0 0 
148 7 0 0 0 0 0 0 0 0 0 0 0 
149 7 -1 3 41 0 0 0 9 0 0 3 -3 
150 7 -1 5 8 1 2 40 36 1 11 32 -2002 
151 7 0 0 0 0 0 0 0 0 0 0 0 
152 7 0 0 0 0 0 0 0 0 0 0 0 
153 7 0 0 0 0 0 0 0 0 0 0 0 
154 7 0 0 0 0 0 0 0 0 0 0 0 
155 7 0 0 0 0 0 0 0 0 0 0 0 
156 7 0 0 0 0 0 0 0 0 0 0 0 
157 7 0 0 0 0 0 0 0 0 0 0 0 
158 7 0 0 0 0 0 0 0 0 0 0 0 
159 7 24 0 0 0 0 0 0 0 0 0 0 
160 7 -1 10 14 0 4 32 20 14 11 32 -14223 
161 7 28 0 0 0 0 0 0 0 0 0 0 
162 7 -1 35 12 0 0 7 9 0 0 8 -52 
163 7 32 0 0 0 0 0 0 0 0 0 0 
164 7 -1 44 8 0 0 24 44 0 0 18 -2 
165 7 0 0 0 0 0 0 0 0 0 0 0 
166 7 0 0 0 0 0 0 0 0 0 0 0 
167 7 39 0 0 0 0 0 0 0 0 0 0 
168 7 -1 42 26 0 0 35 27 0 0 18 -2 
169 7 0 0 0 0 0 0 0 0 0 0 0 
170 7 0 0 0 0 0 0 0 0 0 0 0 
171 7 0 0 0 0 0 0 0 0 0 0 0 
172 7 0 0 0 0 0 0 0 0 0 0 0 
173 7 0 0 0 0 0 0 0 0 0 0 0 
174 7 0 0 0 0 0 0 0 0 0 0 0 
175 7 0 0 0 0 0 0 0 0 0 0 0 
176 7 0 0 0 0 0 0 0 0 0 0 0 
177 7 0 0 0 0 0 0 0 0 0 0 0 
178 7 0 0 0 0 0 0 0 0 0 0 0 
179 7 0 0 0 0 0 0 0 0 0 0 0 
180 7 0 0 0 0 0 0 0 0 0 0 0 
181 7 0 0 0 0 0 0 0 0 0 0 0 
182 7 0 0 0 0 0 0 0 0 0 0 0 
183 7 0 0 0 0 0 0 0 0 0 0 0 
184 7 0 0 0 0 0 0 0 0 0 0 0 
185 7 0 0 0 0 0 0 0 0 0 0 0 
186 7 0 0 0 0 0 0 0 0 0 0 0 
187 7 0 0 0 0 0 0 0 0 0 0 0 
188 7 0 0 0 0 0 0 0 0 0 0 0 
189 7 0 0 0 0 0 0 0 0 0 0 0 
190 7 0 0 0 0 0 0 0 0 0 0 0 
191 7 0 0 0 0 0 0 0 0 0 0 0 
192 7 0 0 0 0 0 0 0 0 0 0 0 
193 7 0 0 0 0 0 0 0 0 0 0 0 
194 7 0 0 0 0 0 0 0 0 0 0 0 
195 7 0 0 0 0 0 0 0 0 0 0 0 
196 7 0 0 0 0 0 0 0 0 0 0 0 
197 7 0 0 0 0 0 0 0 0 0 0 0 
198 7 0 0 0 0 0 0 0 0 0 0 0 
199 7 48 0 0 0 0 0 0 0 0 0 0 
200 7 49 0 0 0 0 0 0 0 0 0 0 
201 7 50 0 0 0 0 0 0 0 0 0 0 
202 7 51 0 0 0 0 0 0 0 0 0 0 
203 7 0 0 0 0 0 0 0 0 0 0 0 
204 7 0 0 0 0 0 0 0 0 0 0 0 
205 7 0 0 0 0 0 0 0 0 0 0 0 
206 7 0 0 0 0 0 0 0 0 0 0 0 
207 7 0 0 0 0 0 0 0 0 0 0 0 
208 7 0 0 0 0 0 0 0 0 0 0 0 
209 7 -1 11 4 12 0 43 10 2 28 32 -899 
210 7 -1 32 34 0 0 1 5 0 0 17 -23 
211 7 62 0 0 0 0 0 0 0 0 0 0 
212 7 63 0 0 0 0 0 0 0 0 0 0 
213 7 -1 15 37 0 0 43 18 0 0 16 24 
214 7 -1 45 14 0 0 8 46 0 0 8 63 
215 7 0 0 0 0 0 0 0 0 0 0 0 
216 7 0 0 0 0 0 0 0 0 0 0 0 
217 7 0 0 0 0 0 0 0 0 0 0 0 
218 7 0 0 0 0 0 0 0 0 0 0 0 
219 7 0 0 0 0 0 0 0 0 0 0 0 
220 7 0 0 0 0 0 0 0 0 0 0 0 
221 7 0 0 0 0 0 0 0 0 0 0 0 
222 7 0 0 0 0 0 0 0 0 0 0 0 
223 7 -1 30 16 0 0 6 3 0 0 1 1 
224 7 79 0 0 0 0 0 0 0 0 0 0 
225 7 0 0 0 0 0 0 0 0 0 0 0 
226 7 0 0 0 0 0 0 0 0 0 0 0 
227 7 0 0 0 0 0 0 0 0 0 0 0 
228 7 0 0 0 0 0 0 0 0 0 0 0 
229 7 0 0 0 0 0 0 0 0 0 0 0 
230 7 0 0 0 0 0 0 0 0 0 0 0 
231 7 0 0 0 0 0 0 0 0 0 0 0 
232 7 0 0 0 0 0 0 0 0 0 0 0 
233 7 0 0 0 0 0 0 0 0 0 0 0 
234 7 0 0 0 0 0 0 0 0 0 0 0 
235 7 0 0 0 0 0 0 0 0 0 0 0 
236 7 0 0 0 0 0 0 0 0 0 0 0 
237 7 0 0 0 0 0 0 0 0 0 0 0 
238 7 0 0 0 0 0 0 0 0 0 0 0 
239 7 -1 5 16 5 10 24 39 18 8 32 -4045 
240 7 -1 44 34 0 0 22 28 0 0 1 -4 
241 7 -1 0 21 4 10 25 31 9 6 32 -451 
242 7 -1 45 40 0 0 0 36 0 0 2 3 
243 7 -1 11 7 5 4 39 22 7 8 32 -963 
244 7 113 0 0 0 0 0 0 0 0 0 0 
245 7 -1 21 17 1 0 22 18 8 17 32 -2065 
246 7 -1 20 16 11 16 39 32 1 14 32 6434 
247 7 124 0 0 0 0 0 0 0 0 0 0 
248 7 125 0 0 0 0 0 0 0 0 0 0 
249 7 126 0 0 0 0 0 0 0 0 0 0 
250 7 127 0 0 0 0 0 0 0 0 0 0 
251 7 128 0 0 0 0 0 0 0 0 0 0 
252 7 129 0 0 0 0 0 0 0 0 0 0 
253 7 0 0 0 0 0 0 0 0 0 0 0 
254 7 0 0 0 0 0 0 0 0 0 0 0 
255 8 0 0 0 0 0 0 0 0 0 0 0 
256 8 0 0 0 0 0 0 0 0 0 0 0 
257 8 0 0 0 0 0 0 0 0 0 0 0 
258 8 0 0 0 0 0 0 0 0 0 0 0 
259 8 0 0 0 0 0 0 0 0 0 0 0 
260 8 0 0 0 0 0 0 0 0 0 0 0 
261 8 0 0 0 0 0 0 0 0 0 0 0 
262 8 0 0 0 0 0 0 0 0 0 0 0 
263 8 0 0 0 0 0 0 0 0 0 0 0 
264 8 0 0 0 0 0 0 0 0 0 0 0 
265 8 0 0 0 0 0 0 0 0 0 0 0 
266 8 0 0 0 0 0 0 0 0 0 0 0 
267 8 2 0 0 0 0 0 0 0 0 0 0 
268 8 3 0 0 0 0 0 0 0 0 0 0 
269 8 4 0 0 0 0 0 0 0 0 0 0 
270 8 5 0 0 0 0 0 0 0 0 0 0 
271 8 0 0 0 0 0 0 0 0 0 0 0 
272 8 0 0 0 0 0 0 0 0 0 0 0 
273 8 0 0 0 0 0 0 0 0 0 0 0 
274 8 0 0 0 0 0 0 0 0 0 0 0 
275 8 0 0 0 0 0 0 0 0 0 0 0 
276 8 0 0 0 0 0 0 0 0 0 0 0 
277 8 0 0 0 0 0 0 0 0 0 0 0 
278 8 0 0 0 0 0 0 0 0 0 0 0 
279 8 0 0 0 0 0 0 0 0 0 0 0 
280 8 0 0 0 0 0 0 0 0 0 0 0 
281 8 0 0 0 0 0 0 0 0 0 0 0 
282 8 0 0 0 0 0 0 0 0 0 0 0 
283 8 0 0 0 0 0 0 0 0 0 0 0 
284 8 0 0 0 0 0 0 0 0 0 0 0 
285 8 0 0 0 0 0 0 0 0 0 0 0 
286 8 0 0 0 0 0 0 0 0 0 0 0 
287 8 0 0 0 0 0 0 0 0 0 0 0 
288 8 0 0 0 0 0 0 0 0 0 0 0 
289 8 0 0 0 0 0 0 0 0 0 0 0 
290 8 0 0 0 0 0 0 0 0 0 0 0 
291 8 0 0 0 0 0 0 0 0 0 0 0 
292 8 0 0 0 0 0 0 0 0 0 0 0 
293 8 0 0 0 0 0 0 0 0 0 0 0 
294 8 0 0 0 0 0 0 0 0 0 0 0 
295 8 0 0 0 0 0 0 0 0 0 0 0 
296 8 0 0 0 0 0 0 0 0 0 0 0 
297 8 0 0 0 0 0 0 0 0 0 0 0 
298 8 0 0 0 0 0 0 0 0 0 0 0 
299 8 9 0 0 0 0 0 0 0 0 0 0 
300 8 -1 30 25 0 0 22 22 0 0 14 -3 
301 8 -1 17 40 0 0 43 4 0 0 2 -12 
302 8 -1 6 17 13 13 24 41 7 3 32 14582 
303 8 0 0 0 0 0 0 0 0 0 0 0 
304 8 0 0 0 0 0 0 0 0 0 0 0 
305 8 0 0 0 0 0 0 0 0 0 0 0 
306 8 0 0 0 0 0 0 0 0 0 0 0 
307 8 0 0 0 0 0 0 0 0 0 0 0 
308 8 0 0 0 0 0 0 0 0 0 0 0 
309 8 0 0 0 0 0 0 0 0 0 0 0 
310 8 0 0 0 0 0 0 0 0 0 0 0 
311 8 0 0 0 0 0 0 0 0 0 0 0 
312 8 0 0 0 0 0 0 0 0 0 0 0 
313 8 0 0 0 0 0 0 0 0 0 0 0 
314 8 0 0 0 0 0 0 0 0 0 0 0 
315 8 0 0 0 0 0 0 0 0 0 0 0 
316 8 0 0 0 0 0 0 0 0 0 0 0 
317 8 0 0 0 0 0 0 0 0 0 0 0 
318 8 0 0 0 0 0 0 0 0 0 0 0 
319 8 0 0 0 0 0 0 0 0 0 0 0 
320 8 0 0 0 0 0 0 0 0 0 0 0 
321 8 -1 22 2 0 0 36 18 0 0 17 0 
322 8 27 0 0 0 0 0 0 0 0 0 0 
323 8 0 0 0 0 0 0 0 0 0 0 0 
324 8 0 0 0 0 0 0 0 0 0 0 0 
325 8 29 0 0 0 0 0 0 0 0 0 0 
326 8 -1 12 22 18 19 46 44 1 3 32 29055 
327 8 0 0 0 0 0 0 0 0 0 0 0 
328 8 0 0 0 0 0 0 0 0 0 0 0 
329 8 -1 6 5 19 14 31 44 12 2 32 24021 
330 8 -1 42 24 0 0 3 23 0 0 3 -29 
331 8 0 0 0 0 0 0 0 0 0 0 0 
332 8 0 0 0 0 0 0 0 0 0 0 0 
333 8 0 0 0 0 0 0 0 0 0 0 0 
334 8 0 0 0 0 0 0 0 0 0 0 0 
335 8 0 0 0 0 0 0 0 0 0 0 0 
336 8 0 0 0 0 0 0 0 0 0 0 0 
337 8 40 0 0 0 0 0 0 0 0 0 0 
338 8 41 0 0 0 0 0 0 0 0 0 0 
339 8 0 0 0 0 0 0 0 0 0 0 0 
340 8 0 0 0 0 0 0 0 0 0 0 0 
341 8 0 0 0 0 0 0 0 0 0 0 0 
342 8 0 0 0 0 0 0 0 0 0 0 0 
343 8 0 0 0 0 0 0 0 0 0 0 0 
344 8 0 0 0 0 0 0 0 0 0 0 0 
345 8 0 0 0 0 0 0 0 0 0 0 0 
346 8 0 0 0 0 0 0 0 0 0 0 0 
347 8 0 0 0 0 0 0 0 0 0 0 0 
348 8 0 0 0 0 0 0 0 0 0 0 0 
349 8 0 0 0 0 0 0 0 0 0 0 0 
350 8 0 0 0 0 0 0 0 0 0 0 0 
351 8 0 0 0 0 0 0 0 0 0 0 0 
352 8 0 0 0 0 0 0 0 0 0 0 0 
353 8 0 0 0 0 0 0 0 0 0 0 0 
354 8 0 0 0 0 0 0 0 0 0 0 0 
355 8 0 0 0 0 0 0 0 0 0 0 0 
356 8 0 0 0 0 0 0 0 0 0 0 0 
357 8 0 0 0 0 0 0 0 0 0 0 0 
358 8 0 0 0 0 0 0 0 0 0 0 0 
359 8 0 0 0 0 0 0 0 0 0 0 0 
360 8 0 0 0 0 0 0 0 0 0 0 0 
361 8 0 0 0 0 0 0 0 0 0 0 0 
362 8 0 0 0 0 0 0 0 0 0 0 0 
363 8 0 0 0 0 0 0 0 0 0 0 0 
364 8 0 0 0 0 0 0 0 0 0 0 0 
365 8 0 0 0 0 0 0 0 0 0 0 0 
366 8 0 0 0 0 0 0 0 0 0 0 0 
367 8 0 0 0 0 0 0 0 0 0 0 0 
368 8 0 0 0 0 0 0 0 0 0 0 0 
369 8 0 0 0 0 0 0 0 0 0 0 0 
370 8 0 0 0 0 0 0 0 0 0 0 0 
371 8 0 0 0 0 0 0 0 0 0 0 0 
372 8 0 0 0 0 0 0 0 0 0 0 0 
373 8 0 0 0 0 0 0 0 0 0 0 0 
374 8 0 0 0 0 0 0 0 0 0 0 0 
375 8 0 0 0 0 0 0 0 0 0 0 0 
376 8 0 0 0 0 0 0 0 0 0 0 0 
377 8 0 0 0 0 0 0 0 0 0 0 0 
378 8 0 0 0 0 0 0 0 0 0 0 0 
379 8 0 0 0 0 0 0 0 0 0 0 0 
380 8 0 0 0 0 0 0 0 0 0 0 0 
381 8 0 0 0 0 0 0 0 0 0 0 0 
382 8 0 0 0 0 0 0 0 0 0 0 0 
383 8 0 0 0 0 0 0 0 0 0 0 0 
384 8 0 0 0 0 0 0 0 0 0 0 0 
385 8 0 0 0 0 0 0 0 0 0 0 0 
386 8 0 0 0 0 0 0 0 0 0 0 0 
387 8 0 0 0 0 0 0 0 0 0 0 0 
388 8 0 0 0 0 0 0 0 0 0 0 0 
389 8 0 0 0 0 0 0 0 0 0 0 0 
390 8 0 0 0 0 0 0 0 0 0 0 0 
391 8 0 0 0 0 0 0 0 0 0 0 0 
392 8 0 0 0 0 0 0 0 0 0 0 0 
393 8 0 0 0 0 0 0 0 0 0 0 0 
394 8 0 0 0 0 0 0 0 0 0 0 0 
395 8 0 0 0 0 0 0 0 0 0 0 0 
396 8 0 0 0 0 0 0 0 0 0 0 0 
397 8 0 0 0 0 0 0 0 0 0 0 0 
398 8 0 0 0 0 0 0 0 0 0 0 0 
399 8 0 0 0 0 0 0 0 0 0 0 0 
400 8 0 0 0 0 0 0 0 0 0 0 0 
401 8 0 0 0 0 0 0 0 0 0 0 0 
402 8 0 0 0 0 0 0 0 0 0 0 0 
403 8 0 0 0 0 0 0 0 0 0 0 0 
404 8 0 0 0 0 0 0 0 0 0 0 0 
405 8 0 0 0 0 0 0 0 0 0 0 0 
406 8 0 0 0 0 0 0 0 0 0 0 0 
407 8 0 0 0 0 0 0 0 0 0 0 0 
408 8 0 0 0 0 0 0 0 0 0 0 0 
409 8 0 0 0 0 0 0 0 0 0 0 0 
410 8 0 0 0 0 0 0 0 0 0 0 0 
411 8 0 0 0 0 0 0 0 0 0 0 0 
412 8 0 0 0 0 0 0 0 0 0 0 0 
413 8 0 0 0 0 0 0 0 0 0 0 0 
414 8 0 0 0 0 0 0 0 0 0 0 0 
415 8 0 0 0 0 0 0 0 0 0 0 0 
416 8 0 0 0 0 0 0 0 0 0 0 0 
417 8 0 0 0 0 0 0 0 0 0 0 0 
418 8 0 0 0 0 0 0 0 0 0 0 0 
419 8 -1 30 31 0 0 13 26 0 0 8 2 
420 8 56 0 0 0 0 0 0 0 0 0 0 
421 8 57 0 0 0 0 0 0 0 0 0 0 
422 8 -1 36 11 0 0 23 27 0 0 15 -30 
423 8 0 0 0 0 0 0 0 0 0 0 0 
424 8 0 0 0 0 0 0 0 0 0 0 0 
425 8 0 0 0 0 0 0 0 0 0 0 0 
426 8 0 0 0 0 0 0 0 0 0 0 0 
427 8 -1 10 0 18 16 32 19 10 20 32 -4221 
428 8 -1 9 1 0 0 18 23 0 0 16 -5 
429 8 -1 22 6 0 0 0 29 0 0 21 -37 
430 8 73 0 0 0 0 0 0 0 0 0 0 
431 8 0 0 0 0 0 0 0 0 0 0 0 
432 8 0 0 0 0 0 0 0 0 0 0 0 
433 8 0 0 0 0 0 0 0 0 0 0 0 
434 8 0 0 0 0 0 0 0 0 0 0 0 
435 8 0 0 0 0 0 0 0 0 0 0 0 
436 8 0 0 0 0 0 0 0 0 0 0 0 
437 8 0 0 0 0 0 0 0 0 0 0 0 
438 8 0 0 0 0 0 0 0 0 0 0 0 
439 8 0 0 0 0 0 0 0 0 0 0 0 
440 8 0 0 0 0 0 0 0 0 0 0 0 
441 8 0 0 0 0 0 0 0 0 0 0 0 
442 8 0 0 0 0 0 0 0 0 0 0 0 
443 8 0 0 0 0 0 0 0 0 0 0 0 
444 8 0 0 0 0 0 0 0 0 0 0 0 
445 8 0 0 0 0 0 0 0 0 0 0 0 
446 8 0 0 0 0 0 0 0 0 0 0 0 
447 8 76 0 0 0 0 0 0 0 0 0 0 
448 8 -1 18 6 20 21 44 31 2 8 32 10148 
449 8 0 0 0 0 0 0 0 0 0 0 0 
450 8 0 0 0 0 0 0 0 0 0 0 0 
451 8 0 0 0 0 0 0 0 0 0 0 0 
452 8 0 0 0 0 0 0 0 0 0 0 0 
453 8 0 0 0 0 0 0 0 0 0 0 0 
454 8 0 0 0 0 0 0 0 0 0 0 0 
455 8 0 0 0 0 0 0 0 0 0 0 0 
456 8 0 0 0 0 0 0 0 0 0 0 0 
457 8 0 0 0 0 0 0 0 0 0 0 0 
458 8 0 0 0 0 0 0 0 0 0 0 0 
459 8 0 0 0 0 0 0 0 0 0 0 0 
460 8 0 0 0 0 0 0 0 0 0 0 0 
461 8 0 0 0 0 0 0 0 0 0 0 0 
462 8 0 0 0 0 0 0 0 0 0 0 0 
463 8 0 0 0 0 0 0 0 0 0 0 0 
464 8 0 0 0 0 0 0 0 0 0 0 0 
465 8 0 0 0 0 0 0 0 0 0 0 0 
466 8 0 0 0 0 0 0 0 0 0 0 0 
467 8 0 0 0 0 0 0 0 0 0 0 0 
468 8 0 0 0 0 0 0 0 0 0 0 0 
469 8 0 0 0 0 0 0 0 0 0 0 0 
470 8 0 0 0 0 0 0 0 0 0 0 0 
471 8 0 0 0 0 0 0 0 0 0 0 0 
472 8 0 0 0 0 0 0 0 0 0 0 0 
473 8 0 0 0 0 0 0 0 0 0 0 0 
474 8 0 0 0 0 0 0 0 0 0 0 0 
475 8 0 0 0 0 0 0 0 0 0 0 0 
476 8 0 0 0 0 0 0 0 0 0 0 0 
477 8 0 0 0 0 0 0 0 0 0 0 0 
478 8 0 0 0 0 0 0 0 0 0 0 0 
479 8 -1 1 7 9 18 17 28 29 1 32 -40 
480 8 -1 4 21 21 4 32 45 15 2 32 1899 
481 8 -1 31 19 0 0 14 43 0 0 12 -63 
482 8 -1 10 11 0 5 28 43 6 1 32 -26 
483 8 -1 19 18 6 8 30 29 11 14 32 -4561 
484 8 -1 17 2 8 15 29 25 16 5 32 1620 
485 8 105 0 0 0 0 0 0 0 0 0 0 
486 8 -1 18 19 4 7 37 31 9 7 32 -928 
487 8 -1 0 14 6 9 39 25 2 12 32 971 
488 8 112 0 0 0 0 0 0 0 0 0 0 
489 8 0 0 0 0 0 0 0 0 0 0 0 
490 8 0 0 0 0 0 0 0 0 0 0 0 
491 8 114 0 0 0 0 0 0 0 0 0 0 
492 8 115 0 0 0 0 0 0 0 0 0 0 
493 8 -1 10 4 18 7 35 24 1 23 32 3335 
494 8 -1 20 15 4 5 41 20 6 8 32 -916 
495 8 0 0 0 0 0 0 0 0 0 0 0 
496 8 0 0 0 0 0 0 0 0 0 0 0 
497 8 0 0 0 0 0 0 0 0 0 0 0 
498 8 0 0 0 0 0 0 0 0 0 0 0 
499 8 0 0 0 0 0 0 0 0 0 0 0 
500 8 0 0 0 0 0 0 0 0 0 0 0 
501 8 0 0 0 0 0 0 0 0 0 0 0 
502 8 0 0 0 0 0 0 0 0 0 0 0 
503 8 0 0 0 0 0 0 0 0 0 0 0 
504 8 0 0 0 0 0 0 0 0 0 0 0 
505 8 0 0 0 0 0 0 0 0 0 0 0 
506 8 0 0 0 0 0 0 0 0 0 0 0 
507 8 0 0 0 0 0 0 0 0 0 0 0 
508 8 0 0 0 0 0 0 0 0 0 0 0 
509 8 0 0 0 0 0 0 0 0 0 0 0 
510 8 0 0 0 0 0 0 0 0 0 0 0 
511 9 0 0 0 0 0 0 0 0 0 0 0 
512 9 0 0 0 0 0 0 0 0 0 0 0 
513 9 0 0 0 0 0 0 0 0 0 0 0 
514 9 0 0 0 0 0 0 0 0 0 0 0 
515 9 0 0 0 0 0 0 0 0 0 0 0 
516 9 0 0 0 0 0 0 0 0 0 0 0 
517 9 0 0 0 0 0 0 0 0 0 0 0 
518 9 0 0 0 0 0 0 0 0 0 0 0 
519 9 0 0 0 0 0 0 0 0 0 0 0 
520 9 0 0 0 0 0 0 0 0 0 0 0 
521 9 0 0 0 0 0 0 0 0 0 0 0 
522 9 0 0 0 0 0 0 0 0 0 0 0 
523 9 0 0 0 0 0 0 0 0 0 0 0 
524 9 0 0 0 0 0 0 0 0 0 0 0 
525 9 0 0 0 0 0 0 0 0 0 0 0 
526 9 0 0 0 0 0 0 0 0 0 0 0 
527 9 0 0 0 0 0 0 0 0 0 0 0 
528 9 0 0 0 0 0 0 0 0 0 0 0 
529 9 0 0 0 0 0 0 0 0 0 0 0 
530 9 0 0 0 0 0 0 0 0 0 0 0 
531 9 0 0 0 0 0 0 0 0 0 0 0 
532 9 0 0 0 0 0 0 0 0 0 0 0 
533 9 0 0 0 0 0 0 0 0 0 0 0 
534 9 0 0 0 0 0 0 0 0 0 0 0 
535 9 0 0 0 0 0 0 0 0 0 0 0 
536 9 0 0 0 0 0 0 0 0 0 0 0 
537 9 0 0 0 0 0 0 0 0 0 0 0 
538 9 0 0 0 0 0 0 0 0 0 0 0 
539 9 0 0 0 0 0 0 0 0 0 0 0 
540 9 0 0 0 0 0 0 0 0 0 0 0 
541 9 0 0 0 0 0 0 0 0 0 0 0 
542 9 0 0 0 0 0 0 0 0 0 0 0 
543 9 0 0 0 0 0 0 0 0 0 0 0 
544 9 0 0 0 0 0 0 0 0 0 0 0 
545 9 0 0 0 0 0 0 0 0 0 0 0 
546 9 0 0 0 0 0 0 0 0 0 0 0 
547 9 0 0 0 0 0 0 0 0 0 0 0 
548 9 0 0 0 0 0 0 0 0 0 0 0 
549 9 0 0 0 0 0 0 0 0 0 0 0 
550 9 0 0 0 0 0 0 0 0 0 0 0 
551 9 0 0 0 0 0 0 0 0 0 0 0 
552 9 0 0 0 0 0 0 0 0 0 0 0 
553 9 0 0 0 0 0 0 0 0 0 0 0 
554 9 0 0 0 0 0 0 0 0 0 0 0 
555 9 0 0 0 0 0 0 0 0 0 0 0 
556 9 0 0 0 0 0 0 0 0 0 0 0 
557 9 0 0 0 0 0 0 0 0 0 0 0 
558 9 0 0 0 0 0 0 0 0 0 0 0 
559 9 0 0 0 0 0 0 0 0 0 0 0 
560 9 0 0 0 0 0 0 0 0 0 0 0 
561 9 0 0 0 0 0 0 0 0 0 0 0 
562 9 0 0 0 0 0 0 0 0 0 0 0 
563 9 0 0 0 0 0 0 0 0 0 0 0 
564 9 0 0 0 0 0 0 0 0 0 0 0 
565 9 0 0 0 0 0 0 0 0 0 0 0 
566 9 0 0 0 0 0 0 0 0 0 0 0 
567 9 0 0 0 0 0 0 0 0 0 0 0 
568 9 0 0 0 0 0 0 0 0 0 0 0 
569 9 0 0 0 0 0 0 0 0 0 0 0 
570 9 0 0 0 0 0 0 0 0 0 0 0 
571 9 0 0 0 0 0 0 0 0 0 0 0 
572 9 0 0 0 0 0 0 0 0 0 0 0 
573 9 0 0 0 0 0 0 0 0 0 0 0 
574 9 0 0 0 0 0 0 0 0 0 0 0 
575 9 0 0 0 0 0 0 0 0 0 0 0 
576 9 0 0 0 0 0 0 0 0 0 0 0 
577 9 0 0 0 0 0 0 0 0 0 0 0 
578 9 0 0 0 0 0 0 0 0 0 0 0 
579 9 0 0 0 0 0 0 0 0 0 0 0 
580 9 0 0 0 0 0 0 0 0 0 0 0 
581 9 0 0 0 0 0 0 0 0 0 0 0 
582 9 0 0 0 0 0 0 0 0 0 0 0 
583 9 0 0 0 0 0 0 0 0 0 0 0 
584 9 0 0 0 0 0 0 0 0 0 0 0 
585 9 0 0 0 0 0 0 0 0 0 0 0 
586 9 0 0 0 0 0 0 0 0 0 0 0 
587 9 0 0 0 0 0 0 0 0 0 0 0 
588 9 0 0 0 0 0 0 0 0 0 0 0 
589 9 0 0 0 0 0 0 0 0 0 0 0 
590 9 0 0 0 0 0 0 0 0 0 0 0 
591 9 0 0 0 0 0 0 0 0 0 0 0 
592 9 0 0 0 0 0 0 0 0 0 0 0 
593 9 0 0 0 0 0 0 0 0 0 0 0 
594 9 0 0 0 0 0 0 0 0 0 0 0 
595 9 0 0 0 0 0 0 0 0 0 0 0 
596 9 0 0 0 0 0 0 0 0 0 0 0 
597 9 0 0 0 0 0 0 0 0 0 0 0 
598 9 0 0 0 0 0 0 0 0 0 0 0 
599 9 0 0 0 0 0 0 0 0 0 0 0 
600 9 0 0 0 0 0 0 0 0 0 0 0 
601 9 10 0 0 0 0 0 0 0 0 0 0 
602 9 -1 20 3 20 12 42 34 4 13 32 -3693 
603 9 -1 0 31 0 0 25 36 0 0 16 100 
604 9 -1 4 7 8 8 24 46 18 1 32 4526 
605 9 -1 3 2 2 18 19 40 13 1 32 -958 
606 9 -1 9 0 0 0 41 31 0 0 11 -4 
607 9 0 0 0 0 0 0 0 0 0 0 0 
608 9 0 0 0 0 0 0 0 0 0 0 0 
609 9 0 0 0 0 0 0 0 0 0 0 0 
610 9 0 0 0 0 0 0 0 0 0 0 0 
611 9 0 0 0 0 0 0 0 0 0 0 0 
612 9 0 0 0 0 0 0 0 0 0 0 0 
613 9 0 0 0 0 0 0 0 0 0 0 0 
614 9 0 0 0 0 0 0 0 0 0 0 0 
615 9 0 0 0 0 0 0 0 0 0 0 0 
616 9 0 0 0 0 0 0 0 0 0 0 0 
617 9 0 0 0 0 0 0 0 0 0 0 0 
618 9 0 0 0 0 0 0 0 0 0 0 0 
619 9 0 0 0 0 0 0 0 0 0 0 0 
620 9 0 0 0 0 0 0 0 0 0 0 0 
621 9 0 0 0 0 0 0 0 0 0 0 0 
622 9 0 0 0 0 0 0 0 0 0 0 0 
623 9 0 0 0 0 0 0 0 0 0 0 0 
624 9 0 0 0 0 0 0 0 0 0 0 0 
625 9 0 0 0 0 0 0 0 0 0 0 0 
626 9 0 0 0 0 0 0 0 0 0 0 0 
627 9 0 0 0 0 0 0 0 0 0 0 0 
628 9 0 0 0 0 0 0 0 0 0 0 0 
629 9 0 0 0 0 0 0 0 0 0 0 0 
630 9 0 0 0 0 0 0 0 0 0 0 0 
631 9 0 0 0 0 0 0 0 0 0 0 0 
632 9 0 0 0 0 0 0 0 0 0 0 0 
633 9 0 0 0 0 0 0 0 0 0 0 0 
634 9 0 0 0 0 0 0 0 0 0 0 0 
635 9 0 0 0 0 0 0 0 0 0 0 0 
636 9 0 0 0 0 0 0 0 0 0 0 0 
637 9 0 0 0 0 0 0 0 0 0 0 0 
638 9 0 0 0 0 0 0 0 0 0 0 0 
639 9 0 0 0 0 0 0 0 0 0 0 0 
640 9 0 0 0 0 0 0 0 0 0 0 0 
641 9 0 0 0 0 0 0 0 0 0 0 0 
642 9 0 0 0 0 0 0 0 0 0 0 0 
643 9 25 0 0 0 0 0 0 0 0 0 0 
644 9 26 0 0 0 0 0 0 0 0 0 0 
645 9 0 0 0 0 0 0 0 0 0 0 0 
646 9 0 0 0 0 0 0 0 0 0 0 0 
647 9 0 0 0 0 0 0 0 0 0 0 0 
648 9 0 0 0 0 0 0 0 0 0 0 0 
649 9 0 0 0 0 0 0 0 0 0 0 0 
650 9 0 0 0 0 0 0 0 0 0 0 0 
651 9 0 0 0 0 0 0 0 0 0 0 0 
652 9 0 0 0 0 0 0 0 0 0 0 0 
653 9 30 0 0 0 0 0 0 0 0 0 0 
654 9 31 0 0 0 0 0 0 0 0 0 0 
655 9 0 0 0 0 0 0 0 0 0 0 0 
656 9 0 0 0 0 0 0 0 0 0 0 0 
657 9 0 0 0 0 0 0 0 0 0 0 0 
658 9 0 0 0 0 0 0 0 0 0 0 0 
659 9 33 0 0 0 0 0 0 0 0 0 0 
660 9 34 0 0 0 0 0 0 0 0 0 0 
661 9 35 0 0 0 0 0 0 0 0 0 0 
662 9 -1 23 34 0 0 36 20 0 0 18 -7 
663 9 0 0 0 0 0 0 0 0 0 0 0 
664 9 0 0 0 0 0 0 0 0 0 0 0 
665 9 0 0 0 0 0 0 0 0 0 0 0 
666 9 0 0 0 0 0 0 0 0 0 0 0 
667 9 0 0 0 0 0 0 0 0 0 0 0 
668 9 0 0 0 0 0 0 0 0 0 0 0 
669 9 0 0 0 0 0 0 0 0 0 0 0 
670 9 0 0 0 0 0 0 0 0 0 0 0 
671 9 0 0 0 0 0 0 0 0 0 0 0 
672 9 0 0 0 0 0 0 0 0 0 0 0 
673 9 0 0 0 0 0 0 0 0 0 0 0 
674 9 0 0 0 0 0 0 0 0 0 0 0 
675 9 0 0 0 0 0 0 0 0 0 0 0 
676 9 0 0 0 0 0 0 0 0 0 0 0 
677 9 0 0 0 0 0 0 0 0 0 0 0 
678 9 0 0 0 0 0 0 0 0 0 0 0 
679 9 0 0 0 0 0 0 0 0 0 0 0 
680 9 0 0 0 0 0 0 0 0 0 0 0 
681 9 0 0 0 0 0 0 0 0 0 0 0 
682 9 0 0 0 0 0 0 0 0 0 0 0 
683 9 0 0 0 0 0 0 0 0 0 0 0 
684 9 0 0 0 0 0 0 0 0 0 0 0 
685 9 0 0 0 0 0 0 0 0 0 0 0 
686 9 0 0 0 0 0 0 0 0 0 0 0 
687 9 0 0 0 0 0 0 0 0 0 0 0 
688 9 0 0 0 0 0 0 0 0 0 0 0 
689 9 0 0 0 0 0 0 0 0 0 0 0 
690 9 0 0 0 0 0 0 0 0 0 0 0 
691 9 0 0 0 0 0 0 0 0 0 0 0 
692 9 0 0 0 0 0 0 0 0 0 0 0 
693 9 0 0 0 0 0 0 0 0 0 0 0 
694 9 0 0 0 0 0 0 0 0 0 0 0 
695 9 0 0 0 0 0 0 0 0 0 0 0 
696 9 0 0 0 0 0 0 0 0 0 0 0 
697 9 0 0 0 0 0 0 0 0 0 0 0 
698 9 0 0 0 0 0 0 0 0 0 0 0 
699 9 0 0 0 0 0 0 0 0 0 0 0 
700 9 0 0 0 0 0 0 0 0 0 0 0 
701 9 0 0 0 0 0 0 0 0 0 0 0 
702 9 0 0 0 0 0 0 0 0 0 0 0 
703 9 0 0 0 0 0 0 0 0 0 0 0 
704 9 0 0 0 0 0 0 0 0 0 0 0 
705 9 0 0 0 0 0 0 0 0 0 0 0 
706 9 0 0 0 0 0 0 0 0 0 0 0 
707 9 0 0 0 0 0 0 0 0 0 0 0 
708 9 0 0 0 0 0 0 0 0 0 0 0 
709 9 0 0 0 0 0 0 0 0 0 0 0 
710 9 0 0 0 0 0 0 0 0 0 0 0 
711 9 0 0 0 0 0 0 0 0 0 0 0 
712 9 0 0 0 0 0 0 0 0 0 0 0 
713 9 0 0 0 0 0 0 0 0 0 0 0 
714 9 0 0 0 0 0 0 0 0 0 0 0 
715 9 0 0 0 0 0 0 0 0 0 0 0 
716 9 0 0 0 0 0 0 0 0 0 0 0 
717 9 0 0 0 0 0 0 0 0 0 0 0 
718 9 0 0 0 0 0 0 0 0 0 0 0 
719 9 0 0 0 0 0 0 0 0 0 0 0 
720 9 0 0 0 0 0 0 0 0 0 0 0 
721 9 0 0 0 0 0 0 0 0 0 0 0 
722 9 0 0 0 0 0 0 0 0 0 0 0 
723 9 0 0 0 0 0 0 0 0 0 0 0 
724 9 0 0 0 0 0 0 0 0 0 0 0 
725 9 0 0 0 0 0 0 0 0 0 0 0 
726 9 0 0 0 0 0 0 0 0 0 0 0 
727 9 0 0 0 0 0 0 0 0 0 0 0 
728 9 0 0 0 0 0 0 0 0 0 0 0 
729 9 0 0 0 0 0 0 0 0 0 0 0 
730 9 0 0 0 0 0 0 0 0 0 0 0 
731 9 0 0 0 0 0 0 0 0 0 0 0 
732 9 0 0 0 0 0 0 0 0 0 0 0 
733 9 0 0 0 0 0 0 0 0 0 0 0 
734 9 0 0 0 0 0 0 0 0 0 0 0 
735 9 0 0 0 0 0 0 0 0 0 0 0 
736 9 0 0 0 0 0 0 0 0 0 0 0 
737 9 0 0 0 0 0 0 0 0 0 0 0 
738 9 0 0 0 0 0 0 0 0 0 0 0 
739 9 0 0 0 0 0 0 0 0 0 0 0 
740 9 0 0 0 0 0 0 0 0 0 0 0 
741 9 0 0 0 0 0 0 0 0 0 0 0 
742 9 0 0 0 0 0 0 0 0 0 0 0 
743 9 0 0 0 0 0 0 0 0 0 0 0 
744 9 0 0 0 0 0 0 0 0 0 0 0 
745 9 0 0 0 0 0 0 0 0 0 0 0 
746 9 0 0 0 0 0 0 0 0 0 0 0 
747 9 0 0 0 0 0 0 0 0 0 0 0 
748 9 0 0 0 0 0 0 0 0 0 0 0 
749 9 0 0 0 0 0 0 0 0 0 0 0 
750 9 0 0 0 0 0 0 0 0 0 0 0 
751 9 0 0 0 0 0 0 0 0 0 0 0 
752 9 0 0 0 0 0 0 0 0 0 0 0 
753 9 0 0 0 0 0 0 0 0 0 0 0 
754 9 0 0 0 0 0 0 0 0 0 0 0 
755 9 0 0 0 0 0 0 0 0 0 0 0 
756 9 0 0 0 0 0 0 0 0 0 0 0 
757 9 0 0 0 0 0 0 0 0 0 0 0 
758 9 0 0 0 0 0 0 0 0 0 0 0 
759 9 0 0 0 0 0 0 0 0 0 0 0 
760 9 0 0 0 0 0 0 0 0 0 0 0 
761 9 0 0 0 0 0 0 0 0 0 0 0 
762 9 0 0 0 0 0 0 0 0 0 0 0 
763 9 0 0 0 0 0 0 0 0 0 0 0 
764 9 0 0 0 0 0 0 0 0 0 0 0 
765 9 0 0 0 0 0 0 0 0 0 0 0 
766 9 0 0 0 0 0 0 0 0 0 0 0 
767 9 0 0 0 0 0 0 0 0 0 0 0 
768 9 0 0 0 0 0 0 0 0 0 0 0 
769 9 0 0 0 0 0 0 0 0 0 0 0 
770 9 0 0 0 0 0 0 0 0 0 0 0 
771 9 0 0 0 0 0 0 0 0 0 0 0 
772 9 0 0 0 0 0 0 0 0 0 0 0 
773 9 0 0 0 0 0 0 0 0 0 0 0 
774 9 0 0 0 0 0 0 0 0 0 0 0 
775 9 0 0 0 0 0 0 0 0 0 0 0 
776 9 0 0 0 0 0 0 0 0 0 0 0 
777 9 0 0 0 0 0 0 0 0 0 0 0 
778 9 0 0 0 0 0 0 0 0 0 0 0 
779 9 0 0 0 0 0 0 0 0 0 0 0 
780 9 0 0 0 0 0 0 0 0 0 0 0 
781 9 0 0 0 0 0 0 0 0 0 0 0 
782 9 0 0 0 0 0 0 0 0 0 0 0 
783 9 0 0 0 0 0 0 0 0 0 0 0 
784 9 0 0 0 0 0 0 0 0 0 0 0 
785 9 0 0 0 0 0 0 0 0 0 0 0 
786 9 0 0 0 0 0 0 0 0 0 0 0 
787 9 0 0 0 0 0 0 0 0 0 0 0 
788 9 0 0 0 0 0 0 0 0 0 0 0 
789 9 0 0 0 0 0 0 0 0 0 0 0 
790 9 0 0 0 0 0 0 0 0 0 0 0 
791 9 0 0 0 0 0 0 0 0 0 0 0 
792 9 0 0 0 0 0 0 0 0 0 0 0 
793 9 0 0 0 0 0 0 0 0 0 0 0 
794 9 0 0 0 0 0 0 0 0 0 0 0 
795 9 0 0 0 0 0 0 0 0 0 0 0 
796 9 0 0 0 0 0 0 0 0 0 0 0 
797 9 0 0 0 0 0 0 0 0 0 0 0 
798 9 0 0 0 0 0 0 0 0 0 0 0 
799 9 0 0 0 0 0 0 0 0 0 0 0 
800 9 0 0 0 0 0 0 0 0 0 0 0 
801 9 0 0 0 0 0 0 0 0 0 0 0 
802 9 0 0 0 0 0 0 0 0 0 0 0 
803 9 0 0 0 0 0 0 0 0 0 0 0 
804 9 0 0 0 0 0 0 0 0 0 0 0 
805 9 0 0 0 0 0 0 0 0 0 0 0 
806 9 0 0 0 0 0 0 0 0 0 0 0 
807 9 0 0 0 0 0 0 0 0 0 0 0 
808 9 0 0 0 0 0 0 0 0 0 0 0 
809 9 0 0 0 0 0 0 0 0 0 0 0 
810 9 0 0 0 0 0 0 0 0 0 0 0 
811 9 0 0 0 0 0 0 0 0 0 0 0 
812 9 0 0 0 0 0 0 0 0 0 0 0 
813 9 0 0 0 0 0 0 0 0 0 0 0 
814 9 0 0 0 0 0 0 0 0 0 0 0 
815 9 0 0 0 0 0 0 0 0 0 0 0 
816 9 0 0 0 0 0 0 0 0 0 0 0 
817 9 0 0 0 0 0 0 0 0 0 0 0 
818 9 0 0 0 0 0 0 0 0 0 0 0 
819 9 0 0 0 0 0 0 0 0 0 0 0 
820 9 0 0 0 0 0 0 0 0 0 0 0 
821 9 0 0 0 0 0 0 0 0 0 0 0 
822 9 0 0 0 0 0 0 0 0 0 0 0 
823 9 0 0 0 0 0 0 0 0 0 0 0 
824 9 0 0 0 0 0 0 0 0 0 0 0 
825 9 0 0 0 0 0 0 0 0 0 0 0 
826 9 0 0 0 0 0 0 0 0 0 0 0 
827 9 0 0 0 0 0 0 0 0 0 0 0 
828 9 0 0 0 0 0 0 0 0 0 0 0 
829 9 0 0 0 0 0 0 0 0 0 0 0 
830 9 0 0 0 0 0 0 0 0 0 0 0 
831 9 0 0 0 0 0 0 0 0 0 0 0 
832 9 0 0 0 0 0 0 0 0 0 0 0 
833 9 0 0 0 0 0 0 0 0 0 0 0 
834 9 0 0 0 0 0 0 0 0 0 0 0 
835 9 0 0 0 0 0 0 0 0 0 0 0 
836 9 0 0 0 0 0 0 0 0 0 0 0 
837 9 0 0 0 0 0 0 0 0 0 0 0 
838 9 0 0 0 0 0 0 0 0 0 0 0 
839 9 54 0 0 0 0 0 0 0 0 0 0 
840 9 55 0 0 0 0 0 0 0 0 0 0 
841 9 0 0 0 0 0 0 0 0 0 0 0 
842 9 0 0 0 0 0 0 0 0 0 0 0 
843 9 0 0 0 0 0 0 0 0 0 0 0 
844 9 0 0 0 0 0 0 0 0 0 0 0 
845 9 -1 18 5 13 2 34 12 8 19 32 -4450 
846 9 -1 21 1 16 15 45 21 1 12 32 88 
847 9 0 0 0 0 0 0 0 0 0 0 0 
848 9 0 0 0 0 0 0 0 0 0 0 0 
849 9 0 0 0 0 0 0 0 0 0 0 0 
850 9 0 0 0 0 0 0 0 0 0 0 0 
851 9 0 0 0 0 0 0 0 0 0 0 0 
852 9 0 0 0 0 0 0 0 0 0 0 0 
853 9 0 0 0 0 0 0 0 0 0 0 0 
854 9 0 0 0 0 0 0 0 0 0 0 0 
855 9 64 0 0 0 0 0 0 0 0 0 0 
856 9 -1 16 42 0 0 34 2 0 0 4 -43 
857 9 67 0 0 0 0 0 0 0 0 0 0 
858 9 -1 14 4 10 12 45 38 2 5 32 -6 
859 9 70 0 0 0 0 0 0 0 0 0 0 
860 9 -1 1 25 0 0 28 4 0 0 4 -12 
861 9 0 0 0 0 0 0 0 0 0 0 0 
862 9 0 0 0 0 0 0 0 0 0 0 0 
863 9 0 0 0 0 0 0 0 0 0 0 0 
864 9 0 0 0 0 0 0 0 0 0 0 0 
865 9 0 0 0 0 0 0 0 0 0 0 0 
866 9 0 0 0 0 0 0 0 0 0 0 0 
867 9 0 0 0 0 0 0 0 0 0 0 0 
868 9 0 0 0 0 0 0 0 0 0 0 0 
869 9 0 0 0 0 0 0 0 0 0 0 0 
870 9 0 0 0 0 0 0 0 0 0 0 0 
871 9 0 0 0 0 0 0 0 0 0 0 0 
872 9 0 0 0 0 0 0 0 0 0 0 0 
873 9 0 0 0 0 0 0 0 0 0 0 0 
874 9 0 0 0 0 0 0 0 0 0 0 0 
875 9 0 0 0 0 0 0 0 0 0 0 0 
876 9 0 0 0 0 0 0 0 0 0 0 0 
877 9 0 0 0 0 0 0 0 0 0 0 0 
878 9 0 0 0 0 0 0 0 0 0 0 0 
879 9 0 0 0 0 0 0 0 0 0 0 0 
880 9 0 0 0 0 0 0 0 0 0 0 0 
881 9 0 0 0 0 0 0 0 0 0 0 0 
882 9 0 0 0 0 0 0 0 0 0 0 0 
883 9 0 0 0 0 0 0 0 0 0 0 0 
884 9 0 0 0 0 0 0 0 0 0 0 0 
885 9 0 0 0 0 0 0 0 0 0 0 0 
886 9 0 0 0 0 0 0 0 0 0 0 0 
887 9 0 0 0 0 0 0 0 0 0 0 0 
888 9 0 0 0 0 0 0 0 0 0 0 0 
889 9 0 0 0 0 0 0 0 0 0 0 0 
890 9 0 0 0 0 0 0 0 0 0 0 0 
891 9 0 0 0 0 0 0 0 0 0 0 0 
892 9 0 0 0 0 0 0 0 0 0 0 0 
893 9 0 0 0 0 0 0 0 0 0 0 0 
894 9 0 0 0 0 0 0 0 0 0 0 0 
895 9 0 0 0 0 0 0 0 0 0 0 0 
896 9 0 0 0 0 0 0 0 0 0 0 0 
897 9 77 0 0 0 0 0 0 0 0 0 0 
898 9 78 0 0 0 0 0 0 0 0 0 0 
899 9 0 0 0 0 0 0 0 0 0 0 0 
900 9 0 0 0 0 0 0 0 0 0 0 0 
901 9 0 0 0 0 0 0 0 0 0 0 0 
902 9 0 0 0 0 0 0 0 0 0 0 0 
903 9 0 0 0 0 0 0 0 0 0 0 0 
904 9 0 0 0 0 0 0 0 0 0 0 0 
905 9 0 0 0 0 0 0 0 0 0 0 0 
906 9 0 0 0 0 0 0 0 0 0 0 0 
907 9 0 0 0 0 0 0 0 0 0 0 0 
908 9 0 0 0 0 0 0 0 0 0 0 0 
909 9 0 0 0 0 0 0 0 0 0 0 0 
910 9 0 0 0 0 0 0 0 0 0 0 0 
911 9 0 0 0 0 0 0 0 0 0 0 0 
912 9 0 0 0 0 0 0 0 0 0 0 0 
913 9 0 0 0 0 0 0 0 0 0 0 0 
914 9 0 0 0 0 0 0 0 0 0 0 0 
915 9 0 0 0 0 0 0 0 0 0 0 0 
916 9 0 0 0 0 0 0 0 0 0 0 0 
917 9 0 0 0 0 0 0 0 0 0 0 0 
918 9 0 0 0 0 0 0 0 0 0 0 0 
919 9 0 0 0 0 0 0 0 0 0 0 0 
920 9 0 0 0 0 0 0 0 0 0 0 0 
921 9 0 0 0 0 0 0 0 0 0 0 0 
922 9 0 0 0 0 0 0 0 0 0 0 0 
923 9 0 0 0 0 0 0 0 0 0 0 0 
924 9 0 0 0 0 0 0 0 0 0 0 0 
925 9 0 0 0 0 0 0 0 0 0 0 0 
926 9 0 0 0 0 0 0 0 0 0 0 0 
927 9 0 0 0 0 0 0 0 0 0 0 0 
928 9 0 0 0 0 0 0 0 0 0 0 0 
929 9 0 0 0 0 0 0 0 0 0 0 0 
930 9 0 0 0 0 0 0 0 0 0 0 0 
931 9 0 0 0 0 0 0 0 0 0 0 0 
932 9 0 0 0 0 0 0 0 0 0 0 0 
933 9 0 0 0 0 0 0 0 0 0 0 0 
934 9 0 0 0 0 0 0 0 0 0 0 0 
935 9 0 0 0 0 0 0 0 0 0 0 0 
936 9 0 0 0 0 0 0 0 0 0 0 0 
937 9 0 0 0 0 0 0 0 0 0 0 0 
938 9 0 0 0 0 0 0 0 0 0 0 0 
939 9 0 0 0 0 0 0 0 0 0 0 0 
940 9 0 0 0 0 0 0 0 0 0 0 0 
941 9 0 0 0 0 0 0 0 0 0 0 0 
942 9 0 0 0 0 0 0 0 0 0 0 0 
943 9 0 0 0 0 0 0 0 0 0 0 0 
944 9 0 0 0 0 0 0 0 0 0 0 0 
945 9 0 0 0 0 0 0 0 0 0 0 0 
946 9 0 0 0 0 0 0 0 0 0 0 0 
947 9 0 0 0 0 0 0 0 0 0 0 0 
948 9 0 0 0 0 0 0 0 0 0 0 0 
949 9 0 0 0 0 0 0 0 0 0 0 0 
950 9 0 0 0 0 0 0 0 0 0 0 0 
951 9 0 0 0 0 0 0 0 0 0 0 0 
952 9 0 0 0 0 0 0 0 0 0 0 0 
953 9 0 0 0 0 0 0 0 0 0 0 0 
954 9 0 0 0 0 0 0 0 0 0 0 0 
955 9 0 0 0 0 0 0 0 0 0 0 0 
956 9 0 0 0 0 0 0 0 0 0 0 0 
957 9 0 0 0 0 0 0 0 0 0 0 0 
958 9 0 0 0 0 0 0 0 0 0 0 0 
959 9 -1 19 19 0 0 7 37 0 0 1 -5 
960 9 -1 28 23 0 0 45 0 0 0 0 -10 
961 9 90 0 0 0 0 0 0 0 0 0 0 
962 9 91 0 0 0 0 0 0 0 0 0 0 
963 9 92 0 0 0 0 0 0 0 0 0 0 
964 9 -1 22 22 18 5 45 30 1 12 32 3605 
965 9 -1 6 8 12 0 45 28 2 6 32 -400 
966 9 -1 32 26 0 0 20 15 0 0 17 1 
967 9 99 0 0 0 0 0 0 0 0 0 0 
968 9 -1 29 35 0 0 19 19 0 0 7 -11 
969 9 -1 3 21 0 0 14 16 0 0 0 -54 
970 9 104 0 0 0 0 0 0 0 0 0 0 
971 9 0 0 0 0 0 0 0 0 0 0 0 
972 9 0 0 0 0 0 0 0 0 0 0 0 
973 9 106 0 0 0 0 0 0 0 0 0 0 
974 9 107 0 0 0 0 0 0 0 0 0 0 
975 9 -1 33 39 0 0 4 45 0 0 22 0 
976 9 -1 20 9 20 11 41 31 4 6 32 6436 
977 9 0 0 0 0 0 0 0 0 0 0 0 
978 9 0 0 0 0 0 0 0 0 0 0 0 
979 9 0 0 0 0 0 0 0 0 0 0 0 
980 9 0 0 0 0 0 0 0 0 0 0 0 
981 9 0 0 0 0 0 0 0 0 0 0 0 
982 9 0 0 0 0 0 0 0 0 0 0 0 
983 9 0 0 0 0 0 0 0 0 0 0 0 
984 9 0 0 0 0 0 0 0 0 0 0 0 
985 9 0 0 0 0 0 0 0 0 0 0 0 
986 9 0 0 0 0 0 0 0 0 0 0 0 
987 9 -1 22 5 18 3 46 31 1 10 32 840 
988 9 -1 11 11 8 20 32 43 4 1 32 4990 
989 9 -1 9 10 7 7 37 44 5 1 32 1320 
990 9 -1 21 3 0 0 37 18 0 0 1 19 
991 9 0 0 0 0 0 0 0 0 0 0 0 
992 9 0 0 0 0 0 0 0 0 0 0 0 
993 9 0 0 0 0 0 0 0 0 0 0 0 
994 9 0 0 0 0 0 0 0 0 0 0 0 
995 9 0 0 0 0 0 0 0 0 0 0 0 
996 9 0 0 0 0 0 0 0 0 0 0 0 
997 9 0 0 0 0 0 0 0 0 0 0 0 
998 9 0 0 0 0 0 0 0 0 0 0 0 
999 9 0 0 0 0 0 0 0 0 0 0 0 
1000 9 0 0 0 0 0 0 0 0 0 0 0 
1001 9 0 0 0 0 0 0 0 0 0 0 0 
1002 9 0 0 0 0 0 0 0 0 0 0 0 
1003 9 0 0 0 0 0 0 0 0 0 0 0 
1004 9 0 0 0 0 0 0 0 0 0 0 0 
1005 9 0 0 0 0 0 0 0 0 0 0 0 
1006 9 0 0 0 0 0 0 0 0 0 0 0 
1007 9 0 0 0 0 0 0 0 0 0 0 0 
1008 9 0 0 0 0 0 0 0 0 0 0 0 
1009 9 0 0 0 0 0 0 0 0 0 0 0 
1010 9 0 0 0 0 0 0 0 0 0 0 0 
1011 9 0 0 0 0 0 0 0 0 0 0 0 
1012 9 0 0 0 0 0 0 0 0 0 0 0 
1013 9 0 0 0 0 0 0 0 0 0 0 0 
1014 9 0 0 0 0 0 0 0 0 0 0 0 
1015 9 0 0 0 0 0 0 0 0 0 0 0 
1016 9 0 0 0 0 0 0 0 0 0 0 0 
1017 9 0 0 0 0 0 0 0 0 0 0 0 
1018 9 0 0 0 0 0 0 0 0 0 0 0 
1019 9 0 0 0 0 0 0 0 0 0 0 0 
1020 9 0 0 0 0 0 0 0 0 0 0 0 
1021 9 0 0 0 0 0 0 0 0 0 0 0 
1022 9 0 0 0 0 0 0 0 0 0 0 0 
1023 10 0 0 0 0 0 0 0 0 0 0 0 
1024 10 0 0 0 0 0 0 0 0 0 0 0 
1025 10 0 0 0 0 0 0 0 0 0 0 0 
1026 10 0 0 0 0 0 0 0 0 0 0 0 
1027 10 0 0 0 0 0 0 0 0 0 0 0 
1028 10 0 0 0 0 0 0 0 0 0 0 0 
1029 10 0 0 0 0 0 0 0 0 0 0 0 
1030 10 0 0 0 0 0 0 0 0 0 0 0 
1031 10 0 0 0 0 0 0 0 0 0 0 0 
1032 10 0 0 0 0 0 0 0 0 0 0 0 
1033 10 0 0 0 0 0 0 0 0 0 0 0 
1034 10 0 0 0 0 0 0 0 0 0 0 0 
1035 10 0 0 0 0 0 0 0 0 0 0 0 
1036 10 0 0 0 0 0 0 0 0 0 0 0 
1037 10 0 0 0 0 0 0 0 0 0 0 0 
1038 10 0 0 0 0 0 0 0 0 0 0 0 
1039 10 0 0 0 0 0 0 0 0 0 0 0 
1040 10 0 0 0 0 0 0 0 0 0 0 0 
1041 10 0 0 0 0 0 0 0 0 0 0 0 
1042 10 0 0 0 0 0 0 0 0 0 0 0 
1043 10 0 0 0 0 0 0 0 0 0 0 0 
1044 10 0 0 0 0 0 0 0 0 0 0 0 
1045 10 0 0 0 0 0 0 0 0 0 0 0 
1046 10 0 0 0 0 0 0 0 0 0 0 0 
1047 10 0 0 0 0 0 0 0 0 0 0 0 
1048 10 0 0 0 0 0 0 0 0 0 0 0 
1049 10 0 0 0 0 0 0 0 0 0 0 0 
1050 10 0 0 0 0 0 0 0 0 0 0 0 
1051 10 0 0 0 0 0 0 0 0 0 0 0 
1052 10 0 0 0 0 0 0 0 0 0 0 0 
1053 10 0 0 0 0 0 0 0 0 0 0 0 
1054 10 0 0 0 0 0 0 0 0 0 0 0 
1055 10 0 0 0 0 0 0 0 0 0 0 0 
1056 10 0 0 0 0 0 0 0 0 0 0 0 
1057 10 0 0 0 0 0 0 0 0 0 0 0 
1058 10 0 0 0 0 0 0 0 0 0 0 0 
1059 10 0 0 0 0 0 0 0 0 0 0 0 
1060 10 0 0 0 0 0 0 0 0 0 0 0 
1061 10 0 0 0 0 0 0 0 0 0 0 0 
1062 10 0 0 0 0 0 0 0 0 0 0 0 
1063 10 0 0 0 0 0 0 0 0 0 0 0 
1064 10 0 0 0 0 0 0 0 0 0 0 0 
1065 10 0 0 0 0 0 0 0 0 0 0 0 
1066 10 0 0 0 0 0 0 0 0 0 0 0 
1067 10 0 0 0 0 0 0 0 0 0 0 0 
1068 10 0 0 0 0 0 0 0 0 0 0 0 
1069 10 0 0 0 0 0 0 0 0 0 0 0 
1070 10 0 0 0 0 0 0 0 0 0 0 0 
1071 10 0 0 0 0 0 0 0 0 0 0 0 
1072 10 0 0 0 0 0 0 0 0 0 0 0 
1073 10 0 0 0 0 0 0 0 0 0 0 0 
1074 10 0 0 0 0 0 0 0 0 0 0 0 
1075 10 0 0 0 0 0 0 0 0 0 0 0 
1076 10 0 0 0 0 0 0 0 0 0 0 0 
1077 10 0 0 0 0 0 0 0 0 0 0 0 
1078 10 0 0 0 0 0 0 0 0 0 0 0 
1079 10 0 0 0 0 0 0 0 0 0 0 0 
1080 10 0 0 0 0 0 0 0 0 0 0 0 
1081 10 0 0 0 0 0 0 0 0 0 0 0 
1082 10 0 0 0 0 0 0 0 0 0 0 0 
1083 10 0 0 0 0 0 0 0 0 0 0 0 
1084 10 0 0 0 0 0 0 0 0 0 0 0 
1085 10 0 0 0 0 0 0 0 0 0 0 0 
1086 10 0 0 0 0 0 0 0 0 0 0 0 
1087 10 0 0 0 0 0 0 0 0 0 0 0 
1088 10 0 0 0 0 0 0 0 0 0 0 0 
1089 10 0 0 0 0 0 0 0 0 0 0 0 
1090 10 0 0 0 0 0 0 0 0 0 0 0 
1091 10 0 0 0 0 0 0 0 0 0 0 0 
1092 10 0 0 0 0 0 0 0 0 0 0 0 
1093 10 0 0 0 0 0 0 0 0 0 0 0 
1094 10 0 0 0 0 0 0 0 0 0 0 0 
1095 10 0 0 0 0 0 0 0 0 0 0 0 
1096 10 0 0 0 0 0 0 0 0 0 0 0 
1097 10 0 0 0 0 0 0 0 0 0 0 0 
1098 10 0 0 0 0 0 0 0 0 0 0 0 
1099 10 0 0 0 0 0 0 0 0 0 0 0 
1100 10 0 0 0 0 0 0 0 0 0 0 0 
1101 10 0 0 0 0 0 0 0 0 0 0 0 
1102 10 0 0 0 0 0 0 0 0 0 0 0 
1103 10 0 0 0 0 0 0 0 0 0 0 0 
1104 10 0 0 0 0 0 0 0 0 0 0 0 
1105 10 0 0 0 0 0 0 0 0 0 0 0 
1106 10 0 0 0 0 0 0 0 0 0 0 0 
1107 10 0 0 0 0 0 0 0 0 0 0 0 
1108 10 0 0 0 0 0 0 0 0 0 0 0 
1109 10 0 0 0 0 0 0 0 0 0 0 0 
1110 10 0 0 0 0 0 0 0 0 0 0 0 
1111 10 0 0 0 0 0 0 0 0 0 0 0 
1112 10 0 0 0 0 0 0 0 0 0 0 0 
1113 10 0 0 0 0 0 0 0 0 0 0 0 
1114 10 0 0 0 0 0 0 0 0 0 0 0 
1115 10 0 0 0 0 0 0 0 0 0 0 0 
1116 10 0 0 0 0 0 0 0 0 0 0 0 
1117 10 0 0 0 0 0 0 0 0 0 0 0 
1118 10 0 0 0 0 0 0 0 0 0 0 0 
1119 10 0 0 0 0 0 0 0 0 0 0 0 
1120 10 0 0 0 0 0 0 0 0 0 0 0 
1121 10 0 0 0 0 0 0 0 0 0 0 0 
1122 10 0 0 0 0 0 0 0 0 0 0 0 
1123 10 0 0 0 0 0 0 0 0 0 0 0 
1124 10 0 0 0 0 0 0 0 0 0 0 0 
1125 10 0 0 0 0 0 0 0 0 0 0 0 
1126 10 0 0 0 0 0 0 0 0 0 0 0 
1127 10 0 0 0 0 0 0 0 0 0 0 0 
1128 10 0 0 0 0 0 0 0 0 0 0 0 
1129 10 0 0 0 0 0 0 0 0 0 0 0 
1130 10 0 0 0 0 0 0 0 0 0 0 0 
1131 10 0 0 0 0 0 0 0 0 0 0 0 
1132 10 0 0 0 0 0 0 0 0 0 0 0 
1133 10 0 0 0 0 0 0 0 0 0 0 0 
1134 10 0 0 0 0 0 0 0 0 0 0 0 
1135 10 0 0 0 0 0 0 0 0 0 0 0 
1136 10 0 0 0 0 0 0 0 0 0 0 0 
1137 10 0 0 0 0 0 0 0 0 0 0 0 
1138 10 0 0 0 0 0 0 0 0 0 0 0 
1139 10 0 0 0 0 0 0 0 0 0 0 0 
1140 10 0 0 0 0 0 0 0 0 0 0 0 
1141 10 0 0 0 0 0 0 0 0 0 0 0 
1142 10 0 0 0 0 0 0 0 0 0 0 0 
1143 10 0 0 0 0 0 0 0 0 0 0 0 
1144 10 0 0 0 0 0 0 0 0 0 0 0 
1145 10 0 0 0 0 0 0 0 0 0 0 0 
1146 10 0 0 0 0 0 0 0 0 0 0 0 
1147 10 0 0 0 0 0 0 0 0 0 0 0 
1148 10 0 0 0 0 0 0 0 0 0 0 0 
1149 10 0 0 0 0 0 0 0 0 0 0 0 
1150 10 0 0 0 0 0 0 0 0 0 0 0 
1151 10 0 0 0 0 0 0 0 0 0 0 0 
1152 10 0 0 0 0 0 0 0 0 0 0 0 
1153 10 0 0 0 0 0 0 0 0 0 0 0 
1154 10 0 0 0 0 0 0 0 0 0 0 0 
1155 10 0 0 0 0 0 0 0 0 0 0 0 
1156 10 0 0 0 0 0 0 0 0 0 0 0 
1157 10 0 0 0 0 0 0 0 0 0 0 0 
1158 10 0 0 0 0 0 0 0 0 0 0 0 
1159 10 0 0 0 0 0 0 0 0 0 0 0 
1160 10 0 0 0 0 0 0 0 0 0 0 0 
1161 10 0 0 0 0 0 0 0 0 0 0 0 
1162 10 0 0 0 0 0 0 0 0 0 0 0 
1163 10 0 0 0 0 0 0 0 0 0 0 0 
1164 10 0 0 0 0 0 0 0 0 0 0 0 
1165 10 0 0 0 0 0 0 0 0 0 0 0 
1166 10 0 0 0 0 0 0 0 0 0 0 0 
1167 10 0 0 0 0 0 0 0 0 0 0 0 
1168 10 0 0 0 0 0 0 0 0 0 0 0 
1169 10 0 0 0 0 0 0 0 0 0 0 0 
1170 10 0 0 0 0 0 0 0 0 0 0 0 
1171 10 0 0 0 0 0 0 0 0 0 0 0 
1172 10 0 0 0 0 0 0 0 0 0 0 0 
1173 10 0 0 0 0 0 0 0 0 0 0 0 
1174 10 0 0 0 0 0 0 0 0 0 0 0 
1175 10 0 0 0 0 0 0 0 0 0 0 0 
1176 10 0 0 0 0 0 0 0 0 0 0 0 
1177 10 0 0 0 0 0 0 0 0 0 0 0 
1178 10 0 0 0 0 0 0 0 0 0 0 0 
1179 10 0 0 0 0 0 0 0 0 0 0 0 
1180 10 0 0 0 0 0 0 0 0 0 0 0 
1181 10 0 0 0 0 0 0 0 0 0 0 0 
1182 10 0 0 0 0 0 0 0 0 0 0 0 
1183 10 0 0 0 0 0 0 0 0 0 0 0 
1184 10 0 0 0 0 0 0 0 0 0 0 0 
1185 10 0 0 0 0 0 0 0 0 0 0 0 
1186 10 0 0 0 0 0 0 0 0 0 0 0 
1187 10 0 0 0 0 0 0 0 0 0 0 0 
1188 10 0 0 0 0 0 0 0 0 0 0 0 
1189 10 0 0 0 0 0 0 0 0 0 0 0 
1190 10 0 0 0 0 0 0 0 0 0 0 0 
1191 10 0 0 0 0 0 0 0 0 0 0 0 
1192 10 0 0 0 0 0 0 0 0 0 0 0 
1193 10 0 0 0 0 0 0 0 0 0 0 0 
1194 10 0 0 0 0 0 0 0 0 0 0 0 
1195 10 0 0 0 0 0 0 0 0 0 0 0 
1196 10 0 0 0 0 0 0 0 0 0 0 0 
1197 10 0 0 0 0 0 0 0 0 0 0 0 
1198 10 0 0 0 0 0 0 0 0 0 0 0 
1199 10 0 0 0 0 0 0 0 0 0 0 0 
1200 10 0 0 0 0 0 0 0 0 0 0 0 
1201 10 0 0 0 0 0 0 0 0 0 0 0 
1202 10 0 0 0 0 0 0 0 0 0 0 0 
1203 10 0 0 0 0 0 0 0 0 0 0 0 
1204 10 0 0 0 0 0 0 0 0 0 0 0 
1205 10 11 0 0 0 0 0 0 0 0 0 0 
1206 10 12 0 0 0 0 0 0 0 0 0 0 
1207 10 13 0 0 0 0 0 0 0 0 0 0 
1208 10 14 0 0 0 0 0 0 0 0 0 0 
1209 10 15 0 0 0 0 0 0 0 0 0 0 
1210 10 16 0 0 0 0 0 0 0 0 0 0 
1211 10 17 0 0 0 0 0 0 0 0 0 0 
1212 10 18 0 0 0 0 0 0 0 0 0 0 
1213 10 19 0 0 0 0 0 0 0 0 0 0 
1214 10 20 0 0 0 0 0 0 0 0 0 0 
1215 10 0 0 0 0 0 0 0 0 0 0 0 
1216 10 0 0 0 0 0 0 0 0 0 0 0 
1217 10 0 0 0 0 0 0 0 0 0 0 0 
1218 10 0 0 0 0 0 0 0 0 0 0 0 
1219 10 0 0 0 0 0 0 0 0 0 0 0 
1220 10 0 0 0 0 0 0 0 0 0 0 0 
1221 10 0 0 0 0 0 0 0 0 0 0 0 
1222 10 0 0 0 0 0 0 0 0 0 0 0 
1223 10 0 0 0 0 0 0 0 0 0 0 0 
1224 10 0 0 0 0 0 0 0 0 0 0 0 
1225 10 0 0 0 0 0 0 0 0 0 0 0 
1226 10 0 0 0 0 0 0 0 0 0 0 0 
1227 10 0 0 0 0 0 0 0 0 0 0 0 
1228 10 0 0 0 0 0 0 0 0 0 0 0 
1229 10 0 0 0 0 0 0 0 0 0 0 0 
1230 10 0 0 0 0 0 0 0 0 0 0 0 
1231 10 0 0 0 0 0 0 0 0 0 0 0 
1232 10 0 0 0 0 0 0 0 0 0 0 0 
1233 10 0 0 0 0 0 0 0 0 0 0 0 
1234 10 0 0 0 0 0 0 0 0 0 0 0 
1235 10 0 0 0 0 0 0 0 0 0 0 0 
1236 10 0 0 0 0 0 0 0 0 0 0 0 
1237 10 0 0 0 0 0 0 0 0 0 0 0 
1238 10 0 0 0 0 0 0 0 0 0 0 0 
1239 10 0 0 0 0 0 0 0 0 0 0 0 
1240 10 0 0 0 0 0 0 0 0 0 0 0 
1241 10 0 0 0 0 0 0 0 0 0 0 0 
1242 10 0 0 0 0 0 0 0 0 0 0 0 
1243 10 0 0 0 0 0 0 0 0 0 0 0 
1244 10 0 0 0 0 0 0 0 0 0 0 0 
1245 10 0 0 0 0 0 0 0 0 0 0 0 
1246 10 0 0 0 0 0 0 0 0 0 0 0 
1247 10 0 0 0 0 0 0 0 0 0 0 0 
1248 10 0 0 0 0 0 0 0 0 0 0 0 
1249 10 0 0 0 0 0 0 0 0 0 0 0 
1250 10 0 0 0 0 0 0 0 0 0 0 0 
1251 10 0 0 0 0 0 0 0 0 0 0 0 
1252 10 0 0 0 0 0 0 0 0 0 0 0 
1253 10 0 0 0 0 0 0 0 0 0 0 0 
1254 10 0 0 0 0 0 0 0 0 0 0 0 
1255 10 0 0 0 0 0 0 0 0 0 0 0 
1256 10 0 0 0 0 0 0 0 0 0 0 0 
1257 10 0 0 0 0 0 0 0 0 0 0 0 
1258 10 0 0 0 0 0 0 0 0 0 0 0 
1259 10 0 0 0 0 0 0 0 0 0 0 0 
1260 10 0 0 0 0 0 0 0 0 0 0 0 
1261 10 0 0 0 0 0 0 0 0 0 0 0 
1262 10 0 0 0 0 0 0 0 0 0 0 0 
1263 10 0 0 0 0 0 0 0 0 0 0 0 
1264 10 0 0 0 0 0 0 0 0 0 0 0 
1265 10 0 0 0 0 0 0 0 0 0 0 0 
1266 10 0 0 0 0 0 0 0 0 0 0 0 
1267 10 0 0 0 0 0 0 0 0 0 0 0 
1268 10 0 0 0 0 0 0 0 0 0 0 0 
1269 10 0 0 0 0 0 0 0 0 0 0 0 
1270 10 0 0 0 0 0 0 0 0 0 0 0 
1271 10 0 0 0 0 0 0 0 0 0 0 0 
1272 10 0 0 0 0 0 0 0 0 0 0 0 
1273 10 0 0 0 0 0 0 0 0 0 0 0 
1274 10 0 0 0 0 0 0 0 0 0 0 0 
1275 10 0 0 0 0 0 0 0 0 0 0 0 
1276 10 0 0 0 0 0 0 0 0 0 0 0 
1277 10 0 0 0 0 0 0 0 0 0 0 0 
1278 10 0 0 0 0 0 0 0 0 0 0 0 
1279 10 0 0 0 0 0 0 0 0 0 0 0 
1280 10 0 0 0 0 0 0 0 0 0 0 0 
1281 10 0 0 0 0 0 0 0 0 0 0 0 
1282 10 0 0 0 0 0 0 0 0 0 0 0 
1283 10 0 0 0 0 0 0 0 0 0 0 0 
1284 10 0 0 0 0 0 0 0 0 0 0 0 
1285 10 0 0 0 0 0 0 0 0 0 0 0 
1286 10 0 0 0 0 0 0 0 0 0 0 0 
1287 10 0 0 0 0 0 0 0 0 0 0 0 
1288 10 0 0 0 0 0 0 0 0 0 0 0 
1289 10 0 0 0 0 0 0 0 0 0 0 0 
1290 10 0 0 0 0 0 0 0 0 0 0 0 
1291 10 0 0 0 0 0 0 0 0 0 0 0 
1292 10 0 0 0 0 0 0 0 0 0 0 0 
1293 10 0 0 0 0 0 0 0 0 0 0 0 
1294 10 0 0 0 0 0 0 0 0 0 0 0 
1295 10 0 0 0 0 0 0 0 0 0 0 0 
1296 10 0 0 0 0 0 0 0 0 0 0 0 
1297 10 0 0 0 0 0 0 0 0 0 0 0 
1298 10 0 0 0 0 0 0 0 0 0 0 0 
1299 10 0 0 0 0 0 0 0 0 0 0 0 
1300 10 0 0 0 0 0 0 0 0 0 0 0 
1301 10 0 0 0 0 0 0 0 0 0 0 0 
1302 10 0 0 0 0 0 0 0 0 0 0 0 
1303 10 0 0 0 0 0 0 0 0 0 0 0 
1304 10 0 0 0 0 0 0 0 0 0 0 0 
1305 10 0 0 0 0 0 0 0 0 0 0 0 
1306 10 0 0 0 0 0 0 0 0 0 0 0 
1307 10 0 0 0 0 0 0 0 0 0 0 0 
1308 10 0 0 0 0 0 0 0 0 0 0 0 
1309 10 0 0 0 0 0 0 0 0 0 0 0 
1310 10 0 0 0 0 0 0 0 0 0 0 0 
1311 10 0 0 0 0 0 0 0 0 0 0 0 
1312 10 0 0 0 0 0 0 0 0 0 0 0 
1313 10 0 0 0 0 0 0 0 0 0 0 0 
1314 10 0 0 0 0 0 0 0 0 0 0 0 
1315 10 0 0 0 0 0 0 0 0 0 0 0 
1316 10 0 0 0 0 0 0 0 0 0 0 0 
1317 10 0 0 0 0 0 0 0 0 0 0 0 
1318 10 0 0 0 0 0 0 0 0 0 0 0 
1319 10 0 0 0 0 0 0 0 0 0 0 0 
1320 10 0 0 0 0 0 0 0 0 0 0 0 
1321 10 0 0 0 0 0 0 0 0 0 0 0 
1322 10 0 0 0 0 0 0 0 0 0 0 0 
1323 10 0 0 0 0 0 0 0 0 0 0 0 
1324 10 0 0 0 0 0 0 0 0 0 0 0 
1325 10 36 0 0 0 0 0 0 0 0 0 0 
1326 10 37 0 0 0 0 0 0 0 0 0 0 
1327 10 0 0 0 0 0 0 0 0 0 0 0 
1328 10 0 0 0 0 0 0 0 0 0 0 0 
1329 10 0 0 0 0 0 0 0 0 0 0 0 
1330 10 0 0 0 0 0 0 0 0 0 0 0 
1331 10 0 0 0 0 0 0 0 0 0 0 0 
1332 10 0 0 0 0 0 0 0 0 0 0 0 
1333 10 0 0 0 0 0 0 0 0 0 0 0 
1334 10 0 0 0 0 0 0 0 0 0 0 0 
1335 10 0 0 0 0 0 0 0 0 0 0 0 
1336 10 0 0 0 0 0 0 0 0 0 0 0 
1337 10 0 0 0 0 0 0 0 0 0 0 0 
1338 10 0 0 0 0 0 0 0 0 0 0 0 
1339 10 0 0 0 0 0 0 0 0 0 0 0 
1340 10 0 0 0 0 0 0 0 0 0 0 0 
1341 10 0 0 0 0 0 0 0 0 0 0 0 
1342 10 0 0 0 0 0 0 0 0 0 0 0 
1343 10 0 0 0 0 0 0 0 0 0 0 0 
1344 10 0 0 0 0 0 0 0 0 0 0 0 
1345 10 0 0 0 0 0 0 0 0 0 0 0 
1346 10 0 0 0 0 0 0 0 0 0 0 0 
1347 10 0 0 0 0 0 0 0 0 0 0 0 
1348 10 0 0 0 0 0 0 0 0 0 0 0 
1349 10 0 0 0 0 0 0 0 0 0 0 0 
1350 10 0 0 0 0 0 0 0 0 0 0 0 
1351 10 0 0 0 0 0 0 0 0 0 0 0 
1352 10 0 0 0 0 0 0 0 0 0 0 0 
1353 10 0 0 0 0 0 0 0 0 0 0 0 
1354 10 0 0 0 0 0 0 0 0 0 0 0 
1355 10 0 0 0 0 0 0 0 0 0 0 0 
1356 10 0 0 0 0 0 0 0 0 0 0 0 
1357 10 0 0 0 0 0 0 0 0 0 0 0 
1358 10 0 0 0 0 0 0 0 0 0 0 0 
1359 10 0 0 0 0 0 0 0 0 0 0 0 
1360 10 0 0 0 0 0 0 0 0 0 0 0 
1361 10 0 0 0 0 0 0 0 0 0 0 0 
1362 10 0 0 0 0 0 0 0 0 0 0 0 
1363 10 0 0 0 0 0 0 0 0 0 0 0 
1364 10 0 0 0 0 0 0 0 0 0 0 0 
1365 10 0 0 0 0 0 0 0 0 0 0 0 
1366 10 0 0 0 0 0 0 0 0 0 0 0 
1367 10 0 0 0 0 0 0 0 0 0 0 0 
1368 10 0 0 0 0 0 0 0 0 0 0 0 
1369 10 0 0 0 0 0 0 0 0 0 0 0 
1370 10 0 0 0 0 0 0 0 0 0 0 0 
1371 10 0 0 0 0 0 0 0 0 0 0 0 
1372 10 0 0 0 0 0 0 0 0 0 0 0 
1373 10 0 0 0 0 0 0 0 0 0 0 0 
1374 10 0 0 0 0 0 0 0 0 0 0 0 
1375 10 0 0 0 0 0 0 0 0 0 0 0 
1376 10 0 0 0 0 0 0 0 0 0 0 0 
1377 10 0 0 0 0 0 0 0 0 0 0 0 
1378 10 0 0 0 0 0 0 0 0 0 0 0 
1379 10 0 0 0 0 0 0 0 0 0 0 0 
1380 10 0 0 0 0 0 0 0 0 0 0 0 
1381 10 0 0 0 0 0 0 0 0 0 0 0 
1382 10 0 0 0 0 0 0 0 0 0 0 0 
1383 10 0 0 0 0 0 0 0 0 0 0 0 
1384 10 0 0 0 0 0 0 0 0 0 0 0 
1385 10 0 0 0 0 0 0 0 0 0 0 0 
1386 10 0 0 0 0 0 0 0 0 0 0 0 
1387 10 0 0 0 0 0 0 0 0 0 0 0 
1388 10 0 0 0 0 0 0 0 0 0 0 0 
1389 10 0 0 0 0 0 0 0 0 0 0 0 
1390 10 0 0 0 0 0 0 0 0 0 0 0 
1391 10 0 0 0 0 0 0 0 0 0 0 0 
1392 10 0 0 0 0 0 0 0 0 0 0 0 
1393 10 0 0 0 0 0 0 0 0 0 0 0 
1394 10 0 0 0 0 0 0 0 0 0 0 0 
1395 10 0 0 0 0 0 0 0 0 0 0 0 
1396 10 0 0 0 0 0 0 0 0 0 0 0 
1397 10 0 0 0 0 0 0 0 0 0 0 0 
1398 10 0 0 0 0 0 0 0 0 0 0 0 
1399 10 0 0 0 0 0 0 0 0 0 0 0 
1400 10 0 0 0 0 0 0 0 0 0 0 0 
1401 10 0 0 0 0 0 0 0 0 0 0 0 
1402 10 0 0 0 0 0 0 0 0 0 0 0 
1403 10 0 0 0 0 0 0 0 0 0 0 0 
1404 10 0 0 0 0 0 0 0 0 0 0 0 
1405 10 0 0 0 0 0 0 0 0 0 0 0 
1406 10 0 0 0 0 0 0 0 0 0 0 0 
1407 10 0 0 0 0 0 0 0 0 0 0 0 
1408 10 0 0 0 0 0 0 0 0 0 0 0 
1409 10 0 0 0 0 0 0 0 0 0 0 0 
1410 10 0 0 0 0 0 0 0 0 0 0 0 
1411 10 0 0 0 0 0 0 0 0 0 0 0 
1412 10 0 0 0 0 0 0 0 0 0 0 0 
1413 10 0 0 0 0 0 0 0 0 0 0 0 
1414 10 0 0 0 0 0 0 0 0 0 0 0 
1415 10 0 0 0 0 0 0 0 0 0 0 0 
1416 10 0 0 0 0 0 0 0 0 0 0 0 
1417 10 0 0 0 0 0 0 0 0 0 0 0 
1418 10 0 0 0 0 0 0 0 0 0 0 0 
1419 10 0 0 0 0 0 0 0 0 0 0 0 
1420 10 0 0 0 0 0 0 0 0 0 0 0 
1421 10 0 0 0 0 0 0 0 0 0 0 0 
1422 10 0 0 0 0 0 0 0 0 0 0 0 
1423 10 0 0 0 0 0 0 0 0 0 0 0 
1424 10 0 0 0 0 0 0 0 0 0 0 0 
1425 10 0 0 0 0 0 0 0 0 0 0 0 
1426 10 0 0 0 0 0 0 0 0 0 0 0 
1427 10 0 0 0 0 0 0 0 0 0 0 0 
1428 10 0 0 0 0 0 0 0 0 0 0 0 
1429 10 0 0 0 0 0 0 0 0 0 0 0 
1430 10 0 0 0 0 0 0 0 0 0 0 0 
1431 10 0 0 0 0 0 0 0 0 0 0 0 
1432 10 0 0 0 0 0 0 0 0 0 0 0 
1433 10 0 0 0 0 0 0 0 0 0 0 0 
1434 10 0 0 0 0 0 0 0 0 0 0 0 
1435 10 0 0 0 0 0 0 0 0 0 0 0 
1436 10 0 0 0 0 0 0 0 0 0 0 0 
1437 10 0 0 0 0 0 0 0 0 0 0 0 
1438 10 0 0 0 0 0 0 0 0 0 0 0 
1439 10 0 0 0 0 0 0 0 0 0 0 0 
1440 10 0 0 0 0 0 0 0 0 0 0 0 
1441 10 0 0 0 0 0 0 0 0 0 0 0 
1442 10 0 0 0 0 0 0 0 0 0 0 0 
1443 10 0 0 0 0 0 0 0 0 0 0 0 
1444 10 0 0 0 0 0 0 0 0 0 0 0 
1445 10 0 0 0 0 0 0 0 0 0 0 0 
1446 10 0 0 0 0 0 0 0 0 0 0 0 
1447 10 0 0 0 0 0 0 0 0 0 0 0 
1448 10 0 0 0 0 0 0 0 0 0 0 0 
1449 10 0 0 0 0 0 0 0 0 0 0 0 
1450 10 0 0 0 0 0 0 0 0 0 0 0 
1451 10 0 0 0 0 0 0 0 0 0 0 0 
1452 10 0 0 0 0 0 0 0 0 0 0 0 
1453 10 0 0 0 0 0 0 0 0 0 0 0 
1454 10 0 0 0 0 0 0 0 0 0 0 0 
1455 10 0 0 0 0 0 0 0 0 0 0 0 
1456 10 0 0 0 0 0 0 0 0 0 0 0 
1457 10 0 0 0 0 0 0 0 0 0 0 0 
1458 10 0 0 0 0 0 0 0 0 0 0 0 
1459 10 0 0 0 0 0 0 0 0 0 0 0 
1460 10 0 0 0 0 0 0 0 0 0 0 0 
1461 10 0 0 0 0 0 0 0 0 0 0 0 
1462 10 0 0 0 0 0 0 0 0 0 0 0 
1463 10 0 0 0 0 0 0 0 0 0 0 0 
1464 10 0 0 0 0 0 0 0 0 0 0 0 
1465 10 0 0 0 0 0 0 0 0 0 0 0 
1466 10 0 0 0 0 0 0 0 0 0 0 0 
1467 10 0 0 0 0 0 0 0 0 0 0 0 
1468 10 0 0 0 0 0 0 0 0 0 0 0 
1469 10 0 0 0 0 0 0 0 0 0 0 0 
1470 10 0 0 0 0 0 0 0 0 0 0 0 
1471 10 0 0 0 0 0 0 0 0 0 0 0 
1472 10 0 0 0 0 0 0 0 0 0 0 0 
1473 10 0 0 0 0 0 0 0 0 0 0 0 
1474 10 0 0 0 0 0 0 0 0 0 0 0 
1475 10 0 0 0 0 0 0 0 0 0 0 0 
1476 10 0 0 0 0 0 0 0 0 0 0 0 
1477 10 0 0 0 0 0 0 0 0 0 0 0 
1478 10 0 0 0 0 0 0 0 0 0 0 0 
1479 10 0 0 0 0 0 0 0 0 0 0 0 
1480 10 0 0 0 0 0 0 0 0 0 0 0 
1481 10 0 0 0 0 0 0 0 0 0 0 0 
1482 10 0 0 0 0 0 0 0 0 0 0 0 
1483 10 0 0 0 0 0 0 0 0 0 0 0 
1484 10 0 0 0 0 0 0 0 0 0 0 0 
1485 10 0 0 0 0 0 0 0 0 0 0 0 
1486 10 0 0 0 0 0 0 0 0 0 0 0 
1487 10 0 0 0 0 0 0 0 0 0 0 0 
1488 10 0 0 0 0 0 0 0 0 0 0 0 
1489 10 0 0 0 0 0 0 0 0 0 0 0 
1490 10 0 0 0 0 0 0 0 0 0 0 0 
1491 10 0 0 0 0 0 0 0 0 0 0 0 
1492 10 0 0 0 0 0 0 0 0 0 0 0 
1493 10 0 0 0 0 0 0 0 0 0 0 0 
1494 10 0 0 0 0 0 0 0 0 0 0 0 
1495 10 0 0 0 0 0 0 0 0 0 0 0 
1496 10 0 0 0 0 0 0 0 0 0 0 0 
1497 10 0 0 0 0 0 0 0 0 0 0 0 
1498 10 0 0 0 0 0 0 0 0 0 0 0 
1499 10 0 0 0 0 0 0 0 0 0 0 0 
1500 10 0 0 0 0 0 0 0 0 0 0 0 
1501 10 0 0 0 0 0 0 0 0 0 0 0 
1502 10 0 0 0 0 0 0 0 0 0 0 0 
1503 10 0 0 0 0 0 0 0 0 0 0 0 
1504 10 0 0 0 0 0 0 0 0 0 0 0 
1505 10 0 0 0 0 0 0 0 0 0 0 0 
1506 10 0 0 0 0 0 0 0 0 0 0 0 
1507 10 0 0 0 0 0 0 0 0 0 0 0 
1508 10 0 0 0 0 0 0 0 0 0 0 0 
1509 10 0 0 0 0 0 0 0 0 0 0 0 
1510 10 0 0 0 0 0 0 0 0 0 0 0 
1511 10 0 0 0 0 0 0 0 0 0 0 0 
1512 10 0 0 0 0 0 0 0 0 0 0 0 
1513 10 0 0 0 0 0 0 0 0 0 0 0 
1514 10 0 0 0 0 0 0 0 0 0 0 0 
1515 10 0 0 0 0 0 0 0 0 0 0 0 
1516 10 0 0 0 0 0 0 0 0 0 0 0 
1517 10 0 0 0 0 0 0 0 0 0 0 0 
1518 10 0 0 0 0 0 0 0 0 0 0 0 
1519 10 0 0 0 0 0 0 0 0 0 0 0 
1520 10 0 0 0 0 0 0 0 0 0 0 0 
1521 10 0 0 0 0 0 0 0 0 0 0 0 
1522 10 0 0 0 0 0 0 0 0 0 0 0 
1523 10 0 0 0 0 0 0 0 0 0 0 0 
1524 10 0 0 0 0 0 0 0 0 0 0 0 
1525 10 0 0 0 0 0 0 0 0 0 0 0 
1526 10 0 0 0 0 0 0 0 0 0 0 0 
1527 10 0 0 0 0 0 0 0 0 0 0 0 
1528 10 0 0 0 0 0 0 0 0 0 0 0 
1529 10 0 0 0 0 0 0 0 0 0 0 0 
1530 10 0 0 0 0 0 0 0 0 0 0 0 
1531 10 0 0 0 0 0 0 0 0 0 0 0 
1532 10 0 0 0 0 0 0 0 0 0 0 0 
1533 10 0 0 0 0 0 0 0 0 0 0 0 
1534 10 0 0 0 0 0 0 0 0 0 0 0 
1535 10 0 0 0 0 0 0 0 0 0 0 0 
1536 10 0 0 0 0 0 0 0 0 0 0 0 
1537 10 0 0 0 0 0 0 0 0 0 0 0 
1538 10 0 0 0 0 0 0 0 0 0 0 0 
1539 10 0 0 0 0 0 0 0 0 0 0 0 
1540 10 0 0 0 0 0 0 0 0 0 0 0 
1541 10 0 0 0 0 0 0 0 0 0 0 0 
1542 10 0 0 0 0 0 0 0 0 0 0 0 
1543 10 0 0 0 0 0 0 0 0 0 0 0 
1544 10 0 0 0 0 0 0 0 0 0 0 0 
1545 10 0 0 0 0 0 0 0 0 0 0 0 
1546 10 0 0 0 0 0 0 0 0 0 0 0 
1547 10 0 0 0 0 0 0 0 0 0 0 0 
1548 10 0 0 0 0 0 0 0 0 0 0 0 
1549 10 0 0 0 0 0 0 0 0 0 0 0 
1550 10 0 0 0 0 0 0 0 0 0 0 0 
1551 10 0 0 0 0 0 0 0 0 0 0 0 
1552 10 0 0 0 0 0 0 0 0 0 0 0 
1553 10 0 0 0 0 0 0 0 0 0 0 0 
1554 10 0 0 0 0 0 0 0 0 0 0 0 
1555 10 0 0 0 0 0 0 0 0 0 0 0 
1556 10 0 0 0 0 0 0 0 0 0 0 0 
1557 10 0 0 0 0 0 0 0 0 0 0 0 
1558 10 0 0 0 0 0 0 0 0 0 0 0 
1559 10 0 0 0 0 0 0 0 0 0 0 0 
1560 10 0 0 0 0 0 0 0 0 0 0 0 
1561 10 0 0 0 0 0 0 0 0 0 0 0 
1562 10 0 0 0 0 0 0 0 0 0 0 0 
1563 10 0 0 0 0 0 0 0 0 0 0 0 
1564 10 0 0 0 0 0 0 0 0 0 0 0 
1565 10 0 0 0 0 0 0 0 0 0 0 0 
1566 10 0 0 0 0 0 0 0 0 0 0 0 
1567 10 0 0 0 0 0 0 0 0 0 0 0 
1568 10 0 0 0 0 0 0 0 0 0 0 0 
1569 10 0 0 0 0 0 0 0 0 0 0 0 
1570 10 0 0 0 0 0 0 0 0 0 0 0 
1571 10 0 0 0 0 0 0 0 0 0 0 0 
1572 10 0 0 0 0 0 0 0 0 0 0 0 
1573 10 0 0 0 0 0 0 0 0 0 0 0 
1574 10 0 0 0 0 0 0 0 0 0 0 0 
1575 10 0 0 0 0 0 0 0 0 0 0 0 
1576 10 0 0 0 0 0 0 0 0 0 0 0 
1577 10 0 0 0 0 0 0 0 0 0 0 0 
1578 10 0 0 0 0 0 0 0 0 0 0 0 
1579 10 0 0 0 0 0 0 0 0 0 0 0 
1580 10 0 0 0 0 0 0 0 0 0 0 0 
1581 10 0 0 0 0 0 0 0 0 0 0 0 
1582 10 0 0 0 0 0 0 0 0 0 0 0 
1583 10 0 0 0 0 0 0 0 0 0 0 0 
1584 10 0 0 0 0 0 0 0 0 0 0 0 
1585 10 0 0 0 0 0 0 0 0 0 0 0 
1586 10 0 0 0 0 0 0 0 0 0 0 0 
1587 10 0 0 0 0 0 0 0 0 0 0 0 
1588 10 0 0 0 0 0 0 0 0 0 0 0 
1589 10 0 0 0 0 0 0 0 0 0 0 0 
1590 10 0 0 0 0 0 0 0 0 0 0 0 
1591 10 0 0 0 0 0 0 0 0 0 0 0 
1592 10 0 0 0 0 0 0 0 0 0 0 0 
1593 10 0 0 0 0 0 0 0 0 0 0 0 
1594 10 0 0 0 0 0 0 0 0 0 0 0 
1595 10 0 0 0 0 0 0 0 0 0 0 0 
1596 10 0 0 0 0 0 0 0 0 0 0 0 
1597 10 0 0 0 0 0 0 0 0 0 0 0 
1598 10 0 0 0 0 0 0 0 0 0 0 0 
1599 10 0 0 0 0 0 0 0 0 0 0 0 
1600 10 0 0 0 0 0 0 0 0 0 0 0 
1601 10 0 0 0 0 0 0 0 0 0 0 0 
1602 10 0 0 0 0 0 0 0 0 0 0 0 
1603 10 0 0 0 0 0 0 0 0 0 0 0 
1604 10 0 0 0 0 0 0 0 0 0 0 0 
1605 10 0 0 0 0 0 0 0 0 0 0 0 
1606 10 0 0 0 0 0 0 0 0 0 0 0 
1607 10 0 0 0 0 0 0 0 0 0 0 0 
1608 10 0 0 0 0 0 0 0 0 0 0 0 
1609 10 0 0 0 0 0 0 0 0 0 0 0 
1610 10 0 0 0 0 0 0 0 0 0 0 0 
1611 10 0 0 0 0 0 0 0 0 0 0 0 
1612 10 0 0 0 0 0 0 0 0 0 0 0 
1613 10 0 0 0 0 0 0 0 0 0 0 0 
1614 10 0 0 0 0 0 0 0 0 0 0 0 
1615 10 0 0 0 0 0 0 0 0 0 0 0 
1616 10 0 0 0 0 0 0 0 0 0 0 0 
1617 10 0 0 0 0 0 0 0 0 0 0 0 
1618 10 0 0 0 0 0 0 0 0 0 0 0 
1619 10 0 0 0 0 0 0 0 0 0 0 0 
1620 10 0 0 0 0 0 0 0 0 0 0 0 
1621 10 0 0 0 0 0 0 0 0 0 0 0 
1622 10 0 0 0 0 0 0 0 0 0 0 0 
1623 10 0 0 0 0 0 0 0 0 0 0 0 
1624 10 0 0 0 0 0 0 0 0 0 0 0 
1625 10 0 0 0 0 0 0 0 0 0 0 0 
1626 10 0 0 0 0 0 0 0 0 0 0 0 
1627 10 0 0 0 0 0 0 0 0 0 0 0 
1628 10 0 0 0 0 0 0 0 0 0 0 0 
1629 10 0 0 0 0 0 0 0 0 0 0 0 
1630 10 0 0 0 0 0 0 0 0 0 0 0 
1631 10 0 0 0 0 0 0 0 0 0 0 0 
1632 10 0 0 0 0 0 0 0 0 0 0 0 
1633 10 0 0 0 0 0 0 0 0 0 0 0 
1634 10 0 0 0 0 0 0 0 0 0 0 0 
1635 10 0 0 0 0 0 0 0 0 0 0 0 
1636 10 0 0 0 0 0 0 0 0 0 0 0 
1637 10 0 0 0 0 0 0 0 0 0 0 0 
1638 10 0 0 0 0 0 0 0 0 0 0 0 
1639 10 0 0 0 0 0 0 0 0 0 0 0 
1640 10 0 0 0 0 0 0 0 0 0 0 0 
1641 10 0 0 0 0 0 0 0 0 0 0 0 
1642 10 0 0 0 0 0 0 0 0 0 0 0 
1643 10 0 0 0 0 0 0 0 0 0 0 0 
1644 10 0 0 0 0 0 0 0 0 0 0 0 
1645 10 0 0 0 0 0 0 0 0 0 0 0 
1646 10 0 0 0 0 0 0 0 0 0 0 0 
1647 10 0 0 0 0 0 0 0 0 0 0 0 
1648 10 0 0 0 0 0 0 0 0 0 0 0 
1649 10 0 0 0 0 0 0 0 0 0 0 0 
1650 10 0 0 0 0 0 0 0 0 0 0 0 
1651 10 0 0 0 0 0 0 0 0 0 0 0 
1652 10 0 0 0 0 0 0 0 0 0 0 0 
1653 10 0 0 0 0 0 0 0 0 0 0 0 
1654 10 0 0 0 0 0 0 0 0 0 0 0 
1655 10 0 0 0 0 0 0 0 0 0 0 0 
1656 10 0 0 0 0 0 0 0 0 0 0 0 
1657 10 0 0 0 0 0 0 0 0 0 0 0 
1658 10 0 0 0 0 0 0 0 0 0 0 0 
1659 10 0 0 0 0 0 0 0 0 0 0 0 
1660 10 0 0 0 0 0 0 0 0 0 0 0 
1661 10 0 0 0 0 0 0 0 0 0 0 0 
1662 10 0 0 0 0 0 0 0 0 0 0 0 
1663 10 0 0 0 0 0 0 0 0 0 0 0 
1664 10 0 0 0 0 0 0 0 0 0 0 0 
1665 10 0 0 0 0 0 0 0 0 0 0 0 
1666 10 0 0 0 0 0 0 0 0 0 0 0 
1667 10 0 0 0 0 0 0 0 0 0 0 0 
1668 10 0 0 0 0 0 0 0 0 0 0 0 
1669 10 0 0 0 0 0 0 0 0 0 0 0 
1670 10 0 0 0 0 0 0 0 0 0 0 0 
1671 10 0 0 0 0 0 0 0 0 0 0 0 
1672 10 0 0 0 0 0 0 0 0 0 0 0 
1673 10 0 0 0 0 0 0 0 0 0 0 0 
1674 10 0 0 0 0 0 0 0 0 0 0 0 
1675 10 0 0 0 0 0 0 0 0 0 0 0 
1676 10 0 0 0 0 0 0 0 0 0 0 0 
1677 10 0 0 0 0 0 0 0 0 0 0 0 
1678 10 0 0 0 0 0 0 0 0 0 0 0 
1679 10 0 0 0 0 0 0 0 0 0 0 0 
1680 10 0 0 0 0 0 0 0 0 0 0 0 
1681 10 0 0 0 0 0 0 0 0 0 0 0 
1682 10 0 0 0 0 0 0 0 0 0 0 0 
1683 10 0 0 0 0 0 0 0 0 0 0 0 
1684 10 0 0 0 0 0 0 0 0 0 0 0 
1685 10 0 0 0 0 0 0 0 0 0 0 0 
1686 10 0 0 0 0 0 0 0 0 0 0 0 
1687 10 0 0 0 0 0 0 0 0 0 0 0 
1688 10 0 0 0 0 0 0 0 0 0 0 0 
1689 10 0 0 0 0 0 0 0 0 0 0 0 
1690 10 0 0 0 0 0 0 0 0 0 0 0 
1691 10 58 0 0 0 0 0 0 0 0 0 0 
1692 10 59 0 0 0 0 0 0 0 0 0 0 
1693 10 60 0 0 0 0 0 0 0 0 0 0 
1694 10 61 0 0 0 0 0 0 0 0 0 0 
1695 10 0 0 0 0 0 0 0 0 0 0 0 
1696 10 0 0 0 0 0 0 0 0 0 0 0 
1697 10 0 0 0 0 0 0 0 0 0 0 0 
1698 10 0 0 0 0 0 0 0 0 0 0 0 
1699 10 0 0 0 0 0 0 0 0 0 0 0 
1700 10 0 0 0 0 0 0 0 0 0 0 0 
1701 10 0 0 0 0 0 0 0 0 0 0 0 
1702 10 0 0 0 0 0 0 0 0 0 0 0 
1703 10 0 0 0 0 0 0 0 0 0 0 0 
1704 10 0 0 0 0 0 0 0 0 0 0 0 
1705 10 0 0 0 0 0 0 0 0 0 0 0 
1706 10 0 0 0 0 0 0 0 0 0 0 0 
1707 10 0 0 0 0 0 0 0 0 0 0 0 
1708 10 0 0 0 0 0 0 0 0 0 0 0 
1709 10 0 0 0 0 0 0 0 0 0 0 0 
1710 10 0 0 0 0 0 0 0 0 0 0 0 
1711 10 0 0 0 0 0 0 0 0 0 0 0 
1712 10 0 0 0 0 0 0 0 0 0 0 0 
1713 10 65 0 0 0 0 0 0 0 0 0 0 
1714 10 66 0 0 0 0 0 0 0 0 0 0 
1715 10 0 0 0 0 0 0 0 0 0 0 0 
1716 10 0 0 0 0 0 0 0 0 0 0 0 
1717 10 68 0 0 0 0 0 0 0 0 0 0 
1718 10 69 0 0 0 0 0 0 0 0 0 0 
1719 10 0 0 0 0 0 0 0 0 0 0 0 
1720 10 0 0 0 0 0 0 0 0 0 0 0 
1721 10 71 0 0 0 0 0 0 0 0 0 0 
1722 10 72 0 0 0 0 0 0 0 0 0 0 
1723 10 0 0 0 0 0 0 0 0 0 0 0 
1724 10 0 0 0 0 0 0 0 0 0 0 0 
1725 10 0 0 0 0 0 0 0 0 0 0 0 
1726 10 0 0 0 0 0 0 0 0 0 0 0 
1727 10 0 0 0 0 0 0 0 0 0 0 0 
1728 10 0 0 0 0 0 0 0 0 0 0 0 
1729 10 0 0 0 0 0 0 0 0 0 0 0 
1730 10 0 0 0 0 0 0 0 0 0 0 0 
1731 10 0 0 0 0 0 0 0 0 0 0 0 
1732 10 0 0 0 0 0 0 0 0 0 0 0 
1733 10 0 0 0 0 0 0 0 0 0 0 0 
1734 10 0 0 0 0 0 0 0 0 0 0 0 
1735 10 0 0 0 0 0 0 0 0 0 0 0 
1736 10 0 0 0 0 0 0 0 0 0 0 0 
1737 10 0 0 0 0 0 0 0 0 0 0 0 
1738 10 0 0 0 0 0 0 0 0 0 0 0 
1739 10 0 0 0 0 0 0 0 0 0 0 0 
1740 10 0 0 0 0 0 0 0 0 0 0 0 
1741 10 0 0 0 0 0 0 0 0 0 0 0 
1742 10 0 0 0 0 0 0 0 0 0 0 0 
1743 10 0 0 0 0 0 0 0 0 0 0 0 
1744 10 0 0 0 0 0 0 0 0 0 0 0 
1745 10 0 0 0 0 0 0 0 0 0 0 0 
1746 10 0 0 0 0 0 0 0 0 0 0 0 
1747 10 0 0 0 0 0 0 0 0 0 0 0 
1748 10 0 0 0 0 0 0 0 0 0 0 0 
1749 10 0 0 0 0 0 0 0 0 0 0 0 
1750 10 0 0 0 0 0 0 0 0 0 0 0 
1751 10 0 0 0 0 0 0 0 0 0 0 0 
1752 10 0 0 0 0 0 0 0 0 0 0 0 
1753 10 0 0 0 0 0 0 0 0 0 0 0 
1754 10 0 0 0 0 0 0 0 0 0 0 0 
1755 10 0 0 0 0 0 0 0 0 0 0 0 
1756 10 0 0 0 0 0 0 0 0 0 0 0 
1757 10 0 0 0 0 0 0 0 0 0 0 0 
1758 10 0 0 0 0 0 0 0 0 0 0 0 
1759 10 0 0 0 0 0 0 0 0 0 0 0 
1760 10 0 0 0 0 0 0 0 0 0 0 0 
1761 10 0 0 0 0 0 0 0 0 0 0 0 
1762 10 0 0 0 0 0 0 0 0 0 0 0 
1763 10 0 0 0 0 0 0 0 0 0 0 0 
1764 10 0 0 0 0 0 0 0 0 0 0 0 
1765 10 0 0 0 0 0 0 0 0 0 0 0 
1766 10 0 0 0 0 0 0 0 0 0 0 0 
1767 10 0 0 0 0 0 0 0 0 0 0 0 
1768 10 0 0 0 0 0 0 0 0 0 0 0 
1769 10 0 0 0 0 0 0 0 0 0 0 0 
1770 10 0 0 0 0 0 0 0 0 0 0 0 
1771 10 0 0 0 0 0 0 0 0 0 0 0 
1772 10 0 0 0 0 0 0 0 0 0 0 0 
1773 10 0 0 0 0 0 0 0 0 0 0 0 
1774 10 0 0 0 0 0 0 0 0 0 0 0 
1775 10 0 0 0 0 0 0 0 0 0 0 0 
1776 10 0 0 0 0 0 0 0 0 0 0 0 
1777 10 0 0 0 0 0 0 0 0 0 0 0 
1778 10 0 0 0 0 0 0 0 0 0 0 0 
1779 10 0 0 0 0 0 0 0 0 0 0 0 
1780 10 0 0 0 0 0 0 0 0 0 0 0 
1781 10 0 0 0 0 0 0 0 0 0 0 0 
1782 10 0 0 0 0 0 0 0 0 0 0 0 
1783 10 0 0 0 0 0 0 0 0 0 0 0 
1784 10 0 0 0 0 0 0 0 0 0 0 0 
1785 10 0 0 0 0 0 0 0 0 0 0 0 
1786 10 0 0 0 0 0 0 0 0 0 0 0 
1787 10 0 0 0 0 0 0 0 0 0 0 0 
1788 10 0 0 0 0 0 0 0 0 0 0 0 
1789 10 0 0 0 0 0 0 0 0 0 0 0 
1790 10 0 0 0 0 0 0 0 0 0 0 0 
1791 10 0 0 0 0 0 0 0 0 0 0 0 
1792 10 0 0 0 0 0 0 0 0 0 0 0 
1793 10 0 0 0 0 0 0 0 0 0 0 0 
1794 10 0 0 0 0 0 0 0 0 0 0 0 
1795 10 0 0 0 0 0 0 0 0 0 0 0 
1796 10 0 0 0 0 0 0 0 0 0 0 0 
1797 10 0 0 0 0 0 0 0 0 0 0 0 
1798 10 0 0 0 0 0 0 0 0 0 0 0 
1799 10 0 0 0 0 0 0 0 0 0 0 0 
1800 10 0 0 0 0 0 0 0 0 0 0 0 
1801 10 0 0 0 0 0 0 0 0 0 0 0 
1802 10 0 0 0 0 0 0 0 0 0 0 0 
1803 10 0 0 0 0 0 0 0 0 0 0 0 
1804 10 0 0 0 0 0 0 0 0 0 0 0 
1805 10 0 0 0 0 0 0 0 0 0 0 0 
1806 10 0 0 0 0 0 0 0 0 0 0 0 
1807 10 0 0 0 0 0 0 0 0 0 0 0 
1808 10 0 0 0 0 0 0 0 0 0 0 0 
1809 10 0 0 0 0 0 0 0 0 0 0 0 
1810 10 0 0 0 0 0 0 0 0 0 0 0 
1811 10 0 0 0 0 0 0 0 0 0 0 0 
1812 10 0 0 0 0 0 0 0 0 0 0 0 
1813 10 0 0 0 0 0 0 0 0 0 0 0 
1814 10 0 0 0 0 0 0 0 0 0 0 0 
1815 10 0 0 0 0 0 0 0 0 0 0 0 
1816 10 0 0 0 0 0 0 0 0 0 0 0 
1817 10 0 0 0 0 0 0 0 0 0 0 0 
1818 10 0 0 0 0 0 0 0 0 0 0 0 
1819 10 0 0 0 0 0 0 0 0 0 0 0 
1820 10 0 0 0 0 0 0 0 0 0 0 0 
1821 10 0 0 0 0 0 0 0 0 0 0 0 
1822 10 0 0 0 0 0 0 0 0 0 0 0 
1823 10 0 0 0 0 0 0 0 0 0 0 0 
1824 10 0 0 0 0 0 0 0 0 0 0 0 
1825 10 0 0 0 0 0 0 0 0 0 0 0 
1826 10 0 0 0 0 0 0 0 0 0 0 0 
1827 10 0 0 0 0 0 0 0 0 0 0 0 
1828 10 0 0 0 0 0 0 0 0 0 0 0 
1829 10 0 0 0 0 0 0 0 0 0 0 0 
1830 10 0 0 0 0 0 0 0 0 0 0 0 
1831 10 0 0 0 0 0 0 0 0 0 0 0 
1832 10 0 0 0 0 0 0 0 0 0 0 0 
1833 10 0 0 0 0 0 0 0 0 0 0 0 
1834 10 0 0 0 0 0 0 0 0 0 0 0 
1835 10 0 0 0 0 0 0 0 0 0 0 0 
1836 10 0 0 0 0 0 0 0 0 0 0 0 
1837 10 0 0 0 0 0 0 0 0 0 0 0 
1838 10 0 0 0 0 0 0 0 0 0 0 0 
1839 10 0 0 0 0 0 0 0 0 0 0 0 
1840 10 0 0 0 0 0 0 0 0 0 0 0 
1841 10 0 0 0 0 0 0 0 0 0 0 0 
1842 10 0 0 0 0 0 0 0 0 0 0 0 
1843 10 0 0 0 0 0 0 0 0 0 0 0 
1844 10 0 0 0 0 0 0 0 0 0 0 0 
1845 10 0 0 0 0 0 0 0 0 0 0 0 
1846 10 0 0 0 0 0 0 0 0 0 0 0 
1847 10 0 0 0 0 0 0 0 0 0 0 0 
1848 10 0 0 0 0 0 0 0 0 0 0 0 
1849 10 0 0 0 0 0 0 0 0 0 0 0 
1850 10 0 0 0 0 0 0 0 0 0 0 0 
1851 10 0 0 0 0 0 0 0 0 0 0 0 
1852 10 0 0 0 0 0 0 0 0 0 0 0 
1853 10 0 0 0 0 0 0 0 0 0 0 0 
1854 10 0 0 0 0 0 0 0 0 0 0 0 
1855 10 0 0 0 0 0 0 0 0 0 0 0 
1856 10 0 0 0 0 0 0 0 0 0 0 0 
1857 10 0 0 0 0 0 0 0 0 0 0 0 
1858 10 0 0 0 0 0 0 0 0 0 0 0 
1859 10 0 0 0 0 0 0 0 0 0 0 0 
1860 10 0 0 0 0 0 0 0 0 0 0 0 
1861 10 0 0 0 0 0 0 0 0 0 0 0 
1862 10 0 0 0 0 0 0 0 0 0 0 0 
1863 10 0 0 0 0 0 0 0 0 0 0 0 
1864 10 0 0 0 0 0 0 0 0 0 0 0 
1865 10 0 0 0 0 0 0 0 0 0 0 0 
1866 10 0 0 0 0 0 0 0 0 0 0 0 
1867 10 0 0 0 0 0 0 0 0 0 0 0 
1868 10 0 0 0 0 0 0 0 0 0 0 0 
1869 10 0 0 0 0 0 0 0 0 0 0 0 
1870 10 0 0 0 0 0 0 0 0 0 0 0 
1871 10 0 0 0 0 0 0 0 0 0 0 0 
1872 10 0 0 0 0 0 0 0 0 0 0 0 
1873 10 0 0 0 0 0 0 0 0 0 0 0 
1874 10 0 0 0 0 0 0 0 0 0 0 0 
1875 10 0 0 0 0 0 0 0 0 0 0 0 
1876 10 0 0 0 0 0 0 0 0 0 0 0 
1877 10 0 0 0 0 0 0 0 0 0 0 0 
1878 10 0 0 0 0 0 0 0 0 0 0 0 
1879 10 0 0 0 0 0 0 0 0 0 0 0 
1880 10 0 0 0 0 0 0 0 0 0 0 0 
1881 10 0 0 0 0 0 0 0 0 0 0 0 
1882 10 0 0 0 0 0 0 0 0 0 0 0 
1883 10 0 0 0 0 0 0 0 0 0 0 0 
1884 10 0 0 0 0 0 0 0 0 0 0 0 
1885 10 0 0 0 0 0 0 0 0 0 0 0 
1886 10 0 0 0 0 0 0 0 0 0 0 0 
1887 10 0 0 0 0 0 0 0 0 0 0 0 
1888 10 0 0 0 0 0 0 0 0 0 0 0 
1889 10 0 0 0 0 0 0 0 0 0 0 0 
1890 10 0 0 0 0 0 0 0 0 0 0 0 
1891 10 0 0 0 0 0 0 0 0 0 0 0 
1892 10 0 0 0 0 0 0 0 0 0 0 0 
1893 10 0 0 0 0 0 0 0 0 0 0 0 
1894 10 0 0 0 0 0 0 0 0 0 0 0 
1895 10 0 0 0 0 0 0 0 0 0 0 0 
1896 10 0 0 0 0 0 0 0 0 0 0 0 
1897 10 0 0 0 0 0 0 0 0 0 0 0 
1898 10 0 0 0 0 0 0 0 0 0 0 0 
1899 10 0 0 0 0 0 0 0 0 0 0 0 
1900 10 0 0 0 0 0 0 0 0 0 0 0 
1901 10 0 0 0 0 0 0 0 0 0 0 0 
1902 10 0 0 0 0 0 0 0 0 0 0 0 
1903 10 0 0 0 0 0 0 0 0 0 0 0 
1904 10 0 0 0 0 0 0 0 0 0 0 0 
1905 10 0 0 0 0 0 0 0 0 0 0 0 
1906 10 0 0 0 0 0 0 0 0 0 0 0 
1907 10 0 0 0 0 0 0 0 0 0 0 0 
1908 10 0 0 0 0 0 0 0 0 0 0 0 
1909 10 0 0 0 0 0 0 0 0 0 0 0 
1910 10 0 0 0 0 0 0 0 0 0 0 0 
1911 10 0 0 0 0 0 0 0 0 0 0 0 
1912 10 0 0 0 0 0 0 0 0 0 0 0 
1913 10 0 0 0 0 0 0 0 0 0 0 0 
1914 10 0 0 0 0 0 0 0 0 0 0 0 
1915 10 0 0 0 0 0 0 0 0 0 0 0 
1916 10 0 0 0 0 0 0 0 0 0 0 0 
1917 10 0 0 0 0 0 0 0 0 0 0 0 
1918 10 0 0 0 0 0 0 0 0 0 0 0 
1919 10 86 0 0 0 0 0 0 0 0 0 0 
1920 10 87 0 0 0 0 0 0 0 0 0 0 
1921 10 88 0 0 0 0 0 0 0 0 0 0 
1922 10 89 0 0 0 0 0 0 0 0 0 0 
1923 10 0 0 0 0 0 0 0 0 0 0 0 
1924 10 0 0 0 0 0 0 0 0 0 0 0 
1925 10 0 0 0 0 0 0 0 0 0 0 0 
1926 10 0 0 0 0 0 0 0 0 0 0 0 
1927 10 0 0 0 0 0 0 0 0 0 0 0 
1928 10 0 0 0 0 0 0 0 0 0 0 0 
1929 10 93 0 0 0 0 0 0 0 0 0 0 
1930 10 94 0 0 0 0 0 0 0 0 0 0 
1931 10 95 0 0 0 0 0 0 0 0 0 0 
1932 10 96 0 0 0 0 0 0 0 0 0 0 
1933 10 97 0 0 0 0 0 0 0 0 0 0 
1934 10 98 0 0 0 0 0 0 0 0 0 0 
1935 10 0 0 0 0 0 0 0 0 0 0 0 
1936 10 0 0 0 0 0 0 0 0 0 0 0 
1937 10 100 0 0 0 0 0 0 0 0 0 0 
1938 10 101 0 0 0 0 0 0 0 0 0 0 
1939 10 102 0 0 0 0 0 0 0 0 0 0 
1940 10 103 0 0 0 0 0 0 0 0 0 0 
1941 10 0 0 0 0 0 0 0 0 0 0 0 
1942 10 0 0 0 0 0 0 0 0 0 0 0 
1943 10 0 0 0 0 0 0 0 0 0 0 0 
1944 10 0 0 0 0 0 0 0 0 0 0 0 
1945 10 0 0 0 0 0 0 0 0 0 0 0 
1946 10 0 0 0 0 0 0 0 0 0 0 0 
1947 10 0 0 0 0 0 0 0 0 0 0 0 
1948 10 0 0 0 0 0 0 0 0 0 0 0 
1949 10 0 0 0 0 0 0 0 0 0 0 0 
1950 10 0 0 0 0 0 0 0 0 0 0 0 
1951 10 108 0 0 0 0 0 0 0 0 0 0 
1952 10 109 0 0 0 0 0 0 0 0 0 0 
1953 10 110 0 0 0 0 0 0 0 0 0 0 
1954 10 111 0 0 0 0 0 0 0 0 0 0 
1955 10 0 0 0 0 0 0 0 0 0 0 0 
1956 10 0 0 0 0 0 0 0 0 0 0 0 
1957 10 0 0 0 0 0 0 0 0 0 0 0 
1958 10 0 0 0 0 0 0 0 0 0 0 0 
1959 10 0 0 0 0 0 0 0 0 0 0 0 
1960 10 0 0 0 0 0 0 0 0 0 0 0 
1961 10 0 0 0 0 0 0 0 0 0 0 0 
1962 10 0 0 0 0 0 0 0 0 0 0 0 
1963 10 0 0 0 0 0 0 0 0 0 0 0 
1964 10 0 0 0 0 0 0 0 0 0 0 0 
1965 10 0 0 0 0 0 0 0 0 0 0 0 
1966 10 0 0 0 0 0 0 0 0 0 0 0 
1967 10 0 0 0 0 0 0 0 0 0 0 0 
1968 10 0 0 0 0 0 0 0 0 0 0 0 
1969 10 0 0 0 0 0 0 0 0 0 0 0 
1970 10 0 0 0 0 0 0 0 0 0 0 0 
1971 10 0 0 0 0 0 0 0 0 0 0 0 
1972 10 0 0 0 0 0 0 0 0 0 0 0 
1973 10 0 0 0 0 0 0 0 0 0 0 0 
1974 10 0 0 0 0 0 0 0 0 0 0 0 
1975 10 116 0 0 0 0 0 0 0 0 0 0 
1976 10 117 0 0 0 0 0 0 0 0 0 0 
1977 10 118 0 0 0 0 0 0 0 0 0 0 
1978 10 119 0 0 0 0 0 0 0 0 0 0 
1979 10 120 0 0 0 0 0 0 0 0 0 0 
1980 10 121 0 0 0 0 0 0 0 0 0 0 
1981 10 122 0 0 0 0 0 0 0 0 0 0 
1982 10 123 0 0 0 0 0 0 0 0 0 0 
1983 10 0 0 0 0 0 0 0 0 0 0 0 
1984 10 0 0 0 0 0 0 0 0 0 0 0 
1985 10 0 0 0 0 0 0 0 0 0 0 0 
1986 10 0 0 0 0 0 0 0 0 0 0 0 
1987 10 0 0 0 0 0 0 0 0 0 0 0 
1988 10 0 0 0 0 0 0 0 0 0 0 0 
1989 10 0 0 0 0 0 0 0 0 0 0 0 
1990 10 0 0 0 0 0 0 0 0 0 0 0 
1991 10 0 0 0 0 0 0 0 0 0 0 0 
1992 10 0 0 0 0 0 0 0 0 0 0 0 
1993 10 0 0 0 0 0 0 0 0 0 0 0 
1994 10 0 0 0 0 0 0 0 0 0 0 0 
1995 10 0 0 0 0 0 0 0 0 0 0 0 
1996 10 0 0 0 0 0 0 0 0 0 0 0 
1997 10 0 0 0 0 0 0 0 0 0 0 0 
1998 10 0 0 0 0 0 0 0 0 0 0 0 
1999 10 0 0 0 0 0 0 0 0 0 0 0 
2000 10 0 0 0 0 0 0 0 0 0 0 0 
2001 10 0 0 0 0 0 0 0 0 0 0 0 
2002 10 0 0 0 0 0 0 0 0 0 0 0 
2003 10 0 0 0 0 0 0 0 0 0 0 0 
2004 10 0 0 0 0 0 0 0 0 0 0 0 
2005 10 0 0 0 0 0 0 0 0 0 0 0 
2006 10 0 0 0 0 0 0 0 0 0 0 0 
2007 10 0 0 0 0 0 0 0 0 0 0 0 
2008 10 0 0 0 0 0 0 0 0 0 0 0 
2009 10 0 0 0 0 0 0 0 0 0 0 0 
2010 10 0 0 0 0 0 0 0 0 0 0 0 
2011 10 0 0 0 0 0 0 0 0 0 0 0 
2012 10 0 0 0 0 0 0 0 0 0 0 0 
2013 10 0 0 0 0 0 0 0 0 0 0 0 
2014 10 0 0 0 0 0 0 0 0 0 0 0 
2015 10 0 0 0 0 0 0 0 0 0 0 0 
2016 10 0 0 0 0 0 0 0 0 0 0 0 
2017 10 0 0 0 0 0 0 0 0 0 0 0 
2018 10 0 0 0 0 0 0 0 0 0 0 0 
2019 10 0 0 0 0 0 0 0 0 0 0 0 
2020 10 0 0 0 0 0 0 0 0 0 0 0 
2021 10 0 0 0 0 0 0 0 0 0 0 0 
2022 10 0 0 0 0 0 0 0 0 0 0 0 
2023 10 0 0 0 0 0 0 0 0 0 0 0 
2024 10 0 0 0 0 0 0 0 0 0 0 0 
2025 10 0 0 0 0 0 0 0 0 0 0 0 
2026 10 0 0 0 0 0 0 0 0 0 0 0 
2027 10 0 0 0 0 0 0 0 0 0 0 0 
2028 10 0 0 0 0 0 0 0 0 0 0 0 
2029 10 0 0 0 0 0 0 0 0 0 0 0 
2030 10 0 0 0 0 0 0 0 0 0 0 0 
2031 10 0 0 0 0 0 0 0 0 0 0 0 
2032 10 0 0 0 0 0 0 0 0 0 0 0 
2033 10 0 0 0 0 0 0 0 0 0 0 0 
2034 10 0 0 0 0 0 0 0 0 0 0 0 
2035 10 0 0 0 0 0 0 0 0 0 0 0 
2036 10 0 0 0 0 0 0 0 0 0 0 0 
2037 10 0 0 0 0 0 0 0 0 0 0 0 
2038 10 0 0 0 0 0 0 0 0 0 0 0 
2039 10 0 0 0 0 0 0 0 0 0 0 0 
2040 10 0 0 0 0 0 0 0 0 0 0 0 
2041 10 0 0 0 0 0 0 0 0 0 0 0 
2042 10 0 0 0 0 0 0 0 0 0 0 0 
2043 10 0 0 0 0 0 0 0 0 0 0 0 
2044 10 0 0 0 0 0 0 0 0 0 0 0 
2045 10 0 0 0 0 0 0 0 0 0 0 0 
2046 10 0 0 0 0 0 0 0 0 0 0 0 

0 5 2 2 0.982456 14 -15 50 -14 21 -15 -31 -14 48 -14 7 -14 -14 -14 50 -15 51 -14 14 -15 0 -15 4 -14 45 -15 -28 -15 40 4 0.222222 1 -22 33 
1 5 2 2 0.140351 2 13 -11 12 -15 4 0.989899 49 11 1 25 23 -18 44 -21 37 25 16 -14 40 23 35 15 -6 -18 45 13 41 24 2 18 -6 -19 14 18 36 12 -11 21 25 20 22 -9 45 11 -17 5 45 -9 21 11 41 11 5 -19 41 -18 -15 -9 34 9 44 8 37 16 16 -16 -27 -8 -3 -16 -12 -21 9 -16 38 10 28 -15 37 -6 5 1 34 -22 -11 -14 39 -5 20 20 -27 -19 -26 -10 33 -3 9 -14 39 23 -10 -1 43 -13 23 
2 5 2 2 0.5 1 16 -24 4 0.941176 4 -9 12 -2 4 21 0 12 -4 
3 5 2 2 0.949153 14 10 21 16 28 15 31 8 -20 11 33 11 8 16 44 13 45 16 50 11 28 -12 34 -12 37 -12 53 -12 27 4 0.461538 3 26 22 12 21 1 29 
4 5 2 2 0.266667 3 12 -28 -10 -3 16 36 4 0.977778 33 13 -25 -1 36 22 -19 5 -19 20 4 10 -26 7 -23 5 35 -6 38 11 41 13 -27 3 42 6 -8 4 37 4 42 2 -29 -8 -27 -14 -26 13 42 -3 -10 -13 44 13 37 -12 -29 -14 -25 6 -30 -6 40 -12 43 -12 -32 -21 0 -20 -27 -4 10 -14 35 6 37 
5 5 2 2 0.736842 7 -11 -12 -12 -26 -13 2 11 19 -8 48 -13 19 -12 48 4 0.851064 10 -19 44 -19 -24 -10 39 -18 41 12 -14 -8 36 21 23 -4 0 20 9 -13 35 
6 5 2 2 0.0620155 2 12 -21 16 22 4 0.995885 121 -9 19 16 22 -6 27 10 19 -12 15 -9 32 -15 7 -16 -2 -16 -7 -11 30 -15 25 -19 21 19 -4 4 26 -16 26 -11 29 -17 5 10 24 -20 15 16 -20 -16 -26 7 -14 -16 -28 -10 28 8 -21 -17 18 -13 -3 -18 24 -11 6 -11 -8 -21 4 -20 -1 -13 -6 14 14 -12 4 -11 0 -12 10 -14 25 -21 1 -22 -25 6 21 -18 9 -15 3 -12 -17 -15 7 -13 25 -16 20 -13 15 -20 -3 -13 -3 -17 19 -21 18 -14 23 -6 -2 -8 19 -22 31 14 12 -18 24 -22 -28 -14 -14 -7 26 -3 -3 -3 -10 2 30 -22 -19 -2 2 -3 16 -22 -15 18 -14 -5 31 0 -18 -3 26 17 -1 0 4 5 28 -15 -16 1 -2 5 -23 -15 13 -15 -2 -24 -29 -16 -17 -20 26 -17 25 3 -28 3 -12 4 -14 4 -4 4 4 6 -18 6 -11 10 -22 -17 9 5 13 -19 -15 -19 -21 12 -29 19 26 15 -6 4 29 13 -18 13 3 14 18 15 19 -1 -16 12 -25 -25 29 -22 -10 13 11 8 11 16 -1 0 -2 8 21 10 21 17 9 21 -13 2 -29 19 -10 19 -4 1 -13 3 -29 
7 5 2 2 0.990099 75 16 53 -13 48 -11 53 13 42 -9 44 12 48 13 45 -20 44 1 47 -7 51 -6 47 6 46 11 52 6 45 12 50 -13 49 -6 49 -6 50 2 49 13 45 -4 52 9 48 8 49 15 46 7 51 7 43 9 42 16 51 16 48 -14 47 4 50 -5 47 -11 45 4 44 -3 50 0 50 3 51 -6 45 -4 50 2 46 3 49 -15 48 15 48 2 53 1 46 -14 44 -12 47 4 52 -6 47 -7 50 2 51 8 51 -9 46 -4 45 -10 47 -3 48 -3 48 1 46 1 47 -4 47 -7 45 4 45 -2 50 7 51 8 45 -6 49 10 50 13 46 -4 44 8 47 6 43 5 49 2 47 4 47 -17 44 4 0.137931 3 -17 44 21 44 -1 43 
8 5 2 2 0.99435 44 -13 -6 -1 6 -13 -3 3 20 -8 0 -7 16 -5 18 -4 20 3 24 -9 1 2 2 -2 1 2 16 0 0 4 -1 2 -1 -4 -2 5 8 -8 -5 -10 6 -6 7 -4 20 -15 -1 -2 15 -9 -3 -12 18 -6 26 -1 11 -7 28 -7 26 -13 3 -15 12 -2 24 -11 -4 -10 14 -8 -2 -4 7 -5 27 -6 29 -4 30 -12 0 -15 16 -12 14 -4 17 4 0.0833333 1 -1 -1 
9 5 2 2 0.941176 12 4 6 4 8 7 7 3 26 2 16 -12 5 3 7 -12 7 7 34 3 -9 7 32 4 29 4 0.5 3 -14 25 -2 10 6 26 
10 5 2 2 0.8 6 9 26 1 13 3 36 -14 6 6 36 9 36 4 0.8 6 7 36 -3 41 2 9 -8 34 -12 33 -19 24 
11 5 2 2 0.888889 2 -8 39 13 33 4 0.666667 1 0 43 
12 5 2 2 0.133333 1 -4 31 4 0.990476 26 -7 41 -19 41 -6 41 -13 42 -1 39 -5 36 2 34 -10 37 -10 35 -21 34 17 28 -22 32 -20 9 -10 29 6 -17 -12 27 -9 28 -23 32 -18 13 -19 18 -20 8 -23 15 -7 14 -23 29 -16 19 -14 19 
13 5 2 2 0.816327 70 -6 -3 15 28 3 -5 15 -9 -7 2 7 -11 -4 32 2 23 4 46 2 -5 -8 -19 -8 -20 -5 13 -19 -3 15 24 7 -8 -10 23 5 -14 -10 24 -1 -9 -2 16 -1 -16 4 38 -2 -9 15 27 -9 14 -9 8 -9 -12 -6 43 -7 -20 -9 -27 4 -17 -11 -23 -12 -19 -6 -8 15 31 -8 22 -13 -5 -6 -28 5 0 -14 -13 7 41 -4 29 -9 -23 -10 -7 -10 -11 15 9 1 -1 6 -3 -2 -2 3 -6 -2 29 8 40 -4 -13 14 33 6 38 4 35 7 30 1 -11 8 30 13 30 5 27 13 28 10 26 14 -2 10 23 9 19 11 29 14 28 -3 -17 4 0.782609 63 25 27 -21 -29 -13 2 -20 -9 10 -29 9 -27 -18 -25 -25 1 -17 -3 -12 44 -1 -15 -23 -5 -23 -4 -11 -29 -5 -30 -9 -26 -11 2 -3 39 3 -18 -8 -10 -4 -2 3 28 7 5 25 -25 3 19 -11 8 -21 -24 -13 -5 4 -14 -15 -17 -5 25 -13 -7 0 -8 1 -8 0 -5 16 -28 12 -15 -5 10 -1 -7 17 13 -4 24 21 38 13 35 7 34 21 -11 17 26 2 -2 5 12 16 -28 13 38 6 26 0 33 9 43 19 32 8 5 15 44 11 -29 13 -13 20 31 0 0 9 31 10 3 11 -16 
14 5 2 2 0.950495 24 5 39 14 19 -3 -20 8 -14 -2 15 4 -27 -2 -19 5 9 13 40 14 8 5 -14 5 -26 -1 8 8 12 1 11 -1 -11 3 -20 -2 -5 3 -16 4 -13 2 8 2 -21 6 -20 4 -19 4 0.454545 5 13 -23 7 26 16 10 9 -11 18 -19 
15 5 2 2 0.944099 304 11 -19 10 11 9 11 16 19 8 16 15 -14 9 -15 14 5 13 6 14 -12 12 -8 13 -12 7 0 6 4 11 -10 7 39 14 37 12 40 6 -26 11 1 7 20 11 -4 10 -16 8 -10 6 16 5 12 5 16 16 18 16 -5 7 37 9 11 9 -5 12 34 6 24 5 1 4 24 3 -25 7 28 10 -18 6 25 16 -17 4 37 16 5 4 10 5 24 3 0 4 0 16 34 5 3 9 9 9 10 9 -24 15 11 8 10 16 12 8 24 4 -10 8 -14 16 14 4 41 14 18 14 -2 15 21 12 41 3 29 1 40 3 0 13 11 1 40 1 40 15 -18 6 31 15 -4 -1 33 -2 -29 11 7 -1 22 0 35 3 32 -2 29 14 -16 13 -28 11 43 -2 39 2 41 -1 38 9 38 12 -24 -11 44 0 39 8 -8 -4 41 2 41 -10 40 -6 39 -4 43 -3 39 -11 41 -1 38 10 3 -6 42 -8 41 11 -33 -5 43 11 41 10 38 10 -18 9 27 5 -31 9 12 13 -1 6 -2 8 16 13 35 14 -27 10 34 -16 40 2 35 10 35 11 33 15 -26 14 -28 7 9 6 1 16 3 6 38 5 37 3 16 15 -20 14 33 8 -29 11 6 10 9 -14 39 -3 38 -1 37 4 21 13 -7 8 13 16 -30 1 35 8 4 16 5 -13 38 4 -8 -13 38 -9 36 10 2 10 0 12 -5 -5 37 2 32 -6 36 -9 36 14 -17 -15 38 -11 37 13 -28 -8 36 7 21 6 -2 13 -14 2 21 14 -5 1 -1 -3 34 -9 35 -20 37 5 -32 -12 36 -5 33 4 -29 12 6 2 33 9 1 -13 37 6 23 13 -17 14 12 -4 15 -5 34 3 35 5 0 -19 35 3 -32 -9 33 -4 6 -5 16 -6 32 -1 20 -10 33 10 1 0 17 -13 33 6 -16 -6 -32 5 -15 3 -35 -15 -30 -11 -32 -5 -3 -12 -25 -14 22 -12 19 -11 -17 -12 17 -15 29 -6 26 -11 -25 -19 24 -15 -22 -15 -30 -9 30 -17 7 -14 6 -19 -23 -16 16 -14 -25 -13 26 -14 30 -9 -19 -19 7 -19 13 -15 -11 -10 -26 -20 10 -11 -33 -13 23 -14 28 -19 -31 -18 24 -10 -23 -12 27 -18 -22 -20 0 -18 -17 -6 -30 -16 -29 -5 -17 -18 17 -19 23 -11 -20 -14 12 -16 4 -19 0 -18 19 0 29 -15 15 -16 30 -13 9 -15 -31 -4 -31 -4 -19 -16 -13 -19 -18 -20 13 -2 -13 -6 1 -15 -12 -10 -13 -18 -8 -17 -26 -12 13 -1 -22 -17 21 -8 -26 -9 25 -17 17 -1 -13 -12 29 -13 -24 -6 -12 -11 -11 -15 24 -11 13 3 10 -16 -18 -7 28 -7 -28 -6 22 -1 -27 -13 -7 -11 4 -6 28 -14 -10 -10 12 -11 16 -8 -24 -7 -24 -14 -26 -15 -18 -9 11 -11 30 -8 29 -5 -23 -15 32 -5 -11 -10 1 -10 26 -12 -9 -12 -14 -9 1 -7 -2 -5 -29 4 0.486486 72 9 0 6 0 -18 42 -2 14 -23 42 3 42 -4 34 6 14 2 24 22 7 23 7 9 41 20 -23 19 30 1 36 19 42 18 5 -17 45 0 5 1 42 -1 -22 12 42 -4 21 -20 43 26 16 8 28 18 15 5 9 5 8 17 -20 7 39 11 -5 4 6 20 23 7 1 4 -11 11 2 9 32 8 1 15 19 -7 29 9 21 -3 -18 4 40 -5 -2 4 -21 -6 38 -19 38 -18 38 -3 -28 -4 -26 6 38 -7 35 15 -7 2 -9 -15 35 9 34 4 -24 -22 3 -20 -35 -19 -28 -4 17 -3 -24 -22 2 -15 -25 -16 -6 -21 36 -14 29 2 5 5 13 -21 -14 -13 31 
16 5 2 2 0.872727 60 -5 -24 -11 -24 -11 25 -11 -16 -6 28 -8 -14 2 -30 -8 -17 -8 -20 -7 31 -6 14 -3 10 -2 -30 -5 -28 -1 -24 4 -13 1 -10 -1 -28 -1 -33 4 -28 -1 -24 -1 -18 6 -32 0 -21 -1 -29 5 -2 -5 20 -1 -21 3 -9 -6 6 9 -18 -3 14 4 -17 -6 -30 4 -29 -5 18 7 -27 5 -26 -5 31 -4 24 7 -26 -4 0 -3 -7 -3 1 -3 0 7 12 -2 10 8 -7 1 8 5 -11 2 -33 -4 1 -10 -33 2 -4 4 -32 -12 -31 -8 -32 -7 -35 -3 -8 -5 -9 4 0.7 35 -21 11 -22 -31 6 -10 -16 -15 -15 -16 -16 12 -19 -7 -15 24 -21 20 -7 0 -15 16 -6 -11 -21 18 10 5 -23 -29 -18 3 -12 11 -12 3 -20 -6 -12 30 12 -11 -10 3 10 12 -4 34 -8 27 -5 12 -4 -16 11 1 11 -8 -3 31 -15 16 -15 17 12 -6 -15 13 -13 18 
17 5 2 2 0.761905 8 7 -34 15 -32 11 -5 9 32 9 46 9 44 2 47 8 -34 4 0.833333 10 18 -8 0 -31 -1 9 -2 -29 0 32 3 29 1 36 -6 16 8 45 4 32 
18 5 2 2 0.242424 2 -3 41 -8 -33 4 0.980392 25 4 27 5 -14 -9 44 14 -32 4 -34 6 40 5 -19 10 28 6 3 9 -1 8 4 9 8 -16 43 -17 42 6 -2 -5 38 -22 36 -21 35 -15 32 -23 31 -21 -30 -22 -6 -23 -2 -19 -31 -22 3 
19 5 2 2 0.989691 24 -5 26 1 38 -5 31 -4 34 -2 28 -2 32 3 38 -3 31 -5 36 0 32 -2 36 2 27 5 30 -9 -6 -1 -36 -10 29 -5 -34 -11 10 -1 -35 2 2 -7 11 -11 -28 -14 4 8 29 4 0.142857 1 -6 30 
20 5 2 2 0.808081 20 -8 -35 9 32 0 -8 -8 -36 -7 18 11 -32 -6 18 11 -20 -9 -32 -6 -36 1 -11 -3 -21 -2 -31 -19 -32 -9 -36 -5 -14 2 -12 0 -15 -7 -30 4 10 4 0.791667 19 4 14 -4 27 6 -16 -8 39 -9 33 -10 31 -8 40 -7 37 -8 42 -8 35 -7 31 -7 28 -9 -22 -21 -31 -17 -27 -13 -28 7 -25 10 -27 -2 -26 
21 5 2 2 0.25 1 9 -36 4 0.979592 12 -20 -29 12 3 2 5 -5 -21 11 12 -7 -28 11 21 -7 -22 -1 35 -1 24 -8 29 -9 18 
22 5 2 2 0.972973 9 8 -33 9 -25 7 -28 12 1 6 30 10 14 11 26 -2 24 -5 -20 4 0.307692 1 -9 32 
23 5 2 2 0.097561 1 -1 -9 4 0.993289 37 -4 -12 -9 -6 8 1 -8 22 -4 -19 -12 21 -10 15 7 -12 -11 -7 -2 -19 15 -11 -12 -9 -11 -25 7 -23 -2 -24 -12 -4 5 16 -6 -22 5 9 -8 -23 2 33 4 12 -5 -3 -1 -3 3 16 -6 21 -2 0 -2 -26 -3 -9 -3 12 -4 -20 -4 12 -4 14 -25 40 -23 -2 -24 -18 -24 6 
24 5 2 2 0.909091 5 -6 -1 -7 -1 -4 -1 -7 -1 -8 1 4 0.615385 2 -21 7 -11 5 
25 5 2 2 0.166667 1 -14 -16 4 0.987654 20 26 25 0 -31 10 9 -17 -38 -13 -11 7 -5 -12 28 -13 -33 -1 -35 -17 -9 8 -25 6 -22 -18 -34 17 -12 -19 -35 -21 -32 10 32 9 5 1 -34 21 -13 
26 5 2 2 0.765957 9 -9 -17 -19 27 -10 -14 13 4 8 28 -5 20 13 39 12 34 12 -29 4 0.830189 11 -1 0 -8 25 -3 -20 -6 -6 -1 14 23 39 24 36 -13 16 -17 14 -17 18 8 -11 
27 5 2 2 0.264463 8 -16 23 -18 3 -9 3 -8 -5 -1 -20 -6 -10 -8 -33 -6 -25 4 0.978022 89 -5 -11 0 0 5 8 0 -10 -19 -22 0 -25 3 2 -14 -37 2 4 1 -28 -3 -4 -6 26 -4 -4 -16 -17 -12 -35 2 -10 1 -34 -14 -24 6 -31 -4 29 -13 -26 3 -12 -4 -35 4 -5 -18 -3 10 -8 12 1 -3 12 12 -8 -12 -8 11 5 1 -22 -1 24 11 0 -21 19 -13 -3 -13 4 -22 -17 -4 25 -2 1 -3 -17 -2 -1 -10 26 2 -8 6 26 -23 19 10 16 -11 -20 -14 -7 -1 -38 -2 -27 -3 6 -14 -37 -11 -29 -4 -23 10 -14 2 -36 -20 15 -13 -17 24 21 -21 -25 -20 -3 -8 27 -18 -2 -8 5 -20 -34 -15 -18 -8 1 -16 8 -14 -30 -14 -13 -13 -25 -11 -17 -11 -23 4 28 24 -9 24 -8 25 -10 -23 1 24 -11 -21 -31 9 6 -17 -5 -16 2 12 4 -18 -6 -17 -20 19 44 -19 -25 
28 5 2 2 0.969697 8 11 -23 12 -15 8 -34 -7 -38 14 34 11 -34 14 2 14 25 4 0.333333 1 17 -38 
29 5 2 2 0.965517 7 -2 -38 -9 -40 -2 -39 -18 -4 -3 -40 -2 -39 -18 -9 4 0.363636 1 -15 -38 
30 5 2 2 0.25 3 13 -19 16 46 -20 -15 4 0.979592 36 11 -21 10 -26 23 6 24 30 24 27 25 7 16 45 16 42 11 15 10 8 22 -29 25 -28 22 -30 24 42 25 -14 25 -33 8 8 22 -22 16 -35 4 -40 8 -34 17 -34 -13 -2 -4 -41 7 -35 4 -30 -7 -39 -12 -41 -3 -40 -12 -39 0 -33 -2 -39 -11 3 -2 -33 -15 -39 -21 -36 
31 5 2 2 0.780488 8 9 -37 -12 -40 -20 -38 -20 -36 -11 -38 -7 -36 -5 -37 -8 -35 4 0.818182 9 -11 -35 -13 -39 -7 -38 -18 -31 -10 -37 13 -35 -11 -30 -13 -36 -8 -29 
32 5 2 2 0.32 2 -9 -2 7 -39 4 0.971429 17 -10 5 -14 20 -19 20 -5 -5 -17 29 -1 -35 -3 -34 -11 0 -9 -40 -12 13 6 -37 -10 20 11 -38 -12 15 8 -35 -3 -37 5 -40 
33 5 2 2 0.666667 2 10 24 2 -15 4 0.888889 4 13 -37 7 5 8 -3 -12 23 
34 5 2 2 0.987013 19 -5 14 -5 13 1 -15 -12 23 -2 21 -1 18 -1 10 10 15 4 -5 -2 13 0 -23 6 5 13 -37 7 24 9 18 -9 -35 3 -37 4 -37 12 -36 4 0.173913 1 6 -33 
35 5 2 2 0.32 2 7 7 5 -36 4 0.971429 17 15 -35 -3 -25 -5 -33 -5 26 4 -17 -5 -22 -9 -14 -4 -22 -4 -18 -7 -1 -14 -7 -6 -8 -8 -5 3 15 6 24 3 8 -7 -21 
36 5 2 2 0.615385 2 12 21 2 -35 4 0.909091 5 -16 -7 -12 -21 -14 -20 -16 -6 -14 -8 
37 5 2 2 0.943396 25 -5 6 -6 -8 -4 20 -5 4 -2 22 -8 -23 -2 -8 0 24 -5 -5 1 29 -4 -14 -5 -9 3 -36 -9 11 -1 -2 14 -38 -1 3 -5 -1 -7 -24 -6 25 -6 18 -3 -36 16 -32 -3 -36 -14 22 4 0.489796 6 5 -32 22 -30 18 -31 -2 -1 0 0 -7 20 
38 5 2 2 0.235294 1 5 -30 4 0.981132 13 11 -31 -13 -28 9 -26 6 -26 -23 -25 -22 -25 -6 -29 -3 -27 -3 -29 -3 -29 12 -27 8 -29 -12 15 
39 5 2 2 0.5 1 -19 -43 4 0.941176 4 -16 -39 15 -39 12 -37 16 -38 
40 5 2 2 0.75 3 -5 -39 1 -42 -1 -41 4 0.842105 4 -8 -38 6 -38 6 -40 14 -37 
41 5 2 2 0.992248 32 -2 -43 15 -41 1 -43 10 -45 11 -41 0 -40 6 -40 1 -38 -13 -43 -10 -44 15 -42 -3 -45 0 -38 8 -39 -4 -44 -11 -40 -10 -42 -17 -43 5 -46 -17 -41 -9 -43 7 -42 -13 -44 -8 -44 -15 -42 -12 -45 -2 -40 -15 -39 -12 -41 -8 -42 -9 -41 6 -40 4 0.111111 1 -18 -37 
42 5 2 2 0.4 1 16 -42 4 0.96 6 18 -37 15 -37 -24 -39 -19 -39 -22 -36 -21 -34 
43 5 2 2 0.363636 2 6 -41 5 -45 4 0.965517 14 -1 4 -20 -32 -22 -38 12 -40 3 -39 -24 -38 3 -39 -24 -19 -23 21 -2 1 0 -45 -7 -37 -4 -39 -25 -34 
44 5 4 0 0.0615385 1 12 -33 2 0.0615385 1 8 -15 3 0.973913 56 23 18 22 -7 31 -1 20 50 30 -23 31 21 30 -5 19 52 29 -1 23 -34 18 35 20 54 30 27 22 -61 28 -27 30 50 24 6 21 55 -28 43 34 -31 26 -76 32 -39 21 0 20 -48 17 -41 32 51 26 -58 32 52 26 -82 19 14 26 58 25 43 26 38 33 11 -32 41 4 92 27 -9 25 61 7 91 32 20 13 81 13 79 -32 90 -42 -2 14 -26 -42 -1 -42 -10 26 23 26 -6 -39 2 22 -82 22 -23 -29 94 24 0 17 -78 17 6 4 0.216216 4 14 -9 11 -38 -21 34 11 -7 
45 5 3 2 0.744186 8 16 42 16 35 10 32 16 17 12 9 -6 -33 -6 -37 -5 -36 3 0.32 2 1 98 13 0 4 0.782609 9 -18 3 6 32 16 -19 21 19 12 -23 25 -20 -19 -30 -22 -28 -25 0 
46 5 2 2 0.571429 1 19 25 4 0.923077 3 12 27 16 33 26 -8 
47 5 2 2 0.986301 18 11 31 18 35 18 26 14 20 16 6 18 -20 11 37 20 -14 14 -21 15 28 16 -1 18 -11 14 4 15 7 16 -10 13 1 17 14 15 -36 4 0.181818 1 14 -32 
48 5 2 2 0.945455 13 21 -28 19 26 15 -29 17 19 17 4 16 30 19 27 17 -16 15 4 13 -6 11 -35 14 -4 12 -30 4 0.48 3 20 -28 18 -23 17 5 
49 5 2 2 0.6 3 15 -40 16 4 16 -42 4 0.914286 8 14 -36 26 10 16 -36 13 -37 15 31 23 -7 11 -37 17 -40 
50 5 2 2 0.761905 4 13 17 12 24 12 45 11 41 4 0.833333 5 13 -43 12 -38 13 -33 16 -30 13 9 
51 5 2 2 0.166667 1 14 45 4 0.987654 20 19 -27 17 -18 10 -30 6 23 12 38 26 -22 12 19 12 8 17 -27 26 26 16 24 23 22 13 45 17 -19 8 44 15 -2 10 45 19 23 26 0 17 0 
52 5 3 2 0.923077 6 15 24 7 -41 14 -44 15 7 15 20 11 -14 3 0.363636 1 -29 81 4 0.363636 1 16 -21 
53 5 2 0 0.981132 39 -5 65 9 20 -6 62 5 75 -8 62 -7 62 -10 62 -12 62 12 76 -4 57 -5 62 -12 59 -12 62 -4 58 -11 59 -12 55 -14 59 5 76 -11 63 9 73 7 77 1 56 8 66 -4 76 6 60 12 73 11 66 13 67 12 67 -12 55 -3 52 4 73 0 60 17 64 -11 65 7 58 5 74 -9 61 4 77 3 0.235294 3 12 100 -15 96 12 15 
54 5 3 0 0.592593 4 17 31 5 29 17 -44 18 16 1 0.222222 1 15 39 3 0.888889 10 -8 13 20 14 -10 14 10 12 9 -37 15 32 26 27 32 -38 29 -20 5 97 
55 5 2 0 0.133333 1 17 -6 3 0.990476 26 -8 15 -5 90 22 -72 -15 22 -3 90 28 75 28 57 -15 19 -5 16 28 15 35 16 41 10 20 17 10 75 27 15 10 37 25 65 19 17 28 7 19 11 -12 19 -10 20 28 26 0 18 33 -58 11 74 
56 5 3 0 0.761905 4 8 32 -5 90 -19 88 -21 89 3 0.666667 3 -16 84 -40 81 -41 87 4 0.533333 2 16 -29 18 -30 
57 5 2 0 0.98324 44 -1 60 14 60 17 58 15 -5 8 51 14 60 3 55 4 54 13 55 15 55 1 51 -3 50 9 52 -1 52 17 47 -16 60 15 -55 15 -48 13 46 -10 59 7 49 10 51 15 -10 5 47 17 -41 -16 60 -2 50 13 42 15 11 15 12 15 27 -10 48 16 -55 14 -44 13 -8 17 -14 -10 52 17 -62 15 52 13 -42 12 -43 16 38 17 -67 12 18 3 0.214286 3 10 83 -5 21 3 24 
58 5 3 0 0.645161 5 16 -26 -1 78 -4 79 -24 21 -10 79 3 0.869565 10 18 71 -10 42 12 74 21 24 19 5 -29 17 16 44 2 94 34 28 22 72 4 0.210526 1 11 -43 
59 5 2 0 0.93578 51 0 23 -22 22 -14 80 23 21 -7 52 12 24 -19 26 -11 77 2 26 14 24 -13 76 10 26 -1 26 -10 30 -22 28 -6 29 -13 29 11 28 10 30 21 28 -7 32 3 31 -19 33 -18 32 -17 31 0 31 -9 32 -22 33 3 31 4 86 5 33 3 90 13 33 5 32 -1 32 -1 33 13 34 -9 35 -12 36 -2 36 -13 37 -4 38 -10 38 -18 42 -1 40 -15 40 -23 42 6 39 -3 51 -17 54 -19 53 3 0.523364 14 5 78 -16 24 -28 24 -18 15 -29 27 -9 21 -21 80 -20 21 -18 27 8 42 3 98 26 34 11 92 26 78 
60 5 3 0 0.661654 22 15 21 0 84 -10 85 -18 32 -12 91 2 77 20 36 -18 89 11 41 -23 87 -24 93 -24 83 -20 85 -19 52 9 38 -24 49 -15 82 -24 34 -12 83 21 46 -23 93 -22 51 3 0.884422 44 37 21 38 21 15 32 17 85 18 29 11 43 22 37 20 77 24 29 33 27 18 90 20 23 15 34 -11 95 -1 40 26 81 27 37 2 43 21 38 23 91 8 94 -41 37 -43 90 -33 40 -33 95 -37 35 10 43 -35 99 -41 37 -35 42 -41 98 -36 38 -44 34 -33 90 -28 88 -16 41 -30 30 -17 41 -27 39 -33 42 -36 17 -32 25 -43 20 -44 20 4 0.0571429 1 -22 45 
61 5 3 0 0.846715 29 -12 42 -13 24 -15 44 18 -41 18 -60 2 46 -24 44 24 13 -24 51 -17 45 14 -39 18 -15 18 -34 -5 48 18 -37 -12 49 17 -31 25 8 7 51 1 50 17 -57 18 -49 12 -79 17 -52 23 -81 18 -36 17 -34 11 -28 17 -31 1 0.5 10 17 31 17 29 13 37 17 25 16 32 16 30 14 33 16 25 16 18 13 29 3 0.53012 11 14 16 37 6 -11 31 5 36 28 -13 33 6 -8 16 39 -11 32 -41 23 -50 37 -19 
62 5 2 0 0.190476 1 21 -28 3 0.985507 17 25 -41 34 -35 25 -2 35 -74 39 -1 38 -15 40 -39 34 -24 28 -8 39 -40 27 -51 27 -49 36 13 38 -37 42 -4 33 -91 38 -37 
63 5 3 0 0.666667 3 20 -14 18 -11 17 12 3 0.833333 5 35 -84 31 -80 28 -67 31 -57 38 -73 4 0.333333 1 15 -43 
64 5 2 0 0.969697 16 13 77 0 80 1 77 -7 80 11 78 16 -22 20 11 15 -73 2 73 15 -5 18 -70 2 72 16 -78 16 -46 19 -89 20 -68 3 0.333333 2 35 -28 21 -6 
65 5 2 0 0.929293 23 3 68 11 66 24 -39 6 66 22 -21 25 -15 19 68 18 66 21 -67 24 -45 25 2 24 -71 2 56 24 -50 0 57 20 -28 24 -71 17 67 7 63 3 58 3 53 22 10 11 58 3 0.54902 7 41 12 32 -26 28 9 30 4 36 57 32 -4 6 -42 
66 5 4 0 0.747875 66 15 57 14 55 20 57 20 31 23 -92 19 56 19 -90 15 49 23 53 19 60 14 72 20 70 21 50 20 -19 16 59 20 46 23 46 10 62 9 74 21 71 21 66 24 79 0 72 23 31 11 79 20 71 23 57 6 76 25 84 25 58 8 88 -24 78 23 85 10 81 25 82 15 81 24 49 18 87 24 59 25 90 -20 76 14 84 19 71 -23 87 23 93 -24 70 24 93 -24 68 20 79 15 85 17 79 23 41 17 83 22 27 16 40 2 91 6 89 25 47 11 71 19 -80 25 -81 19 -86 16 40 -16 53 18 36 -14 53 2 0.216216 10 20 -5 20 -24 21 -3 16 16 20 14 19 -8 19 0 14 -36 17 -39 17 -36 3 0.767123 70 41 -18 39 -30 24 7 37 -34 38 -4 42 -13 28 -42 37 -57 36 -60 26 -54 39 11 25 -52 37 -20 41 -55 23 27 33 -78 23 -82 37 -19 -8 -75 34 12 32 -33 25 -41 39 7 38 -30 31 -39 24 28 35 6 43 -2 -44 2 23 95 38 89 28 89 29 9 41 -24 44 31 38 41 41 -19 36 -15 39 44 31 98 42 10 42 44 37 86 37 33 -41 100 37 72 42 -13 40 32 34 91 35 43 -43 -8 37 99 42 22 -43 14 29 41 34 -81 34 81 41 38 32 93 1 -78 19 95 -41 8 26 14 33 44 28 43 18 98 11 -98 41 -96 -12 43 25 43 4 0.197802 9 19 -41 19 -44 17 -43 24 -43 19 17 26 -39 25 44 16 39 20 45 
67 5 3 0 0.64 4 19 9 23 -10 23 -4 21 -11 3 0.421053 2 37 24 45 17 4 0.823529 7 18 43 23 37 10 32 16 25 16 28 19 22 19 16 
68 5 3 0 0.711111 24 22 -25 20 -64 19 19 18 -9 17 -74 24 -26 19 25 25 18 18 -49 16 -31 16 13 18 -55 19 -51 25 -36 19 25 16 47 17 47 24 -61 24 -57 23 22 24 -51 25 -66 22 -57 24 -77 2 0.115942 2 14 -14 14 -21 3 0.850575 37 37 -20 36 30 36 14 38 -82 44 -4 38 -58 44 -21 40 15 34 -19 33 -88 38 62 31 -62 37 -13 31 65 43 -7 40 -10 35 40 36 38 33 18 36 -67 31 -24 22 80 31 8 31 -7 28 15 29 6 28 6 44 -5 21 -20 26 34 33 80 33 9 35 -31 29 17 36 36 39 -43 31 83 
69 5 2 0 0.26087 3 17 53 23 41 24 45 3 0.978417 34 44 31 32 62 31 -23 37 -58 38 -39 39 10 42 47 41 -25 37 -79 40 -66 40 32 45 4 43 5 40 -70 39 -29 43 27 39 63 42 -18 38 -11 34 78 42 -28 41 -26 42 -26 44 -19 32 -8 36 55 31 93 36 18 43 8 6 -90 38 73 41 -87 43 37 40 77 
70 5 3 2 0.916667 11 20 38 21 -30 21 -16 21 42 21 22 20 43 21 23 20 26 21 37 21 27 21 -30 3 0.380952 2 42 25 43 -28 4 0.380952 2 23 21 22 18 
71 5 4 0 0.363636 3 21 -92 -11 53 -6 56 2 0.571429 6 19 30 19 1 19 -6 19 8 21 -13 17 -15 3 0.363636 3 30 -95 26 -38 34 26 4 0.8 12 17 26 15 28 22 31 15 28 15 -22 20 -5 26 24 21 -25 22 -14 13 15 19 2 17 30 
72 5 4 0 0.0689655 1 9 80 2 0.131148 2 17 -7 17 -44 3 0.1875 3 45 24 37 22 31 25 4 0.970297 49 26 26 18 -32 16 -28 24 12 12 9 18 -2 23 -41 24 -20 20 -17 17 -27 21 -14 18 31 20 5 22 -10 24 -13 23 29 23 -11 26 19 22 -35 23 30 23 34 21 4 16 40 21 27 20 -18 26 -31 23 22 16 32 20 37 20 18 25 34 25 -17 21 44 20 32 19 -24 22 32 21 -4 25 35 26 34 25 -32 19 33 21 -38 16 -39 19 -45 16 -42 21 39 22 -44 20 -43 24 37 
73 5 3 2 0.64 4 21 8 19 -31 21 -3 17 -22 3 0.774194 6 42 4 31 22 22 34 38 -43 32 37 42 -29 4 0.545455 3 24 25 23 40 20 -37 
74 5 2 0 0.26087 3 -5 66 -3 19 -18 73 3 0.978417 34 -41 34 -41 23 -15 29 4 18 -41 38 -5 20 2 20 -39 27 -30 73 -27 35 -40 62 -2 19 2 25 -37 36 4 16 7 14 -18 13 -4 9 6 11 -13 64 -27 29 3 15 -30 82 -42 21 -17 38 -36 -37 8 -38 -39 -1 -39 -22 -40 -8 -44 -29 -37 2 -40 41 -41 -13 
75 5 3 0 0.666667 2 -17 64 -21 77 3 0.8 3 -42 0 -38 -10 -41 0 4 0.444444 1 -25 39 
76 5 3 0 0.896552 13 17 0 18 21 -11 49 15 -6 -14 48 11 -16 13 -49 18 36 15 -47 18 -43 17 36 3 66 16 7 1 0.32 2 12 12 16 -4 3 0.516129 4 -2 7 -14 34 -4 9 25 -19 
77 5 3 0 0.744186 8 1 70 15 -64 11 -23 -2 19 16 -34 15 2 -2 18 -4 18 1 0.782609 9 17 4 14 -8 16 28 14 -25 14 23 17 -2 14 21 15 -10 15 -17 3 0.32 2 -13 15 14 -19 
78 5 3 0 0.210526 1 15 15 1 0.363636 2 12 24 12 -17 3 0.945455 13 -18 8 20 41 -5 9 27 -12 12 -29 36 -7 32 12 33 -24 33 -25 37 -27 29 0 32 11 -20 41 
79 5 2 0 0.266667 1 17 -35 1 0.977778 11 14 -16 17 -23 17 35 17 27 16 -12 17 16 14 -1 17 12 14 -13 14 -14 14 26 
80 5 2 0 0.979592 12 10 43 8 -32 2 18 10 52 -16 68 -10 67 3 71 -8 63 13 -32 -19 52 -5 75 -12 75 3 0.25 1 12 40 
81 5 3 0 0.166667 3 -10 -3 -16 -72 -4 -3 1 0.0606061 1 -16 -37 3 0.983333 59 -39 77 -21 74 -29 61 -32 -28 -31 -16 -30 -42 -34 -29 -31 -6 -31 29 -34 -47 -24 -65 -21 -6 -25 66 -30 -31 -24 66 -23 -85 -28 -29 -14 -33 -22 -15 -22 2 -21 29 -29 24 -1 -66 -27 -31 -27 53 -29 0 6 16 -30 -67 -20 55 -15 -35 7 10 5 10 -27 -34 3 -70 2 16 -25 -49 -14 -45 -5 21 -25 -13 -8 -24 -17 -5 -18 -64 0 -43 -6 -41 -6 -9 -5 -13 -21 -38 -8 -28 9 -20 7 20 9 -2 -14 -15 -9 34 -22 -51 -22 15 -23 -25 -25 21 -22 -12 -5 0 
82 5 2 1 0.923077 6 -14 23 4 -34 0 -34 1 -34 0 -39 -2 -39 3 0.571429 2 -11 -29 7 -29 
83 5 5 0 0.0179372 2 16 -76 12 -70 1 0.979493 406 2 30 -3 6 -4 10 -4 1 -9 30 -10 23 -2 8 -8 20 -4 -12 -6 13 -1 -6 -2 17 -3 -2 0 34 -4 7 0 36 -3 35 3 36 5 19 2 32 5 -12 -2 39 5 -13 -1 18 0 -3 1 30 2 10 -6 1 -3 -5 -6 4 -3 13 -6 15 -1 -16 -5 7 -6 16 -3 -26 -2 3 -2 -7 -1 5 -2 5 -5 11 -5 19 2 1 3 17 -4 11 -2 -16 -2 -6 -1 9 -9 24 -8 31 1 -2 -6 -4 -3 -9 -8 24 -6 22 16 0 -7 29 -7 27 -3 27 -11 35 -10 -9 -2 -3 -2 21 -9 -12 -4 17 -2 -31 -12 23 -5 -8 3 -26 -9 -24 1 -25 -5 30 -3 37 -5 -11 -1 -11 -7 30 -8 36 -14 -15 3 12 2 -1 -11 10 -10 -18 3 11 -13 17 -8 -9 -3 -12 -3 -11 -8 -19 -9 30 4 28 4 -24 -7 29 -6 7 -11 12 -7 -24 -1 -3 3 22 -4 26 5 29 -2 25 -4 28 -4 -11 -8 -21 1 -23 -12 23 7 21 -3 27 -3 24 -1 -29 -7 19 -9 -37 -11 -37 -16 -36 -15 -39 -16 -35 2 -38 7 -38 1 -34 -13 -38 -1 -20 -3 -24 -2 -18 -3 -21 -7 -19 -7 -21 -6 -13 -2 -16 -2 -27 -6 -6 -5 36 -6 -22 -3 -23 -5 -23 4 -36 -10 -38 5 -37 3 -38 -11 -38 -6 -17 7 -39 -7 -31 -13 -39 4 -38 -4 -23 -2 11 -5 -37 -15 -36 6 -36 -15 -35 -14 -34 5 -34 -15 -36 -4 -31 16 -35 2 -17 0 -6 0 -20 -8 8 -10 0 -11 7 -6 -17 -11 -13 2 25 4 -11 -10 4 -10 7 2 14 -9 12 -1 0 1 19 0 24 2 -8 -13 7 2 17 1 11 -3 32 -11 8 -7 13 -1 -10 -1 24 -3 32 -7 -1 -2 -2 1 0 2 32 -1 -5 -2 36 -4 -17 -9 6 -4 -28 -4 -31 -6 -4 -2 38 -2 28 -6 32 -11 17 0 33 -3 22 -8 -2 0 36 -4 38 -7 23 -10 37 -7 18 -11 -5 -1 -11 1 1 -13 10 -5 -7 6 13 7 16 -14 -5 4 13 -14 32 5 -12 6 -26 8 -27 -15 -9 8 -18 -14 -10 -16 -18 8 11 -16 -17 -11 -5 -13 23 12 33 7 15 2 -33 2 -32 5 -30 -16 -12 -14 -30 -16 34 -13 38 -6 -27 -11 -27 -2 -33 8 8 -11 16 6 -27 6 5 6 14 -13 -1 6 6 5 16 -14 -21 8 -3 2 19 5 28 7 10 6 26 6 -31 7 -26 -13 -18 -16 -31 2 12 2 17 2 16 -16 23 10 38 -16 -10 14 31 13 21 -14 -31 -15 -30 -12 -32 12 30 13 -5 15 27 15 25 15 -10 17 36 16 -9 3 -34 15 26 14 2 17 37 17 20 -13 2 -15 19 8 8 5 -29 -12 3 -12 -29 6 -7 8 24 -16 29 -15 8 -14 -4 -14 31 -16 13 -16 1 -16 -17 -16 -13 -15 27 12 30 -15 27 -8 24 4 35 -10 -17 -10 22 -11 26 -9 -2 2 -30 -10 2 -13 -7 6 17 -9 -22 1 16 5 -6 -11 -10 -11 -7 1 22 -5 26 -12 17 3 -15 8 15 6 -24 -2 -9 2 -28 6 -24 5 -8 -9 -32 6 2 6 23 6 14 2 -23 4 0 3 -29 0 28 -11 11 8 -13 -14 12 4 6 4 18 5 34 -14 10 3 -26 2 0 4 4 -15 21 2 17 4 9 6 20 -10 -2 -11 -23 1 13 -11 5 4 -28 7 16 4 13 3 2 4 -28 -5 -24 -11 -9 -9 -27 1 -30 -7 -7 -5 -7 1 3 5 -9 -12 -12 -13 -23 -14 -28 7 3 -11 4 -13 25 -15 -5 -14 16 2 -3 8 25 -13 -15 -8 38 8 10 -16 -27 -9 -29 7 3 -14 7 -13 32 8 7 5 -15 -11 7 -10 -22 -12 -11 -14 -26 -11 31 -13 -31 4 37 -14 29 -15 13 1 -1 -11 27 -13 -18 -11 25 5 31 -13 -6 -11 34 6 -15 -13 3 -13 33 -10 25 5 -10 2 -10 5 24 -7 -32 -4 -25 2 0.00902935 1 -8 -42 3 0.226415 30 -19 -99 -26 -95 -25 -93 14 -40 -23 -14 25 -31 -8 -93 -8 37 -7 77 1 0 -16 37 -8 29 -8 -26 10 16 -11 48 -8 -23 -7 24 -24 -53 -25 -45 -13 19 -16 -3 -18 55 8 21 -12 -64 -18 -36 -12 -62 -15 -12 -8 -2 -2 -23 -3 -9 4 0.00902935 1 10 -44 
84 5 3 0 0.930233 10 -5 55 2 70 -23 56 11 55 3 68 -16 56 -2 70 -14 63 -23 74 -4 74 3 0.421053 2 12 -25 10 -42 4 0.25 1 19 -44 
85 5 4 0 0.235294 1 -13 71 1 0.521739 3 -6 -28 -4 -37 -3 -36 3 0.842105 8 -30 -23 -32 -41 -25 11 -32 -29 -35 -40 12 -30 -39 -36 -36 38 4 0.4 2 -24 -7 -25 26 
86 5 2 0 0.994083 42 7 -29 8 -39 14 41 14 -16 15 24 15 17 16 36 14 10 14 3 15 20 9 -34 13 -21 13 36 15 -28 14 -46 18 28 12 -39 13 -28 11 -74 11 24 12 -69 12 -42 13 -33 12 -10 10 34 13 21 14 25 14 -33 11 -2 8 -2 13 3 12 31 7 -45 13 22 17 30 12 -29 13 -42 10 1 12 12 12 19 7 1 11 -35 3 0.0869565 1 17 -84 
87 5 3 0 0.609524 16 8 -66 21 -54 11 16 10 10 11 11 8 8 10 -52 12 -27 12 -23 18 -3 9 6 18 -27 13 1 14 -30 11 -29 12 -5 1 0.77037 26 12 -10 12 12 10 -2 13 10 13 16 12 10 11 -6 10 -15 12 12 11 11 14 -28 13 0 12 -9 14 -5 12 26 13 26 9 -29 12 -23 13 -4 12 -32 13 14 13 33 10 -28 13 -26 13 30 8 -31 3 0.588235 15 24 12 29 -43 23 24 25 0 20 44 21 42 26 30 29 -10 25 29 24 26 26 47 26 -84 24 33 23 -47 32 -35 
88 5 3 0 0.8 8 12 32 4 23 9 27 8 14 7 -31 5 -32 -16 -1 -16 -19 1 0.48 3 7 -29 12 -2 10 -1 3 0.645161 5 -40 9 23 45 24 16 -34 -25 10 -77 
89 5 2 0 0.296296 4 -21 2 5 -35 -16 0 7 0 3 0.974359 38 21 7 -40 -31 10 -73 -42 -29 -37 -30 25 -25 10 -49 -40 -42 25 -39 21 -75 -35 -38 -39 -2 -34 70 -38 -14 -39 72 -30 -66 -39 -54 -43 -7 20 -41 -42 -71 -42 13 -29 -39 -33 -78 -32 -48 -32 -40 -36 50 -42 -57 -37 -3 -34 -37 -29 -1 -32 -5 -37 37 -38 -20 -41 -53 -30 -4 22 4 -30 7 21 -19 
90 5 3 0 0.736842 7 14 -60 17 22 -21 -19 -17 -4 -17 17 -24 -47 -19 -33 1 0.2 1 13 -34 3 0.818182 9 -32 2 -28 -2 -32 47 -27 -25 -34 -74 -37 -67 -33 -34 -31 10 -32 1 
91 5 3 0 0.988662 109 -13 17 -15 3 -16 13 -17 0 -9 26 -13 24 -17 -2 -12 25 -23 -73 -17 0 -14 -1 -23 -16 -17 -63 -13 2 -16 -1 -15 9 -14 14 -16 -62 -21 -14 -12 -48 -11 0 -22 -70 -12 -2 -13 -6 -13 -12 -14 -8 -17 -30 -15 -28 -9 21 -16 -4 -18 -6 -5 -31 -14 -38 -11 7 -9 -17 -11 -7 -13 10 -14 -9 -10 -11 -4 -48 -10 10 -12 -5 -11 -43 -16 -41 -12 -40 -1 -34 -9 12 -9 -9 -4 9 -7 -15 -11 -24 -15 -39 -12 -40 -4 8 -1 39 -9 -12 -12 -54 -7 -9 -8 -27 0 19 0 -74 -13 -59 -7 -24 3 -65 -10 1 -16 -50 -11 -61 -5 -13 5 14 -9 -61 -7 -68 3 -19 -3 -6 -10 -27 0 7 -11 -45 -9 -26 3 -39 -5 -17 3 16 -6 -16 -2 -29 2 -30 2 13 3 16 -5 4 -5 3 -7 -4 -1 13 5 38 -2 16 -6 -38 -6 -49 5 21 5 22 9 38 -3 -23 3 25 -3 -40 1 -7 3 -25 3 -18 6 11 -1 -30 -1 -43 3 -13 5 -1 5 8 7 4 1 0.0666667 2 0 -32 -12 -19 3 0.097561 3 18 -84 17 -52 9 22 
92 5 3 0 0.545455 3 -1 -29 1 -32 -9 75 1 0.823529 7 3 11 4 15 5 13 4 9 6 21 7 -11 7 -24 3 0.545455 3 11 63 14 12 8 27 
93 5 3 0 0.926471 63 4 -71 -4 -84 8 11 -8 -83 11 -39 -12 -89 -12 -78 3 -77 -4 -90 -3 -48 9 10 3 -89 -10 -89 -7 -44 -4 -41 -8 -90 -24 -3 -18 -85 3 -31 1 -37 -1 -9 1 2 1 -34 -1 -52 6 25 4 -60 0 -51 8 -14 5 -47 3 -47 8 -22 16 -10 2 -60 10 2 6 -56 10 31 2 -54 9 -40 5 -49 16 -38 6 -51 6 -38 -3 -50 1 -25 9 -63 6 -31 6 -40 3 -46 10 -40 4 -90 13 -75 7 -16 8 -40 4 6 1 -51 11 -88 2 -47 9 -46 5 -57 8 -49 12 -88 10 -75 9 -37 1 0.37931 11 -1 -10 0 -12 0 -13 1 16 2 17 4 -27 5 -27 9 1 9 29 13 1 14 11 3 0.327273 9 10 46 8 -34 8 -54 11 42 11 -17 17 -27 24 -19 15 9 13 -29 
94 5 2 0 0.363636 1 6 -43 3 0.965517 7 18 -66 15 -68 -40 -94 23 6 7 -92 -42 -93 20 37 
95 5 3 0 0.633431 54 8 -42 11 -12 13 -50 9 -2 8 -12 0 -18 6 -7 10 -31 1 5 10 -38 9 -14 6 -21 6 -11 7 -16 12 -54 3 -6 6 -40 4 -16 -3 -33 -7 -10 8 -43 1 -11 -1 -16 -6 -37 19 -45 13 36 12 -69 -4 -41 17 -79 19 -17 -3 -78 11 37 5 -66 -3 -21 3 -19 -3 -7 -7 -69 5 2 0 -37 2 -50 17 -26 7 -65 6 -5 6 -70 8 14 9 41 -1 30 -4 1 9 -75 8 -76 11 -78 4 -62 9 -72 8 -75 1 0.869903 112 11 -25 13 -12 12 -16 9 -34 9 -32 10 -1 11 29 8 -11 10 -1 11 31 10 29 9 20 13 26 13 24 11 -18 4 -30 7 -14 8 -6 14 28 9 -35 13 25 8 -21 12 25 9 6 9 -7 6 -13 6 32 4 -23 5 -21 12 27 9 -20 -3 -28 3 -25 8 29 1 -27 7 -27 2 -24 6 16 4 -4 8 -29 9 32 6 -28 8 -15 10 6 4 -8 5 -29 5 -12 -4 -23 -7 -29 7 -12 0 -20 7 13 7 -21 4 5 8 -23 5 22 -10 -32 -2 -16 2 -35 5 20 1 9 -1 9 -5 -25 6 12 5 18 1 32 -6 -27 -7 -34 9 9 2 13 -1 4 0 8 4 -5 -1 -11 3 -10 10 -1 -2 33 0 8 0 -13 -1 -32 4 -20 -1 6 -1 17 0 -22 -3 -7 2 12 -1 1 0 -22 3 18 2 17 4 -33 -2 -26 -5 -25 5 -25 -1 2 -1 17 3 1 2 -8 1 2 0 -5 0 -14 5 12 3 -14 2 4 4 -31 1 35 -4 12 2 -27 0 -16 -1 -18 1 -28 3 -33 3 0.238532 13 16 13 23 -12 15 27 14 -55 23 -36 15 2 10 -47 -2 -21 14 -26 12 17 6 -36 0 15 10 -33 
96 5 3 0 0.444444 3 7 -36 4 -51 -24 -15 1 0.190476 1 -4 -34 3 0.933333 14 20 -19 -4 -62 -2 22 8 72 9 -44 4 -55 8 27 12 -11 6 68 3 -34 19 -11 16 -40 -41 -19 -43 -40 
97 5 4 0 0.615385 2 10 -71 -5 -84 1 0.4 1 10 -35 2 0.4 1 14 -45 3 0.75 3 -38 -99 2 -94 12 -98 
98 5 2 0 0.965517 14 -7 -74 14 -72 2 -72 10 -71 15 -74 14 -76 7 -79 7 -74 2 -76 0 -86 14 -85 -2 -83 -2 -82 9 -81 3 0.363636 2 18 -93 -43 -98 
99 5 3 0 0.428571 3 -24 15 9 -28 6 11 1 0.181818 1 11 -31 3 0.9375 15 -42 -5 -43 23 -35 -3 -35 -24 -43 -18 -32 -13 -37 -90 -39 9 -42 -86 -40 -90 -37 52 -38 41 -36 57 -40 -48 -39 -24 
100 5 3 0 0.705882 3 12 -5 10 -30 7 6 1 0.8 4 8 -30 4 35 5 -22 6 -28 3 0.363636 1 13 -36 
101 5 2 0 0.2 1 0 -37 1 0.984615 16 3 25 8 -29 1 -31 3 25 3 24 11 25 8 1 9 14 4 23 8 -3 7 -5 12 17 11 20 9 19 12 21 12 15 
102 5 3 0 0.727273 2 -9 -2 -17 43 1 0.5 1 -1 -18 3 0.727273 2 -38 -47 -40 -17 
103 5 2 0 0.983607 15 -12 -80 -6 -41 -16 -82 -24 -90 -17 28 5 -54 -15 34 -19 15 -19 13 -5 -6 -7 74 -10 14 -16 9 -16 -16 -13 36 3 0.210526 1 -34 2 
104 5 3 0 0.571429 3 6 -23 0 -55 9 -78 1 0.444444 2 4 -18 -2 24 3 0.848485 7 -43 -72 6 -89 9 -8 3 9 4 8 6 55 -43 14 
105 5 2 0 0.133333 1 -3 -20 1 0.990476 26 4 -8 7 28 -1 29 6 35 5 29 5 -35 1 0 11 24 4 -6 9 21 12 31 1 -26 11 32 1 27 12 31 1 24 7 33 8 34 4 -22 12 30 8 31 9 35 11 34 0 28 -1 27 11 31 
106 5 3 0 0.740741 5 -5 31 11 -40 3 -74 2 35 0 45 1 0.740741 5 11 -23 -3 27 10 35 4 2 2 -1 3 0.444444 2 27 0 29 5 
107 5 2 0 0.363636 2 5 -54 9 -55 1 0.965517 14 -1 26 -1 34 -1 28 6 30 6 -24 0 35 8 -23 5 30 7 -31 11 31 5 31 9 -34 9 -5 9 34 
108 5 2 0 0.857143 9 -22 3 -21 13 -15 -2 -13 -28 -15 -18 -18 -76 -21 -75 -21 -43 -18 -61 3 0.727273 6 -14 88 -29 44 -27 -3 -25 -9 -27 48 4 -6 
109 5 2 0 0.0952381 1 -21 -13 3 0.993464 38 -4 -19 -5 -14 -21 9 -27 -12 -32 -60 -19 11 -34 -3 -26 55 -1 -5 0 2 -30 -63 -15 26 -42 45 -33 64 5 18 -34 44 -31 -47 -24 -31 3 -11 -19 17 -25 -10 -26 0 -27 45 -31 42 -9 -26 -15 1 -28 52 -10 3 -34 -50 -10 -1 -23 72 -11 10 -27 -29 19 -40 20 -13 8 34 -24 62 19 -16 
110 5 2 0 0.984615 16 -11 10 -12 -2 -20 -75 -12 -85 -15 -77 -16 11 -15 -70 -10 10 -14 -10 -15 -62 -9 -44 -15 -17 -17 -45 -13 -53 -9 1 -4 -25 3 0.2 1 -14 8 
111 5 3 0 0.708861 14 -1 2 -11 -27 -21 -68 -4 -45 -13 -55 5 -2 -3 11 -16 -34 -21 -48 -20 -35 -16 -53 -13 -77 -5 -39 -3 -64 1 0.5625 9 -9 24 -9 21 -10 -16 -8 -17 -8 -4 -14 10 -7 32 -2 -30 -9 35 3 0.708861 14 7 -4 -30 46 -2 6 4 -35 -35 42 -36 39 -36 31 -8 54 8 -11 -39 -34 -29 -46 -13 42 -33 12 -22 81 
112 5 2 0 0.148148 2 -21 -11 -8 -65 3 0.989247 46 0 4 4 -14 6 2 4 3 -17 19 3 46 1 -8 6 -42 5 -52 -11 -32 4 -19 1 -15 -14 19 4 -47 -4 -62 -14 -26 2 -77 11 -22 -7 0 -6 -56 -16 -22 13 17 -9 -4 -12 -78 -13 -39 -4 -49 -7 -46 8 -3 -5 -68 5 -53 -16 13 -5 -57 7 -40 2 -69 4 17 14 -39 -1 1 10 -17 9 -14 3 62 -10 18 -7 64 4 32 -29 3 -34 5 -27 -31 
113 5 3 0 0.897959 11 -17 -84 -11 -86 -14 68 -14 70 -16 72 -10 -89 -14 71 -23 64 -14 64 -12 63 -5 59 3 0.363636 2 12 -20 -34 40 4 0.48 3 12 -41 24 -43 10 -45 
114 5 3 0 0.031746 1 6 45 1 0.985138 116 15 -12 16 -33 15 -16 15 -5 16 17 15 21 16 18 16 16 15 -34 13 -34 14 -21 14 -37 15 8 15 7 14 2 14 11 14 -33 14 21 14 24 13 11 13 8 13 4 13 -5 13 -2 13 -11 13 12 12 -19 13 -28 12 -3 14 -1 13 -22 13 -34 13 35 12 -21 12 -17 11 -30 12 -8 13 19 11 -39 13 21 12 -18 12 -4 14 -35 11 -26 12 14 12 -26 12 -34 11 38 12 5 14 22 11 6 11 -19 12 14 11 -38 11 38 15 -7 11 -13 11 -30 12 21 17 -22 12 10 11 19 11 -25 11 -38 10 1 10 -4 11 9 11 16 11 -9 11 30 11 -19 16 -34 12 22 15 -39 11 4 9 -38 15 1 16 -30 10 -11 13 14 10 34 8 -30 10 -12 9 -9 9 -33 9 -29 11 17 9 -34 9 -10 10 19 8 -35 9 26 9 35 9 -3 9 34 9 -8 9 32 9 12 9 32 9 -14 8 -32 9 15 8 24 7 36 7 32 6 34 6 36 17 -23 16 4 15 14 16 -30 17 7 16 -32 14 -25 16 8 12 -25 3 0.170213 6 15 40 -38 -77 11 56 14 -7 -26 30 9 9 
115 5 3 0 0.956522 11 14 -57 -6 71 13 -83 13 -53 1 69 -8 69 -4 68 14 9 -7 68 -6 71 -6 70 1 0.25 1 13 -22 3 0.25 1 20 31 
116 5 2 0 0.968421 23 -7 46 -14 46 -13 44 -8 43 -12 16 -6 72 -8 15 -12 74 -9 74 -2 73 -9 73 -17 73 -5 74 -11 74 -10 15 -6 73 -17 72 -15 74 -1 15 -8 43 2 70 -14 13 -8 13 3 0.342857 3 6 6 10 24 -12 5 
117 5 5 0 0.648649 6 -6 70 -1 68 9 -91 -2 66 -3 61 6 66 1 0.648649 6 -7 -32 9 -20 -6 -39 7 33 8 32 -5 -34 2 0.32 2 15 -50 14 -51 3 0.516129 4 -18 4 16 -20 -24 -98 27 -93 4 0.181818 1 12 -38 
118 5 3 0 0.371134 9 -8 60 3 63 -6 61 -20 63 -14 68 -9 66 -24 -65 -24 -29 -24 -92 1 0.0547945 1 -5 -38 3 0.96 60 12 -56 -19 31 -26 26 -9 -71 -7 -24 -22 -26 -32 -75 -32 45 -19 -74 -13 27 -32 -11 -3 24 -17 -26 -27 -96 -12 -31 -20 -22 -21 30 -31 -88 5 2 -29 -24 -22 23 -14 -34 -9 -31 -27 -19 4 -4 -27 -32 -22 -14 -7 -41 -31 -49 -23 -70 -22 3 -33 -97 -18 -5 -31 -23 -19 -23 -18 -25 -4 -16 6 5 -13 -6 -15 -38 -23 -13 -10 -38 -10 -40 -16 -42 -33 -24 -20 0 -19 0 -11 -18 -16 2 -28 -19 -9 -26 -8 63 -13 -20 -18 74 -1 -3 -10 -82 -21 35 -9 36 -12 30 -1 -26 
119 5 3 0 0.784 49 -24 -66 -4 10 -20 -29 -22 -59 -24 -54 -12 -67 -14 -36 -15 35 -15 33 -16 36 -11 38 -13 39 -16 31 -15 27 -15 35 -9 -60 -22 -92 -9 36 -14 25 -7 39 -7 40 -12 -52 -8 -46 -14 41 -11 33 -6 -33 -5 -25 -9 -11 -3 -42 -23 1 -12 -77 -6 30 -10 -90 -9 38 -3 -5 -16 -71 -11 -72 -14 8 -9 10 1 -73 -2 -11 -2 -71 -2 -73 -10 -72 0 -38 0 -73 -5 -73 1 65 -2 -92 1 0.13913 4 8 -6 9 0 8 -33 10 -24 3 0.790514 50 4 -13 8 1 -15 -39 -16 -22 -11 -17 -12 -4 -28 -22 -11 -39 -28 -11 -8 -46 -14 -14 -21 -32 -32 -19 -9 -16 3 -16 -21 -3 -4 55 -7 -70 -2 4 -5 -10 -5 24 -6 -65 12 1 -9 -17 -17 -11 -38 4 -34 28 -15 24 6 -24 -42 22 -7 -93 -11 28 6 -3 -2 43 -4 -47 -1 32 -13 2 -16 -82 -2 -46 -1 -49 -1 -89 -11 23 8 1 -1 -50 3 -38 2 18 1 -37 -11 77 -6 -70 11 -14 
120 5 3 0 0.695652 12 -6 75 -8 74 -16 0 -17 24 -17 34 -16 19 -24 13 -7 24 -16 -5 -7 24 -8 16 -10 16 1 0.561404 8 -11 12 -10 6 -14 6 -11 -7 -11 -3 -11 10 -14 -25 -12 20 3 0.722222 13 5 42 -22 -43 -29 -7 -34 -90 -37 -12 -28 -17 -29 -17 -37 6 -37 -32 -27 -23 -40 -30 -9 0 0 -21 
121 5 3 0 0.4625 37 -17 -22 -5 26 -16 -15 -7 35 -6 18 -10 12 -16 -62 -12 -69 -10 6 -16 -50 -10 -46 -12 -23 -7 -69 -12 -22 -11 -24 -5 2 -9 -35 -10 -63 -6 -3 -9 -59 -6 -51 -5 -69 -5 -49 -8 -68 -7 -23 -4 -12 -20 -91 -3 -52 0 -90 -15 -73 -5 -67 -2 -56 1 -65 -3 -55 -6 -71 -8 -70 1 -91 1 0.940845 167 -14 -3 -14 -24 -11 5 -12 -31 -8 10 -11 -33 -13 -17 -11 -20 -8 -3 -13 -24 -8 11 -13 -7 -8 20 -12 -16 -14 4 -12 -32 -13 16 -9 13 -12 23 -8 -18 -12 19 -11 10 -13 -15 -10 4 -9 -9 -8 8 -12 -25 -13 -27 -14 18 -7 -34 -6 15 -13 6 -9 18 -10 -32 -13 22 -9 -21 -10 -7 -10 -26 -12 -31 -9 25 -14 -30 -14 25 -12 19 -8 26 -10 28 -10 -14 -9 -28 -12 -17 -12 17 -12 -27 -12 -29 -11 17 -9 -7 -11 3 -10 -1 -9 -16 -9 -8 -13 -20 -11 12 -11 11 -11 2 -9 -6 -11 -9 -9 14 -10 17 -9 12 -5 -6 -10 8 -9 11 -9 -2 -10 24 -10 -4 -10 11 -12 -32 -10 -13 -8 -8 -10 1 -6 -2 -8 -9 -9 13 -11 27 -9 -12 -4 18 -11 33 -12 30 -8 10 -9 -5 -10 28 -6 23 -8 -32 -7 -10 -7 30 -8 -19 -7 -18 -7 10 -8 -27 -9 -19 -9 -21 -9 -33 -8 0 -6 -29 -7 22 -8 0 -7 3 -8 -23 -8 27 -7 14 -8 -34 -6 7 -6 14 -6 -9 -6 9 -14 34 -7 5 -7 -11 -7 1 -4 20 -3 25 -6 23 -3 -33 -6 23 -6 -26 -5 -23 -6 1 -5 -28 -5 20 -3 26 -2 -8 -6 19 -6 -19 -4 -33 -2 -2 -2 1 -5 1 -4 -28 -4 -16 -4 -23 -11 35 -6 30 -3 -1 -4 -8 -6 28 -4 2 -5 -22 -4 24 -3 19 -3 18 -3 -5 -3 13 -11 -25 -3 16 -5 29 -6 35 -3 -20 -2 -9 -2 13 -2 -3 -3 26 -11 -35 -2 -2 -1 7 -3 30 -4 34 2 29 -2 33 -7 -24 -6 -34 3 0.0892857 5 -24 -40 -3 12 -2 30 0 -37 0 -32 
122 5 3 0 0.681818 15 -8 -9 8 -91 -5 -74 0 -56 5 -51 -16 -3 -6 -60 -9 15 -21 69 -21 71 -6 -63 -1 -6 -1 28 -5 -62 3 -29 1 0.290909 4 -1 -13 2 28 -1 -17 0 -27 3 0.834783 24 -2 -54 1 45 14 -26 12 -11 -9 -68 -4 -99 7 42 0 16 -1 20 5 -26 -8 80 -43 -22 -4 22 -36 -29 5 27 1 -47 -2 73 -41 -49 13 -35 -41 -25 2 -84 5 28 3 -46 11 7 
123 5 2 0 0.95 19 0 -66 -3 -16 12 14 6 -68 1 38 6 -50 2 5 4 -66 -4 5 1 -43 3 -60 -3 -74 1 -73 -5 46 -2 -72 -4 -72 -24 2 4 -46 -3 -70 3 0.457143 4 -7 20 0 -57 7 -45 3 -40 
124 5 2 0 0.222222 3 9 -6 11 -41 10 -3 3 0.982456 42 -43 -41 26 -42 17 -87 24 -10 13 -76 10 -32 29 -1 29 -12 16 -72 9 -4 9 33 21 29 16 -44 22 10 7 -27 21 -8 7 13 22 -10 -37 19 3 62 -30 25 22 20 -28 24 12 37 11 72 21 -9 9 25 6 24 -27 74 -12 35 -2 27 -8 38 0 70 -2 76 -8 31 -16 79 -4 29 -10 77 -24 77 -1 34 21 -92 16 -9 
125 5 4 0 0.444444 1 -3 67 2 0.444444 1 -16 -21 3 0.444444 1 -16 38 4 0.8 3 -25 -28 11 -32 6 -43 
126 5 3 2 0.666667 5 16 -46 15 -42 -10 -46 12 -47 7 -44 3 0.222222 1 -21 39 4 0.857143 9 5 -37 -21 29 11 -33 -25 -36 17 -43 -25 35 -9 -42 -10 -43 8 -42 
127 5 2 2 0.16 1 10 -51 4 0.988235 21 8 -40 -2 -43 -1 -44 -25 -35 -22 -19 -18 -43 -18 -45 -9 -44 -22 10 6 -45 -21 -29 -24 -29 21 -38 9 -29 -10 -45 -21 -43 -23 -42 7 -28 -13 -44 21 -44 -21 -1 
128 5 2 2 0.8 4 7 -49 -3 -51 -3 -47 -10 -47 4 0.8 4 -6 -45 -2 -43 1 -45 2 -43 
129 5 2 2 0.979167 47 -8 -49 -7 -52 -15 -48 -14 -49 -13 -43 -6 -52 1 -45 -13 -50 2 -46 -7 -48 1 -50 3 -47 -6 -50 6 -48 -5 -45 -5 -42 -5 -43 -8 -44 -3 -49 0 -45 -1 -47 -11 -52 0 -46 -8 -43 -8 -42 -2 -50 -15 -50 0 -47 -5 -47 4 -52 8 -49 4 -51 -10 -52 3 -49 11 -49 6 -46 14 -49 13 -44 -3 -53 7 -52 -12 -52 -2 -53 -12 -53 -8 -53 -5 -53 11 -51 11 -53 4 0.253968 4 -23 -45 -19 -44 11 -42 13 -43 
130 5 2 2 0.363636 1 8 -51 4 0.965517 7 -7 -42 8 -43 -8 -43 -11 -43 18 -44 -16 -45 -20 -41 
