10 134 0
0 0 -1 19 22 1 6 36 36 3 2 32 -400 
1 1 -1 20 22 17 0 41 33 2 5 32 -999 
2 1 -1 22 12 22 8 44 43 2 2 32 4052 
3 2 -1 13 17 13 3 46 30 1 5 32 -936 
4 2 -1 21 12 0 15 33 31 14 10 32 -12837 
5 2 -1 11 18 20 0 43 39 4 7 32 -1503 
6 2 -1 7 4 1 7 41 16 5 24 32 -3582 
7 3 -1 12 1 9 13 45 36 2 10 32 -2029 
8 3 6 0 0 0 0 0 0 0 0 0 0 
9 3 -1 12 11 22 6 45 17 2 4 32 12185 
10 3 -1 1 8 12 1 31 40 10 4 32 -2810 
11 3 -1 39 22 0 0 3 36 0 0 1 8 
12 3 -1 2 9 16 7 20 44 6 2 32 675 
13 3 -1 22 12 22 13 44 38 2 4 32 12131 
14 3 -1 13 16 22 7 39 36 1 11 32 4051 
15 4 -1 20 19 3 1 31 34 6 11 32 -3430 
16 4 -1 11 14 7 11 27 41 9 5 32 -3224 
17 4 0 0 0 0 0 0 0 0 0 0 0 
18 4 0 0 0 0 0 0 0 0 0 0 0 
19 4 -1 4 8 7 0 15 41 4 1 32 -367 
20 4 -1 22 12 5 4 34 27 13 17 32 -20710 
21 4 34 0 0 0 0 0 0 0 0 0 0 
22 4 -1 13 20 0 13 26 44 2 3 32 -152 
23 4 -1 11 15 21 9 46 36 1 2 32 -388 
24 4 -1 20 16 12 18 43 34 1 9 32 -11 
25 4 -1 22 18 5 3 34 36 10 11 32 -1076 
26 4 -1 3 2 21 18 24 26 20 18 32 8426 
27 4 -1 0 18 12 13 39 45 8 1 32 5116 
28 4 -1 21 15 2 6 34 38 6 7 32 -23 
29 4 -1 19 10 13 14 37 39 3 2 32 3892 
30 4 -1 5 12 0 0 16 40 0 0 0 -33 
31 5 0 0 0 0 0 0 0 0 0 0 0 
32 5 -1 27 29 0 0 1 7 0 0 5 9 
33 5 3 0 0 0 0 0 0 0 0 0 0 
34 5 -1 25 29 0 0 15 6 0 0 17 -1 
35 5 0 0 0 0 0 0 0 0 0 0 0 
36 5 0 0 0 0 0 0 0 0 0 0 0 
37 5 0 0 0 0 0 0 0 0 0 0 0 
38 5 0 0 0 0 0 0 0 0 0 0 0 
39 5 -1 17 15 21 2 43 37 3 6 32 -445 
40 5 -1 12 1 4 14 46 19 1 10 32 -1873 
41 5 27 0 0 0 0 0 0 0 0 0 0 
42 5 -1 0 20 17 17 26 46 18 1 32 27651 
43 5 0 0 0 0 0 0 0 0 0 0 0 
44 5 0 0 0 0 0 0 0 0 0 0 0 
45 5 -1 36 12 0 0 3 34 0 0 1 -2 
46 5 -1 5 2 12 20 25 36 6 10 32 17486 
47 5 49 0 0 0 0 0 0 0 0 0 0 
48 5 50 0 0 0 0 0 0 0 0 0 0 
49 5 51 0 0 0 0 0 0 0 0 0 0 
50 5 52 0 0 0 0 0 0 0 0 0 0 
51 5 -1 0 44 0 0 19 7 0 0 0 53 
52 5 -1 15 30 0 0 46 32 0 0 1 -21 
53 5 81 0 0 0 0 0 0 0 0 0 0 
54 5 -1 14 20 13 9 42 29 5 17 32 704 
55 5 -1 0 19 2 17 17 38 16 2 32 -312 
56 5 97 0 0 0 0 0 0 0 0 0 0 
57 5 -1 8 10 2 5 37 17 9 20 32 -7475 
58 5 -1 32 32 0 0 27 26 0 0 22 3 
59 5 -1 3 5 8 0 44 22 3 5 32 -422 
60 5 109 0 0 0 0 0 0 0 0 0 0 
61 5 -1 22 5 1 3 25 26 11 11 32 -1472 
62 5 -1 0 18 2 10 40 29 3 9 32 -824 
63 6 0 0 0 0 0 0 0 0 0 0 0 
64 6 0 0 0 0 0 0 0 0 0 0 0 
65 6 1 0 0 0 0 0 0 0 0 0 0 
66 6 2 0 0 0 0 0 0 0 0 0 0 
67 6 0 0 0 0 0 0 0 0 0 0 0 
68 6 0 0 0 0 0 0 0 0 0 0 0 
69 6 4 0 0 0 0 0 0 0 0 0 0 
70 6 5 0 0 0 0 0 0 0 0 0 0 
71 6 0 0 0 0 0 0 0 0 0 0 0 
72 6 0 0 0 0 0 0 0 0 0 0 0 
73 6 0 0 0 0 0 0 0 0 0 0 0 
74 6 0 0 0 0 0 0 0 0 0 0 0 
75 6 0 0 0 0 0 0 0 0 0 0 0 
76 6 0 0 0 0 0 0 0 0 0 0 0 
77 6 0 0 0 0 0 0 0 0 0 0 0 
78 6 0 0 0 0 0 0 0 0 0 0 0 
79 6 7 0 0 0 0 0 0 0 0 0 0 
80 6 -1 15 14 3 0 44 34 3 4 32 -1554 
81 6 -1 21 14 13 7 35 44 9 1 32 919 
82 6 -1 20 16 15 10 37 44 10 1 32 14879 
83 6 0 0 0 0 0 0 0 0 0 0 0 
84 6 0 0 0 0 0 0 0 0 0 0 0 
85 6 -1 26 2 0 0 31 31 0 0 2 19 
86 6 -1 3 9 19 14 46 28 1 9 32 23983 
87 6 0 0 0 0 0 0 0 0 0 0 0 
88 6 0 0 0 0 0 0 0 0 0 0 0 
89 6 0 0 0 0 0 0 0 0 0 0 0 
90 6 0 0 0 0 0 0 0 0 0 0 0 
91 6 -1 16 0 5 15 29 19 13 12 32 -3567 
92 6 -1 5 18 11 21 39 43 3 4 32 19073 
93 6 -1 8 10 7 22 16 36 21 9 32 1704 
94 6 -1 20 2 22 20 46 44 1 2 32 42376 
95 6 0 0 0 0 0 0 0 0 0 0 0 
96 6 0 0 0 0 0 0 0 0 0 0 0 
97 6 0 0 0 0 0 0 0 0 0 0 0 
98 6 0 0 0 0 0 0 0 0 0 0 0 
99 6 0 0 0 0 0 0 0 0 0 0 0 
100 6 0 0 0 0 0 0 0 0 0 0 0 
101 6 0 0 0 0 0 0 0 0 0 0 0 
102 6 0 0 0 0 0 0 0 0 0 0 0 
103 6 -1 20 2 0 0 46 17 0 0 9 8 
104 6 62 0 0 0 0 0 0 0 0 0 0 
105 6 -1 5 27 0 0 18 26 0 0 1 -2 
106 6 -1 47 18 0 0 26 22 0 0 18 -5 
107 6 0 0 0 0 0 0 0 0 0 0 0 
108 6 0 0 0 0 0 0 0 0 0 0 0 
109 6 82 0 0 0 0 0 0 0 0 0 0 
110 6 83 0 0 0 0 0 0 0 0 0 0 
111 6 -1 19 45 0 0 6 36 0 0 13 8 
112 6 -1 17 18 9 6 45 36 2 9 32 155 
113 6 0 0 0 0 0 0 0 0 0 0 0 
114 6 0 0 0 0 0 0 0 0 0 0 0 
115 6 98 0 0 0 0 0 0 0 0 0 0 
116 6 -1 42 0 0 0 14 10 0 0 15 107 
117 6 -1 17 16 0 2 29 19 14 3 32 -4154 
118 6 104 0 0 0 0 0 0 0 0 0 0 
119 6 -1 6 1 17 0 30 21 11 5 32 -1911 
120 6 108 0 0 0 0 0 0 0 0 0 0 
121 6 0 0 0 0 0 0 0 0 0 0 0 
122 6 0 0 0 0 0 0 0 0 0 0 0 
123 6 -1 3 22 12 4 16 42 5 5 32 670 
124 6 113 0 0 0 0 0 0 0 0 0 0 
125 6 -1 5 10 1 7 43 18 2 14 32 -841 
126 6 -1 22 13 6 7 44 29 3 10 32 244 
127 7 0 0 0 0 0 0 0 0 0 0 0 
128 7 0 0 0 0 0 0 0 0 0 0 0 
129 7 0 0 0 0 0 0 0 0 0 0 0 
130 7 0 0 0 0 0 0 0 0 0 0 0 
131 7 0 0 0 0 0 0 0 0 0 0 0 
132 7 0 0 0 0 0 0 0 0 0 0 0 
133 7 0 0 0 0 0 0 0 0 0 0 0 
134 7 0 0 0 0 0 0 0 0 0 0 0 
135 7 0 0 0 0 0 0 0 0 0 0 0 
136 7 0 0 0 0 0 0 0 0 0 0 0 
137 7 0 0 0 0 0 0 0 0 0 0 0 
138 7 0 0 0 0 0 0 0 0 0 0 0 
139 7 0 0 0 0 0 0 0 0 0 0 0 
140 7 0 0 0 0 0 0 0 0 0 0 0 
141 7 0 0 0 0 0 0 0 0 0 0 0 
142 7 0 0 0 0 0 0 0 0 0 0 0 
143 7 0 0 0 0 0 0 0 0 0 0 0 
144 7 0 0 0 0 0 0 0 0 0 0 0 
145 7 0 0 0 0 0 0 0 0 0 0 0 
146 7 0 0 0 0 0 0 0 0 0 0 0 
147 7 0 0 0 0 0 0 0 0 0 0 0 
148 7 0 0 0 0 0 0 0 0 0 0 0 
149 7 0 0 0 0 0 0 0 0 0 0 0 
150 7 0 0 0 0 0 0 0 0 0 0 0 
151 7 0 0 0 0 0 0 0 0 0 0 0 
152 7 0 0 0 0 0 0 0 0 0 0 0 
153 7 0 0 0 0 0 0 0 0 0 0 0 
154 7 0 0 0 0 0 0 0 0 0 0 0 
155 7 0 0 0 0 0 0 0 0 0 0 0 
156 7 0 0 0 0 0 0 0 0 0 0 0 
157 7 0 0 0 0 0 0 0 0 0 0 0 
158 7 0 0 0 0 0 0 0 0 0 0 0 
159 7 0 0 0 0 0 0 0 0 0 0 0 
160 7 0 0 0 0 0 0 0 0 0 0 0 
161 7 -1 20 12 0 15 32 36 10 6 32 -5823 
162 7 -1 4 13 18 7 32 20 2 1 32 2275 
163 7 17 0 0 0 0 0 0 0 0 0 0 
164 7 -1 4 0 8 13 15 19 6 10 32 -4826 
165 7 -1 21 14 22 9 44 29 3 16 32 463 
166 7 26 0 0 0 0 0 0 0 0 0 0 
167 7 0 0 0 0 0 0 0 0 0 0 0 
168 7 0 0 0 0 0 0 0 0 0 0 0 
169 7 0 0 0 0 0 0 0 0 0 0 0 
170 7 0 0 0 0 0 0 0 0 0 0 0 
171 7 -1 10 35 0 0 36 28 0 0 2 -8 
172 7 31 0 0 0 0 0 0 0 0 0 0 
173 7 32 0 0 0 0 0 0 0 0 0 0 
174 7 33 0 0 0 0 0 0 0 0 0 0 
175 7 0 0 0 0 0 0 0 0 0 0 0 
176 7 0 0 0 0 0 0 0 0 0 0 0 
177 7 0 0 0 0 0 0 0 0 0 0 0 
178 7 0 0 0 0 0 0 0 0 0 0 0 
179 7 0 0 0 0 0 0 0 0 0 0 0 
180 7 0 0 0 0 0 0 0 0 0 0 0 
181 7 0 0 0 0 0 0 0 0 0 0 0 
182 7 0 0 0 0 0 0 0 0 0 0 0 
183 7 -1 8 26 0 0 40 38 0 0 10 -38 
184 7 37 0 0 0 0 0 0 0 0 0 0 
185 7 -1 44 32 0 0 2 19 0 0 10 10 
186 7 -1 4 22 3 1 18 27 22 11 32 -21840 
187 7 -1 1 22 12 3 23 27 14 15 32 -9976 
188 7 45 0 0 0 0 0 0 0 0 0 0 
189 7 -1 17 46 0 0 46 34 0 0 15 -62 
190 7 48 0 0 0 0 0 0 0 0 0 0 
191 7 0 0 0 0 0 0 0 0 0 0 0 
192 7 0 0 0 0 0 0 0 0 0 0 0 
193 7 0 0 0 0 0 0 0 0 0 0 0 
194 7 0 0 0 0 0 0 0 0 0 0 0 
195 7 0 0 0 0 0 0 0 0 0 0 0 
196 7 0 0 0 0 0 0 0 0 0 0 0 
197 7 0 0 0 0 0 0 0 0 0 0 0 
198 7 0 0 0 0 0 0 0 0 0 0 0 
199 7 0 0 0 0 0 0 0 0 0 0 0 
200 7 0 0 0 0 0 0 0 0 0 0 0 
201 7 0 0 0 0 0 0 0 0 0 0 0 
202 7 0 0 0 0 0 0 0 0 0 0 0 
203 7 0 0 0 0 0 0 0 0 0 0 0 
204 7 0 0 0 0 0 0 0 0 0 0 0 
205 7 0 0 0 0 0 0 0 0 0 0 0 
206 7 0 0 0 0 0 0 0 0 0 0 0 
207 7 -1 27 32 0 0 9 5 0 0 1 8 
208 7 -1 47 5 0 0 4 32 0 0 5 8 
209 7 0 0 0 0 0 0 0 0 0 0 0 
210 7 0 0 0 0 0 0 0 0 0 0 0 
211 7 63 0 0 0 0 0 0 0 0 0 0 
212 7 -1 5 38 0 0 34 46 0 0 14 -8 
213 7 -1 1 29 0 0 32 16 0 0 0 -12 
214 7 -1 16 18 0 0 44 12 0 0 17 11 
215 7 0 0 0 0 0 0 0 0 0 0 0 
216 7 0 0 0 0 0 0 0 0 0 0 0 
217 7 0 0 0 0 0 0 0 0 0 0 0 
218 7 0 0 0 0 0 0 0 0 0 0 0 
219 7 0 0 0 0 0 0 0 0 0 0 0 
220 7 0 0 0 0 0 0 0 0 0 0 0 
221 7 0 0 0 0 0 0 0 0 0 0 0 
222 7 0 0 0 0 0 0 0 0 0 0 0 
223 7 -1 20 0 14 18 42 27 1 20 32 8752 
224 7 -1 12 9 1 11 33 35 5 2 32 -326 
225 7 -1 16 21 17 20 36 43 3 2 32 847 
226 7 96 0 0 0 0 0 0 0 0 0 0 
227 7 0 0 0 0 0 0 0 0 0 0 0 
228 7 0 0 0 0 0 0 0 0 0 0 0 
229 7 0 0 0 0 0 0 0 0 0 0 0 
230 7 0 0 0 0 0 0 0 0 0 0 0 
231 7 0 0 0 0 0 0 0 0 0 0 0 
232 7 0 0 0 0 0 0 0 0 0 0 0 
233 7 99 0 0 0 0 0 0 0 0 0 0 
234 7 100 0 0 0 0 0 0 0 0 0 0 
235 7 101 0 0 0 0 0 0 0 0 0 0 
236 7 -1 27 42 0 0 12 47 0 0 0 23 
237 7 0 0 0 0 0 0 0 0 0 0 0 
238 7 0 0 0 0 0 0 0 0 0 0 0 
239 7 105 0 0 0 0 0 0 0 0 0 0 
240 7 -1 16 1 6 5 27 23 5 11 32 -462 
241 7 0 0 0 0 0 0 0 0 0 0 0 
242 7 0 0 0 0 0 0 0 0 0 0 0 
243 7 0 0 0 0 0 0 0 0 0 0 0 
244 7 0 0 0 0 0 0 0 0 0 0 0 
245 7 0 0 0 0 0 0 0 0 0 0 0 
246 7 0 0 0 0 0 0 0 0 0 0 0 
247 7 110 0 0 0 0 0 0 0 0 0 0 
248 7 -1 11 9 12 2 29 30 16 3 32 -795 
249 7 0 0 0 0 0 0 0 0 0 0 0 
250 7 0 0 0 0 0 0 0 0 0 0 0 
251 7 -1 18 20 14 19 37 39 4 1 32 9610 
252 7 121 0 0 0 0 0 0 0 0 0 0 
253 7 -1 2 15 0 15 42 35 3 2 32 -206 
254 7 -1 0 4 0 12 39 31 7 16 32 -1711 
255 8 0 0 0 0 0 0 0 0 0 0 0 
256 8 0 0 0 0 0 0 0 0 0 0 0 
257 8 0 0 0 0 0 0 0 0 0 0 0 
258 8 0 0 0 0 0 0 0 0 0 0 0 
259 8 0 0 0 0 0 0 0 0 0 0 0 
260 8 0 0 0 0 0 0 0 0 0 0 0 
261 8 0 0 0 0 0 0 0 0 0 0 0 
262 8 0 0 0 0 0 0 0 0 0 0 0 
263 8 0 0 0 0 0 0 0 0 0 0 0 
264 8 0 0 0 0 0 0 0 0 0 0 0 
265 8 0 0 0 0 0 0 0 0 0 0 0 
266 8 0 0 0 0 0 0 0 0 0 0 0 
267 8 0 0 0 0 0 0 0 0 0 0 0 
268 8 0 0 0 0 0 0 0 0 0 0 0 
269 8 0 0 0 0 0 0 0 0 0 0 0 
270 8 0 0 0 0 0 0 0 0 0 0 0 
271 8 0 0 0 0 0 0 0 0 0 0 0 
272 8 0 0 0 0 0 0 0 0 0 0 0 
273 8 0 0 0 0 0 0 0 0 0 0 0 
274 8 0 0 0 0 0 0 0 0 0 0 0 
275 8 0 0 0 0 0 0 0 0 0 0 0 
276 8 0 0 0 0 0 0 0 0 0 0 0 
277 8 0 0 0 0 0 0 0 0 0 0 0 
278 8 0 0 0 0 0 0 0 0 0 0 0 
279 8 0 0 0 0 0 0 0 0 0 0 0 
280 8 0 0 0 0 0 0 0 0 0 0 0 
281 8 0 0 0 0 0 0 0 0 0 0 0 
282 8 0 0 0 0 0 0 0 0 0 0 0 
283 8 0 0 0 0 0 0 0 0 0 0 0 
284 8 0 0 0 0 0 0 0 0 0 0 0 
285 8 0 0 0 0 0 0 0 0 0 0 0 
286 8 0 0 0 0 0 0 0 0 0 0 0 
287 8 0 0 0 0 0 0 0 0 0 0 0 
288 8 0 0 0 0 0 0 0 0 0 0 0 
289 8 0 0 0 0 0 0 0 0 0 0 0 
290 8 0 0 0 0 0 0 0 0 0 0 0 
291 8 0 0 0 0 0 0 0 0 0 0 0 
292 8 0 0 0 0 0 0 0 0 0 0 0 
293 8 0 0 0 0 0 0 0 0 0 0 0 
294 8 0 0 0 0 0 0 0 0 0 0 0 
295 8 0 0 0 0 0 0 0 0 0 0 0 
296 8 0 0 0 0 0 0 0 0 0 0 0 
297 8 0 0 0 0 0 0 0 0 0 0 0 
298 8 0 0 0 0 0 0 0 0 0 0 0 
299 8 0 0 0 0 0 0 0 0 0 0 0 
300 8 0 0 0 0 0 0 0 0 0 0 0 
301 8 0 0 0 0 0 0 0 0 0 0 0 
302 8 0 0 0 0 0 0 0 0 0 0 0 
303 8 0 0 0 0 0 0 0 0 0 0 0 
304 8 0 0 0 0 0 0 0 0 0 0 0 
305 8 0 0 0 0 0 0 0 0 0 0 0 
306 8 0 0 0 0 0 0 0 0 0 0 0 
307 8 0 0 0 0 0 0 0 0 0 0 0 
308 8 0 0 0 0 0 0 0 0 0 0 0 
309 8 0 0 0 0 0 0 0 0 0 0 0 
310 8 0 0 0 0 0 0 0 0 0 0 0 
311 8 0 0 0 0 0 0 0 0 0 0 0 
312 8 0 0 0 0 0 0 0 0 0 0 0 
313 8 0 0 0 0 0 0 0 0 0 0 0 
314 8 0 0 0 0 0 0 0 0 0 0 0 
315 8 0 0 0 0 0 0 0 0 0 0 0 
316 8 0 0 0 0 0 0 0 0 0 0 0 
317 8 0 0 0 0 0 0 0 0 0 0 0 
318 8 0 0 0 0 0 0 0 0 0 0 0 
319 8 0 0 0 0 0 0 0 0 0 0 0 
320 8 0 0 0 0 0 0 0 0 0 0 0 
321 8 0 0 0 0 0 0 0 0 0 0 0 
322 8 0 0 0 0 0 0 0 0 0 0 0 
323 8 8 0 0 0 0 0 0 0 0 0 0 
324 8 -1 22 20 0 0 33 2 0 0 1 13 
325 8 12 0 0 0 0 0 0 0 0 0 0 
326 8 -1 37 17 0 0 1 34 0 0 2 9 
327 8 0 0 0 0 0 0 0 0 0 0 0 
328 8 0 0 0 0 0 0 0 0 0 0 0 
329 8 18 0 0 0 0 0 0 0 0 0 0 
330 8 -1 23 8 0 0 4 37 0 0 1 20 
331 8 22 0 0 0 0 0 0 0 0 0 0 
332 8 -1 5 12 4 16 40 33 5 3 32 4134 
333 8 0 0 0 0 0 0 0 0 0 0 0 
334 8 0 0 0 0 0 0 0 0 0 0 0 
335 8 0 0 0 0 0 0 0 0 0 0 0 
336 8 0 0 0 0 0 0 0 0 0 0 0 
337 8 0 0 0 0 0 0 0 0 0 0 0 
338 8 0 0 0 0 0 0 0 0 0 0 0 
339 8 0 0 0 0 0 0 0 0 0 0 0 
340 8 0 0 0 0 0 0 0 0 0 0 0 
341 8 0 0 0 0 0 0 0 0 0 0 0 
342 8 0 0 0 0 0 0 0 0 0 0 0 
343 8 28 0 0 0 0 0 0 0 0 0 0 
344 8 -1 12 9 5 14 40 26 1 21 32 4972 
345 8 0 0 0 0 0 0 0 0 0 0 0 
346 8 0 0 0 0 0 0 0 0 0 0 0 
347 8 0 0 0 0 0 0 0 0 0 0 0 
348 8 0 0 0 0 0 0 0 0 0 0 0 
349 8 0 0 0 0 0 0 0 0 0 0 0 
350 8 0 0 0 0 0 0 0 0 0 0 0 
351 8 0 0 0 0 0 0 0 0 0 0 0 
352 8 0 0 0 0 0 0 0 0 0 0 0 
353 8 0 0 0 0 0 0 0 0 0 0 0 
354 8 0 0 0 0 0 0 0 0 0 0 0 
355 8 0 0 0 0 0 0 0 0 0 0 0 
356 8 0 0 0 0 0 0 0 0 0 0 0 
357 8 0 0 0 0 0 0 0 0 0 0 0 
358 8 0 0 0 0 0 0 0 0 0 0 0 
359 8 0 0 0 0 0 0 0 0 0 0 0 
360 8 0 0 0 0 0 0 0 0 0 0 0 
361 8 0 0 0 0 0 0 0 0 0 0 0 
362 8 0 0 0 0 0 0 0 0 0 0 0 
363 8 0 0 0 0 0 0 0 0 0 0 0 
364 8 0 0 0 0 0 0 0 0 0 0 0 
365 8 0 0 0 0 0 0 0 0 0 0 0 
366 8 0 0 0 0 0 0 0 0 0 0 0 
367 8 35 0 0 0 0 0 0 0 0 0 0 
368 8 36 0 0 0 0 0 0 0 0 0 0 
369 8 0 0 0 0 0 0 0 0 0 0 0 
370 8 0 0 0 0 0 0 0 0 0 0 0 
371 8 38 0 0 0 0 0 0 0 0 0 0 
372 8 39 0 0 0 0 0 0 0 0 0 0 
373 8 40 0 0 0 0 0 0 0 0 0 0 
374 8 41 0 0 0 0 0 0 0 0 0 0 
375 8 42 0 0 0 0 0 0 0 0 0 0 
376 8 -1 8 1 0 0 13 34 0 0 4 -7 
377 8 0 0 0 0 0 0 0 0 0 0 0 
378 8 0 0 0 0 0 0 0 0 0 0 0 
379 8 46 0 0 0 0 0 0 0 0 0 0 
380 8 47 0 0 0 0 0 0 0 0 0 0 
381 8 0 0 0 0 0 0 0 0 0 0 0 
382 8 0 0 0 0 0 0 0 0 0 0 0 
383 8 0 0 0 0 0 0 0 0 0 0 0 
384 8 0 0 0 0 0 0 0 0 0 0 0 
385 8 0 0 0 0 0 0 0 0 0 0 0 
386 8 0 0 0 0 0 0 0 0 0 0 0 
387 8 0 0 0 0 0 0 0 0 0 0 0 
388 8 0 0 0 0 0 0 0 0 0 0 0 
389 8 0 0 0 0 0 0 0 0 0 0 0 
390 8 0 0 0 0 0 0 0 0 0 0 0 
391 8 0 0 0 0 0 0 0 0 0 0 0 
392 8 0 0 0 0 0 0 0 0 0 0 0 
393 8 0 0 0 0 0 0 0 0 0 0 0 
394 8 0 0 0 0 0 0 0 0 0 0 0 
395 8 0 0 0 0 0 0 0 0 0 0 0 
396 8 0 0 0 0 0 0 0 0 0 0 0 
397 8 0 0 0 0 0 0 0 0 0 0 0 
398 8 0 0 0 0 0 0 0 0 0 0 0 
399 8 0 0 0 0 0 0 0 0 0 0 0 
400 8 0 0 0 0 0 0 0 0 0 0 0 
401 8 0 0 0 0 0 0 0 0 0 0 0 
402 8 0 0 0 0 0 0 0 0 0 0 0 
403 8 0 0 0 0 0 0 0 0 0 0 0 
404 8 0 0 0 0 0 0 0 0 0 0 0 
405 8 0 0 0 0 0 0 0 0 0 0 0 
406 8 0 0 0 0 0 0 0 0 0 0 0 
407 8 0 0 0 0 0 0 0 0 0 0 0 
408 8 0 0 0 0 0 0 0 0 0 0 0 
409 8 0 0 0 0 0 0 0 0 0 0 0 
410 8 0 0 0 0 0 0 0 0 0 0 0 
411 8 0 0 0 0 0 0 0 0 0 0 0 
412 8 0 0 0 0 0 0 0 0 0 0 0 
413 8 0 0 0 0 0 0 0 0 0 0 0 
414 8 0 0 0 0 0 0 0 0 0 0 0 
415 8 -1 19 14 16 0 41 15 2 1 32 -10 
416 8 -1 15 6 0 0 39 30 0 0 2 -28 
417 8 60 0 0 0 0 0 0 0 0 0 0 
418 8 61 0 0 0 0 0 0 0 0 0 0 
419 8 0 0 0 0 0 0 0 0 0 0 0 
420 8 0 0 0 0 0 0 0 0 0 0 0 
421 8 0 0 0 0 0 0 0 0 0 0 0 
422 8 0 0 0 0 0 0 0 0 0 0 0 
423 8 0 0 0 0 0 0 0 0 0 0 0 
424 8 0 0 0 0 0 0 0 0 0 0 0 
425 8 -1 46 42 0 0 23 46 0 0 20 2 
426 8 -1 2 12 0 0 16 13 0 0 6 -1 
427 8 -1 12 4 0 0 47 33 0 0 16 19 
428 8 -1 18 46 0 0 46 23 0 0 3 -28 
429 8 -1 43 26 0 0 15 15 0 0 16 -41 
430 8 -1 18 16 0 0 40 38 0 0 0 33 
431 8 0 0 0 0 0 0 0 0 0 0 0 
432 8 0 0 0 0 0 0 0 0 0 0 0 
433 8 0 0 0 0 0 0 0 0 0 0 0 
434 8 0 0 0 0 0 0 0 0 0 0 0 
435 8 0 0 0 0 0 0 0 0 0 0 0 
436 8 0 0 0 0 0 0 0 0 0 0 0 
437 8 0 0 0 0 0 0 0 0 0 0 0 
438 8 0 0 0 0 0 0 0 0 0 0 0 
439 8 0 0 0 0 0 0 0 0 0 0 0 
440 8 0 0 0 0 0 0 0 0 0 0 0 
441 8 0 0 0 0 0 0 0 0 0 0 0 
442 8 0 0 0 0 0 0 0 0 0 0 0 
443 8 0 0 0 0 0 0 0 0 0 0 0 
444 8 0 0 0 0 0 0 0 0 0 0 0 
445 8 0 0 0 0 0 0 0 0 0 0 0 
446 8 0 0 0 0 0 0 0 0 0 0 0 
447 8 -1 9 12 0 0 17 15 0 0 1 -4 
448 8 88 0 0 0 0 0 0 0 0 0 0 
449 8 -1 18 13 4 0 27 29 6 3 32 -780 
450 8 -1 2 20 16 21 29 42 6 3 32 3161 
451 8 94 0 0 0 0 0 0 0 0 0 0 
452 8 95 0 0 0 0 0 0 0 0 0 0 
453 8 0 0 0 0 0 0 0 0 0 0 0 
454 8 0 0 0 0 0 0 0 0 0 0 0 
455 8 0 0 0 0 0 0 0 0 0 0 0 
456 8 0 0 0 0 0 0 0 0 0 0 0 
457 8 0 0 0 0 0 0 0 0 0 0 0 
458 8 0 0 0 0 0 0 0 0 0 0 0 
459 8 0 0 0 0 0 0 0 0 0 0 0 
460 8 0 0 0 0 0 0 0 0 0 0 0 
461 8 0 0 0 0 0 0 0 0 0 0 0 
462 8 0 0 0 0 0 0 0 0 0 0 0 
463 8 0 0 0 0 0 0 0 0 0 0 0 
464 8 0 0 0 0 0 0 0 0 0 0 0 
465 8 0 0 0 0 0 0 0 0 0 0 0 
466 8 0 0 0 0 0 0 0 0 0 0 0 
467 8 0 0 0 0 0 0 0 0 0 0 0 
468 8 0 0 0 0 0 0 0 0 0 0 0 
469 8 0 0 0 0 0 0 0 0 0 0 0 
470 8 0 0 0 0 0 0 0 0 0 0 0 
471 8 0 0 0 0 0 0 0 0 0 0 0 
472 8 0 0 0 0 0 0 0 0 0 0 0 
473 8 102 0 0 0 0 0 0 0 0 0 0 
474 8 103 0 0 0 0 0 0 0 0 0 0 
475 8 0 0 0 0 0 0 0 0 0 0 0 
476 8 0 0 0 0 0 0 0 0 0 0 0 
477 8 0 0 0 0 0 0 0 0 0 0 0 
478 8 0 0 0 0 0 0 0 0 0 0 0 
479 8 0 0 0 0 0 0 0 0 0 0 0 
480 8 0 0 0 0 0 0 0 0 0 0 0 
481 8 106 0 0 0 0 0 0 0 0 0 0 
482 8 107 0 0 0 0 0 0 0 0 0 0 
483 8 0 0 0 0 0 0 0 0 0 0 0 
484 8 0 0 0 0 0 0 0 0 0 0 0 
485 8 0 0 0 0 0 0 0 0 0 0 0 
486 8 0 0 0 0 0 0 0 0 0 0 0 
487 8 0 0 0 0 0 0 0 0 0 0 0 
488 8 0 0 0 0 0 0 0 0 0 0 0 
489 8 0 0 0 0 0 0 0 0 0 0 0 
490 8 0 0 0 0 0 0 0 0 0 0 0 
491 8 0 0 0 0 0 0 0 0 0 0 0 
492 8 0 0 0 0 0 0 0 0 0 0 0 
493 8 0 0 0 0 0 0 0 0 0 0 0 
494 8 0 0 0 0 0 0 0 0 0 0 0 
495 8 0 0 0 0 0 0 0 0 0 0 0 
496 8 0 0 0 0 0 0 0 0 0 0 0 
497 8 111 0 0 0 0 0 0 0 0 0 0 
498 8 112 0 0 0 0 0 0 0 0 0 0 
499 8 0 0 0 0 0 0 0 0 0 0 0 
500 8 0 0 0 0 0 0 0 0 0 0 0 
501 8 0 0 0 0 0 0 0 0 0 0 0 
502 8 0 0 0 0 0 0 0 0 0 0 0 
503 8 -1 15 2 0 2 29 36 16 4 32 -2218 
504 8 -1 0 15 0 0 9 45 0 0 18 26 
505 8 0 0 0 0 0 0 0 0 0 0 0 
506 8 0 0 0 0 0 0 0 0 0 0 0 
507 8 -1 14 17 5 11 37 33 3 4 32 1940 
508 8 126 0 0 0 0 0 0 0 0 0 0 
509 8 -1 7 14 21 15 32 44 10 3 32 10471 
510 8 -1 16 14 5 5 28 32 8 10 32 -388 
511 9 0 0 0 0 0 0 0 0 0 0 0 
512 9 0 0 0 0 0 0 0 0 0 0 0 
513 9 0 0 0 0 0 0 0 0 0 0 0 
514 9 0 0 0 0 0 0 0 0 0 0 0 
515 9 0 0 0 0 0 0 0 0 0 0 0 
516 9 0 0 0 0 0 0 0 0 0 0 0 
517 9 0 0 0 0 0 0 0 0 0 0 0 
518 9 0 0 0 0 0 0 0 0 0 0 0 
519 9 0 0 0 0 0 0 0 0 0 0 0 
520 9 0 0 0 0 0 0 0 0 0 0 0 
521 9 0 0 0 0 0 0 0 0 0 0 0 
522 9 0 0 0 0 0 0 0 0 0 0 0 
523 9 0 0 0 0 0 0 0 0 0 0 0 
524 9 0 0 0 0 0 0 0 0 0 0 0 
525 9 0 0 0 0 0 0 0 0 0 0 0 
526 9 0 0 0 0 0 0 0 0 0 0 0 
527 9 0 0 0 0 0 0 0 0 0 0 0 
528 9 0 0 0 0 0 0 0 0 0 0 0 
529 9 0 0 0 0 0 0 0 0 0 0 0 
530 9 0 0 0 0 0 0 0 0 0 0 0 
531 9 0 0 0 0 0 0 0 0 0 0 0 
532 9 0 0 0 0 0 0 0 0 0 0 0 
533 9 0 0 0 0 0 0 0 0 0 0 0 
534 9 0 0 0 0 0 0 0 0 0 0 0 
535 9 0 0 0 0 0 0 0 0 0 0 0 
536 9 0 0 0 0 0 0 0 0 0 0 0 
537 9 0 0 0 0 0 0 0 0 0 0 0 
538 9 0 0 0 0 0 0 0 0 0 0 0 
539 9 0 0 0 0 0 0 0 0 0 0 0 
540 9 0 0 0 0 0 0 0 0 0 0 0 
541 9 0 0 0 0 0 0 0 0 0 0 0 
542 9 0 0 0 0 0 0 0 0 0 0 0 
543 9 0 0 0 0 0 0 0 0 0 0 0 
544 9 0 0 0 0 0 0 0 0 0 0 0 
545 9 0 0 0 0 0 0 0 0 0 0 0 
546 9 0 0 0 0 0 0 0 0 0 0 0 
547 9 0 0 0 0 0 0 0 0 0 0 0 
548 9 0 0 0 0 0 0 0 0 0 0 0 
549 9 0 0 0 0 0 0 0 0 0 0 0 
550 9 0 0 0 0 0 0 0 0 0 0 0 
551 9 0 0 0 0 0 0 0 0 0 0 0 
552 9 0 0 0 0 0 0 0 0 0 0 0 
553 9 0 0 0 0 0 0 0 0 0 0 0 
554 9 0 0 0 0 0 0 0 0 0 0 0 
555 9 0 0 0 0 0 0 0 0 0 0 0 
556 9 0 0 0 0 0 0 0 0 0 0 0 
557 9 0 0 0 0 0 0 0 0 0 0 0 
558 9 0 0 0 0 0 0 0 0 0 0 0 
559 9 0 0 0 0 0 0 0 0 0 0 0 
560 9 0 0 0 0 0 0 0 0 0 0 0 
561 9 0 0 0 0 0 0 0 0 0 0 0 
562 9 0 0 0 0 0 0 0 0 0 0 0 
563 9 0 0 0 0 0 0 0 0 0 0 0 
564 9 0 0 0 0 0 0 0 0 0 0 0 
565 9 0 0 0 0 0 0 0 0 0 0 0 
566 9 0 0 0 0 0 0 0 0 0 0 0 
567 9 0 0 0 0 0 0 0 0 0 0 0 
568 9 0 0 0 0 0 0 0 0 0 0 0 
569 9 0 0 0 0 0 0 0 0 0 0 0 
570 9 0 0 0 0 0 0 0 0 0 0 0 
571 9 0 0 0 0 0 0 0 0 0 0 0 
572 9 0 0 0 0 0 0 0 0 0 0 0 
573 9 0 0 0 0 0 0 0 0 0 0 0 
574 9 0 0 0 0 0 0 0 0 0 0 0 
575 9 0 0 0 0 0 0 0 0 0 0 0 
576 9 0 0 0 0 0 0 0 0 0 0 0 
577 9 0 0 0 0 0 0 0 0 0 0 0 
578 9 0 0 0 0 0 0 0 0 0 0 0 
579 9 0 0 0 0 0 0 0 0 0 0 0 
580 9 0 0 0 0 0 0 0 0 0 0 0 
581 9 0 0 0 0 0 0 0 0 0 0 0 
582 9 0 0 0 0 0 0 0 0 0 0 0 
583 9 0 0 0 0 0 0 0 0 0 0 0 
584 9 0 0 0 0 0 0 0 0 0 0 0 
585 9 0 0 0 0 0 0 0 0 0 0 0 
586 9 0 0 0 0 0 0 0 0 0 0 0 
587 9 0 0 0 0 0 0 0 0 0 0 0 
588 9 0 0 0 0 0 0 0 0 0 0 0 
589 9 0 0 0 0 0 0 0 0 0 0 0 
590 9 0 0 0 0 0 0 0 0 0 0 0 
591 9 0 0 0 0 0 0 0 0 0 0 0 
592 9 0 0 0 0 0 0 0 0 0 0 0 
593 9 0 0 0 0 0 0 0 0 0 0 0 
594 9 0 0 0 0 0 0 0 0 0 0 0 
595 9 0 0 0 0 0 0 0 0 0 0 0 
596 9 0 0 0 0 0 0 0 0 0 0 0 
597 9 0 0 0 0 0 0 0 0 0 0 0 
598 9 0 0 0 0 0 0 0 0 0 0 0 
599 9 0 0 0 0 0 0 0 0 0 0 0 
600 9 0 0 0 0 0 0 0 0 0 0 0 
601 9 0 0 0 0 0 0 0 0 0 0 0 
602 9 0 0 0 0 0 0 0 0 0 0 0 
603 9 0 0 0 0 0 0 0 0 0 0 0 
604 9 0 0 0 0 0 0 0 0 0 0 0 
605 9 0 0 0 0 0 0 0 0 0 0 0 
606 9 0 0 0 0 0 0 0 0 0 0 0 
607 9 0 0 0 0 0 0 0 0 0 0 0 
608 9 0 0 0 0 0 0 0 0 0 0 0 
609 9 0 0 0 0 0 0 0 0 0 0 0 
610 9 0 0 0 0 0 0 0 0 0 0 0 
611 9 0 0 0 0 0 0 0 0 0 0 0 
612 9 0 0 0 0 0 0 0 0 0 0 0 
613 9 0 0 0 0 0 0 0 0 0 0 0 
614 9 0 0 0 0 0 0 0 0 0 0 0 
615 9 0 0 0 0 0 0 0 0 0 0 0 
616 9 0 0 0 0 0 0 0 0 0 0 0 
617 9 0 0 0 0 0 0 0 0 0 0 0 
618 9 0 0 0 0 0 0 0 0 0 0 0 
619 9 0 0 0 0 0 0 0 0 0 0 0 
620 9 0 0 0 0 0 0 0 0 0 0 0 
621 9 0 0 0 0 0 0 0 0 0 0 0 
622 9 0 0 0 0 0 0 0 0 0 0 0 
623 9 0 0 0 0 0 0 0 0 0 0 0 
624 9 0 0 0 0 0 0 0 0 0 0 0 
625 9 0 0 0 0 0 0 0 0 0 0 0 
626 9 0 0 0 0 0 0 0 0 0 0 0 
627 9 0 0 0 0 0 0 0 0 0 0 0 
628 9 0 0 0 0 0 0 0 0 0 0 0 
629 9 0 0 0 0 0 0 0 0 0 0 0 
630 9 0 0 0 0 0 0 0 0 0 0 0 
631 9 0 0 0 0 0 0 0 0 0 0 0 
632 9 0 0 0 0 0 0 0 0 0 0 0 
633 9 0 0 0 0 0 0 0 0 0 0 0 
634 9 0 0 0 0 0 0 0 0 0 0 0 
635 9 0 0 0 0 0 0 0 0 0 0 0 
636 9 0 0 0 0 0 0 0 0 0 0 0 
637 9 0 0 0 0 0 0 0 0 0 0 0 
638 9 0 0 0 0 0 0 0 0 0 0 0 
639 9 0 0 0 0 0 0 0 0 0 0 0 
640 9 0 0 0 0 0 0 0 0 0 0 0 
641 9 0 0 0 0 0 0 0 0 0 0 0 
642 9 0 0 0 0 0 0 0 0 0 0 0 
643 9 0 0 0 0 0 0 0 0 0 0 0 
644 9 0 0 0 0 0 0 0 0 0 0 0 
645 9 0 0 0 0 0 0 0 0 0 0 0 
646 9 0 0 0 0 0 0 0 0 0 0 0 
647 9 0 0 0 0 0 0 0 0 0 0 0 
648 9 0 0 0 0 0 0 0 0 0 0 0 
649 9 -1 3 12 2 16 13 45 3 2 32 2642 
650 9 11 0 0 0 0 0 0 0 0 0 0 
651 9 0 0 0 0 0 0 0 0 0 0 0 
652 9 0 0 0 0 0 0 0 0 0 0 0 
653 9 -1 13 32 0 0 45 11 0 0 15 -8 
654 9 -1 32 22 0 0 36 4 0 0 3 -28 
655 9 0 0 0 0 0 0 0 0 0 0 0 
656 9 0 0 0 0 0 0 0 0 0 0 0 
657 9 0 0 0 0 0 0 0 0 0 0 0 
658 9 0 0 0 0 0 0 0 0 0 0 0 
659 9 0 0 0 0 0 0 0 0 0 0 0 
660 9 0 0 0 0 0 0 0 0 0 0 0 
661 9 19 0 0 0 0 0 0 0 0 0 0 
662 9 -1 32 16 0 0 37 26 0 0 0 6 
663 9 0 0 0 0 0 0 0 0 0 0 0 
664 9 0 0 0 0 0 0 0 0 0 0 0 
665 9 23 0 0 0 0 0 0 0 0 0 0 
666 9 -1 16 9 8 15 44 38 3 4 32 9420 
667 9 0 0 0 0 0 0 0 0 0 0 0 
668 9 0 0 0 0 0 0 0 0 0 0 0 
669 9 0 0 0 0 0 0 0 0 0 0 0 
670 9 0 0 0 0 0 0 0 0 0 0 0 
671 9 0 0 0 0 0 0 0 0 0 0 0 
672 9 0 0 0 0 0 0 0 0 0 0 0 
673 9 0 0 0 0 0 0 0 0 0 0 0 
674 9 0 0 0 0 0 0 0 0 0 0 0 
675 9 0 0 0 0 0 0 0 0 0 0 0 
676 9 0 0 0 0 0 0 0 0 0 0 0 
677 9 0 0 0 0 0 0 0 0 0 0 0 
678 9 0 0 0 0 0 0 0 0 0 0 0 
679 9 0 0 0 0 0 0 0 0 0 0 0 
680 9 0 0 0 0 0 0 0 0 0 0 0 
681 9 0 0 0 0 0 0 0 0 0 0 0 
682 9 0 0 0 0 0 0 0 0 0 0 0 
683 9 0 0 0 0 0 0 0 0 0 0 0 
684 9 0 0 0 0 0 0 0 0 0 0 0 
685 9 0 0 0 0 0 0 0 0 0 0 0 
686 9 0 0 0 0 0 0 0 0 0 0 0 
687 9 0 0 0 0 0 0 0 0 0 0 0 
688 9 0 0 0 0 0 0 0 0 0 0 0 
689 9 29 0 0 0 0 0 0 0 0 0 0 
690 9 30 0 0 0 0 0 0 0 0 0 0 
691 9 0 0 0 0 0 0 0 0 0 0 0 
692 9 0 0 0 0 0 0 0 0 0 0 0 
693 9 0 0 0 0 0 0 0 0 0 0 0 
694 9 0 0 0 0 0 0 0 0 0 0 0 
695 9 0 0 0 0 0 0 0 0 0 0 0 
696 9 0 0 0 0 0 0 0 0 0 0 0 
697 9 0 0 0 0 0 0 0 0 0 0 0 
698 9 0 0 0 0 0 0 0 0 0 0 0 
699 9 0 0 0 0 0 0 0 0 0 0 0 
700 9 0 0 0 0 0 0 0 0 0 0 0 
701 9 0 0 0 0 0 0 0 0 0 0 0 
702 9 0 0 0 0 0 0 0 0 0 0 0 
703 9 0 0 0 0 0 0 0 0 0 0 0 
704 9 0 0 0 0 0 0 0 0 0 0 0 
705 9 0 0 0 0 0 0 0 0 0 0 0 
706 9 0 0 0 0 0 0 0 0 0 0 0 
707 9 0 0 0 0 0 0 0 0 0 0 0 
708 9 0 0 0 0 0 0 0 0 0 0 0 
709 9 0 0 0 0 0 0 0 0 0 0 0 
710 9 0 0 0 0 0 0 0 0 0 0 0 
711 9 0 0 0 0 0 0 0 0 0 0 0 
712 9 0 0 0 0 0 0 0 0 0 0 0 
713 9 0 0 0 0 0 0 0 0 0 0 0 
714 9 0 0 0 0 0 0 0 0 0 0 0 
715 9 0 0 0 0 0 0 0 0 0 0 0 
716 9 0 0 0 0 0 0 0 0 0 0 0 
717 9 0 0 0 0 0 0 0 0 0 0 0 
718 9 0 0 0 0 0 0 0 0 0 0 0 
719 9 0 0 0 0 0 0 0 0 0 0 0 
720 9 0 0 0 0 0 0 0 0 0 0 0 
721 9 0 0 0 0 0 0 0 0 0 0 0 
722 9 0 0 0 0 0 0 0 0 0 0 0 
723 9 0 0 0 0 0 0 0 0 0 0 0 
724 9 0 0 0 0 0 0 0 0 0 0 0 
725 9 0 0 0 0 0 0 0 0 0 0 0 
726 9 0 0 0 0 0 0 0 0 0 0 0 
727 9 0 0 0 0 0 0 0 0 0 0 0 
728 9 0 0 0 0 0 0 0 0 0 0 0 
729 9 0 0 0 0 0 0 0 0 0 0 0 
730 9 0 0 0 0 0 0 0 0 0 0 0 
731 9 0 0 0 0 0 0 0 0 0 0 0 
732 9 0 0 0 0 0 0 0 0 0 0 0 
733 9 0 0 0 0 0 0 0 0 0 0 0 
734 9 0 0 0 0 0 0 0 0 0 0 0 
735 9 0 0 0 0 0 0 0 0 0 0 0 
736 9 0 0 0 0 0 0 0 0 0 0 0 
737 9 0 0 0 0 0 0 0 0 0 0 0 
738 9 0 0 0 0 0 0 0 0 0 0 0 
739 9 0 0 0 0 0 0 0 0 0 0 0 
740 9 0 0 0 0 0 0 0 0 0 0 0 
741 9 0 0 0 0 0 0 0 0 0 0 0 
742 9 0 0 0 0 0 0 0 0 0 0 0 
743 9 0 0 0 0 0 0 0 0 0 0 0 
744 9 0 0 0 0 0 0 0 0 0 0 0 
745 9 0 0 0 0 0 0 0 0 0 0 0 
746 9 0 0 0 0 0 0 0 0 0 0 0 
747 9 0 0 0 0 0 0 0 0 0 0 0 
748 9 0 0 0 0 0 0 0 0 0 0 0 
749 9 0 0 0 0 0 0 0 0 0 0 0 
750 9 0 0 0 0 0 0 0 0 0 0 0 
751 9 0 0 0 0 0 0 0 0 0 0 0 
752 9 0 0 0 0 0 0 0 0 0 0 0 
753 9 43 0 0 0 0 0 0 0 0 0 0 
754 9 44 0 0 0 0 0 0 0 0 0 0 
755 9 0 0 0 0 0 0 0 0 0 0 0 
756 9 0 0 0 0 0 0 0 0 0 0 0 
757 9 0 0 0 0 0 0 0 0 0 0 0 
758 9 0 0 0 0 0 0 0 0 0 0 0 
759 9 0 0 0 0 0 0 0 0 0 0 0 
760 9 0 0 0 0 0 0 0 0 0 0 0 
761 9 0 0 0 0 0 0 0 0 0 0 0 
762 9 0 0 0 0 0 0 0 0 0 0 0 
763 9 0 0 0 0 0 0 0 0 0 0 0 
764 9 0 0 0 0 0 0 0 0 0 0 0 
765 9 0 0 0 0 0 0 0 0 0 0 0 
766 9 0 0 0 0 0 0 0 0 0 0 0 
767 9 0 0 0 0 0 0 0 0 0 0 0 
768 9 0 0 0 0 0 0 0 0 0 0 0 
769 9 0 0 0 0 0 0 0 0 0 0 0 
770 9 0 0 0 0 0 0 0 0 0 0 0 
771 9 0 0 0 0 0 0 0 0 0 0 0 
772 9 0 0 0 0 0 0 0 0 0 0 0 
773 9 0 0 0 0 0 0 0 0 0 0 0 
774 9 0 0 0 0 0 0 0 0 0 0 0 
775 9 0 0 0 0 0 0 0 0 0 0 0 
776 9 0 0 0 0 0 0 0 0 0 0 0 
777 9 0 0 0 0 0 0 0 0 0 0 0 
778 9 0 0 0 0 0 0 0 0 0 0 0 
779 9 0 0 0 0 0 0 0 0 0 0 0 
780 9 0 0 0 0 0 0 0 0 0 0 0 
781 9 0 0 0 0 0 0 0 0 0 0 0 
782 9 0 0 0 0 0 0 0 0 0 0 0 
783 9 0 0 0 0 0 0 0 0 0 0 0 
784 9 0 0 0 0 0 0 0 0 0 0 0 
785 9 0 0 0 0 0 0 0 0 0 0 0 
786 9 0 0 0 0 0 0 0 0 0 0 0 
787 9 0 0 0 0 0 0 0 0 0 0 0 
788 9 0 0 0 0 0 0 0 0 0 0 0 
789 9 0 0 0 0 0 0 0 0 0 0 0 
790 9 0 0 0 0 0 0 0 0 0 0 0 
791 9 0 0 0 0 0 0 0 0 0 0 0 
792 9 0 0 0 0 0 0 0 0 0 0 0 
793 9 0 0 0 0 0 0 0 0 0 0 0 
794 9 0 0 0 0 0 0 0 0 0 0 0 
795 9 0 0 0 0 0 0 0 0 0 0 0 
796 9 0 0 0 0 0 0 0 0 0 0 0 
797 9 0 0 0 0 0 0 0 0 0 0 0 
798 9 0 0 0 0 0 0 0 0 0 0 0 
799 9 0 0 0 0 0 0 0 0 0 0 0 
800 9 0 0 0 0 0 0 0 0 0 0 0 
801 9 0 0 0 0 0 0 0 0 0 0 0 
802 9 0 0 0 0 0 0 0 0 0 0 0 
803 9 0 0 0 0 0 0 0 0 0 0 0 
804 9 0 0 0 0 0 0 0 0 0 0 0 
805 9 0 0 0 0 0 0 0 0 0 0 0 
806 9 0 0 0 0 0 0 0 0 0 0 0 
807 9 0 0 0 0 0 0 0 0 0 0 0 
808 9 0 0 0 0 0 0 0 0 0 0 0 
809 9 0 0 0 0 0 0 0 0 0 0 0 
810 9 0 0 0 0 0 0 0 0 0 0 0 
811 9 0 0 0 0 0 0 0 0 0 0 0 
812 9 0 0 0 0 0 0 0 0 0 0 0 
813 9 0 0 0 0 0 0 0 0 0 0 0 
814 9 0 0 0 0 0 0 0 0 0 0 0 
815 9 0 0 0 0 0 0 0 0 0 0 0 
816 9 0 0 0 0 0 0 0 0 0 0 0 
817 9 0 0 0 0 0 0 0 0 0 0 0 
818 9 0 0 0 0 0 0 0 0 0 0 0 
819 9 0 0 0 0 0 0 0 0 0 0 0 
820 9 0 0 0 0 0 0 0 0 0 0 0 
821 9 0 0 0 0 0 0 0 0 0 0 0 
822 9 0 0 0 0 0 0 0 0 0 0 0 
823 9 0 0 0 0 0 0 0 0 0 0 0 
824 9 0 0 0 0 0 0 0 0 0 0 0 
825 9 0 0 0 0 0 0 0 0 0 0 0 
826 9 0 0 0 0 0 0 0 0 0 0 0 
827 9 0 0 0 0 0 0 0 0 0 0 0 
828 9 0 0 0 0 0 0 0 0 0 0 0 
829 9 0 0 0 0 0 0 0 0 0 0 0 
830 9 0 0 0 0 0 0 0 0 0 0 0 
831 9 -1 12 9 11 1 43 38 3 7 32 -478 
832 9 -1 45 30 0 0 20 35 0 0 11 -47 
833 9 57 0 0 0 0 0 0 0 0 0 0 
834 9 -1 21 42 0 0 21 22 0 0 5 24 
835 9 0 0 0 0 0 0 0 0 0 0 0 
836 9 0 0 0 0 0 0 0 0 0 0 0 
837 9 0 0 0 0 0 0 0 0 0 0 0 
838 9 0 0 0 0 0 0 0 0 0 0 0 
839 9 0 0 0 0 0 0 0 0 0 0 0 
840 9 0 0 0 0 0 0 0 0 0 0 0 
841 9 0 0 0 0 0 0 0 0 0 0 0 
842 9 0 0 0 0 0 0 0 0 0 0 0 
843 9 0 0 0 0 0 0 0 0 0 0 0 
844 9 0 0 0 0 0 0 0 0 0 0 0 
845 9 0 0 0 0 0 0 0 0 0 0 0 
846 9 0 0 0 0 0 0 0 0 0 0 0 
847 9 0 0 0 0 0 0 0 0 0 0 0 
848 9 0 0 0 0 0 0 0 0 0 0 0 
849 9 0 0 0 0 0 0 0 0 0 0 0 
850 9 0 0 0 0 0 0 0 0 0 0 0 
851 9 64 0 0 0 0 0 0 0 0 0 0 
852 9 65 0 0 0 0 0 0 0 0 0 0 
853 9 66 0 0 0 0 0 0 0 0 0 0 
854 9 67 0 0 0 0 0 0 0 0 0 0 
855 9 68 0 0 0 0 0 0 0 0 0 0 
856 9 69 0 0 0 0 0 0 0 0 0 0 
857 9 70 0 0 0 0 0 0 0 0 0 0 
858 9 -1 3 22 0 0 0 9 0 0 18 54 
859 9 -1 21 9 0 0 45 21 0 0 17 8 
860 9 -1 17 1 0 0 41 33 0 0 0 -43 
861 9 -1 3 0 13 21 41 33 6 12 32 -484 
862 9 -1 40 45 0 0 45 32 0 0 0 -8 
863 9 0 0 0 0 0 0 0 0 0 0 0 
864 9 0 0 0 0 0 0 0 0 0 0 0 
865 9 0 0 0 0 0 0 0 0 0 0 0 
866 9 0 0 0 0 0 0 0 0 0 0 0 
867 9 0 0 0 0 0 0 0 0 0 0 0 
868 9 0 0 0 0 0 0 0 0 0 0 0 
869 9 0 0 0 0 0 0 0 0 0 0 0 
870 9 0 0 0 0 0 0 0 0 0 0 0 
871 9 0 0 0 0 0 0 0 0 0 0 0 
872 9 0 0 0 0 0 0 0 0 0 0 0 
873 9 0 0 0 0 0 0 0 0 0 0 0 
874 9 0 0 0 0 0 0 0 0 0 0 0 
875 9 0 0 0 0 0 0 0 0 0 0 0 
876 9 0 0 0 0 0 0 0 0 0 0 0 
877 9 0 0 0 0 0 0 0 0 0 0 0 
878 9 0 0 0 0 0 0 0 0 0 0 0 
879 9 0 0 0 0 0 0 0 0 0 0 0 
880 9 0 0 0 0 0 0 0 0 0 0 0 
881 9 0 0 0 0 0 0 0 0 0 0 0 
882 9 0 0 0 0 0 0 0 0 0 0 0 
883 9 0 0 0 0 0 0 0 0 0 0 0 
884 9 0 0 0 0 0 0 0 0 0 0 0 
885 9 0 0 0 0 0 0 0 0 0 0 0 
886 9 0 0 0 0 0 0 0 0 0 0 0 
887 9 0 0 0 0 0 0 0 0 0 0 0 
888 9 0 0 0 0 0 0 0 0 0 0 0 
889 9 0 0 0 0 0 0 0 0 0 0 0 
890 9 0 0 0 0 0 0 0 0 0 0 0 
891 9 0 0 0 0 0 0 0 0 0 0 0 
892 9 0 0 0 0 0 0 0 0 0 0 0 
893 9 0 0 0 0 0 0 0 0 0 0 0 
894 9 0 0 0 0 0 0 0 0 0 0 0 
895 9 -1 6 33 0 0 12 28 0 0 15 -16 
896 9 -1 16 11 0 4 30 39 8 2 32 -653 
897 9 0 0 0 0 0 0 0 0 0 0 0 
898 9 0 0 0 0 0 0 0 0 0 0 0 
899 9 89 0 0 0 0 0 0 0 0 0 0 
900 9 90 0 0 0 0 0 0 0 0 0 0 
901 9 -1 19 27 0 0 8 32 0 0 16 -50 
902 9 93 0 0 0 0 0 0 0 0 0 0 
903 9 0 0 0 0 0 0 0 0 0 0 0 
904 9 0 0 0 0 0 0 0 0 0 0 0 
905 9 0 0 0 0 0 0 0 0 0 0 0 
906 9 0 0 0 0 0 0 0 0 0 0 0 
907 9 0 0 0 0 0 0 0 0 0 0 0 
908 9 0 0 0 0 0 0 0 0 0 0 0 
909 9 0 0 0 0 0 0 0 0 0 0 0 
910 9 0 0 0 0 0 0 0 0 0 0 0 
911 9 0 0 0 0 0 0 0 0 0 0 0 
912 9 0 0 0 0 0 0 0 0 0 0 0 
913 9 0 0 0 0 0 0 0 0 0 0 0 
914 9 0 0 0 0 0 0 0 0 0 0 0 
915 9 0 0 0 0 0 0 0 0 0 0 0 
916 9 0 0 0 0 0 0 0 0 0 0 0 
917 9 0 0 0 0 0 0 0 0 0 0 0 
918 9 0 0 0 0 0 0 0 0 0 0 0 
919 9 0 0 0 0 0 0 0 0 0 0 0 
920 9 0 0 0 0 0 0 0 0 0 0 0 
921 9 0 0 0 0 0 0 0 0 0 0 0 
922 9 0 0 0 0 0 0 0 0 0 0 0 
923 9 0 0 0 0 0 0 0 0 0 0 0 
924 9 0 0 0 0 0 0 0 0 0 0 0 
925 9 0 0 0 0 0 0 0 0 0 0 0 
926 9 0 0 0 0 0 0 0 0 0 0 0 
927 9 0 0 0 0 0 0 0 0 0 0 0 
928 9 0 0 0 0 0 0 0 0 0 0 0 
929 9 0 0 0 0 0 0 0 0 0 0 0 
930 9 0 0 0 0 0 0 0 0 0 0 0 
931 9 0 0 0 0 0 0 0 0 0 0 0 
932 9 0 0 0 0 0 0 0 0 0 0 0 
933 9 0 0 0 0 0 0 0 0 0 0 0 
934 9 0 0 0 0 0 0 0 0 0 0 0 
935 9 0 0 0 0 0 0 0 0 0 0 0 
936 9 0 0 0 0 0 0 0 0 0 0 0 
937 9 0 0 0 0 0 0 0 0 0 0 0 
938 9 0 0 0 0 0 0 0 0 0 0 0 
939 9 0 0 0 0 0 0 0 0 0 0 0 
940 9 0 0 0 0 0 0 0 0 0 0 0 
941 9 0 0 0 0 0 0 0 0 0 0 0 
942 9 0 0 0 0 0 0 0 0 0 0 0 
943 9 0 0 0 0 0 0 0 0 0 0 0 
944 9 0 0 0 0 0 0 0 0 0 0 0 
945 9 0 0 0 0 0 0 0 0 0 0 0 
946 9 0 0 0 0 0 0 0 0 0 0 0 
947 9 0 0 0 0 0 0 0 0 0 0 0 
948 9 0 0 0 0 0 0 0 0 0 0 0 
949 9 0 0 0 0 0 0 0 0 0 0 0 
950 9 0 0 0 0 0 0 0 0 0 0 0 
951 9 0 0 0 0 0 0 0 0 0 0 0 
952 9 0 0 0 0 0 0 0 0 0 0 0 
953 9 0 0 0 0 0 0 0 0 0 0 0 
954 9 0 0 0 0 0 0 0 0 0 0 0 
955 9 0 0 0 0 0 0 0 0 0 0 0 
956 9 0 0 0 0 0 0 0 0 0 0 0 
957 9 0 0 0 0 0 0 0 0 0 0 0 
958 9 0 0 0 0 0 0 0 0 0 0 0 
959 9 0 0 0 0 0 0 0 0 0 0 0 
960 9 0 0 0 0 0 0 0 0 0 0 0 
961 9 0 0 0 0 0 0 0 0 0 0 0 
962 9 0 0 0 0 0 0 0 0 0 0 0 
963 9 0 0 0 0 0 0 0 0 0 0 0 
964 9 0 0 0 0 0 0 0 0 0 0 0 
965 9 0 0 0 0 0 0 0 0 0 0 0 
966 9 0 0 0 0 0 0 0 0 0 0 0 
967 9 0 0 0 0 0 0 0 0 0 0 0 
968 9 0 0 0 0 0 0 0 0 0 0 0 
969 9 0 0 0 0 0 0 0 0 0 0 0 
970 9 0 0 0 0 0 0 0 0 0 0 0 
971 9 0 0 0 0 0 0 0 0 0 0 0 
972 9 0 0 0 0 0 0 0 0 0 0 0 
973 9 0 0 0 0 0 0 0 0 0 0 0 
974 9 0 0 0 0 0 0 0 0 0 0 0 
975 9 0 0 0 0 0 0 0 0 0 0 0 
976 9 0 0 0 0 0 0 0 0 0 0 0 
977 9 0 0 0 0 0 0 0 0 0 0 0 
978 9 0 0 0 0 0 0 0 0 0 0 0 
979 9 0 0 0 0 0 0 0 0 0 0 0 
980 9 0 0 0 0 0 0 0 0 0 0 0 
981 9 0 0 0 0 0 0 0 0 0 0 0 
982 9 0 0 0 0 0 0 0 0 0 0 0 
983 9 0 0 0 0 0 0 0 0 0 0 0 
984 9 0 0 0 0 0 0 0 0 0 0 0 
985 9 0 0 0 0 0 0 0 0 0 0 0 
986 9 0 0 0 0 0 0 0 0 0 0 0 
987 9 0 0 0 0 0 0 0 0 0 0 0 
988 9 0 0 0 0 0 0 0 0 0 0 0 
989 9 0 0 0 0 0 0 0 0 0 0 0 
990 9 0 0 0 0 0 0 0 0 0 0 0 
991 9 0 0 0 0 0 0 0 0 0 0 0 
992 9 0 0 0 0 0 0 0 0 0 0 0 
993 9 0 0 0 0 0 0 0 0 0 0 0 
994 9 0 0 0 0 0 0 0 0 0 0 0 
995 9 0 0 0 0 0 0 0 0 0 0 0 
996 9 0 0 0 0 0 0 0 0 0 0 0 
997 9 0 0 0 0 0 0 0 0 0 0 0 
998 9 0 0 0 0 0 0 0 0 0 0 0 
999 9 0 0 0 0 0 0 0 0 0 0 0 
1000 9 0 0 0 0 0 0 0 0 0 0 0 
1001 9 0 0 0 0 0 0 0 0 0 0 0 
1002 9 0 0 0 0 0 0 0 0 0 0 0 
1003 9 0 0 0 0 0 0 0 0 0 0 0 
1004 9 0 0 0 0 0 0 0 0 0 0 0 
1005 9 0 0 0 0 0 0 0 0 0 0 0 
1006 9 0 0 0 0 0 0 0 0 0 0 0 
1007 9 -1 39 14 0 0 18 9 0 0 0 5 
1008 9 -1 8 35 0 0 3 28 0 0 16 19 
1009 9 -1 27 22 0 0 0 12 0 0 2 10 
1010 9 120 0 0 0 0 0 0 0 0 0 0 
1011 9 0 0 0 0 0 0 0 0 0 0 0 
1012 9 0 0 0 0 0 0 0 0 0 0 0 
1013 9 0 0 0 0 0 0 0 0 0 0 0 
1014 9 0 0 0 0 0 0 0 0 0 0 0 
1015 9 -1 20 26 0 0 41 28 0 0 13 -26 
1016 9 -1 20 10 22 9 44 22 3 5 32 6050 
1017 9 0 0 0 0 0 0 0 0 0 0 0 
1018 9 0 0 0 0 0 0 0 0 0 0 0 
1019 9 -1 20 22 20 20 45 46 2 1 32 13426 
1020 9 129 0 0 0 0 0 0 0 0 0 0 
1021 9 -1 13 18 8 7 43 34 4 10 32 1570 
1022 9 -1 12 19 0 4 22 27 15 17 32 -5276 
1023 10 0 0 0 0 0 0 0 0 0 0 0 
1024 10 0 0 0 0 0 0 0 0 0 0 0 
1025 10 0 0 0 0 0 0 0 0 0 0 0 
1026 10 0 0 0 0 0 0 0 0 0 0 0 
1027 10 0 0 0 0 0 0 0 0 0 0 0 
1028 10 0 0 0 0 0 0 0 0 0 0 0 
1029 10 0 0 0 0 0 0 0 0 0 0 0 
1030 10 0 0 0 0 0 0 0 0 0 0 0 
1031 10 0 0 0 0 0 0 0 0 0 0 0 
1032 10 0 0 0 0 0 0 0 0 0 0 0 
1033 10 0 0 0 0 0 0 0 0 0 0 0 
1034 10 0 0 0 0 0 0 0 0 0 0 0 
1035 10 0 0 0 0 0 0 0 0 0 0 0 
1036 10 0 0 0 0 0 0 0 0 0 0 0 
1037 10 0 0 0 0 0 0 0 0 0 0 0 
1038 10 0 0 0 0 0 0 0 0 0 0 0 
1039 10 0 0 0 0 0 0 0 0 0 0 0 
1040 10 0 0 0 0 0 0 0 0 0 0 0 
1041 10 0 0 0 0 0 0 0 0 0 0 0 
1042 10 0 0 0 0 0 0 0 0 0 0 0 
1043 10 0 0 0 0 0 0 0 0 0 0 0 
1044 10 0 0 0 0 0 0 0 0 0 0 0 
1045 10 0 0 0 0 0 0 0 0 0 0 0 
1046 10 0 0 0 0 0 0 0 0 0 0 0 
1047 10 0 0 0 0 0 0 0 0 0 0 0 
1048 10 0 0 0 0 0 0 0 0 0 0 0 
1049 10 0 0 0 0 0 0 0 0 0 0 0 
1050 10 0 0 0 0 0 0 0 0 0 0 0 
1051 10 0 0 0 0 0 0 0 0 0 0 0 
1052 10 0 0 0 0 0 0 0 0 0 0 0 
1053 10 0 0 0 0 0 0 0 0 0 0 0 
1054 10 0 0 0 0 0 0 0 0 0 0 0 
1055 10 0 0 0 0 0 0 0 0 0 0 0 
1056 10 0 0 0 0 0 0 0 0 0 0 0 
1057 10 0 0 0 0 0 0 0 0 0 0 0 
1058 10 0 0 0 0 0 0 0 0 0 0 0 
1059 10 0 0 0 0 0 0 0 0 0 0 0 
1060 10 0 0 0 0 0 0 0 0 0 0 0 
1061 10 0 0 0 0 0 0 0 0 0 0 0 
1062 10 0 0 0 0 0 0 0 0 0 0 0 
1063 10 0 0 0 0 0 0 0 0 0 0 0 
1064 10 0 0 0 0 0 0 0 0 0 0 0 
1065 10 0 0 0 0 0 0 0 0 0 0 0 
1066 10 0 0 0 0 0 0 0 0 0 0 0 
1067 10 0 0 0 0 0 0 0 0 0 0 0 
1068 10 0 0 0 0 0 0 0 0 0 0 0 
1069 10 0 0 0 0 0 0 0 0 0 0 0 
1070 10 0 0 0 0 0 0 0 0 0 0 0 
1071 10 0 0 0 0 0 0 0 0 0 0 0 
1072 10 0 0 0 0 0 0 0 0 0 0 0 
1073 10 0 0 0 0 0 0 0 0 0 0 0 
1074 10 0 0 0 0 0 0 0 0 0 0 0 
1075 10 0 0 0 0 0 0 0 0 0 0 0 
1076 10 0 0 0 0 0 0 0 0 0 0 0 
1077 10 0 0 0 0 0 0 0 0 0 0 0 
1078 10 0 0 0 0 0 0 0 0 0 0 0 
1079 10 0 0 0 0 0 0 0 0 0 0 0 
1080 10 0 0 0 0 0 0 0 0 0 0 0 
1081 10 0 0 0 0 0 0 0 0 0 0 0 
1082 10 0 0 0 0 0 0 0 0 0 0 0 
1083 10 0 0 0 0 0 0 0 0 0 0 0 
1084 10 0 0 0 0 0 0 0 0 0 0 0 
1085 10 0 0 0 0 0 0 0 0 0 0 0 
1086 10 0 0 0 0 0 0 0 0 0 0 0 
1087 10 0 0 0 0 0 0 0 0 0 0 0 
1088 10 0 0 0 0 0 0 0 0 0 0 0 
1089 10 0 0 0 0 0 0 0 0 0 0 0 
1090 10 0 0 0 0 0 0 0 0 0 0 0 
1091 10 0 0 0 0 0 0 0 0 0 0 0 
1092 10 0 0 0 0 0 0 0 0 0 0 0 
1093 10 0 0 0 0 0 0 0 0 0 0 0 
1094 10 0 0 0 0 0 0 0 0 0 0 0 
1095 10 0 0 0 0 0 0 0 0 0 0 0 
1096 10 0 0 0 0 0 0 0 0 0 0 0 
1097 10 0 0 0 0 0 0 0 0 0 0 0 
1098 10 0 0 0 0 0 0 0 0 0 0 0 
1099 10 0 0 0 0 0 0 0 0 0 0 0 
1100 10 0 0 0 0 0 0 0 0 0 0 0 
1101 10 0 0 0 0 0 0 0 0 0 0 0 
1102 10 0 0 0 0 0 0 0 0 0 0 0 
1103 10 0 0 0 0 0 0 0 0 0 0 0 
1104 10 0 0 0 0 0 0 0 0 0 0 0 
1105 10 0 0 0 0 0 0 0 0 0 0 0 
1106 10 0 0 0 0 0 0 0 0 0 0 0 
1107 10 0 0 0 0 0 0 0 0 0 0 0 
1108 10 0 0 0 0 0 0 0 0 0 0 0 
1109 10 0 0 0 0 0 0 0 0 0 0 0 
1110 10 0 0 0 0 0 0 0 0 0 0 0 
1111 10 0 0 0 0 0 0 0 0 0 0 0 
1112 10 0 0 0 0 0 0 0 0 0 0 0 
1113 10 0 0 0 0 0 0 0 0 0 0 0 
1114 10 0 0 0 0 0 0 0 0 0 0 0 
1115 10 0 0 0 0 0 0 0 0 0 0 0 
1116 10 0 0 0 0 0 0 0 0 0 0 0 
1117 10 0 0 0 0 0 0 0 0 0 0 0 
1118 10 0 0 0 0 0 0 0 0 0 0 0 
1119 10 0 0 0 0 0 0 0 0 0 0 0 
1120 10 0 0 0 0 0 0 0 0 0 0 0 
1121 10 0 0 0 0 0 0 0 0 0 0 0 
1122 10 0 0 0 0 0 0 0 0 0 0 0 
1123 10 0 0 0 0 0 0 0 0 0 0 0 
1124 10 0 0 0 0 0 0 0 0 0 0 0 
1125 10 0 0 0 0 0 0 0 0 0 0 0 
1126 10 0 0 0 0 0 0 0 0 0 0 0 
1127 10 0 0 0 0 0 0 0 0 0 0 0 
1128 10 0 0 0 0 0 0 0 0 0 0 0 
1129 10 0 0 0 0 0 0 0 0 0 0 0 
1130 10 0 0 0 0 0 0 0 0 0 0 0 
1131 10 0 0 0 0 0 0 0 0 0 0 0 
1132 10 0 0 0 0 0 0 0 0 0 0 0 
1133 10 0 0 0 0 0 0 0 0 0 0 0 
1134 10 0 0 0 0 0 0 0 0 0 0 0 
1135 10 0 0 0 0 0 0 0 0 0 0 0 
1136 10 0 0 0 0 0 0 0 0 0 0 0 
1137 10 0 0 0 0 0 0 0 0 0 0 0 
1138 10 0 0 0 0 0 0 0 0 0 0 0 
1139 10 0 0 0 0 0 0 0 0 0 0 0 
1140 10 0 0 0 0 0 0 0 0 0 0 0 
1141 10 0 0 0 0 0 0 0 0 0 0 0 
1142 10 0 0 0 0 0 0 0 0 0 0 0 
1143 10 0 0 0 0 0 0 0 0 0 0 0 
1144 10 0 0 0 0 0 0 0 0 0 0 0 
1145 10 0 0 0 0 0 0 0 0 0 0 0 
1146 10 0 0 0 0 0 0 0 0 0 0 0 
1147 10 0 0 0 0 0 0 0 0 0 0 0 
1148 10 0 0 0 0 0 0 0 0 0 0 0 
1149 10 0 0 0 0 0 0 0 0 0 0 0 
1150 10 0 0 0 0 0 0 0 0 0 0 0 
1151 10 0 0 0 0 0 0 0 0 0 0 0 
1152 10 0 0 0 0 0 0 0 0 0 0 0 
1153 10 0 0 0 0 0 0 0 0 0 0 0 
1154 10 0 0 0 0 0 0 0 0 0 0 0 
1155 10 0 0 0 0 0 0 0 0 0 0 0 
1156 10 0 0 0 0 0 0 0 0 0 0 0 
1157 10 0 0 0 0 0 0 0 0 0 0 0 
1158 10 0 0 0 0 0 0 0 0 0 0 0 
1159 10 0 0 0 0 0 0 0 0 0 0 0 
1160 10 0 0 0 0 0 0 0 0 0 0 0 
1161 10 0 0 0 0 0 0 0 0 0 0 0 
1162 10 0 0 0 0 0 0 0 0 0 0 0 
1163 10 0 0 0 0 0 0 0 0 0 0 0 
1164 10 0 0 0 0 0 0 0 0 0 0 0 
1165 10 0 0 0 0 0 0 0 0 0 0 0 
1166 10 0 0 0 0 0 0 0 0 0 0 0 
1167 10 0 0 0 0 0 0 0 0 0 0 0 
1168 10 0 0 0 0 0 0 0 0 0 0 0 
1169 10 0 0 0 0 0 0 0 0 0 0 0 
1170 10 0 0 0 0 0 0 0 0 0 0 0 
1171 10 0 0 0 0 0 0 0 0 0 0 0 
1172 10 0 0 0 0 0 0 0 0 0 0 0 
1173 10 0 0 0 0 0 0 0 0 0 0 0 
1174 10 0 0 0 0 0 0 0 0 0 0 0 
1175 10 0 0 0 0 0 0 0 0 0 0 0 
1176 10 0 0 0 0 0 0 0 0 0 0 0 
1177 10 0 0 0 0 0 0 0 0 0 0 0 
1178 10 0 0 0 0 0 0 0 0 0 0 0 
1179 10 0 0 0 0 0 0 0 0 0 0 0 
1180 10 0 0 0 0 0 0 0 0 0 0 0 
1181 10 0 0 0 0 0 0 0 0 0 0 0 
1182 10 0 0 0 0 0 0 0 0 0 0 0 
1183 10 0 0 0 0 0 0 0 0 0 0 0 
1184 10 0 0 0 0 0 0 0 0 0 0 0 
1185 10 0 0 0 0 0 0 0 0 0 0 0 
1186 10 0 0 0 0 0 0 0 0 0 0 0 
1187 10 0 0 0 0 0 0 0 0 0 0 0 
1188 10 0 0 0 0 0 0 0 0 0 0 0 
1189 10 0 0 0 0 0 0 0 0 0 0 0 
1190 10 0 0 0 0 0 0 0 0 0 0 0 
1191 10 0 0 0 0 0 0 0 0 0 0 0 
1192 10 0 0 0 0 0 0 0 0 0 0 0 
1193 10 0 0 0 0 0 0 0 0 0 0 0 
1194 10 0 0 0 0 0 0 0 0 0 0 0 
1195 10 0 0 0 0 0 0 0 0 0 0 0 
1196 10 0 0 0 0 0 0 0 0 0 0 0 
1197 10 0 0 0 0 0 0 0 0 0 0 0 
1198 10 0 0 0 0 0 0 0 0 0 0 0 
1199 10 0 0 0 0 0 0 0 0 0 0 0 
1200 10 0 0 0 0 0 0 0 0 0 0 0 
1201 10 0 0 0 0 0 0 0 0 0 0 0 
1202 10 0 0 0 0 0 0 0 0 0 0 0 
1203 10 0 0 0 0 0 0 0 0 0 0 0 
1204 10 0 0 0 0 0 0 0 0 0 0 0 
1205 10 0 0 0 0 0 0 0 0 0 0 0 
1206 10 0 0 0 0 0 0 0 0 0 0 0 
1207 10 0 0 0 0 0 0 0 0 0 0 0 
1208 10 0 0 0 0 0 0 0 0 0 0 0 
1209 10 0 0 0 0 0 0 0 0 0 0 0 
1210 10 0 0 0 0 0 0 0 0 0 0 0 
1211 10 0 0 0 0 0 0 0 0 0 0 0 
1212 10 0 0 0 0 0 0 0 0 0 0 0 
1213 10 0 0 0 0 0 0 0 0 0 0 0 
1214 10 0 0 0 0 0 0 0 0 0 0 0 
1215 10 0 0 0 0 0 0 0 0 0 0 0 
1216 10 0 0 0 0 0 0 0 0 0 0 0 
1217 10 0 0 0 0 0 0 0 0 0 0 0 
1218 10 0 0 0 0 0 0 0 0 0 0 0 
1219 10 0 0 0 0 0 0 0 0 0 0 0 
1220 10 0 0 0 0 0 0 0 0 0 0 0 
1221 10 0 0 0 0 0 0 0 0 0 0 0 
1222 10 0 0 0 0 0 0 0 0 0 0 0 
1223 10 0 0 0 0 0 0 0 0 0 0 0 
1224 10 0 0 0 0 0 0 0 0 0 0 0 
1225 10 0 0 0 0 0 0 0 0 0 0 0 
1226 10 0 0 0 0 0 0 0 0 0 0 0 
1227 10 0 0 0 0 0 0 0 0 0 0 0 
1228 10 0 0 0 0 0 0 0 0 0 0 0 
1229 10 0 0 0 0 0 0 0 0 0 0 0 
1230 10 0 0 0 0 0 0 0 0 0 0 0 
1231 10 0 0 0 0 0 0 0 0 0 0 0 
1232 10 0 0 0 0 0 0 0 0 0 0 0 
1233 10 0 0 0 0 0 0 0 0 0 0 0 
1234 10 0 0 0 0 0 0 0 0 0 0 0 
1235 10 0 0 0 0 0 0 0 0 0 0 0 
1236 10 0 0 0 0 0 0 0 0 0 0 0 
1237 10 0 0 0 0 0 0 0 0 0 0 0 
1238 10 0 0 0 0 0 0 0 0 0 0 0 
1239 10 0 0 0 0 0 0 0 0 0 0 0 
1240 10 0 0 0 0 0 0 0 0 0 0 0 
1241 10 0 0 0 0 0 0 0 0 0 0 0 
1242 10 0 0 0 0 0 0 0 0 0 0 0 
1243 10 0 0 0 0 0 0 0 0 0 0 0 
1244 10 0 0 0 0 0 0 0 0 0 0 0 
1245 10 0 0 0 0 0 0 0 0 0 0 0 
1246 10 0 0 0 0 0 0 0 0 0 0 0 
1247 10 0 0 0 0 0 0 0 0 0 0 0 
1248 10 0 0 0 0 0 0 0 0 0 0 0 
1249 10 0 0 0 0 0 0 0 0 0 0 0 
1250 10 0 0 0 0 0 0 0 0 0 0 0 
1251 10 0 0 0 0 0 0 0 0 0 0 0 
1252 10 0 0 0 0 0 0 0 0 0 0 0 
1253 10 0 0 0 0 0 0 0 0 0 0 0 
1254 10 0 0 0 0 0 0 0 0 0 0 0 
1255 10 0 0 0 0 0 0 0 0 0 0 0 
1256 10 0 0 0 0 0 0 0 0 0 0 0 
1257 10 0 0 0 0 0 0 0 0 0 0 0 
1258 10 0 0 0 0 0 0 0 0 0 0 0 
1259 10 0 0 0 0 0 0 0 0 0 0 0 
1260 10 0 0 0 0 0 0 0 0 0 0 0 
1261 10 0 0 0 0 0 0 0 0 0 0 0 
1262 10 0 0 0 0 0 0 0 0 0 0 0 
1263 10 0 0 0 0 0 0 0 0 0 0 0 
1264 10 0 0 0 0 0 0 0 0 0 0 0 
1265 10 0 0 0 0 0 0 0 0 0 0 0 
1266 10 0 0 0 0 0 0 0 0 0 0 0 
1267 10 0 0 0 0 0 0 0 0 0 0 0 
1268 10 0 0 0 0 0 0 0 0 0 0 0 
1269 10 0 0 0 0 0 0 0 0 0 0 0 
1270 10 0 0 0 0 0 0 0 0 0 0 0 
1271 10 0 0 0 0 0 0 0 0 0 0 0 
1272 10 0 0 0 0 0 0 0 0 0 0 0 
1273 10 0 0 0 0 0 0 0 0 0 0 0 
1274 10 0 0 0 0 0 0 0 0 0 0 0 
1275 10 0 0 0 0 0 0 0 0 0 0 0 
1276 10 0 0 0 0 0 0 0 0 0 0 0 
1277 10 0 0 0 0 0 0 0 0 0 0 0 
1278 10 0 0 0 0 0 0 0 0 0 0 0 
1279 10 0 0 0 0 0 0 0 0 0 0 0 
1280 10 0 0 0 0 0 0 0 0 0 0 0 
1281 10 0 0 0 0 0 0 0 0 0 0 0 
1282 10 0 0 0 0 0 0 0 0 0 0 0 
1283 10 0 0 0 0 0 0 0 0 0 0 0 
1284 10 0 0 0 0 0 0 0 0 0 0 0 
1285 10 0 0 0 0 0 0 0 0 0 0 0 
1286 10 0 0 0 0 0 0 0 0 0 0 0 
1287 10 0 0 0 0 0 0 0 0 0 0 0 
1288 10 0 0 0 0 0 0 0 0 0 0 0 
1289 10 0 0 0 0 0 0 0 0 0 0 0 
1290 10 0 0 0 0 0 0 0 0 0 0 0 
1291 10 0 0 0 0 0 0 0 0 0 0 0 
1292 10 0 0 0 0 0 0 0 0 0 0 0 
1293 10 0 0 0 0 0 0 0 0 0 0 0 
1294 10 0 0 0 0 0 0 0 0 0 0 0 
1295 10 0 0 0 0 0 0 0 0 0 0 0 
1296 10 0 0 0 0 0 0 0 0 0 0 0 
1297 10 0 0 0 0 0 0 0 0 0 0 0 
1298 10 0 0 0 0 0 0 0 0 0 0 0 
1299 10 9 0 0 0 0 0 0 0 0 0 0 
1300 10 10 0 0 0 0 0 0 0 0 0 0 
1301 10 0 0 0 0 0 0 0 0 0 0 0 
1302 10 0 0 0 0 0 0 0 0 0 0 0 
1303 10 0 0 0 0 0 0 0 0 0 0 0 
1304 10 0 0 0 0 0 0 0 0 0 0 0 
1305 10 0 0 0 0 0 0 0 0 0 0 0 
1306 10 0 0 0 0 0 0 0 0 0 0 0 
1307 10 13 0 0 0 0 0 0 0 0 0 0 
1308 10 14 0 0 0 0 0 0 0 0 0 0 
1309 10 15 0 0 0 0 0 0 0 0 0 0 
1310 10 16 0 0 0 0 0 0 0 0 0 0 
1311 10 0 0 0 0 0 0 0 0 0 0 0 
1312 10 0 0 0 0 0 0 0 0 0 0 0 
1313 10 0 0 0 0 0 0 0 0 0 0 0 
1314 10 0 0 0 0 0 0 0 0 0 0 0 
1315 10 0 0 0 0 0 0 0 0 0 0 0 
1316 10 0 0 0 0 0 0 0 0 0 0 0 
1317 10 0 0 0 0 0 0 0 0 0 0 0 
1318 10 0 0 0 0 0 0 0 0 0 0 0 
1319 10 0 0 0 0 0 0 0 0 0 0 0 
1320 10 0 0 0 0 0 0 0 0 0 0 0 
1321 10 0 0 0 0 0 0 0 0 0 0 0 
1322 10 0 0 0 0 0 0 0 0 0 0 0 
1323 10 0 0 0 0 0 0 0 0 0 0 0 
1324 10 0 0 0 0 0 0 0 0 0 0 0 
1325 10 20 0 0 0 0 0 0 0 0 0 0 
1326 10 21 0 0 0 0 0 0 0 0 0 0 
1327 10 0 0 0 0 0 0 0 0 0 0 0 
1328 10 0 0 0 0 0 0 0 0 0 0 0 
1329 10 0 0 0 0 0 0 0 0 0 0 0 
1330 10 0 0 0 0 0 0 0 0 0 0 0 
1331 10 0 0 0 0 0 0 0 0 0 0 0 
1332 10 0 0 0 0 0 0 0 0 0 0 0 
1333 10 24 0 0 0 0 0 0 0 0 0 0 
1334 10 25 0 0 0 0 0 0 0 0 0 0 
1335 10 0 0 0 0 0 0 0 0 0 0 0 
1336 10 0 0 0 0 0 0 0 0 0 0 0 
1337 10 0 0 0 0 0 0 0 0 0 0 0 
1338 10 0 0 0 0 0 0 0 0 0 0 0 
1339 10 0 0 0 0 0 0 0 0 0 0 0 
1340 10 0 0 0 0 0 0 0 0 0 0 0 
1341 10 0 0 0 0 0 0 0 0 0 0 0 
1342 10 0 0 0 0 0 0 0 0 0 0 0 
1343 10 0 0 0 0 0 0 0 0 0 0 0 
1344 10 0 0 0 0 0 0 0 0 0 0 0 
1345 10 0 0 0 0 0 0 0 0 0 0 0 
1346 10 0 0 0 0 0 0 0 0 0 0 0 
1347 10 0 0 0 0 0 0 0 0 0 0 0 
1348 10 0 0 0 0 0 0 0 0 0 0 0 
1349 10 0 0 0 0 0 0 0 0 0 0 0 
1350 10 0 0 0 0 0 0 0 0 0 0 0 
1351 10 0 0 0 0 0 0 0 0 0 0 0 
1352 10 0 0 0 0 0 0 0 0 0 0 0 
1353 10 0 0 0 0 0 0 0 0 0 0 0 
1354 10 0 0 0 0 0 0 0 0 0 0 0 
1355 10 0 0 0 0 0 0 0 0 0 0 0 
1356 10 0 0 0 0 0 0 0 0 0 0 0 
1357 10 0 0 0 0 0 0 0 0 0 0 0 
1358 10 0 0 0 0 0 0 0 0 0 0 0 
1359 10 0 0 0 0 0 0 0 0 0 0 0 
1360 10 0 0 0 0 0 0 0 0 0 0 0 
1361 10 0 0 0 0 0 0 0 0 0 0 0 
1362 10 0 0 0 0 0 0 0 0 0 0 0 
1363 10 0 0 0 0 0 0 0 0 0 0 0 
1364 10 0 0 0 0 0 0 0 0 0 0 0 
1365 10 0 0 0 0 0 0 0 0 0 0 0 
1366 10 0 0 0 0 0 0 0 0 0 0 0 
1367 10 0 0 0 0 0 0 0 0 0 0 0 
1368 10 0 0 0 0 0 0 0 0 0 0 0 
1369 10 0 0 0 0 0 0 0 0 0 0 0 
1370 10 0 0 0 0 0 0 0 0 0 0 0 
1371 10 0 0 0 0 0 0 0 0 0 0 0 
1372 10 0 0 0 0 0 0 0 0 0 0 0 
1373 10 0 0 0 0 0 0 0 0 0 0 0 
1374 10 0 0 0 0 0 0 0 0 0 0 0 
1375 10 0 0 0 0 0 0 0 0 0 0 0 
1376 10 0 0 0 0 0 0 0 0 0 0 0 
1377 10 0 0 0 0 0 0 0 0 0 0 0 
1378 10 0 0 0 0 0 0 0 0 0 0 0 
1379 10 0 0 0 0 0 0 0 0 0 0 0 
1380 10 0 0 0 0 0 0 0 0 0 0 0 
1381 10 0 0 0 0 0 0 0 0 0 0 0 
1382 10 0 0 0 0 0 0 0 0 0 0 0 
1383 10 0 0 0 0 0 0 0 0 0 0 0 
1384 10 0 0 0 0 0 0 0 0 0 0 0 
1385 10 0 0 0 0 0 0 0 0 0 0 0 
1386 10 0 0 0 0 0 0 0 0 0 0 0 
1387 10 0 0 0 0 0 0 0 0 0 0 0 
1388 10 0 0 0 0 0 0 0 0 0 0 0 
1389 10 0 0 0 0 0 0 0 0 0 0 0 
1390 10 0 0 0 0 0 0 0 0 0 0 0 
1391 10 0 0 0 0 0 0 0 0 0 0 0 
1392 10 0 0 0 0 0 0 0 0 0 0 0 
1393 10 0 0 0 0 0 0 0 0 0 0 0 
1394 10 0 0 0 0 0 0 0 0 0 0 0 
1395 10 0 0 0 0 0 0 0 0 0 0 0 
1396 10 0 0 0 0 0 0 0 0 0 0 0 
1397 10 0 0 0 0 0 0 0 0 0 0 0 
1398 10 0 0 0 0 0 0 0 0 0 0 0 
1399 10 0 0 0 0 0 0 0 0 0 0 0 
1400 10 0 0 0 0 0 0 0 0 0 0 0 
1401 10 0 0 0 0 0 0 0 0 0 0 0 
1402 10 0 0 0 0 0 0 0 0 0 0 0 
1403 10 0 0 0 0 0 0 0 0 0 0 0 
1404 10 0 0 0 0 0 0 0 0 0 0 0 
1405 10 0 0 0 0 0 0 0 0 0 0 0 
1406 10 0 0 0 0 0 0 0 0 0 0 0 
1407 10 0 0 0 0 0 0 0 0 0 0 0 
1408 10 0 0 0 0 0 0 0 0 0 0 0 
1409 10 0 0 0 0 0 0 0 0 0 0 0 
1410 10 0 0 0 0 0 0 0 0 0 0 0 
1411 10 0 0 0 0 0 0 0 0 0 0 0 
1412 10 0 0 0 0 0 0 0 0 0 0 0 
1413 10 0 0 0 0 0 0 0 0 0 0 0 
1414 10 0 0 0 0 0 0 0 0 0 0 0 
1415 10 0 0 0 0 0 0 0 0 0 0 0 
1416 10 0 0 0 0 0 0 0 0 0 0 0 
1417 10 0 0 0 0 0 0 0 0 0 0 0 
1418 10 0 0 0 0 0 0 0 0 0 0 0 
1419 10 0 0 0 0 0 0 0 0 0 0 0 
1420 10 0 0 0 0 0 0 0 0 0 0 0 
1421 10 0 0 0 0 0 0 0 0 0 0 0 
1422 10 0 0 0 0 0 0 0 0 0 0 0 
1423 10 0 0 0 0 0 0 0 0 0 0 0 
1424 10 0 0 0 0 0 0 0 0 0 0 0 
1425 10 0 0 0 0 0 0 0 0 0 0 0 
1426 10 0 0 0 0 0 0 0 0 0 0 0 
1427 10 0 0 0 0 0 0 0 0 0 0 0 
1428 10 0 0 0 0 0 0 0 0 0 0 0 
1429 10 0 0 0 0 0 0 0 0 0 0 0 
1430 10 0 0 0 0 0 0 0 0 0 0 0 
1431 10 0 0 0 0 0 0 0 0 0 0 0 
1432 10 0 0 0 0 0 0 0 0 0 0 0 
1433 10 0 0 0 0 0 0 0 0 0 0 0 
1434 10 0 0 0 0 0 0 0 0 0 0 0 
1435 10 0 0 0 0 0 0 0 0 0 0 0 
1436 10 0 0 0 0 0 0 0 0 0 0 0 
1437 10 0 0 0 0 0 0 0 0 0 0 0 
1438 10 0 0 0 0 0 0 0 0 0 0 0 
1439 10 0 0 0 0 0 0 0 0 0 0 0 
1440 10 0 0 0 0 0 0 0 0 0 0 0 
1441 10 0 0 0 0 0 0 0 0 0 0 0 
1442 10 0 0 0 0 0 0 0 0 0 0 0 
1443 10 0 0 0 0 0 0 0 0 0 0 0 
1444 10 0 0 0 0 0 0 0 0 0 0 0 
1445 10 0 0 0 0 0 0 0 0 0 0 0 
1446 10 0 0 0 0 0 0 0 0 0 0 0 
1447 10 0 0 0 0 0 0 0 0 0 0 0 
1448 10 0 0 0 0 0 0 0 0 0 0 0 
1449 10 0 0 0 0 0 0 0 0 0 0 0 
1450 10 0 0 0 0 0 0 0 0 0 0 0 
1451 10 0 0 0 0 0 0 0 0 0 0 0 
1452 10 0 0 0 0 0 0 0 0 0 0 0 
1453 10 0 0 0 0 0 0 0 0 0 0 0 
1454 10 0 0 0 0 0 0 0 0 0 0 0 
1455 10 0 0 0 0 0 0 0 0 0 0 0 
1456 10 0 0 0 0 0 0 0 0 0 0 0 
1457 10 0 0 0 0 0 0 0 0 0 0 0 
1458 10 0 0 0 0 0 0 0 0 0 0 0 
1459 10 0 0 0 0 0 0 0 0 0 0 0 
1460 10 0 0 0 0 0 0 0 0 0 0 0 
1461 10 0 0 0 0 0 0 0 0 0 0 0 
1462 10 0 0 0 0 0 0 0 0 0 0 0 
1463 10 0 0 0 0 0 0 0 0 0 0 0 
1464 10 0 0 0 0 0 0 0 0 0 0 0 
1465 10 0 0 0 0 0 0 0 0 0 0 0 
1466 10 0 0 0 0 0 0 0 0 0 0 0 
1467 10 0 0 0 0 0 0 0 0 0 0 0 
1468 10 0 0 0 0 0 0 0 0 0 0 0 
1469 10 0 0 0 0 0 0 0 0 0 0 0 
1470 10 0 0 0 0 0 0 0 0 0 0 0 
1471 10 0 0 0 0 0 0 0 0 0 0 0 
1472 10 0 0 0 0 0 0 0 0 0 0 0 
1473 10 0 0 0 0 0 0 0 0 0 0 0 
1474 10 0 0 0 0 0 0 0 0 0 0 0 
1475 10 0 0 0 0 0 0 0 0 0 0 0 
1476 10 0 0 0 0 0 0 0 0 0 0 0 
1477 10 0 0 0 0 0 0 0 0 0 0 0 
1478 10 0 0 0 0 0 0 0 0 0 0 0 
1479 10 0 0 0 0 0 0 0 0 0 0 0 
1480 10 0 0 0 0 0 0 0 0 0 0 0 
1481 10 0 0 0 0 0 0 0 0 0 0 0 
1482 10 0 0 0 0 0 0 0 0 0 0 0 
1483 10 0 0 0 0 0 0 0 0 0 0 0 
1484 10 0 0 0 0 0 0 0 0 0 0 0 
1485 10 0 0 0 0 0 0 0 0 0 0 0 
1486 10 0 0 0 0 0 0 0 0 0 0 0 
1487 10 0 0 0 0 0 0 0 0 0 0 0 
1488 10 0 0 0 0 0 0 0 0 0 0 0 
1489 10 0 0 0 0 0 0 0 0 0 0 0 
1490 10 0 0 0 0 0 0 0 0 0 0 0 
1491 10 0 0 0 0 0 0 0 0 0 0 0 
1492 10 0 0 0 0 0 0 0 0 0 0 0 
1493 10 0 0 0 0 0 0 0 0 0 0 0 
1494 10 0 0 0 0 0 0 0 0 0 0 0 
1495 10 0 0 0 0 0 0 0 0 0 0 0 
1496 10 0 0 0 0 0 0 0 0 0 0 0 
1497 10 0 0 0 0 0 0 0 0 0 0 0 
1498 10 0 0 0 0 0 0 0 0 0 0 0 
1499 10 0 0 0 0 0 0 0 0 0 0 0 
1500 10 0 0 0 0 0 0 0 0 0 0 0 
1501 10 0 0 0 0 0 0 0 0 0 0 0 
1502 10 0 0 0 0 0 0 0 0 0 0 0 
1503 10 0 0 0 0 0 0 0 0 0 0 0 
1504 10 0 0 0 0 0 0 0 0 0 0 0 
1505 10 0 0 0 0 0 0 0 0 0 0 0 
1506 10 0 0 0 0 0 0 0 0 0 0 0 
1507 10 0 0 0 0 0 0 0 0 0 0 0 
1508 10 0 0 0 0 0 0 0 0 0 0 0 
1509 10 0 0 0 0 0 0 0 0 0 0 0 
1510 10 0 0 0 0 0 0 0 0 0 0 0 
1511 10 0 0 0 0 0 0 0 0 0 0 0 
1512 10 0 0 0 0 0 0 0 0 0 0 0 
1513 10 0 0 0 0 0 0 0 0 0 0 0 
1514 10 0 0 0 0 0 0 0 0 0 0 0 
1515 10 0 0 0 0 0 0 0 0 0 0 0 
1516 10 0 0 0 0 0 0 0 0 0 0 0 
1517 10 0 0 0 0 0 0 0 0 0 0 0 
1518 10 0 0 0 0 0 0 0 0 0 0 0 
1519 10 0 0 0 0 0 0 0 0 0 0 0 
1520 10 0 0 0 0 0 0 0 0 0 0 0 
1521 10 0 0 0 0 0 0 0 0 0 0 0 
1522 10 0 0 0 0 0 0 0 0 0 0 0 
1523 10 0 0 0 0 0 0 0 0 0 0 0 
1524 10 0 0 0 0 0 0 0 0 0 0 0 
1525 10 0 0 0 0 0 0 0 0 0 0 0 
1526 10 0 0 0 0 0 0 0 0 0 0 0 
1527 10 0 0 0 0 0 0 0 0 0 0 0 
1528 10 0 0 0 0 0 0 0 0 0 0 0 
1529 10 0 0 0 0 0 0 0 0 0 0 0 
1530 10 0 0 0 0 0 0 0 0 0 0 0 
1531 10 0 0 0 0 0 0 0 0 0 0 0 
1532 10 0 0 0 0 0 0 0 0 0 0 0 
1533 10 0 0 0 0 0 0 0 0 0 0 0 
1534 10 0 0 0 0 0 0 0 0 0 0 0 
1535 10 0 0 0 0 0 0 0 0 0 0 0 
1536 10 0 0 0 0 0 0 0 0 0 0 0 
1537 10 0 0 0 0 0 0 0 0 0 0 0 
1538 10 0 0 0 0 0 0 0 0 0 0 0 
1539 10 0 0 0 0 0 0 0 0 0 0 0 
1540 10 0 0 0 0 0 0 0 0 0 0 0 
1541 10 0 0 0 0 0 0 0 0 0 0 0 
1542 10 0 0 0 0 0 0 0 0 0 0 0 
1543 10 0 0 0 0 0 0 0 0 0 0 0 
1544 10 0 0 0 0 0 0 0 0 0 0 0 
1545 10 0 0 0 0 0 0 0 0 0 0 0 
1546 10 0 0 0 0 0 0 0 0 0 0 0 
1547 10 0 0 0 0 0 0 0 0 0 0 0 
1548 10 0 0 0 0 0 0 0 0 0 0 0 
1549 10 0 0 0 0 0 0 0 0 0 0 0 
1550 10 0 0 0 0 0 0 0 0 0 0 0 
1551 10 0 0 0 0 0 0 0 0 0 0 0 
1552 10 0 0 0 0 0 0 0 0 0 0 0 
1553 10 0 0 0 0 0 0 0 0 0 0 0 
1554 10 0 0 0 0 0 0 0 0 0 0 0 
1555 10 0 0 0 0 0 0 0 0 0 0 0 
1556 10 0 0 0 0 0 0 0 0 0 0 0 
1557 10 0 0 0 0 0 0 0 0 0 0 0 
1558 10 0 0 0 0 0 0 0 0 0 0 0 
1559 10 0 0 0 0 0 0 0 0 0 0 0 
1560 10 0 0 0 0 0 0 0 0 0 0 0 
1561 10 0 0 0 0 0 0 0 0 0 0 0 
1562 10 0 0 0 0 0 0 0 0 0 0 0 
1563 10 0 0 0 0 0 0 0 0 0 0 0 
1564 10 0 0 0 0 0 0 0 0 0 0 0 
1565 10 0 0 0 0 0 0 0 0 0 0 0 
1566 10 0 0 0 0 0 0 0 0 0 0 0 
1567 10 0 0 0 0 0 0 0 0 0 0 0 
1568 10 0 0 0 0 0 0 0 0 0 0 0 
1569 10 0 0 0 0 0 0 0 0 0 0 0 
1570 10 0 0 0 0 0 0 0 0 0 0 0 
1571 10 0 0 0 0 0 0 0 0 0 0 0 
1572 10 0 0 0 0 0 0 0 0 0 0 0 
1573 10 0 0 0 0 0 0 0 0 0 0 0 
1574 10 0 0 0 0 0 0 0 0 0 0 0 
1575 10 0 0 0 0 0 0 0 0 0 0 0 
1576 10 0 0 0 0 0 0 0 0 0 0 0 
1577 10 0 0 0 0 0 0 0 0 0 0 0 
1578 10 0 0 0 0 0 0 0 0 0 0 0 
1579 10 0 0 0 0 0 0 0 0 0 0 0 
1580 10 0 0 0 0 0 0 0 0 0 0 0 
1581 10 0 0 0 0 0 0 0 0 0 0 0 
1582 10 0 0 0 0 0 0 0 0 0 0 0 
1583 10 0 0 0 0 0 0 0 0 0 0 0 
1584 10 0 0 0 0 0 0 0 0 0 0 0 
1585 10 0 0 0 0 0 0 0 0 0 0 0 
1586 10 0 0 0 0 0 0 0 0 0 0 0 
1587 10 0 0 0 0 0 0 0 0 0 0 0 
1588 10 0 0 0 0 0 0 0 0 0 0 0 
1589 10 0 0 0 0 0 0 0 0 0 0 0 
1590 10 0 0 0 0 0 0 0 0 0 0 0 
1591 10 0 0 0 0 0 0 0 0 0 0 0 
1592 10 0 0 0 0 0 0 0 0 0 0 0 
1593 10 0 0 0 0 0 0 0 0 0 0 0 
1594 10 0 0 0 0 0 0 0 0 0 0 0 
1595 10 0 0 0 0 0 0 0 0 0 0 0 
1596 10 0 0 0 0 0 0 0 0 0 0 0 
1597 10 0 0 0 0 0 0 0 0 0 0 0 
1598 10 0 0 0 0 0 0 0 0 0 0 0 
1599 10 0 0 0 0 0 0 0 0 0 0 0 
1600 10 0 0 0 0 0 0 0 0 0 0 0 
1601 10 0 0 0 0 0 0 0 0 0 0 0 
1602 10 0 0 0 0 0 0 0 0 0 0 0 
1603 10 0 0 0 0 0 0 0 0 0 0 0 
1604 10 0 0 0 0 0 0 0 0 0 0 0 
1605 10 0 0 0 0 0 0 0 0 0 0 0 
1606 10 0 0 0 0 0 0 0 0 0 0 0 
1607 10 0 0 0 0 0 0 0 0 0 0 0 
1608 10 0 0 0 0 0 0 0 0 0 0 0 
1609 10 0 0 0 0 0 0 0 0 0 0 0 
1610 10 0 0 0 0 0 0 0 0 0 0 0 
1611 10 0 0 0 0 0 0 0 0 0 0 0 
1612 10 0 0 0 0 0 0 0 0 0 0 0 
1613 10 0 0 0 0 0 0 0 0 0 0 0 
1614 10 0 0 0 0 0 0 0 0 0 0 0 
1615 10 0 0 0 0 0 0 0 0 0 0 0 
1616 10 0 0 0 0 0 0 0 0 0 0 0 
1617 10 0 0 0 0 0 0 0 0 0 0 0 
1618 10 0 0 0 0 0 0 0 0 0 0 0 
1619 10 0 0 0 0 0 0 0 0 0 0 0 
1620 10 0 0 0 0 0 0 0 0 0 0 0 
1621 10 0 0 0 0 0 0 0 0 0 0 0 
1622 10 0 0 0 0 0 0 0 0 0 0 0 
1623 10 0 0 0 0 0 0 0 0 0 0 0 
1624 10 0 0 0 0 0 0 0 0 0 0 0 
1625 10 0 0 0 0 0 0 0 0 0 0 0 
1626 10 0 0 0 0 0 0 0 0 0 0 0 
1627 10 0 0 0 0 0 0 0 0 0 0 0 
1628 10 0 0 0 0 0 0 0 0 0 0 0 
1629 10 0 0 0 0 0 0 0 0 0 0 0 
1630 10 0 0 0 0 0 0 0 0 0 0 0 
1631 10 0 0 0 0 0 0 0 0 0 0 0 
1632 10 0 0 0 0 0 0 0 0 0 0 0 
1633 10 0 0 0 0 0 0 0 0 0 0 0 
1634 10 0 0 0 0 0 0 0 0 0 0 0 
1635 10 0 0 0 0 0 0 0 0 0 0 0 
1636 10 0 0 0 0 0 0 0 0 0 0 0 
1637 10 0 0 0 0 0 0 0 0 0 0 0 
1638 10 0 0 0 0 0 0 0 0 0 0 0 
1639 10 0 0 0 0 0 0 0 0 0 0 0 
1640 10 0 0 0 0 0 0 0 0 0 0 0 
1641 10 0 0 0 0 0 0 0 0 0 0 0 
1642 10 0 0 0 0 0 0 0 0 0 0 0 
1643 10 0 0 0 0 0 0 0 0 0 0 0 
1644 10 0 0 0 0 0 0 0 0 0 0 0 
1645 10 0 0 0 0 0 0 0 0 0 0 0 
1646 10 0 0 0 0 0 0 0 0 0 0 0 
1647 10 0 0 0 0 0 0 0 0 0 0 0 
1648 10 0 0 0 0 0 0 0 0 0 0 0 
1649 10 0 0 0 0 0 0 0 0 0 0 0 
1650 10 0 0 0 0 0 0 0 0 0 0 0 
1651 10 0 0 0 0 0 0 0 0 0 0 0 
1652 10 0 0 0 0 0 0 0 0 0 0 0 
1653 10 0 0 0 0 0 0 0 0 0 0 0 
1654 10 0 0 0 0 0 0 0 0 0 0 0 
1655 10 0 0 0 0 0 0 0 0 0 0 0 
1656 10 0 0 0 0 0 0 0 0 0 0 0 
1657 10 0 0 0 0 0 0 0 0 0 0 0 
1658 10 0 0 0 0 0 0 0 0 0 0 0 
1659 10 0 0 0 0 0 0 0 0 0 0 0 
1660 10 0 0 0 0 0 0 0 0 0 0 0 
1661 10 0 0 0 0 0 0 0 0 0 0 0 
1662 10 0 0 0 0 0 0 0 0 0 0 0 
1663 10 53 0 0 0 0 0 0 0 0 0 0 
1664 10 54 0 0 0 0 0 0 0 0 0 0 
1665 10 55 0 0 0 0 0 0 0 0 0 0 
1666 10 56 0 0 0 0 0 0 0 0 0 0 
1667 10 0 0 0 0 0 0 0 0 0 0 0 
1668 10 0 0 0 0 0 0 0 0 0 0 0 
1669 10 58 0 0 0 0 0 0 0 0 0 0 
1670 10 59 0 0 0 0 0 0 0 0 0 0 
1671 10 0 0 0 0 0 0 0 0 0 0 0 
1672 10 0 0 0 0 0 0 0 0 0 0 0 
1673 10 0 0 0 0 0 0 0 0 0 0 0 
1674 10 0 0 0 0 0 0 0 0 0 0 0 
1675 10 0 0 0 0 0 0 0 0 0 0 0 
1676 10 0 0 0 0 0 0 0 0 0 0 0 
1677 10 0 0 0 0 0 0 0 0 0 0 0 
1678 10 0 0 0 0 0 0 0 0 0 0 0 
1679 10 0 0 0 0 0 0 0 0 0 0 0 
1680 10 0 0 0 0 0 0 0 0 0 0 0 
1681 10 0 0 0 0 0 0 0 0 0 0 0 
1682 10 0 0 0 0 0 0 0 0 0 0 0 
1683 10 0 0 0 0 0 0 0 0 0 0 0 
1684 10 0 0 0 0 0 0 0 0 0 0 0 
1685 10 0 0 0 0 0 0 0 0 0 0 0 
1686 10 0 0 0 0 0 0 0 0 0 0 0 
1687 10 0 0 0 0 0 0 0 0 0 0 0 
1688 10 0 0 0 0 0 0 0 0 0 0 0 
1689 10 0 0 0 0 0 0 0 0 0 0 0 
1690 10 0 0 0 0 0 0 0 0 0 0 0 
1691 10 0 0 0 0 0 0 0 0 0 0 0 
1692 10 0 0 0 0 0 0 0 0 0 0 0 
1693 10 0 0 0 0 0 0 0 0 0 0 0 
1694 10 0 0 0 0 0 0 0 0 0 0 0 
1695 10 0 0 0 0 0 0 0 0 0 0 0 
1696 10 0 0 0 0 0 0 0 0 0 0 0 
1697 10 0 0 0 0 0 0 0 0 0 0 0 
1698 10 0 0 0 0 0 0 0 0 0 0 0 
1699 10 0 0 0 0 0 0 0 0 0 0 0 
1700 10 0 0 0 0 0 0 0 0 0 0 0 
1701 10 0 0 0 0 0 0 0 0 0 0 0 
1702 10 0 0 0 0 0 0 0 0 0 0 0 
1703 10 0 0 0 0 0 0 0 0 0 0 0 
1704 10 0 0 0 0 0 0 0 0 0 0 0 
1705 10 0 0 0 0 0 0 0 0 0 0 0 
1706 10 0 0 0 0 0 0 0 0 0 0 0 
1707 10 0 0 0 0 0 0 0 0 0 0 0 
1708 10 0 0 0 0 0 0 0 0 0 0 0 
1709 10 0 0 0 0 0 0 0 0 0 0 0 
1710 10 0 0 0 0 0 0 0 0 0 0 0 
1711 10 0 0 0 0 0 0 0 0 0 0 0 
1712 10 0 0 0 0 0 0 0 0 0 0 0 
1713 10 0 0 0 0 0 0 0 0 0 0 0 
1714 10 0 0 0 0 0 0 0 0 0 0 0 
1715 10 0 0 0 0 0 0 0 0 0 0 0 
1716 10 0 0 0 0 0 0 0 0 0 0 0 
1717 10 71 0 0 0 0 0 0 0 0 0 0 
1718 10 72 0 0 0 0 0 0 0 0 0 0 
1719 10 73 0 0 0 0 0 0 0 0 0 0 
1720 10 74 0 0 0 0 0 0 0 0 0 0 
1721 10 75 0 0 0 0 0 0 0 0 0 0 
1722 10 76 0 0 0 0 0 0 0 0 0 0 
1723 10 77 0 0 0 0 0 0 0 0 0 0 
1724 10 78 0 0 0 0 0 0 0 0 0 0 
1725 10 79 0 0 0 0 0 0 0 0 0 0 
1726 10 80 0 0 0 0 0 0 0 0 0 0 
1727 10 0 0 0 0 0 0 0 0 0 0 0 
1728 10 0 0 0 0 0 0 0 0 0 0 0 
1729 10 0 0 0 0 0 0 0 0 0 0 0 
1730 10 0 0 0 0 0 0 0 0 0 0 0 
1731 10 0 0 0 0 0 0 0 0 0 0 0 
1732 10 0 0 0 0 0 0 0 0 0 0 0 
1733 10 0 0 0 0 0 0 0 0 0 0 0 
1734 10 0 0 0 0 0 0 0 0 0 0 0 
1735 10 0 0 0 0 0 0 0 0 0 0 0 
1736 10 0 0 0 0 0 0 0 0 0 0 0 
1737 10 0 0 0 0 0 0 0 0 0 0 0 
1738 10 0 0 0 0 0 0 0 0 0 0 0 
1739 10 0 0 0 0 0 0 0 0 0 0 0 
1740 10 0 0 0 0 0 0 0 0 0 0 0 
1741 10 0 0 0 0 0 0 0 0 0 0 0 
1742 10 0 0 0 0 0 0 0 0 0 0 0 
1743 10 0 0 0 0 0 0 0 0 0 0 0 
1744 10 0 0 0 0 0 0 0 0 0 0 0 
1745 10 0 0 0 0 0 0 0 0 0 0 0 
1746 10 0 0 0 0 0 0 0 0 0 0 0 
1747 10 0 0 0 0 0 0 0 0 0 0 0 
1748 10 0 0 0 0 0 0 0 0 0 0 0 
1749 10 0 0 0 0 0 0 0 0 0 0 0 
1750 10 0 0 0 0 0 0 0 0 0 0 0 
1751 10 0 0 0 0 0 0 0 0 0 0 0 
1752 10 0 0 0 0 0 0 0 0 0 0 0 
1753 10 0 0 0 0 0 0 0 0 0 0 0 
1754 10 0 0 0 0 0 0 0 0 0 0 0 
1755 10 0 0 0 0 0 0 0 0 0 0 0 
1756 10 0 0 0 0 0 0 0 0 0 0 0 
1757 10 0 0 0 0 0 0 0 0 0 0 0 
1758 10 0 0 0 0 0 0 0 0 0 0 0 
1759 10 0 0 0 0 0 0 0 0 0 0 0 
1760 10 0 0 0 0 0 0 0 0 0 0 0 
1761 10 0 0 0 0 0 0 0 0 0 0 0 
1762 10 0 0 0 0 0 0 0 0 0 0 0 
1763 10 0 0 0 0 0 0 0 0 0 0 0 
1764 10 0 0 0 0 0 0 0 0 0 0 0 
1765 10 0 0 0 0 0 0 0 0 0 0 0 
1766 10 0 0 0 0 0 0 0 0 0 0 0 
1767 10 0 0 0 0 0 0 0 0 0 0 0 
1768 10 0 0 0 0 0 0 0 0 0 0 0 
1769 10 0 0 0 0 0 0 0 0 0 0 0 
1770 10 0 0 0 0 0 0 0 0 0 0 0 
1771 10 0 0 0 0 0 0 0 0 0 0 0 
1772 10 0 0 0 0 0 0 0 0 0 0 0 
1773 10 0 0 0 0 0 0 0 0 0 0 0 
1774 10 0 0 0 0 0 0 0 0 0 0 0 
1775 10 0 0 0 0 0 0 0 0 0 0 0 
1776 10 0 0 0 0 0 0 0 0 0 0 0 
1777 10 0 0 0 0 0 0 0 0 0 0 0 
1778 10 0 0 0 0 0 0 0 0 0 0 0 
1779 10 0 0 0 0 0 0 0 0 0 0 0 
1780 10 0 0 0 0 0 0 0 0 0 0 0 
1781 10 0 0 0 0 0 0 0 0 0 0 0 
1782 10 0 0 0 0 0 0 0 0 0 0 0 
1783 10 0 0 0 0 0 0 0 0 0 0 0 
1784 10 0 0 0 0 0 0 0 0 0 0 0 
1785 10 0 0 0 0 0 0 0 0 0 0 0 
1786 10 0 0 0 0 0 0 0 0 0 0 0 
1787 10 0 0 0 0 0 0 0 0 0 0 0 
1788 10 0 0 0 0 0 0 0 0 0 0 0 
1789 10 0 0 0 0 0 0 0 0 0 0 0 
1790 10 0 0 0 0 0 0 0 0 0 0 0 
1791 10 84 0 0 0 0 0 0 0 0 0 0 
1792 10 85 0 0 0 0 0 0 0 0 0 0 
1793 10 86 0 0 0 0 0 0 0 0 0 0 
1794 10 87 0 0 0 0 0 0 0 0 0 0 
1795 10 0 0 0 0 0 0 0 0 0 0 0 
1796 10 0 0 0 0 0 0 0 0 0 0 0 
1797 10 0 0 0 0 0 0 0 0 0 0 0 
1798 10 0 0 0 0 0 0 0 0 0 0 0 
1799 10 0 0 0 0 0 0 0 0 0 0 0 
1800 10 0 0 0 0 0 0 0 0 0 0 0 
1801 10 0 0 0 0 0 0 0 0 0 0 0 
1802 10 0 0 0 0 0 0 0 0 0 0 0 
1803 10 91 0 0 0 0 0 0 0 0 0 0 
1804 10 92 0 0 0 0 0 0 0 0 0 0 
1805 10 0 0 0 0 0 0 0 0 0 0 0 
1806 10 0 0 0 0 0 0 0 0 0 0 0 
1807 10 0 0 0 0 0 0 0 0 0 0 0 
1808 10 0 0 0 0 0 0 0 0 0 0 0 
1809 10 0 0 0 0 0 0 0 0 0 0 0 
1810 10 0 0 0 0 0 0 0 0 0 0 0 
1811 10 0 0 0 0 0 0 0 0 0 0 0 
1812 10 0 0 0 0 0 0 0 0 0 0 0 
1813 10 0 0 0 0 0 0 0 0 0 0 0 
1814 10 0 0 0 0 0 0 0 0 0 0 0 
1815 10 0 0 0 0 0 0 0 0 0 0 0 
1816 10 0 0 0 0 0 0 0 0 0 0 0 
1817 10 0 0 0 0 0 0 0 0 0 0 0 
1818 10 0 0 0 0 0 0 0 0 0 0 0 
1819 10 0 0 0 0 0 0 0 0 0 0 0 
1820 10 0 0 0 0 0 0 0 0 0 0 0 
1821 10 0 0 0 0 0 0 0 0 0 0 0 
1822 10 0 0 0 0 0 0 0 0 0 0 0 
1823 10 0 0 0 0 0 0 0 0 0 0 0 
1824 10 0 0 0 0 0 0 0 0 0 0 0 
1825 10 0 0 0 0 0 0 0 0 0 0 0 
1826 10 0 0 0 0 0 0 0 0 0 0 0 
1827 10 0 0 0 0 0 0 0 0 0 0 0 
1828 10 0 0 0 0 0 0 0 0 0 0 0 
1829 10 0 0 0 0 0 0 0 0 0 0 0 
1830 10 0 0 0 0 0 0 0 0 0 0 0 
1831 10 0 0 0 0 0 0 0 0 0 0 0 
1832 10 0 0 0 0 0 0 0 0 0 0 0 
1833 10 0 0 0 0 0 0 0 0 0 0 0 
1834 10 0 0 0 0 0 0 0 0 0 0 0 
1835 10 0 0 0 0 0 0 0 0 0 0 0 
1836 10 0 0 0 0 0 0 0 0 0 0 0 
1837 10 0 0 0 0 0 0 0 0 0 0 0 
1838 10 0 0 0 0 0 0 0 0 0 0 0 
1839 10 0 0 0 0 0 0 0 0 0 0 0 
1840 10 0 0 0 0 0 0 0 0 0 0 0 
1841 10 0 0 0 0 0 0 0 0 0 0 0 
1842 10 0 0 0 0 0 0 0 0 0 0 0 
1843 10 0 0 0 0 0 0 0 0 0 0 0 
1844 10 0 0 0 0 0 0 0 0 0 0 0 
1845 10 0 0 0 0 0 0 0 0 0 0 0 
1846 10 0 0 0 0 0 0 0 0 0 0 0 
1847 10 0 0 0 0 0 0 0 0 0 0 0 
1848 10 0 0 0 0 0 0 0 0 0 0 0 
1849 10 0 0 0 0 0 0 0 0 0 0 0 
1850 10 0 0 0 0 0 0 0 0 0 0 0 
1851 10 0 0 0 0 0 0 0 0 0 0 0 
1852 10 0 0 0 0 0 0 0 0 0 0 0 
1853 10 0 0 0 0 0 0 0 0 0 0 0 
1854 10 0 0 0 0 0 0 0 0 0 0 0 
1855 10 0 0 0 0 0 0 0 0 0 0 0 
1856 10 0 0 0 0 0 0 0 0 0 0 0 
1857 10 0 0 0 0 0 0 0 0 0 0 0 
1858 10 0 0 0 0 0 0 0 0 0 0 0 
1859 10 0 0 0 0 0 0 0 0 0 0 0 
1860 10 0 0 0 0 0 0 0 0 0 0 0 
1861 10 0 0 0 0 0 0 0 0 0 0 0 
1862 10 0 0 0 0 0 0 0 0 0 0 0 
1863 10 0 0 0 0 0 0 0 0 0 0 0 
1864 10 0 0 0 0 0 0 0 0 0 0 0 
1865 10 0 0 0 0 0 0 0 0 0 0 0 
1866 10 0 0 0 0 0 0 0 0 0 0 0 
1867 10 0 0 0 0 0 0 0 0 0 0 0 
1868 10 0 0 0 0 0 0 0 0 0 0 0 
1869 10 0 0 0 0 0 0 0 0 0 0 0 
1870 10 0 0 0 0 0 0 0 0 0 0 0 
1871 10 0 0 0 0 0 0 0 0 0 0 0 
1872 10 0 0 0 0 0 0 0 0 0 0 0 
1873 10 0 0 0 0 0 0 0 0 0 0 0 
1874 10 0 0 0 0 0 0 0 0 0 0 0 
1875 10 0 0 0 0 0 0 0 0 0 0 0 
1876 10 0 0 0 0 0 0 0 0 0 0 0 
1877 10 0 0 0 0 0 0 0 0 0 0 0 
1878 10 0 0 0 0 0 0 0 0 0 0 0 
1879 10 0 0 0 0 0 0 0 0 0 0 0 
1880 10 0 0 0 0 0 0 0 0 0 0 0 
1881 10 0 0 0 0 0 0 0 0 0 0 0 
1882 10 0 0 0 0 0 0 0 0 0 0 0 
1883 10 0 0 0 0 0 0 0 0 0 0 0 
1884 10 0 0 0 0 0 0 0 0 0 0 0 
1885 10 0 0 0 0 0 0 0 0 0 0 0 
1886 10 0 0 0 0 0 0 0 0 0 0 0 
1887 10 0 0 0 0 0 0 0 0 0 0 0 
1888 10 0 0 0 0 0 0 0 0 0 0 0 
1889 10 0 0 0 0 0 0 0 0 0 0 0 
1890 10 0 0 0 0 0 0 0 0 0 0 0 
1891 10 0 0 0 0 0 0 0 0 0 0 0 
1892 10 0 0 0 0 0 0 0 0 0 0 0 
1893 10 0 0 0 0 0 0 0 0 0 0 0 
1894 10 0 0 0 0 0 0 0 0 0 0 0 
1895 10 0 0 0 0 0 0 0 0 0 0 0 
1896 10 0 0 0 0 0 0 0 0 0 0 0 
1897 10 0 0 0 0 0 0 0 0 0 0 0 
1898 10 0 0 0 0 0 0 0 0 0 0 0 
1899 10 0 0 0 0 0 0 0 0 0 0 0 
1900 10 0 0 0 0 0 0 0 0 0 0 0 
1901 10 0 0 0 0 0 0 0 0 0 0 0 
1902 10 0 0 0 0 0 0 0 0 0 0 0 
1903 10 0 0 0 0 0 0 0 0 0 0 0 
1904 10 0 0 0 0 0 0 0 0 0 0 0 
1905 10 0 0 0 0 0 0 0 0 0 0 0 
1906 10 0 0 0 0 0 0 0 0 0 0 0 
1907 10 0 0 0 0 0 0 0 0 0 0 0 
1908 10 0 0 0 0 0 0 0 0 0 0 0 
1909 10 0 0 0 0 0 0 0 0 0 0 0 
1910 10 0 0 0 0 0 0 0 0 0 0 0 
1911 10 0 0 0 0 0 0 0 0 0 0 0 
1912 10 0 0 0 0 0 0 0 0 0 0 0 
1913 10 0 0 0 0 0 0 0 0 0 0 0 
1914 10 0 0 0 0 0 0 0 0 0 0 0 
1915 10 0 0 0 0 0 0 0 0 0 0 0 
1916 10 0 0 0 0 0 0 0 0 0 0 0 
1917 10 0 0 0 0 0 0 0 0 0 0 0 
1918 10 0 0 0 0 0 0 0 0 0 0 0 
1919 10 0 0 0 0 0 0 0 0 0 0 0 
1920 10 0 0 0 0 0 0 0 0 0 0 0 
1921 10 0 0 0 0 0 0 0 0 0 0 0 
1922 10 0 0 0 0 0 0 0 0 0 0 0 
1923 10 0 0 0 0 0 0 0 0 0 0 0 
1924 10 0 0 0 0 0 0 0 0 0 0 0 
1925 10 0 0 0 0 0 0 0 0 0 0 0 
1926 10 0 0 0 0 0 0 0 0 0 0 0 
1927 10 0 0 0 0 0 0 0 0 0 0 0 
1928 10 0 0 0 0 0 0 0 0 0 0 0 
1929 10 0 0 0 0 0 0 0 0 0 0 0 
1930 10 0 0 0 0 0 0 0 0 0 0 0 
1931 10 0 0 0 0 0 0 0 0 0 0 0 
1932 10 0 0 0 0 0 0 0 0 0 0 0 
1933 10 0 0 0 0 0 0 0 0 0 0 0 
1934 10 0 0 0 0 0 0 0 0 0 0 0 
1935 10 0 0 0 0 0 0 0 0 0 0 0 
1936 10 0 0 0 0 0 0 0 0 0 0 0 
1937 10 0 0 0 0 0 0 0 0 0 0 0 
1938 10 0 0 0 0 0 0 0 0 0 0 0 
1939 10 0 0 0 0 0 0 0 0 0 0 0 
1940 10 0 0 0 0 0 0 0 0 0 0 0 
1941 10 0 0 0 0 0 0 0 0 0 0 0 
1942 10 0 0 0 0 0 0 0 0 0 0 0 
1943 10 0 0 0 0 0 0 0 0 0 0 0 
1944 10 0 0 0 0 0 0 0 0 0 0 0 
1945 10 0 0 0 0 0 0 0 0 0 0 0 
1946 10 0 0 0 0 0 0 0 0 0 0 0 
1947 10 0 0 0 0 0 0 0 0 0 0 0 
1948 10 0 0 0 0 0 0 0 0 0 0 0 
1949 10 0 0 0 0 0 0 0 0 0 0 0 
1950 10 0 0 0 0 0 0 0 0 0 0 0 
1951 10 0 0 0 0 0 0 0 0 0 0 0 
1952 10 0 0 0 0 0 0 0 0 0 0 0 
1953 10 0 0 0 0 0 0 0 0 0 0 0 
1954 10 0 0 0 0 0 0 0 0 0 0 0 
1955 10 0 0 0 0 0 0 0 0 0 0 0 
1956 10 0 0 0 0 0 0 0 0 0 0 0 
1957 10 0 0 0 0 0 0 0 0 0 0 0 
1958 10 0 0 0 0 0 0 0 0 0 0 0 
1959 10 0 0 0 0 0 0 0 0 0 0 0 
1960 10 0 0 0 0 0 0 0 0 0 0 0 
1961 10 0 0 0 0 0 0 0 0 0 0 0 
1962 10 0 0 0 0 0 0 0 0 0 0 0 
1963 10 0 0 0 0 0 0 0 0 0 0 0 
1964 10 0 0 0 0 0 0 0 0 0 0 0 
1965 10 0 0 0 0 0 0 0 0 0 0 0 
1966 10 0 0 0 0 0 0 0 0 0 0 0 
1967 10 0 0 0 0 0 0 0 0 0 0 0 
1968 10 0 0 0 0 0 0 0 0 0 0 0 
1969 10 0 0 0 0 0 0 0 0 0 0 0 
1970 10 0 0 0 0 0 0 0 0 0 0 0 
1971 10 0 0 0 0 0 0 0 0 0 0 0 
1972 10 0 0 0 0 0 0 0 0 0 0 0 
1973 10 0 0 0 0 0 0 0 0 0 0 0 
1974 10 0 0 0 0 0 0 0 0 0 0 0 
1975 10 0 0 0 0 0 0 0 0 0 0 0 
1976 10 0 0 0 0 0 0 0 0 0 0 0 
1977 10 0 0 0 0 0 0 0 0 0 0 0 
1978 10 0 0 0 0 0 0 0 0 0 0 0 
1979 10 0 0 0 0 0 0 0 0 0 0 0 
1980 10 0 0 0 0 0 0 0 0 0 0 0 
1981 10 0 0 0 0 0 0 0 0 0 0 0 
1982 10 0 0 0 0 0 0 0 0 0 0 0 
1983 10 0 0 0 0 0 0 0 0 0 0 0 
1984 10 0 0 0 0 0 0 0 0 0 0 0 
1985 10 0 0 0 0 0 0 0 0 0 0 0 
1986 10 0 0 0 0 0 0 0 0 0 0 0 
1987 10 0 0 0 0 0 0 0 0 0 0 0 
1988 10 0 0 0 0 0 0 0 0 0 0 0 
1989 10 0 0 0 0 0 0 0 0 0 0 0 
1990 10 0 0 0 0 0 0 0 0 0 0 0 
1991 10 0 0 0 0 0 0 0 0 0 0 0 
1992 10 0 0 0 0 0 0 0 0 0 0 0 
1993 10 0 0 0 0 0 0 0 0 0 0 0 
1994 10 0 0 0 0 0 0 0 0 0 0 0 
1995 10 0 0 0 0 0 0 0 0 0 0 0 
1996 10 0 0 0 0 0 0 0 0 0 0 0 
1997 10 0 0 0 0 0 0 0 0 0 0 0 
1998 10 0 0 0 0 0 0 0 0 0 0 0 
1999 10 0 0 0 0 0 0 0 0 0 0 0 
2000 10 0 0 0 0 0 0 0 0 0 0 0 
2001 10 0 0 0 0 0 0 0 0 0 0 0 
2002 10 0 0 0 0 0 0 0 0 0 0 0 
2003 10 0 0 0 0 0 0 0 0 0 0 0 
2004 10 0 0 0 0 0 0 0 0 0 0 0 
2005 10 0 0 0 0 0 0 0 0 0 0 0 
2006 10 0 0 0 0 0 0 0 0 0 0 0 
2007 10 0 0 0 0 0 0 0 0 0 0 0 
2008 10 0 0 0 0 0 0 0 0 0 0 0 
2009 10 0 0 0 0 0 0 0 0 0 0 0 
2010 10 0 0 0 0 0 0 0 0 0 0 0 
2011 10 0 0 0 0 0 0 0 0 0 0 0 
2012 10 0 0 0 0 0 0 0 0 0 0 0 
2013 10 0 0 0 0 0 0 0 0 0 0 0 
2014 10 0 0 0 0 0 0 0 0 0 0 0 
2015 10 114 0 0 0 0 0 0 0 0 0 0 
2016 10 115 0 0 0 0 0 0 0 0 0 0 
2017 10 116 0 0 0 0 0 0 0 0 0 0 
2018 10 117 0 0 0 0 0 0 0 0 0 0 
2019 10 118 0 0 0 0 0 0 0 0 0 0 
2020 10 119 0 0 0 0 0 0 0 0 0 0 
2021 10 0 0 0 0 0 0 0 0 0 0 0 
2022 10 0 0 0 0 0 0 0 0 0 0 0 
2023 10 0 0 0 0 0 0 0 0 0 0 0 
2024 10 0 0 0 0 0 0 0 0 0 0 0 
2025 10 0 0 0 0 0 0 0 0 0 0 0 
2026 10 0 0 0 0 0 0 0 0 0 0 0 
2027 10 0 0 0 0 0 0 0 0 0 0 0 
2028 10 0 0 0 0 0 0 0 0 0 0 0 
2029 10 0 0 0 0 0 0 0 0 0 0 0 
2030 10 0 0 0 0 0 0 0 0 0 0 0 
2031 10 122 0 0 0 0 0 0 0 0 0 0 
2032 10 123 0 0 0 0 0 0 0 0 0 0 
2033 10 124 0 0 0 0 0 0 0 0 0 0 
2034 10 125 0 0 0 0 0 0 0 0 0 0 
2035 10 0 0 0 0 0 0 0 0 0 0 0 
2036 10 0 0 0 0 0 0 0 0 0 0 0 
2037 10 0 0 0 0 0 0 0 0 0 0 0 
2038 10 0 0 0 0 0 0 0 0 0 0 0 
2039 10 127 0 0 0 0 0 0 0 0 0 0 
2040 10 128 0 0 0 0 0 0 0 0 0 0 
2041 10 0 0 0 0 0 0 0 0 0 0 0 
2042 10 0 0 0 0 0 0 0 0 0 0 0 
2043 10 130 0 0 0 0 0 0 0 0 0 0 
2044 10 131 0 0 0 0 0 0 0 0 0 0 
2045 10 132 0 0 0 0 0 0 0 0 0 0 
2046 10 133 0 0 0 0 0 0 0 0 0 0 

0 5 2 2 0.2 2 -15 44 15 -16 4 0.984615 32 10 -12 10 44 10 31 7 31 8 41 8 32 7 41 8 6 18 38 24 -21 23 -18 20 -16 18 17 19 -10 14 6 -23 44 12 42 17 -27 12 38 18 31 24 28 14 -26 15 -2 17 -20 18 -21 24 6 16 26 24 16 13 -29 16 -16 14 35 10 22 
1 5 2 2 0.333333 1 18 -19 4 0.969697 8 23 -2 20 23 8 35 11 42 17 37 16 29 20 -5 25 30 
2 5 2 2 0.930233 10 17 44 16 35 15 32 17 -10 16 33 17 22 16 32 16 40 17 44 15 -1 4 0.545455 3 25 36 15 -10 18 1 
3 5 2 2 0.727273 4 12 -2 16 51 16 13 12 16 4 0.857143 6 3 42 1 37 13 29 13 -10 11 14 14 -23 
4 5 2 2 0.990826 27 14 17 14 11 15 -30 14 18 17 -17 16 2 14 0 13 -13 12 43 12 10 13 29 15 45 14 20 17 -34 14 -9 16 -19 16 -18 12 3 15 -10 13 9 11 -34 10 -19 14 -23 13 -7 13 42 15 28 14 -29 4 0.129032 1 17 0 
5 5 2 2 0.75 6 12 -26 13 -7 14 20 14 -35 16 -30 12 25 4 0.842105 8 23 -11 14 -22 17 -32 22 -20 13 43 21 -27 16 7 24 -35 
6 5 2 2 0.0674157 3 10 -1 -15 -1 -15 -28 4 0.995502 166 10 -35 -22 45 12 31 19 -15 17 35 21 -36 4 32 4 8 9 -3 17 11 15 27 9 2 8 10 -23 -35 10 -2 10 -15 5 13 -25 44 -16 45 6 -11 11 -26 6 -33 7 -16 11 6 10 -32 5 42 15 -20 1 20 4 -5 5 -27 10 -34 -18 -35 -18 -34 -23 6 -22 -32 -16 -33 -20 -17 -13 -36 -19 3 -21 44 -21 1 -19 14 -14 -29 -19 20 -13 -7 -13 21 -17 29 -16 42 -14 18 -19 34 6 39 -15 23 -18 -33 -14 42 -16 6 -15 27 -17 -19 -16 35 -21 -14 -19 -20 -18 10 -19 -3 -15 -12 -17 -1 -19 -7 -20 21 -19 13 -18 14 -16 -20 -17 -12 -17 -18 -17 -22 -14 26 -16 35 -22 -32 -18 31 -15 19 -19 29 -13 43 -7 17 -21 35 -23 18 -21 26 -4 -33 -23 -32 -10 35 -5 -29 -5 22 -23 13 -6 22 -21 -32 -18 34 -8 3 -7 -19 -7 3 -14 19 -12 -30 -6 -36 -6 41 -11 -18 -10 -34 -9 41 -17 38 -21 38 -13 -13 -21 30 -15 -11 -22 22 -21 -9 -20 7 -20 -2 -24 -26 -17 -8 -23 26 -19 2 -18 -5 -22 -14 -24 38 6 38 -9 -36 3 -37 6 -31 4 -30 2 -28 6 -14 4 -1 2 -18 6 4 7 -11 2 41 8 -3 6 -29 9 -8 3 -16 12 -34 5 21 5 33 11 -10 4 30 7 1 -25 30 8 -33 8 -16 9 -29 9 -3 11 -27 -4 -1 -4 -12 11 -21 10 17 7 31 -23 -10 13 -16 7 37 -2 -1 -1 -32 8 36 -1 6 12 22 1 6 4 -36 -2 21 4 -24 0 -37 -23 28 -20 21 
7 5 2 2 0.995305 53 -15 44 -10 43 5 53 12 53 11 52 -10 48 -9 43 12 48 2 42 -9 51 -12 53 0 52 6 43 11 53 -7 46 3 47 15 53 10 41 10 44 7 43 2 44 10 52 -14 45 9 50 -2 43 2 45 -12 51 -11 47 -11 47 -5 49 -5 47 -9 45 15 49 12 44 6 46 3 43 9 53 -3 46 -5 53 -7 48 8 43 13 51 8 50 6 45 -1 44 0 50 5 44 -7 44 -7 48 0 44 2 43 4 48 -6 43 4 0.0701754 1 0 45 
8 5 2 2 0.2 2 -15 -13 -14 -36 4 0.984615 32 9 4 5 6 -20 -32 -8 39 3 38 0 -31 -1 40 1 -29 -10 39 -10 38 -5 29 -23 8 -23 0 -8 40 -21 6 -17 44 -11 42 -1 -11 -18 43 2 -15 -11 37 -4 38 -20 -29 -18 24 -3 35 -14 21 -20 9 -12 -23 -11 7 -11 -18 -10 4 -14 -7 
9 5 2 2 0.333333 1 -13 -31 4 0.969697 8 -6 25 -13 37 -14 18 -18 -4 -13 20 -16 20 -13 27 -11 26 
10 5 2 2 0.906667 17 -13 -14 -12 15 -15 24 -13 8 -14 -33 -14 -26 -14 -12 -14 -18 -15 -19 -14 -7 -14 -12 -13 23 -13 -4 -12 -34 -15 -35 -11 -36 -15 -38 4 0.622222 7 -10 39 5 -11 -18 -4 -20 -13 5 7 3 -35 10 -31 
11 5 2 2 0.981132 13 -15 1 -13 32 -12 37 -10 31 -15 18 -13 26 -13 36 -13 33 -13 4 -13 25 -15 38 -11 40 -14 11 4 0.235294 1 -18 44 
12 5 2 2 0.682927 7 7 0 4 24 3 28 6 -10 6 -12 12 37 4 35 4 0.881356 13 15 39 1 31 -1 34 -1 33 17 41 -2 41 4 19 3 -32 14 3 10 -13 -1 42 1 -19 2 39 
13 5 2 2 0.859813 23 -7 -2 0 0 -6 -4 -9 -1 -1 2 -11 -3 -17 -1 -10 -2 -6 1 0 -1 -5 32 7 -16 12 6 -16 6 -5 27 3 30 -7 30 5 -13 -3 26 0 -13 -6 -3 -9 -24 -20 5 4 0.722892 15 -5 -23 -15 4 -22 6 5 13 -16 7 -19 9 0 33 6 15 -6 37 3 -2 2 -2 -12 -13 3 17 9 18 12 -30 
14 5 2 2 0.975401 228 -1 30 9 -32 5 15 -7 4 -3 -19 -4 16 -7 24 14 22 8 7 -5 -31 4 40 -6 -27 -12 38 -5 -30 11 22 -6 15 -12 30 0 35 -11 -33 9 16 1 31 -13 39 -15 -35 4 8 -11 -27 -7 26 -11 40 2 21 -15 -24 -14 -22 11 -12 -8 35 -3 -31 -3 18 -20 -35 -3 -32 -6 -28 -7 17 -7 -21 0 30 -15 -20 -1 -32 5 40 -14 -14 -17 -10 -4 -31 3 35 -13 31 -19 -37 6 -34 8 -25 5 20 -16 25 -1 -37 -18 16 -20 42 -20 16 -20 15 7 4 -17 37 -9 32 -17 19 -17 21 -3 14 -8 8 -14 32 8 3 -4 -17 -18 -31 -4 -20 -13 -12 -3 -24 -12 -31 1 -9 -17 -32 -1 -22 3 30 -6 0 -3 -19 6 -22 9 12 -10 -36 -15 -8 -9 20 -3 27 -13 -8 6 -32 -7 28 -1 16 2 -29 11 -14 -2 -1 -5 -21 10 -33 5 -30 -6 -28 10 -8 -7 -37 11 -8 -17 -34 -5 38 3 -36 -16 15 -3 -10 12 10 2 32 -8 -3 -14 -35 -17 36 0 17 -17 8 -15 -17 -12 19 -2 17 -4 -24 -12 -28 -4 -2 -6 -9 -9 -12 -18 9 -14 23 3 15 0 -4 -17 29 -4 30 -20 42 3 -23 -7 -12 5 -13 -18 43 -4 -29 -15 27 3 -4 -9 18 -5 -25 -6 34 -7 -14 -6 33 3 -32 2 29 5 -10 10 -28 -5 27 -20 -11 -6 -22 -7 -15 6 -12 -9 -34 11 -27 4 22 -14 -35 -4 -13 -11 -15 -20 22 -10 23 -7 -24 -6 38 -19 22 -19 27 -9 13 -2 -2 -2 -3 -14 -3 -8 -7 -20 23 -8 17 -5 -2 -12 41 15 -14 -6 -23 -6 -38 13 32 -17 26 12 32 -6 -11 -8 23 -5 1 -5 12 -3 -32 -14 -21 7 4 7 24 -19 31 8 -22 7 -22 -9 27 7 -21 -5 -38 5 -27 -9 21 7 -31 0 -19 -2 -18 -7 8 -11 21 -4 13 -4 21 -4 22 -17 24 11 7 -20 18 -4 -28 -7 9 -7 24 9 10 -4 -21 -13 -14 -8 -15 0 -4 -6 10 -8 -8 6 6 7 2 2 -24 -12 -18 -13 -18 4 3 6 13 -9 20 -2 6 8 10 0 5 -4 7 -10 11 -1 34 -5 19 -2 -10 -8 -4 4 0.2875 23 -1 9 -5 24 3 -16 -16 -30 -13 -2 19 16 7 -32 -6 14 -8 43 11 22 -22 33 -14 -22 4 13 -13 30 -10 8 -10 -6 -18 -3 -10 4 8 7 -1 16 -12 27 -11 25 5 29 
15 5 2 2 0.976378 62 -5 19 -6 9 -6 -4 -6 16 -14 -1 -14 2 -8 -3 -10 1 -13 7 -10 2 -8 1 -3 0 -10 23 -15 1 -3 28 -4 22 -10 0 -15 -2 -11 9 -12 5 -10 22 -11 1 -8 18 -11 8 -6 23 -10 25 -20 9 -7 4 -8 22 -5 34 -9 26 -6 27 -4 38 -3 33 -1 34 -1 31 -1 33 -2 38 -10 19 -9 9 -5 31 -15 -4 -19 12 -13 32 -6 -12 -10 43 -11 3 -12 10 -15 10 -13 38 -8 43 0 35 -8 41 -10 38 -11 41 -11 42 -7 5 -12 3 -13 35 -11 43 -11 42 -17 -9 4 0.27907 6 -13 12 -12 7 -15 23 -6 19 -10 43 2 -4 
16 5 2 2 0.869159 93 -6 36 -7 41 5 25 -11 -9 4 -17 -11 38 -13 5 1 12 -13 8 -10 32 5 -9 -10 -15 -12 10 -9 -11 -13 -16 5 22 -10 -9 -6 -17 -3 20 -7 -25 4 4 3 22 2 2 1 37 5 -21 4 7 -16 -21 -1 -7 -4 8 -8 -14 -8 -27 5 13 -12 15 -1 -2 3 33 3 37 -9 20 -11 -13 -6 34 -2 20 8 40 3 6 2 9 -6 -6 4 -8 4 2 -4 -6 -2 -3 -7 -14 0 -31 -2 -5 3 -4 -6 41 -15 -30 -2 -35 -12 -18 -5 3 -10 -4 -2 38 2 38 -3 6 -2 19 -12 -14 5 39 -20 -21 -19 -15 1 38 -15 39 12 3 -8 17 -8 28 -15 -6 -12 -23 4 7 -20 -11 4 5 -8 34 4 5 8 22 -8 34 -16 -15 -7 39 -8 2 -14 32 -10 21 -16 39 -8 39 -10 28 -19 34 -20 37 -10 41 -8 19 -9 28 4 0.706625 56 -20 25 -7 32 7 0 5 -14 -15 -5 -2 26 -18 -30 -19 -4 -16 -7 -22 -10 -3 21 13 -16 -14 38 -18 -26 2 -9 -3 -10 -16 -24 -17 -19 -19 -28 7 13 -5 -16 -2 -14 7 0 0 -12 8 4 -5 -14 0 17 -16 -19 -3 41 9 -10 -4 36 4 41 -20 -12 3 41 0 37 -16 42 18 22 -14 -24 -22 -28 -16 43 0 -17 -18 -32 -5 -4 -12 -3 6 26 -17 -14 -10 -24 -15 44 2 9 -8 -12 -3 11 -20 14 19 11 12 38 -17 40 -19 18 
17 5 2 2 0.645161 5 12 11 13 -12 13 5 11 42 14 14 4 0.897959 11 26 -22 5 42 11 25 23 -24 10 -11 19 32 7 24 19 -5 25 -32 13 -22 9 -35 
18 5 2 2 0.4 1 -18 41 4 0.96 6 13 38 21 2 15 20 -3 42 -5 42 21 -18 
19 5 2 2 0.986486 73 9 -33 7 -22 8 -26 15 -37 10 -29 12 -27 4 -26 7 -36 9 -10 7 -10 7 -33 16 -36 9 -20 9 -3 8 -22 8 21 10 -30 8 5 8 -31 9 1 5 -39 10 -12 8 40 6 -8 9 -16 10 37 9 -7 10 18 5 -3 11 27 7 41 5 21 10 22 5 -5 7 3 13 37 10 35 9 39 7 10 11 -4 9 26 9 -5 9 41 7 36 16 42 9 17 4 15 9 9 9 -7 6 29 14 18 15 15 7 -4 10 27 10 35 7 10 6 35 16 6 11 24 9 -1 14 5 16 -19 14 20 13 13 14 11 12 3 15 33 11 11 7 17 11 -13 12 6 9 19 16 -12 4 0.179775 4 16 -28 26 -9 25 -20 9 -17 
20 5 2 2 0.444444 1 13 -6 4 0.952381 5 20 31 6 0 17 8 2 -14 22 33 
21 5 2 2 0.941176 12 16 -11 15 -17 8 35 15 -9 10 -2 15 -19 16 -2 10 -16 10 -6 7 -27 16 -17 11 32 4 0.5 3 17 35 19 12 20 14 
22 5 2 2 0.965517 14 16 47 16 51 15 48 13 46 12 48 10 51 16 53 16 51 11 53 16 43 10 44 14 43 16 46 6 45 4 0.363636 2 20 14 21 15 
23 5 2 2 0.266667 6 6 14 4 37 3 23 1 -18 -15 -13 -15 -8 4 0.977778 66 11 0 22 7 21 -5 7 -34 6 2 14 19 15 -34 14 -5 14 10 14 -17 3 24 13 -35 15 38 8 16 13 -9 4 13 18 42 12 -34 15 11 4 42 7 -15 9 5 -2 45 6 17 18 32 17 38 1 41 5 23 15 24 19 43 16 43 6 3 17 7 12 -17 12 2 -1 41 -10 42 -10 -25 -16 41 -11 -29 -23 26 -9 -8 -8 -33 -7 -35 -10 -23 -14 4 -8 -28 -6 16 -4 5 -6 1 -23 23 -4 -21 -6 9 -11 9 -4 -16 -4 -17 -9 31 -8 15 -19 -28 -6 38 -16 -31 -18 -30 -22 -1 -11 -27 -10 2 -11 -24 
24 5 2 2 0.4 3 -18 -15 -12 -35 -9 -30 4 0.96 18 -14 38 -17 -26 -4 15 -19 -29 -17 11 -19 -27 -20 22 -3 28 -2 -8 0 -6 0 -26 -3 25 -19 8 1 -25 -10 -13 -15 -18 -18 -15 -1 29 
25 5 2 2 0.938776 23 -10 -6 -10 3 -14 -6 -20 -4 -14 -33 -10 -2 -10 -19 -9 11 -11 -20 -7 0 -14 -10 -15 -10 -13 -18 -12 3 -6 1 -8 11 -17 -23 -10 29 -11 15 -13 13 -5 24 -19 -3 -18 -8 4 0.510638 6 -4 30 -18 0 -12 -13 -7 18 -16 15 -5 -34 
26 5 2 2 0.955224 16 8 18 9 -35 5 32 -9 -36 4 -3 -11 -38 -15 -41 12 -26 -1 -38 -9 -39 -7 -38 6 -35 7 12 7 -40 11 -20 15 -37 4 0.428571 3 -13 -35 14 0 1 -36 
27 5 2 2 0.0606061 1 7 -7 4 0.995984 62 -4 24 -2 15 3 -16 -5 -15 -5 -6 3 20 3 14 -8 -31 2 -11 0 34 -6 -21 5 -7 7 6 2 15 -18 0 -19 -6 1 30 3 -3 1 12 -1 15 -21 -22 2 17 5 -18 -12 25 -9 30 -13 21 -11 -28 -1 27 4 23 0 34 -5 8 -9 5 -4 8 -3 24 -2 8 -15 0 -3 -31 1 32 2 8 -16 26 -14 -26 5 -26 -14 -23 -8 -26 -2 -9 -14 -34 -2 31 -8 14 -4 -21 1 -25 -14 16 0 -29 -7 31 -12 26 -5 -5 -9 1 -11 31 -12 -34 -9 20 -23 35 -10 15 -2 -9 
28 5 2 2 0.774194 6 0 11 1 -9 1 -12 6 2 7 4 -1 2 4 0.823529 7 10 18 10 -24 8 -16 15 -11 16 6 10 7 14 -25 
29 5 2 2 0.993631 39 6 -32 3 7 3 25 5 25 10 -24 16 -9 2 26 2 -22 4 24 1 24 13 -33 -3 23 2 -36 2 25 0 4 0 12 1 23 -1 22 1 -1 3 -17 -1 32 7 0 11 -9 8 -18 8 -1 8 -12 0 28 3 28 12 23 8 -6 12 1 12 -6 7 -27 8 21 3 14 7 15 8 23 8 -7 0 -33 4 0.0930233 1 -8 0 
30 5 2 2 0.857143 6 4 -38 10 -35 10 24 -2 -36 0 -36 10 -39 4 0.727273 4 -6 3 2 -29 15 -32 1 9 
31 5 2 2 0.533333 2 0 -21 4 3 4 0.933333 7 15 16 13 -31 8 -27 10 -33 16 25 15 -28 16 14 
32 5 2 2 0.347826 2 2 7 -7 -35 4 0.967742 15 7 35 7 29 -8 -7 -11 20 -19 34 13 4 -11 -29 -10 -22 -9 32 -17 27 -17 8 -16 11 -9 -35 -7 35 -6 -36 
33 5 2 2 0.833333 10 9 -22 4 25 -2 24 4 -36 10 -21 10 -11 5 -29 6 -16 6 -24 6 -33 4 0.761905 8 -14 24 -14 -16 -14 -8 -12 -21 -11 31 -11 27 -2 -20 -2 -22 
34 5 2 2 0.193548 3 8 39 17 -8 7 -25 4 0.985222 50 18 2 19 19 15 -23 15 -13 3 14 11 10 -3 32 5 -18 11 -5 -5 32 12 20 12 6 2 -10 -13 44 -7 35 6 43 -7 34 -13 38 7 12 4 39 8 28 11 9 5 15 9 19 7 9 7 6 5 -29 1 37 -17 43 -16 39 -10 43 10 -1 9 6 -9 25 14 32 -2 -10 -4 25 1 -30 10 -4 7 -12 6 18 7 -29 -8 8 -4 -1 10 -22 6 17 -4 10 4 16 -19 36 8 -14 
35 5 2 2 0.857143 3 -4 -11 -7 -10 -9 -8 4 0.727273 2 -5 8 -12 11 
36 5 2 2 0.28169 5 -4 -3 -3 -19 -11 -16 -10 -36 -6 -5 4 0.976077 51 -5 -35 -2 -35 -11 20 -12 -34 1 -12 1 17 4 20 -19 -25 -12 34 2 -23 -9 14 -4 -26 -1 -23 -5 -33 -5 -8 14 -4 -14 -12 -12 -10 -20 21 -14 44 -13 -3 -4 -10 -12 -16 4 -10 -7 -23 -8 -21 -10 -7 -15 21 -7 -17 -23 -20 -9 -24 -2 -35 -11 -29 -12 7 -13 17 -8 -38 -11 -21 -2 -36 -10 -34 -15 -33 -5 -13 -19 27 -5 -8 -12 29 -5 -22 -12 -34 -1 -34 -19 11 -17 -10 -7 -36 -7 18 
37 5 3 2 0.571429 1 -5 -30 3 0.8 2 -30 40 -36 35 4 0.571429 1 -23 15 
38 5 2 2 0.153846 1 -7 -29 4 0.988764 22 4 -3 -4 -17 2 19 2 17 -11 5 0 25 -4 -10 -19 -24 -6 -35 -3 34 -7 -10 -14 -4 -13 -14 -10 -7 -9 -4 -17 -36 -16 -26 -7 -13 -10 28 1 -36 -8 8 -2 -18 
39 5 3 2 0.666667 2 -5 -18 -5 -31 3 0.8 3 21 43 2 98 31 -28 4 0.444444 1 -3 12 
40 5 2 2 0.971429 17 4 -31 4 -18 -7 -28 -10 -27 4 -9 2 -31 4 -31 4 -23 -9 -21 1 9 2 -18 -11 -19 -11 26 -1 -10 -14 -14 -14 -18 -1 -30 4 0.32 2 -1 -35 -12 -23 
41 5 2 2 0.666667 3 -1 -1 -2 -32 -3 -19 4 0.888889 6 -5 19 -1 -16 -14 -29 -10 29 -23 -33 -12 4 
42 5 2 2 0.969697 8 11 -40 8 -38 4 -39 -1 -40 12 -42 6 -39 7 -37 10 -40 4 0.333333 1 13 -35 
43 5 2 2 0.333333 1 10 -39 4 0.969697 8 3 -41 19 -36 22 -37 11 -42 -2 -45 8 -40 22 -36 13 -24 
44 5 4 0 0.181818 1 12 86 2 0.7 7 9 37 10 -10 13 10 14 38 15 43 18 -4 15 39 3 0.7 7 38 23 38 -30 31 -82 34 14 32 -67 36 8 37 60 4 0.516129 4 9 -2 24 -18 22 5 18 29 
45 5 2 2 0.333333 1 14 -44 4 0.969697 8 2 -45 11 -37 4 -36 18 -35 9 -40 -5 -33 12 -35 17 -37 
46 5 2 2 0.827586 6 -8 -41 8 -42 -9 -47 -14 -40 -1 -39 -15 -42 4 0.769231 5 3 -44 -10 -43 7 -37 3 -39 -3 -45 
47 5 2 2 0.982456 28 0 -38 -8 -41 -5 -39 -2 -42 -2 -42 0 -42 -5 -39 -15 -39 -9 -41 5 -40 -7 -39 -4 -40 -3 -40 -6 -40 -3 -42 -15 -43 -20 -39 -10 -42 -12 -37 -7 -40 -16 -14 -15 3 -8 -37 7 -40 11 -39 4 -38 -9 -37 -9 -35 4 0.222222 2 9 -37 -22 -36 
48 5 2 2 0.533333 2 2 -38 11 -39 4 0.933333 7 4 -37 2 -38 -11 -36 -9 -37 -13 -41 -4 -41 11 -40 
49 5 2 2 0.987013 19 19 14 20 -11 20 31 17 33 18 18 20 13 16 20 18 -6 17 -15 16 7 16 -1 19 30 17 -3 18 17 18 33 16 41 15 41 18 -24 17 3 4 0.173913 1 12 -2 
50 5 2 2 0.5 3 9 42 21 41 21 39 4 0.941176 12 16 -20 25 -9 23 3 23 30 13 -23 23 -20 25 22 26 35 24 -27 23 15 22 -24 18 -3 
51 5 2 2 0.129032 1 17 36 4 0.990826 27 22 44 14 43 9 44 14 -18 12 15 23 37 17 10 10 -11 11 6 19 37 23 42 8 34 26 -4 12 25 21 -19 17 31 19 -20 21 43 13 -11 19 4 15 3 26 10 18 33 14 20 15 39 12 32 23 10 
52 5 3 2 0.615385 4 15 27 15 -20 19 0 20 43 3 0.235294 1 40 14 4 0.878049 9 18 29 9 -3 24 22 13 -9 14 38 11 38 20 9 23 -7 19 27 
53 5 2 0 0.910891 23 23 -33 23 11 21 0 25 5 22 -55 24 0 24 -18 21 -61 20 -28 19 -46 18 -42 23 -27 23 -25 16 -21 22 -46 18 -48 19 -63 13 -8 15 45 22 -67 16 47 -1 66 21 -9 3 0.610169 9 31 -15 29 -35 29 16 40 -34 33 11 29 -55 39 -5 23 34 30 33 
54 5 4 0 0.222222 1 -5 52 1 0.592593 4 17 -4 17 30 17 37 16 39 3 0.857143 9 27 3 29 -1 14 14 13 68 6 83 15 16 14 -86 16 7 -6 18 4 0.222222 1 13 -35 
55 5 3 0 0.8 9 -17 91 -16 83 -13 84 -7 23 9 60 -19 38 -24 42 24 22 25 22 3 0.761905 8 -35 25 23 13 36 21 26 81 -42 82 -44 25 10 97 -38 27 4 0.190476 1 -18 44 
56 5 2 0 0.973384 64 -17 47 2 77 23 20 14 68 -24 34 3 60 -19 88 23 23 -8 81 1 90 -17 60 5 57 2 60 -17 59 12 55 14 59 -10 85 17 46 16 25 13 24 17 74 10 26 -4 59 12 23 -6 49 11 48 -22 40 18 45 -22 44 -5 80 -2 87 9 45 15 70 -13 58 3 85 13 62 11 66 2 84 10 22 3 65 -2 62 18 70 -11 58 18 59 16 54 15 73 18 72 1 48 -5 51 7 58 6 53 2 46 3 57 -4 54 10 44 -1 46 -3 22 17 74 9 44 6 89 7 88 4 47 4 85 15 49 3 0.304348 7 -31 37 -31 97 -26 74 -41 96 -9 76 29 29 -38 86 
57 5 2 0 0.25 1 15 53 3 0.979592 12 27 39 15 74 31 26 29 42 2 29 26 23 33 26 12 27 38 22 14 42 35 29 44 -23 
58 5 5 0 0.863071 52 -1 48 -15 38 7 31 19 -73 11 81 -6 45 16 -12 21 13 11 70 -2 43 2 83 -4 33 -4 80 25 8 8 35 12 72 6 39 9 37 2 29 17 -61 1 42 24 29 9 70 22 39 24 -57 -5 87 -2 37 23 28 16 32 -11 79 1 36 3 41 17 33 -4 92 1 93 17 33 7 74 21 41 18 -68 17 40 20 38 7 38 11 38 13 38 18 35 4 39 17 -24 8 93 12 41 11 41 -13 24 22 34 1 0.0454545 1 17 34 2 0.0454545 1 16 -35 3 0.674419 29 19 83 24 33 28 55 20 -27 38 0 7 97 28 -21 7 42 19 79 6 79 16 32 -12 31 35 63 23 68 -15 96 -23 81 44 20 12 33 14 78 36 32 12 95 23 41 -3 79 23 50 17 41 23 -20 11 76 36 37 28 59 4 0.0879121 2 22 -33 20 -31 
59 5 2 0 0.347826 2 -9 86 12 24 3 0.967742 15 23 66 6 72 26 41 41 5 37 70 37 68 14 79 8 91 3 92 11 78 35 11 16 87 39 37 29 23 -30 79 
60 5 2 0 0.986301 72 -8 56 -5 58 -10 39 -8 52 -10 37 -3 38 -18 37 8 50 -17 54 -10 56 -15 31 2 62 6 63 1 34 -16 42 -12 54 11 51 -19 38 -14 42 10 50 -21 38 -12 37 0 27 -13 52 -4 63 13 52 9 52 -5 32 -5 42 -13 31 -22 32 -5 34 -16 33 -21 32 -10 32 4 57 -7 29 3 25 -8 58 -17 22 -7 36 -8 37 -9 60 11 58 -5 59 -14 62 -11 26 -15 60 -13 51 6 63 -6 32 -7 32 -7 34 -5 40 -9 23 -18 24 -9 45 -1 55 -8 53 -22 45 -2 57 -10 49 15 -37 17 -5 17 -27 10 55 18 -52 18 25 21 -32 24 -7 13 -62 -1 29 3 0.181818 4 -1 38 8 64 13 -63 16 -42 
61 5 2 0 0.862745 11 21 -54 17 -25 7 27 19 -12 19 -72 -1 26 18 -13 20 -41 20 -39 12 -47 21 -27 3 0.717949 7 29 -14 11 65 23 61 5 20 23 -45 27 -90 45 -6 
62 5 2 0 0.210526 1 -24 49 3 0.983607 15 -41 28 -42 13 -35 13 -40 20 -41 19 -38 32 -21 92 -21 95 -30 90 -43 98 -40 96 16 35 6 39 -5 18 -11 18 
63 5 3 0 0.727273 4 19 -85 22 -85 24 6 24 -15 3 0.631579 3 22 47 41 95 25 -1 4 0.631579 3 22 43 23 35 21 15 
64 5 3 0 0.645161 5 25 -73 23 -2 20 55 21 -72 22 43 3 0.756757 7 20 70 36 87 39 -26 37 -42 40 67 36 41 43 27 4 0.571429 4 23 44 18 18 20 19 21 34 
65 5 2 0 0.266667 1 25 40 3 0.977778 11 45 -23 24 79 34 -37 41 -36 30 -32 34 27 42 87 43 1 26 -33 41 -45 23 42 
66 5 2 0 0.888889 2 23 -38 22 89 3 0.666667 1 20 37 
67 5 2 0 0.190476 2 23 -38 15 64 3 0.985507 34 30 65 41 51 39 32 41 -20 24 93 35 56 41 73 37 -62 26 -5 43 86 23 -7 44 40 38 23 26 -40 32 -17 39 17 40 36 38 -14 38 20 40 39 39 65 40 -21 26 77 35 40 37 48 37 47 42 -39 41 52 39 -30 29 -45 34 46 34 5 29 -38 42 2 
68 5 2 0 0.957747 17 19 69 18 72 22 71 18 48 17 79 9 81 15 50 21 -23 5 65 6 65 24 47 17 67 9 69 6 73 10 66 5 73 17 69 3 0.413793 3 41 33 20 -32 32 29 
69 5 3 0 0.4 1 22 -21 3 0.842105 4 44 -13 36 76 45 7 23 61 4 0.615385 2 23 23 23 11 
70 5 2 0 0.129032 1 24 50 3 0.990826 27 35 36 28 100 37 40 38 40 32 41 30 33 43 -27 39 -83 38 54 32 34 35 -96 41 -19 34 -88 36 -23 43 36 39 1 25 37 37 -49 26 -51 41 -54 43 -48 29 -50 38 -11 41 -8 27 31 41 -7 37 86 
71 5 4 0 0.48 6 -24 83 23 46 20 79 -23 87 18 -40 11 84 2 0.114286 1 21 38 3 0.884211 21 44 6 32 63 31 89 34 -91 38 -54 26 69 38 -38 -43 91 40 -27 38 44 32 -74 32 -93 34 -46 28 34 22 -84 38 24 37 -97 37 -78 29 -95 37 -87 25 90 4 0.363636 4 16 29 18 31 19 35 20 33 
72 5 4 0 0.666667 3 25 -23 24 46 25 83 2 0.333333 1 20 -43 3 0.533333 2 43 -61 42 32 4 0.666667 3 26 18 22 11 22 24 
73 5 3 2 0.504202 15 18 -39 14 -41 18 -42 19 -43 17 -36 19 -25 19 22 19 -32 18 -43 18 -41 14 -35 14 -36 21 -34 21 -26 18 30 3 0.144578 3 41 -35 33 53 44 16 4 0.92562 56 19 -34 22 -38 12 30 22 30 22 -36 15 -38 17 -34 16 -44 15 -41 13 -23 22 -39 16 -22 16 -20 18 -45 18 39 20 33 22 25 23 29 17 -43 19 32 20 23 18 -2 15 -18 17 9 21 0 19 -15 19 27 22 -20 17 -26 23 -28 20 4 21 -10 14 29 15 16 23 33 19 40 16 9 21 4 23 -29 22 -24 22 -41 19 -28 26 43 18 37 20 -39 25 1 26 2 17 -7 25 44 15 26 19 41 23 3 26 -2 16 4 24 1 18 -8 
74 5 3 2 0.888889 8 21 -41 21 16 21 11 21 24 20 14 21 -35 20 36 20 -21 3 0.444444 2 35 -50 44 -11 4 0.444444 2 23 -3 26 -19 
75 5 3 0 0.956522 22 20 56 23 58 9 60 17 60 20 64 14 61 8 66 17 63 11 86 18 86 12 84 24 89 18 84 4 84 4 82 17 89 15 59 0 77 9 58 8 90 20 89 18 76 3 0.342857 3 -7 44 -39 44 43 29 4 0.137931 1 -16 43 
76 5 3 0 0.787879 26 23 92 18 74 17 89 18 54 0 60 23 67 10 69 10 58 23 21 -2 52 24 89 11 74 19 4 -17 79 -22 89 -14 84 -21 79 -20 80 -17 84 -8 81 -22 87 -2 78 4 80 4 60 18 -19 -6 53 3 0.8 27 20 95 22 23 40 21 29 2 35 -21 29 -27 31 -30 23 -85 -38 69 -9 92 42 99 33 29 44 15 -33 93 32 -18 39 91 27 -38 -15 97 32 26 39 99 -42 18 -43 17 -44 26 -42 14 -30 33 17 -29 40 -42 4 0.0701754 1 -23 40 
77 5 3 0 0.307692 1 25 -67 2 0.5 2 17 -3 18 -19 3 0.903226 7 41 14 31 -72 33 -37 33 -17 34 -35 22 -65 23 -70 
78 5 3 0 0.888889 12 16 77 11 70 24 -90 20 8 14 76 11 68 13 76 13 77 13 73 23 73 19 71 9 62 2 0.190476 1 21 4 3 0.606061 5 32 -89 36 -33 30 -64 27 -58 31 -55 
79 5 4 0 0.363636 1 22 -69 2 0.363636 1 18 17 3 0.705882 3 24 36 44 -36 40 -38 4 0.705882 3 22 -42 25 -36 22 -22 
80 5 2 2 0.983607 15 17 38 17 37 18 40 21 39 20 -13 19 -28 19 37 19 -33 20 35 17 -34 21 -4 21 -22 21 -5 20 17 20 -4 3 0.210526 1 43 38 
81 5 2 0 0.288288 8 -9 60 -14 63 -8 70 -14 64 -24 -8 -23 71 -23 64 -24 50 3 0.975309 79 -31 22 -37 33 -37 7 -39 77 -20 75 -30 41 -41 17 -23 31 -28 82 -15 15 -35 87 -27 81 6 21 -5 18 -41 70 -17 14 -42 17 -15 40 -41 32 -14 19 -14 12 -19 14 -25 30 -28 20 -37 26 -5 19 -18 35 5 -71 -12 23 -35 -31 16 16 -28 36 -5 35 -35 33 -39 -30 -29 -92 7 -39 -28 -93 6 24 9 17 4 -73 -43 14 4 15 -19 32 -38 66 -43 -27 -44 -8 -33 18 -28 66 9 16 -35 -19 -44 15 12 -34 -12 91 -42 49 -42 -71 -12 67 -39 8 -21 -90 -43 -18 3 20 -39 13 -42 -67 9 27 -29 -20 -43 44 -43 -77 -25 69 -39 -94 -10 34 3 -85 -37 -22 7 23 8 21 -32 76 -31 -73 -37 -37 -41 -27 -36 4 
82 5 2 0 0.97561 10 -24 55 -24 54 -24 55 -17 64 -24 57 -19 61 -14 55 -19 64 -13 60 -22 61 4 0.285714 1 -24 -37 
83 5 3 0 0.25 1 -19 66 3 0.714286 5 -42 -21 -36 0 -41 -1 -40 -17 -41 -28 4 0.823529 7 -25 34 -24 -2 -23 10 -21 -26 -23 15 -22 -3 -24 31 
84 5 2 0 0.4 1 14 -79 1 0.96 6 10 -22 12 34 13 34 11 -8 14 -35 13 -35 
85 5 3 0 0.75 6 21 7 6 34 16 -19 23 -2 7 13 17 15 1 0.521739 3 14 30 14 -31 12 23 3 0.689655 5 20 -53 19 -38 32 -30 34 -30 8 43 
86 5 2 0 0.988764 22 17 -3 16 -2 15 -2 16 7 17 -4 16 -42 18 -23 17 29 15 27 18 -32 18 -75 14 -62 12 25 14 43 14 -50 14 37 11 -50 14 -64 8 28 14 44 14 -56 13 37 3 0.153846 1 23 -58 
87 5 3 0 0.8 11 11 -56 8 5 8 -66 12 -47 9 -62 8 45 8 48 11 -59 9 5 10 -62 8 -9 1 0.695652 8 13 18 12 -6 11 -5 13 -19 12 34 13 -11 10 -10 12 11 3 0.387097 3 30 7 25 -43 26 -43 
88 5 3 0 0.978723 46 8 -71 16 5 3 -63 17 -81 15 18 9 -56 12 -53 7 -41 4 -33 9 -60 11 -46 6 -46 6 -3 16 22 11 -14 7 -9 9 0 10 -48 4 -54 5 -50 6 -46 5 -57 9 0 8 -16 8 -40 6 -57 7 -39 8 -54 11 -68 14 -41 6 -38 7 -69 12 -47 7 -79 11 -28 11 -70 12 -9 8 -59 8 -63 10 -24 13 -59 11 -29 14 -15 9 -30 15 -78 9 -54 1 0.142857 2 9 -12 12 -4 3 0.142857 2 30 -4 26 -41 
89 5 2 0 0.957747 17 17 -13 16 8 13 -4 14 14 12 -8 14 -16 16 -25 20 -69 14 -31 17 -40 14 -19 13 -68 15 -23 18 -56 10 -36 15 11 16 -1 3 0.413793 3 38 2 30 9 30 21 
90 5 3 0 0.717949 7 10 -1 10 -24 17 -19 17 34 18 -69 21 -58 17 -36 1 0.606061 5 14 -1 13 -19 13 -24 14 9 13 0 3 0.666667 6 21 16 20 57 34 -42 19 49 21 -23 22 -23 
91 5 3 0 0.533333 2 13 -77 9 -24 1 0.533333 2 12 6 11 -18 3 0.833333 5 21 -43 23 -19 22 -5 15 59 31 -10 
92 5 3 0 0.324324 3 12 -25 6 -36 13 13 1 0.96 24 11 16 10 -29 13 19 14 -23 14 -2 12 -3 13 -6 12 -15 13 -2 12 4 14 10 13 14 13 20 14 13 13 7 14 5 9 -22 13 -5 12 -25 12 35 11 -13 12 -20 12 -8 12 -11 3 0.129032 1 9 76 
93 5 3 0 0.545455 3 11 9 3 1 5 4 1 0.25 1 11 8 3 0.9 9 31 -4 28 -19 -30 77 12 -8 29 4 3 80 27 -38 26 0 19 25 
94 5 4 0 0.181818 1 17 3 2 0.744186 8 13 17 18 -8 14 -38 18 -34 16 -41 16 -37 15 -53 18 27 3 0.428571 3 28 -75 29 35 22 -99 4 0.7 7 5 -3 9 -44 25 -42 21 -43 12 0 20 12 20 -25 
95 5 2 0 0.923077 9 14 -82 18 -41 16 -64 24 -3 23 -16 17 -42 16 -50 14 -8 16 -81 3 0.571429 3 38 -19 33 -40 38 -6 
96 5 2 0 0.0740741 1 -4 74 3 0.995025 50 -25 -34 -22 81 -33 2 -33 0 -26 -23 -34 -58 -34 -73 -25 -4 -26 -20 -37 -72 -31 17 -38 36 -23 -13 -24 -34 -28 -10 -27 -42 -30 51 -28 -71 -26 -15 -27 -2 -27 -8 -23 -16 -42 -76 -27 -37 -27 -33 -27 -36 -39 5 -33 -14 -26 -20 -31 -36 -34 -34 -34 40 -34 -77 -35 -32 -36 -24 -35 -7 -32 -22 -40 51 -32 -35 -38 1 -39 1 -34 11 -38 -80 -34 -17 -33 -11 -36 1 -39 -23 -43 50 -30 -93 -39 -94 
97 5 2 0 0.980057 172 3 -7 -15 28 5 31 -20 -71 -16 -12 -23 10 -22 -72 -16 43 -14 -50 -11 12 -22 -73 -17 15 -17 45 3 -76 -16 -67 -18 -62 -13 -22 -17 -42 -15 42 -17 -72 2 -51 -22 -74 -20 -67 -5 -8 -16 -67 -17 -3 8 -6 -16 -6 -14 22 -21 17 -21 -11 -16 -7 3 -53 -13 -70 -13 26 -23 15 -9 35 -17 -64 -18 -52 -17 -5 -18 -50 -23 -41 -14 -16 -21 -55 -15 -2 -11 -16 -16 16 -22 -21 -11 29 -16 -34 -16 -23 -16 -42 -19 -46 -16 -10 -20 -33 -12 6 -23 -3 -19 -22 -12 2 -16 -20 -18 -27 -17 19 -16 -16 -21 18 -22 -30 -11 7 -6 24 -14 -43 -13 -25 -10 10 -24 -30 -11 8 -12 -29 -12 5 -24 -40 -12 -14 -11 -20 -15 -38 -12 -18 -11 15 -11 -27 -8 10 -21 5 9 13 -11 12 -9 -15 -9 9 -13 -12 -8 -1 -12 -79 -6 -32 -6 -40 -10 -25 -8 -56 -16 -82 -9 15 -7 19 -4 13 -24 6 -4 -46 -10 -31 -5 -59 -10 -56 -4 -16 -10 -39 -8 -47 -8 2 -4 26 -12 -8 -4 -16 -6 -44 -7 -11 3 -33 -4 -3 -3 -35 -5 9 -9 -53 -10 3 -3 -10 -5 -82 -10 -81 -8 -24 -7 -42 -2 0 -3 -2 0 3 -7 4 -5 -56 0 -23 -4 -7 -1 -32 -5 -40 -6 -27 -1 -25 1 -27 1 -69 2 36 -6 -37 -2 -1 -6 -83 -4 -34 -4 -35 -3 10 3 6 2 1 -4 -22 -4 -48 7 -75 0 12 -4 -51 -2 -65 1 -39 1 -4 1 -15 -1 -52 -2 -15 5 -3 -1 -61 3 5 4 -63 3 -36 0 -17 1 3 0 -18 2 17 2 -3 1 -17 -1 -38 3 4 1 -81 1 -23 2 -5 3 0.245614 14 -36 -88 28 -11 -40 -36 25 -22 15 48 24 2 19 29 13 37 12 42 23 9 10 59 7 -77 5 -93 16 -49 
98 5 3 2 0.333333 2 15 -29 -6 -29 3 0.444444 3 11 44 -39 -12 26 -83 4 0.912281 13 -21 -17 11 -37 7 -35 -10 -38 12 -36 -20 -19 12 -41 1 -42 -10 -4 6 -36 4 -40 -6 -41 -15 -14 
99 5 3 0 0.216216 2 17 2 17 -50 3 0.973913 28 22 -48 -40 85 -33 87 -6 31 -29 25 -18 31 24 49 -39 -14 33 -26 30 -30 -6 81 21 20 -4 33 -41 -37 24 -54 31 -13 24 -17 25 11 27 -41 25 -4 31 5 34 2 20 -75 35 -29 21 -86 36 -9 21 -83 34 -28 4 0.117647 1 -13 -16 
100 5 2 0 0.952381 5 16 -8 19 -3 18 -15 16 -29 16 -40 3 0.444444 1 22 35 
101 5 2 2 0.521739 3 12 -38 10 -40 12 -44 4 0.93617 11 16 -37 19 -44 18 -44 26 -40 -17 -40 -22 -45 3 -45 9 -42 -4 -39 -1 -38 -15 -39 
102 5 2 2 0.973545 46 -8 -52 -9 -53 14 -44 -7 -53 10 -53 5 -53 -7 -43 15 -34 -10 -6 -13 -18 -3 -44 -13 -49 -6 -45 -1 -45 2 -50 -13 -42 0 -45 -18 -42 2 -48 -8 -48 2 -43 4 -44 0 -47 -3 -42 4 -47 2 -46 9 -44 5 -43 5 -50 13 -49 13 -50 8 -43 16 -46 13 -49 10 -44 11 -49 10 -49 13 -45 9 -50 8 -51 14 -44 6 -50 15 -48 6 -41 -16 -21 -17 -18 4 0.30303 5 -17 -38 -7 -39 -5 -40 22 -42 -10 -1 
103 5 2 2 0.5 3 9 -41 16 -37 16 -35 4 0.941176 12 -7 -45 -14 -45 13 -45 -14 -45 -9 -45 -16 -45 -19 -45 3 -45 -14 -44 -9 -44 7 -37 24 -35 
104 5 2 2 0.521739 3 10 -45 -9 -42 9 -42 4 0.93617 11 -7 -42 -9 -42 -21 -43 -17 -41 11 -44 -2 -44 9 -43 24 -44 -21 -42 -20 -42 25 -45 
105 5 3 0 0.8 7 2 67 17 -87 0 70 12 -64 19 -86 15 -56 19 -33 1 0.235294 1 17 -38 3 0.75 6 15 32 14 -39 10 66 13 42 16 62 23 13 
106 5 2 1 0.981132 13 17 -15 16 -5 17 -11 17 2 16 4 15 23 17 26 15 32 17 10 17 38 17 -10 13 39 17 -7 3 0.235294 1 12 50 
107 5 2 1 0.5 2 17 10 -11 -35 3 0.941176 8 -18 26 14 -55 -13 31 39 -4 -16 -30 -17 27 -21 65 -1 -66 
108 5 2 0 0.982456 14 12 68 -5 57 2 70 10 63 1 71 2 60 0 73 -19 57 -16 72 -2 59 9 61 -13 70 1 67 5 69 3 0.222222 1 10 33 
109 5 3 0 0.0561404 4 -17 69 22 8 -8 70 14 -73 1 0.981642 254 -7 -14 -16 -29 -13 -24 -15 -7 -14 -22 17 -6 -14 -2 -14 -30 -14 26 -12 -6 -12 17 -13 0 -11 19 -11 -35 -12 -37 -12 -20 -10 -31 -13 27 -9 -39 -10 -6 -13 -22 -13 1 -16 -2 -13 -6 -13 -15 -11 19 -11 -14 -11 2 -8 0 -9 -28 -13 -26 -13 -25 -13 -17 -9 -30 -11 14 -8 8 17 34 -13 -31 -15 -11 -7 -8 -7 5 -8 -15 -6 -10 -10 10 -13 9 -11 -31 -11 -28 -8 19 -9 -7 -9 1 -13 15 -9 13 -9 -24 -9 13 -13 30 -9 -21 -9 -6 -15 -19 -10 -9 -16 -27 -15 -7 -7 -22 -13 -21 16 8 -5 -12 -8 21 -6 -10 -9 -24 -14 17 17 12 -11 -35 -15 -24 -14 -32 -9 -20 -8 15 -15 17 -12 30 -8 -32 -15 -29 -15 12 -15 -32 -5 -3 -7 -36 -8 18 -14 0 -16 -30 -14 -10 -13 -18 -15 -11 -15 -12 -15 -21 -7 -30 -9 -17 -6 -17 -14 13 -9 -17 -15 -11 -14 12 -11 2 -16 -13 -14 5 -7 24 -11 -4 -16 -2 -7 1 -7 -18 -5 7 -7 -26 -11 11 -8 -14 -4 -3 -15 21 -13 24 -7 -19 -9 23 -15 -21 -13 -6 -16 -13 -16 20 -7 -15 -15 -10 -4 2 -9 13 -7 29 -6 -20 -13 -25 -16 -10 -14 20 -6 -5 -15 -4 -13 7 -15 23 16 -7 16 -6 -15 -2 -11 20 -16 23 -9 -28 -3 8 -12 17 -15 20 -2 -17 -6 -3 -4 -39 -15 12 -8 32 -15 27 -7 10 -5 -39 -3 -21 -13 15 -2 -16 -4 -22 -8 1 -8 3 -6 19 -15 25 -10 27 -7 34 -2 -20 -5 -19 -5 -17 -2 5 -6 12 -1 -11 -5 10 -14 27 -7 -1 -8 -32 -9 24 -3 -21 -2 -28 -16 0 -9 31 -4 25 -5 23 -9 33 -4 -4 -4 -20 -1 4 -7 -18 -3 23 -5 15 -5 33 -4 23 -8 31 -6 29 0 -9 -6 15 -1 -7 -14 32 -3 4 -8 30 -5 32 -13 34 -5 -1 -3 23 -8 34 -9 37 -3 -20 -3 8 -5 -24 -1 18 15 -7 -8 -32 -5 29 -3 29 -2 18 -3 -2 -9 36 -8 -26 11 33 17 4 -8 -26 -6 -22 16 -1 17 -37 17 -36 15 -7 17 -31 16 0 15 18 15 -6 14 -9 14 -15 15 35 16 -16 17 16 17 -26 17 6 16 -16 13 -1 16 -32 13 -18 15 -1 14 1 12 -5 17 -25 17 17 12 38 16 4 16 -1 14 -39 16 -39 13 -3 13 -16 13 34 16 -27 16 16 16 11 14 32 14 33 9 -8 13 14 3 0.188679 15 -31 64 -1 -28 -35 -81 16 -24 9 -96 -15 75 -34 -46 -31 -40 -34 -14 -32 6 -35 -63 -30 -61 12 21 -5 69 32 -14 
110 5 3 0 0.173913 3 -22 15 -21 -60 -3 3 1 0.0634921 1 -13 17 3 0.982456 56 -5 83 6 -2 4 -5 3 -30 9 -26 -38 -46 -30 -48 -17 -38 -39 -42 -37 -53 -34 -1 -23 4 -34 -88 -36 -43 -33 -29 -43 -2 -40 -14 -27 -31 -41 -22 -31 -15 -28 -83 2 -36 -30 17 -31 32 -23 2 -25 -4 -41 12 -10 7 -31 -17 -30 21 -11 -36 -25 -68 -9 -53 -14 17 -44 12 -34 28 -15 -7 -4 7 -11 -6 -34 34 3 -43 -4 25 -11 -17 -22 39 -10 33 -2 -31 -7 -20 -10 -30 0 -1 -1 -53 -2 5 -1 -34 -8 30 2 -35 -14 -23 8 12 
111 5 4 0 0.881356 13 -7 -10 -9 -13 -7 21 -13 -36 -13 -15 -16 -45 -15 -49 -11 -18 -4 22 -13 -7 -1 -53 -9 -28 -1 -52 1 0.173913 1 -7 3 3 0.5 4 -8 42 -7 42 -39 -90 8 -17 4 0.307692 2 -22 40 -25 42 
112 5 3 0 0.216216 2 -4 -53 4 -53 1 0.117647 1 -4 22 3 0.973913 28 18 -37 1 19 1 -25 0 -39 7 -44 4 -20 15 4 6 -51 5 -52 -12 -96 3 -43 -8 25 -8 1 -9 31 -3 -6 -12 30 -5 28 -27 -97 -5 -63 -5 -49 2 28 -1 -21 0 7 20 10 14 19 12 16 12 15 -5 31 
113 5 2 0 0.979592 12 -3 70 -7 72 -22 71 -20 70 -8 67 -4 72 2 68 2 68 -1 74 -11 76 -6 76 -6 65 3 0.25 1 -16 85 
114 5 2 0 0.97561 10 5 -5 18 6 14 -13 5 -9 13 -39 9 -76 10 -81 14 23 17 13 10 -55 3 0.285714 1 24 6 
115 5 3 0 0.5 2 8 -36 10 -72 1 0.8 5 9 26 10 27 12 -2 13 5 10 -19 3 0.631579 3 8 -87 13 58 6 -90 
116 5 2 0 0.307692 2 10 -59 3 4 3 0.972973 18 7 7 24 -98 13 -3 17 -5 5 47 10 -87 -12 -74 12 9 9 45 -3 -43 6 -89 -1 -37 8 17 11 -69 21 13 22 14 9 4 13 17 
117 5 2 0 0.923077 3 4 -75 6 -60 10 -23 3 0.571429 1 -7 -22 
118 5 3 0 0.27907 9 2 -51 12 -82 -4 -43 8 8 9 14 9 21 5 34 4 -66 7 -14 1 0.970667 91 2 23 2 -1 6 -29 6 -27 1 18 4 21 4 -34 6 20 8 8 7 17 6 -11 7 21 3 7 4 5 3 24 5 -5 6 2 3 -25 4 26 5 10 2 -17 6 9 5 7 5 -14 6 -14 9 7 9 29 7 14 9 16 6 20 10 18 11 30 8 10 2 -32 10 29 8 -30 3 -32 4 -5 10 7 6 7 9 20 9 3 4 -30 8 1 6 0 8 -28 8 -31 5 17 8 21 7 -11 7 11 8 27 9 -17 2 -27 9 15 5 18 8 16 7 19 10 1 9 13 8 13 4 16 6 -4 7 -12 3 -4 7 12 7 20 9 -22 8 31 5 4 8 -18 8 4 7 17 9 14 4 31 5 -32 3 2 9 31 9 1 5 2 7 -27 12 4 7 12 9 -23 10 25 7 24 7 -22 6 -17 7 -27 6 -17 8 -15 3 0.0740741 2 8 -92 19 -55 
119 5 3 0 0.804878 33 8 17 6 0 5 -25 3 -65 10 11 7 25 11 19 6 -66 6 -39 16 37 2 -56 10 37 14 35 5 -4 7 35 5 40 5 -10 10 -69 5 -17 4 -63 3 -15 8 8 13 30 7 16 14 33 5 -23 6 -21 10 24 8 50 5 -70 11 -2 5 45 13 45 1 0.751678 28 10 23 8 -19 8 -20 5 3 9 9 5 -4 11 25 5 15 10 -21 7 -18 8 -10 9 1 8 -26 9 -5 6 -22 5 -23 8 15 10 34 7 30 9 12 3 -12 12 33 7 -29 8 35 5 35 5 35 5 33 7 35 3 0.207792 4 20 -43 22 -42 13 37 16 48 
120 5 3 0 0.823529 7 4 -31 3 11 5 -36 11 -55 6 -24 6 -9 5 -23 1 0.25 1 11 -31 3 0.714286 5 13 -4 8 -9 11 48 16 -28 15 -13 
121 5 3 0 0.032 1 5 2 1 0.982759 114 16 -14 15 -37 16 14 14 -35 14 -31 14 -20 14 15 14 -25 13 -26 13 20 14 -26 13 10 13 -11 14 -22 15 12 14 -23 15 -39 14 8 12 23 14 -2 14 -23 13 -34 12 -3 12 -13 15 2 11 -37 12 13 12 -15 12 -30 12 21 12 -20 14 8 13 11 14 11 14 34 13 14 15 -16 12 -28 12 -25 13 22 13 14 11 -34 12 -35 13 26 8 38 11 31 7 25 10 4 13 -16 12 32 7 24 13 -15 10 37 12 -32 12 17 11 7 13 -7 11 27 9 -26 9 -31 12 20 11 24 9 -12 9 -24 12 -16 9 35 11 27 9 24 11 18 9 -18 9 -24 9 38 12 -7 10 -22 8 34 10 7 10 23 11 1 10 8 10 -38 5 34 8 -20 8 -1 7 -27 7 -1 6 -2 8 21 9 18 9 -4 9 8 9 7 6 34 7 21 8 8 7 17 7 -13 5 35 7 9 8 1 8 -15 9 0 9 3 8 -7 8 18 6 -31 6 -6 7 3 8 -21 8 4 7 11 8 -16 8 6 7 14 8 9 3 0.195804 7 10 8 23 25 17 -32 20 -29 4 75 15 24 15 34 
122 5 2 1 0.131148 2 9 -17 5 -22 3 0.990654 53 -1 -15 -1 26 -6 39 -13 13 -20 -20 -6 8 -19 8 -23 -9 -10 -3 -18 62 6 -30 -18 -66 -23 -15 -18 -39 -3 29 -21 14 -20 -9 1 -21 -15 -46 -19 -20 -2 12 -10 -46 -10 -92 -1 -1 -23 5 -5 -4 -13 34 -13 -32 -19 28 -3 4 -17 -9 -23 -59 1 4 -19 -1 -22 -69 -15 -11 -10 -54 -5 -51 -1 -11 -7 0 -23 -49 -6 -36 -19 -92 1 -39 -12 6 -20 -33 0 -30 4 25 -21 -41 -20 -91 0 4 -11 33 -1 -4 
123 5 3 0 0.541176 46 -6 33 -6 34 -14 46 -8 -83 -8 -70 -6 17 -6 43 -13 24 -9 30 -10 -18 -15 -66 -14 41 -20 -78 -19 -43 -23 -37 -17 47 -19 -14 -21 -40 0 -29 -17 22 -22 -40 -16 24 -12 -68 -11 -33 -10 -33 -13 -45 -1 -10 -15 -64 -9 -76 -12 -24 -15 -61 -16 -69 -17 -67 -19 10 -5 -34 -10 -4 -12 -77 -17 -72 -13 -33 -19 -72 -3 -72 -24 -46 -20 -80 -15 -27 -20 -6 -3 -20 1 0.361011 25 -4 36 8 4 8 13 6 -29 6 -28 5 22 9 28 6 -35 9 -7 -4 -19 0 -12 -15 39 -16 33 -15 35 -1 -17 -14 -8 -14 38 2 -11 7 -23 6 -38 7 -26 5 -39 9 -34 6 -23 -15 35 3 0.880672 131 0 -11 -9 -7 -12 -5 -26 19 -1 -42 -22 -8 -1 8 -22 -34 -9 -51 -21 -93 -20 6 -21 -37 -35 -45 4 1 -25 -94 -11 -41 -11 -63 -12 10 13 -17 -19 4 -7 -32 -4 -94 -28 -22 -26 -19 -28 -26 -29 -24 -29 2 -11 -40 -25 -19 -23 1 10 6 -29 2 -35 -37 -17 4 -4 27 -11 -13 -25 0 -30 3 -34 3 -36 43 -2 6 -18 4 -31 -85 -30 49 -27 -3 -19 -42 -13 -35 -11 -32 -16 -17 -19 4 -43 47 -19 -20 -20 -35 -17 63 -25 -20 -17 -20 6 10 -15 56 -21 -36 -6 -6 -23 3 -14 -4 -15 1 -18 -31 -18 -16 -22 -14 -23 -42 -20 0 0 -34 -3 -21 -41 -20 -14 40 -12 -29 1 -20 -20 -93 4 56 -25 -39 -5 11 -8 -27 -17 -24 -15 34 -6 -8 -20 -21 4 14 -38 6 -3 -22 -28 41 -21 -16 -12 -39 -33 49 -10 -11 -5 -75 -23 -45 -2 -42 -8 6 -9 2 -17 51 3 -10 -18 10 -20 -38 -3 -43 -24 0 14 2 -9 -32 -27 20 -39 -51 -31 -4 8 -15 -11 -68 -16 -19 6 -4 -8 13 0 -6 -23 -34 4 -16 -30 -28 -9 -34 -9 -44 -14 41 -29 -31 -29 -8 -28 66 -40 -84 -35 18 -21 21 -9 -55 -38 -4 -22 6 -4 10 -18 -42 -9 23 
124 5 3 0 0.783217 28 -7 50 2 51 2 19 -4 -15 -11 50 -10 48 0 17 2 -4 -7 -30 -6 30 3 -22 -4 28 -11 -43 -9 -20 -5 -76 -1 33 -5 -79 -6 37 3 -58 3 47 -10 11 -5 45 -12 47 -7 -76 -7 -27 -3 -56 2 34 -2 -72 1 0.225352 4 10 -17 -10 3 -7 10 -7 -1 3 0.771429 27 -42 95 -7 61 -1 17 -16 -10 -1 37 -17 -89 2 -25 -13 -77 -12 -72 -14 -23 -8 37 2 7 -14 -54 1 -95 0 6 6 1 -12 -49 -13 -63 -5 -61 3 16 -8 -31 3 -85 -5 -49 -11 -46 0 -68 -8 52 1 -68 
125 5 3 0 0.591781 108 -5 19 -5 -74 0 42 2 37 -10 10 -5 11 6 -68 -3 -60 -10 -17 -5 27 -8 -62 -5 -64 -15 7 -7 -64 -4 -70 -12 -64 -11 42 -3 15 2 42 -5 28 -5 12 -15 -6 -4 25 -17 -30 -6 -2 -9 -62 -11 23 -11 -5 -7 -66 2 33 -5 21 -15 -12 -4 38 -19 -57 3 29 6 38 -16 -38 0 -45 -2 36 -9 -32 -7 -30 -15 -42 -14 -48 -4 14 -13 -17 -3 -61 0 27 -13 -20 2 -26 -14 -71 -9 -46 -5 -80 2 36 -10 -30 -6 -66 -6 -60 -1 3 -6 -61 -5 -43 -6 -21 -5 -9 -10 3 -7 -24 2 -71 -1 -14 -12 -57 -4 -60 0 16 -1 -7 -7 -36 -7 -24 -10 -60 -8 1 -4 -18 -1 -38 -11 -26 2 -67 -12 -37 -8 -73 -1 -85 -6 4 -9 -84 1 -8 1 36 -12 -70 0 -11 -1 39 -6 -17 -5 -72 5 33 1 -11 2 -59 0 -21 1 -31 5 36 -6 -15 1 -73 2 -15 -9 -37 -10 -54 -3 -3 0 -1 1 -69 -6 -23 -6 -65 -4 -66 0 45 3 -63 1 0.896774 278 -8 -4 -12 -19 -7 -5 -8 -5 -6 24 -10 -7 -8 -28 -7 27 -6 -9 -8 6 -8 9 -4 15 -9 0 -7 -26 -13 11 -9 -33 -11 -33 -11 -19 -6 -3 -5 3 -4 0 -6 -34 -12 16 -10 -35 -1 3 -12 -14 -14 -18 -9 -22 -13 10 -14 22 -14 6 -14 18 -5 27 -12 -21 -13 -10 -6 16 -4 -29 -5 -35 -13 1 -9 -12 -2 -17 -12 -7 -13 12 -14 -3 -14 17 -12 5 -12 24 -1 -3 -11 -25 -11 3 -13 -12 -14 -7 -7 1 -8 13 -10 4 -9 -1 -13 24 -12 -30 -12 -8 -14 10 -10 24 -10 -6 -9 25 -7 22 -5 -26 0 14 -8 27 -14 -8 -11 -5 -10 3 -9 7 -7 19 -6 -20 -13 27 -9 23 -3 -6 -10 -31 -10 -15 -11 -8 -5 21 -12 26 -13 10 -8 -31 -12 -14 -9 -1 -9 -4 -9 -12 -8 13 -11 6 -8 14 -14 6 -13 20 -10 -3 -11 26 -7 21 -5 17 0 -2 -8 -9 -4 -23 -4 21 -9 -25 -11 29 -13 -7 -14 -20 -10 25 -7 4 -4 -11 -13 16 -1 29 -10 18 -10 10 -7 -11 -12 28 -6 -19 -7 28 1 -2 -12 -14 -12 -10 -12 -16 -11 28 -5 -1 -8 11 -4 25 -7 -24 -4 13 -4 -10 -11 -31 -4 -3 -14 -18 -12 -6 -12 29 1 -4 -5 5 -2 -26 -8 8 -10 -22 -9 31 -2 13 -12 -17 -1 24 -2 -3 2 19 -1 7 -7 -27 -12 32 -12 -23 -11 7 -2 -6 -11 -26 -4 2 -12 -14 -12 30 -11 -7 -13 -13 -3 -9 -4 -13 -4 3 1 21 -13 11 -7 -8 -7 5 -4 30 -9 -26 -11 -19 -8 -2 -1 33 -11 -12 -8 31 -12 13 -1 -20 -8 11 -2 29 -5 -27 0 14 -3 -17 -3 -3 -7 -1 1 -28 -6 32 -11 33 1 5 -4 8 1 22 -6 -16 -3 -22 -7 32 -1 23 1 -24 -5 -20 -2 10 -1 25 -3 7 -3 8 -1 21 1 -33 -1 0 -2 5 -8 33 -2 -30 -11 35 -2 -18 -2 -4 2 5 1 20 0 31 1 17 -4 -7 -3 -29 4 12 -3 -3 -5 34 -8 34 -11 34 -6 31 -4 35 -13 34 0 0 -12 35 -1 5 -1 -9 -3 -11 -11 34 -6 32 -4 34 0 -13 -8 34 -1 3 2 12 4 16 -2 35 -1 -13 -3 32 -7 34 -8 34 4 5 1 31 -8 35 -2 -21 1 8 1 21 5 2 1 16 -8 35 1 -9 4 -17 -1 31 3 6 -1 -21 1 -32 0 -16 3 -33 1 -1 0 30 4 -30 6 -32 3 -18 6 17 3 -8 1 28 2 -12 1 -26 0 -22 2 -25 3 -12 2 28 3 -24 2 27 3 -14 3 -11 5 -32 -1 33 5 -21 3 -18 4 -14 3 -19 4 -14 2 32 4 34 3 0.171674 20 7 41 -1 -72 14 -41 5 -78 -8 -25 5 -24 12 -43 -33 16 -3 -90 0 37 -30 -39 9 59 12 -24 -6 -87 11 10 19 -39 16 -32 17 -7 4 -68 18 -38 
126 5 2 1 0.988235 105 2 15 6 6 8 -2 2 9 6 -13 5 -26 1 2 5 -11 7 34 7 20 8 -30 -6 36 4 17 4 -35 7 -28 -1 -21 1 -26 6 9 5 -4 6 -2 -5 33 4 -9 1 20 5 -5 -8 39 4 -29 2 -25 3 16 6 -20 1 8 -7 36 3 23 0 22 1 -27 1 -36 6 -11 9 -30 5 5 1 -18 1 -6 -3 12 2 -31 6 -23 3 3 0 1 4 11 5 9 -4 25 1 8 -5 26 -5 32 -5 29 -1 19 3 -24 -4 24 3 -18 5 -17 1 23 4 7 3 1 4 -2 5 25 5 23 2 33 1 -16 0 32 -2 33 3 -37 0 -19 2 5 -2 37 -5 26 -1 34 1 -24 3 -5 -3 -9 0 33 4 9 -2 15 0 -2 0 15 1 36 3 -39 0 -4 0 -6 -2 24 1 -3 2 -22 0 33 1 37 0 25 2 20 -1 -35 -1 26 0 -21 -8 38 -1 -36 -1 20 -2 -9 -3 -2 -2 -37 -2 27 0 21 -8 -29 -6 -33 3 0.16 5 5 3 -24 14 -23 19 -27 62 -26 49 
127 5 3 0 0.205128 2 -14 73 -22 -14 1 0.205128 2 -2 -28 6 37 3 0.966667 29 -20 30 7 36 -12 32 -23 -58 -33 -34 -19 -82 -35 80 -24 37 12 -12 -19 -15 0 74 -27 12 -25 -41 -23 -24 3 5 13 -32 9 -28 1 6 1 -12 -12 -36 -12 75 4 30 2 66 8 -3 4 -13 6 64 3 -77 10 8 10 -12 
128 5 3 0 0.6 3 0 49 -1 -57 -24 -29 1 0.769231 5 -6 -35 -3 -32 -4 -34 -1 -31 0 -28 3 0.6 3 -34 -21 -38 -31 -39 -43 
129 5 2 1 0.08 1 7 30 3 0.994595 46 11 -34 6 55 14 -30 13 -43 3 58 -4 -58 6 -43 13 -36 13 3 13 4 0 2 13 -19 19 17 16 5 2 30 2 -26 10 27 9 35 3 -29 17 1 -42 -33 17 -39 4 14 21 -7 3 -66 6 33 19 -7 10 -48 18 -32 21 -17 -19 40 19 -33 -7 76 13 35 12 37 17 -24 -21 41 23 -22 18 -16 -20 80 15 50 13 -82 22 -36 -32 86 16 17 14 24 
130 5 2 1 0.965517 7 -6 -22 -5 -27 -2 -27 -2 -36 -1 -30 -2 -26 -2 -33 3 0.363636 1 -37 -98 
131 5 5 0 0.181818 1 -7 -86 1 0.428571 3 -6 -32 -7 -34 -4 -35 2 0.32 2 -9 -8 -8 -12 3 0.588235 5 -38 -97 -18 -63 -23 -77 -39 -22 -37 -36 4 0.744186 8 -14 -25 -16 -30 -14 -9 -25 19 -17 23 -19 27 -18 10 -18 20 
132 5 3 0 0.521739 3 -21 -84 -20 -87 -20 -85 3 0.689655 5 -42 -98 -1 -99 -16 -85 -19 34 -42 -99 4 0.75 6 -20 -21 -25 -41 -17 -16 -19 17 -21 -21 -19 -15 
133 5 3 0 0.974359 19 -12 72 -17 -86 -14 -86 16 -89 -20 -87 9 -89 -8 -91 -19 -88 -17 71 -1 -90 -23 73 -11 -91 14 -91 8 -92 -11 72 -16 71 -16 70 -23 63 -18 62 2 0.166667 1 14 -53 3 0.166667 1 -40 -4 
