10 170 1
0 0 -1 6 5 6 6 14 14 1 1 32 1538 
1 1 -1 5 1 1 2 8 13 5 2 32 -394 
2 1 -1 1 1 5 6 12 13 1 2 32 1841 
3 2 -1 1 2 6 0 12 3 3 6 32 -808 
4 2 -1 6 6 1 1 7 14 4 1 32 -46 
5 2 -1 5 0 0 3 5 8 10 6 32 -5187 
6 2 -1 0 0 3 6 14 7 1 1 32 2082 
7 3 -1 4 0 1 2 14 2 1 9 32 -477 
8 3 -1 3 1 0 2 5 14 10 1 32 -470 
9 3 -1 0 4 1 1 1 5 3 6 32 -297 
10 3 -1 15 12 0 0 7 6 0 0 20 65 
11 3 -1 1 2 6 5 14 9 1 2 32 2396 
12 3 -1 0 3 0 2 3 9 11 1 32 -487 
13 3 -1 2 0 1 1 4 2 8 1 32 -758 
14 3 -1 4 0 1 3 11 9 1 4 32 572 
15 4 -1 0 13 0 0 11 3 0 0 0 41 
16 4 -1 2 0 3 2 14 12 1 3 32 85 
17 4 -1 15 1 0 0 10 6 0 0 4 -3 
18 4 -1 11 15 0 0 10 2 0 0 17 2 
19 4 -1 0 4 0 5 6 9 2 4 32 -245 
20 4 -1 4 3 4 4 14 11 1 3 32 237 
21 4 -1 1 7 0 0 6 11 0 0 5 -12 
22 4 119 0 0 0 0 0 0 0 0 0 0 
23 4 -1 6 3 0 0 14 6 0 0 1 -5 
24 4 129 0 0 0 0 0 0 0 0 0 0 
25 4 -1 8 9 0 0 4 6 0 0 0 17 
26 4 -1 6 0 2 1 8 2 5 2 32 -465 
27 4 137 0 0 0 0 0 0 0 0 0 0 
28 4 -1 3 3 5 2 8 7 7 5 32 -2976 
29 4 -1 1 4 1 0 7 6 8 3 32 -2331 
30 4 -1 4 5 6 6 10 13 5 2 32 2805 
31 5 -1 4 9 0 0 15 11 0 0 18 1 
32 5 -1 5 0 0 4 14 6 1 3 32 -230 
33 5 -1 6 2 5 1 12 11 1 2 32 70 
34 5 -1 1 5 2 2 12 7 2 4 32 -131 
35 5 -1 13 7 0 0 10 14 0 0 17 0 
36 5 -1 1 5 2 6 3 12 8 1 32 -521 
37 5 -1 3 0 1 1 7 11 7 1 32 -207 
38 5 -1 13 15 0 0 11 0 0 0 18 7 
39 5 -1 1 3 4 6 12 13 3 2 32 509 
40 5 -1 4 0 2 0 14 8 1 3 32 -170 
41 5 -1 1 4 6 1 8 9 1 3 32 -125 
42 5 -1 0 5 5 4 5 9 3 3 32 481 
43 5 -1 14 7 0 0 11 5 0 0 3 35 
44 5 -1 10 2 0 0 0 7 0 0 16 28 
45 5 0 0 0 0 0 0 0 0 0 0 0 
46 5 0 0 0 0 0 0 0 0 0 0 0 
47 5 -1 1 0 1 6 10 11 4 1 32 -356 
48 5 -1 2 2 0 0 8 5 0 0 6 1 
49 5 0 0 0 0 0 0 0 0 0 0 0 
50 5 0 0 0 0 0 0 0 0 0 0 0 
51 5 -1 10 15 0 0 2 3 0 0 0 -9 
52 5 133 0 0 0 0 0 0 0 0 0 0 
53 5 134 0 0 0 0 0 0 0 0 0 0 
54 5 -1 3 1 0 2 12 13 1 1 32 -87 
55 5 0 0 0 0 0 0 0 0 0 0 0 
56 5 0 0 0 0 0 0 0 0 0 0 0 
57 5 -1 2 11 0 0 12 4 0 0 21 -1 
58 5 -1 12 8 0 0 6 11 0 0 21 0 
59 5 152 0 0 0 0 0 0 0 0 0 0 
60 5 -1 1 3 2 6 8 10 4 5 32 -770 
61 5 -1 1 10 0 0 10 10 0 0 3 32 
62 5 -1 1 0 5 3 9 8 3 1 32 1003 
63 6 -1 13 0 0 0 1 0 0 0 0 -18 
64 6 -1 12 9 0 0 13 5 0 0 6 -3 
65 6 -1 4 7 0 0 14 11 0 0 22 0 
66 6 -1 15 8 0 0 1 3 0 0 17 22 
67 6 32 0 0 0 0 0 0 0 0 0 0 
68 6 -1 0 3 0 0 10 9 0 0 2 12 
69 6 38 0 0 0 0 0 0 0 0 0 0 
70 6 39 0 0 0 0 0 0 0 0 0 0 
71 6 40 0 0 0 0 0 0 0 0 0 0 
72 6 41 0 0 0 0 0 0 0 0 0 0 
73 6 42 0 0 0 0 0 0 0 0 0 0 
74 6 -1 4 0 1 4 12 14 3 1 32 -383 
75 6 -1 0 6 2 4 9 11 3 2 32 95 
76 6 -1 6 1 0 0 4 11 0 0 3 5 
77 6 -1 2 2 5 5 9 8 1 7 32 906 
78 6 62 0 0 0 0 0 0 0 0 0 0 
79 6 -1 4 5 0 0 2 7 0 0 1 17 
80 6 -1 13 10 0 0 15 10 0 0 2 7 
81 6 -1 0 4 5 4 6 14 3 1 32 580 
82 6 -1 6 6 6 6 14 14 1 1 32 988 
83 6 81 0 0 0 0 0 0 0 0 0 0 
84 6 -1 4 2 0 0 5 12 0 0 0 -50 
85 6 -1 0 0 6 0 11 10 2 4 32 -211 
86 6 -1 8 3 0 0 3 3 0 0 6 13 
87 6 -1 4 6 0 0 15 13 0 0 18 12 
88 6 100 0 0 0 0 0 0 0 0 0 0 
89 6 -1 7 10 0 0 8 2 0 0 2 22 
90 6 -1 0 1 3 2 3 8 10 7 32 72 
91 6 0 0 0 0 0 0 0 0 0 0 0 
92 6 0 0 0 0 0 0 0 0 0 0 0 
93 6 0 0 0 0 0 0 0 0 0 0 0 
94 6 0 0 0 0 0 0 0 0 0 0 0 
95 6 120 0 0 0 0 0 0 0 0 0 0 
96 6 121 0 0 0 0 0 0 0 0 0 0 
97 6 -1 3 1 4 2 12 8 2 7 32 -542 
98 6 -1 12 8 0 0 5 14 0 0 2 -9 
99 6 0 0 0 0 0 0 0 0 0 0 0 
100 6 0 0 0 0 0 0 0 0 0 0 0 
101 6 0 0 0 0 0 0 0 0 0 0 0 
102 6 0 0 0 0 0 0 0 0 0 0 0 
103 6 -1 4 3 0 0 12 8 2 7 32 -1417 
104 6 132 0 0 0 0 0 0 0 0 0 0 
105 6 0 0 0 0 0 0 0 0 0 0 0 
106 6 0 0 0 0 0 0 0 0 0 0 0 
107 6 0 0 0 0 0 0 0 0 0 0 0 
108 6 0 0 0 0 0 0 0 0 0 0 0 
109 6 135 0 0 0 0 0 0 0 0 0 0 
110 6 136 0 0 0 0 0 0 0 0 0 0 
111 6 0 0 0 0 0 0 0 0 0 0 0 
112 6 0 0 0 0 0 0 0 0 0 0 0 
113 6 0 0 0 0 0 0 0 0 0 0 0 
114 6 0 0 0 0 0 0 0 0 0 0 0 
115 6 138 0 0 0 0 0 0 0 0 0 0 
116 6 -1 15 4 0 0 4 8 0 0 22 0 
117 6 146 0 0 0 0 0 0 0 0 0 0 
118 6 -1 9 8 0 0 5 13 0 0 16 17 
119 6 0 0 0 0 0 0 0 0 0 0 0 
120 6 0 0 0 0 0 0 0 0 0 0 0 
121 6 153 0 0 0 0 0 0 0 0 0 0 
122 6 -1 7 14 0 0 5 7 0 0 4 -20 
123 6 -1 7 4 0 0 15 6 0 0 4 -8 
124 6 167 0 0 0 0 0 0 0 0 0 0 
125 6 168 0 0 0 0 0 0 0 0 0 0 
126 6 169 0 0 0 0 0 0 0 0 0 0 
127 7 -1 1 12 0 0 5 14 0 0 2 2 
128 7 -1 10 2 0 0 5 12 0 0 5 15 
129 7 -1 5 0 1 5 14 13 1 1 32 -61 
130 7 -1 11 14 0 0 4 2 0 0 3 20 
131 7 23 0 0 0 0 0 0 0 0 0 0 
132 7 -1 15 13 0 0 13 11 0 0 22 1 
133 7 -1 9 13 0 0 13 12 0 0 0 -35 
134 7 31 0 0 0 0 0 0 0 0 0 0 
135 7 0 0 0 0 0 0 0 0 0 0 0 
136 7 0 0 0 0 0 0 0 0 0 0 0 
137 7 -1 1 1 3 4 9 10 5 5 32 -417 
138 7 37 0 0 0 0 0 0 0 0 0 0 
139 7 0 0 0 0 0 0 0 0 0 0 0 
140 7 0 0 0 0 0 0 0 0 0 0 0 
141 7 0 0 0 0 0 0 0 0 0 0 0 
142 7 0 0 0 0 0 0 0 0 0 0 0 
143 7 0 0 0 0 0 0 0 0 0 0 0 
144 7 0 0 0 0 0 0 0 0 0 0 0 
145 7 0 0 0 0 0 0 0 0 0 0 0 
146 7 0 0 0 0 0 0 0 0 0 0 0 
147 7 0 0 0 0 0 0 0 0 0 0 0 
148 7 0 0 0 0 0 0 0 0 0 0 0 
149 7 43 0 0 0 0 0 0 0 0 0 0 
150 7 44 0 0 0 0 0 0 0 0 0 0 
151 7 -1 1 0 0 6 1 8 3 6 32 -269 
152 7 -1 6 5 5 2 14 8 1 4 32 95 
153 7 -1 12 3 0 0 3 11 0 0 2 1 
154 7 -1 5 1 1 6 10 10 5 5 32 -983 
155 7 -1 4 5 3 2 13 12 2 2 32 40 
156 7 -1 0 6 0 0 13 11 0 0 3 37 
157 7 0 0 0 0 0 0 0 0 0 0 0 
158 7 0 0 0 0 0 0 0 0 0 0 0 
159 7 -1 2 2 3 0 9 14 5 1 32 -133 
160 7 67 0 0 0 0 0 0 0 0 0 0 
161 7 -1 7 12 0 0 4 2 0 0 6 -52 
162 7 73 0 0 0 0 0 0 0 0 0 0 
163 7 74 0 0 0 0 0 0 0 0 0 0 
164 7 -1 4 5 1 0 12 8 2 4 32 -243 
165 7 78 0 0 0 0 0 0 0 0 0 0 
166 7 -1 1 8 0 0 15 14 0 0 19 0 
167 7 0 0 0 0 0 0 0 0 0 0 0 
168 7 0 0 0 0 0 0 0 0 0 0 0 
169 7 82 0 0 0 0 0 0 0 0 0 0 
170 7 -1 3 5 6 2 9 12 1 1 32 84 
171 7 -1 7 3 0 0 1 12 0 0 17 3 
172 7 90 0 0 0 0 0 0 0 0 0 0 
173 7 91 0 0 0 0 0 0 0 0 0 0 
174 7 92 0 0 0 0 0 0 0 0 0 0 
175 7 -1 4 3 1 2 5 9 3 2 32 9 
176 7 -1 1 2 0 6 12 10 3 5 32 -3 
177 7 0 0 0 0 0 0 0 0 0 0 0 
178 7 0 0 0 0 0 0 0 0 0 0 0 
179 7 -1 1 1 1 1 2 7 2 3 32 -53 
180 7 107 0 0 0 0 0 0 0 0 0 0 
181 7 -1 3 9 0 0 10 10 0 0 5 -2 
182 7 -1 11 14 0 0 7 2 0 0 18 -2 
183 7 0 0 0 0 0 0 0 0 0 0 0 
184 7 0 0 0 0 0 0 0 0 0 0 0 
185 7 0 0 0 0 0 0 0 0 0 0 0 
186 7 0 0 0 0 0 0 0 0 0 0 0 
187 7 0 0 0 0 0 0 0 0 0 0 0 
188 7 0 0 0 0 0 0 0 0 0 0 0 
189 7 0 0 0 0 0 0 0 0 0 0 0 
190 7 0 0 0 0 0 0 0 0 0 0 0 
191 7 0 0 0 0 0 0 0 0 0 0 0 
192 7 0 0 0 0 0 0 0 0 0 0 0 
193 7 0 0 0 0 0 0 0 0 0 0 0 
194 7 0 0 0 0 0 0 0 0 0 0 0 
195 7 -1 4 4 0 0 10 7 0 0 2 1 
196 7 124 0 0 0 0 0 0 0 0 0 0 
197 7 125 0 0 0 0 0 0 0 0 0 0 
198 7 -1 14 9 0 0 0 13 0 0 16 -3 
199 7 0 0 0 0 0 0 0 0 0 0 0 
200 7 0 0 0 0 0 0 0 0 0 0 0 
201 7 0 0 0 0 0 0 0 0 0 0 0 
202 7 0 0 0 0 0 0 0 0 0 0 0 
203 7 0 0 0 0 0 0 0 0 0 0 0 
204 7 0 0 0 0 0 0 0 0 0 0 0 
205 7 0 0 0 0 0 0 0 0 0 0 0 
206 7 0 0 0 0 0 0 0 0 0 0 0 
207 7 130 0 0 0 0 0 0 0 0 0 0 
208 7 131 0 0 0 0 0 0 0 0 0 0 
209 7 0 0 0 0 0 0 0 0 0 0 0 
210 7 0 0 0 0 0 0 0 0 0 0 0 
211 7 0 0 0 0 0 0 0 0 0 0 0 
212 7 0 0 0 0 0 0 0 0 0 0 0 
213 7 0 0 0 0 0 0 0 0 0 0 0 
214 7 0 0 0 0 0 0 0 0 0 0 0 
215 7 0 0 0 0 0 0 0 0 0 0 0 
216 7 0 0 0 0 0 0 0 0 0 0 0 
217 7 0 0 0 0 0 0 0 0 0 0 0 
218 7 0 0 0 0 0 0 0 0 0 0 0 
219 7 0 0 0 0 0 0 0 0 0 0 0 
220 7 0 0 0 0 0 0 0 0 0 0 0 
221 7 0 0 0 0 0 0 0 0 0 0 0 
222 7 0 0 0 0 0 0 0 0 0 0 0 
223 7 0 0 0 0 0 0 0 0 0 0 0 
224 7 0 0 0 0 0 0 0 0 0 0 0 
225 7 0 0 0 0 0 0 0 0 0 0 0 
226 7 0 0 0 0 0 0 0 0 0 0 0 
227 7 0 0 0 0 0 0 0 0 0 0 0 
228 7 0 0 0 0 0 0 0 0 0 0 0 
229 7 0 0 0 0 0 0 0 0 0 0 0 
230 7 0 0 0 0 0 0 0 0 0 0 0 
231 7 0 0 0 0 0 0 0 0 0 0 0 
232 7 0 0 0 0 0 0 0 0 0 0 0 
233 7 139 0 0 0 0 0 0 0 0 0 0 
234 7 -1 9 10 0 0 1 5 0 0 17 -1 
235 7 0 0 0 0 0 0 0 0 0 0 0 
236 7 0 0 0 0 0 0 0 0 0 0 0 
237 7 -1 5 4 0 0 9 10 0 0 17 3 
238 7 151 0 0 0 0 0 0 0 0 0 0 
239 7 0 0 0 0 0 0 0 0 0 0 0 
240 7 0 0 0 0 0 0 0 0 0 0 0 
241 7 0 0 0 0 0 0 0 0 0 0 0 
242 7 0 0 0 0 0 0 0 0 0 0 0 
243 7 0 0 0 0 0 0 0 0 0 0 0 
244 7 0 0 0 0 0 0 0 0 0 0 0 
245 7 154 0 0 0 0 0 0 0 0 0 0 
246 7 -1 10 4 0 0 14 5 0 0 18 -2 
247 7 160 0 0 0 0 0 0 0 0 0 0 
248 7 -1 15 0 0 0 3 8 0 0 2 -7 
249 7 0 0 0 0 0 0 0 0 0 0 0 
250 7 0 0 0 0 0 0 0 0 0 0 0 
251 7 0 0 0 0 0 0 0 0 0 0 0 
252 7 0 0 0 0 0 0 0 0 0 0 0 
253 7 0 0 0 0 0 0 0 0 0 0 0 
254 7 0 0 0 0 0 0 0 0 0 0 0 
255 8 -1 4 5 2 4 9 11 6 1 32 103 
256 8 3 0 0 0 0 0 0 0 0 0 0 
257 8 -1 6 6 6 4 12 10 3 2 32 631 
258 8 -1 15 3 0 0 1 8 0 0 17 -11 
259 8 -1 3 2 3 0 9 8 6 2 32 -530 
260 8 -1 5 6 3 2 8 9 4 1 32 4 
261 8 -1 11 3 0 0 1 12 0 0 6 11 
262 8 -1 12 13 0 0 10 3 0 0 17 12 
263 8 0 0 0 0 0 0 0 0 0 0 0 
264 8 0 0 0 0 0 0 0 0 0 0 0 
265 8 -1 2 4 0 0 14 11 0 0 18 -13 
266 8 27 0 0 0 0 0 0 0 0 0 0 
267 8 28 0 0 0 0 0 0 0 0 0 0 
268 8 -1 0 3 0 5 12 14 1 1 32 -76 
269 8 0 0 0 0 0 0 0 0 0 0 0 
270 8 0 0 0 0 0 0 0 0 0 0 0 
271 8 0 0 0 0 0 0 0 0 0 0 0 
272 8 0 0 0 0 0 0 0 0 0 0 0 
273 8 0 0 0 0 0 0 0 0 0 0 0 
274 8 0 0 0 0 0 0 0 0 0 0 0 
275 8 33 0 0 0 0 0 0 0 0 0 0 
276 8 -1 14 14 0 0 6 13 0 0 6 20 
277 8 0 0 0 0 0 0 0 0 0 0 0 
278 8 0 0 0 0 0 0 0 0 0 0 0 
279 8 0 0 0 0 0 0 0 0 0 0 0 
280 8 0 0 0 0 0 0 0 0 0 0 0 
281 8 0 0 0 0 0 0 0 0 0 0 0 
282 8 0 0 0 0 0 0 0 0 0 0 0 
283 8 0 0 0 0 0 0 0 0 0 0 0 
284 8 0 0 0 0 0 0 0 0 0 0 0 
285 8 0 0 0 0 0 0 0 0 0 0 0 
286 8 0 0 0 0 0 0 0 0 0 0 0 
287 8 0 0 0 0 0 0 0 0 0 0 0 
288 8 0 0 0 0 0 0 0 0 0 0 0 
289 8 0 0 0 0 0 0 0 0 0 0 0 
290 8 0 0 0 0 0 0 0 0 0 0 0 
291 8 0 0 0 0 0 0 0 0 0 0 0 
292 8 0 0 0 0 0 0 0 0 0 0 0 
293 8 0 0 0 0 0 0 0 0 0 0 0 
294 8 0 0 0 0 0 0 0 0 0 0 0 
295 8 0 0 0 0 0 0 0 0 0 0 0 
296 8 0 0 0 0 0 0 0 0 0 0 0 
297 8 0 0 0 0 0 0 0 0 0 0 0 
298 8 0 0 0 0 0 0 0 0 0 0 0 
299 8 0 0 0 0 0 0 0 0 0 0 0 
300 8 0 0 0 0 0 0 0 0 0 0 0 
301 8 0 0 0 0 0 0 0 0 0 0 0 
302 8 0 0 0 0 0 0 0 0 0 0 0 
303 8 -1 3 1 0 0 12 15 0 0 0 -177 
304 8 47 0 0 0 0 0 0 0 0 0 0 
305 8 48 0 0 0 0 0 0 0 0 0 0 
306 8 -1 5 3 4 6 13 12 2 1 32 949 
307 8 -1 6 0 0 3 7 11 7 3 32 -618 
308 8 54 0 0 0 0 0 0 0 0 0 0 
309 8 55 0 0 0 0 0 0 0 0 0 0 
310 8 56 0 0 0 0 0 0 0 0 0 0 
311 8 57 0 0 0 0 0 0 0 0 0 0 
312 8 58 0 0 0 0 0 0 0 0 0 0 
313 8 -1 4 13 0 0 9 2 0 0 4 -1 
314 8 61 0 0 0 0 0 0 0 0 0 0 
315 8 0 0 0 0 0 0 0 0 0 0 0 
316 8 0 0 0 0 0 0 0 0 0 0 0 
317 8 0 0 0 0 0 0 0 0 0 0 0 
318 8 0 0 0 0 0 0 0 0 0 0 0 
319 8 63 0 0 0 0 0 0 0 0 0 0 
320 8 -1 1 2 0 5 3 14 5 1 32 -123 
321 8 0 0 0 0 0 0 0 0 0 0 0 
322 8 0 0 0 0 0 0 0 0 0 0 0 
323 8 68 0 0 0 0 0 0 0 0 0 0 
324 8 -1 0 5 2 5 5 10 7 3 32 -257 
325 8 0 0 0 0 0 0 0 0 0 0 0 
326 8 0 0 0 0 0 0 0 0 0 0 0 
327 8 0 0 0 0 0 0 0 0 0 0 0 
328 8 0 0 0 0 0 0 0 0 0 0 0 
329 8 -1 4 11 0 0 15 6 0 0 18 6 
330 8 77 0 0 0 0 0 0 0 0 0 0 
331 8 0 0 0 0 0 0 0 0 0 0 0 
332 8 0 0 0 0 0 0 0 0 0 0 0 
333 8 79 0 0 0 0 0 0 0 0 0 0 
334 8 80 0 0 0 0 0 0 0 0 0 0 
335 8 0 0 0 0 0 0 0 0 0 0 0 
336 8 0 0 0 0 0 0 0 0 0 0 0 
337 8 0 0 0 0 0 0 0 0 0 0 0 
338 8 0 0 0 0 0 0 0 0 0 0 0 
339 8 0 0 0 0 0 0 0 0 0 0 0 
340 8 0 0 0 0 0 0 0 0 0 0 0 
341 8 -1 6 1 6 5 13 11 1 2 32 0 
342 8 86 0 0 0 0 0 0 0 0 0 0 
343 8 -1 15 4 0 0 0 1 0 0 18 22 
344 8 89 0 0 0 0 0 0 0 0 0 0 
345 8 0 0 0 0 0 0 0 0 0 0 0 
346 8 0 0 0 0 0 0 0 0 0 0 0 
347 8 0 0 0 0 0 0 0 0 0 0 0 
348 8 0 0 0 0 0 0 0 0 0 0 0 
349 8 0 0 0 0 0 0 0 0 0 0 0 
350 8 0 0 0 0 0 0 0 0 0 0 0 
351 8 -1 1 13 0 0 9 6 0 0 6 -25 
352 8 97 0 0 0 0 0 0 0 0 0 0 
353 8 98 0 0 0 0 0 0 0 0 0 0 
354 8 99 0 0 0 0 0 0 0 0 0 0 
355 8 0 0 0 0 0 0 0 0 0 0 0 
356 8 0 0 0 0 0 0 0 0 0 0 0 
357 8 0 0 0 0 0 0 0 0 0 0 0 
358 8 0 0 0 0 0 0 0 0 0 0 0 
359 8 -1 4 6 0 6 7 14 2 1 32 -33 
360 8 -1 4 1 0 1 10 4 5 5 32 -1623 
361 8 0 0 0 0 0 0 0 0 0 0 0 
362 8 0 0 0 0 0 0 0 0 0 0 0 
363 8 -1 11 6 0 0 15 15 0 0 16 61 
364 8 -1 5 9 0 0 1 13 0 0 22 -93 
365 8 115 0 0 0 0 0 0 0 0 0 0 
366 8 -1 1 0 3 6 6 14 7 1 32 40 
367 8 0 0 0 0 0 0 0 0 0 0 0 
368 8 0 0 0 0 0 0 0 0 0 0 0 
369 8 0 0 0 0 0 0 0 0 0 0 0 
370 8 0 0 0 0 0 0 0 0 0 0 0 
371 8 0 0 0 0 0 0 0 0 0 0 0 
372 8 0 0 0 0 0 0 0 0 0 0 0 
373 8 0 0 0 0 0 0 0 0 0 0 0 
374 8 0 0 0 0 0 0 0 0 0 0 0 
375 8 0 0 0 0 0 0 0 0 0 0 0 
376 8 0 0 0 0 0 0 0 0 0 0 0 
377 8 0 0 0 0 0 0 0 0 0 0 0 
378 8 0 0 0 0 0 0 0 0 0 0 0 
379 8 0 0 0 0 0 0 0 0 0 0 0 
380 8 0 0 0 0 0 0 0 0 0 0 0 
381 8 0 0 0 0 0 0 0 0 0 0 0 
382 8 0 0 0 0 0 0 0 0 0 0 0 
383 8 0 0 0 0 0 0 0 0 0 0 0 
384 8 0 0 0 0 0 0 0 0 0 0 0 
385 8 0 0 0 0 0 0 0 0 0 0 0 
386 8 0 0 0 0 0 0 0 0 0 0 0 
387 8 0 0 0 0 0 0 0 0 0 0 0 
388 8 0 0 0 0 0 0 0 0 0 0 0 
389 8 0 0 0 0 0 0 0 0 0 0 0 
390 8 0 0 0 0 0 0 0 0 0 0 0 
391 8 122 0 0 0 0 0 0 0 0 0 0 
392 8 123 0 0 0 0 0 0 0 0 0 0 
393 8 0 0 0 0 0 0 0 0 0 0 0 
394 8 0 0 0 0 0 0 0 0 0 0 0 
395 8 0 0 0 0 0 0 0 0 0 0 0 
396 8 0 0 0 0 0 0 0 0 0 0 0 
397 8 126 0 0 0 0 0 0 0 0 0 0 
398 8 -1 0 4 0 0 0 7 0 0 2 8 
399 8 0 0 0 0 0 0 0 0 0 0 0 
400 8 0 0 0 0 0 0 0 0 0 0 0 
401 8 0 0 0 0 0 0 0 0 0 0 0 
402 8 0 0 0 0 0 0 0 0 0 0 0 
403 8 0 0 0 0 0 0 0 0 0 0 0 
404 8 0 0 0 0 0 0 0 0 0 0 0 
405 8 0 0 0 0 0 0 0 0 0 0 0 
406 8 0 0 0 0 0 0 0 0 0 0 0 
407 8 0 0 0 0 0 0 0 0 0 0 0 
408 8 0 0 0 0 0 0 0 0 0 0 0 
409 8 0 0 0 0 0 0 0 0 0 0 0 
410 8 0 0 0 0 0 0 0 0 0 0 0 
411 8 0 0 0 0 0 0 0 0 0 0 0 
412 8 0 0 0 0 0 0 0 0 0 0 0 
413 8 0 0 0 0 0 0 0 0 0 0 0 
414 8 0 0 0 0 0 0 0 0 0 0 0 
415 8 0 0 0 0 0 0 0 0 0 0 0 
416 8 0 0 0 0 0 0 0 0 0 0 0 
417 8 0 0 0 0 0 0 0 0 0 0 0 
418 8 0 0 0 0 0 0 0 0 0 0 0 
419 8 0 0 0 0 0 0 0 0 0 0 0 
420 8 0 0 0 0 0 0 0 0 0 0 0 
421 8 0 0 0 0 0 0 0 0 0 0 0 
422 8 0 0 0 0 0 0 0 0 0 0 0 
423 8 0 0 0 0 0 0 0 0 0 0 0 
424 8 0 0 0 0 0 0 0 0 0 0 0 
425 8 0 0 0 0 0 0 0 0 0 0 0 
426 8 0 0 0 0 0 0 0 0 0 0 0 
427 8 0 0 0 0 0 0 0 0 0 0 0 
428 8 0 0 0 0 0 0 0 0 0 0 0 
429 8 0 0 0 0 0 0 0 0 0 0 0 
430 8 0 0 0 0 0 0 0 0 0 0 0 
431 8 0 0 0 0 0 0 0 0 0 0 0 
432 8 0 0 0 0 0 0 0 0 0 0 0 
433 8 0 0 0 0 0 0 0 0 0 0 0 
434 8 0 0 0 0 0 0 0 0 0 0 0 
435 8 0 0 0 0 0 0 0 0 0 0 0 
436 8 0 0 0 0 0 0 0 0 0 0 0 
437 8 0 0 0 0 0 0 0 0 0 0 0 
438 8 0 0 0 0 0 0 0 0 0 0 0 
439 8 0 0 0 0 0 0 0 0 0 0 0 
440 8 0 0 0 0 0 0 0 0 0 0 0 
441 8 0 0 0 0 0 0 0 0 0 0 0 
442 8 0 0 0 0 0 0 0 0 0 0 0 
443 8 0 0 0 0 0 0 0 0 0 0 0 
444 8 0 0 0 0 0 0 0 0 0 0 0 
445 8 0 0 0 0 0 0 0 0 0 0 0 
446 8 0 0 0 0 0 0 0 0 0 0 0 
447 8 0 0 0 0 0 0 0 0 0 0 0 
448 8 0 0 0 0 0 0 0 0 0 0 0 
449 8 0 0 0 0 0 0 0 0 0 0 0 
450 8 0 0 0 0 0 0 0 0 0 0 0 
451 8 0 0 0 0 0 0 0 0 0 0 0 
452 8 0 0 0 0 0 0 0 0 0 0 0 
453 8 0 0 0 0 0 0 0 0 0 0 0 
454 8 0 0 0 0 0 0 0 0 0 0 0 
455 8 0 0 0 0 0 0 0 0 0 0 0 
456 8 0 0 0 0 0 0 0 0 0 0 0 
457 8 0 0 0 0 0 0 0 0 0 0 0 
458 8 0 0 0 0 0 0 0 0 0 0 0 
459 8 0 0 0 0 0 0 0 0 0 0 0 
460 8 0 0 0 0 0 0 0 0 0 0 0 
461 8 0 0 0 0 0 0 0 0 0 0 0 
462 8 0 0 0 0 0 0 0 0 0 0 0 
463 8 0 0 0 0 0 0 0 0 0 0 0 
464 8 0 0 0 0 0 0 0 0 0 0 0 
465 8 0 0 0 0 0 0 0 0 0 0 0 
466 8 0 0 0 0 0 0 0 0 0 0 0 
467 8 0 0 0 0 0 0 0 0 0 0 0 
468 8 0 0 0 0 0 0 0 0 0 0 0 
469 8 -1 0 2 2 6 12 8 3 1 32 742 
470 8 -1 14 14 0 0 14 1 0 0 18 5 
471 8 0 0 0 0 0 0 0 0 0 0 0 
472 8 0 0 0 0 0 0 0 0 0 0 0 
473 8 0 0 0 0 0 0 0 0 0 0 0 
474 8 0 0 0 0 0 0 0 0 0 0 0 
475 8 -1 1 9 0 0 6 4 0 0 6 -7 
476 8 150 0 0 0 0 0 0 0 0 0 0 
477 8 0 0 0 0 0 0 0 0 0 0 0 
478 8 0 0 0 0 0 0 0 0 0 0 0 
479 8 0 0 0 0 0 0 0 0 0 0 0 
480 8 0 0 0 0 0 0 0 0 0 0 0 
481 8 0 0 0 0 0 0 0 0 0 0 0 
482 8 0 0 0 0 0 0 0 0 0 0 0 
483 8 0 0 0 0 0 0 0 0 0 0 0 
484 8 0 0 0 0 0 0 0 0 0 0 0 
485 8 0 0 0 0 0 0 0 0 0 0 0 
486 8 0 0 0 0 0 0 0 0 0 0 0 
487 8 0 0 0 0 0 0 0 0 0 0 0 
488 8 0 0 0 0 0 0 0 0 0 0 0 
489 8 0 0 0 0 0 0 0 0 0 0 0 
490 8 0 0 0 0 0 0 0 0 0 0 0 
491 8 0 0 0 0 0 0 0 0 0 0 0 
492 8 0 0 0 0 0 0 0 0 0 0 0 
493 8 -1 4 5 3 0 8 9 5 5 32 -2810 
494 8 -1 1 2 2 5 14 14 1 1 32 774 
495 8 0 0 0 0 0 0 0 0 0 0 0 
496 8 0 0 0 0 0 0 0 0 0 0 0 
497 8 -1 3 2 1 0 7 8 8 7 32 -5450 
498 8 -1 6 3 1 3 9 11 5 3 32 -606 
499 8 0 0 0 0 0 0 0 0 0 0 0 
500 8 0 0 0 0 0 0 0 0 0 0 0 
501 8 0 0 0 0 0 0 0 0 0 0 0 
502 8 0 0 0 0 0 0 0 0 0 0 0 
503 8 0 0 0 0 0 0 0 0 0 0 0 
504 8 0 0 0 0 0 0 0 0 0 0 0 
505 8 0 0 0 0 0 0 0 0 0 0 0 
506 8 0 0 0 0 0 0 0 0 0 0 0 
507 8 0 0 0 0 0 0 0 0 0 0 0 
508 8 0 0 0 0 0 0 0 0 0 0 0 
509 8 0 0 0 0 0 0 0 0 0 0 0 
510 8 0 0 0 0 0 0 0 0 0 0 0 
511 9 -1 5 11 0 0 15 4 0 0 6 47 
512 9 2 0 0 0 0 0 0 0 0 0 0 
513 9 0 0 0 0 0 0 0 0 0 0 0 
514 9 0 0 0 0 0 0 0 0 0 0 0 
515 9 -1 8 15 0 0 2 1 0 0 1 -14 
516 9 -1 5 12 0 0 8 1 0 0 0 -23 
517 9 8 0 0 0 0 0 0 0 0 0 0 
518 9 -1 4 4 4 1 14 7 1 7 32 -351 
519 9 11 0 0 0 0 0 0 0 0 0 0 
520 9 -1 14 12 0 0 6 9 0 0 6 -6 
521 9 14 0 0 0 0 0 0 0 0 0 0 
522 9 15 0 0 0 0 0 0 0 0 0 0 
523 9 -1 3 3 2 1 10 14 2 1 32 4 
524 9 -1 11 13 0 0 15 4 0 0 5 1 
525 9 -1 13 4 0 0 15 0 0 0 4 -36 
526 9 22 0 0 0 0 0 0 0 0 0 0 
527 9 0 0 0 0 0 0 0 0 0 0 0 
528 9 0 0 0 0 0 0 0 0 0 0 0 
529 9 0 0 0 0 0 0 0 0 0 0 0 
530 9 0 0 0 0 0 0 0 0 0 0 0 
531 9 24 0 0 0 0 0 0 0 0 0 0 
532 9 -1 1 3 0 0 15 14 0 0 3 29 
533 9 0 0 0 0 0 0 0 0 0 0 0 
534 9 0 0 0 0 0 0 0 0 0 0 0 
535 9 0 0 0 0 0 0 0 0 0 0 0 
536 9 0 0 0 0 0 0 0 0 0 0 0 
537 9 29 0 0 0 0 0 0 0 0 0 0 
538 9 30 0 0 0 0 0 0 0 0 0 0 
539 9 0 0 0 0 0 0 0 0 0 0 0 
540 9 0 0 0 0 0 0 0 0 0 0 0 
541 9 0 0 0 0 0 0 0 0 0 0 0 
542 9 0 0 0 0 0 0 0 0 0 0 0 
543 9 0 0 0 0 0 0 0 0 0 0 0 
544 9 0 0 0 0 0 0 0 0 0 0 0 
545 9 0 0 0 0 0 0 0 0 0 0 0 
546 9 0 0 0 0 0 0 0 0 0 0 0 
547 9 0 0 0 0 0 0 0 0 0 0 0 
548 9 0 0 0 0 0 0 0 0 0 0 0 
549 9 0 0 0 0 0 0 0 0 0 0 0 
550 9 0 0 0 0 0 0 0 0 0 0 0 
551 9 0 0 0 0 0 0 0 0 0 0 0 
552 9 0 0 0 0 0 0 0 0 0 0 0 
553 9 -1 0 6 3 0 14 6 1 7 32 -464 
554 9 36 0 0 0 0 0 0 0 0 0 0 
555 9 0 0 0 0 0 0 0 0 0 0 0 
556 9 0 0 0 0 0 0 0 0 0 0 0 
557 9 0 0 0 0 0 0 0 0 0 0 0 
558 9 0 0 0 0 0 0 0 0 0 0 0 
559 9 0 0 0 0 0 0 0 0 0 0 0 
560 9 0 0 0 0 0 0 0 0 0 0 0 
561 9 0 0 0 0 0 0 0 0 0 0 0 
562 9 0 0 0 0 0 0 0 0 0 0 0 
563 9 0 0 0 0 0 0 0 0 0 0 0 
564 9 0 0 0 0 0 0 0 0 0 0 0 
565 9 0 0 0 0 0 0 0 0 0 0 0 
566 9 0 0 0 0 0 0 0 0 0 0 0 
567 9 0 0 0 0 0 0 0 0 0 0 0 
568 9 0 0 0 0 0 0 0 0 0 0 0 
569 9 0 0 0 0 0 0 0 0 0 0 0 
570 9 0 0 0 0 0 0 0 0 0 0 0 
571 9 0 0 0 0 0 0 0 0 0 0 0 
572 9 0 0 0 0 0 0 0 0 0 0 0 
573 9 0 0 0 0 0 0 0 0 0 0 0 
574 9 0 0 0 0 0 0 0 0 0 0 0 
575 9 0 0 0 0 0 0 0 0 0 0 0 
576 9 0 0 0 0 0 0 0 0 0 0 0 
577 9 0 0 0 0 0 0 0 0 0 0 0 
578 9 0 0 0 0 0 0 0 0 0 0 0 
579 9 0 0 0 0 0 0 0 0 0 0 0 
580 9 0 0 0 0 0 0 0 0 0 0 0 
581 9 0 0 0 0 0 0 0 0 0 0 0 
582 9 0 0 0 0 0 0 0 0 0 0 0 
583 9 0 0 0 0 0 0 0 0 0 0 0 
584 9 0 0 0 0 0 0 0 0 0 0 0 
585 9 0 0 0 0 0 0 0 0 0 0 0 
586 9 0 0 0 0 0 0 0 0 0 0 0 
587 9 0 0 0 0 0 0 0 0 0 0 0 
588 9 0 0 0 0 0 0 0 0 0 0 0 
589 9 0 0 0 0 0 0 0 0 0 0 0 
590 9 0 0 0 0 0 0 0 0 0 0 0 
591 9 0 0 0 0 0 0 0 0 0 0 0 
592 9 0 0 0 0 0 0 0 0 0 0 0 
593 9 0 0 0 0 0 0 0 0 0 0 0 
594 9 0 0 0 0 0 0 0 0 0 0 0 
595 9 0 0 0 0 0 0 0 0 0 0 0 
596 9 0 0 0 0 0 0 0 0 0 0 0 
597 9 0 0 0 0 0 0 0 0 0 0 0 
598 9 0 0 0 0 0 0 0 0 0 0 0 
599 9 0 0 0 0 0 0 0 0 0 0 0 
600 9 0 0 0 0 0 0 0 0 0 0 0 
601 9 0 0 0 0 0 0 0 0 0 0 0 
602 9 0 0 0 0 0 0 0 0 0 0 0 
603 9 0 0 0 0 0 0 0 0 0 0 0 
604 9 0 0 0 0 0 0 0 0 0 0 0 
605 9 0 0 0 0 0 0 0 0 0 0 0 
606 9 0 0 0 0 0 0 0 0 0 0 0 
607 9 45 0 0 0 0 0 0 0 0 0 0 
608 9 46 0 0 0 0 0 0 0 0 0 0 
609 9 0 0 0 0 0 0 0 0 0 0 0 
610 9 0 0 0 0 0 0 0 0 0 0 0 
611 9 0 0 0 0 0 0 0 0 0 0 0 
612 9 0 0 0 0 0 0 0 0 0 0 0 
613 9 -1 6 1 0 0 13 13 0 0 6 44 
614 9 51 0 0 0 0 0 0 0 0 0 0 
615 9 52 0 0 0 0 0 0 0 0 0 0 
616 9 53 0 0 0 0 0 0 0 0 0 0 
617 9 0 0 0 0 0 0 0 0 0 0 0 
618 9 0 0 0 0 0 0 0 0 0 0 0 
619 9 0 0 0 0 0 0 0 0 0 0 0 
620 9 0 0 0 0 0 0 0 0 0 0 0 
621 9 0 0 0 0 0 0 0 0 0 0 0 
622 9 0 0 0 0 0 0 0 0 0 0 0 
623 9 0 0 0 0 0 0 0 0 0 0 0 
624 9 0 0 0 0 0 0 0 0 0 0 0 
625 9 0 0 0 0 0 0 0 0 0 0 0 
626 9 0 0 0 0 0 0 0 0 0 0 0 
627 9 59 0 0 0 0 0 0 0 0 0 0 
628 9 60 0 0 0 0 0 0 0 0 0 0 
629 9 0 0 0 0 0 0 0 0 0 0 0 
630 9 0 0 0 0 0 0 0 0 0 0 0 
631 9 0 0 0 0 0 0 0 0 0 0 0 
632 9 0 0 0 0 0 0 0 0 0 0 0 
633 9 0 0 0 0 0 0 0 0 0 0 0 
634 9 0 0 0 0 0 0 0 0 0 0 0 
635 9 0 0 0 0 0 0 0 0 0 0 0 
636 9 0 0 0 0 0 0 0 0 0 0 0 
637 9 0 0 0 0 0 0 0 0 0 0 0 
638 9 0 0 0 0 0 0 0 0 0 0 0 
639 9 0 0 0 0 0 0 0 0 0 0 0 
640 9 0 0 0 0 0 0 0 0 0 0 0 
641 9 -1 6 6 0 0 1 8 0 0 5 12 
642 9 66 0 0 0 0 0 0 0 0 0 0 
643 9 0 0 0 0 0 0 0 0 0 0 0 
644 9 0 0 0 0 0 0 0 0 0 0 0 
645 9 0 0 0 0 0 0 0 0 0 0 0 
646 9 0 0 0 0 0 0 0 0 0 0 0 
647 9 0 0 0 0 0 0 0 0 0 0 0 
648 9 0 0 0 0 0 0 0 0 0 0 0 
649 9 -1 1 6 5 1 6 13 3 2 32 -122 
650 9 -1 2 4 3 1 10 11 4 3 32 -250 
651 9 0 0 0 0 0 0 0 0 0 0 0 
652 9 0 0 0 0 0 0 0 0 0 0 0 
653 9 0 0 0 0 0 0 0 0 0 0 0 
654 9 0 0 0 0 0 0 0 0 0 0 0 
655 9 0 0 0 0 0 0 0 0 0 0 0 
656 9 0 0 0 0 0 0 0 0 0 0 0 
657 9 0 0 0 0 0 0 0 0 0 0 0 
658 9 0 0 0 0 0 0 0 0 0 0 0 
659 9 75 0 0 0 0 0 0 0 0 0 0 
660 9 76 0 0 0 0 0 0 0 0 0 0 
661 9 0 0 0 0 0 0 0 0 0 0 0 
662 9 0 0 0 0 0 0 0 0 0 0 0 
663 9 0 0 0 0 0 0 0 0 0 0 0 
664 9 0 0 0 0 0 0 0 0 0 0 0 
665 9 0 0 0 0 0 0 0 0 0 0 0 
666 9 0 0 0 0 0 0 0 0 0 0 0 
667 9 0 0 0 0 0 0 0 0 0 0 0 
668 9 0 0 0 0 0 0 0 0 0 0 0 
669 9 0 0 0 0 0 0 0 0 0 0 0 
670 9 0 0 0 0 0 0 0 0 0 0 0 
671 9 0 0 0 0 0 0 0 0 0 0 0 
672 9 0 0 0 0 0 0 0 0 0 0 0 
673 9 0 0 0 0 0 0 0 0 0 0 0 
674 9 0 0 0 0 0 0 0 0 0 0 0 
675 9 0 0 0 0 0 0 0 0 0 0 0 
676 9 0 0 0 0 0 0 0 0 0 0 0 
677 9 0 0 0 0 0 0 0 0 0 0 0 
678 9 0 0 0 0 0 0 0 0 0 0 0 
679 9 0 0 0 0 0 0 0 0 0 0 0 
680 9 0 0 0 0 0 0 0 0 0 0 0 
681 9 0 0 0 0 0 0 0 0 0 0 0 
682 9 0 0 0 0 0 0 0 0 0 0 0 
683 9 83 0 0 0 0 0 0 0 0 0 0 
684 9 -1 5 3 2 6 14 12 1 2 32 -164 
685 9 0 0 0 0 0 0 0 0 0 0 0 
686 9 0 0 0 0 0 0 0 0 0 0 0 
687 9 87 0 0 0 0 0 0 0 0 0 0 
688 9 88 0 0 0 0 0 0 0 0 0 0 
689 9 0 0 0 0 0 0 0 0 0 0 0 
690 9 0 0 0 0 0 0 0 0 0 0 0 
691 9 0 0 0 0 0 0 0 0 0 0 0 
692 9 0 0 0 0 0 0 0 0 0 0 0 
693 9 0 0 0 0 0 0 0 0 0 0 0 
694 9 0 0 0 0 0 0 0 0 0 0 0 
695 9 0 0 0 0 0 0 0 0 0 0 0 
696 9 0 0 0 0 0 0 0 0 0 0 0 
697 9 0 0 0 0 0 0 0 0 0 0 0 
698 9 0 0 0 0 0 0 0 0 0 0 0 
699 9 0 0 0 0 0 0 0 0 0 0 0 
700 9 0 0 0 0 0 0 0 0 0 0 0 
701 9 0 0 0 0 0 0 0 0 0 0 0 
702 9 0 0 0 0 0 0 0 0 0 0 0 
703 9 -1 15 10 0 0 15 12 0 0 1 1 
704 9 -1 4 6 2 3 6 12 7 2 32 -14 
705 9 0 0 0 0 0 0 0 0 0 0 0 
706 9 0 0 0 0 0 0 0 0 0 0 0 
707 9 0 0 0 0 0 0 0 0 0 0 0 
708 9 0 0 0 0 0 0 0 0 0 0 0 
709 9 0 0 0 0 0 0 0 0 0 0 0 
710 9 0 0 0 0 0 0 0 0 0 0 0 
711 9 0 0 0 0 0 0 0 0 0 0 0 
712 9 0 0 0 0 0 0 0 0 0 0 0 
713 9 0 0 0 0 0 0 0 0 0 0 0 
714 9 0 0 0 0 0 0 0 0 0 0 0 
715 9 0 0 0 0 0 0 0 0 0 0 0 
716 9 0 0 0 0 0 0 0 0 0 0 0 
717 9 0 0 0 0 0 0 0 0 0 0 0 
718 9 0 0 0 0 0 0 0 0 0 0 0 
719 9 101 0 0 0 0 0 0 0 0 0 0 
720 9 -1 6 3 6 4 13 12 1 3 32 49 
721 9 104 0 0 0 0 0 0 0 0 0 0 
722 9 -1 1 13 0 0 13 1 0 0 0 5 
723 9 0 0 0 0 0 0 0 0 0 0 0 
724 9 0 0 0 0 0 0 0 0 0 0 0 
725 9 0 0 0 0 0 0 0 0 0 0 0 
726 9 0 0 0 0 0 0 0 0 0 0 0 
727 9 -1 9 6 0 0 15 10 0 0 1 -14 
728 9 -1 1 1 0 0 11 3 0 0 3 -16 
729 9 112 0 0 0 0 0 0 0 0 0 0 
730 9 -1 10 0 0 0 1 1 0 0 24 -35 
731 9 0 0 0 0 0 0 0 0 0 0 0 
732 9 0 0 0 0 0 0 0 0 0 0 0 
733 9 116 0 0 0 0 0 0 0 0 0 0 
734 9 -1 1 7 0 0 14 9 0 0 17 -24 
735 9 0 0 0 0 0 0 0 0 0 0 0 
736 9 0 0 0 0 0 0 0 0 0 0 0 
737 9 0 0 0 0 0 0 0 0 0 0 0 
738 9 0 0 0 0 0 0 0 0 0 0 0 
739 9 0 0 0 0 0 0 0 0 0 0 0 
740 9 0 0 0 0 0 0 0 0 0 0 0 
741 9 0 0 0 0 0 0 0 0 0 0 0 
742 9 0 0 0 0 0 0 0 0 0 0 0 
743 9 0 0 0 0 0 0 0 0 0 0 0 
744 9 0 0 0 0 0 0 0 0 0 0 0 
745 9 0 0 0 0 0 0 0 0 0 0 0 
746 9 0 0 0 0 0 0 0 0 0 0 0 
747 9 0 0 0 0 0 0 0 0 0 0 0 
748 9 0 0 0 0 0 0 0 0 0 0 0 
749 9 0 0 0 0 0 0 0 0 0 0 0 
750 9 0 0 0 0 0 0 0 0 0 0 0 
751 9 0 0 0 0 0 0 0 0 0 0 0 
752 9 0 0 0 0 0 0 0 0 0 0 0 
753 9 0 0 0 0 0 0 0 0 0 0 0 
754 9 0 0 0 0 0 0 0 0 0 0 0 
755 9 0 0 0 0 0 0 0 0 0 0 0 
756 9 0 0 0 0 0 0 0 0 0 0 0 
757 9 0 0 0 0 0 0 0 0 0 0 0 
758 9 0 0 0 0 0 0 0 0 0 0 0 
759 9 0 0 0 0 0 0 0 0 0 0 0 
760 9 0 0 0 0 0 0 0 0 0 0 0 
761 9 0 0 0 0 0 0 0 0 0 0 0 
762 9 0 0 0 0 0 0 0 0 0 0 0 
763 9 0 0 0 0 0 0 0 0 0 0 0 
764 9 0 0 0 0 0 0 0 0 0 0 0 
765 9 0 0 0 0 0 0 0 0 0 0 0 
766 9 0 0 0 0 0 0 0 0 0 0 0 
767 9 0 0 0 0 0 0 0 0 0 0 0 
768 9 0 0 0 0 0 0 0 0 0 0 0 
769 9 0 0 0 0 0 0 0 0 0 0 0 
770 9 0 0 0 0 0 0 0 0 0 0 0 
771 9 0 0 0 0 0 0 0 0 0 0 0 
772 9 0 0 0 0 0 0 0 0 0 0 0 
773 9 0 0 0 0 0 0 0 0 0 0 0 
774 9 0 0 0 0 0 0 0 0 0 0 0 
775 9 0 0 0 0 0 0 0 0 0 0 0 
776 9 0 0 0 0 0 0 0 0 0 0 0 
777 9 0 0 0 0 0 0 0 0 0 0 0 
778 9 0 0 0 0 0 0 0 0 0 0 0 
779 9 0 0 0 0 0 0 0 0 0 0 0 
780 9 0 0 0 0 0 0 0 0 0 0 0 
781 9 0 0 0 0 0 0 0 0 0 0 0 
782 9 0 0 0 0 0 0 0 0 0 0 0 
783 9 0 0 0 0 0 0 0 0 0 0 0 
784 9 0 0 0 0 0 0 0 0 0 0 0 
785 9 0 0 0 0 0 0 0 0 0 0 0 
786 9 0 0 0 0 0 0 0 0 0 0 0 
787 9 0 0 0 0 0 0 0 0 0 0 0 
788 9 0 0 0 0 0 0 0 0 0 0 0 
789 9 0 0 0 0 0 0 0 0 0 0 0 
790 9 0 0 0 0 0 0 0 0 0 0 0 
791 9 0 0 0 0 0 0 0 0 0 0 0 
792 9 0 0 0 0 0 0 0 0 0 0 0 
793 9 0 0 0 0 0 0 0 0 0 0 0 
794 9 0 0 0 0 0 0 0 0 0 0 0 
795 9 0 0 0 0 0 0 0 0 0 0 0 
796 9 0 0 0 0 0 0 0 0 0 0 0 
797 9 127 0 0 0 0 0 0 0 0 0 0 
798 9 128 0 0 0 0 0 0 0 0 0 0 
799 9 0 0 0 0 0 0 0 0 0 0 0 
800 9 0 0 0 0 0 0 0 0 0 0 0 
801 9 0 0 0 0 0 0 0 0 0 0 0 
802 9 0 0 0 0 0 0 0 0 0 0 0 
803 9 0 0 0 0 0 0 0 0 0 0 0 
804 9 0 0 0 0 0 0 0 0 0 0 0 
805 9 0 0 0 0 0 0 0 0 0 0 0 
806 9 0 0 0 0 0 0 0 0 0 0 0 
807 9 0 0 0 0 0 0 0 0 0 0 0 
808 9 0 0 0 0 0 0 0 0 0 0 0 
809 9 0 0 0 0 0 0 0 0 0 0 0 
810 9 0 0 0 0 0 0 0 0 0 0 0 
811 9 0 0 0 0 0 0 0 0 0 0 0 
812 9 0 0 0 0 0 0 0 0 0 0 0 
813 9 0 0 0 0 0 0 0 0 0 0 0 
814 9 0 0 0 0 0 0 0 0 0 0 0 
815 9 0 0 0 0 0 0 0 0 0 0 0 
816 9 0 0 0 0 0 0 0 0 0 0 0 
817 9 0 0 0 0 0 0 0 0 0 0 0 
818 9 0 0 0 0 0 0 0 0 0 0 0 
819 9 0 0 0 0 0 0 0 0 0 0 0 
820 9 0 0 0 0 0 0 0 0 0 0 0 
821 9 0 0 0 0 0 0 0 0 0 0 0 
822 9 0 0 0 0 0 0 0 0 0 0 0 
823 9 0 0 0 0 0 0 0 0 0 0 0 
824 9 0 0 0 0 0 0 0 0 0 0 0 
825 9 0 0 0 0 0 0 0 0 0 0 0 
826 9 0 0 0 0 0 0 0 0 0 0 0 
827 9 0 0 0 0 0 0 0 0 0 0 0 
828 9 0 0 0 0 0 0 0 0 0 0 0 
829 9 0 0 0 0 0 0 0 0 0 0 0 
830 9 0 0 0 0 0 0 0 0 0 0 0 
831 9 0 0 0 0 0 0 0 0 0 0 0 
832 9 0 0 0 0 0 0 0 0 0 0 0 
833 9 0 0 0 0 0 0 0 0 0 0 0 
834 9 0 0 0 0 0 0 0 0 0 0 0 
835 9 0 0 0 0 0 0 0 0 0 0 0 
836 9 0 0 0 0 0 0 0 0 0 0 0 
837 9 0 0 0 0 0 0 0 0 0 0 0 
838 9 0 0 0 0 0 0 0 0 0 0 0 
839 9 0 0 0 0 0 0 0 0 0 0 0 
840 9 0 0 0 0 0 0 0 0 0 0 0 
841 9 0 0 0 0 0 0 0 0 0 0 0 
842 9 0 0 0 0 0 0 0 0 0 0 0 
843 9 0 0 0 0 0 0 0 0 0 0 0 
844 9 0 0 0 0 0 0 0 0 0 0 0 
845 9 0 0 0 0 0 0 0 0 0 0 0 
846 9 0 0 0 0 0 0 0 0 0 0 0 
847 9 0 0 0 0 0 0 0 0 0 0 0 
848 9 0 0 0 0 0 0 0 0 0 0 0 
849 9 0 0 0 0 0 0 0 0 0 0 0 
850 9 0 0 0 0 0 0 0 0 0 0 0 
851 9 0 0 0 0 0 0 0 0 0 0 0 
852 9 0 0 0 0 0 0 0 0 0 0 0 
853 9 0 0 0 0 0 0 0 0 0 0 0 
854 9 0 0 0 0 0 0 0 0 0 0 0 
855 9 0 0 0 0 0 0 0 0 0 0 0 
856 9 0 0 0 0 0 0 0 0 0 0 0 
857 9 0 0 0 0 0 0 0 0 0 0 0 
858 9 0 0 0 0 0 0 0 0 0 0 0 
859 9 0 0 0 0 0 0 0 0 0 0 0 
860 9 0 0 0 0 0 0 0 0 0 0 0 
861 9 0 0 0 0 0 0 0 0 0 0 0 
862 9 0 0 0 0 0 0 0 0 0 0 0 
863 9 0 0 0 0 0 0 0 0 0 0 0 
864 9 0 0 0 0 0 0 0 0 0 0 0 
865 9 0 0 0 0 0 0 0 0 0 0 0 
866 9 0 0 0 0 0 0 0 0 0 0 0 
867 9 0 0 0 0 0 0 0 0 0 0 0 
868 9 0 0 0 0 0 0 0 0 0 0 0 
869 9 0 0 0 0 0 0 0 0 0 0 0 
870 9 0 0 0 0 0 0 0 0 0 0 0 
871 9 0 0 0 0 0 0 0 0 0 0 0 
872 9 0 0 0 0 0 0 0 0 0 0 0 
873 9 0 0 0 0 0 0 0 0 0 0 0 
874 9 0 0 0 0 0 0 0 0 0 0 0 
875 9 0 0 0 0 0 0 0 0 0 0 0 
876 9 0 0 0 0 0 0 0 0 0 0 0 
877 9 0 0 0 0 0 0 0 0 0 0 0 
878 9 0 0 0 0 0 0 0 0 0 0 0 
879 9 0 0 0 0 0 0 0 0 0 0 0 
880 9 0 0 0 0 0 0 0 0 0 0 0 
881 9 0 0 0 0 0 0 0 0 0 0 0 
882 9 0 0 0 0 0 0 0 0 0 0 0 
883 9 0 0 0 0 0 0 0 0 0 0 0 
884 9 0 0 0 0 0 0 0 0 0 0 0 
885 9 0 0 0 0 0 0 0 0 0 0 0 
886 9 0 0 0 0 0 0 0 0 0 0 0 
887 9 0 0 0 0 0 0 0 0 0 0 0 
888 9 0 0 0 0 0 0 0 0 0 0 0 
889 9 0 0 0 0 0 0 0 0 0 0 0 
890 9 0 0 0 0 0 0 0 0 0 0 0 
891 9 0 0 0 0 0 0 0 0 0 0 0 
892 9 0 0 0 0 0 0 0 0 0 0 0 
893 9 0 0 0 0 0 0 0 0 0 0 0 
894 9 0 0 0 0 0 0 0 0 0 0 0 
895 9 0 0 0 0 0 0 0 0 0 0 0 
896 9 0 0 0 0 0 0 0 0 0 0 0 
897 9 0 0 0 0 0 0 0 0 0 0 0 
898 9 0 0 0 0 0 0 0 0 0 0 0 
899 9 0 0 0 0 0 0 0 0 0 0 0 
900 9 0 0 0 0 0 0 0 0 0 0 0 
901 9 0 0 0 0 0 0 0 0 0 0 0 
902 9 0 0 0 0 0 0 0 0 0 0 0 
903 9 0 0 0 0 0 0 0 0 0 0 0 
904 9 0 0 0 0 0 0 0 0 0 0 0 
905 9 0 0 0 0 0 0 0 0 0 0 0 
906 9 0 0 0 0 0 0 0 0 0 0 0 
907 9 0 0 0 0 0 0 0 0 0 0 0 
908 9 0 0 0 0 0 0 0 0 0 0 0 
909 9 0 0 0 0 0 0 0 0 0 0 0 
910 9 0 0 0 0 0 0 0 0 0 0 0 
911 9 0 0 0 0 0 0 0 0 0 0 0 
912 9 0 0 0 0 0 0 0 0 0 0 0 
913 9 0 0 0 0 0 0 0 0 0 0 0 
914 9 0 0 0 0 0 0 0 0 0 0 0 
915 9 0 0 0 0 0 0 0 0 0 0 0 
916 9 0 0 0 0 0 0 0 0 0 0 0 
917 9 0 0 0 0 0 0 0 0 0 0 0 
918 9 0 0 0 0 0 0 0 0 0 0 0 
919 9 0 0 0 0 0 0 0 0 0 0 0 
920 9 0 0 0 0 0 0 0 0 0 0 0 
921 9 0 0 0 0 0 0 0 0 0 0 0 
922 9 0 0 0 0 0 0 0 0 0 0 0 
923 9 0 0 0 0 0 0 0 0 0 0 0 
924 9 0 0 0 0 0 0 0 0 0 0 0 
925 9 0 0 0 0 0 0 0 0 0 0 0 
926 9 0 0 0 0 0 0 0 0 0 0 0 
927 9 0 0 0 0 0 0 0 0 0 0 0 
928 9 0 0 0 0 0 0 0 0 0 0 0 
929 9 0 0 0 0 0 0 0 0 0 0 0 
930 9 0 0 0 0 0 0 0 0 0 0 0 
931 9 0 0 0 0 0 0 0 0 0 0 0 
932 9 0 0 0 0 0 0 0 0 0 0 0 
933 9 0 0 0 0 0 0 0 0 0 0 0 
934 9 0 0 0 0 0 0 0 0 0 0 0 
935 9 0 0 0 0 0 0 0 0 0 0 0 
936 9 0 0 0 0 0 0 0 0 0 0 0 
937 9 0 0 0 0 0 0 0 0 0 0 0 
938 9 0 0 0 0 0 0 0 0 0 0 0 
939 9 -1 6 1 3 2 12 7 3 4 32 -790 
940 9 142 0 0 0 0 0 0 0 0 0 0 
941 9 -1 5 3 0 0 0 2 0 0 3 -5 
942 9 145 0 0 0 0 0 0 0 0 0 0 
943 9 0 0 0 0 0 0 0 0 0 0 0 
944 9 0 0 0 0 0 0 0 0 0 0 0 
945 9 0 0 0 0 0 0 0 0 0 0 0 
946 9 0 0 0 0 0 0 0 0 0 0 0 
947 9 0 0 0 0 0 0 0 0 0 0 0 
948 9 0 0 0 0 0 0 0 0 0 0 0 
949 9 0 0 0 0 0 0 0 0 0 0 0 
950 9 0 0 0 0 0 0 0 0 0 0 0 
951 9 147 0 0 0 0 0 0 0 0 0 0 
952 9 -1 5 5 2 2 12 8 1 2 32 4 
953 9 0 0 0 0 0 0 0 0 0 0 0 
954 9 0 0 0 0 0 0 0 0 0 0 0 
955 9 0 0 0 0 0 0 0 0 0 0 0 
956 9 0 0 0 0 0 0 0 0 0 0 0 
957 9 0 0 0 0 0 0 0 0 0 0 0 
958 9 0 0 0 0 0 0 0 0 0 0 0 
959 9 0 0 0 0 0 0 0 0 0 0 0 
960 9 0 0 0 0 0 0 0 0 0 0 0 
961 9 0 0 0 0 0 0 0 0 0 0 0 
962 9 0 0 0 0 0 0 0 0 0 0 0 
963 9 0 0 0 0 0 0 0 0 0 0 0 
964 9 0 0 0 0 0 0 0 0 0 0 0 
965 9 0 0 0 0 0 0 0 0 0 0 0 
966 9 0 0 0 0 0 0 0 0 0 0 0 
967 9 0 0 0 0 0 0 0 0 0 0 0 
968 9 0 0 0 0 0 0 0 0 0 0 0 
969 9 0 0 0 0 0 0 0 0 0 0 0 
970 9 0 0 0 0 0 0 0 0 0 0 0 
971 9 0 0 0 0 0 0 0 0 0 0 0 
972 9 0 0 0 0 0 0 0 0 0 0 0 
973 9 0 0 0 0 0 0 0 0 0 0 0 
974 9 0 0 0 0 0 0 0 0 0 0 0 
975 9 0 0 0 0 0 0 0 0 0 0 0 
976 9 0 0 0 0 0 0 0 0 0 0 0 
977 9 0 0 0 0 0 0 0 0 0 0 0 
978 9 0 0 0 0 0 0 0 0 0 0 0 
979 9 0 0 0 0 0 0 0 0 0 0 0 
980 9 0 0 0 0 0 0 0 0 0 0 0 
981 9 0 0 0 0 0 0 0 0 0 0 0 
982 9 0 0 0 0 0 0 0 0 0 0 0 
983 9 0 0 0 0 0 0 0 0 0 0 0 
984 9 0 0 0 0 0 0 0 0 0 0 0 
985 9 0 0 0 0 0 0 0 0 0 0 0 
986 9 0 0 0 0 0 0 0 0 0 0 0 
987 9 155 0 0 0 0 0 0 0 0 0 0 
988 9 156 0 0 0 0 0 0 0 0 0 0 
989 9 157 0 0 0 0 0 0 0 0 0 0 
990 9 -1 12 15 0 0 9 7 0 0 17 -2 
991 9 0 0 0 0 0 0 0 0 0 0 0 
992 9 0 0 0 0 0 0 0 0 0 0 0 
993 9 0 0 0 0 0 0 0 0 0 0 0 
994 9 0 0 0 0 0 0 0 0 0 0 0 
995 9 161 0 0 0 0 0 0 0 0 0 0 
996 9 162 0 0 0 0 0 0 0 0 0 0 
997 9 -1 0 5 1 4 3 14 9 1 32 -13 
998 9 -1 1 3 5 2 10 6 2 9 32 -970 
999 9 0 0 0 0 0 0 0 0 0 0 0 
1000 9 0 0 0 0 0 0 0 0 0 0 0 
1001 9 0 0 0 0 0 0 0 0 0 0 0 
1002 9 0 0 0 0 0 0 0 0 0 0 0 
1003 9 0 0 0 0 0 0 0 0 0 0 0 
1004 9 0 0 0 0 0 0 0 0 0 0 0 
1005 9 0 0 0 0 0 0 0 0 0 0 0 
1006 9 0 0 0 0 0 0 0 0 0 0 0 
1007 9 0 0 0 0 0 0 0 0 0 0 0 
1008 9 0 0 0 0 0 0 0 0 0 0 0 
1009 9 0 0 0 0 0 0 0 0 0 0 0 
1010 9 0 0 0 0 0 0 0 0 0 0 0 
1011 9 0 0 0 0 0 0 0 0 0 0 0 
1012 9 0 0 0 0 0 0 0 0 0 0 0 
1013 9 0 0 0 0 0 0 0 0 0 0 0 
1014 9 0 0 0 0 0 0 0 0 0 0 0 
1015 9 0 0 0 0 0 0 0 0 0 0 0 
1016 9 0 0 0 0 0 0 0 0 0 0 0 
1017 9 0 0 0 0 0 0 0 0 0 0 0 
1018 9 0 0 0 0 0 0 0 0 0 0 0 
1019 9 0 0 0 0 0 0 0 0 0 0 0 
1020 9 0 0 0 0 0 0 0 0 0 0 0 
1021 9 0 0 0 0 0 0 0 0 0 0 0 
1022 9 0 0 0 0 0 0 0 0 0 0 0 
1023 10 0 0 0 0 0 0 0 0 0 0 0 
1024 10 1 0 0 0 0 0 0 0 0 0 0 
1025 10 0 0 0 0 0 0 0 0 0 0 0 
1026 10 0 0 0 0 0 0 0 0 0 0 0 
1027 10 0 0 0 0 0 0 0 0 0 0 0 
1028 10 0 0 0 0 0 0 0 0 0 0 0 
1029 10 0 0 0 0 0 0 0 0 0 0 0 
1030 10 0 0 0 0 0 0 0 0 0 0 0 
1031 10 4 0 0 0 0 0 0 0 0 0 0 
1032 10 5 0 0 0 0 0 0 0 0 0 0 
1033 10 6 0 0 0 0 0 0 0 0 0 0 
1034 10 7 0 0 0 0 0 0 0 0 0 0 
1035 10 0 0 0 0 0 0 0 0 0 0 0 
1036 10 0 0 0 0 0 0 0 0 0 0 0 
1037 10 9 0 0 0 0 0 0 0 0 0 0 
1038 10 10 0 0 0 0 0 0 0 0 0 0 
1039 10 0 0 0 0 0 0 0 0 0 0 0 
1040 10 0 0 0 0 0 0 0 0 0 0 0 
1041 10 12 0 0 0 0 0 0 0 0 0 0 
1042 10 13 0 0 0 0 0 0 0 0 0 0 
1043 10 0 0 0 0 0 0 0 0 0 0 0 
1044 10 0 0 0 0 0 0 0 0 0 0 0 
1045 10 0 0 0 0 0 0 0 0 0 0 0 
1046 10 0 0 0 0 0 0 0 0 0 0 0 
1047 10 16 0 0 0 0 0 0 0 0 0 0 
1048 10 17 0 0 0 0 0 0 0 0 0 0 
1049 10 18 0 0 0 0 0 0 0 0 0 0 
1050 10 19 0 0 0 0 0 0 0 0 0 0 
1051 10 20 0 0 0 0 0 0 0 0 0 0 
1052 10 21 0 0 0 0 0 0 0 0 0 0 
1053 10 0 0 0 0 0 0 0 0 0 0 0 
1054 10 0 0 0 0 0 0 0 0 0 0 0 
1055 10 0 0 0 0 0 0 0 0 0 0 0 
1056 10 0 0 0 0 0 0 0 0 0 0 0 
1057 10 0 0 0 0 0 0 0 0 0 0 0 
1058 10 0 0 0 0 0 0 0 0 0 0 0 
1059 10 0 0 0 0 0 0 0 0 0 0 0 
1060 10 0 0 0 0 0 0 0 0 0 0 0 
1061 10 0 0 0 0 0 0 0 0 0 0 0 
1062 10 0 0 0 0 0 0 0 0 0 0 0 
1063 10 0 0 0 0 0 0 0 0 0 0 0 
1064 10 0 0 0 0 0 0 0 0 0 0 0 
1065 10 25 0 0 0 0 0 0 0 0 0 0 
1066 10 26 0 0 0 0 0 0 0 0 0 0 
1067 10 0 0 0 0 0 0 0 0 0 0 0 
1068 10 0 0 0 0 0 0 0 0 0 0 0 
1069 10 0 0 0 0 0 0 0 0 0 0 0 
1070 10 0 0 0 0 0 0 0 0 0 0 0 
1071 10 0 0 0 0 0 0 0 0 0 0 0 
1072 10 0 0 0 0 0 0 0 0 0 0 0 
1073 10 0 0 0 0 0 0 0 0 0 0 0 
1074 10 0 0 0 0 0 0 0 0 0 0 0 
1075 10 0 0 0 0 0 0 0 0 0 0 0 
1076 10 0 0 0 0 0 0 0 0 0 0 0 
1077 10 0 0 0 0 0 0 0 0 0 0 0 
1078 10 0 0 0 0 0 0 0 0 0 0 0 
1079 10 0 0 0 0 0 0 0 0 0 0 0 
1080 10 0 0 0 0 0 0 0 0 0 0 0 
1081 10 0 0 0 0 0 0 0 0 0 0 0 
1082 10 0 0 0 0 0 0 0 0 0 0 0 
1083 10 0 0 0 0 0 0 0 0 0 0 0 
1084 10 0 0 0 0 0 0 0 0 0 0 0 
1085 10 0 0 0 0 0 0 0 0 0 0 0 
1086 10 0 0 0 0 0 0 0 0 0 0 0 
1087 10 0 0 0 0 0 0 0 0 0 0 0 
1088 10 0 0 0 0 0 0 0 0 0 0 0 
1089 10 0 0 0 0 0 0 0 0 0 0 0 
1090 10 0 0 0 0 0 0 0 0 0 0 0 
1091 10 0 0 0 0 0 0 0 0 0 0 0 
1092 10 0 0 0 0 0 0 0 0 0 0 0 
1093 10 0 0 0 0 0 0 0 0 0 0 0 
1094 10 0 0 0 0 0 0 0 0 0 0 0 
1095 10 0 0 0 0 0 0 0 0 0 0 0 
1096 10 0 0 0 0 0 0 0 0 0 0 0 
1097 10 0 0 0 0 0 0 0 0 0 0 0 
1098 10 0 0 0 0 0 0 0 0 0 0 0 
1099 10 0 0 0 0 0 0 0 0 0 0 0 
1100 10 0 0 0 0 0 0 0 0 0 0 0 
1101 10 0 0 0 0 0 0 0 0 0 0 0 
1102 10 0 0 0 0 0 0 0 0 0 0 0 
1103 10 0 0 0 0 0 0 0 0 0 0 0 
1104 10 0 0 0 0 0 0 0 0 0 0 0 
1105 10 0 0 0 0 0 0 0 0 0 0 0 
1106 10 0 0 0 0 0 0 0 0 0 0 0 
1107 10 34 0 0 0 0 0 0 0 0 0 0 
1108 10 35 0 0 0 0 0 0 0 0 0 0 
1109 10 0 0 0 0 0 0 0 0 0 0 0 
1110 10 0 0 0 0 0 0 0 0 0 0 0 
1111 10 0 0 0 0 0 0 0 0 0 0 0 
1112 10 0 0 0 0 0 0 0 0 0 0 0 
1113 10 0 0 0 0 0 0 0 0 0 0 0 
1114 10 0 0 0 0 0 0 0 0 0 0 0 
1115 10 0 0 0 0 0 0 0 0 0 0 0 
1116 10 0 0 0 0 0 0 0 0 0 0 0 
1117 10 0 0 0 0 0 0 0 0 0 0 0 
1118 10 0 0 0 0 0 0 0 0 0 0 0 
1119 10 0 0 0 0 0 0 0 0 0 0 0 
1120 10 0 0 0 0 0 0 0 0 0 0 0 
1121 10 0 0 0 0 0 0 0 0 0 0 0 
1122 10 0 0 0 0 0 0 0 0 0 0 0 
1123 10 0 0 0 0 0 0 0 0 0 0 0 
1124 10 0 0 0 0 0 0 0 0 0 0 0 
1125 10 0 0 0 0 0 0 0 0 0 0 0 
1126 10 0 0 0 0 0 0 0 0 0 0 0 
1127 10 0 0 0 0 0 0 0 0 0 0 0 
1128 10 0 0 0 0 0 0 0 0 0 0 0 
1129 10 0 0 0 0 0 0 0 0 0 0 0 
1130 10 0 0 0 0 0 0 0 0 0 0 0 
1131 10 0 0 0 0 0 0 0 0 0 0 0 
1132 10 0 0 0 0 0 0 0 0 0 0 0 
1133 10 0 0 0 0 0 0 0 0 0 0 0 
1134 10 0 0 0 0 0 0 0 0 0 0 0 
1135 10 0 0 0 0 0 0 0 0 0 0 0 
1136 10 0 0 0 0 0 0 0 0 0 0 0 
1137 10 0 0 0 0 0 0 0 0 0 0 0 
1138 10 0 0 0 0 0 0 0 0 0 0 0 
1139 10 0 0 0 0 0 0 0 0 0 0 0 
1140 10 0 0 0 0 0 0 0 0 0 0 0 
1141 10 0 0 0 0 0 0 0 0 0 0 0 
1142 10 0 0 0 0 0 0 0 0 0 0 0 
1143 10 0 0 0 0 0 0 0 0 0 0 0 
1144 10 0 0 0 0 0 0 0 0 0 0 0 
1145 10 0 0 0 0 0 0 0 0 0 0 0 
1146 10 0 0 0 0 0 0 0 0 0 0 0 
1147 10 0 0 0 0 0 0 0 0 0 0 0 
1148 10 0 0 0 0 0 0 0 0 0 0 0 
1149 10 0 0 0 0 0 0 0 0 0 0 0 
1150 10 0 0 0 0 0 0 0 0 0 0 0 
1151 10 0 0 0 0 0 0 0 0 0 0 0 
1152 10 0 0 0 0 0 0 0 0 0 0 0 
1153 10 0 0 0 0 0 0 0 0 0 0 0 
1154 10 0 0 0 0 0 0 0 0 0 0 0 
1155 10 0 0 0 0 0 0 0 0 0 0 0 
1156 10 0 0 0 0 0 0 0 0 0 0 0 
1157 10 0 0 0 0 0 0 0 0 0 0 0 
1158 10 0 0 0 0 0 0 0 0 0 0 0 
1159 10 0 0 0 0 0 0 0 0 0 0 0 
1160 10 0 0 0 0 0 0 0 0 0 0 0 
1161 10 0 0 0 0 0 0 0 0 0 0 0 
1162 10 0 0 0 0 0 0 0 0 0 0 0 
1163 10 0 0 0 0 0 0 0 0 0 0 0 
1164 10 0 0 0 0 0 0 0 0 0 0 0 
1165 10 0 0 0 0 0 0 0 0 0 0 0 
1166 10 0 0 0 0 0 0 0 0 0 0 0 
1167 10 0 0 0 0 0 0 0 0 0 0 0 
1168 10 0 0 0 0 0 0 0 0 0 0 0 
1169 10 0 0 0 0 0 0 0 0 0 0 0 
1170 10 0 0 0 0 0 0 0 0 0 0 0 
1171 10 0 0 0 0 0 0 0 0 0 0 0 
1172 10 0 0 0 0 0 0 0 0 0 0 0 
1173 10 0 0 0 0 0 0 0 0 0 0 0 
1174 10 0 0 0 0 0 0 0 0 0 0 0 
1175 10 0 0 0 0 0 0 0 0 0 0 0 
1176 10 0 0 0 0 0 0 0 0 0 0 0 
1177 10 0 0 0 0 0 0 0 0 0 0 0 
1178 10 0 0 0 0 0 0 0 0 0 0 0 
1179 10 0 0 0 0 0 0 0 0 0 0 0 
1180 10 0 0 0 0 0 0 0 0 0 0 0 
1181 10 0 0 0 0 0 0 0 0 0 0 0 
1182 10 0 0 0 0 0 0 0 0 0 0 0 
1183 10 0 0 0 0 0 0 0 0 0 0 0 
1184 10 0 0 0 0 0 0 0 0 0 0 0 
1185 10 0 0 0 0 0 0 0 0 0 0 0 
1186 10 0 0 0 0 0 0 0 0 0 0 0 
1187 10 0 0 0 0 0 0 0 0 0 0 0 
1188 10 0 0 0 0 0 0 0 0 0 0 0 
1189 10 0 0 0 0 0 0 0 0 0 0 0 
1190 10 0 0 0 0 0 0 0 0 0 0 0 
1191 10 0 0 0 0 0 0 0 0 0 0 0 
1192 10 0 0 0 0 0 0 0 0 0 0 0 
1193 10 0 0 0 0 0 0 0 0 0 0 0 
1194 10 0 0 0 0 0 0 0 0 0 0 0 
1195 10 0 0 0 0 0 0 0 0 0 0 0 
1196 10 0 0 0 0 0 0 0 0 0 0 0 
1197 10 0 0 0 0 0 0 0 0 0 0 0 
1198 10 0 0 0 0 0 0 0 0 0 0 0 
1199 10 0 0 0 0 0 0 0 0 0 0 0 
1200 10 0 0 0 0 0 0 0 0 0 0 0 
1201 10 0 0 0 0 0 0 0 0 0 0 0 
1202 10 0 0 0 0 0 0 0 0 0 0 0 
1203 10 0 0 0 0 0 0 0 0 0 0 0 
1204 10 0 0 0 0 0 0 0 0 0 0 0 
1205 10 0 0 0 0 0 0 0 0 0 0 0 
1206 10 0 0 0 0 0 0 0 0 0 0 0 
1207 10 0 0 0 0 0 0 0 0 0 0 0 
1208 10 0 0 0 0 0 0 0 0 0 0 0 
1209 10 0 0 0 0 0 0 0 0 0 0 0 
1210 10 0 0 0 0 0 0 0 0 0 0 0 
1211 10 0 0 0 0 0 0 0 0 0 0 0 
1212 10 0 0 0 0 0 0 0 0 0 0 0 
1213 10 0 0 0 0 0 0 0 0 0 0 0 
1214 10 0 0 0 0 0 0 0 0 0 0 0 
1215 10 0 0 0 0 0 0 0 0 0 0 0 
1216 10 0 0 0 0 0 0 0 0 0 0 0 
1217 10 0 0 0 0 0 0 0 0 0 0 0 
1218 10 0 0 0 0 0 0 0 0 0 0 0 
1219 10 0 0 0 0 0 0 0 0 0 0 0 
1220 10 0 0 0 0 0 0 0 0 0 0 0 
1221 10 0 0 0 0 0 0 0 0 0 0 0 
1222 10 0 0 0 0 0 0 0 0 0 0 0 
1223 10 0 0 0 0 0 0 0 0 0 0 0 
1224 10 0 0 0 0 0 0 0 0 0 0 0 
1225 10 0 0 0 0 0 0 0 0 0 0 0 
1226 10 0 0 0 0 0 0 0 0 0 0 0 
1227 10 49 0 0 0 0 0 0 0 0 0 0 
1228 10 50 0 0 0 0 0 0 0 0 0 0 
1229 10 0 0 0 0 0 0 0 0 0 0 0 
1230 10 0 0 0 0 0 0 0 0 0 0 0 
1231 10 0 0 0 0 0 0 0 0 0 0 0 
1232 10 0 0 0 0 0 0 0 0 0 0 0 
1233 10 0 0 0 0 0 0 0 0 0 0 0 
1234 10 0 0 0 0 0 0 0 0 0 0 0 
1235 10 0 0 0 0 0 0 0 0 0 0 0 
1236 10 0 0 0 0 0 0 0 0 0 0 0 
1237 10 0 0 0 0 0 0 0 0 0 0 0 
1238 10 0 0 0 0 0 0 0 0 0 0 0 
1239 10 0 0 0 0 0 0 0 0 0 0 0 
1240 10 0 0 0 0 0 0 0 0 0 0 0 
1241 10 0 0 0 0 0 0 0 0 0 0 0 
1242 10 0 0 0 0 0 0 0 0 0 0 0 
1243 10 0 0 0 0 0 0 0 0 0 0 0 
1244 10 0 0 0 0 0 0 0 0 0 0 0 
1245 10 0 0 0 0 0 0 0 0 0 0 0 
1246 10 0 0 0 0 0 0 0 0 0 0 0 
1247 10 0 0 0 0 0 0 0 0 0 0 0 
1248 10 0 0 0 0 0 0 0 0 0 0 0 
1249 10 0 0 0 0 0 0 0 0 0 0 0 
1250 10 0 0 0 0 0 0 0 0 0 0 0 
1251 10 0 0 0 0 0 0 0 0 0 0 0 
1252 10 0 0 0 0 0 0 0 0 0 0 0 
1253 10 0 0 0 0 0 0 0 0 0 0 0 
1254 10 0 0 0 0 0 0 0 0 0 0 0 
1255 10 0 0 0 0 0 0 0 0 0 0 0 
1256 10 0 0 0 0 0 0 0 0 0 0 0 
1257 10 0 0 0 0 0 0 0 0 0 0 0 
1258 10 0 0 0 0 0 0 0 0 0 0 0 
1259 10 0 0 0 0 0 0 0 0 0 0 0 
1260 10 0 0 0 0 0 0 0 0 0 0 0 
1261 10 0 0 0 0 0 0 0 0 0 0 0 
1262 10 0 0 0 0 0 0 0 0 0 0 0 
1263 10 0 0 0 0 0 0 0 0 0 0 0 
1264 10 0 0 0 0 0 0 0 0 0 0 0 
1265 10 0 0 0 0 0 0 0 0 0 0 0 
1266 10 0 0 0 0 0 0 0 0 0 0 0 
1267 10 0 0 0 0 0 0 0 0 0 0 0 
1268 10 0 0 0 0 0 0 0 0 0 0 0 
1269 10 0 0 0 0 0 0 0 0 0 0 0 
1270 10 0 0 0 0 0 0 0 0 0 0 0 
1271 10 0 0 0 0 0 0 0 0 0 0 0 
1272 10 0 0 0 0 0 0 0 0 0 0 0 
1273 10 0 0 0 0 0 0 0 0 0 0 0 
1274 10 0 0 0 0 0 0 0 0 0 0 0 
1275 10 0 0 0 0 0 0 0 0 0 0 0 
1276 10 0 0 0 0 0 0 0 0 0 0 0 
1277 10 0 0 0 0 0 0 0 0 0 0 0 
1278 10 0 0 0 0 0 0 0 0 0 0 0 
1279 10 0 0 0 0 0 0 0 0 0 0 0 
1280 10 0 0 0 0 0 0 0 0 0 0 0 
1281 10 0 0 0 0 0 0 0 0 0 0 0 
1282 10 0 0 0 0 0 0 0 0 0 0 0 
1283 10 64 0 0 0 0 0 0 0 0 0 0 
1284 10 65 0 0 0 0 0 0 0 0 0 0 
1285 10 0 0 0 0 0 0 0 0 0 0 0 
1286 10 0 0 0 0 0 0 0 0 0 0 0 
1287 10 0 0 0 0 0 0 0 0 0 0 0 
1288 10 0 0 0 0 0 0 0 0 0 0 0 
1289 10 0 0 0 0 0 0 0 0 0 0 0 
1290 10 0 0 0 0 0 0 0 0 0 0 0 
1291 10 0 0 0 0 0 0 0 0 0 0 0 
1292 10 0 0 0 0 0 0 0 0 0 0 0 
1293 10 0 0 0 0 0 0 0 0 0 0 0 
1294 10 0 0 0 0 0 0 0 0 0 0 0 
1295 10 0 0 0 0 0 0 0 0 0 0 0 
1296 10 0 0 0 0 0 0 0 0 0 0 0 
1297 10 0 0 0 0 0 0 0 0 0 0 0 
1298 10 0 0 0 0 0 0 0 0 0 0 0 
1299 10 69 0 0 0 0 0 0 0 0 0 0 
1300 10 70 0 0 0 0 0 0 0 0 0 0 
1301 10 71 0 0 0 0 0 0 0 0 0 0 
1302 10 72 0 0 0 0 0 0 0 0 0 0 
1303 10 0 0 0 0 0 0 0 0 0 0 0 
1304 10 0 0 0 0 0 0 0 0 0 0 0 
1305 10 0 0 0 0 0 0 0 0 0 0 0 
1306 10 0 0 0 0 0 0 0 0 0 0 0 
1307 10 0 0 0 0 0 0 0 0 0 0 0 
1308 10 0 0 0 0 0 0 0 0 0 0 0 
1309 10 0 0 0 0 0 0 0 0 0 0 0 
1310 10 0 0 0 0 0 0 0 0 0 0 0 
1311 10 0 0 0 0 0 0 0 0 0 0 0 
1312 10 0 0 0 0 0 0 0 0 0 0 0 
1313 10 0 0 0 0 0 0 0 0 0 0 0 
1314 10 0 0 0 0 0 0 0 0 0 0 0 
1315 10 0 0 0 0 0 0 0 0 0 0 0 
1316 10 0 0 0 0 0 0 0 0 0 0 0 
1317 10 0 0 0 0 0 0 0 0 0 0 0 
1318 10 0 0 0 0 0 0 0 0 0 0 0 
1319 10 0 0 0 0 0 0 0 0 0 0 0 
1320 10 0 0 0 0 0 0 0 0 0 0 0 
1321 10 0 0 0 0 0 0 0 0 0 0 0 
1322 10 0 0 0 0 0 0 0 0 0 0 0 
1323 10 0 0 0 0 0 0 0 0 0 0 0 
1324 10 0 0 0 0 0 0 0 0 0 0 0 
1325 10 0 0 0 0 0 0 0 0 0 0 0 
1326 10 0 0 0 0 0 0 0 0 0 0 0 
1327 10 0 0 0 0 0 0 0 0 0 0 0 
1328 10 0 0 0 0 0 0 0 0 0 0 0 
1329 10 0 0 0 0 0 0 0 0 0 0 0 
1330 10 0 0 0 0 0 0 0 0 0 0 0 
1331 10 0 0 0 0 0 0 0 0 0 0 0 
1332 10 0 0 0 0 0 0 0 0 0 0 0 
1333 10 0 0 0 0 0 0 0 0 0 0 0 
1334 10 0 0 0 0 0 0 0 0 0 0 0 
1335 10 0 0 0 0 0 0 0 0 0 0 0 
1336 10 0 0 0 0 0 0 0 0 0 0 0 
1337 10 0 0 0 0 0 0 0 0 0 0 0 
1338 10 0 0 0 0 0 0 0 0 0 0 0 
1339 10 0 0 0 0 0 0 0 0 0 0 0 
1340 10 0 0 0 0 0 0 0 0 0 0 0 
1341 10 0 0 0 0 0 0 0 0 0 0 0 
1342 10 0 0 0 0 0 0 0 0 0 0 0 
1343 10 0 0 0 0 0 0 0 0 0 0 0 
1344 10 0 0 0 0 0 0 0 0 0 0 0 
1345 10 0 0 0 0 0 0 0 0 0 0 0 
1346 10 0 0 0 0 0 0 0 0 0 0 0 
1347 10 0 0 0 0 0 0 0 0 0 0 0 
1348 10 0 0 0 0 0 0 0 0 0 0 0 
1349 10 0 0 0 0 0 0 0 0 0 0 0 
1350 10 0 0 0 0 0 0 0 0 0 0 0 
1351 10 0 0 0 0 0 0 0 0 0 0 0 
1352 10 0 0 0 0 0 0 0 0 0 0 0 
1353 10 0 0 0 0 0 0 0 0 0 0 0 
1354 10 0 0 0 0 0 0 0 0 0 0 0 
1355 10 0 0 0 0 0 0 0 0 0 0 0 
1356 10 0 0 0 0 0 0 0 0 0 0 0 
1357 10 0 0 0 0 0 0 0 0 0 0 0 
1358 10 0 0 0 0 0 0 0 0 0 0 0 
1359 10 0 0 0 0 0 0 0 0 0 0 0 
1360 10 0 0 0 0 0 0 0 0 0 0 0 
1361 10 0 0 0 0 0 0 0 0 0 0 0 
1362 10 0 0 0 0 0 0 0 0 0 0 0 
1363 10 0 0 0 0 0 0 0 0 0 0 0 
1364 10 0 0 0 0 0 0 0 0 0 0 0 
1365 10 0 0 0 0 0 0 0 0 0 0 0 
1366 10 0 0 0 0 0 0 0 0 0 0 0 
1367 10 0 0 0 0 0 0 0 0 0 0 0 
1368 10 0 0 0 0 0 0 0 0 0 0 0 
1369 10 84 0 0 0 0 0 0 0 0 0 0 
1370 10 85 0 0 0 0 0 0 0 0 0 0 
1371 10 0 0 0 0 0 0 0 0 0 0 0 
1372 10 0 0 0 0 0 0 0 0 0 0 0 
1373 10 0 0 0 0 0 0 0 0 0 0 0 
1374 10 0 0 0 0 0 0 0 0 0 0 0 
1375 10 0 0 0 0 0 0 0 0 0 0 0 
1376 10 0 0 0 0 0 0 0 0 0 0 0 
1377 10 0 0 0 0 0 0 0 0 0 0 0 
1378 10 0 0 0 0 0 0 0 0 0 0 0 
1379 10 0 0 0 0 0 0 0 0 0 0 0 
1380 10 0 0 0 0 0 0 0 0 0 0 0 
1381 10 0 0 0 0 0 0 0 0 0 0 0 
1382 10 0 0 0 0 0 0 0 0 0 0 0 
1383 10 0 0 0 0 0 0 0 0 0 0 0 
1384 10 0 0 0 0 0 0 0 0 0 0 0 
1385 10 0 0 0 0 0 0 0 0 0 0 0 
1386 10 0 0 0 0 0 0 0 0 0 0 0 
1387 10 0 0 0 0 0 0 0 0 0 0 0 
1388 10 0 0 0 0 0 0 0 0 0 0 0 
1389 10 0 0 0 0 0 0 0 0 0 0 0 
1390 10 0 0 0 0 0 0 0 0 0 0 0 
1391 10 0 0 0 0 0 0 0 0 0 0 0 
1392 10 0 0 0 0 0 0 0 0 0 0 0 
1393 10 0 0 0 0 0 0 0 0 0 0 0 
1394 10 0 0 0 0 0 0 0 0 0 0 0 
1395 10 0 0 0 0 0 0 0 0 0 0 0 
1396 10 0 0 0 0 0 0 0 0 0 0 0 
1397 10 0 0 0 0 0 0 0 0 0 0 0 
1398 10 0 0 0 0 0 0 0 0 0 0 0 
1399 10 0 0 0 0 0 0 0 0 0 0 0 
1400 10 0 0 0 0 0 0 0 0 0 0 0 
1401 10 0 0 0 0 0 0 0 0 0 0 0 
1402 10 0 0 0 0 0 0 0 0 0 0 0 
1403 10 0 0 0 0 0 0 0 0 0 0 0 
1404 10 0 0 0 0 0 0 0 0 0 0 0 
1405 10 0 0 0 0 0 0 0 0 0 0 0 
1406 10 0 0 0 0 0 0 0 0 0 0 0 
1407 10 93 0 0 0 0 0 0 0 0 0 0 
1408 10 94 0 0 0 0 0 0 0 0 0 0 
1409 10 95 0 0 0 0 0 0 0 0 0 0 
1410 10 96 0 0 0 0 0 0 0 0 0 0 
1411 10 0 0 0 0 0 0 0 0 0 0 0 
1412 10 0 0 0 0 0 0 0 0 0 0 0 
1413 10 0 0 0 0 0 0 0 0 0 0 0 
1414 10 0 0 0 0 0 0 0 0 0 0 0 
1415 10 0 0 0 0 0 0 0 0 0 0 0 
1416 10 0 0 0 0 0 0 0 0 0 0 0 
1417 10 0 0 0 0 0 0 0 0 0 0 0 
1418 10 0 0 0 0 0 0 0 0 0 0 0 
1419 10 0 0 0 0 0 0 0 0 0 0 0 
1420 10 0 0 0 0 0 0 0 0 0 0 0 
1421 10 0 0 0 0 0 0 0 0 0 0 0 
1422 10 0 0 0 0 0 0 0 0 0 0 0 
1423 10 0 0 0 0 0 0 0 0 0 0 0 
1424 10 0 0 0 0 0 0 0 0 0 0 0 
1425 10 0 0 0 0 0 0 0 0 0 0 0 
1426 10 0 0 0 0 0 0 0 0 0 0 0 
1427 10 0 0 0 0 0 0 0 0 0 0 0 
1428 10 0 0 0 0 0 0 0 0 0 0 0 
1429 10 0 0 0 0 0 0 0 0 0 0 0 
1430 10 0 0 0 0 0 0 0 0 0 0 0 
1431 10 0 0 0 0 0 0 0 0 0 0 0 
1432 10 0 0 0 0 0 0 0 0 0 0 0 
1433 10 0 0 0 0 0 0 0 0 0 0 0 
1434 10 0 0 0 0 0 0 0 0 0 0 0 
1435 10 0 0 0 0 0 0 0 0 0 0 0 
1436 10 0 0 0 0 0 0 0 0 0 0 0 
1437 10 0 0 0 0 0 0 0 0 0 0 0 
1438 10 0 0 0 0 0 0 0 0 0 0 0 
1439 10 0 0 0 0 0 0 0 0 0 0 0 
1440 10 0 0 0 0 0 0 0 0 0 0 0 
1441 10 102 0 0 0 0 0 0 0 0 0 0 
1442 10 103 0 0 0 0 0 0 0 0 0 0 
1443 10 0 0 0 0 0 0 0 0 0 0 0 
1444 10 0 0 0 0 0 0 0 0 0 0 0 
1445 10 105 0 0 0 0 0 0 0 0 0 0 
1446 10 106 0 0 0 0 0 0 0 0 0 0 
1447 10 0 0 0 0 0 0 0 0 0 0 0 
1448 10 0 0 0 0 0 0 0 0 0 0 0 
1449 10 0 0 0 0 0 0 0 0 0 0 0 
1450 10 0 0 0 0 0 0 0 0 0 0 0 
1451 10 0 0 0 0 0 0 0 0 0 0 0 
1452 10 0 0 0 0 0 0 0 0 0 0 0 
1453 10 0 0 0 0 0 0 0 0 0 0 0 
1454 10 0 0 0 0 0 0 0 0 0 0 0 
1455 10 108 0 0 0 0 0 0 0 0 0 0 
1456 10 109 0 0 0 0 0 0 0 0 0 0 
1457 10 110 0 0 0 0 0 0 0 0 0 0 
1458 10 111 0 0 0 0 0 0 0 0 0 0 
1459 10 0 0 0 0 0 0 0 0 0 0 0 
1460 10 0 0 0 0 0 0 0 0 0 0 0 
1461 10 113 0 0 0 0 0 0 0 0 0 0 
1462 10 114 0 0 0 0 0 0 0 0 0 0 
1463 10 0 0 0 0 0 0 0 0 0 0 0 
1464 10 0 0 0 0 0 0 0 0 0 0 0 
1465 10 0 0 0 0 0 0 0 0 0 0 0 
1466 10 0 0 0 0 0 0 0 0 0 0 0 
1467 10 0 0 0 0 0 0 0 0 0 0 0 
1468 10 0 0 0 0 0 0 0 0 0 0 0 
1469 10 117 0 0 0 0 0 0 0 0 0 0 
1470 10 118 0 0 0 0 0 0 0 0 0 0 
1471 10 0 0 0 0 0 0 0 0 0 0 0 
1472 10 0 0 0 0 0 0 0 0 0 0 0 
1473 10 0 0 0 0 0 0 0 0 0 0 0 
1474 10 0 0 0 0 0 0 0 0 0 0 0 
1475 10 0 0 0 0 0 0 0 0 0 0 0 
1476 10 0 0 0 0 0 0 0 0 0 0 0 
1477 10 0 0 0 0 0 0 0 0 0 0 0 
1478 10 0 0 0 0 0 0 0 0 0 0 0 
1479 10 0 0 0 0 0 0 0 0 0 0 0 
1480 10 0 0 0 0 0 0 0 0 0 0 0 
1481 10 0 0 0 0 0 0 0 0 0 0 0 
1482 10 0 0 0 0 0 0 0 0 0 0 0 
1483 10 0 0 0 0 0 0 0 0 0 0 0 
1484 10 0 0 0 0 0 0 0 0 0 0 0 
1485 10 0 0 0 0 0 0 0 0 0 0 0 
1486 10 0 0 0 0 0 0 0 0 0 0 0 
1487 10 0 0 0 0 0 0 0 0 0 0 0 
1488 10 0 0 0 0 0 0 0 0 0 0 0 
1489 10 0 0 0 0 0 0 0 0 0 0 0 
1490 10 0 0 0 0 0 0 0 0 0 0 0 
1491 10 0 0 0 0 0 0 0 0 0 0 0 
1492 10 0 0 0 0 0 0 0 0 0 0 0 
1493 10 0 0 0 0 0 0 0 0 0 0 0 
1494 10 0 0 0 0 0 0 0 0 0 0 0 
1495 10 0 0 0 0 0 0 0 0 0 0 0 
1496 10 0 0 0 0 0 0 0 0 0 0 0 
1497 10 0 0 0 0 0 0 0 0 0 0 0 
1498 10 0 0 0 0 0 0 0 0 0 0 0 
1499 10 0 0 0 0 0 0 0 0 0 0 0 
1500 10 0 0 0 0 0 0 0 0 0 0 0 
1501 10 0 0 0 0 0 0 0 0 0 0 0 
1502 10 0 0 0 0 0 0 0 0 0 0 0 
1503 10 0 0 0 0 0 0 0 0 0 0 0 
1504 10 0 0 0 0 0 0 0 0 0 0 0 
1505 10 0 0 0 0 0 0 0 0 0 0 0 
1506 10 0 0 0 0 0 0 0 0 0 0 0 
1507 10 0 0 0 0 0 0 0 0 0 0 0 
1508 10 0 0 0 0 0 0 0 0 0 0 0 
1509 10 0 0 0 0 0 0 0 0 0 0 0 
1510 10 0 0 0 0 0 0 0 0 0 0 0 
1511 10 0 0 0 0 0 0 0 0 0 0 0 
1512 10 0 0 0 0 0 0 0 0 0 0 0 
1513 10 0 0 0 0 0 0 0 0 0 0 0 
1514 10 0 0 0 0 0 0 0 0 0 0 0 
1515 10 0 0 0 0 0 0 0 0 0 0 0 
1516 10 0 0 0 0 0 0 0 0 0 0 0 
1517 10 0 0 0 0 0 0 0 0 0 0 0 
1518 10 0 0 0 0 0 0 0 0 0 0 0 
1519 10 0 0 0 0 0 0 0 0 0 0 0 
1520 10 0 0 0 0 0 0 0 0 0 0 0 
1521 10 0 0 0 0 0 0 0 0 0 0 0 
1522 10 0 0 0 0 0 0 0 0 0 0 0 
1523 10 0 0 0 0 0 0 0 0 0 0 0 
1524 10 0 0 0 0 0 0 0 0 0 0 0 
1525 10 0 0 0 0 0 0 0 0 0 0 0 
1526 10 0 0 0 0 0 0 0 0 0 0 0 
1527 10 0 0 0 0 0 0 0 0 0 0 0 
1528 10 0 0 0 0 0 0 0 0 0 0 0 
1529 10 0 0 0 0 0 0 0 0 0 0 0 
1530 10 0 0 0 0 0 0 0 0 0 0 0 
1531 10 0 0 0 0 0 0 0 0 0 0 0 
1532 10 0 0 0 0 0 0 0 0 0 0 0 
1533 10 0 0 0 0 0 0 0 0 0 0 0 
1534 10 0 0 0 0 0 0 0 0 0 0 0 
1535 10 0 0 0 0 0 0 0 0 0 0 0 
1536 10 0 0 0 0 0 0 0 0 0 0 0 
1537 10 0 0 0 0 0 0 0 0 0 0 0 
1538 10 0 0 0 0 0 0 0 0 0 0 0 
1539 10 0 0 0 0 0 0 0 0 0 0 0 
1540 10 0 0 0 0 0 0 0 0 0 0 0 
1541 10 0 0 0 0 0 0 0 0 0 0 0 
1542 10 0 0 0 0 0 0 0 0 0 0 0 
1543 10 0 0 0 0 0 0 0 0 0 0 0 
1544 10 0 0 0 0 0 0 0 0 0 0 0 
1545 10 0 0 0 0 0 0 0 0 0 0 0 
1546 10 0 0 0 0 0 0 0 0 0 0 0 
1547 10 0 0 0 0 0 0 0 0 0 0 0 
1548 10 0 0 0 0 0 0 0 0 0 0 0 
1549 10 0 0 0 0 0 0 0 0 0 0 0 
1550 10 0 0 0 0 0 0 0 0 0 0 0 
1551 10 0 0 0 0 0 0 0 0 0 0 0 
1552 10 0 0 0 0 0 0 0 0 0 0 0 
1553 10 0 0 0 0 0 0 0 0 0 0 0 
1554 10 0 0 0 0 0 0 0 0 0 0 0 
1555 10 0 0 0 0 0 0 0 0 0 0 0 
1556 10 0 0 0 0 0 0 0 0 0 0 0 
1557 10 0 0 0 0 0 0 0 0 0 0 0 
1558 10 0 0 0 0 0 0 0 0 0 0 0 
1559 10 0 0 0 0 0 0 0 0 0 0 0 
1560 10 0 0 0 0 0 0 0 0 0 0 0 
1561 10 0 0 0 0 0 0 0 0 0 0 0 
1562 10 0 0 0 0 0 0 0 0 0 0 0 
1563 10 0 0 0 0 0 0 0 0 0 0 0 
1564 10 0 0 0 0 0 0 0 0 0 0 0 
1565 10 0 0 0 0 0 0 0 0 0 0 0 
1566 10 0 0 0 0 0 0 0 0 0 0 0 
1567 10 0 0 0 0 0 0 0 0 0 0 0 
1568 10 0 0 0 0 0 0 0 0 0 0 0 
1569 10 0 0 0 0 0 0 0 0 0 0 0 
1570 10 0 0 0 0 0 0 0 0 0 0 0 
1571 10 0 0 0 0 0 0 0 0 0 0 0 
1572 10 0 0 0 0 0 0 0 0 0 0 0 
1573 10 0 0 0 0 0 0 0 0 0 0 0 
1574 10 0 0 0 0 0 0 0 0 0 0 0 
1575 10 0 0 0 0 0 0 0 0 0 0 0 
1576 10 0 0 0 0 0 0 0 0 0 0 0 
1577 10 0 0 0 0 0 0 0 0 0 0 0 
1578 10 0 0 0 0 0 0 0 0 0 0 0 
1579 10 0 0 0 0 0 0 0 0 0 0 0 
1580 10 0 0 0 0 0 0 0 0 0 0 0 
1581 10 0 0 0 0 0 0 0 0 0 0 0 
1582 10 0 0 0 0 0 0 0 0 0 0 0 
1583 10 0 0 0 0 0 0 0 0 0 0 0 
1584 10 0 0 0 0 0 0 0 0 0 0 0 
1585 10 0 0 0 0 0 0 0 0 0 0 0 
1586 10 0 0 0 0 0 0 0 0 0 0 0 
1587 10 0 0 0 0 0 0 0 0 0 0 0 
1588 10 0 0 0 0 0 0 0 0 0 0 0 
1589 10 0 0 0 0 0 0 0 0 0 0 0 
1590 10 0 0 0 0 0 0 0 0 0 0 0 
1591 10 0 0 0 0 0 0 0 0 0 0 0 
1592 10 0 0 0 0 0 0 0 0 0 0 0 
1593 10 0 0 0 0 0 0 0 0 0 0 0 
1594 10 0 0 0 0 0 0 0 0 0 0 0 
1595 10 0 0 0 0 0 0 0 0 0 0 0 
1596 10 0 0 0 0 0 0 0 0 0 0 0 
1597 10 0 0 0 0 0 0 0 0 0 0 0 
1598 10 0 0 0 0 0 0 0 0 0 0 0 
1599 10 0 0 0 0 0 0 0 0 0 0 0 
1600 10 0 0 0 0 0 0 0 0 0 0 0 
1601 10 0 0 0 0 0 0 0 0 0 0 0 
1602 10 0 0 0 0 0 0 0 0 0 0 0 
1603 10 0 0 0 0 0 0 0 0 0 0 0 
1604 10 0 0 0 0 0 0 0 0 0 0 0 
1605 10 0 0 0 0 0 0 0 0 0 0 0 
1606 10 0 0 0 0 0 0 0 0 0 0 0 
1607 10 0 0 0 0 0 0 0 0 0 0 0 
1608 10 0 0 0 0 0 0 0 0 0 0 0 
1609 10 0 0 0 0 0 0 0 0 0 0 0 
1610 10 0 0 0 0 0 0 0 0 0 0 0 
1611 10 0 0 0 0 0 0 0 0 0 0 0 
1612 10 0 0 0 0 0 0 0 0 0 0 0 
1613 10 0 0 0 0 0 0 0 0 0 0 0 
1614 10 0 0 0 0 0 0 0 0 0 0 0 
1615 10 0 0 0 0 0 0 0 0 0 0 0 
1616 10 0 0 0 0 0 0 0 0 0 0 0 
1617 10 0 0 0 0 0 0 0 0 0 0 0 
1618 10 0 0 0 0 0 0 0 0 0 0 0 
1619 10 0 0 0 0 0 0 0 0 0 0 0 
1620 10 0 0 0 0 0 0 0 0 0 0 0 
1621 10 0 0 0 0 0 0 0 0 0 0 0 
1622 10 0 0 0 0 0 0 0 0 0 0 0 
1623 10 0 0 0 0 0 0 0 0 0 0 0 
1624 10 0 0 0 0 0 0 0 0 0 0 0 
1625 10 0 0 0 0 0 0 0 0 0 0 0 
1626 10 0 0 0 0 0 0 0 0 0 0 0 
1627 10 0 0 0 0 0 0 0 0 0 0 0 
1628 10 0 0 0 0 0 0 0 0 0 0 0 
1629 10 0 0 0 0 0 0 0 0 0 0 0 
1630 10 0 0 0 0 0 0 0 0 0 0 0 
1631 10 0 0 0 0 0 0 0 0 0 0 0 
1632 10 0 0 0 0 0 0 0 0 0 0 0 
1633 10 0 0 0 0 0 0 0 0 0 0 0 
1634 10 0 0 0 0 0 0 0 0 0 0 0 
1635 10 0 0 0 0 0 0 0 0 0 0 0 
1636 10 0 0 0 0 0 0 0 0 0 0 0 
1637 10 0 0 0 0 0 0 0 0 0 0 0 
1638 10 0 0 0 0 0 0 0 0 0 0 0 
1639 10 0 0 0 0 0 0 0 0 0 0 0 
1640 10 0 0 0 0 0 0 0 0 0 0 0 
1641 10 0 0 0 0 0 0 0 0 0 0 0 
1642 10 0 0 0 0 0 0 0 0 0 0 0 
1643 10 0 0 0 0 0 0 0 0 0 0 0 
1644 10 0 0 0 0 0 0 0 0 0 0 0 
1645 10 0 0 0 0 0 0 0 0 0 0 0 
1646 10 0 0 0 0 0 0 0 0 0 0 0 
1647 10 0 0 0 0 0 0 0 0 0 0 0 
1648 10 0 0 0 0 0 0 0 0 0 0 0 
1649 10 0 0 0 0 0 0 0 0 0 0 0 
1650 10 0 0 0 0 0 0 0 0 0 0 0 
1651 10 0 0 0 0 0 0 0 0 0 0 0 
1652 10 0 0 0 0 0 0 0 0 0 0 0 
1653 10 0 0 0 0 0 0 0 0 0 0 0 
1654 10 0 0 0 0 0 0 0 0 0 0 0 
1655 10 0 0 0 0 0 0 0 0 0 0 0 
1656 10 0 0 0 0 0 0 0 0 0 0 0 
1657 10 0 0 0 0 0 0 0 0 0 0 0 
1658 10 0 0 0 0 0 0 0 0 0 0 0 
1659 10 0 0 0 0 0 0 0 0 0 0 0 
1660 10 0 0 0 0 0 0 0 0 0 0 0 
1661 10 0 0 0 0 0 0 0 0 0 0 0 
1662 10 0 0 0 0 0 0 0 0 0 0 0 
1663 10 0 0 0 0 0 0 0 0 0 0 0 
1664 10 0 0 0 0 0 0 0 0 0 0 0 
1665 10 0 0 0 0 0 0 0 0 0 0 0 
1666 10 0 0 0 0 0 0 0 0 0 0 0 
1667 10 0 0 0 0 0 0 0 0 0 0 0 
1668 10 0 0 0 0 0 0 0 0 0 0 0 
1669 10 0 0 0 0 0 0 0 0 0 0 0 
1670 10 0 0 0 0 0 0 0 0 0 0 0 
1671 10 0 0 0 0 0 0 0 0 0 0 0 
1672 10 0 0 0 0 0 0 0 0 0 0 0 
1673 10 0 0 0 0 0 0 0 0 0 0 0 
1674 10 0 0 0 0 0 0 0 0 0 0 0 
1675 10 0 0 0 0 0 0 0 0 0 0 0 
1676 10 0 0 0 0 0 0 0 0 0 0 0 
1677 10 0 0 0 0 0 0 0 0 0 0 0 
1678 10 0 0 0 0 0 0 0 0 0 0 0 
1679 10 0 0 0 0 0 0 0 0 0 0 0 
1680 10 0 0 0 0 0 0 0 0 0 0 0 
1681 10 0 0 0 0 0 0 0 0 0 0 0 
1682 10 0 0 0 0 0 0 0 0 0 0 0 
1683 10 0 0 0 0 0 0 0 0 0 0 0 
1684 10 0 0 0 0 0 0 0 0 0 0 0 
1685 10 0 0 0 0 0 0 0 0 0 0 0 
1686 10 0 0 0 0 0 0 0 0 0 0 0 
1687 10 0 0 0 0 0 0 0 0 0 0 0 
1688 10 0 0 0 0 0 0 0 0 0 0 0 
1689 10 0 0 0 0 0 0 0 0 0 0 0 
1690 10 0 0 0 0 0 0 0 0 0 0 0 
1691 10 0 0 0 0 0 0 0 0 0 0 0 
1692 10 0 0 0 0 0 0 0 0 0 0 0 
1693 10 0 0 0 0 0 0 0 0 0 0 0 
1694 10 0 0 0 0 0 0 0 0 0 0 0 
1695 10 0 0 0 0 0 0 0 0 0 0 0 
1696 10 0 0 0 0 0 0 0 0 0 0 0 
1697 10 0 0 0 0 0 0 0 0 0 0 0 
1698 10 0 0 0 0 0 0 0 0 0 0 0 
1699 10 0 0 0 0 0 0 0 0 0 0 0 
1700 10 0 0 0 0 0 0 0 0 0 0 0 
1701 10 0 0 0 0 0 0 0 0 0 0 0 
1702 10 0 0 0 0 0 0 0 0 0 0 0 
1703 10 0 0 0 0 0 0 0 0 0 0 0 
1704 10 0 0 0 0 0 0 0 0 0 0 0 
1705 10 0 0 0 0 0 0 0 0 0 0 0 
1706 10 0 0 0 0 0 0 0 0 0 0 0 
1707 10 0 0 0 0 0 0 0 0 0 0 0 
1708 10 0 0 0 0 0 0 0 0 0 0 0 
1709 10 0 0 0 0 0 0 0 0 0 0 0 
1710 10 0 0 0 0 0 0 0 0 0 0 0 
1711 10 0 0 0 0 0 0 0 0 0 0 0 
1712 10 0 0 0 0 0 0 0 0 0 0 0 
1713 10 0 0 0 0 0 0 0 0 0 0 0 
1714 10 0 0 0 0 0 0 0 0 0 0 0 
1715 10 0 0 0 0 0 0 0 0 0 0 0 
1716 10 0 0 0 0 0 0 0 0 0 0 0 
1717 10 0 0 0 0 0 0 0 0 0 0 0 
1718 10 0 0 0 0 0 0 0 0 0 0 0 
1719 10 0 0 0 0 0 0 0 0 0 0 0 
1720 10 0 0 0 0 0 0 0 0 0 0 0 
1721 10 0 0 0 0 0 0 0 0 0 0 0 
1722 10 0 0 0 0 0 0 0 0 0 0 0 
1723 10 0 0 0 0 0 0 0 0 0 0 0 
1724 10 0 0 0 0 0 0 0 0 0 0 0 
1725 10 0 0 0 0 0 0 0 0 0 0 0 
1726 10 0 0 0 0 0 0 0 0 0 0 0 
1727 10 0 0 0 0 0 0 0 0 0 0 0 
1728 10 0 0 0 0 0 0 0 0 0 0 0 
1729 10 0 0 0 0 0 0 0 0 0 0 0 
1730 10 0 0 0 0 0 0 0 0 0 0 0 
1731 10 0 0 0 0 0 0 0 0 0 0 0 
1732 10 0 0 0 0 0 0 0 0 0 0 0 
1733 10 0 0 0 0 0 0 0 0 0 0 0 
1734 10 0 0 0 0 0 0 0 0 0 0 0 
1735 10 0 0 0 0 0 0 0 0 0 0 0 
1736 10 0 0 0 0 0 0 0 0 0 0 0 
1737 10 0 0 0 0 0 0 0 0 0 0 0 
1738 10 0 0 0 0 0 0 0 0 0 0 0 
1739 10 0 0 0 0 0 0 0 0 0 0 0 
1740 10 0 0 0 0 0 0 0 0 0 0 0 
1741 10 0 0 0 0 0 0 0 0 0 0 0 
1742 10 0 0 0 0 0 0 0 0 0 0 0 
1743 10 0 0 0 0 0 0 0 0 0 0 0 
1744 10 0 0 0 0 0 0 0 0 0 0 0 
1745 10 0 0 0 0 0 0 0 0 0 0 0 
1746 10 0 0 0 0 0 0 0 0 0 0 0 
1747 10 0 0 0 0 0 0 0 0 0 0 0 
1748 10 0 0 0 0 0 0 0 0 0 0 0 
1749 10 0 0 0 0 0 0 0 0 0 0 0 
1750 10 0 0 0 0 0 0 0 0 0 0 0 
1751 10 0 0 0 0 0 0 0 0 0 0 0 
1752 10 0 0 0 0 0 0 0 0 0 0 0 
1753 10 0 0 0 0 0 0 0 0 0 0 0 
1754 10 0 0 0 0 0 0 0 0 0 0 0 
1755 10 0 0 0 0 0 0 0 0 0 0 0 
1756 10 0 0 0 0 0 0 0 0 0 0 0 
1757 10 0 0 0 0 0 0 0 0 0 0 0 
1758 10 0 0 0 0 0 0 0 0 0 0 0 
1759 10 0 0 0 0 0 0 0 0 0 0 0 
1760 10 0 0 0 0 0 0 0 0 0 0 0 
1761 10 0 0 0 0 0 0 0 0 0 0 0 
1762 10 0 0 0 0 0 0 0 0 0 0 0 
1763 10 0 0 0 0 0 0 0 0 0 0 0 
1764 10 0 0 0 0 0 0 0 0 0 0 0 
1765 10 0 0 0 0 0 0 0 0 0 0 0 
1766 10 0 0 0 0 0 0 0 0 0 0 0 
1767 10 0 0 0 0 0 0 0 0 0 0 0 
1768 10 0 0 0 0 0 0 0 0 0 0 0 
1769 10 0 0 0 0 0 0 0 0 0 0 0 
1770 10 0 0 0 0 0 0 0 0 0 0 0 
1771 10 0 0 0 0 0 0 0 0 0 0 0 
1772 10 0 0 0 0 0 0 0 0 0 0 0 
1773 10 0 0 0 0 0 0 0 0 0 0 0 
1774 10 0 0 0 0 0 0 0 0 0 0 0 
1775 10 0 0 0 0 0 0 0 0 0 0 0 
1776 10 0 0 0 0 0 0 0 0 0 0 0 
1777 10 0 0 0 0 0 0 0 0 0 0 0 
1778 10 0 0 0 0 0 0 0 0 0 0 0 
1779 10 0 0 0 0 0 0 0 0 0 0 0 
1780 10 0 0 0 0 0 0 0 0 0 0 0 
1781 10 0 0 0 0 0 0 0 0 0 0 0 
1782 10 0 0 0 0 0 0 0 0 0 0 0 
1783 10 0 0 0 0 0 0 0 0 0 0 0 
1784 10 0 0 0 0 0 0 0 0 0 0 0 
1785 10 0 0 0 0 0 0 0 0 0 0 0 
1786 10 0 0 0 0 0 0 0 0 0 0 0 
1787 10 0 0 0 0 0 0 0 0 0 0 0 
1788 10 0 0 0 0 0 0 0 0 0 0 0 
1789 10 0 0 0 0 0 0 0 0 0 0 0 
1790 10 0 0 0 0 0 0 0 0 0 0 0 
1791 10 0 0 0 0 0 0 0 0 0 0 0 
1792 10 0 0 0 0 0 0 0 0 0 0 0 
1793 10 0 0 0 0 0 0 0 0 0 0 0 
1794 10 0 0 0 0 0 0 0 0 0 0 0 
1795 10 0 0 0 0 0 0 0 0 0 0 0 
1796 10 0 0 0 0 0 0 0 0 0 0 0 
1797 10 0 0 0 0 0 0 0 0 0 0 0 
1798 10 0 0 0 0 0 0 0 0 0 0 0 
1799 10 0 0 0 0 0 0 0 0 0 0 0 
1800 10 0 0 0 0 0 0 0 0 0 0 0 
1801 10 0 0 0 0 0 0 0 0 0 0 0 
1802 10 0 0 0 0 0 0 0 0 0 0 0 
1803 10 0 0 0 0 0 0 0 0 0 0 0 
1804 10 0 0 0 0 0 0 0 0 0 0 0 
1805 10 0 0 0 0 0 0 0 0 0 0 0 
1806 10 0 0 0 0 0 0 0 0 0 0 0 
1807 10 0 0 0 0 0 0 0 0 0 0 0 
1808 10 0 0 0 0 0 0 0 0 0 0 0 
1809 10 0 0 0 0 0 0 0 0 0 0 0 
1810 10 0 0 0 0 0 0 0 0 0 0 0 
1811 10 0 0 0 0 0 0 0 0 0 0 0 
1812 10 0 0 0 0 0 0 0 0 0 0 0 
1813 10 0 0 0 0 0 0 0 0 0 0 0 
1814 10 0 0 0 0 0 0 0 0 0 0 0 
1815 10 0 0 0 0 0 0 0 0 0 0 0 
1816 10 0 0 0 0 0 0 0 0 0 0 0 
1817 10 0 0 0 0 0 0 0 0 0 0 0 
1818 10 0 0 0 0 0 0 0 0 0 0 0 
1819 10 0 0 0 0 0 0 0 0 0 0 0 
1820 10 0 0 0 0 0 0 0 0 0 0 0 
1821 10 0 0 0 0 0 0 0 0 0 0 0 
1822 10 0 0 0 0 0 0 0 0 0 0 0 
1823 10 0 0 0 0 0 0 0 0 0 0 0 
1824 10 0 0 0 0 0 0 0 0 0 0 0 
1825 10 0 0 0 0 0 0 0 0 0 0 0 
1826 10 0 0 0 0 0 0 0 0 0 0 0 
1827 10 0 0 0 0 0 0 0 0 0 0 0 
1828 10 0 0 0 0 0 0 0 0 0 0 0 
1829 10 0 0 0 0 0 0 0 0 0 0 0 
1830 10 0 0 0 0 0 0 0 0 0 0 0 
1831 10 0 0 0 0 0 0 0 0 0 0 0 
1832 10 0 0 0 0 0 0 0 0 0 0 0 
1833 10 0 0 0 0 0 0 0 0 0 0 0 
1834 10 0 0 0 0 0 0 0 0 0 0 0 
1835 10 0 0 0 0 0 0 0 0 0 0 0 
1836 10 0 0 0 0 0 0 0 0 0 0 0 
1837 10 0 0 0 0 0 0 0 0 0 0 0 
1838 10 0 0 0 0 0 0 0 0 0 0 0 
1839 10 0 0 0 0 0 0 0 0 0 0 0 
1840 10 0 0 0 0 0 0 0 0 0 0 0 
1841 10 0 0 0 0 0 0 0 0 0 0 0 
1842 10 0 0 0 0 0 0 0 0 0 0 0 
1843 10 0 0 0 0 0 0 0 0 0 0 0 
1844 10 0 0 0 0 0 0 0 0 0 0 0 
1845 10 0 0 0 0 0 0 0 0 0 0 0 
1846 10 0 0 0 0 0 0 0 0 0 0 0 
1847 10 0 0 0 0 0 0 0 0 0 0 0 
1848 10 0 0 0 0 0 0 0 0 0 0 0 
1849 10 0 0 0 0 0 0 0 0 0 0 0 
1850 10 0 0 0 0 0 0 0 0 0 0 0 
1851 10 0 0 0 0 0 0 0 0 0 0 0 
1852 10 0 0 0 0 0 0 0 0 0 0 0 
1853 10 0 0 0 0 0 0 0 0 0 0 0 
1854 10 0 0 0 0 0 0 0 0 0 0 0 
1855 10 0 0 0 0 0 0 0 0 0 0 0 
1856 10 0 0 0 0 0 0 0 0 0 0 0 
1857 10 0 0 0 0 0 0 0 0 0 0 0 
1858 10 0 0 0 0 0 0 0 0 0 0 0 
1859 10 0 0 0 0 0 0 0 0 0 0 0 
1860 10 0 0 0 0 0 0 0 0 0 0 0 
1861 10 0 0 0 0 0 0 0 0 0 0 0 
1862 10 0 0 0 0 0 0 0 0 0 0 0 
1863 10 0 0 0 0 0 0 0 0 0 0 0 
1864 10 0 0 0 0 0 0 0 0 0 0 0 
1865 10 0 0 0 0 0 0 0 0 0 0 0 
1866 10 0 0 0 0 0 0 0 0 0 0 0 
1867 10 0 0 0 0 0 0 0 0 0 0 0 
1868 10 0 0 0 0 0 0 0 0 0 0 0 
1869 10 0 0 0 0 0 0 0 0 0 0 0 
1870 10 0 0 0 0 0 0 0 0 0 0 0 
1871 10 0 0 0 0 0 0 0 0 0 0 0 
1872 10 0 0 0 0 0 0 0 0 0 0 0 
1873 10 0 0 0 0 0 0 0 0 0 0 0 
1874 10 0 0 0 0 0 0 0 0 0 0 0 
1875 10 0 0 0 0 0 0 0 0 0 0 0 
1876 10 0 0 0 0 0 0 0 0 0 0 0 
1877 10 0 0 0 0 0 0 0 0 0 0 0 
1878 10 0 0 0 0 0 0 0 0 0 0 0 
1879 10 140 0 0 0 0 0 0 0 0 0 0 
1880 10 141 0 0 0 0 0 0 0 0 0 0 
1881 10 0 0 0 0 0 0 0 0 0 0 0 
1882 10 0 0 0 0 0 0 0 0 0 0 0 
1883 10 143 0 0 0 0 0 0 0 0 0 0 
1884 10 144 0 0 0 0 0 0 0 0 0 0 
1885 10 0 0 0 0 0 0 0 0 0 0 0 
1886 10 0 0 0 0 0 0 0 0 0 0 0 
1887 10 0 0 0 0 0 0 0 0 0 0 0 
1888 10 0 0 0 0 0 0 0 0 0 0 0 
1889 10 0 0 0 0 0 0 0 0 0 0 0 
1890 10 0 0 0 0 0 0 0 0 0 0 0 
1891 10 0 0 0 0 0 0 0 0 0 0 0 
1892 10 0 0 0 0 0 0 0 0 0 0 0 
1893 10 0 0 0 0 0 0 0 0 0 0 0 
1894 10 0 0 0 0 0 0 0 0 0 0 0 
1895 10 0 0 0 0 0 0 0 0 0 0 0 
1896 10 0 0 0 0 0 0 0 0 0 0 0 
1897 10 0 0 0 0 0 0 0 0 0 0 0 
1898 10 0 0 0 0 0 0 0 0 0 0 0 
1899 10 0 0 0 0 0 0 0 0 0 0 0 
1900 10 0 0 0 0 0 0 0 0 0 0 0 
1901 10 0 0 0 0 0 0 0 0 0 0 0 
1902 10 0 0 0 0 0 0 0 0 0 0 0 
1903 10 0 0 0 0 0 0 0 0 0 0 0 
1904 10 0 0 0 0 0 0 0 0 0 0 0 
1905 10 148 0 0 0 0 0 0 0 0 0 0 
1906 10 149 0 0 0 0 0 0 0 0 0 0 
1907 10 0 0 0 0 0 0 0 0 0 0 0 
1908 10 0 0 0 0 0 0 0 0 0 0 0 
1909 10 0 0 0 0 0 0 0 0 0 0 0 
1910 10 0 0 0 0 0 0 0 0 0 0 0 
1911 10 0 0 0 0 0 0 0 0 0 0 0 
1912 10 0 0 0 0 0 0 0 0 0 0 0 
1913 10 0 0 0 0 0 0 0 0 0 0 0 
1914 10 0 0 0 0 0 0 0 0 0 0 0 
1915 10 0 0 0 0 0 0 0 0 0 0 0 
1916 10 0 0 0 0 0 0 0 0 0 0 0 
1917 10 0 0 0 0 0 0 0 0 0 0 0 
1918 10 0 0 0 0 0 0 0 0 0 0 0 
1919 10 0 0 0 0 0 0 0 0 0 0 0 
1920 10 0 0 0 0 0 0 0 0 0 0 0 
1921 10 0 0 0 0 0 0 0 0 0 0 0 
1922 10 0 0 0 0 0 0 0 0 0 0 0 
1923 10 0 0 0 0 0 0 0 0 0 0 0 
1924 10 0 0 0 0 0 0 0 0 0 0 0 
1925 10 0 0 0 0 0 0 0 0 0 0 0 
1926 10 0 0 0 0 0 0 0 0 0 0 0 
1927 10 0 0 0 0 0 0 0 0 0 0 0 
1928 10 0 0 0 0 0 0 0 0 0 0 0 
1929 10 0 0 0 0 0 0 0 0 0 0 0 
1930 10 0 0 0 0 0 0 0 0 0 0 0 
1931 10 0 0 0 0 0 0 0 0 0 0 0 
1932 10 0 0 0 0 0 0 0 0 0 0 0 
1933 10 0 0 0 0 0 0 0 0 0 0 0 
1934 10 0 0 0 0 0 0 0 0 0 0 0 
1935 10 0 0 0 0 0 0 0 0 0 0 0 
1936 10 0 0 0 0 0 0 0 0 0 0 0 
1937 10 0 0 0 0 0 0 0 0 0 0 0 
1938 10 0 0 0 0 0 0 0 0 0 0 0 
1939 10 0 0 0 0 0 0 0 0 0 0 0 
1940 10 0 0 0 0 0 0 0 0 0 0 0 
1941 10 0 0 0 0 0 0 0 0 0 0 0 
1942 10 0 0 0 0 0 0 0 0 0 0 0 
1943 10 0 0 0 0 0 0 0 0 0 0 0 
1944 10 0 0 0 0 0 0 0 0 0 0 0 
1945 10 0 0 0 0 0 0 0 0 0 0 0 
1946 10 0 0 0 0 0 0 0 0 0 0 0 
1947 10 0 0 0 0 0 0 0 0 0 0 0 
1948 10 0 0 0 0 0 0 0 0 0 0 0 
1949 10 0 0 0 0 0 0 0 0 0 0 0 
1950 10 0 0 0 0 0 0 0 0 0 0 0 
1951 10 0 0 0 0 0 0 0 0 0 0 0 
1952 10 0 0 0 0 0 0 0 0 0 0 0 
1953 10 0 0 0 0 0 0 0 0 0 0 0 
1954 10 0 0 0 0 0 0 0 0 0 0 0 
1955 10 0 0 0 0 0 0 0 0 0 0 0 
1956 10 0 0 0 0 0 0 0 0 0 0 0 
1957 10 0 0 0 0 0 0 0 0 0 0 0 
1958 10 0 0 0 0 0 0 0 0 0 0 0 
1959 10 0 0 0 0 0 0 0 0 0 0 0 
1960 10 0 0 0 0 0 0 0 0 0 0 0 
1961 10 0 0 0 0 0 0 0 0 0 0 0 
1962 10 0 0 0 0 0 0 0 0 0 0 0 
1963 10 0 0 0 0 0 0 0 0 0 0 0 
1964 10 0 0 0 0 0 0 0 0 0 0 0 
1965 10 0 0 0 0 0 0 0 0 0 0 0 
1966 10 0 0 0 0 0 0 0 0 0 0 0 
1967 10 0 0 0 0 0 0 0 0 0 0 0 
1968 10 0 0 0 0 0 0 0 0 0 0 0 
1969 10 0 0 0 0 0 0 0 0 0 0 0 
1970 10 0 0 0 0 0 0 0 0 0 0 0 
1971 10 0 0 0 0 0 0 0 0 0 0 0 
1972 10 0 0 0 0 0 0 0 0 0 0 0 
1973 10 0 0 0 0 0 0 0 0 0 0 0 
1974 10 0 0 0 0 0 0 0 0 0 0 0 
1975 10 0 0 0 0 0 0 0 0 0 0 0 
1976 10 0 0 0 0 0 0 0 0 0 0 0 
1977 10 0 0 0 0 0 0 0 0 0 0 0 
1978 10 0 0 0 0 0 0 0 0 0 0 0 
1979 10 0 0 0 0 0 0 0 0 0 0 0 
1980 10 0 0 0 0 0 0 0 0 0 0 0 
1981 10 158 0 0 0 0 0 0 0 0 0 0 
1982 10 159 0 0 0 0 0 0 0 0 0 0 
1983 10 0 0 0 0 0 0 0 0 0 0 0 
1984 10 0 0 0 0 0 0 0 0 0 0 0 
1985 10 0 0 0 0 0 0 0 0 0 0 0 
1986 10 0 0 0 0 0 0 0 0 0 0 0 
1987 10 0 0 0 0 0 0 0 0 0 0 0 
1988 10 0 0 0 0 0 0 0 0 0 0 0 
1989 10 0 0 0 0 0 0 0 0 0 0 0 
1990 10 0 0 0 0 0 0 0 0 0 0 0 
1991 10 0 0 0 0 0 0 0 0 0 0 0 
1992 10 0 0 0 0 0 0 0 0 0 0 0 
1993 10 0 0 0 0 0 0 0 0 0 0 0 
1994 10 0 0 0 0 0 0 0 0 0 0 0 
1995 10 163 0 0 0 0 0 0 0 0 0 0 
1996 10 164 0 0 0 0 0 0 0 0 0 0 
1997 10 165 0 0 0 0 0 0 0 0 0 0 
1998 10 166 0 0 0 0 0 0 0 0 0 0 
1999 10 0 0 0 0 0 0 0 0 0 0 0 
2000 10 0 0 0 0 0 0 0 0 0 0 0 
2001 10 0 0 0 0 0 0 0 0 0 0 0 
2002 10 0 0 0 0 0 0 0 0 0 0 0 
2003 10 0 0 0 0 0 0 0 0 0 0 0 
2004 10 0 0 0 0 0 0 0 0 0 0 0 
2005 10 0 0 0 0 0 0 0 0 0 0 0 
2006 10 0 0 0 0 0 0 0 0 0 0 0 
2007 10 0 0 0 0 0 0 0 0 0 0 0 
2008 10 0 0 0 0 0 0 0 0 0 0 0 
2009 10 0 0 0 0 0 0 0 0 0 0 0 
2010 10 0 0 0 0 0 0 0 0 0 0 0 
2011 10 0 0 0 0 0 0 0 0 0 0 0 
2012 10 0 0 0 0 0 0 0 0 0 0 0 
2013 10 0 0 0 0 0 0 0 0 0 0 0 
2014 10 0 0 0 0 0 0 0 0 0 0 0 
2015 10 0 0 0 0 0 0 0 0 0 0 0 
2016 10 0 0 0 0 0 0 0 0 0 0 0 
2017 10 0 0 0 0 0 0 0 0 0 0 0 
2018 10 0 0 0 0 0 0 0 0 0 0 0 
2019 10 0 0 0 0 0 0 0 0 0 0 0 
2020 10 0 0 0 0 0 0 0 0 0 0 0 
2021 10 0 0 0 0 0 0 0 0 0 0 0 
2022 10 0 0 0 0 0 0 0 0 0 0 0 
2023 10 0 0 0 0 0 0 0 0 0 0 0 
2024 10 0 0 0 0 0 0 0 0 0 0 0 
2025 10 0 0 0 0 0 0 0 0 0 0 0 
2026 10 0 0 0 0 0 0 0 0 0 0 0 
2027 10 0 0 0 0 0 0 0 0 0 0 0 
2028 10 0 0 0 0 0 0 0 0 0 0 0 
2029 10 0 0 0 0 0 0 0 0 0 0 0 
2030 10 0 0 0 0 0 0 0 0 0 0 0 
2031 10 0 0 0 0 0 0 0 0 0 0 0 
2032 10 0 0 0 0 0 0 0 0 0 0 0 
2033 10 0 0 0 0 0 0 0 0 0 0 0 
2034 10 0 0 0 0 0 0 0 0 0 0 0 
2035 10 0 0 0 0 0 0 0 0 0 0 0 
2036 10 0 0 0 0 0 0 0 0 0 0 0 
2037 10 0 0 0 0 0 0 0 0 0 0 0 
2038 10 0 0 0 0 0 0 0 0 0 0 0 
2039 10 0 0 0 0 0 0 0 0 0 0 0 
2040 10 0 0 0 0 0 0 0 0 0 0 0 
2041 10 0 0 0 0 0 0 0 0 0 0 0 
2042 10 0 0 0 0 0 0 0 0 0 0 0 
2043 10 0 0 0 0 0 0 0 0 0 0 0 
2044 10 0 0 0 0 0 0 0 0 0 0 0 
2045 10 0 0 0 0 0 0 0 0 0 0 0 
2046 10 0 0 0 0 0 0 0 0 0 0 0 

0 19 14 0 0.654545 2 24 -43 14 17 1 0.654545 2 -24 -16 -29 -71 3 0.473684 1 20 -24 4 0.473684 1 31 6 5 0.473684 1 5 29 6 0.473684 1 34 -38 7 0.473684 1 29 16 10 0.473684 1 13 -24 11 0.654545 2 -9 17 21 -3 12 0.473684 1 -2 11 13 0.654545 2 -7 28 58 -62 14 0.808989 4 -19 -35 -19 -40 -19 -45 31 -55 15 0.473684 1 21 -160 18 0.473684 1 19 -43 
1 19 3 4 0.818182 1 -19 41 5 0.964286 3 -25 -6 -20 44 -15 44 12 0.818182 1 3 16 
2 19 4 1 0.923077 2 16 -11 16 -6 3 0.818182 1 15 -29 4 0.818182 1 26 -24 12 0.818182 1 -7 21 
3 19 8 0 0.882353 5 14 7 4 47 14 12 -16 27 -11 12 1 0.529412 1 -29 9 3 0.794118 3 -25 36 20 -9 -15 -24 5 0.705882 2 0 -11 10 -16 7 0.529412 1 29 1 11 0.529412 1 -9 12 12 0.794118 3 8 11 -7 -9 -12 21 14 0.529412 1 -19 0 
4 19 9 0 0.881119 7 -16 -3 -21 -43 -1 67 24 -58 4 -43 9 67 -1 52 1 0.782609 4 -9 -66 -4 14 -24 -56 -24 -51 3 0.857143 6 -20 -39 10 36 -10 -29 -25 -19 -20 -29 -25 -4 4 0.439024 1 11 31 5 0.439024 1 0 -46 7 0.439024 1 -6 -44 11 0.62069 2 -19 -13 26 -23 13 0.439024 1 73 43 15 0.439024 1 -44 -135 
5 19 14 0 0.689655 10 -16 -53 4 -43 -6 2 -6 52 -21 -53 -1 -8 -11 -8 -26 -53 -11 47 -16 17 1 0.634361 8 21 -41 -24 -11 -24 -66 -19 -16 -34 -81 -19 -31 -29 4 -29 -1 3 0.75 13 -25 -9 -15 36 -25 -39 -25 -14 -15 21 -15 21 -20 21 5 46 15 -24 -25 -44 0 46 25 36 -25 1 4 0.865731 24 6 -9 -9 16 16 26 11 26 -14 -9 -24 -9 -9 -49 11 -19 16 -24 16 11 6 -29 16 -44 -9 6 21 6 16 -9 16 -39 1 -29 -19 -19 1 -49 11 6 -24 -44 -24 16 -24 6 -19 46 5 0.663934 9 -25 -46 -25 -11 5 -1 5 44 -25 -41 -25 -1 0 14 -25 -21 -25 -6 6 0.511364 5 -26 -33 -26 17 -21 -18 -26 -8 -21 7 7 0.559586 6 9 -9 34 41 39 41 -26 11 -16 -24 -36 31 8 0.166667 1 17 46 11 0.288 2 21 -18 21 17 13 0.559586 6 8 28 -17 38 -17 33 33 33 -7 -7 -12 78 14 0.288 2 -24 -10 -34 -10 15 0.380282 3 -44 -10 -39 -115 -39 -60 17 0.166667 1 -6 51 18 0.166667 1 14 42 
6 19 8 0 0.642857 1 14 57 4 0.8 2 21 26 21 31 5 0.642857 1 15 44 6 0.642857 1 -36 7 7 0.642857 1 -21 6 11 0.8 2 26 -28 31 -13 12 0.8 2 -2 21 -2 -9 14 0.642857 1 31 -35 
7 19 8 0 0.666667 3 19 52 -26 37 19 -38 1 0.5625 2 -34 -71 21 -41 4 0.968839 19 -19 6 21 -19 -24 16 -24 -19 21 -34 21 -24 16 -14 21 -4 -24 -44 26 -14 -19 -14 21 1 -19 6 11 -34 31 -14 -14 -34 11 11 11 16 16 46 5 0.5625 2 10 -41 10 -41 11 0.382979 1 -29 -33 12 0.382979 1 -7 26 14 0.382979 1 -4 30 15 0.382979 1 21 -75 
8 19 4 0 0.666667 1 -1 32 5 0.976744 7 -20 -46 -15 -46 15 -36 -25 9 -25 24 5 -21 10 9 12 0.666667 1 -12 6 15 0.666667 1 16 -80 
9 19 12 0 0.666667 2 -1 27 14 27 1 0.486486 1 26 -11 3 0.666667 2 -25 -19 -25 -29 4 0.666667 2 -9 1 1 1 5 0.760563 3 15 -26 10 39 -15 -41 6 0.486486 1 -31 2 7 0.760563 3 -21 36 -31 -24 -21 36 11 0.486486 1 1 27 12 0.666667 2 -12 11 -7 11 13 0.486486 1 -22 28 14 0.486486 1 -9 45 15 0.486486 1 -44 -155 
10 19 3 1 0.818182 1 11 24 11 0.818182 1 1 2 15 0.964286 3 -34 -140 -34 -150 11 -110 
11 19 2 1 0.75 1 21 -41 12 0.990826 6 -12 11 -12 11 -2 1 -7 21 -7 16 -2 26 
12 19 4 4 0.947368 5 -29 16 21 31 11 36 -4 -24 -9 -19 5 0.818182 2 5 44 -15 24 12 0.666667 1 -7 6 14 0.818182 2 -29 -30 -34 -10 
13 19 12 0 0.771429 6 14 32 19 52 -1 -63 24 7 14 -3 14 67 1 0.327273 1 1 74 3 0.679245 4 -25 -39 -10 46 20 41 -20 -44 4 0.679245 4 26 -4 1 11 -9 6 -14 21 5 0.606742 3 -15 -26 10 -11 -20 -31 6 0.5 2 34 22 24 22 7 0.679245 4 -16 16 -26 -24 -16 31 -16 41 11 0.679245 4 11 12 1 12 -24 -23 -19 -28 12 0.606742 3 -7 6 -2 -4 -2 -9 13 0.327273 1 38 -52 14 0.679245 4 -34 15 41 -45 36 -5 -24 -40 15 0.5 2 -39 0 16 -125 
14 19 7 1 0.642857 1 -4 -41 3 0.642857 1 -15 -29 5 0.8 2 -15 4 -15 9 7 0.642857 1 -16 36 11 0.870968 3 -19 -18 -19 -18 -14 -18 14 0.642857 1 -19 -25 15 0.8 2 -34 -130 -34 10 
15 19 4 0 0.529412 1 9 -63 3 0.529412 1 10 -44 4 0.529412 1 -14 46 5 0.988235 14 -20 -46 -10 24 -10 29 -25 -11 -20 -31 5 9 -25 -21 -10 39 -25 -1 -15 -41 5 24 5 -26 10 -26 -10 -11 
16 19 12 0 0.743802 10 -26 -8 -31 -58 -21 -8 -11 -23 -16 7 4 27 -16 -48 14 37 -21 62 14 -8 1 0.573248 5 21 -91 -4 -26 6 14 -4 -81 6 -36 3 0.881119 21 25 11 -15 -49 -30 -4 -30 16 -20 11 -30 -34 -30 -39 -15 -9 -30 26 -30 16 -25 21 -10 6 -30 31 20 11 10 -4 10 -4 10 -9 10 6 10 1 10 6 15 11 4 0.659686 7 31 21 -29 -14 -9 -29 -29 26 6 -39 16 1 16 -24 5 0.659686 7 -20 29 -15 -46 -10 -16 -5 19 0 9 5 19 10 -41 6 0.339623 2 -31 -18 -26 7 7 0.743802 10 -21 -39 -21 -34 -26 -9 19 -39 9 -39 4 -29 29 36 9 16 9 6 24 -4 8 0.202247 1 17 36 11 0.202247 1 31 -18 12 0.573248 5 8 16 -12 6 -12 6 -7 11 3 -9 13 0.202247 1 33 48 14 0.339623 2 36 10 -24 30 
17 19 3 0 0.666667 1 19 -43 3 0.986301 8 10 16 20 26 10 26 15 16 20 -4 20 16 15 11 20 1 13 0.666667 1 33 18 
18 19 10 0 0.545455 1 14 -58 3 0.545455 1 10 -44 4 0.80597 3 -9 36 31 26 31 -19 5 0.80597 3 -5 -41 20 -16 -5 29 6 0.545455 1 34 17 10 0.545455 1 18 -19 11 0.545455 1 -4 12 12 0.80597 3 -7 16 -2 21 3 1 13 0.545455 1 -22 -17 14 0.545455 1 11 30 
19 19 5 0 0.931034 3 14 -43 -26 -63 -11 2 6 0.75 1 29 17 7 0.75 1 -31 16 11 0.75 1 -29 -18 15 0.75 1 -39 25 
20 19 3 4 0.964286 3 -9 41 -19 -39 -9 26 11 0.818182 1 -24 -33 13 0.818182 1 38 -57 
21 19 13 0 0.734694 6 4 -23 -1 7 9 -3 9 -18 -26 -53 9 -18 1 0.5625 3 21 9 21 -41 1 79 3 0.692308 5 -15 1 15 -4 -25 -44 -15 21 -20 -14 4 0.692308 5 -9 -34 -9 -39 -29 -44 -9 21 -14 -4 5 0.692308 5 0 29 -20 34 -10 -6 10 -21 -10 19 7 0.5625 3 -21 31 -16 1 -11 -34 8 0.290323 1 17 21 11 0.637168 4 -24 -28 -29 -28 6 37 -24 -3 12 0.692308 5 -7 -4 -12 -4 3 -4 -7 -14 -22 6 13 0.290323 1 28 -27 14 0.692308 5 -24 -50 -14 20 -34 -50 -34 -15 -29 -30 15 0.290323 1 -34 -45 18 0.290323 1 29 12 
22 19 2 0 0.981818 3 -26 52 -21 12 -26 17 11 0.857143 1 -29 -18 
23 19 3 9 0.545455 1 27 14 12 0.992126 14 8 -19 -17 -19 -2 -19 3 -14 -2 -19 -12 -14 3 -19 8 6 -2 -4 -7 -14 8 -9 8 -14 -7 -19 8 -4 14 0.545455 1 31 10 
24 19 5 1 0.692308 1 -14 84 5 0.692308 1 20 34 7 0.957447 5 19 -4 19 1 24 16 14 -44 24 31 11 0.692308 1 16 12 14 0.692308 1 36 -55 
25 19 15 0 0.486486 1 19 32 5 0.666667 2 20 -26 15 -1 6 0.486486 1 34 2 7 0.486486 1 14 -24 8 0.666667 2 17 -19 17 -29 9 0.486486 1 27 39 10 0.486486 1 13 -34 11 0.666667 2 26 7 16 2 12 0.486486 1 -17 -14 13 0.760563 3 63 -67 53 -47 48 -47 14 0.486486 1 -39 0 15 0.486486 1 26 -85 16 0.486486 1 32 -14 17 0.486486 1 24 -34 18 0.486486 1 14 -23 
26 19 2 12 0.96 4 -7 -19 13 -4 8 -4 -22 16 15 0.931034 3 26 -85 26 -65 21 -130 
27 19 2 11 0.782609 1 -4 22 12 0.989011 5 -7 -14 -2 -14 -7 -14 -17 -19 8 -14 
28 19 3 4 0.782609 1 -9 16 5 0.947368 3 -15 -36 -15 14 10 -16 11 0.9 2 -4 2 11 7 
29 19 2 6 0.9 2 29 -23 29 -8 7 0.972973 4 29 -39 14 -24 19 36 39 26 
30 19 10 0 0.5 1 9 -48 1 0.827586 4 -4 -96 11 19 -24 19 -9 19 3 0.5 1 -20 41 4 0.5 1 -9 -9 5 0.771429 3 15 -46 15 14 15 -6 6 0.5 1 29 -33 7 0.679245 2 34 36 29 -24 12 0.679245 2 -12 -14 -7 -19 13 0.771429 3 38 13 33 13 -2 18 14 0.5 1 -24 -20 
31 19 2 5 0.992126 7 5 44 10 -11 -15 -6 15 -16 -15 4 15 39 15 -36 15 0.72 1 -39 -105 
32 19 9 0 0.679245 2 -6 32 9 32 3 0.5 1 -10 11 4 0.827586 4 1 -29 -14 -39 -14 11 -14 16 5 0.827586 4 -15 -31 -10 -1 -5 29 -20 4 6 0.5 1 -16 -38 7 0.827586 4 -26 11 9 -39 4 -39 9 -19 11 0.5 1 16 -33 13 0.5 1 28 -2 15 0.5 1 -29 -155 
33 19 7 0 0.782609 3 -6 -18 -1 2 9 42 1 0.782609 3 -34 19 -4 -66 -9 -26 3 0.919708 7 -30 26 -25 36 5 -44 0 1 5 -29 5 -29 5 -34 5 0.692308 2 -5 14 -5 34 11 0.514286 1 16 -28 13 0.514286 1 28 -22 15 0.514286 1 6 -120 
34 19 2 0 0.5 1 -6 -38 3 0.996923 18 5 26 0 -14 0 -19 -10 -14 -5 26 -5 11 0 16 -5 26 -5 16 5 21 5 26 0 6 -5 1 -5 1 -5 -24 -5 -39 0 -4 -5 -29 
35 19 2 3 0.947368 1 0 -44 7 0.947368 1 4 21 
36 19 4 0 0.818182 1 -11 -48 1 0.818182 1 11 -71 3 0.818182 1 5 1 14 0.923077 2 11 10 16 0 
37 19 4 1 0.692308 1 6 -36 3 0.837209 2 0 11 0 31 5 0.957447 5 -5 9 5 -46 0 -31 0 24 5 29 14 0.692308 1 -39 15 
38 19 8 1 0.782609 3 11 -31 11 -6 11 -11 3 0.837209 4 -10 -49 10 -29 0 41 10 21 4 0.782609 3 16 16 16 11 1 36 5 0.514286 1 5 -21 6 0.514286 1 24 -48 12 0.514286 1 -12 -19 13 0.782609 3 53 -42 28 -7 13 33 14 0.692308 2 21 10 26 -50 
39 19 5 1 0.642857 1 6 -56 4 0.642857 1 11 -19 6 0.9375 5 24 -3 19 -43 29 -23 24 -23 24 -28 11 0.8 2 11 -8 21 -13 14 0.8 2 21 -35 26 5 
40 19 9 0 0.72 2 9 97 9 97 6 0.80597 3 -51 12 -51 -38 -41 17 8 0.545455 1 -8 51 9 0.857143 4 2 49 7 49 17 49 17 49 10 0.72 2 -2 51 -7 56 11 0.545455 1 -4 32 16 0.545455 1 -8 51 17 0.545455 1 9 56 18 0.545455 1 14 47 
41 19 6 8 0.918367 5 2 51 -8 56 12 51 -3 56 -3 51 9 0.6 1 -13 54 14 0.6 1 -9 50 15 0.765957 2 -4 40 6 45 16 0.84375 3 7 51 2 56 7 51 18 0.6 1 9 52 
42 19 2 17 0.878049 2 14 46 -11 56 18 0.978261 5 9 52 -11 52 -1 52 -6 52 9 52 
43 19 2 9 0.857143 1 -18 49 18 0.981818 3 -36 47 14 52 9 52 
44 19 8 8 0.771429 3 -23 56 -3 56 -33 41 9 0.5 1 -18 54 10 0.827586 4 -2 56 -22 56 -17 56 -17 56 14 0.5 1 1 50 15 0.679245 2 1 45 -24 40 16 0.679245 2 -18 51 -18 56 17 0.827586 4 -1 56 -36 51 -31 31 -36 -29 18 0.679245 2 -41 37 -21 -8 
45 19 3 3 0.782609 1 5 51 4 0.972973 4 1 51 -9 51 6 51 16 51 12 0.782609 1 3 26 
46 19 10 0 0.80597 3 19 67 4 97 4 97 1 0.545455 1 1 89 4 0.545455 1 -24 51 5 0.72 2 -25 54 -10 54 6 0.80597 3 -26 27 -26 -48 24 27 7 0.545455 1 -16 46 11 0.545455 1 -24 2 12 0.72 2 3 -9 3 21 13 0.545455 1 33 -62 14 0.545455 1 11 55 
47 19 7 0 0.765957 2 4 102 19 72 1 0.6 1 26 29 5 0.6 1 15 49 11 0.6 1 26 -3 12 0.6 1 8 26 13 0.93913 6 33 73 68 53 33 73 33 78 73 43 73 48 18 0.6 1 19 -33 
48 19 3 2 0.75 1 -27 50 11 0.978261 5 -19 7 -29 2 26 -3 -29 -13 -4 22 12 0.75 1 -22 26 
49 19 10 0 0.514286 1 -26 12 1 0.692308 2 11 9 -34 -51 3 0.692308 2 -25 46 0 -24 5 0.514286 1 -15 49 6 0.782609 3 24 7 24 7 29 -13 11 0.692308 2 -9 12 -4 -33 12 0.782609 3 -12 -14 -17 21 -17 26 13 0.692308 2 18 83 -27 23 14 0.514286 1 16 -55 15 0.514286 1 -44 25 
50 19 3 1 0.947368 2 16 19 -24 -36 4 0.857143 1 -4 51 14 0.857143 1 26 -5 
51 19 3 0 0.964286 3 -21 72 -26 -33 -31 -38 3 0.818182 1 -30 11 11 0.818182 1 -24 7 
52 19 5 1 0.72 1 -19 -91 4 0.72 1 -9 -24 7 0.947368 4 34 -34 24 -19 -41 16 -21 16 11 0.72 1 31 -3 15 0.72 1 6 -145 
53 19 10 0 0.5625 1 -6 42 1 0.5625 1 -14 94 2 0.734694 2 23 -5 -32 -45 3 0.5625 1 -30 21 4 0.5625 1 -9 -4 5 0.5625 1 10 54 7 0.734694 2 -6 36 19 46 11 0.5625 1 -29 7 13 0.86747 4 18 3 -27 68 48 -37 -17 78 15 0.5625 1 -24 10 
54 19 3 0 0.666667 1 24 -28 7 0.986301 8 -1 -4 -1 21 9 -24 24 36 -1 -9 -16 -14 -21 11 -26 21 18 0.666667 1 14 37 
55 19 9 0 0.734694 2 -1 77 4 72 1 0.818182 3 6 -66 1 -66 -19 -26 3 0.5625 1 20 51 4 0.818182 3 6 -39 1 16 6 -34 5 0.734694 2 -5 -26 -10 -1 7 0.5625 1 24 16 11 0.5625 1 11 -28 14 0.5625 1 21 -35 15 0.5625 1 -24 -60 
56 19 4 2 0.75 1 28 0 6 0.75 1 -26 -43 13 0.75 1 28 -7 15 0.96 4 1 -110 1 -110 6 -45 -19 -135 
57 19 8 0 0.580645 1 -6 102 1 0.830769 3 1 34 1 34 -9 84 4 0.580645 1 31 46 5 0.830769 3 20 49 20 -31 5 49 11 0.580645 1 31 2 12 0.75 2 8 16 3 21 13 0.580645 1 18 43 14 0.75 2 31 -25 -24 50 
58 19 2 3 0.75 1 -30 46 13 0.990826 6 -12 38 38 48 28 58 -17 53 13 53 -7 33 
59 19 9 0 0.72 2 4 57 4 37 2 0.545455 1 18 -50 4 0.72 2 -9 11 -9 26 5 0.545455 1 0 -1 6 0.80597 3 24 -3 -26 2 -36 12 7 0.545455 1 -11 -14 11 0.80597 3 11 -33 -19 -28 11 -23 13 0.545455 1 -2 8 15 0.72 2 -39 -55 11 -90 
60 19 6 1 0.642857 1 -19 -6 4 0.642857 1 -4 -14 7 0.9375 5 -1 1 24 -9 -6 1 29 -4 -6 -4 11 0.642857 1 6 -28 12 0.642857 1 -12 1 14 0.8 2 21 -30 -14 45 
61 19 2 6 0.818182 1 -16 -28 11 0.986301 4 -34 -18 -4 -28 1 -28 -24 32 
62 19 6 4 0.514286 1 6 51 5 0.692308 2 -15 -11 -10 -31 6 0.514286 1 29 -3 11 0.957447 10 26 2 -14 -18 31 -8 11 -23 11 -18 11 -18 1 27 16 37 -14 37 -4 37 13 0.782609 3 38 58 43 63 -22 -27 14 0.514286 1 -14 25 
63 19 4 1 0.692308 1 -24 19 6 0.837209 2 -16 12 -16 17 7 0.692308 1 -1 -39 14 0.957447 5 -9 -25 -9 -50 -24 -55 -14 -55 -9 -45 
64 19 8 1 0.739726 3 -4 -1 -14 9 -14 -16 2 0.642857 2 -22 50 23 -15 6 0.461538 1 -21 17 7 0.8 4 -6 46 14 46 -16 36 14 -9 11 0.642857 2 -4 -28 -14 -28 13 0.739726 3 -7 -52 -2 -12 -2 -22 14 0.841121 5 1 -15 -24 -15 -9 10 -4 -55 -4 -45 15 0.642857 2 1 15 -9 -10 
65 19 4 1 0.75 1 -14 -46 6 0.96 4 -21 -8 -21 -33 19 -48 -11 -38 11 0.75 1 -9 -28 15 0.75 1 16 -105 
66 19 2 2 0.964286 3 -22 50 -27 -25 -27 40 15 0.923077 2 -34 -45 -34 -135 
67 19 2 0 0.818182 1 -11 57 14 0.986301 4 -24 -35 -9 -30 -9 -50 -9 -45 
68 19 3 7 0.75 1 -1 41 11 0.978261 5 -9 -18 1 -13 -9 -23 -4 -13 -4 -13 15 0.75 1 -4 -25 
69 19 13 0 0.545455 3 -31 52 -1 47 -6 57 1 0.72 6 -34 -86 -34 -41 -4 -46 -9 -6 -4 -51 -24 -11 2 0.62069 4 -32 -30 -32 10 8 -55 -32 -40 3 0.276923 1 -30 -24 4 0.545455 3 -24 -9 -4 6 6 16 5 0.439024 2 -10 -21 -5 24 6 0.276923 1 19 -38 7 0.842553 11 -21 -29 -41 26 -1 6 -1 26 -6 26 14 31 4 21 14 21 9 6 -6 11 4 36 11 0.439024 2 -4 -23 6 -13 12 0.276923 1 -12 11 13 0.62069 4 -2 -22 8 -2 -12 -7 3 18 14 0.545455 3 21 -30 -14 55 -14 -5 15 0.754491 7 -24 -110 -34 -45 -14 -105 -44 15 -34 5 6 -15 -19 -65 
70 19 10 0 0.642857 3 -1 62 -6 -53 -11 67 1 0.642857 3 1 -31 -4 -51 -9 -56 2 0.36 1 18 40 4 0.712871 4 -9 -14 -14 6 -9 -4 -4 31 6 0.36 1 -21 -28 7 0.36 1 -11 31 11 0.8 6 11 -8 -4 -8 -14 -8 -4 -3 -4 2 -14 -3 13 0.762712 5 -2 8 8 -2 8 8 18 18 -7 68 14 0.8 6 -19 -40 -14 -40 -19 -5 6 -35 16 -45 -19 25 15 0.642857 3 -14 -65 -4 -75 1 -65 
71 19 8 1 0.825688 5 6 -71 11 -56 11 -66 1 -81 6 -16 4 0.439024 1 1 -19 6 0.938389 11 19 -28 14 -8 14 -23 19 -48 24 -23 14 -38 14 17 19 17 24 -28 24 12 14 -38 7 0.439024 1 24 -4 11 0.62069 2 6 -18 -4 2 13 0.62069 2 13 -7 18 -12 14 0.439024 1 6 -35 15 0.439024 1 -9 -40 
72 19 8 1 0.514286 2 -14 -11 1 -1 2 0.873786 10 23 15 18 -40 18 -45 18 -20 18 15 18 45 18 -40 18 -15 18 -5 18 20 6 0.743802 5 9 -43 9 -18 9 -23 9 -48 -31 -48 7 0.514286 2 24 31 -26 21 11 0.692308 4 11 -3 1 -3 -4 -8 -24 12 13 0.692308 4 8 -17 53 -77 48 -67 23 73 14 0.743802 5 6 -40 -24 30 -4 30 21 -50 -44 -40 15 0.692308 4 -19 -115 -4 15 -4 -150 -49 -140 
73 19 5 1 0.782609 2 -4 -31 -9 -26 4 0.62069 1 -19 31 11 0.62069 1 -19 7 14 0.62069 1 -9 5 15 0.961832 7 1 -40 -14 -40 -14 -25 -9 -100 -19 -35 -4 -50 1 20 
74 19 6 1 0.545455 1 -4 29 2 0.891089 5 -22 50 -27 -15 -27 30 -27 20 -27 -5 6 0.72 2 -16 27 -6 -33 13 0.545455 1 18 -57 14 0.80597 3 -9 20 1 -10 1 -20 15 0.857143 4 1 -70 6 -25 6 -15 -4 -155 
75 19 7 1 0.6 1 -9 14 2 0.84375 3 -27 -20 -27 10 -27 -25 6 0.6 1 -16 -18 11 0.6 1 1 -28 13 0.84375 3 23 -2 -27 -47 48 48 14 0.765957 2 1 15 -4 -35 15 0.765957 2 -14 -125 -9 -90 
76 19 2 6 0.993104 8 -16 -8 -11 -28 -11 -28 -1 2 -6 -43 -6 -8 -6 -33 -6 -23 15 0.692308 1 -9 -105 
77 19 4 1 0.486486 1 -9 29 6 0.990291 17 -1 -3 4 2 -11 17 -6 22 9 -38 14 -43 -1 22 -11 -3 4 17 -11 7 4 -43 -11 -8 9 -28 -1 -33 -1 -18 -1 -18 -1 22 13 0.486486 1 18 -42 15 0.486486 1 -24 -120 
78 19 6 2 0.913043 7 13 15 13 5 13 -10 13 -25 13 40 13 -10 18 15 6 0.679245 2 4 17 9 -23 7 0.5 1 -1 46 13 0.827586 4 43 -52 43 53 -17 58 28 63 14 0.827586 4 11 -40 11 10 16 10 1 5 15 0.5 1 -29 -55 
79 19 2 6 0.782609 1 -1 7 15 0.989011 5 1 -95 -19 5 -29 -115 6 -75 -19 -50 
80 19 6 2 0.5625 1 13 50 6 0.5625 1 14 17 7 0.734694 2 19 46 14 31 13 0.9 5 58 58 13 -47 3 -32 43 48 43 -57 14 0.734694 2 16 -15 -14 -40 15 0.86747 4 -14 -155 -19 -15 -29 -145 16 20 
81 19 4 2 0.969231 7 18 50 13 55 -7 55 -7 -50 23 -15 -22 55 23 35 6 0.642857 1 -1 27 7 0.8 2 44 26 44 21 12 0.642857 1 13 1 
82 19 5 0 0.62069 1 19 77 1 0.857143 3 1 34 -4 39 -19 34 6 0.947368 6 -21 32 9 32 9 32 -6 32 14 32 29 32 14 0.62069 1 -19 60 15 0.62069 1 16 -95 
83 19 3 2 0.964286 3 28 20 28 25 28 35 11 0.818182 1 36 -8 15 0.818182 1 31 10 
84 19 2 5 0.972973 2 20 19 20 -26 12 0.9 1 13 1 
85 19 12 0 0.666667 2 9 102 -16 102 1 0.486486 1 -9 39 2 0.486486 1 28 10 4 0.486486 1 -29 51 5 0.486486 1 15 54 6 0.666667 2 34 -8 34 32 7 0.486486 1 24 6 11 0.666667 2 16 22 -34 -3 12 0.666667 2 -2 6 -22 26 13 0.666667 2 -32 68 -37 73 14 0.666667 2 -29 45 -9 -25 15 0.760563 3 -54 -95 -14 50 -19 20 
86 19 6 2 0.580645 1 3 50 4 0.580645 1 31 11 5 0.580645 1 20 -1 7 0.931034 6 44 31 34 -29 -6 1 4 -24 -1 -34 49 21 13 0.878049 4 43 48 28 -42 -17 -57 43 -52 15 0.580645 1 -19 15 
87 19 2 2 0.996743 17 -12 15 -12 30 -12 -40 23 -10 23 -40 -22 -20 -12 25 -17 15 -12 45 23 30 -22 15 23 5 -17 30 -12 -45 -17 30 -12 10 -7 25 15 0.514286 1 -24 10 
88 19 2 2 0.9 1 -17 15 13 0.972973 2 -2 -62 -7 53 
89 19 4 2 0.878049 4 -17 -30 -17 -45 -12 -20 -2 -55 13 0.75 2 -52 -77 13 -37 14 0.580645 1 1 15 15 0.947368 7 -24 -125 -34 10 -29 5 -19 -75 -19 -90 -29 -95 -19 -100 
90 19 2 2 0.997691 24 8 -35 3 -35 -12 -30 3 -10 3 -40 3 -20 -12 5 -12 -40 3 15 3 -25 8 -40 3 -25 -2 -25 -7 -15 -2 35 3 15 -2 0 3 35 3 20 -7 35 3 15 -2 -5 3 -15 -32 -25 15 0.428571 1 -14 -15 
91 19 4 2 0.956522 11 -22 0 -22 40 8 -45 8 -45 -2 50 8 -40 13 25 8 -10 -17 45 8 15 -22 -35 13 0.857143 5 -7 -52 18 -7 28 -27 48 -82 38 -67 14 0.666667 2 6 15 6 -50 15 0.666667 2 6 -50 -39 5 
92 19 6 2 0.666667 1 8 35 6 0.818182 2 -1 22 -6 7 7 0.666667 1 49 11 13 0.666667 1 18 -42 14 0.885246 3 6 -55 1 -45 6 -5 15 0.818182 2 -34 -105 -14 25 
93 19 13 0 0.514286 1 29 52 1 0.514286 1 -14 74 3 0.692308 2 25 31 25 -24 4 0.692308 2 -19 -49 31 46 5 0.514286 1 25 -1 6 0.514286 1 44 -18 7 0.692308 2 49 -9 29 6 8 0.514286 1 22 6 11 0.782609 3 26 7 36 -3 36 -13 13 0.514286 1 43 18 16 0.514286 1 22 -9 17 0.514286 1 9 -24 18 0.514286 1 19 47 
94 19 2 11 0.972973 4 36 -33 36 -23 26 12 31 -3 13 0.9 2 73 -67 58 58 
95 19 5 3 0.75 1 20 46 6 0.931034 3 -21 -38 34 7 39 -18 8 0.75 1 17 -44 12 0.75 1 -12 -4 13 0.75 1 48 28 
96 19 15 0 0.642857 3 24 2 24 -68 -16 97 1 0.36 1 11 74 2 0.36 1 28 -50 5 0.642857 3 20 -46 25 -11 -25 -51 6 0.36 1 44 -3 7 0.712871 4 24 -19 24 -24 29 16 -26 41 8 0.642857 3 22 -44 22 -39 17 26 9 0.537313 2 22 -46 -23 24 10 0.36 1 13 -34 11 0.36 1 36 -28 12 0.642857 3 13 6 13 1 18 -19 13 0.537313 2 68 53 38 -12 15 0.537313 2 21 -20 -19 30 16 0.712871 4 32 -44 32 -39 -13 56 22 -4 18 0.537313 2 29 -38 14 32 
97 19 3 2 0.818182 1 -22 -55 4 0.818182 1 21 -4 13 0.964286 3 18 68 -57 -77 -47 48 
98 19 8 3 0.782609 2 25 51 30 -24 5 0.857143 3 20 -16 20 49 25 49 7 0.62069 1 59 16 8 0.782609 2 17 46 22 51 12 0.62069 1 13 16 14 0.62069 1 46 15 15 0.62069 1 31 -115 16 0.62069 1 32 -19 
99 19 6 1 0.486486 1 26 4 2 0.666667 2 28 -50 28 40 3 0.486486 1 30 41 11 0.818182 4 1 37 26 37 6 37 26 32 12 0.956522 11 13 -14 18 1 18 1 18 16 -22 -9 18 -4 18 1 13 21 18 6 18 6 18 11 14 0.486486 1 46 -25 
100 19 2 11 0.818182 1 21 37 12 0.986301 4 18 16 13 26 8 26 13 26 
101 19 8 3 0.5 1 -10 -49 4 0.5 1 -4 -44 6 0.5 1 -36 22 7 0.5 1 39 21 8 0.5 1 -33 1 11 0.679245 2 -34 -8 -29 -3 12 0.5 1 -2 -24 13 0.961165 11 48 -72 18 -57 8 -47 18 63 43 -72 28 -72 -12 -67 18 -72 -17 -77 -7 -67 18 -77 
102 19 8 1 0.935065 8 -34 -56 -24 -106 -14 -106 -9 79 -39 -56 -39 -51 -14 -106 1 -106 4 0.514286 1 -24 41 8 0.692308 2 -33 36 -33 1 9 0.514286 1 -28 -46 12 0.514286 1 -2 -24 14 0.692308 2 -44 -10 -29 -5 16 0.692308 2 -18 -39 -23 -14 18 0.514286 1 -31 2 
103 19 17 0 0.652174 5 -6 -73 -1 -73 14 -73 -26 -73 19 -58 1 0.257143 1 -14 -91 2 0.696774 6 -12 -50 8 -50 8 -50 -17 -50 18 -50 18 -50 3 0.761905 8 -5 -39 -10 -49 -15 -49 5 -49 -20 -49 10 -49 10 -49 15 -49 4 0.413793 2 -4 -49 -29 -49 5 0.413793 2 -20 -51 -10 -51 6 0.652174 5 24 -28 -31 -8 4 -33 -1 -48 -1 -38 7 0.595041 4 44 11 4 21 -1 36 34 -24 8 0.413793 2 -33 -24 -23 -54 10 0.257143 1 -7 -59 12 0.413793 2 -12 -24 -22 -24 13 0.519231 3 -7 -82 8 -77 18 -77 14 0.257143 1 -19 -55 15 0.595041 4 -49 -125 -9 -165 -9 -165 -4 -165 16 0.413793 2 7 -54 -8 -59 17 0.595041 4 -26 -4 -26 -9 -21 -39 -21 -54 18 0.257143 1 -21 2 
104 19 4 9 0.692308 1 22 -51 10 0.957447 5 13 -49 -22 -54 13 41 13 -59 -2 -54 16 0.837209 2 7 -54 17 26 17 0.692308 1 19 -49 
105 19 19 0 0.347107 7 14 82 9 97 19 97 29 -3 29 -18 -16 87 29 27 1 0.640777 22 1 -106 21 -106 -4 -106 -24 -106 6 -101 6 69 16 64 1 64 26 69 36 -16 31 -31 11 59 36 -86 31 -86 31 -41 36 -61 21 -81 11 94 16 89 31 -66 16 79 21 84 2 0.347107 7 28 55 28 30 28 40 23 45 33 45 33 10 13 -55 3 0.0689655 1 25 -24 4 0.230769 4 26 31 -29 -24 31 11 31 -29 5 0.183051 3 30 -21 25 44 25 34 6 0.503226 13 49 -38 44 2 44 -3 44 12 -41 -43 39 -43 14 37 44 -13 34 27 44 -28 -51 -28 44 32 14 37 7 0.378947 8 64 11 64 -14 59 21 29 -39 34 11 34 -14 34 6 34 -9 8 0.640777 22 -8 -59 -13 -59 -28 -59 2 -59 27 46 -8 -54 22 -44 27 16 27 -44 27 -9 27 -19 27 -14 27 21 22 -24 27 36 27 31 27 31 27 41 27 31 27 41 27 26 27 41 9 0.459397 11 -8 -61 7 -61 22 -66 -18 -61 7 -66 -3 -66 12 -66 7 -56 -28 4 32 34 27 39 10 0.737888 33 -17 -59 18 -59 13 -59 3 -59 18 -64 -27 -59 -22 -59 -32 -59 13 -64 23 -44 -22 -64 23 -14 28 6 23 6 23 -24 23 11 23 -19 23 1 23 1 23 16 23 -34 18 -24 23 21 23 6 23 26 23 36 28 41 23 51 13 56 23 -34 28 51 18 56 23 36 11 0.312139 6 31 12 36 -33 36 2 31 7 -39 -8 -9 32 12 0.312139 6 3 1 18 -24 8 1 18 21 18 -24 18 -9 13 0.0689655 1 43 78 14 0.662577 24 51 5 41 -50 6 50 46 -5 41 -20 46 -10 51 -40 51 15 51 -15 41 -30 51 15 51 -10 51 -50 51 -35 51 -15 46 40 46 -10 51 -25 51 20 46 30 51 -10 46 25 51 -30 -34 40 15 0.603175 19 -19 -170 21 -170 -19 -170 -34 -170 -34 -170 21 20 21 -90 36 5 26 -125 36 15 41 -20 41 -90 26 35 31 35 36 10 31 -165 41 -105 26 -10 36 -65 16 0.574109 17 12 -59 -28 -59 7 -59 42 -34 32 -54 32 -24 37 -4 37 11 37 -19 37 6 32 41 37 1 27 36 27 11 -18 -29 27 26 -33 -39 17 0.662577 24 9 -59 24 -59 14 -59 -26 -59 4 -59 34 -44 29 -44 -31 -54 -21 56 19 -54 29 -14 29 -29 14 -4 29 -19 29 -24 24 41 29 11 -26 -24 29 -9 29 16 29 -24 24 31 29 36 29 46 18 0.55814 16 29 -48 34 -48 -21 52 -26 -58 29 -8 19 -13 24 -33 24 -33 39 -23 24 12 29 -18 29 37 34 32 19 42 24 -3 29 47 
106 19 19 0 0.655462 13 29 -23 29 7 29 -38 9 97 24 -33 29 -73 24 -23 29 32 24 2 24 17 24 47 24 42 -21 102 1 0.453782 6 -4 64 31 -76 31 -61 -39 -61 -24 59 36 -91 2 0.453782 6 33 10 28 -20 28 5 28 20 23 -50 23 -50 3 0.40724 5 25 -39 25 -24 25 11 25 11 25 51 4 0.352941 4 26 -29 26 -29 26 21 26 51 5 0.560554 9 25 -41 20 -26 25 -31 25 -21 25 29 25 -41 25 -31 20 24 20 54 6 0.560554 9 39 -23 34 -48 39 -8 39 -18 34 -8 34 -28 -36 32 -41 12 -36 17 7 0.635294 12 49 41 54 41 49 41 49 46 34 31 54 -4 24 -44 39 -39 39 -39 24 11 39 1 39 11 8 0.494118 7 17 56 22 56 7 56 12 56 22 11 22 31 22 16 9 0.352941 4 27 -46 27 -26 27 29 27 -31 10 0.40724 5 23 31 18 -29 18 31 18 31 18 -34 11 0.453782 6 36 -33 31 -33 -29 7 -39 -13 26 22 -9 37 12 0.40724 5 8 -4 18 -9 8 -24 13 26 18 26 13 0.529412 8 68 68 73 53 68 -82 53 -72 73 -77 78 23 53 38 38 -2 14 0.453782 6 26 30 41 -45 -34 40 16 60 -29 60 -4 60 15 0.588235 10 -49 35 41 -60 26 -165 26 -165 -54 -135 26 -65 -49 -45 36 -65 -44 5 6 -120 16 0.588235 10 7 56 42 -39 37 26 37 -4 -28 -49 37 31 32 6 37 -44 17 41 37 -39 17 0.352941 4 24 -39 24 -29 19 -49 14 61 18 0.494118 7 -36 -18 9 57 19 22 4 57 24 37 19 -3 24 7 
107 19 3 1 0.96 8 -9 -96 11 -101 -19 -101 16 -101 -24 -101 21 19 -14 -96 6 -96 5 0.909091 5 15 -51 -15 -51 10 -51 -10 -51 -25 -51 13 0.580645 1 38 -17 
108 19 7 1 0.692308 1 41 24 3 0.692308 1 30 -19 4 0.692308 1 31 31 5 0.837209 2 30 24 30 -51 8 0.692308 1 22 36 9 0.837209 2 32 -6 32 -1 13 0.692308 1 -27 48 
109 19 6 0 0.683544 3 34 52 34 47 34 -58 2 0.75 4 33 -15 33 -45 33 -25 33 -35 3 0.96 16 30 46 30 51 30 41 30 -49 30 51 30 11 30 31 30 11 30 -39 30 -9 30 6 30 -29 30 1 30 -39 30 -34 30 21 4 0.580645 2 31 -34 31 -39 13 0.580645 2 18 -82 -37 -67 16 0.4 1 27 -49 
110 19 7 4 0.6 1 31 26 5 0.765957 2 30 -16 30 -51 9 0.6 1 32 4 10 0.6 1 23 -49 11 0.6 1 41 -8 12 0.93913 6 23 1 23 6 23 11 23 -4 23 -24 23 -4 18 0.6 1 24 -48 
111 19 8 3 0.580645 1 30 51 4 0.909091 5 31 -44 31 16 31 31 31 31 31 51 9 0.580645 1 32 -51 10 0.75 2 23 -49 23 -49 11 0.580645 1 41 -13 12 0.75 2 23 -19 -22 -19 13 0.580645 1 -22 -82 17 0.580645 1 -31 21 
112 19 2 9 0.986301 4 32 -31 32 -21 32 -1 32 -41 16 0.818182 1 42 -29 
113 19 2 2 0.992126 7 33 40 33 40 33 40 33 15 33 0 33 35 33 45 4 0.72 1 31 11 
114 19 18 0 0.607595 8 34 42 34 -18 34 -23 34 -13 4 92 -31 42 -31 27 -21 92 1 0.266667 2 41 -36 41 -1 2 0.426035 4 -32 -10 -12 -55 -32 50 -27 -15 3 0.152542 1 -10 -49 4 0.53202 6 31 6 -9 -49 -24 -19 -24 26 -29 51 -24 6 5 0.572727 7 10 -51 30 44 30 -6 -25 -51 30 14 30 -31 30 24 6 0.355263 3 29 12 -31 -3 -31 -18 7 0.53202 6 -31 36 -41 1 -31 16 -36 -44 -41 6 -26 1 8 0.53202 6 17 -54 -33 46 -33 41 -28 56 -33 1 -33 46 9 0.664207 10 32 14 32 44 32 -6 32 -56 -28 14 27 -61 32 49 -23 -21 -28 44 -23 14 11 0.664207 10 41 2 -34 -28 -39 -13 -19 17 -34 -28 -29 37 -29 32 -34 -33 -14 22 -24 32 12 0.607595 8 23 -14 23 1 23 -14 23 -9 23 -9 3 21 -17 -14 -22 21 13 0.637795 9 23 -77 23 -67 -27 63 28 -27 -57 -72 -42 -42 -37 -22 -32 18 48 58 14 0.266667 2 -24 -30 -24 -35 15 0.355263 3 36 -170 -54 -65 16 30 16 0.483871 5 42 46 42 -14 -18 -54 -28 -24 -28 31 17 0.637795 9 -26 46 -26 21 -31 41 -6 -54 24 -49 19 -49 -31 41 34 -49 -31 56 18 0.266667 2 24 -53 24 -53 
115 19 5 0 0.957447 5 4 -78 14 -78 19 -78 -31 -78 9 87 7 0.692308 1 -26 -39 9 0.692308 1 -28 -56 15 0.692308 1 -54 -165 17 0.692308 1 -31 -44 
116 19 2 7 0.972973 2 -26 -44 -46 11 15 0.9 1 -44 -150 
117 19 3 0 0.964286 3 -31 -3 -31 -13 -31 -28 17 0.818182 1 -21 -54 18 0.818182 1 -21 -58 
118 19 12 0 0.486486 1 -21 87 1 0.486486 1 -29 -51 4 0.486486 1 -29 16 6 0.818182 4 -56 -48 -41 -13 -61 -8 -36 -43 7 0.818182 4 -31 21 -26 -44 -31 16 -31 11 8 0.486486 1 -33 -49 9 0.486486 1 -23 -56 11 0.486486 1 -39 -23 12 0.666667 2 -17 -9 -22 -14 16 0.486486 1 -18 36 17 0.666667 2 -36 16 -36 -54 18 0.486486 1 -36 -58 
119 19 2 1 0.989011 5 -39 4 -39 -101 -39 -1 -39 -101 -39 -91 2 0.782609 1 -32 5 
120 19 6 8 0.705882 2 12 1 -8 51 9 0.847059 4 22 14 22 14 17 -6 -13 -26 10 0.882353 5 13 21 8 -29 -17 51 -22 36 -22 31 16 0.794118 3 -8 46 7 46 -3 51 17 0.529412 1 9 51 18 0.705882 2 24 -13 -1 47 
121 19 2 16 0.993104 8 -8 16 -8 -19 -3 26 -8 6 7 46 12 6 12 11 -3 31 18 0.692308 1 -1 -18 
122 19 6 8 0.80597 3 12 46 -3 46 17 -44 9 0.72 2 2 49 -3 9 10 0.545455 1 -12 -14 16 0.80597 3 -8 41 -3 51 -8 -24 17 0.72 2 -26 -4 -11 51 18 0.891089 5 14 -43 -11 -8 14 7 -21 42 -6 22 
123 19 6 8 0.6 1 17 -34 9 0.6 1 2 44 10 0.918367 5 -17 1 -17 31 8 46 -7 46 13 1 16 0.765957 2 22 21 32 -14 17 0.84375 3 -21 -34 4 46 19 -14 18 0.6 1 -11 -38 
124 19 2 16 0.857143 1 -3 6 17 0.981818 3 -1 -9 -1 1 -6 -9 
125 19 3 8 0.642857 1 17 21 9 0.642857 1 22 -16 17 0.987805 9 4 -39 4 31 4 36 -16 -44 -16 -9 -11 6 4 16 14 16 -6 26 
126 19 3 8 0.666667 1 17 -19 10 0.666667 1 8 31 17 0.986301 8 4 1 19 -9 14 36 14 31 -6 46 4 16 -1 11 -16 -24 
127 19 5 9 0.705882 2 -8 -21 17 -21 10 0.847059 4 -12 -34 -7 -19 -17 -44 -7 31 16 0.847059 4 -8 1 -8 46 2 -39 2 -14 17 0.847059 4 -11 46 -11 -39 -11 -29 4 46 18 0.794118 3 -11 -33 -1 -38 -6 -38 
128 19 2 10 0.989011 5 -12 -29 -22 -29 3 46 -17 6 -27 46 17 0.782609 1 -31 46 
129 19 2 17 0.989011 5 -21 41 -1 46 -11 46 4 46 4 -24 18 0.782609 1 -26 42 
130 19 2 10 0.986301 4 13 -9 13 1 13 11 13 -39 16 0.818182 1 32 36 
131 19 10 6 0.529412 1 -61 -38 8 0.529412 1 17 -44 10 0.529412 1 13 31 11 0.794118 3 -9 27 -9 27 -24 27 12 0.529412 1 -22 21 14 0.529412 1 36 -35 15 0.529412 1 11 35 16 0.794118 3 32 -39 12 -54 17 -24 17 0.529412 1 19 -44 18 0.847059 4 14 -38 19 2 -11 -53 -16 -58 
132 19 2 14 0.989011 5 21 35 6 35 -19 40 26 45 26 30 18 0.782609 1 -26 37 
133 19 4 6 0.72 1 -51 2 11 0.967742 5 6 32 6 27 16 22 16 27 1 32 13 0.72 1 -47 38 14 0.72 1 11 40 
134 19 7 4 0.545455 1 31 -24 5 0.545455 1 20 -41 12 0.545455 1 -22 -9 13 0.72 2 58 -42 33 73 14 0.891089 5 26 35 11 30 26 30 21 30 6 40 15 0.80597 3 -19 35 -4 25 -49 -10 16 0.80597 3 17 11 32 -34 17 -39 
135 19 2 12 0.99 11 3 -14 -22 1 -17 16 -22 11 -17 16 3 26 -17 -4 -17 -9 -22 -9 -17 11 -7 -4 14 0.765957 2 41 -30 11 50 
136 19 8 0 0.666667 2 -31 -63 -26 -8 1 0.666667 2 16 -46 16 -26 4 0.486486 1 -29 -44 11 0.818182 4 31 -18 -9 22 11 12 -24 22 12 0.885246 6 -7 26 -22 21 -17 21 -17 -19 -22 -19 3 -19 13 0.486486 1 -47 -72 14 0.666667 2 11 40 -19 30 15 0.666667 2 -19 30 21 35 
137 19 2 9 0.986301 4 22 39 22 14 12 39 17 29 18 0.818182 1 14 -53 
138 19 3 8 0.981818 6 -18 36 -18 6 -18 6 -13 -4 -18 1 7 41 9 0.72 1 -18 39 10 0.72 1 -22 26 
139 19 4 8 0.967742 5 12 21 -18 -44 -18 -49 -18 -29 12 -44 9 0.72 1 -13 4 10 0.72 1 -22 21 16 0.72 1 27 -39 
140 19 3 10 0.978261 5 -27 31 -22 -34 -22 -49 -27 16 -22 6 16 0.75 1 -18 -29 17 0.75 1 -16 -19 
141 19 5 8 0.882353 5 -23 -24 -23 -44 -18 31 -18 -4 -18 -24 9 0.794118 3 -18 24 -18 -26 -18 -31 10 0.794118 3 -17 -19 -22 16 -22 -34 17 0.794118 3 -11 36 -31 -39 -31 -9 18 0.794118 3 -11 27 -11 2 -1 -38 
142 19 4 8 0.830769 3 -18 1 -23 16 -23 -9 9 0.75 2 -13 -41 -13 29 17 0.75 2 -16 -44 -1 -44 18 0.947368 7 -16 27 -16 -33 -6 -48 -21 -38 -16 -33 -21 -48 -16 2 
143 19 5 8 0.9 3 -18 -4 -23 -29 -18 31 9 0.837209 2 -3 19 -23 -41 10 0.837209 2 13 16 -17 -9 16 0.692308 1 -18 -29 18 0.692308 1 4 -43 
144 19 5 8 0.461538 1 -23 -29 9 0.962963 13 -8 -1 -8 -46 -8 34 -8 -16 -13 -16 -18 -16 -18 -26 -18 -36 -8 24 -8 14 -13 -26 -18 -21 -13 39 10 0.8 4 8 -34 -27 -14 -27 1 -27 -9 16 0.461538 1 -23 -34 18 0.739726 3 -16 -8 -11 17 -11 32 
145 19 6 8 0.906475 7 -18 16 -8 21 -23 -14 -18 -29 -13 -19 -13 31 -18 21 9 0.486486 1 -18 -46 10 0.885246 6 -17 41 -27 16 -17 -39 -22 -29 -27 11 -22 -39 16 0.666667 2 -13 -39 22 -34 17 0.486486 1 4 -29 18 0.760563 3 -6 -18 -11 -28 -1 42 
146 19 5 8 0.642857 1 -13 1 9 0.642857 1 -3 9 16 0.642857 1 -8 1 17 0.8 2 -11 -9 -21 6 18 0.955752 6 -1 22 -1 -8 -1 12 -1 -18 4 -48 -1 -23 
147 19 3 9 0.642857 1 -8 4 10 0.955752 6 -12 16 -12 36 -12 -29 -12 -34 -7 11 -12 16 17 0.911392 4 -11 -54 -16 16 -1 36 -1 16 
148 19 3 8 0.642857 1 -8 36 9 0.987805 9 -3 -36 -8 -51 -3 -21 -3 -16 -3 19 -8 39 -3 39 -3 34 -8 -36 10 0.642857 1 -17 -4 
149 19 6 8 0.418605 1 -13 -29 9 0.918367 10 7 4 -3 -51 2 -6 2 -11 -3 -26 7 29 7 4 -3 -16 -3 4 7 24 10 0.765957 4 -12 41 -12 6 -7 -9 -7 41 16 0.418605 1 -8 -24 17 0.868966 7 -1 41 -21 -29 4 26 4 21 9 -4 9 26 -11 26 18 0.701299 3 -1 2 -6 22 14 -23 
150 19 4 8 0.62069 1 -3 -29 9 0.981818 9 -8 -16 2 24 -8 -51 -8 24 7 -21 7 -6 2 9 -8 -56 -8 -56 16 0.62069 1 -13 31 17 0.62069 1 9 -39 
151 19 6 8 0.72 2 -8 -39 -3 -19 9 0.80597 3 -8 -46 7 -1 2 39 10 0.72 2 -27 -49 -32 41 16 0.72 2 -18 -49 -23 -49 17 0.857143 4 -21 -39 -16 16 -21 -49 -21 -44 18 0.80597 3 -21 -53 -6 -3 -1 42 
152 19 5 8 0.486486 1 -28 -4 9 0.486486 1 -13 -51 10 0.818182 4 -27 11 -27 -19 -27 41 -27 31 16 0.666667 2 -3 21 -3 11 18 0.964286 12 -26 -23 -36 -23 -36 -33 -26 -43 -1 32 -26 -18 -1 -28 -1 -8 4 -33 -1 -23 -21 -53 -21 32 
153 19 5 8 0.529412 1 -28 1 9 0.794118 3 -23 -36 -18 34 -18 29 10 0.705882 2 -32 26 -32 11 17 0.941176 8 -21 41 -31 -29 -26 21 -21 16 -26 -19 9 -34 -26 36 -1 -9 18 0.794118 3 -16 -33 -16 32 -21 -8 
154 19 2 8 0.986301 4 2 1 -3 -54 2 -39 2 -14 10 0.818182 1 -2 11 
155 19 4 8 0.782609 2 2 -19 -3 -44 9 0.927835 5 7 34 7 -36 12 -6 2 9 7 34 16 0.62069 1 22 11 17 0.9 4 -21 26 -1 -24 -21 -4 14 -24 
156 19 6 8 0.84375 3 -3 -34 2 1 2 -34 9 0.6 1 -23 -51 10 0.6 1 -32 -34 16 0.765957 2 17 -39 7 -34 17 0.765957 2 -1 -29 -6 11 18 0.888889 4 4 2 4 12 4 17 -16 -28 
157 19 5 9 0.827586 4 7 -11 12 -36 2 34 7 -11 10 0.94186 9 -2 36 -2 11 -7 41 -2 -44 -2 26 -2 -39 -2 11 -2 16 -2 -9 16 0.679245 2 7 16 -8 31 17 0.679245 2 -26 -39 14 21 18 0.679245 2 4 27 4 22 
158 19 5 8 0.642857 1 7 -4 10 0.8 2 -2 -44 3 26 16 0.870968 3 -23 26 12 31 17 36 17 0.8 2 -6 21 -11 11 18 0.870968 3 9 -3 9 -38 -11 37 
159 19 5 8 0.947368 7 7 31 2 -29 2 6 2 11 7 6 7 6 2 1 9 0.830769 3 7 -31 7 -36 17 -46 10 0.75 2 3 21 -2 -49 16 0.580645 1 -23 -49 17 0.580645 1 -26 -29 
160 19 2 16 0.983607 10 7 -39 17 -49 7 -4 2 26 22 6 22 -24 -13 -54 12 31 12 26 17 16 18 0.84375 3 -36 17 -11 7 -6 -13 
161 19 3 10 0.6 1 13 -29 16 0.99 11 -18 -9 -23 36 -13 -14 22 16 -13 31 -18 21 -8 -19 2 -34 -23 21 17 -4 12 -4 18 0.6 1 -21 22 
162 19 4 8 0.947368 4 7 26 7 16 -28 -4 7 -54 10 0.72 1 -32 21 16 0.857143 2 7 -19 -13 36 17 0.72 1 9 -44 
163 19 5 8 0.486486 1 -28 -24 9 0.666667 2 -23 29 -18 -36 16 0.666667 2 -8 -44 7 -44 17 0.760563 3 -21 -34 -21 -24 -21 31 18 0.964286 12 -11 -43 -31 -28 -31 32 -36 2 -31 -3 -26 12 -36 -8 -31 -23 -16 -28 -36 -8 -36 -38 -26 -23 
164 19 5 8 0.666667 1 12 -19 10 0.666667 1 13 36 16 0.885246 3 27 11 -23 -39 7 41 17 0.923077 4 9 -19 14 -24 9 31 9 6 18 0.666667 1 -41 -13 
165 19 2 8 0.666667 1 7 -19 16 0.993865 9 7 21 -8 36 -3 1 -3 41 17 -24 -3 16 -13 -4 17 -19 -8 26 
166 19 6 8 0.885246 6 7 -44 7 41 7 1 7 1 7 -34 7 -39 9 0.666667 2 12 14 7 -46 10 0.486486 1 3 -14 16 0.885246 6 12 41 12 -44 12 6 22 -29 12 -24 2 36 17 0.666667 2 -6 36 -6 41 18 0.760563 3 14 22 19 17 14 -33 
167 19 6 8 0.857143 4 -33 -29 12 -14 12 36 12 -29 9 0.891089 5 17 -26 22 -51 17 -31 17 -41 17 -41 10 0.545455 1 8 -14 16 0.72 2 17 -14 27 -14 17 0.545455 1 14 26 18 0.80597 3 -21 37 9 -43 -21 22 
168 19 3 8 0.957447 5 -28 21 -28 26 -28 36 -33 -24 -33 -44 9 0.9 3 -23 -16 -23 -41 -28 4 10 0.692308 1 -27 -49 
169 19 6 8 0.5625 1 12 -49 9 0.818182 3 -23 -1 -23 -21 12 -56 10 0.9 5 8 -49 8 -49 -32 16 8 -54 -32 31 16 0.5625 1 -28 26 17 0.5625 1 -26 6 18 0.86747 4 -41 17 -26 12 -31 -33 -26 27 
