10 137 0
0 0 -1 6 8 8 1 44 15 2 23 32 -2078 
1 1 -1 18 13 14 0 38 24 9 8 32 -7813 
2 1 -1 22 7 14 11 37 28 8 6 32 1631 
3 2 -1 19 14 16 16 39 41 7 3 32 22888 
4 2 -1 22 16 2 1 46 29 1 5 32 -674 
5 2 -1 13 8 11 4 34 14 6 32 32 -1539 
6 2 -1 18 13 0 13 38 37 4 3 32 -360 
7 3 -1 9 14 21 14 39 28 5 10 32 -4244 
8 3 12 0 0 0 0 0 0 0 0 0 0 
9 3 -1 11 15 2 6 22 22 1 20 32 -2526 
10 3 -1 3 7 5 3 41 12 6 29 32 -9859 
11 3 -1 21 3 0 19 30 45 16 2 32 -1395 
12 3 -1 16 40 0 0 46 7 0 0 11 -103 
13 3 -1 25 21 0 0 2 35 0 0 1 -21 
14 3 -1 22 11 20 7 45 30 2 13 32 3999 
15 4 0 0 0 0 0 0 0 0 0 0 0 
16 4 -1 14 17 5 12 37 30 6 12 32 -6377 
17 4 0 0 0 0 0 0 0 0 0 0 0 
18 4 0 0 0 0 0 0 0 0 0 0 0 
19 4 -1 9 2 9 3 22 15 24 4 32 -6826 
20 4 -1 35 17 0 0 22 39 0 0 15 -25 
21 4 -1 11 5 1 15 17 36 30 3 32 -1210 
22 4 -1 17 21 1 15 34 46 12 1 32 -199 
23 4 -1 4 14 8 13 12 31 21 2 32 -1390 
24 4 -1 12 7 9 11 31 34 8 3 32 1232 
25 4 -1 37 27 0 0 9 18 0 0 8 26 
26 4 -1 5 18 0 0 21 13 0 0 0 1 
27 4 -1 12 12 22 2 39 24 5 13 32 -84 
28 4 -1 8 3 22 15 44 24 1 19 32 12252 
29 4 -1 4 3 8 16 41 39 6 2 32 3853 
30 4 -1 4 3 4 10 12 24 33 21 32 -16082 
31 5 0 0 0 0 0 0 0 0 0 0 0 
32 5 0 0 0 0 0 0 0 0 0 0 0 
33 5 -1 6 8 20 1 27 28 3 14 32 -3013 
34 5 -1 27 0 0 0 11 31 0 0 6 13 
35 5 0 0 0 0 0 0 0 0 0 0 0 
36 5 0 0 0 0 0 0 0 0 0 0 0 
37 5 0 0 0 0 0 0 0 0 0 0 0 
38 5 0 0 0 0 0 0 0 0 0 0 0 
39 5 -1 0 3 8 1 26 39 8 1 32 -23 
40 5 -1 7 4 6 3 23 28 20 19 32 -34184 
41 5 -1 3 19 0 0 20 34 0 0 12 -91 
42 5 -1 32 10 0 0 8 32 0 0 18 -18 
43 5 54 0 0 0 0 0 0 0 0 0 0 
44 5 55 0 0 0 0 0 0 0 0 0 0 
45 5 56 0 0 0 0 0 0 0 0 0 0 
46 5 57 0 0 0 0 0 0 0 0 0 0 
47 5 58 0 0 0 0 0 0 0 0 0 0 
48 5 59 0 0 0 0 0 0 0 0 0 0 
49 5 -1 28 21 0 0 19 5 0 0 17 -28 
50 5 -1 4 27 0 0 46 30 0 0 13 26 
51 5 73 0 0 0 0 0 0 0 0 0 0 
52 5 -1 6 24 0 0 19 12 0 0 5 -6 
53 5 -1 5 2 0 0 35 19 0 0 18 33 
54 5 -1 17 3 21 15 38 29 4 6 32 743 
55 5 -1 14 3 19 0 33 38 7 3 32 -639 
56 5 98 0 0 0 0 0 0 0 0 0 0 
57 5 -1 11 6 0 12 45 46 2 1 32 -60 
58 5 -1 13 20 2 16 24 41 18 6 32 -3557 
59 5 -1 2 31 0 0 18 31 0 0 2 11 
60 5 -1 12 21 15 9 33 37 7 3 32 3900 
61 5 -1 5 3 17 2 33 36 11 9 32 -1051 
62 5 -1 3 3 2 4 12 11 19 35 32 -19261 
63 6 0 0 0 0 0 0 0 0 0 0 0 
64 6 0 0 0 0 0 0 0 0 0 0 0 
65 6 0 0 0 0 0 0 0 0 0 0 0 
66 6 0 0 0 0 0 0 0 0 0 0 0 
67 6 1 0 0 0 0 0 0 0 0 0 0 
68 6 -1 8 18 1 13 28 31 13 4 32 -5842 
69 6 -1 13 11 0 19 31 30 9 15 32 -1532 
70 6 -1 38 23 0 0 26 6 0 0 18 14 
71 6 0 0 0 0 0 0 0 0 0 0 0 
72 6 0 0 0 0 0 0 0 0 0 0 0 
73 6 0 0 0 0 0 0 0 0 0 0 0 
74 6 0 0 0 0 0 0 0 0 0 0 0 
75 6 0 0 0 0 0 0 0 0 0 0 0 
76 6 0 0 0 0 0 0 0 0 0 0 0 
77 6 0 0 0 0 0 0 0 0 0 0 0 
78 6 0 0 0 0 0 0 0 0 0 0 0 
79 6 -1 33 14 0 0 0 23 0 0 18 14 
80 6 -1 2 11 17 9 35 28 1 6 32 16080 
81 6 27 0 0 0 0 0 0 0 0 0 0 
82 6 -1 4 6 10 21 25 39 14 2 32 16649 
83 6 36 0 0 0 0 0 0 0 0 0 0 
84 6 -1 16 6 0 0 9 30 0 0 21 2 
85 6 43 0 0 0 0 0 0 0 0 0 0 
86 6 -1 27 8 0 0 5 32 0 0 1 10 
87 6 0 0 0 0 0 0 0 0 0 0 0 
88 6 0 0 0 0 0 0 0 0 0 0 0 
89 6 0 0 0 0 0 0 0 0 0 0 0 
90 6 0 0 0 0 0 0 0 0 0 0 0 
91 6 0 0 0 0 0 0 0 0 0 0 0 
92 6 0 0 0 0 0 0 0 0 0 0 0 
93 6 0 0 0 0 0 0 0 0 0 0 0 
94 6 0 0 0 0 0 0 0 0 0 0 0 
95 6 0 0 0 0 0 0 0 0 0 0 0 
96 6 0 0 0 0 0 0 0 0 0 0 0 
97 6 0 0 0 0 0 0 0 0 0 0 0 
98 6 0 0 0 0 0 0 0 0 0 0 0 
99 6 60 0 0 0 0 0 0 0 0 0 0 
100 6 -1 43 11 0 0 15 37 0 0 5 -21 
101 6 71 0 0 0 0 0 0 0 0 0 0 
102 6 72 0 0 0 0 0 0 0 0 0 0 
103 6 0 0 0 0 0 0 0 0 0 0 0 
104 6 0 0 0 0 0 0 0 0 0 0 0 
105 6 74 0 0 0 0 0 0 0 0 0 0 
106 6 75 0 0 0 0 0 0 0 0 0 0 
107 6 -1 15 19 10 12 27 40 13 7 32 -813 
108 6 -1 16 44 0 0 20 21 0 0 16 16 
109 6 -1 6 16 0 0 15 27 0 0 7 1 
110 6 92 0 0 0 0 0 0 0 0 0 0 
111 6 93 0 0 0 0 0 0 0 0 0 0 
112 6 -1 5 9 22 17 33 34 10 12 32 7689 
113 6 0 0 0 0 0 0 0 0 0 0 0 
114 6 0 0 0 0 0 0 0 0 0 0 0 
115 6 -1 28 33 0 0 40 2 0 0 0 -82 
116 6 -1 2 9 0 20 10 43 12 2 32 -479 
117 6 118 0 0 0 0 0 0 0 0 0 0 
118 6 119 0 0 0 0 0 0 0 0 0 0 
119 6 -1 19 8 20 15 40 27 7 3 32 6741 
120 6 -1 19 13 15 0 38 44 7 1 32 -212 
121 6 -1 15 8 20 0 35 9 5 20 32 -2144 
122 6 -1 5 10 9 22 18 39 24 5 32 5381 
123 6 132 0 0 0 0 0 0 0 0 0 0 
124 6 -1 3 3 5 3 22 13 12 5 32 -2566 
125 6 135 0 0 0 0 0 0 0 0 0 0 
126 6 136 0 0 0 0 0 0 0 0 0 0 
127 7 0 0 0 0 0 0 0 0 0 0 0 
128 7 0 0 0 0 0 0 0 0 0 0 0 
129 7 0 0 0 0 0 0 0 0 0 0 0 
130 7 0 0 0 0 0 0 0 0 0 0 0 
131 7 0 0 0 0 0 0 0 0 0 0 0 
132 7 0 0 0 0 0 0 0 0 0 0 0 
133 7 0 0 0 0 0 0 0 0 0 0 0 
134 7 0 0 0 0 0 0 0 0 0 0 0 
135 7 0 0 0 0 0 0 0 0 0 0 0 
136 7 0 0 0 0 0 0 0 0 0 0 0 
137 7 2 0 0 0 0 0 0 0 0 0 0 
138 7 -1 24 25 0 0 35 14 0 0 12 81 
139 7 -1 20 17 0 0 10 17 0 0 13 -1 
140 7 9 0 0 0 0 0 0 0 0 0 0 
141 7 10 0 0 0 0 0 0 0 0 0 0 
142 7 11 0 0 0 0 0 0 0 0 0 0 
143 7 0 0 0 0 0 0 0 0 0 0 0 
144 7 0 0 0 0 0 0 0 0 0 0 0 
145 7 0 0 0 0 0 0 0 0 0 0 0 
146 7 0 0 0 0 0 0 0 0 0 0 0 
147 7 0 0 0 0 0 0 0 0 0 0 0 
148 7 0 0 0 0 0 0 0 0 0 0 0 
149 7 0 0 0 0 0 0 0 0 0 0 0 
150 7 0 0 0 0 0 0 0 0 0 0 0 
151 7 0 0 0 0 0 0 0 0 0 0 0 
152 7 0 0 0 0 0 0 0 0 0 0 0 
153 7 0 0 0 0 0 0 0 0 0 0 0 
154 7 0 0 0 0 0 0 0 0 0 0 0 
155 7 0 0 0 0 0 0 0 0 0 0 0 
156 7 0 0 0 0 0 0 0 0 0 0 0 
157 7 0 0 0 0 0 0 0 0 0 0 0 
158 7 0 0 0 0 0 0 0 0 0 0 0 
159 7 -1 21 13 5 18 27 34 9 1 32 6307 
160 7 -1 12 17 0 0 27 32 0 0 17 7 
161 7 -1 37 25 0 0 1 9 0 0 16 11 
162 7 26 0 0 0 0 0 0 0 0 0 0 
163 7 0 0 0 0 0 0 0 0 0 0 0 
164 7 0 0 0 0 0 0 0 0 0 0 0 
165 7 -1 25 25 0 0 46 37 0 0 9 6 
166 7 -1 13 47 0 0 33 46 0 0 15 9 
167 7 0 0 0 0 0 0 0 0 0 0 0 
168 7 0 0 0 0 0 0 0 0 0 0 0 
169 7 -1 7 42 0 0 40 32 0 0 17 -4 
170 7 42 0 0 0 0 0 0 0 0 0 0 
171 7 0 0 0 0 0 0 0 0 0 0 0 
172 7 0 0 0 0 0 0 0 0 0 0 0 
173 7 -1 12 3 6 10 27 23 20 16 32 -14821 
174 7 -1 37 19 0 0 22 0 0 0 18 -17 
175 7 0 0 0 0 0 0 0 0 0 0 0 
176 7 0 0 0 0 0 0 0 0 0 0 0 
177 7 0 0 0 0 0 0 0 0 0 0 0 
178 7 0 0 0 0 0 0 0 0 0 0 0 
179 7 0 0 0 0 0 0 0 0 0 0 0 
180 7 0 0 0 0 0 0 0 0 0 0 0 
181 7 0 0 0 0 0 0 0 0 0 0 0 
182 7 0 0 0 0 0 0 0 0 0 0 0 
183 7 0 0 0 0 0 0 0 0 0 0 0 
184 7 0 0 0 0 0 0 0 0 0 0 0 
185 7 0 0 0 0 0 0 0 0 0 0 0 
186 7 0 0 0 0 0 0 0 0 0 0 0 
187 7 0 0 0 0 0 0 0 0 0 0 0 
188 7 0 0 0 0 0 0 0 0 0 0 0 
189 7 0 0 0 0 0 0 0 0 0 0 0 
190 7 0 0 0 0 0 0 0 0 0 0 0 
191 7 0 0 0 0 0 0 0 0 0 0 0 
192 7 0 0 0 0 0 0 0 0 0 0 0 
193 7 0 0 0 0 0 0 0 0 0 0 0 
194 7 0 0 0 0 0 0 0 0 0 0 0 
195 7 0 0 0 0 0 0 0 0 0 0 0 
196 7 0 0 0 0 0 0 0 0 0 0 0 
197 7 0 0 0 0 0 0 0 0 0 0 0 
198 7 0 0 0 0 0 0 0 0 0 0 0 
199 7 0 0 0 0 0 0 0 0 0 0 0 
200 7 0 0 0 0 0 0 0 0 0 0 0 
201 7 -1 9 11 14 9 40 34 6 2 32 -5 
202 7 -1 6 22 0 0 44 12 0 0 16 34 
203 7 0 0 0 0 0 0 0 0 0 0 0 
204 7 0 0 0 0 0 0 0 0 0 0 0 
205 7 0 0 0 0 0 0 0 0 0 0 0 
206 7 0 0 0 0 0 0 0 0 0 0 0 
207 7 0 0 0 0 0 0 0 0 0 0 0 
208 7 0 0 0 0 0 0 0 0 0 0 0 
209 7 0 0 0 0 0 0 0 0 0 0 0 
210 7 0 0 0 0 0 0 0 0 0 0 0 
211 7 0 0 0 0 0 0 0 0 0 0 0 
212 7 0 0 0 0 0 0 0 0 0 0 0 
213 7 0 0 0 0 0 0 0 0 0 0 0 
214 7 0 0 0 0 0 0 0 0 0 0 0 
215 7 -1 1 10 15 19 29 39 15 6 32 -2247 
216 7 -1 15 34 0 0 45 35 0 0 17 6 
217 7 -1 39 1 0 0 27 10 0 0 8 114 
218 7 88 0 0 0 0 0 0 0 0 0 0 
219 7 -1 10 3 0 0 42 46 0 0 4 -100 
220 7 91 0 0 0 0 0 0 0 0 0 0 
221 7 0 0 0 0 0 0 0 0 0 0 0 
222 7 0 0 0 0 0 0 0 0 0 0 0 
223 7 0 0 0 0 0 0 0 0 0 0 0 
224 7 0 0 0 0 0 0 0 0 0 0 0 
225 7 94 0 0 0 0 0 0 0 0 0 0 
226 7 -1 20 4 8 9 37 26 1 16 32 2509 
227 7 0 0 0 0 0 0 0 0 0 0 0 
228 7 0 0 0 0 0 0 0 0 0 0 0 
229 7 0 0 0 0 0 0 0 0 0 0 0 
230 7 0 0 0 0 0 0 0 0 0 0 0 
231 7 -1 17 18 1 20 21 44 25 2 32 -1592 
232 7 -1 11 37 0 0 4 0 0 0 17 9 
233 7 -1 14 25 0 0 36 22 0 0 2 5 
234 7 -1 1 17 13 22 27 42 6 2 32 5915 
235 7 0 0 0 0 0 0 0 0 0 0 0 
236 7 0 0 0 0 0 0 0 0 0 0 0 
237 7 0 0 0 0 0 0 0 0 0 0 0 
238 7 0 0 0 0 0 0 0 0 0 0 0 
239 7 -1 9 6 3 2 32 31 6 13 32 -728 
240 7 122 0 0 0 0 0 0 0 0 0 0 
241 7 123 0 0 0 0 0 0 0 0 0 0 
242 7 -1 41 46 0 0 24 22 0 0 18 20 
243 7 128 0 0 0 0 0 0 0 0 0 0 
244 7 129 0 0 0 0 0 0 0 0 0 0 
245 7 130 0 0 0 0 0 0 0 0 0 0 
246 7 131 0 0 0 0 0 0 0 0 0 0 
247 7 0 0 0 0 0 0 0 0 0 0 0 
248 7 0 0 0 0 0 0 0 0 0 0 0 
249 7 133 0 0 0 0 0 0 0 0 0 0 
250 7 134 0 0 0 0 0 0 0 0 0 0 
251 7 0 0 0 0 0 0 0 0 0 0 0 
252 7 0 0 0 0 0 0 0 0 0 0 0 
253 7 0 0 0 0 0 0 0 0 0 0 0 
254 7 0 0 0 0 0 0 0 0 0 0 0 
255 8 0 0 0 0 0 0 0 0 0 0 0 
256 8 0 0 0 0 0 0 0 0 0 0 0 
257 8 0 0 0 0 0 0 0 0 0 0 0 
258 8 0 0 0 0 0 0 0 0 0 0 0 
259 8 0 0 0 0 0 0 0 0 0 0 0 
260 8 0 0 0 0 0 0 0 0 0 0 0 
261 8 0 0 0 0 0 0 0 0 0 0 0 
262 8 0 0 0 0 0 0 0 0 0 0 0 
263 8 0 0 0 0 0 0 0 0 0 0 0 
264 8 0 0 0 0 0 0 0 0 0 0 0 
265 8 0 0 0 0 0 0 0 0 0 0 0 
266 8 0 0 0 0 0 0 0 0 0 0 0 
267 8 0 0 0 0 0 0 0 0 0 0 0 
268 8 0 0 0 0 0 0 0 0 0 0 0 
269 8 0 0 0 0 0 0 0 0 0 0 0 
270 8 0 0 0 0 0 0 0 0 0 0 0 
271 8 0 0 0 0 0 0 0 0 0 0 0 
272 8 0 0 0 0 0 0 0 0 0 0 0 
273 8 0 0 0 0 0 0 0 0 0 0 0 
274 8 0 0 0 0 0 0 0 0 0 0 0 
275 8 0 0 0 0 0 0 0 0 0 0 0 
276 8 0 0 0 0 0 0 0 0 0 0 0 
277 8 -1 44 22 0 0 0 26 0 0 1 11 
278 8 6 0 0 0 0 0 0 0 0 0 0 
279 8 7 0 0 0 0 0 0 0 0 0 0 
280 8 8 0 0 0 0 0 0 0 0 0 0 
281 8 0 0 0 0 0 0 0 0 0 0 0 
282 8 0 0 0 0 0 0 0 0 0 0 0 
283 8 0 0 0 0 0 0 0 0 0 0 0 
284 8 0 0 0 0 0 0 0 0 0 0 0 
285 8 0 0 0 0 0 0 0 0 0 0 0 
286 8 0 0 0 0 0 0 0 0 0 0 0 
287 8 0 0 0 0 0 0 0 0 0 0 0 
288 8 0 0 0 0 0 0 0 0 0 0 0 
289 8 0 0 0 0 0 0 0 0 0 0 0 
290 8 0 0 0 0 0 0 0 0 0 0 0 
291 8 0 0 0 0 0 0 0 0 0 0 0 
292 8 0 0 0 0 0 0 0 0 0 0 0 
293 8 0 0 0 0 0 0 0 0 0 0 0 
294 8 0 0 0 0 0 0 0 0 0 0 0 
295 8 0 0 0 0 0 0 0 0 0 0 0 
296 8 0 0 0 0 0 0 0 0 0 0 0 
297 8 0 0 0 0 0 0 0 0 0 0 0 
298 8 0 0 0 0 0 0 0 0 0 0 0 
299 8 0 0 0 0 0 0 0 0 0 0 0 
300 8 0 0 0 0 0 0 0 0 0 0 0 
301 8 0 0 0 0 0 0 0 0 0 0 0 
302 8 0 0 0 0 0 0 0 0 0 0 0 
303 8 0 0 0 0 0 0 0 0 0 0 0 
304 8 0 0 0 0 0 0 0 0 0 0 0 
305 8 0 0 0 0 0 0 0 0 0 0 0 
306 8 0 0 0 0 0 0 0 0 0 0 0 
307 8 0 0 0 0 0 0 0 0 0 0 0 
308 8 0 0 0 0 0 0 0 0 0 0 0 
309 8 0 0 0 0 0 0 0 0 0 0 0 
310 8 0 0 0 0 0 0 0 0 0 0 0 
311 8 0 0 0 0 0 0 0 0 0 0 0 
312 8 0 0 0 0 0 0 0 0 0 0 0 
313 8 0 0 0 0 0 0 0 0 0 0 0 
314 8 0 0 0 0 0 0 0 0 0 0 0 
315 8 0 0 0 0 0 0 0 0 0 0 0 
316 8 0 0 0 0 0 0 0 0 0 0 0 
317 8 0 0 0 0 0 0 0 0 0 0 0 
318 8 0 0 0 0 0 0 0 0 0 0 0 
319 8 -1 5 7 0 0 33 42 0 0 9 3 
320 8 -1 21 26 0 0 43 2 0 0 17 11 
321 8 19 0 0 0 0 0 0 0 0 0 0 
322 8 20 0 0 0 0 0 0 0 0 0 0 
323 8 -1 1 22 12 14 33 43 11 1 32 12063 
324 8 -1 13 10 21 12 41 43 4 1 32 22483 
325 8 0 0 0 0 0 0 0 0 0 0 0 
326 8 0 0 0 0 0 0 0 0 0 0 0 
327 8 0 0 0 0 0 0 0 0 0 0 0 
328 8 0 0 0 0 0 0 0 0 0 0 0 
329 8 0 0 0 0 0 0 0 0 0 0 0 
330 8 0 0 0 0 0 0 0 0 0 0 0 
331 8 -1 29 6 0 0 18 28 0 0 16 12 
332 8 30 0 0 0 0 0 0 0 0 0 0 
333 8 -1 29 25 0 0 31 32 0 0 0 -1 
334 8 35 0 0 0 0 0 0 0 0 0 0 
335 8 0 0 0 0 0 0 0 0 0 0 0 
336 8 0 0 0 0 0 0 0 0 0 0 0 
337 8 0 0 0 0 0 0 0 0 0 0 0 
338 8 0 0 0 0 0 0 0 0 0 0 0 
339 8 -1 6 26 0 0 25 3 0 0 20 1 
340 8 -1 7 10 16 6 34 18 6 18 32 208 
341 8 0 0 0 0 0 0 0 0 0 0 0 
342 8 0 0 0 0 0 0 0 0 0 0 0 
343 8 0 0 0 0 0 0 0 0 0 0 0 
344 8 0 0 0 0 0 0 0 0 0 0 0 
345 8 0 0 0 0 0 0 0 0 0 0 0 
346 8 0 0 0 0 0 0 0 0 0 0 0 
347 8 -1 38 43 0 0 3 2 0 0 0 -35 
348 8 -1 34 25 0 0 5 45 0 0 18 -6 
349 8 50 0 0 0 0 0 0 0 0 0 0 
350 8 -1 12 15 0 0 5 11 0 0 3 10 
351 8 0 0 0 0 0 0 0 0 0 0 0 
352 8 0 0 0 0 0 0 0 0 0 0 0 
353 8 0 0 0 0 0 0 0 0 0 0 0 
354 8 0 0 0 0 0 0 0 0 0 0 0 
355 8 0 0 0 0 0 0 0 0 0 0 0 
356 8 0 0 0 0 0 0 0 0 0 0 0 
357 8 0 0 0 0 0 0 0 0 0 0 0 
358 8 0 0 0 0 0 0 0 0 0 0 0 
359 8 0 0 0 0 0 0 0 0 0 0 0 
360 8 0 0 0 0 0 0 0 0 0 0 0 
361 8 0 0 0 0 0 0 0 0 0 0 0 
362 8 0 0 0 0 0 0 0 0 0 0 0 
363 8 0 0 0 0 0 0 0 0 0 0 0 
364 8 0 0 0 0 0 0 0 0 0 0 0 
365 8 0 0 0 0 0 0 0 0 0 0 0 
366 8 0 0 0 0 0 0 0 0 0 0 0 
367 8 0 0 0 0 0 0 0 0 0 0 0 
368 8 0 0 0 0 0 0 0 0 0 0 0 
369 8 0 0 0 0 0 0 0 0 0 0 0 
370 8 0 0 0 0 0 0 0 0 0 0 0 
371 8 0 0 0 0 0 0 0 0 0 0 0 
372 8 0 0 0 0 0 0 0 0 0 0 0 
373 8 0 0 0 0 0 0 0 0 0 0 0 
374 8 0 0 0 0 0 0 0 0 0 0 0 
375 8 0 0 0 0 0 0 0 0 0 0 0 
376 8 0 0 0 0 0 0 0 0 0 0 0 
377 8 0 0 0 0 0 0 0 0 0 0 0 
378 8 0 0 0 0 0 0 0 0 0 0 0 
379 8 0 0 0 0 0 0 0 0 0 0 0 
380 8 0 0 0 0 0 0 0 0 0 0 0 
381 8 0 0 0 0 0 0 0 0 0 0 0 
382 8 0 0 0 0 0 0 0 0 0 0 0 
383 8 0 0 0 0 0 0 0 0 0 0 0 
384 8 0 0 0 0 0 0 0 0 0 0 0 
385 8 0 0 0 0 0 0 0 0 0 0 0 
386 8 0 0 0 0 0 0 0 0 0 0 0 
387 8 0 0 0 0 0 0 0 0 0 0 0 
388 8 0 0 0 0 0 0 0 0 0 0 0 
389 8 0 0 0 0 0 0 0 0 0 0 0 
390 8 0 0 0 0 0 0 0 0 0 0 0 
391 8 0 0 0 0 0 0 0 0 0 0 0 
392 8 0 0 0 0 0 0 0 0 0 0 0 
393 8 0 0 0 0 0 0 0 0 0 0 0 
394 8 0 0 0 0 0 0 0 0 0 0 0 
395 8 0 0 0 0 0 0 0 0 0 0 0 
396 8 0 0 0 0 0 0 0 0 0 0 0 
397 8 0 0 0 0 0 0 0 0 0 0 0 
398 8 0 0 0 0 0 0 0 0 0 0 0 
399 8 0 0 0 0 0 0 0 0 0 0 0 
400 8 0 0 0 0 0 0 0 0 0 0 0 
401 8 0 0 0 0 0 0 0 0 0 0 0 
402 8 0 0 0 0 0 0 0 0 0 0 0 
403 8 61 0 0 0 0 0 0 0 0 0 0 
404 8 62 0 0 0 0 0 0 0 0 0 0 
405 8 -1 12 30 0 0 25 5 0 0 10 19 
406 8 -1 7 5 0 0 22 32 0 0 17 16 
407 8 0 0 0 0 0 0 0 0 0 0 0 
408 8 0 0 0 0 0 0 0 0 0 0 0 
409 8 0 0 0 0 0 0 0 0 0 0 0 
410 8 0 0 0 0 0 0 0 0 0 0 0 
411 8 0 0 0 0 0 0 0 0 0 0 0 
412 8 0 0 0 0 0 0 0 0 0 0 0 
413 8 0 0 0 0 0 0 0 0 0 0 0 
414 8 0 0 0 0 0 0 0 0 0 0 0 
415 8 0 0 0 0 0 0 0 0 0 0 0 
416 8 0 0 0 0 0 0 0 0 0 0 0 
417 8 0 0 0 0 0 0 0 0 0 0 0 
418 8 0 0 0 0 0 0 0 0 0 0 0 
419 8 0 0 0 0 0 0 0 0 0 0 0 
420 8 0 0 0 0 0 0 0 0 0 0 0 
421 8 0 0 0 0 0 0 0 0 0 0 0 
422 8 0 0 0 0 0 0 0 0 0 0 0 
423 8 0 0 0 0 0 0 0 0 0 0 0 
424 8 0 0 0 0 0 0 0 0 0 0 0 
425 8 0 0 0 0 0 0 0 0 0 0 0 
426 8 0 0 0 0 0 0 0 0 0 0 0 
427 8 0 0 0 0 0 0 0 0 0 0 0 
428 8 0 0 0 0 0 0 0 0 0 0 0 
429 8 0 0 0 0 0 0 0 0 0 0 0 
430 8 0 0 0 0 0 0 0 0 0 0 0 
431 8 76 0 0 0 0 0 0 0 0 0 0 
432 8 77 0 0 0 0 0 0 0 0 0 0 
433 8 -1 9 7 0 0 42 47 0 0 18 30 
434 8 -1 10 3 0 0 46 25 0 0 18 9 
435 8 86 0 0 0 0 0 0 0 0 0 0 
436 8 87 0 0 0 0 0 0 0 0 0 0 
437 8 0 0 0 0 0 0 0 0 0 0 0 
438 8 0 0 0 0 0 0 0 0 0 0 0 
439 8 89 0 0 0 0 0 0 0 0 0 0 
440 8 90 0 0 0 0 0 0 0 0 0 0 
441 8 0 0 0 0 0 0 0 0 0 0 0 
442 8 0 0 0 0 0 0 0 0 0 0 0 
443 8 0 0 0 0 0 0 0 0 0 0 0 
444 8 0 0 0 0 0 0 0 0 0 0 0 
445 8 0 0 0 0 0 0 0 0 0 0 0 
446 8 0 0 0 0 0 0 0 0 0 0 0 
447 8 0 0 0 0 0 0 0 0 0 0 0 
448 8 0 0 0 0 0 0 0 0 0 0 0 
449 8 0 0 0 0 0 0 0 0 0 0 0 
450 8 0 0 0 0 0 0 0 0 0 0 0 
451 8 0 0 0 0 0 0 0 0 0 0 0 
452 8 0 0 0 0 0 0 0 0 0 0 0 
453 8 -1 17 11 0 0 3 32 0 0 12 -66 
454 8 97 0 0 0 0 0 0 0 0 0 0 
455 8 0 0 0 0 0 0 0 0 0 0 0 
456 8 0 0 0 0 0 0 0 0 0 0 0 
457 8 0 0 0 0 0 0 0 0 0 0 0 
458 8 0 0 0 0 0 0 0 0 0 0 0 
459 8 0 0 0 0 0 0 0 0 0 0 0 
460 8 0 0 0 0 0 0 0 0 0 0 0 
461 8 0 0 0 0 0 0 0 0 0 0 0 
462 8 0 0 0 0 0 0 0 0 0 0 0 
463 8 -1 32 7 0 0 12 41 0 0 14 17 
464 8 -1 17 10 18 18 40 36 1 2 32 10904 
465 8 -1 14 17 16 19 34 42 11 4 32 1871 
466 8 -1 11 20 4 15 40 36 1 11 32 1242 
467 8 -1 3 9 11 8 38 23 1 4 32 2302 
468 8 114 0 0 0 0 0 0 0 0 0 0 
469 8 -1 5 20 0 0 15 42 0 0 1 -12 
470 8 117 0 0 0 0 0 0 0 0 0 0 
471 8 0 0 0 0 0 0 0 0 0 0 0 
472 8 0 0 0 0 0 0 0 0 0 0 0 
473 8 0 0 0 0 0 0 0 0 0 0 0 
474 8 0 0 0 0 0 0 0 0 0 0 0 
475 8 0 0 0 0 0 0 0 0 0 0 0 
476 8 0 0 0 0 0 0 0 0 0 0 0 
477 8 0 0 0 0 0 0 0 0 0 0 0 
478 8 0 0 0 0 0 0 0 0 0 0 0 
479 8 120 0 0 0 0 0 0 0 0 0 0 
480 8 121 0 0 0 0 0 0 0 0 0 0 
481 8 0 0 0 0 0 0 0 0 0 0 0 
482 8 0 0 0 0 0 0 0 0 0 0 0 
483 8 0 0 0 0 0 0 0 0 0 0 0 
484 8 0 0 0 0 0 0 0 0 0 0 0 
485 8 -1 0 38 0 0 33 18 0 0 14 57 
486 8 127 0 0 0 0 0 0 0 0 0 0 
487 8 0 0 0 0 0 0 0 0 0 0 0 
488 8 0 0 0 0 0 0 0 0 0 0 0 
489 8 0 0 0 0 0 0 0 0 0 0 0 
490 8 0 0 0 0 0 0 0 0 0 0 0 
491 8 0 0 0 0 0 0 0 0 0 0 0 
492 8 0 0 0 0 0 0 0 0 0 0 0 
493 8 0 0 0 0 0 0 0 0 0 0 0 
494 8 0 0 0 0 0 0 0 0 0 0 0 
495 8 0 0 0 0 0 0 0 0 0 0 0 
496 8 0 0 0 0 0 0 0 0 0 0 0 
497 8 0 0 0 0 0 0 0 0 0 0 0 
498 8 0 0 0 0 0 0 0 0 0 0 0 
499 8 0 0 0 0 0 0 0 0 0 0 0 
500 8 0 0 0 0 0 0 0 0 0 0 0 
501 8 0 0 0 0 0 0 0 0 0 0 0 
502 8 0 0 0 0 0 0 0 0 0 0 0 
503 8 0 0 0 0 0 0 0 0 0 0 0 
504 8 0 0 0 0 0 0 0 0 0 0 0 
505 8 0 0 0 0 0 0 0 0 0 0 0 
506 8 0 0 0 0 0 0 0 0 0 0 0 
507 8 0 0 0 0 0 0 0 0 0 0 0 
508 8 0 0 0 0 0 0 0 0 0 0 0 
509 8 0 0 0 0 0 0 0 0 0 0 0 
510 8 0 0 0 0 0 0 0 0 0 0 0 
511 9 0 0 0 0 0 0 0 0 0 0 0 
512 9 0 0 0 0 0 0 0 0 0 0 0 
513 9 0 0 0 0 0 0 0 0 0 0 0 
514 9 0 0 0 0 0 0 0 0 0 0 0 
515 9 0 0 0 0 0 0 0 0 0 0 0 
516 9 0 0 0 0 0 0 0 0 0 0 0 
517 9 0 0 0 0 0 0 0 0 0 0 0 
518 9 0 0 0 0 0 0 0 0 0 0 0 
519 9 0 0 0 0 0 0 0 0 0 0 0 
520 9 0 0 0 0 0 0 0 0 0 0 0 
521 9 0 0 0 0 0 0 0 0 0 0 0 
522 9 0 0 0 0 0 0 0 0 0 0 0 
523 9 0 0 0 0 0 0 0 0 0 0 0 
524 9 0 0 0 0 0 0 0 0 0 0 0 
525 9 0 0 0 0 0 0 0 0 0 0 0 
526 9 0 0 0 0 0 0 0 0 0 0 0 
527 9 0 0 0 0 0 0 0 0 0 0 0 
528 9 0 0 0 0 0 0 0 0 0 0 0 
529 9 0 0 0 0 0 0 0 0 0 0 0 
530 9 0 0 0 0 0 0 0 0 0 0 0 
531 9 0 0 0 0 0 0 0 0 0 0 0 
532 9 0 0 0 0 0 0 0 0 0 0 0 
533 9 0 0 0 0 0 0 0 0 0 0 0 
534 9 0 0 0 0 0 0 0 0 0 0 0 
535 9 0 0 0 0 0 0 0 0 0 0 0 
536 9 0 0 0 0 0 0 0 0 0 0 0 
537 9 0 0 0 0 0 0 0 0 0 0 0 
538 9 0 0 0 0 0 0 0 0 0 0 0 
539 9 0 0 0 0 0 0 0 0 0 0 0 
540 9 0 0 0 0 0 0 0 0 0 0 0 
541 9 0 0 0 0 0 0 0 0 0 0 0 
542 9 0 0 0 0 0 0 0 0 0 0 0 
543 9 0 0 0 0 0 0 0 0 0 0 0 
544 9 0 0 0 0 0 0 0 0 0 0 0 
545 9 0 0 0 0 0 0 0 0 0 0 0 
546 9 0 0 0 0 0 0 0 0 0 0 0 
547 9 0 0 0 0 0 0 0 0 0 0 0 
548 9 0 0 0 0 0 0 0 0 0 0 0 
549 9 0 0 0 0 0 0 0 0 0 0 0 
550 9 0 0 0 0 0 0 0 0 0 0 0 
551 9 0 0 0 0 0 0 0 0 0 0 0 
552 9 0 0 0 0 0 0 0 0 0 0 0 
553 9 0 0 0 0 0 0 0 0 0 0 0 
554 9 0 0 0 0 0 0 0 0 0 0 0 
555 9 3 0 0 0 0 0 0 0 0 0 0 
556 9 -1 22 20 14 3 45 37 2 3 32 2307 
557 9 0 0 0 0 0 0 0 0 0 0 0 
558 9 0 0 0 0 0 0 0 0 0 0 0 
559 9 0 0 0 0 0 0 0 0 0 0 0 
560 9 0 0 0 0 0 0 0 0 0 0 0 
561 9 0 0 0 0 0 0 0 0 0 0 0 
562 9 0 0 0 0 0 0 0 0 0 0 0 
563 9 0 0 0 0 0 0 0 0 0 0 0 
564 9 0 0 0 0 0 0 0 0 0 0 0 
565 9 0 0 0 0 0 0 0 0 0 0 0 
566 9 0 0 0 0 0 0 0 0 0 0 0 
567 9 0 0 0 0 0 0 0 0 0 0 0 
568 9 0 0 0 0 0 0 0 0 0 0 0 
569 9 0 0 0 0 0 0 0 0 0 0 0 
570 9 0 0 0 0 0 0 0 0 0 0 0 
571 9 0 0 0 0 0 0 0 0 0 0 0 
572 9 0 0 0 0 0 0 0 0 0 0 0 
573 9 0 0 0 0 0 0 0 0 0 0 0 
574 9 0 0 0 0 0 0 0 0 0 0 0 
575 9 0 0 0 0 0 0 0 0 0 0 0 
576 9 0 0 0 0 0 0 0 0 0 0 0 
577 9 0 0 0 0 0 0 0 0 0 0 0 
578 9 0 0 0 0 0 0 0 0 0 0 0 
579 9 0 0 0 0 0 0 0 0 0 0 0 
580 9 0 0 0 0 0 0 0 0 0 0 0 
581 9 0 0 0 0 0 0 0 0 0 0 0 
582 9 0 0 0 0 0 0 0 0 0 0 0 
583 9 0 0 0 0 0 0 0 0 0 0 0 
584 9 0 0 0 0 0 0 0 0 0 0 0 
585 9 0 0 0 0 0 0 0 0 0 0 0 
586 9 0 0 0 0 0 0 0 0 0 0 0 
587 9 0 0 0 0 0 0 0 0 0 0 0 
588 9 0 0 0 0 0 0 0 0 0 0 0 
589 9 0 0 0 0 0 0 0 0 0 0 0 
590 9 0 0 0 0 0 0 0 0 0 0 0 
591 9 0 0 0 0 0 0 0 0 0 0 0 
592 9 0 0 0 0 0 0 0 0 0 0 0 
593 9 0 0 0 0 0 0 0 0 0 0 0 
594 9 0 0 0 0 0 0 0 0 0 0 0 
595 9 0 0 0 0 0 0 0 0 0 0 0 
596 9 0 0 0 0 0 0 0 0 0 0 0 
597 9 0 0 0 0 0 0 0 0 0 0 0 
598 9 0 0 0 0 0 0 0 0 0 0 0 
599 9 0 0 0 0 0 0 0 0 0 0 0 
600 9 0 0 0 0 0 0 0 0 0 0 0 
601 9 0 0 0 0 0 0 0 0 0 0 0 
602 9 0 0 0 0 0 0 0 0 0 0 0 
603 9 0 0 0 0 0 0 0 0 0 0 0 
604 9 0 0 0 0 0 0 0 0 0 0 0 
605 9 0 0 0 0 0 0 0 0 0 0 0 
606 9 0 0 0 0 0 0 0 0 0 0 0 
607 9 0 0 0 0 0 0 0 0 0 0 0 
608 9 0 0 0 0 0 0 0 0 0 0 0 
609 9 0 0 0 0 0 0 0 0 0 0 0 
610 9 0 0 0 0 0 0 0 0 0 0 0 
611 9 0 0 0 0 0 0 0 0 0 0 0 
612 9 0 0 0 0 0 0 0 0 0 0 0 
613 9 0 0 0 0 0 0 0 0 0 0 0 
614 9 0 0 0 0 0 0 0 0 0 0 0 
615 9 0 0 0 0 0 0 0 0 0 0 0 
616 9 0 0 0 0 0 0 0 0 0 0 0 
617 9 0 0 0 0 0 0 0 0 0 0 0 
618 9 0 0 0 0 0 0 0 0 0 0 0 
619 9 0 0 0 0 0 0 0 0 0 0 0 
620 9 0 0 0 0 0 0 0 0 0 0 0 
621 9 0 0 0 0 0 0 0 0 0 0 0 
622 9 0 0 0 0 0 0 0 0 0 0 0 
623 9 0 0 0 0 0 0 0 0 0 0 0 
624 9 0 0 0 0 0 0 0 0 0 0 0 
625 9 0 0 0 0 0 0 0 0 0 0 0 
626 9 0 0 0 0 0 0 0 0 0 0 0 
627 9 0 0 0 0 0 0 0 0 0 0 0 
628 9 0 0 0 0 0 0 0 0 0 0 0 
629 9 0 0 0 0 0 0 0 0 0 0 0 
630 9 0 0 0 0 0 0 0 0 0 0 0 
631 9 0 0 0 0 0 0 0 0 0 0 0 
632 9 0 0 0 0 0 0 0 0 0 0 0 
633 9 0 0 0 0 0 0 0 0 0 0 0 
634 9 0 0 0 0 0 0 0 0 0 0 0 
635 9 0 0 0 0 0 0 0 0 0 0 0 
636 9 0 0 0 0 0 0 0 0 0 0 0 
637 9 0 0 0 0 0 0 0 0 0 0 0 
638 9 0 0 0 0 0 0 0 0 0 0 0 
639 9 -1 41 4 0 0 6 10 0 0 16 6 
640 9 15 0 0 0 0 0 0 0 0 0 0 
641 9 -1 20 18 12 21 39 39 2 4 32 25512 
642 9 18 0 0 0 0 0 0 0 0 0 0 
643 9 0 0 0 0 0 0 0 0 0 0 0 
644 9 0 0 0 0 0 0 0 0 0 0 0 
645 9 0 0 0 0 0 0 0 0 0 0 0 
646 9 0 0 0 0 0 0 0 0 0 0 0 
647 9 21 0 0 0 0 0 0 0 0 0 0 
648 9 -1 6 15 2 22 10 44 11 1 32 3201 
649 9 24 0 0 0 0 0 0 0 0 0 0 
650 9 25 0 0 0 0 0 0 0 0 0 0 
651 9 0 0 0 0 0 0 0 0 0 0 0 
652 9 0 0 0 0 0 0 0 0 0 0 0 
653 9 0 0 0 0 0 0 0 0 0 0 0 
654 9 0 0 0 0 0 0 0 0 0 0 0 
655 9 0 0 0 0 0 0 0 0 0 0 0 
656 9 0 0 0 0 0 0 0 0 0 0 0 
657 9 0 0 0 0 0 0 0 0 0 0 0 
658 9 0 0 0 0 0 0 0 0 0 0 0 
659 9 0 0 0 0 0 0 0 0 0 0 0 
660 9 0 0 0 0 0 0 0 0 0 0 0 
661 9 0 0 0 0 0 0 0 0 0 0 0 
662 9 0 0 0 0 0 0 0 0 0 0 0 
663 9 28 0 0 0 0 0 0 0 0 0 0 
664 9 29 0 0 0 0 0 0 0 0 0 0 
665 9 0 0 0 0 0 0 0 0 0 0 0 
666 9 0 0 0 0 0 0 0 0 0 0 0 
667 9 -1 6 41 0 0 17 45 0 0 2 -16 
668 9 -1 14 20 21 8 42 35 4 4 32 14716 
669 9 0 0 0 0 0 0 0 0 0 0 0 
670 9 0 0 0 0 0 0 0 0 0 0 0 
671 9 0 0 0 0 0 0 0 0 0 0 0 
672 9 0 0 0 0 0 0 0 0 0 0 0 
673 9 0 0 0 0 0 0 0 0 0 0 0 
674 9 0 0 0 0 0 0 0 0 0 0 0 
675 9 0 0 0 0 0 0 0 0 0 0 0 
676 9 0 0 0 0 0 0 0 0 0 0 0 
677 9 0 0 0 0 0 0 0 0 0 0 0 
678 9 0 0 0 0 0 0 0 0 0 0 0 
679 9 -1 39 23 0 0 35 2 0 0 18 5 
680 9 39 0 0 0 0 0 0 0 0 0 0 
681 9 40 0 0 0 0 0 0 0 0 0 0 
682 9 41 0 0 0 0 0 0 0 0 0 0 
683 9 0 0 0 0 0 0 0 0 0 0 0 
684 9 0 0 0 0 0 0 0 0 0 0 0 
685 9 0 0 0 0 0 0 0 0 0 0 0 
686 9 0 0 0 0 0 0 0 0 0 0 0 
687 9 0 0 0 0 0 0 0 0 0 0 0 
688 9 0 0 0 0 0 0 0 0 0 0 0 
689 9 0 0 0 0 0 0 0 0 0 0 0 
690 9 0 0 0 0 0 0 0 0 0 0 0 
691 9 0 0 0 0 0 0 0 0 0 0 0 
692 9 0 0 0 0 0 0 0 0 0 0 0 
693 9 0 0 0 0 0 0 0 0 0 0 0 
694 9 0 0 0 0 0 0 0 0 0 0 0 
695 9 -1 12 12 19 16 36 35 8 1 32 26370 
696 9 -1 0 10 11 20 40 40 3 5 32 20649 
697 9 48 0 0 0 0 0 0 0 0 0 0 
698 9 49 0 0 0 0 0 0 0 0 0 0 
699 9 0 0 0 0 0 0 0 0 0 0 0 
700 9 0 0 0 0 0 0 0 0 0 0 0 
701 9 51 0 0 0 0 0 0 0 0 0 0 
702 9 -1 43 16 0 0 13 44 0 0 8 -7 
703 9 0 0 0 0 0 0 0 0 0 0 0 
704 9 0 0 0 0 0 0 0 0 0 0 0 
705 9 0 0 0 0 0 0 0 0 0 0 0 
706 9 0 0 0 0 0 0 0 0 0 0 0 
707 9 0 0 0 0 0 0 0 0 0 0 0 
708 9 0 0 0 0 0 0 0 0 0 0 0 
709 9 0 0 0 0 0 0 0 0 0 0 0 
710 9 0 0 0 0 0 0 0 0 0 0 0 
711 9 0 0 0 0 0 0 0 0 0 0 0 
712 9 0 0 0 0 0 0 0 0 0 0 0 
713 9 0 0 0 0 0 0 0 0 0 0 0 
714 9 0 0 0 0 0 0 0 0 0 0 0 
715 9 0 0 0 0 0 0 0 0 0 0 0 
716 9 0 0 0 0 0 0 0 0 0 0 0 
717 9 0 0 0 0 0 0 0 0 0 0 0 
718 9 0 0 0 0 0 0 0 0 0 0 0 
719 9 0 0 0 0 0 0 0 0 0 0 0 
720 9 0 0 0 0 0 0 0 0 0 0 0 
721 9 0 0 0 0 0 0 0 0 0 0 0 
722 9 0 0 0 0 0 0 0 0 0 0 0 
723 9 0 0 0 0 0 0 0 0 0 0 0 
724 9 0 0 0 0 0 0 0 0 0 0 0 
725 9 0 0 0 0 0 0 0 0 0 0 0 
726 9 0 0 0 0 0 0 0 0 0 0 0 
727 9 0 0 0 0 0 0 0 0 0 0 0 
728 9 0 0 0 0 0 0 0 0 0 0 0 
729 9 0 0 0 0 0 0 0 0 0 0 0 
730 9 0 0 0 0 0 0 0 0 0 0 0 
731 9 0 0 0 0 0 0 0 0 0 0 0 
732 9 0 0 0 0 0 0 0 0 0 0 0 
733 9 0 0 0 0 0 0 0 0 0 0 0 
734 9 0 0 0 0 0 0 0 0 0 0 0 
735 9 0 0 0 0 0 0 0 0 0 0 0 
736 9 0 0 0 0 0 0 0 0 0 0 0 
737 9 0 0 0 0 0 0 0 0 0 0 0 
738 9 0 0 0 0 0 0 0 0 0 0 0 
739 9 0 0 0 0 0 0 0 0 0 0 0 
740 9 0 0 0 0 0 0 0 0 0 0 0 
741 9 0 0 0 0 0 0 0 0 0 0 0 
742 9 0 0 0 0 0 0 0 0 0 0 0 
743 9 0 0 0 0 0 0 0 0 0 0 0 
744 9 0 0 0 0 0 0 0 0 0 0 0 
745 9 0 0 0 0 0 0 0 0 0 0 0 
746 9 0 0 0 0 0 0 0 0 0 0 0 
747 9 0 0 0 0 0 0 0 0 0 0 0 
748 9 0 0 0 0 0 0 0 0 0 0 0 
749 9 0 0 0 0 0 0 0 0 0 0 0 
750 9 0 0 0 0 0 0 0 0 0 0 0 
751 9 0 0 0 0 0 0 0 0 0 0 0 
752 9 0 0 0 0 0 0 0 0 0 0 0 
753 9 0 0 0 0 0 0 0 0 0 0 0 
754 9 0 0 0 0 0 0 0 0 0 0 0 
755 9 0 0 0 0 0 0 0 0 0 0 0 
756 9 0 0 0 0 0 0 0 0 0 0 0 
757 9 0 0 0 0 0 0 0 0 0 0 0 
758 9 0 0 0 0 0 0 0 0 0 0 0 
759 9 0 0 0 0 0 0 0 0 0 0 0 
760 9 0 0 0 0 0 0 0 0 0 0 0 
761 9 0 0 0 0 0 0 0 0 0 0 0 
762 9 0 0 0 0 0 0 0 0 0 0 0 
763 9 0 0 0 0 0 0 0 0 0 0 0 
764 9 0 0 0 0 0 0 0 0 0 0 0 
765 9 0 0 0 0 0 0 0 0 0 0 0 
766 9 0 0 0 0 0 0 0 0 0 0 0 
767 9 0 0 0 0 0 0 0 0 0 0 0 
768 9 0 0 0 0 0 0 0 0 0 0 0 
769 9 0 0 0 0 0 0 0 0 0 0 0 
770 9 0 0 0 0 0 0 0 0 0 0 0 
771 9 0 0 0 0 0 0 0 0 0 0 0 
772 9 0 0 0 0 0 0 0 0 0 0 0 
773 9 0 0 0 0 0 0 0 0 0 0 0 
774 9 0 0 0 0 0 0 0 0 0 0 0 
775 9 0 0 0 0 0 0 0 0 0 0 0 
776 9 0 0 0 0 0 0 0 0 0 0 0 
777 9 0 0 0 0 0 0 0 0 0 0 0 
778 9 0 0 0 0 0 0 0 0 0 0 0 
779 9 0 0 0 0 0 0 0 0 0 0 0 
780 9 0 0 0 0 0 0 0 0 0 0 0 
781 9 0 0 0 0 0 0 0 0 0 0 0 
782 9 0 0 0 0 0 0 0 0 0 0 0 
783 9 0 0 0 0 0 0 0 0 0 0 0 
784 9 0 0 0 0 0 0 0 0 0 0 0 
785 9 0 0 0 0 0 0 0 0 0 0 0 
786 9 0 0 0 0 0 0 0 0 0 0 0 
787 9 0 0 0 0 0 0 0 0 0 0 0 
788 9 0 0 0 0 0 0 0 0 0 0 0 
789 9 0 0 0 0 0 0 0 0 0 0 0 
790 9 0 0 0 0 0 0 0 0 0 0 0 
791 9 0 0 0 0 0 0 0 0 0 0 0 
792 9 0 0 0 0 0 0 0 0 0 0 0 
793 9 0 0 0 0 0 0 0 0 0 0 0 
794 9 0 0 0 0 0 0 0 0 0 0 0 
795 9 0 0 0 0 0 0 0 0 0 0 0 
796 9 0 0 0 0 0 0 0 0 0 0 0 
797 9 0 0 0 0 0 0 0 0 0 0 0 
798 9 0 0 0 0 0 0 0 0 0 0 0 
799 9 0 0 0 0 0 0 0 0 0 0 0 
800 9 0 0 0 0 0 0 0 0 0 0 0 
801 9 0 0 0 0 0 0 0 0 0 0 0 
802 9 0 0 0 0 0 0 0 0 0 0 0 
803 9 0 0 0 0 0 0 0 0 0 0 0 
804 9 0 0 0 0 0 0 0 0 0 0 0 
805 9 0 0 0 0 0 0 0 0 0 0 0 
806 9 0 0 0 0 0 0 0 0 0 0 0 
807 9 0 0 0 0 0 0 0 0 0 0 0 
808 9 0 0 0 0 0 0 0 0 0 0 0 
809 9 0 0 0 0 0 0 0 0 0 0 0 
810 9 0 0 0 0 0 0 0 0 0 0 0 
811 9 -1 32 35 0 0 7 46 0 0 7 27 
812 9 -1 3 10 22 5 39 40 4 7 32 -762 
813 9 -1 8 6 13 15 46 27 1 12 32 -846 
814 9 -1 27 13 0 0 34 13 0 0 3 12 
815 9 0 0 0 0 0 0 0 0 0 0 0 
816 9 0 0 0 0 0 0 0 0 0 0 0 
817 9 0 0 0 0 0 0 0 0 0 0 0 
818 9 0 0 0 0 0 0 0 0 0 0 0 
819 9 0 0 0 0 0 0 0 0 0 0 0 
820 9 0 0 0 0 0 0 0 0 0 0 0 
821 9 0 0 0 0 0 0 0 0 0 0 0 
822 9 0 0 0 0 0 0 0 0 0 0 0 
823 9 0 0 0 0 0 0 0 0 0 0 0 
824 9 0 0 0 0 0 0 0 0 0 0 0 
825 9 0 0 0 0 0 0 0 0 0 0 0 
826 9 0 0 0 0 0 0 0 0 0 0 0 
827 9 0 0 0 0 0 0 0 0 0 0 0 
828 9 0 0 0 0 0 0 0 0 0 0 0 
829 9 0 0 0 0 0 0 0 0 0 0 0 
830 9 0 0 0 0 0 0 0 0 0 0 0 
831 9 0 0 0 0 0 0 0 0 0 0 0 
832 9 0 0 0 0 0 0 0 0 0 0 0 
833 9 0 0 0 0 0 0 0 0 0 0 0 
834 9 0 0 0 0 0 0 0 0 0 0 0 
835 9 0 0 0 0 0 0 0 0 0 0 0 
836 9 0 0 0 0 0 0 0 0 0 0 0 
837 9 0 0 0 0 0 0 0 0 0 0 0 
838 9 0 0 0 0 0 0 0 0 0 0 0 
839 9 0 0 0 0 0 0 0 0 0 0 0 
840 9 0 0 0 0 0 0 0 0 0 0 0 
841 9 0 0 0 0 0 0 0 0 0 0 0 
842 9 0 0 0 0 0 0 0 0 0 0 0 
843 9 0 0 0 0 0 0 0 0 0 0 0 
844 9 0 0 0 0 0 0 0 0 0 0 0 
845 9 0 0 0 0 0 0 0 0 0 0 0 
846 9 0 0 0 0 0 0 0 0 0 0 0 
847 9 0 0 0 0 0 0 0 0 0 0 0 
848 9 0 0 0 0 0 0 0 0 0 0 0 
849 9 0 0 0 0 0 0 0 0 0 0 0 
850 9 0 0 0 0 0 0 0 0 0 0 0 
851 9 0 0 0 0 0 0 0 0 0 0 0 
852 9 0 0 0 0 0 0 0 0 0 0 0 
853 9 0 0 0 0 0 0 0 0 0 0 0 
854 9 0 0 0 0 0 0 0 0 0 0 0 
855 9 0 0 0 0 0 0 0 0 0 0 0 
856 9 0 0 0 0 0 0 0 0 0 0 0 
857 9 0 0 0 0 0 0 0 0 0 0 0 
858 9 0 0 0 0 0 0 0 0 0 0 0 
859 9 0 0 0 0 0 0 0 0 0 0 0 
860 9 0 0 0 0 0 0 0 0 0 0 0 
861 9 0 0 0 0 0 0 0 0 0 0 0 
862 9 0 0 0 0 0 0 0 0 0 0 0 
863 9 0 0 0 0 0 0 0 0 0 0 0 
864 9 0 0 0 0 0 0 0 0 0 0 0 
865 9 0 0 0 0 0 0 0 0 0 0 0 
866 9 0 0 0 0 0 0 0 0 0 0 0 
867 9 -1 13 20 0 0 44 19 0 0 16 48 
868 9 -1 44 44 0 0 4 27 0 0 11 50 
869 9 -1 32 31 0 0 41 6 0 0 15 -82 
870 9 -1 12 6 0 0 40 31 0 0 0 17 
871 9 0 0 0 0 0 0 0 0 0 0 0 
872 9 0 0 0 0 0 0 0 0 0 0 0 
873 9 0 0 0 0 0 0 0 0 0 0 0 
874 9 0 0 0 0 0 0 0 0 0 0 0 
875 9 0 0 0 0 0 0 0 0 0 0 0 
876 9 0 0 0 0 0 0 0 0 0 0 0 
877 9 0 0 0 0 0 0 0 0 0 0 0 
878 9 0 0 0 0 0 0 0 0 0 0 0 
879 9 0 0 0 0 0 0 0 0 0 0 0 
880 9 0 0 0 0 0 0 0 0 0 0 0 
881 9 0 0 0 0 0 0 0 0 0 0 0 
882 9 0 0 0 0 0 0 0 0 0 0 0 
883 9 0 0 0 0 0 0 0 0 0 0 0 
884 9 0 0 0 0 0 0 0 0 0 0 0 
885 9 0 0 0 0 0 0 0 0 0 0 0 
886 9 0 0 0 0 0 0 0 0 0 0 0 
887 9 0 0 0 0 0 0 0 0 0 0 0 
888 9 0 0 0 0 0 0 0 0 0 0 0 
889 9 0 0 0 0 0 0 0 0 0 0 0 
890 9 0 0 0 0 0 0 0 0 0 0 0 
891 9 0 0 0 0 0 0 0 0 0 0 0 
892 9 0 0 0 0 0 0 0 0 0 0 0 
893 9 0 0 0 0 0 0 0 0 0 0 0 
894 9 0 0 0 0 0 0 0 0 0 0 0 
895 9 0 0 0 0 0 0 0 0 0 0 0 
896 9 0 0 0 0 0 0 0 0 0 0 0 
897 9 0 0 0 0 0 0 0 0 0 0 0 
898 9 0 0 0 0 0 0 0 0 0 0 0 
899 9 0 0 0 0 0 0 0 0 0 0 0 
900 9 0 0 0 0 0 0 0 0 0 0 0 
901 9 0 0 0 0 0 0 0 0 0 0 0 
902 9 0 0 0 0 0 0 0 0 0 0 0 
903 9 0 0 0 0 0 0 0 0 0 0 0 
904 9 0 0 0 0 0 0 0 0 0 0 0 
905 9 0 0 0 0 0 0 0 0 0 0 0 
906 9 0 0 0 0 0 0 0 0 0 0 0 
907 9 95 0 0 0 0 0 0 0 0 0 0 
908 9 96 0 0 0 0 0 0 0 0 0 0 
909 9 0 0 0 0 0 0 0 0 0 0 0 
910 9 0 0 0 0 0 0 0 0 0 0 0 
911 9 0 0 0 0 0 0 0 0 0 0 0 
912 9 0 0 0 0 0 0 0 0 0 0 0 
913 9 0 0 0 0 0 0 0 0 0 0 0 
914 9 0 0 0 0 0 0 0 0 0 0 0 
915 9 0 0 0 0 0 0 0 0 0 0 0 
916 9 0 0 0 0 0 0 0 0 0 0 0 
917 9 0 0 0 0 0 0 0 0 0 0 0 
918 9 0 0 0 0 0 0 0 0 0 0 0 
919 9 0 0 0 0 0 0 0 0 0 0 0 
920 9 0 0 0 0 0 0 0 0 0 0 0 
921 9 0 0 0 0 0 0 0 0 0 0 0 
922 9 0 0 0 0 0 0 0 0 0 0 0 
923 9 0 0 0 0 0 0 0 0 0 0 0 
924 9 0 0 0 0 0 0 0 0 0 0 0 
925 9 0 0 0 0 0 0 0 0 0 0 0 
926 9 0 0 0 0 0 0 0 0 0 0 0 
927 9 99 0 0 0 0 0 0 0 0 0 0 
928 9 -1 8 33 0 0 28 9 0 0 6 -18 
929 9 102 0 0 0 0 0 0 0 0 0 0 
930 9 103 0 0 0 0 0 0 0 0 0 0 
931 9 -1 8 19 21 14 30 35 1 3 32 1502 
932 9 -1 11 7 0 0 8 25 0 0 1 32 
933 9 -1 25 35 0 0 6 13 0 0 1 -29 
934 9 -1 40 35 0 0 25 47 0 0 16 23 
935 9 112 0 0 0 0 0 0 0 0 0 0 
936 9 113 0 0 0 0 0 0 0 0 0 0 
937 9 0 0 0 0 0 0 0 0 0 0 0 
938 9 0 0 0 0 0 0 0 0 0 0 0 
939 9 115 0 0 0 0 0 0 0 0 0 0 
940 9 116 0 0 0 0 0 0 0 0 0 0 
941 9 0 0 0 0 0 0 0 0 0 0 0 
942 9 0 0 0 0 0 0 0 0 0 0 0 
943 9 0 0 0 0 0 0 0 0 0 0 0 
944 9 0 0 0 0 0 0 0 0 0 0 0 
945 9 0 0 0 0 0 0 0 0 0 0 0 
946 9 0 0 0 0 0 0 0 0 0 0 0 
947 9 0 0 0 0 0 0 0 0 0 0 0 
948 9 0 0 0 0 0 0 0 0 0 0 0 
949 9 0 0 0 0 0 0 0 0 0 0 0 
950 9 0 0 0 0 0 0 0 0 0 0 0 
951 9 0 0 0 0 0 0 0 0 0 0 0 
952 9 0 0 0 0 0 0 0 0 0 0 0 
953 9 0 0 0 0 0 0 0 0 0 0 0 
954 9 0 0 0 0 0 0 0 0 0 0 0 
955 9 0 0 0 0 0 0 0 0 0 0 0 
956 9 0 0 0 0 0 0 0 0 0 0 0 
957 9 0 0 0 0 0 0 0 0 0 0 0 
958 9 0 0 0 0 0 0 0 0 0 0 0 
959 9 0 0 0 0 0 0 0 0 0 0 0 
960 9 0 0 0 0 0 0 0 0 0 0 0 
961 9 0 0 0 0 0 0 0 0 0 0 0 
962 9 0 0 0 0 0 0 0 0 0 0 0 
963 9 0 0 0 0 0 0 0 0 0 0 0 
964 9 0 0 0 0 0 0 0 0 0 0 0 
965 9 0 0 0 0 0 0 0 0 0 0 0 
966 9 0 0 0 0 0 0 0 0 0 0 0 
967 9 0 0 0 0 0 0 0 0 0 0 0 
968 9 0 0 0 0 0 0 0 0 0 0 0 
969 9 0 0 0 0 0 0 0 0 0 0 0 
970 9 0 0 0 0 0 0 0 0 0 0 0 
971 9 -1 13 30 0 0 8 21 0 0 11 69 
972 9 126 0 0 0 0 0 0 0 0 0 0 
973 9 0 0 0 0 0 0 0 0 0 0 0 
974 9 0 0 0 0 0 0 0 0 0 0 0 
975 9 0 0 0 0 0 0 0 0 0 0 0 
976 9 0 0 0 0 0 0 0 0 0 0 0 
977 9 0 0 0 0 0 0 0 0 0 0 0 
978 9 0 0 0 0 0 0 0 0 0 0 0 
979 9 0 0 0 0 0 0 0 0 0 0 0 
980 9 0 0 0 0 0 0 0 0 0 0 0 
981 9 0 0 0 0 0 0 0 0 0 0 0 
982 9 0 0 0 0 0 0 0 0 0 0 0 
983 9 0 0 0 0 0 0 0 0 0 0 0 
984 9 0 0 0 0 0 0 0 0 0 0 0 
985 9 0 0 0 0 0 0 0 0 0 0 0 
986 9 0 0 0 0 0 0 0 0 0 0 0 
987 9 0 0 0 0 0 0 0 0 0 0 0 
988 9 0 0 0 0 0 0 0 0 0 0 0 
989 9 0 0 0 0 0 0 0 0 0 0 0 
990 9 0 0 0 0 0 0 0 0 0 0 0 
991 9 0 0 0 0 0 0 0 0 0 0 0 
992 9 0 0 0 0 0 0 0 0 0 0 0 
993 9 0 0 0 0 0 0 0 0 0 0 0 
994 9 0 0 0 0 0 0 0 0 0 0 0 
995 9 0 0 0 0 0 0 0 0 0 0 0 
996 9 0 0 0 0 0 0 0 0 0 0 0 
997 9 0 0 0 0 0 0 0 0 0 0 0 
998 9 0 0 0 0 0 0 0 0 0 0 0 
999 9 0 0 0 0 0 0 0 0 0 0 0 
1000 9 0 0 0 0 0 0 0 0 0 0 0 
1001 9 0 0 0 0 0 0 0 0 0 0 0 
1002 9 0 0 0 0 0 0 0 0 0 0 0 
1003 9 0 0 0 0 0 0 0 0 0 0 0 
1004 9 0 0 0 0 0 0 0 0 0 0 0 
1005 9 0 0 0 0 0 0 0 0 0 0 0 
1006 9 0 0 0 0 0 0 0 0 0 0 0 
1007 9 0 0 0 0 0 0 0 0 0 0 0 
1008 9 0 0 0 0 0 0 0 0 0 0 0 
1009 9 0 0 0 0 0 0 0 0 0 0 0 
1010 9 0 0 0 0 0 0 0 0 0 0 0 
1011 9 0 0 0 0 0 0 0 0 0 0 0 
1012 9 0 0 0 0 0 0 0 0 0 0 0 
1013 9 0 0 0 0 0 0 0 0 0 0 0 
1014 9 0 0 0 0 0 0 0 0 0 0 0 
1015 9 0 0 0 0 0 0 0 0 0 0 0 
1016 9 0 0 0 0 0 0 0 0 0 0 0 
1017 9 0 0 0 0 0 0 0 0 0 0 0 
1018 9 0 0 0 0 0 0 0 0 0 0 0 
1019 9 0 0 0 0 0 0 0 0 0 0 0 
1020 9 0 0 0 0 0 0 0 0 0 0 0 
1021 9 0 0 0 0 0 0 0 0 0 0 0 
1022 9 0 0 0 0 0 0 0 0 0 0 0 
1023 10 0 0 0 0 0 0 0 0 0 0 0 
1024 10 0 0 0 0 0 0 0 0 0 0 0 
1025 10 0 0 0 0 0 0 0 0 0 0 0 
1026 10 0 0 0 0 0 0 0 0 0 0 0 
1027 10 0 0 0 0 0 0 0 0 0 0 0 
1028 10 0 0 0 0 0 0 0 0 0 0 0 
1029 10 0 0 0 0 0 0 0 0 0 0 0 
1030 10 0 0 0 0 0 0 0 0 0 0 0 
1031 10 0 0 0 0 0 0 0 0 0 0 0 
1032 10 0 0 0 0 0 0 0 0 0 0 0 
1033 10 0 0 0 0 0 0 0 0 0 0 0 
1034 10 0 0 0 0 0 0 0 0 0 0 0 
1035 10 0 0 0 0 0 0 0 0 0 0 0 
1036 10 0 0 0 0 0 0 0 0 0 0 0 
1037 10 0 0 0 0 0 0 0 0 0 0 0 
1038 10 0 0 0 0 0 0 0 0 0 0 0 
1039 10 0 0 0 0 0 0 0 0 0 0 0 
1040 10 0 0 0 0 0 0 0 0 0 0 0 
1041 10 0 0 0 0 0 0 0 0 0 0 0 
1042 10 0 0 0 0 0 0 0 0 0 0 0 
1043 10 0 0 0 0 0 0 0 0 0 0 0 
1044 10 0 0 0 0 0 0 0 0 0 0 0 
1045 10 0 0 0 0 0 0 0 0 0 0 0 
1046 10 0 0 0 0 0 0 0 0 0 0 0 
1047 10 0 0 0 0 0 0 0 0 0 0 0 
1048 10 0 0 0 0 0 0 0 0 0 0 0 
1049 10 0 0 0 0 0 0 0 0 0 0 0 
1050 10 0 0 0 0 0 0 0 0 0 0 0 
1051 10 0 0 0 0 0 0 0 0 0 0 0 
1052 10 0 0 0 0 0 0 0 0 0 0 0 
1053 10 0 0 0 0 0 0 0 0 0 0 0 
1054 10 0 0 0 0 0 0 0 0 0 0 0 
1055 10 0 0 0 0 0 0 0 0 0 0 0 
1056 10 0 0 0 0 0 0 0 0 0 0 0 
1057 10 0 0 0 0 0 0 0 0 0 0 0 
1058 10 0 0 0 0 0 0 0 0 0 0 0 
1059 10 0 0 0 0 0 0 0 0 0 0 0 
1060 10 0 0 0 0 0 0 0 0 0 0 0 
1061 10 0 0 0 0 0 0 0 0 0 0 0 
1062 10 0 0 0 0 0 0 0 0 0 0 0 
1063 10 0 0 0 0 0 0 0 0 0 0 0 
1064 10 0 0 0 0 0 0 0 0 0 0 0 
1065 10 0 0 0 0 0 0 0 0 0 0 0 
1066 10 0 0 0 0 0 0 0 0 0 0 0 
1067 10 0 0 0 0 0 0 0 0 0 0 0 
1068 10 0 0 0 0 0 0 0 0 0 0 0 
1069 10 0 0 0 0 0 0 0 0 0 0 0 
1070 10 0 0 0 0 0 0 0 0 0 0 0 
1071 10 0 0 0 0 0 0 0 0 0 0 0 
1072 10 0 0 0 0 0 0 0 0 0 0 0 
1073 10 0 0 0 0 0 0 0 0 0 0 0 
1074 10 0 0 0 0 0 0 0 0 0 0 0 
1075 10 0 0 0 0 0 0 0 0 0 0 0 
1076 10 0 0 0 0 0 0 0 0 0 0 0 
1077 10 0 0 0 0 0 0 0 0 0 0 0 
1078 10 0 0 0 0 0 0 0 0 0 0 0 
1079 10 0 0 0 0 0 0 0 0 0 0 0 
1080 10 0 0 0 0 0 0 0 0 0 0 0 
1081 10 0 0 0 0 0 0 0 0 0 0 0 
1082 10 0 0 0 0 0 0 0 0 0 0 0 
1083 10 0 0 0 0 0 0 0 0 0 0 0 
1084 10 0 0 0 0 0 0 0 0 0 0 0 
1085 10 0 0 0 0 0 0 0 0 0 0 0 
1086 10 0 0 0 0 0 0 0 0 0 0 0 
1087 10 0 0 0 0 0 0 0 0 0 0 0 
1088 10 0 0 0 0 0 0 0 0 0 0 0 
1089 10 0 0 0 0 0 0 0 0 0 0 0 
1090 10 0 0 0 0 0 0 0 0 0 0 0 
1091 10 0 0 0 0 0 0 0 0 0 0 0 
1092 10 0 0 0 0 0 0 0 0 0 0 0 
1093 10 0 0 0 0 0 0 0 0 0 0 0 
1094 10 0 0 0 0 0 0 0 0 0 0 0 
1095 10 0 0 0 0 0 0 0 0 0 0 0 
1096 10 0 0 0 0 0 0 0 0 0 0 0 
1097 10 0 0 0 0 0 0 0 0 0 0 0 
1098 10 0 0 0 0 0 0 0 0 0 0 0 
1099 10 0 0 0 0 0 0 0 0 0 0 0 
1100 10 0 0 0 0 0 0 0 0 0 0 0 
1101 10 0 0 0 0 0 0 0 0 0 0 0 
1102 10 0 0 0 0 0 0 0 0 0 0 0 
1103 10 0 0 0 0 0 0 0 0 0 0 0 
1104 10 0 0 0 0 0 0 0 0 0 0 0 
1105 10 0 0 0 0 0 0 0 0 0 0 0 
1106 10 0 0 0 0 0 0 0 0 0 0 0 
1107 10 0 0 0 0 0 0 0 0 0 0 0 
1108 10 0 0 0 0 0 0 0 0 0 0 0 
1109 10 0 0 0 0 0 0 0 0 0 0 0 
1110 10 0 0 0 0 0 0 0 0 0 0 0 
1111 10 0 0 0 0 0 0 0 0 0 0 0 
1112 10 0 0 0 0 0 0 0 0 0 0 0 
1113 10 4 0 0 0 0 0 0 0 0 0 0 
1114 10 5 0 0 0 0 0 0 0 0 0 0 
1115 10 0 0 0 0 0 0 0 0 0 0 0 
1116 10 0 0 0 0 0 0 0 0 0 0 0 
1117 10 0 0 0 0 0 0 0 0 0 0 0 
1118 10 0 0 0 0 0 0 0 0 0 0 0 
1119 10 0 0 0 0 0 0 0 0 0 0 0 
1120 10 0 0 0 0 0 0 0 0 0 0 0 
1121 10 0 0 0 0 0 0 0 0 0 0 0 
1122 10 0 0 0 0 0 0 0 0 0 0 0 
1123 10 0 0 0 0 0 0 0 0 0 0 0 
1124 10 0 0 0 0 0 0 0 0 0 0 0 
1125 10 0 0 0 0 0 0 0 0 0 0 0 
1126 10 0 0 0 0 0 0 0 0 0 0 0 
1127 10 0 0 0 0 0 0 0 0 0 0 0 
1128 10 0 0 0 0 0 0 0 0 0 0 0 
1129 10 0 0 0 0 0 0 0 0 0 0 0 
1130 10 0 0 0 0 0 0 0 0 0 0 0 
1131 10 0 0 0 0 0 0 0 0 0 0 0 
1132 10 0 0 0 0 0 0 0 0 0 0 0 
1133 10 0 0 0 0 0 0 0 0 0 0 0 
1134 10 0 0 0 0 0 0 0 0 0 0 0 
1135 10 0 0 0 0 0 0 0 0 0 0 0 
1136 10 0 0 0 0 0 0 0 0 0 0 0 
1137 10 0 0 0 0 0 0 0 0 0 0 0 
1138 10 0 0 0 0 0 0 0 0 0 0 0 
1139 10 0 0 0 0 0 0 0 0 0 0 0 
1140 10 0 0 0 0 0 0 0 0 0 0 0 
1141 10 0 0 0 0 0 0 0 0 0 0 0 
1142 10 0 0 0 0 0 0 0 0 0 0 0 
1143 10 0 0 0 0 0 0 0 0 0 0 0 
1144 10 0 0 0 0 0 0 0 0 0 0 0 
1145 10 0 0 0 0 0 0 0 0 0 0 0 
1146 10 0 0 0 0 0 0 0 0 0 0 0 
1147 10 0 0 0 0 0 0 0 0 0 0 0 
1148 10 0 0 0 0 0 0 0 0 0 0 0 
1149 10 0 0 0 0 0 0 0 0 0 0 0 
1150 10 0 0 0 0 0 0 0 0 0 0 0 
1151 10 0 0 0 0 0 0 0 0 0 0 0 
1152 10 0 0 0 0 0 0 0 0 0 0 0 
1153 10 0 0 0 0 0 0 0 0 0 0 0 
1154 10 0 0 0 0 0 0 0 0 0 0 0 
1155 10 0 0 0 0 0 0 0 0 0 0 0 
1156 10 0 0 0 0 0 0 0 0 0 0 0 
1157 10 0 0 0 0 0 0 0 0 0 0 0 
1158 10 0 0 0 0 0 0 0 0 0 0 0 
1159 10 0 0 0 0 0 0 0 0 0 0 0 
1160 10 0 0 0 0 0 0 0 0 0 0 0 
1161 10 0 0 0 0 0 0 0 0 0 0 0 
1162 10 0 0 0 0 0 0 0 0 0 0 0 
1163 10 0 0 0 0 0 0 0 0 0 0 0 
1164 10 0 0 0 0 0 0 0 0 0 0 0 
1165 10 0 0 0 0 0 0 0 0 0 0 0 
1166 10 0 0 0 0 0 0 0 0 0 0 0 
1167 10 0 0 0 0 0 0 0 0 0 0 0 
1168 10 0 0 0 0 0 0 0 0 0 0 0 
1169 10 0 0 0 0 0 0 0 0 0 0 0 
1170 10 0 0 0 0 0 0 0 0 0 0 0 
1171 10 0 0 0 0 0 0 0 0 0 0 0 
1172 10 0 0 0 0 0 0 0 0 0 0 0 
1173 10 0 0 0 0 0 0 0 0 0 0 0 
1174 10 0 0 0 0 0 0 0 0 0 0 0 
1175 10 0 0 0 0 0 0 0 0 0 0 0 
1176 10 0 0 0 0 0 0 0 0 0 0 0 
1177 10 0 0 0 0 0 0 0 0 0 0 0 
1178 10 0 0 0 0 0 0 0 0 0 0 0 
1179 10 0 0 0 0 0 0 0 0 0 0 0 
1180 10 0 0 0 0 0 0 0 0 0 0 0 
1181 10 0 0 0 0 0 0 0 0 0 0 0 
1182 10 0 0 0 0 0 0 0 0 0 0 0 
1183 10 0 0 0 0 0 0 0 0 0 0 0 
1184 10 0 0 0 0 0 0 0 0 0 0 0 
1185 10 0 0 0 0 0 0 0 0 0 0 0 
1186 10 0 0 0 0 0 0 0 0 0 0 0 
1187 10 0 0 0 0 0 0 0 0 0 0 0 
1188 10 0 0 0 0 0 0 0 0 0 0 0 
1189 10 0 0 0 0 0 0 0 0 0 0 0 
1190 10 0 0 0 0 0 0 0 0 0 0 0 
1191 10 0 0 0 0 0 0 0 0 0 0 0 
1192 10 0 0 0 0 0 0 0 0 0 0 0 
1193 10 0 0 0 0 0 0 0 0 0 0 0 
1194 10 0 0 0 0 0 0 0 0 0 0 0 
1195 10 0 0 0 0 0 0 0 0 0 0 0 
1196 10 0 0 0 0 0 0 0 0 0 0 0 
1197 10 0 0 0 0 0 0 0 0 0 0 0 
1198 10 0 0 0 0 0 0 0 0 0 0 0 
1199 10 0 0 0 0 0 0 0 0 0 0 0 
1200 10 0 0 0 0 0 0 0 0 0 0 0 
1201 10 0 0 0 0 0 0 0 0 0 0 0 
1202 10 0 0 0 0 0 0 0 0 0 0 0 
1203 10 0 0 0 0 0 0 0 0 0 0 0 
1204 10 0 0 0 0 0 0 0 0 0 0 0 
1205 10 0 0 0 0 0 0 0 0 0 0 0 
1206 10 0 0 0 0 0 0 0 0 0 0 0 
1207 10 0 0 0 0 0 0 0 0 0 0 0 
1208 10 0 0 0 0 0 0 0 0 0 0 0 
1209 10 0 0 0 0 0 0 0 0 0 0 0 
1210 10 0 0 0 0 0 0 0 0 0 0 0 
1211 10 0 0 0 0 0 0 0 0 0 0 0 
1212 10 0 0 0 0 0 0 0 0 0 0 0 
1213 10 0 0 0 0 0 0 0 0 0 0 0 
1214 10 0 0 0 0 0 0 0 0 0 0 0 
1215 10 0 0 0 0 0 0 0 0 0 0 0 
1216 10 0 0 0 0 0 0 0 0 0 0 0 
1217 10 0 0 0 0 0 0 0 0 0 0 0 
1218 10 0 0 0 0 0 0 0 0 0 0 0 
1219 10 0 0 0 0 0 0 0 0 0 0 0 
1220 10 0 0 0 0 0 0 0 0 0 0 0 
1221 10 0 0 0 0 0 0 0 0 0 0 0 
1222 10 0 0 0 0 0 0 0 0 0 0 0 
1223 10 0 0 0 0 0 0 0 0 0 0 0 
1224 10 0 0 0 0 0 0 0 0 0 0 0 
1225 10 0 0 0 0 0 0 0 0 0 0 0 
1226 10 0 0 0 0 0 0 0 0 0 0 0 
1227 10 0 0 0 0 0 0 0 0 0 0 0 
1228 10 0 0 0 0 0 0 0 0 0 0 0 
1229 10 0 0 0 0 0 0 0 0 0 0 0 
1230 10 0 0 0 0 0 0 0 0 0 0 0 
1231 10 0 0 0 0 0 0 0 0 0 0 0 
1232 10 0 0 0 0 0 0 0 0 0 0 0 
1233 10 0 0 0 0 0 0 0 0 0 0 0 
1234 10 0 0 0 0 0 0 0 0 0 0 0 
1235 10 0 0 0 0 0 0 0 0 0 0 0 
1236 10 0 0 0 0 0 0 0 0 0 0 0 
1237 10 0 0 0 0 0 0 0 0 0 0 0 
1238 10 0 0 0 0 0 0 0 0 0 0 0 
1239 10 0 0 0 0 0 0 0 0 0 0 0 
1240 10 0 0 0 0 0 0 0 0 0 0 0 
1241 10 0 0 0 0 0 0 0 0 0 0 0 
1242 10 0 0 0 0 0 0 0 0 0 0 0 
1243 10 0 0 0 0 0 0 0 0 0 0 0 
1244 10 0 0 0 0 0 0 0 0 0 0 0 
1245 10 0 0 0 0 0 0 0 0 0 0 0 
1246 10 0 0 0 0 0 0 0 0 0 0 0 
1247 10 0 0 0 0 0 0 0 0 0 0 0 
1248 10 0 0 0 0 0 0 0 0 0 0 0 
1249 10 0 0 0 0 0 0 0 0 0 0 0 
1250 10 0 0 0 0 0 0 0 0 0 0 0 
1251 10 0 0 0 0 0 0 0 0 0 0 0 
1252 10 0 0 0 0 0 0 0 0 0 0 0 
1253 10 0 0 0 0 0 0 0 0 0 0 0 
1254 10 0 0 0 0 0 0 0 0 0 0 0 
1255 10 0 0 0 0 0 0 0 0 0 0 0 
1256 10 0 0 0 0 0 0 0 0 0 0 0 
1257 10 0 0 0 0 0 0 0 0 0 0 0 
1258 10 0 0 0 0 0 0 0 0 0 0 0 
1259 10 0 0 0 0 0 0 0 0 0 0 0 
1260 10 0 0 0 0 0 0 0 0 0 0 0 
1261 10 0 0 0 0 0 0 0 0 0 0 0 
1262 10 0 0 0 0 0 0 0 0 0 0 0 
1263 10 0 0 0 0 0 0 0 0 0 0 0 
1264 10 0 0 0 0 0 0 0 0 0 0 0 
1265 10 0 0 0 0 0 0 0 0 0 0 0 
1266 10 0 0 0 0 0 0 0 0 0 0 0 
1267 10 0 0 0 0 0 0 0 0 0 0 0 
1268 10 0 0 0 0 0 0 0 0 0 0 0 
1269 10 0 0 0 0 0 0 0 0 0 0 0 
1270 10 0 0 0 0 0 0 0 0 0 0 0 
1271 10 0 0 0 0 0 0 0 0 0 0 0 
1272 10 0 0 0 0 0 0 0 0 0 0 0 
1273 10 0 0 0 0 0 0 0 0 0 0 0 
1274 10 0 0 0 0 0 0 0 0 0 0 0 
1275 10 0 0 0 0 0 0 0 0 0 0 0 
1276 10 0 0 0 0 0 0 0 0 0 0 0 
1277 10 0 0 0 0 0 0 0 0 0 0 0 
1278 10 0 0 0 0 0 0 0 0 0 0 0 
1279 10 13 0 0 0 0 0 0 0 0 0 0 
1280 10 14 0 0 0 0 0 0 0 0 0 0 
1281 10 0 0 0 0 0 0 0 0 0 0 0 
1282 10 0 0 0 0 0 0 0 0 0 0 0 
1283 10 16 0 0 0 0 0 0 0 0 0 0 
1284 10 17 0 0 0 0 0 0 0 0 0 0 
1285 10 0 0 0 0 0 0 0 0 0 0 0 
1286 10 0 0 0 0 0 0 0 0 0 0 0 
1287 10 0 0 0 0 0 0 0 0 0 0 0 
1288 10 0 0 0 0 0 0 0 0 0 0 0 
1289 10 0 0 0 0 0 0 0 0 0 0 0 
1290 10 0 0 0 0 0 0 0 0 0 0 0 
1291 10 0 0 0 0 0 0 0 0 0 0 0 
1292 10 0 0 0 0 0 0 0 0 0 0 0 
1293 10 0 0 0 0 0 0 0 0 0 0 0 
1294 10 0 0 0 0 0 0 0 0 0 0 0 
1295 10 0 0 0 0 0 0 0 0 0 0 0 
1296 10 0 0 0 0 0 0 0 0 0 0 0 
1297 10 22 0 0 0 0 0 0 0 0 0 0 
1298 10 23 0 0 0 0 0 0 0 0 0 0 
1299 10 0 0 0 0 0 0 0 0 0 0 0 
1300 10 0 0 0 0 0 0 0 0 0 0 0 
1301 10 0 0 0 0 0 0 0 0 0 0 0 
1302 10 0 0 0 0 0 0 0 0 0 0 0 
1303 10 0 0 0 0 0 0 0 0 0 0 0 
1304 10 0 0 0 0 0 0 0 0 0 0 0 
1305 10 0 0 0 0 0 0 0 0 0 0 0 
1306 10 0 0 0 0 0 0 0 0 0 0 0 
1307 10 0 0 0 0 0 0 0 0 0 0 0 
1308 10 0 0 0 0 0 0 0 0 0 0 0 
1309 10 0 0 0 0 0 0 0 0 0 0 0 
1310 10 0 0 0 0 0 0 0 0 0 0 0 
1311 10 0 0 0 0 0 0 0 0 0 0 0 
1312 10 0 0 0 0 0 0 0 0 0 0 0 
1313 10 0 0 0 0 0 0 0 0 0 0 0 
1314 10 0 0 0 0 0 0 0 0 0 0 0 
1315 10 0 0 0 0 0 0 0 0 0 0 0 
1316 10 0 0 0 0 0 0 0 0 0 0 0 
1317 10 0 0 0 0 0 0 0 0 0 0 0 
1318 10 0 0 0 0 0 0 0 0 0 0 0 
1319 10 0 0 0 0 0 0 0 0 0 0 0 
1320 10 0 0 0 0 0 0 0 0 0 0 0 
1321 10 0 0 0 0 0 0 0 0 0 0 0 
1322 10 0 0 0 0 0 0 0 0 0 0 0 
1323 10 0 0 0 0 0 0 0 0 0 0 0 
1324 10 0 0 0 0 0 0 0 0 0 0 0 
1325 10 0 0 0 0 0 0 0 0 0 0 0 
1326 10 0 0 0 0 0 0 0 0 0 0 0 
1327 10 0 0 0 0 0 0 0 0 0 0 0 
1328 10 0 0 0 0 0 0 0 0 0 0 0 
1329 10 0 0 0 0 0 0 0 0 0 0 0 
1330 10 0 0 0 0 0 0 0 0 0 0 0 
1331 10 0 0 0 0 0 0 0 0 0 0 0 
1332 10 0 0 0 0 0 0 0 0 0 0 0 
1333 10 0 0 0 0 0 0 0 0 0 0 0 
1334 10 0 0 0 0 0 0 0 0 0 0 0 
1335 10 31 0 0 0 0 0 0 0 0 0 0 
1336 10 32 0 0 0 0 0 0 0 0 0 0 
1337 10 33 0 0 0 0 0 0 0 0 0 0 
1338 10 34 0 0 0 0 0 0 0 0 0 0 
1339 10 0 0 0 0 0 0 0 0 0 0 0 
1340 10 0 0 0 0 0 0 0 0 0 0 0 
1341 10 0 0 0 0 0 0 0 0 0 0 0 
1342 10 0 0 0 0 0 0 0 0 0 0 0 
1343 10 0 0 0 0 0 0 0 0 0 0 0 
1344 10 0 0 0 0 0 0 0 0 0 0 0 
1345 10 0 0 0 0 0 0 0 0 0 0 0 
1346 10 0 0 0 0 0 0 0 0 0 0 0 
1347 10 0 0 0 0 0 0 0 0 0 0 0 
1348 10 0 0 0 0 0 0 0 0 0 0 0 
1349 10 0 0 0 0 0 0 0 0 0 0 0 
1350 10 0 0 0 0 0 0 0 0 0 0 0 
1351 10 0 0 0 0 0 0 0 0 0 0 0 
1352 10 0 0 0 0 0 0 0 0 0 0 0 
1353 10 0 0 0 0 0 0 0 0 0 0 0 
1354 10 0 0 0 0 0 0 0 0 0 0 0 
1355 10 0 0 0 0 0 0 0 0 0 0 0 
1356 10 0 0 0 0 0 0 0 0 0 0 0 
1357 10 0 0 0 0 0 0 0 0 0 0 0 
1358 10 0 0 0 0 0 0 0 0 0 0 0 
1359 10 37 0 0 0 0 0 0 0 0 0 0 
1360 10 38 0 0 0 0 0 0 0 0 0 0 
1361 10 0 0 0 0 0 0 0 0 0 0 0 
1362 10 0 0 0 0 0 0 0 0 0 0 0 
1363 10 0 0 0 0 0 0 0 0 0 0 0 
1364 10 0 0 0 0 0 0 0 0 0 0 0 
1365 10 0 0 0 0 0 0 0 0 0 0 0 
1366 10 0 0 0 0 0 0 0 0 0 0 0 
1367 10 0 0 0 0 0 0 0 0 0 0 0 
1368 10 0 0 0 0 0 0 0 0 0 0 0 
1369 10 0 0 0 0 0 0 0 0 0 0 0 
1370 10 0 0 0 0 0 0 0 0 0 0 0 
1371 10 0 0 0 0 0 0 0 0 0 0 0 
1372 10 0 0 0 0 0 0 0 0 0 0 0 
1373 10 0 0 0 0 0 0 0 0 0 0 0 
1374 10 0 0 0 0 0 0 0 0 0 0 0 
1375 10 0 0 0 0 0 0 0 0 0 0 0 
1376 10 0 0 0 0 0 0 0 0 0 0 0 
1377 10 0 0 0 0 0 0 0 0 0 0 0 
1378 10 0 0 0 0 0 0 0 0 0 0 0 
1379 10 0 0 0 0 0 0 0 0 0 0 0 
1380 10 0 0 0 0 0 0 0 0 0 0 0 
1381 10 0 0 0 0 0 0 0 0 0 0 0 
1382 10 0 0 0 0 0 0 0 0 0 0 0 
1383 10 0 0 0 0 0 0 0 0 0 0 0 
1384 10 0 0 0 0 0 0 0 0 0 0 0 
1385 10 0 0 0 0 0 0 0 0 0 0 0 
1386 10 0 0 0 0 0 0 0 0 0 0 0 
1387 10 0 0 0 0 0 0 0 0 0 0 0 
1388 10 0 0 0 0 0 0 0 0 0 0 0 
1389 10 0 0 0 0 0 0 0 0 0 0 0 
1390 10 0 0 0 0 0 0 0 0 0 0 0 
1391 10 44 0 0 0 0 0 0 0 0 0 0 
1392 10 45 0 0 0 0 0 0 0 0 0 0 
1393 10 46 0 0 0 0 0 0 0 0 0 0 
1394 10 47 0 0 0 0 0 0 0 0 0 0 
1395 10 0 0 0 0 0 0 0 0 0 0 0 
1396 10 0 0 0 0 0 0 0 0 0 0 0 
1397 10 0 0 0 0 0 0 0 0 0 0 0 
1398 10 0 0 0 0 0 0 0 0 0 0 0 
1399 10 0 0 0 0 0 0 0 0 0 0 0 
1400 10 0 0 0 0 0 0 0 0 0 0 0 
1401 10 0 0 0 0 0 0 0 0 0 0 0 
1402 10 0 0 0 0 0 0 0 0 0 0 0 
1403 10 0 0 0 0 0 0 0 0 0 0 0 
1404 10 0 0 0 0 0 0 0 0 0 0 0 
1405 10 52 0 0 0 0 0 0 0 0 0 0 
1406 10 53 0 0 0 0 0 0 0 0 0 0 
1407 10 0 0 0 0 0 0 0 0 0 0 0 
1408 10 0 0 0 0 0 0 0 0 0 0 0 
1409 10 0 0 0 0 0 0 0 0 0 0 0 
1410 10 0 0 0 0 0 0 0 0 0 0 0 
1411 10 0 0 0 0 0 0 0 0 0 0 0 
1412 10 0 0 0 0 0 0 0 0 0 0 0 
1413 10 0 0 0 0 0 0 0 0 0 0 0 
1414 10 0 0 0 0 0 0 0 0 0 0 0 
1415 10 0 0 0 0 0 0 0 0 0 0 0 
1416 10 0 0 0 0 0 0 0 0 0 0 0 
1417 10 0 0 0 0 0 0 0 0 0 0 0 
1418 10 0 0 0 0 0 0 0 0 0 0 0 
1419 10 0 0 0 0 0 0 0 0 0 0 0 
1420 10 0 0 0 0 0 0 0 0 0 0 0 
1421 10 0 0 0 0 0 0 0 0 0 0 0 
1422 10 0 0 0 0 0 0 0 0 0 0 0 
1423 10 0 0 0 0 0 0 0 0 0 0 0 
1424 10 0 0 0 0 0 0 0 0 0 0 0 
1425 10 0 0 0 0 0 0 0 0 0 0 0 
1426 10 0 0 0 0 0 0 0 0 0 0 0 
1427 10 0 0 0 0 0 0 0 0 0 0 0 
1428 10 0 0 0 0 0 0 0 0 0 0 0 
1429 10 0 0 0 0 0 0 0 0 0 0 0 
1430 10 0 0 0 0 0 0 0 0 0 0 0 
1431 10 0 0 0 0 0 0 0 0 0 0 0 
1432 10 0 0 0 0 0 0 0 0 0 0 0 
1433 10 0 0 0 0 0 0 0 0 0 0 0 
1434 10 0 0 0 0 0 0 0 0 0 0 0 
1435 10 0 0 0 0 0 0 0 0 0 0 0 
1436 10 0 0 0 0 0 0 0 0 0 0 0 
1437 10 0 0 0 0 0 0 0 0 0 0 0 
1438 10 0 0 0 0 0 0 0 0 0 0 0 
1439 10 0 0 0 0 0 0 0 0 0 0 0 
1440 10 0 0 0 0 0 0 0 0 0 0 0 
1441 10 0 0 0 0 0 0 0 0 0 0 0 
1442 10 0 0 0 0 0 0 0 0 0 0 0 
1443 10 0 0 0 0 0 0 0 0 0 0 0 
1444 10 0 0 0 0 0 0 0 0 0 0 0 
1445 10 0 0 0 0 0 0 0 0 0 0 0 
1446 10 0 0 0 0 0 0 0 0 0 0 0 
1447 10 0 0 0 0 0 0 0 0 0 0 0 
1448 10 0 0 0 0 0 0 0 0 0 0 0 
1449 10 0 0 0 0 0 0 0 0 0 0 0 
1450 10 0 0 0 0 0 0 0 0 0 0 0 
1451 10 0 0 0 0 0 0 0 0 0 0 0 
1452 10 0 0 0 0 0 0 0 0 0 0 0 
1453 10 0 0 0 0 0 0 0 0 0 0 0 
1454 10 0 0 0 0 0 0 0 0 0 0 0 
1455 10 0 0 0 0 0 0 0 0 0 0 0 
1456 10 0 0 0 0 0 0 0 0 0 0 0 
1457 10 0 0 0 0 0 0 0 0 0 0 0 
1458 10 0 0 0 0 0 0 0 0 0 0 0 
1459 10 0 0 0 0 0 0 0 0 0 0 0 
1460 10 0 0 0 0 0 0 0 0 0 0 0 
1461 10 0 0 0 0 0 0 0 0 0 0 0 
1462 10 0 0 0 0 0 0 0 0 0 0 0 
1463 10 0 0 0 0 0 0 0 0 0 0 0 
1464 10 0 0 0 0 0 0 0 0 0 0 0 
1465 10 0 0 0 0 0 0 0 0 0 0 0 
1466 10 0 0 0 0 0 0 0 0 0 0 0 
1467 10 0 0 0 0 0 0 0 0 0 0 0 
1468 10 0 0 0 0 0 0 0 0 0 0 0 
1469 10 0 0 0 0 0 0 0 0 0 0 0 
1470 10 0 0 0 0 0 0 0 0 0 0 0 
1471 10 0 0 0 0 0 0 0 0 0 0 0 
1472 10 0 0 0 0 0 0 0 0 0 0 0 
1473 10 0 0 0 0 0 0 0 0 0 0 0 
1474 10 0 0 0 0 0 0 0 0 0 0 0 
1475 10 0 0 0 0 0 0 0 0 0 0 0 
1476 10 0 0 0 0 0 0 0 0 0 0 0 
1477 10 0 0 0 0 0 0 0 0 0 0 0 
1478 10 0 0 0 0 0 0 0 0 0 0 0 
1479 10 0 0 0 0 0 0 0 0 0 0 0 
1480 10 0 0 0 0 0 0 0 0 0 0 0 
1481 10 0 0 0 0 0 0 0 0 0 0 0 
1482 10 0 0 0 0 0 0 0 0 0 0 0 
1483 10 0 0 0 0 0 0 0 0 0 0 0 
1484 10 0 0 0 0 0 0 0 0 0 0 0 
1485 10 0 0 0 0 0 0 0 0 0 0 0 
1486 10 0 0 0 0 0 0 0 0 0 0 0 
1487 10 0 0 0 0 0 0 0 0 0 0 0 
1488 10 0 0 0 0 0 0 0 0 0 0 0 
1489 10 0 0 0 0 0 0 0 0 0 0 0 
1490 10 0 0 0 0 0 0 0 0 0 0 0 
1491 10 0 0 0 0 0 0 0 0 0 0 0 
1492 10 0 0 0 0 0 0 0 0 0 0 0 
1493 10 0 0 0 0 0 0 0 0 0 0 0 
1494 10 0 0 0 0 0 0 0 0 0 0 0 
1495 10 0 0 0 0 0 0 0 0 0 0 0 
1496 10 0 0 0 0 0 0 0 0 0 0 0 
1497 10 0 0 0 0 0 0 0 0 0 0 0 
1498 10 0 0 0 0 0 0 0 0 0 0 0 
1499 10 0 0 0 0 0 0 0 0 0 0 0 
1500 10 0 0 0 0 0 0 0 0 0 0 0 
1501 10 0 0 0 0 0 0 0 0 0 0 0 
1502 10 0 0 0 0 0 0 0 0 0 0 0 
1503 10 0 0 0 0 0 0 0 0 0 0 0 
1504 10 0 0 0 0 0 0 0 0 0 0 0 
1505 10 0 0 0 0 0 0 0 0 0 0 0 
1506 10 0 0 0 0 0 0 0 0 0 0 0 
1507 10 0 0 0 0 0 0 0 0 0 0 0 
1508 10 0 0 0 0 0 0 0 0 0 0 0 
1509 10 0 0 0 0 0 0 0 0 0 0 0 
1510 10 0 0 0 0 0 0 0 0 0 0 0 
1511 10 0 0 0 0 0 0 0 0 0 0 0 
1512 10 0 0 0 0 0 0 0 0 0 0 0 
1513 10 0 0 0 0 0 0 0 0 0 0 0 
1514 10 0 0 0 0 0 0 0 0 0 0 0 
1515 10 0 0 0 0 0 0 0 0 0 0 0 
1516 10 0 0 0 0 0 0 0 0 0 0 0 
1517 10 0 0 0 0 0 0 0 0 0 0 0 
1518 10 0 0 0 0 0 0 0 0 0 0 0 
1519 10 0 0 0 0 0 0 0 0 0 0 0 
1520 10 0 0 0 0 0 0 0 0 0 0 0 
1521 10 0 0 0 0 0 0 0 0 0 0 0 
1522 10 0 0 0 0 0 0 0 0 0 0 0 
1523 10 0 0 0 0 0 0 0 0 0 0 0 
1524 10 0 0 0 0 0 0 0 0 0 0 0 
1525 10 0 0 0 0 0 0 0 0 0 0 0 
1526 10 0 0 0 0 0 0 0 0 0 0 0 
1527 10 0 0 0 0 0 0 0 0 0 0 0 
1528 10 0 0 0 0 0 0 0 0 0 0 0 
1529 10 0 0 0 0 0 0 0 0 0 0 0 
1530 10 0 0 0 0 0 0 0 0 0 0 0 
1531 10 0 0 0 0 0 0 0 0 0 0 0 
1532 10 0 0 0 0 0 0 0 0 0 0 0 
1533 10 0 0 0 0 0 0 0 0 0 0 0 
1534 10 0 0 0 0 0 0 0 0 0 0 0 
1535 10 0 0 0 0 0 0 0 0 0 0 0 
1536 10 0 0 0 0 0 0 0 0 0 0 0 
1537 10 0 0 0 0 0 0 0 0 0 0 0 
1538 10 0 0 0 0 0 0 0 0 0 0 0 
1539 10 0 0 0 0 0 0 0 0 0 0 0 
1540 10 0 0 0 0 0 0 0 0 0 0 0 
1541 10 0 0 0 0 0 0 0 0 0 0 0 
1542 10 0 0 0 0 0 0 0 0 0 0 0 
1543 10 0 0 0 0 0 0 0 0 0 0 0 
1544 10 0 0 0 0 0 0 0 0 0 0 0 
1545 10 0 0 0 0 0 0 0 0 0 0 0 
1546 10 0 0 0 0 0 0 0 0 0 0 0 
1547 10 0 0 0 0 0 0 0 0 0 0 0 
1548 10 0 0 0 0 0 0 0 0 0 0 0 
1549 10 0 0 0 0 0 0 0 0 0 0 0 
1550 10 0 0 0 0 0 0 0 0 0 0 0 
1551 10 0 0 0 0 0 0 0 0 0 0 0 
1552 10 0 0 0 0 0 0 0 0 0 0 0 
1553 10 0 0 0 0 0 0 0 0 0 0 0 
1554 10 0 0 0 0 0 0 0 0 0 0 0 
1555 10 0 0 0 0 0 0 0 0 0 0 0 
1556 10 0 0 0 0 0 0 0 0 0 0 0 
1557 10 0 0 0 0 0 0 0 0 0 0 0 
1558 10 0 0 0 0 0 0 0 0 0 0 0 
1559 10 0 0 0 0 0 0 0 0 0 0 0 
1560 10 0 0 0 0 0 0 0 0 0 0 0 
1561 10 0 0 0 0 0 0 0 0 0 0 0 
1562 10 0 0 0 0 0 0 0 0 0 0 0 
1563 10 0 0 0 0 0 0 0 0 0 0 0 
1564 10 0 0 0 0 0 0 0 0 0 0 0 
1565 10 0 0 0 0 0 0 0 0 0 0 0 
1566 10 0 0 0 0 0 0 0 0 0 0 0 
1567 10 0 0 0 0 0 0 0 0 0 0 0 
1568 10 0 0 0 0 0 0 0 0 0 0 0 
1569 10 0 0 0 0 0 0 0 0 0 0 0 
1570 10 0 0 0 0 0 0 0 0 0 0 0 
1571 10 0 0 0 0 0 0 0 0 0 0 0 
1572 10 0 0 0 0 0 0 0 0 0 0 0 
1573 10 0 0 0 0 0 0 0 0 0 0 0 
1574 10 0 0 0 0 0 0 0 0 0 0 0 
1575 10 0 0 0 0 0 0 0 0 0 0 0 
1576 10 0 0 0 0 0 0 0 0 0 0 0 
1577 10 0 0 0 0 0 0 0 0 0 0 0 
1578 10 0 0 0 0 0 0 0 0 0 0 0 
1579 10 0 0 0 0 0 0 0 0 0 0 0 
1580 10 0 0 0 0 0 0 0 0 0 0 0 
1581 10 0 0 0 0 0 0 0 0 0 0 0 
1582 10 0 0 0 0 0 0 0 0 0 0 0 
1583 10 0 0 0 0 0 0 0 0 0 0 0 
1584 10 0 0 0 0 0 0 0 0 0 0 0 
1585 10 0 0 0 0 0 0 0 0 0 0 0 
1586 10 0 0 0 0 0 0 0 0 0 0 0 
1587 10 0 0 0 0 0 0 0 0 0 0 0 
1588 10 0 0 0 0 0 0 0 0 0 0 0 
1589 10 0 0 0 0 0 0 0 0 0 0 0 
1590 10 0 0 0 0 0 0 0 0 0 0 0 
1591 10 0 0 0 0 0 0 0 0 0 0 0 
1592 10 0 0 0 0 0 0 0 0 0 0 0 
1593 10 0 0 0 0 0 0 0 0 0 0 0 
1594 10 0 0 0 0 0 0 0 0 0 0 0 
1595 10 0 0 0 0 0 0 0 0 0 0 0 
1596 10 0 0 0 0 0 0 0 0 0 0 0 
1597 10 0 0 0 0 0 0 0 0 0 0 0 
1598 10 0 0 0 0 0 0 0 0 0 0 0 
1599 10 0 0 0 0 0 0 0 0 0 0 0 
1600 10 0 0 0 0 0 0 0 0 0 0 0 
1601 10 0 0 0 0 0 0 0 0 0 0 0 
1602 10 0 0 0 0 0 0 0 0 0 0 0 
1603 10 0 0 0 0 0 0 0 0 0 0 0 
1604 10 0 0 0 0 0 0 0 0 0 0 0 
1605 10 0 0 0 0 0 0 0 0 0 0 0 
1606 10 0 0 0 0 0 0 0 0 0 0 0 
1607 10 0 0 0 0 0 0 0 0 0 0 0 
1608 10 0 0 0 0 0 0 0 0 0 0 0 
1609 10 0 0 0 0 0 0 0 0 0 0 0 
1610 10 0 0 0 0 0 0 0 0 0 0 0 
1611 10 0 0 0 0 0 0 0 0 0 0 0 
1612 10 0 0 0 0 0 0 0 0 0 0 0 
1613 10 0 0 0 0 0 0 0 0 0 0 0 
1614 10 0 0 0 0 0 0 0 0 0 0 0 
1615 10 0 0 0 0 0 0 0 0 0 0 0 
1616 10 0 0 0 0 0 0 0 0 0 0 0 
1617 10 0 0 0 0 0 0 0 0 0 0 0 
1618 10 0 0 0 0 0 0 0 0 0 0 0 
1619 10 0 0 0 0 0 0 0 0 0 0 0 
1620 10 0 0 0 0 0 0 0 0 0 0 0 
1621 10 0 0 0 0 0 0 0 0 0 0 0 
1622 10 0 0 0 0 0 0 0 0 0 0 0 
1623 10 63 0 0 0 0 0 0 0 0 0 0 
1624 10 64 0 0 0 0 0 0 0 0 0 0 
1625 10 65 0 0 0 0 0 0 0 0 0 0 
1626 10 66 0 0 0 0 0 0 0 0 0 0 
1627 10 67 0 0 0 0 0 0 0 0 0 0 
1628 10 68 0 0 0 0 0 0 0 0 0 0 
1629 10 69 0 0 0 0 0 0 0 0 0 0 
1630 10 70 0 0 0 0 0 0 0 0 0 0 
1631 10 0 0 0 0 0 0 0 0 0 0 0 
1632 10 0 0 0 0 0 0 0 0 0 0 0 
1633 10 0 0 0 0 0 0 0 0 0 0 0 
1634 10 0 0 0 0 0 0 0 0 0 0 0 
1635 10 0 0 0 0 0 0 0 0 0 0 0 
1636 10 0 0 0 0 0 0 0 0 0 0 0 
1637 10 0 0 0 0 0 0 0 0 0 0 0 
1638 10 0 0 0 0 0 0 0 0 0 0 0 
1639 10 0 0 0 0 0 0 0 0 0 0 0 
1640 10 0 0 0 0 0 0 0 0 0 0 0 
1641 10 0 0 0 0 0 0 0 0 0 0 0 
1642 10 0 0 0 0 0 0 0 0 0 0 0 
1643 10 0 0 0 0 0 0 0 0 0 0 0 
1644 10 0 0 0 0 0 0 0 0 0 0 0 
1645 10 0 0 0 0 0 0 0 0 0 0 0 
1646 10 0 0 0 0 0 0 0 0 0 0 0 
1647 10 0 0 0 0 0 0 0 0 0 0 0 
1648 10 0 0 0 0 0 0 0 0 0 0 0 
1649 10 0 0 0 0 0 0 0 0 0 0 0 
1650 10 0 0 0 0 0 0 0 0 0 0 0 
1651 10 0 0 0 0 0 0 0 0 0 0 0 
1652 10 0 0 0 0 0 0 0 0 0 0 0 
1653 10 0 0 0 0 0 0 0 0 0 0 0 
1654 10 0 0 0 0 0 0 0 0 0 0 0 
1655 10 0 0 0 0 0 0 0 0 0 0 0 
1656 10 0 0 0 0 0 0 0 0 0 0 0 
1657 10 0 0 0 0 0 0 0 0 0 0 0 
1658 10 0 0 0 0 0 0 0 0 0 0 0 
1659 10 0 0 0 0 0 0 0 0 0 0 0 
1660 10 0 0 0 0 0 0 0 0 0 0 0 
1661 10 0 0 0 0 0 0 0 0 0 0 0 
1662 10 0 0 0 0 0 0 0 0 0 0 0 
1663 10 0 0 0 0 0 0 0 0 0 0 0 
1664 10 0 0 0 0 0 0 0 0 0 0 0 
1665 10 0 0 0 0 0 0 0 0 0 0 0 
1666 10 0 0 0 0 0 0 0 0 0 0 0 
1667 10 0 0 0 0 0 0 0 0 0 0 0 
1668 10 0 0 0 0 0 0 0 0 0 0 0 
1669 10 0 0 0 0 0 0 0 0 0 0 0 
1670 10 0 0 0 0 0 0 0 0 0 0 0 
1671 10 0 0 0 0 0 0 0 0 0 0 0 
1672 10 0 0 0 0 0 0 0 0 0 0 0 
1673 10 0 0 0 0 0 0 0 0 0 0 0 
1674 10 0 0 0 0 0 0 0 0 0 0 0 
1675 10 0 0 0 0 0 0 0 0 0 0 0 
1676 10 0 0 0 0 0 0 0 0 0 0 0 
1677 10 0 0 0 0 0 0 0 0 0 0 0 
1678 10 0 0 0 0 0 0 0 0 0 0 0 
1679 10 0 0 0 0 0 0 0 0 0 0 0 
1680 10 0 0 0 0 0 0 0 0 0 0 0 
1681 10 0 0 0 0 0 0 0 0 0 0 0 
1682 10 0 0 0 0 0 0 0 0 0 0 0 
1683 10 0 0 0 0 0 0 0 0 0 0 0 
1684 10 0 0 0 0 0 0 0 0 0 0 0 
1685 10 0 0 0 0 0 0 0 0 0 0 0 
1686 10 0 0 0 0 0 0 0 0 0 0 0 
1687 10 0 0 0 0 0 0 0 0 0 0 0 
1688 10 0 0 0 0 0 0 0 0 0 0 0 
1689 10 0 0 0 0 0 0 0 0 0 0 0 
1690 10 0 0 0 0 0 0 0 0 0 0 0 
1691 10 0 0 0 0 0 0 0 0 0 0 0 
1692 10 0 0 0 0 0 0 0 0 0 0 0 
1693 10 0 0 0 0 0 0 0 0 0 0 0 
1694 10 0 0 0 0 0 0 0 0 0 0 0 
1695 10 0 0 0 0 0 0 0 0 0 0 0 
1696 10 0 0 0 0 0 0 0 0 0 0 0 
1697 10 0 0 0 0 0 0 0 0 0 0 0 
1698 10 0 0 0 0 0 0 0 0 0 0 0 
1699 10 0 0 0 0 0 0 0 0 0 0 0 
1700 10 0 0 0 0 0 0 0 0 0 0 0 
1701 10 0 0 0 0 0 0 0 0 0 0 0 
1702 10 0 0 0 0 0 0 0 0 0 0 0 
1703 10 0 0 0 0 0 0 0 0 0 0 0 
1704 10 0 0 0 0 0 0 0 0 0 0 0 
1705 10 0 0 0 0 0 0 0 0 0 0 0 
1706 10 0 0 0 0 0 0 0 0 0 0 0 
1707 10 0 0 0 0 0 0 0 0 0 0 0 
1708 10 0 0 0 0 0 0 0 0 0 0 0 
1709 10 0 0 0 0 0 0 0 0 0 0 0 
1710 10 0 0 0 0 0 0 0 0 0 0 0 
1711 10 0 0 0 0 0 0 0 0 0 0 0 
1712 10 0 0 0 0 0 0 0 0 0 0 0 
1713 10 0 0 0 0 0 0 0 0 0 0 0 
1714 10 0 0 0 0 0 0 0 0 0 0 0 
1715 10 0 0 0 0 0 0 0 0 0 0 0 
1716 10 0 0 0 0 0 0 0 0 0 0 0 
1717 10 0 0 0 0 0 0 0 0 0 0 0 
1718 10 0 0 0 0 0 0 0 0 0 0 0 
1719 10 0 0 0 0 0 0 0 0 0 0 0 
1720 10 0 0 0 0 0 0 0 0 0 0 0 
1721 10 0 0 0 0 0 0 0 0 0 0 0 
1722 10 0 0 0 0 0 0 0 0 0 0 0 
1723 10 0 0 0 0 0 0 0 0 0 0 0 
1724 10 0 0 0 0 0 0 0 0 0 0 0 
1725 10 0 0 0 0 0 0 0 0 0 0 0 
1726 10 0 0 0 0 0 0 0 0 0 0 0 
1727 10 0 0 0 0 0 0 0 0 0 0 0 
1728 10 0 0 0 0 0 0 0 0 0 0 0 
1729 10 0 0 0 0 0 0 0 0 0 0 0 
1730 10 0 0 0 0 0 0 0 0 0 0 0 
1731 10 0 0 0 0 0 0 0 0 0 0 0 
1732 10 0 0 0 0 0 0 0 0 0 0 0 
1733 10 0 0 0 0 0 0 0 0 0 0 0 
1734 10 0 0 0 0 0 0 0 0 0 0 0 
1735 10 78 0 0 0 0 0 0 0 0 0 0 
1736 10 79 0 0 0 0 0 0 0 0 0 0 
1737 10 80 0 0 0 0 0 0 0 0 0 0 
1738 10 81 0 0 0 0 0 0 0 0 0 0 
1739 10 82 0 0 0 0 0 0 0 0 0 0 
1740 10 83 0 0 0 0 0 0 0 0 0 0 
1741 10 84 0 0 0 0 0 0 0 0 0 0 
1742 10 85 0 0 0 0 0 0 0 0 0 0 
1743 10 0 0 0 0 0 0 0 0 0 0 0 
1744 10 0 0 0 0 0 0 0 0 0 0 0 
1745 10 0 0 0 0 0 0 0 0 0 0 0 
1746 10 0 0 0 0 0 0 0 0 0 0 0 
1747 10 0 0 0 0 0 0 0 0 0 0 0 
1748 10 0 0 0 0 0 0 0 0 0 0 0 
1749 10 0 0 0 0 0 0 0 0 0 0 0 
1750 10 0 0 0 0 0 0 0 0 0 0 0 
1751 10 0 0 0 0 0 0 0 0 0 0 0 
1752 10 0 0 0 0 0 0 0 0 0 0 0 
1753 10 0 0 0 0 0 0 0 0 0 0 0 
1754 10 0 0 0 0 0 0 0 0 0 0 0 
1755 10 0 0 0 0 0 0 0 0 0 0 0 
1756 10 0 0 0 0 0 0 0 0 0 0 0 
1757 10 0 0 0 0 0 0 0 0 0 0 0 
1758 10 0 0 0 0 0 0 0 0 0 0 0 
1759 10 0 0 0 0 0 0 0 0 0 0 0 
1760 10 0 0 0 0 0 0 0 0 0 0 0 
1761 10 0 0 0 0 0 0 0 0 0 0 0 
1762 10 0 0 0 0 0 0 0 0 0 0 0 
1763 10 0 0 0 0 0 0 0 0 0 0 0 
1764 10 0 0 0 0 0 0 0 0 0 0 0 
1765 10 0 0 0 0 0 0 0 0 0 0 0 
1766 10 0 0 0 0 0 0 0 0 0 0 0 
1767 10 0 0 0 0 0 0 0 0 0 0 0 
1768 10 0 0 0 0 0 0 0 0 0 0 0 
1769 10 0 0 0 0 0 0 0 0 0 0 0 
1770 10 0 0 0 0 0 0 0 0 0 0 0 
1771 10 0 0 0 0 0 0 0 0 0 0 0 
1772 10 0 0 0 0 0 0 0 0 0 0 0 
1773 10 0 0 0 0 0 0 0 0 0 0 0 
1774 10 0 0 0 0 0 0 0 0 0 0 0 
1775 10 0 0 0 0 0 0 0 0 0 0 0 
1776 10 0 0 0 0 0 0 0 0 0 0 0 
1777 10 0 0 0 0 0 0 0 0 0 0 0 
1778 10 0 0 0 0 0 0 0 0 0 0 0 
1779 10 0 0 0 0 0 0 0 0 0 0 0 
1780 10 0 0 0 0 0 0 0 0 0 0 0 
1781 10 0 0 0 0 0 0 0 0 0 0 0 
1782 10 0 0 0 0 0 0 0 0 0 0 0 
1783 10 0 0 0 0 0 0 0 0 0 0 0 
1784 10 0 0 0 0 0 0 0 0 0 0 0 
1785 10 0 0 0 0 0 0 0 0 0 0 0 
1786 10 0 0 0 0 0 0 0 0 0 0 0 
1787 10 0 0 0 0 0 0 0 0 0 0 0 
1788 10 0 0 0 0 0 0 0 0 0 0 0 
1789 10 0 0 0 0 0 0 0 0 0 0 0 
1790 10 0 0 0 0 0 0 0 0 0 0 0 
1791 10 0 0 0 0 0 0 0 0 0 0 0 
1792 10 0 0 0 0 0 0 0 0 0 0 0 
1793 10 0 0 0 0 0 0 0 0 0 0 0 
1794 10 0 0 0 0 0 0 0 0 0 0 0 
1795 10 0 0 0 0 0 0 0 0 0 0 0 
1796 10 0 0 0 0 0 0 0 0 0 0 0 
1797 10 0 0 0 0 0 0 0 0 0 0 0 
1798 10 0 0 0 0 0 0 0 0 0 0 0 
1799 10 0 0 0 0 0 0 0 0 0 0 0 
1800 10 0 0 0 0 0 0 0 0 0 0 0 
1801 10 0 0 0 0 0 0 0 0 0 0 0 
1802 10 0 0 0 0 0 0 0 0 0 0 0 
1803 10 0 0 0 0 0 0 0 0 0 0 0 
1804 10 0 0 0 0 0 0 0 0 0 0 0 
1805 10 0 0 0 0 0 0 0 0 0 0 0 
1806 10 0 0 0 0 0 0 0 0 0 0 0 
1807 10 0 0 0 0 0 0 0 0 0 0 0 
1808 10 0 0 0 0 0 0 0 0 0 0 0 
1809 10 0 0 0 0 0 0 0 0 0 0 0 
1810 10 0 0 0 0 0 0 0 0 0 0 0 
1811 10 0 0 0 0 0 0 0 0 0 0 0 
1812 10 0 0 0 0 0 0 0 0 0 0 0 
1813 10 0 0 0 0 0 0 0 0 0 0 0 
1814 10 0 0 0 0 0 0 0 0 0 0 0 
1815 10 0 0 0 0 0 0 0 0 0 0 0 
1816 10 0 0 0 0 0 0 0 0 0 0 0 
1817 10 0 0 0 0 0 0 0 0 0 0 0 
1818 10 0 0 0 0 0 0 0 0 0 0 0 
1819 10 0 0 0 0 0 0 0 0 0 0 0 
1820 10 0 0 0 0 0 0 0 0 0 0 0 
1821 10 0 0 0 0 0 0 0 0 0 0 0 
1822 10 0 0 0 0 0 0 0 0 0 0 0 
1823 10 0 0 0 0 0 0 0 0 0 0 0 
1824 10 0 0 0 0 0 0 0 0 0 0 0 
1825 10 0 0 0 0 0 0 0 0 0 0 0 
1826 10 0 0 0 0 0 0 0 0 0 0 0 
1827 10 0 0 0 0 0 0 0 0 0 0 0 
1828 10 0 0 0 0 0 0 0 0 0 0 0 
1829 10 0 0 0 0 0 0 0 0 0 0 0 
1830 10 0 0 0 0 0 0 0 0 0 0 0 
1831 10 0 0 0 0 0 0 0 0 0 0 0 
1832 10 0 0 0 0 0 0 0 0 0 0 0 
1833 10 0 0 0 0 0 0 0 0 0 0 0 
1834 10 0 0 0 0 0 0 0 0 0 0 0 
1835 10 0 0 0 0 0 0 0 0 0 0 0 
1836 10 0 0 0 0 0 0 0 0 0 0 0 
1837 10 0 0 0 0 0 0 0 0 0 0 0 
1838 10 0 0 0 0 0 0 0 0 0 0 0 
1839 10 0 0 0 0 0 0 0 0 0 0 0 
1840 10 0 0 0 0 0 0 0 0 0 0 0 
1841 10 0 0 0 0 0 0 0 0 0 0 0 
1842 10 0 0 0 0 0 0 0 0 0 0 0 
1843 10 0 0 0 0 0 0 0 0 0 0 0 
1844 10 0 0 0 0 0 0 0 0 0 0 0 
1845 10 0 0 0 0 0 0 0 0 0 0 0 
1846 10 0 0 0 0 0 0 0 0 0 0 0 
1847 10 0 0 0 0 0 0 0 0 0 0 0 
1848 10 0 0 0 0 0 0 0 0 0 0 0 
1849 10 0 0 0 0 0 0 0 0 0 0 0 
1850 10 0 0 0 0 0 0 0 0 0 0 0 
1851 10 0 0 0 0 0 0 0 0 0 0 0 
1852 10 0 0 0 0 0 0 0 0 0 0 0 
1853 10 0 0 0 0 0 0 0 0 0 0 0 
1854 10 0 0 0 0 0 0 0 0 0 0 0 
1855 10 0 0 0 0 0 0 0 0 0 0 0 
1856 10 0 0 0 0 0 0 0 0 0 0 0 
1857 10 100 0 0 0 0 0 0 0 0 0 0 
1858 10 101 0 0 0 0 0 0 0 0 0 0 
1859 10 0 0 0 0 0 0 0 0 0 0 0 
1860 10 0 0 0 0 0 0 0 0 0 0 0 
1861 10 0 0 0 0 0 0 0 0 0 0 0 
1862 10 0 0 0 0 0 0 0 0 0 0 0 
1863 10 104 0 0 0 0 0 0 0 0 0 0 
1864 10 105 0 0 0 0 0 0 0 0 0 0 
1865 10 106 0 0 0 0 0 0 0 0 0 0 
1866 10 107 0 0 0 0 0 0 0 0 0 0 
1867 10 108 0 0 0 0 0 0 0 0 0 0 
1868 10 109 0 0 0 0 0 0 0 0 0 0 
1869 10 110 0 0 0 0 0 0 0 0 0 0 
1870 10 111 0 0 0 0 0 0 0 0 0 0 
1871 10 0 0 0 0 0 0 0 0 0 0 0 
1872 10 0 0 0 0 0 0 0 0 0 0 0 
1873 10 0 0 0 0 0 0 0 0 0 0 0 
1874 10 0 0 0 0 0 0 0 0 0 0 0 
1875 10 0 0 0 0 0 0 0 0 0 0 0 
1876 10 0 0 0 0 0 0 0 0 0 0 0 
1877 10 0 0 0 0 0 0 0 0 0 0 0 
1878 10 0 0 0 0 0 0 0 0 0 0 0 
1879 10 0 0 0 0 0 0 0 0 0 0 0 
1880 10 0 0 0 0 0 0 0 0 0 0 0 
1881 10 0 0 0 0 0 0 0 0 0 0 0 
1882 10 0 0 0 0 0 0 0 0 0 0 0 
1883 10 0 0 0 0 0 0 0 0 0 0 0 
1884 10 0 0 0 0 0 0 0 0 0 0 0 
1885 10 0 0 0 0 0 0 0 0 0 0 0 
1886 10 0 0 0 0 0 0 0 0 0 0 0 
1887 10 0 0 0 0 0 0 0 0 0 0 0 
1888 10 0 0 0 0 0 0 0 0 0 0 0 
1889 10 0 0 0 0 0 0 0 0 0 0 0 
1890 10 0 0 0 0 0 0 0 0 0 0 0 
1891 10 0 0 0 0 0 0 0 0 0 0 0 
1892 10 0 0 0 0 0 0 0 0 0 0 0 
1893 10 0 0 0 0 0 0 0 0 0 0 0 
1894 10 0 0 0 0 0 0 0 0 0 0 0 
1895 10 0 0 0 0 0 0 0 0 0 0 0 
1896 10 0 0 0 0 0 0 0 0 0 0 0 
1897 10 0 0 0 0 0 0 0 0 0 0 0 
1898 10 0 0 0 0 0 0 0 0 0 0 0 
1899 10 0 0 0 0 0 0 0 0 0 0 0 
1900 10 0 0 0 0 0 0 0 0 0 0 0 
1901 10 0 0 0 0 0 0 0 0 0 0 0 
1902 10 0 0 0 0 0 0 0 0 0 0 0 
1903 10 0 0 0 0 0 0 0 0 0 0 0 
1904 10 0 0 0 0 0 0 0 0 0 0 0 
1905 10 0 0 0 0 0 0 0 0 0 0 0 
1906 10 0 0 0 0 0 0 0 0 0 0 0 
1907 10 0 0 0 0 0 0 0 0 0 0 0 
1908 10 0 0 0 0 0 0 0 0 0 0 0 
1909 10 0 0 0 0 0 0 0 0 0 0 0 
1910 10 0 0 0 0 0 0 0 0 0 0 0 
1911 10 0 0 0 0 0 0 0 0 0 0 0 
1912 10 0 0 0 0 0 0 0 0 0 0 0 
1913 10 0 0 0 0 0 0 0 0 0 0 0 
1914 10 0 0 0 0 0 0 0 0 0 0 0 
1915 10 0 0 0 0 0 0 0 0 0 0 0 
1916 10 0 0 0 0 0 0 0 0 0 0 0 
1917 10 0 0 0 0 0 0 0 0 0 0 0 
1918 10 0 0 0 0 0 0 0 0 0 0 0 
1919 10 0 0 0 0 0 0 0 0 0 0 0 
1920 10 0 0 0 0 0 0 0 0 0 0 0 
1921 10 0 0 0 0 0 0 0 0 0 0 0 
1922 10 0 0 0 0 0 0 0 0 0 0 0 
1923 10 0 0 0 0 0 0 0 0 0 0 0 
1924 10 0 0 0 0 0 0 0 0 0 0 0 
1925 10 0 0 0 0 0 0 0 0 0 0 0 
1926 10 0 0 0 0 0 0 0 0 0 0 0 
1927 10 0 0 0 0 0 0 0 0 0 0 0 
1928 10 0 0 0 0 0 0 0 0 0 0 0 
1929 10 0 0 0 0 0 0 0 0 0 0 0 
1930 10 0 0 0 0 0 0 0 0 0 0 0 
1931 10 0 0 0 0 0 0 0 0 0 0 0 
1932 10 0 0 0 0 0 0 0 0 0 0 0 
1933 10 0 0 0 0 0 0 0 0 0 0 0 
1934 10 0 0 0 0 0 0 0 0 0 0 0 
1935 10 0 0 0 0 0 0 0 0 0 0 0 
1936 10 0 0 0 0 0 0 0 0 0 0 0 
1937 10 0 0 0 0 0 0 0 0 0 0 0 
1938 10 0 0 0 0 0 0 0 0 0 0 0 
1939 10 0 0 0 0 0 0 0 0 0 0 0 
1940 10 0 0 0 0 0 0 0 0 0 0 0 
1941 10 0 0 0 0 0 0 0 0 0 0 0 
1942 10 0 0 0 0 0 0 0 0 0 0 0 
1943 10 124 0 0 0 0 0 0 0 0 0 0 
1944 10 125 0 0 0 0 0 0 0 0 0 0 
1945 10 0 0 0 0 0 0 0 0 0 0 0 
1946 10 0 0 0 0 0 0 0 0 0 0 0 
1947 10 0 0 0 0 0 0 0 0 0 0 0 
1948 10 0 0 0 0 0 0 0 0 0 0 0 
1949 10 0 0 0 0 0 0 0 0 0 0 0 
1950 10 0 0 0 0 0 0 0 0 0 0 0 
1951 10 0 0 0 0 0 0 0 0 0 0 0 
1952 10 0 0 0 0 0 0 0 0 0 0 0 
1953 10 0 0 0 0 0 0 0 0 0 0 0 
1954 10 0 0 0 0 0 0 0 0 0 0 0 
1955 10 0 0 0 0 0 0 0 0 0 0 0 
1956 10 0 0 0 0 0 0 0 0 0 0 0 
1957 10 0 0 0 0 0 0 0 0 0 0 0 
1958 10 0 0 0 0 0 0 0 0 0 0 0 
1959 10 0 0 0 0 0 0 0 0 0 0 0 
1960 10 0 0 0 0 0 0 0 0 0 0 0 
1961 10 0 0 0 0 0 0 0 0 0 0 0 
1962 10 0 0 0 0 0 0 0 0 0 0 0 
1963 10 0 0 0 0 0 0 0 0 0 0 0 
1964 10 0 0 0 0 0 0 0 0 0 0 0 
1965 10 0 0 0 0 0 0 0 0 0 0 0 
1966 10 0 0 0 0 0 0 0 0 0 0 0 
1967 10 0 0 0 0 0 0 0 0 0 0 0 
1968 10 0 0 0 0 0 0 0 0 0 0 0 
1969 10 0 0 0 0 0 0 0 0 0 0 0 
1970 10 0 0 0 0 0 0 0 0 0 0 0 
1971 10 0 0 0 0 0 0 0 0 0 0 0 
1972 10 0 0 0 0 0 0 0 0 0 0 0 
1973 10 0 0 0 0 0 0 0 0 0 0 0 
1974 10 0 0 0 0 0 0 0 0 0 0 0 
1975 10 0 0 0 0 0 0 0 0 0 0 0 
1976 10 0 0 0 0 0 0 0 0 0 0 0 
1977 10 0 0 0 0 0 0 0 0 0 0 0 
1978 10 0 0 0 0 0 0 0 0 0 0 0 
1979 10 0 0 0 0 0 0 0 0 0 0 0 
1980 10 0 0 0 0 0 0 0 0 0 0 0 
1981 10 0 0 0 0 0 0 0 0 0 0 0 
1982 10 0 0 0 0 0 0 0 0 0 0 0 
1983 10 0 0 0 0 0 0 0 0 0 0 0 
1984 10 0 0 0 0 0 0 0 0 0 0 0 
1985 10 0 0 0 0 0 0 0 0 0 0 0 
1986 10 0 0 0 0 0 0 0 0 0 0 0 
1987 10 0 0 0 0 0 0 0 0 0 0 0 
1988 10 0 0 0 0 0 0 0 0 0 0 0 
1989 10 0 0 0 0 0 0 0 0 0 0 0 
1990 10 0 0 0 0 0 0 0 0 0 0 0 
1991 10 0 0 0 0 0 0 0 0 0 0 0 
1992 10 0 0 0 0 0 0 0 0 0 0 0 
1993 10 0 0 0 0 0 0 0 0 0 0 0 
1994 10 0 0 0 0 0 0 0 0 0 0 0 
1995 10 0 0 0 0 0 0 0 0 0 0 0 
1996 10 0 0 0 0 0 0 0 0 0 0 0 
1997 10 0 0 0 0 0 0 0 0 0 0 0 
1998 10 0 0 0 0 0 0 0 0 0 0 0 
1999 10 0 0 0 0 0 0 0 0 0 0 0 
2000 10 0 0 0 0 0 0 0 0 0 0 0 
2001 10 0 0 0 0 0 0 0 0 0 0 0 
2002 10 0 0 0 0 0 0 0 0 0 0 0 
2003 10 0 0 0 0 0 0 0 0 0 0 0 
2004 10 0 0 0 0 0 0 0 0 0 0 0 
2005 10 0 0 0 0 0 0 0 0 0 0 0 
2006 10 0 0 0 0 0 0 0 0 0 0 0 
2007 10 0 0 0 0 0 0 0 0 0 0 0 
2008 10 0 0 0 0 0 0 0 0 0 0 0 
2009 10 0 0 0 0 0 0 0 0 0 0 0 
2010 10 0 0 0 0 0 0 0 0 0 0 0 
2011 10 0 0 0 0 0 0 0 0 0 0 0 
2012 10 0 0 0 0 0 0 0 0 0 0 0 
2013 10 0 0 0 0 0 0 0 0 0 0 0 
2014 10 0 0 0 0 0 0 0 0 0 0 0 
2015 10 0 0 0 0 0 0 0 0 0 0 0 
2016 10 0 0 0 0 0 0 0 0 0 0 0 
2017 10 0 0 0 0 0 0 0 0 0 0 0 
2018 10 0 0 0 0 0 0 0 0 0 0 0 
2019 10 0 0 0 0 0 0 0 0 0 0 0 
2020 10 0 0 0 0 0 0 0 0 0 0 0 
2021 10 0 0 0 0 0 0 0 0 0 0 0 
2022 10 0 0 0 0 0 0 0 0 0 0 0 
2023 10 0 0 0 0 0 0 0 0 0 0 0 
2024 10 0 0 0 0 0 0 0 0 0 0 0 
2025 10 0 0 0 0 0 0 0 0 0 0 0 
2026 10 0 0 0 0 0 0 0 0 0 0 0 
2027 10 0 0 0 0 0 0 0 0 0 0 0 
2028 10 0 0 0 0 0 0 0 0 0 0 0 
2029 10 0 0 0 0 0 0 0 0 0 0 0 
2030 10 0 0 0 0 0 0 0 0 0 0 0 
2031 10 0 0 0 0 0 0 0 0 0 0 0 
2032 10 0 0 0 0 0 0 0 0 0 0 0 
2033 10 0 0 0 0 0 0 0 0 0 0 0 
2034 10 0 0 0 0 0 0 0 0 0 0 0 
2035 10 0 0 0 0 0 0 0 0 0 0 0 
2036 10 0 0 0 0 0 0 0 0 0 0 0 
2037 10 0 0 0 0 0 0 0 0 0 0 0 
2038 10 0 0 0 0 0 0 0 0 0 0 0 
2039 10 0 0 0 0 0 0 0 0 0 0 0 
2040 10 0 0 0 0 0 0 0 0 0 0 0 
2041 10 0 0 0 0 0 0 0 0 0 0 0 
2042 10 0 0 0 0 0 0 0 0 0 0 0 
2043 10 0 0 0 0 0 0 0 0 0 0 0 
2044 10 0 0 0 0 0 0 0 0 0 0 0 
2045 10 0 0 0 0 0 0 0 0 0 0 0 
2046 10 0 0 0 0 0 0 0 0 0 0 0 

0 5 2 2 0.142857 1 14 -32 4 0.989691 24 17 -22 16 19 12 -19 14 -11 18 -24 18 -31 17 29 16 -21 17 21 15 -6 17 41 9 28 17 -6 6 -25 11 31 7 40 16 -2 18 -34 13 16 8 -31 24 -26 22 10 22 12 19 31 
1 5 2 2 0.222222 1 16 30 4 0.982456 14 16 29 10 40 10 0 9 21 8 28 8 36 17 38 14 -9 16 38 4 28 16 33 17 17 3 39 20 -28 
2 5 2 2 0.307692 1 11 19 4 0.972973 9 18 16 12 44 3 27 4 24 4 -18 12 9 11 -29 14 -4 19 16 
3 5 2 2 0.979866 73 14 -17 14 -11 9 43 15 -30 11 -5 14 18 13 21 8 10 13 6 15 6 12 26 11 18 11 -15 13 -1 16 -14 12 -34 15 -5 11 18 15 38 14 45 15 -7 13 36 13 32 13 -23 10 -27 12 -4 12 12 14 -33 12 28 12 5 15 -18 12 -13 14 43 13 -8 14 36 13 -5 10 24 10 39 12 7 8 25 14 37 15 39 14 44 11 -19 13 29 15 32 14 -5 9 -32 14 21 15 39 14 22 13 2 14 -1 11 -31 11 -22 13 -9 8 41 11 43 15 41 8 39 14 29 12 15 12 -18 9 20 16 13 9 32 12 17 12 -16 15 -29 11 -33 13 -13 12 -32 9 42 4 0.247423 6 18 8 24 6 16 -22 15 3 13 30 18 0 
4 5 2 2 0.571429 5 15 -3 13 -1 15 35 14 20 15 -36 4 0.923077 15 5 44 21 41 3 44 4 29 25 -26 25 -11 16 4 1 44 11 -29 17 -25 18 25 22 -17 15 -13 10 -11 26 -19 
5 5 2 2 0.977778 11 12 -32 15 40 15 18 16 -4 16 -5 13 -12 7 41 13 39 14 -1 14 -4 10 -6 4 0.266667 1 16 -26 
6 5 2 2 0.533333 2 14 39 8 6 4 0.933333 7 4 8 11 0 18 1 13 24 0 21 17 -28 11 42 
7 5 2 2 0.64 4 13 38 -14 -29 -12 -19 -14 -26 4 0.9 9 -15 39 -18 10 -13 -29 -18 40 -7 32 -6 -27 -19 45 3 -29 -15 44 
8 5 2 2 0.114286 1 9 -43 4 0.992 31 -20 -21 -10 -12 -15 36 -9 -13 1 -32 13 -35 16 -36 14 -35 25 -39 15 -30 1 45 -11 44 -8 42 -7 44 -12 43 -9 45 -11 42 12 -41 5 -2 -23 -14 -9 6 11 -40 11 -17 1 -26 0 -28 -11 -23 -8 42 20 -38 -10 -13 25 -35 26 -35 
9 5 2 2 0.857143 3 13 -41 17 -35 16 -42 4 0.727273 2 7 -43 11 -41 
10 5 2 2 0.421053 2 -10 16 -11 19 4 0.956522 11 -11 22 -10 21 -7 20 -11 -3 22 -20 -22 20 -6 23 -6 27 -18 -7 -12 -1 -7 3 
11 5 2 2 0.977778 11 -14 30 -12 -10 -11 4 -15 38 -14 -19 -11 44 -14 -6 -13 28 -13 30 -15 20 -15 19 4 0.266667 1 -19 0 
12 5 2 2 0.104348 6 9 -28 11 4 8 -2 -11 -49 11 24 9 -47 4 0.992771 206 -22 -27 9 -33 -10 19 12 -2 -7 23 -19 18 -18 32 -6 40 -22 -9 -20 -5 -8 23 -18 35 -8 14 -8 -8 -19 31 -23 -5 -8 -12 -22 10 -13 -11 -13 24 -12 37 -14 10 -23 0 -13 22 -9 31 0 -9 -3 27 1 -4 -14 30 -9 36 -5 18 0 0 -24 2 -12 35 -1 3 13 -26 -18 -29 2 -19 -3 2 -11 39 -21 12 -14 -6 -20 11 4 -12 -5 -25 -11 -5 -7 -21 -13 -15 -16 24 -19 18 -11 34 -14 12 -25 7 -17 28 -11 26 -13 -27 -11 22 -16 -37 -17 30 -11 17 -19 24 -19 -9 -19 0 -17 39 -9 33 -17 9 -20 -11 -20 -7 -19 21 -17 33 -12 32 8 31 -14 -3 -21 -31 -15 -10 -12 -5 -20 35 -5 -32 -19 36 -19 38 -23 21 -20 -33 -21 19 -23 -35 -15 10 -13 32 -23 29 -5 28 -13 18 -23 36 -12 0 -14 22 -16 33 -16 34 -3 26 -15 37 -15 19 -22 39 -9 -10 9 14 -16 0 -15 -22 -24 16 18 -30 -16 -8 -9 -2 -23 -18 -10 24 -9 20 -9 13 7 -26 17 -18 -4 -7 -8 14 -4 9 -5 -29 1 -14 -8 22 2 -14 1 -29 3 23 10 26 -5 18 -5 21 -23 22 -7 36 -6 10 -17 -29 -6 -32 -23 -38 2 7 -3 -25 -25 14 6 -30 -3 35 7 18 16 5 8 1 -2 -14 -4 -27 -1 21 -5 24 5 -20 6 -42 -1 36 9 -28 9 -23 -3 -30 -2 12 4 22 1 -2 1 -30 -2 -15 -16 -44 -3 9 11 -13 -2 -5 2 -10 -3 -28 3 -19 -22 -21 -11 -35 4 -12 13 -13 0 16 4 2 0 -42 -21 -42 6 -23 13 -36 -1 0 16 -10 7 -20 6 -33 7 -1 13 21 0 -16 9 -16 9 -8 5 3 7 -3 -15 -41 -24 -42 2 0 -10 -39 6 5 6 -8 -6 -40 7 -11 7 -14 8 -14 1 -39 4 -40 7 -37 5 -19 8 -33 -18 -34 2 -37 -20 -34 4 -37 -20 -42 5 -39 0 -37 10 -41 10 -42 5 -43 
13 5 2 2 0.465116 10 14 -3 14 -21 7 -5 12 21 12 26 5 18 14 -25 5 11 11 -10 13 -8 4 0.948454 46 4 -23 18 -32 18 -28 15 -20 9 -8 7 -11 19 -16 18 -9 6 12 7 0 8 -12 17 15 14 -21 5 -22 0 -11 12 -29 8 20 -2 15 4 -20 23 18 6 8 11 -13 21 -21 7 21 12 -22 17 19 -1 19 -3 -14 11 23 -2 24 17 12 1 21 11 29 1 12 9 27 12 -32 4 18 6 33 11 -13 -3 -22 2 -20 -5 18 2 0 14 28 1 -11 0 -18 
14 5 2 2 0.821192 31 -1 14 5 40 0 41 -2 40 6 40 16 39 7 39 5 37 8 33 12 37 7 6 1 16 11 0 10 34 -7 30 -10 42 -2 35 -10 41 -3 39 -6 37 -7 35 -15 36 -10 34 -19 35 -19 32 -11 28 -20 32 -2 28 -14 34 -6 33 -12 39 4 0.776978 27 -2 -10 -1 25 1 18 9 41 -1 -29 15 40 14 40 17 41 12 33 -7 42 0 32 13 16 11 36 -19 41 -14 41 -3 42 -8 38 -3 33 9 31 6 35 -3 36 3 36 -10 31 -12 31 -17 35 -8 34 -13 34 
15 5 2 2 0.983607 15 -15 39 0 16 6 30 -5 29 -4 8 2 -35 -19 38 7 -35 5 -10 7 22 2 29 -1 -3 -1 -4 -4 30 -11 35 4 0.210526 1 -1 -2 
16 5 2 2 0.964539 102 8 -25 7 -37 13 -40 6 -16 4 -22 4 23 6 -2 -1 24 10 26 1 -9 11 11 -3 37 8 -29 2 -19 0 29 10 36 0 20 13 -30 1 11 1 13 10 24 13 5 0 22 0 32 14 -29 0 36 5 36 8 20 4 7 11 9 5 10 5 12 5 1 0 30 6 22 12 18 1 25 5 -28 5 -29 5 -35 13 4 12 36 13 7 8 28 6 26 1 5 10 -4 14 12 1 28 13 27 13 11 8 35 7 -30 14 14 6 -30 10 15 1 35 3 29 5 14 2 33 2 26 2 -21 12 -1 2 26 3 -25 1 -32 1 38 2 -8 14 -21 11 -38 12 -37 5 -24 3 -20 3 33 6 -33 5 -3 5 31 4 -33 6 5 3 18 4 26 8 -12 8 -24 4 -3 3 36 8 -14 4 -9 5 -14 5 9 10 7 5 4 7 -13 6 20 6 35 4 -10 4 -20 4 -14 5 7 5 16 5 37 10 -20 5 25 4 0.37037 15 3 -6 1 -2 5 19 2 33 1 -6 21 -32 1 37 6 -10 8 -25 8 10 23 -8 18 -24 20 -6 -6 17 22 -10 
17 5 2 2 0.4 1 7 16 4 0.96 6 2 7 2 4 11 14 11 30 3 -8 4 21 
18 5 2 2 0.333333 1 4 21 4 0.969697 8 -2 14 -8 23 -6 33 -14 35 -8 32 -7 16 -7 13 -7 10 
19 5 2 2 0.981818 54 15 30 -5 36 -7 39 -7 41 -4 37 -6 38 -11 36 16 -1 6 -33 -11 33 -10 39 -9 37 2 2 3 -36 -10 39 6 35 -7 38 15 -19 -8 37 -7 42 -9 40 -8 41 5 37 1 -2 2 18 15 -5 -17 39 -12 40 -17 42 -1 39 -18 42 -5 27 15 -21 1 -33 -5 34 -6 30 -20 38 -10 33 -15 34 7 38 16 -16 -11 28 4 -1 -8 29 7 -2 -3 33 1 22 1 38 -12 33 -7 34 -17 39 5 32 -10 39 15 -4 4 0.228571 4 20 26 9 41 2 -12 -9 25 
20 5 2 2 0.666667 3 15 0 2 28 -1 29 4 0.888889 6 -6 31 -4 34 3 37 1 40 -18 43 -21 32 
21 5 2 2 0.941176 4 5 -38 14 -41 -19 -29 2 -29 4 0.5 1 -2 -33 
22 5 2 2 0.129032 1 -17 18 4 0.990826 27 -6 8 -7 10 -24 -31 -5 -17 0 11 -7 -4 -5 16 -17 -1 -13 13 -8 17 0 -18 -10 26 -1 24 2 20 1 23 -12 -15 -19 28 3 1 -10 -4 -16 -13 -16 -12 -8 -10 -8 -12 4 2 -5 4 -4 -7 -23 -7 
23 5 2 2 0.75 3 -19 -19 4 19 -17 -35 4 0.842105 4 -21 21 -4 -35 1 -34 -11 -33 
24 5 2 2 0.962963 13 -13 -2 -18 16 -17 -18 -17 17 -11 -15 -9 -14 -9 13 -18 -20 -9 5 -14 11 -13 -3 -11 22 -13 7 4 0.380952 2 -3 30 -3 20 
25 5 2 2 0.756757 7 -10 26 -3 -35 4 -37 -3 22 -3 -9 -2 -38 1 20 4 0.837209 9 0 6 0 10 -16 -18 -21 -10 -17 19 -18 20 -23 -23 -21 27 -8 4 
26 5 2 2 0.111111 1 0 -14 4 0.992248 32 -21 0 -21 22 -19 -14 -19 11 -18 19 -20 -26 -11 -24 -19 16 -19 8 -18 7 -18 6 -10 23 -18 -5 -9 9 -8 23 -8 28 -16 -20 -16 9 -7 8 -6 -18 -13 -33 -14 8 -14 26 -13 16 -11 6 -13 26 -10 8 -10 -5 -9 -3 -10 23 -8 -27 -7 -19 
27 5 2 2 0.984 123 8 44 10 45 9 44 6 13 16 51 9 48 9 44 10 43 6 42 -13 48 4 42 6 44 6 50 3 46 -1 45 -12 50 2 48 0 47 11 50 -1 42 0 46 -3 44 12 48 -15 48 -17 44 -20 44 -1 42 -6 45 5 41 -6 47 -5 46 -18 43 4 45 4 44 -20 45 -4 45 8 48 -16 43 7 42 2 45 -12 51 -11 44 4 -21 0 0 -12 49 9 44 1 45 0 -1 -11 45 -8 51 0 44 -2 44 -17 43 -7 45 -8 44 -5 43 -7 49 0 48 8 -12 1 47 -2 -29 3 48 0 12 -3 3 0 0 6 1 2 11 2 -30 0 -1 0 4 1 -20 2 2 -1 48 -2 -16 0 15 1 -7 0 0 0 -15 3 22 -2 -1 -2 -4 1 12 0 24 1 9 -8 -31 -10 -11 -8 22 -3 -3 -2 -16 -3 4 -1 -25 -2 -29 -3 -32 -1 -4 -1 -8 -9 3 -3 5 -4 15 -5 -18 2 -31 -5 -15 -6 18 -3 -23 -12 -10 -2 17 -1 -12 -5 -32 -3 8 -11 -22 -17 4 -4 -26 -2 -5 -3 26 -4 -8 -18 30 -14 -10 1 19 -6 -8 -13 26 -7 -30 -1 -1 -2 -7 -5 -29 4 0.206452 8 3 45 13 45 17 -28 -5 14 -2 -26 14 -22 14 -2 14 -8 
28 5 2 2 0.25 1 0 -20 4 0.979592 12 -5 4 13 -24 -1 -20 6 -9 11 -18 -3 -25 2 -11 -3 -38 11 27 -19 -30 -17 -23 2 -15 
29 5 2 2 0.823529 7 -15 -23 7 9 -1 -36 9 21 8 14 10 11 9 -15 4 0.774194 6 -4 -7 7 -18 3 -28 -2 -11 -1 -33 8 -25 
30 5 2 2 0.969697 8 7 -14 -10 28 -3 5 10 -34 12 -39 -13 15 9 13 6 -38 4 0.333333 1 2 -20 
31 5 2 2 0.571429 1 -2 4 4 0.923077 3 8 9 -1 -9 6 28 
32 5 2 2 0.988506 43 -8 13 -11 8 -5 -34 0 8 -20 23 -13 -7 -4 -21 -9 14 -13 27 -13 26 -14 -33 -2 -37 -1 -34 -6 16 -4 17 -4 -16 -9 21 -4 -35 -14 10 3 18 -19 15 -19 16 -20 -5 -10 19 -5 -6 -17 25 -16 -7 -10 -40 -15 -25 -20 -2 -15 -37 -14 -16 3 7 -10 6 -10 14 -14 25 -7 13 -15 25 -9 7 -11 24 -9 3 -10 11 -7 11 4 0.156863 2 6 -6 -7 1 
33 5 2 2 0.4 1 -20 -34 4 0.96 6 0 -33 1 -31 -15 13 -20 -9 -13 -31 -16 6 
34 5 2 2 0.899522 47 -15 6 -15 -10 -15 -7 -13 24 -10 9 -2 11 -18 8 3 0 -15 26 -14 23 -2 -1 -12 -2 4 -12 4 5 -10 23 -13 1 -10 3 7 -2 -19 -22 -8 21 -9 -9 -14 6 -13 -35 -13 -16 -10 -21 -17 17 -17 -22 -7 15 -9 17 -7 -8 -6 10 -10 2 -15 15 -14 18 8 -34 -8 -22 -14 -18 -9 -30 -5 20 -6 12 -7 -21 4 -31 -4 -12 -3 7 -2 -14 1 -34 2 -33 4 0.641221 21 -23 1 -21 18 0 -13 -11 -14 -8 -10 5 24 -7 -7 -21 17 -23 -14 -21 -20 9 21 8 -16 8 0 -14 -7 10 21 -21 -7 -21 -4 10 -3 11 3 -15 26 -15 -19 
35 5 2 2 0.97561 80 -6 0 -20 11 2 -11 -11 6 -7 -17 -9 17 -7 -11 -15 4 0 22 -8 19 -20 25 -6 -32 -6 -31 -4 18 -17 25 4 4 5 -8 -16 16 -8 -8 -4 22 -10 -16 -9 -10 -19 -7 -15 8 -10 10 0 -9 -2 -21 -11 -3 3 -29 -16 -19 -10 -3 -13 -3 -1 10 -5 -25 3 0 -14 5 -15 8 4 -26 -7 13 -8 16 -2 10 -8 -7 -15 20 -8 -34 -13 22 7 -4 -7 -7 -2 20 -17 13 -6 -17 -7 -11 -10 -5 -15 -24 -12 -5 5 -2 -15 -30 -9 15 7 -25 -8 -28 -14 -24 -16 -6 -11 12 -6 -22 -18 19 -6 1 -4 20 -4 0 -4 -9 -9 3 -15 -1 -11 0 3 -10 0 24 -7 -2 -6 -3 -5 -23 -6 6 -8 -24 -5 11 -3 11 4 0.285714 8 5 -10 -19 -6 -19 4 -22 -31 5 -32 12 -24 9 -25 9 -23 
36 5 2 2 0.615385 4 -18 -44 16 -41 15 -25 19 -27 4 0.909091 10 19 -26 14 -40 13 21 13 -33 23 -33 14 -31 -18 -38 24 -33 9 34 26 -3 
37 5 2 2 0.676056 12 -8 36 -10 -15 -11 -38 -4 30 -9 -36 13 53 -13 -40 0 -34 -11 -19 -12 -39 -12 -39 10 -27 4 0.884615 23 3 20 23 -30 21 -32 0 -39 15 38 -20 -33 -9 -35 -6 -37 0 -34 20 -25 -14 -32 -10 -37 -1 -7 16 26 -1 -6 -13 -31 10 -30 -4 -34 -5 -34 18 -35 2 -30 -12 -36 -17 11 
38 5 2 2 0.9375 15 -12 -18 -14 36 8 -38 -1 -41 -17 -36 -17 -30 -16 -7 -18 -25 -14 14 -7 -36 -7 -34 -17 1 -8 -37 -16 15 -4 -10 4 0.516129 4 9 -40 3 -37 -18 -34 -9 -1 
39 5 2 2 0.979592 12 18 -31 -17 27 -15 -35 16 -35 -8 15 -5 10 0 -6 -11 -42 3 -38 4 -37 8 -37 11 -41 4 0.25 1 2 -15 
40 5 2 2 0.979592 60 8 13 5 -40 8 25 16 35 11 22 7 2 8 -43 7 10 6 10 6 11 8 -41 16 -43 14 29 16 25 -3 37 13 -45 7 -44 -13 -41 5 -41 14 -26 13 -44 8 -45 12 -44 -14 -44 -9 17 -12 -44 -4 -43 -19 -41 -19 -39 -4 31 -12 23 -10 -41 -8 -13 -4 -43 -12 -36 -7 -44 -8 -42 -13 -41 -11 -37 -4 -44 -2 -40 -6 -45 -16 -43 18 -31 16 13 6 -16 6 -15 8 -42 -9 -41 -4 -41 1 -41 16 16 17 -40 -17 -43 -10 -42 1 -41 18 -37 19 -3 20 -23 19 -33 4 0.25 5 15 -41 7 10 1 32 -11 17 -22 -38 
41 5 2 2 0.571429 1 -16 -10 4 0.923077 3 8 -41 7 -42 -1 -39 
42 5 2 2 0.6 3 16 -42 8 19 8 -40 4 0.914286 8 14 -41 8 -37 -14 -38 11 -2 17 -1 9 -39 5 -30 20 -39 
43 5 2 2 0.967742 15 -7 11 18 15 -10 3 19 26 19 0 -16 13 19 21 -12 25 19 -15 16 24 -17 -2 19 5 -11 14 18 20 19 30 4 0.347826 2 -5 17 15 13 
44 5 2 2 0.761905 20 12 18 12 1 17 -4 10 -16 9 43 7 -24 14 39 13 42 9 -3 11 -19 14 -28 3 42 10 3 2 40 11 28 16 -24 16 -31 7 -14 10 -35 2 39 4 0.833333 25 12 22 4 41 21 40 22 0 19 21 24 36 25 18 7 -9 11 -7 23 37 7 -23 20 15 22 41 12 -26 18 7 17 41 21 -9 7 39 9 -3 15 19 9 8 15 16 21 -10 20 -4 18 0 
45 5 2 2 0.166667 2 -11 -28 -11 -13 4 0.987654 40 -21 35 2 40 -23 34 -7 -21 -6 30 -3 -21 -19 -30 2 26 -2 16 -2 1 -7 -24 -12 -17 5 14 -12 5 0 -12 6 24 6 8 -11 26 -8 -23 -11 7 -8 -15 -11 -10 7 -6 6 38 -9 19 -8 -24 -4 -28 2 -10 -4 -19 -13 -45 10 -4 10 -27 -10 27 -9 24 -3 6 -5 -42 -9 -42 -10 -41 -9 -28 -5 -45 
46 5 2 2 0.489796 6 -7 38 -11 -9 -7 2 -11 11 -9 33 -10 1 4 0.943396 25 15 -15 16 -16 18 43 21 -29 0 39 2 34 -18 41 -2 32 -3 23 -3 38 -11 -30 -17 25 -9 -8 -13 7 -16 -20 -8 -21 -11 -15 -9 27 -7 11 -10 -16 -1 10 -16 -15 -5 -26 -18 -18 -19 36 
47 5 2 2 0.935065 36 -4 -27 -16 -20 0 36 -14 16 -19 -13 -18 -10 -13 30 -13 29 -18 -19 -17 -26 -17 -6 -1 -18 -8 9 -12 30 -8 20 -14 -24 -12 -4 -2 14 -15 -29 -7 18 -5 -7 -12 -32 -5 -8 0 2 -12 -20 0 27 -11 -15 1 0 -10 -10 -5 -35 2 -27 2 -25 6 -19 6 -21 4 -24 4 16 4 0.526316 10 -18 38 -18 -9 0 22 -5 -7 2 -14 -7 -10 -13 -6 -13 18 -1 3 -11 33 
48 5 2 2 0.88 11 18 40 16 4 17 -2 18 -10 16 42 17 0 19 15 17 29 17 2 15 -6 19 -9 4 0.685714 6 24 40 12 42 -13 -41 25 18 24 30 6 39 
49 5 2 2 0.986301 18 -16 -23 -15 -25 21 -8 -15 -17 17 16 20 -1 12 -30 20 11 -9 -50 18 -2 17 -12 18 -10 19 2 15 -15 12 -26 13 -19 17 6 17 11 4 0.181818 1 22 14 
50 5 2 2 0.857143 6 17 32 19 32 15 -5 21 29 20 29 9 35 4 0.727273 4 0 36 0 37 4 34 10 -16 
51 5 2 2 0.282828 7 -2 34 -2 -3 -8 -3 20 9 -7 5 20 -17 2 32 4 0.975945 71 -18 -5 -12 0 8 19 -18 7 -19 7 -11 -18 -4 -3 -9 -13 -1 20 5 21 8 -27 -3 33 -17 6 -19 3 0 -7 -9 0 -5 -8 -17 -15 -4 36 -14 -9 24 1 15 15 14 18 16 33 22 -3 12 9 7 1 15 28 19 5 18 24 20 9 21 0 16 -28 14 -8 20 7 21 -1 13 15 15 29 9 19 11 15 18 31 15 30 18 -6 21 4 19 16 13 24 15 -13 9 3 -5 -9 18 7 13 0 16 -19 14 -13 22 -18 23 7 14 30 20 -3 -10 -16 19 29 -13 28 -15 -15 11 -23 -14 -11 18 -2 -9 12 13 -12 8 -18 -17 31 -10 -7 -16 26 -10 -21 
52 5 2 2 0.96 6 7 -16 14 -21 -9 -32 -7 -33 -12 -33 8 33 4 0.4 1 24 22 
53 5 2 2 0.516129 4 -18 5 -11 39 14 20 6 29 4 0.9375 15 -3 -3 0 -9 20 -22 21 35 -16 7 2 29 11 36 10 24 23 32 1 29 1 -17 7 15 3 9 7 27 6 -23 
54 5 2 2 0.133333 1 -6 -47 4 0.990476 26 -17 -2 -16 13 -25 18 -22 29 -5 -15 6 19 -5 -26 -4 -35 -6 6 -17 -21 -6 -9 -8 -31 -8 -32 -23 24 -4 -44 11 -17 -3 -42 -1 -42 3 -43 2 -44 8 -44 9 -40 -14 -40 2 -44 20 0 4 -44 
55 5 2 2 0.8 8 -1 -44 16 -49 14 -48 12 -50 -11 -51 -15 -49 -15 -50 -9 -50 4 0.8 8 20 -9 7 -36 13 -44 9 -44 8 -45 -21 -45 -23 -44 -11 -44 
56 5 2 3 0.990099 25 29 32 26 -22 31 -13 30 23 41 3 30 -33 31 -13 24 44 26 -27 29 -10 24 43 32 27 33 -40 -4 43 29 -52 -24 42 1 44 5 44 -9 87 35 -23 29 -56 33 -21 32 -28 35 15 35 16 4 0.137931 1 -11 -4 
57 5 4 0 0.235294 1 20 -48 2 0.878049 9 15 -53 18 -44 9 -49 -7 -49 -13 -50 -15 -52 -11 -47 1 -48 1 -48 3 0.235294 1 32 -2 4 0.521739 3 6 -45 -20 -45 -17 -38 
58 5 3 0 0.4 2 -18 91 -16 92 2 0.909091 10 7 52 0 53 6 53 -10 53 -12 53 -2 53 -6 51 14 51 14 52 14 51 3 0.4 2 25 63 24 55 
59 5 3 2 0.148148 1 -7 51 3 0.977778 22 24 59 10 93 -1 98 37 12 26 56 23 61 13 94 33 31 26 48 25 71 24 2 28 65 31 39 17 94 22 16 25 76 23 79 22 85 35 63 -40 18 -41 27 -40 31 4 0.148148 1 -11 43 
60 5 2 0 0.992701 34 4 46 18 52 17 46 17 54 14 54 16 45 -17 54 9 47 -17 48 -1 54 11 45 -1 55 13 51 -16 52 11 50 15 51 6 51 0 55 8 53 3 51 5 49 -15 39 5 49 6 55 23 -9 -8 52 6 56 -16 39 -6 54 -9 54 -11 31 -10 31 0 57 -1 89 3 0.105263 1 25 -44 
61 5 2 0 0.190476 1 -8 58 3 0.985507 17 -6 96 23 88 23 74 12 99 -18 98 32 -20 -23 72 28 31 6 77 14 5 -29 76 -5 85 -21 70 20 78 12 41 -19 94 22 -6 
62 5 2 0 0.827586 6 -6 45 -10 93 -7 25 -24 25 -7 21 -12 21 3 0.769231 5 -29 25 15 57 -42 66 -23 64 -19 60 
63 5 3 0 0.897561 46 4 29 2 27 0 23 -18 45 -9 80 -5 25 -6 86 -10 91 -20 23 -5 84 -5 89 -21 37 23 -74 9 33 -16 40 1 26 -6 47 3 88 13 42 -12 85 -16 84 -7 27 -2 24 -4 87 9 41 -8 84 -17 20 17 -48 14 -53 17 -21 -16 88 18 -43 16 -38 15 -30 -22 30 17 -51 6 25 10 39 4 25 22 22 -11 38 14 35 20 -46 -10 43 15 36 22 37 1 0.0571429 1 17 33 3 0.629921 20 4 -37 30 36 7 83 -27 85 21 87 -19 100 -30 43 14 81 6 85 15 85 -23 19 5 89 13 4 35 22 29 19 -8 89 14 57 12 39 -18 83 6 95 
64 5 2 0 0.984802 81 -13 62 -7 31 3 70 11 36 20 26 -15 60 7 22 -2 92 -8 63 0 64 10 75 -20 23 19 19 19 33 -15 27 15 71 -17 33 17 42 10 82 -11 34 4 40 -16 28 19 30 8 67 -10 38 17 -72 11 67 -7 86 1 31 -14 60 -7 62 -23 37 7 27 9 27 14 32 17 -55 8 45 7 39 25 -22 11 -39 2 33 2 66 8 34 0 75 1 92 16 69 2 64 9 69 6 33 0 82 17 59 -5 32 -18 32 -1 39 -6 41 14 80 -2 42 -13 39 2 85 13 39 9 72 -5 41 19 37 -4 36 11 17 -9 58 12 33 -19 21 4 67 17 35 3 42 3 86 5 44 14 65 -12 39 12 -37 4 58 -17 58 7 79 -10 33 -10 79 3 0.19802 5 21 36 20 4 18 81 -11 36 31 19 
65 5 3 0 0.555556 5 1 92 16 -20 15 -44 15 31 -16 41 1 0.484848 4 14 -14 17 31 17 35 16 33 3 0.842105 12 -40 36 4 91 -14 98 -42 86 -36 81 16 85 17 -65 3 81 -40 96 13 57 -13 39 -12 84 
66 5 2 0 0.95 19 1 88 -10 20 -2 83 -23 42 0 18 -10 85 14 78 0 79 -4 86 4 87 -2 82 14 -72 0 80 0 75 -10 81 -3 83 -10 85 -21 78 -1 75 3 0.457143 4 -7 92 19 -71 -13 63 11 -43 
67 5 3 0 0.77193 11 22 -10 21 -43 17 -79 20 -22 22 -18 19 14 20 -80 16 -39 19 20 18 -79 14 -77 1 0.266667 2 14 -19 14 34 3 0.77193 11 32 62 21 -65 32 11 29 -36 25 16 22 79 22 -79 25 62 32 32 29 31 35 6 
68 5 2 1 0.190476 1 15 39 3 0.985507 17 25 28 23 -77 30 17 27 24 13 -49 37 -7 15 12 17 23 16 42 17 -56 20 -6 16 5 18 -16 19 -2 3 65 9 -45 -6 69 
69 5 2 0 0.981132 26 12 -57 20 -60 19 -8 14 -59 16 -27 25 18 21 -59 15 -1 18 24 16 -58 19 -63 16 -69 23 -48 16 -67 21 -58 16 -27 17 2 17 -50 16 -16 18 -55 20 -33 15 -67 11 67 19 -34 8 65 18 -61 3 0.235294 2 -6 -76 31 -43 
70 5 2 0 0.714286 5 20 11 19 -59 18 12 19 -32 23 -57 3 0.864865 8 30 -23 9 -41 28 -88 28 -97 32 -90 20 -26 19 74 26 -32 
71 5 2 0 0.2 1 -24 20 3 0.984615 16 -13 62 -14 61 9 55 -40 67 -34 24 -40 19 -20 85 -18 87 -13 89 0 89 -36 28 -23 83 -13 91 -26 61 -42 80 3 -74 
72 5 2 0 0.8 2 -5 -8 -9 78 3 0.8 2 7 -42 -36 77 
73 5 2 0 0.111111 1 22 -37 3 0.992248 32 45 -7 41 -91 33 -8 43 -73 42 -93 38 -20 29 -78 35 73 38 22 33 -32 39 -4 45 -3 36 -43 33 76 41 26 38 -54 41 43 34 2 29 -98 16 46 40 -21 43 -36 43 -37 43 -26 41 -36 40 30 36 29 31 -89 20 27 37 -28 39 17 36 -16 
74 5 2 0 0.952381 10 25 -12 25 -14 12 70 10 59 12 63 7 69 25 -61 5 66 4 57 4 58 3 0.444444 2 13 -56 34 -14 
75 5 4 0 0.380952 2 24 -85 25 -28 2 0.222222 1 19 10 3 0.916667 11 39 -8 40 8 36 36 39 -31 31 86 37 3 31 -23 34 -90 33 -82 39 -88 44 -30 4 0.222222 1 23 -35 
76 5 3 0 0.571429 1 -7 45 3 0.8 2 27 82 6 38 4 0.571429 1 8 38 
77 5 2 0 0.985507 17 -1 48 2 47 7 46 -2 48 3 50 19 41 -12 48 -3 52 9 48 -13 51 -6 50 18 75 16 43 -11 48 -6 51 17 44 -9 53 3 0.190476 1 -8 95 
78 5 4 0 0.791209 18 24 78 23 68 14 70 25 58 20 59 24 80 24 75 25 73 16 71 23 55 -23 86 -22 87 -23 90 15 93 -20 91 25 82 19 -12 25 -82 2 0.1 1 20 6 3 0.384615 5 -12 84 27 38 39 92 22 91 38 -82 4 0.684211 13 -21 42 -21 39 -21 37 -21 38 -25 26 -25 16 -21 40 24 -34 23 -41 25 33 -23 6 -25 -34 24 34 
79 5 2 2 0.505263 12 21 -11 21 28 20 37 21 12 19 10 18 -31 20 3 18 -30 20 -1 21 -32 16 -17 19 -36 4 0.94 47 22 16 23 41 21 37 15 -40 23 -15 19 27 9 39 20 5 20 26 16 -40 22 -40 22 -40 22 18 20 24 15 17 12 19 14 31 17 38 19 6 14 15 21 38 23 -3 21 36 16 21 15 41 19 24 19 21 19 -12 22 31 15 31 14 41 22 1 21 -21 20 -18 22 23 20 -2 18 -9 21 43 17 30 21 -8 21 -29 11 5 17 -8 23 20 13 -11 19 17 22 13 
80 5 4 0 0.8 9 18 50 19 53 15 56 13 53 19 54 16 52 11 56 17 59 24 48 2 0.333333 2 20 -44 17 -44 3 0.606061 5 45 -19 22 99 26 -13 27 93 -12 99 4 0.333333 2 -22 -44 21 7 
81 5 2 0 0.363636 1 13 79 3 0.965517 7 43 -21 41 -63 42 -56 36 70 41 -67 27 34 42 -54 
82 5 3 0 0.947368 9 25 69 23 67 10 60 19 67 24 67 23 73 0 52 18 67 1 54 2 0.285714 1 20 -10 3 0.285714 1 37 26 
83 5 4 0 0.518519 7 2 56 22 87 22 87 20 44 23 88 18 77 17 93 2 0.666667 11 18 38 19 -22 17 26 21 42 20 45 19 14 20 -36 21 3 20 13 21 14 21 -27 3 0.518519 7 41 24 13 97 43 -89 37 80 44 -3 37 85 39 -5 4 0.561404 8 20 -26 22 -26 21 3 14 18 23 1 22 0 25 5 16 27 
84 5 3 0 0.611765 13 23 57 23 57 24 57 23 61 4 54 6 79 17 82 23 82 22 71 11 78 21 92 25 -6 24 -63 3 0.901408 32 33 80 17 85 22 97 42 75 27 90 14 98 34 19 40 15 45 21 18 95 36 14 25 89 14 95 36 34 37 -33 24 -84 36 2 37 -43 44 4 40 -43 43 -66 21 68 27 62 36 -13 32 -72 33 -58 29 48 41 83 39 76 42 83 40 -33 34 -90 4 0.0816327 1 25 -23 
85 5 4 0 0.387097 3 24 -48 22 -46 25 33 2 0.8 11 21 23 19 43 21 39 19 43 19 42 21 28 21 29 21 -29 20 -28 20 29 20 30 3 0.387097 3 27 -97 35 -83 37 -23 4 0.540541 5 22 28 23 14 26 17 26 3 22 -26 
86 5 3 0 0.0952381 1 23 -60 3 0.986667 37 41 -1 36 16 23 22 19 39 36 79 30 74 42 21 34 -34 45 -11 36 -25 35 -25 34 78 45 -29 36 -47 36 -46 45 -41 10 87 7 79 12 84 29 7 26 89 20 19 37 -17 33 -56 17 -50 36 -84 26 -42 29 79 3 86 24 -41 40 -35 42 -42 33 -29 41 -45 36 -32 30 -56 29 -90 4 0.0952381 1 23 8 
87 5 2 0 0.923077 3 24 -35 25 -57 23 -15 3 0.571429 1 41 -31 
88 5 2 0 0.947368 9 21 -25 24 -53 17 -21 22 21 23 -3 23 24 23 14 18 -5 23 22 3 0.470588 2 30 2 11 41 
89 5 2 0 0.923077 3 17 54 20 52 23 51 3 0.571429 1 23 -88 
90 5 3 0 0.2 4 25 34 24 -75 24 78 24 36 2 0.056338 1 18 -17 3 0.980545 63 21 -91 39 3 35 63 22 -95 44 32 34 -35 33 -2 19 89 39 60 35 1 21 -83 34 32 36 68 41 72 41 62 21 -9 39 50 30 -57 30 2 36 29 40 38 34 20 34 55 42 25 38 -4 36 39 38 50 32 17 37 -32 31 2 42 10 23 -16 41 56 43 -10 27 -26 37 -6 27 64 36 -26 22 11 39 68 43 10 19 4 32 58 42 -3 35 -5 39 35 16 2 38 11 39 56 39 9 35 67 -19 44 -36 100 -40 91 -43 92 43 36 -30 22 -43 62 -24 94 -34 25 -34 21 -43 -37 -40 1 
91 5 4 0 0.8 7 19 84 17 90 18 88 -18 47 -24 84 -23 82 -18 82 2 0.4 2 20 -28 18 -4 3 0.615385 4 -14 89 -13 41 -41 87 -42 18 4 0.235294 1 26 -45 
92 5 3 0 0.848485 7 -23 80 -18 70 -10 49 21 -53 -22 53 -19 50 -19 54 3 0.666667 4 13 34 -38 -17 -32 13 -39 27 4 0.266667 1 -24 -1 
93 5 3 0 0.973747 102 18 -2 18 -6 12 0 14 21 17 22 16 -26 16 11 11 15 13 24 18 29 10 19 14 -8 18 29 12 4 13 -24 15 24 9 21 10 22 9 -15 12 32 12 34 12 18 11 -42 9 -4 5 -20 10 34 8 26 5 -7 11 -17 8 -66 11 6 5 -1 15 -56 9 -42 2 -19 10 -3 1 -81 0 -22 7 -63 2 -13 14 -59 4 25 8 -46 -8 6 -12 2 4 -45 -18 10 -17 -44 7 14 -20 7 5 -11 7 16 -16 15 12 40 -14 -37 6 -16 -1 -23 1 -43 -1 -15 7 5 0 -18 -1 -43 -1 -36 -15 9 -10 -28 -17 -53 12 -79 -2 -19 -17 -79 1 -30 -16 35 -1 -49 5 -24 -4 17 -6 -35 7 29 -9 4 -5 -38 -18 -61 -12 14 0 15 -2 -34 -1 9 -10 -72 2 22 0 -27 1 33 -4 -41 5 -9 5 -5 -8 -25 8 33 -10 -16 -14 -47 -3 -9 -8 10 -3 -33 -3 -23 -15 5 -9 9 8 -79 2 28 1 0.0983607 3 8 -29 3 27 -10 3 3 0.233577 8 -41 -83 -41 59 -41 35 -40 57 -42 -37 -39 0 -41 60 3 -58 
94 5 2 0 0.444444 2 -22 12 -16 16 3 0.952381 10 -39 -8 -36 -8 1 -68 -41 64 -14 -60 -31 -59 -7 -14 -9 -12 -11 -14 -12 -10 
95 5 2 0 0.9 9 2 -15 7 7 -10 13 -20 -62 -9 11 -5 -17 0 -39 1 3 -7 -55 3 0.64 4 -1 8 12 3 -12 -85 -37 5 
96 5 2 0 0.991736 30 2 12 -14 34 -18 -39 -2 -1 -11 -27 -14 30 2 -5 3 15 -10 -67 -23 -44 -3 -69 -23 -42 -10 -3 -1 -37 -14 -26 -3 -74 -6 -77 -18 -10 -17 -63 -2 -75 -19 -67 -8 11 -12 -49 -7 -72 -15 -44 -16 -74 -21 -77 -17 -16 -21 -68 -24 -35 3 0.117647 1 -22 -3 
97 5 3 0 0.689655 5 -11 -14 0 -38 5 -59 1 -73 -12 -55 1 0.689655 5 -7 -6 -7 12 -6 0 -3 12 -3 10 3 0.615385 4 19 -22 -1 -65 -20 19 -5 22 
98 5 2 0 0.25 1 6 -66 3 0.979592 12 9 -9 13 -8 13 51 -40 23 12 35 -34 24 -30 23 -36 69 -14 28 -40 -18 -38 -20 19 15 
99 5 3 0 0.226415 3 6 39 6 39 -5 -75 1 0.97561 40 -11 -17 -2 16 -5 15 13 19 14 30 2 21 -2 23 4 5 -3 16 5 21 10 23 4 12 7 12 10 23 6 28 -2 15 -4 -11 -14 -20 11 19 7 20 3 13 5 16 -5 19 5 26 -8 -31 -3 -25 -1 20 -9 -14 8 26 1 -7 7 2 8 1 3 12 0 -21 -1 -5 -1 28 -2 27 7 26 4 18 0 23 3 0.0851064 1 -1 -56 
100 5 3 0 0.5 4 2 41 -6 34 15 -76 5 10 1 0.727273 8 6 17 -1 25 0 21 11 22 12 30 11 30 13 17 -2 -22 3 0.727273 8 -18 -27 23 48 16 -33 25 -17 21 42 18 4 16 49 11 53 
101 5 3 0 0.333333 2 6 -75 -10 -74 1 0.952381 15 14 3 5 29 -3 21 12 -10 13 -10 2 -17 -8 15 0 -16 -11 15 -1 -12 9 14 2 29 1 29 -1 14 -1 12 3 0.190476 1 9 61 
102 5 2 0 0.190476 1 -15 -83 3 0.985507 17 23 -8 23 -3 9 -39 -6 -30 -18 45 -29 -15 -10 62 -23 -63 12 14 -1 47 -26 9 -12 -18 -1 -87 -13 45 -11 -87 -10 -77 36 -37 
103 5 3 0 0.8 3 -2 -40 22 10 11 -74 1 0.444444 1 14 -29 3 0.666667 2 -5 9 -5 28 
104 5 2 0 0.990476 26 -13 71 19 10 15 -63 15 -1 16 -2 16 2 18 6 -5 70 4 66 -14 68 14 -2 16 -9 16 8 15 4 -7 69 -4 74 16 10 9 -26 9 -27 22 -3 15 -46 13 -62 14 -14 21 -21 17 12 13 -54 3 0.133333 1 26 -21 
105 5 3 0 0.875 7 12 -59 16 -22 11 -39 16 -18 24 -33 22 -62 16 -52 1 0.285714 1 13 13 3 0.6 3 24 9 24 -52 -5 -66 
106 5 3 0 0.779911 264 -2 -61 -15 -57 -3 -49 -21 4 -19 4 3 -57 -1 -58 -10 -49 -13 -47 -1 1 -17 -48 18 -2 -3 -47 -1 -48 -11 -48 3 -31 0 -30 3 -28 -10 -43 -17 -6 -21 3 -8 -1 -22 -43 6 -55 -14 -2 -23 -11 -1 -47 -13 23 -12 22 11 15 -22 3 -16 22 -13 23 9 -12 9 -38 13 -11 3 -10 -12 17 -19 5 -11 -22 -11 -2 19 -1 -12 -3 -10 -54 -4 -39 -12 -66 -5 -34 -6 -33 13 16 0 0 11 -28 10 4 7 -8 -7 -3 11 21 -14 -19 9 5 14 -45 -18 -28 14 -32 -10 -45 11 15 -6 41 4 -53 -7 -13 9 -44 -13 -41 3 -66 -13 -33 13 16 10 -8 -16 -65 10 -51 4 -10 10 32 -12 -50 -6 -50 7 -21 -15 -36 6 33 -10 66 10 0 9 -25 12 -38 6 -21 -10 35 3 -28 0 -1 6 -55 -10 -58 1 30 -5 -6 -5 42 -23 -10 2 -29 4 -59 -17 -73 -10 -19 -23 -11 -12 -32 7 2 -6 5 -8 -21 -15 -24 1 -65 2 -11 -15 2 -12 -47 -14 -8 -22 -7 -8 -7 11 -52 -15 -34 -17 13 1 -8 -2 -61 -11 38 -1 -18 9 -20 -24 -6 -21 -14 1 -12 2 3 -6 -46 7 -55 -5 12 -9 -53 -17 30 2 -24 -11 -14 -12 -16 -12 17 -8 -9 -2 -25 9 -5 -2 6 -19 2 2 11 -16 -4 -20 -53 -3 7 -9 -45 -4 -46 12 -54 16 6 -16 -62 -2 -7 -11 10 -13 -22 11 -58 -3 -61 13 -46 -15 -29 -1 66 -5 7 -5 16 -21 -9 5 18 -17 10 -21 -16 19 -6 14 -2 -15 9 0 66 1 -54 -15 8 -21 -10 -5 -56 -6 -43 3 16 0 -30 -1 18 14 -2 -2 -10 -15 38 13 -56 -17 -28 -4 9 -15 -36 15 -29 8 -27 7 -43 -2 -36 -5 5 -4 5 7 -55 -10 -16 15 -34 -3 -21 -1 -67 -16 1 -14 -9 13 -43 -24 -21 -14 -47 -9 -40 -17 -63 -22 -55 7 -42 -2 32 -23 -55 -12 13 16 -44 -22 -9 -4 -66 -15 -6 -2 16 7 -34 -24 -43 -24 -23 -6 -2 -6 -57 8 -54 -5 -52 9 -51 5 1 9 -56 -1 16 -2 31 12 -33 -21 -22 -2 -24 4 -45 6 -20 13 -21 -5 -45 -2 -59 17 -41 4 -57 -16 -43 0 -5 11 -56 -3 -55 -21 18 11 -27 -10 -62 8 4 -16 -14 8 -19 3 -29 -11 6 -13 -14 -6 -55 10 -26 7 44 -12 -2 -2 -19 9 -13 -21 16 10 -64 -9 -44 -7 14 -13 -62 -5 -65 15 -45 1 -61 3 11 -8 -48 9 -42 -15 20 -15 -9 -2 39 -16 17 13 -24 1 0.533618 125 0 -20 2 -4 10 -17 -4 0 -14 32 9 11 -9 -21 -10 12 -11 13 -9 10 11 -6 1 32 1 -11 10 -3 -3 -11 3 32 4 -17 2 33 12 -9 -11 -13 -13 -12 1 -15 6 2 9 -6 11 -7 7 -1 0 -28 -4 -5 -3 -13 -6 -5 4 -17 -10 -28 9 -3 -2 10 -8 1 10 -4 7 31 -11 -30 4 -23 -1 28 -13 25 1 -31 4 -3 -2 33 13 -5 -3 -7 -6 -29 -11 -6 -11 9 -4 33 0 7 9 0 -12 -4 -7 -11 -4 10 7 -32 7 -8 -14 4 4 -10 -14 -7 7 9 -3 -14 10 -20 7 23 -1 27 7 -22 4 2 -11 -30 6 -23 -11 5 -12 5 3 0 17 -34 1 -17 6 -27 -1 -15 13 6 5 7 -7 1 -2 -22 2 -21 4 -8 12 7 11 -22 -11 -27 12 -23 -9 -14 1 -26 14 10 -10 -5 10 10 11 33 -7 -29 11 -15 -9 -5 0 -28 1 -6 6 11 6 -31 2 -6 3 -15 6 12 -13 -7 10 29 -3 19 -2 6 -5 -27 5 6 10 -15 -4 -31 9 31 10 25 10 -27 -13 -29 8 23 -2 30 7 -17 -10 -5 13 3 8 15 -10 25 9 22 11 -11 0 -34 -12 -9 3 0.640148 173 -36 82 -23 65 -13 4 -37 -46 -34 30 7 40 4 31 -31 37 4 -51 -15 80 -6 1 -22 -71 -39 90 -37 -3 -19 -37 3 23 -27 -80 -13 -11 -10 34 -39 -57 -42 -41 6 -33 13 -58 -25 -21 -41 25 4 37 -35 37 -39 37 3 -45 -39 85 -25 -18 -34 -17 4 33 0 -23 -41 8 -21 -27 0 -5 -16 34 -1 -21 -39 33 -36 -55 -26 -34 -7 16 -4 9 5 -48 12 -55 -22 -25 -37 22 -27 37 -27 -56 -3 -68 -37 32 27 5 -42 60 -39 -66 22 -64 -38 18 9 41 27 13 21 60 -40 32 2 -10 27 -9 -7 -54 -14 84 30 -11 18 -77 -1 22 -19 -42 18 -86 22 27 -30 55 16 20 -21 9 -23 -71 -36 -41 29 -4 -30 -45 22 -43 8 0 -32 -47 3 -20 19 -8 -27 40 -8 -5 -38 -61 23 -2 25 -9 21 -12 -28 18 6 -41 6 10 2 -23 -6 -31 -9 -18 -27 -7 6 -7 -38 1 -26 1 -3 -35 -18 -57 -29 -23 14 -30 -28 -21 -27 -6 25 -42 19 -49 -30 32 -37 -39 -1 -44 -39 66 -41 -46 -31 -54 23 12 21 38 3 -39 -25 69 11 -69 20 -41 1 -52 -35 -45 0 -52 -1 -69 25 -53 24 17 2 -83 26 -4 -36 -33 -23 -48 -24 -84 7 17 -34 66 -24 -17 -31 36 -26 6 -7 38 -41 24 -26 81 0 2 -27 -13 -36 -45 20 44 30 -36 4 -89 -33 -72 -38 55 14 55 14 21 25 34 1 53 -23 -84 -40 -84 -15 50 29 4 -30 38 5 3 0 -31 -21 -5 9 21 17 -14 0 -66 -19 25 -8 -4 -20 -80 6 -67 -1 31 -11 44 -1 29 17 43 -43 -27 9 24 -34 -43 -15 -35 
107 5 3 0 0.938776 46 -3 49 8 -62 -2 -55 3 -66 -14 -23 0 -65 11 10 3 14 9 -34 5 -36 -19 -18 2 43 9 10 7 -68 -1 43 -1 44 -22 -32 -1 -28 -17 46 1 -60 0 43 13 9 0 43 -5 41 -23 7 17 -65 5 -36 16 -21 -7 -67 -10 -66 3 9 4 9 10 -67 3 -67 -5 -66 -7 13 -9 37 -4 -43 -3 -65 -3 -67 -5 -18 -9 -64 -1 12 -16 44 -5 -64 -8 -62 1 0.125 2 -8 21 -12 24 3 0.454545 10 24 -63 -42 72 18 -89 24 -61 0 2 13 -73 21 -69 18 -68 -31 -6 -36 -27 
108 5 2 0 0.8 2 -21 -26 -15 -26 3 0.8 2 -1 -31 -24 -14 
109 5 3 0 0.173913 2 -22 1 -24 7 1 0.0930233 1 10 -30 3 0.980132 37 -43 -85 -43 -71 -41 6 -33 -21 -39 -59 -10 -31 -20 -37 -29 -11 -8 63 -32 -13 -32 -70 -26 55 -38 -4 -10 -23 -33 59 -8 -19 -21 -15 -34 -71 -9 -15 -40 -50 -12 -22 -40 -55 -35 -13 12 23 -29 -19 -40 42 -2 -12 10 -2 -38 28 -26 26 -25 -26 -36 9 -39 15 -6 35 -32 55 -40 19 -20 -11 
110 5 3 0 0.666667 9 -7 -2 3 -25 -9 -54 -4 -70 6 -45 -4 2 -6 23 -11 28 -15 -70 1 0.333333 3 -9 19 7 35 -3 -6 3 0.833333 15 -3 19 -4 -10 15 -31 12 -42 11 -42 0 -30 -7 -12 12 -7 4 -8 -4 -80 6 -22 -34 -8 9 -21 -37 10 -6 -40 
111 5 3 0 0.538462 7 5 -22 -15 -22 -9 -20 -21 -54 -3 -25 -4 -27 12 -4 1 0.879121 20 -9 22 -12 22 -9 34 -8 23 -9 27 6 5 -4 34 -14 23 -13 35 -13 17 2 4 -4 22 -5 21 -1 1 -9 21 -12 16 -4 34 1 34 -1 34 6 2 3 0.372093 4 10 -32 9 -36 11 -35 -24 -14 
112 5 2 0 0.222222 1 -22 -77 3 0.982456 14 25 -3 -1 67 -3 80 4 81 4 78 -39 30 -42 -10 -43 -89 -41 23 -41 -89 -37 2 -18 24 -31 -89 12 -92 
113 5 3 0 0.6 3 -24 -1 -13 -69 -17 -80 1 0.769231 5 -9 -31 -12 -34 -4 -15 -2 -32 -3 -21 3 0.6 3 -13 -31 1 -93 6 44 
114 5 2 0 0.16 1 -1 12 3 0.988235 21 -34 -88 -19 -89 -1 92 -37 -43 -38 -43 -31 -90 -31 -92 -39 36 2 49 -3 33 -11 33 -5 20 -17 -90 -4 11 -40 -35 -10 13 8 37 -14 -59 -41 -90 -19 -41 -5 -20 
115 5 3 0 0.857143 3 13 -76 9 -80 5 -79 1 0.5 1 14 -35 3 0.5 1 25 -90 
116 5 2 1 0.988235 21 16 -38 10 -34 16 -19 16 -27 16 -32 14 -33 17 -24 17 -24 6 -34 11 -35 13 -35 17 6 17 -11 16 -29 17 -12 17 -18 17 11 17 -22 8 -32 17 -6 9 -35 3 0.16 1 17 -91 
117 5 3 0 0.818182 9 6 -77 5 -77 -18 -82 -22 -83 -16 -72 3 -73 -12 -72 -9 -73 -6 -75 1 0.347826 2 -11 -35 6 -35 3 0.685714 6 -35 -93 0 -93 -34 -95 -34 -93 6 -93 5 -96 
118 5 4 0 0.190476 1 10 11 2 0.333333 2 -6 -23 3 -27 3 0.190476 1 31 -21 4 0.933333 14 -19 -24 -18 17 -21 -17 -25 -5 -22 -23 -22 12 -19 -25 -11 24 -18 -4 -17 14 -10 -26 -17 22 -11 -21 -12 -7 
119 5 2 0 0.214286 3 3 -59 2 -52 4 -81 3 0.98324 44 22 -65 16 -72 14 -56 15 22 16 -51 13 -59 20 4 12 -16 12 -74 19 22 19 -29 9 -30 18 -41 12 34 8 -21 9 21 17 -23 23 -5 7 37 8 -49 5 -6 15 -72 14 -62 7 49 5 -12 16 42 15 -48 7 -41 13 25 5 -42 11 -60 12 -47 -33 63 -26 21 11 -29 -22 78 11 17 -18 25 4 15 9 -3 14 10 -5 32 6 23 15 -6 
120 5 3 0 0.266667 1 17 5 1 0.666667 4 17 -1 16 33 15 31 14 35 3 0.848485 7 17 -25 -40 35 -16 79 -38 46 19 23 10 -97 10 -30 
121 5 2 0 0.979592 12 -22 74 -20 76 3 63 -6 56 -9 51 2 58 -6 56 4 58 7 53 21 -83 -8 52 -21 54 3 0.25 1 24 -29 
122 5 3 0 0.0211082 4 -11 75 -19 76 2 16 -24 -3 1 0.974766 676 17 26 -9 -30 -10 -24 -11 -32 -11 -19 -14 -30 -8 39 -12 4 -9 -9 -11 -7 -9 -1 -10 -12 -14 -28 -7 -6 -6 -13 -16 -25 -6 -32 -15 -11 -15 -15 -11 17 -12 -14 13 34 -5 -1 -9 13 -10 20 -5 -7 -12 -11 17 26 -15 8 -10 -27 -9 16 16 -1 -9 -28 -11 -20 -14 -18 -8 -12 -10 2 -14 -25 -6 -32 -15 -11 -10 -11 -6 4 -7 -14 -5 10 -8 1 -8 -19 -9 -21 -10 2 -4 -37 -15 -34 -14 11 -7 -10 -7 5 -8 20 -14 -27 -12 0 -10 -7 -9 -31 -7 -3 -10 -35 -11 6 -12 -30 -13 -20 -9 -13 -13 -33 12 39 -15 -7 -7 8 -7 -22 -7 24 -12 -20 -14 -8 -7 -6 -6 -24 -14 -29 -10 -38 -9 3 -10 -26 -10 -27 -10 -31 -7 -19 -7 -21 -10 6 -11 -2 -5 2 -15 -19 -5 -4 -12 -30 -10 -6 -7 0 -12 -32 6 39 -7 -4 -4 -16 -11 6 -7 -13 -16 -36 -13 -32 -5 -29 -5 -25 -13 -14 -12 -7 -9 4 -10 -13 -6 -20 -7 -24 -5 -34 -7 -28 -12 -39 -7 20 -9 -5 -15 -12 -13 -3 -3 -19 -9 -19 -5 9 -11 -34 -10 8 -13 -8 -7 13 -15 -4 -4 -3 -15 -36 -12 18 -3 -13 -12 19 -10 12 -6 7 -3 -18 -2 -15 -13 -34 -13 -1 -11 -36 -15 -11 -5 -8 -11 -3 -5 19 -10 -9 -12 5 -12 0 -16 -10 -4 12 -15 7 -6 -18 -15 17 -9 0 -15 -28 -11 -38 -10 1 -10 -1 -15 22 -3 -1 -7 -2 -9 7 -15 -22 -9 -35 -2 -14 -2 6 -13 -35 -12 -7 -14 -35 -13 5 -3 -10 -13 -2 -9 20 -11 -7 -6 -22 -7 5 -12 13 -7 20 -15 0 -12 -16 -7 20 -3 -12 -16 7 -4 -4 -14 -9 -12 23 -6 30 -5 14 -9 11 -13 13 -14 -4 -14 9 -10 -13 -4 20 -14 17 -7 20 -14 -2 -11 -23 -2 -33 -15 1 -7 14 -10 13 -9 -9 -5 -4 -11 22 -2 -38 -8 24 -1 -32 -1 -15 -14 6 -15 1 -8 -35 -16 5 -15 4 -13 21 -7 25 -11 24 -2 6 -14 13 -5 11 -4 -17 -14 8 -9 22 -13 26 -16 16 -14 14 -5 4 -13 17 -4 -15 -3 -33 -13 14 -12 13 -1 -7 -4 19 -16 23 -5 26 0 -38 -16 17 0 -25 -15 9 -11 27 -1 -11 -3 12 -1 -15 -1 -32 -16 24 -15 14 -3 18 -3 7 -16 13 -4 15 0 4 -1 3 -14 7 -9 -33 -2 -19 -5 32 -10 36 -3 -16 -5 39 -1 8 -14 33 -14 19 0 7 -7 29 -11 27 -6 24 -16 4 -4 22 -2 22 -13 39 -6 -19 -7 -32 0 -33 -6 -15 -5 33 -5 -17 0 -9 -5 -29 -1 -18 -3 -3 -3 2 -2 20 -2 0 -3 5 -10 28 0 -12 -1 -26 -7 29 -16 20 0 11 -6 -34 0 6 -1 20 -4 -29 -1 -27 -1 18 -11 29 -8 39 1 0 -2 -17 0 -33 -2 -18 -5 39 -10 32 -16 12 2 -2 -2 30 0 14 -15 39 -15 34 -1 -33 -5 28 -1 -17 -3 30 -10 37 1 -6 -16 24 1 -25 -10 33 1 -38 -13 31 -15 31 -4 26 -12 33 -1 -30 0 -30 -4 39 1 8 -3 -14 -10 38 -1 3 -2 28 -3 -8 1 8 2 -18 1 19 -7 32 1 9 -2 22 -2 24 0 6 0 27 0 -6 3 -20 -4 28 -15 39 2 -24 1 -28 -1 -27 1 -5 2 12 1 18 2 -12 -3 32 0 -21 2 -15 1 10 2 -11 0 14 -10 34 0 26 -8 34 1 -34 -14 30 -1 -8 -11 33 -5 38 2 -30 2 -9 2 20 -9 37 0 21 0 -24 -1 27 4 -5 2 21 1 18 3 -10 0 -32 -5 34 2 26 2 14 2 13 -7 36 0 30 -3 39 1 13 4 -12 4 -8 -1 32 3 19 2 -31 1 18 3 0 2 -30 4 -21 -5 36 1 7 2 26 2 -27 0 -35 -4 35 4 13 2 1 -1 34 2 20 2 -29 0 39 4 9 2 -32 -16 38 3 17 5 -16 2 30 4 21 0 32 2 28 -1 34 4 -20 2 6 -1 34 2 24 -16 36 4 1 4 10 4 13 4 -27 4 -22 2 14 4 13 2 32 3 19 4 23 -1 35 3 21 -1 35 3 -2 5 -5 -5 -37 5 -5 3 18 5 21 5 18 3 -29 1 32 5 -11 6 -5 3 7 6 -12 4 19 6 -11 6 -14 5 26 0 36 13 -3 -16 37 2 35 4 -28 -16 36 -1 -36 6 18 4 -31 2 34 6 21 2 34 6 -13 4 -35 6 25 5 21 7 -15 5 29 6 24 5 13 17 16 7 4 5 -1 8 -11 8 -10 11 37 7 -24 -2 -39 3 35 7 25 7 19 7 24 8 12 7 23 6 -13 8 -25 8 7 17 11 6 0 8 19 8 -9 9 3 17 -5 8 19 8 17 16 -36 4 34 5 33 5 36 7 -4 7 31 12 23 7 29 6 35 10 25 5 35 9 -4 9 0 -4 -36 8 -9 16 -9 9 22 9 9 -4 -37 6 38 10 13 8 -2 9 20 16 -11 8 29 7 32 10 -20 10 -4 9 26 10 -22 9 19 9 25 7 35 9 -5 5 35 9 -32 11 26 8 23 8 30 17 8 15 -1 6 37 9 -11 8 -10 8 -24 10 19 14 -20 10 17 9 -2 9 29 16 20 12 21 10 8 9 -24 10 8 11 17 10 -2 11 -7 9 21 16 34 10 25 11 12 8 -34 10 24 8 35 8 32 16 21 9 4 10 20 10 -32 11 24 9 -26 8 38 11 -26 10 25 10 -11 11 20 10 -26 10 -36 12 36 11 37 16 -36 12 16 11 9 11 -16 11 4 11 -11 7 34 11 -22 12 14 11 -25 15 -22 10 10 11 22 12 20 11 22 12 3 11 2 12 22 10 12 11 -10 12 8 10 21 12 23 12 21 11 34 16 -2 16 13 14 -22 11 -36 11 20 10 -35 11 20 11 -35 15 35 12 -14 14 0 12 21 12 4 12 -3 13 14 9 34 13 10 12 12 12 27 12 18 10 35 17 25 12 -17 12 -30 11 34 12 -33 12 -6 11 -3 12 -26 13 18 11 -4 14 14 12 -33 12 -13 12 17 12 -21 13 0 12 -28 14 -27 13 7 13 -18 13 -11 15 31 13 16 13 -3 13 -31 9 36 14 -14 13 -37 9 37 13 -15 12 29 12 -17 12 -21 14 30 15 2 12 -39 12 33 14 -36 13 11 16 14 13 -38 13 7 13 -28 13 8 15 11 13 9 15 9 14 13 15 19 14 -16 14 -21 14 31 15 13 15 -27 17 2 13 35 15 -32 15 -26 3 0.279661 66 -35 -41 -22 25 -21 -53 -17 -68 -31 56 -26 7 -29 -4 -20 16 -27 -8 -12 -82 -32 25 -25 -97 -28 -92 -5 19 -21 59 2 -89 -24 1 -30 -51 -34 -52 -8 -8 -11 88 -8 -6 -14 -42 -25 -23 -22 28 5 -37 -18 -32 -22 -94 -9 25 -3 39 5 -70 7 -29 4 -40 7 -41 -1 17 1 -26 -22 53 -13 -79 1 6 -2 -21 -6 -81 -6 -78 -22 -35 -2 -59 -11 -75 -13 18 -9 -74 -5 -35 -22 31 -2 -44 -8 -80 12 15 -15 -24 4 43 -42 -3 -10 -57 -11 89 -25 -97 -9 54 3 -15 -26 65 3 -63 -37 -95 -7 -37 10 -24 10 73 
123 5 2 1 0.097561 1 -12 32 3 0.993289 37 2 -19 -24 -77 -27 2 4 -29 -26 26 -23 49 15 -21 -9 -74 -10 -73 0 -46 -4 29 -8 -70 -19 58 -27 45 -22 -85 10 -19 -17 -40 -3 -41 -9 18 -26 8 2 -4 0 -25 9 0 6 -29 -18 1 -3 -15 -13 -36 -12 2 -13 -29 -16 66 8 5 -16 -47 -24 47 -22 -6 -21 -44 -13 13 -7 -26 
124 5 2 1 0.992248 32 3 -14 9 -35 4 -31 -2 16 -5 -38 4 -24 9 -37 -6 16 0 29 -13 -15 -6 15 -2 32 -8 24 -13 6 2 11 4 2 -11 25 -4 -28 -5 -29 4 8 -5 27 6 39 5 33 -3 37 -5 11 -5 16 -4 28 -5 30 -4 6 0 3 2 32 -1 35 3 0.111111 1 -20 -25 
125 5 2 1 0.727273 2 -3 15 5 -7 3 0.857143 3 31 -29 -23 32 -4 35 
126 5 2 1 0.666667 3 -16 10 -2 -11 -16 16 3 0.888889 6 -23 -38 -11 7 -26 -10 -27 -6 -28 21 -14 55 
127 5 2 1 0.333333 1 3 36 3 0.969697 8 -17 -18 -15 -17 -12 -93 -25 -99 -37 -71 -31 6 -42 -2 -24 -22 
128 5 2 1 0.96 12 7 6 8 3 6 30 5 5 8 5 7 5 5 -22 7 -22 5 -39 6 14 5 -34 5 -29 3 0.4 2 -6 22 -10 -52 
129 5 3 0 0.8 4 -12 57 -12 59 -14 60 -15 60 1 0.363636 1 6 -3 3 0.705882 3 -14 49 -9 -46 -36 29 
130 5 3 0 0.08 1 -9 -53 1 0.150943 2 7 -32 7 -31 3 0.98324 44 -17 67 -7 -3 -8 -36 -23 -79 -9 -29 -5 36 -5 30 -22 -44 -15 -48 -20 22 -10 -39 -22 -58 -15 -66 -17 -42 -9 64 -13 17 -16 -28 -3 31 -12 66 -6 28 -14 -28 -10 -5 -5 33 -10 -65 -4 -12 -11 52 -10 -75 -8 47 -13 -54 -8 50 -2 -7 1 37 -2 17 -2 -84 2 45 1 24 2 45 0 -67 2 -53 -40 4 -43 -7 -43 -25 -44 -21 8 -12 
131 5 3 0 0.5 1 -1 -86 3 0.5 1 -2 -97 4 0.857143 3 -20 37 -20 13 -20 -3 
132 5 2 3 0.983607 15 -5 85 -12 77 13 75 8 41 -6 76 -17 80 -22 88 2 40 3 67 -24 75 2 63 -32 72 -37 -32 -4 -8 -25 73 4 0.210526 1 -15 32 
133 5 2 2 0.210526 1 -8 -4 4 0.983607 15 -17 33 -16 27 -23 20 -24 -36 -14 -44 -23 -39 -21 -38 -14 -26 -24 -19 -24 -35 -24 -3 -25 13 -24 -30 -23 13 -19 4 
134 5 5 0 0.285714 1 9 -84 1 0.769231 5 -5 -25 -6 -32 -8 -20 -7 -30 -7 -24 2 0.285714 1 -4 -41 3 0.6 3 -44 -41 -44 3 6 -54 4 0.285714 1 -23 10 
135 5 4 0 0.363636 2 6 -85 -7 -85 2 0.837209 9 -1 -50 8 -51 -10 -51 8 -52 5 -53 8 -52 -2 -53 1 -52 -4 -52 3 0.571429 4 -21 80 -11 29 -14 -96 -42 -98 4 0.210526 1 -23 -43 
136 5 2 0 0.980545 63 -15 -76 -18 -88 -6 -86 7 -84 -1 -86 -11 -90 -19 -88 -17 -88 -15 74 4 -88 9 -89 -22 -87 -22 -86 -4 -89 -8 73 -9 72 -19 -91 1 -89 -2 -87 0 -90 -18 -90 -18 -92 -9 73 10 -85 1 -89 -9 75 -3 -91 4 -90 -12 -90 -23 -90 10 -74 2 -91 -20 70 -8 73 -14 -90 3 -92 -20 68 9 -92 -9 70 16 -92 -8 66 -8 65 -4 73 -9 66 -11 69 -3 74 -18 68 -1 75 -15 61 2 60 -7 60 -5 60 -22 62 -5 61 -20 62 8 65 -10 58 -4 66 -12 61 -12 61 3 62 1 61 14 -88 3 0.240964 5 -42 -96 19 -99 17 22 28 -95 20 27 
