10 118 0
0 0 -1 17 0 7 1 45 12 2 23 32 -1938 
1 1 -1 6 11 16 0 24 24 20 4 32 -8204 
2 1 -1 18 13 22 9 43 29 4 6 32 3962 
3 2 0 0 0 0 0 0 0 0 0 0 0 
4 2 -1 13 4 9 2 25 21 11 14 32 -11173 
5 2 -1 21 0 17 6 46 40 1 2 32 -223 
6 2 -1 17 15 0 19 46 46 1 1 32 -54 
7 3 0 0 0 0 0 0 0 0 0 0 0 
8 3 0 0 0 0 0 0 0 0 0 0 0 
9 3 -1 18 22 0 21 42 45 2 1 32 -196 
10 3 -1 0 5 4 4 10 29 6 9 32 -2431 
11 3 -1 37 4 0 0 21 22 0 0 0 -46 
12 3 -1 45 35 0 0 24 5 0 0 18 -24 
13 3 -1 13 13 22 0 39 20 5 8 32 -1157 
14 3 -1 10 6 22 9 38 34 6 6 32 5480 
15 4 0 0 0 0 0 0 0 0 0 0 0 
16 4 0 0 0 0 0 0 0 0 0 0 0 
17 4 0 0 0 0 0 0 0 0 0 0 0 
18 4 0 0 0 0 0 0 0 0 0 0 0 
19 4 -1 10 19 4 13 31 33 16 4 32 -5769 
20 4 -1 14 16 5 4 28 24 12 10 32 -8655 
21 4 19 0 0 0 0 0 0 0 0 0 0 
22 4 -1 6 9 1 1 44 21 1 5 32 -602 
23 4 34 0 0 0 0 0 0 0 0 0 0 
24 4 35 0 0 0 0 0 0 0 0 0 0 
25 4 -1 15 5 14 22 36 32 3 14 32 -542 
26 4 -1 13 17 5 4 39 28 6 12 32 -2184 
27 4 -1 16 7 0 0 4 45 0 0 1 -17 
28 4 -1 15 18 7 0 29 21 12 23 32 -9395 
29 4 -1 2 16 22 10 37 33 7 5 32 6232 
30 4 -1 2 15 3 6 5 44 31 3 32 -1044 
31 5 0 0 0 0 0 0 0 0 0 0 0 
32 5 0 0 0 0 0 0 0 0 0 0 0 
33 5 0 0 0 0 0 0 0 0 0 0 0 
34 5 0 0 0 0 0 0 0 0 0 0 0 
35 5 0 0 0 0 0 0 0 0 0 0 0 
36 5 0 0 0 0 0 0 0 0 0 0 0 
37 5 0 0 0 0 0 0 0 0 0 0 0 
38 5 0 0 0 0 0 0 0 0 0 0 0 
39 5 -1 12 11 0 14 37 34 3 6 32 -1233 
40 5 -1 43 28 0 0 46 37 0 0 20 -21 
41 5 -1 16 4 0 1 42 16 4 20 32 -7819 
42 5 18 0 0 0 0 0 0 0 0 0 0 
43 5 0 0 0 0 0 0 0 0 0 0 0 
44 5 0 0 0 0 0 0 0 0 0 0 0 
45 5 -1 10 19 22 1 41 26 5 6 32 -2519 
46 5 -1 0 0 8 5 25 15 18 30 32 -5652 
47 5 0 0 0 0 0 0 0 0 0 0 0 
48 5 0 0 0 0 0 0 0 0 0 0 0 
49 5 0 0 0 0 0 0 0 0 0 0 0 
50 5 0 0 0 0 0 0 0 0 0 0 0 
51 5 -1 13 15 0 0 24 32 0 0 4 -60 
52 5 -1 18 7 21 14 46 27 1 18 32 4846 
53 5 -1 0 14 21 4 31 35 1 2 32 75 
54 5 -1 1 22 13 12 34 39 7 6 32 410 
55 5 -1 25 37 0 0 47 16 0 0 11 67 
56 5 -1 6 36 0 0 45 42 0 0 17 -22 
57 5 -1 16 3 14 1 39 7 6 10 32 -1527 
58 5 -1 7 10 1 18 23 42 13 1 32 -333 
59 5 -1 22 46 0 0 2 10 0 0 5 17 
60 5 -1 6 13 18 13 42 32 2 7 32 8392 
61 5 -1 6 6 19 9 43 35 3 9 32 8191 
62 5 -1 5 13 4 13 40 42 4 5 32 2061 
63 6 0 0 0 0 0 0 0 0 0 0 0 
64 6 0 0 0 0 0 0 0 0 0 0 0 
65 6 0 0 0 0 0 0 0 0 0 0 0 
66 6 0 0 0 0 0 0 0 0 0 0 0 
67 6 0 0 0 0 0 0 0 0 0 0 0 
68 6 0 0 0 0 0 0 0 0 0 0 0 
69 6 0 0 0 0 0 0 0 0 0 0 0 
70 6 0 0 0 0 0 0 0 0 0 0 0 
71 6 0 0 0 0 0 0 0 0 0 0 0 
72 6 0 0 0 0 0 0 0 0 0 0 0 
73 6 0 0 0 0 0 0 0 0 0 0 0 
74 6 0 0 0 0 0 0 0 0 0 0 0 
75 6 0 0 0 0 0 0 0 0 0 0 0 
76 6 0 0 0 0 0 0 0 0 0 0 0 
77 6 0 0 0 0 0 0 0 0 0 0 0 
78 6 0 0 0 0 0 0 0 0 0 0 0 
79 6 1 0 0 0 0 0 0 0 0 0 0 
80 6 -1 8 13 4 18 45 37 2 8 32 -1582 
81 6 4 0 0 0 0 0 0 0 0 0 0 
82 6 5 0 0 0 0 0 0 0 0 0 0 
83 6 -1 12 22 17 7 39 39 3 5 32 11063 
84 6 -1 20 4 22 0 44 25 2 10 32 -1826 
85 6 0 0 0 0 0 0 0 0 0 0 0 
86 6 0 0 0 0 0 0 0 0 0 0 0 
87 6 0 0 0 0 0 0 0 0 0 0 0 
88 6 0 0 0 0 0 0 0 0 0 0 0 
89 6 0 0 0 0 0 0 0 0 0 0 0 
90 6 0 0 0 0 0 0 0 0 0 0 0 
91 6 20 0 0 0 0 0 0 0 0 0 0 
92 6 -1 15 1 0 0 43 18 0 0 1 -7 
93 6 -1 13 6 0 0 33 7 0 0 4 -5 
94 6 -1 13 42 0 0 43 8 0 0 3 -19 
95 6 0 0 0 0 0 0 0 0 0 0 0 
96 6 0 0 0 0 0 0 0 0 0 0 0 
97 6 0 0 0 0 0 0 0 0 0 0 0 
98 6 0 0 0 0 0 0 0 0 0 0 0 
99 6 0 0 0 0 0 0 0 0 0 0 0 
100 6 0 0 0 0 0 0 0 0 0 0 0 
101 6 0 0 0 0 0 0 0 0 0 0 0 
102 6 0 0 0 0 0 0 0 0 0 0 0 
103 6 36 0 0 0 0 0 0 0 0 0 0 
104 6 37 0 0 0 0 0 0 0 0 0 0 
105 6 38 0 0 0 0 0 0 0 0 0 0 
106 6 39 0 0 0 0 0 0 0 0 0 0 
107 6 -1 22 45 0 0 10 25 0 0 3 15 
108 6 47 0 0 0 0 0 0 0 0 0 0 
109 6 -1 6 44 0 0 20 4 0 0 0 -64 
110 6 -1 46 26 0 0 15 17 0 0 17 19 
111 6 61 0 0 0 0 0 0 0 0 0 0 
112 6 62 0 0 0 0 0 0 0 0 0 0 
113 6 -1 9 43 0 0 39 10 0 0 1 4 
114 6 -1 22 22 19 2 41 33 4 4 32 955 
115 6 -1 12 10 6 21 26 44 15 2 32 3104 
116 6 -1 5 4 18 19 31 41 2 5 32 12746 
117 6 -1 44 36 0 0 8 17 0 0 3 25 
118 6 -1 20 4 5 8 31 41 7 6 32 520 
119 6 105 0 0 0 0 0 0 0 0 0 0 
120 6 -1 10 14 8 3 18 22 7 21 32 -3819 
121 6 109 0 0 0 0 0 0 0 0 0 0 
122 6 110 0 0 0 0 0 0 0 0 0 0 
123 6 -1 15 12 0 1 32 17 11 19 32 -7299 
124 6 114 0 0 0 0 0 0 0 0 0 0 
125 6 -1 19 15 0 0 3 44 0 0 0 12 
126 6 117 0 0 0 0 0 0 0 0 0 0 
127 7 0 0 0 0 0 0 0 0 0 0 0 
128 7 0 0 0 0 0 0 0 0 0 0 0 
129 7 0 0 0 0 0 0 0 0 0 0 0 
130 7 0 0 0 0 0 0 0 0 0 0 0 
131 7 0 0 0 0 0 0 0 0 0 0 0 
132 7 0 0 0 0 0 0 0 0 0 0 0 
133 7 0 0 0 0 0 0 0 0 0 0 0 
134 7 0 0 0 0 0 0 0 0 0 0 0 
135 7 0 0 0 0 0 0 0 0 0 0 0 
136 7 0 0 0 0 0 0 0 0 0 0 0 
137 7 0 0 0 0 0 0 0 0 0 0 0 
138 7 0 0 0 0 0 0 0 0 0 0 0 
139 7 0 0 0 0 0 0 0 0 0 0 0 
140 7 0 0 0 0 0 0 0 0 0 0 0 
141 7 0 0 0 0 0 0 0 0 0 0 0 
142 7 0 0 0 0 0 0 0 0 0 0 0 
143 7 0 0 0 0 0 0 0 0 0 0 0 
144 7 0 0 0 0 0 0 0 0 0 0 0 
145 7 0 0 0 0 0 0 0 0 0 0 0 
146 7 0 0 0 0 0 0 0 0 0 0 0 
147 7 0 0 0 0 0 0 0 0 0 0 0 
148 7 0 0 0 0 0 0 0 0 0 0 0 
149 7 0 0 0 0 0 0 0 0 0 0 0 
150 7 0 0 0 0 0 0 0 0 0 0 0 
151 7 0 0 0 0 0 0 0 0 0 0 0 
152 7 0 0 0 0 0 0 0 0 0 0 0 
153 7 0 0 0 0 0 0 0 0 0 0 0 
154 7 0 0 0 0 0 0 0 0 0 0 0 
155 7 0 0 0 0 0 0 0 0 0 0 0 
156 7 0 0 0 0 0 0 0 0 0 0 0 
157 7 0 0 0 0 0 0 0 0 0 0 0 
158 7 0 0 0 0 0 0 0 0 0 0 0 
159 7 0 0 0 0 0 0 0 0 0 0 0 
160 7 0 0 0 0 0 0 0 0 0 0 0 
161 7 2 0 0 0 0 0 0 0 0 0 0 
162 7 3 0 0 0 0 0 0 0 0 0 0 
163 7 0 0 0 0 0 0 0 0 0 0 0 
164 7 0 0 0 0 0 0 0 0 0 0 0 
165 7 0 0 0 0 0 0 0 0 0 0 0 
166 7 0 0 0 0 0 0 0 0 0 0 0 
167 7 -1 21 34 0 0 30 9 0 0 0 -27 
168 7 8 0 0 0 0 0 0 0 0 0 0 
169 7 -1 17 13 8 20 34 38 5 8 32 10278 
170 7 17 0 0 0 0 0 0 0 0 0 0 
171 7 0 0 0 0 0 0 0 0 0 0 0 
172 7 0 0 0 0 0 0 0 0 0 0 0 
173 7 0 0 0 0 0 0 0 0 0 0 0 
174 7 0 0 0 0 0 0 0 0 0 0 0 
175 7 0 0 0 0 0 0 0 0 0 0 0 
176 7 0 0 0 0 0 0 0 0 0 0 0 
177 7 0 0 0 0 0 0 0 0 0 0 0 
178 7 0 0 0 0 0 0 0 0 0 0 0 
179 7 0 0 0 0 0 0 0 0 0 0 0 
180 7 0 0 0 0 0 0 0 0 0 0 0 
181 7 0 0 0 0 0 0 0 0 0 0 0 
182 7 0 0 0 0 0 0 0 0 0 0 0 
183 7 0 0 0 0 0 0 0 0 0 0 0 
184 7 0 0 0 0 0 0 0 0 0 0 0 
185 7 -1 1 11 1 9 41 41 6 5 32 -2910 
186 7 -1 31 13 0 0 5 1 0 0 14 46 
187 7 29 0 0 0 0 0 0 0 0 0 0 
188 7 30 0 0 0 0 0 0 0 0 0 0 
189 7 31 0 0 0 0 0 0 0 0 0 0 
190 7 -1 33 32 0 0 20 23 0 0 11 -95 
191 7 0 0 0 0 0 0 0 0 0 0 0 
192 7 0 0 0 0 0 0 0 0 0 0 0 
193 7 0 0 0 0 0 0 0 0 0 0 0 
194 7 0 0 0 0 0 0 0 0 0 0 0 
195 7 0 0 0 0 0 0 0 0 0 0 0 
196 7 0 0 0 0 0 0 0 0 0 0 0 
197 7 0 0 0 0 0 0 0 0 0 0 0 
198 7 0 0 0 0 0 0 0 0 0 0 0 
199 7 0 0 0 0 0 0 0 0 0 0 0 
200 7 0 0 0 0 0 0 0 0 0 0 0 
201 7 0 0 0 0 0 0 0 0 0 0 0 
202 7 0 0 0 0 0 0 0 0 0 0 0 
203 7 0 0 0 0 0 0 0 0 0 0 0 
204 7 0 0 0 0 0 0 0 0 0 0 0 
205 7 0 0 0 0 0 0 0 0 0 0 0 
206 7 0 0 0 0 0 0 0 0 0 0 0 
207 7 0 0 0 0 0 0 0 0 0 0 0 
208 7 0 0 0 0 0 0 0 0 0 0 0 
209 7 0 0 0 0 0 0 0 0 0 0 0 
210 7 0 0 0 0 0 0 0 0 0 0 0 
211 7 0 0 0 0 0 0 0 0 0 0 0 
212 7 0 0 0 0 0 0 0 0 0 0 0 
213 7 0 0 0 0 0 0 0 0 0 0 0 
214 7 0 0 0 0 0 0 0 0 0 0 0 
215 7 -1 17 35 0 0 3 1 0 0 1 31 
216 7 -1 7 34 0 0 29 18 0 0 5 -5 
217 7 0 0 0 0 0 0 0 0 0 0 0 
218 7 0 0 0 0 0 0 0 0 0 0 0 
219 7 -1 2 6 0 0 24 3 0 0 7 -23 
220 7 -1 28 36 0 0 39 17 0 0 3 -7 
221 7 -1 11 6 1 14 15 42 4 5 32 -43 
222 7 60 0 0 0 0 0 0 0 0 0 0 
223 7 0 0 0 0 0 0 0 0 0 0 0 
224 7 0 0 0 0 0 0 0 0 0 0 0 
225 7 0 0 0 0 0 0 0 0 0 0 0 
226 7 0 0 0 0 0 0 0 0 0 0 0 
227 7 63 0 0 0 0 0 0 0 0 0 0 
228 7 64 0 0 0 0 0 0 0 0 0 0 
229 7 -1 8 21 15 21 38 46 5 1 32 11906 
230 7 -1 32 45 0 0 1 44 0 0 18 -7 
231 7 -1 0 5 2 8 38 31 6 1 32 -208 
232 7 -1 14 3 8 1 23 27 11 3 32 -775 
233 7 -1 17 15 16 7 36 31 7 15 32 -644 
234 7 90 0 0 0 0 0 0 0 0 0 0 
235 7 -1 17 2 20 9 45 31 2 3 32 2473 
236 7 -1 14 30 0 0 46 10 0 0 3 -8 
237 7 101 0 0 0 0 0 0 0 0 0 0 
238 7 -1 21 3 11 12 46 27 1 17 32 3223 
239 7 0 0 0 0 0 0 0 0 0 0 0 
240 7 0 0 0 0 0 0 0 0 0 0 0 
241 7 -1 6 14 4 3 25 34 21 1 32 -516 
242 7 108 0 0 0 0 0 0 0 0 0 0 
243 7 0 0 0 0 0 0 0 0 0 0 0 
244 7 0 0 0 0 0 0 0 0 0 0 0 
245 7 0 0 0 0 0 0 0 0 0 0 0 
246 7 0 0 0 0 0 0 0 0 0 0 0 
247 7 -1 37 0 0 0 30 9 0 0 0 2 
248 7 113 0 0 0 0 0 0 0 0 0 0 
249 7 0 0 0 0 0 0 0 0 0 0 0 
250 7 0 0 0 0 0 0 0 0 0 0 0 
251 7 115 0 0 0 0 0 0 0 0 0 0 
252 7 116 0 0 0 0 0 0 0 0 0 0 
253 7 0 0 0 0 0 0 0 0 0 0 0 
254 7 0 0 0 0 0 0 0 0 0 0 0 
255 8 0 0 0 0 0 0 0 0 0 0 0 
256 8 0 0 0 0 0 0 0 0 0 0 0 
257 8 0 0 0 0 0 0 0 0 0 0 0 
258 8 0 0 0 0 0 0 0 0 0 0 0 
259 8 0 0 0 0 0 0 0 0 0 0 0 
260 8 0 0 0 0 0 0 0 0 0 0 0 
261 8 0 0 0 0 0 0 0 0 0 0 0 
262 8 0 0 0 0 0 0 0 0 0 0 0 
263 8 0 0 0 0 0 0 0 0 0 0 0 
264 8 0 0 0 0 0 0 0 0 0 0 0 
265 8 0 0 0 0 0 0 0 0 0 0 0 
266 8 0 0 0 0 0 0 0 0 0 0 0 
267 8 0 0 0 0 0 0 0 0 0 0 0 
268 8 0 0 0 0 0 0 0 0 0 0 0 
269 8 0 0 0 0 0 0 0 0 0 0 0 
270 8 0 0 0 0 0 0 0 0 0 0 0 
271 8 0 0 0 0 0 0 0 0 0 0 0 
272 8 0 0 0 0 0 0 0 0 0 0 0 
273 8 0 0 0 0 0 0 0 0 0 0 0 
274 8 0 0 0 0 0 0 0 0 0 0 0 
275 8 0 0 0 0 0 0 0 0 0 0 0 
276 8 0 0 0 0 0 0 0 0 0 0 0 
277 8 0 0 0 0 0 0 0 0 0 0 0 
278 8 0 0 0 0 0 0 0 0 0 0 0 
279 8 0 0 0 0 0 0 0 0 0 0 0 
280 8 0 0 0 0 0 0 0 0 0 0 0 
281 8 0 0 0 0 0 0 0 0 0 0 0 
282 8 0 0 0 0 0 0 0 0 0 0 0 
283 8 0 0 0 0 0 0 0 0 0 0 0 
284 8 0 0 0 0 0 0 0 0 0 0 0 
285 8 0 0 0 0 0 0 0 0 0 0 0 
286 8 0 0 0 0 0 0 0 0 0 0 0 
287 8 0 0 0 0 0 0 0 0 0 0 0 
288 8 0 0 0 0 0 0 0 0 0 0 0 
289 8 0 0 0 0 0 0 0 0 0 0 0 
290 8 0 0 0 0 0 0 0 0 0 0 0 
291 8 0 0 0 0 0 0 0 0 0 0 0 
292 8 0 0 0 0 0 0 0 0 0 0 0 
293 8 0 0 0 0 0 0 0 0 0 0 0 
294 8 0 0 0 0 0 0 0 0 0 0 0 
295 8 0 0 0 0 0 0 0 0 0 0 0 
296 8 0 0 0 0 0 0 0 0 0 0 0 
297 8 0 0 0 0 0 0 0 0 0 0 0 
298 8 0 0 0 0 0 0 0 0 0 0 0 
299 8 0 0 0 0 0 0 0 0 0 0 0 
300 8 0 0 0 0 0 0 0 0 0 0 0 
301 8 0 0 0 0 0 0 0 0 0 0 0 
302 8 0 0 0 0 0 0 0 0 0 0 0 
303 8 0 0 0 0 0 0 0 0 0 0 0 
304 8 0 0 0 0 0 0 0 0 0 0 0 
305 8 0 0 0 0 0 0 0 0 0 0 0 
306 8 0 0 0 0 0 0 0 0 0 0 0 
307 8 0 0 0 0 0 0 0 0 0 0 0 
308 8 0 0 0 0 0 0 0 0 0 0 0 
309 8 0 0 0 0 0 0 0 0 0 0 0 
310 8 0 0 0 0 0 0 0 0 0 0 0 
311 8 0 0 0 0 0 0 0 0 0 0 0 
312 8 0 0 0 0 0 0 0 0 0 0 0 
313 8 0 0 0 0 0 0 0 0 0 0 0 
314 8 0 0 0 0 0 0 0 0 0 0 0 
315 8 0 0 0 0 0 0 0 0 0 0 0 
316 8 0 0 0 0 0 0 0 0 0 0 0 
317 8 0 0 0 0 0 0 0 0 0 0 0 
318 8 0 0 0 0 0 0 0 0 0 0 0 
319 8 0 0 0 0 0 0 0 0 0 0 0 
320 8 0 0 0 0 0 0 0 0 0 0 0 
321 8 0 0 0 0 0 0 0 0 0 0 0 
322 8 0 0 0 0 0 0 0 0 0 0 0 
323 8 0 0 0 0 0 0 0 0 0 0 0 
324 8 0 0 0 0 0 0 0 0 0 0 0 
325 8 0 0 0 0 0 0 0 0 0 0 0 
326 8 0 0 0 0 0 0 0 0 0 0 0 
327 8 0 0 0 0 0 0 0 0 0 0 0 
328 8 0 0 0 0 0 0 0 0 0 0 0 
329 8 0 0 0 0 0 0 0 0 0 0 0 
330 8 0 0 0 0 0 0 0 0 0 0 0 
331 8 0 0 0 0 0 0 0 0 0 0 0 
332 8 0 0 0 0 0 0 0 0 0 0 0 
333 8 0 0 0 0 0 0 0 0 0 0 0 
334 8 0 0 0 0 0 0 0 0 0 0 0 
335 8 6 0 0 0 0 0 0 0 0 0 0 
336 8 7 0 0 0 0 0 0 0 0 0 0 
337 8 0 0 0 0 0 0 0 0 0 0 0 
338 8 0 0 0 0 0 0 0 0 0 0 0 
339 8 -1 16 22 18 11 35 33 1 4 32 18214 
340 8 -1 22 3 20 11 42 30 4 5 32 19370 
341 8 0 0 0 0 0 0 0 0 0 0 0 
342 8 0 0 0 0 0 0 0 0 0 0 0 
343 8 0 0 0 0 0 0 0 0 0 0 0 
344 8 0 0 0 0 0 0 0 0 0 0 0 
345 8 0 0 0 0 0 0 0 0 0 0 0 
346 8 0 0 0 0 0 0 0 0 0 0 0 
347 8 0 0 0 0 0 0 0 0 0 0 0 
348 8 0 0 0 0 0 0 0 0 0 0 0 
349 8 0 0 0 0 0 0 0 0 0 0 0 
350 8 0 0 0 0 0 0 0 0 0 0 0 
351 8 0 0 0 0 0 0 0 0 0 0 0 
352 8 0 0 0 0 0 0 0 0 0 0 0 
353 8 0 0 0 0 0 0 0 0 0 0 0 
354 8 0 0 0 0 0 0 0 0 0 0 0 
355 8 0 0 0 0 0 0 0 0 0 0 0 
356 8 0 0 0 0 0 0 0 0 0 0 0 
357 8 0 0 0 0 0 0 0 0 0 0 0 
358 8 0 0 0 0 0 0 0 0 0 0 0 
359 8 0 0 0 0 0 0 0 0 0 0 0 
360 8 0 0 0 0 0 0 0 0 0 0 0 
361 8 0 0 0 0 0 0 0 0 0 0 0 
362 8 0 0 0 0 0 0 0 0 0 0 0 
363 8 0 0 0 0 0 0 0 0 0 0 0 
364 8 0 0 0 0 0 0 0 0 0 0 0 
365 8 0 0 0 0 0 0 0 0 0 0 0 
366 8 0 0 0 0 0 0 0 0 0 0 0 
367 8 0 0 0 0 0 0 0 0 0 0 0 
368 8 0 0 0 0 0 0 0 0 0 0 0 
369 8 0 0 0 0 0 0 0 0 0 0 0 
370 8 0 0 0 0 0 0 0 0 0 0 0 
371 8 -1 17 17 6 19 42 41 3 1 32 -405 
372 8 23 0 0 0 0 0 0 0 0 0 0 
373 8 -1 14 42 0 0 9 11 0 0 2 13 
374 8 28 0 0 0 0 0 0 0 0 0 0 
375 8 0 0 0 0 0 0 0 0 0 0 0 
376 8 0 0 0 0 0 0 0 0 0 0 0 
377 8 0 0 0 0 0 0 0 0 0 0 0 
378 8 0 0 0 0 0 0 0 0 0 0 0 
379 8 0 0 0 0 0 0 0 0 0 0 0 
380 8 0 0 0 0 0 0 0 0 0 0 0 
381 8 32 0 0 0 0 0 0 0 0 0 0 
382 8 33 0 0 0 0 0 0 0 0 0 0 
383 8 0 0 0 0 0 0 0 0 0 0 0 
384 8 0 0 0 0 0 0 0 0 0 0 0 
385 8 0 0 0 0 0 0 0 0 0 0 0 
386 8 0 0 0 0 0 0 0 0 0 0 0 
387 8 0 0 0 0 0 0 0 0 0 0 0 
388 8 0 0 0 0 0 0 0 0 0 0 0 
389 8 0 0 0 0 0 0 0 0 0 0 0 
390 8 0 0 0 0 0 0 0 0 0 0 0 
391 8 0 0 0 0 0 0 0 0 0 0 0 
392 8 0 0 0 0 0 0 0 0 0 0 0 
393 8 0 0 0 0 0 0 0 0 0 0 0 
394 8 0 0 0 0 0 0 0 0 0 0 0 
395 8 0 0 0 0 0 0 0 0 0 0 0 
396 8 0 0 0 0 0 0 0 0 0 0 0 
397 8 0 0 0 0 0 0 0 0 0 0 0 
398 8 0 0 0 0 0 0 0 0 0 0 0 
399 8 0 0 0 0 0 0 0 0 0 0 0 
400 8 0 0 0 0 0 0 0 0 0 0 0 
401 8 0 0 0 0 0 0 0 0 0 0 0 
402 8 0 0 0 0 0 0 0 0 0 0 0 
403 8 0 0 0 0 0 0 0 0 0 0 0 
404 8 0 0 0 0 0 0 0 0 0 0 0 
405 8 0 0 0 0 0 0 0 0 0 0 0 
406 8 0 0 0 0 0 0 0 0 0 0 0 
407 8 0 0 0 0 0 0 0 0 0 0 0 
408 8 0 0 0 0 0 0 0 0 0 0 0 
409 8 0 0 0 0 0 0 0 0 0 0 0 
410 8 0 0 0 0 0 0 0 0 0 0 0 
411 8 0 0 0 0 0 0 0 0 0 0 0 
412 8 0 0 0 0 0 0 0 0 0 0 0 
413 8 0 0 0 0 0 0 0 0 0 0 0 
414 8 0 0 0 0 0 0 0 0 0 0 0 
415 8 0 0 0 0 0 0 0 0 0 0 0 
416 8 0 0 0 0 0 0 0 0 0 0 0 
417 8 0 0 0 0 0 0 0 0 0 0 0 
418 8 0 0 0 0 0 0 0 0 0 0 0 
419 8 0 0 0 0 0 0 0 0 0 0 0 
420 8 0 0 0 0 0 0 0 0 0 0 0 
421 8 0 0 0 0 0 0 0 0 0 0 0 
422 8 0 0 0 0 0 0 0 0 0 0 0 
423 8 0 0 0 0 0 0 0 0 0 0 0 
424 8 0 0 0 0 0 0 0 0 0 0 0 
425 8 0 0 0 0 0 0 0 0 0 0 0 
426 8 0 0 0 0 0 0 0 0 0 0 0 
427 8 0 0 0 0 0 0 0 0 0 0 0 
428 8 0 0 0 0 0 0 0 0 0 0 0 
429 8 0 0 0 0 0 0 0 0 0 0 0 
430 8 0 0 0 0 0 0 0 0 0 0 0 
431 8 40 0 0 0 0 0 0 0 0 0 0 
432 8 41 0 0 0 0 0 0 0 0 0 0 
433 8 -1 40 34 0 0 1 27 0 0 13 8 
434 8 -1 16 23 0 0 27 21 0 0 13 42 
435 8 0 0 0 0 0 0 0 0 0 0 0 
436 8 0 0 0 0 0 0 0 0 0 0 0 
437 8 0 0 0 0 0 0 0 0 0 0 0 
438 8 0 0 0 0 0 0 0 0 0 0 0 
439 8 48 0 0 0 0 0 0 0 0 0 0 
440 8 -1 36 35 0 0 26 6 0 0 16 -58 
441 8 -1 31 30 0 0 10 1 0 0 16 -65 
442 8 -1 3 6 0 0 33 20 0 0 18 31 
443 8 -1 20 2 11 16 42 21 3 26 32 -2665 
444 8 59 0 0 0 0 0 0 0 0 0 0 
445 8 0 0 0 0 0 0 0 0 0 0 0 
446 8 0 0 0 0 0 0 0 0 0 0 0 
447 8 0 0 0 0 0 0 0 0 0 0 0 
448 8 0 0 0 0 0 0 0 0 0 0 0 
449 8 0 0 0 0 0 0 0 0 0 0 0 
450 8 0 0 0 0 0 0 0 0 0 0 0 
451 8 0 0 0 0 0 0 0 0 0 0 0 
452 8 0 0 0 0 0 0 0 0 0 0 0 
453 8 0 0 0 0 0 0 0 0 0 0 0 
454 8 0 0 0 0 0 0 0 0 0 0 0 
455 8 0 0 0 0 0 0 0 0 0 0 0 
456 8 0 0 0 0 0 0 0 0 0 0 0 
457 8 0 0 0 0 0 0 0 0 0 0 0 
458 8 0 0 0 0 0 0 0 0 0 0 0 
459 8 -1 4 22 4 4 42 38 1 4 32 -276 
460 8 -1 16 15 22 1 44 17 3 10 32 -600 
461 8 -1 16 17 13 0 30 31 9 3 32 -1192 
462 8 -1 0 1 0 0 13 40 0 0 1 11 
463 8 78 0 0 0 0 0 0 0 0 0 0 
464 8 -1 31 45 0 0 17 40 0 0 12 -1 
465 8 -1 18 11 12 3 38 32 9 8 32 -1494 
466 8 -1 46 1 0 0 5 43 0 0 1 7 
467 8 88 0 0 0 0 0 0 0 0 0 0 
468 8 89 0 0 0 0 0 0 0 0 0 0 
469 8 0 0 0 0 0 0 0 0 0 0 0 
470 8 0 0 0 0 0 0 0 0 0 0 0 
471 8 -1 7 17 0 0 37 21 0 0 4 111 
472 8 -1 18 0 13 1 36 30 7 7 32 -1206 
473 8 98 0 0 0 0 0 0 0 0 0 0 
474 8 -1 2 13 11 7 26 33 16 1 32 2260 
475 8 0 0 0 0 0 0 0 0 0 0 0 
476 8 0 0 0 0 0 0 0 0 0 0 0 
477 8 -1 9 11 11 4 21 27 21 6 32 -2349 
478 8 104 0 0 0 0 0 0 0 0 0 0 
479 8 0 0 0 0 0 0 0 0 0 0 0 
480 8 0 0 0 0 0 0 0 0 0 0 0 
481 8 0 0 0 0 0 0 0 0 0 0 0 
482 8 0 0 0 0 0 0 0 0 0 0 0 
483 8 106 0 0 0 0 0 0 0 0 0 0 
484 8 107 0 0 0 0 0 0 0 0 0 0 
485 8 0 0 0 0 0 0 0 0 0 0 0 
486 8 0 0 0 0 0 0 0 0 0 0 0 
487 8 0 0 0 0 0 0 0 0 0 0 0 
488 8 0 0 0 0 0 0 0 0 0 0 0 
489 8 0 0 0 0 0 0 0 0 0 0 0 
490 8 0 0 0 0 0 0 0 0 0 0 0 
491 8 0 0 0 0 0 0 0 0 0 0 0 
492 8 0 0 0 0 0 0 0 0 0 0 0 
493 8 0 0 0 0 0 0 0 0 0 0 0 
494 8 0 0 0 0 0 0 0 0 0 0 0 
495 8 111 0 0 0 0 0 0 0 0 0 0 
496 8 112 0 0 0 0 0 0 0 0 0 0 
497 8 0 0 0 0 0 0 0 0 0 0 0 
498 8 0 0 0 0 0 0 0 0 0 0 0 
499 8 0 0 0 0 0 0 0 0 0 0 0 
500 8 0 0 0 0 0 0 0 0 0 0 0 
501 8 0 0 0 0 0 0 0 0 0 0 0 
502 8 0 0 0 0 0 0 0 0 0 0 0 
503 8 0 0 0 0 0 0 0 0 0 0 0 
504 8 0 0 0 0 0 0 0 0 0 0 0 
505 8 0 0 0 0 0 0 0 0 0 0 0 
506 8 0 0 0 0 0 0 0 0 0 0 0 
507 8 0 0 0 0 0 0 0 0 0 0 0 
508 8 0 0 0 0 0 0 0 0 0 0 0 
509 8 0 0 0 0 0 0 0 0 0 0 0 
510 8 0 0 0 0 0 0 0 0 0 0 0 
511 9 0 0 0 0 0 0 0 0 0 0 0 
512 9 0 0 0 0 0 0 0 0 0 0 0 
513 9 0 0 0 0 0 0 0 0 0 0 0 
514 9 0 0 0 0 0 0 0 0 0 0 0 
515 9 0 0 0 0 0 0 0 0 0 0 0 
516 9 0 0 0 0 0 0 0 0 0 0 0 
517 9 0 0 0 0 0 0 0 0 0 0 0 
518 9 0 0 0 0 0 0 0 0 0 0 0 
519 9 0 0 0 0 0 0 0 0 0 0 0 
520 9 0 0 0 0 0 0 0 0 0 0 0 
521 9 0 0 0 0 0 0 0 0 0 0 0 
522 9 0 0 0 0 0 0 0 0 0 0 0 
523 9 0 0 0 0 0 0 0 0 0 0 0 
524 9 0 0 0 0 0 0 0 0 0 0 0 
525 9 0 0 0 0 0 0 0 0 0 0 0 
526 9 0 0 0 0 0 0 0 0 0 0 0 
527 9 0 0 0 0 0 0 0 0 0 0 0 
528 9 0 0 0 0 0 0 0 0 0 0 0 
529 9 0 0 0 0 0 0 0 0 0 0 0 
530 9 0 0 0 0 0 0 0 0 0 0 0 
531 9 0 0 0 0 0 0 0 0 0 0 0 
532 9 0 0 0 0 0 0 0 0 0 0 0 
533 9 0 0 0 0 0 0 0 0 0 0 0 
534 9 0 0 0 0 0 0 0 0 0 0 0 
535 9 0 0 0 0 0 0 0 0 0 0 0 
536 9 0 0 0 0 0 0 0 0 0 0 0 
537 9 0 0 0 0 0 0 0 0 0 0 0 
538 9 0 0 0 0 0 0 0 0 0 0 0 
539 9 0 0 0 0 0 0 0 0 0 0 0 
540 9 0 0 0 0 0 0 0 0 0 0 0 
541 9 0 0 0 0 0 0 0 0 0 0 0 
542 9 0 0 0 0 0 0 0 0 0 0 0 
543 9 0 0 0 0 0 0 0 0 0 0 0 
544 9 0 0 0 0 0 0 0 0 0 0 0 
545 9 0 0 0 0 0 0 0 0 0 0 0 
546 9 0 0 0 0 0 0 0 0 0 0 0 
547 9 0 0 0 0 0 0 0 0 0 0 0 
548 9 0 0 0 0 0 0 0 0 0 0 0 
549 9 0 0 0 0 0 0 0 0 0 0 0 
550 9 0 0 0 0 0 0 0 0 0 0 0 
551 9 0 0 0 0 0 0 0 0 0 0 0 
552 9 0 0 0 0 0 0 0 0 0 0 0 
553 9 0 0 0 0 0 0 0 0 0 0 0 
554 9 0 0 0 0 0 0 0 0 0 0 0 
555 9 0 0 0 0 0 0 0 0 0 0 0 
556 9 0 0 0 0 0 0 0 0 0 0 0 
557 9 0 0 0 0 0 0 0 0 0 0 0 
558 9 0 0 0 0 0 0 0 0 0 0 0 
559 9 0 0 0 0 0 0 0 0 0 0 0 
560 9 0 0 0 0 0 0 0 0 0 0 0 
561 9 0 0 0 0 0 0 0 0 0 0 0 
562 9 0 0 0 0 0 0 0 0 0 0 0 
563 9 0 0 0 0 0 0 0 0 0 0 0 
564 9 0 0 0 0 0 0 0 0 0 0 0 
565 9 0 0 0 0 0 0 0 0 0 0 0 
566 9 0 0 0 0 0 0 0 0 0 0 0 
567 9 0 0 0 0 0 0 0 0 0 0 0 
568 9 0 0 0 0 0 0 0 0 0 0 0 
569 9 0 0 0 0 0 0 0 0 0 0 0 
570 9 0 0 0 0 0 0 0 0 0 0 0 
571 9 0 0 0 0 0 0 0 0 0 0 0 
572 9 0 0 0 0 0 0 0 0 0 0 0 
573 9 0 0 0 0 0 0 0 0 0 0 0 
574 9 0 0 0 0 0 0 0 0 0 0 0 
575 9 0 0 0 0 0 0 0 0 0 0 0 
576 9 0 0 0 0 0 0 0 0 0 0 0 
577 9 0 0 0 0 0 0 0 0 0 0 0 
578 9 0 0 0 0 0 0 0 0 0 0 0 
579 9 0 0 0 0 0 0 0 0 0 0 0 
580 9 0 0 0 0 0 0 0 0 0 0 0 
581 9 0 0 0 0 0 0 0 0 0 0 0 
582 9 0 0 0 0 0 0 0 0 0 0 0 
583 9 0 0 0 0 0 0 0 0 0 0 0 
584 9 0 0 0 0 0 0 0 0 0 0 0 
585 9 0 0 0 0 0 0 0 0 0 0 0 
586 9 0 0 0 0 0 0 0 0 0 0 0 
587 9 0 0 0 0 0 0 0 0 0 0 0 
588 9 0 0 0 0 0 0 0 0 0 0 0 
589 9 0 0 0 0 0 0 0 0 0 0 0 
590 9 0 0 0 0 0 0 0 0 0 0 0 
591 9 0 0 0 0 0 0 0 0 0 0 0 
592 9 0 0 0 0 0 0 0 0 0 0 0 
593 9 0 0 0 0 0 0 0 0 0 0 0 
594 9 0 0 0 0 0 0 0 0 0 0 0 
595 9 0 0 0 0 0 0 0 0 0 0 0 
596 9 0 0 0 0 0 0 0 0 0 0 0 
597 9 0 0 0 0 0 0 0 0 0 0 0 
598 9 0 0 0 0 0 0 0 0 0 0 0 
599 9 0 0 0 0 0 0 0 0 0 0 0 
600 9 0 0 0 0 0 0 0 0 0 0 0 
601 9 0 0 0 0 0 0 0 0 0 0 0 
602 9 0 0 0 0 0 0 0 0 0 0 0 
603 9 0 0 0 0 0 0 0 0 0 0 0 
604 9 0 0 0 0 0 0 0 0 0 0 0 
605 9 0 0 0 0 0 0 0 0 0 0 0 
606 9 0 0 0 0 0 0 0 0 0 0 0 
607 9 0 0 0 0 0 0 0 0 0 0 0 
608 9 0 0 0 0 0 0 0 0 0 0 0 
609 9 0 0 0 0 0 0 0 0 0 0 0 
610 9 0 0 0 0 0 0 0 0 0 0 0 
611 9 0 0 0 0 0 0 0 0 0 0 0 
612 9 0 0 0 0 0 0 0 0 0 0 0 
613 9 0 0 0 0 0 0 0 0 0 0 0 
614 9 0 0 0 0 0 0 0 0 0 0 0 
615 9 0 0 0 0 0 0 0 0 0 0 0 
616 9 0 0 0 0 0 0 0 0 0 0 0 
617 9 0 0 0 0 0 0 0 0 0 0 0 
618 9 0 0 0 0 0 0 0 0 0 0 0 
619 9 0 0 0 0 0 0 0 0 0 0 0 
620 9 0 0 0 0 0 0 0 0 0 0 0 
621 9 0 0 0 0 0 0 0 0 0 0 0 
622 9 0 0 0 0 0 0 0 0 0 0 0 
623 9 0 0 0 0 0 0 0 0 0 0 0 
624 9 0 0 0 0 0 0 0 0 0 0 0 
625 9 0 0 0 0 0 0 0 0 0 0 0 
626 9 0 0 0 0 0 0 0 0 0 0 0 
627 9 0 0 0 0 0 0 0 0 0 0 0 
628 9 0 0 0 0 0 0 0 0 0 0 0 
629 9 0 0 0 0 0 0 0 0 0 0 0 
630 9 0 0 0 0 0 0 0 0 0 0 0 
631 9 0 0 0 0 0 0 0 0 0 0 0 
632 9 0 0 0 0 0 0 0 0 0 0 0 
633 9 0 0 0 0 0 0 0 0 0 0 0 
634 9 0 0 0 0 0 0 0 0 0 0 0 
635 9 0 0 0 0 0 0 0 0 0 0 0 
636 9 0 0 0 0 0 0 0 0 0 0 0 
637 9 0 0 0 0 0 0 0 0 0 0 0 
638 9 0 0 0 0 0 0 0 0 0 0 0 
639 9 0 0 0 0 0 0 0 0 0 0 0 
640 9 0 0 0 0 0 0 0 0 0 0 0 
641 9 0 0 0 0 0 0 0 0 0 0 0 
642 9 0 0 0 0 0 0 0 0 0 0 0 
643 9 0 0 0 0 0 0 0 0 0 0 0 
644 9 0 0 0 0 0 0 0 0 0 0 0 
645 9 0 0 0 0 0 0 0 0 0 0 0 
646 9 0 0 0 0 0 0 0 0 0 0 0 
647 9 0 0 0 0 0 0 0 0 0 0 0 
648 9 0 0 0 0 0 0 0 0 0 0 0 
649 9 0 0 0 0 0 0 0 0 0 0 0 
650 9 0 0 0 0 0 0 0 0 0 0 0 
651 9 0 0 0 0 0 0 0 0 0 0 0 
652 9 0 0 0 0 0 0 0 0 0 0 0 
653 9 0 0 0 0 0 0 0 0 0 0 0 
654 9 0 0 0 0 0 0 0 0 0 0 0 
655 9 0 0 0 0 0 0 0 0 0 0 0 
656 9 0 0 0 0 0 0 0 0 0 0 0 
657 9 0 0 0 0 0 0 0 0 0 0 0 
658 9 0 0 0 0 0 0 0 0 0 0 0 
659 9 0 0 0 0 0 0 0 0 0 0 0 
660 9 0 0 0 0 0 0 0 0 0 0 0 
661 9 0 0 0 0 0 0 0 0 0 0 0 
662 9 0 0 0 0 0 0 0 0 0 0 0 
663 9 0 0 0 0 0 0 0 0 0 0 0 
664 9 0 0 0 0 0 0 0 0 0 0 0 
665 9 0 0 0 0 0 0 0 0 0 0 0 
666 9 0 0 0 0 0 0 0 0 0 0 0 
667 9 0 0 0 0 0 0 0 0 0 0 0 
668 9 0 0 0 0 0 0 0 0 0 0 0 
669 9 0 0 0 0 0 0 0 0 0 0 0 
670 9 0 0 0 0 0 0 0 0 0 0 0 
671 9 0 0 0 0 0 0 0 0 0 0 0 
672 9 0 0 0 0 0 0 0 0 0 0 0 
673 9 0 0 0 0 0 0 0 0 0 0 0 
674 9 0 0 0 0 0 0 0 0 0 0 0 
675 9 0 0 0 0 0 0 0 0 0 0 0 
676 9 0 0 0 0 0 0 0 0 0 0 0 
677 9 0 0 0 0 0 0 0 0 0 0 0 
678 9 0 0 0 0 0 0 0 0 0 0 0 
679 9 -1 17 19 5 18 39 44 4 1 32 5763 
680 9 -1 44 4 0 0 24 30 0 0 3 -60 
681 9 -1 2 39 0 0 22 17 0 0 1 -17 
682 9 -1 3 16 14 21 37 43 7 1 32 28124 
683 9 0 0 0 0 0 0 0 0 0 0 0 
684 9 0 0 0 0 0 0 0 0 0 0 0 
685 9 0 0 0 0 0 0 0 0 0 0 0 
686 9 0 0 0 0 0 0 0 0 0 0 0 
687 9 0 0 0 0 0 0 0 0 0 0 0 
688 9 0 0 0 0 0 0 0 0 0 0 0 
689 9 0 0 0 0 0 0 0 0 0 0 0 
690 9 0 0 0 0 0 0 0 0 0 0 0 
691 9 0 0 0 0 0 0 0 0 0 0 0 
692 9 0 0 0 0 0 0 0 0 0 0 0 
693 9 0 0 0 0 0 0 0 0 0 0 0 
694 9 0 0 0 0 0 0 0 0 0 0 0 
695 9 0 0 0 0 0 0 0 0 0 0 0 
696 9 0 0 0 0 0 0 0 0 0 0 0 
697 9 0 0 0 0 0 0 0 0 0 0 0 
698 9 0 0 0 0 0 0 0 0 0 0 0 
699 9 0 0 0 0 0 0 0 0 0 0 0 
700 9 0 0 0 0 0 0 0 0 0 0 0 
701 9 0 0 0 0 0 0 0 0 0 0 0 
702 9 0 0 0 0 0 0 0 0 0 0 0 
703 9 0 0 0 0 0 0 0 0 0 0 0 
704 9 0 0 0 0 0 0 0 0 0 0 0 
705 9 0 0 0 0 0 0 0 0 0 0 0 
706 9 0 0 0 0 0 0 0 0 0 0 0 
707 9 0 0 0 0 0 0 0 0 0 0 0 
708 9 0 0 0 0 0 0 0 0 0 0 0 
709 9 0 0 0 0 0 0 0 0 0 0 0 
710 9 0 0 0 0 0 0 0 0 0 0 0 
711 9 0 0 0 0 0 0 0 0 0 0 0 
712 9 0 0 0 0 0 0 0 0 0 0 0 
713 9 0 0 0 0 0 0 0 0 0 0 0 
714 9 0 0 0 0 0 0 0 0 0 0 0 
715 9 0 0 0 0 0 0 0 0 0 0 0 
716 9 0 0 0 0 0 0 0 0 0 0 0 
717 9 0 0 0 0 0 0 0 0 0 0 0 
718 9 0 0 0 0 0 0 0 0 0 0 0 
719 9 0 0 0 0 0 0 0 0 0 0 0 
720 9 0 0 0 0 0 0 0 0 0 0 0 
721 9 0 0 0 0 0 0 0 0 0 0 0 
722 9 0 0 0 0 0 0 0 0 0 0 0 
723 9 0 0 0 0 0 0 0 0 0 0 0 
724 9 0 0 0 0 0 0 0 0 0 0 0 
725 9 0 0 0 0 0 0 0 0 0 0 0 
726 9 0 0 0 0 0 0 0 0 0 0 0 
727 9 0 0 0 0 0 0 0 0 0 0 0 
728 9 0 0 0 0 0 0 0 0 0 0 0 
729 9 0 0 0 0 0 0 0 0 0 0 0 
730 9 0 0 0 0 0 0 0 0 0 0 0 
731 9 0 0 0 0 0 0 0 0 0 0 0 
732 9 0 0 0 0 0 0 0 0 0 0 0 
733 9 0 0 0 0 0 0 0 0 0 0 0 
734 9 0 0 0 0 0 0 0 0 0 0 0 
735 9 0 0 0 0 0 0 0 0 0 0 0 
736 9 0 0 0 0 0 0 0 0 0 0 0 
737 9 0 0 0 0 0 0 0 0 0 0 0 
738 9 0 0 0 0 0 0 0 0 0 0 0 
739 9 0 0 0 0 0 0 0 0 0 0 0 
740 9 0 0 0 0 0 0 0 0 0 0 0 
741 9 0 0 0 0 0 0 0 0 0 0 0 
742 9 0 0 0 0 0 0 0 0 0 0 0 
743 9 21 0 0 0 0 0 0 0 0 0 0 
744 9 22 0 0 0 0 0 0 0 0 0 0 
745 9 0 0 0 0 0 0 0 0 0 0 0 
746 9 0 0 0 0 0 0 0 0 0 0 0 
747 9 -1 25 31 0 0 45 5 0 0 15 2 
748 9 -1 9 15 0 0 7 10 0 0 0 1 
749 9 0 0 0 0 0 0 0 0 0 0 0 
750 9 0 0 0 0 0 0 0 0 0 0 0 
751 9 0 0 0 0 0 0 0 0 0 0 0 
752 9 0 0 0 0 0 0 0 0 0 0 0 
753 9 0 0 0 0 0 0 0 0 0 0 0 
754 9 0 0 0 0 0 0 0 0 0 0 0 
755 9 0 0 0 0 0 0 0 0 0 0 0 
756 9 0 0 0 0 0 0 0 0 0 0 0 
757 9 0 0 0 0 0 0 0 0 0 0 0 
758 9 0 0 0 0 0 0 0 0 0 0 0 
759 9 0 0 0 0 0 0 0 0 0 0 0 
760 9 0 0 0 0 0 0 0 0 0 0 0 
761 9 0 0 0 0 0 0 0 0 0 0 0 
762 9 0 0 0 0 0 0 0 0 0 0 0 
763 9 0 0 0 0 0 0 0 0 0 0 0 
764 9 0 0 0 0 0 0 0 0 0 0 0 
765 9 0 0 0 0 0 0 0 0 0 0 0 
766 9 0 0 0 0 0 0 0 0 0 0 0 
767 9 0 0 0 0 0 0 0 0 0 0 0 
768 9 0 0 0 0 0 0 0 0 0 0 0 
769 9 0 0 0 0 0 0 0 0 0 0 0 
770 9 0 0 0 0 0 0 0 0 0 0 0 
771 9 0 0 0 0 0 0 0 0 0 0 0 
772 9 0 0 0 0 0 0 0 0 0 0 0 
773 9 0 0 0 0 0 0 0 0 0 0 0 
774 9 0 0 0 0 0 0 0 0 0 0 0 
775 9 0 0 0 0 0 0 0 0 0 0 0 
776 9 0 0 0 0 0 0 0 0 0 0 0 
777 9 0 0 0 0 0 0 0 0 0 0 0 
778 9 0 0 0 0 0 0 0 0 0 0 0 
779 9 0 0 0 0 0 0 0 0 0 0 0 
780 9 0 0 0 0 0 0 0 0 0 0 0 
781 9 0 0 0 0 0 0 0 0 0 0 0 
782 9 0 0 0 0 0 0 0 0 0 0 0 
783 9 0 0 0 0 0 0 0 0 0 0 0 
784 9 0 0 0 0 0 0 0 0 0 0 0 
785 9 0 0 0 0 0 0 0 0 0 0 0 
786 9 0 0 0 0 0 0 0 0 0 0 0 
787 9 0 0 0 0 0 0 0 0 0 0 0 
788 9 0 0 0 0 0 0 0 0 0 0 0 
789 9 0 0 0 0 0 0 0 0 0 0 0 
790 9 0 0 0 0 0 0 0 0 0 0 0 
791 9 0 0 0 0 0 0 0 0 0 0 0 
792 9 0 0 0 0 0 0 0 0 0 0 0 
793 9 0 0 0 0 0 0 0 0 0 0 0 
794 9 0 0 0 0 0 0 0 0 0 0 0 
795 9 0 0 0 0 0 0 0 0 0 0 0 
796 9 0 0 0 0 0 0 0 0 0 0 0 
797 9 0 0 0 0 0 0 0 0 0 0 0 
798 9 0 0 0 0 0 0 0 0 0 0 0 
799 9 0 0 0 0 0 0 0 0 0 0 0 
800 9 0 0 0 0 0 0 0 0 0 0 0 
801 9 0 0 0 0 0 0 0 0 0 0 0 
802 9 0 0 0 0 0 0 0 0 0 0 0 
803 9 0 0 0 0 0 0 0 0 0 0 0 
804 9 0 0 0 0 0 0 0 0 0 0 0 
805 9 0 0 0 0 0 0 0 0 0 0 0 
806 9 0 0 0 0 0 0 0 0 0 0 0 
807 9 0 0 0 0 0 0 0 0 0 0 0 
808 9 0 0 0 0 0 0 0 0 0 0 0 
809 9 0 0 0 0 0 0 0 0 0 0 0 
810 9 0 0 0 0 0 0 0 0 0 0 0 
811 9 0 0 0 0 0 0 0 0 0 0 0 
812 9 0 0 0 0 0 0 0 0 0 0 0 
813 9 0 0 0 0 0 0 0 0 0 0 0 
814 9 0 0 0 0 0 0 0 0 0 0 0 
815 9 0 0 0 0 0 0 0 0 0 0 0 
816 9 0 0 0 0 0 0 0 0 0 0 0 
817 9 0 0 0 0 0 0 0 0 0 0 0 
818 9 0 0 0 0 0 0 0 0 0 0 0 
819 9 0 0 0 0 0 0 0 0 0 0 0 
820 9 0 0 0 0 0 0 0 0 0 0 0 
821 9 0 0 0 0 0 0 0 0 0 0 0 
822 9 0 0 0 0 0 0 0 0 0 0 0 
823 9 0 0 0 0 0 0 0 0 0 0 0 
824 9 0 0 0 0 0 0 0 0 0 0 0 
825 9 0 0 0 0 0 0 0 0 0 0 0 
826 9 0 0 0 0 0 0 0 0 0 0 0 
827 9 0 0 0 0 0 0 0 0 0 0 0 
828 9 0 0 0 0 0 0 0 0 0 0 0 
829 9 0 0 0 0 0 0 0 0 0 0 0 
830 9 0 0 0 0 0 0 0 0 0 0 0 
831 9 0 0 0 0 0 0 0 0 0 0 0 
832 9 0 0 0 0 0 0 0 0 0 0 0 
833 9 0 0 0 0 0 0 0 0 0 0 0 
834 9 0 0 0 0 0 0 0 0 0 0 0 
835 9 0 0 0 0 0 0 0 0 0 0 0 
836 9 0 0 0 0 0 0 0 0 0 0 0 
837 9 0 0 0 0 0 0 0 0 0 0 0 
838 9 0 0 0 0 0 0 0 0 0 0 0 
839 9 0 0 0 0 0 0 0 0 0 0 0 
840 9 0 0 0 0 0 0 0 0 0 0 0 
841 9 0 0 0 0 0 0 0 0 0 0 0 
842 9 0 0 0 0 0 0 0 0 0 0 0 
843 9 0 0 0 0 0 0 0 0 0 0 0 
844 9 0 0 0 0 0 0 0 0 0 0 0 
845 9 0 0 0 0 0 0 0 0 0 0 0 
846 9 0 0 0 0 0 0 0 0 0 0 0 
847 9 0 0 0 0 0 0 0 0 0 0 0 
848 9 0 0 0 0 0 0 0 0 0 0 0 
849 9 0 0 0 0 0 0 0 0 0 0 0 
850 9 0 0 0 0 0 0 0 0 0 0 0 
851 9 0 0 0 0 0 0 0 0 0 0 0 
852 9 0 0 0 0 0 0 0 0 0 0 0 
853 9 0 0 0 0 0 0 0 0 0 0 0 
854 9 0 0 0 0 0 0 0 0 0 0 0 
855 9 0 0 0 0 0 0 0 0 0 0 0 
856 9 0 0 0 0 0 0 0 0 0 0 0 
857 9 0 0 0 0 0 0 0 0 0 0 0 
858 9 0 0 0 0 0 0 0 0 0 0 0 
859 9 0 0 0 0 0 0 0 0 0 0 0 
860 9 0 0 0 0 0 0 0 0 0 0 0 
861 9 0 0 0 0 0 0 0 0 0 0 0 
862 9 0 0 0 0 0 0 0 0 0 0 0 
863 9 0 0 0 0 0 0 0 0 0 0 0 
864 9 0 0 0 0 0 0 0 0 0 0 0 
865 9 0 0 0 0 0 0 0 0 0 0 0 
866 9 0 0 0 0 0 0 0 0 0 0 0 
867 9 42 0 0 0 0 0 0 0 0 0 0 
868 9 -1 30 40 0 0 41 8 0 0 1 26 
869 9 45 0 0 0 0 0 0 0 0 0 0 
870 9 46 0 0 0 0 0 0 0 0 0 0 
871 9 0 0 0 0 0 0 0 0 0 0 0 
872 9 0 0 0 0 0 0 0 0 0 0 0 
873 9 0 0 0 0 0 0 0 0 0 0 0 
874 9 0 0 0 0 0 0 0 0 0 0 0 
875 9 0 0 0 0 0 0 0 0 0 0 0 
876 9 0 0 0 0 0 0 0 0 0 0 0 
877 9 0 0 0 0 0 0 0 0 0 0 0 
878 9 0 0 0 0 0 0 0 0 0 0 0 
879 9 0 0 0 0 0 0 0 0 0 0 0 
880 9 0 0 0 0 0 0 0 0 0 0 0 
881 9 49 0 0 0 0 0 0 0 0 0 0 
882 9 50 0 0 0 0 0 0 0 0 0 0 
883 9 51 0 0 0 0 0 0 0 0 0 0 
884 9 -1 16 25 0 0 46 7 0 0 8 -28 
885 9 -1 45 13 0 0 36 36 0 0 4 -45 
886 9 56 0 0 0 0 0 0 0 0 0 0 
887 9 57 0 0 0 0 0 0 0 0 0 0 
888 9 58 0 0 0 0 0 0 0 0 0 0 
889 9 0 0 0 0 0 0 0 0 0 0 0 
890 9 0 0 0 0 0 0 0 0 0 0 0 
891 9 0 0 0 0 0 0 0 0 0 0 0 
892 9 0 0 0 0 0 0 0 0 0 0 0 
893 9 0 0 0 0 0 0 0 0 0 0 0 
894 9 0 0 0 0 0 0 0 0 0 0 0 
895 9 0 0 0 0 0 0 0 0 0 0 0 
896 9 0 0 0 0 0 0 0 0 0 0 0 
897 9 0 0 0 0 0 0 0 0 0 0 0 
898 9 0 0 0 0 0 0 0 0 0 0 0 
899 9 0 0 0 0 0 0 0 0 0 0 0 
900 9 0 0 0 0 0 0 0 0 0 0 0 
901 9 0 0 0 0 0 0 0 0 0 0 0 
902 9 0 0 0 0 0 0 0 0 0 0 0 
903 9 0 0 0 0 0 0 0 0 0 0 0 
904 9 0 0 0 0 0 0 0 0 0 0 0 
905 9 0 0 0 0 0 0 0 0 0 0 0 
906 9 0 0 0 0 0 0 0 0 0 0 0 
907 9 0 0 0 0 0 0 0 0 0 0 0 
908 9 0 0 0 0 0 0 0 0 0 0 0 
909 9 0 0 0 0 0 0 0 0 0 0 0 
910 9 0 0 0 0 0 0 0 0 0 0 0 
911 9 0 0 0 0 0 0 0 0 0 0 0 
912 9 0 0 0 0 0 0 0 0 0 0 0 
913 9 0 0 0 0 0 0 0 0 0 0 0 
914 9 0 0 0 0 0 0 0 0 0 0 0 
915 9 0 0 0 0 0 0 0 0 0 0 0 
916 9 0 0 0 0 0 0 0 0 0 0 0 
917 9 0 0 0 0 0 0 0 0 0 0 0 
918 9 0 0 0 0 0 0 0 0 0 0 0 
919 9 -1 44 42 0 0 23 36 0 0 0 9 
920 9 -1 3 20 15 10 19 34 10 13 32 29 
921 9 69 0 0 0 0 0 0 0 0 0 0 
922 9 -1 16 13 4 7 22 26 20 5 32 -2554 
923 9 72 0 0 0 0 0 0 0 0 0 0 
924 9 -1 5 21 3 18 33 39 4 8 32 -855 
925 9 -1 5 12 6 22 36 38 8 1 32 1180 
926 9 77 0 0 0 0 0 0 0 0 0 0 
927 9 0 0 0 0 0 0 0 0 0 0 0 
928 9 0 0 0 0 0 0 0 0 0 0 0 
929 9 79 0 0 0 0 0 0 0 0 0 0 
930 9 80 0 0 0 0 0 0 0 0 0 0 
931 9 -1 11 12 0 0 8 1 0 0 8 55 
932 9 -1 19 2 1 8 28 45 18 1 32 -608 
933 9 85 0 0 0 0 0 0 0 0 0 0 
934 9 -1 9 19 19 19 35 39 12 8 32 9045 
935 9 0 0 0 0 0 0 0 0 0 0 0 
936 9 0 0 0 0 0 0 0 0 0 0 0 
937 9 0 0 0 0 0 0 0 0 0 0 0 
938 9 0 0 0 0 0 0 0 0 0 0 0 
939 9 0 0 0 0 0 0 0 0 0 0 0 
940 9 0 0 0 0 0 0 0 0 0 0 0 
941 9 0 0 0 0 0 0 0 0 0 0 0 
942 9 0 0 0 0 0 0 0 0 0 0 0 
943 9 -1 18 14 2 15 30 30 10 3 32 -109 
944 9 93 0 0 0 0 0 0 0 0 0 0 
945 9 -1 9 9 9 12 31 28 2 3 32 2632 
946 9 -1 16 8 7 18 29 37 14 6 32 2820 
947 9 0 0 0 0 0 0 0 0 0 0 0 
948 9 0 0 0 0 0 0 0 0 0 0 0 
949 9 99 0 0 0 0 0 0 0 0 0 0 
950 9 100 0 0 0 0 0 0 0 0 0 0 
951 9 0 0 0 0 0 0 0 0 0 0 0 
952 9 0 0 0 0 0 0 0 0 0 0 0 
953 9 0 0 0 0 0 0 0 0 0 0 0 
954 9 0 0 0 0 0 0 0 0 0 0 0 
955 9 102 0 0 0 0 0 0 0 0 0 0 
956 9 103 0 0 0 0 0 0 0 0 0 0 
957 9 0 0 0 0 0 0 0 0 0 0 0 
958 9 0 0 0 0 0 0 0 0 0 0 0 
959 9 0 0 0 0 0 0 0 0 0 0 0 
960 9 0 0 0 0 0 0 0 0 0 0 0 
961 9 0 0 0 0 0 0 0 0 0 0 0 
962 9 0 0 0 0 0 0 0 0 0 0 0 
963 9 0 0 0 0 0 0 0 0 0 0 0 
964 9 0 0 0 0 0 0 0 0 0 0 0 
965 9 0 0 0 0 0 0 0 0 0 0 0 
966 9 0 0 0 0 0 0 0 0 0 0 0 
967 9 0 0 0 0 0 0 0 0 0 0 0 
968 9 0 0 0 0 0 0 0 0 0 0 0 
969 9 0 0 0 0 0 0 0 0 0 0 0 
970 9 0 0 0 0 0 0 0 0 0 0 0 
971 9 0 0 0 0 0 0 0 0 0 0 0 
972 9 0 0 0 0 0 0 0 0 0 0 0 
973 9 0 0 0 0 0 0 0 0 0 0 0 
974 9 0 0 0 0 0 0 0 0 0 0 0 
975 9 0 0 0 0 0 0 0 0 0 0 0 
976 9 0 0 0 0 0 0 0 0 0 0 0 
977 9 0 0 0 0 0 0 0 0 0 0 0 
978 9 0 0 0 0 0 0 0 0 0 0 0 
979 9 0 0 0 0 0 0 0 0 0 0 0 
980 9 0 0 0 0 0 0 0 0 0 0 0 
981 9 0 0 0 0 0 0 0 0 0 0 0 
982 9 0 0 0 0 0 0 0 0 0 0 0 
983 9 0 0 0 0 0 0 0 0 0 0 0 
984 9 0 0 0 0 0 0 0 0 0 0 0 
985 9 0 0 0 0 0 0 0 0 0 0 0 
986 9 0 0 0 0 0 0 0 0 0 0 0 
987 9 0 0 0 0 0 0 0 0 0 0 0 
988 9 0 0 0 0 0 0 0 0 0 0 0 
989 9 0 0 0 0 0 0 0 0 0 0 0 
990 9 0 0 0 0 0 0 0 0 0 0 0 
991 9 0 0 0 0 0 0 0 0 0 0 0 
992 9 0 0 0 0 0 0 0 0 0 0 0 
993 9 0 0 0 0 0 0 0 0 0 0 0 
994 9 0 0 0 0 0 0 0 0 0 0 0 
995 9 0 0 0 0 0 0 0 0 0 0 0 
996 9 0 0 0 0 0 0 0 0 0 0 0 
997 9 0 0 0 0 0 0 0 0 0 0 0 
998 9 0 0 0 0 0 0 0 0 0 0 0 
999 9 0 0 0 0 0 0 0 0 0 0 0 
1000 9 0 0 0 0 0 0 0 0 0 0 0 
1001 9 0 0 0 0 0 0 0 0 0 0 0 
1002 9 0 0 0 0 0 0 0 0 0 0 0 
1003 9 0 0 0 0 0 0 0 0 0 0 0 
1004 9 0 0 0 0 0 0 0 0 0 0 0 
1005 9 0 0 0 0 0 0 0 0 0 0 0 
1006 9 0 0 0 0 0 0 0 0 0 0 0 
1007 9 0 0 0 0 0 0 0 0 0 0 0 
1008 9 0 0 0 0 0 0 0 0 0 0 0 
1009 9 0 0 0 0 0 0 0 0 0 0 0 
1010 9 0 0 0 0 0 0 0 0 0 0 0 
1011 9 0 0 0 0 0 0 0 0 0 0 0 
1012 9 0 0 0 0 0 0 0 0 0 0 0 
1013 9 0 0 0 0 0 0 0 0 0 0 0 
1014 9 0 0 0 0 0 0 0 0 0 0 0 
1015 9 0 0 0 0 0 0 0 0 0 0 0 
1016 9 0 0 0 0 0 0 0 0 0 0 0 
1017 9 0 0 0 0 0 0 0 0 0 0 0 
1018 9 0 0 0 0 0 0 0 0 0 0 0 
1019 9 0 0 0 0 0 0 0 0 0 0 0 
1020 9 0 0 0 0 0 0 0 0 0 0 0 
1021 9 0 0 0 0 0 0 0 0 0 0 0 
1022 9 0 0 0 0 0 0 0 0 0 0 0 
1023 10 0 0 0 0 0 0 0 0 0 0 0 
1024 10 0 0 0 0 0 0 0 0 0 0 0 
1025 10 0 0 0 0 0 0 0 0 0 0 0 
1026 10 0 0 0 0 0 0 0 0 0 0 0 
1027 10 0 0 0 0 0 0 0 0 0 0 0 
1028 10 0 0 0 0 0 0 0 0 0 0 0 
1029 10 0 0 0 0 0 0 0 0 0 0 0 
1030 10 0 0 0 0 0 0 0 0 0 0 0 
1031 10 0 0 0 0 0 0 0 0 0 0 0 
1032 10 0 0 0 0 0 0 0 0 0 0 0 
1033 10 0 0 0 0 0 0 0 0 0 0 0 
1034 10 0 0 0 0 0 0 0 0 0 0 0 
1035 10 0 0 0 0 0 0 0 0 0 0 0 
1036 10 0 0 0 0 0 0 0 0 0 0 0 
1037 10 0 0 0 0 0 0 0 0 0 0 0 
1038 10 0 0 0 0 0 0 0 0 0 0 0 
1039 10 0 0 0 0 0 0 0 0 0 0 0 
1040 10 0 0 0 0 0 0 0 0 0 0 0 
1041 10 0 0 0 0 0 0 0 0 0 0 0 
1042 10 0 0 0 0 0 0 0 0 0 0 0 
1043 10 0 0 0 0 0 0 0 0 0 0 0 
1044 10 0 0 0 0 0 0 0 0 0 0 0 
1045 10 0 0 0 0 0 0 0 0 0 0 0 
1046 10 0 0 0 0 0 0 0 0 0 0 0 
1047 10 0 0 0 0 0 0 0 0 0 0 0 
1048 10 0 0 0 0 0 0 0 0 0 0 0 
1049 10 0 0 0 0 0 0 0 0 0 0 0 
1050 10 0 0 0 0 0 0 0 0 0 0 0 
1051 10 0 0 0 0 0 0 0 0 0 0 0 
1052 10 0 0 0 0 0 0 0 0 0 0 0 
1053 10 0 0 0 0 0 0 0 0 0 0 0 
1054 10 0 0 0 0 0 0 0 0 0 0 0 
1055 10 0 0 0 0 0 0 0 0 0 0 0 
1056 10 0 0 0 0 0 0 0 0 0 0 0 
1057 10 0 0 0 0 0 0 0 0 0 0 0 
1058 10 0 0 0 0 0 0 0 0 0 0 0 
1059 10 0 0 0 0 0 0 0 0 0 0 0 
1060 10 0 0 0 0 0 0 0 0 0 0 0 
1061 10 0 0 0 0 0 0 0 0 0 0 0 
1062 10 0 0 0 0 0 0 0 0 0 0 0 
1063 10 0 0 0 0 0 0 0 0 0 0 0 
1064 10 0 0 0 0 0 0 0 0 0 0 0 
1065 10 0 0 0 0 0 0 0 0 0 0 0 
1066 10 0 0 0 0 0 0 0 0 0 0 0 
1067 10 0 0 0 0 0 0 0 0 0 0 0 
1068 10 0 0 0 0 0 0 0 0 0 0 0 
1069 10 0 0 0 0 0 0 0 0 0 0 0 
1070 10 0 0 0 0 0 0 0 0 0 0 0 
1071 10 0 0 0 0 0 0 0 0 0 0 0 
1072 10 0 0 0 0 0 0 0 0 0 0 0 
1073 10 0 0 0 0 0 0 0 0 0 0 0 
1074 10 0 0 0 0 0 0 0 0 0 0 0 
1075 10 0 0 0 0 0 0 0 0 0 0 0 
1076 10 0 0 0 0 0 0 0 0 0 0 0 
1077 10 0 0 0 0 0 0 0 0 0 0 0 
1078 10 0 0 0 0 0 0 0 0 0 0 0 
1079 10 0 0 0 0 0 0 0 0 0 0 0 
1080 10 0 0 0 0 0 0 0 0 0 0 0 
1081 10 0 0 0 0 0 0 0 0 0 0 0 
1082 10 0 0 0 0 0 0 0 0 0 0 0 
1083 10 0 0 0 0 0 0 0 0 0 0 0 
1084 10 0 0 0 0 0 0 0 0 0 0 0 
1085 10 0 0 0 0 0 0 0 0 0 0 0 
1086 10 0 0 0 0 0 0 0 0 0 0 0 
1087 10 0 0 0 0 0 0 0 0 0 0 0 
1088 10 0 0 0 0 0 0 0 0 0 0 0 
1089 10 0 0 0 0 0 0 0 0 0 0 0 
1090 10 0 0 0 0 0 0 0 0 0 0 0 
1091 10 0 0 0 0 0 0 0 0 0 0 0 
1092 10 0 0 0 0 0 0 0 0 0 0 0 
1093 10 0 0 0 0 0 0 0 0 0 0 0 
1094 10 0 0 0 0 0 0 0 0 0 0 0 
1095 10 0 0 0 0 0 0 0 0 0 0 0 
1096 10 0 0 0 0 0 0 0 0 0 0 0 
1097 10 0 0 0 0 0 0 0 0 0 0 0 
1098 10 0 0 0 0 0 0 0 0 0 0 0 
1099 10 0 0 0 0 0 0 0 0 0 0 0 
1100 10 0 0 0 0 0 0 0 0 0 0 0 
1101 10 0 0 0 0 0 0 0 0 0 0 0 
1102 10 0 0 0 0 0 0 0 0 0 0 0 
1103 10 0 0 0 0 0 0 0 0 0 0 0 
1104 10 0 0 0 0 0 0 0 0 0 0 0 
1105 10 0 0 0 0 0 0 0 0 0 0 0 
1106 10 0 0 0 0 0 0 0 0 0 0 0 
1107 10 0 0 0 0 0 0 0 0 0 0 0 
1108 10 0 0 0 0 0 0 0 0 0 0 0 
1109 10 0 0 0 0 0 0 0 0 0 0 0 
1110 10 0 0 0 0 0 0 0 0 0 0 0 
1111 10 0 0 0 0 0 0 0 0 0 0 0 
1112 10 0 0 0 0 0 0 0 0 0 0 0 
1113 10 0 0 0 0 0 0 0 0 0 0 0 
1114 10 0 0 0 0 0 0 0 0 0 0 0 
1115 10 0 0 0 0 0 0 0 0 0 0 0 
1116 10 0 0 0 0 0 0 0 0 0 0 0 
1117 10 0 0 0 0 0 0 0 0 0 0 0 
1118 10 0 0 0 0 0 0 0 0 0 0 0 
1119 10 0 0 0 0 0 0 0 0 0 0 0 
1120 10 0 0 0 0 0 0 0 0 0 0 0 
1121 10 0 0 0 0 0 0 0 0 0 0 0 
1122 10 0 0 0 0 0 0 0 0 0 0 0 
1123 10 0 0 0 0 0 0 0 0 0 0 0 
1124 10 0 0 0 0 0 0 0 0 0 0 0 
1125 10 0 0 0 0 0 0 0 0 0 0 0 
1126 10 0 0 0 0 0 0 0 0 0 0 0 
1127 10 0 0 0 0 0 0 0 0 0 0 0 
1128 10 0 0 0 0 0 0 0 0 0 0 0 
1129 10 0 0 0 0 0 0 0 0 0 0 0 
1130 10 0 0 0 0 0 0 0 0 0 0 0 
1131 10 0 0 0 0 0 0 0 0 0 0 0 
1132 10 0 0 0 0 0 0 0 0 0 0 0 
1133 10 0 0 0 0 0 0 0 0 0 0 0 
1134 10 0 0 0 0 0 0 0 0 0 0 0 
1135 10 0 0 0 0 0 0 0 0 0 0 0 
1136 10 0 0 0 0 0 0 0 0 0 0 0 
1137 10 0 0 0 0 0 0 0 0 0 0 0 
1138 10 0 0 0 0 0 0 0 0 0 0 0 
1139 10 0 0 0 0 0 0 0 0 0 0 0 
1140 10 0 0 0 0 0 0 0 0 0 0 0 
1141 10 0 0 0 0 0 0 0 0 0 0 0 
1142 10 0 0 0 0 0 0 0 0 0 0 0 
1143 10 0 0 0 0 0 0 0 0 0 0 0 
1144 10 0 0 0 0 0 0 0 0 0 0 0 
1145 10 0 0 0 0 0 0 0 0 0 0 0 
1146 10 0 0 0 0 0 0 0 0 0 0 0 
1147 10 0 0 0 0 0 0 0 0 0 0 0 
1148 10 0 0 0 0 0 0 0 0 0 0 0 
1149 10 0 0 0 0 0 0 0 0 0 0 0 
1150 10 0 0 0 0 0 0 0 0 0 0 0 
1151 10 0 0 0 0 0 0 0 0 0 0 0 
1152 10 0 0 0 0 0 0 0 0 0 0 0 
1153 10 0 0 0 0 0 0 0 0 0 0 0 
1154 10 0 0 0 0 0 0 0 0 0 0 0 
1155 10 0 0 0 0 0 0 0 0 0 0 0 
1156 10 0 0 0 0 0 0 0 0 0 0 0 
1157 10 0 0 0 0 0 0 0 0 0 0 0 
1158 10 0 0 0 0 0 0 0 0 0 0 0 
1159 10 0 0 0 0 0 0 0 0 0 0 0 
1160 10 0 0 0 0 0 0 0 0 0 0 0 
1161 10 0 0 0 0 0 0 0 0 0 0 0 
1162 10 0 0 0 0 0 0 0 0 0 0 0 
1163 10 0 0 0 0 0 0 0 0 0 0 0 
1164 10 0 0 0 0 0 0 0 0 0 0 0 
1165 10 0 0 0 0 0 0 0 0 0 0 0 
1166 10 0 0 0 0 0 0 0 0 0 0 0 
1167 10 0 0 0 0 0 0 0 0 0 0 0 
1168 10 0 0 0 0 0 0 0 0 0 0 0 
1169 10 0 0 0 0 0 0 0 0 0 0 0 
1170 10 0 0 0 0 0 0 0 0 0 0 0 
1171 10 0 0 0 0 0 0 0 0 0 0 0 
1172 10 0 0 0 0 0 0 0 0 0 0 0 
1173 10 0 0 0 0 0 0 0 0 0 0 0 
1174 10 0 0 0 0 0 0 0 0 0 0 0 
1175 10 0 0 0 0 0 0 0 0 0 0 0 
1176 10 0 0 0 0 0 0 0 0 0 0 0 
1177 10 0 0 0 0 0 0 0 0 0 0 0 
1178 10 0 0 0 0 0 0 0 0 0 0 0 
1179 10 0 0 0 0 0 0 0 0 0 0 0 
1180 10 0 0 0 0 0 0 0 0 0 0 0 
1181 10 0 0 0 0 0 0 0 0 0 0 0 
1182 10 0 0 0 0 0 0 0 0 0 0 0 
1183 10 0 0 0 0 0 0 0 0 0 0 0 
1184 10 0 0 0 0 0 0 0 0 0 0 0 
1185 10 0 0 0 0 0 0 0 0 0 0 0 
1186 10 0 0 0 0 0 0 0 0 0 0 0 
1187 10 0 0 0 0 0 0 0 0 0 0 0 
1188 10 0 0 0 0 0 0 0 0 0 0 0 
1189 10 0 0 0 0 0 0 0 0 0 0 0 
1190 10 0 0 0 0 0 0 0 0 0 0 0 
1191 10 0 0 0 0 0 0 0 0 0 0 0 
1192 10 0 0 0 0 0 0 0 0 0 0 0 
1193 10 0 0 0 0 0 0 0 0 0 0 0 
1194 10 0 0 0 0 0 0 0 0 0 0 0 
1195 10 0 0 0 0 0 0 0 0 0 0 0 
1196 10 0 0 0 0 0 0 0 0 0 0 0 
1197 10 0 0 0 0 0 0 0 0 0 0 0 
1198 10 0 0 0 0 0 0 0 0 0 0 0 
1199 10 0 0 0 0 0 0 0 0 0 0 0 
1200 10 0 0 0 0 0 0 0 0 0 0 0 
1201 10 0 0 0 0 0 0 0 0 0 0 0 
1202 10 0 0 0 0 0 0 0 0 0 0 0 
1203 10 0 0 0 0 0 0 0 0 0 0 0 
1204 10 0 0 0 0 0 0 0 0 0 0 0 
1205 10 0 0 0 0 0 0 0 0 0 0 0 
1206 10 0 0 0 0 0 0 0 0 0 0 0 
1207 10 0 0 0 0 0 0 0 0 0 0 0 
1208 10 0 0 0 0 0 0 0 0 0 0 0 
1209 10 0 0 0 0 0 0 0 0 0 0 0 
1210 10 0 0 0 0 0 0 0 0 0 0 0 
1211 10 0 0 0 0 0 0 0 0 0 0 0 
1212 10 0 0 0 0 0 0 0 0 0 0 0 
1213 10 0 0 0 0 0 0 0 0 0 0 0 
1214 10 0 0 0 0 0 0 0 0 0 0 0 
1215 10 0 0 0 0 0 0 0 0 0 0 0 
1216 10 0 0 0 0 0 0 0 0 0 0 0 
1217 10 0 0 0 0 0 0 0 0 0 0 0 
1218 10 0 0 0 0 0 0 0 0 0 0 0 
1219 10 0 0 0 0 0 0 0 0 0 0 0 
1220 10 0 0 0 0 0 0 0 0 0 0 0 
1221 10 0 0 0 0 0 0 0 0 0 0 0 
1222 10 0 0 0 0 0 0 0 0 0 0 0 
1223 10 0 0 0 0 0 0 0 0 0 0 0 
1224 10 0 0 0 0 0 0 0 0 0 0 0 
1225 10 0 0 0 0 0 0 0 0 0 0 0 
1226 10 0 0 0 0 0 0 0 0 0 0 0 
1227 10 0 0 0 0 0 0 0 0 0 0 0 
1228 10 0 0 0 0 0 0 0 0 0 0 0 
1229 10 0 0 0 0 0 0 0 0 0 0 0 
1230 10 0 0 0 0 0 0 0 0 0 0 0 
1231 10 0 0 0 0 0 0 0 0 0 0 0 
1232 10 0 0 0 0 0 0 0 0 0 0 0 
1233 10 0 0 0 0 0 0 0 0 0 0 0 
1234 10 0 0 0 0 0 0 0 0 0 0 0 
1235 10 0 0 0 0 0 0 0 0 0 0 0 
1236 10 0 0 0 0 0 0 0 0 0 0 0 
1237 10 0 0 0 0 0 0 0 0 0 0 0 
1238 10 0 0 0 0 0 0 0 0 0 0 0 
1239 10 0 0 0 0 0 0 0 0 0 0 0 
1240 10 0 0 0 0 0 0 0 0 0 0 0 
1241 10 0 0 0 0 0 0 0 0 0 0 0 
1242 10 0 0 0 0 0 0 0 0 0 0 0 
1243 10 0 0 0 0 0 0 0 0 0 0 0 
1244 10 0 0 0 0 0 0 0 0 0 0 0 
1245 10 0 0 0 0 0 0 0 0 0 0 0 
1246 10 0 0 0 0 0 0 0 0 0 0 0 
1247 10 0 0 0 0 0 0 0 0 0 0 0 
1248 10 0 0 0 0 0 0 0 0 0 0 0 
1249 10 0 0 0 0 0 0 0 0 0 0 0 
1250 10 0 0 0 0 0 0 0 0 0 0 0 
1251 10 0 0 0 0 0 0 0 0 0 0 0 
1252 10 0 0 0 0 0 0 0 0 0 0 0 
1253 10 0 0 0 0 0 0 0 0 0 0 0 
1254 10 0 0 0 0 0 0 0 0 0 0 0 
1255 10 0 0 0 0 0 0 0 0 0 0 0 
1256 10 0 0 0 0 0 0 0 0 0 0 0 
1257 10 0 0 0 0 0 0 0 0 0 0 0 
1258 10 0 0 0 0 0 0 0 0 0 0 0 
1259 10 0 0 0 0 0 0 0 0 0 0 0 
1260 10 0 0 0 0 0 0 0 0 0 0 0 
1261 10 0 0 0 0 0 0 0 0 0 0 0 
1262 10 0 0 0 0 0 0 0 0 0 0 0 
1263 10 0 0 0 0 0 0 0 0 0 0 0 
1264 10 0 0 0 0 0 0 0 0 0 0 0 
1265 10 0 0 0 0 0 0 0 0 0 0 0 
1266 10 0 0 0 0 0 0 0 0 0 0 0 
1267 10 0 0 0 0 0 0 0 0 0 0 0 
1268 10 0 0 0 0 0 0 0 0 0 0 0 
1269 10 0 0 0 0 0 0 0 0 0 0 0 
1270 10 0 0 0 0 0 0 0 0 0 0 0 
1271 10 0 0 0 0 0 0 0 0 0 0 0 
1272 10 0 0 0 0 0 0 0 0 0 0 0 
1273 10 0 0 0 0 0 0 0 0 0 0 0 
1274 10 0 0 0 0 0 0 0 0 0 0 0 
1275 10 0 0 0 0 0 0 0 0 0 0 0 
1276 10 0 0 0 0 0 0 0 0 0 0 0 
1277 10 0 0 0 0 0 0 0 0 0 0 0 
1278 10 0 0 0 0 0 0 0 0 0 0 0 
1279 10 0 0 0 0 0 0 0 0 0 0 0 
1280 10 0 0 0 0 0 0 0 0 0 0 0 
1281 10 0 0 0 0 0 0 0 0 0 0 0 
1282 10 0 0 0 0 0 0 0 0 0 0 0 
1283 10 0 0 0 0 0 0 0 0 0 0 0 
1284 10 0 0 0 0 0 0 0 0 0 0 0 
1285 10 0 0 0 0 0 0 0 0 0 0 0 
1286 10 0 0 0 0 0 0 0 0 0 0 0 
1287 10 0 0 0 0 0 0 0 0 0 0 0 
1288 10 0 0 0 0 0 0 0 0 0 0 0 
1289 10 0 0 0 0 0 0 0 0 0 0 0 
1290 10 0 0 0 0 0 0 0 0 0 0 0 
1291 10 0 0 0 0 0 0 0 0 0 0 0 
1292 10 0 0 0 0 0 0 0 0 0 0 0 
1293 10 0 0 0 0 0 0 0 0 0 0 0 
1294 10 0 0 0 0 0 0 0 0 0 0 0 
1295 10 0 0 0 0 0 0 0 0 0 0 0 
1296 10 0 0 0 0 0 0 0 0 0 0 0 
1297 10 0 0 0 0 0 0 0 0 0 0 0 
1298 10 0 0 0 0 0 0 0 0 0 0 0 
1299 10 0 0 0 0 0 0 0 0 0 0 0 
1300 10 0 0 0 0 0 0 0 0 0 0 0 
1301 10 0 0 0 0 0 0 0 0 0 0 0 
1302 10 0 0 0 0 0 0 0 0 0 0 0 
1303 10 0 0 0 0 0 0 0 0 0 0 0 
1304 10 0 0 0 0 0 0 0 0 0 0 0 
1305 10 0 0 0 0 0 0 0 0 0 0 0 
1306 10 0 0 0 0 0 0 0 0 0 0 0 
1307 10 0 0 0 0 0 0 0 0 0 0 0 
1308 10 0 0 0 0 0 0 0 0 0 0 0 
1309 10 0 0 0 0 0 0 0 0 0 0 0 
1310 10 0 0 0 0 0 0 0 0 0 0 0 
1311 10 0 0 0 0 0 0 0 0 0 0 0 
1312 10 0 0 0 0 0 0 0 0 0 0 0 
1313 10 0 0 0 0 0 0 0 0 0 0 0 
1314 10 0 0 0 0 0 0 0 0 0 0 0 
1315 10 0 0 0 0 0 0 0 0 0 0 0 
1316 10 0 0 0 0 0 0 0 0 0 0 0 
1317 10 0 0 0 0 0 0 0 0 0 0 0 
1318 10 0 0 0 0 0 0 0 0 0 0 0 
1319 10 0 0 0 0 0 0 0 0 0 0 0 
1320 10 0 0 0 0 0 0 0 0 0 0 0 
1321 10 0 0 0 0 0 0 0 0 0 0 0 
1322 10 0 0 0 0 0 0 0 0 0 0 0 
1323 10 0 0 0 0 0 0 0 0 0 0 0 
1324 10 0 0 0 0 0 0 0 0 0 0 0 
1325 10 0 0 0 0 0 0 0 0 0 0 0 
1326 10 0 0 0 0 0 0 0 0 0 0 0 
1327 10 0 0 0 0 0 0 0 0 0 0 0 
1328 10 0 0 0 0 0 0 0 0 0 0 0 
1329 10 0 0 0 0 0 0 0 0 0 0 0 
1330 10 0 0 0 0 0 0 0 0 0 0 0 
1331 10 0 0 0 0 0 0 0 0 0 0 0 
1332 10 0 0 0 0 0 0 0 0 0 0 0 
1333 10 0 0 0 0 0 0 0 0 0 0 0 
1334 10 0 0 0 0 0 0 0 0 0 0 0 
1335 10 0 0 0 0 0 0 0 0 0 0 0 
1336 10 0 0 0 0 0 0 0 0 0 0 0 
1337 10 0 0 0 0 0 0 0 0 0 0 0 
1338 10 0 0 0 0 0 0 0 0 0 0 0 
1339 10 0 0 0 0 0 0 0 0 0 0 0 
1340 10 0 0 0 0 0 0 0 0 0 0 0 
1341 10 0 0 0 0 0 0 0 0 0 0 0 
1342 10 0 0 0 0 0 0 0 0 0 0 0 
1343 10 0 0 0 0 0 0 0 0 0 0 0 
1344 10 0 0 0 0 0 0 0 0 0 0 0 
1345 10 0 0 0 0 0 0 0 0 0 0 0 
1346 10 0 0 0 0 0 0 0 0 0 0 0 
1347 10 0 0 0 0 0 0 0 0 0 0 0 
1348 10 0 0 0 0 0 0 0 0 0 0 0 
1349 10 0 0 0 0 0 0 0 0 0 0 0 
1350 10 0 0 0 0 0 0 0 0 0 0 0 
1351 10 0 0 0 0 0 0 0 0 0 0 0 
1352 10 0 0 0 0 0 0 0 0 0 0 0 
1353 10 0 0 0 0 0 0 0 0 0 0 0 
1354 10 0 0 0 0 0 0 0 0 0 0 0 
1355 10 0 0 0 0 0 0 0 0 0 0 0 
1356 10 0 0 0 0 0 0 0 0 0 0 0 
1357 10 0 0 0 0 0 0 0 0 0 0 0 
1358 10 0 0 0 0 0 0 0 0 0 0 0 
1359 10 9 0 0 0 0 0 0 0 0 0 0 
1360 10 10 0 0 0 0 0 0 0 0 0 0 
1361 10 11 0 0 0 0 0 0 0 0 0 0 
1362 10 12 0 0 0 0 0 0 0 0 0 0 
1363 10 13 0 0 0 0 0 0 0 0 0 0 
1364 10 14 0 0 0 0 0 0 0 0 0 0 
1365 10 15 0 0 0 0 0 0 0 0 0 0 
1366 10 16 0 0 0 0 0 0 0 0 0 0 
1367 10 0 0 0 0 0 0 0 0 0 0 0 
1368 10 0 0 0 0 0 0 0 0 0 0 0 
1369 10 0 0 0 0 0 0 0 0 0 0 0 
1370 10 0 0 0 0 0 0 0 0 0 0 0 
1371 10 0 0 0 0 0 0 0 0 0 0 0 
1372 10 0 0 0 0 0 0 0 0 0 0 0 
1373 10 0 0 0 0 0 0 0 0 0 0 0 
1374 10 0 0 0 0 0 0 0 0 0 0 0 
1375 10 0 0 0 0 0 0 0 0 0 0 0 
1376 10 0 0 0 0 0 0 0 0 0 0 0 
1377 10 0 0 0 0 0 0 0 0 0 0 0 
1378 10 0 0 0 0 0 0 0 0 0 0 0 
1379 10 0 0 0 0 0 0 0 0 0 0 0 
1380 10 0 0 0 0 0 0 0 0 0 0 0 
1381 10 0 0 0 0 0 0 0 0 0 0 0 
1382 10 0 0 0 0 0 0 0 0 0 0 0 
1383 10 0 0 0 0 0 0 0 0 0 0 0 
1384 10 0 0 0 0 0 0 0 0 0 0 0 
1385 10 0 0 0 0 0 0 0 0 0 0 0 
1386 10 0 0 0 0 0 0 0 0 0 0 0 
1387 10 0 0 0 0 0 0 0 0 0 0 0 
1388 10 0 0 0 0 0 0 0 0 0 0 0 
1389 10 0 0 0 0 0 0 0 0 0 0 0 
1390 10 0 0 0 0 0 0 0 0 0 0 0 
1391 10 0 0 0 0 0 0 0 0 0 0 0 
1392 10 0 0 0 0 0 0 0 0 0 0 0 
1393 10 0 0 0 0 0 0 0 0 0 0 0 
1394 10 0 0 0 0 0 0 0 0 0 0 0 
1395 10 0 0 0 0 0 0 0 0 0 0 0 
1396 10 0 0 0 0 0 0 0 0 0 0 0 
1397 10 0 0 0 0 0 0 0 0 0 0 0 
1398 10 0 0 0 0 0 0 0 0 0 0 0 
1399 10 0 0 0 0 0 0 0 0 0 0 0 
1400 10 0 0 0 0 0 0 0 0 0 0 0 
1401 10 0 0 0 0 0 0 0 0 0 0 0 
1402 10 0 0 0 0 0 0 0 0 0 0 0 
1403 10 0 0 0 0 0 0 0 0 0 0 0 
1404 10 0 0 0 0 0 0 0 0 0 0 0 
1405 10 0 0 0 0 0 0 0 0 0 0 0 
1406 10 0 0 0 0 0 0 0 0 0 0 0 
1407 10 0 0 0 0 0 0 0 0 0 0 0 
1408 10 0 0 0 0 0 0 0 0 0 0 0 
1409 10 0 0 0 0 0 0 0 0 0 0 0 
1410 10 0 0 0 0 0 0 0 0 0 0 0 
1411 10 0 0 0 0 0 0 0 0 0 0 0 
1412 10 0 0 0 0 0 0 0 0 0 0 0 
1413 10 0 0 0 0 0 0 0 0 0 0 0 
1414 10 0 0 0 0 0 0 0 0 0 0 0 
1415 10 0 0 0 0 0 0 0 0 0 0 0 
1416 10 0 0 0 0 0 0 0 0 0 0 0 
1417 10 0 0 0 0 0 0 0 0 0 0 0 
1418 10 0 0 0 0 0 0 0 0 0 0 0 
1419 10 0 0 0 0 0 0 0 0 0 0 0 
1420 10 0 0 0 0 0 0 0 0 0 0 0 
1421 10 0 0 0 0 0 0 0 0 0 0 0 
1422 10 0 0 0 0 0 0 0 0 0 0 0 
1423 10 0 0 0 0 0 0 0 0 0 0 0 
1424 10 0 0 0 0 0 0 0 0 0 0 0 
1425 10 0 0 0 0 0 0 0 0 0 0 0 
1426 10 0 0 0 0 0 0 0 0 0 0 0 
1427 10 0 0 0 0 0 0 0 0 0 0 0 
1428 10 0 0 0 0 0 0 0 0 0 0 0 
1429 10 0 0 0 0 0 0 0 0 0 0 0 
1430 10 0 0 0 0 0 0 0 0 0 0 0 
1431 10 0 0 0 0 0 0 0 0 0 0 0 
1432 10 0 0 0 0 0 0 0 0 0 0 0 
1433 10 0 0 0 0 0 0 0 0 0 0 0 
1434 10 0 0 0 0 0 0 0 0 0 0 0 
1435 10 0 0 0 0 0 0 0 0 0 0 0 
1436 10 0 0 0 0 0 0 0 0 0 0 0 
1437 10 0 0 0 0 0 0 0 0 0 0 0 
1438 10 0 0 0 0 0 0 0 0 0 0 0 
1439 10 0 0 0 0 0 0 0 0 0 0 0 
1440 10 0 0 0 0 0 0 0 0 0 0 0 
1441 10 0 0 0 0 0 0 0 0 0 0 0 
1442 10 0 0 0 0 0 0 0 0 0 0 0 
1443 10 0 0 0 0 0 0 0 0 0 0 0 
1444 10 0 0 0 0 0 0 0 0 0 0 0 
1445 10 0 0 0 0 0 0 0 0 0 0 0 
1446 10 0 0 0 0 0 0 0 0 0 0 0 
1447 10 0 0 0 0 0 0 0 0 0 0 0 
1448 10 0 0 0 0 0 0 0 0 0 0 0 
1449 10 0 0 0 0 0 0 0 0 0 0 0 
1450 10 0 0 0 0 0 0 0 0 0 0 0 
1451 10 0 0 0 0 0 0 0 0 0 0 0 
1452 10 0 0 0 0 0 0 0 0 0 0 0 
1453 10 0 0 0 0 0 0 0 0 0 0 0 
1454 10 0 0 0 0 0 0 0 0 0 0 0 
1455 10 0 0 0 0 0 0 0 0 0 0 0 
1456 10 0 0 0 0 0 0 0 0 0 0 0 
1457 10 0 0 0 0 0 0 0 0 0 0 0 
1458 10 0 0 0 0 0 0 0 0 0 0 0 
1459 10 0 0 0 0 0 0 0 0 0 0 0 
1460 10 0 0 0 0 0 0 0 0 0 0 0 
1461 10 0 0 0 0 0 0 0 0 0 0 0 
1462 10 0 0 0 0 0 0 0 0 0 0 0 
1463 10 0 0 0 0 0 0 0 0 0 0 0 
1464 10 0 0 0 0 0 0 0 0 0 0 0 
1465 10 0 0 0 0 0 0 0 0 0 0 0 
1466 10 0 0 0 0 0 0 0 0 0 0 0 
1467 10 0 0 0 0 0 0 0 0 0 0 0 
1468 10 0 0 0 0 0 0 0 0 0 0 0 
1469 10 0 0 0 0 0 0 0 0 0 0 0 
1470 10 0 0 0 0 0 0 0 0 0 0 0 
1471 10 0 0 0 0 0 0 0 0 0 0 0 
1472 10 0 0 0 0 0 0 0 0 0 0 0 
1473 10 0 0 0 0 0 0 0 0 0 0 0 
1474 10 0 0 0 0 0 0 0 0 0 0 0 
1475 10 0 0 0 0 0 0 0 0 0 0 0 
1476 10 0 0 0 0 0 0 0 0 0 0 0 
1477 10 0 0 0 0 0 0 0 0 0 0 0 
1478 10 0 0 0 0 0 0 0 0 0 0 0 
1479 10 0 0 0 0 0 0 0 0 0 0 0 
1480 10 0 0 0 0 0 0 0 0 0 0 0 
1481 10 0 0 0 0 0 0 0 0 0 0 0 
1482 10 0 0 0 0 0 0 0 0 0 0 0 
1483 10 0 0 0 0 0 0 0 0 0 0 0 
1484 10 0 0 0 0 0 0 0 0 0 0 0 
1485 10 0 0 0 0 0 0 0 0 0 0 0 
1486 10 0 0 0 0 0 0 0 0 0 0 0 
1487 10 0 0 0 0 0 0 0 0 0 0 0 
1488 10 0 0 0 0 0 0 0 0 0 0 0 
1489 10 0 0 0 0 0 0 0 0 0 0 0 
1490 10 0 0 0 0 0 0 0 0 0 0 0 
1491 10 0 0 0 0 0 0 0 0 0 0 0 
1492 10 0 0 0 0 0 0 0 0 0 0 0 
1493 10 0 0 0 0 0 0 0 0 0 0 0 
1494 10 0 0 0 0 0 0 0 0 0 0 0 
1495 10 24 0 0 0 0 0 0 0 0 0 0 
1496 10 25 0 0 0 0 0 0 0 0 0 0 
1497 10 26 0 0 0 0 0 0 0 0 0 0 
1498 10 27 0 0 0 0 0 0 0 0 0 0 
1499 10 0 0 0 0 0 0 0 0 0 0 0 
1500 10 0 0 0 0 0 0 0 0 0 0 0 
1501 10 0 0 0 0 0 0 0 0 0 0 0 
1502 10 0 0 0 0 0 0 0 0 0 0 0 
1503 10 0 0 0 0 0 0 0 0 0 0 0 
1504 10 0 0 0 0 0 0 0 0 0 0 0 
1505 10 0 0 0 0 0 0 0 0 0 0 0 
1506 10 0 0 0 0 0 0 0 0 0 0 0 
1507 10 0 0 0 0 0 0 0 0 0 0 0 
1508 10 0 0 0 0 0 0 0 0 0 0 0 
1509 10 0 0 0 0 0 0 0 0 0 0 0 
1510 10 0 0 0 0 0 0 0 0 0 0 0 
1511 10 0 0 0 0 0 0 0 0 0 0 0 
1512 10 0 0 0 0 0 0 0 0 0 0 0 
1513 10 0 0 0 0 0 0 0 0 0 0 0 
1514 10 0 0 0 0 0 0 0 0 0 0 0 
1515 10 0 0 0 0 0 0 0 0 0 0 0 
1516 10 0 0 0 0 0 0 0 0 0 0 0 
1517 10 0 0 0 0 0 0 0 0 0 0 0 
1518 10 0 0 0 0 0 0 0 0 0 0 0 
1519 10 0 0 0 0 0 0 0 0 0 0 0 
1520 10 0 0 0 0 0 0 0 0 0 0 0 
1521 10 0 0 0 0 0 0 0 0 0 0 0 
1522 10 0 0 0 0 0 0 0 0 0 0 0 
1523 10 0 0 0 0 0 0 0 0 0 0 0 
1524 10 0 0 0 0 0 0 0 0 0 0 0 
1525 10 0 0 0 0 0 0 0 0 0 0 0 
1526 10 0 0 0 0 0 0 0 0 0 0 0 
1527 10 0 0 0 0 0 0 0 0 0 0 0 
1528 10 0 0 0 0 0 0 0 0 0 0 0 
1529 10 0 0 0 0 0 0 0 0 0 0 0 
1530 10 0 0 0 0 0 0 0 0 0 0 0 
1531 10 0 0 0 0 0 0 0 0 0 0 0 
1532 10 0 0 0 0 0 0 0 0 0 0 0 
1533 10 0 0 0 0 0 0 0 0 0 0 0 
1534 10 0 0 0 0 0 0 0 0 0 0 0 
1535 10 0 0 0 0 0 0 0 0 0 0 0 
1536 10 0 0 0 0 0 0 0 0 0 0 0 
1537 10 0 0 0 0 0 0 0 0 0 0 0 
1538 10 0 0 0 0 0 0 0 0 0 0 0 
1539 10 0 0 0 0 0 0 0 0 0 0 0 
1540 10 0 0 0 0 0 0 0 0 0 0 0 
1541 10 0 0 0 0 0 0 0 0 0 0 0 
1542 10 0 0 0 0 0 0 0 0 0 0 0 
1543 10 0 0 0 0 0 0 0 0 0 0 0 
1544 10 0 0 0 0 0 0 0 0 0 0 0 
1545 10 0 0 0 0 0 0 0 0 0 0 0 
1546 10 0 0 0 0 0 0 0 0 0 0 0 
1547 10 0 0 0 0 0 0 0 0 0 0 0 
1548 10 0 0 0 0 0 0 0 0 0 0 0 
1549 10 0 0 0 0 0 0 0 0 0 0 0 
1550 10 0 0 0 0 0 0 0 0 0 0 0 
1551 10 0 0 0 0 0 0 0 0 0 0 0 
1552 10 0 0 0 0 0 0 0 0 0 0 0 
1553 10 0 0 0 0 0 0 0 0 0 0 0 
1554 10 0 0 0 0 0 0 0 0 0 0 0 
1555 10 0 0 0 0 0 0 0 0 0 0 0 
1556 10 0 0 0 0 0 0 0 0 0 0 0 
1557 10 0 0 0 0 0 0 0 0 0 0 0 
1558 10 0 0 0 0 0 0 0 0 0 0 0 
1559 10 0 0 0 0 0 0 0 0 0 0 0 
1560 10 0 0 0 0 0 0 0 0 0 0 0 
1561 10 0 0 0 0 0 0 0 0 0 0 0 
1562 10 0 0 0 0 0 0 0 0 0 0 0 
1563 10 0 0 0 0 0 0 0 0 0 0 0 
1564 10 0 0 0 0 0 0 0 0 0 0 0 
1565 10 0 0 0 0 0 0 0 0 0 0 0 
1566 10 0 0 0 0 0 0 0 0 0 0 0 
1567 10 0 0 0 0 0 0 0 0 0 0 0 
1568 10 0 0 0 0 0 0 0 0 0 0 0 
1569 10 0 0 0 0 0 0 0 0 0 0 0 
1570 10 0 0 0 0 0 0 0 0 0 0 0 
1571 10 0 0 0 0 0 0 0 0 0 0 0 
1572 10 0 0 0 0 0 0 0 0 0 0 0 
1573 10 0 0 0 0 0 0 0 0 0 0 0 
1574 10 0 0 0 0 0 0 0 0 0 0 0 
1575 10 0 0 0 0 0 0 0 0 0 0 0 
1576 10 0 0 0 0 0 0 0 0 0 0 0 
1577 10 0 0 0 0 0 0 0 0 0 0 0 
1578 10 0 0 0 0 0 0 0 0 0 0 0 
1579 10 0 0 0 0 0 0 0 0 0 0 0 
1580 10 0 0 0 0 0 0 0 0 0 0 0 
1581 10 0 0 0 0 0 0 0 0 0 0 0 
1582 10 0 0 0 0 0 0 0 0 0 0 0 
1583 10 0 0 0 0 0 0 0 0 0 0 0 
1584 10 0 0 0 0 0 0 0 0 0 0 0 
1585 10 0 0 0 0 0 0 0 0 0 0 0 
1586 10 0 0 0 0 0 0 0 0 0 0 0 
1587 10 0 0 0 0 0 0 0 0 0 0 0 
1588 10 0 0 0 0 0 0 0 0 0 0 0 
1589 10 0 0 0 0 0 0 0 0 0 0 0 
1590 10 0 0 0 0 0 0 0 0 0 0 0 
1591 10 0 0 0 0 0 0 0 0 0 0 0 
1592 10 0 0 0 0 0 0 0 0 0 0 0 
1593 10 0 0 0 0 0 0 0 0 0 0 0 
1594 10 0 0 0 0 0 0 0 0 0 0 0 
1595 10 0 0 0 0 0 0 0 0 0 0 0 
1596 10 0 0 0 0 0 0 0 0 0 0 0 
1597 10 0 0 0 0 0 0 0 0 0 0 0 
1598 10 0 0 0 0 0 0 0 0 0 0 0 
1599 10 0 0 0 0 0 0 0 0 0 0 0 
1600 10 0 0 0 0 0 0 0 0 0 0 0 
1601 10 0 0 0 0 0 0 0 0 0 0 0 
1602 10 0 0 0 0 0 0 0 0 0 0 0 
1603 10 0 0 0 0 0 0 0 0 0 0 0 
1604 10 0 0 0 0 0 0 0 0 0 0 0 
1605 10 0 0 0 0 0 0 0 0 0 0 0 
1606 10 0 0 0 0 0 0 0 0 0 0 0 
1607 10 0 0 0 0 0 0 0 0 0 0 0 
1608 10 0 0 0 0 0 0 0 0 0 0 0 
1609 10 0 0 0 0 0 0 0 0 0 0 0 
1610 10 0 0 0 0 0 0 0 0 0 0 0 
1611 10 0 0 0 0 0 0 0 0 0 0 0 
1612 10 0 0 0 0 0 0 0 0 0 0 0 
1613 10 0 0 0 0 0 0 0 0 0 0 0 
1614 10 0 0 0 0 0 0 0 0 0 0 0 
1615 10 0 0 0 0 0 0 0 0 0 0 0 
1616 10 0 0 0 0 0 0 0 0 0 0 0 
1617 10 0 0 0 0 0 0 0 0 0 0 0 
1618 10 0 0 0 0 0 0 0 0 0 0 0 
1619 10 0 0 0 0 0 0 0 0 0 0 0 
1620 10 0 0 0 0 0 0 0 0 0 0 0 
1621 10 0 0 0 0 0 0 0 0 0 0 0 
1622 10 0 0 0 0 0 0 0 0 0 0 0 
1623 10 0 0 0 0 0 0 0 0 0 0 0 
1624 10 0 0 0 0 0 0 0 0 0 0 0 
1625 10 0 0 0 0 0 0 0 0 0 0 0 
1626 10 0 0 0 0 0 0 0 0 0 0 0 
1627 10 0 0 0 0 0 0 0 0 0 0 0 
1628 10 0 0 0 0 0 0 0 0 0 0 0 
1629 10 0 0 0 0 0 0 0 0 0 0 0 
1630 10 0 0 0 0 0 0 0 0 0 0 0 
1631 10 0 0 0 0 0 0 0 0 0 0 0 
1632 10 0 0 0 0 0 0 0 0 0 0 0 
1633 10 0 0 0 0 0 0 0 0 0 0 0 
1634 10 0 0 0 0 0 0 0 0 0 0 0 
1635 10 0 0 0 0 0 0 0 0 0 0 0 
1636 10 0 0 0 0 0 0 0 0 0 0 0 
1637 10 0 0 0 0 0 0 0 0 0 0 0 
1638 10 0 0 0 0 0 0 0 0 0 0 0 
1639 10 0 0 0 0 0 0 0 0 0 0 0 
1640 10 0 0 0 0 0 0 0 0 0 0 0 
1641 10 0 0 0 0 0 0 0 0 0 0 0 
1642 10 0 0 0 0 0 0 0 0 0 0 0 
1643 10 0 0 0 0 0 0 0 0 0 0 0 
1644 10 0 0 0 0 0 0 0 0 0 0 0 
1645 10 0 0 0 0 0 0 0 0 0 0 0 
1646 10 0 0 0 0 0 0 0 0 0 0 0 
1647 10 0 0 0 0 0 0 0 0 0 0 0 
1648 10 0 0 0 0 0 0 0 0 0 0 0 
1649 10 0 0 0 0 0 0 0 0 0 0 0 
1650 10 0 0 0 0 0 0 0 0 0 0 0 
1651 10 0 0 0 0 0 0 0 0 0 0 0 
1652 10 0 0 0 0 0 0 0 0 0 0 0 
1653 10 0 0 0 0 0 0 0 0 0 0 0 
1654 10 0 0 0 0 0 0 0 0 0 0 0 
1655 10 0 0 0 0 0 0 0 0 0 0 0 
1656 10 0 0 0 0 0 0 0 0 0 0 0 
1657 10 0 0 0 0 0 0 0 0 0 0 0 
1658 10 0 0 0 0 0 0 0 0 0 0 0 
1659 10 0 0 0 0 0 0 0 0 0 0 0 
1660 10 0 0 0 0 0 0 0 0 0 0 0 
1661 10 0 0 0 0 0 0 0 0 0 0 0 
1662 10 0 0 0 0 0 0 0 0 0 0 0 
1663 10 0 0 0 0 0 0 0 0 0 0 0 
1664 10 0 0 0 0 0 0 0 0 0 0 0 
1665 10 0 0 0 0 0 0 0 0 0 0 0 
1666 10 0 0 0 0 0 0 0 0 0 0 0 
1667 10 0 0 0 0 0 0 0 0 0 0 0 
1668 10 0 0 0 0 0 0 0 0 0 0 0 
1669 10 0 0 0 0 0 0 0 0 0 0 0 
1670 10 0 0 0 0 0 0 0 0 0 0 0 
1671 10 0 0 0 0 0 0 0 0 0 0 0 
1672 10 0 0 0 0 0 0 0 0 0 0 0 
1673 10 0 0 0 0 0 0 0 0 0 0 0 
1674 10 0 0 0 0 0 0 0 0 0 0 0 
1675 10 0 0 0 0 0 0 0 0 0 0 0 
1676 10 0 0 0 0 0 0 0 0 0 0 0 
1677 10 0 0 0 0 0 0 0 0 0 0 0 
1678 10 0 0 0 0 0 0 0 0 0 0 0 
1679 10 0 0 0 0 0 0 0 0 0 0 0 
1680 10 0 0 0 0 0 0 0 0 0 0 0 
1681 10 0 0 0 0 0 0 0 0 0 0 0 
1682 10 0 0 0 0 0 0 0 0 0 0 0 
1683 10 0 0 0 0 0 0 0 0 0 0 0 
1684 10 0 0 0 0 0 0 0 0 0 0 0 
1685 10 0 0 0 0 0 0 0 0 0 0 0 
1686 10 0 0 0 0 0 0 0 0 0 0 0 
1687 10 0 0 0 0 0 0 0 0 0 0 0 
1688 10 0 0 0 0 0 0 0 0 0 0 0 
1689 10 0 0 0 0 0 0 0 0 0 0 0 
1690 10 0 0 0 0 0 0 0 0 0 0 0 
1691 10 0 0 0 0 0 0 0 0 0 0 0 
1692 10 0 0 0 0 0 0 0 0 0 0 0 
1693 10 0 0 0 0 0 0 0 0 0 0 0 
1694 10 0 0 0 0 0 0 0 0 0 0 0 
1695 10 0 0 0 0 0 0 0 0 0 0 0 
1696 10 0 0 0 0 0 0 0 0 0 0 0 
1697 10 0 0 0 0 0 0 0 0 0 0 0 
1698 10 0 0 0 0 0 0 0 0 0 0 0 
1699 10 0 0 0 0 0 0 0 0 0 0 0 
1700 10 0 0 0 0 0 0 0 0 0 0 0 
1701 10 0 0 0 0 0 0 0 0 0 0 0 
1702 10 0 0 0 0 0 0 0 0 0 0 0 
1703 10 0 0 0 0 0 0 0 0 0 0 0 
1704 10 0 0 0 0 0 0 0 0 0 0 0 
1705 10 0 0 0 0 0 0 0 0 0 0 0 
1706 10 0 0 0 0 0 0 0 0 0 0 0 
1707 10 0 0 0 0 0 0 0 0 0 0 0 
1708 10 0 0 0 0 0 0 0 0 0 0 0 
1709 10 0 0 0 0 0 0 0 0 0 0 0 
1710 10 0 0 0 0 0 0 0 0 0 0 0 
1711 10 0 0 0 0 0 0 0 0 0 0 0 
1712 10 0 0 0 0 0 0 0 0 0 0 0 
1713 10 0 0 0 0 0 0 0 0 0 0 0 
1714 10 0 0 0 0 0 0 0 0 0 0 0 
1715 10 0 0 0 0 0 0 0 0 0 0 0 
1716 10 0 0 0 0 0 0 0 0 0 0 0 
1717 10 0 0 0 0 0 0 0 0 0 0 0 
1718 10 0 0 0 0 0 0 0 0 0 0 0 
1719 10 0 0 0 0 0 0 0 0 0 0 0 
1720 10 0 0 0 0 0 0 0 0 0 0 0 
1721 10 0 0 0 0 0 0 0 0 0 0 0 
1722 10 0 0 0 0 0 0 0 0 0 0 0 
1723 10 0 0 0 0 0 0 0 0 0 0 0 
1724 10 0 0 0 0 0 0 0 0 0 0 0 
1725 10 0 0 0 0 0 0 0 0 0 0 0 
1726 10 0 0 0 0 0 0 0 0 0 0 0 
1727 10 0 0 0 0 0 0 0 0 0 0 0 
1728 10 0 0 0 0 0 0 0 0 0 0 0 
1729 10 0 0 0 0 0 0 0 0 0 0 0 
1730 10 0 0 0 0 0 0 0 0 0 0 0 
1731 10 0 0 0 0 0 0 0 0 0 0 0 
1732 10 0 0 0 0 0 0 0 0 0 0 0 
1733 10 0 0 0 0 0 0 0 0 0 0 0 
1734 10 0 0 0 0 0 0 0 0 0 0 0 
1735 10 0 0 0 0 0 0 0 0 0 0 0 
1736 10 0 0 0 0 0 0 0 0 0 0 0 
1737 10 43 0 0 0 0 0 0 0 0 0 0 
1738 10 44 0 0 0 0 0 0 0 0 0 0 
1739 10 0 0 0 0 0 0 0 0 0 0 0 
1740 10 0 0 0 0 0 0 0 0 0 0 0 
1741 10 0 0 0 0 0 0 0 0 0 0 0 
1742 10 0 0 0 0 0 0 0 0 0 0 0 
1743 10 0 0 0 0 0 0 0 0 0 0 0 
1744 10 0 0 0 0 0 0 0 0 0 0 0 
1745 10 0 0 0 0 0 0 0 0 0 0 0 
1746 10 0 0 0 0 0 0 0 0 0 0 0 
1747 10 0 0 0 0 0 0 0 0 0 0 0 
1748 10 0 0 0 0 0 0 0 0 0 0 0 
1749 10 0 0 0 0 0 0 0 0 0 0 0 
1750 10 0 0 0 0 0 0 0 0 0 0 0 
1751 10 0 0 0 0 0 0 0 0 0 0 0 
1752 10 0 0 0 0 0 0 0 0 0 0 0 
1753 10 0 0 0 0 0 0 0 0 0 0 0 
1754 10 0 0 0 0 0 0 0 0 0 0 0 
1755 10 0 0 0 0 0 0 0 0 0 0 0 
1756 10 0 0 0 0 0 0 0 0 0 0 0 
1757 10 0 0 0 0 0 0 0 0 0 0 0 
1758 10 0 0 0 0 0 0 0 0 0 0 0 
1759 10 0 0 0 0 0 0 0 0 0 0 0 
1760 10 0 0 0 0 0 0 0 0 0 0 0 
1761 10 0 0 0 0 0 0 0 0 0 0 0 
1762 10 0 0 0 0 0 0 0 0 0 0 0 
1763 10 0 0 0 0 0 0 0 0 0 0 0 
1764 10 0 0 0 0 0 0 0 0 0 0 0 
1765 10 0 0 0 0 0 0 0 0 0 0 0 
1766 10 0 0 0 0 0 0 0 0 0 0 0 
1767 10 0 0 0 0 0 0 0 0 0 0 0 
1768 10 0 0 0 0 0 0 0 0 0 0 0 
1769 10 52 0 0 0 0 0 0 0 0 0 0 
1770 10 53 0 0 0 0 0 0 0 0 0 0 
1771 10 54 0 0 0 0 0 0 0 0 0 0 
1772 10 55 0 0 0 0 0 0 0 0 0 0 
1773 10 0 0 0 0 0 0 0 0 0 0 0 
1774 10 0 0 0 0 0 0 0 0 0 0 0 
1775 10 0 0 0 0 0 0 0 0 0 0 0 
1776 10 0 0 0 0 0 0 0 0 0 0 0 
1777 10 0 0 0 0 0 0 0 0 0 0 0 
1778 10 0 0 0 0 0 0 0 0 0 0 0 
1779 10 0 0 0 0 0 0 0 0 0 0 0 
1780 10 0 0 0 0 0 0 0 0 0 0 0 
1781 10 0 0 0 0 0 0 0 0 0 0 0 
1782 10 0 0 0 0 0 0 0 0 0 0 0 
1783 10 0 0 0 0 0 0 0 0 0 0 0 
1784 10 0 0 0 0 0 0 0 0 0 0 0 
1785 10 0 0 0 0 0 0 0 0 0 0 0 
1786 10 0 0 0 0 0 0 0 0 0 0 0 
1787 10 0 0 0 0 0 0 0 0 0 0 0 
1788 10 0 0 0 0 0 0 0 0 0 0 0 
1789 10 0 0 0 0 0 0 0 0 0 0 0 
1790 10 0 0 0 0 0 0 0 0 0 0 0 
1791 10 0 0 0 0 0 0 0 0 0 0 0 
1792 10 0 0 0 0 0 0 0 0 0 0 0 
1793 10 0 0 0 0 0 0 0 0 0 0 0 
1794 10 0 0 0 0 0 0 0 0 0 0 0 
1795 10 0 0 0 0 0 0 0 0 0 0 0 
1796 10 0 0 0 0 0 0 0 0 0 0 0 
1797 10 0 0 0 0 0 0 0 0 0 0 0 
1798 10 0 0 0 0 0 0 0 0 0 0 0 
1799 10 0 0 0 0 0 0 0 0 0 0 0 
1800 10 0 0 0 0 0 0 0 0 0 0 0 
1801 10 0 0 0 0 0 0 0 0 0 0 0 
1802 10 0 0 0 0 0 0 0 0 0 0 0 
1803 10 0 0 0 0 0 0 0 0 0 0 0 
1804 10 0 0 0 0 0 0 0 0 0 0 0 
1805 10 0 0 0 0 0 0 0 0 0 0 0 
1806 10 0 0 0 0 0 0 0 0 0 0 0 
1807 10 0 0 0 0 0 0 0 0 0 0 0 
1808 10 0 0 0 0 0 0 0 0 0 0 0 
1809 10 0 0 0 0 0 0 0 0 0 0 0 
1810 10 0 0 0 0 0 0 0 0 0 0 0 
1811 10 0 0 0 0 0 0 0 0 0 0 0 
1812 10 0 0 0 0 0 0 0 0 0 0 0 
1813 10 0 0 0 0 0 0 0 0 0 0 0 
1814 10 0 0 0 0 0 0 0 0 0 0 0 
1815 10 0 0 0 0 0 0 0 0 0 0 0 
1816 10 0 0 0 0 0 0 0 0 0 0 0 
1817 10 0 0 0 0 0 0 0 0 0 0 0 
1818 10 0 0 0 0 0 0 0 0 0 0 0 
1819 10 0 0 0 0 0 0 0 0 0 0 0 
1820 10 0 0 0 0 0 0 0 0 0 0 0 
1821 10 0 0 0 0 0 0 0 0 0 0 0 
1822 10 0 0 0 0 0 0 0 0 0 0 0 
1823 10 0 0 0 0 0 0 0 0 0 0 0 
1824 10 0 0 0 0 0 0 0 0 0 0 0 
1825 10 0 0 0 0 0 0 0 0 0 0 0 
1826 10 0 0 0 0 0 0 0 0 0 0 0 
1827 10 0 0 0 0 0 0 0 0 0 0 0 
1828 10 0 0 0 0 0 0 0 0 0 0 0 
1829 10 0 0 0 0 0 0 0 0 0 0 0 
1830 10 0 0 0 0 0 0 0 0 0 0 0 
1831 10 0 0 0 0 0 0 0 0 0 0 0 
1832 10 0 0 0 0 0 0 0 0 0 0 0 
1833 10 0 0 0 0 0 0 0 0 0 0 0 
1834 10 0 0 0 0 0 0 0 0 0 0 0 
1835 10 0 0 0 0 0 0 0 0 0 0 0 
1836 10 0 0 0 0 0 0 0 0 0 0 0 
1837 10 0 0 0 0 0 0 0 0 0 0 0 
1838 10 0 0 0 0 0 0 0 0 0 0 0 
1839 10 65 0 0 0 0 0 0 0 0 0 0 
1840 10 66 0 0 0 0 0 0 0 0 0 0 
1841 10 67 0 0 0 0 0 0 0 0 0 0 
1842 10 68 0 0 0 0 0 0 0 0 0 0 
1843 10 0 0 0 0 0 0 0 0 0 0 0 
1844 10 0 0 0 0 0 0 0 0 0 0 0 
1845 10 70 0 0 0 0 0 0 0 0 0 0 
1846 10 71 0 0 0 0 0 0 0 0 0 0 
1847 10 0 0 0 0 0 0 0 0 0 0 0 
1848 10 0 0 0 0 0 0 0 0 0 0 0 
1849 10 73 0 0 0 0 0 0 0 0 0 0 
1850 10 74 0 0 0 0 0 0 0 0 0 0 
1851 10 75 0 0 0 0 0 0 0 0 0 0 
1852 10 76 0 0 0 0 0 0 0 0 0 0 
1853 10 0 0 0 0 0 0 0 0 0 0 0 
1854 10 0 0 0 0 0 0 0 0 0 0 0 
1855 10 0 0 0 0 0 0 0 0 0 0 0 
1856 10 0 0 0 0 0 0 0 0 0 0 0 
1857 10 0 0 0 0 0 0 0 0 0 0 0 
1858 10 0 0 0 0 0 0 0 0 0 0 0 
1859 10 0 0 0 0 0 0 0 0 0 0 0 
1860 10 0 0 0 0 0 0 0 0 0 0 0 
1861 10 0 0 0 0 0 0 0 0 0 0 0 
1862 10 0 0 0 0 0 0 0 0 0 0 0 
1863 10 81 0 0 0 0 0 0 0 0 0 0 
1864 10 82 0 0 0 0 0 0 0 0 0 0 
1865 10 83 0 0 0 0 0 0 0 0 0 0 
1866 10 84 0 0 0 0 0 0 0 0 0 0 
1867 10 0 0 0 0 0 0 0 0 0 0 0 
1868 10 0 0 0 0 0 0 0 0 0 0 0 
1869 10 86 0 0 0 0 0 0 0 0 0 0 
1870 10 87 0 0 0 0 0 0 0 0 0 0 
1871 10 0 0 0 0 0 0 0 0 0 0 0 
1872 10 0 0 0 0 0 0 0 0 0 0 0 
1873 10 0 0 0 0 0 0 0 0 0 0 0 
1874 10 0 0 0 0 0 0 0 0 0 0 0 
1875 10 0 0 0 0 0 0 0 0 0 0 0 
1876 10 0 0 0 0 0 0 0 0 0 0 0 
1877 10 0 0 0 0 0 0 0 0 0 0 0 
1878 10 0 0 0 0 0 0 0 0 0 0 0 
1879 10 0 0 0 0 0 0 0 0 0 0 0 
1880 10 0 0 0 0 0 0 0 0 0 0 0 
1881 10 0 0 0 0 0 0 0 0 0 0 0 
1882 10 0 0 0 0 0 0 0 0 0 0 0 
1883 10 0 0 0 0 0 0 0 0 0 0 0 
1884 10 0 0 0 0 0 0 0 0 0 0 0 
1885 10 0 0 0 0 0 0 0 0 0 0 0 
1886 10 0 0 0 0 0 0 0 0 0 0 0 
1887 10 91 0 0 0 0 0 0 0 0 0 0 
1888 10 92 0 0 0 0 0 0 0 0 0 0 
1889 10 0 0 0 0 0 0 0 0 0 0 0 
1890 10 0 0 0 0 0 0 0 0 0 0 0 
1891 10 94 0 0 0 0 0 0 0 0 0 0 
1892 10 95 0 0 0 0 0 0 0 0 0 0 
1893 10 96 0 0 0 0 0 0 0 0 0 0 
1894 10 97 0 0 0 0 0 0 0 0 0 0 
1895 10 0 0 0 0 0 0 0 0 0 0 0 
1896 10 0 0 0 0 0 0 0 0 0 0 0 
1897 10 0 0 0 0 0 0 0 0 0 0 0 
1898 10 0 0 0 0 0 0 0 0 0 0 0 
1899 10 0 0 0 0 0 0 0 0 0 0 0 
1900 10 0 0 0 0 0 0 0 0 0 0 0 
1901 10 0 0 0 0 0 0 0 0 0 0 0 
1902 10 0 0 0 0 0 0 0 0 0 0 0 
1903 10 0 0 0 0 0 0 0 0 0 0 0 
1904 10 0 0 0 0 0 0 0 0 0 0 0 
1905 10 0 0 0 0 0 0 0 0 0 0 0 
1906 10 0 0 0 0 0 0 0 0 0 0 0 
1907 10 0 0 0 0 0 0 0 0 0 0 0 
1908 10 0 0 0 0 0 0 0 0 0 0 0 
1909 10 0 0 0 0 0 0 0 0 0 0 0 
1910 10 0 0 0 0 0 0 0 0 0 0 0 
1911 10 0 0 0 0 0 0 0 0 0 0 0 
1912 10 0 0 0 0 0 0 0 0 0 0 0 
1913 10 0 0 0 0 0 0 0 0 0 0 0 
1914 10 0 0 0 0 0 0 0 0 0 0 0 
1915 10 0 0 0 0 0 0 0 0 0 0 0 
1916 10 0 0 0 0 0 0 0 0 0 0 0 
1917 10 0 0 0 0 0 0 0 0 0 0 0 
1918 10 0 0 0 0 0 0 0 0 0 0 0 
1919 10 0 0 0 0 0 0 0 0 0 0 0 
1920 10 0 0 0 0 0 0 0 0 0 0 0 
1921 10 0 0 0 0 0 0 0 0 0 0 0 
1922 10 0 0 0 0 0 0 0 0 0 0 0 
1923 10 0 0 0 0 0 0 0 0 0 0 0 
1924 10 0 0 0 0 0 0 0 0 0 0 0 
1925 10 0 0 0 0 0 0 0 0 0 0 0 
1926 10 0 0 0 0 0 0 0 0 0 0 0 
1927 10 0 0 0 0 0 0 0 0 0 0 0 
1928 10 0 0 0 0 0 0 0 0 0 0 0 
1929 10 0 0 0 0 0 0 0 0 0 0 0 
1930 10 0 0 0 0 0 0 0 0 0 0 0 
1931 10 0 0 0 0 0 0 0 0 0 0 0 
1932 10 0 0 0 0 0 0 0 0 0 0 0 
1933 10 0 0 0 0 0 0 0 0 0 0 0 
1934 10 0 0 0 0 0 0 0 0 0 0 0 
1935 10 0 0 0 0 0 0 0 0 0 0 0 
1936 10 0 0 0 0 0 0 0 0 0 0 0 
1937 10 0 0 0 0 0 0 0 0 0 0 0 
1938 10 0 0 0 0 0 0 0 0 0 0 0 
1939 10 0 0 0 0 0 0 0 0 0 0 0 
1940 10 0 0 0 0 0 0 0 0 0 0 0 
1941 10 0 0 0 0 0 0 0 0 0 0 0 
1942 10 0 0 0 0 0 0 0 0 0 0 0 
1943 10 0 0 0 0 0 0 0 0 0 0 0 
1944 10 0 0 0 0 0 0 0 0 0 0 0 
1945 10 0 0 0 0 0 0 0 0 0 0 0 
1946 10 0 0 0 0 0 0 0 0 0 0 0 
1947 10 0 0 0 0 0 0 0 0 0 0 0 
1948 10 0 0 0 0 0 0 0 0 0 0 0 
1949 10 0 0 0 0 0 0 0 0 0 0 0 
1950 10 0 0 0 0 0 0 0 0 0 0 0 
1951 10 0 0 0 0 0 0 0 0 0 0 0 
1952 10 0 0 0 0 0 0 0 0 0 0 0 
1953 10 0 0 0 0 0 0 0 0 0 0 0 
1954 10 0 0 0 0 0 0 0 0 0 0 0 
1955 10 0 0 0 0 0 0 0 0 0 0 0 
1956 10 0 0 0 0 0 0 0 0 0 0 0 
1957 10 0 0 0 0 0 0 0 0 0 0 0 
1958 10 0 0 0 0 0 0 0 0 0 0 0 
1959 10 0 0 0 0 0 0 0 0 0 0 0 
1960 10 0 0 0 0 0 0 0 0 0 0 0 
1961 10 0 0 0 0 0 0 0 0 0 0 0 
1962 10 0 0 0 0 0 0 0 0 0 0 0 
1963 10 0 0 0 0 0 0 0 0 0 0 0 
1964 10 0 0 0 0 0 0 0 0 0 0 0 
1965 10 0 0 0 0 0 0 0 0 0 0 0 
1966 10 0 0 0 0 0 0 0 0 0 0 0 
1967 10 0 0 0 0 0 0 0 0 0 0 0 
1968 10 0 0 0 0 0 0 0 0 0 0 0 
1969 10 0 0 0 0 0 0 0 0 0 0 0 
1970 10 0 0 0 0 0 0 0 0 0 0 0 
1971 10 0 0 0 0 0 0 0 0 0 0 0 
1972 10 0 0 0 0 0 0 0 0 0 0 0 
1973 10 0 0 0 0 0 0 0 0 0 0 0 
1974 10 0 0 0 0 0 0 0 0 0 0 0 
1975 10 0 0 0 0 0 0 0 0 0 0 0 
1976 10 0 0 0 0 0 0 0 0 0 0 0 
1977 10 0 0 0 0 0 0 0 0 0 0 0 
1978 10 0 0 0 0 0 0 0 0 0 0 0 
1979 10 0 0 0 0 0 0 0 0 0 0 0 
1980 10 0 0 0 0 0 0 0 0 0 0 0 
1981 10 0 0 0 0 0 0 0 0 0 0 0 
1982 10 0 0 0 0 0 0 0 0 0 0 0 
1983 10 0 0 0 0 0 0 0 0 0 0 0 
1984 10 0 0 0 0 0 0 0 0 0 0 0 
1985 10 0 0 0 0 0 0 0 0 0 0 0 
1986 10 0 0 0 0 0 0 0 0 0 0 0 
1987 10 0 0 0 0 0 0 0 0 0 0 0 
1988 10 0 0 0 0 0 0 0 0 0 0 0 
1989 10 0 0 0 0 0 0 0 0 0 0 0 
1990 10 0 0 0 0 0 0 0 0 0 0 0 
1991 10 0 0 0 0 0 0 0 0 0 0 0 
1992 10 0 0 0 0 0 0 0 0 0 0 0 
1993 10 0 0 0 0 0 0 0 0 0 0 0 
1994 10 0 0 0 0 0 0 0 0 0 0 0 
1995 10 0 0 0 0 0 0 0 0 0 0 0 
1996 10 0 0 0 0 0 0 0 0 0 0 0 
1997 10 0 0 0 0 0 0 0 0 0 0 0 
1998 10 0 0 0 0 0 0 0 0 0 0 0 
1999 10 0 0 0 0 0 0 0 0 0 0 0 
2000 10 0 0 0 0 0 0 0 0 0 0 0 
2001 10 0 0 0 0 0 0 0 0 0 0 0 
2002 10 0 0 0 0 0 0 0 0 0 0 0 
2003 10 0 0 0 0 0 0 0 0 0 0 0 
2004 10 0 0 0 0 0 0 0 0 0 0 0 
2005 10 0 0 0 0 0 0 0 0 0 0 0 
2006 10 0 0 0 0 0 0 0 0 0 0 0 
2007 10 0 0 0 0 0 0 0 0 0 0 0 
2008 10 0 0 0 0 0 0 0 0 0 0 0 
2009 10 0 0 0 0 0 0 0 0 0 0 0 
2010 10 0 0 0 0 0 0 0 0 0 0 0 
2011 10 0 0 0 0 0 0 0 0 0 0 0 
2012 10 0 0 0 0 0 0 0 0 0 0 0 
2013 10 0 0 0 0 0 0 0 0 0 0 0 
2014 10 0 0 0 0 0 0 0 0 0 0 0 
2015 10 0 0 0 0 0 0 0 0 0 0 0 
2016 10 0 0 0 0 0 0 0 0 0 0 0 
2017 10 0 0 0 0 0 0 0 0 0 0 0 
2018 10 0 0 0 0 0 0 0 0 0 0 0 
2019 10 0 0 0 0 0 0 0 0 0 0 0 
2020 10 0 0 0 0 0 0 0 0 0 0 0 
2021 10 0 0 0 0 0 0 0 0 0 0 0 
2022 10 0 0 0 0 0 0 0 0 0 0 0 
2023 10 0 0 0 0 0 0 0 0 0 0 0 
2024 10 0 0 0 0 0 0 0 0 0 0 0 
2025 10 0 0 0 0 0 0 0 0 0 0 0 
2026 10 0 0 0 0 0 0 0 0 0 0 0 
2027 10 0 0 0 0 0 0 0 0 0 0 0 
2028 10 0 0 0 0 0 0 0 0 0 0 0 
2029 10 0 0 0 0 0 0 0 0 0 0 0 
2030 10 0 0 0 0 0 0 0 0 0 0 0 
2031 10 0 0 0 0 0 0 0 0 0 0 0 
2032 10 0 0 0 0 0 0 0 0 0 0 0 
2033 10 0 0 0 0 0 0 0 0 0 0 0 
2034 10 0 0 0 0 0 0 0 0 0 0 0 
2035 10 0 0 0 0 0 0 0 0 0 0 0 
2036 10 0 0 0 0 0 0 0 0 0 0 0 
2037 10 0 0 0 0 0 0 0 0 0 0 0 
2038 10 0 0 0 0 0 0 0 0 0 0 0 
2039 10 0 0 0 0 0 0 0 0 0 0 0 
2040 10 0 0 0 0 0 0 0 0 0 0 0 
2041 10 0 0 0 0 0 0 0 0 0 0 0 
2042 10 0 0 0 0 0 0 0 0 0 0 0 
2043 10 0 0 0 0 0 0 0 0 0 0 0 
2044 10 0 0 0 0 0 0 0 0 0 0 0 
2045 10 0 0 0 0 0 0 0 0 0 0 0 
2046 10 0 0 0 0 0 0 0 0 0 0 0 

0 5 2 2 0.161616 4 14 -2 7 34 14 45 14 43 4 0.988095 83 12 -31 -24 2 9 -34 8 -11 13 -39 -23 18 19 30 -23 27 7 7 10 29 12 10 11 -38 -23 22 -25 4 6 18 -23 35 5 -13 -24 4 16 16 8 32 9 -34 9 -34 -18 -10 4 -23 9 28 -17 -17 10 22 1 -40 17 -36 16 -11 -23 -35 14 -33 -22 24 16 -8 16 44 12 -10 12 -7 21 31 2 -10 7 -8 12 -14 -22 2 -22 11 -22 13 11 -2 14 -38 7 -25 6 21 -19 44 0 -29 8 12 20 -40 19 -43 17 -15 24 -26 6 -19 -20 -2 7 12 -20 -9 24 3 11 -24 10 34 -1 44 10 25 -20 4 11 12 -1 -16 15 -11 -1 22 8 -38 -20 -22 18 31 -2 -25 16 -35 23 -33 9 -24 23 -28 14 0 -2 24 -14 35 -20 12 13 -42 8 -45 
1 5 2 2 0.222222 1 16 -2 4 0.982456 14 11 -15 21 21 8 22 20 13 18 44 16 -12 19 -27 18 20 11 40 21 43 21 42 20 45 13 45 26 7 
2 5 2 2 0.333333 1 11 20 4 0.969697 8 22 -2 21 -1 20 -10 17 -2 18 1 16 1 16 25 16 24 
3 5 2 2 0.976378 31 13 -27 10 -12 16 37 16 -6 13 -10 16 46 9 -2 12 -20 13 -22 10 19 9 -3 14 -26 15 -10 7 4 15 -22 15 7 7 -18 15 11 15 -5 16 25 11 19 12 34 14 -21 6 -25 7 -23 6 -27 10 -29 10 -15 6 -24 14 13 14 8 4 0.27907 3 25 14 20 42 25 -21 
4 5 2 2 0.933333 7 -15 23 -15 33 -15 16 -15 -24 -15 -24 -15 2 -15 -31 4 0.533333 2 -15 30 -7 30 
5 5 2 2 0.16 5 1 -34 -13 -14 -13 -13 -14 -7 -14 42 4 0.988235 105 -12 28 -21 26 -13 23 -12 24 -11 32 -14 24 17 -19 15 32 -3 22 12 -13 -11 18 -21 31 -5 23 -2 32 4 16 -1 -7 1 -17 9 -29 -7 -14 1 -24 2 44 3 11 -13 41 2 -32 -5 43 -22 44 -19 0 -16 37 -19 3 -1 1 -10 -31 -7 -23 10 38 11 7 9 23 -3 -9 -1 42 -3 -15 9 15 -3 34 -6 34 2 17 -4 4 -5 2 -4 6 -5 -9 -22 -25 -3 -4 6 -14 -13 -8 -5 -3 -4 16 2 27 -11 -7 -8 -6 -3 -19 -12 -17 -10 -2 -8 42 -7 1 -7 -19 -7 38 -24 -26 -16 34 -22 38 -5 -7 -10 -22 -25 -27 -14 3 -13 41 -18 9 14 43 2 -14 -9 45 -15 -21 0 -1 3 -29 8 44 -16 -6 -3 3 -22 -2 0 -19 -25 -21 1 18 8 -10 -14 4 7 40 -3 40 9 16 -14 12 -14 16 -13 9 -3 21 -6 9 -20 6 -13 10 -14 10 -21 14 1 -8 -17 11 3 -8 -13 17 -17 20 -12 19 -11 19 
6 5 2 2 0.571429 3 -10 39 -15 24 -15 31 4 0.923077 9 -23 23 -24 23 -21 43 17 37 18 42 16 -34 23 -32 -5 -33 -19 -31 
7 5 2 2 0.941176 8 -10 -20 6 -35 9 -35 11 -6 9 0 -13 -28 9 31 8 12 4 0.5 2 -23 41 -10 -26 
8 5 2 2 0.0888889 1 -15 -23 4 0.993939 41 1 -5 2 0 1 -33 -20 20 -19 -9 -20 43 -21 40 -23 29 -13 -33 -7 28 -9 -31 -23 -29 -21 -32 -23 -8 -21 -10 4 6 -19 -35 -18 34 -17 27 -9 36 -15 26 -15 39 -4 42 -9 -34 -15 -33 -3 -30 -10 32 10 -31 -12 -36 -9 29 -14 -35 -1 -36 4 -41 -10 -41 -25 -39 -1 5 -23 -39 -19 -39 -12 -43 7 -36 -6 -40 
9 5 2 2 0.847458 50 9 -30 8 -4 9 45 9 38 8 25 12 14 8 33 6 -7 11 38 10 -2 7 27 5 20 6 27 6 -35 8 -31 6 -42 16 2 5 22 14 5 12 -47 5 19 14 28 4 -24 5 -2 4 21 6 29 6 4 6 5 15 35 6 26 5 14 5 -13 8 -31 6 30 6 38 8 -37 14 9 3 20 4 37 3 -19 4 -27 4 -38 4 6 4 4 5 -3 3 10 11 -35 -13 48 -12 47 1 -15 4 0.742268 36 8 23 5 17 7 -14 7 17 8 -1 -1 37 -3 19 -3 11 13 -1 15 -21 15 -29 13 -4 16 18 4 5 14 30 12 1 15 -45 -2 31 7 16 6 -28 4 -41 3 -44 8 11 -3 -15 22 13 1 -3 22 -11 9 43 4 19 4 12 14 -23 -3 39 22 -20 12 31 -6 -2 21 -11 
10 5 2 2 0.266667 3 -12 6 -20 -20 -10 42 4 0.977778 33 -3 13 -11 -34 -13 -23 -7 -7 -20 7 -9 -21 -14 -20 -14 -19 -7 24 -5 -13 -12 43 -15 -3 -16 -23 -5 35 -9 2 -17 39 -2 33 -6 38 -8 2 -9 -30 -18 37 -5 18 -19 31 -17 -20 -14 -10 -11 -18 -16 -5 -2 13 -2 7 2 26 12 -2 4 38 13 -23 
11 5 2 2 0.444444 1 -19 14 4 0.952381 5 -18 44 -19 42 -7 44 -19 41 -7 36 
12 5 2 2 0.951769 74 3 41 -7 38 -5 39 -10 46 -7 39 -13 42 -14 42 -13 41 -4 43 3 43 3 45 -12 43 -10 44 -5 47 -20 28 -13 45 -20 45 -8 45 -20 40 -16 42 -20 7 6 39 -16 41 -11 44 -12 7 -18 -34 -9 42 -16 -26 -6 41 -9 43 14 42 -5 41 -14 43 -11 -3 -4 37 -8 40 -2 45 -6 46 0 43 11 40 -11 12 -16 44 16 38 -1 42 -10 35 -7 46 -1 38 -13 -22 -11 43 -16 -10 12 2 -11 45 9 41 6 1 -19 -28 1 39 1 44 -14 45 -2 41 -6 45 -16 -2 -2 42 -1 45 -2 41 -3 45 8 45 8 41 -1 42 -3 45 3 40 7 32 6 37 4 44 7 37 4 0.447761 15 -14 44 -18 21 -2 41 -21 -8 -10 41 -1 -31 -22 -7 -20 13 -7 44 -16 43 -21 -31 21 -15 9 34 7 43 4 45 
13 5 2 2 0.666667 8 -7 27 -10 20 -4 -12 14 26 -4 -10 3 -3 -5 -1 1 6 4 0.888889 16 -22 39 -22 30 -22 12 -19 36 -20 20 -19 33 -16 39 10 39 7 29 8 1 5 32 -5 7 0 12 -6 3 0 24 -1 13 
14 5 2 2 0.950853 474 -11 34 7 9 -17 27 12 33 -7 -1 -5 5 11 14 -6 -2 5 -16 -19 41 -8 35 5 3 -13 22 -4 -10 -18 34 -17 19 -4 -20 -14 6 7 -2 -15 20 -16 39 -9 22 -9 -30 -10 -31 -9 19 -13 35 -11 35 1 2 -3 -16 -12 33 -1 -12 -12 -33 5 27 -13 -4 -8 0 -18 -18 -14 -41 2 -3 -8 -30 -12 7 -15 6 -18 1 -11 30 -3 -3 -11 14 -16 8 -9 31 -14 -31 -14 -22 -16 37 -11 5 3 -5 -8 34 -11 -30 -10 -30 5 19 -9 -6 -14 22 -12 23 -16 30 -2 -15 -4 -17 -6 -27 -10 22 -8 -21 -9 28 -4 -8 -9 38 -14 24 -2 -9 -9 29 -6 -2 -10 28 1 -4 5 27 -13 21 -6 9 -14 20 -5 1 -19 -17 -13 -7 -20 22 -10 -6 5 17 -18 29 -2 -29 -17 38 -18 -16 3 31 -11 19 0 9 -10 31 -10 30 -13 11 -10 -11 1 1 -2 9 -1 3 -13 -17 -10 19 -2 39 -10 -5 -17 23 9 23 4 32 -12 37 0 36 -12 38 -6 28 -20 -6 -10 -7 -6 -13 3 34 -2 10 -5 -22 -6 -32 -15 20 -3 -23 -7 7 -9 -29 -16 20 -17 -30 -5 6 -10 5 -10 -10 -20 28 3 17 -5 -16 -6 -23 -5 -13 -6 -8 -18 19 1 -14 -1 10 -6 22 -5 -15 -8 7 -1 11 -14 -12 -7 6 -7 -15 -5 2 -3 -12 -14 31 -9 -3 -10 13 -1 29 -10 -7 -6 -11 16 29 -11 30 -2 -38 -1 14 4 -23 -20 5 0 -29 -12 14 -9 -8 5 11 6 10 -10 -30 -5 -23 -15 -17 -1 -34 8 10 10 25 -4 12 -20 -8 -17 -29 -6 20 -7 25 -10 0 -5 -2 -10 -43 -5 30 -1 -38 -4 -25 -1 -7 -5 -26 -10 7 -15 21 -9 -33 -15 -45 -5 -14 -1 20 -2 1 3 23 -14 -5 -4 30 -6 20 -19 -33 -13 -32 -10 -21 2 -22 -16 -28 -11 37 -18 -28 2 -16 -8 -34 -16 20 -7 13 -4 5 -9 30 3 -24 -11 -8 0 22 12 -17 -15 29 -3 -1 -13 -14 -12 -39 -7 -27 12 -10 -5 -18 -1 -15 -3 26 -14 -43 -20 -34 -5 -34 9 32 -9 1 -2 36 -9 -34 -1 -21 -2 -3 -7 -34 4 -3 -12 -18 9 32 16 -31 -10 -20 -14 -12 -20 33 -13 8 -6 14 -17 -25 -3 1 -14 3 -18 -27 -14 -26 1 33 -5 -4 -6 35 -14 -6 -8 35 -10 17 0 15 -20 -23 9 35 -11 -39 -20 37 -16 -32 -11 27 -20 -22 -6 -17 -12 -13 -12 30 -11 -15 -2 -35 -6 36 -7 -41 -6 -31 -6 20 0 19 -5 7 -5 -29 -9 -2 -15 -11 0 -40 -15 33 -11 31 -2 -8 -11 3 -10 -39 -12 -43 -6 38 -15 -2 -14 -9 -7 -40 -15 -15 -12 -44 -4 -27 -9 24 -5 -2 -11 -20 -15 -23 -9 17 -11 -34 -8 30 -13 2 2 -9 7 35 7 34 -6 -41 -20 -40 14 -36 6 33 9 31 -10 7 -6 20 -3 -36 -9 38 1 21 -13 -26 -4 36 -15 19 -3 23 2 37 -13 -9 -1 16 -8 -24 -4 -26 3 -40 -12 12 -6 -30 -17 -38 5 1 -6 38 -14 -33 4 29 -12 27 -4 12 -9 -38 -1 -16 -3 -6 -3 -7 -5 32 5 33 11 -20 -4 30 -10 25 -20 -33 3 -29 8 -35 2 -10 -4 -37 2 2 -4 -1 -8 15 -12 -21 -2 35 -4 21 -4 23 -2 22 -8 -2 8 13 -4 12 0 -42 -1 -44 -10 21 -12 30 4 28 -2 -38 2 15 3 28 4 26 -15 -35 -7 10 1 -37 -6 36 -13 -23 -1 -18 7 -36 7 -44 -1 -6 -1 -8 -7 -45 -20 -39 -7 36 2 -42 -1 36 4 -32 -12 -34 -12 -33 3 35 2 12 -1 28 -7 33 0 24 4 33 -2 3 4 23 -18 -38 7 8 -8 24 -12 -30 -7 11 -1 7 -13 28 -15 -2 -8 24 3 33 -2 24 0 8 -13 10 -3 22 -1 28 -1 2 -2 34 5 -45 -10 29 -5 13 -10 13 -3 -33 5 4 3 -17 -4 36 -13 -40 -7 -37 5 32 -9 -19 -19 -36 -10 19 13 -40 -1 -21 -9 -34 -5 21 -2 32 -3 -24 -6 -17 2 5 -10 -45 4 -40 2 -39 -1 -14 -1 0 -7 -34 -9 -42 7 -5 -4 -20 -4 25 -3 -12 1 5 3 -41 1 -22 -8 -39 -10 28 3 32 -17 10 -17 8 -2 34 -8 -40 1 -45 -6 -27 -2 1 4 19 -6 -34 5 36 -7 -40 7 -38 -6 30 -13 -16 8 -26 -5 -9 10 26 -6 -41 -5 29 -17 -41 5 -11 -3 -44 16 -43 15 -45 -6 -36 -3 -39 -3 -13 -6 -12 7 34 5 22 -10 -41 -4 -36 -1 -31 -4 -7 -13 10 -4 12 4 0.452656 98 -2 0 3 -5 -5 -12 0 14 15 -2 7 0 2 35 9 30 -10 7 2 -14 0 -5 -15 6 4 -25 -7 17 -5 16 -5 -5 -9 28 -3 -7 -18 -31 4 33 -5 -5 -12 8 -19 9 -19 22 -8 -8 -4 19 -6 22 -6 -11 8 -13 -5 24 -6 14 -3 -26 -3 -22 -16 -16 -14 26 -10 -33 0 14 -7 -10 -6 25 -23 -34 7 -41 -7 -19 -9 15 -17 -39 -19 31 2 -10 -9 24 -10 22 -18 -41 -18 -27 -4 -37 -6 33 0 -35 -13 -2 6 -29 3 1 -8 39 -8 40 -6 38 -4 -9 -12 0 -10 -13 -11 2 -13 -4 -4 32 -10 19 -14 11 4 6 -16 3 -11 -16 -15 37 13 -40 14 -37 -16 -37 -5 -12 -11 8 -11 -38 -19 -39 -19 -40 11 -35 -19 -36 -14 27 -15 -3 -13 -3 9 -16 -13 -40 -17 24 -11 27 -17 -38 -13 -38 -16 -18 -13 -15 -14 -33 -13 20 -10 24 12 -38 -12 -7 -8 -22 
15 5 2 2 0.923077 72 12 -35 12 -36 12 -39 10 -40 9 -33 5 -12 3 -12 3 -40 4 25 14 18 6 -35 10 10 3 17 14 23 4 0 2 -36 11 -5 9 -17 2 -41 3 -18 11 10 3 22 8 -25 10 -37 4 -6 14 -44 4 10 13 22 3 4 3 1 3 -3 13 -44 3 -1 9 -12 2 -24 12 14 3 6 2 15 6 -38 2 14 3 3 7 -43 2 -17 13 -4 12 24 3 -40 1 21 3 -15 2 17 7 -24 8 21 2 -5 1 7 2 -17 15 -26 6 -34 0 -19 7 -2 11 -23 10 -37 1 -27 -1 15 5 -43 1 -36 -1 -2 4 -40 -14 16 -14 15 8 5 -14 9 -12 14 9 -18 4 0.571429 24 21 -34 19 15 18 18 18 -16 18 -26 17 21 17 -36 4 25 6 -10 17 -23 17 9 6 -18 13 -40 3 23 2 -39 11 20 12 -7 15 -4 9 -24 -22 -21 14 14 2 -35 -21 -43 2 17 
16 5 2 2 0.272727 3 8 6 9 -34 7 7 4 0.977099 32 -19 -22 -22 -4 -1 -40 7 23 -14 -27 9 16 10 26 5 -4 -17 -14 -8 -7 -8 -26 -6 -12 -16 -30 -14 23 10 -17 -14 -7 -14 -24 -5 -18 1 -30 -10 -24 9 16 -12 -34 -2 -9 -1 -7 2 2 -1 -21 0 -7 1 14 2 -22 8 15 9 3 10 5 
17 5 2 2 0.117647 2 -12 11 0 -26 4 0.991736 60 11 -22 14 37 3 20 8 -6 -12 14 13 -7 4 -6 14 17 7 10 4 11 -16 -22 -2 -23 5 -36 -14 11 11 -13 3 -39 -14 -10 -13 -11 -2 -34 8 27 7 -7 0 -18 -4 -25 7 -9 6 29 6 9 -3 -43 6 43 8 -9 9 31 1 -20 6 22 6 -23 0 -34 -9 33 2 -20 10 -24 -8 1 5 19 -1 -18 5 -24 4 -39 -6 40 5 -32 -9 -26 0 11 -5 29 -22 33 -4 37 2 -8 0 19 -1 20 -6 40 -1 -1 0 -23 -19 -37 11 -41 14 -42 -10 -44 4 -4 
18 5 2 2 0.0888889 1 6 -47 4 0.993939 41 4 -3 3 8 7 -42 -1 -36 -4 -3 -1 -30 -5 -3 -3 -21 -7 -20 -7 -2 -11 -13 -5 -35 7 -8 0 42 0 -14 -13 44 5 19 -1 13 6 -33 -1 -15 5 -17 6 -18 -6 -41 2 31 3 -17 4 -26 -1 41 -12 -8 -2 42 -7 41 -13 -3 -1 -28 -22 36 -18 35 -19 35 -2 36 -2 38 -18 31 -2 -43 9 -44 -5 25 
19 5 2 2 0.15 3 10 48 -6 49 -3 -45 4 0.989091 68 -5 -1 -5 -4 -5 -7 -5 -19 -10 7 0 2 -9 -9 -12 21 1 -15 -3 32 -21 -44 -5 25 -8 9 -23 33 -7 14 -9 -2 -6 -11 -6 -13 -1 -13 -3 3 -16 -4 -9 -6 -2 -45 -18 3 -18 7 -18 6 2 -12 -5 28 -8 -25 0 -13 -6 -21 -3 -33 -10 -12 -3 -9 -14 0 -14 -7 -21 16 -12 -11 -16 -21 -8 -34 -5 15 -7 26 -13 18 -7 -27 -9 -30 -18 -18 -19 2 -7 -1 -6 -10 -7 -11 -16 30 -11 -5 -8 -32 -17 10 -23 19 -15 24 -12 11 -12 8 -20 -20 -20 -17 -18 -4 -15 -20 -6 -27 -12 -21 -1 -43 -6 -38 -14 -45 -10 -32 
20 5 2 2 0.2 2 16 -37 18 -13 4 0.984615 32 21 -31 21 -37 14 28 19 -30 26 36 17 -11 24 23 15 28 16 -22 15 -16 24 21 19 -29 18 -15 15 -24 18 -24 14 8 24 -26 18 37 24 36 14 -36 19 11 23 31 16 21 19 42 21 2 16 25 23 -16 22 -34 22 4 14 -18 24 -5 16 -4 
21 5 2 2 0.5 2 15 8 18 7 4 0.941176 8 21 14 16 -15 12 43 24 37 10 25 12 38 14 32 14 31 
22 5 2 2 0.947368 9 12 -20 14 43 14 4 15 31 16 22 15 39 15 -28 14 5 14 44 4 0.470588 2 26 -4 6 31 
23 5 2 2 0.1875 3 14 0 16 -43 16 -40 4 0.985782 52 23 -8 5 14 21 0 12 7 2 33 12 22 23 -24 21 0 12 41 10 -21 11 7 7 -4 4 11 4 4 19 29 19 -6 19 -13 18 27 23 43 16 27 24 42 23 0 19 -21 21 -7 21 19 19 35 13 36 15 3 12 12 11 2 13 31 10 14 10 -2 12 32 10 41 3 29 23 -16 7 5 22 -4 25 42 16 30 10 40 7 26 12 -38 16 -28 25 -44 15 -40 14 -43 24 -37 11 -32 0 -45 -19 -44 
24 5 2 2 0.740741 10 17 32 16 32 18 23 15 24 8 -29 11 8 15 -12 12 -12 18 -14 13 43 4 0.848485 14 10 -10 20 8 13 -35 -11 -11 25 -7 4 14 3 26 20 -15 22 -10 15 -33 19 -8 1 -3 -3 -27 18 -44 
25 5 2 2 0.953425 87 14 -1 18 -16 12 24 11 -25 14 44 10 -32 14 -41 1 -51 8 47 15 -14 12 -4 16 -31 15 -6 17 -31 15 -50 10 2 15 -24 17 -16 8 -13 19 16 16 -45 9 9 11 -46 14 -46 0 -52 16 -19 15 -52 16 -50 1 -51 12 -29 14 -47 11 -36 16 -47 -12 -53 16 -44 -6 -42 -7 -53 14 -46 16 -46 12 -47 12 15 12 -42 13 -49 16 -45 -6 -44 14 6 11 -30 -2 -52 -1 -52 9 -43 13 20 8 -47 -3 -53 14 0 -7 -51 11 36 12 37 -3 -48 17 -40 -8 -48 -15 -52 9 12 18 16 14 -49 -2 -53 2 -48 1 -50 0 -43 -6 -53 -1 -46 -3 -49 16 -37 12 -35 0 -53 14 -50 15 19 13 21 14 19 -15 -49 -8 -50 -13 -50 -9 -50 -5 -49 -5 -47 10 -49 -8 -47 -12 -48 4 0.43871 17 25 -10 16 -36 19 -34 19 -39 -13 -39 23 -24 25 0 17 -44 14 -40 6 -42 21 -43 23 -40 -3 -45 -10 -40 12 -44 23 -42 22 -44 
26 5 2 2 0.333333 2 8 -31 10 -41 4 0.969697 16 -9 -44 -8 -44 -10 -44 -14 -44 5 -45 -6 -42 3 -43 -1 -43 9 -37 5 -43 22 -39 23 -35 0 -35 8 -34 18 -25 25 -34 
27 5 2 2 0.862745 11 14 -8 16 -32 -9 -43 10 24 11 23 17 -37 21 -38 11 32 7 31 13 4 17 -34 4 0.717949 7 8 -7 11 28 18 32 8 -44 4 -45 11 -44 11 22 
28 5 2 2 0.992 31 10 -29 10 35 17 -44 15 -17 11 -34 15 -8 13 15 20 -21 19 -16 17 27 16 29 11 35 18 -2 16 31 17 39 14 12 12 -36 14 -31 15 -39 15 -40 12 -4 9 4 14 6 15 -24 12 -24 9 -18 13 -40 19 -14 13 15 18 -1 9 -35 4 0.114286 1 22 -34 
29 5 2 0 0.0869565 1 19 -47 3 0.994083 42 30 51 42 -5 42 -2 34 27 35 22 34 -31 34 20 21 -37 33 -15 35 47 29 -35 32 -27 42 -31 30 -68 23 -98 37 3 33 -68 31 -92 37 27 23 -80 35 -91 32 2 26 -90 35 -6 34 -39 37 -11 29 -46 27 9 27 30 34 -46 34 17 26 37 12 80 25 58 30 -19 23 37 29 11 26 37 34 55 29 37 41 -16 12 33 
30 5 3 0 0.666667 3 17 -42 18 -20 18 -11 3 0.761905 4 27 13 23 40 -24 32 -34 10 4 0.533333 2 6 43 9 21 
31 5 4 0 0.181818 1 21 -66 2 0.896552 13 19 33 17 34 16 34 16 -29 16 -35 17 39 20 -40 19 1 19 -42 18 -30 19 16 20 -36 20 -22 3 0.516129 4 29 -21 30 -64 37 -57 42 -22 4 0.181818 1 26 12 
32 5 3 2 0.869565 5 17 22 17 35 18 21 15 -36 16 37 3 0.363636 1 28 66 4 0.571429 2 24 -43 7 -8 
33 5 3 0 0.181818 1 22 -61 2 0.181818 1 21 -35 4 0.971429 17 18 -19 16 38 8 -40 17 17 18 -21 20 -44 21 -20 18 -1 20 6 22 34 25 6 26 7 21 -31 18 32 14 -21 23 -3 23 6 
34 5 2 2 0.363636 1 21 13 4 0.965517 7 18 -4 19 -8 13 13 23 9 12 4 11 21 20 20 
35 5 3 2 0.97561 30 16 -24 20 43 5 49 17 43 10 52 14 53 15 49 5 52 5 50 13 50 12 53 2 51 13 50 19 31 20 31 18 14 -15 49 -15 50 18 -17 -9 51 -7 51 -13 52 -8 50 -2 48 -4 51 -7 53 -4 53 -3 52 -2 53 -1 52 3 0.111111 1 31 78 4 0.205128 2 26 43 15 42 
36 5 2 0 0.981132 13 4 39 2 38 12 36 3 36 -10 35 -12 38 17 36 21 13 25 37 -10 37 -11 38 15 -39 -1 35 3 0.235294 1 36 21 
37 5 2 0 0.756757 7 20 -22 -11 42 10 76 17 -45 14 -41 12 48 16 -33 3 0.837209 9 30 43 18 86 29 30 20 71 16 85 29 20 19 25 19 3 20 16 
38 5 4 0 0.166667 5 -7 32 25 41 25 -13 23 62 25 -4 2 0.037037 1 20 -13 3 0.979798 97 25 16 -13 95 33 -77 39 27 20 89 23 -13 15 96 20 90 40 30 12 93 34 21 26 -78 29 86 36 39 39 44 31 80 -5 25 38 39 32 -42 39 -4 27 3 34 -7 37 -25 39 -14 36 -13 43 98 45 -6 42 -40 36 -29 36 -31 40 -46 38 0 34 3 38 92 36 59 35 84 43 -20 35 -19 38 56 32 -63 42 -35 38 53 35 87 42 -21 42 -40 36 15 41 42 30 -17 39 23 44 3 32 92 40 -55 43 22 41 -27 26 87 18 95 32 37 32 -25 39 65 37 -93 36 34 27 -25 24 97 23 89 29 84 43 -70 43 0 39 82 34 27 40 -74 42 -1 43 -17 37 -31 37 -38 30 -39 45 -3 42 18 35 -32 27 20 31 0 40 16 37 -79 42 24 19 90 33 9 38 -76 41 33 -4 25 1 89 22 -19 25 25 -2 28 18 40 21 17 -1 24 6 0 25 21 4 0.0720721 2 23 40 21 21 
39 5 3 0 0.727273 2 22 -83 17 -4 1 0.5 1 -10 -39 3 0.727273 2 -3 -41 16 55 
40 5 3 0 0.98615 89 -13 29 -6 60 -6 60 -16 33 -20 30 18 59 8 61 10 60 -7 64 15 52 17 41 8 53 -4 63 6 63 17 52 15 52 17 55 10 54 12 54 15 56 -3 64 -5 57 16 54 15 36 -5 60 13 -51 12 -57 -14 33 -6 66 -5 60 -11 59 -15 55 -18 32 -15 60 14 51 18 -70 11 64 16 -72 -8 31 16 -72 16 -54 17 25 -15 61 10 51 17 -54 15 -69 15 -6 12 -4 -1 59 0 52 16 10 6 52 16 5 16 -5 18 17 17 19 15 -43 18 61 18 -67 15 -20 -8 31 13 65 15 -21 19 -19 15 28 17 26 -1 87 -11 27 -6 86 15 -30 10 91 5 59 16 -44 14 86 7 83 -13 89 0 58 16 -47 4 29 0 89 17 24 0 86 -23 34 18 22 3 91 -10 35 -4 32 16 -78 -13 35 1 0.0412371 1 13 34 3 0.150943 4 -13 21 -8 21 17 38 7 83 
41 5 2 0 0.820513 8 17 -70 -4 55 16 -78 -2 57 15 -36 19 -36 13 33 -13 59 3 0.777778 7 0 73 -26 95 25 32 12 38 18 -10 31 13 -4 100 
42 5 3 0 0.846154 11 4 27 16 -36 20 22 -17 53 17 -1 23 -72 22 -78 13 -30 13 -32 18 27 22 -33 3 0.7 7 37 -29 24 26 24 -5 12 42 33 -4 38 -42 24 0 4 0.181818 1 13 45 
43 5 2 0 0.166667 1 20 -10 3 0.987654 20 24 41 20 -63 29 -4 30 -9 31 52 24 52 34 15 31 15 22 -52 27 -20 20 -36 32 -15 31 75 32 -33 24 68 35 18 29 72 25 93 26 80 22 -73 
44 5 2 0 0.923077 3 17 -42 15 1 19 -69 3 0.571429 1 14 92 
45 5 2 0 0.985507 17 0 30 8 66 8 64 11 19 20 28 18 -52 16 -33 20 -50 -22 25 -18 83 22 -10 17 -27 0 81 20 -31 14 -33 4 30 23 -35 3 0.190476 1 25 -31 
46 5 2 0 0.5 1 17 -51 3 0.941176 4 5 78 5 71 11 67 14 77 
47 5 2 0 0.25 1 -17 70 3 0.979592 12 -8 21 -15 97 -23 19 -12 26 -39 75 -18 22 -27 29 -13 25 -16 94 -36 30 -36 33 -21 87 
48 5 2 0 0.987013 19 2 58 1 56 -1 57 4 54 -13 57 16 -87 15 -86 2 67 -14 57 -8 61 -2 56 12 69 5 47 -2 44 21 -88 9 70 0 65 3 66 -4 56 2 0.173913 1 20 19 
49 5 3 0 0.444444 2 22 -92 13 44 2 0.266667 1 21 42 4 0.923077 9 21 -43 14 -43 14 -45 20 -39 23 45 26 24 20 -43 26 23 14 -38 
50 5 4 0 0.4 2 -17 47 -19 47 2 0.878049 9 21 -1 21 2 17 19 20 -9 18 21 21 16 18 29 19 13 20 -10 3 0.235294 1 25 -98 4 0.4 2 12 -41 22 25 
51 5 2 0 0.228571 2 24 -21 21 27 3 0.981818 27 33 27 11 32 23 35 9 36 25 33 21 36 35 31 13 35 28 90 15 30 30 33 40 -22 45 26 25 -33 38 78 40 26 29 14 27 -19 42 -69 23 78 38 -60 33 -34 23 -96 37 -45 18 8 26 42 9 30 
52 5 3 0 0.470588 4 18 52 10 57 12 54 22 44 1 0.16 1 14 30 3 0.931507 17 33 77 30 38 43 -84 12 32 35 29 37 37 42 12 13 20 13 -39 14 -97 39 17 39 -73 42 11 37 -94 28 -1 41 5 30 33 
53 5 4 0 0.724409 23 24 43 13 25 22 52 25 52 23 46 25 69 12 75 19 74 13 53 22 71 8 68 3 61 17 49 5 69 25 80 2 75 23 68 -1 57 1 50 5 44 5 68 23 -15 16 25 1 0.179104 3 14 36 15 36 16 -23 3 0.66087 19 42 -47 3 -67 37 -70 41 -87 37 -59 39 -8 26 37 10 -92 -3 96 29 44 16 -60 42 63 34 -47 42 60 34 -96 39 1 43 68 43 -67 -22 -62 4 0.536082 13 25 -17 19 13 22 5 21 11 22 -14 23 8 26 -42 21 2 21 16 18 39 18 36 18 33 22 -20 
54 5 4 0 0.882759 32 -9 41 -5 43 -1 43 -3 42 8 72 17 66 15 68 8 73 11 71 -8 41 8 75 10 71 12 70 10 70 14 63 12 46 22 70 4 76 -3 59 7 77 20 92 -12 52 12 89 14 89 19 61 -6 53 24 91 22 -71 -14 42 14 60 13 59 25 -35 2 0.262295 4 19 -44 19 -38 20 -37 21 -37 3 0.536585 11 31 35 33 78 43 39 34 96 12 37 39 38 34 -41 7 78 -15 40 12 99 27 7 4 0.145455 2 19 23 26 34 
55 5 5 0 0.534351 35 -5 49 16 72 10 63 23 67 17 92 20 72 24 88 9 67 14 56 5 70 17 73 -4 49 13 82 -9 57 -23 57 -16 62 -10 54 -21 46 -21 51 -22 50 -22 65 -16 35 -15 56 19 73 18 13 24 67 18 77 14 66 16 -76 22 75 18 -75 8 80 13 82 23 -33 15 75 1 0.265306 13 15 6 17 -15 16 22 16 -14 17 -25 17 25 17 34 16 24 16 34 15 32 14 31 17 33 16 31 2 0.431034 25 19 -15 20 -20 21 45 21 38 21 -19 18 28 20 -7 18 21 20 19 21 -36 20 -31 21 -11 18 34 21 -33 21 -17 21 14 21 35 20 2 21 -29 21 -23 20 -19 18 -35 20 44 20 38 19 38 3 0.644737 49 25 35 -2 75 25 80 28 78 20 88 41 43 -5 97 42 31 35 -18 38 63 32 3 12 40 34 -43 32 -13 34 96 24 -59 41 5 12 37 39 92 25 79 -20 31 31 43 -43 91 -28 94 40 75 -35 41 -41 42 -35 42 -20 42 -20 95 36 -30 -44 40 -1 -82 18 -6 3 20 29 55 33 -43 -18 -71 43 -62 33 56 19 -8 34 69 8 19 38 1 24 33 26 72 31 20 22 67 34 8 4 0.534351 35 22 -34 18 -34 23 32 21 29 14 11 21 22 23 -34 19 0 12 -31 24 1 18 5 21 -9 15 -22 21 44 22 30 26 7 13 31 20 3 14 -28 20 21 18 -3 18 -2 23 26 14 -10 16 -23 20 7 19 -2 15 1 25 -5 12 -25 22 4 17 -27 24 40 23 42 10 39 
56 5 3 0 0.166667 1 20 -84 3 0.974359 19 -10 -65 37 -83 -16 79 15 -34 39 64 20 1 28 -14 15 -26 32 -90 29 -25 15 -31 38 -38 29 -33 13 31 27 -42 28 79 26 -32 30 -27 23 -38 4 0.166667 1 17 44 
57 5 2 0 0.941176 4 -4 54 -4 30 -17 21 3 53 3 0.5 1 -8 91 
58 5 2 0 0.135593 2 -1 53 -16 64 3 0.990291 51 -17 18 -14 17 -6 75 -28 32 -20 94 -37 88 -31 79 -27 26 -4 65 -38 35 -30 83 -39 94 -43 90 -22 99 -17 16 -3 38 -41 41 -42 99 -33 88 -13 68 10 19 -19 19 -21 71 -41 95 -40 98 -16 73 -40 83 -40 28 -43 8 -39 27 -19 18 -1 21 -41 23 -37 -38 -25 75 -44 -41 -24 72 -29 67 -35 -43 -13 18 -34 -37 -44 14 -35 -8 -10 75 -27 69 4 -68 -41 -24 -34 -1 -38 35 -32 70 -33 -13 
59 5 3 0 0.774194 6 -23 91 -20 84 -17 79 -15 79 -22 76 -23 67 1 0.421053 2 -15 -38 -13 -38 3 0.714286 5 -43 -41 -41 -16 -41 0 10 -33 -43 32 
60 5 3 0 0.869565 5 -11 55 -4 26 -24 37 -14 51 -14 52 3 0.363636 1 -23 94 4 0.571429 2 -24 11 -23 14 
61 5 2 0 0.985507 119 8 -15 0 -37 9 -15 5 -11 3 -13 7 -66 2 -2 8 -14 9 -49 7 7 4 -33 7 -46 7 -19 6 -6 1 10 10 -42 6 11 -1 12 -11 -33 6 -37 4 -60 -1 -28 12 -16 9 -16 7 -38 17 14 12 -46 8 16 1 -11 -10 -26 16 -37 5 -63 10 13 10 13 -9 0 15 8 17 10 5 -45 5 -50 2 -41 6 -34 7 4 4 -34 12 -53 3 -42 9 -2 9 -1 9 33 -7 -1 7 -11 8 6 7 -43 7 -21 9 10 14 32 14 -13 6 -41 12 -55 1 -22 8 15 6 -40 9 18 -6 3 10 19 10 -31 15 18 12 14 11 16 6 26 -21 -67 6 -5 7 20 -5 -44 -17 1 8 23 -14 -46 -24 -23 -21 -59 -10 -36 8 -7 10 23 14 -4 -20 -64 16 15 13 16 -6 -25 17 23 6 -3 13 12 7 -52 18 23 -8 10 -13 -30 11 1 8 26 9 28 17 16 10 -17 10 33 13 -44 9 -14 -8 -7 7 -45 10 -4 -13 -13 -24 -66 -22 -54 12 7 17 -17 7 -1 -17 -32 14 -21 -21 -47 9 27 -10 -17 11 14 -9 -31 -8 -42 11 -42 3 0.190476 7 7 8 16 -25 -33 21 12 90 -41 0 -35 2 -42 14 
62 5 2 0 0.736842 7 12 23 5 -34 7 -32 17 -40 -10 -7 17 -37 -24 -74 3 0.851064 10 15 -38 -32 -27 -23 88 -42 71 -33 -2 -40 -10 -15 22 -34 0 -41 2 -37 52 
63 5 2 0 0.996441 70 -10 -41 -8 -26 -13 -35 -14 -30 -17 29 -13 22 -9 -25 -11 -39 -15 17 -8 -17 -14 -34 -16 -31 -13 3 -12 -3 -15 16 -16 16 -8 -2 -14 -22 -13 14 -12 -9 -16 -47 -9 -10 -16 0 -9 -12 -13 -2 -13 -13 -16 8 -12 14 -16 -8 -17 -60 -15 -1 -5 14 -16 -15 -11 -8 -16 0 -12 19 -16 6 -16 -55 -17 -55 -16 -63 -10 12 -16 -62 -12 -53 -8 -57 -9 -58 -7 0 -12 17 -16 -16 -17 38 -4 4 -13 15 -8 -5 -9 52 -16 -26 -13 3 -14 -22 -13 -32 -14 -28 -17 -19 -10 -1 -8 18 -8 -29 -7 22 -12 -33 1 -40 -17 -37 -17 -38 -7 22 -9 -8 -13 -7 3 0.0540541 1 17 -2 
64 5 2 0 0.818182 9 -6 21 19 -68 -15 76 -17 3 3 -17 -17 11 2 -21 10 -73 0 -23 3 0.780488 8 13 43 -42 -45 -28 11 -37 18 -37 -77 -38 -5 -40 -3 -41 5 
65 5 3 0 0.923077 12 6 -68 12 -4 16 -9 14 -42 14 7 19 -5 13 37 12 -28 10 -32 9 35 11 12 16 -15 1 0.210526 1 14 -10 3 0.48 3 19 -84 34 -6 30 6 
66 5 3 0 0.603774 8 13 -62 17 -57 13 7 9 -11 10 -12 1 -46 16 -72 13 38 1 0.86747 18 14 -7 14 -6 13 -5 9 25 10 -7 8 2 8 -31 12 12 13 31 14 17 14 30 14 25 8 2 12 24 13 10 10 10 12 10 11 3 3 0.315789 3 27 54 19 47 22 -3 
67 5 2 1 0.142857 1 7 21 3 0.989691 24 29 -4 -28 81 -35 -76 20 30 -39 -13 -4 77 -29 -31 -43 -28 -39 21 -29 12 -41 42 -43 -50 -40 -53 -42 31 -36 -37 -27 -70 -37 -31 -24 -24 -23 9 -26 -34 -26 41 -30 9 -26 -18 -28 2 
68 5 3 0 0.753623 13 -24 -2 -22 -35 -24 4 -21 11 -24 -62 -23 -44 -23 -30 -21 -11 -21 -8 -23 -35 -20 -28 -23 8 -16 -29 1 0.698413 11 -14 0 -14 -1 -14 -11 -14 23 -13 34 -14 21 -13 35 -12 -12 -14 -12 -13 14 -10 -12 3 0.5 6 -37 -33 -39 -60 -36 -11 -39 6 -39 -32 -27 12 
69 5 2 0 0.99435 44 -2 -16 -6 -49 -5 19 -5 -19 -16 -18 0 14 -3 1 -2 16 -4 -55 -2 2 2 11 7 45 -4 28 5 12 -10 -68 1 21 -2 -59 -1 -5 0 -15 -10 -48 -7 -61 -3 23 -9 -47 4 -3 1 23 -1 28 -1 -50 0 25 -6 -42 -2 -62 2 -50 0 25 -3 -8 -5 -11 6 25 0 -45 3 29 -1 20 -3 -39 -1 32 3 15 -3 -34 6 30 3 34 3 0.0833333 1 -41 -22 
70 5 3 0 0.733333 11 -2 -52 5 41 0 -5 -1 37 -1 -40 7 -21 0 -28 6 -18 5 -38 -4 -19 1 -16 1 0.833333 15 7 -15 6 1 7 -26 7 -25 7 -22 5 -22 6 28 3 -15 9 30 3 -7 6 -26 2 -31 7 28 0 -34 5 10 3 0.133333 1 21 -25 
71 5 2 0 0.972973 9 -1 44 -3 -45 0 -62 -2 -60 -4 -58 2 -59 1 -34 0 -16 1 50 1 0.307692 1 1 -12 
72 5 3 0 0.170213 2 6 -31 12 -22 1 0.0909091 1 13 3 3 0.980645 38 27 -46 27 -42 28 32 27 4 26 19 33 -31 25 39 25 25 25 -31 22 -70 33 -42 20 -35 29 -11 19 -24 27 7 16 -76 21 14 21 34 29 -38 19 42 15 -35 23 -60 26 -8 26 -16 14 -31 18 -71 14 -9 18 18 29 -9 17 -56 17 -25 12 -50 24 -28 10 -66 11 15 15 -57 17 56 16 6 
73 5 3 0 0.432432 4 21 -36 11 20 18 -51 18 -58 1 0.941176 20 12 -8 11 -4 11 -1 12 33 12 26 12 10 11 7 11 17 12 30 12 -27 9 1 10 3 8 6 13 -3 13 17 14 -18 12 32 12 30 14 30 8 -6 3 0.142857 1 19 55 
74 5 2 1 0.307692 1 12 24 3 0.972973 9 13 71 16 -84 8 -33 15 14 22 -25 14 45 15 -12 -1 83 3 86 
75 5 3 0 0.432432 4 18 -39 17 -19 14 -10 10 -51 1 0.926829 19 14 -12 14 5 13 -23 12 -21 11 -13 14 -26 12 22 13 -26 12 -2 11 9 13 -28 9 26 12 31 9 -28 9 -8 14 11 10 0 11 -24 11 -27 3 0.258065 2 33 -21 32 -8 
76 5 4 0 0.32 2 -2 -54 2 -48 1 0.181818 1 -5 -29 3 0.7 7 31 -18 14 73 15 64 -43 10 3 79 -30 30 10 -10 4 0.782609 9 -17 43 -23 -9 -16 24 -20 -23 -23 6 -18 10 -18 16 -24 0 -2 -32 
77 5 2 0 0.986301 18 13 -38 1 -23 -1 -54 6 19 5 -8 9 -58 11 46 11 -11 8 -14 9 -65 8 8 5 -56 11 2 10 3 12 39 9 45 4 48 6 49 4 0.181818 1 -24 -8 
78 5 3 0 0.962963 13 15 -17 10 41 17 -47 8 21 12 -48 8 10 12 43 10 32 13 -29 12 -50 13 -8 15 -49 15 -25 1 0.222222 1 11 23 3 0.222222 1 16 -25 
79 5 2 0 0.285714 1 -16 35 3 0.97561 10 10 62 -33 17 -36 18 -37 -48 18 -80 19 -25 -29 -75 -28 -2 24 8 -31 -34 
80 5 3 0 0.714286 5 5 46 17 14 -17 26 -17 42 -17 -65 1 0.64 4 6 -33 4 -33 5 -30 4 -29 3 0.64 4 25 -24 -21 -19 11 -6 -18 7 
81 5 2 0 0.970414 41 -17 42 -11 -9 -7 -2 -8 43 -11 41 -15 47 7 34 2 2 -13 4 -7 -27 -11 6 -12 -14 -9 19 -14 23 -7 40 -10 -24 -6 7 -3 8 0 1 -7 44 -4 -18 6 32 -10 -26 -4 -5 9 25 -4 4 -4 20 -10 21 -2 30 -12 10 -9 23 -11 -21 0 7 0 12 2 13 -9 14 -12 -28 -9 9 2 4 2 0 -8 -34 1 0.327869 5 -13 35 -5 -1 -4 -1 -13 -1 -5 -6 
82 5 2 0 0.666667 3 1 33 -3 8 -1 35 1 0.888889 6 2 -34 -13 34 -4 -19 -4 -16 0 -23 2 -29 
83 5 3 0 0.358209 12 6 -41 2 38 5 42 4 -27 4 42 1 -20 4 36 -4 -20 -2 -29 2 10 -2 -47 1 -45 1 0.932515 76 8 -31 9 9 6 0 10 29 7 -21 3 -6 4 13 3 -3 4 -5 2 34 5 -26 6 -21 4 -31 2 10 3 15 9 24 2 -21 5 34 9 22 4 30 3 -3 8 13 0 -7 7 0 7 5 0 -2 1 15 5 -26 7 30 -3 -13 0 15 -3 -11 2 14 3 21 6 16 -1 8 4 15 3 32 -4 -6 -2 9 3 -20 3 -21 3 -19 0 26 -3 2 -12 35 3 -2 7 18 -3 8 0 -23 -1 30 7 20 1 29 4 -6 -1 -26 4 35 3 20 4 1 -1 27 5 -18 -1 -23 5 17 1 11 3 -3 2 33 5 14 0 31 1 -4 1 -5 1 4 1 17 1 8 3 -15 -2 18 -8 34 -9 33 3 0.3125 10 19 -43 5 -59 12 -3 12 -10 4 -53 22 1 20 6 23 -40 11 12 -40 -42 
84 5 3 0 0.903226 7 0 11 -5 -57 -8 -26 -6 -57 -6 -37 -8 -36 -3 -53 1 0.5 2 -2 33 1 -7 3 0.307692 1 7 -15 
85 5 4 0 0.038835 1 0 -68 1 0.989691 96 -14 27 -8 27 -14 28 -12 21 -12 24 -4 -4 -9 -6 -13 3 -8 2 -11 15 -11 14 -7 7 -5 13 -14 26 -11 19 -5 24 -7 15 -10 18 -12 -12 -12 0 -7 -13 -9 15 -9 11 -13 -3 -12 -15 -11 -16 -9 2 -11 -30 -4 15 -4 2 -13 27 -10 20 -7 -10 -14 17 -8 2 -13 11 -9 -13 -14 0 -14 -20 -9 2 -14 -24 -12 -25 -5 0 -14 -22 -13 -18 -6 -16 -9 -10 -13 -1 -9 26 -10 -11 -11 28 -5 24 -12 -27 -10 -22 -11 -23 -12 5 -13 14 1 -4 -14 -17 -4 1 -7 31 -7 31 -7 -31 -2 0 -4 -10 -11 -1 -11 -16 -4 -11 2 -6 -10 17 -14 7 -4 -9 -10 -5 -12 -31 -1 3 -1 5 -11 20 -6 0 -13 -33 -11 22 -8 22 -6 16 -1 20 -9 -23 -3 16 -1 19 1 24 -3 27 -4 0 -3 10 -2 19 -1 9 0 -32 0 9 2 10 -1 14 3 0.0754717 2 -31 -35 -40 11 4 0.038835 1 -3 -17 
86 5 3 0 0.903226 7 -12 34 -10 36 -10 35 -13 -50 -9 24 -11 -66 -9 -56 1 0.307692 1 -4 -23 3 0.5 2 -24 -26 4 25 
87 5 2 0 0.588235 5 -1 37 -2 -59 3 38 -2 -51 0 -69 1 0.918033 14 -1 5 -3 -8 -4 -30 -3 15 1 24 -3 25 -3 13 0 -25 1 23 -1 22 2 22 3 26 0 8 1 10 
88 5 2 0 0.571429 1 18 -14 3 0.923077 3 -28 41 16 23 -28 40 
89 5 3 0 0.985507 34 -11 27 -16 29 -14 28 -8 22 -7 32 -6 25 0 18 2 29 -5 16 2 30 1 37 -5 22 6 30 1 18 -2 -17 5 35 -4 50 15 0 15 18 0 48 10 -75 11 -38 13 -38 9 47 13 -56 6 -19 8 -51 17 -17 9 -60 10 -32 9 -55 12 -60 10 -57 18 -44 1 0.102564 1 2 20 3 0.102564 1 0 39 
90 5 3 0 0.173913 1 2 -11 1 0.173913 1 5 -13 3 0.972973 18 -1 -68 8 40 14 -20 0 -58 3 -70 10 48 7 42 11 -27 15 -1 -41 21 4 -53 15 -5 8 -80 10 1 12 40 14 42 16 39 -37 33 
91 5 3 0 0.571429 1 -8 51 1 0.571429 1 17 6 3 0.8 2 -35 78 -25 91 
92 5 2 0 0.992701 34 -24 16 -15 16 -9 15 -17 17 -11 52 -17 46 -10 18 0 17 -3 17 3 16 -5 44 -7 46 4 21 1 22 -7 43 1 48 -1 48 3 44 3 46 -11 71 -7 69 -14 72 -2 71 -17 72 -7 73 -3 77 -12 73 -17 73 -12 73 -6 75 -13 77 -13 77 -11 75 -11 77 3 0.105263 1 21 12 
93 5 2 0 0.5 1 -22 22 3 0.941176 4 -8 62 -16 14 -40 66 -27 15 
94 5 3 0 0.390244 4 14 4 13 4 12 10 7 -1 1 0.603774 8 16 -7 17 -2 17 24 14 -32 16 -10 16 -15 17 -4 17 -2 3 0.85 17 23 5 -2 71 12 -71 -28 16 13 21 -20 -36 -21 -28 10 22 -20 -41 -25 9 -19 -86 -40 -56 -18 -20 -42 -14 -20 -11 -20 -35 -29 -55 
95 5 3 0 0.842553 99 -20 5 -11 14 -14 9 -12 10 -14 9 -18 1 -23 9 -14 3 -19 -17 -17 -21 -17 -30 -10 -22 -13 -6 -19 -45 -17 -46 -21 -68 1 -15 -19 -51 -22 -44 -17 -63 -8 4 -9 8 -11 -34 -8 -24 -20 -70 -8 2 -13 -63 -22 -4 -5 8 -17 -38 -10 -65 -13 32 -7 -36 -14 -57 -6 -11 -6 -49 -6 -48 -16 40 -6 -59 -8 -67 -11 -29 -14 -17 7 -60 -5 -48 -8 -27 -4 -17 -15 -33 -9 32 -14 36 -21 -22 -4 -10 -2 -41 -2 -76 -1 -31 -7 -53 -2 -39 -14 -16 1 -12 -17 -21 -4 -52 -15 -32 -15 -24 4 12 -15 -26 -1 -13 -3 -37 -4 -60 -13 -48 -16 -62 -12 -46 -11 -44 -3 -57 -2 -51 3 -10 -2 -60 -2 37 7 -73 6 -23 -2 40 -2 38 -10 -62 -1 34 7 0 3 -26 -9 -60 -8 -70 -8 -58 5 -40 -2 40 -6 -67 4 -42 7 -36 8 -9 8 -11 -1 -66 -1 -64 9 -54 8 -68 9 -66 1 0.162437 8 -9 -6 -7 7 -5 20 -9 35 -5 7 -2 16 -2 21 -1 26 3 0.71159 66 -28 -24 -23 -18 -36 1 -3 6 -3 2 -25 54 -32 -46 -5 4 -25 -60 -38 -13 -40 -13 -38 -24 -37 -74 -41 -59 -26 -18 -42 -42 -18 -8 -21 -13 -17 0 -27 9 -16 -31 -28 36 -9 -9 19 -7 -21 -42 -23 -33 3 4 -4 37 -24 -15 -4 -43 -15 -9 -5 -12 -17 5 -15 4 -1 -44 -11 40 -3 68 -11 32 1 -37 -8 29 12 1 -29 35 -13 15 -30 -1 -4 40 -15 -81 7 14 6 -68 5 13 -11 6 -10 25 9 -16 0 -24 14 3 1 33 11 -4 1 14 -6 -10 -5 -37 13 11 16 11 -4 -10 9 -38 11 -37 0 5 6 -80 
96 5 2 1 0.137931 1 13 -33 3 0.990099 25 14 16 1 13 -8 87 -30 54 -31 55 -42 -5 -12 -5 -12 -41 11 10 -10 10 -9 67 -18 -82 17 -26 -14 -27 -13 -3 -3 -4 -2 -90 6 5 -9 -80 9 -9 6 12 -10 19 -14 19 4 -5 6 -51 
97 5 3 1 0.666667 1 -6 -31 3 0.666667 1 11 39 4 0.666667 1 -5 -18 
98 5 2 1 0.114286 1 -6 -22 3 0.992 31 12 5 11 5 1 -3 -7 -86 -12 -22 7 -23 -2 -14 -9 -27 -1 -12 -8 1 1 -28 -10 -43 -9 -77 -5 -28 -10 -21 -8 -64 -6 -18 8 -49 2 7 11 -19 -4 -1 -14 -65 10 30 6 -86 -24 18 7 -24 -7 -21 -3 23 -6 24 7 46 -8 -20 
99 5 2 0 0.181818 1 9 -68 3 0.986301 18 17 56 -1 63 9 18 9 -21 -37 -42 -20 -82 -21 10 5 50 -19 -7 -12 -16 -11 -1 -24 9 -26 18 -7 -17 -26 21 -13 -14 6 13 -4 -47 
100 5 3 0 0.761905 8 -9 -68 0 9 0 7 2 7 3 9 -11 -54 4 16 10 11 1 0.333333 2 -6 -1 -4 9 3 0.761905 8 12 9 3 -51 -4 13 -10 -51 -6 3 -2 23 9 -7 12 12 
101 5 3 0 0.0747664 2 -17 9 -12 6 1 0.141593 4 17 23 17 -14 17 19 17 -18 3 0.984456 95 -4 78 -13 11 -11 44 18 -17 7 -15 -39 61 -4 65 6 -21 -35 57 -32 60 -42 47 -40 -28 -39 -71 -31 -24 -31 40 -33 9 -20 -5 -33 22 -19 -18 -31 -52 -21 -40 -19 -34 -31 -56 -37 24 -17 -15 -37 -59 -20 -8 -25 48 -27 -17 -25 31 -27 47 -15 -43 -13 -24 -18 -1 -19 52 -17 26 -11 -1 -17 -68 -16 6 -17 -83 -35 1 -25 -34 -11 -11 -15 -65 -18 48 -26 -47 -19 -10 -18 -31 -9 -48 -18 -2 -36 -84 -25 -51 -26 -50 -32 -5 -12 -3 -8 -2 -16 -32 -7 32 -17 -25 -14 22 -28 -13 -5 -66 -24 -71 -3 22 -32 54 -33 -60 -7 -39 -14 39 -31 49 -1 -8 3 -19 -10 -84 -10 32 2 -1 5 -2 -31 -49 -31 -45 -12 -1 -5 -23 -15 -51 -28 53 -16 -26 -5 -35 -17 -6 -21 -72 -12 -50 -19 -28 -7 61 -8 -43 -11 -14 -15 -45 -10 51 -9 51 -16 -25 0 -13 
102 5 2 1 0.972973 9 16 -33 13 -39 -8 -26 -13 -21 -10 -29 -9 -21 -8 -19 -13 -29 -12 -29 3 0.307692 1 -12 -3 
103 5 2 1 0.695652 4 8 -39 -15 -34 -14 -34 -13 -33 3 0.875 7 -14 25 -2 -96 -3 -96 10 -13 -15 -20 5 -27 -12 -44 
104 5 2 0 0.285714 1 -9 -81 3 0.97561 10 3 -10 -10 12 -29 60 11 66 -3 33 11 79 18 29 17 60 -2 31 -13 28 
105 5 3 0 0.0462428 8 -17 -79 -16 -83 -17 -74 -11 -79 -12 -76 18 -88 20 -77 10 -75 1 0.976353 609 6 -23 -9 -39 -3 -35 -1 -37 0 32 -15 10 3 -16 -2 5 3 -7 2 31 1 23 -6 1 7 -17 -6 -30 -15 14 7 -11 -5 26 4 5 0 -28 -13 35 -2 28 -14 -21 -6 28 2 9 6 12 7 9 -3 6 3 -36 -6 -35 0 21 -1 27 -2 22 4 -25 6 7 -14 12 2 -36 2 15 -9 24 2 26 -6 26 6 35 -5 -31 5 27 -5 -25 0 31 3 33 -12 -33 4 14 -4 -34 1 -1 8 -37 -16 23 -2 25 -1 -23 -8 3 -11 29 -10 23 -7 23 -13 30 -4 25 5 -34 -2 -25 -1 -21 2 -37 -4 -22 6 34 10 -35 -2 1 -4 -7 -8 9 -14 -29 -7 37 -2 -7 -2 -29 -4 26 0 -19 -10 39 -14 28 -3 -7 -9 -23 -3 25 7 -2 -12 -22 -10 -24 0 -37 2 22 -12 -27 2 12 -1 25 -8 38 -8 1 4 -37 -13 25 -7 24 4 -34 4 -20 -6 23 -9 20 -10 22 -5 -39 -4 -30 -13 -3 -14 -18 -3 37 -11 38 -7 27 -3 35 -1 -7 10 13 -3 21 -2 0 -13 -14 5 -33 -5 7 -5 17 5 -20 -8 37 -10 37 6 7 3 -32 -5 26 -13 20 5 35 6 18 -12 22 5 -22 6 -8 -3 -30 4 16 -2 3 4 -26 3 -38 -3 34 -10 19 4 -33 -5 -5 -14 -6 -7 24 8 26 2 -36 5 32 -14 -32 -4 20 7 31 8 -15 -13 20 -1 -26 -14 -6 -4 -3 -16 -24 -4 -11 -15 23 -2 -25 -2 -29 -3 -34 -16 -19 -16 -18 -8 -35 -5 3 7 34 1 -32 -15 29 -7 -34 7 3 3 4 9 -11 -2 19 5 1 8 -39 -2 3 5 32 2 -9 8 -35 -6 31 -6 -10 -5 0 -5 -22 -14 -20 -4 -38 -6 5 -9 0 -9 20 7 -34 6 15 4 -29 6 -25 -9 20 -9 19 6 -15 5 -7 -5 -38 -9 -16 -10 -26 1 -15 7 32 0 -37 -3 -19 8 -14 -4 -24 10 6 -3 -7 -3 37 10 21 8 1 -8 32 -14 16 -13 -15 -14 -29 -14 -9 -11 -1 -8 -9 -11 14 -11 13 -5 -9 -14 8 -14 8 2 -14 11 20 8 -39 0 17 -2 -7 -1 5 0 -19 10 19 3 11 2 -8 -7 14 14 16 2 -29 10 -12 0 39 4 -32 4 -25 8 -25 6 -23 6 -24 -4 38 -5 9 -3 6 -4 8 9 -29 -16 10 -7 36 -15 19 9 -9 -14 7 -1 39 -11 -14 3 -3 3 -17 -9 14 7 -15 4 -25 -8 -2 4 -26 -5 6 -6 -5 -7 12 6 9 5 -29 -6 -7 -5 35 -9 0 -7 -4 -1 5 -1 -23 -10 16 -2 -28 -1 -12 -1 5 -6 -8 -8 34 0 -30 1 14 -4 -7 2 -2 1 8 2 15 0 -28 2 21 -7 13 14 25 12 -30 -10 26 11 39 15 19 9 -1 8 -25 -11 3 14 33 15 -37 13 18 13 -32 10 26 13 -34 11 15 10 -16 10 11 11 13 -11 33 11 36 12 26 -10 -5 12 -10 8 -17 12 -5 10 -19 5 14 -12 8 3 8 12 33 9 -31 -2 12 12 32 15 14 12 -35 14 -34 2 8 -15 -34 2 -5 10 -13 8 -11 -8 -28 -8 -29 12 -9 10 -33 -3 -22 10 29 -6 15 13 -6 -5 -8 13 -25 12 -25 13 -33 14 -31 -2 8 11 38 13 29 11 24 10 -5 15 -34 11 -19 8 -29 9 6 -6 4 9 -24 -7 -27 8 6 -6 -20 16 -31 10 -14 -12 39 0 7 -11 -25 -8 -37 5 -20 -11 9 -2 7 15 29 17 -26 -10 17 16 -28 10 16 9 -28 2 19 11 11 2 27 -12 5 15 20 13 15 10 -1 5 -14 9 29 11 39 -2 17 8 -36 -2 10 13 -7 0 -6 -10 1 0 24 12 -27 4 2 13 36 -12 33 15 -34 -11 -24 6 19 -10 5 13 -27 -5 -31 13 -19 12 -13 -13 32 11 7 10 6 -12 18 -14 5 -4 8 14 6 -13 -25 14 10 14 5 9 38 9 -6 -3 -10 10 -1 10 -38 -2 -16 -5 18 -9 -16 -12 -30 -8 2 -12 -11 15 28 -7 13 15 -30 11 31 8 22 -12 3 -6 10 -9 18 5 21 11 -28 10 35 16 0 13 -37 -10 5 13 30 10 2 11 5 1 -11 15 21 9 2 11 -9 -16 38 8 16 4 1 12 -18 -12 -38 12 19 13 -12 0 -17 0 -13 14 -5 16 29 6 9 14 -8 3 4 12 -12 2 4 13 19 15 -12 2 -22 7 -1 11 -24 -6 -12 -15 -29 -14 17 -16 -10 -13 -14 -12 14 -5 -18 12 -22 8 7 -7 -19 -11 24 -1 14 -7 -1 -13 29 -10 -4 -11 28 -6 -19 -7 -11 -13 -15 10 8 14 -11 14 38 13 -14 -7 12 -12 -8 10 2 -5 -3 -4 -21 -9 33 13 -16 3 17 -5 37 9 2 12 -37 15 -9 -6 -30 10 -28 -13 34 10 -30 10 6 15 28 8 34 12 -38 10 28 13 21 -11 -15 12 -1 3 -16 15 13 -12 -7 3 -1 6 -3 -6 -37 15 29 4 33 10 -19 -15 -12 12 22 -13 11 -14 -9 7 3 -15 7 -7 28 7 25 15 19 -11 -3 13 -24 8 22 8 9 13 -2 14 38 13 3 10 30 -12 33 12 -27 6 14 7 -21 9 11 14 -22 11 2 9 2 -4 13 -8 -10 10 0 -2 30 14 33 -16 35 9 13 1 31 -1 31 4 11 -9 16 -11 30 -5 35 -10 24 16 31 7 20 17 38 8 20 7 -1 13 20 -1 18 8 -14 -9 17 -13 31 -10 13 -14 31 12 -2 -5 19 14 4 0 20 -11 33 7 -1 10 11 3 -11 9 16 12 35 -16 10 10 10 16 17 16 16 9 9 -4 39 -9 -13 9 8 -12 -4 -11 -6 -7 -15 -12 -21 4 -5 -9 -5 1 32 10 20 10 11 9 27 -8 27 15 14 14 -17 -4 11 -12 -4 -12 -2 -14 -9 -15 -4 -14 -7 -4 21 -7 34 -9 36 13 5 -10 -19 13 22 -16 38 -13 5 -12 35 3 0.248477 51 -34 -88 -28 -38 3 30 -25 32 -21 -30 -14 -88 -17 11 -25 -97 -2 -32 -14 -1 -18 35 2 49 -19 -62 -26 -12 -4 27 7 -85 -15 -43 -22 -99 10 -43 -23 -13 8 -24 -6 -97 -23 -97 -25 8 -23 -94 -31 -90 0 24 -9 -12 -30 -89 -39 -96 -11 -73 -35 -95 -15 -59 -2 95 -18 -92 -10 28 1 54 -37 -59 -16 -56 -28 53 22 -94 -40 32 15 -32 6 24 -21 66 -27 11 -12 10 17 -50 -39 61 -17 -8 -5 -32 
106 5 2 1 0.941176 4 12 7 12 16 11 13 10 3 3 0.5 1 8 66 
107 5 2 0 0.190476 1 1 78 3 0.985507 17 -11 86 -37 -3 -33 -3 -38 -46 -39 -66 -33 39 -31 56 -18 53 -19 1 -24 -6 -4 -41 -16 16 -17 -75 -39 -53 -14 12 -18 -40 -17 39 
108 5 3 0 0.551724 4 -1 76 -4 75 5 75 3 72 1 0.90566 12 -2 23 -4 32 -16 22 -12 -12 -16 20 -14 27 -13 1 -9 0 -16 2 -16 38 -6 23 -16 -22 3 0.2 1 -21 -38 
109 5 2 1 0.173913 1 9 16 3 0.987013 19 -30 14 5 61 -9 7 1 -40 -10 -29 -3 -34 -12 45 -14 -68 -6 -56 -7 -11 -14 -79 -6 9 5 -14 12 -23 -5 -26 -4 41 -4 25 -11 -76 8 7 
110 5 3 0 0.571429 2 -7 76 -3 73 3 0.363636 1 -1 70 4 0.869565 5 -25 41 -16 42 -18 42 -21 38 -22 40 
111 5 4 0 0.8 5 -17 -69 -13 -68 8 -76 -16 -67 -8 -76 1 0.307692 1 -1 -18 3 0.631579 3 -17 78 -44 -33 -35 -43 4 0.307692 1 -18 39 
112 5 3 0 0.545455 3 -13 -74 -14 -75 -8 -68 1 0.9 9 -4 -16 -5 -25 -8 -32 -1 -21 -3 -25 -6 -20 -14 -32 0 -32 2 -33 3 0.25 1 -41 10 
113 5 2 1 0.173913 1 -9 -33 3 0.987013 19 -32 5 2 63 2 -32 12 -5 1 -86 6 -38 -1 22 -11 79 -10 -50 3 34 4 -33 9 4 9 17 2 -20 -44 -28 -28 32 -43 -15 -29 -16 -30 -15 
114 5 2 3 0.1 1 -7 30 4 0.993103 36 -20 37 -22 36 -23 -24 -22 12 -20 -1 -22 -3 -24 28 -25 -5 -20 0 -18 31 -23 22 -20 30 -23 31 -21 5 -12 -34 -25 8 -20 28 -22 -11 -21 15 -15 -8 -23 -8 -22 18 -21 27 -17 -29 -21 -16 -22 -3 -18 -27 -25 -22 -15 5 -23 32 -25 25 -22 12 -25 -25 -25 27 -24 -22 -24 20 
115 5 3 0 0.75 6 7 -72 -22 70 -22 68 2 -70 0 -85 5 -70 1 0.689655 5 10 -35 8 -34 5 -34 4 -35 11 -35 3 0.521739 3 20 -93 6 -97 10 -47 
116 5 3 0 0.981818 54 -21 63 -12 -92 9 -76 -19 -92 0 -92 -6 -69 -3 -71 14 -77 1 -79 -1 64 3 -82 6 -84 4 -80 -9 -71 -8 -71 -8 -69 5 -77 -6 -71 6 -79 7 -76 2 -75 -5 -73 -5 -68 11 -85 2 61 -5 64 -10 61 -11 63 7 -85 -12 -73 6 -76 -14 62 -9 67 -16 67 -7 -76 -8 -73 -8 72 -3 -74 -4 -76 -4 -91 -21 -91 -15 -74 -10 -77 -6 -75 3 -91 -2 -75 1 -87 -8 -75 -22 -85 -10 -87 -13 -87 -20 -90 -12 -86 -13 -88 1 0.125 2 -11 -35 -9 -35 3 0.125 2 -23 -98 -28 -99 
117 5 3 0 0.5 2 -3 -86 4 -72 3 0.727273 4 2 -98 4 -92 6 -96 15 -97 4 0.727273 4 -13 -42 -24 -41 -25 -42 -25 -33 
