10 133 0
0 0 -1 10 6 6 10 31 18 12 24 32 -13273 
1 1 -1 18 13 22 5 43 30 3 3 32 10164 
2 1 -1 9 1 15 1 29 4 9 6 32 -570 
3 2 -1 3 9 0 2 40 34 4 7 32 -2554 
4 2 -1 1 19 13 16 29 38 5 9 32 13807 
5 2 -1 22 19 1 0 40 20 5 14 32 -2461 
6 2 -1 7 2 1 15 45 23 2 23 32 -2108 
7 3 -1 4 20 2 4 35 31 11 6 32 -6023 
8 3 -1 0 17 7 2 33 43 7 4 32 -1436 
9 3 -1 1 4 3 8 17 19 23 9 32 -19831 
10 3 39 0 0 0 0 0 0 0 0 0 0 
11 3 -1 20 22 16 0 39 39 8 4 32 -1138 
12 3 -1 4 1 15 17 45 43 1 1 32 8808 
13 3 -1 19 6 9 2 35 30 2 9 32 -513 
14 3 -1 3 9 21 9 26 29 13 13 32 -509 
15 4 -1 1 10 9 10 11 34 34 10 32 -17783 
16 4 -1 21 3 0 0 7 46 0 0 3 33 
17 4 21 0 0 0 0 0 0 0 0 0 0 
18 4 -1 9 21 17 2 34 38 3 9 32 2550 
19 4 -1 22 20 18 7 41 38 1 2 32 12647 
20 4 -1 1 13 0 5 36 28 9 2 32 -1959 
21 4 0 0 0 0 0 0 0 0 0 0 0 
22 4 0 0 0 0 0 0 0 0 0 0 0 
23 4 -1 0 12 7 15 33 43 2 3 32 4144 
24 4 -1 20 13 15 19 35 46 1 1 32 10238 
25 4 -1 18 8 19 3 42 23 3 17 32 486 
26 4 -1 7 4 10 13 36 27 11 12 32 4836 
27 4 98 0 0 0 0 0 0 0 0 0 0 
28 4 -1 9 23 0 0 31 8 0 0 1 -3 
29 4 -1 0 5 8 13 42 31 2 12 32 1065 
30 4 -1 0 4 7 19 11 40 12 1 32 6867 
31 5 0 0 0 0 0 0 0 0 0 0 0 
32 5 -1 18 5 9 12 44 27 3 8 32 -3335 
33 5 -1 19 14 1 5 39 33 6 3 32 -1746 
34 5 -1 24 37 0 0 3 20 0 0 17 -8 
35 5 0 0 0 0 0 0 0 0 0 0 0 
36 5 0 0 0 0 0 0 0 0 0 0 0 
37 5 -1 1 16 6 20 38 42 9 3 32 -1101 
38 5 -1 18 18 6 20 24 43 10 2 32 8236 
39 5 33 0 0 0 0 0 0 0 0 0 0 
40 5 34 0 0 0 0 0 0 0 0 0 0 
41 5 35 0 0 0 0 0 0 0 0 0 0 
42 5 -1 37 0 0 0 27 4 0 0 3 10 
43 5 0 0 0 0 0 0 0 0 0 0 0 
44 5 0 0 0 0 0 0 0 0 0 0 0 
45 5 0 0 0 0 0 0 0 0 0 0 0 
46 5 0 0 0 0 0 0 0 0 0 0 0 
47 5 -1 46 11 0 0 9 15 0 0 6 -21 
48 5 -1 1 6 12 16 21 34 23 13 32 -2731 
49 5 -1 17 18 0 11 29 34 5 10 32 -897 
50 5 -1 19 11 10 6 40 40 7 2 32 1942 
51 5 -1 16 17 0 0 15 38 0 0 17 13 
52 5 -1 4 16 14 16 35 39 12 1 32 5390 
53 5 -1 3 14 3 13 22 42 10 5 32 50 
54 5 97 0 0 0 0 0 0 0 0 0 0 
55 5 0 0 0 0 0 0 0 0 0 0 0 
56 5 0 0 0 0 0 0 0 0 0 0 0 
57 5 -1 20 5 0 0 24 16 0 0 16 48 
58 5 -1 13 9 7 2 45 24 2 7 32 -896 
59 5 -1 1 10 0 17 38 42 5 2 32 -387 
60 5 -1 5 39 0 0 30 14 0 0 9 -88 
61 5 -1 0 5 18 16 36 28 9 5 32 6301 
62 5 132 0 0 0 0 0 0 0 0 0 0 
63 6 0 0 0 0 0 0 0 0 0 0 0 
64 6 0 0 0 0 0 0 0 0 0 0 0 
65 6 1 0 0 0 0 0 0 0 0 0 0 
66 6 -1 7 1 12 8 38 11 9 35 32 -34575 
67 6 -1 18 21 14 18 46 42 1 4 32 21811 
68 6 -1 18 4 21 19 46 23 1 5 32 5653 
69 6 18 0 0 0 0 0 0 0 0 0 0 
70 6 -1 9 40 0 0 2 20 0 0 17 9 
71 6 0 0 0 0 0 0 0 0 0 0 0 
72 6 0 0 0 0 0 0 0 0 0 0 0 
73 6 0 0 0 0 0 0 0 0 0 0 0 
74 6 0 0 0 0 0 0 0 0 0 0 0 
75 6 22 0 0 0 0 0 0 0 0 0 0 
76 6 -1 4 16 20 5 41 37 1 10 32 9208 
77 6 31 0 0 0 0 0 0 0 0 0 0 
78 6 32 0 0 0 0 0 0 0 0 0 0 
79 6 0 0 0 0 0 0 0 0 0 0 0 
80 6 0 0 0 0 0 0 0 0 0 0 0 
81 6 0 0 0 0 0 0 0 0 0 0 0 
82 6 0 0 0 0 0 0 0 0 0 0 0 
83 6 0 0 0 0 0 0 0 0 0 0 0 
84 6 0 0 0 0 0 0 0 0 0 0 0 
85 6 -1 12 13 0 0 24 19 0 0 21 4 
86 6 38 0 0 0 0 0 0 0 0 0 0 
87 6 0 0 0 0 0 0 0 0 0 0 0 
88 6 0 0 0 0 0 0 0 0 0 0 0 
89 6 0 0 0 0 0 0 0 0 0 0 0 
90 6 0 0 0 0 0 0 0 0 0 0 0 
91 6 0 0 0 0 0 0 0 0 0 0 0 
92 6 0 0 0 0 0 0 0 0 0 0 0 
93 6 0 0 0 0 0 0 0 0 0 0 0 
94 6 0 0 0 0 0 0 0 0 0 0 0 
95 6 -1 20 12 2 7 35 38 3 9 32 -181 
96 6 -1 7 7 7 9 43 19 2 13 32 -1006 
97 6 -1 9 17 5 16 25 35 18 12 32 -5462 
98 6 -1 10 11 3 3 22 23 12 3 32 -866 
99 6 -1 8 4 1 13 34 25 12 16 32 -5471 
100 6 -1 3 11 5 3 29 24 3 8 32 -56 
101 6 -1 4 11 0 8 30 19 15 18 32 -9826 
102 6 -1 22 19 5 4 41 32 4 6 32 1017 
103 6 88 0 0 0 0 0 0 0 0 0 0 
104 6 -1 17 8 13 20 38 40 4 3 32 5969 
105 6 -1 13 40 0 0 46 10 0 0 5 -2 
106 6 -1 7 16 19 22 30 46 17 1 32 10986 
107 6 95 0 0 0 0 0 0 0 0 0 0 
108 6 96 0 0 0 0 0 0 0 0 0 0 
109 6 0 0 0 0 0 0 0 0 0 0 0 
110 6 0 0 0 0 0 0 0 0 0 0 0 
111 6 0 0 0 0 0 0 0 0 0 0 0 
112 6 0 0 0 0 0 0 0 0 0 0 0 
113 6 0 0 0 0 0 0 0 0 0 0 0 
114 6 0 0 0 0 0 0 0 0 0 0 0 
115 6 -1 2 1 0 0 27 35 0 0 17 11 
116 6 -1 2 18 9 8 44 36 1 9 32 -957 
117 6 -1 5 37 0 0 29 42 0 0 3 -5 
118 6 105 0 0 0 0 0 0 0 0 0 0 
119 6 -1 34 41 0 0 2 4 0 0 1 4 
120 6 -1 7 22 6 0 24 46 23 1 32 -264 
121 6 119 0 0 0 0 0 0 0 0 0 0 
122 6 120 0 0 0 0 0 0 0 0 0 0 
123 6 -1 26 14 0 0 0 27 0 0 17 101 
124 6 -1 12 18 0 12 15 46 31 1 32 -45 
125 6 0 0 0 0 0 0 0 0 0 0 0 
126 6 0 0 0 0 0 0 0 0 0 0 0 
127 7 0 0 0 0 0 0 0 0 0 0 0 
128 7 0 0 0 0 0 0 0 0 0 0 0 
129 7 0 0 0 0 0 0 0 0 0 0 0 
130 7 0 0 0 0 0 0 0 0 0 0 0 
131 7 0 0 0 0 0 0 0 0 0 0 0 
132 7 0 0 0 0 0 0 0 0 0 0 0 
133 7 2 0 0 0 0 0 0 0 0 0 0 
134 7 3 0 0 0 0 0 0 0 0 0 0 
135 7 -1 33 26 0 0 25 3 0 0 13 -7 
136 7 -1 38 37 0 0 47 26 0 0 16 -10 
137 7 11 0 0 0 0 0 0 0 0 0 0 
138 7 -1 19 19 0 0 36 9 0 0 0 25 
139 7 0 0 0 0 0 0 0 0 0 0 0 
140 7 0 0 0 0 0 0 0 0 0 0 0 
141 7 19 0 0 0 0 0 0 0 0 0 0 
142 7 20 0 0 0 0 0 0 0 0 0 0 
143 7 0 0 0 0 0 0 0 0 0 0 0 
144 7 0 0 0 0 0 0 0 0 0 0 0 
145 7 0 0 0 0 0 0 0 0 0 0 0 
146 7 0 0 0 0 0 0 0 0 0 0 0 
147 7 0 0 0 0 0 0 0 0 0 0 0 
148 7 0 0 0 0 0 0 0 0 0 0 0 
149 7 0 0 0 0 0 0 0 0 0 0 0 
150 7 0 0 0 0 0 0 0 0 0 0 0 
151 7 0 0 0 0 0 0 0 0 0 0 0 
152 7 0 0 0 0 0 0 0 0 0 0 0 
153 7 -1 31 29 0 0 41 41 0 0 1 -3 
154 7 -1 20 14 9 3 31 19 15 7 32 -6042 
155 7 0 0 0 0 0 0 0 0 0 0 0 
156 7 0 0 0 0 0 0 0 0 0 0 0 
157 7 0 0 0 0 0 0 0 0 0 0 0 
158 7 0 0 0 0 0 0 0 0 0 0 0 
159 7 0 0 0 0 0 0 0 0 0 0 0 
160 7 0 0 0 0 0 0 0 0 0 0 0 
161 7 0 0 0 0 0 0 0 0 0 0 0 
162 7 0 0 0 0 0 0 0 0 0 0 0 
163 7 0 0 0 0 0 0 0 0 0 0 0 
164 7 0 0 0 0 0 0 0 0 0 0 0 
165 7 0 0 0 0 0 0 0 0 0 0 0 
166 7 0 0 0 0 0 0 0 0 0 0 0 
167 7 0 0 0 0 0 0 0 0 0 0 0 
168 7 0 0 0 0 0 0 0 0 0 0 0 
169 7 0 0 0 0 0 0 0 0 0 0 0 
170 7 0 0 0 0 0 0 0 0 0 0 0 
171 7 36 0 0 0 0 0 0 0 0 0 0 
172 7 37 0 0 0 0 0 0 0 0 0 0 
173 7 0 0 0 0 0 0 0 0 0 0 0 
174 7 0 0 0 0 0 0 0 0 0 0 0 
175 7 0 0 0 0 0 0 0 0 0 0 0 
176 7 0 0 0 0 0 0 0 0 0 0 0 
177 7 0 0 0 0 0 0 0 0 0 0 0 
178 7 0 0 0 0 0 0 0 0 0 0 0 
179 7 0 0 0 0 0 0 0 0 0 0 0 
180 7 0 0 0 0 0 0 0 0 0 0 0 
181 7 0 0 0 0 0 0 0 0 0 0 0 
182 7 0 0 0 0 0 0 0 0 0 0 0 
183 7 0 0 0 0 0 0 0 0 0 0 0 
184 7 0 0 0 0 0 0 0 0 0 0 0 
185 7 0 0 0 0 0 0 0 0 0 0 0 
186 7 0 0 0 0 0 0 0 0 0 0 0 
187 7 0 0 0 0 0 0 0 0 0 0 0 
188 7 0 0 0 0 0 0 0 0 0 0 0 
189 7 0 0 0 0 0 0 0 0 0 0 0 
190 7 0 0 0 0 0 0 0 0 0 0 0 
191 7 40 0 0 0 0 0 0 0 0 0 0 
192 7 -1 14 14 21 2 35 17 8 14 32 -2506 
193 7 -1 19 8 1 12 41 25 2 3 32 -275 
194 7 -1 41 1 0 0 28 6 0 0 17 28 
195 7 53 0 0 0 0 0 0 0 0 0 0 
196 7 -1 18 13 13 7 32 28 10 17 32 -2545 
197 7 -1 16 22 20 9 41 31 3 13 32 6393 
198 7 -1 20 17 21 2 42 20 1 20 32 243 
199 7 -1 1 22 6 19 21 41 24 1 32 2819 
200 7 65 0 0 0 0 0 0 0 0 0 0 
201 7 66 0 0 0 0 0 0 0 0 0 0 
202 7 67 0 0 0 0 0 0 0 0 0 0 
203 7 -1 22 21 18 2 46 27 1 18 32 121 
204 7 -1 22 0 5 2 37 11 10 35 32 -11465 
205 7 -1 2 20 0 14 10 46 16 1 32 -133 
206 7 -1 28 38 0 0 9 29 0 0 2 -3 
207 7 0 0 0 0 0 0 0 0 0 0 0 
208 7 0 0 0 0 0 0 0 0 0 0 0 
209 7 89 0 0 0 0 0 0 0 0 0 0 
210 7 90 0 0 0 0 0 0 0 0 0 0 
211 7 91 0 0 0 0 0 0 0 0 0 0 
212 7 92 0 0 0 0 0 0 0 0 0 0 
213 7 93 0 0 0 0 0 0 0 0 0 0 
214 7 94 0 0 0 0 0 0 0 0 0 0 
215 7 0 0 0 0 0 0 0 0 0 0 0 
216 7 0 0 0 0 0 0 0 0 0 0 0 
217 7 0 0 0 0 0 0 0 0 0 0 0 
218 7 0 0 0 0 0 0 0 0 0 0 0 
219 7 0 0 0 0 0 0 0 0 0 0 0 
220 7 0 0 0 0 0 0 0 0 0 0 0 
221 7 0 0 0 0 0 0 0 0 0 0 0 
222 7 0 0 0 0 0 0 0 0 0 0 0 
223 7 0 0 0 0 0 0 0 0 0 0 0 
224 7 0 0 0 0 0 0 0 0 0 0 0 
225 7 0 0 0 0 0 0 0 0 0 0 0 
226 7 0 0 0 0 0 0 0 0 0 0 0 
227 7 0 0 0 0 0 0 0 0 0 0 0 
228 7 0 0 0 0 0 0 0 0 0 0 0 
229 7 0 0 0 0 0 0 0 0 0 0 0 
230 7 0 0 0 0 0 0 0 0 0 0 0 
231 7 99 0 0 0 0 0 0 0 0 0 0 
232 7 100 0 0 0 0 0 0 0 0 0 0 
233 7 101 0 0 0 0 0 0 0 0 0 0 
234 7 102 0 0 0 0 0 0 0 0 0 0 
235 7 103 0 0 0 0 0 0 0 0 0 0 
236 7 104 0 0 0 0 0 0 0 0 0 0 
237 7 0 0 0 0 0 0 0 0 0 0 0 
238 7 0 0 0 0 0 0 0 0 0 0 0 
239 7 -1 40 36 0 0 1 9 0 0 4 -32 
240 7 -1 4 5 0 0 33 21 0 0 13 -69 
241 7 -1 33 43 0 0 27 3 0 0 11 73 
242 7 118 0 0 0 0 0 0 0 0 0 0 
243 7 0 0 0 0 0 0 0 0 0 0 0 
244 7 0 0 0 0 0 0 0 0 0 0 0 
245 7 0 0 0 0 0 0 0 0 0 0 0 
246 7 0 0 0 0 0 0 0 0 0 0 0 
247 7 -1 46 5 0 0 28 4 0 0 13 53 
248 7 -1 41 5 0 0 0 37 0 0 27 -2 
249 7 130 0 0 0 0 0 0 0 0 0 0 
250 7 131 0 0 0 0 0 0 0 0 0 0 
251 7 0 0 0 0 0 0 0 0 0 0 0 
252 7 0 0 0 0 0 0 0 0 0 0 0 
253 7 0 0 0 0 0 0 0 0 0 0 0 
254 7 0 0 0 0 0 0 0 0 0 0 0 
255 8 0 0 0 0 0 0 0 0 0 0 0 
256 8 0 0 0 0 0 0 0 0 0 0 0 
257 8 0 0 0 0 0 0 0 0 0 0 0 
258 8 0 0 0 0 0 0 0 0 0 0 0 
259 8 0 0 0 0 0 0 0 0 0 0 0 
260 8 0 0 0 0 0 0 0 0 0 0 0 
261 8 0 0 0 0 0 0 0 0 0 0 0 
262 8 0 0 0 0 0 0 0 0 0 0 0 
263 8 0 0 0 0 0 0 0 0 0 0 0 
264 8 0 0 0 0 0 0 0 0 0 0 0 
265 8 0 0 0 0 0 0 0 0 0 0 0 
266 8 0 0 0 0 0 0 0 0 0 0 0 
267 8 0 0 0 0 0 0 0 0 0 0 0 
268 8 0 0 0 0 0 0 0 0 0 0 0 
269 8 0 0 0 0 0 0 0 0 0 0 0 
270 8 0 0 0 0 0 0 0 0 0 0 0 
271 8 4 0 0 0 0 0 0 0 0 0 0 
272 8 5 0 0 0 0 0 0 0 0 0 0 
273 8 -1 19 33 0 0 40 20 0 0 1 18 
274 8 -1 12 7 0 0 37 19 0 0 15 37 
275 8 0 0 0 0 0 0 0 0 0 0 0 
276 8 0 0 0 0 0 0 0 0 0 0 0 
277 8 -1 10 9 0 0 16 12 0 0 18 -14 
278 8 -1 28 23 0 0 18 24 0 0 10 8 
279 8 0 0 0 0 0 0 0 0 0 0 0 
280 8 0 0 0 0 0 0 0 0 0 0 0 
281 8 0 0 0 0 0 0 0 0 0 0 0 
282 8 0 0 0 0 0 0 0 0 0 0 0 
283 8 0 0 0 0 0 0 0 0 0 0 0 
284 8 0 0 0 0 0 0 0 0 0 0 0 
285 8 0 0 0 0 0 0 0 0 0 0 0 
286 8 0 0 0 0 0 0 0 0 0 0 0 
287 8 0 0 0 0 0 0 0 0 0 0 0 
288 8 0 0 0 0 0 0 0 0 0 0 0 
289 8 0 0 0 0 0 0 0 0 0 0 0 
290 8 0 0 0 0 0 0 0 0 0 0 0 
291 8 0 0 0 0 0 0 0 0 0 0 0 
292 8 0 0 0 0 0 0 0 0 0 0 0 
293 8 0 0 0 0 0 0 0 0 0 0 0 
294 8 0 0 0 0 0 0 0 0 0 0 0 
295 8 0 0 0 0 0 0 0 0 0 0 0 
296 8 0 0 0 0 0 0 0 0 0 0 0 
297 8 0 0 0 0 0 0 0 0 0 0 0 
298 8 0 0 0 0 0 0 0 0 0 0 0 
299 8 0 0 0 0 0 0 0 0 0 0 0 
300 8 0 0 0 0 0 0 0 0 0 0 0 
301 8 0 0 0 0 0 0 0 0 0 0 0 
302 8 0 0 0 0 0 0 0 0 0 0 0 
303 8 0 0 0 0 0 0 0 0 0 0 0 
304 8 0 0 0 0 0 0 0 0 0 0 0 
305 8 0 0 0 0 0 0 0 0 0 0 0 
306 8 0 0 0 0 0 0 0 0 0 0 0 
307 8 -1 11 8 5 8 28 22 9 5 32 -4321 
308 8 -1 14 6 0 0 18 43 0 0 13 68 
309 8 -1 20 16 20 11 46 33 1 8 32 19232 
310 8 30 0 0 0 0 0 0 0 0 0 0 
311 8 0 0 0 0 0 0 0 0 0 0 0 
312 8 0 0 0 0 0 0 0 0 0 0 0 
313 8 0 0 0 0 0 0 0 0 0 0 0 
314 8 0 0 0 0 0 0 0 0 0 0 0 
315 8 0 0 0 0 0 0 0 0 0 0 0 
316 8 0 0 0 0 0 0 0 0 0 0 0 
317 8 0 0 0 0 0 0 0 0 0 0 0 
318 8 0 0 0 0 0 0 0 0 0 0 0 
319 8 0 0 0 0 0 0 0 0 0 0 0 
320 8 0 0 0 0 0 0 0 0 0 0 0 
321 8 0 0 0 0 0 0 0 0 0 0 0 
322 8 0 0 0 0 0 0 0 0 0 0 0 
323 8 0 0 0 0 0 0 0 0 0 0 0 
324 8 0 0 0 0 0 0 0 0 0 0 0 
325 8 0 0 0 0 0 0 0 0 0 0 0 
326 8 0 0 0 0 0 0 0 0 0 0 0 
327 8 0 0 0 0 0 0 0 0 0 0 0 
328 8 0 0 0 0 0 0 0 0 0 0 0 
329 8 0 0 0 0 0 0 0 0 0 0 0 
330 8 0 0 0 0 0 0 0 0 0 0 0 
331 8 0 0 0 0 0 0 0 0 0 0 0 
332 8 0 0 0 0 0 0 0 0 0 0 0 
333 8 0 0 0 0 0 0 0 0 0 0 0 
334 8 0 0 0 0 0 0 0 0 0 0 0 
335 8 0 0 0 0 0 0 0 0 0 0 0 
336 8 0 0 0 0 0 0 0 0 0 0 0 
337 8 0 0 0 0 0 0 0 0 0 0 0 
338 8 0 0 0 0 0 0 0 0 0 0 0 
339 8 0 0 0 0 0 0 0 0 0 0 0 
340 8 0 0 0 0 0 0 0 0 0 0 0 
341 8 0 0 0 0 0 0 0 0 0 0 0 
342 8 0 0 0 0 0 0 0 0 0 0 0 
343 8 0 0 0 0 0 0 0 0 0 0 0 
344 8 0 0 0 0 0 0 0 0 0 0 0 
345 8 0 0 0 0 0 0 0 0 0 0 0 
346 8 0 0 0 0 0 0 0 0 0 0 0 
347 8 0 0 0 0 0 0 0 0 0 0 0 
348 8 0 0 0 0 0 0 0 0 0 0 0 
349 8 0 0 0 0 0 0 0 0 0 0 0 
350 8 0 0 0 0 0 0 0 0 0 0 0 
351 8 0 0 0 0 0 0 0 0 0 0 0 
352 8 0 0 0 0 0 0 0 0 0 0 0 
353 8 0 0 0 0 0 0 0 0 0 0 0 
354 8 0 0 0 0 0 0 0 0 0 0 0 
355 8 0 0 0 0 0 0 0 0 0 0 0 
356 8 0 0 0 0 0 0 0 0 0 0 0 
357 8 0 0 0 0 0 0 0 0 0 0 0 
358 8 0 0 0 0 0 0 0 0 0 0 0 
359 8 0 0 0 0 0 0 0 0 0 0 0 
360 8 0 0 0 0 0 0 0 0 0 0 0 
361 8 0 0 0 0 0 0 0 0 0 0 0 
362 8 0 0 0 0 0 0 0 0 0 0 0 
363 8 0 0 0 0 0 0 0 0 0 0 0 
364 8 0 0 0 0 0 0 0 0 0 0 0 
365 8 0 0 0 0 0 0 0 0 0 0 0 
366 8 0 0 0 0 0 0 0 0 0 0 0 
367 8 0 0 0 0 0 0 0 0 0 0 0 
368 8 0 0 0 0 0 0 0 0 0 0 0 
369 8 0 0 0 0 0 0 0 0 0 0 0 
370 8 0 0 0 0 0 0 0 0 0 0 0 
371 8 0 0 0 0 0 0 0 0 0 0 0 
372 8 0 0 0 0 0 0 0 0 0 0 0 
373 8 0 0 0 0 0 0 0 0 0 0 0 
374 8 0 0 0 0 0 0 0 0 0 0 0 
375 8 0 0 0 0 0 0 0 0 0 0 0 
376 8 0 0 0 0 0 0 0 0 0 0 0 
377 8 0 0 0 0 0 0 0 0 0 0 0 
378 8 0 0 0 0 0 0 0 0 0 0 0 
379 8 0 0 0 0 0 0 0 0 0 0 0 
380 8 0 0 0 0 0 0 0 0 0 0 0 
381 8 0 0 0 0 0 0 0 0 0 0 0 
382 8 0 0 0 0 0 0 0 0 0 0 0 
383 8 0 0 0 0 0 0 0 0 0 0 0 
384 8 0 0 0 0 0 0 0 0 0 0 0 
385 8 41 0 0 0 0 0 0 0 0 0 0 
386 8 -1 9 5 10 18 37 27 10 19 32 -224 
387 8 44 0 0 0 0 0 0 0 0 0 0 
388 8 -1 9 17 13 5 30 30 16 4 32 -2200 
389 8 -1 2 13 0 0 19 13 0 0 17 12 
390 8 52 0 0 0 0 0 0 0 0 0 0 
391 8 0 0 0 0 0 0 0 0 0 0 0 
392 8 0 0 0 0 0 0 0 0 0 0 0 
393 8 54 0 0 0 0 0 0 0 0 0 0 
394 8 -1 15 10 18 11 39 25 3 13 32 6379 
395 8 57 0 0 0 0 0 0 0 0 0 0 
396 8 58 0 0 0 0 0 0 0 0 0 0 
397 8 59 0 0 0 0 0 0 0 0 0 0 
398 8 60 0 0 0 0 0 0 0 0 0 0 
399 8 -1 2 18 8 0 40 44 5 3 32 -580 
400 8 -1 20 16 0 0 19 21 0 0 8 -39 
401 8 0 0 0 0 0 0 0 0 0 0 0 
402 8 0 0 0 0 0 0 0 0 0 0 0 
403 8 0 0 0 0 0 0 0 0 0 0 0 
404 8 0 0 0 0 0 0 0 0 0 0 0 
405 8 0 0 0 0 0 0 0 0 0 0 0 
406 8 0 0 0 0 0 0 0 0 0 0 0 
407 8 -1 3 10 0 0 37 9 0 0 0 -24 
408 8 -1 3 5 7 20 13 35 28 11 32 -6162 
409 8 -1 8 16 13 4 46 23 1 17 32 901 
410 8 -1 1 1 3 7 22 8 24 8 32 -6035 
411 8 81 0 0 0 0 0 0 0 0 0 0 
412 8 -1 22 3 15 20 43 25 3 17 32 12808 
413 8 85 0 0 0 0 0 0 0 0 0 0 
414 8 -1 10 21 4 8 19 33 26 10 32 -20 
415 8 0 0 0 0 0 0 0 0 0 0 0 
416 8 0 0 0 0 0 0 0 0 0 0 0 
417 8 0 0 0 0 0 0 0 0 0 0 0 
418 8 0 0 0 0 0 0 0 0 0 0 0 
419 8 0 0 0 0 0 0 0 0 0 0 0 
420 8 0 0 0 0 0 0 0 0 0 0 0 
421 8 0 0 0 0 0 0 0 0 0 0 0 
422 8 0 0 0 0 0 0 0 0 0 0 0 
423 8 0 0 0 0 0 0 0 0 0 0 0 
424 8 0 0 0 0 0 0 0 0 0 0 0 
425 8 0 0 0 0 0 0 0 0 0 0 0 
426 8 0 0 0 0 0 0 0 0 0 0 0 
427 8 0 0 0 0 0 0 0 0 0 0 0 
428 8 0 0 0 0 0 0 0 0 0 0 0 
429 8 0 0 0 0 0 0 0 0 0 0 0 
430 8 0 0 0 0 0 0 0 0 0 0 0 
431 8 0 0 0 0 0 0 0 0 0 0 0 
432 8 0 0 0 0 0 0 0 0 0 0 0 
433 8 0 0 0 0 0 0 0 0 0 0 0 
434 8 0 0 0 0 0 0 0 0 0 0 0 
435 8 0 0 0 0 0 0 0 0 0 0 0 
436 8 0 0 0 0 0 0 0 0 0 0 0 
437 8 0 0 0 0 0 0 0 0 0 0 0 
438 8 0 0 0 0 0 0 0 0 0 0 0 
439 8 0 0 0 0 0 0 0 0 0 0 0 
440 8 0 0 0 0 0 0 0 0 0 0 0 
441 8 0 0 0 0 0 0 0 0 0 0 0 
442 8 0 0 0 0 0 0 0 0 0 0 0 
443 8 0 0 0 0 0 0 0 0 0 0 0 
444 8 0 0 0 0 0 0 0 0 0 0 0 
445 8 0 0 0 0 0 0 0 0 0 0 0 
446 8 0 0 0 0 0 0 0 0 0 0 0 
447 8 0 0 0 0 0 0 0 0 0 0 0 
448 8 0 0 0 0 0 0 0 0 0 0 0 
449 8 0 0 0 0 0 0 0 0 0 0 0 
450 8 0 0 0 0 0 0 0 0 0 0 0 
451 8 0 0 0 0 0 0 0 0 0 0 0 
452 8 0 0 0 0 0 0 0 0 0 0 0 
453 8 0 0 0 0 0 0 0 0 0 0 0 
454 8 0 0 0 0 0 0 0 0 0 0 0 
455 8 0 0 0 0 0 0 0 0 0 0 0 
456 8 0 0 0 0 0 0 0 0 0 0 0 
457 8 0 0 0 0 0 0 0 0 0 0 0 
458 8 0 0 0 0 0 0 0 0 0 0 0 
459 8 0 0 0 0 0 0 0 0 0 0 0 
460 8 0 0 0 0 0 0 0 0 0 0 0 
461 8 0 0 0 0 0 0 0 0 0 0 0 
462 8 0 0 0 0 0 0 0 0 0 0 0 
463 8 0 0 0 0 0 0 0 0 0 0 0 
464 8 0 0 0 0 0 0 0 0 0 0 0 
465 8 0 0 0 0 0 0 0 0 0 0 0 
466 8 0 0 0 0 0 0 0 0 0 0 0 
467 8 0 0 0 0 0 0 0 0 0 0 0 
468 8 0 0 0 0 0 0 0 0 0 0 0 
469 8 0 0 0 0 0 0 0 0 0 0 0 
470 8 0 0 0 0 0 0 0 0 0 0 0 
471 8 0 0 0 0 0 0 0 0 0 0 0 
472 8 0 0 0 0 0 0 0 0 0 0 0 
473 8 0 0 0 0 0 0 0 0 0 0 0 
474 8 0 0 0 0 0 0 0 0 0 0 0 
475 8 0 0 0 0 0 0 0 0 0 0 0 
476 8 0 0 0 0 0 0 0 0 0 0 0 
477 8 0 0 0 0 0 0 0 0 0 0 0 
478 8 0 0 0 0 0 0 0 0 0 0 0 
479 8 -1 13 35 0 0 1 22 0 0 2 -13 
480 8 108 0 0 0 0 0 0 0 0 0 0 
481 8 -1 12 22 18 18 30 43 8 2 32 2039 
482 8 -1 6 10 22 3 29 17 17 13 32 -626 
483 8 -1 24 24 0 0 30 41 0 0 9 -27 
484 8 117 0 0 0 0 0 0 0 0 0 0 
485 8 0 0 0 0 0 0 0 0 0 0 0 
486 8 0 0 0 0 0 0 0 0 0 0 0 
487 8 0 0 0 0 0 0 0 0 0 0 0 
488 8 0 0 0 0 0 0 0 0 0 0 0 
489 8 0 0 0 0 0 0 0 0 0 0 0 
490 8 0 0 0 0 0 0 0 0 0 0 0 
491 8 0 0 0 0 0 0 0 0 0 0 0 
492 8 0 0 0 0 0 0 0 0 0 0 0 
493 8 0 0 0 0 0 0 0 0 0 0 0 
494 8 0 0 0 0 0 0 0 0 0 0 0 
495 8 -1 46 43 0 0 31 3 0 0 18 -22 
496 8 -1 21 10 0 0 8 8 0 0 7 3 
497 8 127 0 0 0 0 0 0 0 0 0 0 
498 8 -1 47 27 0 0 27 32 0 0 17 10 
499 8 0 0 0 0 0 0 0 0 0 0 0 
500 8 0 0 0 0 0 0 0 0 0 0 0 
501 8 0 0 0 0 0 0 0 0 0 0 0 
502 8 0 0 0 0 0 0 0 0 0 0 0 
503 8 0 0 0 0 0 0 0 0 0 0 0 
504 8 0 0 0 0 0 0 0 0 0 0 0 
505 8 0 0 0 0 0 0 0 0 0 0 0 
506 8 0 0 0 0 0 0 0 0 0 0 0 
507 8 0 0 0 0 0 0 0 0 0 0 0 
508 8 0 0 0 0 0 0 0 0 0 0 0 
509 8 0 0 0 0 0 0 0 0 0 0 0 
510 8 0 0 0 0 0 0 0 0 0 0 0 
511 9 0 0 0 0 0 0 0 0 0 0 0 
512 9 0 0 0 0 0 0 0 0 0 0 0 
513 9 0 0 0 0 0 0 0 0 0 0 0 
514 9 0 0 0 0 0 0 0 0 0 0 0 
515 9 0 0 0 0 0 0 0 0 0 0 0 
516 9 0 0 0 0 0 0 0 0 0 0 0 
517 9 0 0 0 0 0 0 0 0 0 0 0 
518 9 0 0 0 0 0 0 0 0 0 0 0 
519 9 0 0 0 0 0 0 0 0 0 0 0 
520 9 0 0 0 0 0 0 0 0 0 0 0 
521 9 0 0 0 0 0 0 0 0 0 0 0 
522 9 0 0 0 0 0 0 0 0 0 0 0 
523 9 0 0 0 0 0 0 0 0 0 0 0 
524 9 0 0 0 0 0 0 0 0 0 0 0 
525 9 0 0 0 0 0 0 0 0 0 0 0 
526 9 0 0 0 0 0 0 0 0 0 0 0 
527 9 0 0 0 0 0 0 0 0 0 0 0 
528 9 0 0 0 0 0 0 0 0 0 0 0 
529 9 0 0 0 0 0 0 0 0 0 0 0 
530 9 0 0 0 0 0 0 0 0 0 0 0 
531 9 0 0 0 0 0 0 0 0 0 0 0 
532 9 0 0 0 0 0 0 0 0 0 0 0 
533 9 0 0 0 0 0 0 0 0 0 0 0 
534 9 0 0 0 0 0 0 0 0 0 0 0 
535 9 0 0 0 0 0 0 0 0 0 0 0 
536 9 0 0 0 0 0 0 0 0 0 0 0 
537 9 0 0 0 0 0 0 0 0 0 0 0 
538 9 0 0 0 0 0 0 0 0 0 0 0 
539 9 0 0 0 0 0 0 0 0 0 0 0 
540 9 0 0 0 0 0 0 0 0 0 0 0 
541 9 0 0 0 0 0 0 0 0 0 0 0 
542 9 0 0 0 0 0 0 0 0 0 0 0 
543 9 0 0 0 0 0 0 0 0 0 0 0 
544 9 0 0 0 0 0 0 0 0 0 0 0 
545 9 0 0 0 0 0 0 0 0 0 0 0 
546 9 0 0 0 0 0 0 0 0 0 0 0 
547 9 6 0 0 0 0 0 0 0 0 0 0 
548 9 7 0 0 0 0 0 0 0 0 0 0 
549 9 -1 29 33 0 0 47 40 0 0 3 13 
550 9 10 0 0 0 0 0 0 0 0 0 0 
551 9 0 0 0 0 0 0 0 0 0 0 0 
552 9 0 0 0 0 0 0 0 0 0 0 0 
553 9 0 0 0 0 0 0 0 0 0 0 0 
554 9 0 0 0 0 0 0 0 0 0 0 0 
555 9 -1 8 33 0 0 3 14 0 0 7 37 
556 9 -1 45 5 0 0 13 39 0 0 5 66 
557 9 16 0 0 0 0 0 0 0 0 0 0 
558 9 17 0 0 0 0 0 0 0 0 0 0 
559 9 0 0 0 0 0 0 0 0 0 0 0 
560 9 0 0 0 0 0 0 0 0 0 0 0 
561 9 0 0 0 0 0 0 0 0 0 0 0 
562 9 0 0 0 0 0 0 0 0 0 0 0 
563 9 0 0 0 0 0 0 0 0 0 0 0 
564 9 0 0 0 0 0 0 0 0 0 0 0 
565 9 0 0 0 0 0 0 0 0 0 0 0 
566 9 0 0 0 0 0 0 0 0 0 0 0 
567 9 0 0 0 0 0 0 0 0 0 0 0 
568 9 0 0 0 0 0 0 0 0 0 0 0 
569 9 0 0 0 0 0 0 0 0 0 0 0 
570 9 0 0 0 0 0 0 0 0 0 0 0 
571 9 0 0 0 0 0 0 0 0 0 0 0 
572 9 0 0 0 0 0 0 0 0 0 0 0 
573 9 0 0 0 0 0 0 0 0 0 0 0 
574 9 0 0 0 0 0 0 0 0 0 0 0 
575 9 0 0 0 0 0 0 0 0 0 0 0 
576 9 0 0 0 0 0 0 0 0 0 0 0 
577 9 0 0 0 0 0 0 0 0 0 0 0 
578 9 0 0 0 0 0 0 0 0 0 0 0 
579 9 0 0 0 0 0 0 0 0 0 0 0 
580 9 0 0 0 0 0 0 0 0 0 0 0 
581 9 0 0 0 0 0 0 0 0 0 0 0 
582 9 0 0 0 0 0 0 0 0 0 0 0 
583 9 0 0 0 0 0 0 0 0 0 0 0 
584 9 0 0 0 0 0 0 0 0 0 0 0 
585 9 0 0 0 0 0 0 0 0 0 0 0 
586 9 0 0 0 0 0 0 0 0 0 0 0 
587 9 0 0 0 0 0 0 0 0 0 0 0 
588 9 0 0 0 0 0 0 0 0 0 0 0 
589 9 0 0 0 0 0 0 0 0 0 0 0 
590 9 0 0 0 0 0 0 0 0 0 0 0 
591 9 0 0 0 0 0 0 0 0 0 0 0 
592 9 0 0 0 0 0 0 0 0 0 0 0 
593 9 0 0 0 0 0 0 0 0 0 0 0 
594 9 0 0 0 0 0 0 0 0 0 0 0 
595 9 0 0 0 0 0 0 0 0 0 0 0 
596 9 0 0 0 0 0 0 0 0 0 0 0 
597 9 0 0 0 0 0 0 0 0 0 0 0 
598 9 0 0 0 0 0 0 0 0 0 0 0 
599 9 0 0 0 0 0 0 0 0 0 0 0 
600 9 0 0 0 0 0 0 0 0 0 0 0 
601 9 0 0 0 0 0 0 0 0 0 0 0 
602 9 0 0 0 0 0 0 0 0 0 0 0 
603 9 0 0 0 0 0 0 0 0 0 0 0 
604 9 0 0 0 0 0 0 0 0 0 0 0 
605 9 0 0 0 0 0 0 0 0 0 0 0 
606 9 0 0 0 0 0 0 0 0 0 0 0 
607 9 0 0 0 0 0 0 0 0 0 0 0 
608 9 0 0 0 0 0 0 0 0 0 0 0 
609 9 0 0 0 0 0 0 0 0 0 0 0 
610 9 0 0 0 0 0 0 0 0 0 0 0 
611 9 0 0 0 0 0 0 0 0 0 0 0 
612 9 0 0 0 0 0 0 0 0 0 0 0 
613 9 0 0 0 0 0 0 0 0 0 0 0 
614 9 0 0 0 0 0 0 0 0 0 0 0 
615 9 23 0 0 0 0 0 0 0 0 0 0 
616 9 24 0 0 0 0 0 0 0 0 0 0 
617 9 25 0 0 0 0 0 0 0 0 0 0 
618 9 26 0 0 0 0 0 0 0 0 0 0 
619 9 -1 15 30 0 0 30 31 0 0 18 -1 
620 9 29 0 0 0 0 0 0 0 0 0 0 
621 9 0 0 0 0 0 0 0 0 0 0 0 
622 9 0 0 0 0 0 0 0 0 0 0 0 
623 9 0 0 0 0 0 0 0 0 0 0 0 
624 9 0 0 0 0 0 0 0 0 0 0 0 
625 9 0 0 0 0 0 0 0 0 0 0 0 
626 9 0 0 0 0 0 0 0 0 0 0 0 
627 9 0 0 0 0 0 0 0 0 0 0 0 
628 9 0 0 0 0 0 0 0 0 0 0 0 
629 9 0 0 0 0 0 0 0 0 0 0 0 
630 9 0 0 0 0 0 0 0 0 0 0 0 
631 9 0 0 0 0 0 0 0 0 0 0 0 
632 9 0 0 0 0 0 0 0 0 0 0 0 
633 9 0 0 0 0 0 0 0 0 0 0 0 
634 9 0 0 0 0 0 0 0 0 0 0 0 
635 9 0 0 0 0 0 0 0 0 0 0 0 
636 9 0 0 0 0 0 0 0 0 0 0 0 
637 9 0 0 0 0 0 0 0 0 0 0 0 
638 9 0 0 0 0 0 0 0 0 0 0 0 
639 9 0 0 0 0 0 0 0 0 0 0 0 
640 9 0 0 0 0 0 0 0 0 0 0 0 
641 9 0 0 0 0 0 0 0 0 0 0 0 
642 9 0 0 0 0 0 0 0 0 0 0 0 
643 9 0 0 0 0 0 0 0 0 0 0 0 
644 9 0 0 0 0 0 0 0 0 0 0 0 
645 9 0 0 0 0 0 0 0 0 0 0 0 
646 9 0 0 0 0 0 0 0 0 0 0 0 
647 9 0 0 0 0 0 0 0 0 0 0 0 
648 9 0 0 0 0 0 0 0 0 0 0 0 
649 9 0 0 0 0 0 0 0 0 0 0 0 
650 9 0 0 0 0 0 0 0 0 0 0 0 
651 9 0 0 0 0 0 0 0 0 0 0 0 
652 9 0 0 0 0 0 0 0 0 0 0 0 
653 9 0 0 0 0 0 0 0 0 0 0 0 
654 9 0 0 0 0 0 0 0 0 0 0 0 
655 9 0 0 0 0 0 0 0 0 0 0 0 
656 9 0 0 0 0 0 0 0 0 0 0 0 
657 9 0 0 0 0 0 0 0 0 0 0 0 
658 9 0 0 0 0 0 0 0 0 0 0 0 
659 9 0 0 0 0 0 0 0 0 0 0 0 
660 9 0 0 0 0 0 0 0 0 0 0 0 
661 9 0 0 0 0 0 0 0 0 0 0 0 
662 9 0 0 0 0 0 0 0 0 0 0 0 
663 9 0 0 0 0 0 0 0 0 0 0 0 
664 9 0 0 0 0 0 0 0 0 0 0 0 
665 9 0 0 0 0 0 0 0 0 0 0 0 
666 9 0 0 0 0 0 0 0 0 0 0 0 
667 9 0 0 0 0 0 0 0 0 0 0 0 
668 9 0 0 0 0 0 0 0 0 0 0 0 
669 9 0 0 0 0 0 0 0 0 0 0 0 
670 9 0 0 0 0 0 0 0 0 0 0 0 
671 9 0 0 0 0 0 0 0 0 0 0 0 
672 9 0 0 0 0 0 0 0 0 0 0 0 
673 9 0 0 0 0 0 0 0 0 0 0 0 
674 9 0 0 0 0 0 0 0 0 0 0 0 
675 9 0 0 0 0 0 0 0 0 0 0 0 
676 9 0 0 0 0 0 0 0 0 0 0 0 
677 9 0 0 0 0 0 0 0 0 0 0 0 
678 9 0 0 0 0 0 0 0 0 0 0 0 
679 9 0 0 0 0 0 0 0 0 0 0 0 
680 9 0 0 0 0 0 0 0 0 0 0 0 
681 9 0 0 0 0 0 0 0 0 0 0 0 
682 9 0 0 0 0 0 0 0 0 0 0 0 
683 9 0 0 0 0 0 0 0 0 0 0 0 
684 9 0 0 0 0 0 0 0 0 0 0 0 
685 9 0 0 0 0 0 0 0 0 0 0 0 
686 9 0 0 0 0 0 0 0 0 0 0 0 
687 9 0 0 0 0 0 0 0 0 0 0 0 
688 9 0 0 0 0 0 0 0 0 0 0 0 
689 9 0 0 0 0 0 0 0 0 0 0 0 
690 9 0 0 0 0 0 0 0 0 0 0 0 
691 9 0 0 0 0 0 0 0 0 0 0 0 
692 9 0 0 0 0 0 0 0 0 0 0 0 
693 9 0 0 0 0 0 0 0 0 0 0 0 
694 9 0 0 0 0 0 0 0 0 0 0 0 
695 9 0 0 0 0 0 0 0 0 0 0 0 
696 9 0 0 0 0 0 0 0 0 0 0 0 
697 9 0 0 0 0 0 0 0 0 0 0 0 
698 9 0 0 0 0 0 0 0 0 0 0 0 
699 9 0 0 0 0 0 0 0 0 0 0 0 
700 9 0 0 0 0 0 0 0 0 0 0 0 
701 9 0 0 0 0 0 0 0 0 0 0 0 
702 9 0 0 0 0 0 0 0 0 0 0 0 
703 9 0 0 0 0 0 0 0 0 0 0 0 
704 9 0 0 0 0 0 0 0 0 0 0 0 
705 9 0 0 0 0 0 0 0 0 0 0 0 
706 9 0 0 0 0 0 0 0 0 0 0 0 
707 9 0 0 0 0 0 0 0 0 0 0 0 
708 9 0 0 0 0 0 0 0 0 0 0 0 
709 9 0 0 0 0 0 0 0 0 0 0 0 
710 9 0 0 0 0 0 0 0 0 0 0 0 
711 9 0 0 0 0 0 0 0 0 0 0 0 
712 9 0 0 0 0 0 0 0 0 0 0 0 
713 9 0 0 0 0 0 0 0 0 0 0 0 
714 9 0 0 0 0 0 0 0 0 0 0 0 
715 9 0 0 0 0 0 0 0 0 0 0 0 
716 9 0 0 0 0 0 0 0 0 0 0 0 
717 9 0 0 0 0 0 0 0 0 0 0 0 
718 9 0 0 0 0 0 0 0 0 0 0 0 
719 9 0 0 0 0 0 0 0 0 0 0 0 
720 9 0 0 0 0 0 0 0 0 0 0 0 
721 9 0 0 0 0 0 0 0 0 0 0 0 
722 9 0 0 0 0 0 0 0 0 0 0 0 
723 9 0 0 0 0 0 0 0 0 0 0 0 
724 9 0 0 0 0 0 0 0 0 0 0 0 
725 9 0 0 0 0 0 0 0 0 0 0 0 
726 9 0 0 0 0 0 0 0 0 0 0 0 
727 9 0 0 0 0 0 0 0 0 0 0 0 
728 9 0 0 0 0 0 0 0 0 0 0 0 
729 9 0 0 0 0 0 0 0 0 0 0 0 
730 9 0 0 0 0 0 0 0 0 0 0 0 
731 9 0 0 0 0 0 0 0 0 0 0 0 
732 9 0 0 0 0 0 0 0 0 0 0 0 
733 9 0 0 0 0 0 0 0 0 0 0 0 
734 9 0 0 0 0 0 0 0 0 0 0 0 
735 9 0 0 0 0 0 0 0 0 0 0 0 
736 9 0 0 0 0 0 0 0 0 0 0 0 
737 9 0 0 0 0 0 0 0 0 0 0 0 
738 9 0 0 0 0 0 0 0 0 0 0 0 
739 9 0 0 0 0 0 0 0 0 0 0 0 
740 9 0 0 0 0 0 0 0 0 0 0 0 
741 9 0 0 0 0 0 0 0 0 0 0 0 
742 9 0 0 0 0 0 0 0 0 0 0 0 
743 9 0 0 0 0 0 0 0 0 0 0 0 
744 9 0 0 0 0 0 0 0 0 0 0 0 
745 9 0 0 0 0 0 0 0 0 0 0 0 
746 9 0 0 0 0 0 0 0 0 0 0 0 
747 9 0 0 0 0 0 0 0 0 0 0 0 
748 9 0 0 0 0 0 0 0 0 0 0 0 
749 9 0 0 0 0 0 0 0 0 0 0 0 
750 9 0 0 0 0 0 0 0 0 0 0 0 
751 9 0 0 0 0 0 0 0 0 0 0 0 
752 9 0 0 0 0 0 0 0 0 0 0 0 
753 9 0 0 0 0 0 0 0 0 0 0 0 
754 9 0 0 0 0 0 0 0 0 0 0 0 
755 9 0 0 0 0 0 0 0 0 0 0 0 
756 9 0 0 0 0 0 0 0 0 0 0 0 
757 9 0 0 0 0 0 0 0 0 0 0 0 
758 9 0 0 0 0 0 0 0 0 0 0 0 
759 9 0 0 0 0 0 0 0 0 0 0 0 
760 9 0 0 0 0 0 0 0 0 0 0 0 
761 9 0 0 0 0 0 0 0 0 0 0 0 
762 9 0 0 0 0 0 0 0 0 0 0 0 
763 9 0 0 0 0 0 0 0 0 0 0 0 
764 9 0 0 0 0 0 0 0 0 0 0 0 
765 9 0 0 0 0 0 0 0 0 0 0 0 
766 9 0 0 0 0 0 0 0 0 0 0 0 
767 9 0 0 0 0 0 0 0 0 0 0 0 
768 9 0 0 0 0 0 0 0 0 0 0 0 
769 9 0 0 0 0 0 0 0 0 0 0 0 
770 9 0 0 0 0 0 0 0 0 0 0 0 
771 9 0 0 0 0 0 0 0 0 0 0 0 
772 9 0 0 0 0 0 0 0 0 0 0 0 
773 9 42 0 0 0 0 0 0 0 0 0 0 
774 9 43 0 0 0 0 0 0 0 0 0 0 
775 9 0 0 0 0 0 0 0 0 0 0 0 
776 9 0 0 0 0 0 0 0 0 0 0 0 
777 9 45 0 0 0 0 0 0 0 0 0 0 
778 9 -1 20 14 3 8 24 25 18 9 32 -5716 
779 9 -1 8 18 4 13 20 38 14 2 32 -338 
780 9 -1 18 28 0 0 0 11 0 0 1 -12 
781 9 0 0 0 0 0 0 0 0 0 0 0 
782 9 0 0 0 0 0 0 0 0 0 0 0 
783 9 0 0 0 0 0 0 0 0 0 0 0 
784 9 0 0 0 0 0 0 0 0 0 0 0 
785 9 0 0 0 0 0 0 0 0 0 0 0 
786 9 0 0 0 0 0 0 0 0 0 0 0 
787 9 0 0 0 0 0 0 0 0 0 0 0 
788 9 0 0 0 0 0 0 0 0 0 0 0 
789 9 55 0 0 0 0 0 0 0 0 0 0 
790 9 56 0 0 0 0 0 0 0 0 0 0 
791 9 0 0 0 0 0 0 0 0 0 0 0 
792 9 0 0 0 0 0 0 0 0 0 0 0 
793 9 0 0 0 0 0 0 0 0 0 0 0 
794 9 0 0 0 0 0 0 0 0 0 0 0 
795 9 0 0 0 0 0 0 0 0 0 0 0 
796 9 0 0 0 0 0 0 0 0 0 0 0 
797 9 0 0 0 0 0 0 0 0 0 0 0 
798 9 0 0 0 0 0 0 0 0 0 0 0 
799 9 61 0 0 0 0 0 0 0 0 0 0 
800 9 62 0 0 0 0 0 0 0 0 0 0 
801 9 63 0 0 0 0 0 0 0 0 0 0 
802 9 64 0 0 0 0 0 0 0 0 0 0 
803 9 0 0 0 0 0 0 0 0 0 0 0 
804 9 0 0 0 0 0 0 0 0 0 0 0 
805 9 0 0 0 0 0 0 0 0 0 0 0 
806 9 0 0 0 0 0 0 0 0 0 0 0 
807 9 0 0 0 0 0 0 0 0 0 0 0 
808 9 0 0 0 0 0 0 0 0 0 0 0 
809 9 0 0 0 0 0 0 0 0 0 0 0 
810 9 0 0 0 0 0 0 0 0 0 0 0 
811 9 0 0 0 0 0 0 0 0 0 0 0 
812 9 0 0 0 0 0 0 0 0 0 0 0 
813 9 0 0 0 0 0 0 0 0 0 0 0 
814 9 0 0 0 0 0 0 0 0 0 0 0 
815 9 -1 11 2 10 6 30 11 10 32 32 -9071 
816 9 -1 12 8 0 0 38 37 0 0 18 -24 
817 9 -1 1 20 5 4 29 45 16 2 32 -553 
818 9 74 0 0 0 0 0 0 0 0 0 0 
819 9 75 0 0 0 0 0 0 0 0 0 0 
820 9 76 0 0 0 0 0 0 0 0 0 0 
821 9 -1 43 23 0 0 36 33 0 0 7 7 
822 9 -1 12 17 4 0 42 29 4 6 32 -809 
823 9 0 0 0 0 0 0 0 0 0 0 0 
824 9 0 0 0 0 0 0 0 0 0 0 0 
825 9 -1 11 33 0 0 23 11 0 0 21 0 
826 9 84 0 0 0 0 0 0 0 0 0 0 
827 9 0 0 0 0 0 0 0 0 0 0 0 
828 9 0 0 0 0 0 0 0 0 0 0 0 
829 9 86 0 0 0 0 0 0 0 0 0 0 
830 9 87 0 0 0 0 0 0 0 0 0 0 
831 9 0 0 0 0 0 0 0 0 0 0 0 
832 9 0 0 0 0 0 0 0 0 0 0 0 
833 9 0 0 0 0 0 0 0 0 0 0 0 
834 9 0 0 0 0 0 0 0 0 0 0 0 
835 9 0 0 0 0 0 0 0 0 0 0 0 
836 9 0 0 0 0 0 0 0 0 0 0 0 
837 9 0 0 0 0 0 0 0 0 0 0 0 
838 9 0 0 0 0 0 0 0 0 0 0 0 
839 9 0 0 0 0 0 0 0 0 0 0 0 
840 9 0 0 0 0 0 0 0 0 0 0 0 
841 9 0 0 0 0 0 0 0 0 0 0 0 
842 9 0 0 0 0 0 0 0 0 0 0 0 
843 9 0 0 0 0 0 0 0 0 0 0 0 
844 9 0 0 0 0 0 0 0 0 0 0 0 
845 9 0 0 0 0 0 0 0 0 0 0 0 
846 9 0 0 0 0 0 0 0 0 0 0 0 
847 9 0 0 0 0 0 0 0 0 0 0 0 
848 9 0 0 0 0 0 0 0 0 0 0 0 
849 9 0 0 0 0 0 0 0 0 0 0 0 
850 9 0 0 0 0 0 0 0 0 0 0 0 
851 9 0 0 0 0 0 0 0 0 0 0 0 
852 9 0 0 0 0 0 0 0 0 0 0 0 
853 9 0 0 0 0 0 0 0 0 0 0 0 
854 9 0 0 0 0 0 0 0 0 0 0 0 
855 9 0 0 0 0 0 0 0 0 0 0 0 
856 9 0 0 0 0 0 0 0 0 0 0 0 
857 9 0 0 0 0 0 0 0 0 0 0 0 
858 9 0 0 0 0 0 0 0 0 0 0 0 
859 9 0 0 0 0 0 0 0 0 0 0 0 
860 9 0 0 0 0 0 0 0 0 0 0 0 
861 9 0 0 0 0 0 0 0 0 0 0 0 
862 9 0 0 0 0 0 0 0 0 0 0 0 
863 9 0 0 0 0 0 0 0 0 0 0 0 
864 9 0 0 0 0 0 0 0 0 0 0 0 
865 9 0 0 0 0 0 0 0 0 0 0 0 
866 9 0 0 0 0 0 0 0 0 0 0 0 
867 9 0 0 0 0 0 0 0 0 0 0 0 
868 9 0 0 0 0 0 0 0 0 0 0 0 
869 9 0 0 0 0 0 0 0 0 0 0 0 
870 9 0 0 0 0 0 0 0 0 0 0 0 
871 9 0 0 0 0 0 0 0 0 0 0 0 
872 9 0 0 0 0 0 0 0 0 0 0 0 
873 9 0 0 0 0 0 0 0 0 0 0 0 
874 9 0 0 0 0 0 0 0 0 0 0 0 
875 9 0 0 0 0 0 0 0 0 0 0 0 
876 9 0 0 0 0 0 0 0 0 0 0 0 
877 9 0 0 0 0 0 0 0 0 0 0 0 
878 9 0 0 0 0 0 0 0 0 0 0 0 
879 9 0 0 0 0 0 0 0 0 0 0 0 
880 9 0 0 0 0 0 0 0 0 0 0 0 
881 9 0 0 0 0 0 0 0 0 0 0 0 
882 9 0 0 0 0 0 0 0 0 0 0 0 
883 9 0 0 0 0 0 0 0 0 0 0 0 
884 9 0 0 0 0 0 0 0 0 0 0 0 
885 9 0 0 0 0 0 0 0 0 0 0 0 
886 9 0 0 0 0 0 0 0 0 0 0 0 
887 9 0 0 0 0 0 0 0 0 0 0 0 
888 9 0 0 0 0 0 0 0 0 0 0 0 
889 9 0 0 0 0 0 0 0 0 0 0 0 
890 9 0 0 0 0 0 0 0 0 0 0 0 
891 9 0 0 0 0 0 0 0 0 0 0 0 
892 9 0 0 0 0 0 0 0 0 0 0 0 
893 9 0 0 0 0 0 0 0 0 0 0 0 
894 9 0 0 0 0 0 0 0 0 0 0 0 
895 9 0 0 0 0 0 0 0 0 0 0 0 
896 9 0 0 0 0 0 0 0 0 0 0 0 
897 9 0 0 0 0 0 0 0 0 0 0 0 
898 9 0 0 0 0 0 0 0 0 0 0 0 
899 9 0 0 0 0 0 0 0 0 0 0 0 
900 9 0 0 0 0 0 0 0 0 0 0 0 
901 9 0 0 0 0 0 0 0 0 0 0 0 
902 9 0 0 0 0 0 0 0 0 0 0 0 
903 9 0 0 0 0 0 0 0 0 0 0 0 
904 9 0 0 0 0 0 0 0 0 0 0 0 
905 9 0 0 0 0 0 0 0 0 0 0 0 
906 9 0 0 0 0 0 0 0 0 0 0 0 
907 9 0 0 0 0 0 0 0 0 0 0 0 
908 9 0 0 0 0 0 0 0 0 0 0 0 
909 9 0 0 0 0 0 0 0 0 0 0 0 
910 9 0 0 0 0 0 0 0 0 0 0 0 
911 9 0 0 0 0 0 0 0 0 0 0 0 
912 9 0 0 0 0 0 0 0 0 0 0 0 
913 9 0 0 0 0 0 0 0 0 0 0 0 
914 9 0 0 0 0 0 0 0 0 0 0 0 
915 9 0 0 0 0 0 0 0 0 0 0 0 
916 9 0 0 0 0 0 0 0 0 0 0 0 
917 9 0 0 0 0 0 0 0 0 0 0 0 
918 9 0 0 0 0 0 0 0 0 0 0 0 
919 9 0 0 0 0 0 0 0 0 0 0 0 
920 9 0 0 0 0 0 0 0 0 0 0 0 
921 9 0 0 0 0 0 0 0 0 0 0 0 
922 9 0 0 0 0 0 0 0 0 0 0 0 
923 9 0 0 0 0 0 0 0 0 0 0 0 
924 9 0 0 0 0 0 0 0 0 0 0 0 
925 9 0 0 0 0 0 0 0 0 0 0 0 
926 9 0 0 0 0 0 0 0 0 0 0 0 
927 9 0 0 0 0 0 0 0 0 0 0 0 
928 9 0 0 0 0 0 0 0 0 0 0 0 
929 9 0 0 0 0 0 0 0 0 0 0 0 
930 9 0 0 0 0 0 0 0 0 0 0 0 
931 9 0 0 0 0 0 0 0 0 0 0 0 
932 9 0 0 0 0 0 0 0 0 0 0 0 
933 9 0 0 0 0 0 0 0 0 0 0 0 
934 9 0 0 0 0 0 0 0 0 0 0 0 
935 9 0 0 0 0 0 0 0 0 0 0 0 
936 9 0 0 0 0 0 0 0 0 0 0 0 
937 9 0 0 0 0 0 0 0 0 0 0 0 
938 9 0 0 0 0 0 0 0 0 0 0 0 
939 9 0 0 0 0 0 0 0 0 0 0 0 
940 9 0 0 0 0 0 0 0 0 0 0 0 
941 9 0 0 0 0 0 0 0 0 0 0 0 
942 9 0 0 0 0 0 0 0 0 0 0 0 
943 9 0 0 0 0 0 0 0 0 0 0 0 
944 9 0 0 0 0 0 0 0 0 0 0 0 
945 9 0 0 0 0 0 0 0 0 0 0 0 
946 9 0 0 0 0 0 0 0 0 0 0 0 
947 9 0 0 0 0 0 0 0 0 0 0 0 
948 9 0 0 0 0 0 0 0 0 0 0 0 
949 9 0 0 0 0 0 0 0 0 0 0 0 
950 9 0 0 0 0 0 0 0 0 0 0 0 
951 9 0 0 0 0 0 0 0 0 0 0 0 
952 9 0 0 0 0 0 0 0 0 0 0 0 
953 9 0 0 0 0 0 0 0 0 0 0 0 
954 9 0 0 0 0 0 0 0 0 0 0 0 
955 9 0 0 0 0 0 0 0 0 0 0 0 
956 9 0 0 0 0 0 0 0 0 0 0 0 
957 9 0 0 0 0 0 0 0 0 0 0 0 
958 9 0 0 0 0 0 0 0 0 0 0 0 
959 9 106 0 0 0 0 0 0 0 0 0 0 
960 9 107 0 0 0 0 0 0 0 0 0 0 
961 9 0 0 0 0 0 0 0 0 0 0 0 
962 9 0 0 0 0 0 0 0 0 0 0 0 
963 9 109 0 0 0 0 0 0 0 0 0 0 
964 9 110 0 0 0 0 0 0 0 0 0 0 
965 9 -1 19 44 0 0 29 14 0 0 4 -48 
966 9 113 0 0 0 0 0 0 0 0 0 0 
967 9 114 0 0 0 0 0 0 0 0 0 0 
968 9 -1 44 3 0 0 9 15 0 0 16 6 
969 9 0 0 0 0 0 0 0 0 0 0 0 
970 9 0 0 0 0 0 0 0 0 0 0 0 
971 9 0 0 0 0 0 0 0 0 0 0 0 
972 9 0 0 0 0 0 0 0 0 0 0 0 
973 9 0 0 0 0 0 0 0 0 0 0 0 
974 9 0 0 0 0 0 0 0 0 0 0 0 
975 9 0 0 0 0 0 0 0 0 0 0 0 
976 9 0 0 0 0 0 0 0 0 0 0 0 
977 9 0 0 0 0 0 0 0 0 0 0 0 
978 9 0 0 0 0 0 0 0 0 0 0 0 
979 9 0 0 0 0 0 0 0 0 0 0 0 
980 9 0 0 0 0 0 0 0 0 0 0 0 
981 9 0 0 0 0 0 0 0 0 0 0 0 
982 9 0 0 0 0 0 0 0 0 0 0 0 
983 9 0 0 0 0 0 0 0 0 0 0 0 
984 9 0 0 0 0 0 0 0 0 0 0 0 
985 9 0 0 0 0 0 0 0 0 0 0 0 
986 9 0 0 0 0 0 0 0 0 0 0 0 
987 9 0 0 0 0 0 0 0 0 0 0 0 
988 9 0 0 0 0 0 0 0 0 0 0 0 
989 9 0 0 0 0 0 0 0 0 0 0 0 
990 9 0 0 0 0 0 0 0 0 0 0 0 
991 9 -1 13 8 0 0 42 37 0 0 1 -26 
992 9 -1 16 4 0 0 43 19 0 0 0 14 
993 9 125 0 0 0 0 0 0 0 0 0 0 
994 9 126 0 0 0 0 0 0 0 0 0 0 
995 9 0 0 0 0 0 0 0 0 0 0 0 
996 9 0 0 0 0 0 0 0 0 0 0 0 
997 9 128 0 0 0 0 0 0 0 0 0 0 
998 9 129 0 0 0 0 0 0 0 0 0 0 
999 9 0 0 0 0 0 0 0 0 0 0 0 
1000 9 0 0 0 0 0 0 0 0 0 0 0 
1001 9 0 0 0 0 0 0 0 0 0 0 0 
1002 9 0 0 0 0 0 0 0 0 0 0 0 
1003 9 0 0 0 0 0 0 0 0 0 0 0 
1004 9 0 0 0 0 0 0 0 0 0 0 0 
1005 9 0 0 0 0 0 0 0 0 0 0 0 
1006 9 0 0 0 0 0 0 0 0 0 0 0 
1007 9 0 0 0 0 0 0 0 0 0 0 0 
1008 9 0 0 0 0 0 0 0 0 0 0 0 
1009 9 0 0 0 0 0 0 0 0 0 0 0 
1010 9 0 0 0 0 0 0 0 0 0 0 0 
1011 9 0 0 0 0 0 0 0 0 0 0 0 
1012 9 0 0 0 0 0 0 0 0 0 0 0 
1013 9 0 0 0 0 0 0 0 0 0 0 0 
1014 9 0 0 0 0 0 0 0 0 0 0 0 
1015 9 0 0 0 0 0 0 0 0 0 0 0 
1016 9 0 0 0 0 0 0 0 0 0 0 0 
1017 9 0 0 0 0 0 0 0 0 0 0 0 
1018 9 0 0 0 0 0 0 0 0 0 0 0 
1019 9 0 0 0 0 0 0 0 0 0 0 0 
1020 9 0 0 0 0 0 0 0 0 0 0 0 
1021 9 0 0 0 0 0 0 0 0 0 0 0 
1022 9 0 0 0 0 0 0 0 0 0 0 0 
1023 10 0 0 0 0 0 0 0 0 0 0 0 
1024 10 0 0 0 0 0 0 0 0 0 0 0 
1025 10 0 0 0 0 0 0 0 0 0 0 0 
1026 10 0 0 0 0 0 0 0 0 0 0 0 
1027 10 0 0 0 0 0 0 0 0 0 0 0 
1028 10 0 0 0 0 0 0 0 0 0 0 0 
1029 10 0 0 0 0 0 0 0 0 0 0 0 
1030 10 0 0 0 0 0 0 0 0 0 0 0 
1031 10 0 0 0 0 0 0 0 0 0 0 0 
1032 10 0 0 0 0 0 0 0 0 0 0 0 
1033 10 0 0 0 0 0 0 0 0 0 0 0 
1034 10 0 0 0 0 0 0 0 0 0 0 0 
1035 10 0 0 0 0 0 0 0 0 0 0 0 
1036 10 0 0 0 0 0 0 0 0 0 0 0 
1037 10 0 0 0 0 0 0 0 0 0 0 0 
1038 10 0 0 0 0 0 0 0 0 0 0 0 
1039 10 0 0 0 0 0 0 0 0 0 0 0 
1040 10 0 0 0 0 0 0 0 0 0 0 0 
1041 10 0 0 0 0 0 0 0 0 0 0 0 
1042 10 0 0 0 0 0 0 0 0 0 0 0 
1043 10 0 0 0 0 0 0 0 0 0 0 0 
1044 10 0 0 0 0 0 0 0 0 0 0 0 
1045 10 0 0 0 0 0 0 0 0 0 0 0 
1046 10 0 0 0 0 0 0 0 0 0 0 0 
1047 10 0 0 0 0 0 0 0 0 0 0 0 
1048 10 0 0 0 0 0 0 0 0 0 0 0 
1049 10 0 0 0 0 0 0 0 0 0 0 0 
1050 10 0 0 0 0 0 0 0 0 0 0 0 
1051 10 0 0 0 0 0 0 0 0 0 0 0 
1052 10 0 0 0 0 0 0 0 0 0 0 0 
1053 10 0 0 0 0 0 0 0 0 0 0 0 
1054 10 0 0 0 0 0 0 0 0 0 0 0 
1055 10 0 0 0 0 0 0 0 0 0 0 0 
1056 10 0 0 0 0 0 0 0 0 0 0 0 
1057 10 0 0 0 0 0 0 0 0 0 0 0 
1058 10 0 0 0 0 0 0 0 0 0 0 0 
1059 10 0 0 0 0 0 0 0 0 0 0 0 
1060 10 0 0 0 0 0 0 0 0 0 0 0 
1061 10 0 0 0 0 0 0 0 0 0 0 0 
1062 10 0 0 0 0 0 0 0 0 0 0 0 
1063 10 0 0 0 0 0 0 0 0 0 0 0 
1064 10 0 0 0 0 0 0 0 0 0 0 0 
1065 10 0 0 0 0 0 0 0 0 0 0 0 
1066 10 0 0 0 0 0 0 0 0 0 0 0 
1067 10 0 0 0 0 0 0 0 0 0 0 0 
1068 10 0 0 0 0 0 0 0 0 0 0 0 
1069 10 0 0 0 0 0 0 0 0 0 0 0 
1070 10 0 0 0 0 0 0 0 0 0 0 0 
1071 10 0 0 0 0 0 0 0 0 0 0 0 
1072 10 0 0 0 0 0 0 0 0 0 0 0 
1073 10 0 0 0 0 0 0 0 0 0 0 0 
1074 10 0 0 0 0 0 0 0 0 0 0 0 
1075 10 0 0 0 0 0 0 0 0 0 0 0 
1076 10 0 0 0 0 0 0 0 0 0 0 0 
1077 10 0 0 0 0 0 0 0 0 0 0 0 
1078 10 0 0 0 0 0 0 0 0 0 0 0 
1079 10 0 0 0 0 0 0 0 0 0 0 0 
1080 10 0 0 0 0 0 0 0 0 0 0 0 
1081 10 0 0 0 0 0 0 0 0 0 0 0 
1082 10 0 0 0 0 0 0 0 0 0 0 0 
1083 10 0 0 0 0 0 0 0 0 0 0 0 
1084 10 0 0 0 0 0 0 0 0 0 0 0 
1085 10 0 0 0 0 0 0 0 0 0 0 0 
1086 10 0 0 0 0 0 0 0 0 0 0 0 
1087 10 0 0 0 0 0 0 0 0 0 0 0 
1088 10 0 0 0 0 0 0 0 0 0 0 0 
1089 10 0 0 0 0 0 0 0 0 0 0 0 
1090 10 0 0 0 0 0 0 0 0 0 0 0 
1091 10 0 0 0 0 0 0 0 0 0 0 0 
1092 10 0 0 0 0 0 0 0 0 0 0 0 
1093 10 0 0 0 0 0 0 0 0 0 0 0 
1094 10 0 0 0 0 0 0 0 0 0 0 0 
1095 10 0 0 0 0 0 0 0 0 0 0 0 
1096 10 0 0 0 0 0 0 0 0 0 0 0 
1097 10 0 0 0 0 0 0 0 0 0 0 0 
1098 10 0 0 0 0 0 0 0 0 0 0 0 
1099 10 8 0 0 0 0 0 0 0 0 0 0 
1100 10 9 0 0 0 0 0 0 0 0 0 0 
1101 10 0 0 0 0 0 0 0 0 0 0 0 
1102 10 0 0 0 0 0 0 0 0 0 0 0 
1103 10 0 0 0 0 0 0 0 0 0 0 0 
1104 10 0 0 0 0 0 0 0 0 0 0 0 
1105 10 0 0 0 0 0 0 0 0 0 0 0 
1106 10 0 0 0 0 0 0 0 0 0 0 0 
1107 10 0 0 0 0 0 0 0 0 0 0 0 
1108 10 0 0 0 0 0 0 0 0 0 0 0 
1109 10 0 0 0 0 0 0 0 0 0 0 0 
1110 10 0 0 0 0 0 0 0 0 0 0 0 
1111 10 12 0 0 0 0 0 0 0 0 0 0 
1112 10 13 0 0 0 0 0 0 0 0 0 0 
1113 10 14 0 0 0 0 0 0 0 0 0 0 
1114 10 15 0 0 0 0 0 0 0 0 0 0 
1115 10 0 0 0 0 0 0 0 0 0 0 0 
1116 10 0 0 0 0 0 0 0 0 0 0 0 
1117 10 0 0 0 0 0 0 0 0 0 0 0 
1118 10 0 0 0 0 0 0 0 0 0 0 0 
1119 10 0 0 0 0 0 0 0 0 0 0 0 
1120 10 0 0 0 0 0 0 0 0 0 0 0 
1121 10 0 0 0 0 0 0 0 0 0 0 0 
1122 10 0 0 0 0 0 0 0 0 0 0 0 
1123 10 0 0 0 0 0 0 0 0 0 0 0 
1124 10 0 0 0 0 0 0 0 0 0 0 0 
1125 10 0 0 0 0 0 0 0 0 0 0 0 
1126 10 0 0 0 0 0 0 0 0 0 0 0 
1127 10 0 0 0 0 0 0 0 0 0 0 0 
1128 10 0 0 0 0 0 0 0 0 0 0 0 
1129 10 0 0 0 0 0 0 0 0 0 0 0 
1130 10 0 0 0 0 0 0 0 0 0 0 0 
1131 10 0 0 0 0 0 0 0 0 0 0 0 
1132 10 0 0 0 0 0 0 0 0 0 0 0 
1133 10 0 0 0 0 0 0 0 0 0 0 0 
1134 10 0 0 0 0 0 0 0 0 0 0 0 
1135 10 0 0 0 0 0 0 0 0 0 0 0 
1136 10 0 0 0 0 0 0 0 0 0 0 0 
1137 10 0 0 0 0 0 0 0 0 0 0 0 
1138 10 0 0 0 0 0 0 0 0 0 0 0 
1139 10 0 0 0 0 0 0 0 0 0 0 0 
1140 10 0 0 0 0 0 0 0 0 0 0 0 
1141 10 0 0 0 0 0 0 0 0 0 0 0 
1142 10 0 0 0 0 0 0 0 0 0 0 0 
1143 10 0 0 0 0 0 0 0 0 0 0 0 
1144 10 0 0 0 0 0 0 0 0 0 0 0 
1145 10 0 0 0 0 0 0 0 0 0 0 0 
1146 10 0 0 0 0 0 0 0 0 0 0 0 
1147 10 0 0 0 0 0 0 0 0 0 0 0 
1148 10 0 0 0 0 0 0 0 0 0 0 0 
1149 10 0 0 0 0 0 0 0 0 0 0 0 
1150 10 0 0 0 0 0 0 0 0 0 0 0 
1151 10 0 0 0 0 0 0 0 0 0 0 0 
1152 10 0 0 0 0 0 0 0 0 0 0 0 
1153 10 0 0 0 0 0 0 0 0 0 0 0 
1154 10 0 0 0 0 0 0 0 0 0 0 0 
1155 10 0 0 0 0 0 0 0 0 0 0 0 
1156 10 0 0 0 0 0 0 0 0 0 0 0 
1157 10 0 0 0 0 0 0 0 0 0 0 0 
1158 10 0 0 0 0 0 0 0 0 0 0 0 
1159 10 0 0 0 0 0 0 0 0 0 0 0 
1160 10 0 0 0 0 0 0 0 0 0 0 0 
1161 10 0 0 0 0 0 0 0 0 0 0 0 
1162 10 0 0 0 0 0 0 0 0 0 0 0 
1163 10 0 0 0 0 0 0 0 0 0 0 0 
1164 10 0 0 0 0 0 0 0 0 0 0 0 
1165 10 0 0 0 0 0 0 0 0 0 0 0 
1166 10 0 0 0 0 0 0 0 0 0 0 0 
1167 10 0 0 0 0 0 0 0 0 0 0 0 
1168 10 0 0 0 0 0 0 0 0 0 0 0 
1169 10 0 0 0 0 0 0 0 0 0 0 0 
1170 10 0 0 0 0 0 0 0 0 0 0 0 
1171 10 0 0 0 0 0 0 0 0 0 0 0 
1172 10 0 0 0 0 0 0 0 0 0 0 0 
1173 10 0 0 0 0 0 0 0 0 0 0 0 
1174 10 0 0 0 0 0 0 0 0 0 0 0 
1175 10 0 0 0 0 0 0 0 0 0 0 0 
1176 10 0 0 0 0 0 0 0 0 0 0 0 
1177 10 0 0 0 0 0 0 0 0 0 0 0 
1178 10 0 0 0 0 0 0 0 0 0 0 0 
1179 10 0 0 0 0 0 0 0 0 0 0 0 
1180 10 0 0 0 0 0 0 0 0 0 0 0 
1181 10 0 0 0 0 0 0 0 0 0 0 0 
1182 10 0 0 0 0 0 0 0 0 0 0 0 
1183 10 0 0 0 0 0 0 0 0 0 0 0 
1184 10 0 0 0 0 0 0 0 0 0 0 0 
1185 10 0 0 0 0 0 0 0 0 0 0 0 
1186 10 0 0 0 0 0 0 0 0 0 0 0 
1187 10 0 0 0 0 0 0 0 0 0 0 0 
1188 10 0 0 0 0 0 0 0 0 0 0 0 
1189 10 0 0 0 0 0 0 0 0 0 0 0 
1190 10 0 0 0 0 0 0 0 0 0 0 0 
1191 10 0 0 0 0 0 0 0 0 0 0 0 
1192 10 0 0 0 0 0 0 0 0 0 0 0 
1193 10 0 0 0 0 0 0 0 0 0 0 0 
1194 10 0 0 0 0 0 0 0 0 0 0 0 
1195 10 0 0 0 0 0 0 0 0 0 0 0 
1196 10 0 0 0 0 0 0 0 0 0 0 0 
1197 10 0 0 0 0 0 0 0 0 0 0 0 
1198 10 0 0 0 0 0 0 0 0 0 0 0 
1199 10 0 0 0 0 0 0 0 0 0 0 0 
1200 10 0 0 0 0 0 0 0 0 0 0 0 
1201 10 0 0 0 0 0 0 0 0 0 0 0 
1202 10 0 0 0 0 0 0 0 0 0 0 0 
1203 10 0 0 0 0 0 0 0 0 0 0 0 
1204 10 0 0 0 0 0 0 0 0 0 0 0 
1205 10 0 0 0 0 0 0 0 0 0 0 0 
1206 10 0 0 0 0 0 0 0 0 0 0 0 
1207 10 0 0 0 0 0 0 0 0 0 0 0 
1208 10 0 0 0 0 0 0 0 0 0 0 0 
1209 10 0 0 0 0 0 0 0 0 0 0 0 
1210 10 0 0 0 0 0 0 0 0 0 0 0 
1211 10 0 0 0 0 0 0 0 0 0 0 0 
1212 10 0 0 0 0 0 0 0 0 0 0 0 
1213 10 0 0 0 0 0 0 0 0 0 0 0 
1214 10 0 0 0 0 0 0 0 0 0 0 0 
1215 10 0 0 0 0 0 0 0 0 0 0 0 
1216 10 0 0 0 0 0 0 0 0 0 0 0 
1217 10 0 0 0 0 0 0 0 0 0 0 0 
1218 10 0 0 0 0 0 0 0 0 0 0 0 
1219 10 0 0 0 0 0 0 0 0 0 0 0 
1220 10 0 0 0 0 0 0 0 0 0 0 0 
1221 10 0 0 0 0 0 0 0 0 0 0 0 
1222 10 0 0 0 0 0 0 0 0 0 0 0 
1223 10 0 0 0 0 0 0 0 0 0 0 0 
1224 10 0 0 0 0 0 0 0 0 0 0 0 
1225 10 0 0 0 0 0 0 0 0 0 0 0 
1226 10 0 0 0 0 0 0 0 0 0 0 0 
1227 10 0 0 0 0 0 0 0 0 0 0 0 
1228 10 0 0 0 0 0 0 0 0 0 0 0 
1229 10 0 0 0 0 0 0 0 0 0 0 0 
1230 10 0 0 0 0 0 0 0 0 0 0 0 
1231 10 0 0 0 0 0 0 0 0 0 0 0 
1232 10 0 0 0 0 0 0 0 0 0 0 0 
1233 10 0 0 0 0 0 0 0 0 0 0 0 
1234 10 0 0 0 0 0 0 0 0 0 0 0 
1235 10 0 0 0 0 0 0 0 0 0 0 0 
1236 10 0 0 0 0 0 0 0 0 0 0 0 
1237 10 0 0 0 0 0 0 0 0 0 0 0 
1238 10 0 0 0 0 0 0 0 0 0 0 0 
1239 10 27 0 0 0 0 0 0 0 0 0 0 
1240 10 28 0 0 0 0 0 0 0 0 0 0 
1241 10 0 0 0 0 0 0 0 0 0 0 0 
1242 10 0 0 0 0 0 0 0 0 0 0 0 
1243 10 0 0 0 0 0 0 0 0 0 0 0 
1244 10 0 0 0 0 0 0 0 0 0 0 0 
1245 10 0 0 0 0 0 0 0 0 0 0 0 
1246 10 0 0 0 0 0 0 0 0 0 0 0 
1247 10 0 0 0 0 0 0 0 0 0 0 0 
1248 10 0 0 0 0 0 0 0 0 0 0 0 
1249 10 0 0 0 0 0 0 0 0 0 0 0 
1250 10 0 0 0 0 0 0 0 0 0 0 0 
1251 10 0 0 0 0 0 0 0 0 0 0 0 
1252 10 0 0 0 0 0 0 0 0 0 0 0 
1253 10 0 0 0 0 0 0 0 0 0 0 0 
1254 10 0 0 0 0 0 0 0 0 0 0 0 
1255 10 0 0 0 0 0 0 0 0 0 0 0 
1256 10 0 0 0 0 0 0 0 0 0 0 0 
1257 10 0 0 0 0 0 0 0 0 0 0 0 
1258 10 0 0 0 0 0 0 0 0 0 0 0 
1259 10 0 0 0 0 0 0 0 0 0 0 0 
1260 10 0 0 0 0 0 0 0 0 0 0 0 
1261 10 0 0 0 0 0 0 0 0 0 0 0 
1262 10 0 0 0 0 0 0 0 0 0 0 0 
1263 10 0 0 0 0 0 0 0 0 0 0 0 
1264 10 0 0 0 0 0 0 0 0 0 0 0 
1265 10 0 0 0 0 0 0 0 0 0 0 0 
1266 10 0 0 0 0 0 0 0 0 0 0 0 
1267 10 0 0 0 0 0 0 0 0 0 0 0 
1268 10 0 0 0 0 0 0 0 0 0 0 0 
1269 10 0 0 0 0 0 0 0 0 0 0 0 
1270 10 0 0 0 0 0 0 0 0 0 0 0 
1271 10 0 0 0 0 0 0 0 0 0 0 0 
1272 10 0 0 0 0 0 0 0 0 0 0 0 
1273 10 0 0 0 0 0 0 0 0 0 0 0 
1274 10 0 0 0 0 0 0 0 0 0 0 0 
1275 10 0 0 0 0 0 0 0 0 0 0 0 
1276 10 0 0 0 0 0 0 0 0 0 0 0 
1277 10 0 0 0 0 0 0 0 0 0 0 0 
1278 10 0 0 0 0 0 0 0 0 0 0 0 
1279 10 0 0 0 0 0 0 0 0 0 0 0 
1280 10 0 0 0 0 0 0 0 0 0 0 0 
1281 10 0 0 0 0 0 0 0 0 0 0 0 
1282 10 0 0 0 0 0 0 0 0 0 0 0 
1283 10 0 0 0 0 0 0 0 0 0 0 0 
1284 10 0 0 0 0 0 0 0 0 0 0 0 
1285 10 0 0 0 0 0 0 0 0 0 0 0 
1286 10 0 0 0 0 0 0 0 0 0 0 0 
1287 10 0 0 0 0 0 0 0 0 0 0 0 
1288 10 0 0 0 0 0 0 0 0 0 0 0 
1289 10 0 0 0 0 0 0 0 0 0 0 0 
1290 10 0 0 0 0 0 0 0 0 0 0 0 
1291 10 0 0 0 0 0 0 0 0 0 0 0 
1292 10 0 0 0 0 0 0 0 0 0 0 0 
1293 10 0 0 0 0 0 0 0 0 0 0 0 
1294 10 0 0 0 0 0 0 0 0 0 0 0 
1295 10 0 0 0 0 0 0 0 0 0 0 0 
1296 10 0 0 0 0 0 0 0 0 0 0 0 
1297 10 0 0 0 0 0 0 0 0 0 0 0 
1298 10 0 0 0 0 0 0 0 0 0 0 0 
1299 10 0 0 0 0 0 0 0 0 0 0 0 
1300 10 0 0 0 0 0 0 0 0 0 0 0 
1301 10 0 0 0 0 0 0 0 0 0 0 0 
1302 10 0 0 0 0 0 0 0 0 0 0 0 
1303 10 0 0 0 0 0 0 0 0 0 0 0 
1304 10 0 0 0 0 0 0 0 0 0 0 0 
1305 10 0 0 0 0 0 0 0 0 0 0 0 
1306 10 0 0 0 0 0 0 0 0 0 0 0 
1307 10 0 0 0 0 0 0 0 0 0 0 0 
1308 10 0 0 0 0 0 0 0 0 0 0 0 
1309 10 0 0 0 0 0 0 0 0 0 0 0 
1310 10 0 0 0 0 0 0 0 0 0 0 0 
1311 10 0 0 0 0 0 0 0 0 0 0 0 
1312 10 0 0 0 0 0 0 0 0 0 0 0 
1313 10 0 0 0 0 0 0 0 0 0 0 0 
1314 10 0 0 0 0 0 0 0 0 0 0 0 
1315 10 0 0 0 0 0 0 0 0 0 0 0 
1316 10 0 0 0 0 0 0 0 0 0 0 0 
1317 10 0 0 0 0 0 0 0 0 0 0 0 
1318 10 0 0 0 0 0 0 0 0 0 0 0 
1319 10 0 0 0 0 0 0 0 0 0 0 0 
1320 10 0 0 0 0 0 0 0 0 0 0 0 
1321 10 0 0 0 0 0 0 0 0 0 0 0 
1322 10 0 0 0 0 0 0 0 0 0 0 0 
1323 10 0 0 0 0 0 0 0 0 0 0 0 
1324 10 0 0 0 0 0 0 0 0 0 0 0 
1325 10 0 0 0 0 0 0 0 0 0 0 0 
1326 10 0 0 0 0 0 0 0 0 0 0 0 
1327 10 0 0 0 0 0 0 0 0 0 0 0 
1328 10 0 0 0 0 0 0 0 0 0 0 0 
1329 10 0 0 0 0 0 0 0 0 0 0 0 
1330 10 0 0 0 0 0 0 0 0 0 0 0 
1331 10 0 0 0 0 0 0 0 0 0 0 0 
1332 10 0 0 0 0 0 0 0 0 0 0 0 
1333 10 0 0 0 0 0 0 0 0 0 0 0 
1334 10 0 0 0 0 0 0 0 0 0 0 0 
1335 10 0 0 0 0 0 0 0 0 0 0 0 
1336 10 0 0 0 0 0 0 0 0 0 0 0 
1337 10 0 0 0 0 0 0 0 0 0 0 0 
1338 10 0 0 0 0 0 0 0 0 0 0 0 
1339 10 0 0 0 0 0 0 0 0 0 0 0 
1340 10 0 0 0 0 0 0 0 0 0 0 0 
1341 10 0 0 0 0 0 0 0 0 0 0 0 
1342 10 0 0 0 0 0 0 0 0 0 0 0 
1343 10 0 0 0 0 0 0 0 0 0 0 0 
1344 10 0 0 0 0 0 0 0 0 0 0 0 
1345 10 0 0 0 0 0 0 0 0 0 0 0 
1346 10 0 0 0 0 0 0 0 0 0 0 0 
1347 10 0 0 0 0 0 0 0 0 0 0 0 
1348 10 0 0 0 0 0 0 0 0 0 0 0 
1349 10 0 0 0 0 0 0 0 0 0 0 0 
1350 10 0 0 0 0 0 0 0 0 0 0 0 
1351 10 0 0 0 0 0 0 0 0 0 0 0 
1352 10 0 0 0 0 0 0 0 0 0 0 0 
1353 10 0 0 0 0 0 0 0 0 0 0 0 
1354 10 0 0 0 0 0 0 0 0 0 0 0 
1355 10 0 0 0 0 0 0 0 0 0 0 0 
1356 10 0 0 0 0 0 0 0 0 0 0 0 
1357 10 0 0 0 0 0 0 0 0 0 0 0 
1358 10 0 0 0 0 0 0 0 0 0 0 0 
1359 10 0 0 0 0 0 0 0 0 0 0 0 
1360 10 0 0 0 0 0 0 0 0 0 0 0 
1361 10 0 0 0 0 0 0 0 0 0 0 0 
1362 10 0 0 0 0 0 0 0 0 0 0 0 
1363 10 0 0 0 0 0 0 0 0 0 0 0 
1364 10 0 0 0 0 0 0 0 0 0 0 0 
1365 10 0 0 0 0 0 0 0 0 0 0 0 
1366 10 0 0 0 0 0 0 0 0 0 0 0 
1367 10 0 0 0 0 0 0 0 0 0 0 0 
1368 10 0 0 0 0 0 0 0 0 0 0 0 
1369 10 0 0 0 0 0 0 0 0 0 0 0 
1370 10 0 0 0 0 0 0 0 0 0 0 0 
1371 10 0 0 0 0 0 0 0 0 0 0 0 
1372 10 0 0 0 0 0 0 0 0 0 0 0 
1373 10 0 0 0 0 0 0 0 0 0 0 0 
1374 10 0 0 0 0 0 0 0 0 0 0 0 
1375 10 0 0 0 0 0 0 0 0 0 0 0 
1376 10 0 0 0 0 0 0 0 0 0 0 0 
1377 10 0 0 0 0 0 0 0 0 0 0 0 
1378 10 0 0 0 0 0 0 0 0 0 0 0 
1379 10 0 0 0 0 0 0 0 0 0 0 0 
1380 10 0 0 0 0 0 0 0 0 0 0 0 
1381 10 0 0 0 0 0 0 0 0 0 0 0 
1382 10 0 0 0 0 0 0 0 0 0 0 0 
1383 10 0 0 0 0 0 0 0 0 0 0 0 
1384 10 0 0 0 0 0 0 0 0 0 0 0 
1385 10 0 0 0 0 0 0 0 0 0 0 0 
1386 10 0 0 0 0 0 0 0 0 0 0 0 
1387 10 0 0 0 0 0 0 0 0 0 0 0 
1388 10 0 0 0 0 0 0 0 0 0 0 0 
1389 10 0 0 0 0 0 0 0 0 0 0 0 
1390 10 0 0 0 0 0 0 0 0 0 0 0 
1391 10 0 0 0 0 0 0 0 0 0 0 0 
1392 10 0 0 0 0 0 0 0 0 0 0 0 
1393 10 0 0 0 0 0 0 0 0 0 0 0 
1394 10 0 0 0 0 0 0 0 0 0 0 0 
1395 10 0 0 0 0 0 0 0 0 0 0 0 
1396 10 0 0 0 0 0 0 0 0 0 0 0 
1397 10 0 0 0 0 0 0 0 0 0 0 0 
1398 10 0 0 0 0 0 0 0 0 0 0 0 
1399 10 0 0 0 0 0 0 0 0 0 0 0 
1400 10 0 0 0 0 0 0 0 0 0 0 0 
1401 10 0 0 0 0 0 0 0 0 0 0 0 
1402 10 0 0 0 0 0 0 0 0 0 0 0 
1403 10 0 0 0 0 0 0 0 0 0 0 0 
1404 10 0 0 0 0 0 0 0 0 0 0 0 
1405 10 0 0 0 0 0 0 0 0 0 0 0 
1406 10 0 0 0 0 0 0 0 0 0 0 0 
1407 10 0 0 0 0 0 0 0 0 0 0 0 
1408 10 0 0 0 0 0 0 0 0 0 0 0 
1409 10 0 0 0 0 0 0 0 0 0 0 0 
1410 10 0 0 0 0 0 0 0 0 0 0 0 
1411 10 0 0 0 0 0 0 0 0 0 0 0 
1412 10 0 0 0 0 0 0 0 0 0 0 0 
1413 10 0 0 0 0 0 0 0 0 0 0 0 
1414 10 0 0 0 0 0 0 0 0 0 0 0 
1415 10 0 0 0 0 0 0 0 0 0 0 0 
1416 10 0 0 0 0 0 0 0 0 0 0 0 
1417 10 0 0 0 0 0 0 0 0 0 0 0 
1418 10 0 0 0 0 0 0 0 0 0 0 0 
1419 10 0 0 0 0 0 0 0 0 0 0 0 
1420 10 0 0 0 0 0 0 0 0 0 0 0 
1421 10 0 0 0 0 0 0 0 0 0 0 0 
1422 10 0 0 0 0 0 0 0 0 0 0 0 
1423 10 0 0 0 0 0 0 0 0 0 0 0 
1424 10 0 0 0 0 0 0 0 0 0 0 0 
1425 10 0 0 0 0 0 0 0 0 0 0 0 
1426 10 0 0 0 0 0 0 0 0 0 0 0 
1427 10 0 0 0 0 0 0 0 0 0 0 0 
1428 10 0 0 0 0 0 0 0 0 0 0 0 
1429 10 0 0 0 0 0 0 0 0 0 0 0 
1430 10 0 0 0 0 0 0 0 0 0 0 0 
1431 10 0 0 0 0 0 0 0 0 0 0 0 
1432 10 0 0 0 0 0 0 0 0 0 0 0 
1433 10 0 0 0 0 0 0 0 0 0 0 0 
1434 10 0 0 0 0 0 0 0 0 0 0 0 
1435 10 0 0 0 0 0 0 0 0 0 0 0 
1436 10 0 0 0 0 0 0 0 0 0 0 0 
1437 10 0 0 0 0 0 0 0 0 0 0 0 
1438 10 0 0 0 0 0 0 0 0 0 0 0 
1439 10 0 0 0 0 0 0 0 0 0 0 0 
1440 10 0 0 0 0 0 0 0 0 0 0 0 
1441 10 0 0 0 0 0 0 0 0 0 0 0 
1442 10 0 0 0 0 0 0 0 0 0 0 0 
1443 10 0 0 0 0 0 0 0 0 0 0 0 
1444 10 0 0 0 0 0 0 0 0 0 0 0 
1445 10 0 0 0 0 0 0 0 0 0 0 0 
1446 10 0 0 0 0 0 0 0 0 0 0 0 
1447 10 0 0 0 0 0 0 0 0 0 0 0 
1448 10 0 0 0 0 0 0 0 0 0 0 0 
1449 10 0 0 0 0 0 0 0 0 0 0 0 
1450 10 0 0 0 0 0 0 0 0 0 0 0 
1451 10 0 0 0 0 0 0 0 0 0 0 0 
1452 10 0 0 0 0 0 0 0 0 0 0 0 
1453 10 0 0 0 0 0 0 0 0 0 0 0 
1454 10 0 0 0 0 0 0 0 0 0 0 0 
1455 10 0 0 0 0 0 0 0 0 0 0 0 
1456 10 0 0 0 0 0 0 0 0 0 0 0 
1457 10 0 0 0 0 0 0 0 0 0 0 0 
1458 10 0 0 0 0 0 0 0 0 0 0 0 
1459 10 0 0 0 0 0 0 0 0 0 0 0 
1460 10 0 0 0 0 0 0 0 0 0 0 0 
1461 10 0 0 0 0 0 0 0 0 0 0 0 
1462 10 0 0 0 0 0 0 0 0 0 0 0 
1463 10 0 0 0 0 0 0 0 0 0 0 0 
1464 10 0 0 0 0 0 0 0 0 0 0 0 
1465 10 0 0 0 0 0 0 0 0 0 0 0 
1466 10 0 0 0 0 0 0 0 0 0 0 0 
1467 10 0 0 0 0 0 0 0 0 0 0 0 
1468 10 0 0 0 0 0 0 0 0 0 0 0 
1469 10 0 0 0 0 0 0 0 0 0 0 0 
1470 10 0 0 0 0 0 0 0 0 0 0 0 
1471 10 0 0 0 0 0 0 0 0 0 0 0 
1472 10 0 0 0 0 0 0 0 0 0 0 0 
1473 10 0 0 0 0 0 0 0 0 0 0 0 
1474 10 0 0 0 0 0 0 0 0 0 0 0 
1475 10 0 0 0 0 0 0 0 0 0 0 0 
1476 10 0 0 0 0 0 0 0 0 0 0 0 
1477 10 0 0 0 0 0 0 0 0 0 0 0 
1478 10 0 0 0 0 0 0 0 0 0 0 0 
1479 10 0 0 0 0 0 0 0 0 0 0 0 
1480 10 0 0 0 0 0 0 0 0 0 0 0 
1481 10 0 0 0 0 0 0 0 0 0 0 0 
1482 10 0 0 0 0 0 0 0 0 0 0 0 
1483 10 0 0 0 0 0 0 0 0 0 0 0 
1484 10 0 0 0 0 0 0 0 0 0 0 0 
1485 10 0 0 0 0 0 0 0 0 0 0 0 
1486 10 0 0 0 0 0 0 0 0 0 0 0 
1487 10 0 0 0 0 0 0 0 0 0 0 0 
1488 10 0 0 0 0 0 0 0 0 0 0 0 
1489 10 0 0 0 0 0 0 0 0 0 0 0 
1490 10 0 0 0 0 0 0 0 0 0 0 0 
1491 10 0 0 0 0 0 0 0 0 0 0 0 
1492 10 0 0 0 0 0 0 0 0 0 0 0 
1493 10 0 0 0 0 0 0 0 0 0 0 0 
1494 10 0 0 0 0 0 0 0 0 0 0 0 
1495 10 0 0 0 0 0 0 0 0 0 0 0 
1496 10 0 0 0 0 0 0 0 0 0 0 0 
1497 10 0 0 0 0 0 0 0 0 0 0 0 
1498 10 0 0 0 0 0 0 0 0 0 0 0 
1499 10 0 0 0 0 0 0 0 0 0 0 0 
1500 10 0 0 0 0 0 0 0 0 0 0 0 
1501 10 0 0 0 0 0 0 0 0 0 0 0 
1502 10 0 0 0 0 0 0 0 0 0 0 0 
1503 10 0 0 0 0 0 0 0 0 0 0 0 
1504 10 0 0 0 0 0 0 0 0 0 0 0 
1505 10 0 0 0 0 0 0 0 0 0 0 0 
1506 10 0 0 0 0 0 0 0 0 0 0 0 
1507 10 0 0 0 0 0 0 0 0 0 0 0 
1508 10 0 0 0 0 0 0 0 0 0 0 0 
1509 10 0 0 0 0 0 0 0 0 0 0 0 
1510 10 0 0 0 0 0 0 0 0 0 0 0 
1511 10 0 0 0 0 0 0 0 0 0 0 0 
1512 10 0 0 0 0 0 0 0 0 0 0 0 
1513 10 0 0 0 0 0 0 0 0 0 0 0 
1514 10 0 0 0 0 0 0 0 0 0 0 0 
1515 10 0 0 0 0 0 0 0 0 0 0 0 
1516 10 0 0 0 0 0 0 0 0 0 0 0 
1517 10 0 0 0 0 0 0 0 0 0 0 0 
1518 10 0 0 0 0 0 0 0 0 0 0 0 
1519 10 0 0 0 0 0 0 0 0 0 0 0 
1520 10 0 0 0 0 0 0 0 0 0 0 0 
1521 10 0 0 0 0 0 0 0 0 0 0 0 
1522 10 0 0 0 0 0 0 0 0 0 0 0 
1523 10 0 0 0 0 0 0 0 0 0 0 0 
1524 10 0 0 0 0 0 0 0 0 0 0 0 
1525 10 0 0 0 0 0 0 0 0 0 0 0 
1526 10 0 0 0 0 0 0 0 0 0 0 0 
1527 10 0 0 0 0 0 0 0 0 0 0 0 
1528 10 0 0 0 0 0 0 0 0 0 0 0 
1529 10 0 0 0 0 0 0 0 0 0 0 0 
1530 10 0 0 0 0 0 0 0 0 0 0 0 
1531 10 0 0 0 0 0 0 0 0 0 0 0 
1532 10 0 0 0 0 0 0 0 0 0 0 0 
1533 10 0 0 0 0 0 0 0 0 0 0 0 
1534 10 0 0 0 0 0 0 0 0 0 0 0 
1535 10 0 0 0 0 0 0 0 0 0 0 0 
1536 10 0 0 0 0 0 0 0 0 0 0 0 
1537 10 0 0 0 0 0 0 0 0 0 0 0 
1538 10 0 0 0 0 0 0 0 0 0 0 0 
1539 10 0 0 0 0 0 0 0 0 0 0 0 
1540 10 0 0 0 0 0 0 0 0 0 0 0 
1541 10 0 0 0 0 0 0 0 0 0 0 0 
1542 10 0 0 0 0 0 0 0 0 0 0 0 
1543 10 0 0 0 0 0 0 0 0 0 0 0 
1544 10 0 0 0 0 0 0 0 0 0 0 0 
1545 10 0 0 0 0 0 0 0 0 0 0 0 
1546 10 0 0 0 0 0 0 0 0 0 0 0 
1547 10 0 0 0 0 0 0 0 0 0 0 0 
1548 10 0 0 0 0 0 0 0 0 0 0 0 
1549 10 0 0 0 0 0 0 0 0 0 0 0 
1550 10 0 0 0 0 0 0 0 0 0 0 0 
1551 10 0 0 0 0 0 0 0 0 0 0 0 
1552 10 0 0 0 0 0 0 0 0 0 0 0 
1553 10 0 0 0 0 0 0 0 0 0 0 0 
1554 10 0 0 0 0 0 0 0 0 0 0 0 
1555 10 0 0 0 0 0 0 0 0 0 0 0 
1556 10 0 0 0 0 0 0 0 0 0 0 0 
1557 10 46 0 0 0 0 0 0 0 0 0 0 
1558 10 47 0 0 0 0 0 0 0 0 0 0 
1559 10 48 0 0 0 0 0 0 0 0 0 0 
1560 10 49 0 0 0 0 0 0 0 0 0 0 
1561 10 50 0 0 0 0 0 0 0 0 0 0 
1562 10 51 0 0 0 0 0 0 0 0 0 0 
1563 10 0 0 0 0 0 0 0 0 0 0 0 
1564 10 0 0 0 0 0 0 0 0 0 0 0 
1565 10 0 0 0 0 0 0 0 0 0 0 0 
1566 10 0 0 0 0 0 0 0 0 0 0 0 
1567 10 0 0 0 0 0 0 0 0 0 0 0 
1568 10 0 0 0 0 0 0 0 0 0 0 0 
1569 10 0 0 0 0 0 0 0 0 0 0 0 
1570 10 0 0 0 0 0 0 0 0 0 0 0 
1571 10 0 0 0 0 0 0 0 0 0 0 0 
1572 10 0 0 0 0 0 0 0 0 0 0 0 
1573 10 0 0 0 0 0 0 0 0 0 0 0 
1574 10 0 0 0 0 0 0 0 0 0 0 0 
1575 10 0 0 0 0 0 0 0 0 0 0 0 
1576 10 0 0 0 0 0 0 0 0 0 0 0 
1577 10 0 0 0 0 0 0 0 0 0 0 0 
1578 10 0 0 0 0 0 0 0 0 0 0 0 
1579 10 0 0 0 0 0 0 0 0 0 0 0 
1580 10 0 0 0 0 0 0 0 0 0 0 0 
1581 10 0 0 0 0 0 0 0 0 0 0 0 
1582 10 0 0 0 0 0 0 0 0 0 0 0 
1583 10 0 0 0 0 0 0 0 0 0 0 0 
1584 10 0 0 0 0 0 0 0 0 0 0 0 
1585 10 0 0 0 0 0 0 0 0 0 0 0 
1586 10 0 0 0 0 0 0 0 0 0 0 0 
1587 10 0 0 0 0 0 0 0 0 0 0 0 
1588 10 0 0 0 0 0 0 0 0 0 0 0 
1589 10 0 0 0 0 0 0 0 0 0 0 0 
1590 10 0 0 0 0 0 0 0 0 0 0 0 
1591 10 0 0 0 0 0 0 0 0 0 0 0 
1592 10 0 0 0 0 0 0 0 0 0 0 0 
1593 10 0 0 0 0 0 0 0 0 0 0 0 
1594 10 0 0 0 0 0 0 0 0 0 0 0 
1595 10 0 0 0 0 0 0 0 0 0 0 0 
1596 10 0 0 0 0 0 0 0 0 0 0 0 
1597 10 0 0 0 0 0 0 0 0 0 0 0 
1598 10 0 0 0 0 0 0 0 0 0 0 0 
1599 10 0 0 0 0 0 0 0 0 0 0 0 
1600 10 0 0 0 0 0 0 0 0 0 0 0 
1601 10 0 0 0 0 0 0 0 0 0 0 0 
1602 10 0 0 0 0 0 0 0 0 0 0 0 
1603 10 0 0 0 0 0 0 0 0 0 0 0 
1604 10 0 0 0 0 0 0 0 0 0 0 0 
1605 10 0 0 0 0 0 0 0 0 0 0 0 
1606 10 0 0 0 0 0 0 0 0 0 0 0 
1607 10 0 0 0 0 0 0 0 0 0 0 0 
1608 10 0 0 0 0 0 0 0 0 0 0 0 
1609 10 0 0 0 0 0 0 0 0 0 0 0 
1610 10 0 0 0 0 0 0 0 0 0 0 0 
1611 10 0 0 0 0 0 0 0 0 0 0 0 
1612 10 0 0 0 0 0 0 0 0 0 0 0 
1613 10 0 0 0 0 0 0 0 0 0 0 0 
1614 10 0 0 0 0 0 0 0 0 0 0 0 
1615 10 0 0 0 0 0 0 0 0 0 0 0 
1616 10 0 0 0 0 0 0 0 0 0 0 0 
1617 10 0 0 0 0 0 0 0 0 0 0 0 
1618 10 0 0 0 0 0 0 0 0 0 0 0 
1619 10 0 0 0 0 0 0 0 0 0 0 0 
1620 10 0 0 0 0 0 0 0 0 0 0 0 
1621 10 0 0 0 0 0 0 0 0 0 0 0 
1622 10 0 0 0 0 0 0 0 0 0 0 0 
1623 10 0 0 0 0 0 0 0 0 0 0 0 
1624 10 0 0 0 0 0 0 0 0 0 0 0 
1625 10 0 0 0 0 0 0 0 0 0 0 0 
1626 10 0 0 0 0 0 0 0 0 0 0 0 
1627 10 0 0 0 0 0 0 0 0 0 0 0 
1628 10 0 0 0 0 0 0 0 0 0 0 0 
1629 10 0 0 0 0 0 0 0 0 0 0 0 
1630 10 0 0 0 0 0 0 0 0 0 0 0 
1631 10 68 0 0 0 0 0 0 0 0 0 0 
1632 10 69 0 0 0 0 0 0 0 0 0 0 
1633 10 70 0 0 0 0 0 0 0 0 0 0 
1634 10 71 0 0 0 0 0 0 0 0 0 0 
1635 10 72 0 0 0 0 0 0 0 0 0 0 
1636 10 73 0 0 0 0 0 0 0 0 0 0 
1637 10 0 0 0 0 0 0 0 0 0 0 0 
1638 10 0 0 0 0 0 0 0 0 0 0 0 
1639 10 0 0 0 0 0 0 0 0 0 0 0 
1640 10 0 0 0 0 0 0 0 0 0 0 0 
1641 10 0 0 0 0 0 0 0 0 0 0 0 
1642 10 0 0 0 0 0 0 0 0 0 0 0 
1643 10 77 0 0 0 0 0 0 0 0 0 0 
1644 10 78 0 0 0 0 0 0 0 0 0 0 
1645 10 79 0 0 0 0 0 0 0 0 0 0 
1646 10 80 0 0 0 0 0 0 0 0 0 0 
1647 10 0 0 0 0 0 0 0 0 0 0 0 
1648 10 0 0 0 0 0 0 0 0 0 0 0 
1649 10 0 0 0 0 0 0 0 0 0 0 0 
1650 10 0 0 0 0 0 0 0 0 0 0 0 
1651 10 82 0 0 0 0 0 0 0 0 0 0 
1652 10 83 0 0 0 0 0 0 0 0 0 0 
1653 10 0 0 0 0 0 0 0 0 0 0 0 
1654 10 0 0 0 0 0 0 0 0 0 0 0 
1655 10 0 0 0 0 0 0 0 0 0 0 0 
1656 10 0 0 0 0 0 0 0 0 0 0 0 
1657 10 0 0 0 0 0 0 0 0 0 0 0 
1658 10 0 0 0 0 0 0 0 0 0 0 0 
1659 10 0 0 0 0 0 0 0 0 0 0 0 
1660 10 0 0 0 0 0 0 0 0 0 0 0 
1661 10 0 0 0 0 0 0 0 0 0 0 0 
1662 10 0 0 0 0 0 0 0 0 0 0 0 
1663 10 0 0 0 0 0 0 0 0 0 0 0 
1664 10 0 0 0 0 0 0 0 0 0 0 0 
1665 10 0 0 0 0 0 0 0 0 0 0 0 
1666 10 0 0 0 0 0 0 0 0 0 0 0 
1667 10 0 0 0 0 0 0 0 0 0 0 0 
1668 10 0 0 0 0 0 0 0 0 0 0 0 
1669 10 0 0 0 0 0 0 0 0 0 0 0 
1670 10 0 0 0 0 0 0 0 0 0 0 0 
1671 10 0 0 0 0 0 0 0 0 0 0 0 
1672 10 0 0 0 0 0 0 0 0 0 0 0 
1673 10 0 0 0 0 0 0 0 0 0 0 0 
1674 10 0 0 0 0 0 0 0 0 0 0 0 
1675 10 0 0 0 0 0 0 0 0 0 0 0 
1676 10 0 0 0 0 0 0 0 0 0 0 0 
1677 10 0 0 0 0 0 0 0 0 0 0 0 
1678 10 0 0 0 0 0 0 0 0 0 0 0 
1679 10 0 0 0 0 0 0 0 0 0 0 0 
1680 10 0 0 0 0 0 0 0 0 0 0 0 
1681 10 0 0 0 0 0 0 0 0 0 0 0 
1682 10 0 0 0 0 0 0 0 0 0 0 0 
1683 10 0 0 0 0 0 0 0 0 0 0 0 
1684 10 0 0 0 0 0 0 0 0 0 0 0 
1685 10 0 0 0 0 0 0 0 0 0 0 0 
1686 10 0 0 0 0 0 0 0 0 0 0 0 
1687 10 0 0 0 0 0 0 0 0 0 0 0 
1688 10 0 0 0 0 0 0 0 0 0 0 0 
1689 10 0 0 0 0 0 0 0 0 0 0 0 
1690 10 0 0 0 0 0 0 0 0 0 0 0 
1691 10 0 0 0 0 0 0 0 0 0 0 0 
1692 10 0 0 0 0 0 0 0 0 0 0 0 
1693 10 0 0 0 0 0 0 0 0 0 0 0 
1694 10 0 0 0 0 0 0 0 0 0 0 0 
1695 10 0 0 0 0 0 0 0 0 0 0 0 
1696 10 0 0 0 0 0 0 0 0 0 0 0 
1697 10 0 0 0 0 0 0 0 0 0 0 0 
1698 10 0 0 0 0 0 0 0 0 0 0 0 
1699 10 0 0 0 0 0 0 0 0 0 0 0 
1700 10 0 0 0 0 0 0 0 0 0 0 0 
1701 10 0 0 0 0 0 0 0 0 0 0 0 
1702 10 0 0 0 0 0 0 0 0 0 0 0 
1703 10 0 0 0 0 0 0 0 0 0 0 0 
1704 10 0 0 0 0 0 0 0 0 0 0 0 
1705 10 0 0 0 0 0 0 0 0 0 0 0 
1706 10 0 0 0 0 0 0 0 0 0 0 0 
1707 10 0 0 0 0 0 0 0 0 0 0 0 
1708 10 0 0 0 0 0 0 0 0 0 0 0 
1709 10 0 0 0 0 0 0 0 0 0 0 0 
1710 10 0 0 0 0 0 0 0 0 0 0 0 
1711 10 0 0 0 0 0 0 0 0 0 0 0 
1712 10 0 0 0 0 0 0 0 0 0 0 0 
1713 10 0 0 0 0 0 0 0 0 0 0 0 
1714 10 0 0 0 0 0 0 0 0 0 0 0 
1715 10 0 0 0 0 0 0 0 0 0 0 0 
1716 10 0 0 0 0 0 0 0 0 0 0 0 
1717 10 0 0 0 0 0 0 0 0 0 0 0 
1718 10 0 0 0 0 0 0 0 0 0 0 0 
1719 10 0 0 0 0 0 0 0 0 0 0 0 
1720 10 0 0 0 0 0 0 0 0 0 0 0 
1721 10 0 0 0 0 0 0 0 0 0 0 0 
1722 10 0 0 0 0 0 0 0 0 0 0 0 
1723 10 0 0 0 0 0 0 0 0 0 0 0 
1724 10 0 0 0 0 0 0 0 0 0 0 0 
1725 10 0 0 0 0 0 0 0 0 0 0 0 
1726 10 0 0 0 0 0 0 0 0 0 0 0 
1727 10 0 0 0 0 0 0 0 0 0 0 0 
1728 10 0 0 0 0 0 0 0 0 0 0 0 
1729 10 0 0 0 0 0 0 0 0 0 0 0 
1730 10 0 0 0 0 0 0 0 0 0 0 0 
1731 10 0 0 0 0 0 0 0 0 0 0 0 
1732 10 0 0 0 0 0 0 0 0 0 0 0 
1733 10 0 0 0 0 0 0 0 0 0 0 0 
1734 10 0 0 0 0 0 0 0 0 0 0 0 
1735 10 0 0 0 0 0 0 0 0 0 0 0 
1736 10 0 0 0 0 0 0 0 0 0 0 0 
1737 10 0 0 0 0 0 0 0 0 0 0 0 
1738 10 0 0 0 0 0 0 0 0 0 0 0 
1739 10 0 0 0 0 0 0 0 0 0 0 0 
1740 10 0 0 0 0 0 0 0 0 0 0 0 
1741 10 0 0 0 0 0 0 0 0 0 0 0 
1742 10 0 0 0 0 0 0 0 0 0 0 0 
1743 10 0 0 0 0 0 0 0 0 0 0 0 
1744 10 0 0 0 0 0 0 0 0 0 0 0 
1745 10 0 0 0 0 0 0 0 0 0 0 0 
1746 10 0 0 0 0 0 0 0 0 0 0 0 
1747 10 0 0 0 0 0 0 0 0 0 0 0 
1748 10 0 0 0 0 0 0 0 0 0 0 0 
1749 10 0 0 0 0 0 0 0 0 0 0 0 
1750 10 0 0 0 0 0 0 0 0 0 0 0 
1751 10 0 0 0 0 0 0 0 0 0 0 0 
1752 10 0 0 0 0 0 0 0 0 0 0 0 
1753 10 0 0 0 0 0 0 0 0 0 0 0 
1754 10 0 0 0 0 0 0 0 0 0 0 0 
1755 10 0 0 0 0 0 0 0 0 0 0 0 
1756 10 0 0 0 0 0 0 0 0 0 0 0 
1757 10 0 0 0 0 0 0 0 0 0 0 0 
1758 10 0 0 0 0 0 0 0 0 0 0 0 
1759 10 0 0 0 0 0 0 0 0 0 0 0 
1760 10 0 0 0 0 0 0 0 0 0 0 0 
1761 10 0 0 0 0 0 0 0 0 0 0 0 
1762 10 0 0 0 0 0 0 0 0 0 0 0 
1763 10 0 0 0 0 0 0 0 0 0 0 0 
1764 10 0 0 0 0 0 0 0 0 0 0 0 
1765 10 0 0 0 0 0 0 0 0 0 0 0 
1766 10 0 0 0 0 0 0 0 0 0 0 0 
1767 10 0 0 0 0 0 0 0 0 0 0 0 
1768 10 0 0 0 0 0 0 0 0 0 0 0 
1769 10 0 0 0 0 0 0 0 0 0 0 0 
1770 10 0 0 0 0 0 0 0 0 0 0 0 
1771 10 0 0 0 0 0 0 0 0 0 0 0 
1772 10 0 0 0 0 0 0 0 0 0 0 0 
1773 10 0 0 0 0 0 0 0 0 0 0 0 
1774 10 0 0 0 0 0 0 0 0 0 0 0 
1775 10 0 0 0 0 0 0 0 0 0 0 0 
1776 10 0 0 0 0 0 0 0 0 0 0 0 
1777 10 0 0 0 0 0 0 0 0 0 0 0 
1778 10 0 0 0 0 0 0 0 0 0 0 0 
1779 10 0 0 0 0 0 0 0 0 0 0 0 
1780 10 0 0 0 0 0 0 0 0 0 0 0 
1781 10 0 0 0 0 0 0 0 0 0 0 0 
1782 10 0 0 0 0 0 0 0 0 0 0 0 
1783 10 0 0 0 0 0 0 0 0 0 0 0 
1784 10 0 0 0 0 0 0 0 0 0 0 0 
1785 10 0 0 0 0 0 0 0 0 0 0 0 
1786 10 0 0 0 0 0 0 0 0 0 0 0 
1787 10 0 0 0 0 0 0 0 0 0 0 0 
1788 10 0 0 0 0 0 0 0 0 0 0 0 
1789 10 0 0 0 0 0 0 0 0 0 0 0 
1790 10 0 0 0 0 0 0 0 0 0 0 0 
1791 10 0 0 0 0 0 0 0 0 0 0 0 
1792 10 0 0 0 0 0 0 0 0 0 0 0 
1793 10 0 0 0 0 0 0 0 0 0 0 0 
1794 10 0 0 0 0 0 0 0 0 0 0 0 
1795 10 0 0 0 0 0 0 0 0 0 0 0 
1796 10 0 0 0 0 0 0 0 0 0 0 0 
1797 10 0 0 0 0 0 0 0 0 0 0 0 
1798 10 0 0 0 0 0 0 0 0 0 0 0 
1799 10 0 0 0 0 0 0 0 0 0 0 0 
1800 10 0 0 0 0 0 0 0 0 0 0 0 
1801 10 0 0 0 0 0 0 0 0 0 0 0 
1802 10 0 0 0 0 0 0 0 0 0 0 0 
1803 10 0 0 0 0 0 0 0 0 0 0 0 
1804 10 0 0 0 0 0 0 0 0 0 0 0 
1805 10 0 0 0 0 0 0 0 0 0 0 0 
1806 10 0 0 0 0 0 0 0 0 0 0 0 
1807 10 0 0 0 0 0 0 0 0 0 0 0 
1808 10 0 0 0 0 0 0 0 0 0 0 0 
1809 10 0 0 0 0 0 0 0 0 0 0 0 
1810 10 0 0 0 0 0 0 0 0 0 0 0 
1811 10 0 0 0 0 0 0 0 0 0 0 0 
1812 10 0 0 0 0 0 0 0 0 0 0 0 
1813 10 0 0 0 0 0 0 0 0 0 0 0 
1814 10 0 0 0 0 0 0 0 0 0 0 0 
1815 10 0 0 0 0 0 0 0 0 0 0 0 
1816 10 0 0 0 0 0 0 0 0 0 0 0 
1817 10 0 0 0 0 0 0 0 0 0 0 0 
1818 10 0 0 0 0 0 0 0 0 0 0 0 
1819 10 0 0 0 0 0 0 0 0 0 0 0 
1820 10 0 0 0 0 0 0 0 0 0 0 0 
1821 10 0 0 0 0 0 0 0 0 0 0 0 
1822 10 0 0 0 0 0 0 0 0 0 0 0 
1823 10 0 0 0 0 0 0 0 0 0 0 0 
1824 10 0 0 0 0 0 0 0 0 0 0 0 
1825 10 0 0 0 0 0 0 0 0 0 0 0 
1826 10 0 0 0 0 0 0 0 0 0 0 0 
1827 10 0 0 0 0 0 0 0 0 0 0 0 
1828 10 0 0 0 0 0 0 0 0 0 0 0 
1829 10 0 0 0 0 0 0 0 0 0 0 0 
1830 10 0 0 0 0 0 0 0 0 0 0 0 
1831 10 0 0 0 0 0 0 0 0 0 0 0 
1832 10 0 0 0 0 0 0 0 0 0 0 0 
1833 10 0 0 0 0 0 0 0 0 0 0 0 
1834 10 0 0 0 0 0 0 0 0 0 0 0 
1835 10 0 0 0 0 0 0 0 0 0 0 0 
1836 10 0 0 0 0 0 0 0 0 0 0 0 
1837 10 0 0 0 0 0 0 0 0 0 0 0 
1838 10 0 0 0 0 0 0 0 0 0 0 0 
1839 10 0 0 0 0 0 0 0 0 0 0 0 
1840 10 0 0 0 0 0 0 0 0 0 0 0 
1841 10 0 0 0 0 0 0 0 0 0 0 0 
1842 10 0 0 0 0 0 0 0 0 0 0 0 
1843 10 0 0 0 0 0 0 0 0 0 0 0 
1844 10 0 0 0 0 0 0 0 0 0 0 0 
1845 10 0 0 0 0 0 0 0 0 0 0 0 
1846 10 0 0 0 0 0 0 0 0 0 0 0 
1847 10 0 0 0 0 0 0 0 0 0 0 0 
1848 10 0 0 0 0 0 0 0 0 0 0 0 
1849 10 0 0 0 0 0 0 0 0 0 0 0 
1850 10 0 0 0 0 0 0 0 0 0 0 0 
1851 10 0 0 0 0 0 0 0 0 0 0 0 
1852 10 0 0 0 0 0 0 0 0 0 0 0 
1853 10 0 0 0 0 0 0 0 0 0 0 0 
1854 10 0 0 0 0 0 0 0 0 0 0 0 
1855 10 0 0 0 0 0 0 0 0 0 0 0 
1856 10 0 0 0 0 0 0 0 0 0 0 0 
1857 10 0 0 0 0 0 0 0 0 0 0 0 
1858 10 0 0 0 0 0 0 0 0 0 0 0 
1859 10 0 0 0 0 0 0 0 0 0 0 0 
1860 10 0 0 0 0 0 0 0 0 0 0 0 
1861 10 0 0 0 0 0 0 0 0 0 0 0 
1862 10 0 0 0 0 0 0 0 0 0 0 0 
1863 10 0 0 0 0 0 0 0 0 0 0 0 
1864 10 0 0 0 0 0 0 0 0 0 0 0 
1865 10 0 0 0 0 0 0 0 0 0 0 0 
1866 10 0 0 0 0 0 0 0 0 0 0 0 
1867 10 0 0 0 0 0 0 0 0 0 0 0 
1868 10 0 0 0 0 0 0 0 0 0 0 0 
1869 10 0 0 0 0 0 0 0 0 0 0 0 
1870 10 0 0 0 0 0 0 0 0 0 0 0 
1871 10 0 0 0 0 0 0 0 0 0 0 0 
1872 10 0 0 0 0 0 0 0 0 0 0 0 
1873 10 0 0 0 0 0 0 0 0 0 0 0 
1874 10 0 0 0 0 0 0 0 0 0 0 0 
1875 10 0 0 0 0 0 0 0 0 0 0 0 
1876 10 0 0 0 0 0 0 0 0 0 0 0 
1877 10 0 0 0 0 0 0 0 0 0 0 0 
1878 10 0 0 0 0 0 0 0 0 0 0 0 
1879 10 0 0 0 0 0 0 0 0 0 0 0 
1880 10 0 0 0 0 0 0 0 0 0 0 0 
1881 10 0 0 0 0 0 0 0 0 0 0 0 
1882 10 0 0 0 0 0 0 0 0 0 0 0 
1883 10 0 0 0 0 0 0 0 0 0 0 0 
1884 10 0 0 0 0 0 0 0 0 0 0 0 
1885 10 0 0 0 0 0 0 0 0 0 0 0 
1886 10 0 0 0 0 0 0 0 0 0 0 0 
1887 10 0 0 0 0 0 0 0 0 0 0 0 
1888 10 0 0 0 0 0 0 0 0 0 0 0 
1889 10 0 0 0 0 0 0 0 0 0 0 0 
1890 10 0 0 0 0 0 0 0 0 0 0 0 
1891 10 0 0 0 0 0 0 0 0 0 0 0 
1892 10 0 0 0 0 0 0 0 0 0 0 0 
1893 10 0 0 0 0 0 0 0 0 0 0 0 
1894 10 0 0 0 0 0 0 0 0 0 0 0 
1895 10 0 0 0 0 0 0 0 0 0 0 0 
1896 10 0 0 0 0 0 0 0 0 0 0 0 
1897 10 0 0 0 0 0 0 0 0 0 0 0 
1898 10 0 0 0 0 0 0 0 0 0 0 0 
1899 10 0 0 0 0 0 0 0 0 0 0 0 
1900 10 0 0 0 0 0 0 0 0 0 0 0 
1901 10 0 0 0 0 0 0 0 0 0 0 0 
1902 10 0 0 0 0 0 0 0 0 0 0 0 
1903 10 0 0 0 0 0 0 0 0 0 0 0 
1904 10 0 0 0 0 0 0 0 0 0 0 0 
1905 10 0 0 0 0 0 0 0 0 0 0 0 
1906 10 0 0 0 0 0 0 0 0 0 0 0 
1907 10 0 0 0 0 0 0 0 0 0 0 0 
1908 10 0 0 0 0 0 0 0 0 0 0 0 
1909 10 0 0 0 0 0 0 0 0 0 0 0 
1910 10 0 0 0 0 0 0 0 0 0 0 0 
1911 10 0 0 0 0 0 0 0 0 0 0 0 
1912 10 0 0 0 0 0 0 0 0 0 0 0 
1913 10 0 0 0 0 0 0 0 0 0 0 0 
1914 10 0 0 0 0 0 0 0 0 0 0 0 
1915 10 0 0 0 0 0 0 0 0 0 0 0 
1916 10 0 0 0 0 0 0 0 0 0 0 0 
1917 10 0 0 0 0 0 0 0 0 0 0 0 
1918 10 0 0 0 0 0 0 0 0 0 0 0 
1919 10 0 0 0 0 0 0 0 0 0 0 0 
1920 10 0 0 0 0 0 0 0 0 0 0 0 
1921 10 0 0 0 0 0 0 0 0 0 0 0 
1922 10 0 0 0 0 0 0 0 0 0 0 0 
1923 10 0 0 0 0 0 0 0 0 0 0 0 
1924 10 0 0 0 0 0 0 0 0 0 0 0 
1925 10 0 0 0 0 0 0 0 0 0 0 0 
1926 10 0 0 0 0 0 0 0 0 0 0 0 
1927 10 0 0 0 0 0 0 0 0 0 0 0 
1928 10 0 0 0 0 0 0 0 0 0 0 0 
1929 10 0 0 0 0 0 0 0 0 0 0 0 
1930 10 0 0 0 0 0 0 0 0 0 0 0 
1931 10 111 0 0 0 0 0 0 0 0 0 0 
1932 10 112 0 0 0 0 0 0 0 0 0 0 
1933 10 0 0 0 0 0 0 0 0 0 0 0 
1934 10 0 0 0 0 0 0 0 0 0 0 0 
1935 10 0 0 0 0 0 0 0 0 0 0 0 
1936 10 0 0 0 0 0 0 0 0 0 0 0 
1937 10 115 0 0 0 0 0 0 0 0 0 0 
1938 10 116 0 0 0 0 0 0 0 0 0 0 
1939 10 0 0 0 0 0 0 0 0 0 0 0 
1940 10 0 0 0 0 0 0 0 0 0 0 0 
1941 10 0 0 0 0 0 0 0 0 0 0 0 
1942 10 0 0 0 0 0 0 0 0 0 0 0 
1943 10 0 0 0 0 0 0 0 0 0 0 0 
1944 10 0 0 0 0 0 0 0 0 0 0 0 
1945 10 0 0 0 0 0 0 0 0 0 0 0 
1946 10 0 0 0 0 0 0 0 0 0 0 0 
1947 10 0 0 0 0 0 0 0 0 0 0 0 
1948 10 0 0 0 0 0 0 0 0 0 0 0 
1949 10 0 0 0 0 0 0 0 0 0 0 0 
1950 10 0 0 0 0 0 0 0 0 0 0 0 
1951 10 0 0 0 0 0 0 0 0 0 0 0 
1952 10 0 0 0 0 0 0 0 0 0 0 0 
1953 10 0 0 0 0 0 0 0 0 0 0 0 
1954 10 0 0 0 0 0 0 0 0 0 0 0 
1955 10 0 0 0 0 0 0 0 0 0 0 0 
1956 10 0 0 0 0 0 0 0 0 0 0 0 
1957 10 0 0 0 0 0 0 0 0 0 0 0 
1958 10 0 0 0 0 0 0 0 0 0 0 0 
1959 10 0 0 0 0 0 0 0 0 0 0 0 
1960 10 0 0 0 0 0 0 0 0 0 0 0 
1961 10 0 0 0 0 0 0 0 0 0 0 0 
1962 10 0 0 0 0 0 0 0 0 0 0 0 
1963 10 0 0 0 0 0 0 0 0 0 0 0 
1964 10 0 0 0 0 0 0 0 0 0 0 0 
1965 10 0 0 0 0 0 0 0 0 0 0 0 
1966 10 0 0 0 0 0 0 0 0 0 0 0 
1967 10 0 0 0 0 0 0 0 0 0 0 0 
1968 10 0 0 0 0 0 0 0 0 0 0 0 
1969 10 0 0 0 0 0 0 0 0 0 0 0 
1970 10 0 0 0 0 0 0 0 0 0 0 0 
1971 10 0 0 0 0 0 0 0 0 0 0 0 
1972 10 0 0 0 0 0 0 0 0 0 0 0 
1973 10 0 0 0 0 0 0 0 0 0 0 0 
1974 10 0 0 0 0 0 0 0 0 0 0 0 
1975 10 0 0 0 0 0 0 0 0 0 0 0 
1976 10 0 0 0 0 0 0 0 0 0 0 0 
1977 10 0 0 0 0 0 0 0 0 0 0 0 
1978 10 0 0 0 0 0 0 0 0 0 0 0 
1979 10 0 0 0 0 0 0 0 0 0 0 0 
1980 10 0 0 0 0 0 0 0 0 0 0 0 
1981 10 0 0 0 0 0 0 0 0 0 0 0 
1982 10 0 0 0 0 0 0 0 0 0 0 0 
1983 10 121 0 0 0 0 0 0 0 0 0 0 
1984 10 122 0 0 0 0 0 0 0 0 0 0 
1985 10 123 0 0 0 0 0 0 0 0 0 0 
1986 10 124 0 0 0 0 0 0 0 0 0 0 
1987 10 0 0 0 0 0 0 0 0 0 0 0 
1988 10 0 0 0 0 0 0 0 0 0 0 0 
1989 10 0 0 0 0 0 0 0 0 0 0 0 
1990 10 0 0 0 0 0 0 0 0 0 0 0 
1991 10 0 0 0 0 0 0 0 0 0 0 0 
1992 10 0 0 0 0 0 0 0 0 0 0 0 
1993 10 0 0 0 0 0 0 0 0 0 0 0 
1994 10 0 0 0 0 0 0 0 0 0 0 0 
1995 10 0 0 0 0 0 0 0 0 0 0 0 
1996 10 0 0 0 0 0 0 0 0 0 0 0 
1997 10 0 0 0 0 0 0 0 0 0 0 0 
1998 10 0 0 0 0 0 0 0 0 0 0 0 
1999 10 0 0 0 0 0 0 0 0 0 0 0 
2000 10 0 0 0 0 0 0 0 0 0 0 0 
2001 10 0 0 0 0 0 0 0 0 0 0 0 
2002 10 0 0 0 0 0 0 0 0 0 0 0 
2003 10 0 0 0 0 0 0 0 0 0 0 0 
2004 10 0 0 0 0 0 0 0 0 0 0 0 
2005 10 0 0 0 0 0 0 0 0 0 0 0 
2006 10 0 0 0 0 0 0 0 0 0 0 0 
2007 10 0 0 0 0 0 0 0 0 0 0 0 
2008 10 0 0 0 0 0 0 0 0 0 0 0 
2009 10 0 0 0 0 0 0 0 0 0 0 0 
2010 10 0 0 0 0 0 0 0 0 0 0 0 
2011 10 0 0 0 0 0 0 0 0 0 0 0 
2012 10 0 0 0 0 0 0 0 0 0 0 0 
2013 10 0 0 0 0 0 0 0 0 0 0 0 
2014 10 0 0 0 0 0 0 0 0 0 0 0 
2015 10 0 0 0 0 0 0 0 0 0 0 0 
2016 10 0 0 0 0 0 0 0 0 0 0 0 
2017 10 0 0 0 0 0 0 0 0 0 0 0 
2018 10 0 0 0 0 0 0 0 0 0 0 0 
2019 10 0 0 0 0 0 0 0 0 0 0 0 
2020 10 0 0 0 0 0 0 0 0 0 0 0 
2021 10 0 0 0 0 0 0 0 0 0 0 0 
2022 10 0 0 0 0 0 0 0 0 0 0 0 
2023 10 0 0 0 0 0 0 0 0 0 0 0 
2024 10 0 0 0 0 0 0 0 0 0 0 0 
2025 10 0 0 0 0 0 0 0 0 0 0 0 
2026 10 0 0 0 0 0 0 0 0 0 0 0 
2027 10 0 0 0 0 0 0 0 0 0 0 0 
2028 10 0 0 0 0 0 0 0 0 0 0 0 
2029 10 0 0 0 0 0 0 0 0 0 0 0 
2030 10 0 0 0 0 0 0 0 0 0 0 0 
2031 10 0 0 0 0 0 0 0 0 0 0 0 
2032 10 0 0 0 0 0 0 0 0 0 0 0 
2033 10 0 0 0 0 0 0 0 0 0 0 0 
2034 10 0 0 0 0 0 0 0 0 0 0 0 
2035 10 0 0 0 0 0 0 0 0 0 0 0 
2036 10 0 0 0 0 0 0 0 0 0 0 0 
2037 10 0 0 0 0 0 0 0 0 0 0 0 
2038 10 0 0 0 0 0 0 0 0 0 0 0 
2039 10 0 0 0 0 0 0 0 0 0 0 0 
2040 10 0 0 0 0 0 0 0 0 0 0 0 
2041 10 0 0 0 0 0 0 0 0 0 0 0 
2042 10 0 0 0 0 0 0 0 0 0 0 0 
2043 10 0 0 0 0 0 0 0 0 0 0 0 
2044 10 0 0 0 0 0 0 0 0 0 0 0 
2045 10 0 0 0 0 0 0 0 0 0 0 0 
2046 10 0 0 0 0 0 0 0 0 0 0 0 

0 5 2 2 0.173913 2 10 43 12 30 4 0.987013 38 14 -18 -2 42 16 44 8 40 6 18 6 -3 5 17 3 27 5 35 4 24 7 32 12 38 9 0 13 35 5 34 16 21 11 45 13 40 13 -6 13 6 11 24 7 28 17 14 11 1 18 1 24 -21 12 -5 17 33 15 39 12 18 12 -31 14 1 11 27 3 34 16 44 13 14 26 39 25 -23 
1 5 2 2 0.25 1 15 45 4 0.979592 12 16 -16 19 20 16 44 17 -11 23 -2 15 3 17 -25 22 0 13 2 17 12 20 28 20 2 
2 5 2 2 0.974359 19 13 -23 15 -8 15 16 14 -8 12 -24 13 -27 12 28 12 25 14 15 13 33 11 33 13 19 13 2 14 -5 13 -4 13 -5 11 30 12 1 13 -10 4 0.296296 2 15 -22 18 -1 
3 5 2 2 0.689655 5 13 -29 15 0 12 9 17 -30 16 43 4 0.878049 9 4 3 13 1 12 13 26 -21 5 -10 15 41 25 -32 16 -33 25 -33 
4 5 2 2 0.842105 8 8 -31 15 -17 10 -33 9 -27 11 4 14 -13 6 -4 11 -19 4 0.75 6 23 0 10 16 4 5 0 24 10 13 15 31 
5 5 2 2 0.983051 29 12 -3 -11 48 10 -39 6 51 7 -36 9 -9 9 -10 11 35 15 -2 16 -6 15 41 14 50 10 -21 10 22 9 -7 15 8 14 31 16 39 16 45 16 42 10 -22 16 13 8 -8 16 34 16 32 8 44 9 40 13 5 10 -15 4 0.216216 2 7 42 22 19 
6 5 2 2 0.190476 2 7 39 12 43 4 0.985507 34 -17 29 -5 44 -20 12 -6 30 -4 15 -17 33 -9 35 -14 44 -5 31 8 16 5 44 -2 42 3 -20 0 37 0 -21 -15 7 -3 -35 -1 -3 4 40 12 43 3 -36 -24 -35 -10 -5 -11 5 -19 -30 4 6 3 41 -21 -26 3 43 2 43 -18 44 -7 33 4 0 -4 36 
7 5 2 2 0.923077 3 -13 25 -13 19 -8 19 4 0.571429 1 -5 45 
8 5 2 2 0.842105 8 7 42 -14 -34 -9 -30 -15 11 -14 -3 -10 -16 -15 16 -14 -18 4 0.75 6 -7 42 -23 38 -23 -32 -14 18 -20 15 20 27 
9 5 2 2 0.307692 2 -13 38 -13 43 4 0.972973 18 18 45 -21 43 -17 -29 -20 -14 -19 -11 -21 -16 -14 -16 -20 5 -23 -10 -22 40 -23 11 -15 -14 -22 3 -5 10 -21 19 -6 38 -19 41 -21 41 
10 5 2 2 0.933333 7 -15 -21 7 -1 -12 31 -13 -34 -15 13 -14 34 -12 31 4 0.533333 2 -15 -16 -23 -24 
11 5 2 2 0.988235 42 -10 48 4 47 12 47 5 48 8 48 13 45 7 50 -10 48 10 49 13 49 6 50 -9 50 -5 51 -14 50 -5 51 13 51 12 51 6 53 9 51 10 48 10 52 -10 52 6 47 -3 53 -3 53 11 53 14 53 15 53 12 52 -14 53 -6 48 8 49 -8 49 15 42 14 47 -9 46 5 50 5 45 8 44 -3 46 -12 46 15 43 4 0.16 2 6 44 14 37 
12 5 2 2 0.699029 18 -6 -12 -4 1 -3 -11 -5 -9 6 32 -6 -2 -5 -16 -19 6 5 -30 -2 -28 5 -14 5 11 1 16 -10 -16 2 -31 -10 24 -4 17 1 -22 4 0.873239 31 -11 36 -22 -17 -10 -32 -23 1 -19 -2 -7 -1 -13 -1 -17 33 -7 -17 -7 -18 -21 -34 -3 5 -21 -32 -2 -14 -8 -23 -12 34 -18 -13 -11 27 7 -5 -1 -5 5 3 11 -15 3 -24 -7 7 -2 -8 0 35 7 -20 7 -21 -19 -9 -3 14 -4 -1 
13 5 2 2 0.982456 14 -3 8 -8 22 -8 -35 9 -21 0 -32 -13 2 -6 -1 7 -28 -1 -23 7 -10 -16 -4 2 -33 -13 -1 -13 -3 4 0.222222 1 15 -35 
14 5 2 2 0.924731 516 9 19 8 -18 5 -13 6 -29 15 -29 10 -18 3 -26 14 3 15 25 7 19 13 -5 10 41 5 35 12 27 13 21 15 4 12 21 9 -10 16 11 14 25 7 40 1 -23 14 -21 10 -29 14 40 5 11 -16 26 8 3 7 4 7 -2 15 40 1 42 -1 44 -8 28 2 7 -7 37 11 1 -9 -28 11 -23 15 42 -19 29 -3 30 14 39 0 31 -16 24 13 -14 -20 25 12 -23 7 -1 10 0 -7 20 10 -7 11 -6 -6 28 3 -11 -5 29 15 -7 -11 35 15 -9 6 14 7 38 4 15 -11 -24 10 23 15 35 16 12 11 37 11 30 9 14 -9 43 -10 26 4 9 15 29 -13 18 13 21 0 38 -8 35 -11 -31 -13 30 14 22 5 15 13 37 -1 7 9 36 -7 -18 7 3 -18 -15 -13 8 -3 36 -3 9 -6 45 -9 22 5 6 -20 11 9 5 14 21 -6 32 12 34 -17 38 -13 9 2 18 -18 20 -11 22 -16 33 -18 31 -5 34 5 8 7 2 -7 28 -10 -31 6 5 -6 6 12 1 -7 26 -7 -21 -13 7 -18 12 -18 31 -5 1 5 41 -12 9 -16 -11 -17 21 -4 33 5 19 -1 31 -12 24 -4 2 -14 27 -16 3 11 27 1 -33 -13 31 -17 40 -13 -19 8 -17 -17 3 -10 -24 -11 -23 -12 -12 -13 32 -14 -12 -19 -21 7 8 -9 42 -12 -38 -12 40 -10 4 -11 34 -11 20 -9 37 -14 27 -15 42 -1 8 -4 -39 -10 -11 -17 -30 -9 39 -12 -25 -11 28 -1 1 -3 -6 -13 -13 -10 43 -15 14 11 2 -12 45 -12 0 -6 -12 -4 4 -5 -19 0 31 -20 -33 -17 -26 -14 36 11 -39 -13 -24 -18 -10 -8 45 -10 -35 -4 44 -5 -14 -6 -9 -7 38 -16 -21 -9 4 -18 13 -15 19 -10 36 7 19 -12 3 -11 3 -11 14 -10 -9 -9 -11 -19 -26 -4 -36 -18 42 -12 -16 -5 -23 8 -15 -8 3 10 -2 10 4 -7 -26 -19 -7 -3 41 -5 -16 -18 -27 -5 -9 -15 -14 -1 43 -9 42 -10 32 -8 29 -14 42 -4 35 -6 -17 -18 35 -5 28 -6 -36 -3 25 -8 -14 8 21 -12 -31 -20 3 -15 -13 -18 -14 -13 -12 -12 9 -5 -16 -12 33 -4 43 -4 15 -13 -9 -19 -34 -17 -30 0 -1 -9 -21 -15 15 -19 10 -11 10 2 -30 -7 37 -19 32 -10 4 -3 40 -11 1 -15 -22 8 -16 -11 -20 -14 30 -10 -36 -7 39 -13 -16 -8 5 0 -21 -4 29 -18 17 -12 6 -14 -24 -3 4 -7 33 -11 -13 -15 28 -14 -13 -16 9 -5 42 3 -18 -5 18 -14 -12 -12 12 -10 37 10 -34 -9 12 -6 -24 -13 4 8 25 1 -34 -18 18 -19 4 -1 -26 -6 43 -6 -33 -15 22 -18 6 6 -13 -17 41 -4 -24 -7 -8 -5 12 -15 44 -15 8 -11 19 12 20 -9 17 -4 -14 -12 -9 5 -15 -17 -15 -9 40 -1 31 -11 34 -13 17 -5 -33 6 1 -8 35 -14 11 -9 -25 11 -13 -17 27 7 -37 -13 23 -12 -36 -14 25 -2 11 -15 24 -6 12 -9 31 -13 4 -6 -26 -3 -29 -20 38 -3 16 -7 13 -19 -21 -4 42 -15 -35 -14 -17 -15 35 -9 26 -14 41 -9 -24 -12 -34 -5 -26 -7 41 -12 38 -16 39 -9 -29 -16 35 -13 5 -19 -34 8 -26 -12 -32 -11 -33 -5 -32 -8 33 -15 1 -2 -10 -13 -28 -12 -29 -4 -18 4 -10 10 -38 -5 -26 3 -31 -12 -27 -2 -36 -20 -1 -14 -2 -2 -25 -7 31 12 40 -1 -22 -2 -23 -2 -28 10 -34 -1 -34 -5 -23 9 -39 2 -19 -8 -4 7 18 11 37 -1 -6 -3 -9 -12 -3 7 3 -3 -39 -1 -15 -10 -9 -12 -7 -1 -30 3 -5 1 -33 -1 -14 4 -20 -8 12 0 32 -2 -7 0 -26 -3 41 0 -23 0 -33 2 35 4 -15 -7 -28 -6 -9 -8 -5 6 -30 -16 -5 5 33 -18 -4 -13 -7 -1 -18 -11 -7 -3 -12 -13 -4 -12 -6 -18 -3 -9 -28 -3 37 -12 -7 -15 -5 11 24 -17 -4 -1 12 -1 11 -2 -37 -4 -31 -5 -6 5 -37 -1 29 2 41 3 35 -8 29 -15 -4 1 0 7 5 0 1 -9 28 0 -5 7 1 -5 40 -2 21 1 11 8 18 2 28 -5 24 0 41 -5 18 -11 9 0 -4 3 21 -3 32 6 43 -5 15 -3 34 -2 -12 -12 -1 -14 -1 0 39 6 37 4 32 0 -11 -3 31 -15 -3 -15 -4 6 45 -3 24 -4 20 -4 18 8 14 -2 28 -1 27 -6 -4 -7 -3 6 -5 9 21 8 35 -4 27 5 31 1 8 -9 14 0 26 5 16 -3 -5 0 4 8 27 5 12 9 42 -3 18 2 17 -6 16 1 11 2 23 1 0 -4 -3 6 42 4 17 -5 11 -3 -6 -12 -2 -8 12 4 15 2 15 -6 1 -5 26 -2 0 5 8 0 11 1 25 -4 -7 -4 9 7 29 4 1 1 1 5 32 3 4 3 3 -4 1 -5 7 -1 2 6 25 6 23 -5 15 4 0.565657 168 17 -28 6 -13 10 -21 3 -14 12 4 17 0 20 36 0 13 -7 45 -19 6 -13 31 -15 11 14 2 -11 13 5 7 -12 21 8 4 -10 39 -8 29 8 2 -15 36 0 2 13 -6 11 -11 1 25 8 36 15 12 0 33 -16 36 -7 -23 -9 43 14 2 -17 19 -18 -1 -5 37 -20 -21 -6 -18 -4 -22 -23 -2 -23 -3 -10 -7 -18 40 -18 -21 -19 14 -19 -10 -12 38 -14 39 -13 12 13 35 -17 -17 -1 44 -7 -14 -4 40 -19 34 -21 20 -15 -13 -22 -12 -13 1 -6 12 -2 -27 0 44 -15 -17 -20 32 -22 37 -10 -22 -9 29 -17 -9 -22 11 1 -24 -15 -16 2 -23 3 41 -18 33 -9 -32 4 44 -20 -24 -18 -23 1 -14 -11 41 -14 19 -12 45 -16 -8 -16 11 -9 42 -14 30 -22 17 4 43 -21 5 4 18 -1 19 11 -7 -10 29 -18 31 -22 -29 -22 34 -15 -8 -15 -20 -19 41 -11 27 -20 -11 1 -15 -13 -32 -10 38 -18 -17 -8 41 -12 39 -6 40 13 -9 -3 -5 1 28 -9 16 -5 -5 -16 -30 -12 0 -8 3 -5 -12 -12 -31 -11 -24 -23 -26 -17 -32 -7 -16 -17 1 12 1 -18 -3 -14 29 22 2 -10 -21 -4 -28 -15 -29 -6 15 -8 -27 20 -37 9 -17 -20 4 -3 -22 -13 0 10 -35 -15 -18 -6 -23 -5 41 2 35 -15 -17 -9 -22 -17 -19 -1 -11 -4 37 -3 -27 -8 -18 -2 3 10 -23 -7 -8 -14 -14 -4 38 -12 -21 15 18 5 32 -14 4 -2 44 -2 -32 -15 2 -6 26 8 29 5 20 -14 -1 14 11 -5 21 -9 11 -3 21 
15 5 2 2 0.470588 2 -2 12 4 23 4 0.947368 9 -12 17 -12 12 -8 5 -12 25 -10 10 -14 14 -14 12 -11 11 -2 23 
16 5 2 2 0.333333 2 15 -35 12 23 4 0.969697 16 8 -29 -5 -27 12 -33 13 -16 15 26 11 11 2 -15 5 15 21 -5 6 -14 11 -11 17 19 -1 -4 -6 -33 12 -30 4 -30 
17 5 2 2 0.941176 4 -1 -18 8 -37 1 -28 16 -38 4 0.5 1 1 -32 
18 5 2 2 0.857143 12 15 -20 16 -5 15 15 15 19 13 19 15 -6 -15 53 10 24 12 -9 16 -10 10 21 15 -10 4 0.727273 8 24 19 22 30 -17 31 -20 32 -21 1 23 -1 -20 6 -24 20 
19 5 2 2 0.280702 4 15 -27 -15 51 16 -2 15 -2 4 0.97619 41 9 -23 -23 35 24 -24 -16 30 0 -6 -22 13 -18 36 -14 7 -13 -38 6 27 -17 35 16 27 7 15 6 11 18 13 18 10 17 25 20 1 16 -7 15 26 17 -12 18 9 11 -3 17 15 23 15 19 -14 8 -8 10 -15 15 28 -15 30 13 10 10 3 -18 42 18 28 14 -17 -5 -2 -23 42 16 2 -24 7 15 -29 -23 43 
20 5 2 2 0.941176 4 -15 28 -15 46 -15 46 15 17 4 0.5 1 -16 29 
21 5 2 2 0.303797 6 11 15 3 51 5 51 0 43 -2 48 9 -15 4 0.973451 55 5 0 10 33 -8 41 8 -5 -3 -4 11 20 7 -21 4 -6 9 27 2 8 8 33 9 -9 1 9 9 9 4 15 5 17 13 31 -10 35 3 15 7 22 3 -13 5 -18 2 -2 7 -24 3 44 3 -16 4 10 6 45 6 30 1 36 2 32 9 27 8 18 10 31 5 9 6 40 9 42 0 44 9 31 7 -6 4 6 5 2 5 -13 7 -12 4 8 5 30 -7 38 -4 -29 7 -26 4 28 -2 -10 -2 44 4 -36 2 -36 -8 11 
22 5 3 0 0.444444 3 19 8 23 -29 20 -40 3 0.933333 14 25 41 32 -33 28 10 37 -9 31 51 30 52 22 -38 35 -18 34 -30 22 26 34 9 31 -5 21 57 28 20 4 0.190476 1 11 -36 
23 5 2 2 0.969697 8 11 -35 11 -36 11 -40 8 -40 15 -41 15 -40 12 -35 2 42 4 0.333333 1 24 -38 
24 5 3 2 0.648649 6 13 -36 -10 -42 8 -39 -11 -39 8 -39 18 -32 3 0.181818 1 16 44 4 0.872727 12 17 -40 0 -37 24 -36 8 -32 18 -30 -4 40 7 -33 -13 28 -7 -38 -9 -37 12 -40 -22 32 
25 5 2 2 0.243902 5 -7 -9 12 -49 -3 -44 -8 -28 10 -49 4 0.980237 62 15 -34 14 -33 16 -30 -7 -5 13 -23 14 -22 20 -25 20 -26 -10 -15 19 -27 -21 0 -4 40 -12 16 -5 -9 -4 -23 21 -45 10 -41 11 -44 -3 -40 -3 10 -5 20 25 -42 -13 -41 -3 -25 -23 14 -19 -40 11 -45 -7 -2 -21 -27 -8 -8 -19 -28 -10 -26 -22 -4 -6 19 -8 31 -18 43 12 -41 -13 -40 -16 -36 -23 -3 -1 -31 -10 -9 -6 -2 -23 -2 -6 -20 -12 2 -8 35 -8 16 -9 37 -8 6 0 -41 -1 -36 -19 -20 24 -30 -14 -39 -1 -42 2 -39 -18 -29 -7 -36 0 7 -20 -19 8 -45 
26 5 2 2 0.923077 3 5 -47 14 -43 14 -42 4 0.571429 1 -21 -14 
27 5 2 2 0.953975 57 -1 -17 3 -12 4 7 3 -3 -10 14 6 -31 0 -10 -1 1 -2 -31 0 -7 2 -16 2 -18 -6 -26 -2 -11 -2 5 2 -20 6 2 10 -39 4 4 -3 -19 0 -22 6 35 4 -38 3 -36 -1 -30 -4 -29 7 -27 -6 -41 0 -30 4 -28 -5 -40 3 34 2 -10 5 14 0 14 1 31 -6 -13 -9 3 -5 -42 -6 -37 3 29 -5 -22 -1 19 1 26 -7 -38 -6 -17 1 -26 -6 -9 -7 -1 -6 -19 -4 -35 -9 -23 -3 14 -7 -29 2 -10 -2 -40 -1 -39 4 0.435644 11 -7 -36 -20 -36 -14 -42 3 5 1 -32 0 -36 1 -34 -2 -40 -1 -26 4 9 0 -9 
28 5 2 2 0.625 5 2 -34 -3 -12 1 -12 -6 -41 -5 -28 4 0.90566 12 0 22 -3 22 -20 10 -15 -35 2 -34 0 -16 4 -15 -10 -15 -14 -25 -8 -6 -16 42 -13 -20 
29 5 2 2 0.4 2 6 -7 -9 -5 4 0.96 12 -10 -41 -4 -21 1 -37 -4 -39 -3 -19 -17 -36 -8 -39 -12 -41 -5 -38 7 -37 1 -36 -24 -37 
30 5 2 2 0.166667 1 -8 -39 4 0.987654 20 -9 -7 5 -5 -9 -6 4 -20 2 18 2 -5 2 -10 3 18 -12 -11 -13 7 -13 -42 -13 21 -7 -21 -12 -42 -8 13 -9 18 -10 32 -25 15 -25 11 -21 41 
31 5 2 2 0.666667 1 -5 -46 4 0.888889 2 4 -45 -17 -42 
32 5 2 2 0.984127 31 6 -42 -10 -46 -5 -46 -14 -48 -5 -45 -2 -43 -12 -45 -9 -45 2 -44 -1 -43 -12 -44 -11 -41 -2 -43 0 -43 4 -46 -13 -40 -16 -10 -18 -39 0 -43 -19 -39 -1 -42 -6 -41 -20 -38 10 -41 -15 -45 5 -42 0 -44 -8 -40 -7 -42 -1 -40 4 -39 4 0.205128 2 -2 -40 -19 -37 
33 5 2 2 0.8 5 16 17 5 27 7 -40 4 13 16 33 4 0.8 5 18 10 11 11 6 29 11 6 7 32 
34 5 2 2 0.0833333 1 4 -40 4 0.99435 44 1 15 20 -11 16 -41 -4 -34 20 -2 1 1 5 9 15 -22 15 -9 6 -24 5 -11 16 -14 16 10 18 -2 18 -3 5 31 9 -32 16 28 5 38 3 2 -4 36 6 37 6 39 7 26 3 8 3 24 7 -5 4 16 5 -21 10 12 10 4 8 10 11 15 5 -7 8 -3 12 -29 8 -35 4 -4 4 7 14 -22 14 -19 5 -13 10 -7 10 -18 
35 5 2 2 0.470588 2 12 34 15 6 4 0.947368 9 9 5 10 -28 10 -23 14 -8 4 25 3 20 3 21 2 29 2 7 
36 5 2 2 0.983607 45 4 22 14 12 10 1 5 6 16 -13 1 -16 2 -47 2 -42 14 17 -1 25 9 3 12 2 13 7 5 -31 3 28 6 -16 10 -9 11 35 12 34 13 -3 10 -29 1 -22 12 12 14 3 3 -32 3 1 1 33 8 27 2 32 5 -27 3 -9 15 3 9 17 13 -36 0 15 15 -37 11 -4 10 -13 8 -49 1 -3 2 -5 5 -8 9 -19 14 -6 5 19 4 0.210526 3 2 -13 1 3 16 0 
37 5 2 2 0.571429 1 14 28 4 0.923077 3 22 -6 2 -3 0 -44 
38 5 2 2 0.6 3 6 -38 1 -39 0 5 4 0.914286 8 11 -45 18 -35 5 -29 -7 7 -7 11 3 -21 6 -26 -9 37 
39 5 2 2 0.0833333 3 8 -21 1 -12 -5 -23 4 0.99435 132 -16 22 -22 25 -21 34 0 10 -14 8 -18 16 -13 29 -20 -6 -17 31 3 -18 -21 -5 -20 19 -21 35 -19 36 -23 28 6 2 -16 1 -17 -4 -25 0 -14 15 -25 8 -13 31 -6 -28 2 -29 -21 7 -10 -13 -13 24 -8 33 -22 26 -25 -9 -24 22 -25 -2 -12 -27 -25 20 -17 0 -23 34 -18 -24 -22 -33 -21 30 -1 18 -21 -26 -13 22 -12 21 -23 30 -4 3 -3 -9 -3 8 -22 29 -12 33 -8 15 -10 26 -4 36 -2 27 0 26 -7 -20 -10 32 -6 -34 8 37 -10 18 -5 -16 6 -11 -5 -11 -5 2 5 19 -6 25 -5 34 -20 -44 5 34 9 -20 10 36 10 -39 -2 -10 -14 17 -1 -5 -4 33 8 30 1 -22 8 35 11 17 -4 3 -13 9 10 26 10 37 -3 -6 -13 2 -12 36 12 29 -2 -8 -11 7 -1 -28 -1 -16 0 4 -9 -23 1 -26 1 -27 -8 -15 -8 18 1 20 -7 -19 -4 3 -7 -12 -7 6 2 14 -7 20 3 3 3 -3 -6 -17 3 11 -4 31 -5 -25 -20 -40 4 -28 -6 -32 -2 7 4 12 -5 12 -1 -28 7 -25 -1 -2 -1 -14 0 -14 -5 -31 8 -32 -3 -20 -3 -37 -3 -36 4 -37 -6 -41 3 -34 -2 -37 3 -35 -23 -39 
40 5 3 0 0.153846 3 9 -12 -15 40 -12 37 1 0.0555556 1 10 -8 3 0.984848 65 26 -13 -31 12 -23 18 -26 65 -30 16 -23 17 -35 13 -39 4 -38 -10 -33 -36 -33 -2 -35 3 -34 -39 -30 -19 -33 18 -32 -30 -28 -30 -42 -86 -25 -11 -28 -15 -43 36 -39 -74 -42 -18 -38 -35 -18 25 -41 51 -23 -25 -36 10 -36 -71 -36 -24 -41 29 -31 -33 -35 -11 -22 -14 -33 -10 -29 -6 -33 -13 -21 -41 -34 -31 -35 -49 -32 -23 -34 8 -40 -10 -31 2 -25 -23 -35 -9 -36 -38 -34 -22 -36 -5 -34 10 -36 -3 -24 2 -36 -37 -34 3 -36 50 -31 -12 -25 -30 -26 -2 -29 9 -24 -19 -36 -14 -30 -14 -22 -3 -22 -6 -32 -35 
41 5 4 0 0.592593 4 4 -15 4 -14 5 -42 2 -30 1 0.380952 2 8 17 11 7 3 0.820513 8 -43 -87 -20 36 -25 8 16 -49 -38 9 -24 0 -33 -33 27 4 4 0.222222 1 0 -38 
42 5 2 0 0.242424 2 -15 46 -20 -72 1 0.980392 25 9 -31 9 26 8 -7 8 -5 7 13 8 26 6 -25 7 25 6 8 -14 35 5 -8 -14 35 -14 -15 -14 -5 -14 -16 -14 -19 -14 -13 -13 -8 -12 -13 -12 -14 -14 -4 -13 5 -13 26 -10 20 -12 21 
43 5 2 0 0.909091 5 -17 -70 -1 -57 3 -17 8 -67 8 -24 1 0.615385 2 3 -6 3 -1 
44 5 4 0 0.592593 4 19 -21 19 -41 25 -17 25 -56 2 0.380952 2 17 6 11 -10 3 0.820513 8 34 -33 38 -17 38 -29 33 10 41 -24 40 -28 6 83 40 -39 4 0.222222 1 17 10 
45 5 2 0 0.982143 55 22 -22 18 -30 16 3 16 5 16 -30 21 -16 17 2 17 -24 14 -41 13 -37 17 3 16 -25 16 -4 17 7 14 -13 15 10 16 -23 17 30 20 -64 19 -38 13 -67 15 -2 12 0 18 -27 12 -72 14 -22 12 -31 18 -70 17 -48 14 1 11 -46 13 -42 17 -31 19 -61 16 -55 14 14 13 -59 13 14 12 -22 11 -19 15 -43 20 7 13 -19 15 -29 22 5 10 -78 11 -37 15 6 13 -44 17 -35 14 -65 16 -37 18 -38 15 -61 15 -10 3 0.225352 4 22 -16 23 -24 23 17 35 4 
46 5 2 0 0.4 1 21 -44 3 0.96 6 19 -63 29 -14 31 -26 31 -18 36 -17 29 18 
47 5 2 0 0.91954 20 17 -36 14 -6 13 -38 13 7 16 -21 15 -24 17 1 16 -15 13 -20 7 -26 10 -47 12 -41 18 -52 24 3 17 -8 18 -8 19 -60 18 5 24 -19 18 -12 3 0.583333 7 21 16 23 -59 38 -8 27 -85 27 5 27 -1 38 -37 
48 5 3 0 0.23301 6 9 -36 19 -35 8 -24 6 59 14 -15 14 -2 1 0.941176 68 14 20 13 -13 14 -2 12 -9 14 -9 12 -13 13 11 12 -3 12 -24 10 -29 11 -5 12 -11 11 -14 14 4 13 22 12 -28 10 -23 12 14 10 -33 9 -35 11 23 9 -34 11 25 10 -21 11 31 11 18 10 -15 10 5 9 -32 12 24 12 28 9 14 9 -32 9 -34 8 -27 9 -19 14 -5 12 -25 10 11 10 -9 9 2 8 -8 10 20 10 -29 10 14 12 12 12 -34 13 3 14 -11 14 6 6 -34 8 -25 9 15 14 -16 12 29 10 7 9 27 12 -9 11 -19 9 -13 13 -18 13 -13 9 -9 11 26 11 -30 9 19 7 -10 6 -29 3 0.372881 11 21 -6 18 54 23 -4 15 -1 25 50 23 -56 19 -19 27 47 26 -53 26 -45 27 49 
49 5 3 0 0.696246 51 12 6 7 28 13 -29 13 -11 10 -38 3 -29 5 -53 12 -4 11 -63 2 -57 6 -28 4 16 7 -66 1 -9 5 -6 0 -39 11 3 -16 -70 -9 -5 -10 -9 -23 -6 -7 33 -11 4 -11 -4 -7 18 6 15 -17 -26 -18 -3 5 -28 1 25 -2 -14 -1 -20 -3 -46 6 23 -1 -2 4 37 6 -33 2 19 8 -77 -1 -29 8 -1 2 -76 2 8 8 -23 3 -40 6 10 2 -9 10 -65 6 -6 15 0 4 -36 1 0.70903 53 14 -25 7 14 9 -3 10 -24 7 -1 10 32 7 -24 14 22 9 3 7 -4 8 24 7 -2 8 23 9 4 7 3 9 24 14 8 10 29 5 2 9 20 7 -9 7 5 5 -21 4 34 7 6 -13 -3 -14 -21 7 16 -13 15 -14 -14 -13 -10 5 -30 5 15 7 -24 3 -26 5 -32 5 -3 6 16 6 17 -1 -12 9 29 5 5 5 -25 6 0 5 30 4 -29 5 34 6 31 6 24 8 33 8 31 5 -22 7 27 3 0.580645 36 23 -28 11 -77 23 -14 24 45 -25 22 29 -41 16 -53 18 -26 22 -37 -32 68 26 -37 14 -20 -32 -67 -31 0 -34 -30 -35 -65 -27 -9 -31 -50 -32 -21 -35 -2 -32 -35 30 5 -33 -31 -33 -43 -39 -26 12 49 10 -65 10 44 7 -54 10 -94 27 -43 24 -40 27 -9 29 -8 12 -63 24 -17 
50 5 2 0 0.987013 38 13 43 13 28 14 33 13 -58 10 -58 13 -4 12 -18 7 -59 11 -54 7 -15 3 -70 8 -11 11 -67 9 3 7 -38 15 -1 6 -62 10 -47 12 27 11 -6 10 -63 10 -17 17 -7 12 -49 7 -19 10 29 12 28 11 -50 13 31 15 21 12 0 7 8 10 6 10 -3 17 18 15 -67 14 -67 11 -58 3 0.173913 2 -25 -33 -33 -38 
51 5 3 0 0.716418 24 13 14 16 -69 10 1 7 -44 18 -71 24 -51 13 -53 11 -61 12 -45 14 -53 12 30 15 -62 10 -33 9 9 11 -38 20 10 9 -51 11 -62 15 -25 20 -75 9 -76 14 -75 -22 -12 -24 -11 1 0.434783 10 11 11 12 23 11 -6 13 24 8 -22 14 -31 10 -20 11 -19 13 -10 12 27 3 0.767123 28 13 -73 -37 -43 16 -40 14 -67 -38 7 16 -62 16 -87 16 -87 18 -22 24 -9 25 -11 14 2 22 -76 28 44 22 -16 -36 -39 17 -90 22 -75 21 4 31 -16 26 37 -35 22 21 12 -31 44 35 -32 10 58 30 -18 24 22 
52 5 2 0 0.971429 17 -20 -34 -14 25 -12 13 11 39 -11 7 -13 -26 -15 -29 2 42 -17 -21 -14 -13 -16 0 -17 -28 -17 -39 -17 5 -17 23 -16 25 24 3 3 0.32 2 -28 -36 -24 2 
53 5 3 0 0.982143 110 -1 -19 -24 6 -22 1 -23 -20 -23 -39 -19 -25 -19 -35 -16 -22 -16 -24 -17 -9 -21 -54 -3 -23 -17 -20 -24 -60 -15 7 -16 12 -10 5 -14 10 -19 -53 -23 -60 -14 -2 -15 -29 -15 -29 -11 15 -11 3 -17 -65 -17 -64 -16 -72 -9 9 -22 -49 5 -9 -21 -53 -8 20 -10 34 9 7 -10 -1 3 6 -5 0 0 8 -2 7 -7 -4 -13 -6 0 15 0 14 -17 -39 -13 -43 -10 13 -10 -9 2 18 -11 4 -8 -10 -2 -2 -2 -30 -6 -27 4 -41 -11 -34 7 13 -1 6 -7 -41 -6 -17 2 10 4 11 0 -6 -4 -7 -17 -51 6 13 8 -44 -5 -12 -3 -41 -9 -38 -1 -39 -2 5 -17 -53 -5 -32 0 9 -15 -14 -4 -27 10 34 -2 -30 -16 -1 -19 -75 8 -34 -15 -6 -12 -63 -5 -29 -12 -70 -14 -28 -11 -76 -3 -36 -3 -73 -16 -24 -6 -40 -8 41 -3 -38 -3 -40 -15 7 -2 35 -6 -43 -13 -20 -9 -54 -9 -9 -15 -33 4 -28 -14 3 -8 -1 1 26 -17 -40 -5 -42 -12 5 3 3 2 0.0330578 1 -16 -29 3 0.201439 7 11 46 24 2 9 -26 3 -76 6 -31 3 -82 4 -70 
54 5 3 0 0.985915 35 -23 -75 -11 12 -11 8 -5 19 0 27 -1 14 -15 -24 -12 15 -13 -33 -8 2 -14 -38 7 24 -5 2 -10 3 -13 -31 -18 -59 -2 1 -2 -4 -3 3 -17 -35 -4 10 -7 -47 -9 -49 -12 -4 -16 -33 -12 -35 -10 -44 -10 -17 -4 -44 -11 -45 -7 -4 -12 -38 -4 -52 9 29 6 31 1 0.1 1 -12 -13 3 0.1 1 7 32 
55 5 3 0 0.307692 1 -7 -66 1 0.903226 7 -8 -2 -14 34 -3 -14 -1 -15 -1 -20 -2 -19 -2 -14 3 0.5 2 2 -59 3 -50 
56 5 2 0 0.888889 12 -5 -34 -7 -5 -11 -49 -5 3 -4 -2 -8 -19 -12 -57 -11 -57 -4 -6 -6 -66 -3 -60 -4 -46 3 0.666667 6 6 -4 0 -79 4 46 23 -31 22 2 23 -9 
57 5 3 0 0.962963 13 -20 -76 -1 -64 2 7 -1 -5 -3 -48 2 -4 2 -50 4 -45 3 -29 5 -63 3 -30 6 -69 2 -48 1 0.222222 1 3 -12 3 0.222222 1 21 -5 
58 5 2 0 0.333333 1 8 -55 3 0.969697 8 6 23 8 -32 23 -11 9 -8 11 -11 11 -28 17 -37 10 -65 
59 5 2 0 0.181818 1 -2 -25 1 0.986301 18 -12 -29 -11 -23 -12 -25 -10 -23 -13 -34 -1 -34 -2 -34 0 -27 1 15 0 18 2 -5 0 -25 1 16 2 -11 3 -11 3 -22 0 -34 4 -32 
60 5 3 0 0.571429 1 2 -22 1 0.571429 1 6 -21 3 0.8 2 -31 20 -24 25 
61 5 2 0 0.148148 2 10 -51 -16 61 3 0.989247 46 -25 -15 -21 7 -21 15 -21 -4 -24 -20 -15 -41 10 -51 -19 -12 -27 -46 11 16 28 -22 15 11 -20 -36 -27 -76 13 -9 -18 -11 10 -34 -19 -3 -22 -16 -20 -7 -19 3 23 -7 27 12 -19 -35 -18 -11 -18 -7 24 23 -18 -23 -19 -29 -12 -14 -15 12 -17 -7 -17 -38 -18 -41 -16 -33 -19 -64 -18 16 -24 -81 -15 -36 -14 -30 -13 -25 -15 -35 -14 -18 -14 0 -15 -3 -26 67 
62 5 3 0 0.307692 1 -3 61 1 0.903226 7 17 -17 17 -29 17 -23 17 -4 17 2 17 -24 16 -28 3 0.5 2 -1 -42 7 15 
63 5 2 0 0.8 3 -17 -9 -3 44 1 12 3 0.8 3 -6 -25 -20 52 -26 -19 
64 5 2 0 0.984615 16 -18 -71 -22 10 -6 42 -10 44 -23 -40 -11 24 -4 30 -15 -65 -22 -54 -18 1 -2 41 -21 -4 -20 2 -12 37 -20 0 -17 -36 3 0.2 1 -27 -26 
65 5 2 0 0.197183 7 -15 7 -9 -29 -8 -55 -3 -30 -2 -18 18 -31 3 4 3 0.984881 114 -3 10 -18 13 -11 25 -11 -19 -11 5 -11 3 -12 -48 -4 10 -28 -27 -9 -1 7 10 -31 -77 -10 -2 -17 -74 -21 17 7 -25 -14 -11 -8 21 -5 -26 -5 -11 -30 -44 -32 -53 -10 -40 -31 -66 -4 -12 -42 -62 -43 -68 -6 63 -8 -23 -16 31 3 -13 -18 62 -42 -56 -26 -31 -33 -11 2 2 -14 17 -17 -34 -8 -41 -21 -7 -32 -7 -12 -11 -2 -41 -31 -28 -2 -1 19 -31 2 -89 -35 -15 -2 -2 -29 46 -12 -13 -32 -7 -11 -19 0 -18 -6 -23 -43 -37 -36 64 -2 -31 -6 -1 2 43 -13 39 -12 -18 -23 -56 1 -52 -18 -24 -33 9 6 -30 -20 -38 -32 46 0 -2 -26 -68 -2 -13 -23 -94 -5 12 -4 -29 -30 51 -9 -19 -1 -53 -25 -13 -24 -15 -4 -18 -6 -35 -34 12 -25 -21 -20 -4 -30 10 -26 -26 -39 56 -4 1 -5 17 -4 -79 8 -33 -23 15 -3 -41 6 -15 -2 51 -13 -37 4 -40 -11 -49 4 26 -3 30 -3 42 -15 10 5 -30 -4 33 -10 -53 -16 10 3 8 -21 31 -28 17 -22 28 -31 67 4 19 -17 -42 
66 5 3 0 0.974359 19 20 -85 21 -84 13 -87 18 -76 12 -82 12 -88 16 -70 16 -70 18 -6 13 -88 -23 -86 -20 -86 -19 -87 -20 -84 -19 -85 -18 -84 -12 -89 -8 -88 -8 -75 1 0.166667 1 17 -38 3 0.166667 1 -17 -30 
67 5 4 0 0.761905 4 17 -84 23 -88 25 -88 17 -66 2 0.533333 2 16 -52 12 -53 3 0.333333 1 38 -38 4 0.533333 2 19 -40 7 -43 
68 5 3 0 0.617886 19 4 44 2 43 11 9 9 35 5 36 -4 -52 -7 0 -12 -58 -10 -49 -11 -25 -14 -53 -13 11 -1 -43 -12 14 -10 -53 -9 12 1 37 -12 -9 -2 -37 1 0.901961 46 -11 35 -6 35 -3 33 -6 34 4 31 -11 35 -11 34 -4 34 -7 33 2 31 -6 32 1 31 -3 33 -10 34 -7 32 4 29 -2 32 -5 30 -9 31 -8 31 1 -1 2 -12 -3 -15 5 19 1 -22 -6 32 2 -1 4 25 -6 -13 3 4 3 25 -5 -19 1 19 -8 -9 4 -26 1 -14 2 2 -4 31 -6 -23 -2 29 -10 12 5 -1 0 -8 -11 -14 -11 2 6 27 3 0.057971 1 22 11 
69 5 2 0 0.233766 9 -13 -12 -14 -7 -10 -52 -15 -45 -9 -55 5 -21 -15 -55 -11 -56 -15 -56 1 0.981289 118 -10 2 4 23 0 -19 -8 -7 -13 17 -7 20 -8 5 -12 31 -2 -21 -1 -2 -6 3 -7 21 0 11 2 21 -13 -21 -11 20 -4 22 -14 20 -1 11 5 20 -1 20 -7 -15 -5 8 -1 2 -1 5 1 -31 -2 18 -10 16 -4 -20 -6 15 -6 16 -14 -33 -11 2 -12 22 -13 -5 -4 12 -11 24 -13 -16 -9 8 -2 1 -4 -13 -7 7 -13 7 -2 7 -11 -4 -7 12 1 23 -6 -27 -9 -6 -12 0 -6 19 -3 24 -3 4 -10 24 0 10 -4 22 -6 -17 -10 -5 1 25 -10 -8 -11 -6 -5 25 -14 -21 -11 6 -9 -19 -3 1 -10 28 -11 2 -11 1 -4 26 -7 -5 -7 27 -1 -25 -6 -31 -9 27 -12 16 -6 -4 1 -6 -9 -3 1 -2 -13 -27 1 -1 -6 -27 -9 -28 -6 7 -7 -3 -5 14 -3 19 -5 21 -5 -25 0 28 -5 -1 -11 10 -4 -15 -2 -24 -3 26 -2 17 -12 27 -8 7 -4 12 -7 4 -9 -31 -10 20 -1 3 -7 15 1 22 -4 -7 -13 27 -7 -30 -2 23 -3 28 -5 -23 -4 29 -6 29 1 26 -7 -32 -6 -21 -9 -27 
70 5 3 0 0.8 7 -15 7 -12 -22 -9 -24 -13 -68 -13 -66 -2 -22 2 10 1 0.235294 1 -11 29 3 0.75 6 -2 7 0 34 0 12 0 20 1 19 17 -37 
71 5 3 0 0.641509 34 2 -3 1 3 -2 -56 -6 -21 -4 -17 -10 -1 -5 -50 -2 -47 0 0 -7 -65 2 -11 3 -43 -9 -14 2 13 -3 -13 -4 -5 8 -54 3 -44 -7 -21 2 -4 3 -38 -8 15 -3 -44 2 38 -11 32 -6 29 -6 -7 -6 -58 -6 -5 0 -12 1 -17 -7 -41 4 -39 -9 -38 1 0.837838 62 -12 33 -12 22 -10 -18 -11 29 3 30 -12 33 -3 -26 -4 -24 3 -5 -12 -18 -3 -1 5 15 -5 11 -7 -15 8 -9 -4 -16 -4 13 -1 -20 -4 11 6 3 2 -2 4 11 1 -18 -1 -24 0 21 2 0 -1 -19 4 21 -4 -22 -13 -14 2 11 -12 -9 0 6 4 15 -5 6 -10 -24 2 -27 6 19 -11 25 0 -32 1 -7 0 12 0 10 -9 -22 1 -29 6 17 2 -9 -6 -13 1 -22 6 -17 4 17 2 15 -5 -10 -8 -11 -1 19 3 -10 -3 -24 -10 -10 -4 -13 -2 -16 2 2 -1 -18 3 0.368421 14 13 -82 -9 -76 7 -21 -5 5 -14 -57 -13 -69 -4 -57 18 -17 12 41 -5 -64 0 -22 -6 -15 1 -23 -3 -35 
72 5 3 0 0.823529 14 6 -56 8 11 10 -3 10 4 3 -49 7 -61 7 -66 6 -49 0 -53 3 -61 -23 -11 13 -55 5 -58 1 -56 1 0.714286 10 8 -15 8 10 7 22 6 -27 9 -9 5 23 7 16 -1 -25 -1 -24 -4 -31 3 0.25 2 16 -7 14 34 
73 5 3 0 0.266667 2 4 -63 6 -52 1 0.444444 4 -1 -17 2 -19 -4 -26 8 19 3 0.923077 18 -41 -28 -37 -5 12 5 19 -35 12 13 19 5 11 -42 13 -37 16 -25 2 -36 15 -38 3 39 10 -47 12 -77 12 -78 13 11 19 -28 -38 -6 
74 5 2 0 0.97561 10 -1 -59 2 -54 5 -71 0 -52 3 -79 -13 -71 -4 -71 -1 -72 -7 -73 16 -76 1 0.285714 1 -3 -34 
75 5 3 0 0.516129 4 -6 -52 -3 28 -3 43 -3 33 1 0.872727 12 -11 28 -14 -35 -9 33 -11 -29 -11 -28 -9 -33 -9 -16 -8 35 -5 10 -7 -25 -7 -26 -7 -25 3 0.428571 3 4 77 6 52 2 -74 
76 5 2 0 0.923077 12 -5 -66 -8 -66 -3 41 -1 37 -5 -61 -5 -62 1 43 3 36 4 38 4 44 1 -67 1 -62 1 0.571429 4 -6 -23 -2 22 -6 -23 0 25 
77 5 3 0 0.333333 1 -20 13 1 0.533333 2 -4 -32 -4 -33 3 0.888889 6 -2 -37 3 -62 1 3 6 44 14 -38 15 -11 
78 5 2 0 0.923077 9 -3 -67 0 -51 -5 -68 4 -19 1 -72 0 -73 -3 -70 -2 -72 3 37 3 0.571429 3 4 -35 4 59 3 -23 
79 5 2 0 0.923077 3 -4 -18 -3 27 -2 35 3 0.571429 1 -3 -26 
80 5 2 0 0.125 1 -4 -74 3 0.99115 28 0 -26 -2 5 -10 -31 -22 -82 -9 28 -24 -86 -12 -17 -16 -78 -10 -26 10 -40 8 -68 8 23 -15 -44 5 -99 9 -11 -10 34 -15 -67 13 -35 13 3 6 16 9 -38 12 -11 -5 -76 16 -7 10 8 10 1 -6 -11 6 27 
81 5 3 0 0.097561 1 -24 -7 1 0.097561 1 -4 -20 3 0.986301 36 24 7 22 -21 15 19 14 3 21 0 19 18 19 -14 20 12 18 19 15 8 15 20 1 59 20 11 -43 -16 -41 -36 12 16 11 16 -37 -37 18 35 11 30 14 24 4 25 8 30 -27 24 -8 79 8 20 0 31 -21 29 -4 36 -15 25 -24 37 -15 28 1 30 0 34 -16 40 19 -37 
82 5 2 0 0.8 4 -18 -86 -24 -80 -9 -77 -3 -76 3 0.8 4 21 -34 -36 -95 -7 -97 6 -97 
83 5 2 0 0.989691 24 8 -79 -1 -89 1 -86 6 -85 1 -88 12 -86 7 -81 7 -90 5 -87 9 -84 7 -91 9 -87 -18 -84 -2 -89 -3 -86 2 -73 -14 -84 8 -77 -17 -77 -5 -77 5 -83 -17 -81 -17 -86 19 -86 3 0.142857 1 -15 -98 
84 5 3 0 0.444444 1 11 -88 2 0.444444 1 0 -44 4 0.888889 4 9 -36 -8 -44 -8 -45 -3 -45 
85 5 2 2 0.990826 27 -5 -41 -10 -49 -8 -51 -5 -51 -6 -43 1 -49 -9 -44 2 -46 -4 -43 3 -53 -4 -44 6 -53 0 -47 15 -50 -2 -47 12 -50 1 -53 13 -53 12 -51 -11 -43 -1 -53 -7 -47 -3 -46 8 -52 7 -44 -11 -48 -10 -50 4 0.129032 1 -24 -45 
86 5 2 2 0.571429 3 3 -43 -12 -47 6 -48 4 0.923077 9 -18 -39 -5 -43 7 -44 -9 -43 -21 -45 -10 -43 3 -42 11 -41 -12 -42 
87 5 2 2 0.96 12 -4 -46 3 -48 -8 -42 6 -48 9 -49 3 -48 3 -45 -11 -49 -9 -52 6 -49 4 -50 -9 -52 4 0.4 2 -18 -44 -17 -44 
88 5 3 0 0.0284192 4 18 -11 3 49 25 -28 -4 48 1 0.974083 498 10 27 -6 31 -8 28 -13 -28 -9 -32 -9 -19 -10 31 -3 38 -9 31 -10 33 -9 28 6 32 -14 29 -10 31 6 8 -2 -39 13 36 15 -32 -12 36 -7 35 10 35 -1 -16 -3 10 -12 28 10 -18 -13 -25 -10 32 2 -22 -2 38 -13 -27 16 -35 6 11 -15 38 -7 -26 4 -20 1 -39 -11 37 -11 36 -7 -13 1 32 -10 -35 -15 18 -11 -3 -11 36 -16 36 0 -21 -3 38 9 -39 -14 34 3 -12 -1 -23 -9 34 8 34 16 27 -6 21 11 -17 16 -26 13 30 7 -14 13 -18 13 -26 -7 -27 -1 -20 -3 -10 1 -25 -1 7 2 -39 -10 -24 6 9 10 -31 13 -5 -9 -27 -9 -20 -2 -39 10 -3 4 12 -6 21 10 -22 0 35 -5 -4 6 -33 9 -38 -9 -18 5 35 -2 31 -7 -26 -10 -32 13 36 6 28 -12 -28 4 30 1 38 4 -7 -4 -27 14 31 9 10 5 -21 8 25 -14 -29 1 -33 1 11 0 16 14 -33 -16 8 -15 2 -12 -31 -14 -27 -2 37 4 12 -9 -36 -10 6 10 30 -9 -17 -12 -19 -2 18 9 -22 8 12 8 23 -5 35 5 -7 1 -14 4 21 0 12 -6 2 10 -36 1 -11 4 -33 -3 -5 11 24 -2 -4 -8 -12 15 31 -11 -17 -12 -20 17 -2 -10 -34 -16 -12 14 30 -10 -16 14 35 -1 -30 -13 22 -4 -20 14 33 13 9 11 31 -16 -11 -2 10 3 -28 5 19 13 -30 11 31 16 23 -2 -20 -9 -38 0 14 -4 19 11 -21 -8 4 4 17 5 -15 2 -25 -16 -30 -14 26 -3 32 -12 -34 10 -25 -9 -21 -8 -30 14 35 15 -26 -8 5 15 27 10 -31 14 -24 1 -17 5 5 -5 -25 16 -2 -13 18 -6 -17 -6 -14 2 35 5 30 -11 18 11 -25 -5 -1 -15 34 14 -6 5 -33 -5 14 -7 -7 9 30 6 18 5 29 3 29 14 24 -9 19 5 12 -9 18 -7 -28 5 18 17 3 -8 2 5 13 7 -14 5 -27 -8 10 -10 -24 -12 36 -12 6 9 -18 1 -27 5 9 -1 28 13 8 4 21 -1 -34 -15 21 -2 17 17 24 3 3 -9 15 -10 24 11 21 7 29 -11 -18 7 32 -3 7 -12 -10 -3 23 -2 16 -6 -5 14 21 13 -11 -11 -38 16 -31 11 -27 3 -22 -1 23 -3 11 12 -31 1 17 -15 -25 -1 20 14 -32 -4 24 14 -30 13 -28 -9 14 14 17 -8 -26 9 -20 0 28 3 -26 -12 4 -4 -24 14 -37 5 -12 -5 -20 16 -11 0 9 10 5 -6 21 -14 0 -5 20 -3 18 -14 -31 -12 6 9 22 -13 17 -3 5 -7 -9 -5 -9 -14 37 16 -13 16 -16 2 22 8 13 -13 -19 -16 15 6 -24 -6 31 4 26 2 3 4 10 3 -23 2 9 14 -11 -12 37 14 14 8 7 11 -31 16 -12 9 22 -10 -16 -8 -10 -8 23 10 -5 -14 15 -11 26 -8 11 -8 -17 -11 25 -7 15 -10 0 -2 -19 9 7 -10 13 15 10 11 4 2 -24 16 -3 6 18 -5 -20 14 35 -1 11 11 -15 13 7 10 25 15 23 -2 14 -4 18 -1 -19 11 -12 -4 -20 15 1 15 27 14 -21 10 11 7 -17 7 -8 15 2 9 -38 5 22 5 1 4 -11 11 13 14 -20 -11 -3 16 -24 14 0 15 23 9 -36 -2 26 15 -12 1 -21 15 12 -4 13 -13 20 -6 26 -15 -4 -14 -7 -12 -19 -7 -13 -12 9 -10 24 -10 -12 6 -35 5 -38 -15 -10 16 -35 -3 1 -12 -1 10 -15 -11 11 -6 -36 16 4 16 24 -15 13 -3 35 -4 -16 16 -31 10 23 14 36 -12 -18 -8 22 13 10 -13 -17 7 22 -12 -2 1 19 13 -1 3 -38 15 -2 6 -22 6 -21 1 -23 15 -28 4 0 7 -6 6 -39 14 4 13 22 -2 -6 13 18 0 3 16 -18 -16 21 15 -1 13 3 -8 9 1 2 -10 -26 15 -19 4 2 11 -19 2 -12 -15 -6 14 -37 5 25 15 -20 -14 6 -13 2 -7 -11 4 -36 3 -3 6 -14 6 -23 6 -18 -9 23 -8 -4 10 7 -9 17 9 -39 7 -22 -1 -8 5 -38 -12 -35 -16 2 10 -17 2 1 -2 -11 2 -1 -1 -6 5 -36 -7 27 -10 -36 -2 -35 9 -33 2 -28 9 -13 -1 -5 13 -33 13 -36 0 32 11 -5 1 24 3 0 -14 -31 -13 -25 -15 -1 15 -13 17 -11 6 -39 0 -37 9 6 9 5 9 6 -11 1 -9 -15 -14 -20 -7 19 -11 14 -1 -1 -10 -4 14 -39 -2 2 1 10 -16 -15 11 2 8 -6 7 -14 9 -34 12 3 -16 11 -11 -5 11 -37 6 8 2 -4 0 6 -7 -3 -8 -3 -5 -8 10 -1 15 -35 0 -15 -16 -16 8 3 -4 1 -13 -22 -6 17 13 5 -3 -7 -3 18 -16 5 16 -21 -11 -10 3 0.280802 49 -16 -11 -11 5 -10 -69 -6 -42 12 19 -8 -28 -6 -36 2 -29 -31 -64 -22 -77 -31 -39 -24 9 15 13 -4 -31 -29 11 -12 11 -9 -72 17 -2 -12 44 -6 -26 10 9 -7 -46 -8 -29 -34 44 -32 -44 -3 71 -1 -43 -10 -1 0 -20 -11 -13 -28 34 6 -14 -23 -91 -4 5 -17 -7 -11 -22 -2 -16 -13 -51 8 -35 0 -39 11 -2 -36 -83 -17 -12 -17 29 -18 -16 12 -4 -30 -79 -24 28 -5 -4 
89 5 3 0 0.878049 9 9 64 9 62 3 63 5 62 2 61 2 61 -3 61 -4 60 -15 66 1 0.615385 4 17 26 15 15 -14 -12 -10 -11 3 0.235294 1 16 -30 
90 5 2 1 0.25 1 14 6 3 0.979592 12 -26 23 -25 30 1 -10 2 -12 2 -9 -25 -93 -19 41 -4 -4 -11 -14 -16 28 -18 -42 10 -16 
91 5 3 0 0.727273 2 8 -91 9 49 3 0.727273 2 0 31 18 -25 4 0.5 1 18 -43 
92 5 2 0 0.990826 27 1 51 -22 54 -14 67 1 63 12 51 -3 53 -14 58 -23 54 3 51 -4 50 -2 67 -8 59 -5 66 -4 53 -6 65 -5 61 7 1 -9 62 -8 70 -14 70 7 64 2 65 -1 66 0 63 -10 70 7 63 7 66 3 0.129032 1 14 -33 
93 5 3 0 0.210526 1 -10 67 1 0.965517 14 -6 -38 -6 -32 -7 -31 -3 -31 -2 -36 -5 -28 -5 -26 -7 -36 -5 -37 -6 -37 -2 -30 -5 -36 -5 -39 -4 -36 3 0.210526 1 2 25 
94 5 2 1 0.181818 1 -2 -34 3 0.986301 18 5 26 -24 -35 -24 -23 -39 32 -33 -3 -36 -8 -32 -62 -34 -84 -38 -3 -40 -1 -5 80 -3 78 2 59 -3 79 -5 71 9 36 11 37 16 26 
95 5 3 0 0.0776699 2 -24 -19 -24 -12 1 0.178571 5 7 2 -7 -32 7 7 -5 -32 7 -25 3 0.980926 90 -10 25 -25 25 -42 -21 -43 -12 -44 -22 -42 -20 -11 26 18 -31 -5 22 -44 -31 -43 -14 -43 -7 -41 -9 -43 -26 -43 2 -40 -43 -10 21 -13 23 -35 -50 -15 -53 -35 -44 -20 -68 -38 -51 -39 -35 6 31 -37 -62 -38 -60 -24 21 -23 28 -7 0 -9 -52 -23 43 -4 31 3 -42 -7 8 -1 -31 3 -13 -7 11 -4 20 -15 27 -3 -33 -9 -62 -10 -71 -7 22 7 -9 9 -7 14 -9 -2 -20 0 -27 -1 -43 15 -38 -17 18 -3 -26 13 -5 12 0 13 -7 -9 54 -3 -4 -10 42 3 -10 3 -8 5 -30 -1 -33 12 -43 -14 -25 1 -59 13 -11 2 -22 12 2 -16 -79 -1 -21 -14 77 -6 -49 -4 -47 6 -5 9 -5 8 -24 -25 25 6 3 6 -18 -11 30 -8 75 10 -22 -21 27 -5 63 1 27 -2 28 0 29 -12 72 10 11 
96 5 2 0 0.952381 5 -21 61 -20 -90 -4 -91 -10 -91 3 -92 3 0.444444 1 -40 -97 
97 5 4 0 0.648649 6 -19 56 -23 64 -14 63 -14 61 -13 62 -8 64 2 0.181818 1 -10 -25 3 0.181818 1 -28 33 4 0.846154 11 -16 -36 -21 -30 -23 23 -23 -16 -14 -36 -21 -39 -23 -40 -23 -32 -23 -27 -17 29 -19 12 
98 5 3 2 0.516129 4 17 17 18 -20 17 44 14 23 3 0.918033 14 36 56 37 9 33 56 33 58 24 63 17 80 35 -58 33 29 23 37 34 34 -26 39 -35 12 38 22 36 -4 4 0.181818 1 26 1 
99 5 3 2 0.235294 1 14 -11 3 0.235294 1 41 -20 4 0.96 12 20 -11 18 -24 13 36 26 -35 19 1 23 25 16 12 18 29 8 -2 18 -29 16 -7 16 -5 
100 5 4 0 0.25 1 23 -38 2 0.864865 8 14 30 12 30 14 -23 16 23 18 22 14 5 16 8 17 12 3 0.545455 3 43 1 32 41 29 39 4 0.25 1 23 -23 
101 5 2 2 0.214286 3 18 -1 19 -11 19 11 4 0.98324 44 11 -8 18 15 22 -19 16 22 23 32 21 -21 19 26 15 34 21 6 12 -13 21 15 20 27 15 16 19 11 19 19 20 -19 14 24 13 7 12 12 14 1 12 7 22 14 13 -2 25 -9 9 25 8 36 9 35 25 37 18 30 21 -11 18 2 19 19 16 -8 16 31 20 10 17 -30 15 23 10 9 20 36 11 -3 18 34 14 15 14 14 15 31 
102 5 4 0 0.235294 1 24 13 2 0.689655 5 19 0 21 20 20 16 17 31 19 39 3 0.235294 1 42 -32 4 0.8 7 22 -31 10 -30 24 2 23 11 11 9 23 -10 22 -28 
103 5 2 2 0.952381 15 18 -24 20 29 15 18 21 41 21 -36 14 19 19 22 18 -11 18 42 13 43 17 -34 18 -3 17 -31 13 -31 17 -33 4 0.444444 3 21 -36 19 39 21 38 
104 5 2 2 0.571429 2 14 -36 13 -38 4 0.923077 6 26 43 15 42 22 -2 24 22 22 -37 16 -42 
105 5 4 0 0.4 1 21 -49 2 0.4 1 -12 -41 3 0.4 1 44 12 4 0.842105 4 24 15 24 14 24 45 21 35 
106 5 2 0 0.4 1 -19 28 3 0.96 6 -18 19 -20 17 -42 19 -38 21 -32 23 -27 24 
107 5 2 0 0.93617 11 -24 34 -17 20 -8 77 -16 33 -21 40 -22 18 -17 41 -12 59 -22 20 -18 21 -23 19 3 0.521739 3 -32 32 -26 10 -21 28 
108 5 3 0 0.983784 91 1 46 -14 51 -13 52 -4 16 -17 52 -22 28 -24 25 -12 74 -10 74 -15 23 -20 25 -19 90 -14 55 -10 91 -19 35 -7 26 3 86 -16 91 17 -21 -10 49 18 -5 20 16 4 45 18 46 6 48 3 20 16 48 13 49 -2 47 13 49 16 41 8 26 12 49 8 46 18 47 18 52 18 39 18 41 15 52 0 88 19 16 3 50 -6 51 6 49 -6 47 6 30 22 29 10 50 13 30 4 49 -11 54 8 44 21 30 -10 53 18 26 0 49 14 55 23 17 5 66 14 65 19 28 23 -37 -7 28 -1 50 6 55 -3 30 -2 51 15 31 0 56 -1 51 14 67 19 15 15 62 -2 34 -6 73 17 58 15 66 18 59 18 13 17 58 4 34 9 59 -3 37 12 74 12 67 1 56 7 76 -2 70 13 72 17 70 5 71 1 0.04 1 13 35 3 0.178571 5 -37 32 21 26 18 23 26 -72 31 41 
109 5 2 0 0.190476 1 14 -32 3 0.985507 17 32 41 41 30 35 37 19 84 41 -5 41 -3 30 71 31 35 31 54 30 49 44 26 20 30 22 74 36 31 36 19 13 85 17 76 
110 5 2 0 0.875 7 8 39 8 26 -2 27 6 28 10 26 5 26 10 23 3 0.695652 4 28 12 17 35 33 14 10 38 
111 5 2 0 0.981132 13 3 18 15 19 13 17 2 17 7 23 -18 20 20 -4 11 18 18 16 11 71 -5 31 7 24 16 17 3 0.235294 1 22 31 
112 5 4 0 0.771084 16 11 23 14 23 -1 73 13 32 -3 84 15 25 3 15 -4 89 -8 89 1 86 -8 29 8 30 -3 30 25 -62 15 28 -2 77 1 0.195122 2 9 35 13 34 3 0.771084 16 25 66 33 30 41 24 1 85 24 56 15 65 12 87 35 23 10 97 -7 88 5 70 1 83 -29 43 8 75 5 88 -29 91 4 0.105263 1 17 -16 
113 5 2 0 0.99115 28 23 33 -17 39 -3 42 -21 42 -14 45 -9 40 23 43 -13 42 5 39 -14 39 8 44 9 43 23 42 20 38 1 42 -7 44 -7 41 22 32 -15 93 11 36 3 37 3 40 12 39 -2 45 9 44 18 35 3 92 7 93 3 0.125 1 22 38 
114 5 2 0 0.285714 1 -1 57 3 0.97561 10 18 11 12 14 -29 65 7 20 1 23 11 20 -6 21 -10 29 1 92 30 -59 
115 5 3 0 0.588235 5 -17 88 -22 90 -15 92 6 40 5 42 1 0.32 2 17 30 17 35 3 0.872727 12 16 13 19 41 17 19 30 14 -9 12 13 30 -34 88 -25 87 8 33 -4 91 -40 39 -44 36 
116 5 4 0 0.695652 8 -16 48 -10 36 -8 32 -19 41 -12 40 -21 46 -14 46 -15 45 1 0.8 11 14 39 17 39 16 37 15 39 16 36 15 36 10 38 6 38 10 39 9 39 9 38 3 0.285714 2 9 38 15 34 4 0.16 1 -21 45 
117 5 2 0 0.285714 1 -17 35 3 0.97561 10 34 -13 -19 42 33 10 27 74 -20 81 -2 83 18 18 -27 66 -1 75 2 70 
118 5 3 0 0.982456 28 18 21 18 12 -6 79 -19 79 -18 81 -19 85 -4 76 1 76 -6 85 -15 84 0 81 5 76 -16 78 -10 79 7 76 -2 78 -8 78 12 82 -12 77 22 -76 5 77 -4 80 -8 84 -18 80 0 82 -20 86 0 85 -22 87 3 0.121212 1 -8 97 4 0.121212 1 18 -20 
119 5 2 0 0.8 2 -14 45 -7 18 3 0.8 2 -21 41 -2 17 
120 5 2 0 0.166667 1 -17 67 3 0.987654 20 -4 16 -11 17 -44 14 -21 8 -42 6 -25 -1 -6 57 -35 44 -42 18 -36 41 -4 9 -32 19 -19 58 -10 61 -44 18 -22 9 -33 40 -36 81 -41 76 -43 92 
121 5 2 0 0.387097 3 16 44 22 -4 13 72 3 0.962025 19 43 32 35 44 38 -1 38 51 38 7 28 100 39 -19 30 100 43 -11 36 -9 41 -28 36 -7 42 -31 37 -36 37 76 -9 43 41 -3 32 -27 38 10 
122 5 4 0 0.685714 12 -5 16 24 71 23 -62 21 67 17 70 4 67 18 50 19 73 -24 71 24 54 15 52 -17 47 2 0.108108 1 19 -7 3 0.851064 20 31 -23 32 66 33 -2 33 9 39 -24 31 29 41 93 35 43 31 89 44 3 38 96 42 95 21 96 -13 84 38 86 42 34 40 95 41 74 40 -48 26 2 4 0.108108 1 19 29 
123 5 5 0 0.821114 70 25 27 22 27 19 52 17 69 14 67 9 67 17 71 21 70 22 79 12 78 17 79 13 72 20 81 12 73 7 66 8 66 3 68 5 76 9 63 12 75 23 74 12 80 14 67 9 74 16 53 12 55 14 77 12 75 11 74 19 53 19 56 16 75 22 66 15 58 13 60 18 59 17 60 15 76 16 62 6 58 15 72 21 76 2 77 25 -18 12 57 -6 72 -3 72 0 71 -4 71 -24 85 -13 16 23 92 16 91 21 92 15 91 -23 91 17 88 23 92 11 90 12 89 21 -69 -4 77 21 83 22 83 23 87 10 86 25 -70 -4 69 8 92 24 -82 1 0.0857143 3 4 39 2 39 -2 39 2 0.111888 4 19 -42 18 -43 17 43 16 43 3 0.71831 51 43 14 36 20 2 43 10 38 -38 -36 31 76 31 30 31 95 39 37 28 82 27 84 24 93 21 90 45 6 42 41 36 43 45 -8 30 82 30 -21 33 53 43 -9 37 -28 34 -36 34 87 38 39 29 -62 -42 78 39 -57 37 -57 26 -27 42 -9 28 -48 35 -55 34 35 27 98 -34 41 41 -75 34 -90 33 -7 34 -97 -10 95 43 32 38 42 29 -24 -36 93 40 -79 -16 88 41 -85 42 -72 40 -48 45 -38 4 0.0857143 3 22 -43 20 -37 21 42 
124 5 4 0 0.36036 10 -14 77 23 -87 -13 50 -9 73 -11 72 21 -55 -23 51 -18 47 -13 53 -15 68 2 0.333333 9 21 37 16 39 19 0 18 32 16 -2 18 -23 17 -34 19 -39 17 -10 3 0.533333 18 42 -39 -41 -1 34 -89 44 -32 40 9 37 -97 35 -15 28 48 37 -7 -7 41 22 -92 23 22 39 -40 -35 60 36 -41 38 44 21 -5 27 -16 4 0.826291 44 17 23 21 19 17 11 21 13 26 40 18 -20 19 39 21 -14 26 29 20 -13 18 -6 20 39 20 38 20 -11 25 34 20 -27 25 23 19 40 17 -10 25 20 18 3 20 24 16 4 19 -26 25 31 16 -23 25 27 16 17 13 20 26 20 19 39 21 -40 21 -35 22 5 24 -9 20 22 25 -10 21 30 22 18 21 25 13 3 20 19 20 -26 13 -37 
125 5 3 0 0.102564 1 23 40 3 0.977778 33 34 84 37 43 34 -33 42 23 36 28 40 -41 31 -1 41 1 38 59 39 74 38 40 38 38 38 67 24 36 43 55 43 -51 40 61 41 -54 40 -52 37 4 45 14 44 22 15 37 34 29 40 23 44 -10 40 15 41 -12 36 25 30 89 26 -69 35 57 34 57 4 0.190476 2 21 -42 26 36 
126 5 2 0 0.952381 5 14 50 -2 16 22 -21 21 -31 22 -44 3 0.444444 1 32 -25 
127 5 2 0 0.363636 1 24 58 4 0.965517 7 22 24 22 -20 23 2 22 -42 23 -15 23 30 22 -38 
128 5 4 0 0.689655 5 24 59 24 65 25 43 24 -37 25 -59 2 0.4 2 21 -43 20 20 3 0.235294 1 43 -50 4 0.75 6 23 -40 22 -18 22 -27 25 -43 22 6 22 0 
129 5 2 2 0.965517 7 21 -6 21 31 21 -5 21 -23 20 24 20 23 21 -30 4 0.363636 1 22 -44 
130 5 2 0 0.170213 2 -14 70 -3 43 3 0.987342 39 -38 32 -35 27 -36 19 -43 64 -35 5 -34 21 -24 37 -27 38 17 15 -38 50 -23 25 16 16 -12 68 -14 68 -28 76 -2 57 -6 40 0 38 8 39 -10 77 7 9 -17 26 -18 86 -14 15 -10 37 -39 -75 -37 -80 -44 18 -38 -81 -35 35 -44 -15 -43 21 -29 -1 -39 -87 -41 -49 -43 16 -42 -16 -37 6 -35 -3 
131 5 2 0 0.941176 4 -23 55 -12 72 -15 74 -22 59 3 0.5 1 -24 -98 
132 5 2 3 0.166667 1 -39 27 4 0.987654 20 -25 38 -24 34 -23 33 -22 -35 -23 16 -19 31 -24 -11 -21 9 -18 -18 -24 27 -25 22 -24 -16 -24 10 -24 21 -23 30 -22 -14 -23 -31 -24 19 -25 26 -25 -22 
