10 121 0
0 0 -1 7 15 13 0 26 28 13 8 32 -4978 
1 1 -1 17 8 1 12 45 25 2 12 32 -1427 
2 1 -1 22 12 13 5 45 22 2 21 32 565 
3 2 -1 16 5 0 21 38 27 5 17 32 -10033 
4 2 -1 10 21 1 11 37 45 1 1 32 961 
5 2 -1 18 3 0 11 46 36 1 5 32 -458 
6 2 -1 19 9 21 16 46 29 1 5 32 9225 
7 3 -1 6 16 0 9 14 35 2 11 32 -680 
8 3 -1 4 8 0 1 40 41 3 1 32 -365 
9 3 40 0 0 0 0 0 0 0 0 0 0 
10 3 -1 17 3 0 0 4 18 0 0 4 -15 
11 3 -1 17 21 0 0 47 41 0 0 1 -4 
12 3 -1 22 7 4 1 35 45 2 1 32 -57 
13 3 -1 0 15 0 1 45 23 1 3 32 -2 
14 3 -1 7 0 0 13 40 22 7 6 32 -1498 
15 4 0 0 0 0 0 0 0 0 0 0 0 
16 4 -1 2 5 6 2 39 16 8 3 32 -2437 
17 4 -1 18 19 1 1 42 32 4 2 32 -567 
18 4 -1 2 3 1 12 40 36 6 8 32 -2712 
19 4 0 0 0 0 0 0 0 0 0 0 0 
20 4 0 0 0 0 0 0 0 0 0 0 0 
21 4 41 0 0 0 0 0 0 0 0 0 0 
22 4 42 0 0 0 0 0 0 0 0 0 0 
23 4 -1 22 0 2 7 46 34 1 12 32 -1671 
24 4 -1 15 9 3 1 43 41 4 4 32 -1505 
25 4 -1 2 7 9 15 41 40 4 6 32 1879 
26 4 -1 7 8 7 19 19 32 7 1 32 2214 
27 4 -1 17 4 3 6 30 38 6 8 32 -976 
28 4 -1 1 17 11 22 20 42 16 3 32 2185 
29 4 -1 12 4 12 19 43 26 2 17 32 8946 
30 4 -1 0 17 7 13 37 40 2 7 32 362 
31 5 0 0 0 0 0 0 0 0 0 0 0 
32 5 0 0 0 0 0 0 0 0 0 0 0 
33 5 1 0 0 0 0 0 0 0 0 0 0 
34 5 -1 12 12 5 22 18 43 21 3 32 -5090 
35 5 -1 10 5 4 2 33 11 9 14 32 -5186 
36 5 -1 16 18 21 6 40 39 4 5 32 10252 
37 5 31 0 0 0 0 0 0 0 0 0 0 
38 5 -1 31 2 0 0 10 26 0 0 0 37 
39 5 0 0 0 0 0 0 0 0 0 0 0 
40 5 0 0 0 0 0 0 0 0 0 0 0 
41 5 0 0 0 0 0 0 0 0 0 0 0 
42 5 0 0 0 0 0 0 0 0 0 0 0 
43 5 0 0 0 0 0 0 0 0 0 0 0 
44 5 0 0 0 0 0 0 0 0 0 0 0 
45 5 0 0 0 0 0 0 0 0 0 0 0 
46 5 0 0 0 0 0 0 0 0 0 0 0 
47 5 -1 25 45 0 0 14 46 0 0 2 34 
48 5 46 0 0 0 0 0 0 0 0 0 0 
49 5 -1 4 18 0 0 39 14 0 0 17 8 
50 5 -1 28 16 0 0 1 30 0 0 0 -55 
51 5 -1 4 2 18 22 42 25 4 2 32 -72 
52 5 63 0 0 0 0 0 0 0 0 0 0 
53 5 -1 11 30 0 0 21 26 0 0 14 -7 
54 5 84 0 0 0 0 0 0 0 0 0 0 
55 5 -1 2 3 8 5 12 46 4 1 32 966 
56 5 91 0 0 0 0 0 0 0 0 0 0 
57 5 92 0 0 0 0 0 0 0 0 0 0 
58 5 -1 0 43 0 0 43 45 0 0 16 1 
59 5 -1 46 28 0 0 22 1 0 0 17 25 
60 5 -1 17 6 8 19 32 35 11 3 32 12780 
61 5 -1 0 1 4 6 33 11 13 21 32 -7584 
62 5 -1 13 19 8 6 22 38 14 2 32 1765 
63 6 0 0 0 0 0 0 0 0 0 0 0 
64 6 0 0 0 0 0 0 0 0 0 0 0 
65 6 0 0 0 0 0 0 0 0 0 0 0 
66 6 0 0 0 0 0 0 0 0 0 0 0 
67 6 0 0 0 0 0 0 0 0 0 0 0 
68 6 0 0 0 0 0 0 0 0 0 0 0 
69 6 2 0 0 0 0 0 0 0 0 0 0 
70 6 -1 0 8 21 9 31 26 12 20 32 -24616 
71 6 -1 2 6 2 7 32 15 15 24 32 -35428 
72 6 20 0 0 0 0 0 0 0 0 0 0 
73 6 -1 18 14 4 18 45 42 2 2 32 5569 
74 6 -1 16 13 22 17 45 31 1 7 32 35537 
75 6 0 0 0 0 0 0 0 0 0 0 0 
76 6 0 0 0 0 0 0 0 0 0 0 0 
77 6 -1 9 16 3 13 30 41 11 3 32 2093 
78 6 39 0 0 0 0 0 0 0 0 0 0 
79 6 0 0 0 0 0 0 0 0 0 0 0 
80 6 0 0 0 0 0 0 0 0 0 0 0 
81 6 0 0 0 0 0 0 0 0 0 0 0 
82 6 0 0 0 0 0 0 0 0 0 0 0 
83 6 0 0 0 0 0 0 0 0 0 0 0 
84 6 0 0 0 0 0 0 0 0 0 0 0 
85 6 0 0 0 0 0 0 0 0 0 0 0 
86 6 0 0 0 0 0 0 0 0 0 0 0 
87 6 0 0 0 0 0 0 0 0 0 0 0 
88 6 0 0 0 0 0 0 0 0 0 0 0 
89 6 0 0 0 0 0 0 0 0 0 0 0 
90 6 0 0 0 0 0 0 0 0 0 0 0 
91 6 0 0 0 0 0 0 0 0 0 0 0 
92 6 0 0 0 0 0 0 0 0 0 0 0 
93 6 0 0 0 0 0 0 0 0 0 0 0 
94 6 0 0 0 0 0 0 0 0 0 0 0 
95 6 -1 32 26 0 0 5 15 0 0 3 34 
96 6 45 0 0 0 0 0 0 0 0 0 0 
97 6 0 0 0 0 0 0 0 0 0 0 0 
98 6 0 0 0 0 0 0 0 0 0 0 0 
99 6 -1 8 19 18 0 29 46 18 1 32 -982 
100 6 49 0 0 0 0 0 0 0 0 0 0 
101 6 50 0 0 0 0 0 0 0 0 0 0 
102 6 51 0 0 0 0 0 0 0 0 0 0 
103 6 -1 7 20 0 2 45 31 2 6 32 -359 
104 6 -1 5 10 0 1 43 46 2 1 32 -82 
105 6 0 0 0 0 0 0 0 0 0 0 0 
106 6 0 0 0 0 0 0 0 0 0 0 0 
107 6 -1 24 17 0 0 40 42 0 0 3 39 
108 6 -1 6 22 0 0 47 2 0 0 3 -14 
109 6 0 0 0 0 0 0 0 0 0 0 0 
110 6 0 0 0 0 0 0 0 0 0 0 0 
111 6 -1 16 20 7 0 40 42 6 4 32 -694 
112 6 90 0 0 0 0 0 0 0 0 0 0 
113 6 0 0 0 0 0 0 0 0 0 0 0 
114 6 0 0 0 0 0 0 0 0 0 0 0 
115 6 0 0 0 0 0 0 0 0 0 0 0 
116 6 0 0 0 0 0 0 0 0 0 0 0 
117 6 93 0 0 0 0 0 0 0 0 0 0 
118 6 94 0 0 0 0 0 0 0 0 0 0 
119 6 -1 19 13 0 0 3 36 0 0 1 -19 
120 6 -1 4 7 11 2 29 45 18 1 32 110 
121 6 -1 13 5 4 20 41 45 2 2 32 3905 
122 6 -1 10 0 2 6 27 36 4 8 32 1017 
123 6 113 0 0 0 0 0 0 0 0 0 0 
124 6 114 0 0 0 0 0 0 0 0 0 0 
125 6 -1 20 16 18 0 43 26 4 4 32 -487 
126 6 120 0 0 0 0 0 0 0 0 0 0 
127 7 0 0 0 0 0 0 0 0 0 0 0 
128 7 0 0 0 0 0 0 0 0 0 0 0 
129 7 0 0 0 0 0 0 0 0 0 0 0 
130 7 0 0 0 0 0 0 0 0 0 0 0 
131 7 0 0 0 0 0 0 0 0 0 0 0 
132 7 0 0 0 0 0 0 0 0 0 0 0 
133 7 0 0 0 0 0 0 0 0 0 0 0 
134 7 0 0 0 0 0 0 0 0 0 0 0 
135 7 0 0 0 0 0 0 0 0 0 0 0 
136 7 0 0 0 0 0 0 0 0 0 0 0 
137 7 0 0 0 0 0 0 0 0 0 0 0 
138 7 0 0 0 0 0 0 0 0 0 0 0 
139 7 0 0 0 0 0 0 0 0 0 0 0 
140 7 0 0 0 0 0 0 0 0 0 0 0 
141 7 3 0 0 0 0 0 0 0 0 0 0 
142 7 -1 11 21 0 0 36 39 0 0 17 -2 
143 7 -1 3 5 7 21 46 27 1 12 32 9935 
144 7 -1 19 37 0 0 45 29 0 0 11 0 
145 7 0 0 0 0 0 0 0 0 0 0 0 
146 7 0 0 0 0 0 0 0 0 0 0 0 
147 7 21 0 0 0 0 0 0 0 0 0 0 
148 7 -1 9 34 0 0 7 45 0 0 0 -2 
149 7 24 0 0 0 0 0 0 0 0 0 0 
150 7 -1 0 20 15 18 23 44 7 2 32 27499 
151 7 0 0 0 0 0 0 0 0 0 0 0 
152 7 0 0 0 0 0 0 0 0 0 0 0 
153 7 0 0 0 0 0 0 0 0 0 0 0 
154 7 0 0 0 0 0 0 0 0 0 0 0 
155 7 -1 22 8 0 19 38 33 3 2 32 -714 
156 7 -1 21 3 0 0 5 4 0 0 11 14 
157 7 0 0 0 0 0 0 0 0 0 0 0 
158 7 0 0 0 0 0 0 0 0 0 0 0 
159 7 0 0 0 0 0 0 0 0 0 0 0 
160 7 0 0 0 0 0 0 0 0 0 0 0 
161 7 0 0 0 0 0 0 0 0 0 0 0 
162 7 0 0 0 0 0 0 0 0 0 0 0 
163 7 0 0 0 0 0 0 0 0 0 0 0 
164 7 0 0 0 0 0 0 0 0 0 0 0 
165 7 0 0 0 0 0 0 0 0 0 0 0 
166 7 0 0 0 0 0 0 0 0 0 0 0 
167 7 0 0 0 0 0 0 0 0 0 0 0 
168 7 0 0 0 0 0 0 0 0 0 0 0 
169 7 0 0 0 0 0 0 0 0 0 0 0 
170 7 0 0 0 0 0 0 0 0 0 0 0 
171 7 0 0 0 0 0 0 0 0 0 0 0 
172 7 0 0 0 0 0 0 0 0 0 0 0 
173 7 0 0 0 0 0 0 0 0 0 0 0 
174 7 0 0 0 0 0 0 0 0 0 0 0 
175 7 0 0 0 0 0 0 0 0 0 0 0 
176 7 0 0 0 0 0 0 0 0 0 0 0 
177 7 0 0 0 0 0 0 0 0 0 0 0 
178 7 0 0 0 0 0 0 0 0 0 0 0 
179 7 0 0 0 0 0 0 0 0 0 0 0 
180 7 0 0 0 0 0 0 0 0 0 0 0 
181 7 0 0 0 0 0 0 0 0 0 0 0 
182 7 0 0 0 0 0 0 0 0 0 0 0 
183 7 0 0 0 0 0 0 0 0 0 0 0 
184 7 0 0 0 0 0 0 0 0 0 0 0 
185 7 0 0 0 0 0 0 0 0 0 0 0 
186 7 0 0 0 0 0 0 0 0 0 0 0 
187 7 0 0 0 0 0 0 0 0 0 0 0 
188 7 0 0 0 0 0 0 0 0 0 0 0 
189 7 0 0 0 0 0 0 0 0 0 0 0 
190 7 0 0 0 0 0 0 0 0 0 0 0 
191 7 43 0 0 0 0 0 0 0 0 0 0 
192 7 44 0 0 0 0 0 0 0 0 0 0 
193 7 0 0 0 0 0 0 0 0 0 0 0 
194 7 0 0 0 0 0 0 0 0 0 0 0 
195 7 0 0 0 0 0 0 0 0 0 0 0 
196 7 0 0 0 0 0 0 0 0 0 0 0 
197 7 0 0 0 0 0 0 0 0 0 0 0 
198 7 0 0 0 0 0 0 0 0 0 0 0 
199 7 47 0 0 0 0 0 0 0 0 0 0 
200 7 48 0 0 0 0 0 0 0 0 0 0 
201 7 0 0 0 0 0 0 0 0 0 0 0 
202 7 0 0 0 0 0 0 0 0 0 0 0 
203 7 0 0 0 0 0 0 0 0 0 0 0 
204 7 0 0 0 0 0 0 0 0 0 0 0 
205 7 0 0 0 0 0 0 0 0 0 0 0 
206 7 0 0 0 0 0 0 0 0 0 0 0 
207 7 -1 30 22 0 0 27 42 0 0 8 -52 
208 7 57 0 0 0 0 0 0 0 0 0 0 
209 7 58 0 0 0 0 0 0 0 0 0 0 
210 7 -1 25 3 0 0 9 34 0 0 3 -6 
211 7 0 0 0 0 0 0 0 0 0 0 0 
212 7 0 0 0 0 0 0 0 0 0 0 0 
213 7 0 0 0 0 0 0 0 0 0 0 0 
214 7 0 0 0 0 0 0 0 0 0 0 0 
215 7 -1 9 7 0 4 10 16 34 20 32 -17270 
216 7 -1 27 5 0 0 12 46 0 0 12 49 
217 7 -1 3 9 0 0 44 15 0 0 3 -29 
218 7 -1 38 0 0 0 26 45 0 0 11 -66 
219 7 0 0 0 0 0 0 0 0 0 0 0 
220 7 0 0 0 0 0 0 0 0 0 0 0 
221 7 0 0 0 0 0 0 0 0 0 0 0 
222 7 0 0 0 0 0 0 0 0 0 0 0 
223 7 -1 3 14 1 4 46 22 1 19 32 -1076 
224 7 -1 3 1 11 2 44 19 3 8 32 -177 
225 7 0 0 0 0 0 0 0 0 0 0 0 
226 7 0 0 0 0 0 0 0 0 0 0 0 
227 7 0 0 0 0 0 0 0 0 0 0 0 
228 7 0 0 0 0 0 0 0 0 0 0 0 
229 7 0 0 0 0 0 0 0 0 0 0 0 
230 7 0 0 0 0 0 0 0 0 0 0 0 
231 7 0 0 0 0 0 0 0 0 0 0 0 
232 7 0 0 0 0 0 0 0 0 0 0 0 
233 7 0 0 0 0 0 0 0 0 0 0 0 
234 7 0 0 0 0 0 0 0 0 0 0 0 
235 7 0 0 0 0 0 0 0 0 0 0 0 
236 7 0 0 0 0 0 0 0 0 0 0 0 
237 7 0 0 0 0 0 0 0 0 0 0 0 
238 7 0 0 0 0 0 0 0 0 0 0 0 
239 7 -1 4 19 6 6 32 35 4 11 32 -717 
240 7 -1 15 16 11 2 36 28 8 13 32 -2832 
241 7 106 0 0 0 0 0 0 0 0 0 0 
242 7 -1 23 28 0 0 8 40 0 0 4 43 
243 7 109 0 0 0 0 0 0 0 0 0 0 
244 7 110 0 0 0 0 0 0 0 0 0 0 
245 7 111 0 0 0 0 0 0 0 0 0 0 
246 7 112 0 0 0 0 0 0 0 0 0 0 
247 7 0 0 0 0 0 0 0 0 0 0 0 
248 7 0 0 0 0 0 0 0 0 0 0 0 
249 7 0 0 0 0 0 0 0 0 0 0 0 
250 7 0 0 0 0 0 0 0 0 0 0 0 
251 7 -1 12 4 12 0 30 6 9 30 32 -9492 
252 7 119 0 0 0 0 0 0 0 0 0 0 
253 7 0 0 0 0 0 0 0 0 0 0 0 
254 7 0 0 0 0 0 0 0 0 0 0 0 
255 8 0 0 0 0 0 0 0 0 0 0 0 
256 8 0 0 0 0 0 0 0 0 0 0 0 
257 8 0 0 0 0 0 0 0 0 0 0 0 
258 8 0 0 0 0 0 0 0 0 0 0 0 
259 8 0 0 0 0 0 0 0 0 0 0 0 
260 8 0 0 0 0 0 0 0 0 0 0 0 
261 8 0 0 0 0 0 0 0 0 0 0 0 
262 8 0 0 0 0 0 0 0 0 0 0 0 
263 8 0 0 0 0 0 0 0 0 0 0 0 
264 8 0 0 0 0 0 0 0 0 0 0 0 
265 8 0 0 0 0 0 0 0 0 0 0 0 
266 8 0 0 0 0 0 0 0 0 0 0 0 
267 8 0 0 0 0 0 0 0 0 0 0 0 
268 8 0 0 0 0 0 0 0 0 0 0 0 
269 8 0 0 0 0 0 0 0 0 0 0 0 
270 8 0 0 0 0 0 0 0 0 0 0 0 
271 8 0 0 0 0 0 0 0 0 0 0 0 
272 8 0 0 0 0 0 0 0 0 0 0 0 
273 8 0 0 0 0 0 0 0 0 0 0 0 
274 8 0 0 0 0 0 0 0 0 0 0 0 
275 8 0 0 0 0 0 0 0 0 0 0 0 
276 8 0 0 0 0 0 0 0 0 0 0 0 
277 8 0 0 0 0 0 0 0 0 0 0 0 
278 8 0 0 0 0 0 0 0 0 0 0 0 
279 8 0 0 0 0 0 0 0 0 0 0 0 
280 8 0 0 0 0 0 0 0 0 0 0 0 
281 8 0 0 0 0 0 0 0 0 0 0 0 
282 8 0 0 0 0 0 0 0 0 0 0 0 
283 8 0 0 0 0 0 0 0 0 0 0 0 
284 8 0 0 0 0 0 0 0 0 0 0 0 
285 8 -1 0 4 12 3 35 25 2 3 32 -607 
286 8 6 0 0 0 0 0 0 0 0 0 0 
287 8 -1 13 6 15 12 46 22 1 25 32 -3632 
288 8 -1 2 3 10 6 19 20 27 14 32 -29304 
289 8 -1 21 20 19 16 46 37 1 3 32 26621 
290 8 -1 12 14 21 17 39 46 1 1 32 34092 
291 8 0 0 0 0 0 0 0 0 0 0 0 
292 8 0 0 0 0 0 0 0 0 0 0 0 
293 8 0 0 0 0 0 0 0 0 0 0 0 
294 8 0 0 0 0 0 0 0 0 0 0 0 
295 8 0 0 0 0 0 0 0 0 0 0 0 
296 8 0 0 0 0 0 0 0 0 0 0 0 
297 8 22 0 0 0 0 0 0 0 0 0 0 
298 8 23 0 0 0 0 0 0 0 0 0 0 
299 8 0 0 0 0 0 0 0 0 0 0 0 
300 8 0 0 0 0 0 0 0 0 0 0 0 
301 8 -1 6 6 7 14 31 26 9 13 32 -1028 
302 8 -1 11 13 18 2 35 43 2 4 32 2799 
303 8 0 0 0 0 0 0 0 0 0 0 0 
304 8 0 0 0 0 0 0 0 0 0 0 0 
305 8 0 0 0 0 0 0 0 0 0 0 0 
306 8 0 0 0 0 0 0 0 0 0 0 0 
307 8 0 0 0 0 0 0 0 0 0 0 0 
308 8 0 0 0 0 0 0 0 0 0 0 0 
309 8 0 0 0 0 0 0 0 0 0 0 0 
310 8 0 0 0 0 0 0 0 0 0 0 0 
311 8 -1 12 4 4 17 30 27 10 16 32 -6355 
312 8 35 0 0 0 0 0 0 0 0 0 0 
313 8 -1 2 1 5 0 43 21 3 5 32 -977 
314 8 38 0 0 0 0 0 0 0 0 0 0 
315 8 0 0 0 0 0 0 0 0 0 0 0 
316 8 0 0 0 0 0 0 0 0 0 0 0 
317 8 0 0 0 0 0 0 0 0 0 0 0 
318 8 0 0 0 0 0 0 0 0 0 0 0 
319 8 0 0 0 0 0 0 0 0 0 0 0 
320 8 0 0 0 0 0 0 0 0 0 0 0 
321 8 0 0 0 0 0 0 0 0 0 0 0 
322 8 0 0 0 0 0 0 0 0 0 0 0 
323 8 0 0 0 0 0 0 0 0 0 0 0 
324 8 0 0 0 0 0 0 0 0 0 0 0 
325 8 0 0 0 0 0 0 0 0 0 0 0 
326 8 0 0 0 0 0 0 0 0 0 0 0 
327 8 0 0 0 0 0 0 0 0 0 0 0 
328 8 0 0 0 0 0 0 0 0 0 0 0 
329 8 0 0 0 0 0 0 0 0 0 0 0 
330 8 0 0 0 0 0 0 0 0 0 0 0 
331 8 0 0 0 0 0 0 0 0 0 0 0 
332 8 0 0 0 0 0 0 0 0 0 0 0 
333 8 0 0 0 0 0 0 0 0 0 0 0 
334 8 0 0 0 0 0 0 0 0 0 0 0 
335 8 0 0 0 0 0 0 0 0 0 0 0 
336 8 0 0 0 0 0 0 0 0 0 0 0 
337 8 0 0 0 0 0 0 0 0 0 0 0 
338 8 0 0 0 0 0 0 0 0 0 0 0 
339 8 0 0 0 0 0 0 0 0 0 0 0 
340 8 0 0 0 0 0 0 0 0 0 0 0 
341 8 0 0 0 0 0 0 0 0 0 0 0 
342 8 0 0 0 0 0 0 0 0 0 0 0 
343 8 0 0 0 0 0 0 0 0 0 0 0 
344 8 0 0 0 0 0 0 0 0 0 0 0 
345 8 0 0 0 0 0 0 0 0 0 0 0 
346 8 0 0 0 0 0 0 0 0 0 0 0 
347 8 0 0 0 0 0 0 0 0 0 0 0 
348 8 0 0 0 0 0 0 0 0 0 0 0 
349 8 0 0 0 0 0 0 0 0 0 0 0 
350 8 0 0 0 0 0 0 0 0 0 0 0 
351 8 0 0 0 0 0 0 0 0 0 0 0 
352 8 0 0 0 0 0 0 0 0 0 0 0 
353 8 0 0 0 0 0 0 0 0 0 0 0 
354 8 0 0 0 0 0 0 0 0 0 0 0 
355 8 0 0 0 0 0 0 0 0 0 0 0 
356 8 0 0 0 0 0 0 0 0 0 0 0 
357 8 0 0 0 0 0 0 0 0 0 0 0 
358 8 0 0 0 0 0 0 0 0 0 0 0 
359 8 0 0 0 0 0 0 0 0 0 0 0 
360 8 0 0 0 0 0 0 0 0 0 0 0 
361 8 0 0 0 0 0 0 0 0 0 0 0 
362 8 0 0 0 0 0 0 0 0 0 0 0 
363 8 0 0 0 0 0 0 0 0 0 0 0 
364 8 0 0 0 0 0 0 0 0 0 0 0 
365 8 0 0 0 0 0 0 0 0 0 0 0 
366 8 0 0 0 0 0 0 0 0 0 0 0 
367 8 0 0 0 0 0 0 0 0 0 0 0 
368 8 0 0 0 0 0 0 0 0 0 0 0 
369 8 0 0 0 0 0 0 0 0 0 0 0 
370 8 0 0 0 0 0 0 0 0 0 0 0 
371 8 0 0 0 0 0 0 0 0 0 0 0 
372 8 0 0 0 0 0 0 0 0 0 0 0 
373 8 0 0 0 0 0 0 0 0 0 0 0 
374 8 0 0 0 0 0 0 0 0 0 0 0 
375 8 0 0 0 0 0 0 0 0 0 0 0 
376 8 0 0 0 0 0 0 0 0 0 0 0 
377 8 0 0 0 0 0 0 0 0 0 0 0 
378 8 0 0 0 0 0 0 0 0 0 0 0 
379 8 0 0 0 0 0 0 0 0 0 0 0 
380 8 0 0 0 0 0 0 0 0 0 0 0 
381 8 0 0 0 0 0 0 0 0 0 0 0 
382 8 0 0 0 0 0 0 0 0 0 0 0 
383 8 0 0 0 0 0 0 0 0 0 0 0 
384 8 0 0 0 0 0 0 0 0 0 0 0 
385 8 0 0 0 0 0 0 0 0 0 0 0 
386 8 0 0 0 0 0 0 0 0 0 0 0 
387 8 0 0 0 0 0 0 0 0 0 0 0 
388 8 0 0 0 0 0 0 0 0 0 0 0 
389 8 0 0 0 0 0 0 0 0 0 0 0 
390 8 0 0 0 0 0 0 0 0 0 0 0 
391 8 0 0 0 0 0 0 0 0 0 0 0 
392 8 0 0 0 0 0 0 0 0 0 0 0 
393 8 0 0 0 0 0 0 0 0 0 0 0 
394 8 0 0 0 0 0 0 0 0 0 0 0 
395 8 0 0 0 0 0 0 0 0 0 0 0 
396 8 0 0 0 0 0 0 0 0 0 0 0 
397 8 0 0 0 0 0 0 0 0 0 0 0 
398 8 0 0 0 0 0 0 0 0 0 0 0 
399 8 0 0 0 0 0 0 0 0 0 0 0 
400 8 0 0 0 0 0 0 0 0 0 0 0 
401 8 0 0 0 0 0 0 0 0 0 0 0 
402 8 0 0 0 0 0 0 0 0 0 0 0 
403 8 0 0 0 0 0 0 0 0 0 0 0 
404 8 0 0 0 0 0 0 0 0 0 0 0 
405 8 0 0 0 0 0 0 0 0 0 0 0 
406 8 0 0 0 0 0 0 0 0 0 0 0 
407 8 0 0 0 0 0 0 0 0 0 0 0 
408 8 0 0 0 0 0 0 0 0 0 0 0 
409 8 0 0 0 0 0 0 0 0 0 0 0 
410 8 0 0 0 0 0 0 0 0 0 0 0 
411 8 0 0 0 0 0 0 0 0 0 0 0 
412 8 0 0 0 0 0 0 0 0 0 0 0 
413 8 0 0 0 0 0 0 0 0 0 0 0 
414 8 0 0 0 0 0 0 0 0 0 0 0 
415 8 52 0 0 0 0 0 0 0 0 0 0 
416 8 -1 18 36 0 0 46 16 0 0 16 24 
417 8 0 0 0 0 0 0 0 0 0 0 0 
418 8 0 0 0 0 0 0 0 0 0 0 0 
419 8 0 0 0 0 0 0 0 0 0 0 0 
420 8 0 0 0 0 0 0 0 0 0 0 0 
421 8 -1 2 19 6 6 44 40 1 4 32 321 
422 8 62 0 0 0 0 0 0 0 0 0 0 
423 8 0 0 0 0 0 0 0 0 0 0 0 
424 8 0 0 0 0 0 0 0 0 0 0 0 
425 8 0 0 0 0 0 0 0 0 0 0 0 
426 8 0 0 0 0 0 0 0 0 0 0 0 
427 8 0 0 0 0 0 0 0 0 0 0 0 
428 8 0 0 0 0 0 0 0 0 0 0 0 
429 8 0 0 0 0 0 0 0 0 0 0 0 
430 8 0 0 0 0 0 0 0 0 0 0 0 
431 8 64 0 0 0 0 0 0 0 0 0 0 
432 8 -1 38 46 0 0 25 1 0 0 4 38 
433 8 68 0 0 0 0 0 0 0 0 0 0 
434 8 69 0 0 0 0 0 0 0 0 0 0 
435 8 -1 13 9 12 0 46 30 1 17 32 -242 
436 8 -1 27 34 0 0 41 1 0 0 3 47 
437 8 -1 22 15 0 0 33 18 0 0 16 43 
438 8 -1 12 21 16 20 44 41 1 2 32 4107 
439 8 0 0 0 0 0 0 0 0 0 0 0 
440 8 0 0 0 0 0 0 0 0 0 0 0 
441 8 0 0 0 0 0 0 0 0 0 0 0 
442 8 0 0 0 0 0 0 0 0 0 0 0 
443 8 0 0 0 0 0 0 0 0 0 0 0 
444 8 0 0 0 0 0 0 0 0 0 0 0 
445 8 0 0 0 0 0 0 0 0 0 0 0 
446 8 0 0 0 0 0 0 0 0 0 0 0 
447 8 -1 12 3 18 9 38 12 9 13 32 -3060 
448 8 87 0 0 0 0 0 0 0 0 0 0 
449 8 88 0 0 0 0 0 0 0 0 0 0 
450 8 89 0 0 0 0 0 0 0 0 0 0 
451 8 0 0 0 0 0 0 0 0 0 0 0 
452 8 0 0 0 0 0 0 0 0 0 0 0 
453 8 0 0 0 0 0 0 0 0 0 0 0 
454 8 0 0 0 0 0 0 0 0 0 0 0 
455 8 0 0 0 0 0 0 0 0 0 0 0 
456 8 0 0 0 0 0 0 0 0 0 0 0 
457 8 0 0 0 0 0 0 0 0 0 0 0 
458 8 0 0 0 0 0 0 0 0 0 0 0 
459 8 0 0 0 0 0 0 0 0 0 0 0 
460 8 0 0 0 0 0 0 0 0 0 0 0 
461 8 0 0 0 0 0 0 0 0 0 0 0 
462 8 0 0 0 0 0 0 0 0 0 0 0 
463 8 0 0 0 0 0 0 0 0 0 0 0 
464 8 0 0 0 0 0 0 0 0 0 0 0 
465 8 0 0 0 0 0 0 0 0 0 0 0 
466 8 0 0 0 0 0 0 0 0 0 0 0 
467 8 0 0 0 0 0 0 0 0 0 0 0 
468 8 0 0 0 0 0 0 0 0 0 0 0 
469 8 0 0 0 0 0 0 0 0 0 0 0 
470 8 0 0 0 0 0 0 0 0 0 0 0 
471 8 0 0 0 0 0 0 0 0 0 0 0 
472 8 0 0 0 0 0 0 0 0 0 0 0 
473 8 0 0 0 0 0 0 0 0 0 0 0 
474 8 0 0 0 0 0 0 0 0 0 0 0 
475 8 0 0 0 0 0 0 0 0 0 0 0 
476 8 0 0 0 0 0 0 0 0 0 0 0 
477 8 0 0 0 0 0 0 0 0 0 0 0 
478 8 0 0 0 0 0 0 0 0 0 0 0 
479 8 95 0 0 0 0 0 0 0 0 0 0 
480 8 -1 12 3 4 9 42 46 5 1 32 808 
481 8 -1 21 5 18 1 42 21 4 20 32 -2358 
482 8 -1 7 19 7 2 18 46 19 1 32 43 
483 8 0 0 0 0 0 0 0 0 0 0 0 
484 8 0 0 0 0 0 0 0 0 0 0 0 
485 8 107 0 0 0 0 0 0 0 0 0 0 
486 8 108 0 0 0 0 0 0 0 0 0 0 
487 8 0 0 0 0 0 0 0 0 0 0 0 
488 8 0 0 0 0 0 0 0 0 0 0 0 
489 8 0 0 0 0 0 0 0 0 0 0 0 
490 8 0 0 0 0 0 0 0 0 0 0 0 
491 8 0 0 0 0 0 0 0 0 0 0 0 
492 8 0 0 0 0 0 0 0 0 0 0 0 
493 8 0 0 0 0 0 0 0 0 0 0 0 
494 8 0 0 0 0 0 0 0 0 0 0 0 
495 8 0 0 0 0 0 0 0 0 0 0 0 
496 8 0 0 0 0 0 0 0 0 0 0 0 
497 8 0 0 0 0 0 0 0 0 0 0 0 
498 8 0 0 0 0 0 0 0 0 0 0 0 
499 8 0 0 0 0 0 0 0 0 0 0 0 
500 8 0 0 0 0 0 0 0 0 0 0 0 
501 8 0 0 0 0 0 0 0 0 0 0 0 
502 8 0 0 0 0 0 0 0 0 0 0 0 
503 8 115 0 0 0 0 0 0 0 0 0 0 
504 8 -1 36 18 0 0 5 10 0 0 9 -24 
505 8 0 0 0 0 0 0 0 0 0 0 0 
506 8 0 0 0 0 0 0 0 0 0 0 0 
507 8 0 0 0 0 0 0 0 0 0 0 0 
508 8 0 0 0 0 0 0 0 0 0 0 0 
509 8 0 0 0 0 0 0 0 0 0 0 0 
510 8 0 0 0 0 0 0 0 0 0 0 0 
511 9 0 0 0 0 0 0 0 0 0 0 0 
512 9 0 0 0 0 0 0 0 0 0 0 0 
513 9 0 0 0 0 0 0 0 0 0 0 0 
514 9 0 0 0 0 0 0 0 0 0 0 0 
515 9 0 0 0 0 0 0 0 0 0 0 0 
516 9 0 0 0 0 0 0 0 0 0 0 0 
517 9 0 0 0 0 0 0 0 0 0 0 0 
518 9 0 0 0 0 0 0 0 0 0 0 0 
519 9 0 0 0 0 0 0 0 0 0 0 0 
520 9 0 0 0 0 0 0 0 0 0 0 0 
521 9 0 0 0 0 0 0 0 0 0 0 0 
522 9 0 0 0 0 0 0 0 0 0 0 0 
523 9 0 0 0 0 0 0 0 0 0 0 0 
524 9 0 0 0 0 0 0 0 0 0 0 0 
525 9 0 0 0 0 0 0 0 0 0 0 0 
526 9 0 0 0 0 0 0 0 0 0 0 0 
527 9 0 0 0 0 0 0 0 0 0 0 0 
528 9 0 0 0 0 0 0 0 0 0 0 0 
529 9 0 0 0 0 0 0 0 0 0 0 0 
530 9 0 0 0 0 0 0 0 0 0 0 0 
531 9 0 0 0 0 0 0 0 0 0 0 0 
532 9 0 0 0 0 0 0 0 0 0 0 0 
533 9 0 0 0 0 0 0 0 0 0 0 0 
534 9 0 0 0 0 0 0 0 0 0 0 0 
535 9 0 0 0 0 0 0 0 0 0 0 0 
536 9 0 0 0 0 0 0 0 0 0 0 0 
537 9 0 0 0 0 0 0 0 0 0 0 0 
538 9 0 0 0 0 0 0 0 0 0 0 0 
539 9 0 0 0 0 0 0 0 0 0 0 0 
540 9 0 0 0 0 0 0 0 0 0 0 0 
541 9 0 0 0 0 0 0 0 0 0 0 0 
542 9 0 0 0 0 0 0 0 0 0 0 0 
543 9 0 0 0 0 0 0 0 0 0 0 0 
544 9 0 0 0 0 0 0 0 0 0 0 0 
545 9 0 0 0 0 0 0 0 0 0 0 0 
546 9 0 0 0 0 0 0 0 0 0 0 0 
547 9 0 0 0 0 0 0 0 0 0 0 0 
548 9 0 0 0 0 0 0 0 0 0 0 0 
549 9 0 0 0 0 0 0 0 0 0 0 0 
550 9 0 0 0 0 0 0 0 0 0 0 0 
551 9 0 0 0 0 0 0 0 0 0 0 0 
552 9 0 0 0 0 0 0 0 0 0 0 0 
553 9 0 0 0 0 0 0 0 0 0 0 0 
554 9 0 0 0 0 0 0 0 0 0 0 0 
555 9 0 0 0 0 0 0 0 0 0 0 0 
556 9 0 0 0 0 0 0 0 0 0 0 0 
557 9 0 0 0 0 0 0 0 0 0 0 0 
558 9 0 0 0 0 0 0 0 0 0 0 0 
559 9 0 0 0 0 0 0 0 0 0 0 0 
560 9 0 0 0 0 0 0 0 0 0 0 0 
561 9 0 0 0 0 0 0 0 0 0 0 0 
562 9 0 0 0 0 0 0 0 0 0 0 0 
563 9 0 0 0 0 0 0 0 0 0 0 0 
564 9 0 0 0 0 0 0 0 0 0 0 0 
565 9 0 0 0 0 0 0 0 0 0 0 0 
566 9 0 0 0 0 0 0 0 0 0 0 0 
567 9 0 0 0 0 0 0 0 0 0 0 0 
568 9 0 0 0 0 0 0 0 0 0 0 0 
569 9 0 0 0 0 0 0 0 0 0 0 0 
570 9 0 0 0 0 0 0 0 0 0 0 0 
571 9 4 0 0 0 0 0 0 0 0 0 0 
572 9 5 0 0 0 0 0 0 0 0 0 0 
573 9 0 0 0 0 0 0 0 0 0 0 0 
574 9 0 0 0 0 0 0 0 0 0 0 0 
575 9 -1 9 32 0 0 14 0 0 0 10 9 
576 9 -1 2 39 0 0 33 13 0 0 1 17 
577 9 11 0 0 0 0 0 0 0 0 0 0 
578 9 -1 9 17 4 22 32 45 11 2 32 6613 
579 9 14 0 0 0 0 0 0 0 0 0 0 
580 9 15 0 0 0 0 0 0 0 0 0 0 
581 9 -1 14 16 0 0 11 37 0 0 6 6 
582 9 -1 20 13 22 7 44 40 2 2 32 14079 
583 9 0 0 0 0 0 0 0 0 0 0 0 
584 9 0 0 0 0 0 0 0 0 0 0 0 
585 9 0 0 0 0 0 0 0 0 0 0 0 
586 9 0 0 0 0 0 0 0 0 0 0 0 
587 9 0 0 0 0 0 0 0 0 0 0 0 
588 9 0 0 0 0 0 0 0 0 0 0 0 
589 9 0 0 0 0 0 0 0 0 0 0 0 
590 9 0 0 0 0 0 0 0 0 0 0 0 
591 9 0 0 0 0 0 0 0 0 0 0 0 
592 9 0 0 0 0 0 0 0 0 0 0 0 
593 9 0 0 0 0 0 0 0 0 0 0 0 
594 9 0 0 0 0 0 0 0 0 0 0 0 
595 9 0 0 0 0 0 0 0 0 0 0 0 
596 9 0 0 0 0 0 0 0 0 0 0 0 
597 9 0 0 0 0 0 0 0 0 0 0 0 
598 9 0 0 0 0 0 0 0 0 0 0 0 
599 9 0 0 0 0 0 0 0 0 0 0 0 
600 9 0 0 0 0 0 0 0 0 0 0 0 
601 9 0 0 0 0 0 0 0 0 0 0 0 
602 9 0 0 0 0 0 0 0 0 0 0 0 
603 9 -1 19 16 6 0 37 17 2 27 32 -5016 
604 9 27 0 0 0 0 0 0 0 0 0 0 
605 9 -1 3 39 0 0 32 25 0 0 17 -5 
606 9 30 0 0 0 0 0 0 0 0 0 0 
607 9 0 0 0 0 0 0 0 0 0 0 0 
608 9 0 0 0 0 0 0 0 0 0 0 0 
609 9 0 0 0 0 0 0 0 0 0 0 0 
610 9 0 0 0 0 0 0 0 0 0 0 0 
611 9 0 0 0 0 0 0 0 0 0 0 0 
612 9 0 0 0 0 0 0 0 0 0 0 0 
613 9 0 0 0 0 0 0 0 0 0 0 0 
614 9 0 0 0 0 0 0 0 0 0 0 0 
615 9 0 0 0 0 0 0 0 0 0 0 0 
616 9 0 0 0 0 0 0 0 0 0 0 0 
617 9 0 0 0 0 0 0 0 0 0 0 0 
618 9 0 0 0 0 0 0 0 0 0 0 0 
619 9 0 0 0 0 0 0 0 0 0 0 0 
620 9 0 0 0 0 0 0 0 0 0 0 0 
621 9 0 0 0 0 0 0 0 0 0 0 0 
622 9 0 0 0 0 0 0 0 0 0 0 0 
623 9 -1 6 15 0 3 37 24 6 21 32 -11552 
624 9 34 0 0 0 0 0 0 0 0 0 0 
625 9 0 0 0 0 0 0 0 0 0 0 0 
626 9 0 0 0 0 0 0 0 0 0 0 0 
627 9 36 0 0 0 0 0 0 0 0 0 0 
628 9 37 0 0 0 0 0 0 0 0 0 0 
629 9 0 0 0 0 0 0 0 0 0 0 0 
630 9 0 0 0 0 0 0 0 0 0 0 0 
631 9 0 0 0 0 0 0 0 0 0 0 0 
632 9 0 0 0 0 0 0 0 0 0 0 0 
633 9 0 0 0 0 0 0 0 0 0 0 0 
634 9 0 0 0 0 0 0 0 0 0 0 0 
635 9 0 0 0 0 0 0 0 0 0 0 0 
636 9 0 0 0 0 0 0 0 0 0 0 0 
637 9 0 0 0 0 0 0 0 0 0 0 0 
638 9 0 0 0 0 0 0 0 0 0 0 0 
639 9 0 0 0 0 0 0 0 0 0 0 0 
640 9 0 0 0 0 0 0 0 0 0 0 0 
641 9 0 0 0 0 0 0 0 0 0 0 0 
642 9 0 0 0 0 0 0 0 0 0 0 0 
643 9 0 0 0 0 0 0 0 0 0 0 0 
644 9 0 0 0 0 0 0 0 0 0 0 0 
645 9 0 0 0 0 0 0 0 0 0 0 0 
646 9 0 0 0 0 0 0 0 0 0 0 0 
647 9 0 0 0 0 0 0 0 0 0 0 0 
648 9 0 0 0 0 0 0 0 0 0 0 0 
649 9 0 0 0 0 0 0 0 0 0 0 0 
650 9 0 0 0 0 0 0 0 0 0 0 0 
651 9 0 0 0 0 0 0 0 0 0 0 0 
652 9 0 0 0 0 0 0 0 0 0 0 0 
653 9 0 0 0 0 0 0 0 0 0 0 0 
654 9 0 0 0 0 0 0 0 0 0 0 0 
655 9 0 0 0 0 0 0 0 0 0 0 0 
656 9 0 0 0 0 0 0 0 0 0 0 0 
657 9 0 0 0 0 0 0 0 0 0 0 0 
658 9 0 0 0 0 0 0 0 0 0 0 0 
659 9 0 0 0 0 0 0 0 0 0 0 0 
660 9 0 0 0 0 0 0 0 0 0 0 0 
661 9 0 0 0 0 0 0 0 0 0 0 0 
662 9 0 0 0 0 0 0 0 0 0 0 0 
663 9 0 0 0 0 0 0 0 0 0 0 0 
664 9 0 0 0 0 0 0 0 0 0 0 0 
665 9 0 0 0 0 0 0 0 0 0 0 0 
666 9 0 0 0 0 0 0 0 0 0 0 0 
667 9 0 0 0 0 0 0 0 0 0 0 0 
668 9 0 0 0 0 0 0 0 0 0 0 0 
669 9 0 0 0 0 0 0 0 0 0 0 0 
670 9 0 0 0 0 0 0 0 0 0 0 0 
671 9 0 0 0 0 0 0 0 0 0 0 0 
672 9 0 0 0 0 0 0 0 0 0 0 0 
673 9 0 0 0 0 0 0 0 0 0 0 0 
674 9 0 0 0 0 0 0 0 0 0 0 0 
675 9 0 0 0 0 0 0 0 0 0 0 0 
676 9 0 0 0 0 0 0 0 0 0 0 0 
677 9 0 0 0 0 0 0 0 0 0 0 0 
678 9 0 0 0 0 0 0 0 0 0 0 0 
679 9 0 0 0 0 0 0 0 0 0 0 0 
680 9 0 0 0 0 0 0 0 0 0 0 0 
681 9 0 0 0 0 0 0 0 0 0 0 0 
682 9 0 0 0 0 0 0 0 0 0 0 0 
683 9 0 0 0 0 0 0 0 0 0 0 0 
684 9 0 0 0 0 0 0 0 0 0 0 0 
685 9 0 0 0 0 0 0 0 0 0 0 0 
686 9 0 0 0 0 0 0 0 0 0 0 0 
687 9 0 0 0 0 0 0 0 0 0 0 0 
688 9 0 0 0 0 0 0 0 0 0 0 0 
689 9 0 0 0 0 0 0 0 0 0 0 0 
690 9 0 0 0 0 0 0 0 0 0 0 0 
691 9 0 0 0 0 0 0 0 0 0 0 0 
692 9 0 0 0 0 0 0 0 0 0 0 0 
693 9 0 0 0 0 0 0 0 0 0 0 0 
694 9 0 0 0 0 0 0 0 0 0 0 0 
695 9 0 0 0 0 0 0 0 0 0 0 0 
696 9 0 0 0 0 0 0 0 0 0 0 0 
697 9 0 0 0 0 0 0 0 0 0 0 0 
698 9 0 0 0 0 0 0 0 0 0 0 0 
699 9 0 0 0 0 0 0 0 0 0 0 0 
700 9 0 0 0 0 0 0 0 0 0 0 0 
701 9 0 0 0 0 0 0 0 0 0 0 0 
702 9 0 0 0 0 0 0 0 0 0 0 0 
703 9 0 0 0 0 0 0 0 0 0 0 0 
704 9 0 0 0 0 0 0 0 0 0 0 0 
705 9 0 0 0 0 0 0 0 0 0 0 0 
706 9 0 0 0 0 0 0 0 0 0 0 0 
707 9 0 0 0 0 0 0 0 0 0 0 0 
708 9 0 0 0 0 0 0 0 0 0 0 0 
709 9 0 0 0 0 0 0 0 0 0 0 0 
710 9 0 0 0 0 0 0 0 0 0 0 0 
711 9 0 0 0 0 0 0 0 0 0 0 0 
712 9 0 0 0 0 0 0 0 0 0 0 0 
713 9 0 0 0 0 0 0 0 0 0 0 0 
714 9 0 0 0 0 0 0 0 0 0 0 0 
715 9 0 0 0 0 0 0 0 0 0 0 0 
716 9 0 0 0 0 0 0 0 0 0 0 0 
717 9 0 0 0 0 0 0 0 0 0 0 0 
718 9 0 0 0 0 0 0 0 0 0 0 0 
719 9 0 0 0 0 0 0 0 0 0 0 0 
720 9 0 0 0 0 0 0 0 0 0 0 0 
721 9 0 0 0 0 0 0 0 0 0 0 0 
722 9 0 0 0 0 0 0 0 0 0 0 0 
723 9 0 0 0 0 0 0 0 0 0 0 0 
724 9 0 0 0 0 0 0 0 0 0 0 0 
725 9 0 0 0 0 0 0 0 0 0 0 0 
726 9 0 0 0 0 0 0 0 0 0 0 0 
727 9 0 0 0 0 0 0 0 0 0 0 0 
728 9 0 0 0 0 0 0 0 0 0 0 0 
729 9 0 0 0 0 0 0 0 0 0 0 0 
730 9 0 0 0 0 0 0 0 0 0 0 0 
731 9 0 0 0 0 0 0 0 0 0 0 0 
732 9 0 0 0 0 0 0 0 0 0 0 0 
733 9 0 0 0 0 0 0 0 0 0 0 0 
734 9 0 0 0 0 0 0 0 0 0 0 0 
735 9 0 0 0 0 0 0 0 0 0 0 0 
736 9 0 0 0 0 0 0 0 0 0 0 0 
737 9 0 0 0 0 0 0 0 0 0 0 0 
738 9 0 0 0 0 0 0 0 0 0 0 0 
739 9 0 0 0 0 0 0 0 0 0 0 0 
740 9 0 0 0 0 0 0 0 0 0 0 0 
741 9 0 0 0 0 0 0 0 0 0 0 0 
742 9 0 0 0 0 0 0 0 0 0 0 0 
743 9 0 0 0 0 0 0 0 0 0 0 0 
744 9 0 0 0 0 0 0 0 0 0 0 0 
745 9 0 0 0 0 0 0 0 0 0 0 0 
746 9 0 0 0 0 0 0 0 0 0 0 0 
747 9 0 0 0 0 0 0 0 0 0 0 0 
748 9 0 0 0 0 0 0 0 0 0 0 0 
749 9 0 0 0 0 0 0 0 0 0 0 0 
750 9 0 0 0 0 0 0 0 0 0 0 0 
751 9 0 0 0 0 0 0 0 0 0 0 0 
752 9 0 0 0 0 0 0 0 0 0 0 0 
753 9 0 0 0 0 0 0 0 0 0 0 0 
754 9 0 0 0 0 0 0 0 0 0 0 0 
755 9 0 0 0 0 0 0 0 0 0 0 0 
756 9 0 0 0 0 0 0 0 0 0 0 0 
757 9 0 0 0 0 0 0 0 0 0 0 0 
758 9 0 0 0 0 0 0 0 0 0 0 0 
759 9 0 0 0 0 0 0 0 0 0 0 0 
760 9 0 0 0 0 0 0 0 0 0 0 0 
761 9 0 0 0 0 0 0 0 0 0 0 0 
762 9 0 0 0 0 0 0 0 0 0 0 0 
763 9 0 0 0 0 0 0 0 0 0 0 0 
764 9 0 0 0 0 0 0 0 0 0 0 0 
765 9 0 0 0 0 0 0 0 0 0 0 0 
766 9 0 0 0 0 0 0 0 0 0 0 0 
767 9 0 0 0 0 0 0 0 0 0 0 0 
768 9 0 0 0 0 0 0 0 0 0 0 0 
769 9 0 0 0 0 0 0 0 0 0 0 0 
770 9 0 0 0 0 0 0 0 0 0 0 0 
771 9 0 0 0 0 0 0 0 0 0 0 0 
772 9 0 0 0 0 0 0 0 0 0 0 0 
773 9 0 0 0 0 0 0 0 0 0 0 0 
774 9 0 0 0 0 0 0 0 0 0 0 0 
775 9 0 0 0 0 0 0 0 0 0 0 0 
776 9 0 0 0 0 0 0 0 0 0 0 0 
777 9 0 0 0 0 0 0 0 0 0 0 0 
778 9 0 0 0 0 0 0 0 0 0 0 0 
779 9 0 0 0 0 0 0 0 0 0 0 0 
780 9 0 0 0 0 0 0 0 0 0 0 0 
781 9 0 0 0 0 0 0 0 0 0 0 0 
782 9 0 0 0 0 0 0 0 0 0 0 0 
783 9 0 0 0 0 0 0 0 0 0 0 0 
784 9 0 0 0 0 0 0 0 0 0 0 0 
785 9 0 0 0 0 0 0 0 0 0 0 0 
786 9 0 0 0 0 0 0 0 0 0 0 0 
787 9 0 0 0 0 0 0 0 0 0 0 0 
788 9 0 0 0 0 0 0 0 0 0 0 0 
789 9 0 0 0 0 0 0 0 0 0 0 0 
790 9 0 0 0 0 0 0 0 0 0 0 0 
791 9 0 0 0 0 0 0 0 0 0 0 0 
792 9 0 0 0 0 0 0 0 0 0 0 0 
793 9 0 0 0 0 0 0 0 0 0 0 0 
794 9 0 0 0 0 0 0 0 0 0 0 0 
795 9 0 0 0 0 0 0 0 0 0 0 0 
796 9 0 0 0 0 0 0 0 0 0 0 0 
797 9 0 0 0 0 0 0 0 0 0 0 0 
798 9 0 0 0 0 0 0 0 0 0 0 0 
799 9 0 0 0 0 0 0 0 0 0 0 0 
800 9 0 0 0 0 0 0 0 0 0 0 0 
801 9 0 0 0 0 0 0 0 0 0 0 0 
802 9 0 0 0 0 0 0 0 0 0 0 0 
803 9 0 0 0 0 0 0 0 0 0 0 0 
804 9 0 0 0 0 0 0 0 0 0 0 0 
805 9 0 0 0 0 0 0 0 0 0 0 0 
806 9 0 0 0 0 0 0 0 0 0 0 0 
807 9 0 0 0 0 0 0 0 0 0 0 0 
808 9 0 0 0 0 0 0 0 0 0 0 0 
809 9 0 0 0 0 0 0 0 0 0 0 0 
810 9 0 0 0 0 0 0 0 0 0 0 0 
811 9 0 0 0 0 0 0 0 0 0 0 0 
812 9 0 0 0 0 0 0 0 0 0 0 0 
813 9 0 0 0 0 0 0 0 0 0 0 0 
814 9 0 0 0 0 0 0 0 0 0 0 0 
815 9 0 0 0 0 0 0 0 0 0 0 0 
816 9 0 0 0 0 0 0 0 0 0 0 0 
817 9 0 0 0 0 0 0 0 0 0 0 0 
818 9 0 0 0 0 0 0 0 0 0 0 0 
819 9 0 0 0 0 0 0 0 0 0 0 0 
820 9 0 0 0 0 0 0 0 0 0 0 0 
821 9 0 0 0 0 0 0 0 0 0 0 0 
822 9 0 0 0 0 0 0 0 0 0 0 0 
823 9 0 0 0 0 0 0 0 0 0 0 0 
824 9 0 0 0 0 0 0 0 0 0 0 0 
825 9 0 0 0 0 0 0 0 0 0 0 0 
826 9 0 0 0 0 0 0 0 0 0 0 0 
827 9 0 0 0 0 0 0 0 0 0 0 0 
828 9 0 0 0 0 0 0 0 0 0 0 0 
829 9 0 0 0 0 0 0 0 0 0 0 0 
830 9 0 0 0 0 0 0 0 0 0 0 0 
831 9 0 0 0 0 0 0 0 0 0 0 0 
832 9 0 0 0 0 0 0 0 0 0 0 0 
833 9 -1 30 45 0 0 0 0 0 0 14 123 
834 9 -1 30 23 0 0 8 39 0 0 17 -14 
835 9 0 0 0 0 0 0 0 0 0 0 0 
836 9 0 0 0 0 0 0 0 0 0 0 0 
837 9 0 0 0 0 0 0 0 0 0 0 0 
838 9 0 0 0 0 0 0 0 0 0 0 0 
839 9 0 0 0 0 0 0 0 0 0 0 0 
840 9 0 0 0 0 0 0 0 0 0 0 0 
841 9 0 0 0 0 0 0 0 0 0 0 0 
842 9 0 0 0 0 0 0 0 0 0 0 0 
843 9 -1 2 19 2 1 40 41 4 2 32 -254 
844 9 61 0 0 0 0 0 0 0 0 0 0 
845 9 0 0 0 0 0 0 0 0 0 0 0 
846 9 0 0 0 0 0 0 0 0 0 0 0 
847 9 0 0 0 0 0 0 0 0 0 0 0 
848 9 0 0 0 0 0 0 0 0 0 0 0 
849 9 0 0 0 0 0 0 0 0 0 0 0 
850 9 0 0 0 0 0 0 0 0 0 0 0 
851 9 0 0 0 0 0 0 0 0 0 0 0 
852 9 0 0 0 0 0 0 0 0 0 0 0 
853 9 0 0 0 0 0 0 0 0 0 0 0 
854 9 0 0 0 0 0 0 0 0 0 0 0 
855 9 0 0 0 0 0 0 0 0 0 0 0 
856 9 0 0 0 0 0 0 0 0 0 0 0 
857 9 0 0 0 0 0 0 0 0 0 0 0 
858 9 0 0 0 0 0 0 0 0 0 0 0 
859 9 0 0 0 0 0 0 0 0 0 0 0 
860 9 0 0 0 0 0 0 0 0 0 0 0 
861 9 0 0 0 0 0 0 0 0 0 0 0 
862 9 0 0 0 0 0 0 0 0 0 0 0 
863 9 0 0 0 0 0 0 0 0 0 0 0 
864 9 0 0 0 0 0 0 0 0 0 0 0 
865 9 -1 19 3 0 0 3 31 0 0 0 10 
866 9 67 0 0 0 0 0 0 0 0 0 0 
867 9 0 0 0 0 0 0 0 0 0 0 0 
868 9 0 0 0 0 0 0 0 0 0 0 0 
869 9 0 0 0 0 0 0 0 0 0 0 0 
870 9 0 0 0 0 0 0 0 0 0 0 0 
871 9 -1 25 6 0 0 47 0 0 0 18 17 
872 9 72 0 0 0 0 0 0 0 0 0 0 
873 9 -1 31 16 0 0 43 24 0 0 15 24 
874 9 75 0 0 0 0 0 0 0 0 0 0 
875 9 -1 19 15 6 5 45 33 1 14 32 -4 
876 9 -1 36 3 0 0 1 23 0 0 17 97 
877 9 -1 39 32 0 0 9 14 0 0 0 5 
878 9 -1 2 7 0 0 40 14 0 0 0 59 
879 9 0 0 0 0 0 0 0 0 0 0 0 
880 9 0 0 0 0 0 0 0 0 0 0 0 
881 9 0 0 0 0 0 0 0 0 0 0 0 
882 9 0 0 0 0 0 0 0 0 0 0 0 
883 9 0 0 0 0 0 0 0 0 0 0 0 
884 9 0 0 0 0 0 0 0 0 0 0 0 
885 9 0 0 0 0 0 0 0 0 0 0 0 
886 9 0 0 0 0 0 0 0 0 0 0 0 
887 9 0 0 0 0 0 0 0 0 0 0 0 
888 9 0 0 0 0 0 0 0 0 0 0 0 
889 9 0 0 0 0 0 0 0 0 0 0 0 
890 9 0 0 0 0 0 0 0 0 0 0 0 
891 9 0 0 0 0 0 0 0 0 0 0 0 
892 9 0 0 0 0 0 0 0 0 0 0 0 
893 9 0 0 0 0 0 0 0 0 0 0 0 
894 9 0 0 0 0 0 0 0 0 0 0 0 
895 9 85 0 0 0 0 0 0 0 0 0 0 
896 9 86 0 0 0 0 0 0 0 0 0 0 
897 9 0 0 0 0 0 0 0 0 0 0 0 
898 9 0 0 0 0 0 0 0 0 0 0 0 
899 9 0 0 0 0 0 0 0 0 0 0 0 
900 9 0 0 0 0 0 0 0 0 0 0 0 
901 9 0 0 0 0 0 0 0 0 0 0 0 
902 9 0 0 0 0 0 0 0 0 0 0 0 
903 9 0 0 0 0 0 0 0 0 0 0 0 
904 9 0 0 0 0 0 0 0 0 0 0 0 
905 9 0 0 0 0 0 0 0 0 0 0 0 
906 9 0 0 0 0 0 0 0 0 0 0 0 
907 9 0 0 0 0 0 0 0 0 0 0 0 
908 9 0 0 0 0 0 0 0 0 0 0 0 
909 9 0 0 0 0 0 0 0 0 0 0 0 
910 9 0 0 0 0 0 0 0 0 0 0 0 
911 9 0 0 0 0 0 0 0 0 0 0 0 
912 9 0 0 0 0 0 0 0 0 0 0 0 
913 9 0 0 0 0 0 0 0 0 0 0 0 
914 9 0 0 0 0 0 0 0 0 0 0 0 
915 9 0 0 0 0 0 0 0 0 0 0 0 
916 9 0 0 0 0 0 0 0 0 0 0 0 
917 9 0 0 0 0 0 0 0 0 0 0 0 
918 9 0 0 0 0 0 0 0 0 0 0 0 
919 9 0 0 0 0 0 0 0 0 0 0 0 
920 9 0 0 0 0 0 0 0 0 0 0 0 
921 9 0 0 0 0 0 0 0 0 0 0 0 
922 9 0 0 0 0 0 0 0 0 0 0 0 
923 9 0 0 0 0 0 0 0 0 0 0 0 
924 9 0 0 0 0 0 0 0 0 0 0 0 
925 9 0 0 0 0 0 0 0 0 0 0 0 
926 9 0 0 0 0 0 0 0 0 0 0 0 
927 9 0 0 0 0 0 0 0 0 0 0 0 
928 9 0 0 0 0 0 0 0 0 0 0 0 
929 9 0 0 0 0 0 0 0 0 0 0 0 
930 9 0 0 0 0 0 0 0 0 0 0 0 
931 9 0 0 0 0 0 0 0 0 0 0 0 
932 9 0 0 0 0 0 0 0 0 0 0 0 
933 9 0 0 0 0 0 0 0 0 0 0 0 
934 9 0 0 0 0 0 0 0 0 0 0 0 
935 9 0 0 0 0 0 0 0 0 0 0 0 
936 9 0 0 0 0 0 0 0 0 0 0 0 
937 9 0 0 0 0 0 0 0 0 0 0 0 
938 9 0 0 0 0 0 0 0 0 0 0 0 
939 9 0 0 0 0 0 0 0 0 0 0 0 
940 9 0 0 0 0 0 0 0 0 0 0 0 
941 9 0 0 0 0 0 0 0 0 0 0 0 
942 9 0 0 0 0 0 0 0 0 0 0 0 
943 9 0 0 0 0 0 0 0 0 0 0 0 
944 9 0 0 0 0 0 0 0 0 0 0 0 
945 9 0 0 0 0 0 0 0 0 0 0 0 
946 9 0 0 0 0 0 0 0 0 0 0 0 
947 9 0 0 0 0 0 0 0 0 0 0 0 
948 9 0 0 0 0 0 0 0 0 0 0 0 
949 9 0 0 0 0 0 0 0 0 0 0 0 
950 9 0 0 0 0 0 0 0 0 0 0 0 
951 9 0 0 0 0 0 0 0 0 0 0 0 
952 9 0 0 0 0 0 0 0 0 0 0 0 
953 9 0 0 0 0 0 0 0 0 0 0 0 
954 9 0 0 0 0 0 0 0 0 0 0 0 
955 9 0 0 0 0 0 0 0 0 0 0 0 
956 9 0 0 0 0 0 0 0 0 0 0 0 
957 9 0 0 0 0 0 0 0 0 0 0 0 
958 9 0 0 0 0 0 0 0 0 0 0 0 
959 9 0 0 0 0 0 0 0 0 0 0 0 
960 9 0 0 0 0 0 0 0 0 0 0 0 
961 9 96 0 0 0 0 0 0 0 0 0 0 
962 9 -1 40 8 0 0 15 21 0 0 0 -31 
963 9 -1 6 18 6 19 19 42 5 3 32 3623 
964 9 -1 15 14 16 18 42 45 3 1 32 9616 
965 9 -1 33 5 0 0 41 10 0 0 18 -8 
966 9 105 0 0 0 0 0 0 0 0 0 0 
967 9 0 0 0 0 0 0 0 0 0 0 0 
968 9 0 0 0 0 0 0 0 0 0 0 0 
969 9 0 0 0 0 0 0 0 0 0 0 0 
970 9 0 0 0 0 0 0 0 0 0 0 0 
971 9 0 0 0 0 0 0 0 0 0 0 0 
972 9 0 0 0 0 0 0 0 0 0 0 0 
973 9 0 0 0 0 0 0 0 0 0 0 0 
974 9 0 0 0 0 0 0 0 0 0 0 0 
975 9 0 0 0 0 0 0 0 0 0 0 0 
976 9 0 0 0 0 0 0 0 0 0 0 0 
977 9 0 0 0 0 0 0 0 0 0 0 0 
978 9 0 0 0 0 0 0 0 0 0 0 0 
979 9 0 0 0 0 0 0 0 0 0 0 0 
980 9 0 0 0 0 0 0 0 0 0 0 0 
981 9 0 0 0 0 0 0 0 0 0 0 0 
982 9 0 0 0 0 0 0 0 0 0 0 0 
983 9 0 0 0 0 0 0 0 0 0 0 0 
984 9 0 0 0 0 0 0 0 0 0 0 0 
985 9 0 0 0 0 0 0 0 0 0 0 0 
986 9 0 0 0 0 0 0 0 0 0 0 0 
987 9 0 0 0 0 0 0 0 0 0 0 0 
988 9 0 0 0 0 0 0 0 0 0 0 0 
989 9 0 0 0 0 0 0 0 0 0 0 0 
990 9 0 0 0 0 0 0 0 0 0 0 0 
991 9 0 0 0 0 0 0 0 0 0 0 0 
992 9 0 0 0 0 0 0 0 0 0 0 0 
993 9 0 0 0 0 0 0 0 0 0 0 0 
994 9 0 0 0 0 0 0 0 0 0 0 0 
995 9 0 0 0 0 0 0 0 0 0 0 0 
996 9 0 0 0 0 0 0 0 0 0 0 0 
997 9 0 0 0 0 0 0 0 0 0 0 0 
998 9 0 0 0 0 0 0 0 0 0 0 0 
999 9 0 0 0 0 0 0 0 0 0 0 0 
1000 9 0 0 0 0 0 0 0 0 0 0 0 
1001 9 0 0 0 0 0 0 0 0 0 0 0 
1002 9 0 0 0 0 0 0 0 0 0 0 0 
1003 9 0 0 0 0 0 0 0 0 0 0 0 
1004 9 0 0 0 0 0 0 0 0 0 0 0 
1005 9 0 0 0 0 0 0 0 0 0 0 0 
1006 9 0 0 0 0 0 0 0 0 0 0 0 
1007 9 0 0 0 0 0 0 0 0 0 0 0 
1008 9 0 0 0 0 0 0 0 0 0 0 0 
1009 9 116 0 0 0 0 0 0 0 0 0 0 
1010 9 -1 8 19 3 1 18 22 25 10 32 -7540 
1011 9 0 0 0 0 0 0 0 0 0 0 0 
1012 9 0 0 0 0 0 0 0 0 0 0 0 
1013 9 0 0 0 0 0 0 0 0 0 0 0 
1014 9 0 0 0 0 0 0 0 0 0 0 0 
1015 9 0 0 0 0 0 0 0 0 0 0 0 
1016 9 0 0 0 0 0 0 0 0 0 0 0 
1017 9 0 0 0 0 0 0 0 0 0 0 0 
1018 9 0 0 0 0 0 0 0 0 0 0 0 
1019 9 0 0 0 0 0 0 0 0 0 0 0 
1020 9 0 0 0 0 0 0 0 0 0 0 0 
1021 9 0 0 0 0 0 0 0 0 0 0 0 
1022 9 0 0 0 0 0 0 0 0 0 0 0 
1023 10 0 0 0 0 0 0 0 0 0 0 0 
1024 10 0 0 0 0 0 0 0 0 0 0 0 
1025 10 0 0 0 0 0 0 0 0 0 0 0 
1026 10 0 0 0 0 0 0 0 0 0 0 0 
1027 10 0 0 0 0 0 0 0 0 0 0 0 
1028 10 0 0 0 0 0 0 0 0 0 0 0 
1029 10 0 0 0 0 0 0 0 0 0 0 0 
1030 10 0 0 0 0 0 0 0 0 0 0 0 
1031 10 0 0 0 0 0 0 0 0 0 0 0 
1032 10 0 0 0 0 0 0 0 0 0 0 0 
1033 10 0 0 0 0 0 0 0 0 0 0 0 
1034 10 0 0 0 0 0 0 0 0 0 0 0 
1035 10 0 0 0 0 0 0 0 0 0 0 0 
1036 10 0 0 0 0 0 0 0 0 0 0 0 
1037 10 0 0 0 0 0 0 0 0 0 0 0 
1038 10 0 0 0 0 0 0 0 0 0 0 0 
1039 10 0 0 0 0 0 0 0 0 0 0 0 
1040 10 0 0 0 0 0 0 0 0 0 0 0 
1041 10 0 0 0 0 0 0 0 0 0 0 0 
1042 10 0 0 0 0 0 0 0 0 0 0 0 
1043 10 0 0 0 0 0 0 0 0 0 0 0 
1044 10 0 0 0 0 0 0 0 0 0 0 0 
1045 10 0 0 0 0 0 0 0 0 0 0 0 
1046 10 0 0 0 0 0 0 0 0 0 0 0 
1047 10 0 0 0 0 0 0 0 0 0 0 0 
1048 10 0 0 0 0 0 0 0 0 0 0 0 
1049 10 0 0 0 0 0 0 0 0 0 0 0 
1050 10 0 0 0 0 0 0 0 0 0 0 0 
1051 10 0 0 0 0 0 0 0 0 0 0 0 
1052 10 0 0 0 0 0 0 0 0 0 0 0 
1053 10 0 0 0 0 0 0 0 0 0 0 0 
1054 10 0 0 0 0 0 0 0 0 0 0 0 
1055 10 0 0 0 0 0 0 0 0 0 0 0 
1056 10 0 0 0 0 0 0 0 0 0 0 0 
1057 10 0 0 0 0 0 0 0 0 0 0 0 
1058 10 0 0 0 0 0 0 0 0 0 0 0 
1059 10 0 0 0 0 0 0 0 0 0 0 0 
1060 10 0 0 0 0 0 0 0 0 0 0 0 
1061 10 0 0 0 0 0 0 0 0 0 0 0 
1062 10 0 0 0 0 0 0 0 0 0 0 0 
1063 10 0 0 0 0 0 0 0 0 0 0 0 
1064 10 0 0 0 0 0 0 0 0 0 0 0 
1065 10 0 0 0 0 0 0 0 0 0 0 0 
1066 10 0 0 0 0 0 0 0 0 0 0 0 
1067 10 0 0 0 0 0 0 0 0 0 0 0 
1068 10 0 0 0 0 0 0 0 0 0 0 0 
1069 10 0 0 0 0 0 0 0 0 0 0 0 
1070 10 0 0 0 0 0 0 0 0 0 0 0 
1071 10 0 0 0 0 0 0 0 0 0 0 0 
1072 10 0 0 0 0 0 0 0 0 0 0 0 
1073 10 0 0 0 0 0 0 0 0 0 0 0 
1074 10 0 0 0 0 0 0 0 0 0 0 0 
1075 10 0 0 0 0 0 0 0 0 0 0 0 
1076 10 0 0 0 0 0 0 0 0 0 0 0 
1077 10 0 0 0 0 0 0 0 0 0 0 0 
1078 10 0 0 0 0 0 0 0 0 0 0 0 
1079 10 0 0 0 0 0 0 0 0 0 0 0 
1080 10 0 0 0 0 0 0 0 0 0 0 0 
1081 10 0 0 0 0 0 0 0 0 0 0 0 
1082 10 0 0 0 0 0 0 0 0 0 0 0 
1083 10 0 0 0 0 0 0 0 0 0 0 0 
1084 10 0 0 0 0 0 0 0 0 0 0 0 
1085 10 0 0 0 0 0 0 0 0 0 0 0 
1086 10 0 0 0 0 0 0 0 0 0 0 0 
1087 10 0 0 0 0 0 0 0 0 0 0 0 
1088 10 0 0 0 0 0 0 0 0 0 0 0 
1089 10 0 0 0 0 0 0 0 0 0 0 0 
1090 10 0 0 0 0 0 0 0 0 0 0 0 
1091 10 0 0 0 0 0 0 0 0 0 0 0 
1092 10 0 0 0 0 0 0 0 0 0 0 0 
1093 10 0 0 0 0 0 0 0 0 0 0 0 
1094 10 0 0 0 0 0 0 0 0 0 0 0 
1095 10 0 0 0 0 0 0 0 0 0 0 0 
1096 10 0 0 0 0 0 0 0 0 0 0 0 
1097 10 0 0 0 0 0 0 0 0 0 0 0 
1098 10 0 0 0 0 0 0 0 0 0 0 0 
1099 10 0 0 0 0 0 0 0 0 0 0 0 
1100 10 0 0 0 0 0 0 0 0 0 0 0 
1101 10 0 0 0 0 0 0 0 0 0 0 0 
1102 10 0 0 0 0 0 0 0 0 0 0 0 
1103 10 0 0 0 0 0 0 0 0 0 0 0 
1104 10 0 0 0 0 0 0 0 0 0 0 0 
1105 10 0 0 0 0 0 0 0 0 0 0 0 
1106 10 0 0 0 0 0 0 0 0 0 0 0 
1107 10 0 0 0 0 0 0 0 0 0 0 0 
1108 10 0 0 0 0 0 0 0 0 0 0 0 
1109 10 0 0 0 0 0 0 0 0 0 0 0 
1110 10 0 0 0 0 0 0 0 0 0 0 0 
1111 10 0 0 0 0 0 0 0 0 0 0 0 
1112 10 0 0 0 0 0 0 0 0 0 0 0 
1113 10 0 0 0 0 0 0 0 0 0 0 0 
1114 10 0 0 0 0 0 0 0 0 0 0 0 
1115 10 0 0 0 0 0 0 0 0 0 0 0 
1116 10 0 0 0 0 0 0 0 0 0 0 0 
1117 10 0 0 0 0 0 0 0 0 0 0 0 
1118 10 0 0 0 0 0 0 0 0 0 0 0 
1119 10 0 0 0 0 0 0 0 0 0 0 0 
1120 10 0 0 0 0 0 0 0 0 0 0 0 
1121 10 0 0 0 0 0 0 0 0 0 0 0 
1122 10 0 0 0 0 0 0 0 0 0 0 0 
1123 10 0 0 0 0 0 0 0 0 0 0 0 
1124 10 0 0 0 0 0 0 0 0 0 0 0 
1125 10 0 0 0 0 0 0 0 0 0 0 0 
1126 10 0 0 0 0 0 0 0 0 0 0 0 
1127 10 0 0 0 0 0 0 0 0 0 0 0 
1128 10 0 0 0 0 0 0 0 0 0 0 0 
1129 10 0 0 0 0 0 0 0 0 0 0 0 
1130 10 0 0 0 0 0 0 0 0 0 0 0 
1131 10 0 0 0 0 0 0 0 0 0 0 0 
1132 10 0 0 0 0 0 0 0 0 0 0 0 
1133 10 0 0 0 0 0 0 0 0 0 0 0 
1134 10 0 0 0 0 0 0 0 0 0 0 0 
1135 10 0 0 0 0 0 0 0 0 0 0 0 
1136 10 0 0 0 0 0 0 0 0 0 0 0 
1137 10 0 0 0 0 0 0 0 0 0 0 0 
1138 10 0 0 0 0 0 0 0 0 0 0 0 
1139 10 0 0 0 0 0 0 0 0 0 0 0 
1140 10 0 0 0 0 0 0 0 0 0 0 0 
1141 10 0 0 0 0 0 0 0 0 0 0 0 
1142 10 0 0 0 0 0 0 0 0 0 0 0 
1143 10 0 0 0 0 0 0 0 0 0 0 0 
1144 10 0 0 0 0 0 0 0 0 0 0 0 
1145 10 0 0 0 0 0 0 0 0 0 0 0 
1146 10 0 0 0 0 0 0 0 0 0 0 0 
1147 10 0 0 0 0 0 0 0 0 0 0 0 
1148 10 0 0 0 0 0 0 0 0 0 0 0 
1149 10 0 0 0 0 0 0 0 0 0 0 0 
1150 10 0 0 0 0 0 0 0 0 0 0 0 
1151 10 7 0 0 0 0 0 0 0 0 0 0 
1152 10 8 0 0 0 0 0 0 0 0 0 0 
1153 10 9 0 0 0 0 0 0 0 0 0 0 
1154 10 10 0 0 0 0 0 0 0 0 0 0 
1155 10 0 0 0 0 0 0 0 0 0 0 0 
1156 10 0 0 0 0 0 0 0 0 0 0 0 
1157 10 12 0 0 0 0 0 0 0 0 0 0 
1158 10 13 0 0 0 0 0 0 0 0 0 0 
1159 10 0 0 0 0 0 0 0 0 0 0 0 
1160 10 0 0 0 0 0 0 0 0 0 0 0 
1161 10 0 0 0 0 0 0 0 0 0 0 0 
1162 10 0 0 0 0 0 0 0 0 0 0 0 
1163 10 16 0 0 0 0 0 0 0 0 0 0 
1164 10 17 0 0 0 0 0 0 0 0 0 0 
1165 10 18 0 0 0 0 0 0 0 0 0 0 
1166 10 19 0 0 0 0 0 0 0 0 0 0 
1167 10 0 0 0 0 0 0 0 0 0 0 0 
1168 10 0 0 0 0 0 0 0 0 0 0 0 
1169 10 0 0 0 0 0 0 0 0 0 0 0 
1170 10 0 0 0 0 0 0 0 0 0 0 0 
1171 10 0 0 0 0 0 0 0 0 0 0 0 
1172 10 0 0 0 0 0 0 0 0 0 0 0 
1173 10 0 0 0 0 0 0 0 0 0 0 0 
1174 10 0 0 0 0 0 0 0 0 0 0 0 
1175 10 0 0 0 0 0 0 0 0 0 0 0 
1176 10 0 0 0 0 0 0 0 0 0 0 0 
1177 10 0 0 0 0 0 0 0 0 0 0 0 
1178 10 0 0 0 0 0 0 0 0 0 0 0 
1179 10 0 0 0 0 0 0 0 0 0 0 0 
1180 10 0 0 0 0 0 0 0 0 0 0 0 
1181 10 0 0 0 0 0 0 0 0 0 0 0 
1182 10 0 0 0 0 0 0 0 0 0 0 0 
1183 10 0 0 0 0 0 0 0 0 0 0 0 
1184 10 0 0 0 0 0 0 0 0 0 0 0 
1185 10 0 0 0 0 0 0 0 0 0 0 0 
1186 10 0 0 0 0 0 0 0 0 0 0 0 
1187 10 0 0 0 0 0 0 0 0 0 0 0 
1188 10 0 0 0 0 0 0 0 0 0 0 0 
1189 10 0 0 0 0 0 0 0 0 0 0 0 
1190 10 0 0 0 0 0 0 0 0 0 0 0 
1191 10 0 0 0 0 0 0 0 0 0 0 0 
1192 10 0 0 0 0 0 0 0 0 0 0 0 
1193 10 0 0 0 0 0 0 0 0 0 0 0 
1194 10 0 0 0 0 0 0 0 0 0 0 0 
1195 10 0 0 0 0 0 0 0 0 0 0 0 
1196 10 0 0 0 0 0 0 0 0 0 0 0 
1197 10 0 0 0 0 0 0 0 0 0 0 0 
1198 10 0 0 0 0 0 0 0 0 0 0 0 
1199 10 0 0 0 0 0 0 0 0 0 0 0 
1200 10 0 0 0 0 0 0 0 0 0 0 0 
1201 10 0 0 0 0 0 0 0 0 0 0 0 
1202 10 0 0 0 0 0 0 0 0 0 0 0 
1203 10 0 0 0 0 0 0 0 0 0 0 0 
1204 10 0 0 0 0 0 0 0 0 0 0 0 
1205 10 0 0 0 0 0 0 0 0 0 0 0 
1206 10 0 0 0 0 0 0 0 0 0 0 0 
1207 10 25 0 0 0 0 0 0 0 0 0 0 
1208 10 26 0 0 0 0 0 0 0 0 0 0 
1209 10 0 0 0 0 0 0 0 0 0 0 0 
1210 10 0 0 0 0 0 0 0 0 0 0 0 
1211 10 28 0 0 0 0 0 0 0 0 0 0 
1212 10 29 0 0 0 0 0 0 0 0 0 0 
1213 10 0 0 0 0 0 0 0 0 0 0 0 
1214 10 0 0 0 0 0 0 0 0 0 0 0 
1215 10 0 0 0 0 0 0 0 0 0 0 0 
1216 10 0 0 0 0 0 0 0 0 0 0 0 
1217 10 0 0 0 0 0 0 0 0 0 0 0 
1218 10 0 0 0 0 0 0 0 0 0 0 0 
1219 10 0 0 0 0 0 0 0 0 0 0 0 
1220 10 0 0 0 0 0 0 0 0 0 0 0 
1221 10 0 0 0 0 0 0 0 0 0 0 0 
1222 10 0 0 0 0 0 0 0 0 0 0 0 
1223 10 0 0 0 0 0 0 0 0 0 0 0 
1224 10 0 0 0 0 0 0 0 0 0 0 0 
1225 10 0 0 0 0 0 0 0 0 0 0 0 
1226 10 0 0 0 0 0 0 0 0 0 0 0 
1227 10 0 0 0 0 0 0 0 0 0 0 0 
1228 10 0 0 0 0 0 0 0 0 0 0 0 
1229 10 0 0 0 0 0 0 0 0 0 0 0 
1230 10 0 0 0 0 0 0 0 0 0 0 0 
1231 10 0 0 0 0 0 0 0 0 0 0 0 
1232 10 0 0 0 0 0 0 0 0 0 0 0 
1233 10 0 0 0 0 0 0 0 0 0 0 0 
1234 10 0 0 0 0 0 0 0 0 0 0 0 
1235 10 0 0 0 0 0 0 0 0 0 0 0 
1236 10 0 0 0 0 0 0 0 0 0 0 0 
1237 10 0 0 0 0 0 0 0 0 0 0 0 
1238 10 0 0 0 0 0 0 0 0 0 0 0 
1239 10 0 0 0 0 0 0 0 0 0 0 0 
1240 10 0 0 0 0 0 0 0 0 0 0 0 
1241 10 0 0 0 0 0 0 0 0 0 0 0 
1242 10 0 0 0 0 0 0 0 0 0 0 0 
1243 10 0 0 0 0 0 0 0 0 0 0 0 
1244 10 0 0 0 0 0 0 0 0 0 0 0 
1245 10 0 0 0 0 0 0 0 0 0 0 0 
1246 10 0 0 0 0 0 0 0 0 0 0 0 
1247 10 32 0 0 0 0 0 0 0 0 0 0 
1248 10 33 0 0 0 0 0 0 0 0 0 0 
1249 10 0 0 0 0 0 0 0 0 0 0 0 
1250 10 0 0 0 0 0 0 0 0 0 0 0 
1251 10 0 0 0 0 0 0 0 0 0 0 0 
1252 10 0 0 0 0 0 0 0 0 0 0 0 
1253 10 0 0 0 0 0 0 0 0 0 0 0 
1254 10 0 0 0 0 0 0 0 0 0 0 0 
1255 10 0 0 0 0 0 0 0 0 0 0 0 
1256 10 0 0 0 0 0 0 0 0 0 0 0 
1257 10 0 0 0 0 0 0 0 0 0 0 0 
1258 10 0 0 0 0 0 0 0 0 0 0 0 
1259 10 0 0 0 0 0 0 0 0 0 0 0 
1260 10 0 0 0 0 0 0 0 0 0 0 0 
1261 10 0 0 0 0 0 0 0 0 0 0 0 
1262 10 0 0 0 0 0 0 0 0 0 0 0 
1263 10 0 0 0 0 0 0 0 0 0 0 0 
1264 10 0 0 0 0 0 0 0 0 0 0 0 
1265 10 0 0 0 0 0 0 0 0 0 0 0 
1266 10 0 0 0 0 0 0 0 0 0 0 0 
1267 10 0 0 0 0 0 0 0 0 0 0 0 
1268 10 0 0 0 0 0 0 0 0 0 0 0 
1269 10 0 0 0 0 0 0 0 0 0 0 0 
1270 10 0 0 0 0 0 0 0 0 0 0 0 
1271 10 0 0 0 0 0 0 0 0 0 0 0 
1272 10 0 0 0 0 0 0 0 0 0 0 0 
1273 10 0 0 0 0 0 0 0 0 0 0 0 
1274 10 0 0 0 0 0 0 0 0 0 0 0 
1275 10 0 0 0 0 0 0 0 0 0 0 0 
1276 10 0 0 0 0 0 0 0 0 0 0 0 
1277 10 0 0 0 0 0 0 0 0 0 0 0 
1278 10 0 0 0 0 0 0 0 0 0 0 0 
1279 10 0 0 0 0 0 0 0 0 0 0 0 
1280 10 0 0 0 0 0 0 0 0 0 0 0 
1281 10 0 0 0 0 0 0 0 0 0 0 0 
1282 10 0 0 0 0 0 0 0 0 0 0 0 
1283 10 0 0 0 0 0 0 0 0 0 0 0 
1284 10 0 0 0 0 0 0 0 0 0 0 0 
1285 10 0 0 0 0 0 0 0 0 0 0 0 
1286 10 0 0 0 0 0 0 0 0 0 0 0 
1287 10 0 0 0 0 0 0 0 0 0 0 0 
1288 10 0 0 0 0 0 0 0 0 0 0 0 
1289 10 0 0 0 0 0 0 0 0 0 0 0 
1290 10 0 0 0 0 0 0 0 0 0 0 0 
1291 10 0 0 0 0 0 0 0 0 0 0 0 
1292 10 0 0 0 0 0 0 0 0 0 0 0 
1293 10 0 0 0 0 0 0 0 0 0 0 0 
1294 10 0 0 0 0 0 0 0 0 0 0 0 
1295 10 0 0 0 0 0 0 0 0 0 0 0 
1296 10 0 0 0 0 0 0 0 0 0 0 0 
1297 10 0 0 0 0 0 0 0 0 0 0 0 
1298 10 0 0 0 0 0 0 0 0 0 0 0 
1299 10 0 0 0 0 0 0 0 0 0 0 0 
1300 10 0 0 0 0 0 0 0 0 0 0 0 
1301 10 0 0 0 0 0 0 0 0 0 0 0 
1302 10 0 0 0 0 0 0 0 0 0 0 0 
1303 10 0 0 0 0 0 0 0 0 0 0 0 
1304 10 0 0 0 0 0 0 0 0 0 0 0 
1305 10 0 0 0 0 0 0 0 0 0 0 0 
1306 10 0 0 0 0 0 0 0 0 0 0 0 
1307 10 0 0 0 0 0 0 0 0 0 0 0 
1308 10 0 0 0 0 0 0 0 0 0 0 0 
1309 10 0 0 0 0 0 0 0 0 0 0 0 
1310 10 0 0 0 0 0 0 0 0 0 0 0 
1311 10 0 0 0 0 0 0 0 0 0 0 0 
1312 10 0 0 0 0 0 0 0 0 0 0 0 
1313 10 0 0 0 0 0 0 0 0 0 0 0 
1314 10 0 0 0 0 0 0 0 0 0 0 0 
1315 10 0 0 0 0 0 0 0 0 0 0 0 
1316 10 0 0 0 0 0 0 0 0 0 0 0 
1317 10 0 0 0 0 0 0 0 0 0 0 0 
1318 10 0 0 0 0 0 0 0 0 0 0 0 
1319 10 0 0 0 0 0 0 0 0 0 0 0 
1320 10 0 0 0 0 0 0 0 0 0 0 0 
1321 10 0 0 0 0 0 0 0 0 0 0 0 
1322 10 0 0 0 0 0 0 0 0 0 0 0 
1323 10 0 0 0 0 0 0 0 0 0 0 0 
1324 10 0 0 0 0 0 0 0 0 0 0 0 
1325 10 0 0 0 0 0 0 0 0 0 0 0 
1326 10 0 0 0 0 0 0 0 0 0 0 0 
1327 10 0 0 0 0 0 0 0 0 0 0 0 
1328 10 0 0 0 0 0 0 0 0 0 0 0 
1329 10 0 0 0 0 0 0 0 0 0 0 0 
1330 10 0 0 0 0 0 0 0 0 0 0 0 
1331 10 0 0 0 0 0 0 0 0 0 0 0 
1332 10 0 0 0 0 0 0 0 0 0 0 0 
1333 10 0 0 0 0 0 0 0 0 0 0 0 
1334 10 0 0 0 0 0 0 0 0 0 0 0 
1335 10 0 0 0 0 0 0 0 0 0 0 0 
1336 10 0 0 0 0 0 0 0 0 0 0 0 
1337 10 0 0 0 0 0 0 0 0 0 0 0 
1338 10 0 0 0 0 0 0 0 0 0 0 0 
1339 10 0 0 0 0 0 0 0 0 0 0 0 
1340 10 0 0 0 0 0 0 0 0 0 0 0 
1341 10 0 0 0 0 0 0 0 0 0 0 0 
1342 10 0 0 0 0 0 0 0 0 0 0 0 
1343 10 0 0 0 0 0 0 0 0 0 0 0 
1344 10 0 0 0 0 0 0 0 0 0 0 0 
1345 10 0 0 0 0 0 0 0 0 0 0 0 
1346 10 0 0 0 0 0 0 0 0 0 0 0 
1347 10 0 0 0 0 0 0 0 0 0 0 0 
1348 10 0 0 0 0 0 0 0 0 0 0 0 
1349 10 0 0 0 0 0 0 0 0 0 0 0 
1350 10 0 0 0 0 0 0 0 0 0 0 0 
1351 10 0 0 0 0 0 0 0 0 0 0 0 
1352 10 0 0 0 0 0 0 0 0 0 0 0 
1353 10 0 0 0 0 0 0 0 0 0 0 0 
1354 10 0 0 0 0 0 0 0 0 0 0 0 
1355 10 0 0 0 0 0 0 0 0 0 0 0 
1356 10 0 0 0 0 0 0 0 0 0 0 0 
1357 10 0 0 0 0 0 0 0 0 0 0 0 
1358 10 0 0 0 0 0 0 0 0 0 0 0 
1359 10 0 0 0 0 0 0 0 0 0 0 0 
1360 10 0 0 0 0 0 0 0 0 0 0 0 
1361 10 0 0 0 0 0 0 0 0 0 0 0 
1362 10 0 0 0 0 0 0 0 0 0 0 0 
1363 10 0 0 0 0 0 0 0 0 0 0 0 
1364 10 0 0 0 0 0 0 0 0 0 0 0 
1365 10 0 0 0 0 0 0 0 0 0 0 0 
1366 10 0 0 0 0 0 0 0 0 0 0 0 
1367 10 0 0 0 0 0 0 0 0 0 0 0 
1368 10 0 0 0 0 0 0 0 0 0 0 0 
1369 10 0 0 0 0 0 0 0 0 0 0 0 
1370 10 0 0 0 0 0 0 0 0 0 0 0 
1371 10 0 0 0 0 0 0 0 0 0 0 0 
1372 10 0 0 0 0 0 0 0 0 0 0 0 
1373 10 0 0 0 0 0 0 0 0 0 0 0 
1374 10 0 0 0 0 0 0 0 0 0 0 0 
1375 10 0 0 0 0 0 0 0 0 0 0 0 
1376 10 0 0 0 0 0 0 0 0 0 0 0 
1377 10 0 0 0 0 0 0 0 0 0 0 0 
1378 10 0 0 0 0 0 0 0 0 0 0 0 
1379 10 0 0 0 0 0 0 0 0 0 0 0 
1380 10 0 0 0 0 0 0 0 0 0 0 0 
1381 10 0 0 0 0 0 0 0 0 0 0 0 
1382 10 0 0 0 0 0 0 0 0 0 0 0 
1383 10 0 0 0 0 0 0 0 0 0 0 0 
1384 10 0 0 0 0 0 0 0 0 0 0 0 
1385 10 0 0 0 0 0 0 0 0 0 0 0 
1386 10 0 0 0 0 0 0 0 0 0 0 0 
1387 10 0 0 0 0 0 0 0 0 0 0 0 
1388 10 0 0 0 0 0 0 0 0 0 0 0 
1389 10 0 0 0 0 0 0 0 0 0 0 0 
1390 10 0 0 0 0 0 0 0 0 0 0 0 
1391 10 0 0 0 0 0 0 0 0 0 0 0 
1392 10 0 0 0 0 0 0 0 0 0 0 0 
1393 10 0 0 0 0 0 0 0 0 0 0 0 
1394 10 0 0 0 0 0 0 0 0 0 0 0 
1395 10 0 0 0 0 0 0 0 0 0 0 0 
1396 10 0 0 0 0 0 0 0 0 0 0 0 
1397 10 0 0 0 0 0 0 0 0 0 0 0 
1398 10 0 0 0 0 0 0 0 0 0 0 0 
1399 10 0 0 0 0 0 0 0 0 0 0 0 
1400 10 0 0 0 0 0 0 0 0 0 0 0 
1401 10 0 0 0 0 0 0 0 0 0 0 0 
1402 10 0 0 0 0 0 0 0 0 0 0 0 
1403 10 0 0 0 0 0 0 0 0 0 0 0 
1404 10 0 0 0 0 0 0 0 0 0 0 0 
1405 10 0 0 0 0 0 0 0 0 0 0 0 
1406 10 0 0 0 0 0 0 0 0 0 0 0 
1407 10 0 0 0 0 0 0 0 0 0 0 0 
1408 10 0 0 0 0 0 0 0 0 0 0 0 
1409 10 0 0 0 0 0 0 0 0 0 0 0 
1410 10 0 0 0 0 0 0 0 0 0 0 0 
1411 10 0 0 0 0 0 0 0 0 0 0 0 
1412 10 0 0 0 0 0 0 0 0 0 0 0 
1413 10 0 0 0 0 0 0 0 0 0 0 0 
1414 10 0 0 0 0 0 0 0 0 0 0 0 
1415 10 0 0 0 0 0 0 0 0 0 0 0 
1416 10 0 0 0 0 0 0 0 0 0 0 0 
1417 10 0 0 0 0 0 0 0 0 0 0 0 
1418 10 0 0 0 0 0 0 0 0 0 0 0 
1419 10 0 0 0 0 0 0 0 0 0 0 0 
1420 10 0 0 0 0 0 0 0 0 0 0 0 
1421 10 0 0 0 0 0 0 0 0 0 0 0 
1422 10 0 0 0 0 0 0 0 0 0 0 0 
1423 10 0 0 0 0 0 0 0 0 0 0 0 
1424 10 0 0 0 0 0 0 0 0 0 0 0 
1425 10 0 0 0 0 0 0 0 0 0 0 0 
1426 10 0 0 0 0 0 0 0 0 0 0 0 
1427 10 0 0 0 0 0 0 0 0 0 0 0 
1428 10 0 0 0 0 0 0 0 0 0 0 0 
1429 10 0 0 0 0 0 0 0 0 0 0 0 
1430 10 0 0 0 0 0 0 0 0 0 0 0 
1431 10 0 0 0 0 0 0 0 0 0 0 0 
1432 10 0 0 0 0 0 0 0 0 0 0 0 
1433 10 0 0 0 0 0 0 0 0 0 0 0 
1434 10 0 0 0 0 0 0 0 0 0 0 0 
1435 10 0 0 0 0 0 0 0 0 0 0 0 
1436 10 0 0 0 0 0 0 0 0 0 0 0 
1437 10 0 0 0 0 0 0 0 0 0 0 0 
1438 10 0 0 0 0 0 0 0 0 0 0 0 
1439 10 0 0 0 0 0 0 0 0 0 0 0 
1440 10 0 0 0 0 0 0 0 0 0 0 0 
1441 10 0 0 0 0 0 0 0 0 0 0 0 
1442 10 0 0 0 0 0 0 0 0 0 0 0 
1443 10 0 0 0 0 0 0 0 0 0 0 0 
1444 10 0 0 0 0 0 0 0 0 0 0 0 
1445 10 0 0 0 0 0 0 0 0 0 0 0 
1446 10 0 0 0 0 0 0 0 0 0 0 0 
1447 10 0 0 0 0 0 0 0 0 0 0 0 
1448 10 0 0 0 0 0 0 0 0 0 0 0 
1449 10 0 0 0 0 0 0 0 0 0 0 0 
1450 10 0 0 0 0 0 0 0 0 0 0 0 
1451 10 0 0 0 0 0 0 0 0 0 0 0 
1452 10 0 0 0 0 0 0 0 0 0 0 0 
1453 10 0 0 0 0 0 0 0 0 0 0 0 
1454 10 0 0 0 0 0 0 0 0 0 0 0 
1455 10 0 0 0 0 0 0 0 0 0 0 0 
1456 10 0 0 0 0 0 0 0 0 0 0 0 
1457 10 0 0 0 0 0 0 0 0 0 0 0 
1458 10 0 0 0 0 0 0 0 0 0 0 0 
1459 10 0 0 0 0 0 0 0 0 0 0 0 
1460 10 0 0 0 0 0 0 0 0 0 0 0 
1461 10 0 0 0 0 0 0 0 0 0 0 0 
1462 10 0 0 0 0 0 0 0 0 0 0 0 
1463 10 0 0 0 0 0 0 0 0 0 0 0 
1464 10 0 0 0 0 0 0 0 0 0 0 0 
1465 10 0 0 0 0 0 0 0 0 0 0 0 
1466 10 0 0 0 0 0 0 0 0 0 0 0 
1467 10 0 0 0 0 0 0 0 0 0 0 0 
1468 10 0 0 0 0 0 0 0 0 0 0 0 
1469 10 0 0 0 0 0 0 0 0 0 0 0 
1470 10 0 0 0 0 0 0 0 0 0 0 0 
1471 10 0 0 0 0 0 0 0 0 0 0 0 
1472 10 0 0 0 0 0 0 0 0 0 0 0 
1473 10 0 0 0 0 0 0 0 0 0 0 0 
1474 10 0 0 0 0 0 0 0 0 0 0 0 
1475 10 0 0 0 0 0 0 0 0 0 0 0 
1476 10 0 0 0 0 0 0 0 0 0 0 0 
1477 10 0 0 0 0 0 0 0 0 0 0 0 
1478 10 0 0 0 0 0 0 0 0 0 0 0 
1479 10 0 0 0 0 0 0 0 0 0 0 0 
1480 10 0 0 0 0 0 0 0 0 0 0 0 
1481 10 0 0 0 0 0 0 0 0 0 0 0 
1482 10 0 0 0 0 0 0 0 0 0 0 0 
1483 10 0 0 0 0 0 0 0 0 0 0 0 
1484 10 0 0 0 0 0 0 0 0 0 0 0 
1485 10 0 0 0 0 0 0 0 0 0 0 0 
1486 10 0 0 0 0 0 0 0 0 0 0 0 
1487 10 0 0 0 0 0 0 0 0 0 0 0 
1488 10 0 0 0 0 0 0 0 0 0 0 0 
1489 10 0 0 0 0 0 0 0 0 0 0 0 
1490 10 0 0 0 0 0 0 0 0 0 0 0 
1491 10 0 0 0 0 0 0 0 0 0 0 0 
1492 10 0 0 0 0 0 0 0 0 0 0 0 
1493 10 0 0 0 0 0 0 0 0 0 0 0 
1494 10 0 0 0 0 0 0 0 0 0 0 0 
1495 10 0 0 0 0 0 0 0 0 0 0 0 
1496 10 0 0 0 0 0 0 0 0 0 0 0 
1497 10 0 0 0 0 0 0 0 0 0 0 0 
1498 10 0 0 0 0 0 0 0 0 0 0 0 
1499 10 0 0 0 0 0 0 0 0 0 0 0 
1500 10 0 0 0 0 0 0 0 0 0 0 0 
1501 10 0 0 0 0 0 0 0 0 0 0 0 
1502 10 0 0 0 0 0 0 0 0 0 0 0 
1503 10 0 0 0 0 0 0 0 0 0 0 0 
1504 10 0 0 0 0 0 0 0 0 0 0 0 
1505 10 0 0 0 0 0 0 0 0 0 0 0 
1506 10 0 0 0 0 0 0 0 0 0 0 0 
1507 10 0 0 0 0 0 0 0 0 0 0 0 
1508 10 0 0 0 0 0 0 0 0 0 0 0 
1509 10 0 0 0 0 0 0 0 0 0 0 0 
1510 10 0 0 0 0 0 0 0 0 0 0 0 
1511 10 0 0 0 0 0 0 0 0 0 0 0 
1512 10 0 0 0 0 0 0 0 0 0 0 0 
1513 10 0 0 0 0 0 0 0 0 0 0 0 
1514 10 0 0 0 0 0 0 0 0 0 0 0 
1515 10 0 0 0 0 0 0 0 0 0 0 0 
1516 10 0 0 0 0 0 0 0 0 0 0 0 
1517 10 0 0 0 0 0 0 0 0 0 0 0 
1518 10 0 0 0 0 0 0 0 0 0 0 0 
1519 10 0 0 0 0 0 0 0 0 0 0 0 
1520 10 0 0 0 0 0 0 0 0 0 0 0 
1521 10 0 0 0 0 0 0 0 0 0 0 0 
1522 10 0 0 0 0 0 0 0 0 0 0 0 
1523 10 0 0 0 0 0 0 0 0 0 0 0 
1524 10 0 0 0 0 0 0 0 0 0 0 0 
1525 10 0 0 0 0 0 0 0 0 0 0 0 
1526 10 0 0 0 0 0 0 0 0 0 0 0 
1527 10 0 0 0 0 0 0 0 0 0 0 0 
1528 10 0 0 0 0 0 0 0 0 0 0 0 
1529 10 0 0 0 0 0 0 0 0 0 0 0 
1530 10 0 0 0 0 0 0 0 0 0 0 0 
1531 10 0 0 0 0 0 0 0 0 0 0 0 
1532 10 0 0 0 0 0 0 0 0 0 0 0 
1533 10 0 0 0 0 0 0 0 0 0 0 0 
1534 10 0 0 0 0 0 0 0 0 0 0 0 
1535 10 0 0 0 0 0 0 0 0 0 0 0 
1536 10 0 0 0 0 0 0 0 0 0 0 0 
1537 10 0 0 0 0 0 0 0 0 0 0 0 
1538 10 0 0 0 0 0 0 0 0 0 0 0 
1539 10 0 0 0 0 0 0 0 0 0 0 0 
1540 10 0 0 0 0 0 0 0 0 0 0 0 
1541 10 0 0 0 0 0 0 0 0 0 0 0 
1542 10 0 0 0 0 0 0 0 0 0 0 0 
1543 10 0 0 0 0 0 0 0 0 0 0 0 
1544 10 0 0 0 0 0 0 0 0 0 0 0 
1545 10 0 0 0 0 0 0 0 0 0 0 0 
1546 10 0 0 0 0 0 0 0 0 0 0 0 
1547 10 0 0 0 0 0 0 0 0 0 0 0 
1548 10 0 0 0 0 0 0 0 0 0 0 0 
1549 10 0 0 0 0 0 0 0 0 0 0 0 
1550 10 0 0 0 0 0 0 0 0 0 0 0 
1551 10 0 0 0 0 0 0 0 0 0 0 0 
1552 10 0 0 0 0 0 0 0 0 0 0 0 
1553 10 0 0 0 0 0 0 0 0 0 0 0 
1554 10 0 0 0 0 0 0 0 0 0 0 0 
1555 10 0 0 0 0 0 0 0 0 0 0 0 
1556 10 0 0 0 0 0 0 0 0 0 0 0 
1557 10 0 0 0 0 0 0 0 0 0 0 0 
1558 10 0 0 0 0 0 0 0 0 0 0 0 
1559 10 0 0 0 0 0 0 0 0 0 0 0 
1560 10 0 0 0 0 0 0 0 0 0 0 0 
1561 10 0 0 0 0 0 0 0 0 0 0 0 
1562 10 0 0 0 0 0 0 0 0 0 0 0 
1563 10 0 0 0 0 0 0 0 0 0 0 0 
1564 10 0 0 0 0 0 0 0 0 0 0 0 
1565 10 0 0 0 0 0 0 0 0 0 0 0 
1566 10 0 0 0 0 0 0 0 0 0 0 0 
1567 10 0 0 0 0 0 0 0 0 0 0 0 
1568 10 0 0 0 0 0 0 0 0 0 0 0 
1569 10 0 0 0 0 0 0 0 0 0 0 0 
1570 10 0 0 0 0 0 0 0 0 0 0 0 
1571 10 0 0 0 0 0 0 0 0 0 0 0 
1572 10 0 0 0 0 0 0 0 0 0 0 0 
1573 10 0 0 0 0 0 0 0 0 0 0 0 
1574 10 0 0 0 0 0 0 0 0 0 0 0 
1575 10 0 0 0 0 0 0 0 0 0 0 0 
1576 10 0 0 0 0 0 0 0 0 0 0 0 
1577 10 0 0 0 0 0 0 0 0 0 0 0 
1578 10 0 0 0 0 0 0 0 0 0 0 0 
1579 10 0 0 0 0 0 0 0 0 0 0 0 
1580 10 0 0 0 0 0 0 0 0 0 0 0 
1581 10 0 0 0 0 0 0 0 0 0 0 0 
1582 10 0 0 0 0 0 0 0 0 0 0 0 
1583 10 0 0 0 0 0 0 0 0 0 0 0 
1584 10 0 0 0 0 0 0 0 0 0 0 0 
1585 10 0 0 0 0 0 0 0 0 0 0 0 
1586 10 0 0 0 0 0 0 0 0 0 0 0 
1587 10 0 0 0 0 0 0 0 0 0 0 0 
1588 10 0 0 0 0 0 0 0 0 0 0 0 
1589 10 0 0 0 0 0 0 0 0 0 0 0 
1590 10 0 0 0 0 0 0 0 0 0 0 0 
1591 10 0 0 0 0 0 0 0 0 0 0 0 
1592 10 0 0 0 0 0 0 0 0 0 0 0 
1593 10 0 0 0 0 0 0 0 0 0 0 0 
1594 10 0 0 0 0 0 0 0 0 0 0 0 
1595 10 0 0 0 0 0 0 0 0 0 0 0 
1596 10 0 0 0 0 0 0 0 0 0 0 0 
1597 10 0 0 0 0 0 0 0 0 0 0 0 
1598 10 0 0 0 0 0 0 0 0 0 0 0 
1599 10 0 0 0 0 0 0 0 0 0 0 0 
1600 10 0 0 0 0 0 0 0 0 0 0 0 
1601 10 0 0 0 0 0 0 0 0 0 0 0 
1602 10 0 0 0 0 0 0 0 0 0 0 0 
1603 10 0 0 0 0 0 0 0 0 0 0 0 
1604 10 0 0 0 0 0 0 0 0 0 0 0 
1605 10 0 0 0 0 0 0 0 0 0 0 0 
1606 10 0 0 0 0 0 0 0 0 0 0 0 
1607 10 0 0 0 0 0 0 0 0 0 0 0 
1608 10 0 0 0 0 0 0 0 0 0 0 0 
1609 10 0 0 0 0 0 0 0 0 0 0 0 
1610 10 0 0 0 0 0 0 0 0 0 0 0 
1611 10 0 0 0 0 0 0 0 0 0 0 0 
1612 10 0 0 0 0 0 0 0 0 0 0 0 
1613 10 0 0 0 0 0 0 0 0 0 0 0 
1614 10 0 0 0 0 0 0 0 0 0 0 0 
1615 10 0 0 0 0 0 0 0 0 0 0 0 
1616 10 0 0 0 0 0 0 0 0 0 0 0 
1617 10 0 0 0 0 0 0 0 0 0 0 0 
1618 10 0 0 0 0 0 0 0 0 0 0 0 
1619 10 0 0 0 0 0 0 0 0 0 0 0 
1620 10 0 0 0 0 0 0 0 0 0 0 0 
1621 10 0 0 0 0 0 0 0 0 0 0 0 
1622 10 0 0 0 0 0 0 0 0 0 0 0 
1623 10 0 0 0 0 0 0 0 0 0 0 0 
1624 10 0 0 0 0 0 0 0 0 0 0 0 
1625 10 0 0 0 0 0 0 0 0 0 0 0 
1626 10 0 0 0 0 0 0 0 0 0 0 0 
1627 10 0 0 0 0 0 0 0 0 0 0 0 
1628 10 0 0 0 0 0 0 0 0 0 0 0 
1629 10 0 0 0 0 0 0 0 0 0 0 0 
1630 10 0 0 0 0 0 0 0 0 0 0 0 
1631 10 0 0 0 0 0 0 0 0 0 0 0 
1632 10 0 0 0 0 0 0 0 0 0 0 0 
1633 10 0 0 0 0 0 0 0 0 0 0 0 
1634 10 0 0 0 0 0 0 0 0 0 0 0 
1635 10 0 0 0 0 0 0 0 0 0 0 0 
1636 10 0 0 0 0 0 0 0 0 0 0 0 
1637 10 0 0 0 0 0 0 0 0 0 0 0 
1638 10 0 0 0 0 0 0 0 0 0 0 0 
1639 10 0 0 0 0 0 0 0 0 0 0 0 
1640 10 0 0 0 0 0 0 0 0 0 0 0 
1641 10 0 0 0 0 0 0 0 0 0 0 0 
1642 10 0 0 0 0 0 0 0 0 0 0 0 
1643 10 0 0 0 0 0 0 0 0 0 0 0 
1644 10 0 0 0 0 0 0 0 0 0 0 0 
1645 10 0 0 0 0 0 0 0 0 0 0 0 
1646 10 0 0 0 0 0 0 0 0 0 0 0 
1647 10 0 0 0 0 0 0 0 0 0 0 0 
1648 10 0 0 0 0 0 0 0 0 0 0 0 
1649 10 0 0 0 0 0 0 0 0 0 0 0 
1650 10 0 0 0 0 0 0 0 0 0 0 0 
1651 10 0 0 0 0 0 0 0 0 0 0 0 
1652 10 0 0 0 0 0 0 0 0 0 0 0 
1653 10 0 0 0 0 0 0 0 0 0 0 0 
1654 10 0 0 0 0 0 0 0 0 0 0 0 
1655 10 0 0 0 0 0 0 0 0 0 0 0 
1656 10 0 0 0 0 0 0 0 0 0 0 0 
1657 10 0 0 0 0 0 0 0 0 0 0 0 
1658 10 0 0 0 0 0 0 0 0 0 0 0 
1659 10 0 0 0 0 0 0 0 0 0 0 0 
1660 10 0 0 0 0 0 0 0 0 0 0 0 
1661 10 0 0 0 0 0 0 0 0 0 0 0 
1662 10 0 0 0 0 0 0 0 0 0 0 0 
1663 10 0 0 0 0 0 0 0 0 0 0 0 
1664 10 0 0 0 0 0 0 0 0 0 0 0 
1665 10 0 0 0 0 0 0 0 0 0 0 0 
1666 10 0 0 0 0 0 0 0 0 0 0 0 
1667 10 53 0 0 0 0 0 0 0 0 0 0 
1668 10 54 0 0 0 0 0 0 0 0 0 0 
1669 10 55 0 0 0 0 0 0 0 0 0 0 
1670 10 56 0 0 0 0 0 0 0 0 0 0 
1671 10 0 0 0 0 0 0 0 0 0 0 0 
1672 10 0 0 0 0 0 0 0 0 0 0 0 
1673 10 0 0 0 0 0 0 0 0 0 0 0 
1674 10 0 0 0 0 0 0 0 0 0 0 0 
1675 10 0 0 0 0 0 0 0 0 0 0 0 
1676 10 0 0 0 0 0 0 0 0 0 0 0 
1677 10 0 0 0 0 0 0 0 0 0 0 0 
1678 10 0 0 0 0 0 0 0 0 0 0 0 
1679 10 0 0 0 0 0 0 0 0 0 0 0 
1680 10 0 0 0 0 0 0 0 0 0 0 0 
1681 10 0 0 0 0 0 0 0 0 0 0 0 
1682 10 0 0 0 0 0 0 0 0 0 0 0 
1683 10 0 0 0 0 0 0 0 0 0 0 0 
1684 10 0 0 0 0 0 0 0 0 0 0 0 
1685 10 0 0 0 0 0 0 0 0 0 0 0 
1686 10 0 0 0 0 0 0 0 0 0 0 0 
1687 10 59 0 0 0 0 0 0 0 0 0 0 
1688 10 60 0 0 0 0 0 0 0 0 0 0 
1689 10 0 0 0 0 0 0 0 0 0 0 0 
1690 10 0 0 0 0 0 0 0 0 0 0 0 
1691 10 0 0 0 0 0 0 0 0 0 0 0 
1692 10 0 0 0 0 0 0 0 0 0 0 0 
1693 10 0 0 0 0 0 0 0 0 0 0 0 
1694 10 0 0 0 0 0 0 0 0 0 0 0 
1695 10 0 0 0 0 0 0 0 0 0 0 0 
1696 10 0 0 0 0 0 0 0 0 0 0 0 
1697 10 0 0 0 0 0 0 0 0 0 0 0 
1698 10 0 0 0 0 0 0 0 0 0 0 0 
1699 10 0 0 0 0 0 0 0 0 0 0 0 
1700 10 0 0 0 0 0 0 0 0 0 0 0 
1701 10 0 0 0 0 0 0 0 0 0 0 0 
1702 10 0 0 0 0 0 0 0 0 0 0 0 
1703 10 0 0 0 0 0 0 0 0 0 0 0 
1704 10 0 0 0 0 0 0 0 0 0 0 0 
1705 10 0 0 0 0 0 0 0 0 0 0 0 
1706 10 0 0 0 0 0 0 0 0 0 0 0 
1707 10 0 0 0 0 0 0 0 0 0 0 0 
1708 10 0 0 0 0 0 0 0 0 0 0 0 
1709 10 0 0 0 0 0 0 0 0 0 0 0 
1710 10 0 0 0 0 0 0 0 0 0 0 0 
1711 10 0 0 0 0 0 0 0 0 0 0 0 
1712 10 0 0 0 0 0 0 0 0 0 0 0 
1713 10 0 0 0 0 0 0 0 0 0 0 0 
1714 10 0 0 0 0 0 0 0 0 0 0 0 
1715 10 0 0 0 0 0 0 0 0 0 0 0 
1716 10 0 0 0 0 0 0 0 0 0 0 0 
1717 10 0 0 0 0 0 0 0 0 0 0 0 
1718 10 0 0 0 0 0 0 0 0 0 0 0 
1719 10 0 0 0 0 0 0 0 0 0 0 0 
1720 10 0 0 0 0 0 0 0 0 0 0 0 
1721 10 0 0 0 0 0 0 0 0 0 0 0 
1722 10 0 0 0 0 0 0 0 0 0 0 0 
1723 10 0 0 0 0 0 0 0 0 0 0 0 
1724 10 0 0 0 0 0 0 0 0 0 0 0 
1725 10 0 0 0 0 0 0 0 0 0 0 0 
1726 10 0 0 0 0 0 0 0 0 0 0 0 
1727 10 0 0 0 0 0 0 0 0 0 0 0 
1728 10 0 0 0 0 0 0 0 0 0 0 0 
1729 10 0 0 0 0 0 0 0 0 0 0 0 
1730 10 0 0 0 0 0 0 0 0 0 0 0 
1731 10 65 0 0 0 0 0 0 0 0 0 0 
1732 10 66 0 0 0 0 0 0 0 0 0 0 
1733 10 0 0 0 0 0 0 0 0 0 0 0 
1734 10 0 0 0 0 0 0 0 0 0 0 0 
1735 10 0 0 0 0 0 0 0 0 0 0 0 
1736 10 0 0 0 0 0 0 0 0 0 0 0 
1737 10 0 0 0 0 0 0 0 0 0 0 0 
1738 10 0 0 0 0 0 0 0 0 0 0 0 
1739 10 0 0 0 0 0 0 0 0 0 0 0 
1740 10 0 0 0 0 0 0 0 0 0 0 0 
1741 10 0 0 0 0 0 0 0 0 0 0 0 
1742 10 0 0 0 0 0 0 0 0 0 0 0 
1743 10 70 0 0 0 0 0 0 0 0 0 0 
1744 10 71 0 0 0 0 0 0 0 0 0 0 
1745 10 0 0 0 0 0 0 0 0 0 0 0 
1746 10 0 0 0 0 0 0 0 0 0 0 0 
1747 10 73 0 0 0 0 0 0 0 0 0 0 
1748 10 74 0 0 0 0 0 0 0 0 0 0 
1749 10 0 0 0 0 0 0 0 0 0 0 0 
1750 10 0 0 0 0 0 0 0 0 0 0 0 
1751 10 76 0 0 0 0 0 0 0 0 0 0 
1752 10 77 0 0 0 0 0 0 0 0 0 0 
1753 10 78 0 0 0 0 0 0 0 0 0 0 
1754 10 79 0 0 0 0 0 0 0 0 0 0 
1755 10 80 0 0 0 0 0 0 0 0 0 0 
1756 10 81 0 0 0 0 0 0 0 0 0 0 
1757 10 82 0 0 0 0 0 0 0 0 0 0 
1758 10 83 0 0 0 0 0 0 0 0 0 0 
1759 10 0 0 0 0 0 0 0 0 0 0 0 
1760 10 0 0 0 0 0 0 0 0 0 0 0 
1761 10 0 0 0 0 0 0 0 0 0 0 0 
1762 10 0 0 0 0 0 0 0 0 0 0 0 
1763 10 0 0 0 0 0 0 0 0 0 0 0 
1764 10 0 0 0 0 0 0 0 0 0 0 0 
1765 10 0 0 0 0 0 0 0 0 0 0 0 
1766 10 0 0 0 0 0 0 0 0 0 0 0 
1767 10 0 0 0 0 0 0 0 0 0 0 0 
1768 10 0 0 0 0 0 0 0 0 0 0 0 
1769 10 0 0 0 0 0 0 0 0 0 0 0 
1770 10 0 0 0 0 0 0 0 0 0 0 0 
1771 10 0 0 0 0 0 0 0 0 0 0 0 
1772 10 0 0 0 0 0 0 0 0 0 0 0 
1773 10 0 0 0 0 0 0 0 0 0 0 0 
1774 10 0 0 0 0 0 0 0 0 0 0 0 
1775 10 0 0 0 0 0 0 0 0 0 0 0 
1776 10 0 0 0 0 0 0 0 0 0 0 0 
1777 10 0 0 0 0 0 0 0 0 0 0 0 
1778 10 0 0 0 0 0 0 0 0 0 0 0 
1779 10 0 0 0 0 0 0 0 0 0 0 0 
1780 10 0 0 0 0 0 0 0 0 0 0 0 
1781 10 0 0 0 0 0 0 0 0 0 0 0 
1782 10 0 0 0 0 0 0 0 0 0 0 0 
1783 10 0 0 0 0 0 0 0 0 0 0 0 
1784 10 0 0 0 0 0 0 0 0 0 0 0 
1785 10 0 0 0 0 0 0 0 0 0 0 0 
1786 10 0 0 0 0 0 0 0 0 0 0 0 
1787 10 0 0 0 0 0 0 0 0 0 0 0 
1788 10 0 0 0 0 0 0 0 0 0 0 0 
1789 10 0 0 0 0 0 0 0 0 0 0 0 
1790 10 0 0 0 0 0 0 0 0 0 0 0 
1791 10 0 0 0 0 0 0 0 0 0 0 0 
1792 10 0 0 0 0 0 0 0 0 0 0 0 
1793 10 0 0 0 0 0 0 0 0 0 0 0 
1794 10 0 0 0 0 0 0 0 0 0 0 0 
1795 10 0 0 0 0 0 0 0 0 0 0 0 
1796 10 0 0 0 0 0 0 0 0 0 0 0 
1797 10 0 0 0 0 0 0 0 0 0 0 0 
1798 10 0 0 0 0 0 0 0 0 0 0 0 
1799 10 0 0 0 0 0 0 0 0 0 0 0 
1800 10 0 0 0 0 0 0 0 0 0 0 0 
1801 10 0 0 0 0 0 0 0 0 0 0 0 
1802 10 0 0 0 0 0 0 0 0 0 0 0 
1803 10 0 0 0 0 0 0 0 0 0 0 0 
1804 10 0 0 0 0 0 0 0 0 0 0 0 
1805 10 0 0 0 0 0 0 0 0 0 0 0 
1806 10 0 0 0 0 0 0 0 0 0 0 0 
1807 10 0 0 0 0 0 0 0 0 0 0 0 
1808 10 0 0 0 0 0 0 0 0 0 0 0 
1809 10 0 0 0 0 0 0 0 0 0 0 0 
1810 10 0 0 0 0 0 0 0 0 0 0 0 
1811 10 0 0 0 0 0 0 0 0 0 0 0 
1812 10 0 0 0 0 0 0 0 0 0 0 0 
1813 10 0 0 0 0 0 0 0 0 0 0 0 
1814 10 0 0 0 0 0 0 0 0 0 0 0 
1815 10 0 0 0 0 0 0 0 0 0 0 0 
1816 10 0 0 0 0 0 0 0 0 0 0 0 
1817 10 0 0 0 0 0 0 0 0 0 0 0 
1818 10 0 0 0 0 0 0 0 0 0 0 0 
1819 10 0 0 0 0 0 0 0 0 0 0 0 
1820 10 0 0 0 0 0 0 0 0 0 0 0 
1821 10 0 0 0 0 0 0 0 0 0 0 0 
1822 10 0 0 0 0 0 0 0 0 0 0 0 
1823 10 0 0 0 0 0 0 0 0 0 0 0 
1824 10 0 0 0 0 0 0 0 0 0 0 0 
1825 10 0 0 0 0 0 0 0 0 0 0 0 
1826 10 0 0 0 0 0 0 0 0 0 0 0 
1827 10 0 0 0 0 0 0 0 0 0 0 0 
1828 10 0 0 0 0 0 0 0 0 0 0 0 
1829 10 0 0 0 0 0 0 0 0 0 0 0 
1830 10 0 0 0 0 0 0 0 0 0 0 0 
1831 10 0 0 0 0 0 0 0 0 0 0 0 
1832 10 0 0 0 0 0 0 0 0 0 0 0 
1833 10 0 0 0 0 0 0 0 0 0 0 0 
1834 10 0 0 0 0 0 0 0 0 0 0 0 
1835 10 0 0 0 0 0 0 0 0 0 0 0 
1836 10 0 0 0 0 0 0 0 0 0 0 0 
1837 10 0 0 0 0 0 0 0 0 0 0 0 
1838 10 0 0 0 0 0 0 0 0 0 0 0 
1839 10 0 0 0 0 0 0 0 0 0 0 0 
1840 10 0 0 0 0 0 0 0 0 0 0 0 
1841 10 0 0 0 0 0 0 0 0 0 0 0 
1842 10 0 0 0 0 0 0 0 0 0 0 0 
1843 10 0 0 0 0 0 0 0 0 0 0 0 
1844 10 0 0 0 0 0 0 0 0 0 0 0 
1845 10 0 0 0 0 0 0 0 0 0 0 0 
1846 10 0 0 0 0 0 0 0 0 0 0 0 
1847 10 0 0 0 0 0 0 0 0 0 0 0 
1848 10 0 0 0 0 0 0 0 0 0 0 0 
1849 10 0 0 0 0 0 0 0 0 0 0 0 
1850 10 0 0 0 0 0 0 0 0 0 0 0 
1851 10 0 0 0 0 0 0 0 0 0 0 0 
1852 10 0 0 0 0 0 0 0 0 0 0 0 
1853 10 0 0 0 0 0 0 0 0 0 0 0 
1854 10 0 0 0 0 0 0 0 0 0 0 0 
1855 10 0 0 0 0 0 0 0 0 0 0 0 
1856 10 0 0 0 0 0 0 0 0 0 0 0 
1857 10 0 0 0 0 0 0 0 0 0 0 0 
1858 10 0 0 0 0 0 0 0 0 0 0 0 
1859 10 0 0 0 0 0 0 0 0 0 0 0 
1860 10 0 0 0 0 0 0 0 0 0 0 0 
1861 10 0 0 0 0 0 0 0 0 0 0 0 
1862 10 0 0 0 0 0 0 0 0 0 0 0 
1863 10 0 0 0 0 0 0 0 0 0 0 0 
1864 10 0 0 0 0 0 0 0 0 0 0 0 
1865 10 0 0 0 0 0 0 0 0 0 0 0 
1866 10 0 0 0 0 0 0 0 0 0 0 0 
1867 10 0 0 0 0 0 0 0 0 0 0 0 
1868 10 0 0 0 0 0 0 0 0 0 0 0 
1869 10 0 0 0 0 0 0 0 0 0 0 0 
1870 10 0 0 0 0 0 0 0 0 0 0 0 
1871 10 0 0 0 0 0 0 0 0 0 0 0 
1872 10 0 0 0 0 0 0 0 0 0 0 0 
1873 10 0 0 0 0 0 0 0 0 0 0 0 
1874 10 0 0 0 0 0 0 0 0 0 0 0 
1875 10 0 0 0 0 0 0 0 0 0 0 0 
1876 10 0 0 0 0 0 0 0 0 0 0 0 
1877 10 0 0 0 0 0 0 0 0 0 0 0 
1878 10 0 0 0 0 0 0 0 0 0 0 0 
1879 10 0 0 0 0 0 0 0 0 0 0 0 
1880 10 0 0 0 0 0 0 0 0 0 0 0 
1881 10 0 0 0 0 0 0 0 0 0 0 0 
1882 10 0 0 0 0 0 0 0 0 0 0 0 
1883 10 0 0 0 0 0 0 0 0 0 0 0 
1884 10 0 0 0 0 0 0 0 0 0 0 0 
1885 10 0 0 0 0 0 0 0 0 0 0 0 
1886 10 0 0 0 0 0 0 0 0 0 0 0 
1887 10 0 0 0 0 0 0 0 0 0 0 0 
1888 10 0 0 0 0 0 0 0 0 0 0 0 
1889 10 0 0 0 0 0 0 0 0 0 0 0 
1890 10 0 0 0 0 0 0 0 0 0 0 0 
1891 10 0 0 0 0 0 0 0 0 0 0 0 
1892 10 0 0 0 0 0 0 0 0 0 0 0 
1893 10 0 0 0 0 0 0 0 0 0 0 0 
1894 10 0 0 0 0 0 0 0 0 0 0 0 
1895 10 0 0 0 0 0 0 0 0 0 0 0 
1896 10 0 0 0 0 0 0 0 0 0 0 0 
1897 10 0 0 0 0 0 0 0 0 0 0 0 
1898 10 0 0 0 0 0 0 0 0 0 0 0 
1899 10 0 0 0 0 0 0 0 0 0 0 0 
1900 10 0 0 0 0 0 0 0 0 0 0 0 
1901 10 0 0 0 0 0 0 0 0 0 0 0 
1902 10 0 0 0 0 0 0 0 0 0 0 0 
1903 10 0 0 0 0 0 0 0 0 0 0 0 
1904 10 0 0 0 0 0 0 0 0 0 0 0 
1905 10 0 0 0 0 0 0 0 0 0 0 0 
1906 10 0 0 0 0 0 0 0 0 0 0 0 
1907 10 0 0 0 0 0 0 0 0 0 0 0 
1908 10 0 0 0 0 0 0 0 0 0 0 0 
1909 10 0 0 0 0 0 0 0 0 0 0 0 
1910 10 0 0 0 0 0 0 0 0 0 0 0 
1911 10 0 0 0 0 0 0 0 0 0 0 0 
1912 10 0 0 0 0 0 0 0 0 0 0 0 
1913 10 0 0 0 0 0 0 0 0 0 0 0 
1914 10 0 0 0 0 0 0 0 0 0 0 0 
1915 10 0 0 0 0 0 0 0 0 0 0 0 
1916 10 0 0 0 0 0 0 0 0 0 0 0 
1917 10 0 0 0 0 0 0 0 0 0 0 0 
1918 10 0 0 0 0 0 0 0 0 0 0 0 
1919 10 0 0 0 0 0 0 0 0 0 0 0 
1920 10 0 0 0 0 0 0 0 0 0 0 0 
1921 10 0 0 0 0 0 0 0 0 0 0 0 
1922 10 0 0 0 0 0 0 0 0 0 0 0 
1923 10 0 0 0 0 0 0 0 0 0 0 0 
1924 10 0 0 0 0 0 0 0 0 0 0 0 
1925 10 97 0 0 0 0 0 0 0 0 0 0 
1926 10 98 0 0 0 0 0 0 0 0 0 0 
1927 10 99 0 0 0 0 0 0 0 0 0 0 
1928 10 100 0 0 0 0 0 0 0 0 0 0 
1929 10 101 0 0 0 0 0 0 0 0 0 0 
1930 10 102 0 0 0 0 0 0 0 0 0 0 
1931 10 103 0 0 0 0 0 0 0 0 0 0 
1932 10 104 0 0 0 0 0 0 0 0 0 0 
1933 10 0 0 0 0 0 0 0 0 0 0 0 
1934 10 0 0 0 0 0 0 0 0 0 0 0 
1935 10 0 0 0 0 0 0 0 0 0 0 0 
1936 10 0 0 0 0 0 0 0 0 0 0 0 
1937 10 0 0 0 0 0 0 0 0 0 0 0 
1938 10 0 0 0 0 0 0 0 0 0 0 0 
1939 10 0 0 0 0 0 0 0 0 0 0 0 
1940 10 0 0 0 0 0 0 0 0 0 0 0 
1941 10 0 0 0 0 0 0 0 0 0 0 0 
1942 10 0 0 0 0 0 0 0 0 0 0 0 
1943 10 0 0 0 0 0 0 0 0 0 0 0 
1944 10 0 0 0 0 0 0 0 0 0 0 0 
1945 10 0 0 0 0 0 0 0 0 0 0 0 
1946 10 0 0 0 0 0 0 0 0 0 0 0 
1947 10 0 0 0 0 0 0 0 0 0 0 0 
1948 10 0 0 0 0 0 0 0 0 0 0 0 
1949 10 0 0 0 0 0 0 0 0 0 0 0 
1950 10 0 0 0 0 0 0 0 0 0 0 0 
1951 10 0 0 0 0 0 0 0 0 0 0 0 
1952 10 0 0 0 0 0 0 0 0 0 0 0 
1953 10 0 0 0 0 0 0 0 0 0 0 0 
1954 10 0 0 0 0 0 0 0 0 0 0 0 
1955 10 0 0 0 0 0 0 0 0 0 0 0 
1956 10 0 0 0 0 0 0 0 0 0 0 0 
1957 10 0 0 0 0 0 0 0 0 0 0 0 
1958 10 0 0 0 0 0 0 0 0 0 0 0 
1959 10 0 0 0 0 0 0 0 0 0 0 0 
1960 10 0 0 0 0 0 0 0 0 0 0 0 
1961 10 0 0 0 0 0 0 0 0 0 0 0 
1962 10 0 0 0 0 0 0 0 0 0 0 0 
1963 10 0 0 0 0 0 0 0 0 0 0 0 
1964 10 0 0 0 0 0 0 0 0 0 0 0 
1965 10 0 0 0 0 0 0 0 0 0 0 0 
1966 10 0 0 0 0 0 0 0 0 0 0 0 
1967 10 0 0 0 0 0 0 0 0 0 0 0 
1968 10 0 0 0 0 0 0 0 0 0 0 0 
1969 10 0 0 0 0 0 0 0 0 0 0 0 
1970 10 0 0 0 0 0 0 0 0 0 0 0 
1971 10 0 0 0 0 0 0 0 0 0 0 0 
1972 10 0 0 0 0 0 0 0 0 0 0 0 
1973 10 0 0 0 0 0 0 0 0 0 0 0 
1974 10 0 0 0 0 0 0 0 0 0 0 0 
1975 10 0 0 0 0 0 0 0 0 0 0 0 
1976 10 0 0 0 0 0 0 0 0 0 0 0 
1977 10 0 0 0 0 0 0 0 0 0 0 0 
1978 10 0 0 0 0 0 0 0 0 0 0 0 
1979 10 0 0 0 0 0 0 0 0 0 0 0 
1980 10 0 0 0 0 0 0 0 0 0 0 0 
1981 10 0 0 0 0 0 0 0 0 0 0 0 
1982 10 0 0 0 0 0 0 0 0 0 0 0 
1983 10 0 0 0 0 0 0 0 0 0 0 0 
1984 10 0 0 0 0 0 0 0 0 0 0 0 
1985 10 0 0 0 0 0 0 0 0 0 0 0 
1986 10 0 0 0 0 0 0 0 0 0 0 0 
1987 10 0 0 0 0 0 0 0 0 0 0 0 
1988 10 0 0 0 0 0 0 0 0 0 0 0 
1989 10 0 0 0 0 0 0 0 0 0 0 0 
1990 10 0 0 0 0 0 0 0 0 0 0 0 
1991 10 0 0 0 0 0 0 0 0 0 0 0 
1992 10 0 0 0 0 0 0 0 0 0 0 0 
1993 10 0 0 0 0 0 0 0 0 0 0 0 
1994 10 0 0 0 0 0 0 0 0 0 0 0 
1995 10 0 0 0 0 0 0 0 0 0 0 0 
1996 10 0 0 0 0 0 0 0 0 0 0 0 
1997 10 0 0 0 0 0 0 0 0 0 0 0 
1998 10 0 0 0 0 0 0 0 0 0 0 0 
1999 10 0 0 0 0 0 0 0 0 0 0 0 
2000 10 0 0 0 0 0 0 0 0 0 0 0 
2001 10 0 0 0 0 0 0 0 0 0 0 0 
2002 10 0 0 0 0 0 0 0 0 0 0 0 
2003 10 0 0 0 0 0 0 0 0 0 0 0 
2004 10 0 0 0 0 0 0 0 0 0 0 0 
2005 10 0 0 0 0 0 0 0 0 0 0 0 
2006 10 0 0 0 0 0 0 0 0 0 0 0 
2007 10 0 0 0 0 0 0 0 0 0 0 0 
2008 10 0 0 0 0 0 0 0 0 0 0 0 
2009 10 0 0 0 0 0 0 0 0 0 0 0 
2010 10 0 0 0 0 0 0 0 0 0 0 0 
2011 10 0 0 0 0 0 0 0 0 0 0 0 
2012 10 0 0 0 0 0 0 0 0 0 0 0 
2013 10 0 0 0 0 0 0 0 0 0 0 0 
2014 10 0 0 0 0 0 0 0 0 0 0 0 
2015 10 0 0 0 0 0 0 0 0 0 0 0 
2016 10 0 0 0 0 0 0 0 0 0 0 0 
2017 10 0 0 0 0 0 0 0 0 0 0 0 
2018 10 0 0 0 0 0 0 0 0 0 0 0 
2019 10 0 0 0 0 0 0 0 0 0 0 0 
2020 10 0 0 0 0 0 0 0 0 0 0 0 
2021 10 117 0 0 0 0 0 0 0 0 0 0 
2022 10 118 0 0 0 0 0 0 0 0 0 0 
2023 10 0 0 0 0 0 0 0 0 0 0 0 
2024 10 0 0 0 0 0 0 0 0 0 0 0 
2025 10 0 0 0 0 0 0 0 0 0 0 0 
2026 10 0 0 0 0 0 0 0 0 0 0 0 
2027 10 0 0 0 0 0 0 0 0 0 0 0 
2028 10 0 0 0 0 0 0 0 0 0 0 0 
2029 10 0 0 0 0 0 0 0 0 0 0 0 
2030 10 0 0 0 0 0 0 0 0 0 0 0 
2031 10 0 0 0 0 0 0 0 0 0 0 0 
2032 10 0 0 0 0 0 0 0 0 0 0 0 
2033 10 0 0 0 0 0 0 0 0 0 0 0 
2034 10 0 0 0 0 0 0 0 0 0 0 0 
2035 10 0 0 0 0 0 0 0 0 0 0 0 
2036 10 0 0 0 0 0 0 0 0 0 0 0 
2037 10 0 0 0 0 0 0 0 0 0 0 0 
2038 10 0 0 0 0 0 0 0 0 0 0 0 
2039 10 0 0 0 0 0 0 0 0 0 0 0 
2040 10 0 0 0 0 0 0 0 0 0 0 0 
2041 10 0 0 0 0 0 0 0 0 0 0 0 
2042 10 0 0 0 0 0 0 0 0 0 0 0 
2043 10 0 0 0 0 0 0 0 0 0 0 0 
2044 10 0 0 0 0 0 0 0 0 0 0 0 
2045 10 0 0 0 0 0 0 0 0 0 0 0 
2046 10 0 0 0 0 0 0 0 0 0 0 0 

0 5 2 2 0.187135 8 14 -5 -15 5 -15 11 -14 -3 -12 42 -14 -33 -13 36 15 -27 4 0.985816 139 1 -21 1 -12 0 -7 -1 4 6 -23 5 -1 -2 7 -2 8 12 -1 2 -2 -1 42 1 35 1 13 11 -12 0 40 10 -23 0 15 -3 41 -1 41 -1 -19 8 7 7 -17 -4 -21 -3 36 9 -10 5 29 5 15 3 16 3 -1 -1 41 -7 32 3 -12 3 -14 -1 34 5 24 12 38 -2 28 4 -15 2 32 -5 41 12 16 14 -17 11 1 14 -21 -9 24 -13 -21 -9 30 -13 -18 -12 45 9 13 -11 31 -12 36 -13 42 -11 44 -14 -15 11 -20 6 39 -11 5 10 -8 10 -9 8 16 3 -28 8 -6 9 -15 -21 -11 -19 -26 -18 -27 -18 19 -18 -24 -17 -28 -17 -23 -18 1 5 24 -14 -25 -12 -16 -21 -14 -22 29 -8 -30 -8 -24 -24 -6 -23 2 -21 16 -23 22 -15 38 -10 6 -15 29 -6 -21 -19 -1 -20 11 0 -28 -12 -8 -18 18 -22 -1 -22 0 -4 -28 -8 12 -9 29 -9 31 -20 18 -4 -31 -21 32 -20 -24 -20 -29 -24 16 -23 -2 -14 43 -16 12 -15 20 -22 1 -24 -27 -16 -30 -22 15 -19 29 -18 37 13 -28 -22 11 -23 17 -22 32 -21 23 -22 -8 -18 19 -21 35 -17 -2 -23 30 -16 -11 -17 -26 -20 -21 -22 -29 0 -28 6 30 16 -22 8 -31 -21 0 -15 -35 9 10 -17 -14 -20 1 18 -1 1 -32 
1 5 2 2 0.230769 3 15 -21 15 -8 12 29 4 0.981595 40 12 -12 16 -19 15 -1 9 -21 15 31 12 9 21 -14 20 15 12 -31 10 7 7 14 19 -5 16 2 17 15 6 16 8 -1 18 -29 19 25 16 -27 16 8 15 36 14 -15 5 -1 13 -31 2 39 16 -22 16 -15 2 24 17 41 9 23 24 5 26 -25 15 41 23 10 19 39 24 -1 26 40 13 -12 20 27 20 28 
2 5 2 2 0.666667 4 8 7 9 -9 8 -10 9 -11 4 0.888889 8 20 44 12 19 12 37 23 28 23 29 9 -10 21 -4 22 -13 
3 5 2 2 0.631579 3 12 1 11 42 11 -21 4 0.903226 7 15 44 23 45 14 45 26 22 13 -23 24 44 25 -5 
4 5 2 2 0.470588 2 16 -12 16 -11 4 0.947368 9 14 -27 12 -16 17 40 22 8 23 -28 25 -28 17 28 17 24 12 -19 
5 5 2 2 0.979592 12 15 -11 15 28 10 -5 13 37 14 -30 15 2 15 6 14 -29 14 2 15 14 15 45 7 -31 4 0.25 1 12 1 
6 5 2 2 0.979592 36 16 29 10 33 13 -10 10 36 11 13 16 49 15 45 13 -21 13 -22 13 -25 11 -17 13 43 13 -7 14 31 15 -8 15 16 13 1 15 -32 16 17 12 43 13 19 12 -29 12 -14 14 42 11 16 13 0 14 19 9 19 11 4 11 -27 10 27 12 27 10 36 13 8 12 23 13 -31 4 0.25 3 14 -30 11 22 25 11 
7 5 2 2 0.125 1 9 19 4 0.99115 28 0 -20 0 -22 0 -15 17 -3 15 -30 16 22 2 10 17 -1 23 4 11 -20 17 14 24 4 23 -2 1 41 24 38 21 -33 6 -13 22 42 8 39 8 10 3 33 4 19 20 -11 21 40 2 18 7 -14 11 -1 21 -26 
8 5 2 2 0.869565 5 7 8 4 40 13 39 9 -19 6 41 4 0.705882 3 -4 42 -4 40 13 37 
9 5 2 2 0.792453 105 -20 3 -9 30 -11 23 -9 31 -14 38 -20 12 10 34 -12 1 12 -2 10 -9 12 -2 14 1 -8 35 9 -2 12 35 7 -18 10 12 -7 32 -8 34 -13 37 -7 30 10 26 12 35 16 11 7 -10 -14 38 9 1 8 15 -7 -21 5 -2 14 -1 13 31 7 25 15 8 -12 0 -10 -22 14 -17 2 38 -7 37 8 10 5 7 -12 -23 -12 -34 7 -6 5 13 13 21 -11 -10 -10 -33 16 19 12 25 -11 21 15 21 5 37 2 37 3 26 4 35 -12 -27 -11 -26 13 29 5 32 5 19 8 -10 15 -12 3 24 -12 -15 6 18 7 29 8 29 -15 -29 -10 35 -14 -34 9 -30 -8 -38 8 23 2 32 2 -27 -14 -38 5 -8 -15 -18 9 -30 -19 -31 -12 -38 8 -2 -3 34 -4 35 -12 -6 9 2 12 -26 3 32 6 -9 7 -24 0 -5 -13 16 8 0 -15 -38 -19 40 5 31 15 -25 4 -2 5 -32 -15 36 -13 -35 -12 40 -4 29 -14 17 4 0.807339 110 -15 38 -6 36 2 39 3 38 -23 36 -3 40 -7 36 -9 16 -10 16 -22 23 -11 36 -11 10 20 35 6 35 6 36 -12 34 3 25 -8 21 6 4 -12 39 -15 32 10 37 11 -13 10 -11 11 13 -1 35 14 23 -19 32 12 2 -1 41 11 -14 5 8 20 13 12 -4 16 3 -15 34 -3 38 12 14 14 9 -3 42 -21 31 13 -1 -2 -1 10 35 3 24 -3 32 9 -16 -4 25 14 -4 2 14 8 -11 -14 34 6 30 17 -11 5 -10 12 -8 7 -12 2 20 -5 7 11 41 -23 1 -17 -13 -6 -9 8 -17 0 34 -19 -14 2 -8 -8 -20 -21 -2 0 33 -11 39 -21 -31 -20 -2 -22 -28 -22 -24 -8 36 -20 -26 -15 24 -21 4 -16 -8 -16 22 -20 9 -10 36 -14 13 -4 19 13 23 2 32 14 25 -1 -12 15 19 5 -31 -3 -25 -22 -31 -20 11 -1 42 6 -17 -21 12 -3 35 -10 41 4 -20 -18 -22 6 -24 6 -26 -16 38 1 3 19 -27 -21 11 17 -19 -9 41 23 -29 
10 5 2 2 0.962025 38 3 -20 2 38 -14 36 -1 -24 1 38 -15 40 -12 34 -12 30 7 7 5 37 -12 37 -12 29 -12 26 7 -10 -15 39 8 -26 -11 34 -13 34 -14 10 -10 37 5 35 -13 37 -15 27 -15 21 -12 27 -14 28 4 28 2 -20 -13 18 5 32 -12 20 6 -37 5 -31 6 -2 -3 14 9 -34 9 -34 7 -4 4 0.387097 6 -16 19 -18 38 14 -28 3 -29 5 -31 -22 42 
11 5 2 2 0.184615 3 8 -16 -12 28 7 -30 4 0.986046 53 -5 32 1 30 -5 32 1 -12 1 23 -3 -33 0 -3 1 23 12 18 2 -5 -16 -2 -10 27 -19 -33 -10 -21 -8 9 -19 -7 -16 6 -17 10 -7 14 -7 0 -4 11 -22 -12 -6 6 -5 17 -11 5 -15 28 0 -5 -2 -16 -3 -4 -4 9 -17 28 -4 19 -18 25 7 28 -18 25 4 -26 -17 29 -14 13 -13 23 -5 -13 -4 18 -6 8 -19 22 6 -2 2 19 6 -1 -8 24 3 16 -21 13 5 13 -3 17 7 4 4 11 
12 5 2 2 0.413793 3 -6 22 -11 6 -10 13 4 0.957747 17 -12 -3 6 -15 8 7 2 24 -22 4 -8 2 -17 8 -16 9 8 -12 -23 1 8 -3 -22 5 -13 17 9 -8 8 13 -11 23 10 19 
13 5 2 2 0.972973 9 3 -5 4 4 5 -8 -7 -36 5 0 5 -6 6 -27 7 9 7 -27 4 0.307692 1 -16 27 
14 5 2 2 0.235294 1 13 -18 4 0.981132 13 -13 33 -1 34 -14 -32 -5 -10 -2 32 -5 -7 -4 -11 -3 29 -4 24 -5 4 -7 -25 -10 -11 -10 -33 
15 5 2 2 0.862745 11 0 18 2 -38 -11 -4 -6 -6 -3 -25 4 12 0 26 6 41 1 -16 6 -27 5 40 4 0.717949 7 -11 45 -12 45 -1 -20 -6 -32 6 44 -5 43 -6 43 
16 5 2 2 0.235294 1 13 -36 4 0.981132 13 12 -31 0 3 -17 -28 -13 20 -16 -23 -12 3 -2 -32 -14 -2 7 16 15 -9 10 14 3 -14 7 7 
17 5 2 2 0.9 18 -20 -29 16 14 16 13 7 31 8 35 6 43 3 45 7 42 12 40 12 45 11 42 -20 42 -8 41 -10 45 12 42 -11 40 -7 40 -15 41 4 0.64 8 -4 44 -10 -25 -11 0 -1 11 -11 -7 -4 45 -1 44 -15 43 
18 5 2 2 0.984615 48 -12 -6 -8 -23 -10 34 -10 -39 -11 -4 -15 -29 -14 -15 -10 -35 -8 36 -9 32 -15 -1 -15 -15 -14 -13 -15 -23 -13 -27 -15 -2 -18 -1 -13 -35 -13 -7 -18 -30 -10 23 -18 -27 -17 -16 -13 16 -15 -31 -13 -24 -15 -10 -16 -4 -17 -2 -14 1 -15 -3 -13 -3 -17 -15 -15 0 -19 -27 -15 -27 -12 -5 -18 -21 -18 -7 -16 19 -20 20 -14 -25 -13 -31 -12 -31 -14 -31 -12 -32 -18 0 -16 29 4 0.2 3 -2 18 -12 17 -15 -5 
19 5 2 2 0.914729 59 -1 -18 -19 -5 1 -21 -13 -24 -18 20 -18 8 -17 -28 -14 23 -18 0 -19 30 -16 -33 -3 -23 -16 14 -19 13 -6 8 -17 29 -13 33 -2 27 -2 -36 -2 -32 -19 -24 -9 -20 -5 -28 -5 4 -9 8 -7 -29 -5 -18 -2 20 -8 -5 -6 12 -8 -1 -3 19 -11 -30 -17 29 -17 28 -5 -28 -17 31 -10 -35 -10 4 0 20 -10 26 -5 25 -2 -30 -4 17 -9 -7 -10 -2 -3 2 -5 -16 -3 -11 -4 14 -5 9 -6 -3 -6 -27 -4 -34 -5 -26 -2 21 -2 15 -2 -6 -1 -11 4 0.598639 22 -6 9 -10 -23 -22 -22 -10 -8 -6 19 -12 -23 -8 21 -20 -33 -12 31 -8 -29 -13 -23 -11 -5 -5 -4 -4 -5 -15 -21 -23 -5 -14 -20 -18 -18 -16 -18 -15 -18 -9 -7 -11 10 
20 5 2 2 0.991736 60 -8 42 9 42 9 42 -12 43 -7 42 -9 45 4 44 -3 45 -13 43 2 45 5 47 -9 43 7 44 5 43 -2 45 3 44 -2 46 15 43 0 45 4 46 1 46 1 47 11 45 -11 46 -5 47 -4 47 -3 47 4 46 4 50 16 49 5 48 -4 48 -6 48 14 47 -7 48 -12 53 -1 51 12 48 -8 51 -5 52 -9 50 15 50 3 53 11 49 9 49 7 53 9 49 5 50 -10 50 14 51 5 49 8 53 -12 49 -5 51 14 49 -1 49 8 53 3 52 13 53 14 48 4 0.117647 2 -6 45 -9 44 
21 5 2 2 0.96 12 8 33 8 5 -8 44 -12 45 -10 44 -1 42 0 48 4 46 3 43 15 14 15 1 1 37 4 0.4 2 22 -27 -6 9 
22 5 2 2 0.941176 4 10 -27 12 -2 1 -31 0 -31 4 0.5 1 -9 45 
23 5 2 2 0.16 1 -2 44 4 0.988235 21 -8 33 -6 19 -3 17 3 24 -7 6 -12 -19 2 9 -7 30 -8 -30 3 17 -11 2 1 27 -9 -28 -9 1 -10 3 -15 -5 -12 -13 -16 -7 -15 0 -12 -18 5 -26 
24 5 2 2 0.979332 154 -9 42 -13 44 -2 42 -8 43 1 41 14 39 15 -7 2 44 -9 42 -8 42 -4 40 8 42 -4 40 2 39 -14 41 -3 39 -19 -13 -5 39 -6 -37 -8 -24 -6 12 -8 0 -2 38 -8 -11 -18 -1 -7 -24 -7 -23 -13 6 -6 24 -9 -26 -4 30 4 -20 -8 -28 -4 38 -5 -34 -5 30 -6 6 -16 4 -4 -8 -11 25 -9 1 -9 26 -16 35 -18 35 -14 38 -8 29 16 33 -12 -31 -20 19 -20 35 -12 -32 -4 -25 -9 14 -11 34 -2 16 -8 12 -7 -27 1 -18 0 -3 6 -36 -6 -14 -4 -30 -12 -16 -4 -18 -9 7 1 16 13 -9 -3 -22 -3 -21 -11 -23 4 7 -5 7 5 -6 -3 36 -2 37 -13 40 1 27 -4 2 7 -24 -14 19 -14 2 -12 23 -11 2 -13 14 -11 29 -5 17 -11 7 -10 0 0 -17 -1 22 -13 28 8 -31 -13 34 -11 12 6 18 -14 4 -3 0 -13 17 -3 34 1 -36 -9 17 6 25 6 30 -12 4 2 34 -4 6 -10 -21 -2 -10 -10 -35 5 -12 9 -13 -10 -6 6 12 13 -11 5 28 6 18 14 -16 3 -28 -7 -14 -8 -23 -1 -7 3 34 1 5 -11 -30 -12 31 7 0 10 7 -13 -5 7 19 -6 7 -7 28 3 -3 -7 -19 -9 17 -7 -21 -9 35 -9 -6 11 36 -9 12 -6 37 -12 38 -6 26 -1 23 -5 27 -8 -25 -14 -31 -13 27 -11 3 -6 -24 -5 19 10 -2 -8 16 -9 15 -14 -22 4 0.252427 13 -13 43 -5 24 0 12 -22 6 -7 -26 -7 3 -7 30 -10 -28 -10 -33 -4 11 -8 -21 -18 -26 0 28 
25 5 2 2 0.955752 54 14 -21 6 -30 13 -18 13 -30 5 -4 6 -14 13 16 6 31 4 -31 12 20 12 14 4 -6 5 -13 11 3 10 4 10 35 9 35 5 -18 10 31 5 -20 5 -29 1 37 9 22 2 -32 16 15 8 -6 3 -19 4 30 3 -13 0 19 15 20 1 10 3 8 1 -15 0 -20 3 1 2 12 2 -32 3 -16 6 22 -1 -32 11 -17 0 -19 0 -35 -4 35 9 32 13 29 12 31 -10 36 13 25 7 -11 15 -34 10 34 14 -15 4 0.425532 10 19 23 17 21 19 2 19 -4 17 8 17 -2 16 3 16 -1 16 -25 -1 36 
26 5 2 2 0.6 3 11 4 12 -17 11 -18 4 0.914286 8 -20 37 4 -17 8 -19 9 21 4 -29 1 -14 2 -28 -1 19 
27 5 2 2 0.992701 68 5 25 0 -19 3 24 -2 31 0 7 6 -14 0 9 1 13 8 19 -7 32 11 22 5 -30 1 15 -1 -28 8 25 1 15 -9 26 -2 19 -10 18 -6 12 -6 20 -2 -3 1 -21 -4 -11 -3 3 -4 5 -3 9 -3 -29 -3 -18 0 -14 0 -31 0 -33 -6 -16 1 -30 -9 28 1 -27 -5 -5 -4 9 -8 -28 6 8 -8 -1 -8 2 3 15 -3 -13 -7 19 -1 1 2 -9 -3 -2 4 -5 -1 -23 0 -23 -1 -4 -1 15 -1 -10 -2 17 0 -11 -1 23 1 -3 -2 -7 -3 -29 -1 1 0 3 8 -23 10 -31 11 11 -1 24 8 13 0 12 4 0.105263 2 -13 21 -18 30 
28 5 2 2 0.97561 20 -4 34 -5 3 -1 -1 -4 25 -5 3 -3 -19 4 -28 -5 5 8 -9 4 -30 2 33 1 -1 -4 0 -4 4 -4 2 -5 34 0 23 -7 -7 -7 -33 -6 34 4 0.285714 2 -17 -5 -12 -13 
29 5 2 2 0.615385 4 3 25 -1 16 2 26 2 -8 4 0.909091 10 -19 -4 -11 -24 -9 -16 -11 -17 -10 -28 -10 -4 -18 -20 -10 1 -8 -19 -7 -6 
30 5 2 2 0.190476 1 11 -30 4 0.985507 17 -9 24 -9 15 -15 10 -5 12 -15 -22 -6 19 -14 11 -5 -24 -8 38 -13 4 -14 23 -13 -4 -12 -13 -7 -2 -10 -31 -7 -12 -21 -31 
31 5 2 2 0.115942 2 11 33 10 -39 4 0.99187 61 17 -35 -3 16 -11 22 -9 32 8 -34 -5 31 -2 -28 1 -9 4 43 -2 -17 8 30 7 21 -7 41 -2 -7 7 -6 5 24 6 -2 3 3 11 -25 -4 41 0 31 9 -37 6 -5 0 25 3 15 9 20 -5 30 2 4 4 6 11 28 1 22 9 16 -8 44 12 -3 10 -33 8 -2 -2 20 5 -28 5 -24 8 -21 8 -16 8 5 6 11 9 -37 4 -16 13 -37 -4 35 10 -38 -6 37 -3 34 -4 23 4 7 3 13 -12 21 13 -33 -9 13 11 -35 4 -39 13 -34 -5 -7 -7 -25 
32 5 2 2 0.981132 13 -3 -14 7 -30 -4 -3 -11 -1 -5 -13 -5 -4 -9 -32 5 17 -2 -24 -7 -19 1 9 1 6 -5 -16 4 0.235294 1 -22 -21 
33 5 2 2 0.786885 24 2 24 3 10 -7 -14 6 -3 -3 -26 -12 -23 -2 -39 -1 -41 -6 -39 -8 -39 -8 0 -12 -39 -5 -41 14 -39 11 -38 6 -40 14 -43 15 -38 11 -42 -7 -1 5 -42 9 -41 15 -44 7 -43 4 0.8125 26 -10 11 2 -26 -8 -8 -10 -1 -23 -23 5 -6 -7 -16 1 16 -13 3 -1 -12 -10 -14 -4 -30 3 -30 -9 -38 1 -35 -3 -31 6 -33 -21 -37 -3 -33 -13 -32 15 -34 -6 -37 5 -37 19 -36 16 -38 8 -39 
34 5 2 2 0.5 4 6 -41 3 -41 -3 -41 -3 -42 4 0.941176 16 -3 -39 -4 -38 8 -41 -5 -39 -18 -36 -4 -38 -16 -39 -8 -39 -5 -36 5 -39 -22 -36 19 -39 -17 -39 -22 -37 5 -40 13 -42 
35 5 2 2 0.222222 1 3 -44 4 0.982456 14 -1 2 -12 -29 1 -39 -5 -15 -9 -24 -10 -26 2 -21 1 7 -9 -21 2 11 4 -44 5 -42 -14 -42 8 -42 
36 5 2 2 0.615385 2 -9 -44 -11 -44 4 0.909091 5 -4 -39 6 -41 -20 -43 -3 1 -12 -43 
37 5 2 2 0.984293 47 -6 -47 -17 -43 4 -47 5 -42 -3 -43 -2 -44 -6 -45 -10 -45 3 -40 -1 -41 -1 -44 3 -42 -13 -42 -2 -40 -14 -41 -16 -44 -13 -38 -19 -37 12 -39 -5 -41 3 -47 -4 -39 1 -40 -10 -44 -5 -45 -10 -46 -2 -40 -13 2 5 -48 -9 -39 -19 -40 -3 -48 -14 -42 -12 -39 1 -37 -10 -42 3 -47 -10 -39 6 -43 -1 -38 -4 -39 -13 -1 1 -40 1 -43 -9 -44 -7 -42 -5 -35 4 0.20339 3 -10 -41 -8 -34 -16 -34 
38 5 2 2 0.689655 5 -10 -45 5 -42 -12 -44 0 -46 0 -45 4 0.878049 9 -21 -40 11 -42 5 -41 -16 -40 -11 -40 -19 -45 -19 -40 -23 -43 -19 -43 
39 5 2 2 0.24 3 -16 -42 -12 0 -3 12 4 0.980645 38 -7 -44 -5 -34 -4 0 3 -38 -11 -38 8 -37 -4 -35 -19 3 3 -43 -7 -44 -15 -44 -18 -33 6 -39 -16 -41 -14 -39 -10 -43 -7 -26 -10 -42 -14 -40 -6 -39 -9 -11 -19 -39 -11 -37 -3 -34 -8 3 -3 6 -19 -4 -6 13 -6 30 -8 25 -13 3 -13 -1 -13 1 -9 4 -9 14 -8 -2 -10 14 -8 -1 
40 5 4 0 0.08 1 15 -18 2 0.08 1 15 53 3 0.98324 44 20 58 22 -63 18 69 20 9 19 -77 22 -13 25 -80 34 -41 36 -21 22 -2 25 25 7 80 20 -36 20 68 35 -5 34 17 20 -52 35 -37 13 89 32 -31 26 31 27 14 33 -22 31 6 33 -25 18 -88 2 44 -25 87 -5 98 -17 97 -27 98 -39 -18 -38 -25 -39 4 -40 6 -40 11 -43 -35 -20 97 -40 20 -44 -37 -41 20 -43 -9 -30 82 -23 95 4 0.08 1 2 -42 
41 5 4 0 0.444444 1 -11 76 2 0.8 3 -4 -18 -8 -49 -13 -44 3 0.444444 1 -15 42 4 0.444444 1 -23 41 
42 5 2 2 0.244898 3 7 -50 -8 -20 -3 -13 4 0.980132 37 -24 -33 -24 17 -15 -28 -15 39 -19 -33 -12 41 -12 7 0 -45 -12 -45 -25 19 -4 -45 -6 -44 -23 -8 -15 14 -2 -45 -21 -25 -25 3 -17 20 -21 28 -22 19 -14 1 -16 -43 -14 -2 -17 -44 -10 -44 -6 -24 -18 17 -20 26 -21 24 -24 10 -24 24 -19 16 -18 14 -20 27 -15 25 -17 26 -19 -2 
43 5 2 2 0.252632 6 13 9 16 13 19 -9 16 -25 17 4 18 40 4 0.97931 71 24 7 11 45 17 -21 16 41 14 -30 15 -32 13 42 23 -22 21 3 21 -28 14 -29 17 0 17 -33 10 -19 18 -1 23 12 20 -22 18 -19 18 20 7 -1 13 -21 19 13 12 34 12 -21 20 4 17 21 5 30 16 37 13 37 17 -22 14 43 26 35 21 -11 14 34 20 25 21 -16 12 10 19 2 13 44 13 22 21 -27 13 43 11 39 10 10 13 30 14 17 19 -20 14 -25 24 1 12 41 25 6 19 -8 23 12 12 39 22 18 7 -17 12 25 13 14 15 22 22 19 15 -6 13 12 17 -15 23 -28 15 7 16 21 15 12 8 31 22 23 25 38 14 23 
44 5 2 2 0.837209 9 20 -11 17 -25 18 -7 19 44 14 26 19 -22 19 -12 19 -25 17 -1 4 0.756757 7 12 29 12 26 17 27 23 -1 21 -1 21 5 20 11 
45 5 2 2 0.941176 8 19 36 16 24 18 31 20 27 18 29 18 24 16 32 19 21 4 0.5 2 17 19 18 16 
46 5 3 2 0.551724 4 17 -32 21 -31 21 36 -13 -24 3 0.851064 10 30 -63 43 14 28 -62 5 92 44 -17 29 -72 22 80 38 4 32 -48 37 -42 4 0.461538 3 18 -32 23 44 20 -34 
47 5 2 2 0.685714 6 16 -31 15 -1 14 22 14 24 12 21 16 5 4 0.88 11 21 23 17 18 25 -3 13 -21 16 31 20 -5 16 26 22 42 19 0 23 22 23 18 
48 5 2 2 0.965517 7 17 10 17 11 17 35 21 -7 16 18 18 23 16 -30 4 0.363636 1 20 -28 
49 5 2 2 0.987654 20 15 -1 20 43 15 5 19 1 16 -6 16 23 20 -2 14 -20 7 40 14 42 15 -16 17 6 11 24 18 14 19 26 14 -5 14 -1 19 -12 15 -15 16 37 4 0.166667 1 25 -24 
50 5 3 2 0.235294 1 17 -12 3 0.4 2 -19 40 42 -39 4 0.93617 11 14 -38 7 -42 13 -6 12 -3 15 -24 19 25 16 -25 14 28 18 -11 13 5 14 -4 
51 5 4 0 0.545455 3 24 28 4 93 5 93 2 0.545455 3 19 29 17 -33 -16 -26 3 0.714286 5 29 25 -10 44 35 -39 30 21 31 13 4 0.421053 2 22 -31 23 -14 
52 5 2 0 0.571429 4 -2 35 0 33 14 21 -22 33 3 0.923077 12 40 13 16 -43 30 17 8 84 20 77 19 -57 4 79 14 76 22 79 30 13 25 -83 -17 92 
53 5 2 0 0.972973 45 -17 32 -18 35 13 -36 15 -59 25 -36 18 -41 16 -57 15 -9 8 60 16 -34 10 59 9 58 13 46 14 52 18 -14 12 52 18 14 20 -72 5 91 14 56 19 -18 23 -71 2 62 3 89 16 -72 17 47 20 -51 15 -45 19 20 21 -68 14 57 15 -44 19 -20 16 -15 18 -31 20 30 13 -15 16 -28 18 -65 16 -50 -7 90 -9 30 -4 34 18 -44 18 34 3 0.307692 5 25 -20 22 -58 24 28 28 58 30 18 
54 5 2 0 0.4 1 18 -6 3 0.96 6 28 -12 41 12 18 82 10 87 29 38 34 37 
55 5 2 0 0.969697 8 21 -4 23 -11 17 -22 18 -22 15 -61 23 -29 19 -56 15 21 3 0.333333 1 31 40 
56 5 2 0 0.692308 9 2 27 21 -32 15 -33 18 -2 17 -35 18 -42 19 29 -14 89 14 26 3 0.876712 16 37 25 32 -1 33 29 27 -4 26 -76 25 36 37 18 36 17 17 68 17 29 29 19 20 29 27 37 28 -71 29 -36 9 -20 
57 5 3 0 0.235294 1 20 -6 1 0.8 7 17 20 17 25 17 13 17 21 17 -13 17 19 15 30 3 0.75 6 15 42 -14 90 26 28 1 86 27 84 38 -2 
58 5 3 0 0.5 2 22 34 17 -42 3 0.903226 7 -2 98 25 39 31 42 37 28 31 84 -39 91 32 6 4 0.307692 1 18 2 
59 5 2 0 0.980392 25 -18 90 -16 93 16 44 14 43 -10 90 -22 38 2 65 13 63 10 64 -20 41 1 76 19 17 -2 57 11 17 0 77 13 34 3 20 1 64 10 21 11 19 5 63 -23 43 -6 59 1 57 -20 39 3 0.242424 2 25 13 23 27 
60 5 3 0 0.666667 3 -17 44 -7 41 8 22 1 0.333333 1 15 33 3 0.833333 5 -19 40 -21 42 20 24 19 -31 0 43 
61 5 2 0 0.5 2 -23 26 -7 21 3 0.941176 8 -21 92 -9 34 -22 19 -33 91 7 56 -17 71 -42 36 -35 81 
62 5 3 0 0.985222 100 -8 42 -17 53 2 52 14 17 -9 93 -5 92 -20 90 7 66 -2 77 5 56 17 38 -24 26 -10 93 9 58 16 75 16 74 22 42 5 52 2 50 25 37 1 76 15 36 -17 57 7 71 17 45 15 42 15 44 -8 33 2 44 8 49 16 42 8 43 20 43 4 55 10 50 1 51 -2 46 -9 24 18 64 -5 53 -14 36 -7 50 8 48 7 46 -6 49 4 43 -5 45 22 33 8 51 5 48 15 48 -18 26 -13 37 -6 45 1 33 -4 47 9 71 7 43 -8 52 11 71 11 43 11 42 15 66 7 53 9 72 0 37 17 67 1 29 -6 54 -9 47 7 34 -13 53 10 27 -13 55 13 47 17 72 -10 51 -12 51 -12 53 14 70 -3 37 -6 31 -5 37 5 24 -12 30 -12 50 -9 28 -11 51 -13 28 -12 58 -12 25 -12 29 -13 51 -15 52 -11 56 1 34 -10 31 19 -13 -13 30 8 24 1 0.0714286 2 15 29 15 28 3 0.135593 4 -15 95 8 86 20 -51 -13 71 
63 5 2 0 0.32 2 -7 50 -22 21 3 0.971429 17 18 14 -27 44 -18 66 -40 43 -4 11 -13 67 5 11 -13 19 -27 33 -41 75 -42 35 2 15 -16 67 -36 41 -42 30 -21 32 -12 64 
64 5 5 0 0.363636 1 14 -29 1 0.363636 1 16 -21 2 0.363636 1 13 -43 3 0.8 4 -22 97 -2 98 12 31 -20 68 4 0.363636 1 16 -42 
65 5 5 0 0.754717 10 15 -30 15 -27 18 25 22 9 15 -84 17 6 24 -13 10 70 22 -14 16 -85 1 0.153846 1 17 -38 2 0.153846 1 16 -48 3 0.680851 8 -3 -84 4 67 -12 100 31 45 32 1 38 0 27 14 32 13 4 0.375 3 26 -43 18 -38 20 23 
66 5 4 0 0.933333 21 17 -87 13 92 12 91 10 82 19 -89 9 87 7 86 17 -84 1 79 -5 63 8 85 21 -92 19 -50 24 -69 18 -18 24 -88 21 -90 23 -92 -20 52 7 64 5 65 2 0.133333 1 14 -42 3 0.410256 4 37 -19 37 -15 31 -14 34 -3 4 0.133333 1 20 -45 
67 5 3 0 0.976378 31 0 57 16 -29 2 90 3 90 15 -79 20 -82 -4 56 6 76 21 -80 16 -72 23 -10 5 59 6 70 15 -50 21 17 24 19 6 75 -17 51 4 73 10 78 2 56 10 56 -6 53 1 53 22 31 13 71 0 53 -1 53 -5 54 8 53 16 50 2 0.108108 1 16 -44 3 0.2 2 17 88 14 91 
68 5 5 0 0.347826 2 -17 82 20 -17 1 0.347826 2 17 -20 17 -18 2 0.736842 7 17 -44 17 -38 17 -38 20 -36 19 -41 21 -39 20 -36 3 0.551724 4 18 -28 37 -27 34 12 12 27 4 0.347826 2 17 -41 17 -43 
69 5 3 2 0.307692 1 19 -41 3 0.5 2 32 -39 36 15 4 0.903226 7 8 -38 19 -45 21 -41 20 -44 21 -44 20 -42 10 -32 
70 5 3 0 0.181818 1 25 -41 3 0.971429 17 39 -43 18 -78 5 -50 34 -85 18 17 13 17 36 35 31 -26 44 14 31 -59 36 -4 27 -24 42 27 32 -70 32 -68 19 29 36 39 4 0.181818 1 22 -26 
71 5 2 0 0.952381 5 25 24 22 -22 24 -38 20 -31 19 -77 3 0.444444 1 36 -2 
72 5 2 3 0.992 31 16 -31 36 8 39 -30 32 13 38 52 28 70 42 -82 34 -12 26 -79 41 -10 43 -15 40 -74 37 -85 41 81 43 -14 38 -63 31 -82 37 28 37 -35 43 -50 28 -95 34 -64 37 -33 40 11 43 31 34 50 35 50 34 14 45 17 41 19 39 -75 4 0.114286 1 23 5 
73 5 4 0 0.385542 8 22 -28 25 -47 25 36 25 -49 14 -91 16 -28 25 -89 22 68 2 0.123077 2 21 -8 18 28 3 0.94 47 36 26 27 69 24 71 30 71 34 34 36 69 42 63 29 15 31 -59 40 -37 38 -38 30 20 17 -2 29 -99 29 -70 39 12 36 -61 12 -59 40 -84 29 -95 27 -16 35 -99 33 72 44 -31 33 -38 36 -32 29 -16 39 -40 30 -15 41 -43 33 -23 24 -44 26 0 36 88 30 24 42 10 42 -15 31 24 32 -94 26 -22 32 16 26 23 43 -79 43 52 37 -31 22 41 20 68 4 0.123077 2 19 27 23 4 
74 5 4 0 0.842105 8 13 54 17 -76 18 69 15 61 18 76 14 -76 20 12 22 11 2 0.4 2 17 33 21 -14 3 0.521739 3 40 -5 29 14 39 -1 4 0.235294 1 15 -26 
75 5 4 0 0.615385 4 11 58 13 66 8 59 11 64 2 0.689655 5 21 21 21 -17 20 11 21 13 21 28 3 0.521739 3 34 -68 26 -39 25 -50 4 0.4 2 22 17 22 -29 
76 5 2 0 0.285714 1 -12 89 3 0.97561 10 13 31 20 -46 -29 88 20 -40 -23 75 -32 89 17 -38 45 -20 39 3 19 70 
77 5 4 0 0.666667 5 -23 51 24 1 12 66 15 73 23 0 2 0.592593 4 18 42 21 41 19 -9 20 -2 3 0.666667 5 30 76 42 85 41 43 32 93 -32 35 4 0.222222 1 18 45 
78 5 3 2 0.3 3 20 21 19 15 18 36 3 0.3 3 40 -33 36 44 18 7 4 0.943396 25 24 -27 25 9 20 -11 25 21 22 -13 13 33 19 -18 21 -21 17 16 21 45 22 37 10 45 12 39 23 45 12 37 12 38 17 23 18 21 21 23 22 28 20 15 19 15 17 18 10 14 20 8 
79 5 2 2 0.909091 5 21 12 21 32 21 28 21 2 21 39 4 0.615385 2 26 -18 26 24 
80 5 5 0 0.45283 12 24 -84 16 -77 13 -72 23 -74 23 -90 -17 55 -12 56 21 -61 23 -54 22 -56 -10 50 23 86 1 0.105263 2 15 39 16 -2 2 0.151899 3 15 -38 15 33 13 -43 3 0.738854 29 27 -4 41 4 42 43 21 -96 45 34 26 -94 37 -89 41 -63 37 -52 27 -90 25 97 38 42 37 56 42 -35 -43 35 45 -27 -34 99 -36 93 35 -73 -25 95 -40 37 40 44 40 96 29 99 -36 41 37 91 33 52 39 -85 37 -41 4 0.676056 24 22 -37 24 -29 17 -17 9 -37 16 -9 24 -16 23 -38 19 41 20 37 21 39 14 -41 24 4 19 36 22 -31 22 -39 24 17 26 27 26 14 26 22 22 19 22 24 21 -5 19 38 21 41 
81 5 2 0 0.897959 33 24 45 25 50 22 50 18 56 15 44 20 47 22 86 17 67 21 63 22 84 23 80 17 75 24 79 24 77 18 76 13 72 16 71 25 76 16 82 16 81 7 92 24 54 9 80 -4 83 1 84 13 83 15 81 14 86 9 58 12 58 22 56 23 57 23 55 3 0.645161 15 42 85 30 -23 42 -27 -11 -98 28 -27 42 -29 35 72 39 27 45 37 22 97 42 25 43 63 40 70 23 88 18 20 
82 5 3 0 0.97561 20 12 -70 -8 57 -10 79 -7 80 -21 82 -23 83 -23 85 -14 84 -17 85 -2 62 -4 67 -12 85 -21 90 6 62 -1 85 9 -30 -7 61 -10 60 13 12 -12 68 1 0.16 1 11 29 3 0.16 1 -37 97 
83 5 2 0 0.666667 1 -12 67 3 0.888889 2 10 28 -6 25 
84 5 3 0 0.125 2 -17 78 2 -7 3 0.976959 53 -4 14 -30 64 -21 92 -42 18 -34 44 -19 31 -22 11 -25 12 -29 -51 -28 -75 -43 -87 -27 -21 -40 53 -39 44 -24 82 -18 -4 -18 -26 -17 -25 -33 73 -38 12 -16 -28 -19 -39 -39 -57 -12 -20 -13 91 -11 -21 -41 -52 -32 28 -24 9 -35 -28 -30 33 -43 -83 -24 -43 3 16 -28 -69 -15 69 -28 18 -28 1 -26 -1 -36 11 -39 -41 -43 34 -27 71 -37 18 12 -40 16 8 -12 87 -10 62 8 18 10 15 -10 71 -41 28 9 12 4 0.179104 3 -25 44 -25 34 -25 7 
85 5 2 0 0.947368 9 17 -19 17 -61 18 -13 12 -76 3 19 1 49 -9 17 -12 20 11 -50 3 0.470588 2 15 41 -21 75 
86 5 2 0 0.25 1 -16 18 3 0.979592 12 11 56 17 18 11 -34 -3 64 -23 59 -18 90 5 34 -4 7 19 24 -22 64 13 -5 8 -76 
87 5 3 0 0.48 3 -15 75 -9 77 -15 74 1 0.897959 11 16 -9 16 -31 16 5 17 9 16 -15 15 -22 15 -13 15 -11 17 -7 16 -6 17 -4 3 0.363636 2 11 -66 11 -53 
88 5 3 0 0.0645161 1 14 -68 1 0.982143 55 17 14 16 38 -14 38 16 -4 16 32 16 12 15 18 14 -23 13 37 16 5 16 26 13 25 14 34 14 -22 -15 37 15 24 13 37 13 35 -13 38 12 9 11 -12 13 36 12 26 15 24 14 29 10 39 13 10 -10 39 8 35 7 38 9 -17 -7 39 8 37 -7 39 5 37 7 18 -7 37 2 36 -3 38 2 39 8 32 -1 36 5 36 6 36 -1 39 -6 39 -6 38 8 -30 13 -1 6 -34 11 -19 9 -21 11 -18 9 -21 10 -12 3 0.176471 3 15 44 -10 -83 -27 13 
89 5 2 1 0.571429 1 9 -25 3 0.923077 3 -14 54 -1 7 -12 14 
90 5 2 1 0.181818 3 6 -31 4 -38 7 -36 3 0.986301 54 -11 50 -27 56 -15 -31 -40 44 -13 -30 -40 -36 10 -27 -27 19 -42 54 -35 1 -4 2 -26 7 -16 12 -28 -81 -5 -26 -36 74 -27 43 -28 -83 -28 -74 -6 40 0 28 -4 -34 -24 1 -4 -39 -13 46 -24 -79 -23 -19 -14 48 -18 8 -20 -34 -16 37 -15 40 -16 -18 -16 49 -21 7 -17 -50 -16 -51 -17 -50 -23 19 -23 -37 -26 -79 -20 -47 -29 -80 -17 28 -18 2 -2 -19 -4 -7 -8 6 -14 27 -15 -65 -1 10 8 -6 -15 58 5 5 
91 5 3 0 0.0158103 2 16 -59 -4 78 1 0.979288 461 13 27 6 -14 4 -33 10 -18 9 23 5 -32 7 -32 7 -19 3 35 6 -7 8 -8 9 -6 7 -23 10 -24 9 -3 7 -32 9 -9 -15 -29 -16 -24 9 -6 10 -4 5 -28 5 -17 6 -29 10 -21 9 12 6 -4 9 -7 7 -6 10 15 9 -33 4 -16 8 -29 8 -5 10 16 9 17 7 1 9 13 -15 -22 3 -29 8 14 -7 35 -16 -30 8 -8 4 -31 5 9 4 -20 9 15 8 8 7 -28 6 5 9 26 3 -32 9 27 4 -14 6 -12 5 -2 7 19 8 -18 -16 5 6 -27 10 12 3 10 2 -19 6 11 3 -27 -9 37 9 2 9 7 7 -4 10 22 7 -23 3 17 4 -9 2 -9 5 -4 4 7 3 -29 -5 -22 4 0 -6 19 1 8 5 -26 9 10 6 11 4 -14 8 -25 6 5 1 5 7 22 9 -25 -3 -20 -1 -13 2 3 -15 -1 -4 -9 -5 -23 3 0 5 13 -6 -8 10 24 -5 -20 3 12 7 27 3 7 -4 -28 0 15 -16 -25 -5 -26 4 -19 3 8 6 8 4 -26 -15 16 -15 -23 -15 17 1 -28 -15 -10 2 -12 9 5 -6 -31 -16 -9 0 11 1 -9 3 19 -1 -8 -1 9 -16 31 6 7 7 7 1 19 2 18 -16 -16 -3 -28 2 -27 4 8 6 2 -15 -10 5 5 0 3 -4 7 -3 18 -2 -25 0 11 -1 -5 1 10 -1 -20 4 33 -16 21 0 -16 4 4 3 21 2 -3 0 23 -4 -7 -3 -18 -14 -28 -15 32 0 -31 8 0 -14 6 4 11 3 22 6 21 -4 13 4 29 2 -23 -3 -28 -10 -8 8 28 3 -24 1 20 -3 -24 1 12 -1 -10 -1 8 -14 27 5 7 -1 -13 -4 -16 3 -22 -9 20 -14 16 2 22 2 12 -15 32 -8 -9 2 12 -15 -4 -15 2 -15 -8 2 -16 0 9 0 12 -1 -17 5 25 -5 -9 -4 20 3 26 -1 -31 -7 3 -10 23 -7 -1 8 30 -3 -26 3 24 0 -4 -7 14 -12 -8 1 13 -14 -13 -1 -32 -12 7 -16 2 1 3 -15 6 3 -11 -1 -22 9 27 -12 15 -4 -32 -1 28 2 25 3 15 -16 -9 -5 -5 -15 24 -15 -14 -1 2 2 -14 -6 14 0 -14 0 15 -16 33 3 28 -2 -7 -9 -8 -12 6 -2 12 -15 23 -10 -10 -16 -35 -2 -20 -14 23 -7 7 0 5 2 27 -15 6 -2 -31 -8 -11 -7 11 -3 8 1 -19 -10 26 -15 21 8 26 -5 -2 2 -16 1 16 -1 -7 -11 0 -13 -9 -13 25 2 -17 -15 14 -4 27 -3 11 0 31 -13 -16 4 31 0 30 -1 11 -4 7 -11 3 -4 16 5 24 1 25 2 30 -13 16 -6 9 -15 22 -2 -26 5 31 -1 22 -16 -4 -2 -24 -12 -35 -6 -8 -10 14 -3 29 -4 -3 -8 4 -3 -7 -10 5 -11 -2 -13 28 -11 24 -10 17 -8 4 -12 27 -10 13 -9 26 -12 -3 0 -9 6 29 -4 9 -7 -10 -1 13 -3 -29 0 -10 -12 -8 -12 -2 -4 -29 -13 32 -7 0 -4 -9 -4 7 1 30 -15 14 -16 26 -5 24 -9 -5 -10 -13 -3 26 -15 26 0 -18 -14 7 -11 35 -1 -28 -2 32 -8 -12 4 30 -11 33 -3 20 -9 -9 -9 -8 -7 25 5 33 -6 8 1 30 -4 -1 -5 -9 3 32 -4 3 -10 2 -15 -1 -8 3 -1 24 -7 4 -5 24 -4 21 -9 31 -8 14 -4 3 2 32 -10 -3 -1 20 -10 10 -5 28 -3 -17 -14 -2 -9 -3 -5 11 -2 -12 -11 -13 -10 -7 -4 -22 -11 -27 -7 -5 -10 9 -10 14 -10 36 -9 26 -6 31 -10 -7 -7 -6 -2 28 -6 14 -9 11 -11 12 -11 12 -9 -22 -2 -34 -8 1 -8 -13 -2 -31 -3 28 -3 31 -4 31 -9 0 -7 26 -4 24 -8 35 -15 -36 -8 -17 -7 -11 0 -33 -7 -15 -4 -32 -1 -38 8 -36 -1 -33 0 -33 -6 -35 -11 -36 16 -34 -14 -32 4 -33 -3 -35 -6 -31 -13 -32 -15 -37 -1 -34 -10 -37 7 -37 3 -35 -13 -24 -13 -25 -12 -38 -5 -36 -13 -39 -7 -36 4 -36 -7 -23 -12 -27 -9 -35 -7 -36 -8 -36 -6 -23 -5 -25 -8 -39 0 -38 -7 -39 5 -37 10 -37 -8 -20 -11 -17 -12 -32 -12 -18 -10 -32 -2 -39 -1 -39 -9 -37 -9 -18 -10 -31 4 -39 -9 -32 -8 -39 -10 -25 -8 -27 -8 -24 8 -39 -10 -32 -16 -39 -8 -24 -11 -25 -9 -27 -12 -39 -11 -29 -10 -31 -10 -20 3 0.242226 37 -16 25 -23 44 -10 46 -19 54 -26 -84 -18 31 -15 51 -12 -25 -19 -26 -9 -36 -13 -62 -12 -4 -22 38 -22 49 2 -18 7 -17 -26 73 -24 77 -14 18 -16 -75 -8 -3 -3 -12 -29 -53 -3 -39 -5 -11 -5 -4 -31 -37 -20 53 -29 46 -21 -40 -23 -84 9 13 -14 60 -25 -92 -2 -62 -33 -99 -5 -60 
92 5 3 0 0.987342 39 1 72 1 71 1 70 -2 71 0 71 -2 75 -13 73 -24 60 7 68 -2 53 0 61 -3 53 -19 56 -7 57 2 64 -21 58 -5 64 -12 60 3 63 -9 57 0 60 -8 60 2 55 -24 59 -19 60 -15 73 -11 68 -14 69 -20 60 -15 70 -11 69 -11 66 -5 72 -24 65 -5 73 -10 76 -13 67 -16 65 -14 65 3 0.0909091 1 -8 28 4 0.0909091 1 17 -38 
93 5 2 1 0.133333 1 -5 -36 3 0.990476 26 -33 6 -38 0 -37 -9 -41 -23 -37 16 -35 -2 -38 -7 -38 -8 -37 -40 -35 -45 -39 47 -37 -52 -41 7 -37 -35 -38 -9 -33 -7 -39 8 -33 -24 11 28 -28 -27 6 27 -31 15 11 31 -28 -23 -33 11 -2 34 
94 5 4 0 0.363636 1 -22 69 1 0.705882 3 -2 -36 -2 -33 -2 -34 3 0.705882 3 -6 29 6 27 -3 -71 4 0.363636 1 -25 18 
95 5 2 0 0.991304 57 17 21 15 5 15 -48 14 -39 14 19 10 -27 9 -14 17 14 14 -15 15 12 14 -29 11 -10 13 -53 12 -18 12 -23 13 4 12 -28 8 -36 15 24 13 -37 14 26 5 -31 11 -63 11 -20 7 -36 8 -46 9 -29 8 -65 9 -8 10 -38 11 -37 8 -55 10 6 9 -36 9 -59 13 39 8 4 12 -55 3 -66 8 -46 10 -9 10 -7 4 -7 3 -51 4 -67 6 -10 9 -1 3 -39 12 35 7 -27 9 -24 9 -72 8 -34 6 -41 6 -32 2 -5 2 -42 3 0.123077 2 -23 77 -28 35 
96 5 3 0 0.470588 2 -8 41 3 -37 2 0.769231 5 7 -44 6 -44 12 -40 12 -39 12 -44 3 0.695652 4 -2 42 -12 88 -20 -7 -21 -31 
97 5 2 0 0.363636 1 -16 69 3 0.965517 7 -33 17 -28 17 -14 82 -19 -5 -15 20 -39 -22 -34 1 
98 5 3 0 0.930233 60 3 -72 -2 -35 -24 -16 -21 -67 -24 -1 -17 12 -13 0 4 -34 -16 -73 -16 -76 -3 -35 0 5 1 -42 -22 -42 -19 -75 6 -34 -17 27 -19 -41 4 12 -2 -17 -18 2 -9 1 -24 -46 -22 -50 -18 -12 0 -18 -5 21 5 -24 -21 -79 -1 1 -2 -10 -21 -70 4 0 -16 -33 5 -15 -10 -79 6 28 8 23 4 24 7 25 -13 -40 3 -34 -2 -25 -13 -54 -4 -72 -13 -37 -2 -59 -5 -42 4 -82 -4 -43 7 -25 -9 -77 -12 -51 -2 -72 -12 -79 -2 -70 6 -34 -7 -55 0 -56 -12 -87 1 0.313726 8 -5 0 -6 -9 4 6 0 4 1 5 -5 -24 -14 17 -10 7 3 0.37037 10 -24 -42 -11 -15 -43 -60 -25 9 -36 39 -15 -13 23 -14 5 -4 19 -24 9 2 
99 5 4 0 0.670659 28 10 13 10 -66 10 -59 11 -48 11 16 10 14 13 -1 13 -15 15 -15 14 -71 10 12 10 -52 10 -8 12 7 16 -50 9 7 12 5 11 10 16 14 14 -74 16 -3 12 -78 8 46 11 -69 5 -21 -24 15 4 15 -24 -5 1 0.299065 8 14 -26 11 34 13 -24 12 -22 14 -26 14 22 12 30 13 -10 2 0.0465116 1 12 -40 3 0.832579 46 25 3 30 -37 25 14 27 -15 25 -29 23 14 30 5 17 6 22 19 22 18 29 -9 29 17 28 18 -26 71 -33 23 -25 4 -28 -27 -37 67 -27 0 -41 34 -29 -24 -38 -81 14 57 -35 -64 -34 -42 -37 -86 -35 -29 -28 -66 -29 -38 -35 -42 -30 -27 -36 -5 -32 -81 -29 8 -33 -89 -32 -19 -29 -39 -35 -25 -31 -42 -38 -14 -34 -39 -34 -39 -34 -42 -37 -62 -39 19 -41 4 
100 5 2 0 0.946746 40 -9 46 -14 48 -17 0 -13 46 -20 -24 -17 -10 -10 46 -17 14 -12 -7 -17 -62 -23 -63 -19 -75 -21 -58 -23 17 -20 -48 -15 -39 -16 -1 -6 42 -17 -2 6 6 -10 -28 -23 -78 -4 21 -8 -43 -2 26 -5 -35 -1 20 -5 -13 -4 9 10 39 -24 -82 -3 -26 -1 -28 0 16 0 -37 -2 -3 1 8 2 -23 2 3 3 -7 3 0.473684 9 -43 -6 24 20 -42 9 -25 35 26 12 10 -61 13 19 -5 38 24 15 
101 5 3 0 0.589744 23 16 -70 14 -5 15 -63 10 -3 14 -68 11 -59 -8 -4 -24 8 13 -82 -18 0 -23 6 12 -52 -22 0 -23 -22 14 -20 -20 -41 -24 -23 10 7 8 -67 -23 -60 -21 -33 -11 42 -14 3 1 0.575163 22 14 -32 12 -20 13 10 13 16 11 -19 12 12 11 -6 13 23 14 -3 13 -12 12 -25 11 -25 13 10 11 16 9 -23 -14 -29 -12 -1 12 7 -14 11 -11 17 -8 9 -10 4 3 0.788732 42 27 7 -21 -89 15 -80 25 25 20 -92 20 -89 26 28 26 -33 1 -34 -24 32 -36 -76 -19 -27 -26 -9 -26 9 26 -20 22 38 -36 52 -29 58 -29 56 -29 -70 -14 -14 -31 -67 -15 -20 -18 3 -11 -12 25 29 -17 -36 -21 -22 -36 6 -18 -38 -21 1 -35 -1 -33 63 -23 -26 -22 -64 -14 4 -23 -31 -17 -11 -35 -40 -26 23 -25 -18 -22 -92 
102 5 3 0 0.544529 107 -17 -9 -12 41 -14 -17 -16 -34 -2 40 -21 -45 -9 -25 -11 -60 -21 -55 -1 38 -9 39 -13 -79 10 -50 -5 -28 -7 -46 -17 -62 -3 18 -5 15 -4 41 -17 -33 -10 15 -8 -34 -4 4 -5 -45 3 36 -5 -33 -4 -26 3 31 -1 30 -7 -67 -12 -25 -2 23 6 -31 -2 -66 -6 10 -7 -62 4 25 -17 -59 4 36 1 27 -7 -22 1 -35 3 14 -7 -19 -10 -37 -5 34 -3 16 -6 -19 -4 33 2 -4 -6 4 -3 6 -3 5 -3 13 8 -80 -1 -58 -5 -32 1 11 -1 36 -5 -2 -7 -27 -6 -18 -7 -33 -5 -59 -3 -40 11 -5 10 35 -4 -36 -2 -24 -6 -49 1 -16 -5 -37 5 29 3 -27 1 -67 8 10 5 -50 3 -11 2 -68 11 -1 5 -46 5 -52 4 -39 4 -27 4 -5 5 -3 9 -23 0 -15 -1 -38 3 -10 5 -11 3 -8 2 -64 0 -62 1 -14 8 15 4 -11 2 -54 2 -52 6 -39 8 -44 4 -58 3 -49 6 -13 10 -65 8 -49 9 10 1 0.880117 301 -10 -8 -11 23 -11 13 13 -3 -10 12 -9 18 -9 13 -10 9 -11 30 -13 1 -10 -2 -10 -3 11 0 -13 3 -10 -28 -8 8 -14 11 -8 -29 -9 -28 -13 -11 12 -7 -5 19 -13 -15 -8 31 -7 2 11 -25 -12 25 -11 11 -8 -14 -9 14 -14 -28 -14 -31 12 23 -14 18 -12 -2 -11 -28 -10 -19 -12 25 -8 9 -12 -21 -8 -12 -10 -26 -14 -26 -6 -6 -8 -22 -5 2 -10 -5 -9 -5 -14 34 -10 34 -9 -4 -9 -22 -11 24 -11 27 -7 -17 -5 -30 -11 -9 -10 4 -9 0 -4 -9 -6 30 -8 -2 -10 25 -7 -17 -10 -13 -8 -35 -4 -12 -9 -1 -10 -12 -13 14 -13 15 -11 -16 -8 7 -8 -4 -10 4 -12 -23 -8 -23 -14 14 -10 33 -11 11 -6 -12 -6 -10 -8 21 -9 31 -8 30 -12 22 -3 23 -4 -1 -3 22 -6 5 -11 30 -7 16 -8 29 -5 -1 -6 5 -13 -1 -10 8 -4 -28 -13 27 -8 -34 -9 -2 -6 17 -1 -11 11 -23 -9 8 -11 -20 -4 -15 -8 6 -13 -5 -12 33 -13 18 -9 20 -12 -11 -7 1 -5 11 -5 26 -10 -21 -7 -19 -9 -17 -4 30 -4 10 0 2 -7 -33 -1 -6 -6 9 -4 -12 -5 2 -6 26 -3 9 -8 -4 -8 -1 -4 -7 -2 1 -5 26 -5 -11 -4 -19 0 -9 -6 5 0 -31 -2 -3 -3 33 -5 33 -3 -35 -1 25 -2 33 3 -2 -4 -5 -1 11 -1 -2 3 5 -1 -9 0 -23 -2 -27 0 23 0 30 -3 -1 2 -8 0 23 -2 -3 -2 -4 -3 15 0 13 0 12 0 14 10 8 11 0 4 -5 -3 -19 -1 -2 1 1 2 -35 4 0 1 19 1 -7 1 6 -1 -15 1 13 -2 -23 -1 -26 1 13 2 20 5 18 5 23 10 18 2 28 2 14 2 6 1 30 6 21 10 -32 6 3 0 33 2 -10 2 1 2 -25 11 2 1 11 3 -32 12 21 11 -4 3 21 2 -6 3 -7 2 19 6 -27 14 -19 6 -32 2 29 4 -32 11 -10 4 -33 11 20 9 1 3 22 3 -2 4 30 8 9 10 2 12 -29 6 -19 4 11 6 -27 8 21 9 11 3 31 4 -2 7 -27 8 2 11 -1 12 26 4 24 4 20 7 -15 4 10 5 21 4 29 5 -26 13 -15 9 12 6 6 5 31 4 -10 11 -13 5 -12 7 -14 9 -1 8 -32 5 28 6 -3 11 -24 14 -35 11 -1 6 -21 6 13 6 11 6 -8 11 22 6 -27 7 5 9 -1 6 27 11 -13 5 -12 9 -13 5 -32 11 28 7 -34 7 -12 7 -18 7 16 9 4 7 -7 7 12 10 7 7 19 7 25 8 6 7 -8 9 16 8 25 8 -18 7 -14 6 -31 6 -11 9 5 9 9 11 -15 10 10 8 -6 10 -33 9 20 12 -19 9 -18 7 -24 7 -10 7 -31 9 29 10 9 8 -31 10 -14 10 -3 3 0.358491 57 -27 -37 -21 -16 24 -17 -23 -24 -23 -40 -26 -27 -25 -10 22 -38 -24 19 6 -95 11 -79 21 -1 14 -33 15 -48 24 32 14 -62 14 -64 19 43 24 3 21 -13 13 22 21 49 21 -24 21 42 16 -69 20 -21 -1 40 16 44 20 -38 0 48 11 49 17 -24 19 -46 -3 -92 18 -6 16 -33 18 1 0 -68 13 20 17 -10 14 55 0 -68 13 0 13 -69 2 -79 21 -1 19 -11 15 -75 15 -79 5 -50 5 -56 27 -21 23 -37 23 -39 23 -31 24 -17 19 -96 
103 5 4 0 0.870748 32 -16 6 -13 -25 -12 -26 3 7 9 5 5 8 -10 -20 -10 -25 -2 -26 1 -20 8 -21 1 -16 4 -63 -13 -32 2 -46 9 -28 -4 -44 0 -51 8 -36 -18 -83 5 -30 11 -67 -19 -76 -16 -61 -1 41 -12 -29 -8 -20 -21 -70 -8 -21 -15 -6 -18 -12 -23 -57 1 0.388889 7 -8 -29 -10 -27 -6 24 1 -26 -7 25 -6 -30 -2 2 3 0.52381 11 -42 -11 12 58 -13 17 -17 -40 12 24 -13 21 13 -20 9 -72 5 -11 -25 45 12 -8 4 0.0740741 1 15 -45 
104 5 4 0 0.669039 47 -7 -25 -11 -57 -18 -49 -18 -43 -15 -48 -18 -33 -2 -54 5 -55 2 -13 6 8 -5 -36 11 0 6 -74 -20 -7 -15 -77 7 -6 5 -33 -6 -45 -10 -54 -9 -36 5 -74 -12 -83 13 -87 -7 42 2 -39 2 -63 -3 -33 -6 44 11 11 -4 -59 3 -49 -7 -25 3 -52 -13 10 -9 -63 -10 -4 9 13 -14 -32 -15 -62 -4 -10 -8 -66 -8 -10 2 16 2 15 0 -10 -5 -13 -11 -19 1 0.307692 14 -3 -21 -4 14 -9 -27 -10 -28 -11 -29 -1 13 -3 -22 0 27 -1 9 -2 11 -3 -31 -2 25 -3 -26 2 34 2 0.105263 4 11 -49 11 -52 14 -51 16 -53 3 0.821918 75 1 -23 11 -4 -18 35 -1 8 -11 -82 6 29 10 -10 3 -11 7 30 -2 -61 -43 73 -8 -25 17 -27 7 -48 -15 29 -4 3 7 -34 -13 37 -16 39 -30 2 -11 -15 -22 -38 -26 37 10 -42 -19 85 10 31 -17 80 -28 -86 7 11 -10 39 -17 39 -21 39 -3 1 -10 87 -2 -21 16 -17 2 -39 7 48 5 -34 -9 -11 -11 -12 -4 -24 -11 50 1 5 5 17 -8 3 16 6 11 30 -8 5 -6 15 -3 71 -11 48 -12 -62 -3 -24 5 45 -6 84 9 -43 15 -42 11 4 8 -39 12 3 9 -74 12 -50 -13 -30 -10 -35 -6 3 15 46 -6 -19 0 66 -4 48 -2 -34 7 1 -12 0 11 -39 6 4 
105 5 3 0 0.982456 28 6 -67 6 -91 -2 73 -22 -90 -18 -90 -11 -91 -8 -91 -15 -90 -14 -89 -11 -89 -12 -92 -23 -91 -10 -89 -14 -77 -6 -70 -5 -74 -12 -91 -1 -68 -9 -87 -1 -76 -8 -89 -15 71 -7 -88 3 -73 -11 74 6 -69 -5 72 -12 72 1 0.121212 1 -7 -35 3 0.121212 1 4 -92 
106 5 3 0 0.5 4 17 -63 -23 16 17 -80 10 -87 1 0.631579 6 10 35 12 35 13 35 5 35 1 35 0 35 3 0.8 10 17 -24 -39 -61 -41 -48 -26 11 -32 29 -32 2 -42 49 -28 -15 -37 2 -35 -13 
107 5 3 0 0.984055 108 -19 7 6 -86 -15 -86 -16 -50 -17 -84 -1 -84 -16 -85 -13 -36 3 -81 -19 -56 -11 -56 -8 -14 -14 -41 -20 -88 -13 -29 -10 -28 -11 -34 -8 -42 -9 -40 -12 -48 -9 -10 -14 -3 -10 -17 -13 -24 -13 13 -16 -39 -14 -33 -10 -39 -13 -58 -10 36 -10 -38 -16 -49 -11 24 -10 1 -9 -25 -8 6 -21 12 -12 -14 -14 2 -14 -17 -5 -17 -11 -37 -12 28 -7 -29 -12 -34 -6 -7 -4 -1 -9 -71 -9 -47 -10 -73 -9 -70 4 -78 -14 35 -16 -1 -6 2 -5 5 -15 38 -10 34 -13 2 -11 -28 -8 -1 -9 -40 -3 7 -12 -21 -9 30 -13 4 -15 35 -4 -10 -14 16 -12 -1 -10 -5 -10 4 -11 2 -9 -33 -13 -71 -16 -12 -15 21 -12 -13 -12 -39 -12 6 -10 5 -10 36 -11 2 -14 16 -13 28 -10 13 -10 10 -7 0 -9 -21 -6 6 -16 -5 -13 -49 -6 -43 -10 24 -13 -34 -15 -51 -15 37 -11 28 -11 -46 -15 -48 -12 -58 -17 -41 -8 1 0 -15 -10 -14 -23 -45 -11 29 -9 -60 1 0.0661157 2 -12 35 0 19 3 0.153846 5 0 -64 2 -66 -39 -2 -9 -50 8 -14 
108 5 2 0 0.444444 2 -11 -64 -12 -65 3 0.952381 10 -12 60 8 -8 -15 23 -30 -31 7 -9 -16 16 13 27 6 -44 11 -50 10 27 
109 5 2 0 0.222222 2 1 -91 6 -32 3 0.982456 28 -9 73 -10 75 5 48 2 51 12 -39 18 -37 6 -83 7 -24 -15 25 8 -53 8 -58 22 -21 6 56 31 -10 0 33 1 35 8 -86 20 -16 28 3 16 -38 17 25 28 -22 30 -12 -35 24 -7 31 11 -69 -5 33 13 -9 
110 5 3 2 0.571429 3 -18 -18 -16 -7 -15 -19 3 0.266667 1 27 -21 4 0.888889 8 -3 -44 -18 -45 -19 -44 -19 -44 -15 -44 5 -45 -10 -9 -3 -43 
111 5 2 2 0.842105 4 16 -48 9 -50 15 -46 5 -53 4 0.75 3 11 -45 -5 -43 -20 -45 
112 5 2 2 0.989247 23 -2 -52 -10 -51 -2 -49 -16 -19 -7 -52 -14 -14 -12 -9 -1 -49 0 -50 -1 -52 4 -50 -5 -52 -10 -52 4 -51 8 -51 -10 -53 3 -53 -6 -52 1 -50 2 -50 6 -51 7 -51 4 -48 4 0.148148 1 13 -45 
113 5 3 0 0.5 3 19 -20 8 12 7 9 1 0.592593 4 16 -39 16 -24 16 -19 14 35 3 0.820513 8 22 14 16 -60 11 7 8 25 3 -38 4 -11 6 -4 11 51 
114 5 3 0 0.177778 4 -2 68 -5 69 -4 68 3 67 1 0.983165 73 17 24 16 -27 14 -38 16 -24 17 0 16 0 15 14 13 -38 15 -35 16 -16 14 38 14 -31 14 -30 15 -31 16 20 14 7 16 19 14 37 14 -8 15 -12 13 -26 14 -39 14 -21 13 -26 14 -30 13 6 14 -27 14 3 12 16 12 4 15 14 14 -24 14 18 14 6 13 17 12 -37 13 -22 13 -3 11 38 12 -5 13 -26 11 17 14 12 11 -5 14 -2 12 19 13 21 13 18 13 -10 11 -31 11 5 11 -12 11 -7 11 -28 11 -34 13 26 12 1 13 4 11 30 12 6 13 0 10 5 10 8 12 -11 10 -34 12 -19 12 3 11 -1 12 -3 9 36 12 -13 10 30 12 -8 3 0.0493827 1 3 -30 
115 5 2 0 0.307692 2 2 -68 -12 -12 3 0.972973 18 9 28 10 -63 -1 47 -3 29 13 -7 12 0 6 63 10 -32 3 -27 2 -98 -12 -91 5 -91 3 11 -23 6 2 -84 1 -36 7 52 4 7 
116 5 2 0 0.444444 1 -5 -77 3 0.952381 5 -25 -64 -32 74 -41 69 -2 -22 1 -92 
117 5 2 0 0.985507 17 6 10 1 9 3 12 1 7 -3 -55 -3 -31 -2 -79 -7 -80 -4 14 -8 -67 -1 15 -3 -66 -10 15 -9 -11 -10 7 -15 15 -16 15 3 0.190476 1 -29 -27 
118 5 2 0 0.666667 1 -4 5 3 0.888889 2 -10 -24 2 -52 
119 5 3 0 0.0350877 1 -2 15 1 0.0683761 2 11 27 10 -17 3 0.993103 108 12 -12 -4 -99 -2 1 -22 -30 -36 -55 -26 -63 6 -17 -2 60 -3 7 -41 -59 -5 -61 2 -87 -4 -61 -4 -37 5 -43 -24 -19 -38 -40 -6 -35 -1 -55 4 -43 -3 18 -4 -76 -4 4 -1 73 -2 -43 3 -54 2 59 -12 -26 -4 -13 -21 -11 2 51 4 3 -14 77 7 -11 -14 -66 -12 -36 -7 -25 -3 64 4 -4 -9 14 -8 4 -10 -80 -8 23 -10 20 -14 -50 -12 -35 15 -3 -22 -26 -9 -13 -15 20 -10 -13 11 22 -12 -74 16 -36 -16 -54 -12 -20 -4 57 10 -9 6 2 15 -36 6 -1 -13 47 -11 -37 -6 57 13 -37 -9 -81 -19 -32 -18 24 -12 -7 -19 -9 -12 24 -10 -5 -8 62 -7 -75 12 -16 -13 79 -7 16 -5 5 -10 44 6 8 0 -7 -1 74 1 -30 4 -41 10 -42 12 -5 10 23 10 -27 -12 -43 13 3 -8 77 11 -1 3 -3 3 23 -9 36 -6 32 -35 -24 -40 -5 8 31 -28 1 0 90 -1 26 -27 6 14 29 -26 -19 -30 40 -2 78 -44 -28 
120 5 4 0 0.444444 2 -19 75 -16 68 2 0.266667 1 -12 -26 3 0.266667 1 13 20 4 0.888889 8 -23 -6 -23 12 -22 -5 -20 -17 -20 27 -22 -23 -23 -18 -24 -40 
