10 143 0
0 0 -1 19 13 0 21 40 37 7 4 32 -1435 
1 1 -1 14 7 20 0 42 40 5 4 32 -2327 
2 1 -1 22 9 8 3 42 44 1 2 32 93 
3 2 -1 10 16 0 6 17 38 4 8 32 -3125 
4 2 -1 19 1 0 16 31 24 7 21 32 -11507 
5 2 -1 4 13 15 6 43 23 4 21 32 -2956 
6 2 -1 17 14 21 1 45 17 1 4 32 576 
7 3 0 0 0 0 0 0 0 0 0 0 0 
8 3 -1 8 4 6 8 18 19 26 15 32 -28111 
9 3 -1 2 13 15 15 44 46 1 1 32 23124 
10 3 -1 4 15 17 0 23 24 12 22 32 -23212 
11 3 -1 18 3 0 16 38 39 5 4 32 -27 
12 3 -1 20 34 0 0 45 36 0 0 18 21 
13 3 -1 1 16 0 3 40 20 6 15 32 -2536 
14 3 -1 21 12 10 15 38 45 4 1 32 6630 
15 4 0 0 0 0 0 0 0 0 0 0 0 
16 4 0 0 0 0 0 0 0 0 0 0 0 
17 4 -1 15 17 22 0 44 32 2 9 32 -1802 
18 4 -1 29 7 0 0 9 20 0 0 1 6 
19 4 -1 21 10 0 7 40 37 7 9 32 -6512 
20 4 -1 19 12 17 16 45 36 1 11 32 24812 
21 4 -1 29 24 0 0 41 4 0 0 12 -1 
22 4 -1 16 11 0 19 33 46 10 1 32 -173 
23 4 -1 10 2 0 0 28 36 0 0 1 6 
24 4 -1 12 3 20 4 46 7 1 21 32 -2172 
25 4 -1 43 14 0 0 26 37 0 0 0 -33 
26 4 -1 35 36 0 0 24 1 0 0 6 76 
27 4 -1 2 14 1 15 37 33 3 1 32 51 
28 4 -1 20 16 15 7 43 39 2 4 32 2123 
29 4 -1 12 4 15 0 33 13 9 5 32 -1232 
30 4 -1 1 12 12 3 23 17 12 8 32 -5638 
31 5 0 0 0 0 0 0 0 0 0 0 0 
32 5 0 0 0 0 0 0 0 0 0 0 0 
33 5 0 0 0 0 0 0 0 0 0 0 0 
34 5 0 0 0 0 0 0 0 0 0 0 0 
35 5 1 0 0 0 0 0 0 0 0 0 0 
36 5 -1 9 8 0 0 21 41 0 0 14 -39 
37 5 -1 25 25 0 0 5 8 0 0 17 -1 
38 5 -1 29 41 0 0 11 2 0 0 1 10 
39 5 -1 10 12 6 18 38 35 8 9 32 3132 
40 5 -1 17 8 17 15 37 46 4 1 32 22137 
41 5 -1 11 29 0 0 31 34 0 0 17 2 
42 5 41 0 0 0 0 0 0 0 0 0 0 
43 5 -1 13 9 0 0 33 29 0 0 9 7 
44 5 44 0 0 0 0 0 0 0 0 0 0 
45 5 -1 19 4 16 3 42 10 5 36 32 -11925 
46 5 -1 29 16 0 0 0 2 0 0 1 7 
47 5 -1 10 24 0 0 46 15 0 0 18 27 
48 5 62 0 0 0 0 0 0 0 0 0 0 
49 5 -1 2 10 22 9 32 22 8 3 32 -899 
50 5 65 0 0 0 0 0 0 0 0 0 0 
51 5 -1 8 15 5 10 27 38 19 7 32 -643 
52 5 -1 1 6 8 12 34 33 9 8 32 -2287 
53 5 -1 29 0 0 0 19 37 0 0 0 23 
54 5 99 0 0 0 0 0 0 0 0 0 0 
55 5 -1 10 10 12 7 37 18 10 16 32 -5459 
56 5 104 0 0 0 0 0 0 0 0 0 0 
57 5 -1 42 9 0 0 8 10 0 0 0 9 
58 5 107 0 0 0 0 0 0 0 0 0 0 
59 5 -1 21 8 0 14 45 31 2 15 32 -1097 
60 5 -1 2 12 4 5 37 45 6 2 32 118 
61 5 -1 7 19 3 15 42 39 1 2 32 2350 
62 5 -1 15 3 18 17 41 33 3 12 32 26903 
63 6 0 0 0 0 0 0 0 0 0 0 0 
64 6 0 0 0 0 0 0 0 0 0 0 0 
65 6 0 0 0 0 0 0 0 0 0 0 0 
66 6 0 0 0 0 0 0 0 0 0 0 0 
67 6 0 0 0 0 0 0 0 0 0 0 0 
68 6 0 0 0 0 0 0 0 0 0 0 0 
69 6 0 0 0 0 0 0 0 0 0 0 0 
70 6 0 0 0 0 0 0 0 0 0 0 0 
71 6 0 0 0 0 0 0 0 0 0 0 0 
72 6 0 0 0 0 0 0 0 0 0 0 0 
73 6 2 0 0 0 0 0 0 0 0 0 0 
74 6 -1 13 14 0 0 42 47 0 0 0 0 
75 6 7 0 0 0 0 0 0 0 0 0 0 
76 6 8 0 0 0 0 0 0 0 0 0 0 
77 6 -1 22 43 0 0 25 38 0 0 4 3 
78 6 -1 4 22 7 16 34 46 8 1 32 -142 
79 6 -1 0 17 5 1 37 37 10 5 32 -4661 
80 6 -1 18 11 0 0 33 41 3 1 32 -185 
81 6 33 0 0 0 0 0 0 0 0 0 0 
82 6 -1 5 4 9 9 41 31 3 8 32 5215 
83 6 -1 34 4 0 0 47 31 0 0 5 7 
84 6 -1 12 8 12 22 25 33 18 6 32 15381 
85 6 0 0 0 0 0 0 0 0 0 0 0 
86 6 0 0 0 0 0 0 0 0 0 0 0 
87 6 42 0 0 0 0 0 0 0 0 0 0 
88 6 43 0 0 0 0 0 0 0 0 0 0 
89 6 0 0 0 0 0 0 0 0 0 0 0 
90 6 0 0 0 0 0 0 0 0 0 0 0 
91 6 -1 0 9 13 4 46 16 1 20 32 -3810 
92 6 -1 9 22 3 2 44 35 1 10 32 -1023 
93 6 -1 12 29 0 0 17 47 0 0 8 -57 
94 6 -1 6 8 8 8 42 22 5 11 32 -3929 
95 6 -1 19 18 0 0 34 1 0 0 5 6 
96 6 61 0 0 0 0 0 0 0 0 0 0 
97 6 0 0 0 0 0 0 0 0 0 0 0 
98 6 0 0 0 0 0 0 0 0 0 0 0 
99 6 63 0 0 0 0 0 0 0 0 0 0 
100 6 64 0 0 0 0 0 0 0 0 0 0 
101 6 0 0 0 0 0 0 0 0 0 0 0 
102 6 0 0 0 0 0 0 0 0 0 0 0 
103 6 -1 0 7 15 19 25 34 16 8 32 2847 
104 6 -1 13 3 13 0 45 21 2 8 32 -188 
105 6 -1 3 6 1 10 6 35 32 3 32 -1993 
106 6 -1 15 17 3 2 33 38 8 3 32 -8 
107 6 -1 30 2 0 0 34 22 0 0 1 -2 
108 6 -1 0 25 0 0 34 42 0 0 7 -30 
109 6 0 0 0 0 0 0 0 0 0 0 0 
110 6 0 0 0 0 0 0 0 0 0 0 0 
111 6 -1 32 3 0 0 18 22 0 0 16 -1 
112 6 -1 13 12 1 4 41 30 6 9 32 -1575 
113 6 0 0 0 0 0 0 0 0 0 0 0 
114 6 0 0 0 0 0 0 0 0 0 0 0 
115 6 105 0 0 0 0 0 0 0 0 0 0 
116 6 106 0 0 0 0 0 0 0 0 0 0 
117 6 0 0 0 0 0 0 0 0 0 0 0 
118 6 0 0 0 0 0 0 0 0 0 0 0 
119 6 -1 9 19 17 6 42 34 2 7 32 2950 
120 6 -1 20 10 5 1 40 40 4 5 32 -116 
121 6 128 0 0 0 0 0 0 0 0 0 0 
122 6 -1 7 6 13 0 29 28 16 7 32 -354 
123 6 -1 12 10 1 11 45 22 2 19 32 -97 
124 6 136 0 0 0 0 0 0 0 0 0 0 
125 6 -1 13 9 10 8 40 36 5 8 32 2999 
126 6 -1 22 6 1 21 26 36 8 8 32 2663 
127 7 0 0 0 0 0 0 0 0 0 0 0 
128 7 0 0 0 0 0 0 0 0 0 0 0 
129 7 0 0 0 0 0 0 0 0 0 0 0 
130 7 0 0 0 0 0 0 0 0 0 0 0 
131 7 0 0 0 0 0 0 0 0 0 0 0 
132 7 0 0 0 0 0 0 0 0 0 0 0 
133 7 0 0 0 0 0 0 0 0 0 0 0 
134 7 0 0 0 0 0 0 0 0 0 0 0 
135 7 0 0 0 0 0 0 0 0 0 0 0 
136 7 0 0 0 0 0 0 0 0 0 0 0 
137 7 0 0 0 0 0 0 0 0 0 0 0 
138 7 0 0 0 0 0 0 0 0 0 0 0 
139 7 0 0 0 0 0 0 0 0 0 0 0 
140 7 0 0 0 0 0 0 0 0 0 0 0 
141 7 0 0 0 0 0 0 0 0 0 0 0 
142 7 0 0 0 0 0 0 0 0 0 0 0 
143 7 0 0 0 0 0 0 0 0 0 0 0 
144 7 0 0 0 0 0 0 0 0 0 0 0 
145 7 0 0 0 0 0 0 0 0 0 0 0 
146 7 0 0 0 0 0 0 0 0 0 0 0 
147 7 0 0 0 0 0 0 0 0 0 0 0 
148 7 0 0 0 0 0 0 0 0 0 0 0 
149 7 3 0 0 0 0 0 0 0 0 0 0 
150 7 -1 19 17 0 0 36 2 0 0 17 -15 
151 7 0 0 0 0 0 0 0 0 0 0 0 
152 7 0 0 0 0 0 0 0 0 0 0 0 
153 7 0 0 0 0 0 0 0 0 0 0 0 
154 7 0 0 0 0 0 0 0 0 0 0 0 
155 7 -1 21 13 18 3 45 19 1 6 32 1219 
156 7 11 0 0 0 0 0 0 0 0 0 0 
157 7 12 0 0 0 0 0 0 0 0 0 0 
158 7 13 0 0 0 0 0 0 0 0 0 0 
159 7 -1 12 6 0 0 24 7 0 0 17 -8 
160 7 -1 39 28 0 0 7 30 0 0 14 -10 
161 7 -1 38 41 0 0 42 27 0 0 14 -35 
162 7 -1 32 47 0 0 4 41 0 0 15 -26 
163 7 0 0 0 0 0 0 0 0 0 0 0 
164 7 0 0 0 0 0 0 0 0 0 0 0 
165 7 34 0 0 0 0 0 0 0 0 0 0 
166 7 35 0 0 0 0 0 0 0 0 0 0 
167 7 36 0 0 0 0 0 0 0 0 0 0 
168 7 -1 43 0 0 0 6 3 0 0 16 79 
169 7 39 0 0 0 0 0 0 0 0 0 0 
170 7 40 0 0 0 0 0 0 0 0 0 0 
171 7 0 0 0 0 0 0 0 0 0 0 0 
172 7 0 0 0 0 0 0 0 0 0 0 0 
173 7 0 0 0 0 0 0 0 0 0 0 0 
174 7 0 0 0 0 0 0 0 0 0 0 0 
175 7 0 0 0 0 0 0 0 0 0 0 0 
176 7 0 0 0 0 0 0 0 0 0 0 0 
177 7 0 0 0 0 0 0 0 0 0 0 0 
178 7 0 0 0 0 0 0 0 0 0 0 0 
179 7 0 0 0 0 0 0 0 0 0 0 0 
180 7 0 0 0 0 0 0 0 0 0 0 0 
181 7 0 0 0 0 0 0 0 0 0 0 0 
182 7 0 0 0 0 0 0 0 0 0 0 0 
183 7 45 0 0 0 0 0 0 0 0 0 0 
184 7 46 0 0 0 0 0 0 0 0 0 0 
185 7 47 0 0 0 0 0 0 0 0 0 0 
186 7 48 0 0 0 0 0 0 0 0 0 0 
187 7 49 0 0 0 0 0 0 0 0 0 0 
188 7 -1 37 41 0 0 1 17 0 0 2 14 
189 7 54 0 0 0 0 0 0 0 0 0 0 
190 7 55 0 0 0 0 0 0 0 0 0 0 
191 7 -1 32 11 0 0 24 2 0 0 3 13 
192 7 -1 21 1 13 18 38 32 7 9 32 -1835 
193 7 0 0 0 0 0 0 0 0 0 0 0 
194 7 0 0 0 0 0 0 0 0 0 0 0 
195 7 0 0 0 0 0 0 0 0 0 0 0 
196 7 0 0 0 0 0 0 0 0 0 0 0 
197 7 0 0 0 0 0 0 0 0 0 0 0 
198 7 0 0 0 0 0 0 0 0 0 0 0 
199 7 0 0 0 0 0 0 0 0 0 0 0 
200 7 0 0 0 0 0 0 0 0 0 0 0 
201 7 0 0 0 0 0 0 0 0 0 0 0 
202 7 0 0 0 0 0 0 0 0 0 0 0 
203 7 0 0 0 0 0 0 0 0 0 0 0 
204 7 0 0 0 0 0 0 0 0 0 0 0 
205 7 0 0 0 0 0 0 0 0 0 0 0 
206 7 0 0 0 0 0 0 0 0 0 0 0 
207 7 -1 21 0 13 19 39 25 2 18 32 656 
208 7 70 0 0 0 0 0 0 0 0 0 0 
209 7 71 0 0 0 0 0 0 0 0 0 0 
210 7 -1 6 0 0 0 31 20 0 0 11 -66 
211 7 -1 29 43 0 0 42 12 0 0 1 12 
212 7 -1 10 10 5 6 35 38 10 6 32 -2164 
213 7 -1 46 9 0 0 17 24 0 0 16 1 
214 7 -1 19 3 13 21 37 27 2 9 32 1193 
215 7 93 0 0 0 0 0 0 0 0 0 0 
216 7 -1 12 22 0 0 31 38 0 0 0 58 
217 7 97 0 0 0 0 0 0 0 0 0 0 
218 7 98 0 0 0 0 0 0 0 0 0 0 
219 7 0 0 0 0 0 0 0 0 0 0 0 
220 7 0 0 0 0 0 0 0 0 0 0 0 
221 7 0 0 0 0 0 0 0 0 0 0 0 
222 7 0 0 0 0 0 0 0 0 0 0 0 
223 7 100 0 0 0 0 0 0 0 0 0 0 
224 7 101 0 0 0 0 0 0 0 0 0 0 
225 7 102 0 0 0 0 0 0 0 0 0 0 
226 7 103 0 0 0 0 0 0 0 0 0 0 
227 7 0 0 0 0 0 0 0 0 0 0 0 
228 7 0 0 0 0 0 0 0 0 0 0 0 
229 7 0 0 0 0 0 0 0 0 0 0 0 
230 7 0 0 0 0 0 0 0 0 0 0 0 
231 7 0 0 0 0 0 0 0 0 0 0 0 
232 7 0 0 0 0 0 0 0 0 0 0 0 
233 7 0 0 0 0 0 0 0 0 0 0 0 
234 7 0 0 0 0 0 0 0 0 0 0 0 
235 7 0 0 0 0 0 0 0 0 0 0 0 
236 7 0 0 0 0 0 0 0 0 0 0 0 
237 7 0 0 0 0 0 0 0 0 0 0 0 
238 7 0 0 0 0 0 0 0 0 0 0 0 
239 7 -1 13 15 2 18 23 45 18 2 32 -373 
240 7 -1 13 3 1 8 31 32 10 1 32 -373 
241 7 -1 13 22 1 0 23 39 2 3 32 -185 
242 7 -1 38 26 0 0 2 13 0 0 16 38 
243 7 0 0 0 0 0 0 0 0 0 0 0 
244 7 0 0 0 0 0 0 0 0 0 0 0 
245 7 -1 6 7 8 16 15 30 12 17 32 -2382 
246 7 131 0 0 0 0 0 0 0 0 0 0 
247 7 -1 11 2 0 0 18 19 0 0 7 -33 
248 7 135 0 0 0 0 0 0 0 0 0 0 
249 7 0 0 0 0 0 0 0 0 0 0 0 
250 7 0 0 0 0 0 0 0 0 0 0 0 
251 7 137 0 0 0 0 0 0 0 0 0 0 
252 7 138 0 0 0 0 0 0 0 0 0 0 
253 7 -1 10 33 0 0 27 32 0 0 10 7 
254 7 -1 47 10 0 0 12 16 0 0 0 8 
255 8 0 0 0 0 0 0 0 0 0 0 0 
256 8 0 0 0 0 0 0 0 0 0 0 0 
257 8 0 0 0 0 0 0 0 0 0 0 0 
258 8 0 0 0 0 0 0 0 0 0 0 0 
259 8 0 0 0 0 0 0 0 0 0 0 0 
260 8 0 0 0 0 0 0 0 0 0 0 0 
261 8 0 0 0 0 0 0 0 0 0 0 0 
262 8 0 0 0 0 0 0 0 0 0 0 0 
263 8 0 0 0 0 0 0 0 0 0 0 0 
264 8 0 0 0 0 0 0 0 0 0 0 0 
265 8 0 0 0 0 0 0 0 0 0 0 0 
266 8 0 0 0 0 0 0 0 0 0 0 0 
267 8 0 0 0 0 0 0 0 0 0 0 0 
268 8 0 0 0 0 0 0 0 0 0 0 0 
269 8 0 0 0 0 0 0 0 0 0 0 0 
270 8 0 0 0 0 0 0 0 0 0 0 0 
271 8 0 0 0 0 0 0 0 0 0 0 0 
272 8 0 0 0 0 0 0 0 0 0 0 0 
273 8 0 0 0 0 0 0 0 0 0 0 0 
274 8 0 0 0 0 0 0 0 0 0 0 0 
275 8 0 0 0 0 0 0 0 0 0 0 0 
276 8 0 0 0 0 0 0 0 0 0 0 0 
277 8 0 0 0 0 0 0 0 0 0 0 0 
278 8 0 0 0 0 0 0 0 0 0 0 0 
279 8 0 0 0 0 0 0 0 0 0 0 0 
280 8 0 0 0 0 0 0 0 0 0 0 0 
281 8 0 0 0 0 0 0 0 0 0 0 0 
282 8 0 0 0 0 0 0 0 0 0 0 0 
283 8 0 0 0 0 0 0 0 0 0 0 0 
284 8 0 0 0 0 0 0 0 0 0 0 0 
285 8 0 0 0 0 0 0 0 0 0 0 0 
286 8 0 0 0 0 0 0 0 0 0 0 0 
287 8 0 0 0 0 0 0 0 0 0 0 0 
288 8 0 0 0 0 0 0 0 0 0 0 0 
289 8 0 0 0 0 0 0 0 0 0 0 0 
290 8 0 0 0 0 0 0 0 0 0 0 0 
291 8 0 0 0 0 0 0 0 0 0 0 0 
292 8 0 0 0 0 0 0 0 0 0 0 0 
293 8 0 0 0 0 0 0 0 0 0 0 0 
294 8 0 0 0 0 0 0 0 0 0 0 0 
295 8 0 0 0 0 0 0 0 0 0 0 0 
296 8 0 0 0 0 0 0 0 0 0 0 0 
297 8 0 0 0 0 0 0 0 0 0 0 0 
298 8 0 0 0 0 0 0 0 0 0 0 0 
299 8 0 0 0 0 0 0 0 0 0 0 0 
300 8 0 0 0 0 0 0 0 0 0 0 0 
301 8 4 0 0 0 0 0 0 0 0 0 0 
302 8 -1 14 11 0 0 23 40 0 0 13 -10 
303 8 0 0 0 0 0 0 0 0 0 0 0 
304 8 0 0 0 0 0 0 0 0 0 0 0 
305 8 0 0 0 0 0 0 0 0 0 0 0 
306 8 0 0 0 0 0 0 0 0 0 0 0 
307 8 0 0 0 0 0 0 0 0 0 0 0 
308 8 0 0 0 0 0 0 0 0 0 0 0 
309 8 0 0 0 0 0 0 0 0 0 0 0 
310 8 0 0 0 0 0 0 0 0 0 0 0 
311 8 9 0 0 0 0 0 0 0 0 0 0 
312 8 10 0 0 0 0 0 0 0 0 0 0 
313 8 0 0 0 0 0 0 0 0 0 0 0 
314 8 0 0 0 0 0 0 0 0 0 0 0 
315 8 0 0 0 0 0 0 0 0 0 0 0 
316 8 0 0 0 0 0 0 0 0 0 0 0 
317 8 0 0 0 0 0 0 0 0 0 0 0 
318 8 0 0 0 0 0 0 0 0 0 0 0 
319 8 -1 45 13 0 0 22 41 0 0 3 5 
320 8 -1 20 0 19 0 45 34 2 11 32 -2089 
321 8 -1 44 19 0 0 29 30 0 0 14 -4 
322 8 -1 13 22 0 0 43 38 0 0 15 15 
323 8 27 0 0 0 0 0 0 0 0 0 0 
324 8 -1 19 20 20 2 42 22 1 17 32 767 
325 8 30 0 0 0 0 0 0 0 0 0 0 
326 8 -1 38 30 0 0 10 24 0 0 15 -18 
327 8 0 0 0 0 0 0 0 0 0 0 0 
328 8 0 0 0 0 0 0 0 0 0 0 0 
329 8 0 0 0 0 0 0 0 0 0 0 0 
330 8 0 0 0 0 0 0 0 0 0 0 0 
331 8 0 0 0 0 0 0 0 0 0 0 0 
332 8 0 0 0 0 0 0 0 0 0 0 0 
333 8 0 0 0 0 0 0 0 0 0 0 0 
334 8 0 0 0 0 0 0 0 0 0 0 0 
335 8 0 0 0 0 0 0 0 0 0 0 0 
336 8 0 0 0 0 0 0 0 0 0 0 0 
337 8 37 0 0 0 0 0 0 0 0 0 0 
338 8 38 0 0 0 0 0 0 0 0 0 0 
339 8 0 0 0 0 0 0 0 0 0 0 0 
340 8 0 0 0 0 0 0 0 0 0 0 0 
341 8 0 0 0 0 0 0 0 0 0 0 0 
342 8 0 0 0 0 0 0 0 0 0 0 0 
343 8 0 0 0 0 0 0 0 0 0 0 0 
344 8 0 0 0 0 0 0 0 0 0 0 0 
345 8 0 0 0 0 0 0 0 0 0 0 0 
346 8 0 0 0 0 0 0 0 0 0 0 0 
347 8 0 0 0 0 0 0 0 0 0 0 0 
348 8 0 0 0 0 0 0 0 0 0 0 0 
349 8 0 0 0 0 0 0 0 0 0 0 0 
350 8 0 0 0 0 0 0 0 0 0 0 0 
351 8 0 0 0 0 0 0 0 0 0 0 0 
352 8 0 0 0 0 0 0 0 0 0 0 0 
353 8 0 0 0 0 0 0 0 0 0 0 0 
354 8 0 0 0 0 0 0 0 0 0 0 0 
355 8 0 0 0 0 0 0 0 0 0 0 0 
356 8 0 0 0 0 0 0 0 0 0 0 0 
357 8 0 0 0 0 0 0 0 0 0 0 0 
358 8 0 0 0 0 0 0 0 0 0 0 0 
359 8 0 0 0 0 0 0 0 0 0 0 0 
360 8 0 0 0 0 0 0 0 0 0 0 0 
361 8 0 0 0 0 0 0 0 0 0 0 0 
362 8 0 0 0 0 0 0 0 0 0 0 0 
363 8 0 0 0 0 0 0 0 0 0 0 0 
364 8 0 0 0 0 0 0 0 0 0 0 0 
365 8 0 0 0 0 0 0 0 0 0 0 0 
366 8 0 0 0 0 0 0 0 0 0 0 0 
367 8 0 0 0 0 0 0 0 0 0 0 0 
368 8 0 0 0 0 0 0 0 0 0 0 0 
369 8 0 0 0 0 0 0 0 0 0 0 0 
370 8 0 0 0 0 0 0 0 0 0 0 0 
371 8 0 0 0 0 0 0 0 0 0 0 0 
372 8 0 0 0 0 0 0 0 0 0 0 0 
373 8 0 0 0 0 0 0 0 0 0 0 0 
374 8 0 0 0 0 0 0 0 0 0 0 0 
375 8 0 0 0 0 0 0 0 0 0 0 0 
376 8 0 0 0 0 0 0 0 0 0 0 0 
377 8 -1 12 31 0 0 34 12 0 0 16 -38 
378 8 53 0 0 0 0 0 0 0 0 0 0 
379 8 0 0 0 0 0 0 0 0 0 0 0 
380 8 0 0 0 0 0 0 0 0 0 0 0 
381 8 0 0 0 0 0 0 0 0 0 0 0 
382 8 0 0 0 0 0 0 0 0 0 0 0 
383 8 -1 26 23 0 0 13 3 0 0 7 18 
384 8 58 0 0 0 0 0 0 0 0 0 0 
385 8 59 0 0 0 0 0 0 0 0 0 0 
386 8 60 0 0 0 0 0 0 0 0 0 0 
387 8 0 0 0 0 0 0 0 0 0 0 0 
388 8 0 0 0 0 0 0 0 0 0 0 0 
389 8 0 0 0 0 0 0 0 0 0 0 0 
390 8 0 0 0 0 0 0 0 0 0 0 0 
391 8 0 0 0 0 0 0 0 0 0 0 0 
392 8 0 0 0 0 0 0 0 0 0 0 0 
393 8 0 0 0 0 0 0 0 0 0 0 0 
394 8 0 0 0 0 0 0 0 0 0 0 0 
395 8 0 0 0 0 0 0 0 0 0 0 0 
396 8 0 0 0 0 0 0 0 0 0 0 0 
397 8 0 0 0 0 0 0 0 0 0 0 0 
398 8 0 0 0 0 0 0 0 0 0 0 0 
399 8 0 0 0 0 0 0 0 0 0 0 0 
400 8 0 0 0 0 0 0 0 0 0 0 0 
401 8 0 0 0 0 0 0 0 0 0 0 0 
402 8 0 0 0 0 0 0 0 0 0 0 0 
403 8 0 0 0 0 0 0 0 0 0 0 0 
404 8 0 0 0 0 0 0 0 0 0 0 0 
405 8 0 0 0 0 0 0 0 0 0 0 0 
406 8 0 0 0 0 0 0 0 0 0 0 0 
407 8 0 0 0 0 0 0 0 0 0 0 0 
408 8 0 0 0 0 0 0 0 0 0 0 0 
409 8 0 0 0 0 0 0 0 0 0 0 0 
410 8 0 0 0 0 0 0 0 0 0 0 0 
411 8 0 0 0 0 0 0 0 0 0 0 0 
412 8 0 0 0 0 0 0 0 0 0 0 0 
413 8 0 0 0 0 0 0 0 0 0 0 0 
414 8 0 0 0 0 0 0 0 0 0 0 0 
415 8 -1 4 20 5 1 36 35 7 8 32 -2174 
416 8 69 0 0 0 0 0 0 0 0 0 0 
417 8 0 0 0 0 0 0 0 0 0 0 0 
418 8 0 0 0 0 0 0 0 0 0 0 0 
419 8 0 0 0 0 0 0 0 0 0 0 0 
420 8 0 0 0 0 0 0 0 0 0 0 0 
421 8 -1 45 26 0 0 8 1 0 0 2 20 
422 8 -1 8 12 0 0 32 3 0 0 17 11 
423 8 -1 16 32 0 0 36 13 0 0 13 131 
424 8 79 0 0 0 0 0 0 0 0 0 0 
425 8 80 0 0 0 0 0 0 0 0 0 0 
426 8 -1 21 18 21 5 43 45 3 2 32 1606 
427 8 83 0 0 0 0 0 0 0 0 0 0 
428 8 -1 31 8 0 0 20 46 0 0 18 -12 
429 8 -1 35 46 0 0 12 44 0 0 14 64 
430 8 -1 0 10 16 11 38 25 7 12 32 3430 
431 8 0 0 0 0 0 0 0 0 0 0 0 
432 8 0 0 0 0 0 0 0 0 0 0 0 
433 8 -1 41 45 0 0 15 20 0 0 2 21 
434 8 96 0 0 0 0 0 0 0 0 0 0 
435 8 0 0 0 0 0 0 0 0 0 0 0 
436 8 0 0 0 0 0 0 0 0 0 0 0 
437 8 0 0 0 0 0 0 0 0 0 0 0 
438 8 0 0 0 0 0 0 0 0 0 0 0 
439 8 0 0 0 0 0 0 0 0 0 0 0 
440 8 0 0 0 0 0 0 0 0 0 0 0 
441 8 0 0 0 0 0 0 0 0 0 0 0 
442 8 0 0 0 0 0 0 0 0 0 0 0 
443 8 0 0 0 0 0 0 0 0 0 0 0 
444 8 0 0 0 0 0 0 0 0 0 0 0 
445 8 0 0 0 0 0 0 0 0 0 0 0 
446 8 0 0 0 0 0 0 0 0 0 0 0 
447 8 0 0 0 0 0 0 0 0 0 0 0 
448 8 0 0 0 0 0 0 0 0 0 0 0 
449 8 0 0 0 0 0 0 0 0 0 0 0 
450 8 0 0 0 0 0 0 0 0 0 0 0 
451 8 0 0 0 0 0 0 0 0 0 0 0 
452 8 0 0 0 0 0 0 0 0 0 0 0 
453 8 0 0 0 0 0 0 0 0 0 0 0 
454 8 0 0 0 0 0 0 0 0 0 0 0 
455 8 0 0 0 0 0 0 0 0 0 0 0 
456 8 0 0 0 0 0 0 0 0 0 0 0 
457 8 0 0 0 0 0 0 0 0 0 0 0 
458 8 0 0 0 0 0 0 0 0 0 0 0 
459 8 0 0 0 0 0 0 0 0 0 0 0 
460 8 0 0 0 0 0 0 0 0 0 0 0 
461 8 0 0 0 0 0 0 0 0 0 0 0 
462 8 0 0 0 0 0 0 0 0 0 0 0 
463 8 0 0 0 0 0 0 0 0 0 0 0 
464 8 0 0 0 0 0 0 0 0 0 0 0 
465 8 0 0 0 0 0 0 0 0 0 0 0 
466 8 0 0 0 0 0 0 0 0 0 0 0 
467 8 0 0 0 0 0 0 0 0 0 0 0 
468 8 0 0 0 0 0 0 0 0 0 0 0 
469 8 0 0 0 0 0 0 0 0 0 0 0 
470 8 0 0 0 0 0 0 0 0 0 0 0 
471 8 0 0 0 0 0 0 0 0 0 0 0 
472 8 0 0 0 0 0 0 0 0 0 0 0 
473 8 0 0 0 0 0 0 0 0 0 0 0 
474 8 0 0 0 0 0 0 0 0 0 0 0 
475 8 0 0 0 0 0 0 0 0 0 0 0 
476 8 0 0 0 0 0 0 0 0 0 0 0 
477 8 0 0 0 0 0 0 0 0 0 0 0 
478 8 0 0 0 0 0 0 0 0 0 0 0 
479 8 -1 16 1 0 0 1 30 0 0 17 -10 
480 8 -1 11 20 6 8 23 34 17 4 32 -642 
481 8 -1 13 7 0 0 13 11 0 0 5 1 
482 8 117 0 0 0 0 0 0 0 0 0 0 
483 8 -1 5 10 0 0 23 45 0 0 1 11 
484 8 -1 5 19 4 18 41 39 4 7 32 -726 
485 8 -1 38 31 0 0 29 21 0 0 4 -3 
486 8 127 0 0 0 0 0 0 0 0 0 0 
487 8 0 0 0 0 0 0 0 0 0 0 0 
488 8 0 0 0 0 0 0 0 0 0 0 0 
489 8 0 0 0 0 0 0 0 0 0 0 0 
490 8 0 0 0 0 0 0 0 0 0 0 0 
491 8 129 0 0 0 0 0 0 0 0 0 0 
492 8 130 0 0 0 0 0 0 0 0 0 0 
493 8 0 0 0 0 0 0 0 0 0 0 0 
494 8 0 0 0 0 0 0 0 0 0 0 0 
495 8 132 0 0 0 0 0 0 0 0 0 0 
496 8 -1 31 6 0 0 24 45 0 0 15 47 
497 8 0 0 0 0 0 0 0 0 0 0 0 
498 8 0 0 0 0 0 0 0 0 0 0 0 
499 8 0 0 0 0 0 0 0 0 0 0 0 
500 8 0 0 0 0 0 0 0 0 0 0 0 
501 8 0 0 0 0 0 0 0 0 0 0 0 
502 8 0 0 0 0 0 0 0 0 0 0 0 
503 8 0 0 0 0 0 0 0 0 0 0 0 
504 8 0 0 0 0 0 0 0 0 0 0 0 
505 8 0 0 0 0 0 0 0 0 0 0 0 
506 8 0 0 0 0 0 0 0 0 0 0 0 
507 8 139 0 0 0 0 0 0 0 0 0 0 
508 8 140 0 0 0 0 0 0 0 0 0 0 
509 8 141 0 0 0 0 0 0 0 0 0 0 
510 8 142 0 0 0 0 0 0 0 0 0 0 
511 9 0 0 0 0 0 0 0 0 0 0 0 
512 9 0 0 0 0 0 0 0 0 0 0 0 
513 9 0 0 0 0 0 0 0 0 0 0 0 
514 9 0 0 0 0 0 0 0 0 0 0 0 
515 9 0 0 0 0 0 0 0 0 0 0 0 
516 9 0 0 0 0 0 0 0 0 0 0 0 
517 9 0 0 0 0 0 0 0 0 0 0 0 
518 9 0 0 0 0 0 0 0 0 0 0 0 
519 9 0 0 0 0 0 0 0 0 0 0 0 
520 9 0 0 0 0 0 0 0 0 0 0 0 
521 9 0 0 0 0 0 0 0 0 0 0 0 
522 9 0 0 0 0 0 0 0 0 0 0 0 
523 9 0 0 0 0 0 0 0 0 0 0 0 
524 9 0 0 0 0 0 0 0 0 0 0 0 
525 9 0 0 0 0 0 0 0 0 0 0 0 
526 9 0 0 0 0 0 0 0 0 0 0 0 
527 9 0 0 0 0 0 0 0 0 0 0 0 
528 9 0 0 0 0 0 0 0 0 0 0 0 
529 9 0 0 0 0 0 0 0 0 0 0 0 
530 9 0 0 0 0 0 0 0 0 0 0 0 
531 9 0 0 0 0 0 0 0 0 0 0 0 
532 9 0 0 0 0 0 0 0 0 0 0 0 
533 9 0 0 0 0 0 0 0 0 0 0 0 
534 9 0 0 0 0 0 0 0 0 0 0 0 
535 9 0 0 0 0 0 0 0 0 0 0 0 
536 9 0 0 0 0 0 0 0 0 0 0 0 
537 9 0 0 0 0 0 0 0 0 0 0 0 
538 9 0 0 0 0 0 0 0 0 0 0 0 
539 9 0 0 0 0 0 0 0 0 0 0 0 
540 9 0 0 0 0 0 0 0 0 0 0 0 
541 9 0 0 0 0 0 0 0 0 0 0 0 
542 9 0 0 0 0 0 0 0 0 0 0 0 
543 9 0 0 0 0 0 0 0 0 0 0 0 
544 9 0 0 0 0 0 0 0 0 0 0 0 
545 9 0 0 0 0 0 0 0 0 0 0 0 
546 9 0 0 0 0 0 0 0 0 0 0 0 
547 9 0 0 0 0 0 0 0 0 0 0 0 
548 9 0 0 0 0 0 0 0 0 0 0 0 
549 9 0 0 0 0 0 0 0 0 0 0 0 
550 9 0 0 0 0 0 0 0 0 0 0 0 
551 9 0 0 0 0 0 0 0 0 0 0 0 
552 9 0 0 0 0 0 0 0 0 0 0 0 
553 9 0 0 0 0 0 0 0 0 0 0 0 
554 9 0 0 0 0 0 0 0 0 0 0 0 
555 9 0 0 0 0 0 0 0 0 0 0 0 
556 9 0 0 0 0 0 0 0 0 0 0 0 
557 9 0 0 0 0 0 0 0 0 0 0 0 
558 9 0 0 0 0 0 0 0 0 0 0 0 
559 9 0 0 0 0 0 0 0 0 0 0 0 
560 9 0 0 0 0 0 0 0 0 0 0 0 
561 9 0 0 0 0 0 0 0 0 0 0 0 
562 9 0 0 0 0 0 0 0 0 0 0 0 
563 9 0 0 0 0 0 0 0 0 0 0 0 
564 9 0 0 0 0 0 0 0 0 0 0 0 
565 9 0 0 0 0 0 0 0 0 0 0 0 
566 9 0 0 0 0 0 0 0 0 0 0 0 
567 9 0 0 0 0 0 0 0 0 0 0 0 
568 9 0 0 0 0 0 0 0 0 0 0 0 
569 9 0 0 0 0 0 0 0 0 0 0 0 
570 9 0 0 0 0 0 0 0 0 0 0 0 
571 9 0 0 0 0 0 0 0 0 0 0 0 
572 9 0 0 0 0 0 0 0 0 0 0 0 
573 9 0 0 0 0 0 0 0 0 0 0 0 
574 9 0 0 0 0 0 0 0 0 0 0 0 
575 9 0 0 0 0 0 0 0 0 0 0 0 
576 9 0 0 0 0 0 0 0 0 0 0 0 
577 9 0 0 0 0 0 0 0 0 0 0 0 
578 9 0 0 0 0 0 0 0 0 0 0 0 
579 9 0 0 0 0 0 0 0 0 0 0 0 
580 9 0 0 0 0 0 0 0 0 0 0 0 
581 9 0 0 0 0 0 0 0 0 0 0 0 
582 9 0 0 0 0 0 0 0 0 0 0 0 
583 9 0 0 0 0 0 0 0 0 0 0 0 
584 9 0 0 0 0 0 0 0 0 0 0 0 
585 9 0 0 0 0 0 0 0 0 0 0 0 
586 9 0 0 0 0 0 0 0 0 0 0 0 
587 9 0 0 0 0 0 0 0 0 0 0 0 
588 9 0 0 0 0 0 0 0 0 0 0 0 
589 9 0 0 0 0 0 0 0 0 0 0 0 
590 9 0 0 0 0 0 0 0 0 0 0 0 
591 9 0 0 0 0 0 0 0 0 0 0 0 
592 9 0 0 0 0 0 0 0 0 0 0 0 
593 9 0 0 0 0 0 0 0 0 0 0 0 
594 9 0 0 0 0 0 0 0 0 0 0 0 
595 9 0 0 0 0 0 0 0 0 0 0 0 
596 9 0 0 0 0 0 0 0 0 0 0 0 
597 9 0 0 0 0 0 0 0 0 0 0 0 
598 9 0 0 0 0 0 0 0 0 0 0 0 
599 9 0 0 0 0 0 0 0 0 0 0 0 
600 9 0 0 0 0 0 0 0 0 0 0 0 
601 9 0 0 0 0 0 0 0 0 0 0 0 
602 9 0 0 0 0 0 0 0 0 0 0 0 
603 9 0 0 0 0 0 0 0 0 0 0 0 
604 9 0 0 0 0 0 0 0 0 0 0 0 
605 9 5 0 0 0 0 0 0 0 0 0 0 
606 9 6 0 0 0 0 0 0 0 0 0 0 
607 9 0 0 0 0 0 0 0 0 0 0 0 
608 9 0 0 0 0 0 0 0 0 0 0 0 
609 9 0 0 0 0 0 0 0 0 0 0 0 
610 9 0 0 0 0 0 0 0 0 0 0 0 
611 9 0 0 0 0 0 0 0 0 0 0 0 
612 9 0 0 0 0 0 0 0 0 0 0 0 
613 9 0 0 0 0 0 0 0 0 0 0 0 
614 9 0 0 0 0 0 0 0 0 0 0 0 
615 9 0 0 0 0 0 0 0 0 0 0 0 
616 9 0 0 0 0 0 0 0 0 0 0 0 
617 9 0 0 0 0 0 0 0 0 0 0 0 
618 9 0 0 0 0 0 0 0 0 0 0 0 
619 9 0 0 0 0 0 0 0 0 0 0 0 
620 9 0 0 0 0 0 0 0 0 0 0 0 
621 9 0 0 0 0 0 0 0 0 0 0 0 
622 9 0 0 0 0 0 0 0 0 0 0 0 
623 9 0 0 0 0 0 0 0 0 0 0 0 
624 9 0 0 0 0 0 0 0 0 0 0 0 
625 9 0 0 0 0 0 0 0 0 0 0 0 
626 9 0 0 0 0 0 0 0 0 0 0 0 
627 9 0 0 0 0 0 0 0 0 0 0 0 
628 9 0 0 0 0 0 0 0 0 0 0 0 
629 9 0 0 0 0 0 0 0 0 0 0 0 
630 9 0 0 0 0 0 0 0 0 0 0 0 
631 9 0 0 0 0 0 0 0 0 0 0 0 
632 9 0 0 0 0 0 0 0 0 0 0 0 
633 9 0 0 0 0 0 0 0 0 0 0 0 
634 9 0 0 0 0 0 0 0 0 0 0 0 
635 9 0 0 0 0 0 0 0 0 0 0 0 
636 9 0 0 0 0 0 0 0 0 0 0 0 
637 9 0 0 0 0 0 0 0 0 0 0 0 
638 9 0 0 0 0 0 0 0 0 0 0 0 
639 9 -1 17 5 20 3 43 13 1 33 32 4250 
640 9 16 0 0 0 0 0 0 0 0 0 0 
641 9 17 0 0 0 0 0 0 0 0 0 0 
642 9 -1 5 13 21 19 26 43 1 2 32 16510 
643 9 20 0 0 0 0 0 0 0 0 0 0 
644 9 -1 0 2 8 13 13 29 31 18 32 -50516 
645 9 -1 15 4 17 6 46 29 1 16 32 -2720 
646 9 -1 21 17 9 0 38 40 3 1 32 -370 
647 9 0 0 0 0 0 0 0 0 0 0 0 
648 9 0 0 0 0 0 0 0 0 0 0 0 
649 9 28 0 0 0 0 0 0 0 0 0 0 
650 9 29 0 0 0 0 0 0 0 0 0 0 
651 9 0 0 0 0 0 0 0 0 0 0 0 
652 9 0 0 0 0 0 0 0 0 0 0 0 
653 9 31 0 0 0 0 0 0 0 0 0 0 
654 9 32 0 0 0 0 0 0 0 0 0 0 
655 9 0 0 0 0 0 0 0 0 0 0 0 
656 9 0 0 0 0 0 0 0 0 0 0 0 
657 9 0 0 0 0 0 0 0 0 0 0 0 
658 9 0 0 0 0 0 0 0 0 0 0 0 
659 9 0 0 0 0 0 0 0 0 0 0 0 
660 9 0 0 0 0 0 0 0 0 0 0 0 
661 9 0 0 0 0 0 0 0 0 0 0 0 
662 9 0 0 0 0 0 0 0 0 0 0 0 
663 9 0 0 0 0 0 0 0 0 0 0 0 
664 9 0 0 0 0 0 0 0 0 0 0 0 
665 9 0 0 0 0 0 0 0 0 0 0 0 
666 9 0 0 0 0 0 0 0 0 0 0 0 
667 9 0 0 0 0 0 0 0 0 0 0 0 
668 9 0 0 0 0 0 0 0 0 0 0 0 
669 9 0 0 0 0 0 0 0 0 0 0 0 
670 9 0 0 0 0 0 0 0 0 0 0 0 
671 9 0 0 0 0 0 0 0 0 0 0 0 
672 9 0 0 0 0 0 0 0 0 0 0 0 
673 9 0 0 0 0 0 0 0 0 0 0 0 
674 9 0 0 0 0 0 0 0 0 0 0 0 
675 9 0 0 0 0 0 0 0 0 0 0 0 
676 9 0 0 0 0 0 0 0 0 0 0 0 
677 9 0 0 0 0 0 0 0 0 0 0 0 
678 9 0 0 0 0 0 0 0 0 0 0 0 
679 9 0 0 0 0 0 0 0 0 0 0 0 
680 9 0 0 0 0 0 0 0 0 0 0 0 
681 9 0 0 0 0 0 0 0 0 0 0 0 
682 9 0 0 0 0 0 0 0 0 0 0 0 
683 9 0 0 0 0 0 0 0 0 0 0 0 
684 9 0 0 0 0 0 0 0 0 0 0 0 
685 9 0 0 0 0 0 0 0 0 0 0 0 
686 9 0 0 0 0 0 0 0 0 0 0 0 
687 9 0 0 0 0 0 0 0 0 0 0 0 
688 9 0 0 0 0 0 0 0 0 0 0 0 
689 9 0 0 0 0 0 0 0 0 0 0 0 
690 9 0 0 0 0 0 0 0 0 0 0 0 
691 9 0 0 0 0 0 0 0 0 0 0 0 
692 9 0 0 0 0 0 0 0 0 0 0 0 
693 9 0 0 0 0 0 0 0 0 0 0 0 
694 9 0 0 0 0 0 0 0 0 0 0 0 
695 9 0 0 0 0 0 0 0 0 0 0 0 
696 9 0 0 0 0 0 0 0 0 0 0 0 
697 9 0 0 0 0 0 0 0 0 0 0 0 
698 9 0 0 0 0 0 0 0 0 0 0 0 
699 9 0 0 0 0 0 0 0 0 0 0 0 
700 9 0 0 0 0 0 0 0 0 0 0 0 
701 9 0 0 0 0 0 0 0 0 0 0 0 
702 9 0 0 0 0 0 0 0 0 0 0 0 
703 9 0 0 0 0 0 0 0 0 0 0 0 
704 9 0 0 0 0 0 0 0 0 0 0 0 
705 9 0 0 0 0 0 0 0 0 0 0 0 
706 9 0 0 0 0 0 0 0 0 0 0 0 
707 9 0 0 0 0 0 0 0 0 0 0 0 
708 9 0 0 0 0 0 0 0 0 0 0 0 
709 9 0 0 0 0 0 0 0 0 0 0 0 
710 9 0 0 0 0 0 0 0 0 0 0 0 
711 9 0 0 0 0 0 0 0 0 0 0 0 
712 9 0 0 0 0 0 0 0 0 0 0 0 
713 9 0 0 0 0 0 0 0 0 0 0 0 
714 9 0 0 0 0 0 0 0 0 0 0 0 
715 9 0 0 0 0 0 0 0 0 0 0 0 
716 9 0 0 0 0 0 0 0 0 0 0 0 
717 9 0 0 0 0 0 0 0 0 0 0 0 
718 9 0 0 0 0 0 0 0 0 0 0 0 
719 9 0 0 0 0 0 0 0 0 0 0 0 
720 9 0 0 0 0 0 0 0 0 0 0 0 
721 9 0 0 0 0 0 0 0 0 0 0 0 
722 9 0 0 0 0 0 0 0 0 0 0 0 
723 9 0 0 0 0 0 0 0 0 0 0 0 
724 9 0 0 0 0 0 0 0 0 0 0 0 
725 9 0 0 0 0 0 0 0 0 0 0 0 
726 9 0 0 0 0 0 0 0 0 0 0 0 
727 9 0 0 0 0 0 0 0 0 0 0 0 
728 9 0 0 0 0 0 0 0 0 0 0 0 
729 9 0 0 0 0 0 0 0 0 0 0 0 
730 9 0 0 0 0 0 0 0 0 0 0 0 
731 9 0 0 0 0 0 0 0 0 0 0 0 
732 9 0 0 0 0 0 0 0 0 0 0 0 
733 9 0 0 0 0 0 0 0 0 0 0 0 
734 9 0 0 0 0 0 0 0 0 0 0 0 
735 9 0 0 0 0 0 0 0 0 0 0 0 
736 9 0 0 0 0 0 0 0 0 0 0 0 
737 9 0 0 0 0 0 0 0 0 0 0 0 
738 9 0 0 0 0 0 0 0 0 0 0 0 
739 9 0 0 0 0 0 0 0 0 0 0 0 
740 9 0 0 0 0 0 0 0 0 0 0 0 
741 9 0 0 0 0 0 0 0 0 0 0 0 
742 9 0 0 0 0 0 0 0 0 0 0 0 
743 9 0 0 0 0 0 0 0 0 0 0 0 
744 9 0 0 0 0 0 0 0 0 0 0 0 
745 9 0 0 0 0 0 0 0 0 0 0 0 
746 9 0 0 0 0 0 0 0 0 0 0 0 
747 9 0 0 0 0 0 0 0 0 0 0 0 
748 9 0 0 0 0 0 0 0 0 0 0 0 
749 9 0 0 0 0 0 0 0 0 0 0 0 
750 9 0 0 0 0 0 0 0 0 0 0 0 
751 9 0 0 0 0 0 0 0 0 0 0 0 
752 9 0 0 0 0 0 0 0 0 0 0 0 
753 9 0 0 0 0 0 0 0 0 0 0 0 
754 9 0 0 0 0 0 0 0 0 0 0 0 
755 9 50 0 0 0 0 0 0 0 0 0 0 
756 9 -1 4 30 0 0 46 25 0 0 7 46 
757 9 0 0 0 0 0 0 0 0 0 0 0 
758 9 0 0 0 0 0 0 0 0 0 0 0 
759 9 0 0 0 0 0 0 0 0 0 0 0 
760 9 0 0 0 0 0 0 0 0 0 0 0 
761 9 0 0 0 0 0 0 0 0 0 0 0 
762 9 0 0 0 0 0 0 0 0 0 0 0 
763 9 0 0 0 0 0 0 0 0 0 0 0 
764 9 0 0 0 0 0 0 0 0 0 0 0 
765 9 0 0 0 0 0 0 0 0 0 0 0 
766 9 0 0 0 0 0 0 0 0 0 0 0 
767 9 56 0 0 0 0 0 0 0 0 0 0 
768 9 57 0 0 0 0 0 0 0 0 0 0 
769 9 0 0 0 0 0 0 0 0 0 0 0 
770 9 0 0 0 0 0 0 0 0 0 0 0 
771 9 0 0 0 0 0 0 0 0 0 0 0 
772 9 0 0 0 0 0 0 0 0 0 0 0 
773 9 0 0 0 0 0 0 0 0 0 0 0 
774 9 0 0 0 0 0 0 0 0 0 0 0 
775 9 0 0 0 0 0 0 0 0 0 0 0 
776 9 0 0 0 0 0 0 0 0 0 0 0 
777 9 0 0 0 0 0 0 0 0 0 0 0 
778 9 0 0 0 0 0 0 0 0 0 0 0 
779 9 0 0 0 0 0 0 0 0 0 0 0 
780 9 0 0 0 0 0 0 0 0 0 0 0 
781 9 0 0 0 0 0 0 0 0 0 0 0 
782 9 0 0 0 0 0 0 0 0 0 0 0 
783 9 0 0 0 0 0 0 0 0 0 0 0 
784 9 0 0 0 0 0 0 0 0 0 0 0 
785 9 0 0 0 0 0 0 0 0 0 0 0 
786 9 0 0 0 0 0 0 0 0 0 0 0 
787 9 0 0 0 0 0 0 0 0 0 0 0 
788 9 0 0 0 0 0 0 0 0 0 0 0 
789 9 0 0 0 0 0 0 0 0 0 0 0 
790 9 0 0 0 0 0 0 0 0 0 0 0 
791 9 0 0 0 0 0 0 0 0 0 0 0 
792 9 0 0 0 0 0 0 0 0 0 0 0 
793 9 0 0 0 0 0 0 0 0 0 0 0 
794 9 0 0 0 0 0 0 0 0 0 0 0 
795 9 0 0 0 0 0 0 0 0 0 0 0 
796 9 0 0 0 0 0 0 0 0 0 0 0 
797 9 0 0 0 0 0 0 0 0 0 0 0 
798 9 0 0 0 0 0 0 0 0 0 0 0 
799 9 0 0 0 0 0 0 0 0 0 0 0 
800 9 0 0 0 0 0 0 0 0 0 0 0 
801 9 0 0 0 0 0 0 0 0 0 0 0 
802 9 0 0 0 0 0 0 0 0 0 0 0 
803 9 0 0 0 0 0 0 0 0 0 0 0 
804 9 0 0 0 0 0 0 0 0 0 0 0 
805 9 0 0 0 0 0 0 0 0 0 0 0 
806 9 0 0 0 0 0 0 0 0 0 0 0 
807 9 0 0 0 0 0 0 0 0 0 0 0 
808 9 0 0 0 0 0 0 0 0 0 0 0 
809 9 0 0 0 0 0 0 0 0 0 0 0 
810 9 0 0 0 0 0 0 0 0 0 0 0 
811 9 0 0 0 0 0 0 0 0 0 0 0 
812 9 0 0 0 0 0 0 0 0 0 0 0 
813 9 0 0 0 0 0 0 0 0 0 0 0 
814 9 0 0 0 0 0 0 0 0 0 0 0 
815 9 0 0 0 0 0 0 0 0 0 0 0 
816 9 0 0 0 0 0 0 0 0 0 0 0 
817 9 0 0 0 0 0 0 0 0 0 0 0 
818 9 0 0 0 0 0 0 0 0 0 0 0 
819 9 0 0 0 0 0 0 0 0 0 0 0 
820 9 0 0 0 0 0 0 0 0 0 0 0 
821 9 0 0 0 0 0 0 0 0 0 0 0 
822 9 0 0 0 0 0 0 0 0 0 0 0 
823 9 0 0 0 0 0 0 0 0 0 0 0 
824 9 0 0 0 0 0 0 0 0 0 0 0 
825 9 0 0 0 0 0 0 0 0 0 0 0 
826 9 0 0 0 0 0 0 0 0 0 0 0 
827 9 0 0 0 0 0 0 0 0 0 0 0 
828 9 0 0 0 0 0 0 0 0 0 0 0 
829 9 0 0 0 0 0 0 0 0 0 0 0 
830 9 0 0 0 0 0 0 0 0 0 0 0 
831 9 66 0 0 0 0 0 0 0 0 0 0 
832 9 -1 7 1 4 3 34 38 2 3 32 -81 
833 9 0 0 0 0 0 0 0 0 0 0 0 
834 9 0 0 0 0 0 0 0 0 0 0 0 
835 9 0 0 0 0 0 0 0 0 0 0 0 
836 9 0 0 0 0 0 0 0 0 0 0 0 
837 9 0 0 0 0 0 0 0 0 0 0 0 
838 9 0 0 0 0 0 0 0 0 0 0 0 
839 9 0 0 0 0 0 0 0 0 0 0 0 
840 9 0 0 0 0 0 0 0 0 0 0 0 
841 9 0 0 0 0 0 0 0 0 0 0 0 
842 9 0 0 0 0 0 0 0 0 0 0 0 
843 9 72 0 0 0 0 0 0 0 0 0 0 
844 9 73 0 0 0 0 0 0 0 0 0 0 
845 9 74 0 0 0 0 0 0 0 0 0 0 
846 9 75 0 0 0 0 0 0 0 0 0 0 
847 9 -1 2 20 0 0 29 41 0 0 2 13 
848 9 78 0 0 0 0 0 0 0 0 0 0 
849 9 0 0 0 0 0 0 0 0 0 0 0 
850 9 0 0 0 0 0 0 0 0 0 0 0 
851 9 0 0 0 0 0 0 0 0 0 0 0 
852 9 0 0 0 0 0 0 0 0 0 0 0 
853 9 81 0 0 0 0 0 0 0 0 0 0 
854 9 82 0 0 0 0 0 0 0 0 0 0 
855 9 0 0 0 0 0 0 0 0 0 0 0 
856 9 0 0 0 0 0 0 0 0 0 0 0 
857 9 84 0 0 0 0 0 0 0 0 0 0 
858 9 -1 4 15 0 0 37 29 0 0 15 77 
859 9 -1 3 22 0 0 19 24 0 0 2 -3 
860 9 -1 41 0 0 0 8 43 0 0 12 21 
861 9 91 0 0 0 0 0 0 0 0 0 0 
862 9 92 0 0 0 0 0 0 0 0 0 0 
863 9 0 0 0 0 0 0 0 0 0 0 0 
864 9 0 0 0 0 0 0 0 0 0 0 0 
865 9 0 0 0 0 0 0 0 0 0 0 0 
866 9 0 0 0 0 0 0 0 0 0 0 0 
867 9 94 0 0 0 0 0 0 0 0 0 0 
868 9 95 0 0 0 0 0 0 0 0 0 0 
869 9 0 0 0 0 0 0 0 0 0 0 0 
870 9 0 0 0 0 0 0 0 0 0 0 0 
871 9 0 0 0 0 0 0 0 0 0 0 0 
872 9 0 0 0 0 0 0 0 0 0 0 0 
873 9 0 0 0 0 0 0 0 0 0 0 0 
874 9 0 0 0 0 0 0 0 0 0 0 0 
875 9 0 0 0 0 0 0 0 0 0 0 0 
876 9 0 0 0 0 0 0 0 0 0 0 0 
877 9 0 0 0 0 0 0 0 0 0 0 0 
878 9 0 0 0 0 0 0 0 0 0 0 0 
879 9 0 0 0 0 0 0 0 0 0 0 0 
880 9 0 0 0 0 0 0 0 0 0 0 0 
881 9 0 0 0 0 0 0 0 0 0 0 0 
882 9 0 0 0 0 0 0 0 0 0 0 0 
883 9 0 0 0 0 0 0 0 0 0 0 0 
884 9 0 0 0 0 0 0 0 0 0 0 0 
885 9 0 0 0 0 0 0 0 0 0 0 0 
886 9 0 0 0 0 0 0 0 0 0 0 0 
887 9 0 0 0 0 0 0 0 0 0 0 0 
888 9 0 0 0 0 0 0 0 0 0 0 0 
889 9 0 0 0 0 0 0 0 0 0 0 0 
890 9 0 0 0 0 0 0 0 0 0 0 0 
891 9 0 0 0 0 0 0 0 0 0 0 0 
892 9 0 0 0 0 0 0 0 0 0 0 0 
893 9 0 0 0 0 0 0 0 0 0 0 0 
894 9 0 0 0 0 0 0 0 0 0 0 0 
895 9 0 0 0 0 0 0 0 0 0 0 0 
896 9 0 0 0 0 0 0 0 0 0 0 0 
897 9 0 0 0 0 0 0 0 0 0 0 0 
898 9 0 0 0 0 0 0 0 0 0 0 0 
899 9 0 0 0 0 0 0 0 0 0 0 0 
900 9 0 0 0 0 0 0 0 0 0 0 0 
901 9 0 0 0 0 0 0 0 0 0 0 0 
902 9 0 0 0 0 0 0 0 0 0 0 0 
903 9 0 0 0 0 0 0 0 0 0 0 0 
904 9 0 0 0 0 0 0 0 0 0 0 0 
905 9 0 0 0 0 0 0 0 0 0 0 0 
906 9 0 0 0 0 0 0 0 0 0 0 0 
907 9 0 0 0 0 0 0 0 0 0 0 0 
908 9 0 0 0 0 0 0 0 0 0 0 0 
909 9 0 0 0 0 0 0 0 0 0 0 0 
910 9 0 0 0 0 0 0 0 0 0 0 0 
911 9 0 0 0 0 0 0 0 0 0 0 0 
912 9 0 0 0 0 0 0 0 0 0 0 0 
913 9 0 0 0 0 0 0 0 0 0 0 0 
914 9 0 0 0 0 0 0 0 0 0 0 0 
915 9 0 0 0 0 0 0 0 0 0 0 0 
916 9 0 0 0 0 0 0 0 0 0 0 0 
917 9 0 0 0 0 0 0 0 0 0 0 0 
918 9 0 0 0 0 0 0 0 0 0 0 0 
919 9 0 0 0 0 0 0 0 0 0 0 0 
920 9 0 0 0 0 0 0 0 0 0 0 0 
921 9 0 0 0 0 0 0 0 0 0 0 0 
922 9 0 0 0 0 0 0 0 0 0 0 0 
923 9 0 0 0 0 0 0 0 0 0 0 0 
924 9 0 0 0 0 0 0 0 0 0 0 0 
925 9 0 0 0 0 0 0 0 0 0 0 0 
926 9 0 0 0 0 0 0 0 0 0 0 0 
927 9 0 0 0 0 0 0 0 0 0 0 0 
928 9 0 0 0 0 0 0 0 0 0 0 0 
929 9 0 0 0 0 0 0 0 0 0 0 0 
930 9 0 0 0 0 0 0 0 0 0 0 0 
931 9 0 0 0 0 0 0 0 0 0 0 0 
932 9 0 0 0 0 0 0 0 0 0 0 0 
933 9 0 0 0 0 0 0 0 0 0 0 0 
934 9 0 0 0 0 0 0 0 0 0 0 0 
935 9 0 0 0 0 0 0 0 0 0 0 0 
936 9 0 0 0 0 0 0 0 0 0 0 0 
937 9 0 0 0 0 0 0 0 0 0 0 0 
938 9 0 0 0 0 0 0 0 0 0 0 0 
939 9 0 0 0 0 0 0 0 0 0 0 0 
940 9 0 0 0 0 0 0 0 0 0 0 0 
941 9 0 0 0 0 0 0 0 0 0 0 0 
942 9 0 0 0 0 0 0 0 0 0 0 0 
943 9 0 0 0 0 0 0 0 0 0 0 0 
944 9 0 0 0 0 0 0 0 0 0 0 0 
945 9 0 0 0 0 0 0 0 0 0 0 0 
946 9 0 0 0 0 0 0 0 0 0 0 0 
947 9 0 0 0 0 0 0 0 0 0 0 0 
948 9 0 0 0 0 0 0 0 0 0 0 0 
949 9 0 0 0 0 0 0 0 0 0 0 0 
950 9 0 0 0 0 0 0 0 0 0 0 0 
951 9 0 0 0 0 0 0 0 0 0 0 0 
952 9 0 0 0 0 0 0 0 0 0 0 0 
953 9 0 0 0 0 0 0 0 0 0 0 0 
954 9 0 0 0 0 0 0 0 0 0 0 0 
955 9 0 0 0 0 0 0 0 0 0 0 0 
956 9 0 0 0 0 0 0 0 0 0 0 0 
957 9 0 0 0 0 0 0 0 0 0 0 0 
958 9 0 0 0 0 0 0 0 0 0 0 0 
959 9 108 0 0 0 0 0 0 0 0 0 0 
960 9 -1 13 20 17 7 45 29 1 2 32 2224 
961 9 -1 18 29 0 0 40 16 0 0 6 5 
962 9 113 0 0 0 0 0 0 0 0 0 0 
963 9 -1 18 5 0 0 17 43 0 0 22 1 
964 9 116 0 0 0 0 0 0 0 0 0 0 
965 9 0 0 0 0 0 0 0 0 0 0 0 
966 9 0 0 0 0 0 0 0 0 0 0 0 
967 9 -1 7 11 9 1 24 34 16 3 32 -1329 
968 9 -1 6 18 5 1 44 37 1 7 32 -208 
969 9 122 0 0 0 0 0 0 0 0 0 0 
970 9 -1 6 15 0 2 24 42 16 4 32 -436 
971 9 125 0 0 0 0 0 0 0 0 0 0 
972 9 126 0 0 0 0 0 0 0 0 0 0 
973 9 0 0 0 0 0 0 0 0 0 0 0 
974 9 0 0 0 0 0 0 0 0 0 0 0 
975 9 0 0 0 0 0 0 0 0 0 0 0 
976 9 0 0 0 0 0 0 0 0 0 0 0 
977 9 0 0 0 0 0 0 0 0 0 0 0 
978 9 0 0 0 0 0 0 0 0 0 0 0 
979 9 0 0 0 0 0 0 0 0 0 0 0 
980 9 0 0 0 0 0 0 0 0 0 0 0 
981 9 0 0 0 0 0 0 0 0 0 0 0 
982 9 0 0 0 0 0 0 0 0 0 0 0 
983 9 0 0 0 0 0 0 0 0 0 0 0 
984 9 0 0 0 0 0 0 0 0 0 0 0 
985 9 0 0 0 0 0 0 0 0 0 0 0 
986 9 0 0 0 0 0 0 0 0 0 0 0 
987 9 0 0 0 0 0 0 0 0 0 0 0 
988 9 0 0 0 0 0 0 0 0 0 0 0 
989 9 0 0 0 0 0 0 0 0 0 0 0 
990 9 0 0 0 0 0 0 0 0 0 0 0 
991 9 0 0 0 0 0 0 0 0 0 0 0 
992 9 0 0 0 0 0 0 0 0 0 0 0 
993 9 133 0 0 0 0 0 0 0 0 0 0 
994 9 134 0 0 0 0 0 0 0 0 0 0 
995 9 0 0 0 0 0 0 0 0 0 0 0 
996 9 0 0 0 0 0 0 0 0 0 0 0 
997 9 0 0 0 0 0 0 0 0 0 0 0 
998 9 0 0 0 0 0 0 0 0 0 0 0 
999 9 0 0 0 0 0 0 0 0 0 0 0 
1000 9 0 0 0 0 0 0 0 0 0 0 0 
1001 9 0 0 0 0 0 0 0 0 0 0 0 
1002 9 0 0 0 0 0 0 0 0 0 0 0 
1003 9 0 0 0 0 0 0 0 0 0 0 0 
1004 9 0 0 0 0 0 0 0 0 0 0 0 
1005 9 0 0 0 0 0 0 0 0 0 0 0 
1006 9 0 0 0 0 0 0 0 0 0 0 0 
1007 9 0 0 0 0 0 0 0 0 0 0 0 
1008 9 0 0 0 0 0 0 0 0 0 0 0 
1009 9 0 0 0 0 0 0 0 0 0 0 0 
1010 9 0 0 0 0 0 0 0 0 0 0 0 
1011 9 0 0 0 0 0 0 0 0 0 0 0 
1012 9 0 0 0 0 0 0 0 0 0 0 0 
1013 9 0 0 0 0 0 0 0 0 0 0 0 
1014 9 0 0 0 0 0 0 0 0 0 0 0 
1015 9 0 0 0 0 0 0 0 0 0 0 0 
1016 9 0 0 0 0 0 0 0 0 0 0 0 
1017 9 0 0 0 0 0 0 0 0 0 0 0 
1018 9 0 0 0 0 0 0 0 0 0 0 0 
1019 9 0 0 0 0 0 0 0 0 0 0 0 
1020 9 0 0 0 0 0 0 0 0 0 0 0 
1021 9 0 0 0 0 0 0 0 0 0 0 0 
1022 9 0 0 0 0 0 0 0 0 0 0 0 
1023 10 0 0 0 0 0 0 0 0 0 0 0 
1024 10 0 0 0 0 0 0 0 0 0 0 0 
1025 10 0 0 0 0 0 0 0 0 0 0 0 
1026 10 0 0 0 0 0 0 0 0 0 0 0 
1027 10 0 0 0 0 0 0 0 0 0 0 0 
1028 10 0 0 0 0 0 0 0 0 0 0 0 
1029 10 0 0 0 0 0 0 0 0 0 0 0 
1030 10 0 0 0 0 0 0 0 0 0 0 0 
1031 10 0 0 0 0 0 0 0 0 0 0 0 
1032 10 0 0 0 0 0 0 0 0 0 0 0 
1033 10 0 0 0 0 0 0 0 0 0 0 0 
1034 10 0 0 0 0 0 0 0 0 0 0 0 
1035 10 0 0 0 0 0 0 0 0 0 0 0 
1036 10 0 0 0 0 0 0 0 0 0 0 0 
1037 10 0 0 0 0 0 0 0 0 0 0 0 
1038 10 0 0 0 0 0 0 0 0 0 0 0 
1039 10 0 0 0 0 0 0 0 0 0 0 0 
1040 10 0 0 0 0 0 0 0 0 0 0 0 
1041 10 0 0 0 0 0 0 0 0 0 0 0 
1042 10 0 0 0 0 0 0 0 0 0 0 0 
1043 10 0 0 0 0 0 0 0 0 0 0 0 
1044 10 0 0 0 0 0 0 0 0 0 0 0 
1045 10 0 0 0 0 0 0 0 0 0 0 0 
1046 10 0 0 0 0 0 0 0 0 0 0 0 
1047 10 0 0 0 0 0 0 0 0 0 0 0 
1048 10 0 0 0 0 0 0 0 0 0 0 0 
1049 10 0 0 0 0 0 0 0 0 0 0 0 
1050 10 0 0 0 0 0 0 0 0 0 0 0 
1051 10 0 0 0 0 0 0 0 0 0 0 0 
1052 10 0 0 0 0 0 0 0 0 0 0 0 
1053 10 0 0 0 0 0 0 0 0 0 0 0 
1054 10 0 0 0 0 0 0 0 0 0 0 0 
1055 10 0 0 0 0 0 0 0 0 0 0 0 
1056 10 0 0 0 0 0 0 0 0 0 0 0 
1057 10 0 0 0 0 0 0 0 0 0 0 0 
1058 10 0 0 0 0 0 0 0 0 0 0 0 
1059 10 0 0 0 0 0 0 0 0 0 0 0 
1060 10 0 0 0 0 0 0 0 0 0 0 0 
1061 10 0 0 0 0 0 0 0 0 0 0 0 
1062 10 0 0 0 0 0 0 0 0 0 0 0 
1063 10 0 0 0 0 0 0 0 0 0 0 0 
1064 10 0 0 0 0 0 0 0 0 0 0 0 
1065 10 0 0 0 0 0 0 0 0 0 0 0 
1066 10 0 0 0 0 0 0 0 0 0 0 0 
1067 10 0 0 0 0 0 0 0 0 0 0 0 
1068 10 0 0 0 0 0 0 0 0 0 0 0 
1069 10 0 0 0 0 0 0 0 0 0 0 0 
1070 10 0 0 0 0 0 0 0 0 0 0 0 
1071 10 0 0 0 0 0 0 0 0 0 0 0 
1072 10 0 0 0 0 0 0 0 0 0 0 0 
1073 10 0 0 0 0 0 0 0 0 0 0 0 
1074 10 0 0 0 0 0 0 0 0 0 0 0 
1075 10 0 0 0 0 0 0 0 0 0 0 0 
1076 10 0 0 0 0 0 0 0 0 0 0 0 
1077 10 0 0 0 0 0 0 0 0 0 0 0 
1078 10 0 0 0 0 0 0 0 0 0 0 0 
1079 10 0 0 0 0 0 0 0 0 0 0 0 
1080 10 0 0 0 0 0 0 0 0 0 0 0 
1081 10 0 0 0 0 0 0 0 0 0 0 0 
1082 10 0 0 0 0 0 0 0 0 0 0 0 
1083 10 0 0 0 0 0 0 0 0 0 0 0 
1084 10 0 0 0 0 0 0 0 0 0 0 0 
1085 10 0 0 0 0 0 0 0 0 0 0 0 
1086 10 0 0 0 0 0 0 0 0 0 0 0 
1087 10 0 0 0 0 0 0 0 0 0 0 0 
1088 10 0 0 0 0 0 0 0 0 0 0 0 
1089 10 0 0 0 0 0 0 0 0 0 0 0 
1090 10 0 0 0 0 0 0 0 0 0 0 0 
1091 10 0 0 0 0 0 0 0 0 0 0 0 
1092 10 0 0 0 0 0 0 0 0 0 0 0 
1093 10 0 0 0 0 0 0 0 0 0 0 0 
1094 10 0 0 0 0 0 0 0 0 0 0 0 
1095 10 0 0 0 0 0 0 0 0 0 0 0 
1096 10 0 0 0 0 0 0 0 0 0 0 0 
1097 10 0 0 0 0 0 0 0 0 0 0 0 
1098 10 0 0 0 0 0 0 0 0 0 0 0 
1099 10 0 0 0 0 0 0 0 0 0 0 0 
1100 10 0 0 0 0 0 0 0 0 0 0 0 
1101 10 0 0 0 0 0 0 0 0 0 0 0 
1102 10 0 0 0 0 0 0 0 0 0 0 0 
1103 10 0 0 0 0 0 0 0 0 0 0 0 
1104 10 0 0 0 0 0 0 0 0 0 0 0 
1105 10 0 0 0 0 0 0 0 0 0 0 0 
1106 10 0 0 0 0 0 0 0 0 0 0 0 
1107 10 0 0 0 0 0 0 0 0 0 0 0 
1108 10 0 0 0 0 0 0 0 0 0 0 0 
1109 10 0 0 0 0 0 0 0 0 0 0 0 
1110 10 0 0 0 0 0 0 0 0 0 0 0 
1111 10 0 0 0 0 0 0 0 0 0 0 0 
1112 10 0 0 0 0 0 0 0 0 0 0 0 
1113 10 0 0 0 0 0 0 0 0 0 0 0 
1114 10 0 0 0 0 0 0 0 0 0 0 0 
1115 10 0 0 0 0 0 0 0 0 0 0 0 
1116 10 0 0 0 0 0 0 0 0 0 0 0 
1117 10 0 0 0 0 0 0 0 0 0 0 0 
1118 10 0 0 0 0 0 0 0 0 0 0 0 
1119 10 0 0 0 0 0 0 0 0 0 0 0 
1120 10 0 0 0 0 0 0 0 0 0 0 0 
1121 10 0 0 0 0 0 0 0 0 0 0 0 
1122 10 0 0 0 0 0 0 0 0 0 0 0 
1123 10 0 0 0 0 0 0 0 0 0 0 0 
1124 10 0 0 0 0 0 0 0 0 0 0 0 
1125 10 0 0 0 0 0 0 0 0 0 0 0 
1126 10 0 0 0 0 0 0 0 0 0 0 0 
1127 10 0 0 0 0 0 0 0 0 0 0 0 
1128 10 0 0 0 0 0 0 0 0 0 0 0 
1129 10 0 0 0 0 0 0 0 0 0 0 0 
1130 10 0 0 0 0 0 0 0 0 0 0 0 
1131 10 0 0 0 0 0 0 0 0 0 0 0 
1132 10 0 0 0 0 0 0 0 0 0 0 0 
1133 10 0 0 0 0 0 0 0 0 0 0 0 
1134 10 0 0 0 0 0 0 0 0 0 0 0 
1135 10 0 0 0 0 0 0 0 0 0 0 0 
1136 10 0 0 0 0 0 0 0 0 0 0 0 
1137 10 0 0 0 0 0 0 0 0 0 0 0 
1138 10 0 0 0 0 0 0 0 0 0 0 0 
1139 10 0 0 0 0 0 0 0 0 0 0 0 
1140 10 0 0 0 0 0 0 0 0 0 0 0 
1141 10 0 0 0 0 0 0 0 0 0 0 0 
1142 10 0 0 0 0 0 0 0 0 0 0 0 
1143 10 0 0 0 0 0 0 0 0 0 0 0 
1144 10 0 0 0 0 0 0 0 0 0 0 0 
1145 10 0 0 0 0 0 0 0 0 0 0 0 
1146 10 0 0 0 0 0 0 0 0 0 0 0 
1147 10 0 0 0 0 0 0 0 0 0 0 0 
1148 10 0 0 0 0 0 0 0 0 0 0 0 
1149 10 0 0 0 0 0 0 0 0 0 0 0 
1150 10 0 0 0 0 0 0 0 0 0 0 0 
1151 10 0 0 0 0 0 0 0 0 0 0 0 
1152 10 0 0 0 0 0 0 0 0 0 0 0 
1153 10 0 0 0 0 0 0 0 0 0 0 0 
1154 10 0 0 0 0 0 0 0 0 0 0 0 
1155 10 0 0 0 0 0 0 0 0 0 0 0 
1156 10 0 0 0 0 0 0 0 0 0 0 0 
1157 10 0 0 0 0 0 0 0 0 0 0 0 
1158 10 0 0 0 0 0 0 0 0 0 0 0 
1159 10 0 0 0 0 0 0 0 0 0 0 0 
1160 10 0 0 0 0 0 0 0 0 0 0 0 
1161 10 0 0 0 0 0 0 0 0 0 0 0 
1162 10 0 0 0 0 0 0 0 0 0 0 0 
1163 10 0 0 0 0 0 0 0 0 0 0 0 
1164 10 0 0 0 0 0 0 0 0 0 0 0 
1165 10 0 0 0 0 0 0 0 0 0 0 0 
1166 10 0 0 0 0 0 0 0 0 0 0 0 
1167 10 0 0 0 0 0 0 0 0 0 0 0 
1168 10 0 0 0 0 0 0 0 0 0 0 0 
1169 10 0 0 0 0 0 0 0 0 0 0 0 
1170 10 0 0 0 0 0 0 0 0 0 0 0 
1171 10 0 0 0 0 0 0 0 0 0 0 0 
1172 10 0 0 0 0 0 0 0 0 0 0 0 
1173 10 0 0 0 0 0 0 0 0 0 0 0 
1174 10 0 0 0 0 0 0 0 0 0 0 0 
1175 10 0 0 0 0 0 0 0 0 0 0 0 
1176 10 0 0 0 0 0 0 0 0 0 0 0 
1177 10 0 0 0 0 0 0 0 0 0 0 0 
1178 10 0 0 0 0 0 0 0 0 0 0 0 
1179 10 0 0 0 0 0 0 0 0 0 0 0 
1180 10 0 0 0 0 0 0 0 0 0 0 0 
1181 10 0 0 0 0 0 0 0 0 0 0 0 
1182 10 0 0 0 0 0 0 0 0 0 0 0 
1183 10 0 0 0 0 0 0 0 0 0 0 0 
1184 10 0 0 0 0 0 0 0 0 0 0 0 
1185 10 0 0 0 0 0 0 0 0 0 0 0 
1186 10 0 0 0 0 0 0 0 0 0 0 0 
1187 10 0 0 0 0 0 0 0 0 0 0 0 
1188 10 0 0 0 0 0 0 0 0 0 0 0 
1189 10 0 0 0 0 0 0 0 0 0 0 0 
1190 10 0 0 0 0 0 0 0 0 0 0 0 
1191 10 0 0 0 0 0 0 0 0 0 0 0 
1192 10 0 0 0 0 0 0 0 0 0 0 0 
1193 10 0 0 0 0 0 0 0 0 0 0 0 
1194 10 0 0 0 0 0 0 0 0 0 0 0 
1195 10 0 0 0 0 0 0 0 0 0 0 0 
1196 10 0 0 0 0 0 0 0 0 0 0 0 
1197 10 0 0 0 0 0 0 0 0 0 0 0 
1198 10 0 0 0 0 0 0 0 0 0 0 0 
1199 10 0 0 0 0 0 0 0 0 0 0 0 
1200 10 0 0 0 0 0 0 0 0 0 0 0 
1201 10 0 0 0 0 0 0 0 0 0 0 0 
1202 10 0 0 0 0 0 0 0 0 0 0 0 
1203 10 0 0 0 0 0 0 0 0 0 0 0 
1204 10 0 0 0 0 0 0 0 0 0 0 0 
1205 10 0 0 0 0 0 0 0 0 0 0 0 
1206 10 0 0 0 0 0 0 0 0 0 0 0 
1207 10 0 0 0 0 0 0 0 0 0 0 0 
1208 10 0 0 0 0 0 0 0 0 0 0 0 
1209 10 0 0 0 0 0 0 0 0 0 0 0 
1210 10 0 0 0 0 0 0 0 0 0 0 0 
1211 10 0 0 0 0 0 0 0 0 0 0 0 
1212 10 0 0 0 0 0 0 0 0 0 0 0 
1213 10 0 0 0 0 0 0 0 0 0 0 0 
1214 10 0 0 0 0 0 0 0 0 0 0 0 
1215 10 0 0 0 0 0 0 0 0 0 0 0 
1216 10 0 0 0 0 0 0 0 0 0 0 0 
1217 10 0 0 0 0 0 0 0 0 0 0 0 
1218 10 0 0 0 0 0 0 0 0 0 0 0 
1219 10 0 0 0 0 0 0 0 0 0 0 0 
1220 10 0 0 0 0 0 0 0 0 0 0 0 
1221 10 0 0 0 0 0 0 0 0 0 0 0 
1222 10 0 0 0 0 0 0 0 0 0 0 0 
1223 10 0 0 0 0 0 0 0 0 0 0 0 
1224 10 0 0 0 0 0 0 0 0 0 0 0 
1225 10 0 0 0 0 0 0 0 0 0 0 0 
1226 10 0 0 0 0 0 0 0 0 0 0 0 
1227 10 0 0 0 0 0 0 0 0 0 0 0 
1228 10 0 0 0 0 0 0 0 0 0 0 0 
1229 10 0 0 0 0 0 0 0 0 0 0 0 
1230 10 0 0 0 0 0 0 0 0 0 0 0 
1231 10 0 0 0 0 0 0 0 0 0 0 0 
1232 10 0 0 0 0 0 0 0 0 0 0 0 
1233 10 0 0 0 0 0 0 0 0 0 0 0 
1234 10 0 0 0 0 0 0 0 0 0 0 0 
1235 10 0 0 0 0 0 0 0 0 0 0 0 
1236 10 0 0 0 0 0 0 0 0 0 0 0 
1237 10 0 0 0 0 0 0 0 0 0 0 0 
1238 10 0 0 0 0 0 0 0 0 0 0 0 
1239 10 0 0 0 0 0 0 0 0 0 0 0 
1240 10 0 0 0 0 0 0 0 0 0 0 0 
1241 10 0 0 0 0 0 0 0 0 0 0 0 
1242 10 0 0 0 0 0 0 0 0 0 0 0 
1243 10 0 0 0 0 0 0 0 0 0 0 0 
1244 10 0 0 0 0 0 0 0 0 0 0 0 
1245 10 0 0 0 0 0 0 0 0 0 0 0 
1246 10 0 0 0 0 0 0 0 0 0 0 0 
1247 10 0 0 0 0 0 0 0 0 0 0 0 
1248 10 0 0 0 0 0 0 0 0 0 0 0 
1249 10 0 0 0 0 0 0 0 0 0 0 0 
1250 10 0 0 0 0 0 0 0 0 0 0 0 
1251 10 0 0 0 0 0 0 0 0 0 0 0 
1252 10 0 0 0 0 0 0 0 0 0 0 0 
1253 10 0 0 0 0 0 0 0 0 0 0 0 
1254 10 0 0 0 0 0 0 0 0 0 0 0 
1255 10 0 0 0 0 0 0 0 0 0 0 0 
1256 10 0 0 0 0 0 0 0 0 0 0 0 
1257 10 0 0 0 0 0 0 0 0 0 0 0 
1258 10 0 0 0 0 0 0 0 0 0 0 0 
1259 10 0 0 0 0 0 0 0 0 0 0 0 
1260 10 0 0 0 0 0 0 0 0 0 0 0 
1261 10 0 0 0 0 0 0 0 0 0 0 0 
1262 10 0 0 0 0 0 0 0 0 0 0 0 
1263 10 0 0 0 0 0 0 0 0 0 0 0 
1264 10 0 0 0 0 0 0 0 0 0 0 0 
1265 10 0 0 0 0 0 0 0 0 0 0 0 
1266 10 0 0 0 0 0 0 0 0 0 0 0 
1267 10 0 0 0 0 0 0 0 0 0 0 0 
1268 10 0 0 0 0 0 0 0 0 0 0 0 
1269 10 0 0 0 0 0 0 0 0 0 0 0 
1270 10 0 0 0 0 0 0 0 0 0 0 0 
1271 10 0 0 0 0 0 0 0 0 0 0 0 
1272 10 0 0 0 0 0 0 0 0 0 0 0 
1273 10 0 0 0 0 0 0 0 0 0 0 0 
1274 10 0 0 0 0 0 0 0 0 0 0 0 
1275 10 0 0 0 0 0 0 0 0 0 0 0 
1276 10 0 0 0 0 0 0 0 0 0 0 0 
1277 10 0 0 0 0 0 0 0 0 0 0 0 
1278 10 0 0 0 0 0 0 0 0 0 0 0 
1279 10 14 0 0 0 0 0 0 0 0 0 0 
1280 10 15 0 0 0 0 0 0 0 0 0 0 
1281 10 0 0 0 0 0 0 0 0 0 0 0 
1282 10 0 0 0 0 0 0 0 0 0 0 0 
1283 10 0 0 0 0 0 0 0 0 0 0 0 
1284 10 0 0 0 0 0 0 0 0 0 0 0 
1285 10 18 0 0 0 0 0 0 0 0 0 0 
1286 10 19 0 0 0 0 0 0 0 0 0 0 
1287 10 0 0 0 0 0 0 0 0 0 0 0 
1288 10 0 0 0 0 0 0 0 0 0 0 0 
1289 10 21 0 0 0 0 0 0 0 0 0 0 
1290 10 22 0 0 0 0 0 0 0 0 0 0 
1291 10 23 0 0 0 0 0 0 0 0 0 0 
1292 10 24 0 0 0 0 0 0 0 0 0 0 
1293 10 25 0 0 0 0 0 0 0 0 0 0 
1294 10 26 0 0 0 0 0 0 0 0 0 0 
1295 10 0 0 0 0 0 0 0 0 0 0 0 
1296 10 0 0 0 0 0 0 0 0 0 0 0 
1297 10 0 0 0 0 0 0 0 0 0 0 0 
1298 10 0 0 0 0 0 0 0 0 0 0 0 
1299 10 0 0 0 0 0 0 0 0 0 0 0 
1300 10 0 0 0 0 0 0 0 0 0 0 0 
1301 10 0 0 0 0 0 0 0 0 0 0 0 
1302 10 0 0 0 0 0 0 0 0 0 0 0 
1303 10 0 0 0 0 0 0 0 0 0 0 0 
1304 10 0 0 0 0 0 0 0 0 0 0 0 
1305 10 0 0 0 0 0 0 0 0 0 0 0 
1306 10 0 0 0 0 0 0 0 0 0 0 0 
1307 10 0 0 0 0 0 0 0 0 0 0 0 
1308 10 0 0 0 0 0 0 0 0 0 0 0 
1309 10 0 0 0 0 0 0 0 0 0 0 0 
1310 10 0 0 0 0 0 0 0 0 0 0 0 
1311 10 0 0 0 0 0 0 0 0 0 0 0 
1312 10 0 0 0 0 0 0 0 0 0 0 0 
1313 10 0 0 0 0 0 0 0 0 0 0 0 
1314 10 0 0 0 0 0 0 0 0 0 0 0 
1315 10 0 0 0 0 0 0 0 0 0 0 0 
1316 10 0 0 0 0 0 0 0 0 0 0 0 
1317 10 0 0 0 0 0 0 0 0 0 0 0 
1318 10 0 0 0 0 0 0 0 0 0 0 0 
1319 10 0 0 0 0 0 0 0 0 0 0 0 
1320 10 0 0 0 0 0 0 0 0 0 0 0 
1321 10 0 0 0 0 0 0 0 0 0 0 0 
1322 10 0 0 0 0 0 0 0 0 0 0 0 
1323 10 0 0 0 0 0 0 0 0 0 0 0 
1324 10 0 0 0 0 0 0 0 0 0 0 0 
1325 10 0 0 0 0 0 0 0 0 0 0 0 
1326 10 0 0 0 0 0 0 0 0 0 0 0 
1327 10 0 0 0 0 0 0 0 0 0 0 0 
1328 10 0 0 0 0 0 0 0 0 0 0 0 
1329 10 0 0 0 0 0 0 0 0 0 0 0 
1330 10 0 0 0 0 0 0 0 0 0 0 0 
1331 10 0 0 0 0 0 0 0 0 0 0 0 
1332 10 0 0 0 0 0 0 0 0 0 0 0 
1333 10 0 0 0 0 0 0 0 0 0 0 0 
1334 10 0 0 0 0 0 0 0 0 0 0 0 
1335 10 0 0 0 0 0 0 0 0 0 0 0 
1336 10 0 0 0 0 0 0 0 0 0 0 0 
1337 10 0 0 0 0 0 0 0 0 0 0 0 
1338 10 0 0 0 0 0 0 0 0 0 0 0 
1339 10 0 0 0 0 0 0 0 0 0 0 0 
1340 10 0 0 0 0 0 0 0 0 0 0 0 
1341 10 0 0 0 0 0 0 0 0 0 0 0 
1342 10 0 0 0 0 0 0 0 0 0 0 0 
1343 10 0 0 0 0 0 0 0 0 0 0 0 
1344 10 0 0 0 0 0 0 0 0 0 0 0 
1345 10 0 0 0 0 0 0 0 0 0 0 0 
1346 10 0 0 0 0 0 0 0 0 0 0 0 
1347 10 0 0 0 0 0 0 0 0 0 0 0 
1348 10 0 0 0 0 0 0 0 0 0 0 0 
1349 10 0 0 0 0 0 0 0 0 0 0 0 
1350 10 0 0 0 0 0 0 0 0 0 0 0 
1351 10 0 0 0 0 0 0 0 0 0 0 0 
1352 10 0 0 0 0 0 0 0 0 0 0 0 
1353 10 0 0 0 0 0 0 0 0 0 0 0 
1354 10 0 0 0 0 0 0 0 0 0 0 0 
1355 10 0 0 0 0 0 0 0 0 0 0 0 
1356 10 0 0 0 0 0 0 0 0 0 0 0 
1357 10 0 0 0 0 0 0 0 0 0 0 0 
1358 10 0 0 0 0 0 0 0 0 0 0 0 
1359 10 0 0 0 0 0 0 0 0 0 0 0 
1360 10 0 0 0 0 0 0 0 0 0 0 0 
1361 10 0 0 0 0 0 0 0 0 0 0 0 
1362 10 0 0 0 0 0 0 0 0 0 0 0 
1363 10 0 0 0 0 0 0 0 0 0 0 0 
1364 10 0 0 0 0 0 0 0 0 0 0 0 
1365 10 0 0 0 0 0 0 0 0 0 0 0 
1366 10 0 0 0 0 0 0 0 0 0 0 0 
1367 10 0 0 0 0 0 0 0 0 0 0 0 
1368 10 0 0 0 0 0 0 0 0 0 0 0 
1369 10 0 0 0 0 0 0 0 0 0 0 0 
1370 10 0 0 0 0 0 0 0 0 0 0 0 
1371 10 0 0 0 0 0 0 0 0 0 0 0 
1372 10 0 0 0 0 0 0 0 0 0 0 0 
1373 10 0 0 0 0 0 0 0 0 0 0 0 
1374 10 0 0 0 0 0 0 0 0 0 0 0 
1375 10 0 0 0 0 0 0 0 0 0 0 0 
1376 10 0 0 0 0 0 0 0 0 0 0 0 
1377 10 0 0 0 0 0 0 0 0 0 0 0 
1378 10 0 0 0 0 0 0 0 0 0 0 0 
1379 10 0 0 0 0 0 0 0 0 0 0 0 
1380 10 0 0 0 0 0 0 0 0 0 0 0 
1381 10 0 0 0 0 0 0 0 0 0 0 0 
1382 10 0 0 0 0 0 0 0 0 0 0 0 
1383 10 0 0 0 0 0 0 0 0 0 0 0 
1384 10 0 0 0 0 0 0 0 0 0 0 0 
1385 10 0 0 0 0 0 0 0 0 0 0 0 
1386 10 0 0 0 0 0 0 0 0 0 0 0 
1387 10 0 0 0 0 0 0 0 0 0 0 0 
1388 10 0 0 0 0 0 0 0 0 0 0 0 
1389 10 0 0 0 0 0 0 0 0 0 0 0 
1390 10 0 0 0 0 0 0 0 0 0 0 0 
1391 10 0 0 0 0 0 0 0 0 0 0 0 
1392 10 0 0 0 0 0 0 0 0 0 0 0 
1393 10 0 0 0 0 0 0 0 0 0 0 0 
1394 10 0 0 0 0 0 0 0 0 0 0 0 
1395 10 0 0 0 0 0 0 0 0 0 0 0 
1396 10 0 0 0 0 0 0 0 0 0 0 0 
1397 10 0 0 0 0 0 0 0 0 0 0 0 
1398 10 0 0 0 0 0 0 0 0 0 0 0 
1399 10 0 0 0 0 0 0 0 0 0 0 0 
1400 10 0 0 0 0 0 0 0 0 0 0 0 
1401 10 0 0 0 0 0 0 0 0 0 0 0 
1402 10 0 0 0 0 0 0 0 0 0 0 0 
1403 10 0 0 0 0 0 0 0 0 0 0 0 
1404 10 0 0 0 0 0 0 0 0 0 0 0 
1405 10 0 0 0 0 0 0 0 0 0 0 0 
1406 10 0 0 0 0 0 0 0 0 0 0 0 
1407 10 0 0 0 0 0 0 0 0 0 0 0 
1408 10 0 0 0 0 0 0 0 0 0 0 0 
1409 10 0 0 0 0 0 0 0 0 0 0 0 
1410 10 0 0 0 0 0 0 0 0 0 0 0 
1411 10 0 0 0 0 0 0 0 0 0 0 0 
1412 10 0 0 0 0 0 0 0 0 0 0 0 
1413 10 0 0 0 0 0 0 0 0 0 0 0 
1414 10 0 0 0 0 0 0 0 0 0 0 0 
1415 10 0 0 0 0 0 0 0 0 0 0 0 
1416 10 0 0 0 0 0 0 0 0 0 0 0 
1417 10 0 0 0 0 0 0 0 0 0 0 0 
1418 10 0 0 0 0 0 0 0 0 0 0 0 
1419 10 0 0 0 0 0 0 0 0 0 0 0 
1420 10 0 0 0 0 0 0 0 0 0 0 0 
1421 10 0 0 0 0 0 0 0 0 0 0 0 
1422 10 0 0 0 0 0 0 0 0 0 0 0 
1423 10 0 0 0 0 0 0 0 0 0 0 0 
1424 10 0 0 0 0 0 0 0 0 0 0 0 
1425 10 0 0 0 0 0 0 0 0 0 0 0 
1426 10 0 0 0 0 0 0 0 0 0 0 0 
1427 10 0 0 0 0 0 0 0 0 0 0 0 
1428 10 0 0 0 0 0 0 0 0 0 0 0 
1429 10 0 0 0 0 0 0 0 0 0 0 0 
1430 10 0 0 0 0 0 0 0 0 0 0 0 
1431 10 0 0 0 0 0 0 0 0 0 0 0 
1432 10 0 0 0 0 0 0 0 0 0 0 0 
1433 10 0 0 0 0 0 0 0 0 0 0 0 
1434 10 0 0 0 0 0 0 0 0 0 0 0 
1435 10 0 0 0 0 0 0 0 0 0 0 0 
1436 10 0 0 0 0 0 0 0 0 0 0 0 
1437 10 0 0 0 0 0 0 0 0 0 0 0 
1438 10 0 0 0 0 0 0 0 0 0 0 0 
1439 10 0 0 0 0 0 0 0 0 0 0 0 
1440 10 0 0 0 0 0 0 0 0 0 0 0 
1441 10 0 0 0 0 0 0 0 0 0 0 0 
1442 10 0 0 0 0 0 0 0 0 0 0 0 
1443 10 0 0 0 0 0 0 0 0 0 0 0 
1444 10 0 0 0 0 0 0 0 0 0 0 0 
1445 10 0 0 0 0 0 0 0 0 0 0 0 
1446 10 0 0 0 0 0 0 0 0 0 0 0 
1447 10 0 0 0 0 0 0 0 0 0 0 0 
1448 10 0 0 0 0 0 0 0 0 0 0 0 
1449 10 0 0 0 0 0 0 0 0 0 0 0 
1450 10 0 0 0 0 0 0 0 0 0 0 0 
1451 10 0 0 0 0 0 0 0 0 0 0 0 
1452 10 0 0 0 0 0 0 0 0 0 0 0 
1453 10 0 0 0 0 0 0 0 0 0 0 0 
1454 10 0 0 0 0 0 0 0 0 0 0 0 
1455 10 0 0 0 0 0 0 0 0 0 0 0 
1456 10 0 0 0 0 0 0 0 0 0 0 0 
1457 10 0 0 0 0 0 0 0 0 0 0 0 
1458 10 0 0 0 0 0 0 0 0 0 0 0 
1459 10 0 0 0 0 0 0 0 0 0 0 0 
1460 10 0 0 0 0 0 0 0 0 0 0 0 
1461 10 0 0 0 0 0 0 0 0 0 0 0 
1462 10 0 0 0 0 0 0 0 0 0 0 0 
1463 10 0 0 0 0 0 0 0 0 0 0 0 
1464 10 0 0 0 0 0 0 0 0 0 0 0 
1465 10 0 0 0 0 0 0 0 0 0 0 0 
1466 10 0 0 0 0 0 0 0 0 0 0 0 
1467 10 0 0 0 0 0 0 0 0 0 0 0 
1468 10 0 0 0 0 0 0 0 0 0 0 0 
1469 10 0 0 0 0 0 0 0 0 0 0 0 
1470 10 0 0 0 0 0 0 0 0 0 0 0 
1471 10 0 0 0 0 0 0 0 0 0 0 0 
1472 10 0 0 0 0 0 0 0 0 0 0 0 
1473 10 0 0 0 0 0 0 0 0 0 0 0 
1474 10 0 0 0 0 0 0 0 0 0 0 0 
1475 10 0 0 0 0 0 0 0 0 0 0 0 
1476 10 0 0 0 0 0 0 0 0 0 0 0 
1477 10 0 0 0 0 0 0 0 0 0 0 0 
1478 10 0 0 0 0 0 0 0 0 0 0 0 
1479 10 0 0 0 0 0 0 0 0 0 0 0 
1480 10 0 0 0 0 0 0 0 0 0 0 0 
1481 10 0 0 0 0 0 0 0 0 0 0 0 
1482 10 0 0 0 0 0 0 0 0 0 0 0 
1483 10 0 0 0 0 0 0 0 0 0 0 0 
1484 10 0 0 0 0 0 0 0 0 0 0 0 
1485 10 0 0 0 0 0 0 0 0 0 0 0 
1486 10 0 0 0 0 0 0 0 0 0 0 0 
1487 10 0 0 0 0 0 0 0 0 0 0 0 
1488 10 0 0 0 0 0 0 0 0 0 0 0 
1489 10 0 0 0 0 0 0 0 0 0 0 0 
1490 10 0 0 0 0 0 0 0 0 0 0 0 
1491 10 0 0 0 0 0 0 0 0 0 0 0 
1492 10 0 0 0 0 0 0 0 0 0 0 0 
1493 10 0 0 0 0 0 0 0 0 0 0 0 
1494 10 0 0 0 0 0 0 0 0 0 0 0 
1495 10 0 0 0 0 0 0 0 0 0 0 0 
1496 10 0 0 0 0 0 0 0 0 0 0 0 
1497 10 0 0 0 0 0 0 0 0 0 0 0 
1498 10 0 0 0 0 0 0 0 0 0 0 0 
1499 10 0 0 0 0 0 0 0 0 0 0 0 
1500 10 0 0 0 0 0 0 0 0 0 0 0 
1501 10 0 0 0 0 0 0 0 0 0 0 0 
1502 10 0 0 0 0 0 0 0 0 0 0 0 
1503 10 0 0 0 0 0 0 0 0 0 0 0 
1504 10 0 0 0 0 0 0 0 0 0 0 0 
1505 10 0 0 0 0 0 0 0 0 0 0 0 
1506 10 0 0 0 0 0 0 0 0 0 0 0 
1507 10 0 0 0 0 0 0 0 0 0 0 0 
1508 10 0 0 0 0 0 0 0 0 0 0 0 
1509 10 0 0 0 0 0 0 0 0 0 0 0 
1510 10 0 0 0 0 0 0 0 0 0 0 0 
1511 10 0 0 0 0 0 0 0 0 0 0 0 
1512 10 0 0 0 0 0 0 0 0 0 0 0 
1513 10 51 0 0 0 0 0 0 0 0 0 0 
1514 10 52 0 0 0 0 0 0 0 0 0 0 
1515 10 0 0 0 0 0 0 0 0 0 0 0 
1516 10 0 0 0 0 0 0 0 0 0 0 0 
1517 10 0 0 0 0 0 0 0 0 0 0 0 
1518 10 0 0 0 0 0 0 0 0 0 0 0 
1519 10 0 0 0 0 0 0 0 0 0 0 0 
1520 10 0 0 0 0 0 0 0 0 0 0 0 
1521 10 0 0 0 0 0 0 0 0 0 0 0 
1522 10 0 0 0 0 0 0 0 0 0 0 0 
1523 10 0 0 0 0 0 0 0 0 0 0 0 
1524 10 0 0 0 0 0 0 0 0 0 0 0 
1525 10 0 0 0 0 0 0 0 0 0 0 0 
1526 10 0 0 0 0 0 0 0 0 0 0 0 
1527 10 0 0 0 0 0 0 0 0 0 0 0 
1528 10 0 0 0 0 0 0 0 0 0 0 0 
1529 10 0 0 0 0 0 0 0 0 0 0 0 
1530 10 0 0 0 0 0 0 0 0 0 0 0 
1531 10 0 0 0 0 0 0 0 0 0 0 0 
1532 10 0 0 0 0 0 0 0 0 0 0 0 
1533 10 0 0 0 0 0 0 0 0 0 0 0 
1534 10 0 0 0 0 0 0 0 0 0 0 0 
1535 10 0 0 0 0 0 0 0 0 0 0 0 
1536 10 0 0 0 0 0 0 0 0 0 0 0 
1537 10 0 0 0 0 0 0 0 0 0 0 0 
1538 10 0 0 0 0 0 0 0 0 0 0 0 
1539 10 0 0 0 0 0 0 0 0 0 0 0 
1540 10 0 0 0 0 0 0 0 0 0 0 0 
1541 10 0 0 0 0 0 0 0 0 0 0 0 
1542 10 0 0 0 0 0 0 0 0 0 0 0 
1543 10 0 0 0 0 0 0 0 0 0 0 0 
1544 10 0 0 0 0 0 0 0 0 0 0 0 
1545 10 0 0 0 0 0 0 0 0 0 0 0 
1546 10 0 0 0 0 0 0 0 0 0 0 0 
1547 10 0 0 0 0 0 0 0 0 0 0 0 
1548 10 0 0 0 0 0 0 0 0 0 0 0 
1549 10 0 0 0 0 0 0 0 0 0 0 0 
1550 10 0 0 0 0 0 0 0 0 0 0 0 
1551 10 0 0 0 0 0 0 0 0 0 0 0 
1552 10 0 0 0 0 0 0 0 0 0 0 0 
1553 10 0 0 0 0 0 0 0 0 0 0 0 
1554 10 0 0 0 0 0 0 0 0 0 0 0 
1555 10 0 0 0 0 0 0 0 0 0 0 0 
1556 10 0 0 0 0 0 0 0 0 0 0 0 
1557 10 0 0 0 0 0 0 0 0 0 0 0 
1558 10 0 0 0 0 0 0 0 0 0 0 0 
1559 10 0 0 0 0 0 0 0 0 0 0 0 
1560 10 0 0 0 0 0 0 0 0 0 0 0 
1561 10 0 0 0 0 0 0 0 0 0 0 0 
1562 10 0 0 0 0 0 0 0 0 0 0 0 
1563 10 0 0 0 0 0 0 0 0 0 0 0 
1564 10 0 0 0 0 0 0 0 0 0 0 0 
1565 10 0 0 0 0 0 0 0 0 0 0 0 
1566 10 0 0 0 0 0 0 0 0 0 0 0 
1567 10 0 0 0 0 0 0 0 0 0 0 0 
1568 10 0 0 0 0 0 0 0 0 0 0 0 
1569 10 0 0 0 0 0 0 0 0 0 0 0 
1570 10 0 0 0 0 0 0 0 0 0 0 0 
1571 10 0 0 0 0 0 0 0 0 0 0 0 
1572 10 0 0 0 0 0 0 0 0 0 0 0 
1573 10 0 0 0 0 0 0 0 0 0 0 0 
1574 10 0 0 0 0 0 0 0 0 0 0 0 
1575 10 0 0 0 0 0 0 0 0 0 0 0 
1576 10 0 0 0 0 0 0 0 0 0 0 0 
1577 10 0 0 0 0 0 0 0 0 0 0 0 
1578 10 0 0 0 0 0 0 0 0 0 0 0 
1579 10 0 0 0 0 0 0 0 0 0 0 0 
1580 10 0 0 0 0 0 0 0 0 0 0 0 
1581 10 0 0 0 0 0 0 0 0 0 0 0 
1582 10 0 0 0 0 0 0 0 0 0 0 0 
1583 10 0 0 0 0 0 0 0 0 0 0 0 
1584 10 0 0 0 0 0 0 0 0 0 0 0 
1585 10 0 0 0 0 0 0 0 0 0 0 0 
1586 10 0 0 0 0 0 0 0 0 0 0 0 
1587 10 0 0 0 0 0 0 0 0 0 0 0 
1588 10 0 0 0 0 0 0 0 0 0 0 0 
1589 10 0 0 0 0 0 0 0 0 0 0 0 
1590 10 0 0 0 0 0 0 0 0 0 0 0 
1591 10 0 0 0 0 0 0 0 0 0 0 0 
1592 10 0 0 0 0 0 0 0 0 0 0 0 
1593 10 0 0 0 0 0 0 0 0 0 0 0 
1594 10 0 0 0 0 0 0 0 0 0 0 0 
1595 10 0 0 0 0 0 0 0 0 0 0 0 
1596 10 0 0 0 0 0 0 0 0 0 0 0 
1597 10 0 0 0 0 0 0 0 0 0 0 0 
1598 10 0 0 0 0 0 0 0 0 0 0 0 
1599 10 0 0 0 0 0 0 0 0 0 0 0 
1600 10 0 0 0 0 0 0 0 0 0 0 0 
1601 10 0 0 0 0 0 0 0 0 0 0 0 
1602 10 0 0 0 0 0 0 0 0 0 0 0 
1603 10 0 0 0 0 0 0 0 0 0 0 0 
1604 10 0 0 0 0 0 0 0 0 0 0 0 
1605 10 0 0 0 0 0 0 0 0 0 0 0 
1606 10 0 0 0 0 0 0 0 0 0 0 0 
1607 10 0 0 0 0 0 0 0 0 0 0 0 
1608 10 0 0 0 0 0 0 0 0 0 0 0 
1609 10 0 0 0 0 0 0 0 0 0 0 0 
1610 10 0 0 0 0 0 0 0 0 0 0 0 
1611 10 0 0 0 0 0 0 0 0 0 0 0 
1612 10 0 0 0 0 0 0 0 0 0 0 0 
1613 10 0 0 0 0 0 0 0 0 0 0 0 
1614 10 0 0 0 0 0 0 0 0 0 0 0 
1615 10 0 0 0 0 0 0 0 0 0 0 0 
1616 10 0 0 0 0 0 0 0 0 0 0 0 
1617 10 0 0 0 0 0 0 0 0 0 0 0 
1618 10 0 0 0 0 0 0 0 0 0 0 0 
1619 10 0 0 0 0 0 0 0 0 0 0 0 
1620 10 0 0 0 0 0 0 0 0 0 0 0 
1621 10 0 0 0 0 0 0 0 0 0 0 0 
1622 10 0 0 0 0 0 0 0 0 0 0 0 
1623 10 0 0 0 0 0 0 0 0 0 0 0 
1624 10 0 0 0 0 0 0 0 0 0 0 0 
1625 10 0 0 0 0 0 0 0 0 0 0 0 
1626 10 0 0 0 0 0 0 0 0 0 0 0 
1627 10 0 0 0 0 0 0 0 0 0 0 0 
1628 10 0 0 0 0 0 0 0 0 0 0 0 
1629 10 0 0 0 0 0 0 0 0 0 0 0 
1630 10 0 0 0 0 0 0 0 0 0 0 0 
1631 10 0 0 0 0 0 0 0 0 0 0 0 
1632 10 0 0 0 0 0 0 0 0 0 0 0 
1633 10 0 0 0 0 0 0 0 0 0 0 0 
1634 10 0 0 0 0 0 0 0 0 0 0 0 
1635 10 0 0 0 0 0 0 0 0 0 0 0 
1636 10 0 0 0 0 0 0 0 0 0 0 0 
1637 10 0 0 0 0 0 0 0 0 0 0 0 
1638 10 0 0 0 0 0 0 0 0 0 0 0 
1639 10 0 0 0 0 0 0 0 0 0 0 0 
1640 10 0 0 0 0 0 0 0 0 0 0 0 
1641 10 0 0 0 0 0 0 0 0 0 0 0 
1642 10 0 0 0 0 0 0 0 0 0 0 0 
1643 10 0 0 0 0 0 0 0 0 0 0 0 
1644 10 0 0 0 0 0 0 0 0 0 0 0 
1645 10 0 0 0 0 0 0 0 0 0 0 0 
1646 10 0 0 0 0 0 0 0 0 0 0 0 
1647 10 0 0 0 0 0 0 0 0 0 0 0 
1648 10 0 0 0 0 0 0 0 0 0 0 0 
1649 10 0 0 0 0 0 0 0 0 0 0 0 
1650 10 0 0 0 0 0 0 0 0 0 0 0 
1651 10 0 0 0 0 0 0 0 0 0 0 0 
1652 10 0 0 0 0 0 0 0 0 0 0 0 
1653 10 0 0 0 0 0 0 0 0 0 0 0 
1654 10 0 0 0 0 0 0 0 0 0 0 0 
1655 10 0 0 0 0 0 0 0 0 0 0 0 
1656 10 0 0 0 0 0 0 0 0 0 0 0 
1657 10 0 0 0 0 0 0 0 0 0 0 0 
1658 10 0 0 0 0 0 0 0 0 0 0 0 
1659 10 0 0 0 0 0 0 0 0 0 0 0 
1660 10 0 0 0 0 0 0 0 0 0 0 0 
1661 10 0 0 0 0 0 0 0 0 0 0 0 
1662 10 0 0 0 0 0 0 0 0 0 0 0 
1663 10 0 0 0 0 0 0 0 0 0 0 0 
1664 10 0 0 0 0 0 0 0 0 0 0 0 
1665 10 67 0 0 0 0 0 0 0 0 0 0 
1666 10 68 0 0 0 0 0 0 0 0 0 0 
1667 10 0 0 0 0 0 0 0 0 0 0 0 
1668 10 0 0 0 0 0 0 0 0 0 0 0 
1669 10 0 0 0 0 0 0 0 0 0 0 0 
1670 10 0 0 0 0 0 0 0 0 0 0 0 
1671 10 0 0 0 0 0 0 0 0 0 0 0 
1672 10 0 0 0 0 0 0 0 0 0 0 0 
1673 10 0 0 0 0 0 0 0 0 0 0 0 
1674 10 0 0 0 0 0 0 0 0 0 0 0 
1675 10 0 0 0 0 0 0 0 0 0 0 0 
1676 10 0 0 0 0 0 0 0 0 0 0 0 
1677 10 0 0 0 0 0 0 0 0 0 0 0 
1678 10 0 0 0 0 0 0 0 0 0 0 0 
1679 10 0 0 0 0 0 0 0 0 0 0 0 
1680 10 0 0 0 0 0 0 0 0 0 0 0 
1681 10 0 0 0 0 0 0 0 0 0 0 0 
1682 10 0 0 0 0 0 0 0 0 0 0 0 
1683 10 0 0 0 0 0 0 0 0 0 0 0 
1684 10 0 0 0 0 0 0 0 0 0 0 0 
1685 10 0 0 0 0 0 0 0 0 0 0 0 
1686 10 0 0 0 0 0 0 0 0 0 0 0 
1687 10 0 0 0 0 0 0 0 0 0 0 0 
1688 10 0 0 0 0 0 0 0 0 0 0 0 
1689 10 0 0 0 0 0 0 0 0 0 0 0 
1690 10 0 0 0 0 0 0 0 0 0 0 0 
1691 10 0 0 0 0 0 0 0 0 0 0 0 
1692 10 0 0 0 0 0 0 0 0 0 0 0 
1693 10 0 0 0 0 0 0 0 0 0 0 0 
1694 10 0 0 0 0 0 0 0 0 0 0 0 
1695 10 76 0 0 0 0 0 0 0 0 0 0 
1696 10 77 0 0 0 0 0 0 0 0 0 0 
1697 10 0 0 0 0 0 0 0 0 0 0 0 
1698 10 0 0 0 0 0 0 0 0 0 0 0 
1699 10 0 0 0 0 0 0 0 0 0 0 0 
1700 10 0 0 0 0 0 0 0 0 0 0 0 
1701 10 0 0 0 0 0 0 0 0 0 0 0 
1702 10 0 0 0 0 0 0 0 0 0 0 0 
1703 10 0 0 0 0 0 0 0 0 0 0 0 
1704 10 0 0 0 0 0 0 0 0 0 0 0 
1705 10 0 0 0 0 0 0 0 0 0 0 0 
1706 10 0 0 0 0 0 0 0 0 0 0 0 
1707 10 0 0 0 0 0 0 0 0 0 0 0 
1708 10 0 0 0 0 0 0 0 0 0 0 0 
1709 10 0 0 0 0 0 0 0 0 0 0 0 
1710 10 0 0 0 0 0 0 0 0 0 0 0 
1711 10 0 0 0 0 0 0 0 0 0 0 0 
1712 10 0 0 0 0 0 0 0 0 0 0 0 
1713 10 0 0 0 0 0 0 0 0 0 0 0 
1714 10 0 0 0 0 0 0 0 0 0 0 0 
1715 10 0 0 0 0 0 0 0 0 0 0 0 
1716 10 0 0 0 0 0 0 0 0 0 0 0 
1717 10 85 0 0 0 0 0 0 0 0 0 0 
1718 10 86 0 0 0 0 0 0 0 0 0 0 
1719 10 87 0 0 0 0 0 0 0 0 0 0 
1720 10 88 0 0 0 0 0 0 0 0 0 0 
1721 10 89 0 0 0 0 0 0 0 0 0 0 
1722 10 90 0 0 0 0 0 0 0 0 0 0 
1723 10 0 0 0 0 0 0 0 0 0 0 0 
1724 10 0 0 0 0 0 0 0 0 0 0 0 
1725 10 0 0 0 0 0 0 0 0 0 0 0 
1726 10 0 0 0 0 0 0 0 0 0 0 0 
1727 10 0 0 0 0 0 0 0 0 0 0 0 
1728 10 0 0 0 0 0 0 0 0 0 0 0 
1729 10 0 0 0 0 0 0 0 0 0 0 0 
1730 10 0 0 0 0 0 0 0 0 0 0 0 
1731 10 0 0 0 0 0 0 0 0 0 0 0 
1732 10 0 0 0 0 0 0 0 0 0 0 0 
1733 10 0 0 0 0 0 0 0 0 0 0 0 
1734 10 0 0 0 0 0 0 0 0 0 0 0 
1735 10 0 0 0 0 0 0 0 0 0 0 0 
1736 10 0 0 0 0 0 0 0 0 0 0 0 
1737 10 0 0 0 0 0 0 0 0 0 0 0 
1738 10 0 0 0 0 0 0 0 0 0 0 0 
1739 10 0 0 0 0 0 0 0 0 0 0 0 
1740 10 0 0 0 0 0 0 0 0 0 0 0 
1741 10 0 0 0 0 0 0 0 0 0 0 0 
1742 10 0 0 0 0 0 0 0 0 0 0 0 
1743 10 0 0 0 0 0 0 0 0 0 0 0 
1744 10 0 0 0 0 0 0 0 0 0 0 0 
1745 10 0 0 0 0 0 0 0 0 0 0 0 
1746 10 0 0 0 0 0 0 0 0 0 0 0 
1747 10 0 0 0 0 0 0 0 0 0 0 0 
1748 10 0 0 0 0 0 0 0 0 0 0 0 
1749 10 0 0 0 0 0 0 0 0 0 0 0 
1750 10 0 0 0 0 0 0 0 0 0 0 0 
1751 10 0 0 0 0 0 0 0 0 0 0 0 
1752 10 0 0 0 0 0 0 0 0 0 0 0 
1753 10 0 0 0 0 0 0 0 0 0 0 0 
1754 10 0 0 0 0 0 0 0 0 0 0 0 
1755 10 0 0 0 0 0 0 0 0 0 0 0 
1756 10 0 0 0 0 0 0 0 0 0 0 0 
1757 10 0 0 0 0 0 0 0 0 0 0 0 
1758 10 0 0 0 0 0 0 0 0 0 0 0 
1759 10 0 0 0 0 0 0 0 0 0 0 0 
1760 10 0 0 0 0 0 0 0 0 0 0 0 
1761 10 0 0 0 0 0 0 0 0 0 0 0 
1762 10 0 0 0 0 0 0 0 0 0 0 0 
1763 10 0 0 0 0 0 0 0 0 0 0 0 
1764 10 0 0 0 0 0 0 0 0 0 0 0 
1765 10 0 0 0 0 0 0 0 0 0 0 0 
1766 10 0 0 0 0 0 0 0 0 0 0 0 
1767 10 0 0 0 0 0 0 0 0 0 0 0 
1768 10 0 0 0 0 0 0 0 0 0 0 0 
1769 10 0 0 0 0 0 0 0 0 0 0 0 
1770 10 0 0 0 0 0 0 0 0 0 0 0 
1771 10 0 0 0 0 0 0 0 0 0 0 0 
1772 10 0 0 0 0 0 0 0 0 0 0 0 
1773 10 0 0 0 0 0 0 0 0 0 0 0 
1774 10 0 0 0 0 0 0 0 0 0 0 0 
1775 10 0 0 0 0 0 0 0 0 0 0 0 
1776 10 0 0 0 0 0 0 0 0 0 0 0 
1777 10 0 0 0 0 0 0 0 0 0 0 0 
1778 10 0 0 0 0 0 0 0 0 0 0 0 
1779 10 0 0 0 0 0 0 0 0 0 0 0 
1780 10 0 0 0 0 0 0 0 0 0 0 0 
1781 10 0 0 0 0 0 0 0 0 0 0 0 
1782 10 0 0 0 0 0 0 0 0 0 0 0 
1783 10 0 0 0 0 0 0 0 0 0 0 0 
1784 10 0 0 0 0 0 0 0 0 0 0 0 
1785 10 0 0 0 0 0 0 0 0 0 0 0 
1786 10 0 0 0 0 0 0 0 0 0 0 0 
1787 10 0 0 0 0 0 0 0 0 0 0 0 
1788 10 0 0 0 0 0 0 0 0 0 0 0 
1789 10 0 0 0 0 0 0 0 0 0 0 0 
1790 10 0 0 0 0 0 0 0 0 0 0 0 
1791 10 0 0 0 0 0 0 0 0 0 0 0 
1792 10 0 0 0 0 0 0 0 0 0 0 0 
1793 10 0 0 0 0 0 0 0 0 0 0 0 
1794 10 0 0 0 0 0 0 0 0 0 0 0 
1795 10 0 0 0 0 0 0 0 0 0 0 0 
1796 10 0 0 0 0 0 0 0 0 0 0 0 
1797 10 0 0 0 0 0 0 0 0 0 0 0 
1798 10 0 0 0 0 0 0 0 0 0 0 0 
1799 10 0 0 0 0 0 0 0 0 0 0 0 
1800 10 0 0 0 0 0 0 0 0 0 0 0 
1801 10 0 0 0 0 0 0 0 0 0 0 0 
1802 10 0 0 0 0 0 0 0 0 0 0 0 
1803 10 0 0 0 0 0 0 0 0 0 0 0 
1804 10 0 0 0 0 0 0 0 0 0 0 0 
1805 10 0 0 0 0 0 0 0 0 0 0 0 
1806 10 0 0 0 0 0 0 0 0 0 0 0 
1807 10 0 0 0 0 0 0 0 0 0 0 0 
1808 10 0 0 0 0 0 0 0 0 0 0 0 
1809 10 0 0 0 0 0 0 0 0 0 0 0 
1810 10 0 0 0 0 0 0 0 0 0 0 0 
1811 10 0 0 0 0 0 0 0 0 0 0 0 
1812 10 0 0 0 0 0 0 0 0 0 0 0 
1813 10 0 0 0 0 0 0 0 0 0 0 0 
1814 10 0 0 0 0 0 0 0 0 0 0 0 
1815 10 0 0 0 0 0 0 0 0 0 0 0 
1816 10 0 0 0 0 0 0 0 0 0 0 0 
1817 10 0 0 0 0 0 0 0 0 0 0 0 
1818 10 0 0 0 0 0 0 0 0 0 0 0 
1819 10 0 0 0 0 0 0 0 0 0 0 0 
1820 10 0 0 0 0 0 0 0 0 0 0 0 
1821 10 0 0 0 0 0 0 0 0 0 0 0 
1822 10 0 0 0 0 0 0 0 0 0 0 0 
1823 10 0 0 0 0 0 0 0 0 0 0 0 
1824 10 0 0 0 0 0 0 0 0 0 0 0 
1825 10 0 0 0 0 0 0 0 0 0 0 0 
1826 10 0 0 0 0 0 0 0 0 0 0 0 
1827 10 0 0 0 0 0 0 0 0 0 0 0 
1828 10 0 0 0 0 0 0 0 0 0 0 0 
1829 10 0 0 0 0 0 0 0 0 0 0 0 
1830 10 0 0 0 0 0 0 0 0 0 0 0 
1831 10 0 0 0 0 0 0 0 0 0 0 0 
1832 10 0 0 0 0 0 0 0 0 0 0 0 
1833 10 0 0 0 0 0 0 0 0 0 0 0 
1834 10 0 0 0 0 0 0 0 0 0 0 0 
1835 10 0 0 0 0 0 0 0 0 0 0 0 
1836 10 0 0 0 0 0 0 0 0 0 0 0 
1837 10 0 0 0 0 0 0 0 0 0 0 0 
1838 10 0 0 0 0 0 0 0 0 0 0 0 
1839 10 0 0 0 0 0 0 0 0 0 0 0 
1840 10 0 0 0 0 0 0 0 0 0 0 0 
1841 10 0 0 0 0 0 0 0 0 0 0 0 
1842 10 0 0 0 0 0 0 0 0 0 0 0 
1843 10 0 0 0 0 0 0 0 0 0 0 0 
1844 10 0 0 0 0 0 0 0 0 0 0 0 
1845 10 0 0 0 0 0 0 0 0 0 0 0 
1846 10 0 0 0 0 0 0 0 0 0 0 0 
1847 10 0 0 0 0 0 0 0 0 0 0 0 
1848 10 0 0 0 0 0 0 0 0 0 0 0 
1849 10 0 0 0 0 0 0 0 0 0 0 0 
1850 10 0 0 0 0 0 0 0 0 0 0 0 
1851 10 0 0 0 0 0 0 0 0 0 0 0 
1852 10 0 0 0 0 0 0 0 0 0 0 0 
1853 10 0 0 0 0 0 0 0 0 0 0 0 
1854 10 0 0 0 0 0 0 0 0 0 0 0 
1855 10 0 0 0 0 0 0 0 0 0 0 0 
1856 10 0 0 0 0 0 0 0 0 0 0 0 
1857 10 0 0 0 0 0 0 0 0 0 0 0 
1858 10 0 0 0 0 0 0 0 0 0 0 0 
1859 10 0 0 0 0 0 0 0 0 0 0 0 
1860 10 0 0 0 0 0 0 0 0 0 0 0 
1861 10 0 0 0 0 0 0 0 0 0 0 0 
1862 10 0 0 0 0 0 0 0 0 0 0 0 
1863 10 0 0 0 0 0 0 0 0 0 0 0 
1864 10 0 0 0 0 0 0 0 0 0 0 0 
1865 10 0 0 0 0 0 0 0 0 0 0 0 
1866 10 0 0 0 0 0 0 0 0 0 0 0 
1867 10 0 0 0 0 0 0 0 0 0 0 0 
1868 10 0 0 0 0 0 0 0 0 0 0 0 
1869 10 0 0 0 0 0 0 0 0 0 0 0 
1870 10 0 0 0 0 0 0 0 0 0 0 0 
1871 10 0 0 0 0 0 0 0 0 0 0 0 
1872 10 0 0 0 0 0 0 0 0 0 0 0 
1873 10 0 0 0 0 0 0 0 0 0 0 0 
1874 10 0 0 0 0 0 0 0 0 0 0 0 
1875 10 0 0 0 0 0 0 0 0 0 0 0 
1876 10 0 0 0 0 0 0 0 0 0 0 0 
1877 10 0 0 0 0 0 0 0 0 0 0 0 
1878 10 0 0 0 0 0 0 0 0 0 0 0 
1879 10 0 0 0 0 0 0 0 0 0 0 0 
1880 10 0 0 0 0 0 0 0 0 0 0 0 
1881 10 0 0 0 0 0 0 0 0 0 0 0 
1882 10 0 0 0 0 0 0 0 0 0 0 0 
1883 10 0 0 0 0 0 0 0 0 0 0 0 
1884 10 0 0 0 0 0 0 0 0 0 0 0 
1885 10 0 0 0 0 0 0 0 0 0 0 0 
1886 10 0 0 0 0 0 0 0 0 0 0 0 
1887 10 0 0 0 0 0 0 0 0 0 0 0 
1888 10 0 0 0 0 0 0 0 0 0 0 0 
1889 10 0 0 0 0 0 0 0 0 0 0 0 
1890 10 0 0 0 0 0 0 0 0 0 0 0 
1891 10 0 0 0 0 0 0 0 0 0 0 0 
1892 10 0 0 0 0 0 0 0 0 0 0 0 
1893 10 0 0 0 0 0 0 0 0 0 0 0 
1894 10 0 0 0 0 0 0 0 0 0 0 0 
1895 10 0 0 0 0 0 0 0 0 0 0 0 
1896 10 0 0 0 0 0 0 0 0 0 0 0 
1897 10 0 0 0 0 0 0 0 0 0 0 0 
1898 10 0 0 0 0 0 0 0 0 0 0 0 
1899 10 0 0 0 0 0 0 0 0 0 0 0 
1900 10 0 0 0 0 0 0 0 0 0 0 0 
1901 10 0 0 0 0 0 0 0 0 0 0 0 
1902 10 0 0 0 0 0 0 0 0 0 0 0 
1903 10 0 0 0 0 0 0 0 0 0 0 0 
1904 10 0 0 0 0 0 0 0 0 0 0 0 
1905 10 0 0 0 0 0 0 0 0 0 0 0 
1906 10 0 0 0 0 0 0 0 0 0 0 0 
1907 10 0 0 0 0 0 0 0 0 0 0 0 
1908 10 0 0 0 0 0 0 0 0 0 0 0 
1909 10 0 0 0 0 0 0 0 0 0 0 0 
1910 10 0 0 0 0 0 0 0 0 0 0 0 
1911 10 0 0 0 0 0 0 0 0 0 0 0 
1912 10 0 0 0 0 0 0 0 0 0 0 0 
1913 10 0 0 0 0 0 0 0 0 0 0 0 
1914 10 0 0 0 0 0 0 0 0 0 0 0 
1915 10 0 0 0 0 0 0 0 0 0 0 0 
1916 10 0 0 0 0 0 0 0 0 0 0 0 
1917 10 0 0 0 0 0 0 0 0 0 0 0 
1918 10 0 0 0 0 0 0 0 0 0 0 0 
1919 10 0 0 0 0 0 0 0 0 0 0 0 
1920 10 0 0 0 0 0 0 0 0 0 0 0 
1921 10 109 0 0 0 0 0 0 0 0 0 0 
1922 10 110 0 0 0 0 0 0 0 0 0 0 
1923 10 111 0 0 0 0 0 0 0 0 0 0 
1924 10 112 0 0 0 0 0 0 0 0 0 0 
1925 10 0 0 0 0 0 0 0 0 0 0 0 
1926 10 0 0 0 0 0 0 0 0 0 0 0 
1927 10 114 0 0 0 0 0 0 0 0 0 0 
1928 10 115 0 0 0 0 0 0 0 0 0 0 
1929 10 0 0 0 0 0 0 0 0 0 0 0 
1930 10 0 0 0 0 0 0 0 0 0 0 0 
1931 10 0 0 0 0 0 0 0 0 0 0 0 
1932 10 0 0 0 0 0 0 0 0 0 0 0 
1933 10 0 0 0 0 0 0 0 0 0 0 0 
1934 10 0 0 0 0 0 0 0 0 0 0 0 
1935 10 118 0 0 0 0 0 0 0 0 0 0 
1936 10 119 0 0 0 0 0 0 0 0 0 0 
1937 10 120 0 0 0 0 0 0 0 0 0 0 
1938 10 121 0 0 0 0 0 0 0 0 0 0 
1939 10 0 0 0 0 0 0 0 0 0 0 0 
1940 10 0 0 0 0 0 0 0 0 0 0 0 
1941 10 123 0 0 0 0 0 0 0 0 0 0 
1942 10 124 0 0 0 0 0 0 0 0 0 0 
1943 10 0 0 0 0 0 0 0 0 0 0 0 
1944 10 0 0 0 0 0 0 0 0 0 0 0 
1945 10 0 0 0 0 0 0 0 0 0 0 0 
1946 10 0 0 0 0 0 0 0 0 0 0 0 
1947 10 0 0 0 0 0 0 0 0 0 0 0 
1948 10 0 0 0 0 0 0 0 0 0 0 0 
1949 10 0 0 0 0 0 0 0 0 0 0 0 
1950 10 0 0 0 0 0 0 0 0 0 0 0 
1951 10 0 0 0 0 0 0 0 0 0 0 0 
1952 10 0 0 0 0 0 0 0 0 0 0 0 
1953 10 0 0 0 0 0 0 0 0 0 0 0 
1954 10 0 0 0 0 0 0 0 0 0 0 0 
1955 10 0 0 0 0 0 0 0 0 0 0 0 
1956 10 0 0 0 0 0 0 0 0 0 0 0 
1957 10 0 0 0 0 0 0 0 0 0 0 0 
1958 10 0 0 0 0 0 0 0 0 0 0 0 
1959 10 0 0 0 0 0 0 0 0 0 0 0 
1960 10 0 0 0 0 0 0 0 0 0 0 0 
1961 10 0 0 0 0 0 0 0 0 0 0 0 
1962 10 0 0 0 0 0 0 0 0 0 0 0 
1963 10 0 0 0 0 0 0 0 0 0 0 0 
1964 10 0 0 0 0 0 0 0 0 0 0 0 
1965 10 0 0 0 0 0 0 0 0 0 0 0 
1966 10 0 0 0 0 0 0 0 0 0 0 0 
1967 10 0 0 0 0 0 0 0 0 0 0 0 
1968 10 0 0 0 0 0 0 0 0 0 0 0 
1969 10 0 0 0 0 0 0 0 0 0 0 0 
1970 10 0 0 0 0 0 0 0 0 0 0 0 
1971 10 0 0 0 0 0 0 0 0 0 0 0 
1972 10 0 0 0 0 0 0 0 0 0 0 0 
1973 10 0 0 0 0 0 0 0 0 0 0 0 
1974 10 0 0 0 0 0 0 0 0 0 0 0 
1975 10 0 0 0 0 0 0 0 0 0 0 0 
1976 10 0 0 0 0 0 0 0 0 0 0 0 
1977 10 0 0 0 0 0 0 0 0 0 0 0 
1978 10 0 0 0 0 0 0 0 0 0 0 0 
1979 10 0 0 0 0 0 0 0 0 0 0 0 
1980 10 0 0 0 0 0 0 0 0 0 0 0 
1981 10 0 0 0 0 0 0 0 0 0 0 0 
1982 10 0 0 0 0 0 0 0 0 0 0 0 
1983 10 0 0 0 0 0 0 0 0 0 0 0 
1984 10 0 0 0 0 0 0 0 0 0 0 0 
1985 10 0 0 0 0 0 0 0 0 0 0 0 
1986 10 0 0 0 0 0 0 0 0 0 0 0 
1987 10 0 0 0 0 0 0 0 0 0 0 0 
1988 10 0 0 0 0 0 0 0 0 0 0 0 
1989 10 0 0 0 0 0 0 0 0 0 0 0 
1990 10 0 0 0 0 0 0 0 0 0 0 0 
1991 10 0 0 0 0 0 0 0 0 0 0 0 
1992 10 0 0 0 0 0 0 0 0 0 0 0 
1993 10 0 0 0 0 0 0 0 0 0 0 0 
1994 10 0 0 0 0 0 0 0 0 0 0 0 
1995 10 0 0 0 0 0 0 0 0 0 0 0 
1996 10 0 0 0 0 0 0 0 0 0 0 0 
1997 10 0 0 0 0 0 0 0 0 0 0 0 
1998 10 0 0 0 0 0 0 0 0 0 0 0 
1999 10 0 0 0 0 0 0 0 0 0 0 0 
2000 10 0 0 0 0 0 0 0 0 0 0 0 
2001 10 0 0 0 0 0 0 0 0 0 0 0 
2002 10 0 0 0 0 0 0 0 0 0 0 0 
2003 10 0 0 0 0 0 0 0 0 0 0 0 
2004 10 0 0 0 0 0 0 0 0 0 0 0 
2005 10 0 0 0 0 0 0 0 0 0 0 0 
2006 10 0 0 0 0 0 0 0 0 0 0 0 
2007 10 0 0 0 0 0 0 0 0 0 0 0 
2008 10 0 0 0 0 0 0 0 0 0 0 0 
2009 10 0 0 0 0 0 0 0 0 0 0 0 
2010 10 0 0 0 0 0 0 0 0 0 0 0 
2011 10 0 0 0 0 0 0 0 0 0 0 0 
2012 10 0 0 0 0 0 0 0 0 0 0 0 
2013 10 0 0 0 0 0 0 0 0 0 0 0 
2014 10 0 0 0 0 0 0 0 0 0 0 0 
2015 10 0 0 0 0 0 0 0 0 0 0 0 
2016 10 0 0 0 0 0 0 0 0 0 0 0 
2017 10 0 0 0 0 0 0 0 0 0 0 0 
2018 10 0 0 0 0 0 0 0 0 0 0 0 
2019 10 0 0 0 0 0 0 0 0 0 0 0 
2020 10 0 0 0 0 0 0 0 0 0 0 0 
2021 10 0 0 0 0 0 0 0 0 0 0 0 
2022 10 0 0 0 0 0 0 0 0 0 0 0 
2023 10 0 0 0 0 0 0 0 0 0 0 0 
2024 10 0 0 0 0 0 0 0 0 0 0 0 
2025 10 0 0 0 0 0 0 0 0 0 0 0 
2026 10 0 0 0 0 0 0 0 0 0 0 0 
2027 10 0 0 0 0 0 0 0 0 0 0 0 
2028 10 0 0 0 0 0 0 0 0 0 0 0 
2029 10 0 0 0 0 0 0 0 0 0 0 0 
2030 10 0 0 0 0 0 0 0 0 0 0 0 
2031 10 0 0 0 0 0 0 0 0 0 0 0 
2032 10 0 0 0 0 0 0 0 0 0 0 0 
2033 10 0 0 0 0 0 0 0 0 0 0 0 
2034 10 0 0 0 0 0 0 0 0 0 0 0 
2035 10 0 0 0 0 0 0 0 0 0 0 0 
2036 10 0 0 0 0 0 0 0 0 0 0 0 
2037 10 0 0 0 0 0 0 0 0 0 0 0 
2038 10 0 0 0 0 0 0 0 0 0 0 0 
2039 10 0 0 0 0 0 0 0 0 0 0 0 
2040 10 0 0 0 0 0 0 0 0 0 0 0 
2041 10 0 0 0 0 0 0 0 0 0 0 0 
2042 10 0 0 0 0 0 0 0 0 0 0 0 
2043 10 0 0 0 0 0 0 0 0 0 0 0 
2044 10 0 0 0 0 0 0 0 0 0 0 0 
2045 10 0 0 0 0 0 0 0 0 0 0 0 
2046 10 0 0 0 0 0 0 0 0 0 0 0 

0 5 2 2 0.0233918 1 14 -10 4 0.998505 167 6 -21 16 32 3 3 2 -19 0 -28 7 -14 6 -2 4 -21 6 -4 0 -6 0 -3 7 -6 -1 12 -1 -13 12 4 -1 20 -2 4 2 18 -1 42 1 42 21 15 1 2 10 12 9 6 0 7 0 32 0 -16 0 24 16 43 7 27 18 28 -5 -25 7 -6 1 -30 -4 37 11 -9 15 27 6 -11 6 45 6 -1 11 39 3 41 5 8 10 -20 9 5 6 -10 5 21 8 43 -3 29 5 -24 1 -27 10 -19 5 14 -5 -11 -5 28 2 38 4 27 3 -16 12 5 1 7 16 27 -7 -4 1 -25 1 -3 3 -17 2 -13 10 26 -1 -23 14 33 -8 28 -2 -21 7 -2 0 -14 7 -5 5 37 5 29 12 37 -3 36 1 32 14 -6 -8 -28 7 -11 -3 33 -8 -18 -6 -14 -5 23 7 -30 -11 -20 13 44 -25 -28 -16 -29 14 -16 -16 -28 -7 -12 9 38 0 -28 -8 42 10 2 -11 40 12 -14 -10 28 14 35 -12 -23 -19 -27 8 34 -12 35 -14 -1 -8 -26 -15 -16 1 -18 -15 42 -15 -1 5 31 -11 -18 4 -15 -20 4 -15 38 -16 5 -14 9 -21 -5 -14 18 3 7 7 -15 12 17 -18 25 -1 28 3 18 -23 -27 -22 -27 9 39 11 23 -16 12 -19 36 13 -10 12 8 -23 -24 -17 21 -20 -5 -19 5 -1 -29 2 -15 12 4 -7 -21 -15 43 -6 -7 1 -29 -23 36 -10 42 -15 39 -17 31 -9 -17 10 1 13 -27 3 -22 -18 43 -6 42 -7 44 -22 21 -13 33 -23 9 8 23 -20 -23 -2 13 6 28 -11 29 -2 22 -8 35 
1 5 2 2 0.0701754 1 -14 25 4 0.995305 53 13 -31 -21 -28 10 -1 25 27 21 -14 -25 44 20 -5 -20 39 20 -6 -20 30 -21 -33 -20 -9 -25 -10 15 33 13 -28 -22 14 -19 -1 11 35 12 -10 -18 23 -25 5 5 26 -19 44 11 -27 -24 17 25 30 23 32 24 24 24 26 21 7 -17 26 -17 37 22 32 -16 -25 -22 37 -17 11 14 42 23 3 -1 -30 -16 -4 -15 40 -15 14 -21 34 -22 7 12 38 11 -24 -15 20 -15 -5 -14 45 -5 -31 13 -2 20 12 -14 -1 
2 5 2 2 0.965517 7 10 9 7 38 7 -10 8 24 -14 18 16 -27 7 -14 4 0.363636 1 -22 2 
3 5 2 2 0.857143 6 -13 41 13 -31 -14 33 -10 24 -12 25 15 31 4 0.727273 4 2 -30 -13 43 -18 45 -10 25 
4 5 2 2 0.923077 3 -20 -17 11 27 11 6 4 0.571429 1 19 44 
5 5 2 2 0.8 2 9 -33 -11 -12 4 0.8 2 -18 -7 12 39 
6 5 2 2 0.16 1 -13 -8 4 0.988235 21 -18 -17 19 17 -18 9 20 39 18 -8 -1 38 -21 -24 -6 -22 19 -30 6 -7 -21 -15 -14 12 -14 -3 -18 7 -20 -22 -20 7 -9 -32 10 -23 15 -18 -8 -4 12 16 
7 5 2 2 0.978723 69 14 -11 16 -12 14 22 16 15 18 22 14 8 14 44 17 21 13 43 14 22 11 -9 13 21 14 11 12 10 12 22 8 -33 14 -31 16 22 19 44 17 12 15 -10 14 12 14 6 16 -13 12 -2 13 11 11 14 10 -23 9 39 16 12 17 2 19 1 14 26 14 -31 17 19 10 -13 11 -20 11 0 13 37 17 36 20 1 16 36 13 -5 14 16 13 11 14 -28 11 23 16 1 16 -29 18 24 14 2 13 14 13 -17 11 43 16 -23 12 43 14 41 10 29 16 3 14 -23 14 44 17 -27 17 -25 15 43 12 -20 11 -27 13 20 12 41 13 -20 4 0.258065 6 14 45 18 -30 26 0 22 24 24 12 19 44 
8 5 2 2 0.421053 2 13 41 14 24 4 0.956522 11 15 40 26 2 25 -8 25 2 7 43 24 -4 23 23 11 36 20 43 9 38 22 42 
9 5 2 2 0.965517 7 15 31 13 -5 18 15 16 4 12 -3 11 26 17 15 4 0.363636 1 22 12 
10 5 2 2 0.645161 5 12 -20 13 16 14 -8 10 -18 12 31 4 0.897959 11 18 23 18 24 18 -18 16 18 21 28 24 -13 21 -7 14 28 21 16 6 27 22 19 
11 5 2 2 0.96 12 12 31 15 20 18 10 16 -12 13 13 17 33 12 15 11 14 14 33 15 33 13 11 -13 -35 4 0.4 2 11 -26 20 6 
12 5 2 2 0.140351 2 12 18 12 -31 4 0.989899 49 15 14 15 -12 16 -3 10 20 12 25 13 14 14 18 10 25 8 6 12 0 16 34 20 17 6 16 8 24 26 1 14 9 16 10 13 13 13 8 21 10 23 33 10 15 26 -5 17 -2 26 -19 17 -6 24 -8 17 -24 24 34 23 20 13 34 13 12 11 21 14 8 26 9 18 -13 23 -16 25 -23 20 -12 17 2 23 -9 20 6 17 -22 10 12 7 27 16 -22 26 29 26 2 7 30 
13 5 2 2 0.769231 5 17 31 14 4 18 7 -12 53 -11 51 4 0.827586 6 22 13 21 12 14 -2 20 -29 16 -25 19 19 
14 5 2 2 0.666667 3 9 -14 7 -19 9 -10 4 0.888889 6 5 8 5 2 14 32 7 23 4 2 4 0 
15 5 2 2 0.962025 38 3 30 9 -13 12 22 6 24 11 10 7 2 8 -17 8 -26 7 22 5 21 5 -32 7 -31 7 -12 3 18 16 9 10 22 5 -21 15 -19 9 -22 3 -22 4 -13 5 13 4 -29 5 -10 5 -9 6 -12 2 23 6 6 7 -8 14 14 5 -16 5 -24 4 13 6 14 7 -14 6 19 8 -9 8 -18 4 0.387097 6 18 -3 18 -4 14 -13 15 -22 16 6 13 -26 
16 5 2 2 0.307692 1 6 -23 4 0.972973 9 16 11 17 6 -2 12 11 -30 -2 13 7 11 12 8 17 -3 16 -6 
17 5 2 2 0.987805 81 -9 48 -9 46 -2 44 10 23 7 40 9 15 8 8 7 9 10 8 9 20 7 10 13 -20 16 -3 9 -1 6 -18 5 44 12 32 9 15 7 -9 6 -23 8 27 6 2 10 1 6 34 10 13 10 15 7 36 8 -29 7 23 7 43 5 -7 8 -17 10 39 11 4 -7 43 6 23 4 21 7 2 16 -28 3 41 7 31 1 -14 10 -8 1 -28 14 17 8 39 5 17 10 42 7 -1 -1 44 10 6 6 7 6 -20 5 43 4 20 16 16 9 28 1 23 7 32 6 42 3 42 3 -7 16 47 5 5 5 -4 10 -10 5 -13 6 37 12 42 7 17 6 41 2 27 5 27 5 33 4 -26 9 19 4 -5 5 30 2 20 8 34 -13 49 4 0.164948 4 13 13 8 -13 15 2 6 43 
18 5 2 2 0.8 11 15 20 3 41 3 40 15 44 10 44 4 43 16 -4 2 37 14 42 1 30 2 -21 4 0.8 11 12 38 -1 40 9 -7 -2 37 2 0 4 -30 3 25 1 -2 14 -24 6 -9 10 33 
19 5 2 2 0.964539 34 6 22 1 44 4 19 0 -29 7 40 3 17 7 -31 11 -10 6 -23 0 -28 5 21 1 -7 -12 46 3 17 0 10 2 -4 0 -21 -3 44 -6 45 10 32 1 10 3 -2 1 1 10 -27 0 43 -17 45 9 5 -1 12 -4 43 9 -20 5 -4 3 30 5 38 5 37 4 0.37037 5 13 33 -3 -29 8 44 13 -28 0 44 
20 5 2 2 0.988235 21 -19 25 -20 -11 -9 -12 -16 44 -12 17 -17 39 -14 -20 -7 40 -14 -14 -20 3 -20 -21 -7 39 -8 -31 -15 -7 -9 40 -5 48 10 47 -9 42 -20 41 -18 41 -7 41 4 0.16 1 10 -29 
21 5 2 2 0.666667 3 7 -4 12 20 -2 38 4 0.888889 6 -5 42 -7 43 -2 44 0 9 -6 41 -4 41 
22 5 2 2 0.933333 14 -20 43 -13 44 3 43 -10 46 -13 48 1 46 -6 38 -15 39 -14 39 -11 38 -14 -31 -20 7 -20 -6 -13 -16 4 0.533333 4 8 -27 -17 5 -17 -5 -13 -29 
23 5 2 2 0.823529 7 -15 38 -18 43 -15 40 -10 39 -4 42 -10 39 -1 37 4 0.774194 6 -15 44 0 37 18 38 -8 39 8 42 7 40 
24 5 2 2 0.266667 3 16 -16 13 -21 15 18 4 0.977778 33 -21 41 -21 43 12 -2 18 -18 18 19 17 12 17 -7 -4 32 13 -19 -7 33 12 18 6 -13 11 -5 -13 -19 -14 -35 -14 -37 -16 -17 -18 17 -18 18 -14 27 -6 24 -19 -21 -7 22 6 13 -24 -25 -22 -10 -21 -13 -22 8 -4 6 11 -20 -4 -1 -5 4 -6 17 
25 5 2 2 0.979592 12 -18 41 -20 8 -9 41 -19 -27 -15 43 -14 -34 -20 -1 12 35 -12 -33 -15 41 4 44 -6 43 4 0.25 1 -8 14 
26 5 2 2 0.727273 4 3 44 -8 8 12 44 -11 40 4 0.857143 6 -8 42 -3 -4 5 -18 -4 -3 -14 41 7 45 
27 5 2 2 0.816327 10 -3 -11 1 27 -6 20 9 -8 -8 -29 -3 0 7 7 -2 1 12 -24 -11 6 4 0.782609 9 -4 -10 -6 1 -5 -27 -3 13 -7 -1 -10 21 0 15 -2 -11 -1 -12 
28 5 2 2 0.977505 239 -20 -25 -19 -1 -20 -24 -18 6 -20 13 -17 -4 -20 12 -20 -29 -20 -32 -13 0 -10 2 -17 -12 -19 5 -13 -8 -18 -12 -17 34 -20 -15 -15 -26 -16 -5 -14 -31 -15 3 -12 -4 -17 -20 -13 -22 -20 -17 -14 -9 -14 20 -13 -29 -16 19 -12 29 -19 1 -18 -19 -16 32 -7 -5 -11 -2 -16 21 -15 22 -7 36 -12 34 -14 -32 -14 36 -9 -31 -15 2 -17 7 -17 14 -11 26 -18 31 -13 -25 -7 -3 -18 9 -16 -30 -8 -6 -15 13 -15 17 -8 3 -10 9 -12 9 -14 35 -6 -29 -9 -3 -10 17 -15 -25 -4 37 -18 -19 -18 4 -15 -20 -20 -24 -13 -5 -12 30 -7 18 -8 24 -18 31 -13 0 -11 -12 -16 33 -19 -25 -20 39 -12 23 -15 29 -17 -14 -18 7 -6 8 -17 -7 -16 -22 -11 26 -17 25 -12 26 -16 24 -5 -7 -16 -13 -10 30 -9 -5 2 -22 -17 8 -7 9 -10 22 -18 27 -20 -9 -18 -22 -11 21 -11 -33 -17 -4 -16 28 -18 16 -11 25 -9 -22 -19 41 -16 -18 -10 19 -13 -14 -13 -9 -2 -11 -9 -21 -16 26 -15 19 -9 29 -14 -17 -13 -8 -9 36 -13 14 -2 -5 -12 -4 -8 -20 -16 -11 -10 29 -13 35 -12 -21 -12 11 -3 32 -12 -1 -13 -16 -14 -1 -5 -22 -2 31 -1 -10 -15 5 -13 -33 -11 10 -9 -15 -12 22 -11 8 -15 13 -9 -16 -10 -24 -11 -4 0 27 -10 -18 -10 24 0 4 -14 35 -14 32 -6 15 -9 -9 -15 13 -8 -30 1 3 -2 -23 -11 20 -8 -6 -4 -30 -6 9 -2 20 -9 -2 -5 35 -8 -3 -13 -13 -3 -20 -13 -15 -5 3 -1 24 -4 35 -9 6 -2 9 -9 26 -1 8 1 -22 0 21 -2 4 -7 -28 -10 -32 -2 -27 -7 -17 -2 -5 5 -25 -8 26 -9 -29 0 21 -5 38 -1 26 -2 26 0 24 0 -4 0 3 -1 0 -5 -32 -1 35 9 2 -7 -31 -4 35 -8 4 -5 11 -4 11 -4 16 -4 14 9 28 7 -28 0 -4 -2 2 13 -33 0 8 -5 22 2 36 0 -17 -3 -9 9 -4 0 34 4 33 -1 -12 0 28 -5 28 3 12 4 -23 11 -15 1 -22 6 -3 12 -31 10 15 10 29 1 -16 1 22 1 14 12 -28 9 37 13 -34 10 -25 3 -2 11 -6 7 -8 0 15 4 0.269113 22 -16 -18 -23 -26 -3 -7 -23 -20 -8 7 -8 12 -19 36 -14 31 0 -5 -1 29 -3 38 -16 26 -10 37 4 -21 -13 19 -21 7 -19 -13 7 29 8 27 -5 6 -3 32 -1 6 
29 5 2 2 0.615385 2 8 -13 3 -21 4 0.909091 5 10 -16 1 -4 11 -7 12 8 12 4 
30 5 2 2 0.981132 13 -15 -16 -13 -19 -11 3 -5 30 -10 10 -16 -13 -15 -13 -3 34 -15 -11 -2 38 -15 -5 -11 8 -12 -15 4 0.235294 1 -4 11 
31 5 2 2 0.941176 8 -14 -10 -6 -8 -17 13 -14 13 -11 -6 8 20 -13 4 -13 -11 4 0.5 2 -19 -9 -16 -2 
32 5 2 2 0.421053 2 -6 -9 -4 -8 4 0.956522 11 -11 -30 -13 -23 1 32 -17 -11 -13 -15 -11 -21 -18 35 -10 8 -10 -8 -10 -7 -4 4 
33 5 2 2 0.216216 2 14 -35 10 -32 4 0.983051 29 -21 45 -23 45 -12 44 11 -29 -20 42 -23 40 -23 39 -20 40 -11 35 4 35 -20 30 -9 -26 4 -28 -23 13 0 -29 1 -21 -20 -6 2 -19 -25 -25 -25 -6 -14 14 -18 22 -21 -29 -13 -9 -18 24 6 -33 -11 -7 -23 14 -9 21 
34 5 2 2 0.6 3 1 -34 3 -32 10 -33 4 0.914286 8 14 -31 5 30 -6 15 1 -33 5 -32 -22 -32 -11 22 -23 25 
35 5 2 2 0.923077 15 -15 -38 8 -33 -3 -22 -3 -25 -6 -19 -4 -17 -3 -28 2 -36 -11 10 -11 -31 -3 -32 4 -20 6 12 7 -3 8 24 4 0.571429 5 -7 -8 -22 -34 -25 2 14 -35 -25 18 
36 5 2 2 0.978593 80 -2 21 2 32 -3 27 -5 27 4 34 2 35 -5 27 -1 16 -8 27 5 22 -7 35 -7 30 -7 28 -8 23 -7 29 -7 32 -8 30 -9 31 7 -14 4 33 -4 -4 -4 -4 3 7 -5 -25 1 7 -2 7 -5 1 -5 -9 -5 14 -3 -31 -1 -7 -6 -32 -3 -3 -3 -2 7 -16 1 -22 2 -19 -3 6 -8 -32 -10 -25 2 -30 -2 -4 -1 7 3 -29 -10 -32 -3 22 9 16 -2 10 0 14 -8 -16 -1 5 -7 -28 -6 -26 1 -31 1 -32 -6 5 -7 2 -4 -12 -7 2 -2 -22 -8 -34 -1 -5 -9 18 -5 -20 4 17 0 -32 -3 -5 -10 19 -4 12 -7 -24 -9 26 -3 -21 -8 -25 -2 -26 -2 -25 -1 -35 -5 -23 -3 15 0 -20 -7 -20 4 0.259259 7 3 35 3 -20 4 -7 0 -21 -4 12 5 -16 -16 9 
37 5 2 2 0.930233 10 7 -31 -1 -16 0 -6 0 -15 -6 -5 -4 -8 -8 -24 0 6 -6 16 -7 15 4 0.545455 3 -19 -11 -22 -19 -22 -16 
38 5 2 2 0.285714 1 -2 31 4 0.97561 10 -9 32 -15 1 -4 0 -15 14 -5 2 -7 3 -6 2 -12 4 -14 3 -11 1 
39 5 2 2 0.878049 9 -4 -37 -3 20 2 30 1 -33 0 4 2 22 0 20 2 -14 -4 4 4 0.689655 5 2 0 -7 -22 -7 0 -13 -29 1 23 
40 5 2 2 0.363636 2 7 5 -2 -2 4 0.965517 14 -20 -23 4 5 -9 -28 -13 -24 -6 0 -20 -2 -11 -15 5 10 -3 -30 -2 2 -2 -5 -12 25 -2 23 7 4 
41 5 2 2 0.229885 5 -2 -31 4 -35 -1 -20 11 12 7 -21 4 0.981685 67 -1 0 -17 -26 -14 18 -8 -31 -21 22 -17 30 1 -5 -9 4 -16 28 -13 -5 -16 36 -7 -20 2 -14 -7 8 2 6 -8 38 -21 35 -3 -19 4 -23 -19 36 -5 -5 -21 30 -1 36 -11 37 -8 28 -21 -16 -21 -13 5 -10 -5 23 -1 -2 5 2 -6 35 -8 -12 7 -2 7 -1 7 -13 -5 1 6 -28 5 18 -6 35 -14 26 -11 9 -3 9 -4 16 -12 -6 9 -25 7 17 8 -29 -2 17 7 -5 8 5 -11 5 -11 34 -11 -11 -2 -14 8 -7 -9 21 13 -31 9 10 -9 -17 0 9 0 3 2 12 -7 -8 10 -6 10 -12 12 -25 
42 5 2 2 0.266667 1 -4 -10 4 0.977778 11 4 23 4 25 5 30 1 14 4 41 5 39 -1 -6 -2 -11 5 8 1 24 -6 31 
43 5 2 2 0.864865 8 -7 -22 0 -26 -3 12 1 19 3 -5 -1 -8 -1 -23 4 -2 4 0.714286 5 -14 -11 -5 -24 0 -2 -1 -10 -6 -8 
44 5 2 2 0.134831 3 -2 31 0 30 -2 -30 4 0.990354 77 -2 17 -6 -17 -16 26 -12 -20 -16 23 -9 18 -9 -24 -5 -30 -7 -15 -9 -19 -14 -19 -12 -8 -18 -19 -16 -29 -3 22 -9 38 2 -1 -10 20 -9 40 -19 14 -19 5 -23 -19 -23 -28 -6 14 -8 -13 -15 39 -21 9 0 35 -12 37 -1 19 7 38 -19 17 -21 -28 2 41 -9 -5 -10 -24 -14 21 -10 -6 0 37 -14 -22 -2 -17 -4 -27 1 1 -10 20 2 21 -14 40 -21 -34 -13 42 -21 -35 -2 0 -13 -11 0 43 1 -13 -10 25 1 7 -15 -6 1 -35 -5 24 -4 -4 -23 26 -4 38 -16 -17 -17 -17 -7 -28 -10 -4 -10 28 -1 -27 -2 4 -7 40 -8 43 -16 -26 -19 -13 -16 25 -11 -26 -22 32 -17 30 -14 29 
45 5 2 2 0.830189 11 18 17 19 25 18 9 18 4 17 -20 11 33 9 34 11 -13 10 8 11 -25 9 -14 4 0.765957 9 14 26 20 26 21 18 20 -3 14 37 9 -32 11 -16 6 12 8 4 
46 5 2 2 0.275862 4 9 -6 -19 -15 -15 1 -16 1 4 0.976744 42 20 -2 24 27 17 -17 22 27 23 -10 15 -32 16 -9 22 12 15 2 21 6 20 6 7 -17 3 -16 -3 -26 1 -25 0 -23 -6 -25 8 -11 -1 -18 -2 -23 1 -6 11 1 0 -4 6 10 23 44 5 3 4 45 2 -17 9 -11 17 -13 11 -4 -1 -35 -14 -30 -10 -36 -10 -35 -7 -37 -5 -31 -9 -35 -9 -34 10 -34 -6 -34 -4 -34 
47 5 3 2 0.8 7 -10 53 4 50 10 50 5 52 4 51 -11 -25 20 15 3 0.615385 4 34 37 23 38 4 96 31 35 4 0.521739 3 15 -10 20 11 18 -15 
48 5 3 0 0.125 1 3 88 2 0.125 1 -11 -30 3 0.981818 27 28 -52 29 -34 -38 18 37 -51 30 -13 30 -15 26 20 25 -27 29 -17 23 -36 25 66 28 -20 24 34 22 -21 26 -68 27 -39 38 29 -39 7 33 25 20 -4 -34 1 -34 2 -32 9 -40 -24 -40 7 -25 91 30 6 
49 5 3 2 0.5 1 15 -33 3 0.5 1 -31 41 4 0.857143 3 -20 -31 -15 -31 -13 -31 
50 5 2 2 0.363636 1 6 -41 4 0.965517 7 19 -22 15 -40 -17 -41 -9 -41 5 -31 -16 -36 6 -39 
51 5 3 2 0.83871 13 21 -16 17 3 19 -20 -1 -38 3 -35 -2 -37 -4 -39 -4 -36 -14 -39 -12 -39 -12 0 -16 -36 -9 -33 3 0.153846 1 30 -49 4 0.72 9 -1 -30 -15 -36 5 -32 -10 -36 18 7 -10 -32 -22 -37 -18 -39 -17 -39 
52 5 2 2 0.988235 21 -6 -40 -4 -38 -7 -42 -5 -38 -13 -36 5 -35 14 -35 -20 -34 -11 -38 8 -37 8 -36 -9 -43 -18 -34 -15 -34 -4 -35 -5 -35 -17 -34 -15 -34 -15 -33 4 -36 -2 -36 4 0.16 1 24 -30 
53 5 2 2 0.989691 24 -11 -41 2 -35 2 -36 -10 -33 12 -43 -14 -40 1 -38 13 -34 6 -42 15 34 -7 -34 13 -36 15 7 9 -39 -10 -36 20 33 -3 -41 1 -38 4 -39 -5 -37 2 -37 17 28 18 28 0 -37 4 0.142857 1 7 -42 
54 5 2 2 0.461538 3 16 -30 16 -26 18 -31 4 0.949153 14 13 -36 8 -33 22 -30 16 -35 24 -31 22 -33 21 -32 26 -32 16 -36 5 -29 7 -36 18 -27 11 -23 11 -35 
55 5 3 2 0.816327 10 1 -37 -20 -34 -14 -8 -17 -36 -15 -38 -13 -39 2 -35 -6 -35 0 -36 10 -37 3 0.428571 3 36 -64 29 42 33 30 4 0.648649 6 9 -35 21 -12 2 -38 -10 -35 -7 -34 5 -38 
56 5 4 0 0.8 3 12 -40 16 -5 17 27 1 0.444444 1 14 -5 2 0.444444 1 15 24 3 0.444444 1 20 -18 
57 5 2 0 0.989247 23 14 37 11 24 13 -48 1 90 -15 84 16 -68 5 60 15 -21 22 -69 9 89 15 54 1 90 19 -81 13 29 1 89 14 -25 0 85 8 88 15 57 17 -34 24 26 -8 88 24 -76 2 0.148148 1 21 39 
58 5 2 0 0.571429 2 19 -20 16 -13 3 0.923077 6 23 -78 33 28 38 21 33 -21 23 72 28 33 
59 5 2 0 0.521739 3 14 54 7 23 18 -41 3 0.93617 11 39 9 41 -41 33 21 31 -22 23 38 -37 18 -22 96 22 70 18 64 33 10 21 -64 
60 5 4 0 0.857143 6 16 -35 11 -69 18 -44 8 17 -5 56 16 -5 2 0.307692 1 18 20 3 0.307692 1 39 -39 4 0.5 2 17 37 7 -38 
61 5 2 0 0.333333 1 17 -38 3 0.969697 8 24 46 22 55 42 -42 35 -38 30 -26 29 -16 34 6 37 -5 
62 5 3 0 0.984615 48 18 18 24 -26 15 -46 18 -28 14 -25 16 61 18 55 23 -20 9 60 9 58 14 55 11 -48 14 33 17 32 17 50 22 -52 17 40 16 -42 18 -30 14 42 17 -46 17 -21 18 -28 16 44 18 -1 8 57 17 -64 11 -60 16 -7 18 -23 17 -57 16 -69 7 50 18 -29 16 -56 17 -50 17 -56 13 -57 8 55 18 -38 11 -59 15 53 11 53 16 16 15 50 12 52 13 49 11 48 3 0.140351 2 32 -46 25 -62 4 0.0740741 1 20 10 
63 5 2 2 0.666667 3 14 -37 13 -43 18 -38 4 0.888889 6 23 -37 22 -37 19 -37 21 -43 26 -31 17 -39 
64 5 2 2 0.971429 17 14 -43 14 -42 16 -33 15 -18 20 -27 20 28 19 20 15 -40 17 2 18 -18 21 11 18 24 17 -40 18 12 18 -31 19 -32 19 -14 4 0.32 2 18 -31 9 5 
65 5 4 0 0.25 1 22 -67 2 0.421053 2 19 28 17 7 3 0.545455 3 33 35 33 -86 33 20 4 0.823529 7 17 40 20 -31 23 4 11 35 22 -17 22 -15 15 13 
66 5 2 0 0.983607 15 -17 88 7 93 17 60 -2 93 9 91 4 92 -1 90 -5 93 -12 93 6 62 -4 84 14 64 9 63 15 69 4 63 3 0.210526 1 15 79 
67 5 2 0 0.709677 11 11 79 2 44 -1 41 -15 23 2 30 -17 26 -15 27 -13 29 -16 43 -13 28 -19 45 3 0.86747 18 -30 100 -6 94 21 36 6 79 -19 34 -9 83 12 33 0 36 -12 75 10 15 9 16 -11 76 -36 71 14 16 -6 15 19 24 2 81 -13 89 
68 5 4 0 0.8 6 -2 46 23 28 1 77 11 93 20 -4 -2 46 2 0.266667 1 20 21 3 0.266667 1 12 39 4 0.666667 4 15 -30 11 -39 14 21 19 -29 
69 5 2 0 0.97561 20 -8 44 -9 77 -6 76 -2 46 -7 50 -5 76 -4 45 -8 48 -5 75 -13 59 -4 74 -17 74 -16 74 9 44 -17 58 -5 62 -14 59 -6 73 -7 72 -5 60 3 0.285714 2 13 -44 13 16 
70 5 2 0 0.25 1 -12 75 3 0.979592 12 -29 16 -2 17 -35 76 9 44 -2 18 1 41 -39 71 -6 41 -21 33 -39 76 -27 36 -19 37 
71 5 4 0 0.461538 3 23 16 -8 78 0 81 2 0.851064 10 18 -39 -15 -42 20 -37 19 -44 19 25 21 18 20 -41 21 -4 21 -5 20 -35 3 0.461538 3 -12 94 32 37 10 -11 4 0.2 1 22 0 
72 5 2 2 0.235294 2 20 -35 21 36 4 0.981132 26 21 14 21 35 21 33 18 28 16 -23 19 27 22 32 15 -25 25 -5 15 12 23 14 15 11 26 -18 18 14 23 25 22 5 19 35 21 7 20 -26 23 -27 16 25 13 39 22 -7 21 -30 18 -15 18 20 
73 5 3 2 0.727273 2 20 -15 20 -6 3 0.727273 2 37 39 40 37 4 0.5 1 25 19 
74 5 3 2 0.444444 2 18 15 19 -15 3 0.740741 5 -10 39 -21 43 34 29 26 80 41 33 4 0.740741 5 23 28 23 27 21 40 12 30 26 -32 
75 5 2 2 0.972973 9 19 -4 18 -25 20 -4 17 -34 21 -26 21 -27 20 -33 18 -25 21 27 4 0.307692 1 25 -36 
76 5 2 0 0.99435 44 7 66 3 28 7 67 7 68 4 59 9 68 2 56 9 50 7 49 13 44 2 55 -11 58 -5 24 -4 55 -7 55 -11 34 -7 35 0 30 22 31 -14 33 -13 35 -2 24 5 34 -1 28 -12 40 -2 26 3 38 -6 39 -18 92 -3 39 3 53 0 32 -5 28 19 34 9 36 1 36 -2 38 -4 52 5 28 1 38 -6 41 -16 56 -7 55 -9 54 3 0.0833333 1 -29 41 
77 5 2 0 0.705882 3 -18 80 -6 25 6 47 3 0.869565 5 5 77 20 8 -14 22 24 20 -4 24 
78 5 2 0 0.571429 1 17 34 3 0.923077 3 -39 32 10 54 -11 69 
79 5 3 0 0.761905 8 -16 35 -20 38 -22 38 -18 40 3 27 -9 26 -18 22 -20 24 3 0.761905 8 0 78 -39 100 13 6 17 80 -1 78 -26 98 -21 71 -21 74 4 0.333333 2 14 -24 -23 39 
80 5 2 0 0.96 12 15 67 14 34 16 71 17 64 15 65 18 60 22 31 24 33 18 59 24 36 22 25 16 -77 3 0.4 2 39 8 28 10 
81 5 2 0 0.25 1 16 29 3 0.979592 12 22 -27 5 79 -32 86 19 31 3 80 36 8 18 -52 6 64 24 -58 -28 87 24 -19 22 9 
82 5 2 1 0.916667 11 17 30 16 39 17 38 16 34 16 38 17 32 17 39 17 5 17 -9 17 39 17 25 3 0.592593 4 -22 91 20 14 19 -11 17 11 
83 5 2 0 0.137931 1 17 69 3 0.990099 25 -43 65 -44 33 16 13 30 40 27 -10 16 15 -4 10 -2 63 16 37 24 6 -9 65 15 -2 15 38 4 -57 -3 63 17 34 21 -39 19 38 -20 96 -21 94 -4 91 -39 86 17 87 -38 93 -41 95 
84 5 2 0 0.96 6 -2 50 16 73 -9 47 -1 41 -8 58 18 -70 3 0.4 1 1 14 
85 5 2 0 0.142857 1 -10 21 3 0.989691 24 25 77 -10 18 -2 81 26 -43 11 43 -3 91 13 -38 12 -30 -24 62 20 -52 -33 37 34 6 -42 25 -36 40 23 7 12 35 -41 22 -41 30 -21 90 -43 24 -23 11 -6 12 -6 66 -37 71 
86 5 2 0 0.875 7 -20 43 -8 23 -14 43 -15 49 -8 48 -22 84 -12 22 3 0.695652 4 -24 61 -40 95 -26 60 -35 40 
87 5 4 0 0.62069 9 18 8 14 -76 17 -10 20 -17 20 -11 19 -25 6 68 19 -12 21 6 2 0.372093 4 16 39 18 -32 17 -24 16 -31 3 0.62069 9 29 -12 22 56 21 51 36 17 -10 -88 9 -43 32 -95 19 -61 34 3 4 0.62069 9 26 -40 20 27 22 28 21 -41 24 -19 22 -42 21 34 21 39 21 -45 
88 5 4 0 0.564315 34 23 48 21 65 19 57 23 66 16 44 10 62 9 59 15 81 11 58 21 67 3 64 9 58 24 31 25 58 19 70 21 62 19 71 20 66 24 76 25 -92 -14 91 20 86 23 53 22 -92 12 52 24 88 15 81 14 74 -22 61 -24 82 -24 69 16 -90 -20 50 15 -83 2 0.152866 6 18 39 18 37 17 -22 20 -36 18 -32 19 -13 3 0.873449 88 -24 -95 38 7 41 74 26 18 35 -5 30 -67 25 -77 36 -52 24 -90 41 -26 31 41 37 -25 31 -62 36 -91 31 32 33 -82 37 -62 30 -49 -37 95 33 25 26 -97 24 -83 35 77 42 -47 -11 -72 37 11 -10 98 42 -93 -20 100 22 -76 30 -46 43 -4 31 11 11 -91 -42 98 18 98 23 85 43 13 36 -76 33 -6 44 12 32 52 40 -28 41 -41 30 -8 39 54 45 5 39 -84 37 -51 44 31 35 36 25 42 34 -20 39 6 37 59 30 100 -42 42 -7 99 36 -48 31 -9 -37 40 -44 44 41 -70 24 -83 37 37 26 -38 41 1 31 -2 30 -94 40 100 -18 100 14 42 41 -62 33 37 13 16 26 -30 -40 99 14 -85 -40 97 -28 44 -42 17 21 -94 22 -35 20 -7 20 -11 19 13 23 -38 31 -39 4 0.255814 11 22 4 19 -41 23 -11 22 44 15 42 23 -3 24 -20 -24 5 22 -44 26 -16 18 -44 
89 5 3 0 0.962025 19 20 15 20 71 12 78 23 14 25 56 21 -53 9 72 22 -56 12 53 12 80 9 80 19 69 15 69 22 78 19 76 23 -65 25 -27 25 49 7 53 3 0.285714 2 32 93 40 87 4 0.16 1 20 -33 
90 5 3 0 0.666667 4 20 47 23 -23 5 57 21 27 2 0.444444 2 18 20 20 20 3 0.8 6 23 43 34 -87 43 1 36 9 45 7 38 -43 
91 5 2 0 0.988235 21 -11 79 13 -85 15 -87 -7 79 -3 77 2 70 2 75 -15 76 2 51 2 57 -12 52 3 49 -12 49 3 59 -16 79 -6 79 -8 80 -17 77 -13 79 -20 75 -21 78 3 0.16 1 13 -39 
92 5 3 0 0.5 1 -18 75 3 0.5 1 -41 1 4 0.857143 3 -20 -38 -20 36 -22 27 
93 5 2 3 0.994475 45 39 -84 41 66 20 65 32 74 36 71 14 55 20 62 28 61 45 22 20 26 41 63 44 24 34 -8 43 -78 44 -24 35 -74 37 41 36 -23 32 -7 35 -2 20 52 -10 89 39 66 41 37 34 38 42 47 33 9 34 9 31 0 43 2 33 11 38 -7 -8 95 41 -36 40 12 29 -21 32 -45 -4 41 36 -58 19 87 24 74 19 98 32 98 30 49 34 85 4 0.0816327 1 23 44 
94 5 3 0 0.129032 1 23 -2 2 0.129032 1 21 -15 3 0.981132 26 22 54 24 23 27 18 41 -37 40 29 34 -62 38 16 36 -52 42 -45 41 -56 39 36 27 100 34 -43 23 98 37 84 31 84 41 -85 28 92 43 -82 33 -66 45 -37 42 42 34 24 44 21 37 4 10 75 
95 5 3 0 0.8 3 15 74 13 76 25 33 2 0.444444 1 20 39 3 0.666667 2 42 82 37 44 
96 5 4 0 0.444444 1 24 -72 2 0.666667 2 21 24 19 40 3 0.444444 1 31 -75 4 0.666667 2 20 -2 23 -1 
97 5 3 0 0.774194 6 -5 49 0 52 25 -70 0 55 24 -34 25 -53 2 0.64 4 21 -10 21 -24 19 -16 19 11 3 0.545455 3 -3 94 34 -80 4 65 
98 5 2 0 0.444444 2 6 50 23 -16 3 0.952381 10 33 -43 41 -39 40 49 35 43 39 14 12 65 19 63 43 -38 3 13 11 64 
99 5 3 0 0.869565 10 -2 43 17 74 20 42 15 65 11 21 5 43 14 42 6 43 11 44 17 41 2 0.363636 2 19 -38 21 -37 3 0.571429 4 36 45 32 44 41 80 -10 87 
100 5 2 0 0.988235 21 19 -66 14 0 17 -9 11 34 17 -76 12 -47 12 35 16 -23 13 -27 16 -21 14 -72 7 -34 14 -19 14 -48 15 -15 15 -77 16 3 10 -76 14 35 17 19 15 34 3 0.16 1 19 -19 
101 5 3 0 0.818182 9 9 -55 18 6 12 0 18 -70 12 5 13 -61 18 -64 9 -30 10 -6 1 0.461538 3 14 3 14 8 12 -35 3 0.625 5 34 -38 19 -23 22 -9 36 -35 16 -95 
102 5 3 0 0.470588 2 7 -68 -16 65 1 0.6 3 17 -32 17 -23 17 -2 3 0.827586 6 24 -45 24 0 25 46 -1 -31 9 19 12 37 
103 5 2 1 0.992 31 17 -4 16 -38 17 -35 17 -15 16 -6 17 -16 17 -35 17 14 14 -28 16 -12 16 4 16 -3 16 -4 17 11 15 11 16 5 15 21 16 -6 14 20 16 -37 16 0 14 23 17 0 14 -29 16 8 15 -15 14 -10 14 26 14 11 13 21 17 1 3 0.114286 1 10 -33 
104 5 2 0 0.0625 1 -8 -7 3 0.995851 60 10 -97 -18 20 2 -42 -27 67 -21 18 -33 65 -25 65 -29 61 -31 61 -27 46 -29 24 -26 12 -28 -30 -18 51 -27 -32 -17 23 -24 -37 4 -64 -18 -76 -23 -38 -23 -20 -15 -19 -22 -39 -14 -1 -21 -7 -17 -40 -43 -14 -17 0 -33 64 -13 -36 -19 -7 -22 12 -14 -46 -16 -86 -22 49 -33 38 -30 23 -26 43 -28 33 -19 11 -18 13 -22 32 -21 48 -12 -76 -20 41 -1 -28 -19 58 -10 -10 0 -30 -18 47 -19 -76 -8 -63 -8 -68 -5 -26 6 -17 5 59 0 21 8 -16 5 -40 13 -41 
105 5 3 0 0.957747 17 -16 67 -4 67 -21 59 -7 55 -3 66 -3 66 -10 66 -16 54 -9 62 -2 56 -14 54 -8 62 -5 66 -9 62 16 -92 19 -84 3 65 3 0.307692 2 -15 26 -37 -5 4 0.173913 1 -23 18 
106 5 3 0 0.470588 2 0 65 -2 54 1 0.470588 2 -14 -38 14 28 3 0.875 7 -5 -69 5 -27 12 -43 15 -30 -27 -83 18 43 -30 -83 
107 5 3 0 0.00729927 1 -23 74 1 0.982117 508 -13 -36 -13 -38 -15 -36 -7 -39 -7 -37 -16 -35 -12 -33 -15 -4 -14 -15 -11 10 -14 8 -16 -30 -15 -1 -16 -17 -16 -19 -14 -11 -7 7 -12 14 -14 -10 -12 1 -14 28 -10 29 -14 -9 -14 -11 -12 29 -16 22 -10 -16 -13 -39 -15 29 -10 -13 -12 16 -16 -35 -9 28 -16 28 -10 30 -7 9 -16 -12 -9 -33 -7 17 -15 -10 -16 -27 -15 25 -10 31 -5 8 -16 25 -16 23 -14 -36 -8 20 -8 -23 -14 7 -8 -3 -11 26 -9 -9 -8 29 -10 -32 -12 -35 -12 -2 -12 -4 -10 -8 -11 29 -4 6 -5 -29 -10 26 -11 21 -14 -1 -16 -11 -11 30 -12 -4 -11 5 -16 -2 -9 21 13 36 -16 -1 -14 -6 -15 -1 -7 29 -11 -2 -15 -10 -12 3 -14 -23 -9 5 -7 -26 -5 17 -16 -3 -4 -2 -10 -3 -8 7 -12 -7 -10 -28 -14 34 -9 -26 -5 -17 -7 19 -8 -12 -12 -19 -12 -12 -12 -22 -11 -30 -3 7 -15 3 -4 -31 -9 3 -10 -19 -10 -1 -7 6 -14 15 -12 23 -3 2 -16 -7 -10 21 -14 -4 -13 23 -13 -19 -12 -32 -11 10 -10 16 -14 19 -6 7 -8 9 -9 -19 -13 26 -10 -9 -10 2 -9 -30 -14 23 -5 3 -11 -3 -5 22 -13 -5 -8 0 -13 -28 -9 25 -6 17 -13 13 -13 11 -16 -10 -9 21 -9 14 -10 17 -13 3 -16 5 -9 6 -9 -30 -10 -31 -14 7 -9 24 -3 6 -12 -17 -13 -30 -7 20 -14 13 -5 -7 -3 -32 -15 -5 -15 -25 -16 31 -3 9 -15 9 -11 36 -12 18 -12 -1 -2 10 -16 11 -2 -10 -6 -8 -8 3 -12 32 -6 24 -16 9 -2 -2 -9 -21 -11 30 -14 -25 -4 23 -3 16 -9 -5 -9 29 -16 15 -11 3 -3 -18 -8 11 -8 14 -2 -7 -2 -30 -11 36 -12 -28 -2 2 -7 15 -16 13 -2 -31 -13 18 -6 -14 -12 35 -9 0 -16 12 -11 18 -3 4 -11 37 -7 -18 -13 7 -8 -19 -16 21 -7 -14 -6 35 -10 13 -8 -4 -9 2 -4 5 -8 -22 -15 20 -8 -26 -15 0 -10 30 -16 28 -1 -20 -10 36 -2 -6 -14 31 -2 -5 -16 7 -6 -3 -6 24 -1 -34 -3 -28 -7 -6 -1 -27 -16 17 -1 -25 -5 31 -10 31 -5 24 -5 -12 -4 6 -5 -3 -16 18 -9 36 -16 16 -6 36 -15 -36 -3 -37 -1 -12 -7 -25 0 -34 -3 23 -5 -6 -7 -12 -1 17 -3 21 -7 1 -3 10 -1 20 0 -20 -7 2 -4 -6 -4 -15 -15 10 -12 34 0 -3 -1 18 -16 36 -5 -2 0 -20 -4 -14 0 11 -6 0 -5 34 -9 36 -7 -32 -13 37 -12 36 -4 21 0 -5 -5 31 -9 33 -10 34 -4 -14 -4 -2 0 3 -1 4 0 17 -4 31 1 -7 -4 24 -6 37 -4 -9 0 17 -4 -13 -9 37 0 -32 -5 37 -7 -36 -1 11 -1 -6 -9 39 1 -2 -14 38 1 -8 2 7 -2 24 1 10 1 -7 0 25 -4 36 -2 -34 -3 33 -4 34 1 30 -1 12 0 -6 -12 36 -13 37 0 11 -15 37 -1 31 0 14 0 -1 -2 8 0 27 2 -27 -14 38 0 22 1 -34 2 8 1 17 2 -11 -16 39 1 13 0 -2 -4 -39 -1 -34 -3 29 0 -29 3 -20 1 0 1 -1 0 -8 0 -6 0 -37 2 -5 -5 -14 0 28 3 3 0 33 3 23 3 16 4 -12 4 25 2 -34 -4 -35 1 4 1 -6 0 10 3 21 3 -5 2 -26 -4 -37 1 -33 0 14 0 33 1 -6 -1 35 1 36 1 10 1 4 2 -37 3 -34 1 -18 2 11 0 -13 1 24 3 18 2 -12 2 1 2 26 0 -23 1 -1 3 -29 1 28 4 2 2 -10 2 -25 2 -5 -1 -19 2 -11 4 28 0 -22 2 -36 2 23 2 -28 6 22 3 -35 2 23 5 2 5 -2 2 -21 3 35 4 -20 3 17 -6 -39 4 -23 3 -2 2 -27 4 32 2 27 4 -13 4 27 4 33 3 -32 5 30 5 -21 4 35 -6 -33 -4 -20 -3 -39 3 -3 4 19 4 -8 5 24 4 17 -6 -34 7 1 4 21 4 13 7 -4 -6 -27 -8 -37 7 8 8 8 4 -28 5 28 5 5 6 19 -3 -20 4 -8 7 26 6 -16 5 31 6 -8 8 -3 -5 -25 5 -13 -6 -26 13 36 5 3 6 -13 2 37 7 16 8 8 -4 -25 -4 -23 7 -5 8 -22 0 -37 6 23 7 -25 5 -27 0 -25 5 13 8 -22 7 27 5 29 7 10 -4 -23 -4 -19 5 -1 -4 -21 5 0 -4 -33 6 -1 14 -21 6 -25 7 -27 -2 -23 2 -39 15 2 7 20 7 -18 6 -34 7 23 5 3 7 -7 -1 -29 9 15 9 -12 9 -10 5 5 5 -33 7 9 8 -8 -3 -30 8 -15 7 2 10 -5 9 9 8 -31 8 9 12 35 10 -11 9 29 6 -39 12 -3 11 28 13 -6 13 24 11 35 14 -14 16 25 13 28 3 0.220521 36 4 -76 -17 47 -41 -41 -16 11 -19 15 -17 -46 -18 0 -15 -7 -16 -26 -19 -41 -11 -50 -15 -93 -13 -12 -6 30 -3 53 -9 -25 -14 56 -11 35 -7 -34 -10 -5 -19 17 -6 -14 -15 -17 -30 61 -5 13 -14 9 8 -26 -6 -68 -2 -38 -10 -69 -10 18 -40 -2 15 -5 -36 -27 15 -32 -42 9 
108 5 3 0 0.980392 50 12 24 17 23 14 24 9 21 13 27 7 -7 11 29 14 -4 14 -3 16 9 9 -51 15 -58 14 18 12 12 12 -16 15 -30 11 -43 14 17 10 -47 17 18 10 -43 14 -17 13 -14 17 9 16 6 10 -7 11 -12 15 4 11 6 12 -54 13 12 13 -39 11 -13 11 -39 12 -7 15 -24 9 7 13 -29 10 -21 10 -38 7 -65 4 -29 4 -30 5 -31 7 -37 8 -49 11 -47 19 -76 18 -17 9 -22 1 0.133333 2 11 -4 13 21 3 0.133333 2 14 -70 35 -27 
109 5 3 0 0.705882 3 6 -32 18 9 8 -46 1 0.363636 1 13 -27 3 0.8 4 20 -8 18 -30 20 -20 18 21 
110 5 3 0 0.307692 3 9 -56 13 41 5 -8 1 0.952381 25 10 -24 14 -10 13 -15 13 -25 13 -17 14 17 14 25 12 10 13 -15 14 -2 9 -30 12 -21 12 -15 13 -21 12 -15 13 -21 13 -12 14 -2 12 -25 12 8 13 34 13 -3 10 -8 14 -8 10 -22 3 0.222222 2 -30 19 30 -14 
111 5 2 0 0.695652 8 -16 26 -11 34 -14 19 -21 6 -20 3 -16 -10 -16 -33 -13 21 3 0.875 14 -27 -34 31 4 16 42 -24 -37 -38 27 -32 -15 -35 3 -30 -65 -37 19 -39 14 -35 15 -25 -31 -31 -62 -25 -50 
112 5 2 0 0.148148 2 7 -67 -24 -68 3 0.989247 46 -32 -4 -27 -35 -23 -81 -41 6 -27 -16 -25 -24 -41 40 -22 -87 -32 -37 -41 9 -38 -29 -41 -73 -25 -30 -36 -66 -42 21 -34 2 -36 48 -35 5 -31 -9 -26 -10 -33 -41 -41 62 -28 1 -27 -82 -32 -30 -34 -44 -34 32 -27 -18 -30 -14 -43 -69 -28 -78 -32 -21 -23 30 -36 -33 -30 8 -23 -12 -34 71 -30 -33 -38 -81 -27 -34 -35 -28 -24 -26 -34 -28 -25 -3 -42 30 -38 15 
113 5 3 0 0.8 9 -15 17 -15 27 -17 47 -13 8 -17 28 -17 1 -15 10 -15 -4 -15 -39 1 0.606061 5 -14 -29 -14 10 -14 13 10 -32 -13 -33 3 0.533333 4 -32 -84 -34 -82 -35 -62 -42 8 
114 5 2 0 0.99115 28 7 15 -14 -31 10 8 5 -20 6 20 -17 -17 8 -19 4 -23 13 40 8 -17 4 -17 5 -42 8 -1 -17 -23 13 21 -17 -14 8 16 10 44 -16 -24 -16 -23 8 13 4 -35 3 -26 5 -26 -16 -2 5 -15 10 20 8 31 3 0.125 1 28 4 
115 5 2 0 0.571429 1 0 18 3 0.923077 3 9 42 -42 -73 -39 4 
116 5 3 0 0.685714 6 -14 0 -13 9 4 22 6 -41 14 31 5 -44 1 0.2 1 12 22 3 0.851064 10 10 -19 -39 -50 8 -84 -40 -17 28 -24 25 -12 28 0 26 1 14 -91 17 -57 
117 5 3 0 0.995781 118 -6 -5 1 3 6 17 -15 -43 3 15 -11 -5 -15 -23 -5 8 3 -24 1 -39 -11 16 0 3 -13 42 1 -29 -5 -45 -4 23 1 -38 -11 -12 -4 -8 6 -8 -14 -36 -6 2 5 5 4 -27 -15 -54 5 -16 3 -40 0 17 6 9 4 0 -6 -21 1 -4 -8 -46 -6 -37 -13 -46 -12 5 -8 -38 2 -1 -4 -17 -6 -28 -14 -34 -4 -37 9 29 1 7 -12 37 -24 -68 3 -29 -13 -45 -7 12 -24 -26 -1 5 -14 44 1 10 -14 -35 -3 21 -6 -23 -11 -20 3 -35 3 -75 5 22 -5 -32 -16 -28 -11 9 -14 -9 -17 4 -14 -33 -7 1 -6 47 -16 -4 -19 -25 -10 -14 -8 1 -8 39 3 -30 5 28 -13 -41 -12 -54 -11 -38 -6 30 -5 -18 5 35 -7 -45 -21 -30 -8 29 -14 -25 -15 -6 -13 4 -10 6 -17 -10 -14 15 -15 -1 -15 -40 -16 -23 -8 41 -15 -34 -15 -20 -21 -39 -16 -38 -12 -24 -2 7 -8 9 -4 -16 -21 -74 -15 -6 -6 4 -21 -42 -8 -67 -13 -65 -17 -46 -19 -59 -17 -41 -19 -50 -7 18 -15 -12 -5 27 -19 0 -19 -32 -11 -63 1 0.0325203 1 10 -11 3 0.0325203 1 26 -27 
118 5 3 0 0.618654 131 19 -21 7 -67 13 1 5 -73 17 -26 8 -5 2 -46 11 -25 6 -53 10 -10 13 32 8 -31 1 -37 6 40 3 -8 6 -35 12 19 -23 -14 -24 5 3 -49 3 -28 2 20 10 -61 7 14 1 -35 4 28 9 -51 -5 1 5 27 -7 7 -8 0 4 -37 1 22 -11 3 -6 -43 4 19 -9 7 2 -28 4 16 -9 -45 -11 -36 3 11 -14 3 -6 -75 -6 -4 4 -9 -15 -71 -7 -40 -8 -68 -19 9 1 23 -1 -70 -4 -42 2 -8 -8 -7 13 -74 -4 -72 -3 -72 -9 -54 -13 -10 -10 10 -1 17 -6 35 -10 -69 -4 12 -15 35 2 -20 -14 -69 -3 12 9 -18 0 13 14 -56 -13 17 -2 -67 9 -63 -3 -68 -9 -68 -11 -7 -13 -56 -9 -35 -7 -57 -11 -66 -11 -32 14 2 -5 -14 -4 30 -9 19 5 1 -22 -47 -8 29 -6 -61 -2 -20 -12 -65 -13 -11 -13 -16 11 -34 -3 -42 -4 -65 -4 -36 -13 35 2 -47 -15 -64 8 -78 -18 -34 -15 -60 -8 4 -8 -63 -13 -49 3 -55 -13 -47 -9 7 -11 -46 -11 -51 -14 -78 6 -46 -11 4 -13 -59 -11 13 -14 69 -4 -70 -4 -69 -2 -1 -5 -2 -9 -58 -16 -63 4 -56 2 -7 -3 4 -19 -50 -24 -51 7 -33 1 0.794301 223 14 -22 14 -5 11 15 12 9 10 5 10 -15 9 -1 12 34 9 -13 12 -12 10 35 10 9 8 35 10 4 10 -1 9 -19 7 35 10 17 8 -2 9 -23 8 12 10 -9 11 13 11 19 12 -33 10 33 11 4 8 -10 7 -2 10 -4 10 -7 8 5 9 -11 9 -34 9 -14 8 9 8 7 7 3 7 9 16 -13 6 4 11 13 11 11 15 14 8 -30 10 12 8 -24 9 -17 6 1 7 9 8 -7 9 22 7 -6 9 14 5 -24 6 -11 5 -6 6 -33 4 -30 5 23 2 0 7 -21 6 19 3 -30 4 -15 0 -32 4 -29 4 1 1 -13 3 -35 3 -12 2 -25 2 -2 2 -24 7 4 3 -14 1 -6 2 5 3 10 2 0 2 -10 -2 -32 4 -32 5 2 1 -15 -1 -10 9 19 -1 3 17 -33 -1 -32 3 31 0 -2 1 -11 4 9 4 -21 5 14 -4 -33 -8 -17 3 26 0 -6 -1 -7 -3 -4 2 -19 8 21 -1 19 -8 -21 -6 9 -3 -2 1 3 2 25 -13 -20 -4 -28 -12 -4 0 10 -2 -15 2 14 2 5 -5 11 -2 -1 -4 0 -5 -4 -2 -20 3 14 -1 -22 -2 -18 2 28 -6 -6 -10 -21 -4 -8 0 0 -1 25 -2 -11 -7 17 -7 2 0 -20 -13 11 -1 23 0 9 -6 8 -12 4 -2 -32 -11 4 -6 -3 -8 15 -9 17 -5 25 0 9 -7 -5 -14 1 -9 -29 -13 15 -4 10 -2 -8 -1 5 -1 4 -6 -13 -9 -25 -7 -9 -4 -9 -12 2 -14 -24 -5 1 -4 -18 -3 -16 -2 14 -2 2 -8 26 -4 -20 -5 18 1 30 -5 21 -14 -16 -7 29 -14 24 1 -32 -2 12 -3 23 -13 -7 -8 4 2 -19 -10 30 -8 -1 -11 28 -10 0 -11 0 -9 8 -8 28 -6 -10 -8 1 -8 2 -11 -3 -10 4 -11 10 -5 -5 -10 -7 -4 -7 -10 32 -11 -18 -7 -12 -8 -9 -9 19 -14 -16 -4 -9 -6 7 -7 -10 -12 14 -2 -1 -1 -27 -11 -20 -9 13 -12 11 0 20 -9 -19 -2 -19 -4 -26 -9 -11 -8 -22 -6 -21 -5 -26 -10 6 -12 33 -6 19 -10 -31 3 0.530504 100 14 46 19 -24 16 -30 12 45 12 -12 11 42 -21 76 -40 -12 14 40 21 16 -34 0 7 15 27 -5 23 -15 4 -30 15 30 -31 -92 6 -89 8 -51 7 -61 22 -31 12 2 7 -52 20 6 11 -76 22 -24 5 25 -16 -84 -41 55 -38 -4 3 -10 8 -92 1 -61 12 31 -34 -13 -39 -61 3 13 3 51 -43 -30 11 33 -37 -37 2 53 -24 -81 -21 -90 -24 9 -27 1 -19 11 -9 -44 -18 -85 -28 -77 -8 -68 -34 -34 14 -32 -17 -42 -11 -16 -3 -81 7 37 -10 -12 19 -2 -23 -34 -29 31 -9 -56 -19 -39 6 33 -1 44 8 -78 -42 16 -34 -9 15 1 -33 -9 -34 13 -31 -18 -11 -21 -24 -27 13 -17 -17 -34 -13 -25 -39 52 -20 7 -15 -25 -31 -6 -22 -43 1 4 12 -26 -19 5 -39 -7 8 30 -18 -39 0 18 -19 7 -29 -18 -14 11 -13 -11 -19 -9 -20 -7 -22 -70 -22 -3 -21 1 2 -75 -17 56 
119 5 3 0 0.762712 45 -23 -45 -18 6 0 -62 8 -26 9 -27 5 7 5 4 -18 -49 -1 -30 -7 -52 1 -29 -14 -68 -17 -61 -8 -69 -10 -69 -3 -54 -4 -30 1 -27 3 -46 1 -60 -17 -54 -11 -67 -6 -57 -3 6 -9 -57 2 -49 -18 -62 -8 -40 -9 -79 -18 -73 -21 -1 1 5 -8 -62 -7 -54 -9 -59 -3 -57 -10 -52 -16 -60 -5 -54 -13 -69 -13 -66 -9 -59 -3 -70 -6 -65 -19 9 1 0.0747664 2 -14 -35 -13 -35 3 0.821293 54 -23 12 -16 -6 -16 -61 -28 -14 -17 -34 -16 -19 -17 -37 2 20 16 -17 -17 13 -36 -89 -4 28 -3 43 -13 2 -31 -68 -9 -37 3 1 -6 -34 -11 -9 14 10 -10 -92 -6 -18 12 17 -15 25 9 -3 0 45 -33 -2 -11 -16 7 22 6 25 -3 17 7 -33 7 -87 -2 58 6 0 3 44 8 -45 -30 22 -8 -55 -13 -43 5 -42 1 -3 -31 3 -15 24 1 -24 -8 -41 -23 -52 8 22 17 4 -11 28 0 26 -43 -74 6 26 7 38 
120 5 3 0 0.842105 128 -14 68 -5 68 8 -64 6 35 6 -55 5 -63 0 -42 10 -57 10 -67 7 44 4 -3 2 -16 5 -59 10 38 6 -44 -5 72 5 -48 10 -56 9 -38 12 -33 0 70 8 -68 5 -2 6 -39 7 -61 15 -3 -24 -79 10 32 8 -37 -1 -28 5 -41 -11 8 -21 -2 -16 32 -10 10 -16 44 -21 -42 -24 -39 -17 8 -20 -10 -10 10 -16 14 -9 0 -10 -34 -10 2 -13 2 -7 46 -11 -32 -11 -68 -14 -38 -13 -64 -6 14 -8 34 -13 8 -7 12 -13 -21 -16 -65 -8 37 -13 7 -11 -4 -10 43 -8 33 -7 -14 -9 47 -17 -59 -11 42 -13 -62 -4 14 -7 -23 -3 4 -3 8 -20 -66 -10 15 -5 41 -2 4 -9 -18 -19 -64 -10 -12 -9 -43 -10 45 1 42 -7 -12 -8 -34 -3 38 -5 -20 -13 -48 0 5 -16 -21 -4 -65 -5 -43 -16 -29 4 -35 -10 -63 1 -65 -4 -55 6 12 2 4 -14 -42 6 40 3 14 -2 -43 -2 44 -5 -35 0 9 3 4 -4 -58 4 -24 10 7 -7 -68 -4 -34 6 -22 -3 -9 -2 -54 0 -57 2 43 -1 -31 3 -59 2 -14 8 -37 2 -40 0 -9 1 -66 7 -55 -12 70 5 -39 13 -61 9 16 12 -61 1 0.457478 39 10 -24 8 -34 5 -31 5 18 -13 -15 -13 24 -13 -18 -13 35 -11 -4 -8 -29 -13 29 -9 -10 -3 -34 -14 33 -9 25 -4 -24 0 -31 -8 -19 -5 27 -6 28 -2 10 -2 18 -2 6 2 -19 -3 25 -3 24 -3 27 -1 -7 -2 24 0 -22 -3 26 -2 -5 1 -19 -2 31 1 23 5 -10 1 35 4 28 4 35 3 0.577215 57 14 -20 6 -14 8 1 10 -64 11 -12 6 39 3 -24 -5 81 -41 -56 -27 4 2 -37 -26 28 17 54 -19 -23 -17 2 -42 57 -10 -31 -25 -41 -21 39 -42 -81 -26 29 -28 -25 -7 -50 4 -84 -28 0 -24 -10 -9 -12 -24 -1 -21 5 -23 32 -12 18 2 4 6 14 5 -5 -13 4 13 11 -20 18 1 -27 0 -20 10 -22 3 40 -13 16 -23 31 -26 -63 -1 -3 -23 29 -20 39 -25 35 3 -34 23 -42 -26 24 9 -60 4 -33 -4 -29 5 -36 9 -3 -30 24 
121 5 3 0 0.275862 2 0 -51 6 -51 1 0.275862 2 -3 -20 -5 -27 3 0.95 19 14 10 22 13 12 -4 3 38 7 -14 17 -23 13 -24 -5 17 -5 12 4 -30 23 -24 9 -34 4 -37 5 -91 9 8 12 17 -43 11 -43 -22 -40 -33 
122 5 3 0 0.666667 3 12 -55 21 11 15 -69 1 0.761905 4 14 -30 16 -31 17 -26 14 -35 3 0.533333 2 22 -24 11 -71 
123 5 3 0 0.0701754 1 -19 3 1 0.0701754 1 -12 -16 3 0.990476 52 -28 -42 -36 -84 -21 -13 -26 -64 -21 53 -13 -21 -9 -23 -35 32 -11 -18 -12 9 -12 33 -12 -9 -9 -48 -4 -37 -9 -30 -6 -8 -23 -16 -10 26 -5 -32 -10 58 -7 -55 -8 0 -32 22 -7 -57 -2 34 -31 -32 -17 -30 -7 -9 1 28 -21 -90 -3 8 -1 0 -2 2 3 28 5 10 -12 77 -11 77 -23 80 -15 84 -29 85 -25 84 -7 32 -13 27 -30 9 -5 -47 -18 79 -14 40 5 41 2 -16 -2 -9 7 -16 2 -45 
124 5 2 0 0.941176 4 -4 -81 -5 -87 -2 -81 8 -71 3 0.5 1 15 1 
125 5 2 0 0.992701 34 -21 -81 -15 -75 -16 -72 -10 -74 13 -82 9 -83 -6 -73 -12 -74 7 -74 5 -75 -3 -72 3 -83 -9 -81 3 -73 6 -72 -4 -73 8 -72 3 -82 -6 -73 -7 66 -1 -85 19 -81 -2 -74 -8 67 -7 76 4 -85 9 -85 -8 74 1 71 12 -85 -5 64 0 -86 -4 -77 -11 -90 3 0.105263 1 4 -8 
126 5 4 0 0.872727 12 -9 -77 -11 -86 -17 64 -22 71 -17 69 -3 -90 -11 -88 -5 -87 -17 -91 -11 -91 24 -91 12 -92 1 0.181818 1 -4 -24 2 0.181818 1 13 -43 3 0.588235 5 15 -96 14 -96 -1 -37 6 -96 5 -95 
127 5 3 0 0.631579 3 -12 -84 -22 -86 -18 -79 1 0.307692 1 -5 -35 3 0.857143 6 1 -85 12 -8 -33 -97 -41 -96 -42 -97 -33 -38 
128 5 3 0 0.0272109 1 8 56 1 0.977778 132 14 -22 16 -6 15 -15 15 12 12 -21 15 14 15 3 15 9 17 9 15 9 14 -9 16 -19 14 -27 15 10 16 -27 13 -6 12 -29 14 7 14 -1 13 -7 12 -31 13 -8 11 -32 16 6 15 -10 13 -5 15 -18 14 -7 11 -9 12 -13 13 3 13 4 12 -30 13 12 13 -13 10 1 9 -28 13 -8 13 2 12 -27 10 -1 11 0 14 18 12 6 15 13 13 -15 13 7 11 31 15 14 14 13 11 -27 12 -23 13 -9 11 10 14 12 13 -22 13 -12 12 -15 14 4 9 12 10 32 8 -26 11 18 12 2 10 10 13 -18 11 15 9 -28 12 8 14 8 9 30 10 -20 10 0 11 -1 11 -12 8 20 8 13 13 19 8 -12 10 12 13 13 10 -16 12 3 9 29 9 36 12 4 11 19 10 3 10 38 12 29 13 12 13 -16 10 23 12 26 9 -7 11 34 9 14 11 3 8 19 11 33 8 -10 8 36 8 30 9 2 8 28 7 21 6 35 7 29 7 29 8 32 8 26 5 38 8 33 13 -29 15 -33 9 -37 9 4 11 -32 11 -20 12 21 11 -34 9 -36 12 -35 13 -33 8 -37 9 -37 12 -39 10 -36 14 -38 7 -6 8 -27 11 27 3 0.248588 11 -4 30 0 -24 17 -25 14 -20 3 10 -2 20 9 9 5 -52 -31 74 2 8 14 -28 
129 5 2 0 0.869565 10 -13 17 -9 16 -20 -7 -19 -15 -8 -1 -9 12 -6 8 -5 14 -9 -20 -13 -18 3 0.705882 6 5 9 -4 -51 -41 -13 -42 -3 -37 -19 -33 -73 
130 5 2 1 0.0727273 1 7 38 3 0.995122 51 -4 -83 0 -37 -16 -4 -25 -67 -10 -27 6 -16 -20 8 -2 -15 -9 -63 -8 7 -6 36 -8 11 -13 19 -10 -31 -33 -30 1 41 -30 -14 1 -65 -29 -31 -11 -78 -30 30 -3 -29 4 -4 16 -4 -9 -10 -8 -17 -7 -9 -11 -23 -2 -16 0 -1 5 43 0 45 -5 -37 -7 -27 -15 -58 0 -37 -3 -70 -17 -80 11 -10 -2 -89 7 -38 3 -8 -14 26 -2 31 -34 -58 -37 -43 -5 -39 -10 30 -42 -99 3 -24 -13 -86 
131 5 3 0 0.8 5 -16 71 -17 72 -13 59 -24 59 -23 68 3 0.307692 1 -27 -79 4 0.727273 4 -19 -35 -19 -33 -19 -31 -23 22 
132 5 2 2 0.952381 5 10 -38 14 -44 1 -39 10 -43 5 -41 4 0.444444 1 11 -45 
133 5 2 2 0.166667 1 11 -45 4 0.987654 20 19 -43 23 -44 13 -45 17 -43 1 -38 -5 -45 9 -44 -14 -43 12 -43 11 -40 8 -44 13 -43 -11 -43 17 -40 19 -41 10 -44 5 -43 10 -42 13 -44 7 -40 
134 5 2 2 0.888889 2 -3 -43 5 -40 4 0.666667 1 8 -40 
135 5 2 2 0.96 12 10 -49 14 -49 14 -53 -1 -49 1 -43 2 -44 12 -49 -2 -51 8 -48 11 -49 -2 -53 -3 -53 4 0.4 2 -3 -44 -4 -44 
136 5 2 2 0.166667 2 -3 -38 -5 -41 4 0.987654 40 -15 9 -13 25 -13 -41 4 -42 1 -45 -9 -45 -24 7 -22 -43 7 -38 -18 -43 -25 -41 -22 -34 -22 -12 -15 33 -16 -8 -15 7 -16 -13 -16 9 -18 21 -13 -6 -14 28 -25 -36 -14 34 -15 30 -8 -39 -7 -7 -22 -39 -1 -41 -4 -41 -6 -41 3 -40 -19 -41 -3 -43 1 -38 -25 -41 -2 -38 -17 -38 5 -39 -11 -41 0 -36 
137 5 2 0 0.121212 1 14 13 3 0.991453 29 25 47 34 -14 31 -42 13 42 25 -46 17 13 19 -31 -43 -17 25 -27 12 -49 13 -16 15 27 14 15 14 -18 24 -38 19 18 -34 72 18 -34 25 34 21 -40 23 -82 3 36 15 38 16 34 -27 34 12 -13 22 16 -38 69 23 -92 
138 5 3 2 0.285714 1 -12 -42 3 0.285714 1 -42 -38 4 0.947368 9 -11 -38 -6 -37 -8 -44 -9 -45 -15 -44 -23 31 -24 23 -21 9 -19 15 
139 5 2 2 0.551724 4 -6 -31 -13 -42 -18 -42 -9 -43 4 0.928571 13 -10 -44 -22 -38 -8 -37 1 -40 -16 -37 -18 -36 -12 -16 -21 -42 -11 -39 -22 -40 -19 -29 -19 -20 -18 -21 
140 5 2 2 0.969697 8 -11 -40 -20 -39 -6 -16 -8 -17 -10 -19 -8 -29 -8 -28 4 -42 4 0.333333 1 -1 -41 
141 5 2 2 0.990099 25 -3 -47 8 -45 -8 -42 4 -52 -8 -44 -6 -44 -17 -44 -20 -42 -10 -42 -13 -41 1 -48 -13 -42 5 -45 -13 -48 4 -51 -9 -43 5 -43 -5 -43 -3 -41 0 -47 -17 -42 -15 -43 -7 -53 3 -51 4 -44 4 0.137931 1 -22 -44 
142 5 2 2 0.727273 2 -6 -42 1 -45 4 0.857143 3 -14 -41 -20 -44 -19 -41 
