10 131 0
0 0 -1 12 11 0 12 39 28 6 9 32 -2343 
1 1 -1 14 4 0 2 43 16 3 11 32 -2270 
2 1 -1 17 4 14 9 41 44 4 2 32 1004 
3 2 -1 22 16 15 16 43 35 1 2 32 6467 
4 2 -1 20 4 4 8 27 27 9 12 32 -5754 
5 2 -1 15 3 6 9 36 14 4 28 32 -26 
6 2 -1 15 5 22 7 43 41 3 5 32 4145 
7 3 -1 2 8 19 9 46 26 1 15 32 -3082 
8 3 2 0 0 0 0 0 0 0 0 0 0 
9 3 -1 22 17 7 2 39 22 4 23 32 -7345 
10 3 -1 4 6 18 0 29 44 18 1 32 -1054 
11 3 -1 13 5 11 13 45 23 2 17 32 -1451 
12 3 -1 15 0 5 0 46 24 1 18 32 -1340 
13 3 -1 10 10 0 4 44 35 3 8 32 -896 
14 3 -1 0 0 1 2 33 25 9 6 32 -1384 
15 4 0 0 0 0 0 0 0 0 0 0 0 
16 4 1 0 0 0 0 0 0 0 0 0 0 
17 4 0 0 0 0 0 0 0 0 0 0 0 
18 4 0 0 0 0 0 0 0 0 0 0 0 
19 4 -1 15 14 16 18 42 34 2 5 32 22584 
20 4 -1 22 7 12 0 35 25 8 1 32 -730 
21 4 -1 0 0 5 16 36 39 2 2 32 -396 
22 4 -1 9 0 1 14 26 44 13 2 32 -483 
23 4 -1 14 34 0 0 43 1 0 0 12 -8 
24 4 -1 19 5 0 0 34 45 0 0 18 -4 
25 4 -1 43 2 0 0 42 34 0 0 6 8 
26 4 -1 3 36 0 0 26 14 0 0 3 -7 
27 4 -1 1 12 0 0 34 47 0 0 17 17 
28 4 -1 22 4 17 1 40 11 3 12 32 -482 
29 4 -1 19 13 17 1 42 25 4 14 32 -1421 
30 4 -1 0 2 9 21 37 43 3 2 32 5033 
31 5 0 0 0 0 0 0 0 0 0 0 0 
32 5 0 0 0 0 0 0 0 0 0 0 0 
33 5 0 0 0 0 0 0 0 0 0 0 0 
34 5 0 0 0 0 0 0 0 0 0 0 0 
35 5 0 0 0 0 0 0 0 0 0 0 0 
36 5 0 0 0 0 0 0 0 0 0 0 0 
37 5 0 0 0 0 0 0 0 0 0 0 0 
38 5 0 0 0 0 0 0 0 0 0 0 0 
39 5 -1 4 7 5 5 20 33 23 11 32 -26211 
40 5 -1 3 11 11 17 36 38 3 4 32 14493 
41 5 -1 8 2 5 18 37 29 1 5 32 11258 
42 5 -1 4 12 1 22 20 36 1 2 32 340 
43 5 -1 41 18 0 0 24 46 0 0 6 -2 
44 5 -1 21 13 10 7 45 31 2 4 32 -767 
45 5 -1 2 22 5 5 21 38 10 5 32 -791 
46 5 -1 19 10 2 0 40 31 5 2 32 -706 
47 5 49 0 0 0 0 0 0 0 0 0 0 
48 5 50 0 0 0 0 0 0 0 0 0 0 
49 5 -1 16 3 1 6 35 46 9 1 32 -165 
50 5 -1 14 35 0 0 19 11 0 0 3 60 
51 5 -1 2 5 0 0 25 17 0 0 2 -13 
52 5 66 0 0 0 0 0 0 0 0 0 0 
53 5 -1 1 0 0 0 34 25 0 0 18 22 
54 5 -1 39 7 0 0 23 4 0 0 0 7 
55 5 -1 15 1 6 16 21 22 13 1 32 1898 
56 5 -1 6 0 16 12 43 24 2 2 32 4486 
57 5 96 0 0 0 0 0 0 0 0 0 0 
58 5 -1 19 11 3 22 39 42 5 4 32 749 
59 5 -1 5 8 6 7 44 43 1 2 32 1373 
60 5 -1 13 11 15 17 43 32 4 6 32 9663 
61 5 -1 14 21 22 8 39 30 1 5 32 4440 
62 5 -1 7 4 21 9 34 17 9 26 32 4936 
63 6 0 0 0 0 0 0 0 0 0 0 0 
64 6 0 0 0 0 0 0 0 0 0 0 0 
65 6 0 0 0 0 0 0 0 0 0 0 0 
66 6 0 0 0 0 0 0 0 0 0 0 0 
67 6 0 0 0 0 0 0 0 0 0 0 0 
68 6 0 0 0 0 0 0 0 0 0 0 0 
69 6 0 0 0 0 0 0 0 0 0 0 0 
70 6 0 0 0 0 0 0 0 0 0 0 0 
71 6 0 0 0 0 0 0 0 0 0 0 0 
72 6 0 0 0 0 0 0 0 0 0 0 0 
73 6 0 0 0 0 0 0 0 0 0 0 0 
74 6 0 0 0 0 0 0 0 0 0 0 0 
75 6 0 0 0 0 0 0 0 0 0 0 0 
76 6 0 0 0 0 0 0 0 0 0 0 0 
77 6 0 0 0 0 0 0 0 0 0 0 0 
78 6 0 0 0 0 0 0 0 0 0 0 0 
79 6 3 0 0 0 0 0 0 0 0 0 0 
80 6 -1 46 28 0 0 8 29 0 0 16 -12 
81 6 12 0 0 0 0 0 0 0 0 0 0 
82 6 -1 5 16 20 12 40 46 5 1 32 22354 
83 6 -1 17 6 11 0 46 41 1 2 32 -356 
84 6 26 0 0 0 0 0 0 0 0 0 0 
85 6 27 0 0 0 0 0 0 0 0 0 0 
86 6 -1 0 5 2 19 23 35 20 5 32 -9162 
87 6 33 0 0 0 0 0 0 0 0 0 0 
88 6 34 0 0 0 0 0 0 0 0 0 0 
89 6 35 0 0 0 0 0 0 0 0 0 0 
90 6 36 0 0 0 0 0 0 0 0 0 0 
91 6 37 0 0 0 0 0 0 0 0 0 0 
92 6 38 0 0 0 0 0 0 0 0 0 0 
93 6 -1 44 23 0 0 1 45 0 0 17 -1 
94 6 -1 23 42 0 0 41 13 0 0 8 -9 
95 6 0 0 0 0 0 0 0 0 0 0 0 
96 6 0 0 0 0 0 0 0 0 0 0 0 
97 6 0 0 0 0 0 0 0 0 0 0 0 
98 6 0 0 0 0 0 0 0 0 0 0 0 
99 6 51 0 0 0 0 0 0 0 0 0 0 
100 6 -1 19 16 7 1 29 27 15 13 32 -92 
101 6 -1 10 6 0 0 18 23 0 0 1 8 
102 6 63 0 0 0 0 0 0 0 0 0 0 
103 6 64 0 0 0 0 0 0 0 0 0 0 
104 6 65 0 0 0 0 0 0 0 0 0 0 
105 6 0 0 0 0 0 0 0 0 0 0 0 
106 6 0 0 0 0 0 0 0 0 0 0 0 
107 6 -1 0 40 0 0 25 16 0 0 3 -32 
108 6 -1 20 3 4 8 25 13 22 26 32 -1548 
109 6 -1 15 35 0 0 46 26 0 0 14 -3 
110 6 -1 42 38 0 0 17 25 0 0 0 1 
111 6 -1 14 34 0 0 15 7 0 0 2 -21 
112 6 92 0 0 0 0 0 0 0 0 0 0 
113 6 -1 22 43 0 0 31 44 0 0 16 -34 
114 6 95 0 0 0 0 0 0 0 0 0 0 
115 6 0 0 0 0 0 0 0 0 0 0 0 
116 6 0 0 0 0 0 0 0 0 0 0 0 
117 6 97 0 0 0 0 0 0 0 0 0 0 
118 6 98 0 0 0 0 0 0 0 0 0 0 
119 6 -1 5 38 0 0 24 34 0 0 1 7 
120 6 -1 16 7 13 6 32 28 14 5 32 801 
121 6 -1 5 10 5 9 18 38 4 9 32 779 
122 6 -1 21 18 5 21 31 44 3 1 32 4811 
123 6 -1 7 18 0 0 42 32 0 0 16 29 
124 6 127 0 0 0 0 0 0 0 0 0 0 
125 6 128 0 0 0 0 0 0 0 0 0 0 
126 6 -1 10 20 15 19 44 43 2 1 32 18044 
127 7 0 0 0 0 0 0 0 0 0 0 0 
128 7 0 0 0 0 0 0 0 0 0 0 0 
129 7 0 0 0 0 0 0 0 0 0 0 0 
130 7 0 0 0 0 0 0 0 0 0 0 0 
131 7 0 0 0 0 0 0 0 0 0 0 0 
132 7 0 0 0 0 0 0 0 0 0 0 0 
133 7 0 0 0 0 0 0 0 0 0 0 0 
134 7 0 0 0 0 0 0 0 0 0 0 0 
135 7 0 0 0 0 0 0 0 0 0 0 0 
136 7 0 0 0 0 0 0 0 0 0 0 0 
137 7 0 0 0 0 0 0 0 0 0 0 0 
138 7 0 0 0 0 0 0 0 0 0 0 0 
139 7 0 0 0 0 0 0 0 0 0 0 0 
140 7 0 0 0 0 0 0 0 0 0 0 0 
141 7 0 0 0 0 0 0 0 0 0 0 0 
142 7 0 0 0 0 0 0 0 0 0 0 0 
143 7 0 0 0 0 0 0 0 0 0 0 0 
144 7 0 0 0 0 0 0 0 0 0 0 0 
145 7 0 0 0 0 0 0 0 0 0 0 0 
146 7 0 0 0 0 0 0 0 0 0 0 0 
147 7 0 0 0 0 0 0 0 0 0 0 0 
148 7 0 0 0 0 0 0 0 0 0 0 0 
149 7 0 0 0 0 0 0 0 0 0 0 0 
150 7 0 0 0 0 0 0 0 0 0 0 0 
151 7 0 0 0 0 0 0 0 0 0 0 0 
152 7 0 0 0 0 0 0 0 0 0 0 0 
153 7 0 0 0 0 0 0 0 0 0 0 0 
154 7 0 0 0 0 0 0 0 0 0 0 0 
155 7 0 0 0 0 0 0 0 0 0 0 0 
156 7 0 0 0 0 0 0 0 0 0 0 0 
157 7 0 0 0 0 0 0 0 0 0 0 0 
158 7 0 0 0 0 0 0 0 0 0 0 0 
159 7 0 0 0 0 0 0 0 0 0 0 0 
160 7 0 0 0 0 0 0 0 0 0 0 0 
161 7 -1 1 2 9 11 44 24 2 21 32 -3958 
162 7 -1 28 13 0 0 12 31 0 0 18 -7 
163 7 0 0 0 0 0 0 0 0 0 0 0 
164 7 0 0 0 0 0 0 0 0 0 0 0 
165 7 -1 13 13 0 0 37 37 0 0 3 13 
166 7 15 0 0 0 0 0 0 0 0 0 0 
167 7 -1 46 35 0 0 28 35 0 0 5 -47 
168 7 -1 19 5 1 1 23 45 10 2 32 -69 
169 7 0 0 0 0 0 0 0 0 0 0 0 
170 7 0 0 0 0 0 0 0 0 0 0 0 
171 7 0 0 0 0 0 0 0 0 0 0 0 
172 7 0 0 0 0 0 0 0 0 0 0 0 
173 7 28 0 0 0 0 0 0 0 0 0 0 
174 7 -1 28 9 0 0 11 0 0 0 14 -20 
175 7 0 0 0 0 0 0 0 0 0 0 0 
176 7 0 0 0 0 0 0 0 0 0 0 0 
177 7 0 0 0 0 0 0 0 0 0 0 0 
178 7 0 0 0 0 0 0 0 0 0 0 0 
179 7 0 0 0 0 0 0 0 0 0 0 0 
180 7 0 0 0 0 0 0 0 0 0 0 0 
181 7 0 0 0 0 0 0 0 0 0 0 0 
182 7 0 0 0 0 0 0 0 0 0 0 0 
183 7 0 0 0 0 0 0 0 0 0 0 0 
184 7 0 0 0 0 0 0 0 0 0 0 0 
185 7 0 0 0 0 0 0 0 0 0 0 0 
186 7 0 0 0 0 0 0 0 0 0 0 0 
187 7 -1 14 20 0 12 25 38 12 6 32 -1369 
188 7 -1 23 15 0 0 41 45 0 0 1 5 
189 7 47 0 0 0 0 0 0 0 0 0 0 
190 7 48 0 0 0 0 0 0 0 0 0 0 
191 7 0 0 0 0 0 0 0 0 0 0 0 
192 7 0 0 0 0 0 0 0 0 0 0 0 
193 7 0 0 0 0 0 0 0 0 0 0 0 
194 7 0 0 0 0 0 0 0 0 0 0 0 
195 7 0 0 0 0 0 0 0 0 0 0 0 
196 7 0 0 0 0 0 0 0 0 0 0 0 
197 7 0 0 0 0 0 0 0 0 0 0 0 
198 7 0 0 0 0 0 0 0 0 0 0 0 
199 7 0 0 0 0 0 0 0 0 0 0 0 
200 7 0 0 0 0 0 0 0 0 0 0 0 
201 7 -1 1 31 0 0 8 30 0 0 1 0 
202 7 54 0 0 0 0 0 0 0 0 0 0 
203 7 -1 6 16 0 0 32 28 0 0 5 -3 
204 7 -1 22 9 0 0 0 19 0 0 2 -14 
205 7 0 0 0 0 0 0 0 0 0 0 0 
206 7 0 0 0 0 0 0 0 0 0 0 0 
207 7 0 0 0 0 0 0 0 0 0 0 0 
208 7 0 0 0 0 0 0 0 0 0 0 0 
209 7 0 0 0 0 0 0 0 0 0 0 0 
210 7 0 0 0 0 0 0 0 0 0 0 0 
211 7 0 0 0 0 0 0 0 0 0 0 0 
212 7 0 0 0 0 0 0 0 0 0 0 0 
213 7 0 0 0 0 0 0 0 0 0 0 0 
214 7 0 0 0 0 0 0 0 0 0 0 0 
215 7 -1 17 11 10 13 41 41 5 5 32 -136 
216 7 -1 45 9 0 0 22 13 0 0 8 41 
217 7 74 0 0 0 0 0 0 0 0 0 0 
218 7 -1 0 44 0 0 39 34 0 0 2 -8 
219 7 -1 2 43 0 0 24 18 0 0 17 4 
220 7 -1 47 15 0 0 23 35 0 0 10 20 
221 7 83 0 0 0 0 0 0 0 0 0 0 
222 7 -1 7 17 0 0 38 23 0 0 18 14 
223 7 87 0 0 0 0 0 0 0 0 0 0 
224 7 -1 2 15 7 10 15 46 20 1 32 862 
225 7 0 0 0 0 0 0 0 0 0 0 0 
226 7 0 0 0 0 0 0 0 0 0 0 0 
227 7 93 0 0 0 0 0 0 0 0 0 0 
228 7 94 0 0 0 0 0 0 0 0 0 0 
229 7 0 0 0 0 0 0 0 0 0 0 0 
230 7 0 0 0 0 0 0 0 0 0 0 0 
231 7 0 0 0 0 0 0 0 0 0 0 0 
232 7 0 0 0 0 0 0 0 0 0 0 0 
233 7 0 0 0 0 0 0 0 0 0 0 0 
234 7 0 0 0 0 0 0 0 0 0 0 0 
235 7 0 0 0 0 0 0 0 0 0 0 0 
236 7 0 0 0 0 0 0 0 0 0 0 0 
237 7 0 0 0 0 0 0 0 0 0 0 0 
238 7 0 0 0 0 0 0 0 0 0 0 0 
239 7 -1 12 18 18 0 46 42 1 3 32 -227 
240 7 -1 3 13 5 13 38 39 1 6 32 -217 
241 7 108 0 0 0 0 0 0 0 0 0 0 
242 7 109 0 0 0 0 0 0 0 0 0 0 
243 7 -1 24 4 0 0 2 27 0 0 18 16 
244 7 -1 6 14 20 3 37 46 7 1 32 1819 
245 7 -1 16 9 6 6 40 17 2 24 32 241 
246 7 -1 11 14 6 20 33 37 11 9 32 9825 
247 7 -1 39 46 0 0 37 24 0 0 0 0 
248 7 126 0 0 0 0 0 0 0 0 0 0 
249 7 0 0 0 0 0 0 0 0 0 0 0 
250 7 0 0 0 0 0 0 0 0 0 0 0 
251 7 0 0 0 0 0 0 0 0 0 0 0 
252 7 0 0 0 0 0 0 0 0 0 0 0 
253 7 129 0 0 0 0 0 0 0 0 0 0 
254 7 130 0 0 0 0 0 0 0 0 0 0 
255 8 0 0 0 0 0 0 0 0 0 0 0 
256 8 0 0 0 0 0 0 0 0 0 0 0 
257 8 0 0 0 0 0 0 0 0 0 0 0 
258 8 0 0 0 0 0 0 0 0 0 0 0 
259 8 0 0 0 0 0 0 0 0 0 0 0 
260 8 0 0 0 0 0 0 0 0 0 0 0 
261 8 0 0 0 0 0 0 0 0 0 0 0 
262 8 0 0 0 0 0 0 0 0 0 0 0 
263 8 0 0 0 0 0 0 0 0 0 0 0 
264 8 0 0 0 0 0 0 0 0 0 0 0 
265 8 0 0 0 0 0 0 0 0 0 0 0 
266 8 0 0 0 0 0 0 0 0 0 0 0 
267 8 0 0 0 0 0 0 0 0 0 0 0 
268 8 0 0 0 0 0 0 0 0 0 0 0 
269 8 0 0 0 0 0 0 0 0 0 0 0 
270 8 0 0 0 0 0 0 0 0 0 0 0 
271 8 0 0 0 0 0 0 0 0 0 0 0 
272 8 0 0 0 0 0 0 0 0 0 0 0 
273 8 0 0 0 0 0 0 0 0 0 0 0 
274 8 0 0 0 0 0 0 0 0 0 0 0 
275 8 0 0 0 0 0 0 0 0 0 0 0 
276 8 0 0 0 0 0 0 0 0 0 0 0 
277 8 0 0 0 0 0 0 0 0 0 0 0 
278 8 0 0 0 0 0 0 0 0 0 0 0 
279 8 0 0 0 0 0 0 0 0 0 0 0 
280 8 0 0 0 0 0 0 0 0 0 0 0 
281 8 0 0 0 0 0 0 0 0 0 0 0 
282 8 0 0 0 0 0 0 0 0 0 0 0 
283 8 0 0 0 0 0 0 0 0 0 0 0 
284 8 0 0 0 0 0 0 0 0 0 0 0 
285 8 0 0 0 0 0 0 0 0 0 0 0 
286 8 0 0 0 0 0 0 0 0 0 0 0 
287 8 0 0 0 0 0 0 0 0 0 0 0 
288 8 0 0 0 0 0 0 0 0 0 0 0 
289 8 0 0 0 0 0 0 0 0 0 0 0 
290 8 0 0 0 0 0 0 0 0 0 0 0 
291 8 0 0 0 0 0 0 0 0 0 0 0 
292 8 0 0 0 0 0 0 0 0 0 0 0 
293 8 0 0 0 0 0 0 0 0 0 0 0 
294 8 0 0 0 0 0 0 0 0 0 0 0 
295 8 0 0 0 0 0 0 0 0 0 0 0 
296 8 0 0 0 0 0 0 0 0 0 0 0 
297 8 0 0 0 0 0 0 0 0 0 0 0 
298 8 0 0 0 0 0 0 0 0 0 0 0 
299 8 0 0 0 0 0 0 0 0 0 0 0 
300 8 0 0 0 0 0 0 0 0 0 0 0 
301 8 0 0 0 0 0 0 0 0 0 0 0 
302 8 0 0 0 0 0 0 0 0 0 0 0 
303 8 0 0 0 0 0 0 0 0 0 0 0 
304 8 0 0 0 0 0 0 0 0 0 0 0 
305 8 0 0 0 0 0 0 0 0 0 0 0 
306 8 0 0 0 0 0 0 0 0 0 0 0 
307 8 0 0 0 0 0 0 0 0 0 0 0 
308 8 0 0 0 0 0 0 0 0 0 0 0 
309 8 0 0 0 0 0 0 0 0 0 0 0 
310 8 0 0 0 0 0 0 0 0 0 0 0 
311 8 0 0 0 0 0 0 0 0 0 0 0 
312 8 0 0 0 0 0 0 0 0 0 0 0 
313 8 0 0 0 0 0 0 0 0 0 0 0 
314 8 0 0 0 0 0 0 0 0 0 0 0 
315 8 0 0 0 0 0 0 0 0 0 0 0 
316 8 0 0 0 0 0 0 0 0 0 0 0 
317 8 0 0 0 0 0 0 0 0 0 0 0 
318 8 0 0 0 0 0 0 0 0 0 0 0 
319 8 0 0 0 0 0 0 0 0 0 0 0 
320 8 0 0 0 0 0 0 0 0 0 0 0 
321 8 0 0 0 0 0 0 0 0 0 0 0 
322 8 0 0 0 0 0 0 0 0 0 0 0 
323 8 -1 44 29 0 0 36 22 0 0 17 2 
324 8 -1 17 20 7 16 36 40 6 1 32 1267 
325 8 10 0 0 0 0 0 0 0 0 0 0 
326 8 11 0 0 0 0 0 0 0 0 0 0 
327 8 0 0 0 0 0 0 0 0 0 0 0 
328 8 0 0 0 0 0 0 0 0 0 0 0 
329 8 0 0 0 0 0 0 0 0 0 0 0 
330 8 0 0 0 0 0 0 0 0 0 0 0 
331 8 13 0 0 0 0 0 0 0 0 0 0 
332 8 14 0 0 0 0 0 0 0 0 0 0 
333 8 0 0 0 0 0 0 0 0 0 0 0 
334 8 0 0 0 0 0 0 0 0 0 0 0 
335 8 16 0 0 0 0 0 0 0 0 0 0 
336 8 -1 4 1 0 18 26 38 4 4 32 -1468 
337 8 -1 5 11 0 0 23 4 0 0 15 -26 
338 8 -1 11 16 10 0 38 26 7 5 32 -3970 
339 8 0 0 0 0 0 0 0 0 0 0 0 
340 8 0 0 0 0 0 0 0 0 0 0 0 
341 8 0 0 0 0 0 0 0 0 0 0 0 
342 8 0 0 0 0 0 0 0 0 0 0 0 
343 8 0 0 0 0 0 0 0 0 0 0 0 
344 8 0 0 0 0 0 0 0 0 0 0 0 
345 8 0 0 0 0 0 0 0 0 0 0 0 
346 8 0 0 0 0 0 0 0 0 0 0 0 
347 8 0 0 0 0 0 0 0 0 0 0 0 
348 8 0 0 0 0 0 0 0 0 0 0 0 
349 8 -1 8 19 5 10 35 43 11 1 32 4966 
350 8 -1 11 0 0 0 28 43 0 0 8 -12 
351 8 0 0 0 0 0 0 0 0 0 0 0 
352 8 0 0 0 0 0 0 0 0 0 0 0 
353 8 0 0 0 0 0 0 0 0 0 0 0 
354 8 0 0 0 0 0 0 0 0 0 0 0 
355 8 0 0 0 0 0 0 0 0 0 0 0 
356 8 0 0 0 0 0 0 0 0 0 0 0 
357 8 0 0 0 0 0 0 0 0 0 0 0 
358 8 0 0 0 0 0 0 0 0 0 0 0 
359 8 0 0 0 0 0 0 0 0 0 0 0 
360 8 0 0 0 0 0 0 0 0 0 0 0 
361 8 0 0 0 0 0 0 0 0 0 0 0 
362 8 0 0 0 0 0 0 0 0 0 0 0 
363 8 0 0 0 0 0 0 0 0 0 0 0 
364 8 0 0 0 0 0 0 0 0 0 0 0 
365 8 0 0 0 0 0 0 0 0 0 0 0 
366 8 0 0 0 0 0 0 0 0 0 0 0 
367 8 0 0 0 0 0 0 0 0 0 0 0 
368 8 0 0 0 0 0 0 0 0 0 0 0 
369 8 0 0 0 0 0 0 0 0 0 0 0 
370 8 0 0 0 0 0 0 0 0 0 0 0 
371 8 0 0 0 0 0 0 0 0 0 0 0 
372 8 0 0 0 0 0 0 0 0 0 0 0 
373 8 0 0 0 0 0 0 0 0 0 0 0 
374 8 0 0 0 0 0 0 0 0 0 0 0 
375 8 39 0 0 0 0 0 0 0 0 0 0 
376 8 -1 47 9 0 0 16 11 0 0 1 8 
377 8 -1 43 38 0 0 13 1 0 0 7 71 
378 8 -1 46 20 0 0 20 0 0 0 15 2 
379 8 0 0 0 0 0 0 0 0 0 0 0 
380 8 0 0 0 0 0 0 0 0 0 0 0 
381 8 0 0 0 0 0 0 0 0 0 0 0 
382 8 0 0 0 0 0 0 0 0 0 0 0 
383 8 0 0 0 0 0 0 0 0 0 0 0 
384 8 0 0 0 0 0 0 0 0 0 0 0 
385 8 0 0 0 0 0 0 0 0 0 0 0 
386 8 0 0 0 0 0 0 0 0 0 0 0 
387 8 0 0 0 0 0 0 0 0 0 0 0 
388 8 0 0 0 0 0 0 0 0 0 0 0 
389 8 0 0 0 0 0 0 0 0 0 0 0 
390 8 0 0 0 0 0 0 0 0 0 0 0 
391 8 0 0 0 0 0 0 0 0 0 0 0 
392 8 0 0 0 0 0 0 0 0 0 0 0 
393 8 0 0 0 0 0 0 0 0 0 0 0 
394 8 0 0 0 0 0 0 0 0 0 0 0 
395 8 0 0 0 0 0 0 0 0 0 0 0 
396 8 0 0 0 0 0 0 0 0 0 0 0 
397 8 0 0 0 0 0 0 0 0 0 0 0 
398 8 0 0 0 0 0 0 0 0 0 0 0 
399 8 0 0 0 0 0 0 0 0 0 0 0 
400 8 0 0 0 0 0 0 0 0 0 0 0 
401 8 0 0 0 0 0 0 0 0 0 0 0 
402 8 0 0 0 0 0 0 0 0 0 0 0 
403 8 52 0 0 0 0 0 0 0 0 0 0 
404 8 53 0 0 0 0 0 0 0 0 0 0 
405 8 0 0 0 0 0 0 0 0 0 0 0 
406 8 0 0 0 0 0 0 0 0 0 0 0 
407 8 -1 30 43 0 0 11 7 0 0 5 46 
408 8 -1 40 9 0 0 3 46 0 0 8 -26 
409 8 61 0 0 0 0 0 0 0 0 0 0 
410 8 62 0 0 0 0 0 0 0 0 0 0 
411 8 0 0 0 0 0 0 0 0 0 0 0 
412 8 0 0 0 0 0 0 0 0 0 0 0 
413 8 0 0 0 0 0 0 0 0 0 0 0 
414 8 0 0 0 0 0 0 0 0 0 0 0 
415 8 0 0 0 0 0 0 0 0 0 0 0 
416 8 0 0 0 0 0 0 0 0 0 0 0 
417 8 0 0 0 0 0 0 0 0 0 0 0 
418 8 0 0 0 0 0 0 0 0 0 0 0 
419 8 0 0 0 0 0 0 0 0 0 0 0 
420 8 0 0 0 0 0 0 0 0 0 0 0 
421 8 0 0 0 0 0 0 0 0 0 0 0 
422 8 0 0 0 0 0 0 0 0 0 0 0 
423 8 0 0 0 0 0 0 0 0 0 0 0 
424 8 0 0 0 0 0 0 0 0 0 0 0 
425 8 0 0 0 0 0 0 0 0 0 0 0 
426 8 0 0 0 0 0 0 0 0 0 0 0 
427 8 0 0 0 0 0 0 0 0 0 0 0 
428 8 0 0 0 0 0 0 0 0 0 0 0 
429 8 0 0 0 0 0 0 0 0 0 0 0 
430 8 0 0 0 0 0 0 0 0 0 0 0 
431 8 67 0 0 0 0 0 0 0 0 0 0 
432 8 -1 34 23 0 0 27 43 0 0 1 0 
433 8 71 0 0 0 0 0 0 0 0 0 0 
434 8 -1 15 32 0 0 31 4 0 0 5 -16 
435 8 0 0 0 0 0 0 0 0 0 0 0 
436 8 0 0 0 0 0 0 0 0 0 0 0 
437 8 75 0 0 0 0 0 0 0 0 0 0 
438 8 76 0 0 0 0 0 0 0 0 0 0 
439 8 77 0 0 0 0 0 0 0 0 0 0 
440 8 78 0 0 0 0 0 0 0 0 0 0 
441 8 -1 3 34 0 0 13 46 0 0 7 -16 
442 8 82 0 0 0 0 0 0 0 0 0 0 
443 8 0 0 0 0 0 0 0 0 0 0 0 
444 8 0 0 0 0 0 0 0 0 0 0 0 
445 8 -1 20 16 0 0 47 37 0 0 22 0 
446 8 86 0 0 0 0 0 0 0 0 0 0 
447 8 0 0 0 0 0 0 0 0 0 0 0 
448 8 0 0 0 0 0 0 0 0 0 0 0 
449 8 -1 9 26 0 0 1 9 0 0 1 1 
450 8 91 0 0 0 0 0 0 0 0 0 0 
451 8 0 0 0 0 0 0 0 0 0 0 0 
452 8 0 0 0 0 0 0 0 0 0 0 0 
453 8 0 0 0 0 0 0 0 0 0 0 0 
454 8 0 0 0 0 0 0 0 0 0 0 0 
455 8 0 0 0 0 0 0 0 0 0 0 0 
456 8 0 0 0 0 0 0 0 0 0 0 0 
457 8 0 0 0 0 0 0 0 0 0 0 0 
458 8 0 0 0 0 0 0 0 0 0 0 0 
459 8 0 0 0 0 0 0 0 0 0 0 0 
460 8 0 0 0 0 0 0 0 0 0 0 0 
461 8 0 0 0 0 0 0 0 0 0 0 0 
462 8 0 0 0 0 0 0 0 0 0 0 0 
463 8 0 0 0 0 0 0 0 0 0 0 0 
464 8 0 0 0 0 0 0 0 0 0 0 0 
465 8 0 0 0 0 0 0 0 0 0 0 0 
466 8 0 0 0 0 0 0 0 0 0 0 0 
467 8 0 0 0 0 0 0 0 0 0 0 0 
468 8 0 0 0 0 0 0 0 0 0 0 0 
469 8 0 0 0 0 0 0 0 0 0 0 0 
470 8 0 0 0 0 0 0 0 0 0 0 0 
471 8 0 0 0 0 0 0 0 0 0 0 0 
472 8 0 0 0 0 0 0 0 0 0 0 0 
473 8 0 0 0 0 0 0 0 0 0 0 0 
474 8 0 0 0 0 0 0 0 0 0 0 0 
475 8 0 0 0 0 0 0 0 0 0 0 0 
476 8 0 0 0 0 0 0 0 0 0 0 0 
477 8 0 0 0 0 0 0 0 0 0 0 0 
478 8 0 0 0 0 0 0 0 0 0 0 0 
479 8 -1 16 21 2 10 32 34 9 13 32 -4249 
480 8 -1 44 41 0 0 13 35 0 0 18 14 
481 8 105 0 0 0 0 0 0 0 0 0 0 
482 8 -1 1 17 16 18 31 37 4 6 32 8417 
483 8 0 0 0 0 0 0 0 0 0 0 0 
484 8 0 0 0 0 0 0 0 0 0 0 0 
485 8 0 0 0 0 0 0 0 0 0 0 0 
486 8 0 0 0 0 0 0 0 0 0 0 0 
487 8 -1 46 3 0 0 8 2 0 0 0 23 
488 8 -1 13 15 6 2 44 20 3 21 32 -2439 
489 8 118 0 0 0 0 0 0 0 0 0 0 
490 8 119 0 0 0 0 0 0 0 0 0 0 
491 8 120 0 0 0 0 0 0 0 0 0 0 
492 8 121 0 0 0 0 0 0 0 0 0 0 
493 8 122 0 0 0 0 0 0 0 0 0 0 
494 8 123 0 0 0 0 0 0 0 0 0 0 
495 8 124 0 0 0 0 0 0 0 0 0 0 
496 8 125 0 0 0 0 0 0 0 0 0 0 
497 8 0 0 0 0 0 0 0 0 0 0 0 
498 8 0 0 0 0 0 0 0 0 0 0 0 
499 8 0 0 0 0 0 0 0 0 0 0 0 
500 8 0 0 0 0 0 0 0 0 0 0 0 
501 8 0 0 0 0 0 0 0 0 0 0 0 
502 8 0 0 0 0 0 0 0 0 0 0 0 
503 8 0 0 0 0 0 0 0 0 0 0 0 
504 8 0 0 0 0 0 0 0 0 0 0 0 
505 8 0 0 0 0 0 0 0 0 0 0 0 
506 8 0 0 0 0 0 0 0 0 0 0 0 
507 8 0 0 0 0 0 0 0 0 0 0 0 
508 8 0 0 0 0 0 0 0 0 0 0 0 
509 8 0 0 0 0 0 0 0 0 0 0 0 
510 8 0 0 0 0 0 0 0 0 0 0 0 
511 9 0 0 0 0 0 0 0 0 0 0 0 
512 9 0 0 0 0 0 0 0 0 0 0 0 
513 9 0 0 0 0 0 0 0 0 0 0 0 
514 9 0 0 0 0 0 0 0 0 0 0 0 
515 9 0 0 0 0 0 0 0 0 0 0 0 
516 9 0 0 0 0 0 0 0 0 0 0 0 
517 9 0 0 0 0 0 0 0 0 0 0 0 
518 9 0 0 0 0 0 0 0 0 0 0 0 
519 9 0 0 0 0 0 0 0 0 0 0 0 
520 9 0 0 0 0 0 0 0 0 0 0 0 
521 9 0 0 0 0 0 0 0 0 0 0 0 
522 9 0 0 0 0 0 0 0 0 0 0 0 
523 9 0 0 0 0 0 0 0 0 0 0 0 
524 9 0 0 0 0 0 0 0 0 0 0 0 
525 9 0 0 0 0 0 0 0 0 0 0 0 
526 9 0 0 0 0 0 0 0 0 0 0 0 
527 9 0 0 0 0 0 0 0 0 0 0 0 
528 9 0 0 0 0 0 0 0 0 0 0 0 
529 9 0 0 0 0 0 0 0 0 0 0 0 
530 9 0 0 0 0 0 0 0 0 0 0 0 
531 9 0 0 0 0 0 0 0 0 0 0 0 
532 9 0 0 0 0 0 0 0 0 0 0 0 
533 9 0 0 0 0 0 0 0 0 0 0 0 
534 9 0 0 0 0 0 0 0 0 0 0 0 
535 9 0 0 0 0 0 0 0 0 0 0 0 
536 9 0 0 0 0 0 0 0 0 0 0 0 
537 9 0 0 0 0 0 0 0 0 0 0 0 
538 9 0 0 0 0 0 0 0 0 0 0 0 
539 9 0 0 0 0 0 0 0 0 0 0 0 
540 9 0 0 0 0 0 0 0 0 0 0 0 
541 9 0 0 0 0 0 0 0 0 0 0 0 
542 9 0 0 0 0 0 0 0 0 0 0 0 
543 9 0 0 0 0 0 0 0 0 0 0 0 
544 9 0 0 0 0 0 0 0 0 0 0 0 
545 9 0 0 0 0 0 0 0 0 0 0 0 
546 9 0 0 0 0 0 0 0 0 0 0 0 
547 9 0 0 0 0 0 0 0 0 0 0 0 
548 9 0 0 0 0 0 0 0 0 0 0 0 
549 9 0 0 0 0 0 0 0 0 0 0 0 
550 9 0 0 0 0 0 0 0 0 0 0 0 
551 9 0 0 0 0 0 0 0 0 0 0 0 
552 9 0 0 0 0 0 0 0 0 0 0 0 
553 9 0 0 0 0 0 0 0 0 0 0 0 
554 9 0 0 0 0 0 0 0 0 0 0 0 
555 9 0 0 0 0 0 0 0 0 0 0 0 
556 9 0 0 0 0 0 0 0 0 0 0 0 
557 9 0 0 0 0 0 0 0 0 0 0 0 
558 9 0 0 0 0 0 0 0 0 0 0 0 
559 9 0 0 0 0 0 0 0 0 0 0 0 
560 9 0 0 0 0 0 0 0 0 0 0 0 
561 9 0 0 0 0 0 0 0 0 0 0 0 
562 9 0 0 0 0 0 0 0 0 0 0 0 
563 9 0 0 0 0 0 0 0 0 0 0 0 
564 9 0 0 0 0 0 0 0 0 0 0 0 
565 9 0 0 0 0 0 0 0 0 0 0 0 
566 9 0 0 0 0 0 0 0 0 0 0 0 
567 9 0 0 0 0 0 0 0 0 0 0 0 
568 9 0 0 0 0 0 0 0 0 0 0 0 
569 9 0 0 0 0 0 0 0 0 0 0 0 
570 9 0 0 0 0 0 0 0 0 0 0 0 
571 9 0 0 0 0 0 0 0 0 0 0 0 
572 9 0 0 0 0 0 0 0 0 0 0 0 
573 9 0 0 0 0 0 0 0 0 0 0 0 
574 9 0 0 0 0 0 0 0 0 0 0 0 
575 9 0 0 0 0 0 0 0 0 0 0 0 
576 9 0 0 0 0 0 0 0 0 0 0 0 
577 9 0 0 0 0 0 0 0 0 0 0 0 
578 9 0 0 0 0 0 0 0 0 0 0 0 
579 9 0 0 0 0 0 0 0 0 0 0 0 
580 9 0 0 0 0 0 0 0 0 0 0 0 
581 9 0 0 0 0 0 0 0 0 0 0 0 
582 9 0 0 0 0 0 0 0 0 0 0 0 
583 9 0 0 0 0 0 0 0 0 0 0 0 
584 9 0 0 0 0 0 0 0 0 0 0 0 
585 9 0 0 0 0 0 0 0 0 0 0 0 
586 9 0 0 0 0 0 0 0 0 0 0 0 
587 9 0 0 0 0 0 0 0 0 0 0 0 
588 9 0 0 0 0 0 0 0 0 0 0 0 
589 9 0 0 0 0 0 0 0 0 0 0 0 
590 9 0 0 0 0 0 0 0 0 0 0 0 
591 9 0 0 0 0 0 0 0 0 0 0 0 
592 9 0 0 0 0 0 0 0 0 0 0 0 
593 9 0 0 0 0 0 0 0 0 0 0 0 
594 9 0 0 0 0 0 0 0 0 0 0 0 
595 9 0 0 0 0 0 0 0 0 0 0 0 
596 9 0 0 0 0 0 0 0 0 0 0 0 
597 9 0 0 0 0 0 0 0 0 0 0 0 
598 9 0 0 0 0 0 0 0 0 0 0 0 
599 9 0 0 0 0 0 0 0 0 0 0 0 
600 9 0 0 0 0 0 0 0 0 0 0 0 
601 9 0 0 0 0 0 0 0 0 0 0 0 
602 9 0 0 0 0 0 0 0 0 0 0 0 
603 9 0 0 0 0 0 0 0 0 0 0 0 
604 9 0 0 0 0 0 0 0 0 0 0 0 
605 9 0 0 0 0 0 0 0 0 0 0 0 
606 9 0 0 0 0 0 0 0 0 0 0 0 
607 9 0 0 0 0 0 0 0 0 0 0 0 
608 9 0 0 0 0 0 0 0 0 0 0 0 
609 9 0 0 0 0 0 0 0 0 0 0 0 
610 9 0 0 0 0 0 0 0 0 0 0 0 
611 9 0 0 0 0 0 0 0 0 0 0 0 
612 9 0 0 0 0 0 0 0 0 0 0 0 
613 9 0 0 0 0 0 0 0 0 0 0 0 
614 9 0 0 0 0 0 0 0 0 0 0 0 
615 9 0 0 0 0 0 0 0 0 0 0 0 
616 9 0 0 0 0 0 0 0 0 0 0 0 
617 9 0 0 0 0 0 0 0 0 0 0 0 
618 9 0 0 0 0 0 0 0 0 0 0 0 
619 9 0 0 0 0 0 0 0 0 0 0 0 
620 9 0 0 0 0 0 0 0 0 0 0 0 
621 9 0 0 0 0 0 0 0 0 0 0 0 
622 9 0 0 0 0 0 0 0 0 0 0 0 
623 9 0 0 0 0 0 0 0 0 0 0 0 
624 9 0 0 0 0 0 0 0 0 0 0 0 
625 9 0 0 0 0 0 0 0 0 0 0 0 
626 9 0 0 0 0 0 0 0 0 0 0 0 
627 9 0 0 0 0 0 0 0 0 0 0 0 
628 9 0 0 0 0 0 0 0 0 0 0 0 
629 9 0 0 0 0 0 0 0 0 0 0 0 
630 9 0 0 0 0 0 0 0 0 0 0 0 
631 9 0 0 0 0 0 0 0 0 0 0 0 
632 9 0 0 0 0 0 0 0 0 0 0 0 
633 9 0 0 0 0 0 0 0 0 0 0 0 
634 9 0 0 0 0 0 0 0 0 0 0 0 
635 9 0 0 0 0 0 0 0 0 0 0 0 
636 9 0 0 0 0 0 0 0 0 0 0 0 
637 9 0 0 0 0 0 0 0 0 0 0 0 
638 9 0 0 0 0 0 0 0 0 0 0 0 
639 9 0 0 0 0 0 0 0 0 0 0 0 
640 9 0 0 0 0 0 0 0 0 0 0 0 
641 9 0 0 0 0 0 0 0 0 0 0 0 
642 9 0 0 0 0 0 0 0 0 0 0 0 
643 9 0 0 0 0 0 0 0 0 0 0 0 
644 9 0 0 0 0 0 0 0 0 0 0 0 
645 9 0 0 0 0 0 0 0 0 0 0 0 
646 9 0 0 0 0 0 0 0 0 0 0 0 
647 9 -1 40 23 0 0 0 17 0 0 1 10 
648 9 -1 29 46 0 0 30 44 0 0 15 2 
649 9 8 0 0 0 0 0 0 0 0 0 0 
650 9 9 0 0 0 0 0 0 0 0 0 0 
651 9 0 0 0 0 0 0 0 0 0 0 0 
652 9 0 0 0 0 0 0 0 0 0 0 0 
653 9 0 0 0 0 0 0 0 0 0 0 0 
654 9 0 0 0 0 0 0 0 0 0 0 0 
655 9 0 0 0 0 0 0 0 0 0 0 0 
656 9 0 0 0 0 0 0 0 0 0 0 0 
657 9 0 0 0 0 0 0 0 0 0 0 0 
658 9 0 0 0 0 0 0 0 0 0 0 0 
659 9 0 0 0 0 0 0 0 0 0 0 0 
660 9 0 0 0 0 0 0 0 0 0 0 0 
661 9 0 0 0 0 0 0 0 0 0 0 0 
662 9 0 0 0 0 0 0 0 0 0 0 0 
663 9 0 0 0 0 0 0 0 0 0 0 0 
664 9 0 0 0 0 0 0 0 0 0 0 0 
665 9 0 0 0 0 0 0 0 0 0 0 0 
666 9 0 0 0 0 0 0 0 0 0 0 0 
667 9 0 0 0 0 0 0 0 0 0 0 0 
668 9 0 0 0 0 0 0 0 0 0 0 0 
669 9 0 0 0 0 0 0 0 0 0 0 0 
670 9 0 0 0 0 0 0 0 0 0 0 0 
671 9 0 0 0 0 0 0 0 0 0 0 0 
672 9 0 0 0 0 0 0 0 0 0 0 0 
673 9 -1 11 37 0 0 44 2 0 0 17 7 
674 9 -1 36 23 0 0 27 15 0 0 5 11 
675 9 21 0 0 0 0 0 0 0 0 0 0 
676 9 22 0 0 0 0 0 0 0 0 0 0 
677 9 23 0 0 0 0 0 0 0 0 0 0 
678 9 -1 22 0 9 4 34 43 13 4 32 2501 
679 9 0 0 0 0 0 0 0 0 0 0 0 
680 9 0 0 0 0 0 0 0 0 0 0 0 
681 9 0 0 0 0 0 0 0 0 0 0 0 
682 9 0 0 0 0 0 0 0 0 0 0 0 
683 9 0 0 0 0 0 0 0 0 0 0 0 
684 9 0 0 0 0 0 0 0 0 0 0 0 
685 9 0 0 0 0 0 0 0 0 0 0 0 
686 9 0 0 0 0 0 0 0 0 0 0 0 
687 9 0 0 0 0 0 0 0 0 0 0 0 
688 9 0 0 0 0 0 0 0 0 0 0 0 
689 9 0 0 0 0 0 0 0 0 0 0 0 
690 9 0 0 0 0 0 0 0 0 0 0 0 
691 9 0 0 0 0 0 0 0 0 0 0 0 
692 9 0 0 0 0 0 0 0 0 0 0 0 
693 9 0 0 0 0 0 0 0 0 0 0 0 
694 9 0 0 0 0 0 0 0 0 0 0 0 
695 9 0 0 0 0 0 0 0 0 0 0 0 
696 9 0 0 0 0 0 0 0 0 0 0 0 
697 9 0 0 0 0 0 0 0 0 0 0 0 
698 9 0 0 0 0 0 0 0 0 0 0 0 
699 9 29 0 0 0 0 0 0 0 0 0 0 
700 9 30 0 0 0 0 0 0 0 0 0 0 
701 9 31 0 0 0 0 0 0 0 0 0 0 
702 9 32 0 0 0 0 0 0 0 0 0 0 
703 9 0 0 0 0 0 0 0 0 0 0 0 
704 9 0 0 0 0 0 0 0 0 0 0 0 
705 9 0 0 0 0 0 0 0 0 0 0 0 
706 9 0 0 0 0 0 0 0 0 0 0 0 
707 9 0 0 0 0 0 0 0 0 0 0 0 
708 9 0 0 0 0 0 0 0 0 0 0 0 
709 9 0 0 0 0 0 0 0 0 0 0 0 
710 9 0 0 0 0 0 0 0 0 0 0 0 
711 9 0 0 0 0 0 0 0 0 0 0 0 
712 9 0 0 0 0 0 0 0 0 0 0 0 
713 9 0 0 0 0 0 0 0 0 0 0 0 
714 9 0 0 0 0 0 0 0 0 0 0 0 
715 9 0 0 0 0 0 0 0 0 0 0 0 
716 9 0 0 0 0 0 0 0 0 0 0 0 
717 9 0 0 0 0 0 0 0 0 0 0 0 
718 9 0 0 0 0 0 0 0 0 0 0 0 
719 9 0 0 0 0 0 0 0 0 0 0 0 
720 9 0 0 0 0 0 0 0 0 0 0 0 
721 9 0 0 0 0 0 0 0 0 0 0 0 
722 9 0 0 0 0 0 0 0 0 0 0 0 
723 9 0 0 0 0 0 0 0 0 0 0 0 
724 9 0 0 0 0 0 0 0 0 0 0 0 
725 9 0 0 0 0 0 0 0 0 0 0 0 
726 9 0 0 0 0 0 0 0 0 0 0 0 
727 9 0 0 0 0 0 0 0 0 0 0 0 
728 9 0 0 0 0 0 0 0 0 0 0 0 
729 9 0 0 0 0 0 0 0 0 0 0 0 
730 9 0 0 0 0 0 0 0 0 0 0 0 
731 9 0 0 0 0 0 0 0 0 0 0 0 
732 9 0 0 0 0 0 0 0 0 0 0 0 
733 9 0 0 0 0 0 0 0 0 0 0 0 
734 9 0 0 0 0 0 0 0 0 0 0 0 
735 9 0 0 0 0 0 0 0 0 0 0 0 
736 9 0 0 0 0 0 0 0 0 0 0 0 
737 9 0 0 0 0 0 0 0 0 0 0 0 
738 9 0 0 0 0 0 0 0 0 0 0 0 
739 9 0 0 0 0 0 0 0 0 0 0 0 
740 9 0 0 0 0 0 0 0 0 0 0 0 
741 9 0 0 0 0 0 0 0 0 0 0 0 
742 9 0 0 0 0 0 0 0 0 0 0 0 
743 9 0 0 0 0 0 0 0 0 0 0 0 
744 9 0 0 0 0 0 0 0 0 0 0 0 
745 9 0 0 0 0 0 0 0 0 0 0 0 
746 9 0 0 0 0 0 0 0 0 0 0 0 
747 9 0 0 0 0 0 0 0 0 0 0 0 
748 9 0 0 0 0 0 0 0 0 0 0 0 
749 9 0 0 0 0 0 0 0 0 0 0 0 
750 9 0 0 0 0 0 0 0 0 0 0 0 
751 9 0 0 0 0 0 0 0 0 0 0 0 
752 9 0 0 0 0 0 0 0 0 0 0 0 
753 9 40 0 0 0 0 0 0 0 0 0 0 
754 9 41 0 0 0 0 0 0 0 0 0 0 
755 9 -1 7 10 6 9 14 38 18 8 32 4243 
756 9 44 0 0 0 0 0 0 0 0 0 0 
757 9 45 0 0 0 0 0 0 0 0 0 0 
758 9 46 0 0 0 0 0 0 0 0 0 0 
759 9 0 0 0 0 0 0 0 0 0 0 0 
760 9 0 0 0 0 0 0 0 0 0 0 0 
761 9 0 0 0 0 0 0 0 0 0 0 0 
762 9 0 0 0 0 0 0 0 0 0 0 0 
763 9 0 0 0 0 0 0 0 0 0 0 0 
764 9 0 0 0 0 0 0 0 0 0 0 0 
765 9 0 0 0 0 0 0 0 0 0 0 0 
766 9 0 0 0 0 0 0 0 0 0 0 0 
767 9 0 0 0 0 0 0 0 0 0 0 0 
768 9 0 0 0 0 0 0 0 0 0 0 0 
769 9 0 0 0 0 0 0 0 0 0 0 0 
770 9 0 0 0 0 0 0 0 0 0 0 0 
771 9 0 0 0 0 0 0 0 0 0 0 0 
772 9 0 0 0 0 0 0 0 0 0 0 0 
773 9 0 0 0 0 0 0 0 0 0 0 0 
774 9 0 0 0 0 0 0 0 0 0 0 0 
775 9 0 0 0 0 0 0 0 0 0 0 0 
776 9 0 0 0 0 0 0 0 0 0 0 0 
777 9 0 0 0 0 0 0 0 0 0 0 0 
778 9 0 0 0 0 0 0 0 0 0 0 0 
779 9 0 0 0 0 0 0 0 0 0 0 0 
780 9 0 0 0 0 0 0 0 0 0 0 0 
781 9 0 0 0 0 0 0 0 0 0 0 0 
782 9 0 0 0 0 0 0 0 0 0 0 0 
783 9 0 0 0 0 0 0 0 0 0 0 0 
784 9 0 0 0 0 0 0 0 0 0 0 0 
785 9 0 0 0 0 0 0 0 0 0 0 0 
786 9 0 0 0 0 0 0 0 0 0 0 0 
787 9 0 0 0 0 0 0 0 0 0 0 0 
788 9 0 0 0 0 0 0 0 0 0 0 0 
789 9 0 0 0 0 0 0 0 0 0 0 0 
790 9 0 0 0 0 0 0 0 0 0 0 0 
791 9 0 0 0 0 0 0 0 0 0 0 0 
792 9 0 0 0 0 0 0 0 0 0 0 0 
793 9 0 0 0 0 0 0 0 0 0 0 0 
794 9 0 0 0 0 0 0 0 0 0 0 0 
795 9 0 0 0 0 0 0 0 0 0 0 0 
796 9 0 0 0 0 0 0 0 0 0 0 0 
797 9 0 0 0 0 0 0 0 0 0 0 0 
798 9 0 0 0 0 0 0 0 0 0 0 0 
799 9 0 0 0 0 0 0 0 0 0 0 0 
800 9 0 0 0 0 0 0 0 0 0 0 0 
801 9 0 0 0 0 0 0 0 0 0 0 0 
802 9 0 0 0 0 0 0 0 0 0 0 0 
803 9 0 0 0 0 0 0 0 0 0 0 0 
804 9 0 0 0 0 0 0 0 0 0 0 0 
805 9 0 0 0 0 0 0 0 0 0 0 0 
806 9 0 0 0 0 0 0 0 0 0 0 0 
807 9 0 0 0 0 0 0 0 0 0 0 0 
808 9 0 0 0 0 0 0 0 0 0 0 0 
809 9 0 0 0 0 0 0 0 0 0 0 0 
810 9 0 0 0 0 0 0 0 0 0 0 0 
811 9 0 0 0 0 0 0 0 0 0 0 0 
812 9 0 0 0 0 0 0 0 0 0 0 0 
813 9 0 0 0 0 0 0 0 0 0 0 0 
814 9 0 0 0 0 0 0 0 0 0 0 0 
815 9 -1 5 10 22 2 32 14 13 8 32 -4265 
816 9 57 0 0 0 0 0 0 0 0 0 0 
817 9 58 0 0 0 0 0 0 0 0 0 0 
818 9 -1 47 7 0 0 6 27 0 0 15 106 
819 9 0 0 0 0 0 0 0 0 0 0 0 
820 9 0 0 0 0 0 0 0 0 0 0 0 
821 9 0 0 0 0 0 0 0 0 0 0 0 
822 9 0 0 0 0 0 0 0 0 0 0 0 
823 9 0 0 0 0 0 0 0 0 0 0 0 
824 9 0 0 0 0 0 0 0 0 0 0 0 
825 9 0 0 0 0 0 0 0 0 0 0 0 
826 9 0 0 0 0 0 0 0 0 0 0 0 
827 9 0 0 0 0 0 0 0 0 0 0 0 
828 9 0 0 0 0 0 0 0 0 0 0 0 
829 9 0 0 0 0 0 0 0 0 0 0 0 
830 9 0 0 0 0 0 0 0 0 0 0 0 
831 9 0 0 0 0 0 0 0 0 0 0 0 
832 9 0 0 0 0 0 0 0 0 0 0 0 
833 9 0 0 0 0 0 0 0 0 0 0 0 
834 9 0 0 0 0 0 0 0 0 0 0 0 
835 9 0 0 0 0 0 0 0 0 0 0 0 
836 9 0 0 0 0 0 0 0 0 0 0 0 
837 9 0 0 0 0 0 0 0 0 0 0 0 
838 9 0 0 0 0 0 0 0 0 0 0 0 
839 9 0 0 0 0 0 0 0 0 0 0 0 
840 9 0 0 0 0 0 0 0 0 0 0 0 
841 9 0 0 0 0 0 0 0 0 0 0 0 
842 9 0 0 0 0 0 0 0 0 0 0 0 
843 9 0 0 0 0 0 0 0 0 0 0 0 
844 9 0 0 0 0 0 0 0 0 0 0 0 
845 9 0 0 0 0 0 0 0 0 0 0 0 
846 9 0 0 0 0 0 0 0 0 0 0 0 
847 9 0 0 0 0 0 0 0 0 0 0 0 
848 9 0 0 0 0 0 0 0 0 0 0 0 
849 9 0 0 0 0 0 0 0 0 0 0 0 
850 9 0 0 0 0 0 0 0 0 0 0 0 
851 9 0 0 0 0 0 0 0 0 0 0 0 
852 9 0 0 0 0 0 0 0 0 0 0 0 
853 9 0 0 0 0 0 0 0 0 0 0 0 
854 9 0 0 0 0 0 0 0 0 0 0 0 
855 9 0 0 0 0 0 0 0 0 0 0 0 
856 9 0 0 0 0 0 0 0 0 0 0 0 
857 9 0 0 0 0 0 0 0 0 0 0 0 
858 9 0 0 0 0 0 0 0 0 0 0 0 
859 9 0 0 0 0 0 0 0 0 0 0 0 
860 9 0 0 0 0 0 0 0 0 0 0 0 
861 9 0 0 0 0 0 0 0 0 0 0 0 
862 9 0 0 0 0 0 0 0 0 0 0 0 
863 9 0 0 0 0 0 0 0 0 0 0 0 
864 9 0 0 0 0 0 0 0 0 0 0 0 
865 9 -1 38 19 0 0 17 20 0 0 8 3 
866 9 70 0 0 0 0 0 0 0 0 0 0 
867 9 0 0 0 0 0 0 0 0 0 0 0 
868 9 0 0 0 0 0 0 0 0 0 0 0 
869 9 72 0 0 0 0 0 0 0 0 0 0 
870 9 73 0 0 0 0 0 0 0 0 0 0 
871 9 0 0 0 0 0 0 0 0 0 0 0 
872 9 0 0 0 0 0 0 0 0 0 0 0 
873 9 0 0 0 0 0 0 0 0 0 0 0 
874 9 0 0 0 0 0 0 0 0 0 0 0 
875 9 0 0 0 0 0 0 0 0 0 0 0 
876 9 0 0 0 0 0 0 0 0 0 0 0 
877 9 0 0 0 0 0 0 0 0 0 0 0 
878 9 0 0 0 0 0 0 0 0 0 0 0 
879 9 0 0 0 0 0 0 0 0 0 0 0 
880 9 0 0 0 0 0 0 0 0 0 0 0 
881 9 0 0 0 0 0 0 0 0 0 0 0 
882 9 0 0 0 0 0 0 0 0 0 0 0 
883 9 79 0 0 0 0 0 0 0 0 0 0 
884 9 -1 45 5 0 0 16 11 0 0 16 2 
885 9 0 0 0 0 0 0 0 0 0 0 0 
886 9 0 0 0 0 0 0 0 0 0 0 0 
887 9 0 0 0 0 0 0 0 0 0 0 0 
888 9 0 0 0 0 0 0 0 0 0 0 0 
889 9 0 0 0 0 0 0 0 0 0 0 0 
890 9 0 0 0 0 0 0 0 0 0 0 0 
891 9 84 0 0 0 0 0 0 0 0 0 0 
892 9 85 0 0 0 0 0 0 0 0 0 0 
893 9 0 0 0 0 0 0 0 0 0 0 0 
894 9 0 0 0 0 0 0 0 0 0 0 0 
895 9 0 0 0 0 0 0 0 0 0 0 0 
896 9 0 0 0 0 0 0 0 0 0 0 0 
897 9 0 0 0 0 0 0 0 0 0 0 0 
898 9 0 0 0 0 0 0 0 0 0 0 0 
899 9 88 0 0 0 0 0 0 0 0 0 0 
900 9 -1 16 36 0 0 5 8 0 0 11 81 
901 9 0 0 0 0 0 0 0 0 0 0 0 
902 9 0 0 0 0 0 0 0 0 0 0 0 
903 9 0 0 0 0 0 0 0 0 0 0 0 
904 9 0 0 0 0 0 0 0 0 0 0 0 
905 9 0 0 0 0 0 0 0 0 0 0 0 
906 9 0 0 0 0 0 0 0 0 0 0 0 
907 9 0 0 0 0 0 0 0 0 0 0 0 
908 9 0 0 0 0 0 0 0 0 0 0 0 
909 9 0 0 0 0 0 0 0 0 0 0 0 
910 9 0 0 0 0 0 0 0 0 0 0 0 
911 9 0 0 0 0 0 0 0 0 0 0 0 
912 9 0 0 0 0 0 0 0 0 0 0 0 
913 9 0 0 0 0 0 0 0 0 0 0 0 
914 9 0 0 0 0 0 0 0 0 0 0 0 
915 9 0 0 0 0 0 0 0 0 0 0 0 
916 9 0 0 0 0 0 0 0 0 0 0 0 
917 9 0 0 0 0 0 0 0 0 0 0 0 
918 9 0 0 0 0 0 0 0 0 0 0 0 
919 9 0 0 0 0 0 0 0 0 0 0 0 
920 9 0 0 0 0 0 0 0 0 0 0 0 
921 9 0 0 0 0 0 0 0 0 0 0 0 
922 9 0 0 0 0 0 0 0 0 0 0 0 
923 9 0 0 0 0 0 0 0 0 0 0 0 
924 9 0 0 0 0 0 0 0 0 0 0 0 
925 9 0 0 0 0 0 0 0 0 0 0 0 
926 9 0 0 0 0 0 0 0 0 0 0 0 
927 9 0 0 0 0 0 0 0 0 0 0 0 
928 9 0 0 0 0 0 0 0 0 0 0 0 
929 9 0 0 0 0 0 0 0 0 0 0 0 
930 9 0 0 0 0 0 0 0 0 0 0 0 
931 9 0 0 0 0 0 0 0 0 0 0 0 
932 9 0 0 0 0 0 0 0 0 0 0 0 
933 9 0 0 0 0 0 0 0 0 0 0 0 
934 9 0 0 0 0 0 0 0 0 0 0 0 
935 9 0 0 0 0 0 0 0 0 0 0 0 
936 9 0 0 0 0 0 0 0 0 0 0 0 
937 9 0 0 0 0 0 0 0 0 0 0 0 
938 9 0 0 0 0 0 0 0 0 0 0 0 
939 9 0 0 0 0 0 0 0 0 0 0 0 
940 9 0 0 0 0 0 0 0 0 0 0 0 
941 9 0 0 0 0 0 0 0 0 0 0 0 
942 9 0 0 0 0 0 0 0 0 0 0 0 
943 9 0 0 0 0 0 0 0 0 0 0 0 
944 9 0 0 0 0 0 0 0 0 0 0 0 
945 9 0 0 0 0 0 0 0 0 0 0 0 
946 9 0 0 0 0 0 0 0 0 0 0 0 
947 9 0 0 0 0 0 0 0 0 0 0 0 
948 9 0 0 0 0 0 0 0 0 0 0 0 
949 9 0 0 0 0 0 0 0 0 0 0 0 
950 9 0 0 0 0 0 0 0 0 0 0 0 
951 9 0 0 0 0 0 0 0 0 0 0 0 
952 9 0 0 0 0 0 0 0 0 0 0 0 
953 9 0 0 0 0 0 0 0 0 0 0 0 
954 9 0 0 0 0 0 0 0 0 0 0 0 
955 9 0 0 0 0 0 0 0 0 0 0 0 
956 9 0 0 0 0 0 0 0 0 0 0 0 
957 9 0 0 0 0 0 0 0 0 0 0 0 
958 9 0 0 0 0 0 0 0 0 0 0 0 
959 9 99 0 0 0 0 0 0 0 0 0 0 
960 9 100 0 0 0 0 0 0 0 0 0 0 
961 9 -1 33 30 0 0 9 1 0 0 18 -16 
962 9 -1 0 6 15 6 24 43 22 1 32 2274 
963 9 0 0 0 0 0 0 0 0 0 0 0 
964 9 0 0 0 0 0 0 0 0 0 0 0 
965 9 106 0 0 0 0 0 0 0 0 0 0 
966 9 107 0 0 0 0 0 0 0 0 0 0 
967 9 0 0 0 0 0 0 0 0 0 0 0 
968 9 0 0 0 0 0 0 0 0 0 0 0 
969 9 0 0 0 0 0 0 0 0 0 0 0 
970 9 0 0 0 0 0 0 0 0 0 0 0 
971 9 0 0 0 0 0 0 0 0 0 0 0 
972 9 0 0 0 0 0 0 0 0 0 0 0 
973 9 0 0 0 0 0 0 0 0 0 0 0 
974 9 0 0 0 0 0 0 0 0 0 0 0 
975 9 -1 3 9 9 7 34 20 5 6 32 45 
976 9 -1 16 1 4 6 35 8 11 17 32 -4837 
977 9 -1 22 4 0 0 42 1 0 0 16 -14 
978 9 -1 0 42 0 0 19 7 0 0 15 18 
979 9 0 0 0 0 0 0 0 0 0 0 0 
980 9 0 0 0 0 0 0 0 0 0 0 0 
981 9 0 0 0 0 0 0 0 0 0 0 0 
982 9 0 0 0 0 0 0 0 0 0 0 0 
983 9 0 0 0 0 0 0 0 0 0 0 0 
984 9 0 0 0 0 0 0 0 0 0 0 0 
985 9 0 0 0 0 0 0 0 0 0 0 0 
986 9 0 0 0 0 0 0 0 0 0 0 0 
987 9 0 0 0 0 0 0 0 0 0 0 0 
988 9 0 0 0 0 0 0 0 0 0 0 0 
989 9 0 0 0 0 0 0 0 0 0 0 0 
990 9 0 0 0 0 0 0 0 0 0 0 0 
991 9 0 0 0 0 0 0 0 0 0 0 0 
992 9 0 0 0 0 0 0 0 0 0 0 0 
993 9 0 0 0 0 0 0 0 0 0 0 0 
994 9 0 0 0 0 0 0 0 0 0 0 0 
995 9 0 0 0 0 0 0 0 0 0 0 0 
996 9 0 0 0 0 0 0 0 0 0 0 0 
997 9 0 0 0 0 0 0 0 0 0 0 0 
998 9 0 0 0 0 0 0 0 0 0 0 0 
999 9 0 0 0 0 0 0 0 0 0 0 0 
1000 9 0 0 0 0 0 0 0 0 0 0 0 
1001 9 0 0 0 0 0 0 0 0 0 0 0 
1002 9 0 0 0 0 0 0 0 0 0 0 0 
1003 9 0 0 0 0 0 0 0 0 0 0 0 
1004 9 0 0 0 0 0 0 0 0 0 0 0 
1005 9 0 0 0 0 0 0 0 0 0 0 0 
1006 9 0 0 0 0 0 0 0 0 0 0 0 
1007 9 0 0 0 0 0 0 0 0 0 0 0 
1008 9 0 0 0 0 0 0 0 0 0 0 0 
1009 9 0 0 0 0 0 0 0 0 0 0 0 
1010 9 0 0 0 0 0 0 0 0 0 0 0 
1011 9 0 0 0 0 0 0 0 0 0 0 0 
1012 9 0 0 0 0 0 0 0 0 0 0 0 
1013 9 0 0 0 0 0 0 0 0 0 0 0 
1014 9 0 0 0 0 0 0 0 0 0 0 0 
1015 9 0 0 0 0 0 0 0 0 0 0 0 
1016 9 0 0 0 0 0 0 0 0 0 0 0 
1017 9 0 0 0 0 0 0 0 0 0 0 0 
1018 9 0 0 0 0 0 0 0 0 0 0 0 
1019 9 0 0 0 0 0 0 0 0 0 0 0 
1020 9 0 0 0 0 0 0 0 0 0 0 0 
1021 9 0 0 0 0 0 0 0 0 0 0 0 
1022 9 0 0 0 0 0 0 0 0 0 0 0 
1023 10 0 0 0 0 0 0 0 0 0 0 0 
1024 10 0 0 0 0 0 0 0 0 0 0 0 
1025 10 0 0 0 0 0 0 0 0 0 0 0 
1026 10 0 0 0 0 0 0 0 0 0 0 0 
1027 10 0 0 0 0 0 0 0 0 0 0 0 
1028 10 0 0 0 0 0 0 0 0 0 0 0 
1029 10 0 0 0 0 0 0 0 0 0 0 0 
1030 10 0 0 0 0 0 0 0 0 0 0 0 
1031 10 0 0 0 0 0 0 0 0 0 0 0 
1032 10 0 0 0 0 0 0 0 0 0 0 0 
1033 10 0 0 0 0 0 0 0 0 0 0 0 
1034 10 0 0 0 0 0 0 0 0 0 0 0 
1035 10 0 0 0 0 0 0 0 0 0 0 0 
1036 10 0 0 0 0 0 0 0 0 0 0 0 
1037 10 0 0 0 0 0 0 0 0 0 0 0 
1038 10 0 0 0 0 0 0 0 0 0 0 0 
1039 10 0 0 0 0 0 0 0 0 0 0 0 
1040 10 0 0 0 0 0 0 0 0 0 0 0 
1041 10 0 0 0 0 0 0 0 0 0 0 0 
1042 10 0 0 0 0 0 0 0 0 0 0 0 
1043 10 0 0 0 0 0 0 0 0 0 0 0 
1044 10 0 0 0 0 0 0 0 0 0 0 0 
1045 10 0 0 0 0 0 0 0 0 0 0 0 
1046 10 0 0 0 0 0 0 0 0 0 0 0 
1047 10 0 0 0 0 0 0 0 0 0 0 0 
1048 10 0 0 0 0 0 0 0 0 0 0 0 
1049 10 0 0 0 0 0 0 0 0 0 0 0 
1050 10 0 0 0 0 0 0 0 0 0 0 0 
1051 10 0 0 0 0 0 0 0 0 0 0 0 
1052 10 0 0 0 0 0 0 0 0 0 0 0 
1053 10 0 0 0 0 0 0 0 0 0 0 0 
1054 10 0 0 0 0 0 0 0 0 0 0 0 
1055 10 0 0 0 0 0 0 0 0 0 0 0 
1056 10 0 0 0 0 0 0 0 0 0 0 0 
1057 10 0 0 0 0 0 0 0 0 0 0 0 
1058 10 0 0 0 0 0 0 0 0 0 0 0 
1059 10 0 0 0 0 0 0 0 0 0 0 0 
1060 10 0 0 0 0 0 0 0 0 0 0 0 
1061 10 0 0 0 0 0 0 0 0 0 0 0 
1062 10 0 0 0 0 0 0 0 0 0 0 0 
1063 10 0 0 0 0 0 0 0 0 0 0 0 
1064 10 0 0 0 0 0 0 0 0 0 0 0 
1065 10 0 0 0 0 0 0 0 0 0 0 0 
1066 10 0 0 0 0 0 0 0 0 0 0 0 
1067 10 0 0 0 0 0 0 0 0 0 0 0 
1068 10 0 0 0 0 0 0 0 0 0 0 0 
1069 10 0 0 0 0 0 0 0 0 0 0 0 
1070 10 0 0 0 0 0 0 0 0 0 0 0 
1071 10 0 0 0 0 0 0 0 0 0 0 0 
1072 10 0 0 0 0 0 0 0 0 0 0 0 
1073 10 0 0 0 0 0 0 0 0 0 0 0 
1074 10 0 0 0 0 0 0 0 0 0 0 0 
1075 10 0 0 0 0 0 0 0 0 0 0 0 
1076 10 0 0 0 0 0 0 0 0 0 0 0 
1077 10 0 0 0 0 0 0 0 0 0 0 0 
1078 10 0 0 0 0 0 0 0 0 0 0 0 
1079 10 0 0 0 0 0 0 0 0 0 0 0 
1080 10 0 0 0 0 0 0 0 0 0 0 0 
1081 10 0 0 0 0 0 0 0 0 0 0 0 
1082 10 0 0 0 0 0 0 0 0 0 0 0 
1083 10 0 0 0 0 0 0 0 0 0 0 0 
1084 10 0 0 0 0 0 0 0 0 0 0 0 
1085 10 0 0 0 0 0 0 0 0 0 0 0 
1086 10 0 0 0 0 0 0 0 0 0 0 0 
1087 10 0 0 0 0 0 0 0 0 0 0 0 
1088 10 0 0 0 0 0 0 0 0 0 0 0 
1089 10 0 0 0 0 0 0 0 0 0 0 0 
1090 10 0 0 0 0 0 0 0 0 0 0 0 
1091 10 0 0 0 0 0 0 0 0 0 0 0 
1092 10 0 0 0 0 0 0 0 0 0 0 0 
1093 10 0 0 0 0 0 0 0 0 0 0 0 
1094 10 0 0 0 0 0 0 0 0 0 0 0 
1095 10 0 0 0 0 0 0 0 0 0 0 0 
1096 10 0 0 0 0 0 0 0 0 0 0 0 
1097 10 0 0 0 0 0 0 0 0 0 0 0 
1098 10 0 0 0 0 0 0 0 0 0 0 0 
1099 10 0 0 0 0 0 0 0 0 0 0 0 
1100 10 0 0 0 0 0 0 0 0 0 0 0 
1101 10 0 0 0 0 0 0 0 0 0 0 0 
1102 10 0 0 0 0 0 0 0 0 0 0 0 
1103 10 0 0 0 0 0 0 0 0 0 0 0 
1104 10 0 0 0 0 0 0 0 0 0 0 0 
1105 10 0 0 0 0 0 0 0 0 0 0 0 
1106 10 0 0 0 0 0 0 0 0 0 0 0 
1107 10 0 0 0 0 0 0 0 0 0 0 0 
1108 10 0 0 0 0 0 0 0 0 0 0 0 
1109 10 0 0 0 0 0 0 0 0 0 0 0 
1110 10 0 0 0 0 0 0 0 0 0 0 0 
1111 10 0 0 0 0 0 0 0 0 0 0 0 
1112 10 0 0 0 0 0 0 0 0 0 0 0 
1113 10 0 0 0 0 0 0 0 0 0 0 0 
1114 10 0 0 0 0 0 0 0 0 0 0 0 
1115 10 0 0 0 0 0 0 0 0 0 0 0 
1116 10 0 0 0 0 0 0 0 0 0 0 0 
1117 10 0 0 0 0 0 0 0 0 0 0 0 
1118 10 0 0 0 0 0 0 0 0 0 0 0 
1119 10 0 0 0 0 0 0 0 0 0 0 0 
1120 10 0 0 0 0 0 0 0 0 0 0 0 
1121 10 0 0 0 0 0 0 0 0 0 0 0 
1122 10 0 0 0 0 0 0 0 0 0 0 0 
1123 10 0 0 0 0 0 0 0 0 0 0 0 
1124 10 0 0 0 0 0 0 0 0 0 0 0 
1125 10 0 0 0 0 0 0 0 0 0 0 0 
1126 10 0 0 0 0 0 0 0 0 0 0 0 
1127 10 0 0 0 0 0 0 0 0 0 0 0 
1128 10 0 0 0 0 0 0 0 0 0 0 0 
1129 10 0 0 0 0 0 0 0 0 0 0 0 
1130 10 0 0 0 0 0 0 0 0 0 0 0 
1131 10 0 0 0 0 0 0 0 0 0 0 0 
1132 10 0 0 0 0 0 0 0 0 0 0 0 
1133 10 0 0 0 0 0 0 0 0 0 0 0 
1134 10 0 0 0 0 0 0 0 0 0 0 0 
1135 10 0 0 0 0 0 0 0 0 0 0 0 
1136 10 0 0 0 0 0 0 0 0 0 0 0 
1137 10 0 0 0 0 0 0 0 0 0 0 0 
1138 10 0 0 0 0 0 0 0 0 0 0 0 
1139 10 0 0 0 0 0 0 0 0 0 0 0 
1140 10 0 0 0 0 0 0 0 0 0 0 0 
1141 10 0 0 0 0 0 0 0 0 0 0 0 
1142 10 0 0 0 0 0 0 0 0 0 0 0 
1143 10 0 0 0 0 0 0 0 0 0 0 0 
1144 10 0 0 0 0 0 0 0 0 0 0 0 
1145 10 0 0 0 0 0 0 0 0 0 0 0 
1146 10 0 0 0 0 0 0 0 0 0 0 0 
1147 10 0 0 0 0 0 0 0 0 0 0 0 
1148 10 0 0 0 0 0 0 0 0 0 0 0 
1149 10 0 0 0 0 0 0 0 0 0 0 0 
1150 10 0 0 0 0 0 0 0 0 0 0 0 
1151 10 0 0 0 0 0 0 0 0 0 0 0 
1152 10 0 0 0 0 0 0 0 0 0 0 0 
1153 10 0 0 0 0 0 0 0 0 0 0 0 
1154 10 0 0 0 0 0 0 0 0 0 0 0 
1155 10 0 0 0 0 0 0 0 0 0 0 0 
1156 10 0 0 0 0 0 0 0 0 0 0 0 
1157 10 0 0 0 0 0 0 0 0 0 0 0 
1158 10 0 0 0 0 0 0 0 0 0 0 0 
1159 10 0 0 0 0 0 0 0 0 0 0 0 
1160 10 0 0 0 0 0 0 0 0 0 0 0 
1161 10 0 0 0 0 0 0 0 0 0 0 0 
1162 10 0 0 0 0 0 0 0 0 0 0 0 
1163 10 0 0 0 0 0 0 0 0 0 0 0 
1164 10 0 0 0 0 0 0 0 0 0 0 0 
1165 10 0 0 0 0 0 0 0 0 0 0 0 
1166 10 0 0 0 0 0 0 0 0 0 0 0 
1167 10 0 0 0 0 0 0 0 0 0 0 0 
1168 10 0 0 0 0 0 0 0 0 0 0 0 
1169 10 0 0 0 0 0 0 0 0 0 0 0 
1170 10 0 0 0 0 0 0 0 0 0 0 0 
1171 10 0 0 0 0 0 0 0 0 0 0 0 
1172 10 0 0 0 0 0 0 0 0 0 0 0 
1173 10 0 0 0 0 0 0 0 0 0 0 0 
1174 10 0 0 0 0 0 0 0 0 0 0 0 
1175 10 0 0 0 0 0 0 0 0 0 0 0 
1176 10 0 0 0 0 0 0 0 0 0 0 0 
1177 10 0 0 0 0 0 0 0 0 0 0 0 
1178 10 0 0 0 0 0 0 0 0 0 0 0 
1179 10 0 0 0 0 0 0 0 0 0 0 0 
1180 10 0 0 0 0 0 0 0 0 0 0 0 
1181 10 0 0 0 0 0 0 0 0 0 0 0 
1182 10 0 0 0 0 0 0 0 0 0 0 0 
1183 10 0 0 0 0 0 0 0 0 0 0 0 
1184 10 0 0 0 0 0 0 0 0 0 0 0 
1185 10 0 0 0 0 0 0 0 0 0 0 0 
1186 10 0 0 0 0 0 0 0 0 0 0 0 
1187 10 0 0 0 0 0 0 0 0 0 0 0 
1188 10 0 0 0 0 0 0 0 0 0 0 0 
1189 10 0 0 0 0 0 0 0 0 0 0 0 
1190 10 0 0 0 0 0 0 0 0 0 0 0 
1191 10 0 0 0 0 0 0 0 0 0 0 0 
1192 10 0 0 0 0 0 0 0 0 0 0 0 
1193 10 0 0 0 0 0 0 0 0 0 0 0 
1194 10 0 0 0 0 0 0 0 0 0 0 0 
1195 10 0 0 0 0 0 0 0 0 0 0 0 
1196 10 0 0 0 0 0 0 0 0 0 0 0 
1197 10 0 0 0 0 0 0 0 0 0 0 0 
1198 10 0 0 0 0 0 0 0 0 0 0 0 
1199 10 0 0 0 0 0 0 0 0 0 0 0 
1200 10 0 0 0 0 0 0 0 0 0 0 0 
1201 10 0 0 0 0 0 0 0 0 0 0 0 
1202 10 0 0 0 0 0 0 0 0 0 0 0 
1203 10 0 0 0 0 0 0 0 0 0 0 0 
1204 10 0 0 0 0 0 0 0 0 0 0 0 
1205 10 0 0 0 0 0 0 0 0 0 0 0 
1206 10 0 0 0 0 0 0 0 0 0 0 0 
1207 10 0 0 0 0 0 0 0 0 0 0 0 
1208 10 0 0 0 0 0 0 0 0 0 0 0 
1209 10 0 0 0 0 0 0 0 0 0 0 0 
1210 10 0 0 0 0 0 0 0 0 0 0 0 
1211 10 0 0 0 0 0 0 0 0 0 0 0 
1212 10 0 0 0 0 0 0 0 0 0 0 0 
1213 10 0 0 0 0 0 0 0 0 0 0 0 
1214 10 0 0 0 0 0 0 0 0 0 0 0 
1215 10 0 0 0 0 0 0 0 0 0 0 0 
1216 10 0 0 0 0 0 0 0 0 0 0 0 
1217 10 0 0 0 0 0 0 0 0 0 0 0 
1218 10 0 0 0 0 0 0 0 0 0 0 0 
1219 10 0 0 0 0 0 0 0 0 0 0 0 
1220 10 0 0 0 0 0 0 0 0 0 0 0 
1221 10 0 0 0 0 0 0 0 0 0 0 0 
1222 10 0 0 0 0 0 0 0 0 0 0 0 
1223 10 0 0 0 0 0 0 0 0 0 0 0 
1224 10 0 0 0 0 0 0 0 0 0 0 0 
1225 10 0 0 0 0 0 0 0 0 0 0 0 
1226 10 0 0 0 0 0 0 0 0 0 0 0 
1227 10 0 0 0 0 0 0 0 0 0 0 0 
1228 10 0 0 0 0 0 0 0 0 0 0 0 
1229 10 0 0 0 0 0 0 0 0 0 0 0 
1230 10 0 0 0 0 0 0 0 0 0 0 0 
1231 10 0 0 0 0 0 0 0 0 0 0 0 
1232 10 0 0 0 0 0 0 0 0 0 0 0 
1233 10 0 0 0 0 0 0 0 0 0 0 0 
1234 10 0 0 0 0 0 0 0 0 0 0 0 
1235 10 0 0 0 0 0 0 0 0 0 0 0 
1236 10 0 0 0 0 0 0 0 0 0 0 0 
1237 10 0 0 0 0 0 0 0 0 0 0 0 
1238 10 0 0 0 0 0 0 0 0 0 0 0 
1239 10 0 0 0 0 0 0 0 0 0 0 0 
1240 10 0 0 0 0 0 0 0 0 0 0 0 
1241 10 0 0 0 0 0 0 0 0 0 0 0 
1242 10 0 0 0 0 0 0 0 0 0 0 0 
1243 10 0 0 0 0 0 0 0 0 0 0 0 
1244 10 0 0 0 0 0 0 0 0 0 0 0 
1245 10 0 0 0 0 0 0 0 0 0 0 0 
1246 10 0 0 0 0 0 0 0 0 0 0 0 
1247 10 0 0 0 0 0 0 0 0 0 0 0 
1248 10 0 0 0 0 0 0 0 0 0 0 0 
1249 10 0 0 0 0 0 0 0 0 0 0 0 
1250 10 0 0 0 0 0 0 0 0 0 0 0 
1251 10 0 0 0 0 0 0 0 0 0 0 0 
1252 10 0 0 0 0 0 0 0 0 0 0 0 
1253 10 0 0 0 0 0 0 0 0 0 0 0 
1254 10 0 0 0 0 0 0 0 0 0 0 0 
1255 10 0 0 0 0 0 0 0 0 0 0 0 
1256 10 0 0 0 0 0 0 0 0 0 0 0 
1257 10 0 0 0 0 0 0 0 0 0 0 0 
1258 10 0 0 0 0 0 0 0 0 0 0 0 
1259 10 0 0 0 0 0 0 0 0 0 0 0 
1260 10 0 0 0 0 0 0 0 0 0 0 0 
1261 10 0 0 0 0 0 0 0 0 0 0 0 
1262 10 0 0 0 0 0 0 0 0 0 0 0 
1263 10 0 0 0 0 0 0 0 0 0 0 0 
1264 10 0 0 0 0 0 0 0 0 0 0 0 
1265 10 0 0 0 0 0 0 0 0 0 0 0 
1266 10 0 0 0 0 0 0 0 0 0 0 0 
1267 10 0 0 0 0 0 0 0 0 0 0 0 
1268 10 0 0 0 0 0 0 0 0 0 0 0 
1269 10 0 0 0 0 0 0 0 0 0 0 0 
1270 10 0 0 0 0 0 0 0 0 0 0 0 
1271 10 0 0 0 0 0 0 0 0 0 0 0 
1272 10 0 0 0 0 0 0 0 0 0 0 0 
1273 10 0 0 0 0 0 0 0 0 0 0 0 
1274 10 0 0 0 0 0 0 0 0 0 0 0 
1275 10 0 0 0 0 0 0 0 0 0 0 0 
1276 10 0 0 0 0 0 0 0 0 0 0 0 
1277 10 0 0 0 0 0 0 0 0 0 0 0 
1278 10 0 0 0 0 0 0 0 0 0 0 0 
1279 10 0 0 0 0 0 0 0 0 0 0 0 
1280 10 0 0 0 0 0 0 0 0 0 0 0 
1281 10 0 0 0 0 0 0 0 0 0 0 0 
1282 10 0 0 0 0 0 0 0 0 0 0 0 
1283 10 0 0 0 0 0 0 0 0 0 0 0 
1284 10 0 0 0 0 0 0 0 0 0 0 0 
1285 10 0 0 0 0 0 0 0 0 0 0 0 
1286 10 0 0 0 0 0 0 0 0 0 0 0 
1287 10 0 0 0 0 0 0 0 0 0 0 0 
1288 10 0 0 0 0 0 0 0 0 0 0 0 
1289 10 0 0 0 0 0 0 0 0 0 0 0 
1290 10 0 0 0 0 0 0 0 0 0 0 0 
1291 10 0 0 0 0 0 0 0 0 0 0 0 
1292 10 0 0 0 0 0 0 0 0 0 0 0 
1293 10 0 0 0 0 0 0 0 0 0 0 0 
1294 10 0 0 0 0 0 0 0 0 0 0 0 
1295 10 4 0 0 0 0 0 0 0 0 0 0 
1296 10 5 0 0 0 0 0 0 0 0 0 0 
1297 10 6 0 0 0 0 0 0 0 0 0 0 
1298 10 7 0 0 0 0 0 0 0 0 0 0 
1299 10 0 0 0 0 0 0 0 0 0 0 0 
1300 10 0 0 0 0 0 0 0 0 0 0 0 
1301 10 0 0 0 0 0 0 0 0 0 0 0 
1302 10 0 0 0 0 0 0 0 0 0 0 0 
1303 10 0 0 0 0 0 0 0 0 0 0 0 
1304 10 0 0 0 0 0 0 0 0 0 0 0 
1305 10 0 0 0 0 0 0 0 0 0 0 0 
1306 10 0 0 0 0 0 0 0 0 0 0 0 
1307 10 0 0 0 0 0 0 0 0 0 0 0 
1308 10 0 0 0 0 0 0 0 0 0 0 0 
1309 10 0 0 0 0 0 0 0 0 0 0 0 
1310 10 0 0 0 0 0 0 0 0 0 0 0 
1311 10 0 0 0 0 0 0 0 0 0 0 0 
1312 10 0 0 0 0 0 0 0 0 0 0 0 
1313 10 0 0 0 0 0 0 0 0 0 0 0 
1314 10 0 0 0 0 0 0 0 0 0 0 0 
1315 10 0 0 0 0 0 0 0 0 0 0 0 
1316 10 0 0 0 0 0 0 0 0 0 0 0 
1317 10 0 0 0 0 0 0 0 0 0 0 0 
1318 10 0 0 0 0 0 0 0 0 0 0 0 
1319 10 0 0 0 0 0 0 0 0 0 0 0 
1320 10 0 0 0 0 0 0 0 0 0 0 0 
1321 10 0 0 0 0 0 0 0 0 0 0 0 
1322 10 0 0 0 0 0 0 0 0 0 0 0 
1323 10 0 0 0 0 0 0 0 0 0 0 0 
1324 10 0 0 0 0 0 0 0 0 0 0 0 
1325 10 0 0 0 0 0 0 0 0 0 0 0 
1326 10 0 0 0 0 0 0 0 0 0 0 0 
1327 10 0 0 0 0 0 0 0 0 0 0 0 
1328 10 0 0 0 0 0 0 0 0 0 0 0 
1329 10 0 0 0 0 0 0 0 0 0 0 0 
1330 10 0 0 0 0 0 0 0 0 0 0 0 
1331 10 0 0 0 0 0 0 0 0 0 0 0 
1332 10 0 0 0 0 0 0 0 0 0 0 0 
1333 10 0 0 0 0 0 0 0 0 0 0 0 
1334 10 0 0 0 0 0 0 0 0 0 0 0 
1335 10 0 0 0 0 0 0 0 0 0 0 0 
1336 10 0 0 0 0 0 0 0 0 0 0 0 
1337 10 0 0 0 0 0 0 0 0 0 0 0 
1338 10 0 0 0 0 0 0 0 0 0 0 0 
1339 10 0 0 0 0 0 0 0 0 0 0 0 
1340 10 0 0 0 0 0 0 0 0 0 0 0 
1341 10 0 0 0 0 0 0 0 0 0 0 0 
1342 10 0 0 0 0 0 0 0 0 0 0 0 
1343 10 0 0 0 0 0 0 0 0 0 0 0 
1344 10 0 0 0 0 0 0 0 0 0 0 0 
1345 10 0 0 0 0 0 0 0 0 0 0 0 
1346 10 0 0 0 0 0 0 0 0 0 0 0 
1347 10 17 0 0 0 0 0 0 0 0 0 0 
1348 10 18 0 0 0 0 0 0 0 0 0 0 
1349 10 19 0 0 0 0 0 0 0 0 0 0 
1350 10 20 0 0 0 0 0 0 0 0 0 0 
1351 10 0 0 0 0 0 0 0 0 0 0 0 
1352 10 0 0 0 0 0 0 0 0 0 0 0 
1353 10 0 0 0 0 0 0 0 0 0 0 0 
1354 10 0 0 0 0 0 0 0 0 0 0 0 
1355 10 0 0 0 0 0 0 0 0 0 0 0 
1356 10 0 0 0 0 0 0 0 0 0 0 0 
1357 10 24 0 0 0 0 0 0 0 0 0 0 
1358 10 25 0 0 0 0 0 0 0 0 0 0 
1359 10 0 0 0 0 0 0 0 0 0 0 0 
1360 10 0 0 0 0 0 0 0 0 0 0 0 
1361 10 0 0 0 0 0 0 0 0 0 0 0 
1362 10 0 0 0 0 0 0 0 0 0 0 0 
1363 10 0 0 0 0 0 0 0 0 0 0 0 
1364 10 0 0 0 0 0 0 0 0 0 0 0 
1365 10 0 0 0 0 0 0 0 0 0 0 0 
1366 10 0 0 0 0 0 0 0 0 0 0 0 
1367 10 0 0 0 0 0 0 0 0 0 0 0 
1368 10 0 0 0 0 0 0 0 0 0 0 0 
1369 10 0 0 0 0 0 0 0 0 0 0 0 
1370 10 0 0 0 0 0 0 0 0 0 0 0 
1371 10 0 0 0 0 0 0 0 0 0 0 0 
1372 10 0 0 0 0 0 0 0 0 0 0 0 
1373 10 0 0 0 0 0 0 0 0 0 0 0 
1374 10 0 0 0 0 0 0 0 0 0 0 0 
1375 10 0 0 0 0 0 0 0 0 0 0 0 
1376 10 0 0 0 0 0 0 0 0 0 0 0 
1377 10 0 0 0 0 0 0 0 0 0 0 0 
1378 10 0 0 0 0 0 0 0 0 0 0 0 
1379 10 0 0 0 0 0 0 0 0 0 0 0 
1380 10 0 0 0 0 0 0 0 0 0 0 0 
1381 10 0 0 0 0 0 0 0 0 0 0 0 
1382 10 0 0 0 0 0 0 0 0 0 0 0 
1383 10 0 0 0 0 0 0 0 0 0 0 0 
1384 10 0 0 0 0 0 0 0 0 0 0 0 
1385 10 0 0 0 0 0 0 0 0 0 0 0 
1386 10 0 0 0 0 0 0 0 0 0 0 0 
1387 10 0 0 0 0 0 0 0 0 0 0 0 
1388 10 0 0 0 0 0 0 0 0 0 0 0 
1389 10 0 0 0 0 0 0 0 0 0 0 0 
1390 10 0 0 0 0 0 0 0 0 0 0 0 
1391 10 0 0 0 0 0 0 0 0 0 0 0 
1392 10 0 0 0 0 0 0 0 0 0 0 0 
1393 10 0 0 0 0 0 0 0 0 0 0 0 
1394 10 0 0 0 0 0 0 0 0 0 0 0 
1395 10 0 0 0 0 0 0 0 0 0 0 0 
1396 10 0 0 0 0 0 0 0 0 0 0 0 
1397 10 0 0 0 0 0 0 0 0 0 0 0 
1398 10 0 0 0 0 0 0 0 0 0 0 0 
1399 10 0 0 0 0 0 0 0 0 0 0 0 
1400 10 0 0 0 0 0 0 0 0 0 0 0 
1401 10 0 0 0 0 0 0 0 0 0 0 0 
1402 10 0 0 0 0 0 0 0 0 0 0 0 
1403 10 0 0 0 0 0 0 0 0 0 0 0 
1404 10 0 0 0 0 0 0 0 0 0 0 0 
1405 10 0 0 0 0 0 0 0 0 0 0 0 
1406 10 0 0 0 0 0 0 0 0 0 0 0 
1407 10 0 0 0 0 0 0 0 0 0 0 0 
1408 10 0 0 0 0 0 0 0 0 0 0 0 
1409 10 0 0 0 0 0 0 0 0 0 0 0 
1410 10 0 0 0 0 0 0 0 0 0 0 0 
1411 10 0 0 0 0 0 0 0 0 0 0 0 
1412 10 0 0 0 0 0 0 0 0 0 0 0 
1413 10 0 0 0 0 0 0 0 0 0 0 0 
1414 10 0 0 0 0 0 0 0 0 0 0 0 
1415 10 0 0 0 0 0 0 0 0 0 0 0 
1416 10 0 0 0 0 0 0 0 0 0 0 0 
1417 10 0 0 0 0 0 0 0 0 0 0 0 
1418 10 0 0 0 0 0 0 0 0 0 0 0 
1419 10 0 0 0 0 0 0 0 0 0 0 0 
1420 10 0 0 0 0 0 0 0 0 0 0 0 
1421 10 0 0 0 0 0 0 0 0 0 0 0 
1422 10 0 0 0 0 0 0 0 0 0 0 0 
1423 10 0 0 0 0 0 0 0 0 0 0 0 
1424 10 0 0 0 0 0 0 0 0 0 0 0 
1425 10 0 0 0 0 0 0 0 0 0 0 0 
1426 10 0 0 0 0 0 0 0 0 0 0 0 
1427 10 0 0 0 0 0 0 0 0 0 0 0 
1428 10 0 0 0 0 0 0 0 0 0 0 0 
1429 10 0 0 0 0 0 0 0 0 0 0 0 
1430 10 0 0 0 0 0 0 0 0 0 0 0 
1431 10 0 0 0 0 0 0 0 0 0 0 0 
1432 10 0 0 0 0 0 0 0 0 0 0 0 
1433 10 0 0 0 0 0 0 0 0 0 0 0 
1434 10 0 0 0 0 0 0 0 0 0 0 0 
1435 10 0 0 0 0 0 0 0 0 0 0 0 
1436 10 0 0 0 0 0 0 0 0 0 0 0 
1437 10 0 0 0 0 0 0 0 0 0 0 0 
1438 10 0 0 0 0 0 0 0 0 0 0 0 
1439 10 0 0 0 0 0 0 0 0 0 0 0 
1440 10 0 0 0 0 0 0 0 0 0 0 0 
1441 10 0 0 0 0 0 0 0 0 0 0 0 
1442 10 0 0 0 0 0 0 0 0 0 0 0 
1443 10 0 0 0 0 0 0 0 0 0 0 0 
1444 10 0 0 0 0 0 0 0 0 0 0 0 
1445 10 0 0 0 0 0 0 0 0 0 0 0 
1446 10 0 0 0 0 0 0 0 0 0 0 0 
1447 10 0 0 0 0 0 0 0 0 0 0 0 
1448 10 0 0 0 0 0 0 0 0 0 0 0 
1449 10 0 0 0 0 0 0 0 0 0 0 0 
1450 10 0 0 0 0 0 0 0 0 0 0 0 
1451 10 0 0 0 0 0 0 0 0 0 0 0 
1452 10 0 0 0 0 0 0 0 0 0 0 0 
1453 10 0 0 0 0 0 0 0 0 0 0 0 
1454 10 0 0 0 0 0 0 0 0 0 0 0 
1455 10 0 0 0 0 0 0 0 0 0 0 0 
1456 10 0 0 0 0 0 0 0 0 0 0 0 
1457 10 0 0 0 0 0 0 0 0 0 0 0 
1458 10 0 0 0 0 0 0 0 0 0 0 0 
1459 10 0 0 0 0 0 0 0 0 0 0 0 
1460 10 0 0 0 0 0 0 0 0 0 0 0 
1461 10 0 0 0 0 0 0 0 0 0 0 0 
1462 10 0 0 0 0 0 0 0 0 0 0 0 
1463 10 0 0 0 0 0 0 0 0 0 0 0 
1464 10 0 0 0 0 0 0 0 0 0 0 0 
1465 10 0 0 0 0 0 0 0 0 0 0 0 
1466 10 0 0 0 0 0 0 0 0 0 0 0 
1467 10 0 0 0 0 0 0 0 0 0 0 0 
1468 10 0 0 0 0 0 0 0 0 0 0 0 
1469 10 0 0 0 0 0 0 0 0 0 0 0 
1470 10 0 0 0 0 0 0 0 0 0 0 0 
1471 10 0 0 0 0 0 0 0 0 0 0 0 
1472 10 0 0 0 0 0 0 0 0 0 0 0 
1473 10 0 0 0 0 0 0 0 0 0 0 0 
1474 10 0 0 0 0 0 0 0 0 0 0 0 
1475 10 0 0 0 0 0 0 0 0 0 0 0 
1476 10 0 0 0 0 0 0 0 0 0 0 0 
1477 10 0 0 0 0 0 0 0 0 0 0 0 
1478 10 0 0 0 0 0 0 0 0 0 0 0 
1479 10 0 0 0 0 0 0 0 0 0 0 0 
1480 10 0 0 0 0 0 0 0 0 0 0 0 
1481 10 0 0 0 0 0 0 0 0 0 0 0 
1482 10 0 0 0 0 0 0 0 0 0 0 0 
1483 10 0 0 0 0 0 0 0 0 0 0 0 
1484 10 0 0 0 0 0 0 0 0 0 0 0 
1485 10 0 0 0 0 0 0 0 0 0 0 0 
1486 10 0 0 0 0 0 0 0 0 0 0 0 
1487 10 0 0 0 0 0 0 0 0 0 0 0 
1488 10 0 0 0 0 0 0 0 0 0 0 0 
1489 10 0 0 0 0 0 0 0 0 0 0 0 
1490 10 0 0 0 0 0 0 0 0 0 0 0 
1491 10 0 0 0 0 0 0 0 0 0 0 0 
1492 10 0 0 0 0 0 0 0 0 0 0 0 
1493 10 0 0 0 0 0 0 0 0 0 0 0 
1494 10 0 0 0 0 0 0 0 0 0 0 0 
1495 10 0 0 0 0 0 0 0 0 0 0 0 
1496 10 0 0 0 0 0 0 0 0 0 0 0 
1497 10 0 0 0 0 0 0 0 0 0 0 0 
1498 10 0 0 0 0 0 0 0 0 0 0 0 
1499 10 0 0 0 0 0 0 0 0 0 0 0 
1500 10 0 0 0 0 0 0 0 0 0 0 0 
1501 10 0 0 0 0 0 0 0 0 0 0 0 
1502 10 0 0 0 0 0 0 0 0 0 0 0 
1503 10 0 0 0 0 0 0 0 0 0 0 0 
1504 10 0 0 0 0 0 0 0 0 0 0 0 
1505 10 0 0 0 0 0 0 0 0 0 0 0 
1506 10 0 0 0 0 0 0 0 0 0 0 0 
1507 10 0 0 0 0 0 0 0 0 0 0 0 
1508 10 0 0 0 0 0 0 0 0 0 0 0 
1509 10 0 0 0 0 0 0 0 0 0 0 0 
1510 10 0 0 0 0 0 0 0 0 0 0 0 
1511 10 42 0 0 0 0 0 0 0 0 0 0 
1512 10 43 0 0 0 0 0 0 0 0 0 0 
1513 10 0 0 0 0 0 0 0 0 0 0 0 
1514 10 0 0 0 0 0 0 0 0 0 0 0 
1515 10 0 0 0 0 0 0 0 0 0 0 0 
1516 10 0 0 0 0 0 0 0 0 0 0 0 
1517 10 0 0 0 0 0 0 0 0 0 0 0 
1518 10 0 0 0 0 0 0 0 0 0 0 0 
1519 10 0 0 0 0 0 0 0 0 0 0 0 
1520 10 0 0 0 0 0 0 0 0 0 0 0 
1521 10 0 0 0 0 0 0 0 0 0 0 0 
1522 10 0 0 0 0 0 0 0 0 0 0 0 
1523 10 0 0 0 0 0 0 0 0 0 0 0 
1524 10 0 0 0 0 0 0 0 0 0 0 0 
1525 10 0 0 0 0 0 0 0 0 0 0 0 
1526 10 0 0 0 0 0 0 0 0 0 0 0 
1527 10 0 0 0 0 0 0 0 0 0 0 0 
1528 10 0 0 0 0 0 0 0 0 0 0 0 
1529 10 0 0 0 0 0 0 0 0 0 0 0 
1530 10 0 0 0 0 0 0 0 0 0 0 0 
1531 10 0 0 0 0 0 0 0 0 0 0 0 
1532 10 0 0 0 0 0 0 0 0 0 0 0 
1533 10 0 0 0 0 0 0 0 0 0 0 0 
1534 10 0 0 0 0 0 0 0 0 0 0 0 
1535 10 0 0 0 0 0 0 0 0 0 0 0 
1536 10 0 0 0 0 0 0 0 0 0 0 0 
1537 10 0 0 0 0 0 0 0 0 0 0 0 
1538 10 0 0 0 0 0 0 0 0 0 0 0 
1539 10 0 0 0 0 0 0 0 0 0 0 0 
1540 10 0 0 0 0 0 0 0 0 0 0 0 
1541 10 0 0 0 0 0 0 0 0 0 0 0 
1542 10 0 0 0 0 0 0 0 0 0 0 0 
1543 10 0 0 0 0 0 0 0 0 0 0 0 
1544 10 0 0 0 0 0 0 0 0 0 0 0 
1545 10 0 0 0 0 0 0 0 0 0 0 0 
1546 10 0 0 0 0 0 0 0 0 0 0 0 
1547 10 0 0 0 0 0 0 0 0 0 0 0 
1548 10 0 0 0 0 0 0 0 0 0 0 0 
1549 10 0 0 0 0 0 0 0 0 0 0 0 
1550 10 0 0 0 0 0 0 0 0 0 0 0 
1551 10 0 0 0 0 0 0 0 0 0 0 0 
1552 10 0 0 0 0 0 0 0 0 0 0 0 
1553 10 0 0 0 0 0 0 0 0 0 0 0 
1554 10 0 0 0 0 0 0 0 0 0 0 0 
1555 10 0 0 0 0 0 0 0 0 0 0 0 
1556 10 0 0 0 0 0 0 0 0 0 0 0 
1557 10 0 0 0 0 0 0 0 0 0 0 0 
1558 10 0 0 0 0 0 0 0 0 0 0 0 
1559 10 0 0 0 0 0 0 0 0 0 0 0 
1560 10 0 0 0 0 0 0 0 0 0 0 0 
1561 10 0 0 0 0 0 0 0 0 0 0 0 
1562 10 0 0 0 0 0 0 0 0 0 0 0 
1563 10 0 0 0 0 0 0 0 0 0 0 0 
1564 10 0 0 0 0 0 0 0 0 0 0 0 
1565 10 0 0 0 0 0 0 0 0 0 0 0 
1566 10 0 0 0 0 0 0 0 0 0 0 0 
1567 10 0 0 0 0 0 0 0 0 0 0 0 
1568 10 0 0 0 0 0 0 0 0 0 0 0 
1569 10 0 0 0 0 0 0 0 0 0 0 0 
1570 10 0 0 0 0 0 0 0 0 0 0 0 
1571 10 0 0 0 0 0 0 0 0 0 0 0 
1572 10 0 0 0 0 0 0 0 0 0 0 0 
1573 10 0 0 0 0 0 0 0 0 0 0 0 
1574 10 0 0 0 0 0 0 0 0 0 0 0 
1575 10 0 0 0 0 0 0 0 0 0 0 0 
1576 10 0 0 0 0 0 0 0 0 0 0 0 
1577 10 0 0 0 0 0 0 0 0 0 0 0 
1578 10 0 0 0 0 0 0 0 0 0 0 0 
1579 10 0 0 0 0 0 0 0 0 0 0 0 
1580 10 0 0 0 0 0 0 0 0 0 0 0 
1581 10 0 0 0 0 0 0 0 0 0 0 0 
1582 10 0 0 0 0 0 0 0 0 0 0 0 
1583 10 0 0 0 0 0 0 0 0 0 0 0 
1584 10 0 0 0 0 0 0 0 0 0 0 0 
1585 10 0 0 0 0 0 0 0 0 0 0 0 
1586 10 0 0 0 0 0 0 0 0 0 0 0 
1587 10 0 0 0 0 0 0 0 0 0 0 0 
1588 10 0 0 0 0 0 0 0 0 0 0 0 
1589 10 0 0 0 0 0 0 0 0 0 0 0 
1590 10 0 0 0 0 0 0 0 0 0 0 0 
1591 10 0 0 0 0 0 0 0 0 0 0 0 
1592 10 0 0 0 0 0 0 0 0 0 0 0 
1593 10 0 0 0 0 0 0 0 0 0 0 0 
1594 10 0 0 0 0 0 0 0 0 0 0 0 
1595 10 0 0 0 0 0 0 0 0 0 0 0 
1596 10 0 0 0 0 0 0 0 0 0 0 0 
1597 10 0 0 0 0 0 0 0 0 0 0 0 
1598 10 0 0 0 0 0 0 0 0 0 0 0 
1599 10 0 0 0 0 0 0 0 0 0 0 0 
1600 10 0 0 0 0 0 0 0 0 0 0 0 
1601 10 0 0 0 0 0 0 0 0 0 0 0 
1602 10 0 0 0 0 0 0 0 0 0 0 0 
1603 10 0 0 0 0 0 0 0 0 0 0 0 
1604 10 0 0 0 0 0 0 0 0 0 0 0 
1605 10 0 0 0 0 0 0 0 0 0 0 0 
1606 10 0 0 0 0 0 0 0 0 0 0 0 
1607 10 0 0 0 0 0 0 0 0 0 0 0 
1608 10 0 0 0 0 0 0 0 0 0 0 0 
1609 10 0 0 0 0 0 0 0 0 0 0 0 
1610 10 0 0 0 0 0 0 0 0 0 0 0 
1611 10 0 0 0 0 0 0 0 0 0 0 0 
1612 10 0 0 0 0 0 0 0 0 0 0 0 
1613 10 0 0 0 0 0 0 0 0 0 0 0 
1614 10 0 0 0 0 0 0 0 0 0 0 0 
1615 10 0 0 0 0 0 0 0 0 0 0 0 
1616 10 0 0 0 0 0 0 0 0 0 0 0 
1617 10 0 0 0 0 0 0 0 0 0 0 0 
1618 10 0 0 0 0 0 0 0 0 0 0 0 
1619 10 0 0 0 0 0 0 0 0 0 0 0 
1620 10 0 0 0 0 0 0 0 0 0 0 0 
1621 10 0 0 0 0 0 0 0 0 0 0 0 
1622 10 0 0 0 0 0 0 0 0 0 0 0 
1623 10 0 0 0 0 0 0 0 0 0 0 0 
1624 10 0 0 0 0 0 0 0 0 0 0 0 
1625 10 0 0 0 0 0 0 0 0 0 0 0 
1626 10 0 0 0 0 0 0 0 0 0 0 0 
1627 10 0 0 0 0 0 0 0 0 0 0 0 
1628 10 0 0 0 0 0 0 0 0 0 0 0 
1629 10 0 0 0 0 0 0 0 0 0 0 0 
1630 10 0 0 0 0 0 0 0 0 0 0 0 
1631 10 55 0 0 0 0 0 0 0 0 0 0 
1632 10 56 0 0 0 0 0 0 0 0 0 0 
1633 10 0 0 0 0 0 0 0 0 0 0 0 
1634 10 0 0 0 0 0 0 0 0 0 0 0 
1635 10 0 0 0 0 0 0 0 0 0 0 0 
1636 10 0 0 0 0 0 0 0 0 0 0 0 
1637 10 59 0 0 0 0 0 0 0 0 0 0 
1638 10 60 0 0 0 0 0 0 0 0 0 0 
1639 10 0 0 0 0 0 0 0 0 0 0 0 
1640 10 0 0 0 0 0 0 0 0 0 0 0 
1641 10 0 0 0 0 0 0 0 0 0 0 0 
1642 10 0 0 0 0 0 0 0 0 0 0 0 
1643 10 0 0 0 0 0 0 0 0 0 0 0 
1644 10 0 0 0 0 0 0 0 0 0 0 0 
1645 10 0 0 0 0 0 0 0 0 0 0 0 
1646 10 0 0 0 0 0 0 0 0 0 0 0 
1647 10 0 0 0 0 0 0 0 0 0 0 0 
1648 10 0 0 0 0 0 0 0 0 0 0 0 
1649 10 0 0 0 0 0 0 0 0 0 0 0 
1650 10 0 0 0 0 0 0 0 0 0 0 0 
1651 10 0 0 0 0 0 0 0 0 0 0 0 
1652 10 0 0 0 0 0 0 0 0 0 0 0 
1653 10 0 0 0 0 0 0 0 0 0 0 0 
1654 10 0 0 0 0 0 0 0 0 0 0 0 
1655 10 0 0 0 0 0 0 0 0 0 0 0 
1656 10 0 0 0 0 0 0 0 0 0 0 0 
1657 10 0 0 0 0 0 0 0 0 0 0 0 
1658 10 0 0 0 0 0 0 0 0 0 0 0 
1659 10 0 0 0 0 0 0 0 0 0 0 0 
1660 10 0 0 0 0 0 0 0 0 0 0 0 
1661 10 0 0 0 0 0 0 0 0 0 0 0 
1662 10 0 0 0 0 0 0 0 0 0 0 0 
1663 10 0 0 0 0 0 0 0 0 0 0 0 
1664 10 0 0 0 0 0 0 0 0 0 0 0 
1665 10 0 0 0 0 0 0 0 0 0 0 0 
1666 10 0 0 0 0 0 0 0 0 0 0 0 
1667 10 0 0 0 0 0 0 0 0 0 0 0 
1668 10 0 0 0 0 0 0 0 0 0 0 0 
1669 10 0 0 0 0 0 0 0 0 0 0 0 
1670 10 0 0 0 0 0 0 0 0 0 0 0 
1671 10 0 0 0 0 0 0 0 0 0 0 0 
1672 10 0 0 0 0 0 0 0 0 0 0 0 
1673 10 0 0 0 0 0 0 0 0 0 0 0 
1674 10 0 0 0 0 0 0 0 0 0 0 0 
1675 10 0 0 0 0 0 0 0 0 0 0 0 
1676 10 0 0 0 0 0 0 0 0 0 0 0 
1677 10 0 0 0 0 0 0 0 0 0 0 0 
1678 10 0 0 0 0 0 0 0 0 0 0 0 
1679 10 0 0 0 0 0 0 0 0 0 0 0 
1680 10 0 0 0 0 0 0 0 0 0 0 0 
1681 10 0 0 0 0 0 0 0 0 0 0 0 
1682 10 0 0 0 0 0 0 0 0 0 0 0 
1683 10 0 0 0 0 0 0 0 0 0 0 0 
1684 10 0 0 0 0 0 0 0 0 0 0 0 
1685 10 0 0 0 0 0 0 0 0 0 0 0 
1686 10 0 0 0 0 0 0 0 0 0 0 0 
1687 10 0 0 0 0 0 0 0 0 0 0 0 
1688 10 0 0 0 0 0 0 0 0 0 0 0 
1689 10 0 0 0 0 0 0 0 0 0 0 0 
1690 10 0 0 0 0 0 0 0 0 0 0 0 
1691 10 0 0 0 0 0 0 0 0 0 0 0 
1692 10 0 0 0 0 0 0 0 0 0 0 0 
1693 10 0 0 0 0 0 0 0 0 0 0 0 
1694 10 0 0 0 0 0 0 0 0 0 0 0 
1695 10 0 0 0 0 0 0 0 0 0 0 0 
1696 10 0 0 0 0 0 0 0 0 0 0 0 
1697 10 0 0 0 0 0 0 0 0 0 0 0 
1698 10 0 0 0 0 0 0 0 0 0 0 0 
1699 10 0 0 0 0 0 0 0 0 0 0 0 
1700 10 0 0 0 0 0 0 0 0 0 0 0 
1701 10 0 0 0 0 0 0 0 0 0 0 0 
1702 10 0 0 0 0 0 0 0 0 0 0 0 
1703 10 0 0 0 0 0 0 0 0 0 0 0 
1704 10 0 0 0 0 0 0 0 0 0 0 0 
1705 10 0 0 0 0 0 0 0 0 0 0 0 
1706 10 0 0 0 0 0 0 0 0 0 0 0 
1707 10 0 0 0 0 0 0 0 0 0 0 0 
1708 10 0 0 0 0 0 0 0 0 0 0 0 
1709 10 0 0 0 0 0 0 0 0 0 0 0 
1710 10 0 0 0 0 0 0 0 0 0 0 0 
1711 10 0 0 0 0 0 0 0 0 0 0 0 
1712 10 0 0 0 0 0 0 0 0 0 0 0 
1713 10 0 0 0 0 0 0 0 0 0 0 0 
1714 10 0 0 0 0 0 0 0 0 0 0 0 
1715 10 0 0 0 0 0 0 0 0 0 0 0 
1716 10 0 0 0 0 0 0 0 0 0 0 0 
1717 10 0 0 0 0 0 0 0 0 0 0 0 
1718 10 0 0 0 0 0 0 0 0 0 0 0 
1719 10 0 0 0 0 0 0 0 0 0 0 0 
1720 10 0 0 0 0 0 0 0 0 0 0 0 
1721 10 0 0 0 0 0 0 0 0 0 0 0 
1722 10 0 0 0 0 0 0 0 0 0 0 0 
1723 10 0 0 0 0 0 0 0 0 0 0 0 
1724 10 0 0 0 0 0 0 0 0 0 0 0 
1725 10 0 0 0 0 0 0 0 0 0 0 0 
1726 10 0 0 0 0 0 0 0 0 0 0 0 
1727 10 0 0 0 0 0 0 0 0 0 0 0 
1728 10 0 0 0 0 0 0 0 0 0 0 0 
1729 10 0 0 0 0 0 0 0 0 0 0 0 
1730 10 0 0 0 0 0 0 0 0 0 0 0 
1731 10 68 0 0 0 0 0 0 0 0 0 0 
1732 10 69 0 0 0 0 0 0 0 0 0 0 
1733 10 0 0 0 0 0 0 0 0 0 0 0 
1734 10 0 0 0 0 0 0 0 0 0 0 0 
1735 10 0 0 0 0 0 0 0 0 0 0 0 
1736 10 0 0 0 0 0 0 0 0 0 0 0 
1737 10 0 0 0 0 0 0 0 0 0 0 0 
1738 10 0 0 0 0 0 0 0 0 0 0 0 
1739 10 0 0 0 0 0 0 0 0 0 0 0 
1740 10 0 0 0 0 0 0 0 0 0 0 0 
1741 10 0 0 0 0 0 0 0 0 0 0 0 
1742 10 0 0 0 0 0 0 0 0 0 0 0 
1743 10 0 0 0 0 0 0 0 0 0 0 0 
1744 10 0 0 0 0 0 0 0 0 0 0 0 
1745 10 0 0 0 0 0 0 0 0 0 0 0 
1746 10 0 0 0 0 0 0 0 0 0 0 0 
1747 10 0 0 0 0 0 0 0 0 0 0 0 
1748 10 0 0 0 0 0 0 0 0 0 0 0 
1749 10 0 0 0 0 0 0 0 0 0 0 0 
1750 10 0 0 0 0 0 0 0 0 0 0 0 
1751 10 0 0 0 0 0 0 0 0 0 0 0 
1752 10 0 0 0 0 0 0 0 0 0 0 0 
1753 10 0 0 0 0 0 0 0 0 0 0 0 
1754 10 0 0 0 0 0 0 0 0 0 0 0 
1755 10 0 0 0 0 0 0 0 0 0 0 0 
1756 10 0 0 0 0 0 0 0 0 0 0 0 
1757 10 0 0 0 0 0 0 0 0 0 0 0 
1758 10 0 0 0 0 0 0 0 0 0 0 0 
1759 10 0 0 0 0 0 0 0 0 0 0 0 
1760 10 0 0 0 0 0 0 0 0 0 0 0 
1761 10 0 0 0 0 0 0 0 0 0 0 0 
1762 10 0 0 0 0 0 0 0 0 0 0 0 
1763 10 0 0 0 0 0 0 0 0 0 0 0 
1764 10 0 0 0 0 0 0 0 0 0 0 0 
1765 10 0 0 0 0 0 0 0 0 0 0 0 
1766 10 0 0 0 0 0 0 0 0 0 0 0 
1767 10 0 0 0 0 0 0 0 0 0 0 0 
1768 10 0 0 0 0 0 0 0 0 0 0 0 
1769 10 80 0 0 0 0 0 0 0 0 0 0 
1770 10 81 0 0 0 0 0 0 0 0 0 0 
1771 10 0 0 0 0 0 0 0 0 0 0 0 
1772 10 0 0 0 0 0 0 0 0 0 0 0 
1773 10 0 0 0 0 0 0 0 0 0 0 0 
1774 10 0 0 0 0 0 0 0 0 0 0 0 
1775 10 0 0 0 0 0 0 0 0 0 0 0 
1776 10 0 0 0 0 0 0 0 0 0 0 0 
1777 10 0 0 0 0 0 0 0 0 0 0 0 
1778 10 0 0 0 0 0 0 0 0 0 0 0 
1779 10 0 0 0 0 0 0 0 0 0 0 0 
1780 10 0 0 0 0 0 0 0 0 0 0 0 
1781 10 0 0 0 0 0 0 0 0 0 0 0 
1782 10 0 0 0 0 0 0 0 0 0 0 0 
1783 10 0 0 0 0 0 0 0 0 0 0 0 
1784 10 0 0 0 0 0 0 0 0 0 0 0 
1785 10 0 0 0 0 0 0 0 0 0 0 0 
1786 10 0 0 0 0 0 0 0 0 0 0 0 
1787 10 0 0 0 0 0 0 0 0 0 0 0 
1788 10 0 0 0 0 0 0 0 0 0 0 0 
1789 10 0 0 0 0 0 0 0 0 0 0 0 
1790 10 0 0 0 0 0 0 0 0 0 0 0 
1791 10 0 0 0 0 0 0 0 0 0 0 0 
1792 10 0 0 0 0 0 0 0 0 0 0 0 
1793 10 0 0 0 0 0 0 0 0 0 0 0 
1794 10 0 0 0 0 0 0 0 0 0 0 0 
1795 10 0 0 0 0 0 0 0 0 0 0 0 
1796 10 0 0 0 0 0 0 0 0 0 0 0 
1797 10 0 0 0 0 0 0 0 0 0 0 0 
1798 10 0 0 0 0 0 0 0 0 0 0 0 
1799 10 0 0 0 0 0 0 0 0 0 0 0 
1800 10 0 0 0 0 0 0 0 0 0 0 0 
1801 10 89 0 0 0 0 0 0 0 0 0 0 
1802 10 90 0 0 0 0 0 0 0 0 0 0 
1803 10 0 0 0 0 0 0 0 0 0 0 0 
1804 10 0 0 0 0 0 0 0 0 0 0 0 
1805 10 0 0 0 0 0 0 0 0 0 0 0 
1806 10 0 0 0 0 0 0 0 0 0 0 0 
1807 10 0 0 0 0 0 0 0 0 0 0 0 
1808 10 0 0 0 0 0 0 0 0 0 0 0 
1809 10 0 0 0 0 0 0 0 0 0 0 0 
1810 10 0 0 0 0 0 0 0 0 0 0 0 
1811 10 0 0 0 0 0 0 0 0 0 0 0 
1812 10 0 0 0 0 0 0 0 0 0 0 0 
1813 10 0 0 0 0 0 0 0 0 0 0 0 
1814 10 0 0 0 0 0 0 0 0 0 0 0 
1815 10 0 0 0 0 0 0 0 0 0 0 0 
1816 10 0 0 0 0 0 0 0 0 0 0 0 
1817 10 0 0 0 0 0 0 0 0 0 0 0 
1818 10 0 0 0 0 0 0 0 0 0 0 0 
1819 10 0 0 0 0 0 0 0 0 0 0 0 
1820 10 0 0 0 0 0 0 0 0 0 0 0 
1821 10 0 0 0 0 0 0 0 0 0 0 0 
1822 10 0 0 0 0 0 0 0 0 0 0 0 
1823 10 0 0 0 0 0 0 0 0 0 0 0 
1824 10 0 0 0 0 0 0 0 0 0 0 0 
1825 10 0 0 0 0 0 0 0 0 0 0 0 
1826 10 0 0 0 0 0 0 0 0 0 0 0 
1827 10 0 0 0 0 0 0 0 0 0 0 0 
1828 10 0 0 0 0 0 0 0 0 0 0 0 
1829 10 0 0 0 0 0 0 0 0 0 0 0 
1830 10 0 0 0 0 0 0 0 0 0 0 0 
1831 10 0 0 0 0 0 0 0 0 0 0 0 
1832 10 0 0 0 0 0 0 0 0 0 0 0 
1833 10 0 0 0 0 0 0 0 0 0 0 0 
1834 10 0 0 0 0 0 0 0 0 0 0 0 
1835 10 0 0 0 0 0 0 0 0 0 0 0 
1836 10 0 0 0 0 0 0 0 0 0 0 0 
1837 10 0 0 0 0 0 0 0 0 0 0 0 
1838 10 0 0 0 0 0 0 0 0 0 0 0 
1839 10 0 0 0 0 0 0 0 0 0 0 0 
1840 10 0 0 0 0 0 0 0 0 0 0 0 
1841 10 0 0 0 0 0 0 0 0 0 0 0 
1842 10 0 0 0 0 0 0 0 0 0 0 0 
1843 10 0 0 0 0 0 0 0 0 0 0 0 
1844 10 0 0 0 0 0 0 0 0 0 0 0 
1845 10 0 0 0 0 0 0 0 0 0 0 0 
1846 10 0 0 0 0 0 0 0 0 0 0 0 
1847 10 0 0 0 0 0 0 0 0 0 0 0 
1848 10 0 0 0 0 0 0 0 0 0 0 0 
1849 10 0 0 0 0 0 0 0 0 0 0 0 
1850 10 0 0 0 0 0 0 0 0 0 0 0 
1851 10 0 0 0 0 0 0 0 0 0 0 0 
1852 10 0 0 0 0 0 0 0 0 0 0 0 
1853 10 0 0 0 0 0 0 0 0 0 0 0 
1854 10 0 0 0 0 0 0 0 0 0 0 0 
1855 10 0 0 0 0 0 0 0 0 0 0 0 
1856 10 0 0 0 0 0 0 0 0 0 0 0 
1857 10 0 0 0 0 0 0 0 0 0 0 0 
1858 10 0 0 0 0 0 0 0 0 0 0 0 
1859 10 0 0 0 0 0 0 0 0 0 0 0 
1860 10 0 0 0 0 0 0 0 0 0 0 0 
1861 10 0 0 0 0 0 0 0 0 0 0 0 
1862 10 0 0 0 0 0 0 0 0 0 0 0 
1863 10 0 0 0 0 0 0 0 0 0 0 0 
1864 10 0 0 0 0 0 0 0 0 0 0 0 
1865 10 0 0 0 0 0 0 0 0 0 0 0 
1866 10 0 0 0 0 0 0 0 0 0 0 0 
1867 10 0 0 0 0 0 0 0 0 0 0 0 
1868 10 0 0 0 0 0 0 0 0 0 0 0 
1869 10 0 0 0 0 0 0 0 0 0 0 0 
1870 10 0 0 0 0 0 0 0 0 0 0 0 
1871 10 0 0 0 0 0 0 0 0 0 0 0 
1872 10 0 0 0 0 0 0 0 0 0 0 0 
1873 10 0 0 0 0 0 0 0 0 0 0 0 
1874 10 0 0 0 0 0 0 0 0 0 0 0 
1875 10 0 0 0 0 0 0 0 0 0 0 0 
1876 10 0 0 0 0 0 0 0 0 0 0 0 
1877 10 0 0 0 0 0 0 0 0 0 0 0 
1878 10 0 0 0 0 0 0 0 0 0 0 0 
1879 10 0 0 0 0 0 0 0 0 0 0 0 
1880 10 0 0 0 0 0 0 0 0 0 0 0 
1881 10 0 0 0 0 0 0 0 0 0 0 0 
1882 10 0 0 0 0 0 0 0 0 0 0 0 
1883 10 0 0 0 0 0 0 0 0 0 0 0 
1884 10 0 0 0 0 0 0 0 0 0 0 0 
1885 10 0 0 0 0 0 0 0 0 0 0 0 
1886 10 0 0 0 0 0 0 0 0 0 0 0 
1887 10 0 0 0 0 0 0 0 0 0 0 0 
1888 10 0 0 0 0 0 0 0 0 0 0 0 
1889 10 0 0 0 0 0 0 0 0 0 0 0 
1890 10 0 0 0 0 0 0 0 0 0 0 0 
1891 10 0 0 0 0 0 0 0 0 0 0 0 
1892 10 0 0 0 0 0 0 0 0 0 0 0 
1893 10 0 0 0 0 0 0 0 0 0 0 0 
1894 10 0 0 0 0 0 0 0 0 0 0 0 
1895 10 0 0 0 0 0 0 0 0 0 0 0 
1896 10 0 0 0 0 0 0 0 0 0 0 0 
1897 10 0 0 0 0 0 0 0 0 0 0 0 
1898 10 0 0 0 0 0 0 0 0 0 0 0 
1899 10 0 0 0 0 0 0 0 0 0 0 0 
1900 10 0 0 0 0 0 0 0 0 0 0 0 
1901 10 0 0 0 0 0 0 0 0 0 0 0 
1902 10 0 0 0 0 0 0 0 0 0 0 0 
1903 10 0 0 0 0 0 0 0 0 0 0 0 
1904 10 0 0 0 0 0 0 0 0 0 0 0 
1905 10 0 0 0 0 0 0 0 0 0 0 0 
1906 10 0 0 0 0 0 0 0 0 0 0 0 
1907 10 0 0 0 0 0 0 0 0 0 0 0 
1908 10 0 0 0 0 0 0 0 0 0 0 0 
1909 10 0 0 0 0 0 0 0 0 0 0 0 
1910 10 0 0 0 0 0 0 0 0 0 0 0 
1911 10 0 0 0 0 0 0 0 0 0 0 0 
1912 10 0 0 0 0 0 0 0 0 0 0 0 
1913 10 0 0 0 0 0 0 0 0 0 0 0 
1914 10 0 0 0 0 0 0 0 0 0 0 0 
1915 10 0 0 0 0 0 0 0 0 0 0 0 
1916 10 0 0 0 0 0 0 0 0 0 0 0 
1917 10 0 0 0 0 0 0 0 0 0 0 0 
1918 10 0 0 0 0 0 0 0 0 0 0 0 
1919 10 0 0 0 0 0 0 0 0 0 0 0 
1920 10 0 0 0 0 0 0 0 0 0 0 0 
1921 10 0 0 0 0 0 0 0 0 0 0 0 
1922 10 0 0 0 0 0 0 0 0 0 0 0 
1923 10 101 0 0 0 0 0 0 0 0 0 0 
1924 10 102 0 0 0 0 0 0 0 0 0 0 
1925 10 103 0 0 0 0 0 0 0 0 0 0 
1926 10 104 0 0 0 0 0 0 0 0 0 0 
1927 10 0 0 0 0 0 0 0 0 0 0 0 
1928 10 0 0 0 0 0 0 0 0 0 0 0 
1929 10 0 0 0 0 0 0 0 0 0 0 0 
1930 10 0 0 0 0 0 0 0 0 0 0 0 
1931 10 0 0 0 0 0 0 0 0 0 0 0 
1932 10 0 0 0 0 0 0 0 0 0 0 0 
1933 10 0 0 0 0 0 0 0 0 0 0 0 
1934 10 0 0 0 0 0 0 0 0 0 0 0 
1935 10 0 0 0 0 0 0 0 0 0 0 0 
1936 10 0 0 0 0 0 0 0 0 0 0 0 
1937 10 0 0 0 0 0 0 0 0 0 0 0 
1938 10 0 0 0 0 0 0 0 0 0 0 0 
1939 10 0 0 0 0 0 0 0 0 0 0 0 
1940 10 0 0 0 0 0 0 0 0 0 0 0 
1941 10 0 0 0 0 0 0 0 0 0 0 0 
1942 10 0 0 0 0 0 0 0 0 0 0 0 
1943 10 0 0 0 0 0 0 0 0 0 0 0 
1944 10 0 0 0 0 0 0 0 0 0 0 0 
1945 10 0 0 0 0 0 0 0 0 0 0 0 
1946 10 0 0 0 0 0 0 0 0 0 0 0 
1947 10 0 0 0 0 0 0 0 0 0 0 0 
1948 10 0 0 0 0 0 0 0 0 0 0 0 
1949 10 0 0 0 0 0 0 0 0 0 0 0 
1950 10 0 0 0 0 0 0 0 0 0 0 0 
1951 10 110 0 0 0 0 0 0 0 0 0 0 
1952 10 111 0 0 0 0 0 0 0 0 0 0 
1953 10 112 0 0 0 0 0 0 0 0 0 0 
1954 10 113 0 0 0 0 0 0 0 0 0 0 
1955 10 114 0 0 0 0 0 0 0 0 0 0 
1956 10 115 0 0 0 0 0 0 0 0 0 0 
1957 10 116 0 0 0 0 0 0 0 0 0 0 
1958 10 117 0 0 0 0 0 0 0 0 0 0 
1959 10 0 0 0 0 0 0 0 0 0 0 0 
1960 10 0 0 0 0 0 0 0 0 0 0 0 
1961 10 0 0 0 0 0 0 0 0 0 0 0 
1962 10 0 0 0 0 0 0 0 0 0 0 0 
1963 10 0 0 0 0 0 0 0 0 0 0 0 
1964 10 0 0 0 0 0 0 0 0 0 0 0 
1965 10 0 0 0 0 0 0 0 0 0 0 0 
1966 10 0 0 0 0 0 0 0 0 0 0 0 
1967 10 0 0 0 0 0 0 0 0 0 0 0 
1968 10 0 0 0 0 0 0 0 0 0 0 0 
1969 10 0 0 0 0 0 0 0 0 0 0 0 
1970 10 0 0 0 0 0 0 0 0 0 0 0 
1971 10 0 0 0 0 0 0 0 0 0 0 0 
1972 10 0 0 0 0 0 0 0 0 0 0 0 
1973 10 0 0 0 0 0 0 0 0 0 0 0 
1974 10 0 0 0 0 0 0 0 0 0 0 0 
1975 10 0 0 0 0 0 0 0 0 0 0 0 
1976 10 0 0 0 0 0 0 0 0 0 0 0 
1977 10 0 0 0 0 0 0 0 0 0 0 0 
1978 10 0 0 0 0 0 0 0 0 0 0 0 
1979 10 0 0 0 0 0 0 0 0 0 0 0 
1980 10 0 0 0 0 0 0 0 0 0 0 0 
1981 10 0 0 0 0 0 0 0 0 0 0 0 
1982 10 0 0 0 0 0 0 0 0 0 0 0 
1983 10 0 0 0 0 0 0 0 0 0 0 0 
1984 10 0 0 0 0 0 0 0 0 0 0 0 
1985 10 0 0 0 0 0 0 0 0 0 0 0 
1986 10 0 0 0 0 0 0 0 0 0 0 0 
1987 10 0 0 0 0 0 0 0 0 0 0 0 
1988 10 0 0 0 0 0 0 0 0 0 0 0 
1989 10 0 0 0 0 0 0 0 0 0 0 0 
1990 10 0 0 0 0 0 0 0 0 0 0 0 
1991 10 0 0 0 0 0 0 0 0 0 0 0 
1992 10 0 0 0 0 0 0 0 0 0 0 0 
1993 10 0 0 0 0 0 0 0 0 0 0 0 
1994 10 0 0 0 0 0 0 0 0 0 0 0 
1995 10 0 0 0 0 0 0 0 0 0 0 0 
1996 10 0 0 0 0 0 0 0 0 0 0 0 
1997 10 0 0 0 0 0 0 0 0 0 0 0 
1998 10 0 0 0 0 0 0 0 0 0 0 0 
1999 10 0 0 0 0 0 0 0 0 0 0 0 
2000 10 0 0 0 0 0 0 0 0 0 0 0 
2001 10 0 0 0 0 0 0 0 0 0 0 0 
2002 10 0 0 0 0 0 0 0 0 0 0 0 
2003 10 0 0 0 0 0 0 0 0 0 0 0 
2004 10 0 0 0 0 0 0 0 0 0 0 0 
2005 10 0 0 0 0 0 0 0 0 0 0 0 
2006 10 0 0 0 0 0 0 0 0 0 0 0 
2007 10 0 0 0 0 0 0 0 0 0 0 0 
2008 10 0 0 0 0 0 0 0 0 0 0 0 
2009 10 0 0 0 0 0 0 0 0 0 0 0 
2010 10 0 0 0 0 0 0 0 0 0 0 0 
2011 10 0 0 0 0 0 0 0 0 0 0 0 
2012 10 0 0 0 0 0 0 0 0 0 0 0 
2013 10 0 0 0 0 0 0 0 0 0 0 0 
2014 10 0 0 0 0 0 0 0 0 0 0 0 
2015 10 0 0 0 0 0 0 0 0 0 0 0 
2016 10 0 0 0 0 0 0 0 0 0 0 0 
2017 10 0 0 0 0 0 0 0 0 0 0 0 
2018 10 0 0 0 0 0 0 0 0 0 0 0 
2019 10 0 0 0 0 0 0 0 0 0 0 0 
2020 10 0 0 0 0 0 0 0 0 0 0 0 
2021 10 0 0 0 0 0 0 0 0 0 0 0 
2022 10 0 0 0 0 0 0 0 0 0 0 0 
2023 10 0 0 0 0 0 0 0 0 0 0 0 
2024 10 0 0 0 0 0 0 0 0 0 0 0 
2025 10 0 0 0 0 0 0 0 0 0 0 0 
2026 10 0 0 0 0 0 0 0 0 0 0 0 
2027 10 0 0 0 0 0 0 0 0 0 0 0 
2028 10 0 0 0 0 0 0 0 0 0 0 0 
2029 10 0 0 0 0 0 0 0 0 0 0 0 
2030 10 0 0 0 0 0 0 0 0 0 0 0 
2031 10 0 0 0 0 0 0 0 0 0 0 0 
2032 10 0 0 0 0 0 0 0 0 0 0 0 
2033 10 0 0 0 0 0 0 0 0 0 0 0 
2034 10 0 0 0 0 0 0 0 0 0 0 0 
2035 10 0 0 0 0 0 0 0 0 0 0 0 
2036 10 0 0 0 0 0 0 0 0 0 0 0 
2037 10 0 0 0 0 0 0 0 0 0 0 0 
2038 10 0 0 0 0 0 0 0 0 0 0 0 
2039 10 0 0 0 0 0 0 0 0 0 0 0 
2040 10 0 0 0 0 0 0 0 0 0 0 0 
2041 10 0 0 0 0 0 0 0 0 0 0 0 
2042 10 0 0 0 0 0 0 0 0 0 0 0 
2043 10 0 0 0 0 0 0 0 0 0 0 0 
2044 10 0 0 0 0 0 0 0 0 0 0 0 
2045 10 0 0 0 0 0 0 0 0 0 0 0 
2046 10 0 0 0 0 0 0 0 0 0 0 0 

0 5 2 2 0.2 1 17 17 4 0.984615 16 12 -23 11 -6 11 34 10 -9 10 27 18 -7 18 14 19 21 19 20 19 24 8 4 16 14 25 23 17 38 7 34 25 0 
1 5 2 2 0.957747 17 15 25 16 15 16 26 15 39 17 -18 17 -25 17 -3 15 19 15 14 18 -1 16 -18 16 -20 14 6 13 36 21 -34 18 -38 17 -39 4 0.413793 3 26 15 13 -30 23 -33 
2 5 2 2 0.0353982 1 15 -33 4 0.997712 109 23 32 24 13 18 2 22 -5 15 22 25 -7 24 24 25 35 25 32 23 0 24 -6 23 26 15 5 16 10 22 -8 16 11 8 -14 21 -1 5 3 23 11 4 30 18 -16 20 -36 8 -31 4 10 24 5 7 -19 20 -12 11 -40 13 34 14 -12 20 -7 14 10 5 -8 13 -10 20 -22 13 19 16 -15 -18 -31 19 28 -14 34 -16 -12 13 1 19 -23 20 -16 -15 -8 -16 33 -21 2 17 -10 -14 22 -21 -1 -15 12 -14 31 -14 32 -19 -6 -19 -7 -21 -13 -14 18 -16 4 -17 34 -19 -14 -22 -14 -16 20 -22 28 -19 -5 -18 24 -18 -10 -20 23 -18 24 -21 -28 -22 -38 -16 38 -18 0 -20 18 -20 40 -19 -6 -21 16 -22 -13 -19 32 -22 29 -22 -34 -19 4 -18 33 -20 -5 -23 29 11 6 -23 -36 -19 32 -23 25 -20 -2 -19 37 10 20 4 -38 -23 15 -21 26 -25 31 -22 14 -23 -20 16 -10 -24 -27 22 4 -24 5 -25 -5 -25 7 -24 4 9 -9 11 -36 15 -29 4 -19 
3 5 2 2 0.363636 2 5 38 6 45 4 0.965517 14 16 29 15 29 11 20 0 27 4 45 3 6 17 41 11 37 7 43 19 -10 18 -10 19 -6 11 45 18 43 
4 5 2 2 0.962025 19 11 -12 12 -2 8 16 7 19 8 14 8 -4 10 -18 10 37 11 29 6 17 5 35 10 32 12 27 5 43 10 -32 14 28 8 16 15 -8 15 30 4 0.387097 3 -23 45 6 7 18 -9 
5 5 2 2 0.666667 7 9 20 7 17 14 41 14 -4 11 8 11 -14 5 29 4 0.888889 14 8 1 23 -22 17 -13 19 -1 20 -19 17 39 9 -7 17 -18 21 1 17 25 9 20 23 -9 22 -6 3 11 
6 5 2 2 0.990099 25 12 -34 10 -13 7 23 9 8 12 38 9 40 9 9 8 38 15 1 9 2 11 29 11 35 11 43 9 45 11 7 16 44 8 34 9 16 12 36 6 22 11 22 10 36 9 35 14 44 8 12 4 0.137931 1 4 40 
7 5 2 2 0.897959 11 6 43 10 -2 16 33 16 -21 12 2 11 -24 12 -13 10 -11 10 34 4 -32 4 -27 4 0.645161 5 23 3 16 41 19 32 22 13 9 -21 
8 5 2 2 0.258065 2 11 -35 14 -34 4 0.978723 23 4 38 4 28 19 19 16 20 20 32 11 42 21 9 13 -13 18 27 -1 -27 13 26 12 -8 13 7 10 33 11 34 13 34 13 27 15 -32 14 1 11 -2 17 27 14 -11 15 12 
9 5 2 2 0.941176 4 16 -12 9 43 12 44 0 43 4 0.5 1 11 13 
10 5 2 2 0.727273 2 8 25 13 -24 4 0.857143 3 -14 -29 -17 45 0 44 
11 5 2 2 0.980769 51 -14 42 -14 45 11 6 -12 44 -12 46 7 -23 -11 46 -18 44 10 -6 -12 45 10 11 -5 45 11 40 9 -22 8 -18 9 -20 -14 45 -8 48 1 45 -10 44 13 -28 4 43 15 -31 8 45 -9 45 2 50 1 52 -5 47 4 43 -2 42 6 -23 -12 43 5 46 10 -25 9 46 0 43 1 47 3 49 9 -6 -3 42 -9 45 -10 43 4 42 -6 43 11 47 7 45 12 47 -2 45 7 42 7 46 3 35 4 0.238806 4 -7 43 -5 44 -18 -21 1 45 
12 5 2 2 0.0434783 1 4 -13 4 0.997167 88 19 -2 9 4 11 8 18 17 17 9 7 17 17 -25 8 21 -1 26 -1 10 7 20 -2 2 14 -19 11 42 6 31 8 -1 15 37 -3 17 14 20 16 -22 5 28 7 -2 8 40 12 38 -25 -31 -12 43 5 14 11 -20 -24 42 12 -8 -12 42 -25 42 -24 41 -20 44 -5 43 -21 42 9 37 -13 43 3 23 10 18 3 29 10 27 8 -15 1 39 -22 -28 -21 -32 -13 -19 -13 -29 -13 4 -13 -1 -13 17 -12 27 -17 -20 -8 -3 -6 -22 -6 15 -11 -20 -15 5 -15 0 -6 27 -4 28 -10 -5 -12 -22 -8 17 -4 38 -10 39 -17 -22 -13 -17 -13 -8 -24 -18 -14 -13 -9 35 -11 27 -17 -20 -15 -8 -17 24 -16 -26 -12 27 -15 36 -25 -17 -16 -19 -16 -16 -16 16 -17 15 -21 9 -16 34 -16 25 -22 16 
13 5 2 2 0.962963 13 -14 31 -20 -31 -14 24 -15 24 -9 23 -9 5 -13 6 -11 7 -11 32 -10 -2 -15 4 -15 -26 -13 33 4 0.380952 2 -20 -22 -14 -8 
14 5 2 2 0.666667 3 -19 -25 -19 -17 -20 -9 4 0.888889 6 -20 -1 -21 9 -23 10 -20 13 -19 -11 -21 -15 
15 5 2 2 0.0769231 1 -8 34 4 0.994819 48 -8 -10 -13 8 -8 -19 -16 -31 -9 -24 -10 35 -19 28 -11 -8 -11 -1 -11 24 -22 15 -13 -3 -12 26 -13 25 -6 25 -14 -12 -19 34 -22 27 -16 21 -16 20 -21 34 -18 -11 -4 34 -10 20 -22 13 -9 31 -8 33 -17 -14 -11 4 -24 33 -12 25 -4 -34 -8 -10 -7 -9 -6 -11 -6 22 -7 -24 9 -6 -3 -5 -2 0 -4 -14 6 23 -4 30 1 15 2 -9 6 -22 8 27 5 -5 
16 5 2 2 0.444444 2 -14 29 -18 30 4 0.952381 10 -15 32 -16 30 -15 30 -20 33 -17 40 -20 32 -23 37 -22 34 -22 33 -20 39 
17 5 2 2 0.954918 466 0 36 1 34 4 35 3 16 -9 21 -6 35 -8 33 -7 3 2 20 -7 36 0 7 -6 -1 7 26 3 10 3 30 -8 31 -18 2 6 25 -13 35 6 18 -15 0 -2 7 -1 1 7 7 4 0 6 5 -20 9 6 8 3 16 7 -9 -1 10 -2 6 5 30 14 19 5 -33 3 -21 4 -19 1 13 14 32 6 20 16 1 16 1 -4 11 4 -9 3 25 8 22 6 -14 -2 11 3 -12 -19 -20 -17 -9 -5 20 -17 -35 -6 3 1 -33 -6 -9 3 35 1 20 14 3 -5 17 3 13 -9 -25 -20 -18 -9 -24 11 -4 6 -32 -1 6 0 19 -12 3 8 -5 11 29 1 16 7 -1 4 -28 5 -6 14 0 13 16 5 23 -9 -1 0 6 10 14 13 0 8 24 2 10 4 -10 -11 -13 10 -24 -12 -14 3 -1 7 -25 4 -31 -15 -16 3 -1 12 4 11 17 -2 14 14 -20 0 10 -2 18 -2 -23 -9 -22 9 5 -11 0 -9 8 3 2 -10 -21 -9 -33 -16 -16 4 -12 -6 -18 5 5 7 12 5 9 5 -20 -14 -16 7 -24 6 -15 -3 18 3 -4 -11 31 4 28 -2 -1 11 2 -8 -16 -1 11 -7 -19 -16 -18 9 -33 -2 29 9 -15 -20 -28 -2 32 -8 -15 -14 -22 -14 -34 3 -26 -10 -34 3 -5 -3 -29 -5 25 4 -24 -4 30 -10 -20 -5 -15 -2 -26 -2 -22 2 -33 -20 -28 -5 20 -17 5 -16 -16 -18 -16 -15 -23 1 7 1 -2 -2 15 4 23 13 -26 4 9 13 13 -2 36 5 -5 -2 -34 1 8 9 38 -4 9 -4 8 6 17 0 5 5 -24 -4 -4 -12 -19 -2 -23 -1 -18 -18 -3 -16 -34 -13 -13 -1 -34 11 35 -18 -15 -17 13 -12 16 -10 -29 2 4 -2 16 -12 15 2 -3 -14 21 -12 14 1 37 -8 38 -4 -27 -5 13 -3 3 -12 -18 -20 -3 6 14 -11 20 4 -18 -8 27 -9 27 -11 -16 -18 -13 -15 -27 -6 35 16 28 -19 -24 -7 20 -15 -29 -15 13 7 26 1 28 10 34 -16 -30 8 -11 -16 -18 -10 36 2 -18 -15 4 8 15 11 27 -11 31 -17 21 -1 32 -16 15 1 -17 7 -25 -16 -29 -6 37 -3 -26 -16 -22 -12 -15 -14 33 14 30 8 25 -19 15 -8 -8 -10 -11 3 21 -16 22 -10 29 -18 22 2 -21 0 -11 -12 21 7 -35 -14 -28 -16 -29 1 25 -7 -7 3 -13 -11 30 7 34 2 36 9 -5 -19 -32 -4 -14 -19 20 -3 8 -16 -24 2 -12 -16 -23 0 6 0 -20 3 32 -13 25 -10 -3 -11 -25 -8 -24 -13 -25 -9 -1 -1 33 -14 -29 -16 21 -7 42 -1 35 -14 20 -7 -23 -1 -32 -5 0 -9 -30 -18 33 -1 38 -13 -25 -2 31 -9 -37 -12 -34 -11 -25 -7 -37 -7 -4 3 -34 -20 26 5 -10 -8 -24 3 -6 -3 -8 5 15 -7 -32 -16 41 -15 -35 7 -8 -13 33 -12 32 -9 2 0 -1 -11 -26 -2 13 -13 8 -10 -20 -12 -28 -7 -36 1 36 -19 -28 -7 17 -20 -27 -13 -27 0 6 3 -6 -5 35 -4 -17 9 27 9 16 -7 21 -12 -24 -5 -21 -12 -25 0 39 -1 -24 -15 42 -3 18 -1 33 -15 -9 -6 -33 1 28 -10 0 -7 -32 6 19 -5 27 -12 -4 -18 17 -20 -29 -17 38 -20 4 -10 24 -15 23 -15 29 -10 -5 -14 -27 -8 -10 -3 -22 -3 37 -7 33 -20 25 -1 -32 6 39 10 33 -9 10 -18 -26 -16 31 -19 39 -11 35 -20 16 -3 -11 -3 27 -20 15 -7 22 -2 -8 -10 -32 -5 -14 0 -26 -7 -10 -10 -15 -10 -32 13 12 -6 -31 -10 -30 -16 8 -8 7 -13 26 -2 -27 -11 -32 -3 -9 -8 36 -1 35 -14 10 -15 18 -13 16 -13 30 -14 14 -8 37 -9 -17 -10 20 -10 17 -9 38 5 -14 -7 23 -5 34 -9 19 5 29 -9 14 -6 -3 -10 -36 -11 24 7 38 -4 42 -7 25 -19 3 -16 42 -4 -14 -19 0 -15 30 -5 35 -19 38 -12 -35 -4 31 -3 1 0 34 -14 -5 8 16 -7 0 -5 39 -9 19 -2 37 -5 13 -2 -13 -8 42 -7 12 -6 0 -11 -34 -7 16 -14 40 12 22 -4 32 -7 -14 -5 23 -1 -9 6 28 -3 -24 -8 24 -18 32 -10 23 -8 -14 -7 -36 -12 -4 -13 14 1 25 -1 41 -12 37 -8 -36 -1 20 -15 16 -16 14 -18 42 -7 15 -11 16 -15 40 -3 -15 -9 5 -5 6 -7 -26 -12 18 -5 13 -3 11 -3 -18 -4 27 -9 43 4 0.430318 88 13 -27 14 14 -4 -15 15 -1 15 7 15 22 7 8 12 13 2 -4 2 6 15 13 2 -5 -6 -19 -4 5 12 16 -12 -14 4 23 2 26 -5 -9 9 -6 12 -15 9 27 -18 -11 11 10 -17 -34 4 22 8 -24 -20 -36 11 -16 14 -30 0 18 -3 22 -5 17 -9 31 -5 17 -9 8 -6 16 -8 -12 -8 11 -15 19 12 -8 -17 -32 15 -10 -7 18 -1 20 10 19 -21 -12 -12 10 -13 -7 5 -11 -13 22 11 10 -20 -17 0 13 -21 -33 -13 7 3 12 -15 0 0 29 2 -20 -1 -7 12 39 4 15 -7 33 4 -2 3 -6 -4 34 1 31 6 11 -17 28 -17 20 6 -6 -4 28 13 21 -8 -7 8 35 -15 26 11 2 6 39 -16 -27 -8 9 -11 -14 -11 -29 -18 -32 10 -12 -21 10 -18 -15 10 -15 
18 5 2 2 0.786885 36 -6 33 -12 28 -13 21 -7 30 -14 6 -12 -4 -7 28 -3 35 -8 -5 -7 12 -6 -7 -14 -7 -4 -9 -20 -7 -9 -6 -3 35 -7 5 0 -30 2 17 -3 -24 4 25 -4 13 1 -16 -10 12 -11 13 -6 -26 1 24 -13 15 -10 -4 -11 7 -3 -26 -6 14 -10 39 -13 28 -3 -27 -7 -31 4 0.8125 39 -20 -20 12 27 -1 28 8 -33 -4 -13 7 5 13 1 9 -33 -12 32 -7 -33 2 26 -5 40 -10 0 -20 34 -7 15 -11 21 -20 29 6 40 3 44 -9 14 8 38 4 45 -9 36 12 21 1 44 -16 16 -20 14 6 27 1 38 7 39 -21 32 0 27 5 -14 0 40 3 25 0 31 -19 43 -17 42 -17 -5 
19 5 2 2 0.722222 26 -15 15 6 25 -9 24 5 -38 3 10 -13 9 -14 -18 2 -35 -15 -30 8 -33 3 42 -12 -24 -11 -35 -4 -35 1 -13 10 -28 -4 -15 -14 -26 5 -33 -12 0 -5 4 13 -20 -7 -2 -2 32 -1 36 -8 -2 4 0.860215 40 -6 10 -8 8 -16 11 -6 8 -10 26 -14 38 -14 42 -15 -36 -7 2 5 20 1 17 -5 -3 1 -28 -11 10 -13 -12 -11 -1 -15 1 -12 -26 -11 0 -3 12 -13 3 -15 -14 -12 7 2 32 -10 34 -16 -5 -13 5 -9 -4 -11 18 -5 22 -1 34 -3 18 3 -9 0 36 2 -8 -2 23 -11 24 -11 23 -1 21 -8 14 
20 5 2 2 0.979592 12 2 -29 -3 -22 -5 8 -7 8 -6 13 -13 13 -5 32 -12 19 -8 15 -13 21 -10 20 -3 24 4 0.25 1 -1 22 
21 5 2 2 0.888889 2 1 -17 -2 -15 4 0.666667 1 -3 7 
22 5 2 2 0.142857 1 5 -23 4 0.989691 24 -16 -36 1 -34 12 -29 -4 -36 -5 -33 4 -34 -2 -31 -12 -35 -13 5 -13 -16 -12 24 -12 25 5 4 -4 4 16 -23 5 33 6 -33 5 38 2 14 -14 27 -25 17 5 16 -7 22 2 9 
23 5 2 2 0.307692 1 11 -39 4 0.972973 9 8 -36 -14 -37 1 -38 -21 -34 13 -33 -15 -43 -13 -36 -5 -37 -10 -38 
24 5 2 2 0.363636 1 3 -35 4 0.965517 7 15 -33 6 -37 3 -36 -2 -37 19 -36 13 -36 11 -45 
25 5 2 2 0.958333 23 8 -41 -16 -36 12 -43 10 -37 3 -39 -11 -37 -13 -35 -20 -35 7 -40 -15 -39 -13 -42 -11 -40 -7 -36 -17 -39 -10 -38 -5 -41 -4 -36 1 -38 0 -39 3 -38 3 -37 6 -38 7 -38 4 0.410256 4 7 -36 -22 -40 -16 -36 -12 -35 
26 5 2 2 0.3 3 2 -36 -2 4 7 21 4 0.973913 28 -2 -2 -11 19 -4 -26 6 -29 -11 -13 -3 -12 7 -19 7 -21 0 -2 14 -29 -2 -16 0 11 1 -20 1 -34 -9 -11 -9 21 3 -6 10 -33 -8 0 1 -16 12 -30 4 -36 8 -17 1 -6 3 -2 3 -35 11 -14 -3 -35 
27 5 2 2 0.108108 1 11 51 4 0.992481 33 10 -17 5 19 10 26 -4 30 8 -29 7 33 9 34 8 -22 -6 40 2 34 7 -14 5 -8 3 -14 0 37 5 -12 4 13 4 -15 4 37 3 44 3 2 1 13 4 11 1 4 5 1 5 35 9 7 13 -12 25 4 12 -28 9 -6 8 -7 1 35 -5 18 
28 5 2 2 0.981132 13 -10 53 -2 53 -6 53 -15 53 -15 50 -3 52 -12 51 -7 50 8 -29 -10 50 -14 50 -5 51 2 50 4 0.235294 1 -23 44 
29 5 2 2 0.981132 13 -8 -24 -12 -19 -11 -21 -11 -10 -11 -18 -8 -19 -1 -33 -3 11 -7 18 -1 -6 -4 -25 2 -31 6 -33 4 0.235294 1 -9 -21 
30 5 2 2 0.615385 2 8 -8 -12 -38 4 0.909091 5 -5 44 -2 -2 -1 -37 3 3 -11 -27 
31 5 2 2 0.736842 7 -6 -2 2 0 3 39 -5 -39 -4 0 4 40 -5 -33 4 0.851064 10 6 -36 -1 -36 2 6 1 -4 -2 -1 0 -23 0 2 -1 -28 -10 -25 -1 -35 
32 5 2 2 0.235294 2 -15 -38 -12 -2 4 0.981132 26 -2 40 -5 -18 -16 36 1 -28 -5 43 -1 13 -1 1 -11 7 2 -25 -2 34 -5 42 -4 32 -23 -39 -9 43 -7 41 -25 -11 -7 -5 3 -32 -3 -21 -17 22 -1 -33 -5 20 -11 -5 -4 -34 -8 -12 0 -17 
33 5 2 2 0.967742 15 11 12 14 -25 14 -23 12 -22 13 -7 14 15 15 -8 13 -22 13 -18 12 20 12 18 15 0 12 4 13 12 13 39 4 0.347826 2 25 35 26 -10 
34 5 2 2 0.631579 3 14 31 14 4 12 42 4 0.903226 7 24 9 23 18 24 -12 24 -1 26 26 24 -7 19 43 
35 5 2 2 0.909091 10 16 8 13 40 14 9 13 27 16 -27 12 29 13 18 11 30 15 52 8 -22 4 0.615385 4 21 9 9 44 20 -14 21 36 
36 5 2 2 0.264901 10 -14 -26 -11 -33 -12 -29 -10 -34 -1 -17 1 1 -11 -24 -8 -16 -8 -17 -7 -31 4 0.977974 111 20 -22 20 -3 12 24 13 17 12 35 20 44 20 -4 13 13 22 -6 21 3 6 37 6 38 21 -23 24 -8 12 -12 19 0 23 -7 15 26 22 16 24 -30 14 37 14 38 17 18 16 3 18 11 18 7 16 -20 2 -19 18 21 19 24 11 38 16 13 15 36 15 1 12 35 13 16 14 -15 11 -9 23 -9 8 5 16 10 -13 -24 -2 -37 11 3 -22 -4 2 -37 -6 -10 -8 -29 -6 -24 -6 5 -8 11 -8 12 -12 -31 -23 33 -5 -22 -5 -20 -11 -22 -8 -38 -5 28 -21 27 -9 10 -4 -23 -13 31 -10 10 -11 30 -1 21 -10 23 -3 26 1 1 6 -10 -2 -14 -2 -27 2 -37 -5 -26 -17 6 -7 -34 -3 20 -5 -37 -8 7 -17 8 -4 -38 3 -19 -2 -14 -11 -14 3 23 3 21 4 3 -16 5 -16 30 -2 10 -1 -11 -5 -22 -14 -24 8 19 6 28 -13 -28 -6 -37 -4 -29 -14 15 0 12 -5 29 2 25 2 30 -3 -6 -11 -30 3 29 4 27 -4 -38 -7 -37 -15 -15 17 -34 
37 5 2 0 0.121212 1 10 86 3 0.991453 29 31 -33 32 10 26 18 21 -71 19 -67 17 44 26 24 9 83 6 83 0 98 13 91 14 39 1 98 35 19 0 92 33 31 23 26 24 77 33 32 -34 14 -41 6 -42 -1 -34 -10 -39 37 -38 1 -31 13 28 44 28 59 -8 97 
38 5 4 0 0.413793 3 0 89 17 -33 18 -8 2 0.173913 1 -5 -21 3 0.830189 11 36 29 -8 95 23 -83 29 32 1 43 30 4 28 19 37 13 31 53 -28 87 0 44 4 0.571429 5 15 -1 21 27 -10 -37 -4 -36 -3 -35 
39 5 2 2 0.727273 4 14 45 13 -39 11 39 13 31 4 0.857143 6 -12 -42 1 -42 6 -40 -10 -42 25 -30 -12 -41 
40 5 2 2 0.984615 32 7 -45 18 -2 13 -40 0 -42 -5 -44 8 -43 2 -46 -5 -45 11 -13 -7 -38 -6 -42 -4 -40 19 7 13 -43 4 -43 16 41 4 -39 9 -44 -13 -42 15 41 -11 -44 15 40 17 4 16 -3 15 8 15 -42 15 -14 16 8 15 20 -13 -43 17 6 12 -3 4 0.2 2 15 -40 13 -39 
41 5 2 2 0.878049 9 -7 -44 15 -42 8 -44 16 12 -8 -43 14 13 11 -44 19 -13 14 36 4 0.689655 5 23 -2 17 40 22 -44 19 21 14 -3 
42 5 2 2 0.6875 11 -11 -31 1 -34 3 -35 14 -30 8 -44 17 -25 12 -31 13 -30 10 -32 13 -37 -20 -34 4 0.879121 20 4 -33 -7 -32 20 -30 -6 -4 26 -30 8 34 26 8 26 45 20 43 3 -45 14 36 11 -33 5 -29 -17 -42 -12 -43 -20 -42 12 -37 -25 -43 -9 -2 12 -39 
43 5 2 2 0.952381 10 2 -47 -1 -39 -11 -47 2 -46 -13 -44 -12 -44 1 -46 3 -46 -3 -43 1 -44 4 0.444444 2 3 -40 5 -41 
44 5 2 2 0.985507 17 15 -32 -9 -44 -16 -40 4 -45 -5 -45 5 -40 10 -43 1 -43 0 -43 -8 -40 -13 -42 -11 -43 -11 -43 -11 -42 12 -39 8 -43 14 -42 4 0.190476 1 21 -38 
45 5 2 2 0.25 2 -11 -44 -8 -41 4 0.979592 24 20 30 12 -37 -11 -40 4 -39 -17 -45 -1 -40 -6 -41 -2 -39 -7 -41 -9 -45 26 5 13 -27 -18 -41 21 -30 -15 -41 1 -37 12 -38 1 -42 -22 -40 7 16 6 -42 9 -44 -22 -42 -12 -39 
46 5 2 2 0.827586 6 7 -43 15 -16 12 -45 9 -46 11 -38 15 -31 4 0.769231 5 15 -21 15 42 19 20 19 -10 13 14 
47 5 4 0 0.266667 1 20 -8 2 0.266667 1 21 -26 3 0.923077 9 33 39 31 -71 42 -16 32 -43 18 -95 34 -6 41 -23 34 47 41 14 4 0.266667 1 19 25 
48 5 4 0 0.592593 4 2 82 1 78 0 80 7 82 2 0.380952 2 11 -36 19 0 3 0.380952 2 34 55 -14 94 4 0.777778 7 15 -7 -15 -43 14 -11 20 45 -1 -45 12 -44 5 -43 
49 5 3 2 0.5 2 14 -12 18 -35 3 0.307692 1 36 -39 4 0.903226 7 12 -38 10 -41 23 2 14 6 5 -40 6 -19 25 14 
50 5 4 0 0.285714 1 20 -3 2 0.695652 4 17 18 19 -41 19 -41 17 37 3 0.769231 5 -5 97 32 -13 38 21 22 73 25 81 4 0.285714 1 20 -10 
51 5 3 0 0.981595 80 19 5 16 -28 18 -32 17 -62 15 -16 15 41 17 -30 18 -16 17 -33 15 51 17 -12 17 -6 14 -52 11 -38 17 74 13 -58 13 68 14 -16 16 38 9 70 20 -72 6 72 -16 72 12 40 3 67 14 43 2 30 -2 31 10 48 14 -27 13 60 14 -39 10 63 5 75 12 73 17 -10 8 64 3 50 10 51 22 2 7 58 15 -12 -2 74 -7 47 7 55 8 51 8 75 7 68 -24 21 -16 47 11 68 10 62 3 47 1 53 -17 73 -2 76 3 59 -1 75 -5 52 -6 53 -23 27 -10 33 -13 35 10 31 -6 19 -18 39 -2 36 7 31 -17 38 4 29 16 -27 -1 41 -5 29 2 30 16 0 -7 33 17 -54 15 -65 -5 30 16 -56 1 0.0449438 1 13 29 3 0.19802 5 28 -82 33 -34 23 62 18 17 15 -71 
52 5 3 0 0.857143 6 -13 59 -1 55 19 -80 17 -66 18 -68 16 -85 3 0.631579 3 36 -32 22 -28 21 -36 4 0.307692 1 16 -45 
53 5 3 0 0.266667 1 19 -77 3 0.952381 10 34 -41 27 -27 24 -39 21 -97 25 -27 19 -24 -26 -92 -10 25 18 -60 -15 64 4 0.266667 1 18 -39 
54 5 2 0 0.96 6 16 61 -1 66 2 69 3 68 9 66 24 7 2 0.4 1 20 -44 
55 5 2 0 0.296296 2 -12 76 17 -15 3 0.974359 19 19 77 20 74 -7 85 -12 86 -19 88 11 34 12 27 18 58 29 -30 34 -16 4 77 29 19 3 79 14 33 17 85 11 80 24 25 31 13 28 -76 
56 5 3 0 0.73913 51 7 48 22 -18 19 -57 3 79 8 77 19 -57 -14 20 17 -13 3 81 20 -44 -10 80 7 68 22 -47 19 -44 21 -65 18 12 18 1 4 62 4 77 6 60 18 -15 3 81 11 65 8 28 0 84 19 -19 24 7 -16 28 24 0 -6 85 -6 40 5 31 2 89 25 28 2 49 15 26 14 39 10 39 17 39 -7 87 20 31 -4 93 -2 88 8 59 15 64 -8 88 -2 35 5 38 14 31 6 33 10 28 1 0.24 9 16 39 17 35 16 37 17 34 15 36 17 30 17 37 15 21 11 38 3 0.807692 63 30 15 30 9 28 31 19 41 30 -21 42 -20 16 -3 16 16 -6 14 22 45 14 67 21 33 24 -12 39 -32 -24 72 40 -11 24 -17 -13 97 39 6 35 -14 15 25 -21 96 35 40 34 -36 12 74 27 -20 28 -28 -1 78 33 -54 21 42 -35 78 35 35 22 14 23 64 27 -81 -26 98 35 -64 24 65 -29 85 28 18 -14 25 24 -42 26 -6 -5 82 33 68 -16 86 26 83 -30 21 16 86 25 82 10 93 32 37 32 78 15 95 26 80 34 37 21 42 -22 91 30 38 -2 93 45 25 10 85 12 94 
57 5 2 0 0.967742 15 24 20 9 18 10 67 19 0 23 11 14 24 11 19 20 16 18 9 16 33 16 14 16 13 15 17 10 31 23 14 3 0.347826 2 22 69 -11 91 
58 5 2 0 0.631579 6 -22 37 -20 40 -5 24 -23 35 -9 92 -12 41 3 0.903226 14 -26 79 -37 34 -30 44 -36 16 -24 89 -22 73 -43 17 5 43 -29 91 -41 15 -32 40 -34 31 -35 32 -27 28 
59 5 3 0 0.944 59 -10 24 1 22 -19 90 -5 91 2 21 -9 90 1 26 -14 92 -20 38 0 23 -17 83 -22 30 -14 83 -12 35 16 22 -10 91 -9 22 -17 87 -10 20 -5 72 -12 22 -20 76 -6 73 -19 44 -18 75 -24 47 -7 85 -14 84 -17 85 -9 19 -9 85 -11 44 -3 45 -22 47 10 46 18 15 0 40 1 80 -15 44 10 88 -1 41 10 88 -3 42 -5 83 16 71 -2 72 9 23 8 40 13 22 18 22 11 45 25 44 9 45 18 -37 25 42 21 13 19 14 18 14 4 18 1 0.0526316 1 16 17 3 0.464286 13 -33 32 -10 63 -42 17 13 19 11 80 -33 97 -32 100 1 100 -38 84 -34 34 21 -56 24 -42 28 22 
60 5 3 0 0.64 4 21 16 11 42 14 16 11 16 1 0.774194 6 13 37 16 22 15 26 17 21 16 20 11 35 3 0.545455 3 37 -25 24 4 15 31 
61 5 2 0 0.842105 4 -13 51 -7 50 -1 48 -7 53 3 0.75 3 -35 14 -43 63 -23 64 
62 5 2 0 0.991453 29 18 -71 -16 42 8 54 8 49 19 -18 18 48 7 49 18 49 18 46 17 50 18 44 -6 74 -7 33 -18 39 14 -12 -1 72 17 15 17 19 16 28 16 22 18 24 15 -29 16 -27 17 -45 -3 73 16 -7 17 27 17 32 -4 17 3 0.121212 1 21 11 
63 5 2 0 0.285714 2 14 -53 19 36 3 0.97561 20 10 90 7 99 26 75 -21 76 -37 89 24 33 -11 93 -31 79 18 90 12 43 -42 74 -28 88 -40 41 -44 37 17 94 -31 23 -15 39 -41 19 -38 77 -38 77 
64 5 2 2 0.987013 19 18 -3 17 40 19 13 21 9 18 41 19 8 20 38 19 1 18 36 20 41 18 40 14 40 21 33 18 43 20 42 19 33 19 0 21 42 15 35 4 0.173913 1 21 35 
65 5 3 2 0.666667 6 21 -18 16 33 19 -38 17 -22 17 -20 19 44 3 0.333333 2 38 9 33 -28 4 0.833333 10 26 -15 19 7 23 45 23 42 16 11 23 -22 16 18 21 45 12 38 14 36 
66 5 3 0 0.5 2 20 -39 23 -51 2 0.307692 1 20 18 4 0.903226 7 18 30 21 34 20 16 23 27 17 -26 13 31 23 13 
67 5 4 0 0.521739 3 25 -17 4 51 25 -34 2 0.235294 1 21 -15 3 0.75 6 33 0 35 41 36 38 41 -5 23 24 27 25 4 0.615385 4 15 10 15 11 15 34 18 17 
68 5 4 0 0.347826 2 25 -62 23 -5 2 0.685714 6 21 1 21 20 21 -5 21 21 17 -27 21 -36 3 0.2 1 -7 -97 4 0.780488 8 26 28 24 33 13 -33 24 31 22 -26 23 17 24 27 9 -27 
69 5 3 0 0.121212 1 21 -40 2 0.941176 24 20 -4 20 16 21 16 21 -20 21 -21 21 24 19 -40 17 41 18 -29 19 -35 18 -24 18 -8 21 -19 21 -35 19 27 20 26 21 -1 21 -39 18 35 20 -17 20 29 18 36 20 -22 19 -13 4 0.444444 5 17 21 23 40 26 -13 25 2 25 -34 
70 5 4 0 0.625 5 25 -27 9 76 22 73 25 19 25 -19 2 0.461538 3 18 32 21 27 21 25 3 0.461538 3 33 31 38 -38 39 -57 4 0.685714 6 25 -2 20 12 20 3 22 12 23 25 12 36 
71 5 4 0 0.307692 2 25 5 19 47 2 0.173913 1 20 -35 3 0.765957 9 37 -1 37 51 36 -11 43 42 14 -74 43 -18 40 50 39 52 44 -32 4 0.727273 8 20 -1 7 -5 18 10 26 26 26 -25 13 25 13 32 16 33 
72 5 3 0 0.444444 1 25 -66 3 0.8 3 33 13 32 50 38 35 4 0.666667 2 22 -29 20 -2 
73 5 3 0 0.965517 14 15 69 23 66 12 48 25 -75 13 59 25 -40 9 70 10 56 9 72 23 58 12 56 5 59 12 75 8 50 3 0.210526 1 27 5 4 0.210526 1 21 39 
74 5 4 0 0.769231 5 24 -62 22 -92 24 -70 24 -81 21 -32 2 0.285714 1 20 32 3 0.695652 4 28 -17 37 -21 40 -21 43 49 4 0.285714 1 17 -38 
75 5 3 0 0.8 4 24 -89 23 -3 6 59 15 56 3 0.705882 3 36 -16 44 -43 38 30 4 0.363636 1 17 24 
76 5 2 0 0.235294 2 23 -88 8 56 3 0.981132 26 39 11 32 -4 43 -27 40 32 37 -14 34 -39 38 -21 40 -23 39 -63 28 -51 37 -81 42 35 41 52 36 8 31 -6 25 -10 38 -58 40 -41 28 -35 28 -38 27 -30 41 -32 42 -30 40 -31 41 -37 23 -30 
77 5 2 3 0.988506 43 43 -91 42 -91 28 -97 33 -94 39 -72 40 -94 38 -91 34 87 35 87 30 83 33 90 28 98 41 43 43 9 42 39 43 -74 38 81 34 82 36 -56 43 71 19 94 43 -12 39 -37 40 85 41 36 36 65 40 -35 41 -83 34 -78 43 71 27 33 44 35 40 43 43 95 41 43 45 -12 30 85 43 89 42 -59 41 84 41 42 40 19 39 55 4 0.156863 2 17 25 21 2 
78 5 3 0 0.727273 2 15 78 23 -85 2 0.5 1 20 35 3 0.727273 2 38 68 31 -79 
79 5 3 0 0.380952 2 -22 58 -23 49 3 0.916667 11 -39 8 -40 -34 -17 41 -36 43 -4 44 -42 11 -7 -85 -22 38 -42 99 -43 100 -41 87 4 0.380952 2 18 -11 21 -22 
80 5 4 0 0.5 3 -21 93 -21 87 -23 86 2 0.222222 1 19 10 3 0.857143 9 31 -42 40 -23 42 18 -33 95 43 42 38 42 42 41 25 93 27 83 4 0.380952 2 22 -39 22 26 
81 5 3 0 0.923077 18 25 24 19 91 -24 79 -13 77 17 84 7 88 20 86 21 80 -24 77 -21 77 25 44 -23 75 -21 65 22 82 22 81 -18 72 24 86 17 -92 3 0.363636 3 -42 33 -44 29 -39 -15 4 0.363636 3 -24 45 -23 34 -17 39 
82 5 2 3 0.945455 13 41 -32 45 42 43 -93 34 -29 31 95 35 -82 40 42 41 26 38 30 37 -88 42 35 -11 -93 38 27 4 0.48 3 22 -27 18 -18 21 13 
83 5 4 0 0.333333 2 -12 46 25 38 2 0.533333 4 21 42 20 44 21 44 20 28 3 0.666667 6 32 52 43 46 34 25 44 18 44 17 37 -66 4 0.666667 6 23 -24 25 39 24 44 23 43 24 45 25 43 
84 5 2 0 0.8 3 20 70 17 66 16 64 3 0.8 3 27 30 41 42 39 18 
85 5 2 0 0.967742 15 21 65 23 49 25 56 21 59 18 60 7 72 19 59 25 50 20 55 18 59 23 37 23 44 24 53 -21 57 8 71 3 0.347826 2 38 46 39 6 
86 5 2 0 0.363636 1 21 32 3 0.965517 7 43 38 41 62 42 -2 33 -43 41 -32 34 39 39 -1 
87 5 2 1 0.470588 2 -4 35 4 35 3 0.947368 9 37 -1 16 51 11 9 -5 6 26 13 12 -6 33 -10 -27 7 26 7 
88 5 3 0 0.666667 6 14 -41 22 -29 21 -75 23 -30 24 -1 25 -38 1 0.190476 1 16 -21 3 0.862745 11 17 0 8 -64 34 -9 20 52 21 -37 -16 27 26 -36 28 -47 32 -36 17 -85 30 -3 
89 5 2 0 0.266667 2 21 7 8 -61 1 0.977778 22 14 3 10 31 10 34 7 34 16 -17 14 26 14 14 13 -6 13 1 7 34 14 26 14 28 12 31 14 21 12 30 8 35 14 -35 17 -35 17 -10 14 -3 17 -3 17 -19 
90 5 3 0 0.363636 1 13 -2 1 0.571429 2 17 -10 17 -25 3 0.869565 5 22 51 15 34 33 -30 14 11 15 -8 
91 5 3 0 0.881356 13 -8 11 -14 18 -22 17 -15 45 -10 45 -17 20 -7 45 -7 16 3 18 -5 45 -8 46 -6 15 2 44 1 0.173913 1 0 34 3 0.631579 6 -36 65 -15 12 -10 73 14 58 -6 37 0 39 
92 5 2 0 0.137931 1 -4 -17 3 0.990099 25 -32 4 -33 -21 -21 -18 -25 54 -26 -26 -5 2 -21 -37 -28 -56 -20 -19 -17 26 -23 -4 -23 -9 -8 -29 -18 -14 -20 -46 4 -21 5 -36 5 -38 1 7 -11 61 1 -72 8 5 -36 67 -9 23 4 15 
93 5 3 0 0.8 3 -19 15 -5 13 20 -26 1 0.444444 1 14 19 3 0.666667 2 20 22 19 28 
94 5 3 0 0.982857 43 -18 15 9 42 -9 71 23 -32 -3 62 15 -58 15 33 8 -61 17 -6 -17 69 6 44 3 45 12 -63 11 -8 5 43 9 38 12 -18 14 -66 14 -22 15 24 14 -71 -14 70 -1 68 17 17 16 -36 -8 60 17 -35 15 28 22 -33 14 31 15 9 17 -21 -17 69 12 9 -16 70 16 2 16 4 -1 69 0 61 -6 14 12 5 12 4 16 1 1 0.0816327 1 13 -8 3 0.153846 2 4 62 26 -26 
95 5 2 0 0.307692 1 -13 59 3 0.972973 9 -26 51 -27 -12 -26 -30 -23 -65 -21 -57 -26 -53 -25 -39 -27 -21 -17 -13 
96 5 3 0 0.0714286 11 -14 73 -12 71 -7 74 -7 74 5 67 17 -75 15 -75 20 -92 15 -75 11 -74 -1 62 1 0.978062 535 15 37 14 35 13 35 11 36 8 39 7 38 11 37 -12 38 10 38 9 36 -11 37 9 35 11 36 -10 37 7 38 8 37 -10 36 5 38 -6 38 6 37 -11 37 -6 39 2 38 2 39 0 39 -8 36 -8 35 -3 38 -1 36 -1 36 -6 38 -6 37 17 13 -12 35 -15 35 -10 35 13 34 -9 35 14 18 16 18 14 32 14 31 12 20 11 32 -14 35 16 13 17 22 -2 36 17 6 13 14 15 25 14 22 17 2 16 -7 -4 -23 15 24 15 26 -14 34 13 21 15 10 12 31 15 -15 -12 33 -15 -30 -15 -7 17 -35 13 30 13 29 -16 -6 16 -36 8 34 -16 -3 -16 -14 -16 14 -15 30 -16 10 -13 9 -16 -27 -16 17 -13 1 12 19 13 26 -16 15 -14 15 -15 -15 -14 31 16 -38 -14 4 -14 8 -15 -20 -16 -33 11 31 -15 19 -14 -28 15 -19 15 -11 -14 3 15 7 -15 -31 -16 21 -13 -5 -13 7 -13 -14 -16 -37 -16 22 -15 24 -12 -30 -15 34 -14 28 15 -9 -15 -28 -15 -29 -16 1 -15 -3 -14 -21 -12 2 -11 32 -12 -6 16 -6 16 -26 -12 -4 -10 -23 -11 0 16 -4 -11 29 -13 -23 -11 12 -16 -16 -11 -10 -15 -22 -16 -16 -14 -13 -16 8 -15 -20 -8 13 -15 0 12 -23 15 7 -12 -39 -13 -36 -10 8 -12 -6 -14 -20 16 10 -14 30 15 -8 -13 22 -8 4 -7 -2 -9 14 -14 -37 14 -5 -13 -20 -13 -35 -15 -27 15 -9 -12 -38 13 -11 12 -26 -12 -8 15 -15 -14 -22 10 -30 -8 -9 6 -16 -14 -30 -8 -10 -12 23 -14 13 14 -12 16 16 -8 -36 -14 28 -12 31 -13 -7 -10 -36 -14 -5 -7 16 -8 3 -10 1 -14 16 -9 8 -12 -36 -11 15 -14 31 14 -18 -10 -38 -15 -36 7 -13 14 -14 -13 -26 -13 33 -13 14 -9 11 -14 -15 -3 -12 -11 24 13 -26 16 24 14 -13 6 -2 13 -8 1 -18 -11 28 2 -4 13 -15 15 18 -14 2 1 -16 15 6 5 1 -14 -27 -3 -7 -10 -11 -13 24 3 -12 6 -26 7 -29 -9 -2 -12 30 5 -21 5 0 -12 26 -7 -4 -10 -15 13 -12 2 -10 -11 33 -12 -21 -10 -27 -3 5 -6 -12 2 3 -10 25 6 -11 13 -21 -5 17 4 -29 13 -23 0 -35 -3 35 -13 25 4 -8 -13 5 -11 -25 4 -28 7 -7 4 -18 -11 -15 -12 -17 -7 7 5 -28 -12 27 -6 33 -11 -21 -2 2 0 -16 -4 -13 6 -13 7 -18 -9 -25 -9 20 6 -31 4 -14 -7 -7 -9 25 -10 -27 0 -3 4 12 -7 -35 -7 23 -6 2 -1 28 5 14 -7 16 2 24 -1 -36 -6 -11 6 20 -11 -26 2 -24 -9 33 -1 25 6 21 -9 -12 -8 1 -6 26 -7 15 1 26 -11 -20 7 -23 6 17 -5 1 3 -26 -8 -39 11 19 -3 32 -4 -18 4 21 3 -3 -11 -21 -5 -9 5 25 1 21 -3 16 -8 -10 -8 0 -6 -20 15 23 -4 -4 -4 33 -10 22 -7 -39 -6 9 5 19 -9 26 -5 -11 3 -15 5 26 -13 -18 -12 -7 -11 6 -8 -26 7 1 7 1 -8 -27 -4 -6 -4 -22 -12 26 4 10 -4 -3 -11 -35 -10 -28 10 27 -8 -27 -10 -29 -1 -39 1 -18 -4 20 -11 21 0 16 -5 13 -5 -2 5 -11 -2 15 -9 -14 -6 28 -4 31 4 18 -8 -12 -9 32 -6 -36 -9 29 -8 -19 -11 3 -1 -38 2 -9 2 -27 1 -14 1 8 -11 -9 2 -30 -10 11 -3 29 4 17 13 21 6 -3 -11 -29 3 -18 7 -14 -3 23 6 4 3 -30 2 -25 2 33 -2 -38 6 5 7 -7 -5 20 -8 -17 -10 -24 -2 0 2 -25 -10 -9 -11 -24 -6 -38 -10 25 4 -9 -7 -38 4 9 -1 -34 13 24 0 -29 3 32 -5 -4 0 -32 4 2 0 26 5 -5 1 22 11 28 4 10 -1 28 -3 -20 5 5 -5 7 -4 31 2 -19 -5 -23 -2 -35 0 -23 1 -6 -5 9 1 -27 -8 -25 -5 29 -10 28 -1 -26 -5 -33 3 -6 -3 -34 -9 -7 12 24 0 -27 -4 -20 -9 26 -8 -15 4 10 -2 33 1 -22 -8 3 -4 -25 -2 -38 -10 -29 -5 -3 -10 -8 -5 6 -3 19 -5 29 -1 -4 -2 -24 2 26 -7 25 -3 -7 0 -37 -3 -29 -3 16 2 -35 2 12 -9 -7 11 28 2 7 3 2 0 19 -1 29 0 -6 1 21 -1 -37 12 24 -7 -27 1 -22 1 25 -5 -1 -3 -17 -3 -11 4 -37 -6 -16 1 14 -7 -33 3 9 5 -8 -3 9 -8 24 -2 -9 -4 -4 -7 -10 0 18 3 13 -1 -7 -7 -14 0 -31 3 3 -2 -35 -4 -1 -4 -20 -10 -13 3 -32 -6 -24 3 12 -6 19 -3 4 0 -6 -6 23 -3 -6 0 12 -6 20 0 -2 4 -27 0 33 -5 -30 -1 -33 -2 25 0 7 0 -17 0 -9 -8 30 1 26 -1 9 -1 6 0 16 3 11 1 30 -2 6 -4 -26 -1 -30 -2 28 -7 26 -2 -4 1 0 0 2 -5 -18 -1 21 -1 21 -8 27 0 26 -1 26 -1 -26 -3 31 -2 6 -2 -27 -5 -27 0 -12 -3 -38 -3 -36 -2 -14 3 0.213256 37 -22 84 -14 57 -23 60 -15 55 -22 -87 -10 55 -15 62 -20 -95 -15 11 -30 -53 -2 -1 -14 -44 -24 -3 -30 -39 -14 -49 -19 -12 -32 -64 -22 3 -23 5 -16 41 -22 2 -15 -12 -30 40 -22 -41 -14 -37 -26 41 -9 -41 -11 2 -10 4 -8 -65 -19 -68 -17 33 -15 18 -12 2 -16 17 -9 -86 15 -24 
97 5 4 0 0.914286 8 -10 50 -8 51 5 49 -6 54 -5 51 -9 53 -14 58 -1 60 1 0.285714 1 -3 -39 3 0.285714 1 -41 78 4 0.285714 1 -25 -37 
98 5 3 0 0.307692 2 -15 68 -22 70 3 0.957747 17 -30 -44 -40 83 -42 58 -36 -16 -42 60 -33 3 -37 -32 -34 -37 -29 -42 -34 -21 -34 14 -39 -76 -39 -95 -35 3 -32 8 -43 -5 -37 24 4 0.173913 1 -25 19 
99 5 2 0 0.137931 1 12 21 3 0.990099 25 30 -20 24 -59 25 -58 23 -29 28 13 33 -30 29 -36 26 -22 22 -85 -37 -33 17 10 -36 -41 21 -44 20 32 -43 20 26 7 -43 -7 -32 -17 -33 -16 -41 16 -30 15 -37 -87 -33 -35 -29 0 -39 -3 
100 5 2 0 0.8 2 -20 -29 -24 -50 3 0.8 2 -37 -35 -34 -13 
101 5 3 0 0.8 8 -11 -33 -16 5 11 -21 12 -52 10 -48 -16 26 -16 6 -17 13 1 0.363636 2 11 -17 -14 -23 3 0.705882 6 14 20 21 17 27 -38 -30 -74 -30 -16 -31 -97 
102 5 3 0 0.542373 16 -16 -21 -15 -40 -16 -48 -17 22 -15 -46 -16 34 -6 64 1 -41 -10 9 -12 9 12 -23 3 -7 7 -5 9 0 -15 38 -23 -22 1 0.871287 44 12 -8 -11 -19 -13 -12 13 0 -11 -3 10 -35 11 -2 8 -32 14 -11 13 -7 -13 -3 12 12 13 -11 14 -17 -11 11 12 8 11 -31 -13 12 12 9 12 20 13 2 -13 14 12 -34 10 -29 12 2 14 -27 -14 -23 14 -32 13 7 -12 21 11 -12 -14 -7 13 27 -12 -26 -14 -7 13 -34 11 -29 -12 16 13 -14 -14 -20 -14 19 -13 -33 -11 18 -14 -33 3 0.4 10 22 -32 -31 22 -31 38 15 -28 24 26 22 -25 16 -78 16 0 21 -67 19 42 
103 5 2 0 0.363636 2 11 -53 12 -26 3 0.965517 14 29 4 24 21 24 -15 18 -78 21 -85 -35 -78 -30 60 -34 -84 -35 -16 -31 -10 -32 -63 -32 -78 18 -76 -43 -86 
104 5 3 0 0.888889 4 -23 12 -23 -40 -24 -21 -14 -38 1 0.444444 1 -13 -15 3 0.444444 1 -32 -11 
105 5 2 0 0.993289 37 17 0 18 10 17 24 16 13 17 15 18 -15 17 -11 15 -19 11 -28 12 -10 11 -3 19 -41 11 18 10 -38 12 -14 11 -6 8 -34 6 -20 12 -64 6 -46 12 -12 15 33 9 9 13 -32 12 -13 13 -3 9 -43 6 -43 7 -46 10 -46 10 -56 8 -54 7 5 6 8 9 -45 7 -1 19 -54 3 0.097561 1 13 16 
106 5 3 0 0.461538 3 12 28 -17 -2 -17 -6 1 0.2 1 7 -4 3 0.928571 13 -29 -7 -40 -89 -33 -2 -36 -8 -40 -57 -28 -1 -27 -28 -25 -35 -39 -52 -16 -18 -21 -7 -22 -33 -43 -73 
107 5 3 0 0.967742 15 -24 1 -24 -55 -15 -39 -24 -10 -11 32 -22 -68 7 26 -17 15 -15 -14 -11 29 -15 -38 -11 24 -15 -14 7 1 14 8 1 0.2 1 -14 9 3 0.2 1 -31 -5 
108 5 3 0 0.984823 146 15 15 -15 22 -16 28 -14 12 -15 10 -12 12 -10 -2 -11 17 -10 14 -17 0 -11 2 -11 0 -10 -8 -11 11 -2 26 -17 7 -17 6 -15 -47 -16 -30 -20 -64 -10 5 -7 -44 -12 -33 -18 -54 -8 -35 -8 -12 -6 -7 -16 -23 -22 -71 -12 -26 -12 1 -12 37 -17 -40 -10 3 -12 -15 -11 -19 -14 38 -12 -29 -15 -57 -16 -48 -10 -61 -20 -66 -16 -42 -8 -35 -10 -58 -6 -1 -9 8 -11 -1 -16 -53 -8 -37 -4 7 -14 -66 -13 -65 -13 -46 -14 -33 -9 -38 1 17 -15 -49 -12 -39 -7 -35 -4 -31 -11 -44 -2 -10 1 16 -7 -14 -10 -26 -5 -2 -10 -35 -16 -72 -5 -4 -3 3 -7 -19 -8 -22 -9 -7 3 12 -1 -7 0 5 1 12 -17 -52 -1 -86 -1 -6 -2 -6 -2 0 -11 -71 -16 -66 -13 -63 -13 -63 1 32 -5 -11 -2 -12 4 30 -13 -30 -6 -16 -1 -14 -1 -14 -7 -37 -5 -1 5 0 -8 -32 -3 -12 4 12 6 -83 1 -9 -5 -12 -5 -4 -1 -27 6 1 10 -2 -7 -28 -3 -3 1 -14 4 -9 1 -23 6 14 -8 -52 4 -10 6 13 0 -47 -6 -23 1 -46 -5 -20 4 -6 2 36 1 -36 4 -7 -6 -61 3 -36 6 17 -3 -53 9 -81 14 -1 2 -48 10 16 9 -45 5 -36 -5 -25 0 -51 -4 -55 8 5 12 -46 11 -33 -3 -41 -5 -62 12 -35 12 30 2 -72 1 0.0958084 4 -11 -31 -10 -31 -10 -27 6 -1 3 0.117647 5 -40 -33 1 -63 22 17 21 32 20 -81 
109 5 4 0 0.521739 3 6 -31 4 -55 14 -58 2 0.235294 1 -5 -26 3 0.878049 9 8 -52 12 -27 13 2 13 -84 13 46 19 -26 19 -27 -18 33 -33 23 4 0.235294 1 -3 -44 
110 5 5 0 0.728745 45 19 -87 8 -53 6 -29 13 -61 9 -51 9 -59 11 -36 10 -15 6 -57 9 -40 16 -55 9 -76 17 -84 16 -47 7 -62 6 -38 12 -66 6 -31 12 -68 8 -10 15 -85 16 -27 4 -61 5 -64 6 -75 12 -65 13 8 9 -3 6 -13 9 -2 10 -74 10 -17 4 -33 6 -3 7 -79 5 -13 5 -24 4 -40 12 -12 5 5 9 -17 2 -53 6 3 6 -68 6 -30 1 0.756757 49 12 -6 13 -27 13 -33 13 6 12 -10 13 -31 12 12 12 9 10 -18 11 -15 10 -15 11 -20 11 -3 10 10 9 -14 15 -34 15 8 16 -28 9 -1 10 10 15 -27 15 -35 13 -10 12 -39 15 13 16 1 14 -25 13 -26 13 8 13 0 12 -26 13 -29 12 -37 14 -5 13 -24 14 7 13 -20 11 13 14 -32 16 -18 12 -12 9 -32 9 -31 10 -30 9 -28 10 2 6 33 10 12 14 -17 2 0.0991736 3 15 -49 13 -52 14 -53 3 0.363636 14 29 -39 22 -24 18 23 10 48 14 -20 13 -78 9 -9 11 37 10 -41 -31 -89 6 12 -21 -63 22 -42 9 -50 4 0.0347826 1 19 -45 
111 5 3 0 0.676328 70 6 -35 -15 -15 -15 -14 12 -3 -24 -21 12 -50 -16 -6 7 -68 -11 -20 -17 -33 3 -73 -10 2 -10 -55 -11 -26 -13 -70 -22 -67 -9 -67 -11 33 -13 28 -6 -50 -3 9 -12 27 -12 -55 -11 6 -8 29 -16 -13 -24 -15 -15 -26 -1 7 -18 -53 -14 -49 -10 35 -17 -60 -17 -27 -12 40 -13 -68 -13 -65 -12 -56 -4 27 -11 -59 -11 -17 -13 -58 -13 -60 -1 -66 -6 38 -5 39 -11 -66 -6 6 -7 -25 -6 0 4 -18 -5 -46 4 -29 -3 -36 -2 38 -1 10 0 15 0 13 10 -1 1 40 -22 -23 1 -53 -2 -47 -2 -21 5 34 0 -53 -1 -70 0 -59 2 -70 2 -69 1 0.398625 29 6 6 4 33 6 12 -13 26 -12 12 -8 18 -10 17 -13 25 -10 12 -7 15 -9 -33 -6 13 -9 -35 -8 16 -8 -34 -8 22 -4 22 -7 26 -4 21 -7 26 -3 23 -9 32 -6 31 -3 31 -4 29 -3 31 -1 33 4 11 7 -24 3 0.809249 105 1 61 25 -43 7 18 17 -76 7 56 -32 -65 -33 46 -33 52 -34 -14 -27 -53 -34 -25 7 -34 -8 -1 17 -10 -9 -33 -20 -45 -14 -14 17 -11 -10 -26 0 -8 0 -1 4 -10 -22 -20 -8 -10 -23 -42 -33 -23 -28 2 -28 -18 -28 1 -42 -3 -40 -19 -43 -69 -25 -12 -28 -8 -39 -40 -42 8 -33 -2 -35 4 -25 -52 -17 2 2 20 -28 4 1 25 -32 -47 -20 -22 -34 -65 -29 -25 -35 -49 1 35 -7 -14 -16 -22 -16 -16 -33 -76 7 18 1 -68 2 42 3 24 4 -43 3 -41 7 -38 -6 -69 -4 -40 2 14 10 -10 -2 -48 11 -25 -1 -71 -3 -53 1 27 6 37 12 -11 -2 -13 3 -73 0 -17 7 33 7 -2 15 9 2 10 9 -1 19 46 17 -30 18 -32 16 -87 -11 -73 10 16 12 30 12 19 11 -58 -41 -39 15 -2 17 25 -2 -37 -8 66 -1 15 -5 30 4 -24 11 -33 12 1 4 -15 -26 28 12 19 14 13 12 -31 -11 23 -28 27 
112 5 3 0 0.552632 63 11 -75 13 -71 2 41 9 -73 -7 -62 9 36 1 -69 5 -63 -12 -47 0 -52 -16 -52 11 -73 6 38 5 -55 9 -76 -10 -48 -8 -21 -2 -35 7 -52 -7 -44 5 8 0 -15 -6 -43 -2 -47 -24 -69 -11 -32 -5 -54 -11 -36 -5 -19 -9 -23 -11 -46 -3 -6 -11 -60 -14 -63 0 -50 -11 -5 -7 -35 -16 -71 -3 -66 -8 -53 -7 -45 -8 2 -1 -56 -8 4 -7 -63 -14 -48 -2 -59 6 -66 -7 8 5 38 -7 -65 -7 16 -11 -17 11 9 -4 -31 -13 -4 -6 -37 -6 -71 -6 -69 -8 -73 -6 -24 1 -58 -11 2 1 0.887218 177 10 30 14 23 12 25 9 31 10 -13 12 -27 10 21 12 -24 11 13 7 29 4 31 11 26 12 21 8 -20 9 13 7 -17 10 15 8 2 8 -18 6 -14 4 -14 7 -26 7 -6 8 -10 8 8 9 14 2 -25 3 29 6 -15 10 -17 7 -29 9 -8 7 -20 -11 0 10 1 5 -12 5 -19 10 0 7 -9 -1 0 -1 -10 -10 -3 -3 1 -4 0 -3 -13 -8 -22 5 6 7 14 0 -31 8 6 5 16 -4 -9 -10 -1 2 5 5 -32 5 -1 2 -3 -6 -23 -8 1 -6 -30 -1 -25 -7 -28 -1 -26 8 19 -13 2 -14 0 3 -15 5 13 -14 -24 -8 -18 -5 7 -5 0 -12 -5 -8 -8 -4 4 -12 4 -2 -25 -14 -19 -2 1 -13 -18 -14 -9 6 18 2 17 6 20 -3 -18 -7 -18 1 -20 -12 9 0 -19 5 -14 -1 22 -7 -26 4 -13 -4 -19 -4 -20 1 -16 -4 -18 -6 -11 -6 -14 -4 16 -11 -26 -11 7 -12 -17 -8 -31 -5 7 -10 9 -5 28 -11 11 -6 7 -10 5 -10 9 -2 -31 4 24 -2 -4 -9 -15 -6 0 -7 12 -11 -30 6 -6 -6 -31 -4 -33 -10 -35 9 16 -9 -1 -6 5 -8 -19 -7 -33 -7 -33 -4 -34 -2 -30 1 -10 1 -9 -7 -23 -9 -16 -6 17 -10 -22 5 17 0 2 2 5 -8 -30 -3 4 1 -1 -2 -16 -8 -33 -4 -3 -1 18 -8 -23 -7 -18 -7 -9 -1 -9 -7 -4 0 4 -1 -8 -3 -8 -7 -35 -7 -33 1 0 -2 20 -2 -6 -2 22 -6 -8 0 -6 -6 -9 3 -12 -1 -21 0 -24 2 -27 -5 -10 -3 -1 -4 -6 2 -35 -2 9 0 1 0 -3 1 5 3 21 2 22 3 0.310345 27 22 14 7 60 19 16 -4 28 0 24 5 65 -37 -12 7 13 26 -8 8 61 14 -80 2 -80 19 -27 2 25 14 -19 -17 -43 21 -20 0 21 1 61 -30 -79 -22 -3 -11 -42 18 41 -37 15 8 -68 8 -21 -6 22 
113 5 3 0 0.768 24 -7 2 -5 3 -5 -57 -8 -66 -1 -74 -11 -74 -1 -68 8 -13 -4 -41 6 -71 6 -74 7 -42 7 -40 7 0 0 5 -7 2 -8 3 10 3 -9 1 1 -35 9 2 5 -10 2 4 6 9 1 0.135593 2 15 15 15 19 3 0.80597 27 -4 23 -6 -50 -7 -5 5 -70 7 -7 12 -40 9 -27 1 -36 10 -32 5 -39 15 14 -2 -33 7 41 5 38 0 -22 3 -82 -2 -96 3 -6 -1 -60 -12 -42 -9 -9 10 -40 -3 -60 2 -53 10 -24 0 55 -7 -37 
114 5 4 0 0.931507 17 -1 -49 -21 -43 -20 -50 -13 -46 -16 -63 -21 -50 -6 -6 -17 -59 -7 -53 3 -40 -5 -48 -8 -44 1 -15 5 4 0 -7 0 -54 4 -24 1 0.285714 2 -9 -19 -8 -33 2 0.16 1 15 -50 3 0.285714 2 -29 1 -8 22 
115 5 3 0 0.25 1 -10 -51 1 0.64 4 -14 0 6 -29 -1 15 -10 -7 3 0.864865 8 -34 -58 -7 33 -35 -5 -39 -63 -26 -30 -12 16 -12 -37 24 -42 
116 5 3 0 0.388889 7 7 33 4 31 -18 -42 -18 -22 -12 -11 5 21 10 -64 1 0.140351 2 -10 -20 5 11 3 0.949153 42 10 -22 -2 -28 17 -19 9 2 20 -43 8 7 -15 6 -7 1 -23 -13 8 74 20 -24 17 -21 19 -41 19 -26 6 -23 3 -11 3 -14 -7 -32 -15 -19 15 5 -6 43 15 -25 -10 44 -11 46 0 -36 -32 9 -14 47 -15 42 -42 55 4 -35 -16 -3 13 -33 6 -32 15 -32 16 -25 17 -22 6 1 7 -7 -40 -13 -27 42 -34 -57 6 -78 
117 5 3 0 0.839506 17 -6 -3 -17 0 -11 -84 -10 -49 -16 -15 5 -45 -6 -77 3 -75 5 -76 -9 -76 0 -62 -11 -5 -1 -77 -1 -54 -2 -79 -17 -83 -6 -60 1 0.121212 1 -3 -34 3 0.727273 12 14 -15 -42 52 8 -8 -8 3 5 -36 -33 50 -15 -1 14 -36 -31 12 -6 49 -37 47 -32 14 
118 5 2 0 0.571429 1 -12 -83 3 0.923077 3 -34 -99 -13 -42 -34 -97 
119 5 2 0 0.973913 28 -16 -86 -23 -90 -3 -85 -21 -91 -17 -84 -16 -77 -10 -86 -11 -75 -2 -89 -13 -74 -9 -77 -11 -86 -10 -91 -8 -90 -11 -92 -19 -89 -15 -88 -15 -90 -5 -74 -9 -87 -3 -85 10 -82 10 -90 -2 -90 5 -85 4 -76 -2 69 5 -77 3 0.3 3 2 -98 -42 -94 -9 -98 
120 5 2 0 0.285714 1 13 -88 3 0.97561 10 -43 6 17 31 -7 34 -14 33 -32 33 -8 31 -19 27 8 28 14 -99 18 20 
121 5 3 2 0.952381 10 -3 -50 -14 -51 -3 -51 -11 -50 -9 -52 -8 -52 9 -50 11 -52 3 -53 8 -51 3 0.266667 1 -10 28 4 0.266667 1 15 -45 
122 5 2 2 0.181818 1 -15 -53 4 0.986301 18 -22 -27 -14 11 2 -15 -19 18 -14 -4 -24 22 -15 -7 -15 6 14 -45 -13 -36 -11 -41 -20 -45 -17 -41 -17 -34 -14 -45 12 -44 13 -43 -21 -40 
123 5 2 2 0.888889 2 -10 -38 0 -48 4 0.666667 1 -23 -44 
124 5 3 0 0.5 1 -6 63 3 0.857143 3 -27 75 4 -35 9 -28 4 0.5 1 16 -44 
125 5 2 0 0.987654 20 -10 51 -17 64 -14 67 -12 65 -14 60 -1 58 -12 52 -3 59 -12 64 2 64 -16 55 -6 54 -12 58 1 65 -9 65 2 64 0 56 0 60 -9 56 -6 61 3 0.166667 1 -29 -84 
126 5 4 0 0.333333 1 14 -1 1 0.666667 3 14 -2 14 -1 12 -39 2 0.333333 1 15 -53 4 0.761905 4 24 -44 21 -41 25 -40 23 -38 
127 5 3 0 0.040404 1 -11 69 1 0.983607 90 13 -35 13 13 13 -26 12 -4 12 -2 3 34 4 32 1 34 4 29 2 32 10 4 4 30 4 29 15 6 6 25 3 33 12 -36 5 35 12 -31 6 32 8 18 5 30 12 -39 7 -1 13 -5 9 23 8 26 8 -21 8 22 5 27 8 -16 11 -36 6 25 6 27 9 29 8 -7 8 29 9 15 8 31 9 7 9 -4 8 -30 9 -10 9 -21 9 0 9 -3 9 -17 8 -38 9 -24 10 10 9 -16 9 -3 9 -34 10 7 11 25 10 -2 10 -36 9 -27 9 -37 10 34 10 -16 9 -36 10 -8 11 -1 10 7 9 10 10 -8 11 -33 10 5 12 -9 11 22 10 25 11 -4 10 27 10 -33 11 12 11 -1 11 -29 12 8 11 -7 11 -11 12 -8 12 -30 12 -24 11 -38 12 -16 12 -19 12 20 14 17 14 11 3 0.18018 5 -5 -40 11 14 9 19 -35 65 14 -4 
128 5 3 0 0.167539 8 0 0 -8 7 -4 -75 0 -29 -6 -53 -5 -69 -17 69 -6 68 1 0.10989 5 0 -26 6 -23 7 7 7 27 2 -37 3 0.979332 154 4 -20 -41 -2 -38 -63 -26 -85 -17 52 -33 -6 -13 -17 -37 -73 -22 -26 -42 18 -27 -25 -15 -2 -9 -12 -30 40 -18 5 -28 -14 -24 22 -25 21 -24 -48 -10 20 -12 18 -19 19 -5 -16 -27 16 -37 34 -16 -97 -11 -11 -32 20 -14 -98 -8 -11 -1 20 -9 34 -11 57 -6 -16 -3 18 -5 -25 -17 -68 -23 6 -14 -89 -17 33 -3 -27 -19 -68 3 -38 -1 -46 -3 17 -10 24 -8 -29 -21 -18 -3 -35 -27 -51 -3 -42 -3 3 -8 18 1 6 -7 14 -6 -49 -17 -39 -16 -63 -3 -88 -16 22 -16 3 -9 -70 -11 -39 -17 -34 -2 -57 -15 17 -16 -7 -4 -82 -11 -5 -11 -43 -9 44 -1 19 -11 -74 -39 62 -16 -92 -14 34 -17 -88 -15 -43 -16 -72 -12 -87 -12 -13 -21 -10 -30 31 -10 42 -18 -12 -6 -26 -5 -32 -9 -69 -1 0 1 -41 -9 -21 -3 -45 -2 -55 -8 20 -23 8 -9 -41 -7 54 3 -10 -5 -23 8 -3 7 -31 -1 -1 2 -66 -16 -94 -30 -8 -5 -14 -38 -87 0 -60 0 -40 -4 22 4 -20 -31 30 -5 -76 -7 19 -5 -79 4 0 10 -42 -42 -26 10 1 15 -35 -8 61 15 -6 -31 -34 1 -49 -15 71 -13 19 -21 67 4 -96 -41 -6 -4 17 -17 35 -33 -85 -21 22 -4 -54 -32 -11 14 4 -13 30 -11 71 -18 75 -14 75 -44 -36 -41 -12 -10 73 -21 78 -7 26 -13 25 -7 34 -16 28 -41 23 -16 30 -5 35 -31 1 -3 -66 -42 -59 
129 5 4 0 0.833333 5 -16 59 -7 61 -6 58 -15 57 -11 60 2 0.333333 1 3 -52 3 0.533333 2 -29 21 -34 36 4 0.333333 1 -22 -43 
130 5 2 2 0.173913 1 -13 -42 4 0.987013 19 -24 6 -24 4 -19 -44 -12 -41 -15 -38 -21 -29 -22 1 -23 -29 -19 -31 -17 5 -22 -31 -23 29 -19 26 -25 -3 -16 0 -18 13 -21 14 -20 13 -21 17 
