10 121 0
0 0 -1 7 4 19 0 42 37 5 8 32 -2435 
1 1 -1 20 12 22 9 43 31 1 15 32 20188 
2 1 -1 22 5 11 12 46 40 1 4 32 1609 
3 2 -1 17 22 22 0 46 22 1 23 32 -4476 
4 2 29 0 0 0 0 0 0 0 0 0 0 
5 2 -1 14 7 13 9 35 27 4 20 32 -63 
6 2 -1 21 1 6 2 46 6 1 28 32 -1532 
7 3 -1 17 16 14 21 33 42 2 3 32 7401 
8 3 -1 13 14 1 19 43 39 2 3 32 -507 
9 3 0 0 0 0 0 0 0 0 0 0 0 
10 3 0 0 0 0 0 0 0 0 0 0 0 
11 3 -1 6 15 15 6 40 24 4 17 32 -3149 
12 3 -1 5 19 0 0 24 32 0 0 12 -7 
13 3 -1 13 21 22 0 39 22 6 4 32 -1037 
14 3 -1 5 1 10 4 15 34 11 1 32 1352 
15 4 -1 21 0 12 1 37 42 10 1 32 -1055 
16 4 6 0 0 0 0 0 0 0 0 0 0 
17 4 -1 19 21 16 16 44 41 3 3 32 6171 
18 4 -1 10 22 8 16 41 41 4 5 32 6671 
19 4 0 0 0 0 0 0 0 0 0 0 0 
20 4 0 0 0 0 0 0 0 0 0 0 0 
21 4 0 0 0 0 0 0 0 0 0 0 0 
22 4 0 0 0 0 0 0 0 0 0 0 0 
23 4 -1 11 19 0 5 32 41 12 1 32 -186 
24 4 -1 6 5 22 15 41 46 5 1 32 -186 
25 4 -1 47 12 0 0 13 16 0 0 18 -18 
26 4 -1 30 13 0 0 44 31 0 0 3 11 
27 4 -1 10 6 1 4 27 19 19 3 32 -2936 
28 4 -1 3 3 10 14 46 39 1 3 32 4925 
29 4 -1 22 6 0 14 37 21 7 15 32 -2473 
30 4 -1 22 16 7 0 39 38 8 1 32 -71 
31 5 -1 32 44 0 0 24 20 0 0 12 -107 
32 5 -1 31 21 0 0 13 26 0 0 17 -2 
33 5 0 0 0 0 0 0 0 0 0 0 0 
34 5 0 0 0 0 0 0 0 0 0 0 0 
35 5 -1 8 42 0 0 32 19 0 0 17 15 
36 5 -1 8 4 18 0 27 13 9 6 32 -831 
37 5 24 0 0 0 0 0 0 0 0 0 0 
38 5 -1 5 17 19 10 33 41 1 6 32 16667 
39 5 0 0 0 0 0 0 0 0 0 0 0 
40 5 0 0 0 0 0 0 0 0 0 0 0 
41 5 0 0 0 0 0 0 0 0 0 0 0 
42 5 0 0 0 0 0 0 0 0 0 0 0 
43 5 0 0 0 0 0 0 0 0 0 0 0 
44 5 0 0 0 0 0 0 0 0 0 0 0 
45 5 0 0 0 0 0 0 0 0 0 0 0 
46 5 0 0 0 0 0 0 0 0 0 0 0 
47 5 30 0 0 0 0 0 0 0 0 0 0 
48 5 31 0 0 0 0 0 0 0 0 0 0 
49 5 -1 1 14 3 3 34 20 10 10 32 -3481 
50 5 -1 15 25 0 0 34 36 0 0 6 42 
51 5 -1 25 42 0 0 12 0 0 0 6 36 
52 5 -1 18 2 22 19 40 35 7 11 32 140 
53 5 -1 34 12 0 0 42 34 0 0 16 38 
54 5 -1 40 12 0 0 4 30 0 0 7 41 
55 5 -1 29 8 0 0 20 32 0 0 2 2 
56 5 -1 2 8 0 4 42 40 1 5 32 -230 
57 5 -1 3 4 1 22 9 35 21 7 32 -1848 
58 5 89 0 0 0 0 0 0 0 0 0 0 
59 5 -1 2 9 4 7 32 37 7 1 32 -10 
60 5 -1 17 7 16 3 39 26 1 21 32 1488 
61 5 -1 5 13 2 11 18 44 29 2 32 -1563 
62 5 -1 10 19 22 22 36 42 10 3 32 13780 
63 6 0 0 0 0 0 0 0 0 0 0 0 
64 6 1 0 0 0 0 0 0 0 0 0 0 
65 6 2 0 0 0 0 0 0 0 0 0 0 
66 6 -1 3 34 0 0 41 44 0 0 17 6 
67 6 0 0 0 0 0 0 0 0 0 0 0 
68 6 0 0 0 0 0 0 0 0 0 0 0 
69 6 0 0 0 0 0 0 0 0 0 0 0 
70 6 0 0 0 0 0 0 0 0 0 0 0 
71 6 -1 18 12 12 6 45 21 2 9 32 -1260 
72 6 9 0 0 0 0 0 0 0 0 0 0 
73 6 -1 3 16 2 11 26 32 20 10 32 -19056 
74 6 23 0 0 0 0 0 0 0 0 0 0 
75 6 0 0 0 0 0 0 0 0 0 0 0 
76 6 0 0 0 0 0 0 0 0 0 0 0 
77 6 25 0 0 0 0 0 0 0 0 0 0 
78 6 -1 16 15 4 2 34 17 5 3 32 -867 
79 6 0 0 0 0 0 0 0 0 0 0 0 
80 6 0 0 0 0 0 0 0 0 0 0 0 
81 6 0 0 0 0 0 0 0 0 0 0 0 
82 6 0 0 0 0 0 0 0 0 0 0 0 
83 6 0 0 0 0 0 0 0 0 0 0 0 
84 6 0 0 0 0 0 0 0 0 0 0 0 
85 6 0 0 0 0 0 0 0 0 0 0 0 
86 6 0 0 0 0 0 0 0 0 0 0 0 
87 6 0 0 0 0 0 0 0 0 0 0 0 
88 6 0 0 0 0 0 0 0 0 0 0 0 
89 6 0 0 0 0 0 0 0 0 0 0 0 
90 6 0 0 0 0 0 0 0 0 0 0 0 
91 6 0 0 0 0 0 0 0 0 0 0 0 
92 6 0 0 0 0 0 0 0 0 0 0 0 
93 6 0 0 0 0 0 0 0 0 0 0 0 
94 6 0 0 0 0 0 0 0 0 0 0 0 
95 6 0 0 0 0 0 0 0 0 0 0 0 
96 6 0 0 0 0 0 0 0 0 0 0 0 
97 6 0 0 0 0 0 0 0 0 0 0 0 
98 6 0 0 0 0 0 0 0 0 0 0 0 
99 6 32 0 0 0 0 0 0 0 0 0 0 
100 6 33 0 0 0 0 0 0 0 0 0 0 
101 6 -1 42 3 0 0 14 4 0 0 6 -4 
102 6 40 0 0 0 0 0 0 0 0 0 0 
103 6 -1 16 33 0 0 33 27 0 0 2 -12 
104 6 45 0 0 0 0 0 0 0 0 0 0 
105 6 -1 11 1 0 0 31 17 0 0 1 -4 
106 6 54 0 0 0 0 0 0 0 0 0 0 
107 6 -1 16 46 0 0 42 8 0 0 7 -15 
108 6 61 0 0 0 0 0 0 0 0 0 0 
109 6 -1 24 31 0 0 40 40 0 0 0 28 
110 6 -1 40 6 0 0 47 41 0 0 16 10 
111 6 -1 32 3 0 0 23 24 0 0 15 -25 
112 6 -1 18 18 12 1 41 36 4 6 32 -202 
113 6 -1 6 14 20 22 33 41 7 5 32 -303 
114 6 77 0 0 0 0 0 0 0 0 0 0 
115 6 -1 19 20 18 2 41 32 3 11 32 406 
116 6 -1 4 23 0 0 20 26 0 0 17 14 
117 6 0 0 0 0 0 0 0 0 0 0 0 
118 6 0 0 0 0 0 0 0 0 0 0 0 
119 6 -1 30 31 0 0 6 3 0 0 1 -14 
120 6 -1 20 16 4 1 30 20 6 2 32 -259 
121 6 -1 44 5 0 0 17 31 0 0 3 -41 
122 6 -1 33 8 0 0 21 14 0 0 3 -6 
123 6 116 0 0 0 0 0 0 0 0 0 0 
124 6 117 0 0 0 0 0 0 0 0 0 0 
125 6 118 0 0 0 0 0 0 0 0 0 0 
126 6 -1 20 8 6 18 45 30 1 10 32 5765 
127 7 0 0 0 0 0 0 0 0 0 0 0 
128 7 0 0 0 0 0 0 0 0 0 0 0 
129 7 0 0 0 0 0 0 0 0 0 0 0 
130 7 0 0 0 0 0 0 0 0 0 0 0 
131 7 0 0 0 0 0 0 0 0 0 0 0 
132 7 0 0 0 0 0 0 0 0 0 0 0 
133 7 -1 42 15 0 0 10 0 0 0 18 -2 
134 7 5 0 0 0 0 0 0 0 0 0 0 
135 7 0 0 0 0 0 0 0 0 0 0 0 
136 7 0 0 0 0 0 0 0 0 0 0 0 
137 7 0 0 0 0 0 0 0 0 0 0 0 
138 7 0 0 0 0 0 0 0 0 0 0 0 
139 7 0 0 0 0 0 0 0 0 0 0 0 
140 7 0 0 0 0 0 0 0 0 0 0 0 
141 7 0 0 0 0 0 0 0 0 0 0 0 
142 7 0 0 0 0 0 0 0 0 0 0 0 
143 7 7 0 0 0 0 0 0 0 0 0 0 
144 7 8 0 0 0 0 0 0 0 0 0 0 
145 7 0 0 0 0 0 0 0 0 0 0 0 
146 7 0 0 0 0 0 0 0 0 0 0 0 
147 7 -1 2 23 0 0 36 43 0 0 1 -9 
148 7 -1 21 22 3 2 24 41 23 1 32 -1899 
149 7 0 0 0 0 0 0 0 0 0 0 0 
150 7 0 0 0 0 0 0 0 0 0 0 0 
151 7 0 0 0 0 0 0 0 0 0 0 0 
152 7 0 0 0 0 0 0 0 0 0 0 0 
153 7 0 0 0 0 0 0 0 0 0 0 0 
154 7 0 0 0 0 0 0 0 0 0 0 0 
155 7 0 0 0 0 0 0 0 0 0 0 0 
156 7 0 0 0 0 0 0 0 0 0 0 0 
157 7 -1 6 7 6 10 30 21 12 20 32 -16216 
158 7 28 0 0 0 0 0 0 0 0 0 0 
159 7 0 0 0 0 0 0 0 0 0 0 0 
160 7 0 0 0 0 0 0 0 0 0 0 0 
161 7 0 0 0 0 0 0 0 0 0 0 0 
162 7 0 0 0 0 0 0 0 0 0 0 0 
163 7 0 0 0 0 0 0 0 0 0 0 0 
164 7 0 0 0 0 0 0 0 0 0 0 0 
165 7 0 0 0 0 0 0 0 0 0 0 0 
166 7 0 0 0 0 0 0 0 0 0 0 0 
167 7 0 0 0 0 0 0 0 0 0 0 0 
168 7 0 0 0 0 0 0 0 0 0 0 0 
169 7 0 0 0 0 0 0 0 0 0 0 0 
170 7 0 0 0 0 0 0 0 0 0 0 0 
171 7 0 0 0 0 0 0 0 0 0 0 0 
172 7 0 0 0 0 0 0 0 0 0 0 0 
173 7 0 0 0 0 0 0 0 0 0 0 0 
174 7 0 0 0 0 0 0 0 0 0 0 0 
175 7 0 0 0 0 0 0 0 0 0 0 0 
176 7 0 0 0 0 0 0 0 0 0 0 0 
177 7 0 0 0 0 0 0 0 0 0 0 0 
178 7 0 0 0 0 0 0 0 0 0 0 0 
179 7 0 0 0 0 0 0 0 0 0 0 0 
180 7 0 0 0 0 0 0 0 0 0 0 0 
181 7 0 0 0 0 0 0 0 0 0 0 0 
182 7 0 0 0 0 0 0 0 0 0 0 0 
183 7 0 0 0 0 0 0 0 0 0 0 0 
184 7 0 0 0 0 0 0 0 0 0 0 0 
185 7 0 0 0 0 0 0 0 0 0 0 0 
186 7 0 0 0 0 0 0 0 0 0 0 0 
187 7 0 0 0 0 0 0 0 0 0 0 0 
188 7 0 0 0 0 0 0 0 0 0 0 0 
189 7 0 0 0 0 0 0 0 0 0 0 0 
190 7 0 0 0 0 0 0 0 0 0 0 0 
191 7 0 0 0 0 0 0 0 0 0 0 0 
192 7 0 0 0 0 0 0 0 0 0 0 0 
193 7 0 0 0 0 0 0 0 0 0 0 0 
194 7 0 0 0 0 0 0 0 0 0 0 0 
195 7 0 0 0 0 0 0 0 0 0 0 0 
196 7 0 0 0 0 0 0 0 0 0 0 0 
197 7 0 0 0 0 0 0 0 0 0 0 0 
198 7 0 0 0 0 0 0 0 0 0 0 0 
199 7 0 0 0 0 0 0 0 0 0 0 0 
200 7 0 0 0 0 0 0 0 0 0 0 0 
201 7 0 0 0 0 0 0 0 0 0 0 0 
202 7 0 0 0 0 0 0 0 0 0 0 0 
203 7 34 0 0 0 0 0 0 0 0 0 0 
204 7 -1 33 0 0 0 1 42 0 0 7 -7 
205 7 0 0 0 0 0 0 0 0 0 0 0 
206 7 0 0 0 0 0 0 0 0 0 0 0 
207 7 41 0 0 0 0 0 0 0 0 0 0 
208 7 -1 21 42 0 0 33 15 0 0 16 -8 
209 7 0 0 0 0 0 0 0 0 0 0 0 
210 7 0 0 0 0 0 0 0 0 0 0 0 
211 7 -1 35 25 0 0 9 17 0 0 7 31 
212 7 -1 45 28 0 0 23 40 0 0 0 -43 
213 7 0 0 0 0 0 0 0 0 0 0 0 
214 7 0 0 0 0 0 0 0 0 0 0 0 
215 7 -1 45 23 0 0 24 46 0 0 0 17 
216 7 -1 4 11 9 4 19 29 5 16 32 -1106 
217 7 0 0 0 0 0 0 0 0 0 0 0 
218 7 0 0 0 0 0 0 0 0 0 0 0 
219 7 62 0 0 0 0 0 0 0 0 0 0 
220 7 -1 25 21 0 0 8 32 0 0 10 80 
221 7 65 0 0 0 0 0 0 0 0 0 0 
222 7 66 0 0 0 0 0 0 0 0 0 0 
223 7 -1 13 27 0 0 24 11 0 0 6 32 
224 7 -1 33 19 0 0 21 47 0 0 0 35 
225 7 73 0 0 0 0 0 0 0 0 0 0 
226 7 74 0 0 0 0 0 0 0 0 0 0 
227 7 75 0 0 0 0 0 0 0 0 0 0 
228 7 76 0 0 0 0 0 0 0 0 0 0 
229 7 0 0 0 0 0 0 0 0 0 0 0 
230 7 0 0 0 0 0 0 0 0 0 0 0 
231 7 -1 0 0 10 2 43 7 1 24 32 -46 
232 7 -1 16 11 21 13 45 25 1 22 32 12727 
233 7 -1 2 21 19 8 33 38 3 7 32 -286 
234 7 88 0 0 0 0 0 0 0 0 0 0 
235 7 0 0 0 0 0 0 0 0 0 0 0 
236 7 0 0 0 0 0 0 0 0 0 0 0 
237 7 0 0 0 0 0 0 0 0 0 0 0 
238 7 0 0 0 0 0 0 0 0 0 0 0 
239 7 -1 20 21 17 18 39 46 2 1 32 10848 
240 7 -1 16 10 0 0 38 22 0 0 18 20 
241 7 -1 15 15 11 21 44 42 1 4 32 6992 
242 7 -1 7 11 12 1 23 41 12 5 32 -1479 
243 7 110 0 0 0 0 0 0 0 0 0 0 
244 7 111 0 0 0 0 0 0 0 0 0 0 
245 7 -1 46 34 0 0 40 25 0 0 15 113 
246 7 -1 45 21 0 0 28 30 0 0 7 -50 
247 7 0 0 0 0 0 0 0 0 0 0 0 
248 7 0 0 0 0 0 0 0 0 0 0 0 
249 7 0 0 0 0 0 0 0 0 0 0 0 
250 7 0 0 0 0 0 0 0 0 0 0 0 
251 7 0 0 0 0 0 0 0 0 0 0 0 
252 7 0 0 0 0 0 0 0 0 0 0 0 
253 7 119 0 0 0 0 0 0 0 0 0 0 
254 7 120 0 0 0 0 0 0 0 0 0 0 
255 8 0 0 0 0 0 0 0 0 0 0 0 
256 8 0 0 0 0 0 0 0 0 0 0 0 
257 8 0 0 0 0 0 0 0 0 0 0 0 
258 8 0 0 0 0 0 0 0 0 0 0 0 
259 8 0 0 0 0 0 0 0 0 0 0 0 
260 8 0 0 0 0 0 0 0 0 0 0 0 
261 8 0 0 0 0 0 0 0 0 0 0 0 
262 8 0 0 0 0 0 0 0 0 0 0 0 
263 8 0 0 0 0 0 0 0 0 0 0 0 
264 8 0 0 0 0 0 0 0 0 0 0 0 
265 8 0 0 0 0 0 0 0 0 0 0 0 
266 8 0 0 0 0 0 0 0 0 0 0 0 
267 8 3 0 0 0 0 0 0 0 0 0 0 
268 8 4 0 0 0 0 0 0 0 0 0 0 
269 8 0 0 0 0 0 0 0 0 0 0 0 
270 8 0 0 0 0 0 0 0 0 0 0 0 
271 8 0 0 0 0 0 0 0 0 0 0 0 
272 8 0 0 0 0 0 0 0 0 0 0 0 
273 8 0 0 0 0 0 0 0 0 0 0 0 
274 8 0 0 0 0 0 0 0 0 0 0 0 
275 8 0 0 0 0 0 0 0 0 0 0 0 
276 8 0 0 0 0 0 0 0 0 0 0 0 
277 8 0 0 0 0 0 0 0 0 0 0 0 
278 8 0 0 0 0 0 0 0 0 0 0 0 
279 8 0 0 0 0 0 0 0 0 0 0 0 
280 8 0 0 0 0 0 0 0 0 0 0 0 
281 8 0 0 0 0 0 0 0 0 0 0 0 
282 8 0 0 0 0 0 0 0 0 0 0 0 
283 8 0 0 0 0 0 0 0 0 0 0 0 
284 8 0 0 0 0 0 0 0 0 0 0 0 
285 8 0 0 0 0 0 0 0 0 0 0 0 
286 8 0 0 0 0 0 0 0 0 0 0 0 
287 8 0 0 0 0 0 0 0 0 0 0 0 
288 8 0 0 0 0 0 0 0 0 0 0 0 
289 8 0 0 0 0 0 0 0 0 0 0 0 
290 8 0 0 0 0 0 0 0 0 0 0 0 
291 8 0 0 0 0 0 0 0 0 0 0 0 
292 8 0 0 0 0 0 0 0 0 0 0 0 
293 8 0 0 0 0 0 0 0 0 0 0 0 
294 8 0 0 0 0 0 0 0 0 0 0 0 
295 8 -1 12 4 5 2 32 19 13 22 32 -28826 
296 8 -1 7 0 11 0 40 35 2 10 32 -1917 
297 8 -1 3 5 0 0 30 19 0 0 8 28 
298 8 -1 13 20 12 6 40 33 2 3 32 6049 
299 8 0 0 0 0 0 0 0 0 0 0 0 
300 8 0 0 0 0 0 0 0 0 0 0 0 
301 8 0 0 0 0 0 0 0 0 0 0 0 
302 8 0 0 0 0 0 0 0 0 0 0 0 
303 8 0 0 0 0 0 0 0 0 0 0 0 
304 8 0 0 0 0 0 0 0 0 0 0 0 
305 8 0 0 0 0 0 0 0 0 0 0 0 
306 8 0 0 0 0 0 0 0 0 0 0 0 
307 8 0 0 0 0 0 0 0 0 0 0 0 
308 8 0 0 0 0 0 0 0 0 0 0 0 
309 8 0 0 0 0 0 0 0 0 0 0 0 
310 8 0 0 0 0 0 0 0 0 0 0 0 
311 8 0 0 0 0 0 0 0 0 0 0 0 
312 8 0 0 0 0 0 0 0 0 0 0 0 
313 8 0 0 0 0 0 0 0 0 0 0 0 
314 8 0 0 0 0 0 0 0 0 0 0 0 
315 8 26 0 0 0 0 0 0 0 0 0 0 
316 8 27 0 0 0 0 0 0 0 0 0 0 
317 8 0 0 0 0 0 0 0 0 0 0 0 
318 8 0 0 0 0 0 0 0 0 0 0 0 
319 8 0 0 0 0 0 0 0 0 0 0 0 
320 8 0 0 0 0 0 0 0 0 0 0 0 
321 8 0 0 0 0 0 0 0 0 0 0 0 
322 8 0 0 0 0 0 0 0 0 0 0 0 
323 8 0 0 0 0 0 0 0 0 0 0 0 
324 8 0 0 0 0 0 0 0 0 0 0 0 
325 8 0 0 0 0 0 0 0 0 0 0 0 
326 8 0 0 0 0 0 0 0 0 0 0 0 
327 8 0 0 0 0 0 0 0 0 0 0 0 
328 8 0 0 0 0 0 0 0 0 0 0 0 
329 8 0 0 0 0 0 0 0 0 0 0 0 
330 8 0 0 0 0 0 0 0 0 0 0 0 
331 8 0 0 0 0 0 0 0 0 0 0 0 
332 8 0 0 0 0 0 0 0 0 0 0 0 
333 8 0 0 0 0 0 0 0 0 0 0 0 
334 8 0 0 0 0 0 0 0 0 0 0 0 
335 8 0 0 0 0 0 0 0 0 0 0 0 
336 8 0 0 0 0 0 0 0 0 0 0 0 
337 8 0 0 0 0 0 0 0 0 0 0 0 
338 8 0 0 0 0 0 0 0 0 0 0 0 
339 8 0 0 0 0 0 0 0 0 0 0 0 
340 8 0 0 0 0 0 0 0 0 0 0 0 
341 8 0 0 0 0 0 0 0 0 0 0 0 
342 8 0 0 0 0 0 0 0 0 0 0 0 
343 8 0 0 0 0 0 0 0 0 0 0 0 
344 8 0 0 0 0 0 0 0 0 0 0 0 
345 8 0 0 0 0 0 0 0 0 0 0 0 
346 8 0 0 0 0 0 0 0 0 0 0 0 
347 8 0 0 0 0 0 0 0 0 0 0 0 
348 8 0 0 0 0 0 0 0 0 0 0 0 
349 8 0 0 0 0 0 0 0 0 0 0 0 
350 8 0 0 0 0 0 0 0 0 0 0 0 
351 8 0 0 0 0 0 0 0 0 0 0 0 
352 8 0 0 0 0 0 0 0 0 0 0 0 
353 8 0 0 0 0 0 0 0 0 0 0 0 
354 8 0 0 0 0 0 0 0 0 0 0 0 
355 8 0 0 0 0 0 0 0 0 0 0 0 
356 8 0 0 0 0 0 0 0 0 0 0 0 
357 8 0 0 0 0 0 0 0 0 0 0 0 
358 8 0 0 0 0 0 0 0 0 0 0 0 
359 8 0 0 0 0 0 0 0 0 0 0 0 
360 8 0 0 0 0 0 0 0 0 0 0 0 
361 8 0 0 0 0 0 0 0 0 0 0 0 
362 8 0 0 0 0 0 0 0 0 0 0 0 
363 8 0 0 0 0 0 0 0 0 0 0 0 
364 8 0 0 0 0 0 0 0 0 0 0 0 
365 8 0 0 0 0 0 0 0 0 0 0 0 
366 8 0 0 0 0 0 0 0 0 0 0 0 
367 8 0 0 0 0 0 0 0 0 0 0 0 
368 8 0 0 0 0 0 0 0 0 0 0 0 
369 8 0 0 0 0 0 0 0 0 0 0 0 
370 8 0 0 0 0 0 0 0 0 0 0 0 
371 8 0 0 0 0 0 0 0 0 0 0 0 
372 8 0 0 0 0 0 0 0 0 0 0 0 
373 8 0 0 0 0 0 0 0 0 0 0 0 
374 8 0 0 0 0 0 0 0 0 0 0 0 
375 8 0 0 0 0 0 0 0 0 0 0 0 
376 8 0 0 0 0 0 0 0 0 0 0 0 
377 8 0 0 0 0 0 0 0 0 0 0 0 
378 8 0 0 0 0 0 0 0 0 0 0 0 
379 8 0 0 0 0 0 0 0 0 0 0 0 
380 8 0 0 0 0 0 0 0 0 0 0 0 
381 8 0 0 0 0 0 0 0 0 0 0 0 
382 8 0 0 0 0 0 0 0 0 0 0 0 
383 8 0 0 0 0 0 0 0 0 0 0 0 
384 8 0 0 0 0 0 0 0 0 0 0 0 
385 8 0 0 0 0 0 0 0 0 0 0 0 
386 8 0 0 0 0 0 0 0 0 0 0 0 
387 8 0 0 0 0 0 0 0 0 0 0 0 
388 8 0 0 0 0 0 0 0 0 0 0 0 
389 8 0 0 0 0 0 0 0 0 0 0 0 
390 8 0 0 0 0 0 0 0 0 0 0 0 
391 8 0 0 0 0 0 0 0 0 0 0 0 
392 8 0 0 0 0 0 0 0 0 0 0 0 
393 8 0 0 0 0 0 0 0 0 0 0 0 
394 8 0 0 0 0 0 0 0 0 0 0 0 
395 8 0 0 0 0 0 0 0 0 0 0 0 
396 8 0 0 0 0 0 0 0 0 0 0 0 
397 8 0 0 0 0 0 0 0 0 0 0 0 
398 8 0 0 0 0 0 0 0 0 0 0 0 
399 8 0 0 0 0 0 0 0 0 0 0 0 
400 8 0 0 0 0 0 0 0 0 0 0 0 
401 8 0 0 0 0 0 0 0 0 0 0 0 
402 8 0 0 0 0 0 0 0 0 0 0 0 
403 8 0 0 0 0 0 0 0 0 0 0 0 
404 8 0 0 0 0 0 0 0 0 0 0 0 
405 8 0 0 0 0 0 0 0 0 0 0 0 
406 8 0 0 0 0 0 0 0 0 0 0 0 
407 8 0 0 0 0 0 0 0 0 0 0 0 
408 8 0 0 0 0 0 0 0 0 0 0 0 
409 8 -1 20 10 4 0 30 46 11 1 32 -171 
410 8 -1 14 34 0 0 4 35 0 0 5 28 
411 8 0 0 0 0 0 0 0 0 0 0 0 
412 8 0 0 0 0 0 0 0 0 0 0 0 
413 8 0 0 0 0 0 0 0 0 0 0 0 
414 8 0 0 0 0 0 0 0 0 0 0 0 
415 8 0 0 0 0 0 0 0 0 0 0 0 
416 8 0 0 0 0 0 0 0 0 0 0 0 
417 8 42 0 0 0 0 0 0 0 0 0 0 
418 8 -1 8 41 0 0 2 39 0 0 16 2 
419 8 0 0 0 0 0 0 0 0 0 0 0 
420 8 0 0 0 0 0 0 0 0 0 0 0 
421 8 0 0 0 0 0 0 0 0 0 0 0 
422 8 0 0 0 0 0 0 0 0 0 0 0 
423 8 -1 14 11 0 0 40 5 0 0 17 4 
424 8 -1 3 3 0 0 45 24 0 0 7 -5 
425 8 51 0 0 0 0 0 0 0 0 0 0 
426 8 -1 40 23 0 0 1 14 0 0 6 30 
427 8 0 0 0 0 0 0 0 0 0 0 0 
428 8 0 0 0 0 0 0 0 0 0 0 0 
429 8 0 0 0 0 0 0 0 0 0 0 0 
430 8 0 0 0 0 0 0 0 0 0 0 0 
431 8 55 0 0 0 0 0 0 0 0 0 0 
432 8 56 0 0 0 0 0 0 0 0 0 0 
433 8 57 0 0 0 0 0 0 0 0 0 0 
434 8 -1 44 14 0 0 26 6 0 0 0 59 
435 8 0 0 0 0 0 0 0 0 0 0 0 
436 8 0 0 0 0 0 0 0 0 0 0 0 
437 8 0 0 0 0 0 0 0 0 0 0 0 
438 8 0 0 0 0 0 0 0 0 0 0 0 
439 8 0 0 0 0 0 0 0 0 0 0 0 
440 8 0 0 0 0 0 0 0 0 0 0 0 
441 8 63 0 0 0 0 0 0 0 0 0 0 
442 8 64 0 0 0 0 0 0 0 0 0 0 
443 8 0 0 0 0 0 0 0 0 0 0 0 
444 8 0 0 0 0 0 0 0 0 0 0 0 
445 8 0 0 0 0 0 0 0 0 0 0 0 
446 8 0 0 0 0 0 0 0 0 0 0 0 
447 8 67 0 0 0 0 0 0 0 0 0 0 
448 8 68 0 0 0 0 0 0 0 0 0 0 
449 8 69 0 0 0 0 0 0 0 0 0 0 
450 8 -1 1 22 12 0 36 40 10 2 32 -671 
451 8 0 0 0 0 0 0 0 0 0 0 0 
452 8 0 0 0 0 0 0 0 0 0 0 0 
453 8 0 0 0 0 0 0 0 0 0 0 0 
454 8 0 0 0 0 0 0 0 0 0 0 0 
455 8 0 0 0 0 0 0 0 0 0 0 0 
456 8 0 0 0 0 0 0 0 0 0 0 0 
457 8 0 0 0 0 0 0 0 0 0 0 0 
458 8 0 0 0 0 0 0 0 0 0 0 0 
459 8 0 0 0 0 0 0 0 0 0 0 0 
460 8 0 0 0 0 0 0 0 0 0 0 0 
461 8 0 0 0 0 0 0 0 0 0 0 0 
462 8 0 0 0 0 0 0 0 0 0 0 0 
463 8 78 0 0 0 0 0 0 0 0 0 0 
464 8 -1 0 21 17 7 29 33 4 12 32 2341 
465 8 -1 21 27 0 0 3 12 0 0 19 2 
466 8 85 0 0 0 0 0 0 0 0 0 0 
467 8 86 0 0 0 0 0 0 0 0 0 0 
468 8 87 0 0 0 0 0 0 0 0 0 0 
469 8 0 0 0 0 0 0 0 0 0 0 0 
470 8 0 0 0 0 0 0 0 0 0 0 0 
471 8 0 0 0 0 0 0 0 0 0 0 0 
472 8 0 0 0 0 0 0 0 0 0 0 0 
473 8 0 0 0 0 0 0 0 0 0 0 0 
474 8 0 0 0 0 0 0 0 0 0 0 0 
475 8 0 0 0 0 0 0 0 0 0 0 0 
476 8 0 0 0 0 0 0 0 0 0 0 0 
477 8 0 0 0 0 0 0 0 0 0 0 0 
478 8 0 0 0 0 0 0 0 0 0 0 0 
479 8 90 0 0 0 0 0 0 0 0 0 0 
480 8 -1 37 38 0 0 23 16 0 0 7 -100 
481 8 -1 0 46 0 0 1 6 0 0 0 -18 
482 8 96 0 0 0 0 0 0 0 0 0 0 
483 8 -1 7 15 21 11 37 33 6 12 32 4232 
484 8 -1 1 19 13 19 26 40 17 6 32 5654 
485 8 -1 15 17 2 5 30 41 17 2 32 -794 
486 8 109 0 0 0 0 0 0 0 0 0 0 
487 8 0 0 0 0 0 0 0 0 0 0 0 
488 8 0 0 0 0 0 0 0 0 0 0 0 
489 8 0 0 0 0 0 0 0 0 0 0 0 
490 8 0 0 0 0 0 0 0 0 0 0 0 
491 8 112 0 0 0 0 0 0 0 0 0 0 
492 8 113 0 0 0 0 0 0 0 0 0 0 
493 8 114 0 0 0 0 0 0 0 0 0 0 
494 8 115 0 0 0 0 0 0 0 0 0 0 
495 8 0 0 0 0 0 0 0 0 0 0 0 
496 8 0 0 0 0 0 0 0 0 0 0 0 
497 8 0 0 0 0 0 0 0 0 0 0 0 
498 8 0 0 0 0 0 0 0 0 0 0 0 
499 8 0 0 0 0 0 0 0 0 0 0 0 
500 8 0 0 0 0 0 0 0 0 0 0 0 
501 8 0 0 0 0 0 0 0 0 0 0 0 
502 8 0 0 0 0 0 0 0 0 0 0 0 
503 8 0 0 0 0 0 0 0 0 0 0 0 
504 8 0 0 0 0 0 0 0 0 0 0 0 
505 8 0 0 0 0 0 0 0 0 0 0 0 
506 8 0 0 0 0 0 0 0 0 0 0 0 
507 8 0 0 0 0 0 0 0 0 0 0 0 
508 8 0 0 0 0 0 0 0 0 0 0 0 
509 8 0 0 0 0 0 0 0 0 0 0 0 
510 8 0 0 0 0 0 0 0 0 0 0 0 
511 9 0 0 0 0 0 0 0 0 0 0 0 
512 9 0 0 0 0 0 0 0 0 0 0 0 
513 9 0 0 0 0 0 0 0 0 0 0 0 
514 9 0 0 0 0 0 0 0 0 0 0 0 
515 9 0 0 0 0 0 0 0 0 0 0 0 
516 9 0 0 0 0 0 0 0 0 0 0 0 
517 9 0 0 0 0 0 0 0 0 0 0 0 
518 9 0 0 0 0 0 0 0 0 0 0 0 
519 9 0 0 0 0 0 0 0 0 0 0 0 
520 9 0 0 0 0 0 0 0 0 0 0 0 
521 9 0 0 0 0 0 0 0 0 0 0 0 
522 9 0 0 0 0 0 0 0 0 0 0 0 
523 9 0 0 0 0 0 0 0 0 0 0 0 
524 9 0 0 0 0 0 0 0 0 0 0 0 
525 9 0 0 0 0 0 0 0 0 0 0 0 
526 9 0 0 0 0 0 0 0 0 0 0 0 
527 9 0 0 0 0 0 0 0 0 0 0 0 
528 9 0 0 0 0 0 0 0 0 0 0 0 
529 9 0 0 0 0 0 0 0 0 0 0 0 
530 9 0 0 0 0 0 0 0 0 0 0 0 
531 9 0 0 0 0 0 0 0 0 0 0 0 
532 9 0 0 0 0 0 0 0 0 0 0 0 
533 9 0 0 0 0 0 0 0 0 0 0 0 
534 9 0 0 0 0 0 0 0 0 0 0 0 
535 9 0 0 0 0 0 0 0 0 0 0 0 
536 9 0 0 0 0 0 0 0 0 0 0 0 
537 9 0 0 0 0 0 0 0 0 0 0 0 
538 9 0 0 0 0 0 0 0 0 0 0 0 
539 9 0 0 0 0 0 0 0 0 0 0 0 
540 9 0 0 0 0 0 0 0 0 0 0 0 
541 9 0 0 0 0 0 0 0 0 0 0 0 
542 9 0 0 0 0 0 0 0 0 0 0 0 
543 9 0 0 0 0 0 0 0 0 0 0 0 
544 9 0 0 0 0 0 0 0 0 0 0 0 
545 9 0 0 0 0 0 0 0 0 0 0 0 
546 9 0 0 0 0 0 0 0 0 0 0 0 
547 9 0 0 0 0 0 0 0 0 0 0 0 
548 9 0 0 0 0 0 0 0 0 0 0 0 
549 9 0 0 0 0 0 0 0 0 0 0 0 
550 9 0 0 0 0 0 0 0 0 0 0 0 
551 9 0 0 0 0 0 0 0 0 0 0 0 
552 9 0 0 0 0 0 0 0 0 0 0 0 
553 9 0 0 0 0 0 0 0 0 0 0 0 
554 9 0 0 0 0 0 0 0 0 0 0 0 
555 9 0 0 0 0 0 0 0 0 0 0 0 
556 9 0 0 0 0 0 0 0 0 0 0 0 
557 9 0 0 0 0 0 0 0 0 0 0 0 
558 9 0 0 0 0 0 0 0 0 0 0 0 
559 9 0 0 0 0 0 0 0 0 0 0 0 
560 9 0 0 0 0 0 0 0 0 0 0 0 
561 9 0 0 0 0 0 0 0 0 0 0 0 
562 9 0 0 0 0 0 0 0 0 0 0 0 
563 9 0 0 0 0 0 0 0 0 0 0 0 
564 9 0 0 0 0 0 0 0 0 0 0 0 
565 9 0 0 0 0 0 0 0 0 0 0 0 
566 9 0 0 0 0 0 0 0 0 0 0 0 
567 9 0 0 0 0 0 0 0 0 0 0 0 
568 9 0 0 0 0 0 0 0 0 0 0 0 
569 9 0 0 0 0 0 0 0 0 0 0 0 
570 9 0 0 0 0 0 0 0 0 0 0 0 
571 9 0 0 0 0 0 0 0 0 0 0 0 
572 9 0 0 0 0 0 0 0 0 0 0 0 
573 9 0 0 0 0 0 0 0 0 0 0 0 
574 9 0 0 0 0 0 0 0 0 0 0 0 
575 9 0 0 0 0 0 0 0 0 0 0 0 
576 9 0 0 0 0 0 0 0 0 0 0 0 
577 9 0 0 0 0 0 0 0 0 0 0 0 
578 9 0 0 0 0 0 0 0 0 0 0 0 
579 9 0 0 0 0 0 0 0 0 0 0 0 
580 9 0 0 0 0 0 0 0 0 0 0 0 
581 9 0 0 0 0 0 0 0 0 0 0 0 
582 9 0 0 0 0 0 0 0 0 0 0 0 
583 9 0 0 0 0 0 0 0 0 0 0 0 
584 9 0 0 0 0 0 0 0 0 0 0 0 
585 9 0 0 0 0 0 0 0 0 0 0 0 
586 9 0 0 0 0 0 0 0 0 0 0 0 
587 9 0 0 0 0 0 0 0 0 0 0 0 
588 9 0 0 0 0 0 0 0 0 0 0 0 
589 9 0 0 0 0 0 0 0 0 0 0 0 
590 9 0 0 0 0 0 0 0 0 0 0 0 
591 9 -1 12 38 0 0 34 1 0 0 2 9 
592 9 12 0 0 0 0 0 0 0 0 0 0 
593 9 13 0 0 0 0 0 0 0 0 0 0 
594 9 -1 16 14 7 21 44 37 2 6 32 10675 
595 9 -1 1 13 2 9 43 34 4 12 32 -4476 
596 9 18 0 0 0 0 0 0 0 0 0 0 
597 9 -1 15 3 11 0 36 26 1 4 32 -783 
598 9 -1 6 14 9 20 44 45 1 1 32 12707 
599 9 0 0 0 0 0 0 0 0 0 0 0 
600 9 0 0 0 0 0 0 0 0 0 0 0 
601 9 0 0 0 0 0 0 0 0 0 0 0 
602 9 0 0 0 0 0 0 0 0 0 0 0 
603 9 0 0 0 0 0 0 0 0 0 0 0 
604 9 0 0 0 0 0 0 0 0 0 0 0 
605 9 0 0 0 0 0 0 0 0 0 0 0 
606 9 0 0 0 0 0 0 0 0 0 0 0 
607 9 0 0 0 0 0 0 0 0 0 0 0 
608 9 0 0 0 0 0 0 0 0 0 0 0 
609 9 0 0 0 0 0 0 0 0 0 0 0 
610 9 0 0 0 0 0 0 0 0 0 0 0 
611 9 0 0 0 0 0 0 0 0 0 0 0 
612 9 0 0 0 0 0 0 0 0 0 0 0 
613 9 0 0 0 0 0 0 0 0 0 0 0 
614 9 0 0 0 0 0 0 0 0 0 0 0 
615 9 0 0 0 0 0 0 0 0 0 0 0 
616 9 0 0 0 0 0 0 0 0 0 0 0 
617 9 0 0 0 0 0 0 0 0 0 0 0 
618 9 0 0 0 0 0 0 0 0 0 0 0 
619 9 0 0 0 0 0 0 0 0 0 0 0 
620 9 0 0 0 0 0 0 0 0 0 0 0 
621 9 0 0 0 0 0 0 0 0 0 0 0 
622 9 0 0 0 0 0 0 0 0 0 0 0 
623 9 0 0 0 0 0 0 0 0 0 0 0 
624 9 0 0 0 0 0 0 0 0 0 0 0 
625 9 0 0 0 0 0 0 0 0 0 0 0 
626 9 0 0 0 0 0 0 0 0 0 0 0 
627 9 0 0 0 0 0 0 0 0 0 0 0 
628 9 0 0 0 0 0 0 0 0 0 0 0 
629 9 0 0 0 0 0 0 0 0 0 0 0 
630 9 0 0 0 0 0 0 0 0 0 0 0 
631 9 0 0 0 0 0 0 0 0 0 0 0 
632 9 0 0 0 0 0 0 0 0 0 0 0 
633 9 0 0 0 0 0 0 0 0 0 0 0 
634 9 0 0 0 0 0 0 0 0 0 0 0 
635 9 0 0 0 0 0 0 0 0 0 0 0 
636 9 0 0 0 0 0 0 0 0 0 0 0 
637 9 0 0 0 0 0 0 0 0 0 0 0 
638 9 0 0 0 0 0 0 0 0 0 0 0 
639 9 0 0 0 0 0 0 0 0 0 0 0 
640 9 0 0 0 0 0 0 0 0 0 0 0 
641 9 0 0 0 0 0 0 0 0 0 0 0 
642 9 0 0 0 0 0 0 0 0 0 0 0 
643 9 0 0 0 0 0 0 0 0 0 0 0 
644 9 0 0 0 0 0 0 0 0 0 0 0 
645 9 0 0 0 0 0 0 0 0 0 0 0 
646 9 0 0 0 0 0 0 0 0 0 0 0 
647 9 0 0 0 0 0 0 0 0 0 0 0 
648 9 0 0 0 0 0 0 0 0 0 0 0 
649 9 0 0 0 0 0 0 0 0 0 0 0 
650 9 0 0 0 0 0 0 0 0 0 0 0 
651 9 0 0 0 0 0 0 0 0 0 0 0 
652 9 0 0 0 0 0 0 0 0 0 0 0 
653 9 0 0 0 0 0 0 0 0 0 0 0 
654 9 0 0 0 0 0 0 0 0 0 0 0 
655 9 0 0 0 0 0 0 0 0 0 0 0 
656 9 0 0 0 0 0 0 0 0 0 0 0 
657 9 0 0 0 0 0 0 0 0 0 0 0 
658 9 0 0 0 0 0 0 0 0 0 0 0 
659 9 0 0 0 0 0 0 0 0 0 0 0 
660 9 0 0 0 0 0 0 0 0 0 0 0 
661 9 0 0 0 0 0 0 0 0 0 0 0 
662 9 0 0 0 0 0 0 0 0 0 0 0 
663 9 0 0 0 0 0 0 0 0 0 0 0 
664 9 0 0 0 0 0 0 0 0 0 0 0 
665 9 0 0 0 0 0 0 0 0 0 0 0 
666 9 0 0 0 0 0 0 0 0 0 0 0 
667 9 0 0 0 0 0 0 0 0 0 0 0 
668 9 0 0 0 0 0 0 0 0 0 0 0 
669 9 0 0 0 0 0 0 0 0 0 0 0 
670 9 0 0 0 0 0 0 0 0 0 0 0 
671 9 0 0 0 0 0 0 0 0 0 0 0 
672 9 0 0 0 0 0 0 0 0 0 0 0 
673 9 0 0 0 0 0 0 0 0 0 0 0 
674 9 0 0 0 0 0 0 0 0 0 0 0 
675 9 0 0 0 0 0 0 0 0 0 0 0 
676 9 0 0 0 0 0 0 0 0 0 0 0 
677 9 0 0 0 0 0 0 0 0 0 0 0 
678 9 0 0 0 0 0 0 0 0 0 0 0 
679 9 0 0 0 0 0 0 0 0 0 0 0 
680 9 0 0 0 0 0 0 0 0 0 0 0 
681 9 0 0 0 0 0 0 0 0 0 0 0 
682 9 0 0 0 0 0 0 0 0 0 0 0 
683 9 0 0 0 0 0 0 0 0 0 0 0 
684 9 0 0 0 0 0 0 0 0 0 0 0 
685 9 0 0 0 0 0 0 0 0 0 0 0 
686 9 0 0 0 0 0 0 0 0 0 0 0 
687 9 0 0 0 0 0 0 0 0 0 0 0 
688 9 0 0 0 0 0 0 0 0 0 0 0 
689 9 0 0 0 0 0 0 0 0 0 0 0 
690 9 0 0 0 0 0 0 0 0 0 0 0 
691 9 0 0 0 0 0 0 0 0 0 0 0 
692 9 0 0 0 0 0 0 0 0 0 0 0 
693 9 0 0 0 0 0 0 0 0 0 0 0 
694 9 0 0 0 0 0 0 0 0 0 0 0 
695 9 0 0 0 0 0 0 0 0 0 0 0 
696 9 0 0 0 0 0 0 0 0 0 0 0 
697 9 0 0 0 0 0 0 0 0 0 0 0 
698 9 0 0 0 0 0 0 0 0 0 0 0 
699 9 0 0 0 0 0 0 0 0 0 0 0 
700 9 0 0 0 0 0 0 0 0 0 0 0 
701 9 0 0 0 0 0 0 0 0 0 0 0 
702 9 0 0 0 0 0 0 0 0 0 0 0 
703 9 0 0 0 0 0 0 0 0 0 0 0 
704 9 0 0 0 0 0 0 0 0 0 0 0 
705 9 0 0 0 0 0 0 0 0 0 0 0 
706 9 0 0 0 0 0 0 0 0 0 0 0 
707 9 0 0 0 0 0 0 0 0 0 0 0 
708 9 0 0 0 0 0 0 0 0 0 0 0 
709 9 0 0 0 0 0 0 0 0 0 0 0 
710 9 0 0 0 0 0 0 0 0 0 0 0 
711 9 0 0 0 0 0 0 0 0 0 0 0 
712 9 0 0 0 0 0 0 0 0 0 0 0 
713 9 0 0 0 0 0 0 0 0 0 0 0 
714 9 0 0 0 0 0 0 0 0 0 0 0 
715 9 0 0 0 0 0 0 0 0 0 0 0 
716 9 0 0 0 0 0 0 0 0 0 0 0 
717 9 0 0 0 0 0 0 0 0 0 0 0 
718 9 0 0 0 0 0 0 0 0 0 0 0 
719 9 0 0 0 0 0 0 0 0 0 0 0 
720 9 0 0 0 0 0 0 0 0 0 0 0 
721 9 0 0 0 0 0 0 0 0 0 0 0 
722 9 0 0 0 0 0 0 0 0 0 0 0 
723 9 0 0 0 0 0 0 0 0 0 0 0 
724 9 0 0 0 0 0 0 0 0 0 0 0 
725 9 0 0 0 0 0 0 0 0 0 0 0 
726 9 0 0 0 0 0 0 0 0 0 0 0 
727 9 0 0 0 0 0 0 0 0 0 0 0 
728 9 0 0 0 0 0 0 0 0 0 0 0 
729 9 0 0 0 0 0 0 0 0 0 0 0 
730 9 0 0 0 0 0 0 0 0 0 0 0 
731 9 0 0 0 0 0 0 0 0 0 0 0 
732 9 0 0 0 0 0 0 0 0 0 0 0 
733 9 0 0 0 0 0 0 0 0 0 0 0 
734 9 0 0 0 0 0 0 0 0 0 0 0 
735 9 0 0 0 0 0 0 0 0 0 0 0 
736 9 0 0 0 0 0 0 0 0 0 0 0 
737 9 0 0 0 0 0 0 0 0 0 0 0 
738 9 0 0 0 0 0 0 0 0 0 0 0 
739 9 0 0 0 0 0 0 0 0 0 0 0 
740 9 0 0 0 0 0 0 0 0 0 0 0 
741 9 0 0 0 0 0 0 0 0 0 0 0 
742 9 0 0 0 0 0 0 0 0 0 0 0 
743 9 0 0 0 0 0 0 0 0 0 0 0 
744 9 0 0 0 0 0 0 0 0 0 0 0 
745 9 0 0 0 0 0 0 0 0 0 0 0 
746 9 0 0 0 0 0 0 0 0 0 0 0 
747 9 0 0 0 0 0 0 0 0 0 0 0 
748 9 0 0 0 0 0 0 0 0 0 0 0 
749 9 0 0 0 0 0 0 0 0 0 0 0 
750 9 0 0 0 0 0 0 0 0 0 0 0 
751 9 0 0 0 0 0 0 0 0 0 0 0 
752 9 0 0 0 0 0 0 0 0 0 0 0 
753 9 0 0 0 0 0 0 0 0 0 0 0 
754 9 0 0 0 0 0 0 0 0 0 0 0 
755 9 0 0 0 0 0 0 0 0 0 0 0 
756 9 0 0 0 0 0 0 0 0 0 0 0 
757 9 0 0 0 0 0 0 0 0 0 0 0 
758 9 0 0 0 0 0 0 0 0 0 0 0 
759 9 0 0 0 0 0 0 0 0 0 0 0 
760 9 0 0 0 0 0 0 0 0 0 0 0 
761 9 0 0 0 0 0 0 0 0 0 0 0 
762 9 0 0 0 0 0 0 0 0 0 0 0 
763 9 0 0 0 0 0 0 0 0 0 0 0 
764 9 0 0 0 0 0 0 0 0 0 0 0 
765 9 0 0 0 0 0 0 0 0 0 0 0 
766 9 0 0 0 0 0 0 0 0 0 0 0 
767 9 0 0 0 0 0 0 0 0 0 0 0 
768 9 0 0 0 0 0 0 0 0 0 0 0 
769 9 0 0 0 0 0 0 0 0 0 0 0 
770 9 0 0 0 0 0 0 0 0 0 0 0 
771 9 0 0 0 0 0 0 0 0 0 0 0 
772 9 0 0 0 0 0 0 0 0 0 0 0 
773 9 0 0 0 0 0 0 0 0 0 0 0 
774 9 0 0 0 0 0 0 0 0 0 0 0 
775 9 0 0 0 0 0 0 0 0 0 0 0 
776 9 0 0 0 0 0 0 0 0 0 0 0 
777 9 0 0 0 0 0 0 0 0 0 0 0 
778 9 0 0 0 0 0 0 0 0 0 0 0 
779 9 0 0 0 0 0 0 0 0 0 0 0 
780 9 0 0 0 0 0 0 0 0 0 0 0 
781 9 0 0 0 0 0 0 0 0 0 0 0 
782 9 0 0 0 0 0 0 0 0 0 0 0 
783 9 0 0 0 0 0 0 0 0 0 0 0 
784 9 0 0 0 0 0 0 0 0 0 0 0 
785 9 0 0 0 0 0 0 0 0 0 0 0 
786 9 0 0 0 0 0 0 0 0 0 0 0 
787 9 0 0 0 0 0 0 0 0 0 0 0 
788 9 0 0 0 0 0 0 0 0 0 0 0 
789 9 0 0 0 0 0 0 0 0 0 0 0 
790 9 0 0 0 0 0 0 0 0 0 0 0 
791 9 0 0 0 0 0 0 0 0 0 0 0 
792 9 0 0 0 0 0 0 0 0 0 0 0 
793 9 0 0 0 0 0 0 0 0 0 0 0 
794 9 0 0 0 0 0 0 0 0 0 0 0 
795 9 0 0 0 0 0 0 0 0 0 0 0 
796 9 0 0 0 0 0 0 0 0 0 0 0 
797 9 0 0 0 0 0 0 0 0 0 0 0 
798 9 0 0 0 0 0 0 0 0 0 0 0 
799 9 0 0 0 0 0 0 0 0 0 0 0 
800 9 0 0 0 0 0 0 0 0 0 0 0 
801 9 0 0 0 0 0 0 0 0 0 0 0 
802 9 0 0 0 0 0 0 0 0 0 0 0 
803 9 0 0 0 0 0 0 0 0 0 0 0 
804 9 0 0 0 0 0 0 0 0 0 0 0 
805 9 0 0 0 0 0 0 0 0 0 0 0 
806 9 0 0 0 0 0 0 0 0 0 0 0 
807 9 0 0 0 0 0 0 0 0 0 0 0 
808 9 0 0 0 0 0 0 0 0 0 0 0 
809 9 0 0 0 0 0 0 0 0 0 0 0 
810 9 0 0 0 0 0 0 0 0 0 0 0 
811 9 0 0 0 0 0 0 0 0 0 0 0 
812 9 0 0 0 0 0 0 0 0 0 0 0 
813 9 0 0 0 0 0 0 0 0 0 0 0 
814 9 0 0 0 0 0 0 0 0 0 0 0 
815 9 0 0 0 0 0 0 0 0 0 0 0 
816 9 0 0 0 0 0 0 0 0 0 0 0 
817 9 0 0 0 0 0 0 0 0 0 0 0 
818 9 0 0 0 0 0 0 0 0 0 0 0 
819 9 35 0 0 0 0 0 0 0 0 0 0 
820 9 36 0 0 0 0 0 0 0 0 0 0 
821 9 -1 19 9 8 11 36 45 8 2 32 -586 
822 9 39 0 0 0 0 0 0 0 0 0 0 
823 9 0 0 0 0 0 0 0 0 0 0 0 
824 9 0 0 0 0 0 0 0 0 0 0 0 
825 9 0 0 0 0 0 0 0 0 0 0 0 
826 9 0 0 0 0 0 0 0 0 0 0 0 
827 9 0 0 0 0 0 0 0 0 0 0 0 
828 9 0 0 0 0 0 0 0 0 0 0 0 
829 9 0 0 0 0 0 0 0 0 0 0 0 
830 9 0 0 0 0 0 0 0 0 0 0 0 
831 9 0 0 0 0 0 0 0 0 0 0 0 
832 9 0 0 0 0 0 0 0 0 0 0 0 
833 9 0 0 0 0 0 0 0 0 0 0 0 
834 9 0 0 0 0 0 0 0 0 0 0 0 
835 9 0 0 0 0 0 0 0 0 0 0 0 
836 9 0 0 0 0 0 0 0 0 0 0 0 
837 9 43 0 0 0 0 0 0 0 0 0 0 
838 9 44 0 0 0 0 0 0 0 0 0 0 
839 9 0 0 0 0 0 0 0 0 0 0 0 
840 9 0 0 0 0 0 0 0 0 0 0 0 
841 9 0 0 0 0 0 0 0 0 0 0 0 
842 9 0 0 0 0 0 0 0 0 0 0 0 
843 9 0 0 0 0 0 0 0 0 0 0 0 
844 9 0 0 0 0 0 0 0 0 0 0 0 
845 9 0 0 0 0 0 0 0 0 0 0 0 
846 9 0 0 0 0 0 0 0 0 0 0 0 
847 9 46 0 0 0 0 0 0 0 0 0 0 
848 9 47 0 0 0 0 0 0 0 0 0 0 
849 9 -1 3 39 0 0 28 12 0 0 3 -54 
850 9 50 0 0 0 0 0 0 0 0 0 0 
851 9 0 0 0 0 0 0 0 0 0 0 0 
852 9 0 0 0 0 0 0 0 0 0 0 0 
853 9 52 0 0 0 0 0 0 0 0 0 0 
854 9 53 0 0 0 0 0 0 0 0 0 0 
855 9 0 0 0 0 0 0 0 0 0 0 0 
856 9 0 0 0 0 0 0 0 0 0 0 0 
857 9 0 0 0 0 0 0 0 0 0 0 0 
858 9 0 0 0 0 0 0 0 0 0 0 0 
859 9 0 0 0 0 0 0 0 0 0 0 0 
860 9 0 0 0 0 0 0 0 0 0 0 0 
861 9 0 0 0 0 0 0 0 0 0 0 0 
862 9 0 0 0 0 0 0 0 0 0 0 0 
863 9 0 0 0 0 0 0 0 0 0 0 0 
864 9 0 0 0 0 0 0 0 0 0 0 0 
865 9 0 0 0 0 0 0 0 0 0 0 0 
866 9 0 0 0 0 0 0 0 0 0 0 0 
867 9 0 0 0 0 0 0 0 0 0 0 0 
868 9 0 0 0 0 0 0 0 0 0 0 0 
869 9 -1 0 22 11 3 46 40 1 3 32 1177 
870 9 60 0 0 0 0 0 0 0 0 0 0 
871 9 0 0 0 0 0 0 0 0 0 0 0 
872 9 0 0 0 0 0 0 0 0 0 0 0 
873 9 0 0 0 0 0 0 0 0 0 0 0 
874 9 0 0 0 0 0 0 0 0 0 0 0 
875 9 0 0 0 0 0 0 0 0 0 0 0 
876 9 0 0 0 0 0 0 0 0 0 0 0 
877 9 0 0 0 0 0 0 0 0 0 0 0 
878 9 0 0 0 0 0 0 0 0 0 0 0 
879 9 0 0 0 0 0 0 0 0 0 0 0 
880 9 0 0 0 0 0 0 0 0 0 0 0 
881 9 0 0 0 0 0 0 0 0 0 0 0 
882 9 0 0 0 0 0 0 0 0 0 0 0 
883 9 0 0 0 0 0 0 0 0 0 0 0 
884 9 0 0 0 0 0 0 0 0 0 0 0 
885 9 0 0 0 0 0 0 0 0 0 0 0 
886 9 0 0 0 0 0 0 0 0 0 0 0 
887 9 0 0 0 0 0 0 0 0 0 0 0 
888 9 0 0 0 0 0 0 0 0 0 0 0 
889 9 0 0 0 0 0 0 0 0 0 0 0 
890 9 0 0 0 0 0 0 0 0 0 0 0 
891 9 0 0 0 0 0 0 0 0 0 0 0 
892 9 0 0 0 0 0 0 0 0 0 0 0 
893 9 0 0 0 0 0 0 0 0 0 0 0 
894 9 0 0 0 0 0 0 0 0 0 0 0 
895 9 0 0 0 0 0 0 0 0 0 0 0 
896 9 0 0 0 0 0 0 0 0 0 0 0 
897 9 0 0 0 0 0 0 0 0 0 0 0 
898 9 0 0 0 0 0 0 0 0 0 0 0 
899 9 0 0 0 0 0 0 0 0 0 0 0 
900 9 0 0 0 0 0 0 0 0 0 0 0 
901 9 70 0 0 0 0 0 0 0 0 0 0 
902 9 -1 3 19 0 0 46 17 0 0 0 -6 
903 9 0 0 0 0 0 0 0 0 0 0 0 
904 9 0 0 0 0 0 0 0 0 0 0 0 
905 9 0 0 0 0 0 0 0 0 0 0 0 
906 9 0 0 0 0 0 0 0 0 0 0 0 
907 9 0 0 0 0 0 0 0 0 0 0 0 
908 9 0 0 0 0 0 0 0 0 0 0 0 
909 9 0 0 0 0 0 0 0 0 0 0 0 
910 9 0 0 0 0 0 0 0 0 0 0 0 
911 9 0 0 0 0 0 0 0 0 0 0 0 
912 9 0 0 0 0 0 0 0 0 0 0 0 
913 9 0 0 0 0 0 0 0 0 0 0 0 
914 9 0 0 0 0 0 0 0 0 0 0 0 
915 9 0 0 0 0 0 0 0 0 0 0 0 
916 9 0 0 0 0 0 0 0 0 0 0 0 
917 9 0 0 0 0 0 0 0 0 0 0 0 
918 9 0 0 0 0 0 0 0 0 0 0 0 
919 9 0 0 0 0 0 0 0 0 0 0 0 
920 9 0 0 0 0 0 0 0 0 0 0 0 
921 9 0 0 0 0 0 0 0 0 0 0 0 
922 9 0 0 0 0 0 0 0 0 0 0 0 
923 9 0 0 0 0 0 0 0 0 0 0 0 
924 9 0 0 0 0 0 0 0 0 0 0 0 
925 9 0 0 0 0 0 0 0 0 0 0 0 
926 9 0 0 0 0 0 0 0 0 0 0 0 
927 9 0 0 0 0 0 0 0 0 0 0 0 
928 9 0 0 0 0 0 0 0 0 0 0 0 
929 9 79 0 0 0 0 0 0 0 0 0 0 
930 9 80 0 0 0 0 0 0 0 0 0 0 
931 9 -1 45 26 0 0 43 20 0 0 2 -14 
932 9 -1 6 15 11 7 18 46 12 1 32 2470 
933 9 0 0 0 0 0 0 0 0 0 0 0 
934 9 0 0 0 0 0 0 0 0 0 0 0 
935 9 0 0 0 0 0 0 0 0 0 0 0 
936 9 0 0 0 0 0 0 0 0 0 0 0 
937 9 0 0 0 0 0 0 0 0 0 0 0 
938 9 0 0 0 0 0 0 0 0 0 0 0 
939 9 0 0 0 0 0 0 0 0 0 0 0 
940 9 0 0 0 0 0 0 0 0 0 0 0 
941 9 0 0 0 0 0 0 0 0 0 0 0 
942 9 0 0 0 0 0 0 0 0 0 0 0 
943 9 0 0 0 0 0 0 0 0 0 0 0 
944 9 0 0 0 0 0 0 0 0 0 0 0 
945 9 0 0 0 0 0 0 0 0 0 0 0 
946 9 0 0 0 0 0 0 0 0 0 0 0 
947 9 0 0 0 0 0 0 0 0 0 0 0 
948 9 0 0 0 0 0 0 0 0 0 0 0 
949 9 0 0 0 0 0 0 0 0 0 0 0 
950 9 0 0 0 0 0 0 0 0 0 0 0 
951 9 0 0 0 0 0 0 0 0 0 0 0 
952 9 0 0 0 0 0 0 0 0 0 0 0 
953 9 0 0 0 0 0 0 0 0 0 0 0 
954 9 0 0 0 0 0 0 0 0 0 0 0 
955 9 0 0 0 0 0 0 0 0 0 0 0 
956 9 0 0 0 0 0 0 0 0 0 0 0 
957 9 0 0 0 0 0 0 0 0 0 0 0 
958 9 0 0 0 0 0 0 0 0 0 0 0 
959 9 0 0 0 0 0 0 0 0 0 0 0 
960 9 0 0 0 0 0 0 0 0 0 0 0 
961 9 91 0 0 0 0 0 0 0 0 0 0 
962 9 92 0 0 0 0 0 0 0 0 0 0 
963 9 -1 19 3 1 12 31 38 16 5 32 -2487 
964 9 95 0 0 0 0 0 0 0 0 0 0 
965 9 0 0 0 0 0 0 0 0 0 0 0 
966 9 0 0 0 0 0 0 0 0 0 0 0 
967 9 -1 0 5 6 19 46 40 1 4 32 2277 
968 9 -1 21 2 17 10 43 18 1 7 32 5356 
969 9 -1 17 21 0 0 25 46 0 0 1 19 
970 9 -1 18 21 8 6 43 37 2 8 32 1274 
971 9 -1 4 21 15 3 44 27 1 4 32 1212 
972 9 -1 22 20 5 1 43 35 1 4 32 183 
973 9 0 0 0 0 0 0 0 0 0 0 0 
974 9 0 0 0 0 0 0 0 0 0 0 0 
975 9 0 0 0 0 0 0 0 0 0 0 0 
976 9 0 0 0 0 0 0 0 0 0 0 0 
977 9 0 0 0 0 0 0 0 0 0 0 0 
978 9 0 0 0 0 0 0 0 0 0 0 0 
979 9 0 0 0 0 0 0 0 0 0 0 0 
980 9 0 0 0 0 0 0 0 0 0 0 0 
981 9 0 0 0 0 0 0 0 0 0 0 0 
982 9 0 0 0 0 0 0 0 0 0 0 0 
983 9 0 0 0 0 0 0 0 0 0 0 0 
984 9 0 0 0 0 0 0 0 0 0 0 0 
985 9 0 0 0 0 0 0 0 0 0 0 0 
986 9 0 0 0 0 0 0 0 0 0 0 0 
987 9 0 0 0 0 0 0 0 0 0 0 0 
988 9 0 0 0 0 0 0 0 0 0 0 0 
989 9 0 0 0 0 0 0 0 0 0 0 0 
990 9 0 0 0 0 0 0 0 0 0 0 0 
991 9 0 0 0 0 0 0 0 0 0 0 0 
992 9 0 0 0 0 0 0 0 0 0 0 0 
993 9 0 0 0 0 0 0 0 0 0 0 0 
994 9 0 0 0 0 0 0 0 0 0 0 0 
995 9 0 0 0 0 0 0 0 0 0 0 0 
996 9 0 0 0 0 0 0 0 0 0 0 0 
997 9 0 0 0 0 0 0 0 0 0 0 0 
998 9 0 0 0 0 0 0 0 0 0 0 0 
999 9 0 0 0 0 0 0 0 0 0 0 0 
1000 9 0 0 0 0 0 0 0 0 0 0 0 
1001 9 0 0 0 0 0 0 0 0 0 0 0 
1002 9 0 0 0 0 0 0 0 0 0 0 0 
1003 9 0 0 0 0 0 0 0 0 0 0 0 
1004 9 0 0 0 0 0 0 0 0 0 0 0 
1005 9 0 0 0 0 0 0 0 0 0 0 0 
1006 9 0 0 0 0 0 0 0 0 0 0 0 
1007 9 0 0 0 0 0 0 0 0 0 0 0 
1008 9 0 0 0 0 0 0 0 0 0 0 0 
1009 9 0 0 0 0 0 0 0 0 0 0 0 
1010 9 0 0 0 0 0 0 0 0 0 0 0 
1011 9 0 0 0 0 0 0 0 0 0 0 0 
1012 9 0 0 0 0 0 0 0 0 0 0 0 
1013 9 0 0 0 0 0 0 0 0 0 0 0 
1014 9 0 0 0 0 0 0 0 0 0 0 0 
1015 9 0 0 0 0 0 0 0 0 0 0 0 
1016 9 0 0 0 0 0 0 0 0 0 0 0 
1017 9 0 0 0 0 0 0 0 0 0 0 0 
1018 9 0 0 0 0 0 0 0 0 0 0 0 
1019 9 0 0 0 0 0 0 0 0 0 0 0 
1020 9 0 0 0 0 0 0 0 0 0 0 0 
1021 9 0 0 0 0 0 0 0 0 0 0 0 
1022 9 0 0 0 0 0 0 0 0 0 0 0 
1023 10 0 0 0 0 0 0 0 0 0 0 0 
1024 10 0 0 0 0 0 0 0 0 0 0 0 
1025 10 0 0 0 0 0 0 0 0 0 0 0 
1026 10 0 0 0 0 0 0 0 0 0 0 0 
1027 10 0 0 0 0 0 0 0 0 0 0 0 
1028 10 0 0 0 0 0 0 0 0 0 0 0 
1029 10 0 0 0 0 0 0 0 0 0 0 0 
1030 10 0 0 0 0 0 0 0 0 0 0 0 
1031 10 0 0 0 0 0 0 0 0 0 0 0 
1032 10 0 0 0 0 0 0 0 0 0 0 0 
1033 10 0 0 0 0 0 0 0 0 0 0 0 
1034 10 0 0 0 0 0 0 0 0 0 0 0 
1035 10 0 0 0 0 0 0 0 0 0 0 0 
1036 10 0 0 0 0 0 0 0 0 0 0 0 
1037 10 0 0 0 0 0 0 0 0 0 0 0 
1038 10 0 0 0 0 0 0 0 0 0 0 0 
1039 10 0 0 0 0 0 0 0 0 0 0 0 
1040 10 0 0 0 0 0 0 0 0 0 0 0 
1041 10 0 0 0 0 0 0 0 0 0 0 0 
1042 10 0 0 0 0 0 0 0 0 0 0 0 
1043 10 0 0 0 0 0 0 0 0 0 0 0 
1044 10 0 0 0 0 0 0 0 0 0 0 0 
1045 10 0 0 0 0 0 0 0 0 0 0 0 
1046 10 0 0 0 0 0 0 0 0 0 0 0 
1047 10 0 0 0 0 0 0 0 0 0 0 0 
1048 10 0 0 0 0 0 0 0 0 0 0 0 
1049 10 0 0 0 0 0 0 0 0 0 0 0 
1050 10 0 0 0 0 0 0 0 0 0 0 0 
1051 10 0 0 0 0 0 0 0 0 0 0 0 
1052 10 0 0 0 0 0 0 0 0 0 0 0 
1053 10 0 0 0 0 0 0 0 0 0 0 0 
1054 10 0 0 0 0 0 0 0 0 0 0 0 
1055 10 0 0 0 0 0 0 0 0 0 0 0 
1056 10 0 0 0 0 0 0 0 0 0 0 0 
1057 10 0 0 0 0 0 0 0 0 0 0 0 
1058 10 0 0 0 0 0 0 0 0 0 0 0 
1059 10 0 0 0 0 0 0 0 0 0 0 0 
1060 10 0 0 0 0 0 0 0 0 0 0 0 
1061 10 0 0 0 0 0 0 0 0 0 0 0 
1062 10 0 0 0 0 0 0 0 0 0 0 0 
1063 10 0 0 0 0 0 0 0 0 0 0 0 
1064 10 0 0 0 0 0 0 0 0 0 0 0 
1065 10 0 0 0 0 0 0 0 0 0 0 0 
1066 10 0 0 0 0 0 0 0 0 0 0 0 
1067 10 0 0 0 0 0 0 0 0 0 0 0 
1068 10 0 0 0 0 0 0 0 0 0 0 0 
1069 10 0 0 0 0 0 0 0 0 0 0 0 
1070 10 0 0 0 0 0 0 0 0 0 0 0 
1071 10 0 0 0 0 0 0 0 0 0 0 0 
1072 10 0 0 0 0 0 0 0 0 0 0 0 
1073 10 0 0 0 0 0 0 0 0 0 0 0 
1074 10 0 0 0 0 0 0 0 0 0 0 0 
1075 10 0 0 0 0 0 0 0 0 0 0 0 
1076 10 0 0 0 0 0 0 0 0 0 0 0 
1077 10 0 0 0 0 0 0 0 0 0 0 0 
1078 10 0 0 0 0 0 0 0 0 0 0 0 
1079 10 0 0 0 0 0 0 0 0 0 0 0 
1080 10 0 0 0 0 0 0 0 0 0 0 0 
1081 10 0 0 0 0 0 0 0 0 0 0 0 
1082 10 0 0 0 0 0 0 0 0 0 0 0 
1083 10 0 0 0 0 0 0 0 0 0 0 0 
1084 10 0 0 0 0 0 0 0 0 0 0 0 
1085 10 0 0 0 0 0 0 0 0 0 0 0 
1086 10 0 0 0 0 0 0 0 0 0 0 0 
1087 10 0 0 0 0 0 0 0 0 0 0 0 
1088 10 0 0 0 0 0 0 0 0 0 0 0 
1089 10 0 0 0 0 0 0 0 0 0 0 0 
1090 10 0 0 0 0 0 0 0 0 0 0 0 
1091 10 0 0 0 0 0 0 0 0 0 0 0 
1092 10 0 0 0 0 0 0 0 0 0 0 0 
1093 10 0 0 0 0 0 0 0 0 0 0 0 
1094 10 0 0 0 0 0 0 0 0 0 0 0 
1095 10 0 0 0 0 0 0 0 0 0 0 0 
1096 10 0 0 0 0 0 0 0 0 0 0 0 
1097 10 0 0 0 0 0 0 0 0 0 0 0 
1098 10 0 0 0 0 0 0 0 0 0 0 0 
1099 10 0 0 0 0 0 0 0 0 0 0 0 
1100 10 0 0 0 0 0 0 0 0 0 0 0 
1101 10 0 0 0 0 0 0 0 0 0 0 0 
1102 10 0 0 0 0 0 0 0 0 0 0 0 
1103 10 0 0 0 0 0 0 0 0 0 0 0 
1104 10 0 0 0 0 0 0 0 0 0 0 0 
1105 10 0 0 0 0 0 0 0 0 0 0 0 
1106 10 0 0 0 0 0 0 0 0 0 0 0 
1107 10 0 0 0 0 0 0 0 0 0 0 0 
1108 10 0 0 0 0 0 0 0 0 0 0 0 
1109 10 0 0 0 0 0 0 0 0 0 0 0 
1110 10 0 0 0 0 0 0 0 0 0 0 0 
1111 10 0 0 0 0 0 0 0 0 0 0 0 
1112 10 0 0 0 0 0 0 0 0 0 0 0 
1113 10 0 0 0 0 0 0 0 0 0 0 0 
1114 10 0 0 0 0 0 0 0 0 0 0 0 
1115 10 0 0 0 0 0 0 0 0 0 0 0 
1116 10 0 0 0 0 0 0 0 0 0 0 0 
1117 10 0 0 0 0 0 0 0 0 0 0 0 
1118 10 0 0 0 0 0 0 0 0 0 0 0 
1119 10 0 0 0 0 0 0 0 0 0 0 0 
1120 10 0 0 0 0 0 0 0 0 0 0 0 
1121 10 0 0 0 0 0 0 0 0 0 0 0 
1122 10 0 0 0 0 0 0 0 0 0 0 0 
1123 10 0 0 0 0 0 0 0 0 0 0 0 
1124 10 0 0 0 0 0 0 0 0 0 0 0 
1125 10 0 0 0 0 0 0 0 0 0 0 0 
1126 10 0 0 0 0 0 0 0 0 0 0 0 
1127 10 0 0 0 0 0 0 0 0 0 0 0 
1128 10 0 0 0 0 0 0 0 0 0 0 0 
1129 10 0 0 0 0 0 0 0 0 0 0 0 
1130 10 0 0 0 0 0 0 0 0 0 0 0 
1131 10 0 0 0 0 0 0 0 0 0 0 0 
1132 10 0 0 0 0 0 0 0 0 0 0 0 
1133 10 0 0 0 0 0 0 0 0 0 0 0 
1134 10 0 0 0 0 0 0 0 0 0 0 0 
1135 10 0 0 0 0 0 0 0 0 0 0 0 
1136 10 0 0 0 0 0 0 0 0 0 0 0 
1137 10 0 0 0 0 0 0 0 0 0 0 0 
1138 10 0 0 0 0 0 0 0 0 0 0 0 
1139 10 0 0 0 0 0 0 0 0 0 0 0 
1140 10 0 0 0 0 0 0 0 0 0 0 0 
1141 10 0 0 0 0 0 0 0 0 0 0 0 
1142 10 0 0 0 0 0 0 0 0 0 0 0 
1143 10 0 0 0 0 0 0 0 0 0 0 0 
1144 10 0 0 0 0 0 0 0 0 0 0 0 
1145 10 0 0 0 0 0 0 0 0 0 0 0 
1146 10 0 0 0 0 0 0 0 0 0 0 0 
1147 10 0 0 0 0 0 0 0 0 0 0 0 
1148 10 0 0 0 0 0 0 0 0 0 0 0 
1149 10 0 0 0 0 0 0 0 0 0 0 0 
1150 10 0 0 0 0 0 0 0 0 0 0 0 
1151 10 0 0 0 0 0 0 0 0 0 0 0 
1152 10 0 0 0 0 0 0 0 0 0 0 0 
1153 10 0 0 0 0 0 0 0 0 0 0 0 
1154 10 0 0 0 0 0 0 0 0 0 0 0 
1155 10 0 0 0 0 0 0 0 0 0 0 0 
1156 10 0 0 0 0 0 0 0 0 0 0 0 
1157 10 0 0 0 0 0 0 0 0 0 0 0 
1158 10 0 0 0 0 0 0 0 0 0 0 0 
1159 10 0 0 0 0 0 0 0 0 0 0 0 
1160 10 0 0 0 0 0 0 0 0 0 0 0 
1161 10 0 0 0 0 0 0 0 0 0 0 0 
1162 10 0 0 0 0 0 0 0 0 0 0 0 
1163 10 0 0 0 0 0 0 0 0 0 0 0 
1164 10 0 0 0 0 0 0 0 0 0 0 0 
1165 10 0 0 0 0 0 0 0 0 0 0 0 
1166 10 0 0 0 0 0 0 0 0 0 0 0 
1167 10 0 0 0 0 0 0 0 0 0 0 0 
1168 10 0 0 0 0 0 0 0 0 0 0 0 
1169 10 0 0 0 0 0 0 0 0 0 0 0 
1170 10 0 0 0 0 0 0 0 0 0 0 0 
1171 10 0 0 0 0 0 0 0 0 0 0 0 
1172 10 0 0 0 0 0 0 0 0 0 0 0 
1173 10 0 0 0 0 0 0 0 0 0 0 0 
1174 10 0 0 0 0 0 0 0 0 0 0 0 
1175 10 0 0 0 0 0 0 0 0 0 0 0 
1176 10 0 0 0 0 0 0 0 0 0 0 0 
1177 10 0 0 0 0 0 0 0 0 0 0 0 
1178 10 0 0 0 0 0 0 0 0 0 0 0 
1179 10 0 0 0 0 0 0 0 0 0 0 0 
1180 10 0 0 0 0 0 0 0 0 0 0 0 
1181 10 0 0 0 0 0 0 0 0 0 0 0 
1182 10 0 0 0 0 0 0 0 0 0 0 0 
1183 10 10 0 0 0 0 0 0 0 0 0 0 
1184 10 11 0 0 0 0 0 0 0 0 0 0 
1185 10 0 0 0 0 0 0 0 0 0 0 0 
1186 10 0 0 0 0 0 0 0 0 0 0 0 
1187 10 0 0 0 0 0 0 0 0 0 0 0 
1188 10 0 0 0 0 0 0 0 0 0 0 0 
1189 10 14 0 0 0 0 0 0 0 0 0 0 
1190 10 15 0 0 0 0 0 0 0 0 0 0 
1191 10 16 0 0 0 0 0 0 0 0 0 0 
1192 10 17 0 0 0 0 0 0 0 0 0 0 
1193 10 0 0 0 0 0 0 0 0 0 0 0 
1194 10 0 0 0 0 0 0 0 0 0 0 0 
1195 10 19 0 0 0 0 0 0 0 0 0 0 
1196 10 20 0 0 0 0 0 0 0 0 0 0 
1197 10 21 0 0 0 0 0 0 0 0 0 0 
1198 10 22 0 0 0 0 0 0 0 0 0 0 
1199 10 0 0 0 0 0 0 0 0 0 0 0 
1200 10 0 0 0 0 0 0 0 0 0 0 0 
1201 10 0 0 0 0 0 0 0 0 0 0 0 
1202 10 0 0 0 0 0 0 0 0 0 0 0 
1203 10 0 0 0 0 0 0 0 0 0 0 0 
1204 10 0 0 0 0 0 0 0 0 0 0 0 
1205 10 0 0 0 0 0 0 0 0 0 0 0 
1206 10 0 0 0 0 0 0 0 0 0 0 0 
1207 10 0 0 0 0 0 0 0 0 0 0 0 
1208 10 0 0 0 0 0 0 0 0 0 0 0 
1209 10 0 0 0 0 0 0 0 0 0 0 0 
1210 10 0 0 0 0 0 0 0 0 0 0 0 
1211 10 0 0 0 0 0 0 0 0 0 0 0 
1212 10 0 0 0 0 0 0 0 0 0 0 0 
1213 10 0 0 0 0 0 0 0 0 0 0 0 
1214 10 0 0 0 0 0 0 0 0 0 0 0 
1215 10 0 0 0 0 0 0 0 0 0 0 0 
1216 10 0 0 0 0 0 0 0 0 0 0 0 
1217 10 0 0 0 0 0 0 0 0 0 0 0 
1218 10 0 0 0 0 0 0 0 0 0 0 0 
1219 10 0 0 0 0 0 0 0 0 0 0 0 
1220 10 0 0 0 0 0 0 0 0 0 0 0 
1221 10 0 0 0 0 0 0 0 0 0 0 0 
1222 10 0 0 0 0 0 0 0 0 0 0 0 
1223 10 0 0 0 0 0 0 0 0 0 0 0 
1224 10 0 0 0 0 0 0 0 0 0 0 0 
1225 10 0 0 0 0 0 0 0 0 0 0 0 
1226 10 0 0 0 0 0 0 0 0 0 0 0 
1227 10 0 0 0 0 0 0 0 0 0 0 0 
1228 10 0 0 0 0 0 0 0 0 0 0 0 
1229 10 0 0 0 0 0 0 0 0 0 0 0 
1230 10 0 0 0 0 0 0 0 0 0 0 0 
1231 10 0 0 0 0 0 0 0 0 0 0 0 
1232 10 0 0 0 0 0 0 0 0 0 0 0 
1233 10 0 0 0 0 0 0 0 0 0 0 0 
1234 10 0 0 0 0 0 0 0 0 0 0 0 
1235 10 0 0 0 0 0 0 0 0 0 0 0 
1236 10 0 0 0 0 0 0 0 0 0 0 0 
1237 10 0 0 0 0 0 0 0 0 0 0 0 
1238 10 0 0 0 0 0 0 0 0 0 0 0 
1239 10 0 0 0 0 0 0 0 0 0 0 0 
1240 10 0 0 0 0 0 0 0 0 0 0 0 
1241 10 0 0 0 0 0 0 0 0 0 0 0 
1242 10 0 0 0 0 0 0 0 0 0 0 0 
1243 10 0 0 0 0 0 0 0 0 0 0 0 
1244 10 0 0 0 0 0 0 0 0 0 0 0 
1245 10 0 0 0 0 0 0 0 0 0 0 0 
1246 10 0 0 0 0 0 0 0 0 0 0 0 
1247 10 0 0 0 0 0 0 0 0 0 0 0 
1248 10 0 0 0 0 0 0 0 0 0 0 0 
1249 10 0 0 0 0 0 0 0 0 0 0 0 
1250 10 0 0 0 0 0 0 0 0 0 0 0 
1251 10 0 0 0 0 0 0 0 0 0 0 0 
1252 10 0 0 0 0 0 0 0 0 0 0 0 
1253 10 0 0 0 0 0 0 0 0 0 0 0 
1254 10 0 0 0 0 0 0 0 0 0 0 0 
1255 10 0 0 0 0 0 0 0 0 0 0 0 
1256 10 0 0 0 0 0 0 0 0 0 0 0 
1257 10 0 0 0 0 0 0 0 0 0 0 0 
1258 10 0 0 0 0 0 0 0 0 0 0 0 
1259 10 0 0 0 0 0 0 0 0 0 0 0 
1260 10 0 0 0 0 0 0 0 0 0 0 0 
1261 10 0 0 0 0 0 0 0 0 0 0 0 
1262 10 0 0 0 0 0 0 0 0 0 0 0 
1263 10 0 0 0 0 0 0 0 0 0 0 0 
1264 10 0 0 0 0 0 0 0 0 0 0 0 
1265 10 0 0 0 0 0 0 0 0 0 0 0 
1266 10 0 0 0 0 0 0 0 0 0 0 0 
1267 10 0 0 0 0 0 0 0 0 0 0 0 
1268 10 0 0 0 0 0 0 0 0 0 0 0 
1269 10 0 0 0 0 0 0 0 0 0 0 0 
1270 10 0 0 0 0 0 0 0 0 0 0 0 
1271 10 0 0 0 0 0 0 0 0 0 0 0 
1272 10 0 0 0 0 0 0 0 0 0 0 0 
1273 10 0 0 0 0 0 0 0 0 0 0 0 
1274 10 0 0 0 0 0 0 0 0 0 0 0 
1275 10 0 0 0 0 0 0 0 0 0 0 0 
1276 10 0 0 0 0 0 0 0 0 0 0 0 
1277 10 0 0 0 0 0 0 0 0 0 0 0 
1278 10 0 0 0 0 0 0 0 0 0 0 0 
1279 10 0 0 0 0 0 0 0 0 0 0 0 
1280 10 0 0 0 0 0 0 0 0 0 0 0 
1281 10 0 0 0 0 0 0 0 0 0 0 0 
1282 10 0 0 0 0 0 0 0 0 0 0 0 
1283 10 0 0 0 0 0 0 0 0 0 0 0 
1284 10 0 0 0 0 0 0 0 0 0 0 0 
1285 10 0 0 0 0 0 0 0 0 0 0 0 
1286 10 0 0 0 0 0 0 0 0 0 0 0 
1287 10 0 0 0 0 0 0 0 0 0 0 0 
1288 10 0 0 0 0 0 0 0 0 0 0 0 
1289 10 0 0 0 0 0 0 0 0 0 0 0 
1290 10 0 0 0 0 0 0 0 0 0 0 0 
1291 10 0 0 0 0 0 0 0 0 0 0 0 
1292 10 0 0 0 0 0 0 0 0 0 0 0 
1293 10 0 0 0 0 0 0 0 0 0 0 0 
1294 10 0 0 0 0 0 0 0 0 0 0 0 
1295 10 0 0 0 0 0 0 0 0 0 0 0 
1296 10 0 0 0 0 0 0 0 0 0 0 0 
1297 10 0 0 0 0 0 0 0 0 0 0 0 
1298 10 0 0 0 0 0 0 0 0 0 0 0 
1299 10 0 0 0 0 0 0 0 0 0 0 0 
1300 10 0 0 0 0 0 0 0 0 0 0 0 
1301 10 0 0 0 0 0 0 0 0 0 0 0 
1302 10 0 0 0 0 0 0 0 0 0 0 0 
1303 10 0 0 0 0 0 0 0 0 0 0 0 
1304 10 0 0 0 0 0 0 0 0 0 0 0 
1305 10 0 0 0 0 0 0 0 0 0 0 0 
1306 10 0 0 0 0 0 0 0 0 0 0 0 
1307 10 0 0 0 0 0 0 0 0 0 0 0 
1308 10 0 0 0 0 0 0 0 0 0 0 0 
1309 10 0 0 0 0 0 0 0 0 0 0 0 
1310 10 0 0 0 0 0 0 0 0 0 0 0 
1311 10 0 0 0 0 0 0 0 0 0 0 0 
1312 10 0 0 0 0 0 0 0 0 0 0 0 
1313 10 0 0 0 0 0 0 0 0 0 0 0 
1314 10 0 0 0 0 0 0 0 0 0 0 0 
1315 10 0 0 0 0 0 0 0 0 0 0 0 
1316 10 0 0 0 0 0 0 0 0 0 0 0 
1317 10 0 0 0 0 0 0 0 0 0 0 0 
1318 10 0 0 0 0 0 0 0 0 0 0 0 
1319 10 0 0 0 0 0 0 0 0 0 0 0 
1320 10 0 0 0 0 0 0 0 0 0 0 0 
1321 10 0 0 0 0 0 0 0 0 0 0 0 
1322 10 0 0 0 0 0 0 0 0 0 0 0 
1323 10 0 0 0 0 0 0 0 0 0 0 0 
1324 10 0 0 0 0 0 0 0 0 0 0 0 
1325 10 0 0 0 0 0 0 0 0 0 0 0 
1326 10 0 0 0 0 0 0 0 0 0 0 0 
1327 10 0 0 0 0 0 0 0 0 0 0 0 
1328 10 0 0 0 0 0 0 0 0 0 0 0 
1329 10 0 0 0 0 0 0 0 0 0 0 0 
1330 10 0 0 0 0 0 0 0 0 0 0 0 
1331 10 0 0 0 0 0 0 0 0 0 0 0 
1332 10 0 0 0 0 0 0 0 0 0 0 0 
1333 10 0 0 0 0 0 0 0 0 0 0 0 
1334 10 0 0 0 0 0 0 0 0 0 0 0 
1335 10 0 0 0 0 0 0 0 0 0 0 0 
1336 10 0 0 0 0 0 0 0 0 0 0 0 
1337 10 0 0 0 0 0 0 0 0 0 0 0 
1338 10 0 0 0 0 0 0 0 0 0 0 0 
1339 10 0 0 0 0 0 0 0 0 0 0 0 
1340 10 0 0 0 0 0 0 0 0 0 0 0 
1341 10 0 0 0 0 0 0 0 0 0 0 0 
1342 10 0 0 0 0 0 0 0 0 0 0 0 
1343 10 0 0 0 0 0 0 0 0 0 0 0 
1344 10 0 0 0 0 0 0 0 0 0 0 0 
1345 10 0 0 0 0 0 0 0 0 0 0 0 
1346 10 0 0 0 0 0 0 0 0 0 0 0 
1347 10 0 0 0 0 0 0 0 0 0 0 0 
1348 10 0 0 0 0 0 0 0 0 0 0 0 
1349 10 0 0 0 0 0 0 0 0 0 0 0 
1350 10 0 0 0 0 0 0 0 0 0 0 0 
1351 10 0 0 0 0 0 0 0 0 0 0 0 
1352 10 0 0 0 0 0 0 0 0 0 0 0 
1353 10 0 0 0 0 0 0 0 0 0 0 0 
1354 10 0 0 0 0 0 0 0 0 0 0 0 
1355 10 0 0 0 0 0 0 0 0 0 0 0 
1356 10 0 0 0 0 0 0 0 0 0 0 0 
1357 10 0 0 0 0 0 0 0 0 0 0 0 
1358 10 0 0 0 0 0 0 0 0 0 0 0 
1359 10 0 0 0 0 0 0 0 0 0 0 0 
1360 10 0 0 0 0 0 0 0 0 0 0 0 
1361 10 0 0 0 0 0 0 0 0 0 0 0 
1362 10 0 0 0 0 0 0 0 0 0 0 0 
1363 10 0 0 0 0 0 0 0 0 0 0 0 
1364 10 0 0 0 0 0 0 0 0 0 0 0 
1365 10 0 0 0 0 0 0 0 0 0 0 0 
1366 10 0 0 0 0 0 0 0 0 0 0 0 
1367 10 0 0 0 0 0 0 0 0 0 0 0 
1368 10 0 0 0 0 0 0 0 0 0 0 0 
1369 10 0 0 0 0 0 0 0 0 0 0 0 
1370 10 0 0 0 0 0 0 0 0 0 0 0 
1371 10 0 0 0 0 0 0 0 0 0 0 0 
1372 10 0 0 0 0 0 0 0 0 0 0 0 
1373 10 0 0 0 0 0 0 0 0 0 0 0 
1374 10 0 0 0 0 0 0 0 0 0 0 0 
1375 10 0 0 0 0 0 0 0 0 0 0 0 
1376 10 0 0 0 0 0 0 0 0 0 0 0 
1377 10 0 0 0 0 0 0 0 0 0 0 0 
1378 10 0 0 0 0 0 0 0 0 0 0 0 
1379 10 0 0 0 0 0 0 0 0 0 0 0 
1380 10 0 0 0 0 0 0 0 0 0 0 0 
1381 10 0 0 0 0 0 0 0 0 0 0 0 
1382 10 0 0 0 0 0 0 0 0 0 0 0 
1383 10 0 0 0 0 0 0 0 0 0 0 0 
1384 10 0 0 0 0 0 0 0 0 0 0 0 
1385 10 0 0 0 0 0 0 0 0 0 0 0 
1386 10 0 0 0 0 0 0 0 0 0 0 0 
1387 10 0 0 0 0 0 0 0 0 0 0 0 
1388 10 0 0 0 0 0 0 0 0 0 0 0 
1389 10 0 0 0 0 0 0 0 0 0 0 0 
1390 10 0 0 0 0 0 0 0 0 0 0 0 
1391 10 0 0 0 0 0 0 0 0 0 0 0 
1392 10 0 0 0 0 0 0 0 0 0 0 0 
1393 10 0 0 0 0 0 0 0 0 0 0 0 
1394 10 0 0 0 0 0 0 0 0 0 0 0 
1395 10 0 0 0 0 0 0 0 0 0 0 0 
1396 10 0 0 0 0 0 0 0 0 0 0 0 
1397 10 0 0 0 0 0 0 0 0 0 0 0 
1398 10 0 0 0 0 0 0 0 0 0 0 0 
1399 10 0 0 0 0 0 0 0 0 0 0 0 
1400 10 0 0 0 0 0 0 0 0 0 0 0 
1401 10 0 0 0 0 0 0 0 0 0 0 0 
1402 10 0 0 0 0 0 0 0 0 0 0 0 
1403 10 0 0 0 0 0 0 0 0 0 0 0 
1404 10 0 0 0 0 0 0 0 0 0 0 0 
1405 10 0 0 0 0 0 0 0 0 0 0 0 
1406 10 0 0 0 0 0 0 0 0 0 0 0 
1407 10 0 0 0 0 0 0 0 0 0 0 0 
1408 10 0 0 0 0 0 0 0 0 0 0 0 
1409 10 0 0 0 0 0 0 0 0 0 0 0 
1410 10 0 0 0 0 0 0 0 0 0 0 0 
1411 10 0 0 0 0 0 0 0 0 0 0 0 
1412 10 0 0 0 0 0 0 0 0 0 0 0 
1413 10 0 0 0 0 0 0 0 0 0 0 0 
1414 10 0 0 0 0 0 0 0 0 0 0 0 
1415 10 0 0 0 0 0 0 0 0 0 0 0 
1416 10 0 0 0 0 0 0 0 0 0 0 0 
1417 10 0 0 0 0 0 0 0 0 0 0 0 
1418 10 0 0 0 0 0 0 0 0 0 0 0 
1419 10 0 0 0 0 0 0 0 0 0 0 0 
1420 10 0 0 0 0 0 0 0 0 0 0 0 
1421 10 0 0 0 0 0 0 0 0 0 0 0 
1422 10 0 0 0 0 0 0 0 0 0 0 0 
1423 10 0 0 0 0 0 0 0 0 0 0 0 
1424 10 0 0 0 0 0 0 0 0 0 0 0 
1425 10 0 0 0 0 0 0 0 0 0 0 0 
1426 10 0 0 0 0 0 0 0 0 0 0 0 
1427 10 0 0 0 0 0 0 0 0 0 0 0 
1428 10 0 0 0 0 0 0 0 0 0 0 0 
1429 10 0 0 0 0 0 0 0 0 0 0 0 
1430 10 0 0 0 0 0 0 0 0 0 0 0 
1431 10 0 0 0 0 0 0 0 0 0 0 0 
1432 10 0 0 0 0 0 0 0 0 0 0 0 
1433 10 0 0 0 0 0 0 0 0 0 0 0 
1434 10 0 0 0 0 0 0 0 0 0 0 0 
1435 10 0 0 0 0 0 0 0 0 0 0 0 
1436 10 0 0 0 0 0 0 0 0 0 0 0 
1437 10 0 0 0 0 0 0 0 0 0 0 0 
1438 10 0 0 0 0 0 0 0 0 0 0 0 
1439 10 0 0 0 0 0 0 0 0 0 0 0 
1440 10 0 0 0 0 0 0 0 0 0 0 0 
1441 10 0 0 0 0 0 0 0 0 0 0 0 
1442 10 0 0 0 0 0 0 0 0 0 0 0 
1443 10 0 0 0 0 0 0 0 0 0 0 0 
1444 10 0 0 0 0 0 0 0 0 0 0 0 
1445 10 0 0 0 0 0 0 0 0 0 0 0 
1446 10 0 0 0 0 0 0 0 0 0 0 0 
1447 10 0 0 0 0 0 0 0 0 0 0 0 
1448 10 0 0 0 0 0 0 0 0 0 0 0 
1449 10 0 0 0 0 0 0 0 0 0 0 0 
1450 10 0 0 0 0 0 0 0 0 0 0 0 
1451 10 0 0 0 0 0 0 0 0 0 0 0 
1452 10 0 0 0 0 0 0 0 0 0 0 0 
1453 10 0 0 0 0 0 0 0 0 0 0 0 
1454 10 0 0 0 0 0 0 0 0 0 0 0 
1455 10 0 0 0 0 0 0 0 0 0 0 0 
1456 10 0 0 0 0 0 0 0 0 0 0 0 
1457 10 0 0 0 0 0 0 0 0 0 0 0 
1458 10 0 0 0 0 0 0 0 0 0 0 0 
1459 10 0 0 0 0 0 0 0 0 0 0 0 
1460 10 0 0 0 0 0 0 0 0 0 0 0 
1461 10 0 0 0 0 0 0 0 0 0 0 0 
1462 10 0 0 0 0 0 0 0 0 0 0 0 
1463 10 0 0 0 0 0 0 0 0 0 0 0 
1464 10 0 0 0 0 0 0 0 0 0 0 0 
1465 10 0 0 0 0 0 0 0 0 0 0 0 
1466 10 0 0 0 0 0 0 0 0 0 0 0 
1467 10 0 0 0 0 0 0 0 0 0 0 0 
1468 10 0 0 0 0 0 0 0 0 0 0 0 
1469 10 0 0 0 0 0 0 0 0 0 0 0 
1470 10 0 0 0 0 0 0 0 0 0 0 0 
1471 10 0 0 0 0 0 0 0 0 0 0 0 
1472 10 0 0 0 0 0 0 0 0 0 0 0 
1473 10 0 0 0 0 0 0 0 0 0 0 0 
1474 10 0 0 0 0 0 0 0 0 0 0 0 
1475 10 0 0 0 0 0 0 0 0 0 0 0 
1476 10 0 0 0 0 0 0 0 0 0 0 0 
1477 10 0 0 0 0 0 0 0 0 0 0 0 
1478 10 0 0 0 0 0 0 0 0 0 0 0 
1479 10 0 0 0 0 0 0 0 0 0 0 0 
1480 10 0 0 0 0 0 0 0 0 0 0 0 
1481 10 0 0 0 0 0 0 0 0 0 0 0 
1482 10 0 0 0 0 0 0 0 0 0 0 0 
1483 10 0 0 0 0 0 0 0 0 0 0 0 
1484 10 0 0 0 0 0 0 0 0 0 0 0 
1485 10 0 0 0 0 0 0 0 0 0 0 0 
1486 10 0 0 0 0 0 0 0 0 0 0 0 
1487 10 0 0 0 0 0 0 0 0 0 0 0 
1488 10 0 0 0 0 0 0 0 0 0 0 0 
1489 10 0 0 0 0 0 0 0 0 0 0 0 
1490 10 0 0 0 0 0 0 0 0 0 0 0 
1491 10 0 0 0 0 0 0 0 0 0 0 0 
1492 10 0 0 0 0 0 0 0 0 0 0 0 
1493 10 0 0 0 0 0 0 0 0 0 0 0 
1494 10 0 0 0 0 0 0 0 0 0 0 0 
1495 10 0 0 0 0 0 0 0 0 0 0 0 
1496 10 0 0 0 0 0 0 0 0 0 0 0 
1497 10 0 0 0 0 0 0 0 0 0 0 0 
1498 10 0 0 0 0 0 0 0 0 0 0 0 
1499 10 0 0 0 0 0 0 0 0 0 0 0 
1500 10 0 0 0 0 0 0 0 0 0 0 0 
1501 10 0 0 0 0 0 0 0 0 0 0 0 
1502 10 0 0 0 0 0 0 0 0 0 0 0 
1503 10 0 0 0 0 0 0 0 0 0 0 0 
1504 10 0 0 0 0 0 0 0 0 0 0 0 
1505 10 0 0 0 0 0 0 0 0 0 0 0 
1506 10 0 0 0 0 0 0 0 0 0 0 0 
1507 10 0 0 0 0 0 0 0 0 0 0 0 
1508 10 0 0 0 0 0 0 0 0 0 0 0 
1509 10 0 0 0 0 0 0 0 0 0 0 0 
1510 10 0 0 0 0 0 0 0 0 0 0 0 
1511 10 0 0 0 0 0 0 0 0 0 0 0 
1512 10 0 0 0 0 0 0 0 0 0 0 0 
1513 10 0 0 0 0 0 0 0 0 0 0 0 
1514 10 0 0 0 0 0 0 0 0 0 0 0 
1515 10 0 0 0 0 0 0 0 0 0 0 0 
1516 10 0 0 0 0 0 0 0 0 0 0 0 
1517 10 0 0 0 0 0 0 0 0 0 0 0 
1518 10 0 0 0 0 0 0 0 0 0 0 0 
1519 10 0 0 0 0 0 0 0 0 0 0 0 
1520 10 0 0 0 0 0 0 0 0 0 0 0 
1521 10 0 0 0 0 0 0 0 0 0 0 0 
1522 10 0 0 0 0 0 0 0 0 0 0 0 
1523 10 0 0 0 0 0 0 0 0 0 0 0 
1524 10 0 0 0 0 0 0 0 0 0 0 0 
1525 10 0 0 0 0 0 0 0 0 0 0 0 
1526 10 0 0 0 0 0 0 0 0 0 0 0 
1527 10 0 0 0 0 0 0 0 0 0 0 0 
1528 10 0 0 0 0 0 0 0 0 0 0 0 
1529 10 0 0 0 0 0 0 0 0 0 0 0 
1530 10 0 0 0 0 0 0 0 0 0 0 0 
1531 10 0 0 0 0 0 0 0 0 0 0 0 
1532 10 0 0 0 0 0 0 0 0 0 0 0 
1533 10 0 0 0 0 0 0 0 0 0 0 0 
1534 10 0 0 0 0 0 0 0 0 0 0 0 
1535 10 0 0 0 0 0 0 0 0 0 0 0 
1536 10 0 0 0 0 0 0 0 0 0 0 0 
1537 10 0 0 0 0 0 0 0 0 0 0 0 
1538 10 0 0 0 0 0 0 0 0 0 0 0 
1539 10 0 0 0 0 0 0 0 0 0 0 0 
1540 10 0 0 0 0 0 0 0 0 0 0 0 
1541 10 0 0 0 0 0 0 0 0 0 0 0 
1542 10 0 0 0 0 0 0 0 0 0 0 0 
1543 10 0 0 0 0 0 0 0 0 0 0 0 
1544 10 0 0 0 0 0 0 0 0 0 0 0 
1545 10 0 0 0 0 0 0 0 0 0 0 0 
1546 10 0 0 0 0 0 0 0 0 0 0 0 
1547 10 0 0 0 0 0 0 0 0 0 0 0 
1548 10 0 0 0 0 0 0 0 0 0 0 0 
1549 10 0 0 0 0 0 0 0 0 0 0 0 
1550 10 0 0 0 0 0 0 0 0 0 0 0 
1551 10 0 0 0 0 0 0 0 0 0 0 0 
1552 10 0 0 0 0 0 0 0 0 0 0 0 
1553 10 0 0 0 0 0 0 0 0 0 0 0 
1554 10 0 0 0 0 0 0 0 0 0 0 0 
1555 10 0 0 0 0 0 0 0 0 0 0 0 
1556 10 0 0 0 0 0 0 0 0 0 0 0 
1557 10 0 0 0 0 0 0 0 0 0 0 0 
1558 10 0 0 0 0 0 0 0 0 0 0 0 
1559 10 0 0 0 0 0 0 0 0 0 0 0 
1560 10 0 0 0 0 0 0 0 0 0 0 0 
1561 10 0 0 0 0 0 0 0 0 0 0 0 
1562 10 0 0 0 0 0 0 0 0 0 0 0 
1563 10 0 0 0 0 0 0 0 0 0 0 0 
1564 10 0 0 0 0 0 0 0 0 0 0 0 
1565 10 0 0 0 0 0 0 0 0 0 0 0 
1566 10 0 0 0 0 0 0 0 0 0 0 0 
1567 10 0 0 0 0 0 0 0 0 0 0 0 
1568 10 0 0 0 0 0 0 0 0 0 0 0 
1569 10 0 0 0 0 0 0 0 0 0 0 0 
1570 10 0 0 0 0 0 0 0 0 0 0 0 
1571 10 0 0 0 0 0 0 0 0 0 0 0 
1572 10 0 0 0 0 0 0 0 0 0 0 0 
1573 10 0 0 0 0 0 0 0 0 0 0 0 
1574 10 0 0 0 0 0 0 0 0 0 0 0 
1575 10 0 0 0 0 0 0 0 0 0 0 0 
1576 10 0 0 0 0 0 0 0 0 0 0 0 
1577 10 0 0 0 0 0 0 0 0 0 0 0 
1578 10 0 0 0 0 0 0 0 0 0 0 0 
1579 10 0 0 0 0 0 0 0 0 0 0 0 
1580 10 0 0 0 0 0 0 0 0 0 0 0 
1581 10 0 0 0 0 0 0 0 0 0 0 0 
1582 10 0 0 0 0 0 0 0 0 0 0 0 
1583 10 0 0 0 0 0 0 0 0 0 0 0 
1584 10 0 0 0 0 0 0 0 0 0 0 0 
1585 10 0 0 0 0 0 0 0 0 0 0 0 
1586 10 0 0 0 0 0 0 0 0 0 0 0 
1587 10 0 0 0 0 0 0 0 0 0 0 0 
1588 10 0 0 0 0 0 0 0 0 0 0 0 
1589 10 0 0 0 0 0 0 0 0 0 0 0 
1590 10 0 0 0 0 0 0 0 0 0 0 0 
1591 10 0 0 0 0 0 0 0 0 0 0 0 
1592 10 0 0 0 0 0 0 0 0 0 0 0 
1593 10 0 0 0 0 0 0 0 0 0 0 0 
1594 10 0 0 0 0 0 0 0 0 0 0 0 
1595 10 0 0 0 0 0 0 0 0 0 0 0 
1596 10 0 0 0 0 0 0 0 0 0 0 0 
1597 10 0 0 0 0 0 0 0 0 0 0 0 
1598 10 0 0 0 0 0 0 0 0 0 0 0 
1599 10 0 0 0 0 0 0 0 0 0 0 0 
1600 10 0 0 0 0 0 0 0 0 0 0 0 
1601 10 0 0 0 0 0 0 0 0 0 0 0 
1602 10 0 0 0 0 0 0 0 0 0 0 0 
1603 10 0 0 0 0 0 0 0 0 0 0 0 
1604 10 0 0 0 0 0 0 0 0 0 0 0 
1605 10 0 0 0 0 0 0 0 0 0 0 0 
1606 10 0 0 0 0 0 0 0 0 0 0 0 
1607 10 0 0 0 0 0 0 0 0 0 0 0 
1608 10 0 0 0 0 0 0 0 0 0 0 0 
1609 10 0 0 0 0 0 0 0 0 0 0 0 
1610 10 0 0 0 0 0 0 0 0 0 0 0 
1611 10 0 0 0 0 0 0 0 0 0 0 0 
1612 10 0 0 0 0 0 0 0 0 0 0 0 
1613 10 0 0 0 0 0 0 0 0 0 0 0 
1614 10 0 0 0 0 0 0 0 0 0 0 0 
1615 10 0 0 0 0 0 0 0 0 0 0 0 
1616 10 0 0 0 0 0 0 0 0 0 0 0 
1617 10 0 0 0 0 0 0 0 0 0 0 0 
1618 10 0 0 0 0 0 0 0 0 0 0 0 
1619 10 0 0 0 0 0 0 0 0 0 0 0 
1620 10 0 0 0 0 0 0 0 0 0 0 0 
1621 10 0 0 0 0 0 0 0 0 0 0 0 
1622 10 0 0 0 0 0 0 0 0 0 0 0 
1623 10 0 0 0 0 0 0 0 0 0 0 0 
1624 10 0 0 0 0 0 0 0 0 0 0 0 
1625 10 0 0 0 0 0 0 0 0 0 0 0 
1626 10 0 0 0 0 0 0 0 0 0 0 0 
1627 10 0 0 0 0 0 0 0 0 0 0 0 
1628 10 0 0 0 0 0 0 0 0 0 0 0 
1629 10 0 0 0 0 0 0 0 0 0 0 0 
1630 10 0 0 0 0 0 0 0 0 0 0 0 
1631 10 0 0 0 0 0 0 0 0 0 0 0 
1632 10 0 0 0 0 0 0 0 0 0 0 0 
1633 10 0 0 0 0 0 0 0 0 0 0 0 
1634 10 0 0 0 0 0 0 0 0 0 0 0 
1635 10 0 0 0 0 0 0 0 0 0 0 0 
1636 10 0 0 0 0 0 0 0 0 0 0 0 
1637 10 0 0 0 0 0 0 0 0 0 0 0 
1638 10 0 0 0 0 0 0 0 0 0 0 0 
1639 10 0 0 0 0 0 0 0 0 0 0 0 
1640 10 0 0 0 0 0 0 0 0 0 0 0 
1641 10 0 0 0 0 0 0 0 0 0 0 0 
1642 10 0 0 0 0 0 0 0 0 0 0 0 
1643 10 37 0 0 0 0 0 0 0 0 0 0 
1644 10 38 0 0 0 0 0 0 0 0 0 0 
1645 10 0 0 0 0 0 0 0 0 0 0 0 
1646 10 0 0 0 0 0 0 0 0 0 0 0 
1647 10 0 0 0 0 0 0 0 0 0 0 0 
1648 10 0 0 0 0 0 0 0 0 0 0 0 
1649 10 0 0 0 0 0 0 0 0 0 0 0 
1650 10 0 0 0 0 0 0 0 0 0 0 0 
1651 10 0 0 0 0 0 0 0 0 0 0 0 
1652 10 0 0 0 0 0 0 0 0 0 0 0 
1653 10 0 0 0 0 0 0 0 0 0 0 0 
1654 10 0 0 0 0 0 0 0 0 0 0 0 
1655 10 0 0 0 0 0 0 0 0 0 0 0 
1656 10 0 0 0 0 0 0 0 0 0 0 0 
1657 10 0 0 0 0 0 0 0 0 0 0 0 
1658 10 0 0 0 0 0 0 0 0 0 0 0 
1659 10 0 0 0 0 0 0 0 0 0 0 0 
1660 10 0 0 0 0 0 0 0 0 0 0 0 
1661 10 0 0 0 0 0 0 0 0 0 0 0 
1662 10 0 0 0 0 0 0 0 0 0 0 0 
1663 10 0 0 0 0 0 0 0 0 0 0 0 
1664 10 0 0 0 0 0 0 0 0 0 0 0 
1665 10 0 0 0 0 0 0 0 0 0 0 0 
1666 10 0 0 0 0 0 0 0 0 0 0 0 
1667 10 0 0 0 0 0 0 0 0 0 0 0 
1668 10 0 0 0 0 0 0 0 0 0 0 0 
1669 10 0 0 0 0 0 0 0 0 0 0 0 
1670 10 0 0 0 0 0 0 0 0 0 0 0 
1671 10 0 0 0 0 0 0 0 0 0 0 0 
1672 10 0 0 0 0 0 0 0 0 0 0 0 
1673 10 0 0 0 0 0 0 0 0 0 0 0 
1674 10 0 0 0 0 0 0 0 0 0 0 0 
1675 10 0 0 0 0 0 0 0 0 0 0 0 
1676 10 0 0 0 0 0 0 0 0 0 0 0 
1677 10 0 0 0 0 0 0 0 0 0 0 0 
1678 10 0 0 0 0 0 0 0 0 0 0 0 
1679 10 0 0 0 0 0 0 0 0 0 0 0 
1680 10 0 0 0 0 0 0 0 0 0 0 0 
1681 10 0 0 0 0 0 0 0 0 0 0 0 
1682 10 0 0 0 0 0 0 0 0 0 0 0 
1683 10 0 0 0 0 0 0 0 0 0 0 0 
1684 10 0 0 0 0 0 0 0 0 0 0 0 
1685 10 0 0 0 0 0 0 0 0 0 0 0 
1686 10 0 0 0 0 0 0 0 0 0 0 0 
1687 10 0 0 0 0 0 0 0 0 0 0 0 
1688 10 0 0 0 0 0 0 0 0 0 0 0 
1689 10 0 0 0 0 0 0 0 0 0 0 0 
1690 10 0 0 0 0 0 0 0 0 0 0 0 
1691 10 0 0 0 0 0 0 0 0 0 0 0 
1692 10 0 0 0 0 0 0 0 0 0 0 0 
1693 10 0 0 0 0 0 0 0 0 0 0 0 
1694 10 0 0 0 0 0 0 0 0 0 0 0 
1695 10 0 0 0 0 0 0 0 0 0 0 0 
1696 10 0 0 0 0 0 0 0 0 0 0 0 
1697 10 0 0 0 0 0 0 0 0 0 0 0 
1698 10 0 0 0 0 0 0 0 0 0 0 0 
1699 10 48 0 0 0 0 0 0 0 0 0 0 
1700 10 49 0 0 0 0 0 0 0 0 0 0 
1701 10 0 0 0 0 0 0 0 0 0 0 0 
1702 10 0 0 0 0 0 0 0 0 0 0 0 
1703 10 0 0 0 0 0 0 0 0 0 0 0 
1704 10 0 0 0 0 0 0 0 0 0 0 0 
1705 10 0 0 0 0 0 0 0 0 0 0 0 
1706 10 0 0 0 0 0 0 0 0 0 0 0 
1707 10 0 0 0 0 0 0 0 0 0 0 0 
1708 10 0 0 0 0 0 0 0 0 0 0 0 
1709 10 0 0 0 0 0 0 0 0 0 0 0 
1710 10 0 0 0 0 0 0 0 0 0 0 0 
1711 10 0 0 0 0 0 0 0 0 0 0 0 
1712 10 0 0 0 0 0 0 0 0 0 0 0 
1713 10 0 0 0 0 0 0 0 0 0 0 0 
1714 10 0 0 0 0 0 0 0 0 0 0 0 
1715 10 0 0 0 0 0 0 0 0 0 0 0 
1716 10 0 0 0 0 0 0 0 0 0 0 0 
1717 10 0 0 0 0 0 0 0 0 0 0 0 
1718 10 0 0 0 0 0 0 0 0 0 0 0 
1719 10 0 0 0 0 0 0 0 0 0 0 0 
1720 10 0 0 0 0 0 0 0 0 0 0 0 
1721 10 0 0 0 0 0 0 0 0 0 0 0 
1722 10 0 0 0 0 0 0 0 0 0 0 0 
1723 10 0 0 0 0 0 0 0 0 0 0 0 
1724 10 0 0 0 0 0 0 0 0 0 0 0 
1725 10 0 0 0 0 0 0 0 0 0 0 0 
1726 10 0 0 0 0 0 0 0 0 0 0 0 
1727 10 0 0 0 0 0 0 0 0 0 0 0 
1728 10 0 0 0 0 0 0 0 0 0 0 0 
1729 10 0 0 0 0 0 0 0 0 0 0 0 
1730 10 0 0 0 0 0 0 0 0 0 0 0 
1731 10 0 0 0 0 0 0 0 0 0 0 0 
1732 10 0 0 0 0 0 0 0 0 0 0 0 
1733 10 0 0 0 0 0 0 0 0 0 0 0 
1734 10 0 0 0 0 0 0 0 0 0 0 0 
1735 10 0 0 0 0 0 0 0 0 0 0 0 
1736 10 0 0 0 0 0 0 0 0 0 0 0 
1737 10 0 0 0 0 0 0 0 0 0 0 0 
1738 10 0 0 0 0 0 0 0 0 0 0 0 
1739 10 58 0 0 0 0 0 0 0 0 0 0 
1740 10 59 0 0 0 0 0 0 0 0 0 0 
1741 10 0 0 0 0 0 0 0 0 0 0 0 
1742 10 0 0 0 0 0 0 0 0 0 0 0 
1743 10 0 0 0 0 0 0 0 0 0 0 0 
1744 10 0 0 0 0 0 0 0 0 0 0 0 
1745 10 0 0 0 0 0 0 0 0 0 0 0 
1746 10 0 0 0 0 0 0 0 0 0 0 0 
1747 10 0 0 0 0 0 0 0 0 0 0 0 
1748 10 0 0 0 0 0 0 0 0 0 0 0 
1749 10 0 0 0 0 0 0 0 0 0 0 0 
1750 10 0 0 0 0 0 0 0 0 0 0 0 
1751 10 0 0 0 0 0 0 0 0 0 0 0 
1752 10 0 0 0 0 0 0 0 0 0 0 0 
1753 10 0 0 0 0 0 0 0 0 0 0 0 
1754 10 0 0 0 0 0 0 0 0 0 0 0 
1755 10 0 0 0 0 0 0 0 0 0 0 0 
1756 10 0 0 0 0 0 0 0 0 0 0 0 
1757 10 0 0 0 0 0 0 0 0 0 0 0 
1758 10 0 0 0 0 0 0 0 0 0 0 0 
1759 10 0 0 0 0 0 0 0 0 0 0 0 
1760 10 0 0 0 0 0 0 0 0 0 0 0 
1761 10 0 0 0 0 0 0 0 0 0 0 0 
1762 10 0 0 0 0 0 0 0 0 0 0 0 
1763 10 0 0 0 0 0 0 0 0 0 0 0 
1764 10 0 0 0 0 0 0 0 0 0 0 0 
1765 10 0 0 0 0 0 0 0 0 0 0 0 
1766 10 0 0 0 0 0 0 0 0 0 0 0 
1767 10 0 0 0 0 0 0 0 0 0 0 0 
1768 10 0 0 0 0 0 0 0 0 0 0 0 
1769 10 0 0 0 0 0 0 0 0 0 0 0 
1770 10 0 0 0 0 0 0 0 0 0 0 0 
1771 10 0 0 0 0 0 0 0 0 0 0 0 
1772 10 0 0 0 0 0 0 0 0 0 0 0 
1773 10 0 0 0 0 0 0 0 0 0 0 0 
1774 10 0 0 0 0 0 0 0 0 0 0 0 
1775 10 0 0 0 0 0 0 0 0 0 0 0 
1776 10 0 0 0 0 0 0 0 0 0 0 0 
1777 10 0 0 0 0 0 0 0 0 0 0 0 
1778 10 0 0 0 0 0 0 0 0 0 0 0 
1779 10 0 0 0 0 0 0 0 0 0 0 0 
1780 10 0 0 0 0 0 0 0 0 0 0 0 
1781 10 0 0 0 0 0 0 0 0 0 0 0 
1782 10 0 0 0 0 0 0 0 0 0 0 0 
1783 10 0 0 0 0 0 0 0 0 0 0 0 
1784 10 0 0 0 0 0 0 0 0 0 0 0 
1785 10 0 0 0 0 0 0 0 0 0 0 0 
1786 10 0 0 0 0 0 0 0 0 0 0 0 
1787 10 0 0 0 0 0 0 0 0 0 0 0 
1788 10 0 0 0 0 0 0 0 0 0 0 0 
1789 10 0 0 0 0 0 0 0 0 0 0 0 
1790 10 0 0 0 0 0 0 0 0 0 0 0 
1791 10 0 0 0 0 0 0 0 0 0 0 0 
1792 10 0 0 0 0 0 0 0 0 0 0 0 
1793 10 0 0 0 0 0 0 0 0 0 0 0 
1794 10 0 0 0 0 0 0 0 0 0 0 0 
1795 10 0 0 0 0 0 0 0 0 0 0 0 
1796 10 0 0 0 0 0 0 0 0 0 0 0 
1797 10 0 0 0 0 0 0 0 0 0 0 0 
1798 10 0 0 0 0 0 0 0 0 0 0 0 
1799 10 0 0 0 0 0 0 0 0 0 0 0 
1800 10 0 0 0 0 0 0 0 0 0 0 0 
1801 10 0 0 0 0 0 0 0 0 0 0 0 
1802 10 0 0 0 0 0 0 0 0 0 0 0 
1803 10 0 0 0 0 0 0 0 0 0 0 0 
1804 10 0 0 0 0 0 0 0 0 0 0 0 
1805 10 71 0 0 0 0 0 0 0 0 0 0 
1806 10 72 0 0 0 0 0 0 0 0 0 0 
1807 10 0 0 0 0 0 0 0 0 0 0 0 
1808 10 0 0 0 0 0 0 0 0 0 0 0 
1809 10 0 0 0 0 0 0 0 0 0 0 0 
1810 10 0 0 0 0 0 0 0 0 0 0 0 
1811 10 0 0 0 0 0 0 0 0 0 0 0 
1812 10 0 0 0 0 0 0 0 0 0 0 0 
1813 10 0 0 0 0 0 0 0 0 0 0 0 
1814 10 0 0 0 0 0 0 0 0 0 0 0 
1815 10 0 0 0 0 0 0 0 0 0 0 0 
1816 10 0 0 0 0 0 0 0 0 0 0 0 
1817 10 0 0 0 0 0 0 0 0 0 0 0 
1818 10 0 0 0 0 0 0 0 0 0 0 0 
1819 10 0 0 0 0 0 0 0 0 0 0 0 
1820 10 0 0 0 0 0 0 0 0 0 0 0 
1821 10 0 0 0 0 0 0 0 0 0 0 0 
1822 10 0 0 0 0 0 0 0 0 0 0 0 
1823 10 0 0 0 0 0 0 0 0 0 0 0 
1824 10 0 0 0 0 0 0 0 0 0 0 0 
1825 10 0 0 0 0 0 0 0 0 0 0 0 
1826 10 0 0 0 0 0 0 0 0 0 0 0 
1827 10 0 0 0 0 0 0 0 0 0 0 0 
1828 10 0 0 0 0 0 0 0 0 0 0 0 
1829 10 0 0 0 0 0 0 0 0 0 0 0 
1830 10 0 0 0 0 0 0 0 0 0 0 0 
1831 10 0 0 0 0 0 0 0 0 0 0 0 
1832 10 0 0 0 0 0 0 0 0 0 0 0 
1833 10 0 0 0 0 0 0 0 0 0 0 0 
1834 10 0 0 0 0 0 0 0 0 0 0 0 
1835 10 0 0 0 0 0 0 0 0 0 0 0 
1836 10 0 0 0 0 0 0 0 0 0 0 0 
1837 10 0 0 0 0 0 0 0 0 0 0 0 
1838 10 0 0 0 0 0 0 0 0 0 0 0 
1839 10 0 0 0 0 0 0 0 0 0 0 0 
1840 10 0 0 0 0 0 0 0 0 0 0 0 
1841 10 0 0 0 0 0 0 0 0 0 0 0 
1842 10 0 0 0 0 0 0 0 0 0 0 0 
1843 10 0 0 0 0 0 0 0 0 0 0 0 
1844 10 0 0 0 0 0 0 0 0 0 0 0 
1845 10 0 0 0 0 0 0 0 0 0 0 0 
1846 10 0 0 0 0 0 0 0 0 0 0 0 
1847 10 0 0 0 0 0 0 0 0 0 0 0 
1848 10 0 0 0 0 0 0 0 0 0 0 0 
1849 10 0 0 0 0 0 0 0 0 0 0 0 
1850 10 0 0 0 0 0 0 0 0 0 0 0 
1851 10 0 0 0 0 0 0 0 0 0 0 0 
1852 10 0 0 0 0 0 0 0 0 0 0 0 
1853 10 0 0 0 0 0 0 0 0 0 0 0 
1854 10 0 0 0 0 0 0 0 0 0 0 0 
1855 10 0 0 0 0 0 0 0 0 0 0 0 
1856 10 0 0 0 0 0 0 0 0 0 0 0 
1857 10 0 0 0 0 0 0 0 0 0 0 0 
1858 10 0 0 0 0 0 0 0 0 0 0 0 
1859 10 0 0 0 0 0 0 0 0 0 0 0 
1860 10 0 0 0 0 0 0 0 0 0 0 0 
1861 10 0 0 0 0 0 0 0 0 0 0 0 
1862 10 0 0 0 0 0 0 0 0 0 0 0 
1863 10 81 0 0 0 0 0 0 0 0 0 0 
1864 10 82 0 0 0 0 0 0 0 0 0 0 
1865 10 83 0 0 0 0 0 0 0 0 0 0 
1866 10 84 0 0 0 0 0 0 0 0 0 0 
1867 10 0 0 0 0 0 0 0 0 0 0 0 
1868 10 0 0 0 0 0 0 0 0 0 0 0 
1869 10 0 0 0 0 0 0 0 0 0 0 0 
1870 10 0 0 0 0 0 0 0 0 0 0 0 
1871 10 0 0 0 0 0 0 0 0 0 0 0 
1872 10 0 0 0 0 0 0 0 0 0 0 0 
1873 10 0 0 0 0 0 0 0 0 0 0 0 
1874 10 0 0 0 0 0 0 0 0 0 0 0 
1875 10 0 0 0 0 0 0 0 0 0 0 0 
1876 10 0 0 0 0 0 0 0 0 0 0 0 
1877 10 0 0 0 0 0 0 0 0 0 0 0 
1878 10 0 0 0 0 0 0 0 0 0 0 0 
1879 10 0 0 0 0 0 0 0 0 0 0 0 
1880 10 0 0 0 0 0 0 0 0 0 0 0 
1881 10 0 0 0 0 0 0 0 0 0 0 0 
1882 10 0 0 0 0 0 0 0 0 0 0 0 
1883 10 0 0 0 0 0 0 0 0 0 0 0 
1884 10 0 0 0 0 0 0 0 0 0 0 0 
1885 10 0 0 0 0 0 0 0 0 0 0 0 
1886 10 0 0 0 0 0 0 0 0 0 0 0 
1887 10 0 0 0 0 0 0 0 0 0 0 0 
1888 10 0 0 0 0 0 0 0 0 0 0 0 
1889 10 0 0 0 0 0 0 0 0 0 0 0 
1890 10 0 0 0 0 0 0 0 0 0 0 0 
1891 10 0 0 0 0 0 0 0 0 0 0 0 
1892 10 0 0 0 0 0 0 0 0 0 0 0 
1893 10 0 0 0 0 0 0 0 0 0 0 0 
1894 10 0 0 0 0 0 0 0 0 0 0 0 
1895 10 0 0 0 0 0 0 0 0 0 0 0 
1896 10 0 0 0 0 0 0 0 0 0 0 0 
1897 10 0 0 0 0 0 0 0 0 0 0 0 
1898 10 0 0 0 0 0 0 0 0 0 0 0 
1899 10 0 0 0 0 0 0 0 0 0 0 0 
1900 10 0 0 0 0 0 0 0 0 0 0 0 
1901 10 0 0 0 0 0 0 0 0 0 0 0 
1902 10 0 0 0 0 0 0 0 0 0 0 0 
1903 10 0 0 0 0 0 0 0 0 0 0 0 
1904 10 0 0 0 0 0 0 0 0 0 0 0 
1905 10 0 0 0 0 0 0 0 0 0 0 0 
1906 10 0 0 0 0 0 0 0 0 0 0 0 
1907 10 0 0 0 0 0 0 0 0 0 0 0 
1908 10 0 0 0 0 0 0 0 0 0 0 0 
1909 10 0 0 0 0 0 0 0 0 0 0 0 
1910 10 0 0 0 0 0 0 0 0 0 0 0 
1911 10 0 0 0 0 0 0 0 0 0 0 0 
1912 10 0 0 0 0 0 0 0 0 0 0 0 
1913 10 0 0 0 0 0 0 0 0 0 0 0 
1914 10 0 0 0 0 0 0 0 0 0 0 0 
1915 10 0 0 0 0 0 0 0 0 0 0 0 
1916 10 0 0 0 0 0 0 0 0 0 0 0 
1917 10 0 0 0 0 0 0 0 0 0 0 0 
1918 10 0 0 0 0 0 0 0 0 0 0 0 
1919 10 0 0 0 0 0 0 0 0 0 0 0 
1920 10 0 0 0 0 0 0 0 0 0 0 0 
1921 10 0 0 0 0 0 0 0 0 0 0 0 
1922 10 0 0 0 0 0 0 0 0 0 0 0 
1923 10 0 0 0 0 0 0 0 0 0 0 0 
1924 10 0 0 0 0 0 0 0 0 0 0 0 
1925 10 0 0 0 0 0 0 0 0 0 0 0 
1926 10 0 0 0 0 0 0 0 0 0 0 0 
1927 10 93 0 0 0 0 0 0 0 0 0 0 
1928 10 94 0 0 0 0 0 0 0 0 0 0 
1929 10 0 0 0 0 0 0 0 0 0 0 0 
1930 10 0 0 0 0 0 0 0 0 0 0 0 
1931 10 0 0 0 0 0 0 0 0 0 0 0 
1932 10 0 0 0 0 0 0 0 0 0 0 0 
1933 10 0 0 0 0 0 0 0 0 0 0 0 
1934 10 0 0 0 0 0 0 0 0 0 0 0 
1935 10 97 0 0 0 0 0 0 0 0 0 0 
1936 10 98 0 0 0 0 0 0 0 0 0 0 
1937 10 99 0 0 0 0 0 0 0 0 0 0 
1938 10 100 0 0 0 0 0 0 0 0 0 0 
1939 10 101 0 0 0 0 0 0 0 0 0 0 
1940 10 102 0 0 0 0 0 0 0 0 0 0 
1941 10 103 0 0 0 0 0 0 0 0 0 0 
1942 10 104 0 0 0 0 0 0 0 0 0 0 
1943 10 105 0 0 0 0 0 0 0 0 0 0 
1944 10 106 0 0 0 0 0 0 0 0 0 0 
1945 10 107 0 0 0 0 0 0 0 0 0 0 
1946 10 108 0 0 0 0 0 0 0 0 0 0 
1947 10 0 0 0 0 0 0 0 0 0 0 0 
1948 10 0 0 0 0 0 0 0 0 0 0 0 
1949 10 0 0 0 0 0 0 0 0 0 0 0 
1950 10 0 0 0 0 0 0 0 0 0 0 0 
1951 10 0 0 0 0 0 0 0 0 0 0 0 
1952 10 0 0 0 0 0 0 0 0 0 0 0 
1953 10 0 0 0 0 0 0 0 0 0 0 0 
1954 10 0 0 0 0 0 0 0 0 0 0 0 
1955 10 0 0 0 0 0 0 0 0 0 0 0 
1956 10 0 0 0 0 0 0 0 0 0 0 0 
1957 10 0 0 0 0 0 0 0 0 0 0 0 
1958 10 0 0 0 0 0 0 0 0 0 0 0 
1959 10 0 0 0 0 0 0 0 0 0 0 0 
1960 10 0 0 0 0 0 0 0 0 0 0 0 
1961 10 0 0 0 0 0 0 0 0 0 0 0 
1962 10 0 0 0 0 0 0 0 0 0 0 0 
1963 10 0 0 0 0 0 0 0 0 0 0 0 
1964 10 0 0 0 0 0 0 0 0 0 0 0 
1965 10 0 0 0 0 0 0 0 0 0 0 0 
1966 10 0 0 0 0 0 0 0 0 0 0 0 
1967 10 0 0 0 0 0 0 0 0 0 0 0 
1968 10 0 0 0 0 0 0 0 0 0 0 0 
1969 10 0 0 0 0 0 0 0 0 0 0 0 
1970 10 0 0 0 0 0 0 0 0 0 0 0 
1971 10 0 0 0 0 0 0 0 0 0 0 0 
1972 10 0 0 0 0 0 0 0 0 0 0 0 
1973 10 0 0 0 0 0 0 0 0 0 0 0 
1974 10 0 0 0 0 0 0 0 0 0 0 0 
1975 10 0 0 0 0 0 0 0 0 0 0 0 
1976 10 0 0 0 0 0 0 0 0 0 0 0 
1977 10 0 0 0 0 0 0 0 0 0 0 0 
1978 10 0 0 0 0 0 0 0 0 0 0 0 
1979 10 0 0 0 0 0 0 0 0 0 0 0 
1980 10 0 0 0 0 0 0 0 0 0 0 0 
1981 10 0 0 0 0 0 0 0 0 0 0 0 
1982 10 0 0 0 0 0 0 0 0 0 0 0 
1983 10 0 0 0 0 0 0 0 0 0 0 0 
1984 10 0 0 0 0 0 0 0 0 0 0 0 
1985 10 0 0 0 0 0 0 0 0 0 0 0 
1986 10 0 0 0 0 0 0 0 0 0 0 0 
1987 10 0 0 0 0 0 0 0 0 0 0 0 
1988 10 0 0 0 0 0 0 0 0 0 0 0 
1989 10 0 0 0 0 0 0 0 0 0 0 0 
1990 10 0 0 0 0 0 0 0 0 0 0 0 
1991 10 0 0 0 0 0 0 0 0 0 0 0 
1992 10 0 0 0 0 0 0 0 0 0 0 0 
1993 10 0 0 0 0 0 0 0 0 0 0 0 
1994 10 0 0 0 0 0 0 0 0 0 0 0 
1995 10 0 0 0 0 0 0 0 0 0 0 0 
1996 10 0 0 0 0 0 0 0 0 0 0 0 
1997 10 0 0 0 0 0 0 0 0 0 0 0 
1998 10 0 0 0 0 0 0 0 0 0 0 0 
1999 10 0 0 0 0 0 0 0 0 0 0 0 
2000 10 0 0 0 0 0 0 0 0 0 0 0 
2001 10 0 0 0 0 0 0 0 0 0 0 0 
2002 10 0 0 0 0 0 0 0 0 0 0 0 
2003 10 0 0 0 0 0 0 0 0 0 0 0 
2004 10 0 0 0 0 0 0 0 0 0 0 0 
2005 10 0 0 0 0 0 0 0 0 0 0 0 
2006 10 0 0 0 0 0 0 0 0 0 0 0 
2007 10 0 0 0 0 0 0 0 0 0 0 0 
2008 10 0 0 0 0 0 0 0 0 0 0 0 
2009 10 0 0 0 0 0 0 0 0 0 0 0 
2010 10 0 0 0 0 0 0 0 0 0 0 0 
2011 10 0 0 0 0 0 0 0 0 0 0 0 
2012 10 0 0 0 0 0 0 0 0 0 0 0 
2013 10 0 0 0 0 0 0 0 0 0 0 0 
2014 10 0 0 0 0 0 0 0 0 0 0 0 
2015 10 0 0 0 0 0 0 0 0 0 0 0 
2016 10 0 0 0 0 0 0 0 0 0 0 0 
2017 10 0 0 0 0 0 0 0 0 0 0 0 
2018 10 0 0 0 0 0 0 0 0 0 0 0 
2019 10 0 0 0 0 0 0 0 0 0 0 0 
2020 10 0 0 0 0 0 0 0 0 0 0 0 
2021 10 0 0 0 0 0 0 0 0 0 0 0 
2022 10 0 0 0 0 0 0 0 0 0 0 0 
2023 10 0 0 0 0 0 0 0 0 0 0 0 
2024 10 0 0 0 0 0 0 0 0 0 0 0 
2025 10 0 0 0 0 0 0 0 0 0 0 0 
2026 10 0 0 0 0 0 0 0 0 0 0 0 
2027 10 0 0 0 0 0 0 0 0 0 0 0 
2028 10 0 0 0 0 0 0 0 0 0 0 0 
2029 10 0 0 0 0 0 0 0 0 0 0 0 
2030 10 0 0 0 0 0 0 0 0 0 0 0 
2031 10 0 0 0 0 0 0 0 0 0 0 0 
2032 10 0 0 0 0 0 0 0 0 0 0 0 
2033 10 0 0 0 0 0 0 0 0 0 0 0 
2034 10 0 0 0 0 0 0 0 0 0 0 0 
2035 10 0 0 0 0 0 0 0 0 0 0 0 
2036 10 0 0 0 0 0 0 0 0 0 0 0 
2037 10 0 0 0 0 0 0 0 0 0 0 0 
2038 10 0 0 0 0 0 0 0 0 0 0 0 
2039 10 0 0 0 0 0 0 0 0 0 0 0 
2040 10 0 0 0 0 0 0 0 0 0 0 0 
2041 10 0 0 0 0 0 0 0 0 0 0 0 
2042 10 0 0 0 0 0 0 0 0 0 0 0 
2043 10 0 0 0 0 0 0 0 0 0 0 0 
2044 10 0 0 0 0 0 0 0 0 0 0 0 
2045 10 0 0 0 0 0 0 0 0 0 0 0 
2046 10 0 0 0 0 0 0 0 0 0 0 0 

0 5 2 2 0.888889 2 17 23 17 12 4 0.666667 1 18 -7 
1 5 2 2 0.190476 1 18 -25 4 0.985507 17 21 -9 21 23 16 15 16 35 14 -14 26 -2 21 -17 22 15 15 -4 16 21 23 19 22 8 13 -11 14 -3 8 25 24 8 17 12 
2 5 2 2 0.977273 86 10 45 14 34 15 -29 16 10 20 7 13 -14 14 45 15 10 18 7 14 -10 13 -14 17 29 14 -17 19 5 14 -25 19 30 12 -5 13 -7 12 -15 13 2 16 -1 13 -11 13 1 10 -29 18 5 17 6 17 -2 15 -4 20 5 17 31 13 4 13 -9 13 6 21 9 13 7 16 44 14 4 17 -5 14 -20 19 41 20 25 14 15 14 5 14 8 13 8 12 -11 18 3 13 14 15 31 17 10 19 -16 13 -16 14 -5 21 19 18 35 15 10 15 23 16 -26 11 6 13 30 14 42 19 39 14 -24 12 22 10 43 14 31 16 1 15 -19 16 -1 12 23 17 -27 13 30 16 -16 14 -25 16 26 14 -17 15 20 14 41 15 -10 11 1 16 -25 15 -4 17 20 16 38 12 37 18 -30 4 0.271186 8 23 30 16 14 23 3 22 23 20 24 19 -2 13 8 15 39 
3 5 2 2 0.190476 1 10 -22 4 0.985507 17 19 20 7 40 19 40 26 40 20 32 5 32 20 -20 13 18 3 31 26 30 18 43 14 4 20 -29 14 3 14 -9 15 29 14 4 
4 5 2 2 0.888889 2 11 -21 10 41 4 0.666667 1 16 -19 
5 5 2 2 0.933333 7 16 -29 11 41 13 -28 13 -17 15 -16 18 35 20 -26 4 0.533333 2 12 7 15 28 
6 5 2 2 0.129032 5 12 -19 12 -5 -15 20 -13 3 -14 26 4 0.990826 135 15 2 15 -15 15 9 25 27 20 -10 17 30 -20 -18 22 -31 -22 -17 11 41 21 44 10 30 21 9 13 3 12 34 16 27 21 42 20 -8 20 -6 20 -27 16 0 -19 -30 9 11 13 37 16 -3 15 24 -13 44 10 19 -20 4 -18 -29 -21 13 -22 -6 -22 2 6 43 -4 -14 -4 -13 -23 5 -11 -12 -21 44 4 22 -13 43 -5 3 -17 42 -6 3 -20 -18 -20 7 -20 14 -12 -1 -8 7 -10 34 -13 -14 -19 35 -4 28 -23 -25 -21 20 -10 6 -10 10 -22 2 -15 -28 -9 4 -15 -7 -24 38 -20 22 -10 -2 6 -11 -20 -2 -10 22 -6 42 2 -6 -24 -25 0 -15 -13 5 -1 17 -1 3 -16 -25 -12 27 -16 22 -18 -9 -19 2 -18 1 -22 6 -20 11 -3 -21 -13 31 -13 34 -6 11 -5 -8 -17 -7 -19 -20 8 41 -6 -3 -6 -18 -5 -28 -20 15 -10 22 -23 14 -6 -28 -9 5 -15 2 -22 37 7 18 -7 42 -12 34 -17 41 -16 33 -12 40 -23 41 -20 36 -21 4 -22 -12 -20 38 -20 31 -19 36 -24 -27 -13 40 -23 32 0 41 3 25 2 4 -24 -3 -15 15 6 6 1 -26 3 1 2 -18 4 32 -16 3 -6 -30 -17 8 4 42 3 28 4 30 1 23 4 39 10 34 
7 5 2 2 0.225352 4 14 -34 12 -33 13 -32 16 -33 4 0.982143 55 8 11 6 -19 15 -32 16 -29 14 -22 11 4 12 22 15 22 10 37 12 -23 11 8 11 12 9 -1 24 -26 16 26 26 14 8 -9 26 2 25 18 7 45 23 18 22 6 24 -13 22 13 21 27 21 7 19 26 23 20 18 26 20 3 21 -25 16 -4 23 9 24 7 24 -16 22 26 22 -16 17 -19 23 -11 23 -24 23 -9 24 -4 21 -34 15 -30 20 -30 22 -23 22 9 21 -20 20 -13 20 -27 20 28 15 22 21 5 19 -11 17 -25 
8 5 2 2 0.8 8 15 47 14 51 15 29 16 52 21 16 16 -21 16 -22 -18 -15 4 0.8 8 11 30 21 -11 23 3 22 -32 16 -14 16 40 17 -20 25 43 
9 5 2 2 0.947368 9 16 -15 10 -24 10 -14 11 30 12 22 14 28 19 28 16 44 10 20 4 0.470588 2 18 -5 24 -11 
10 5 2 2 0.722892 15 16 27 14 24 11 7 10 -21 11 -18 4 -10 8 -7 9 -23 15 -5 13 35 13 9 13 7 15 3 10 -30 15 37 4 0.859813 23 19 -3 -4 42 19 33 19 7 7 -17 17 -29 4 -5 22 -1 20 -12 5 2 2 -10 1 4 8 -17 3 -15 5 -28 12 27 1 21 1 -12 8 33 -4 28 5 -21 1 25 7 -25 
11 5 2 2 0.9375 15 8 -32 16 8 16 -3 14 33 8 -29 4 35 1 17 9 -34 2 30 7 -30 6 22 6 -31 2 33 2 32 13 -35 4 0.516129 4 5 39 7 -31 15 39 -3 6 
12 5 2 2 0.972973 18 11 1 6 -7 12 17 10 11 4 -34 4 8 5 22 4 11 3 -34 6 10 7 26 7 -32 2 -3 0 24 3 15 9 -30 3 21 -1 -34 4 0.307692 2 16 18 17 -31 
13 5 2 2 0.988764 88 11 26 10 -5 9 -17 10 30 9 4 10 1 11 -13 8 -9 9 37 9 25 10 5 10 3 7 -13 11 11 9 -4 7 -6 8 29 7 7 7 1 14 -24 8 13 9 -9 6 -1 11 33 9 27 9 29 13 -14 6 21 7 18 5 -3 6 7 9 -24 6 9 8 28 8 20 9 3 7 0 5 33 6 5 5 -14 11 -26 10 28 7 -23 7 23 10 -11 11 8 5 -25 10 40 4 -22 5 36 6 20 8 -1 6 -11 6 0 5 8 3 -26 11 39 6 -27 8 17 6 37 7 9 4 37 2 -3 10 -7 10 2 1 5 3 -17 6 14 5 21 0 -3 1 -22 6 12 1 -14 7 13 6 -20 6 -11 1 -8 8 -28 3 -16 4 4 5 40 6 -1 4 -32 -1 -9 3 21 6 32 2 -16 4 -29 4 0.153846 4 25 -11 25 -12 8 -24 17 3 
14 5 2 2 0.307692 1 2 26 4 0.972973 9 6 -21 14 -34 6 14 4 35 18 -30 19 16 18 -31 3 29 6 -18 
15 5 2 2 0.956522 33 1 39 2 42 1 38 5 38 5 5 16 -20 5 -13 4 -17 4 -21 4 17 -1 10 1 -24 1 -21 1 0 1 3 0 -6 0 0 6 -27 6 -25 1 0 0 36 7 8 1 11 2 -14 -1 -26 3 -10 3 -14 1 36 2 -14 3 23 2 3 2 -17 3 2 4 0.421053 6 14 -21 15 -15 -10 34 -7 25 -7 10 2 36 
16 5 2 2 0.913043 21 11 5 11 15 11 29 11 4 8 -24 9 -18 6 -24 11 18 7 39 8 4 9 22 -2 7 2 -13 -3 -32 15 37 2 -8 14 38 -3 15 -1 29 10 3 10 1 4 0.603774 8 2 35 12 40 12 39 24 -7 22 -27 6 -2 4 21 19 -12 
17 5 2 2 0.666667 39 -2 13 9 18 -1 40 9 20 -1 -16 -1 -23 -3 -5 2 -37 -8 40 -6 40 7 32 -20 -25 -18 -26 -20 25 -12 8 -19 23 -20 6 -20 4 -18 24 -13 0 -17 5 -10 -26 -3 35 -4 28 -4 -17 -2 15 -1 4 -1 5 -1 8 1 31 2 -15 -6 -16 7 -17 -4 -14 3 -24 3 -32 4 -29 0 -35 -9 -36 4 0.888889 78 16 -25 20 2 20 -2 15 -17 21 -16 16 11 10 21 13 -33 11 -10 18 15 10 34 11 -6 10 45 14 25 12 25 5 -18 -18 43 2 7 14 -30 -10 42 -14 34 -19 12 13 -24 -4 38 -6 18 -21 -28 -7 -18 -4 6 -12 -23 -5 -23 -5 -14 3 10 -6 -33 2 26 -12 25 -15 35 -18 -15 1 33 -10 20 10 27 9 -25 8 30 -7 18 9 22 -12 28 5 -3 5 -10 -11 23 -5 37 -6 27 -21 25 1 -19 -7 2 8 12 -11 -14 -11 6 -17 28 -5 18 -15 8 -6 19 -10 -23 9 4 -8 -17 -15 12 -10 25 11 1 12 15 -13 -24 -1 12 2 -15 -2 3 0 -15 -4 -9 -12 -32 -3 -34 -10 33 -15 -33 -15 35 
18 5 2 2 0.129032 1 -7 -25 4 0.990826 27 -1 24 -12 32 12 -12 -7 -21 -8 -24 -13 15 -7 23 -17 37 -15 -34 -18 11 -14 -33 -17 19 -19 -17 -24 14 -20 11 -25 -7 4 -33 -21 -11 -5 31 -19 -23 -17 -32 -22 8 -13 14 7 -7 -11 31 -22 39 -19 33 
19 5 2 2 0.972973 18 13 35 11 -27 12 30 10 -35 12 15 12 23 13 -33 8 -37 16 -17 11 -27 12 -21 13 13 12 1 10 -25 13 -37 13 20 9 -29 11 -6 4 0.307692 2 26 -32 15 -34 
20 5 2 2 0.630769 41 6 -38 8 30 7 34 13 13 6 -38 14 -32 14 33 13 -36 15 33 13 -10 10 40 8 -36 11 -8 -15 0 6 -4 7 22 6 8 -14 -15 -13 3 -11 15 -11 38 -12 12 -14 19 -14 -32 -12 -31 -16 -6 -16 0 -2 37 -12 23 -11 -28 -1 -8 -3 -32 -5 -17 -5 11 -12 -1 -8 14 0 -10 -14 -26 -13 -3 -14 -15 -7 6 4 0.903529 96 7 -35 9 17 24 24 24 19 9 38 6 33 21 -6 24 10 23 9 18 -35 2 26 18 42 -21 -35 13 0 0 -14 16 38 -14 37 -17 -8 3 -16 -6 27 -8 45 15 -27 -17 -12 -2 15 -9 2 13 -29 14 -22 -4 45 14 4 13 -20 -13 30 13 -30 -3 -12 17 24 -15 22 -9 -11 -18 14 17 -6 -16 18 -6 -13 -11 37 17 1 -2 19 -16 -5 8 13 17 -22 -15 -39 -15 -4 -16 -21 9 -17 14 -23 -13 26 7 7 -13 25 -8 -11 6 12 12 2 -18 -8 -8 -21 -14 -29 7 -2 6 27 -15 -16 -17 11 14 19 16 -25 12 21 12 -3 -16 -30 -14 22 -12 27 5 15 15 -20 10 7 -14 -22 -10 30 -12 8 -13 19 -16 -20 -11 -26 -8 36 -12 -34 -4 -6 -9 -8 11 43 -11 24 -11 -5 -10 39 -12 -16 -10 9 -9 10 -8 42 -9 29 -8 30 -2 -21 -1 -29 
21 5 2 2 0.676923 11 13 41 9 39 5 7 -2 43 10 -20 2 -31 9 30 8 10 12 33 8 13 9 -21 4 0.884211 21 3 -35 5 -1 11 -23 -5 42 1 35 9 2 7 14 -2 14 0 6 9 4 -2 6 -1 -14 8 26 5 -33 2 3 8 -22 -1 2 -1 29 2 -22 -3 -14 14 -21 
22 5 2 2 0.924092 350 9 42 7 -6 -5 34 2 23 -1 40 1 -7 -18 44 11 2 2 41 -14 44 2 19 -14 44 -3 42 3 -27 4 43 7 -22 -13 42 -4 43 -3 10 -12 42 -12 42 0 -21 -15 43 -6 41 -17 42 0 -31 6 12 0 -38 0 19 8 38 -8 4 -6 -29 1 -7 -13 -11 -20 40 -12 -24 -17 28 -13 22 -12 31 -4 27 -14 40 -15 21 -15 33 -18 4 -14 37 -14 32 -17 7 -14 34 -17 3 -13 28 -13 -14 -15 24 -18 9 -12 8 -18 -2 -13 -21 -13 35 -18 -31 -18 -30 -15 19 -17 -1 -17 -25 -18 -26 -12 36 -10 16 -10 -40 -8 -22 -20 -31 -19 -1 -20 4 -19 1 -15 -9 -20 -17 -18 -15 -20 15 -15 -7 -20 12 -20 12 -16 0 -13 23 -18 -11 -7 -19 0 -17 -8 12 -14 -25 -20 -34 -9 35 -10 37 -20 3 -18 31 -15 6 -18 -31 -10 -18 -16 25 -17 -23 -17 1 -20 14 -5 12 -15 16 -18 4 -10 -26 -18 33 -13 -11 -16 -27 -17 -13 -1 -1 -18 -4 -17 40 -18 -9 -15 -32 -14 8 -18 -11 -17 22 -15 -17 -8 -16 -10 -32 -14 -35 -14 -27 -10 -25 -9 -34 -16 -6 -3 -5 -8 7 -12 -10 -13 11 2 -6 -12 2 -2 35 -13 36 -3 -34 -16 2 -14 -22 -20 37 -18 31 -11 -9 -9 -23 -18 32 -11 6 -2 4 -13 -19 -14 -8 -13 -24 -12 23 -11 -8 -11 -10 -16 9 -15 2 -13 25 -18 7 -12 -30 -4 -37 -18 11 -17 2 -10 18 -10 1 -13 31 -6 35 -16 0 -9 -12 -16 31 -2 26 -15 14 -10 13 -10 4 -10 -35 -14 -40 -11 -17 -15 36 -15 11 -16 -25 -7 -30 -14 3 -16 -27 -10 11 -13 -6 -12 22 -12 -18 2 35 -14 35 -8 15 -13 -1 -14 12 -14 -2 1 15 -13 35 -7 -3 -6 -26 -9 -2 -7 32 -8 27 -9 -1 -6 -29 2 27 -8 36 -12 -37 -9 4 -8 -24 -13 -19 -13 11 -10 -24 1 25 -8 -30 -5 4 -12 37 -11 -1 -10 -5 -6 33 -7 -16 -13 37 -16 -36 -13 -27 -9 19 -8 -27 -13 -32 -12 2 -8 -11 -8 28 -9 17 -11 -34 -1 -24 -9 -3 -11 15 -7 35 -11 16 -10 16 -8 -27 -13 -37 -3 2 -11 38 -8 -21 -7 36 -2 8 1 9 -10 -29 -12 37 -1 -1 -12 -34 -5 9 -12 36 -9 24 -7 20 -7 -1 -6 16 -10 27 9 -10 -2 34 -10 24 -9 28 -9 -3 -10 -33 -2 38 -8 33 -9 -9 5 -27 -9 -27 -1 30 0 -17 -7 -4 -11 39 -9 6 0 -32 0 -35 -6 11 0 -24 -6 28 -8 -23 0 32 -7 -23 -9 39 -7 -27 -7 -28 -8 32 -2 -12 -2 -15 -9 -13 -3 21 -10 -38 -7 -13 -6 -30 -8 -33 -5 17 -7 25 4 31 -5 19 1 33 -4 -4 9 -17 1 36 -4 -31 -7 -33 -8 -35 -6 -11 -8 37 -6 -2 1 -22 -3 -27 0 24 0 -38 -3 -30 -6 -28 -6 25 -4 36 -4 21 1 -23 1 26 6 36 -6 -18 -5 -7 -8 -35 -5 21 0 4 6 19 -3 -9 -6 36 -6 -28 -4 -5 -6 38 -4 28 -4 27 -4 -33 7 6 -2 -9 -3 24 -7 -36 -3 11 -5 -18 -2 -34 -2 -18 -3 -33 -3 3 -2 11 8 -2 -2 -27 -2 9 -2 -8 -2 14 -4 36 -3 -10 -1 -20 5 -6 0 30 11 -35 4 35 -1 8 -2 -24 -2 0 -2 -16 -2 -29 -2 9 -1 -15 4 0.567901 115 -16 45 -14 45 -19 45 -20 43 -12 42 -20 44 13 3 -2 32 1 42 6 41 14 -38 -20 42 -18 42 -20 32 -18 27 0 0 -1 -3 -2 -2 -3 -2 -22 18 2 -14 2 -8 -20 6 -18 -1 -15 36 10 -4 -16 -10 -17 4 -12 20 -16 -10 9 11 -11 -13 -12 34 -15 22 -14 -10 3 11 3 12 -21 -9 3 -2 -19 -12 5 -15 4 8 -14 37 2 28 -11 -1 -17 -34 -9 -22 -17 -7 6 -9 -22 15 -17 13 -11 24 -12 -7 -10 12 -12 -3 -16 37 -15 12 -12 16 8 26 -10 35 -8 -10 -2 -11 -7 -12 9 6 -5 -9 -14 8 -12 33 0 -36 -20 20 -21 6 -8 15 -17 -27 -17 -28 -15 -36 -22 38 -23 31 -20 -35 -15 -24 -13 -18 -15 -14 -13 -30 -14 -22 -10 20 -10 -26 -17 14 -11 -33 -12 -22 -13 -4 -9 -18 -14 -33 -6 -16 -12 -30 -8 23 -20 30 -8 2 -16 28 -16 31 -9 0 -9 -24 -14 7 -15 33 -8 31 -15 37 -6 -7 -3 38 -5 36 -5 14 -12 27 -5 -10 -5 -5 -3 16 -2 19 -10 13 1 -33 0 -3 
23 5 2 2 0.983957 46 9 23 1 43 4 42 -6 44 0 43 12 41 -8 42 13 41 6 43 -1 43 -8 44 -4 45 -8 47 -8 45 7 44 5 48 -10 46 12 50 -6 45 16 -8 1 44 -18 45 -10 46 16 -7 -2 46 -4 50 6 43 11 43 15 -12 8 50 -5 52 -9 51 0 51 14 48 -5 51 -17 45 -12 48 -13 49 -5 51 11 47 8 52 -10 50 1 44 5 47 4 43 3 45 4 0.206897 3 26 -26 13 18 -6 45 
24 5 4 0 0.173913 1 10 91 2 0.631579 6 21 12 21 -16 17 -20 8 -38 12 -35 -1 -37 3 0.857143 12 29 54 25 -53 16 95 43 13 30 45 24 -16 29 -29 28 -82 22 79 -22 94 -25 44 -24 97 4 0.173913 1 16 -1 
25 5 2 2 0.150943 2 8 -37 -8 -41 4 0.989011 45 4 -7 6 19 4 -10 2 19 8 -4 1 14 -6 14 -10 35 -4 -5 -2 21 4 19 7 -15 -4 0 -11 -39 -8 18 -13 -40 -9 -41 -4 44 0 30 -8 -20 -7 12 -5 -10 -8 -22 -7 9 -11 -12 -6 7 -1 44 -5 -15 -5 -23 -2 -28 -5 -5 -4 25 -5 -29 -6 22 1 2 1 -25 -2 13 2 19 2 -5 -3 -7 3 -4 -5 22 -1 -2 4 29 6 -2 
26 5 2 2 0.470588 2 4 31 -6 8 4 0.947368 9 -4 -22 -4 -12 -25 19 -7 -35 -3 -37 5 -34 8 -32 7 -19 6 -22 
27 5 2 2 0.903226 14 -7 10 -8 -18 -4 -25 4 15 4 -12 -6 -27 -6 -26 -8 -25 1 -33 -4 -7 -2 -39 -4 19 -2 24 1 -42 4 0.631579 6 -7 -13 2 -24 -1 -28 -7 9 -11 -28 2 -28 
28 5 2 2 0.173913 1 2 -9 4 0.987013 19 -3 34 -4 41 -2 28 -4 39 -6 -28 5 -28 1 -5 -5 -19 -5 -21 -8 -22 -9 -6 -10 -5 -4 -10 4 9 3 36 5 -7 5 -20 -2 -7 1 -8 
29 5 2 2 0.27027 5 6 -30 9 -36 8 -3 15 -12 16 -35 4 0.977376 54 -5 -32 21 -24 -22 35 -19 23 5 23 12 -19 12 -21 11 20 8 27 18 -36 -16 8 -20 -16 11 28 14 14 6 11 11 6 9 -13 10 -3 8 23 -3 25 10 21 16 -11 13 -12 -20 34 -22 -1 -22 20 -1 12 -23 -4 -23 -7 7 -10 -23 -11 11 25 -17 -14 11 19 11 21 -23 20 14 -36 8 -34 -24 -6 1 -6 5 -1 14 3 14 16 2 11 10 -25 15 -13 -25 -15 14 14 10 -31 4 -6 14 -33 6 -28 12 -32 13 -11 
30 5 2 0 0.333333 2 -4 83 8 84 3 0.969697 16 38 13 33 -82 35 -28 35 -77 35 3 28 9 27 -11 26 -57 29 45 16 44 33 -86 33 -48 29 -30 29 -84 30 5 30 45 
31 5 3 2 0.8 10 14 -36 16 -44 19 -17 12 -43 15 -40 12 -41 14 -40 12 -37 14 -36 12 -38 3 0.173913 1 32 57 4 0.765957 9 20 -39 16 -36 17 -41 26 -40 23 -31 8 5 19 -40 15 -37 24 -28 
32 5 2 0 0.888889 2 23 -1 25 -59 3 0.666667 1 6 96 
33 5 2 0 0.181818 1 2 90 3 0.986301 18 36 -59 28 -48 14 89 32 52 31 -32 31 23 41 38 -37 26 13 98 36 -76 33 65 28 71 19 94 28 72 43 27 9 99 28 66 30 -24 
34 5 2 0 0.981481 53 -13 39 -2 73 -8 25 -12 24 -10 36 -21 25 0 74 -24 20 -13 57 -13 58 1 27 14 -40 -21 36 1 48 -15 23 -17 53 -4 38 -11 51 -3 58 -10 43 -21 41 -6 58 -8 52 -12 54 0 56 2 36 0 55 -18 37 -3 50 -17 22 -10 38 -4 60 -8 52 -13 43 15 -63 18 18 18 -71 -24 42 -4 43 -8 47 -14 77 -9 49 3 52 -24 22 -23 24 -1 76 18 5 -3 36 -13 40 -2 41 -17 76 -14 76 -8 76 3 0.231884 4 19 3 -13 30 20 64 -34 71 
35 5 2 0 0.222222 2 -24 39 -1 37 3 0.982456 28 -43 38 10 84 -28 40 9 77 -29 20 -27 40 19 41 21 27 20 39 -37 92 -36 90 -27 31 0 90 0 92 -31 44 -34 43 -6 43 -30 80 -32 36 -27 33 -38 93 12 35 -22 87 -6 87 -24 87 -21 28 -11 88 -33 97 
36 5 3 0 0.941176 8 23 -85 21 -80 -23 79 -21 87 20 -85 24 -85 -16 81 22 -81 3 0.307692 1 22 -95 4 0.307692 1 20 -37 
37 5 2 0 0.965517 56 22 -67 3 91 20 -9 19 41 19 40 17 14 18 38 14 87 15 -46 18 -63 18 -45 23 43 18 59 17 60 17 -60 14 42 17 70 9 30 0 93 17 44 11 77 15 -10 17 23 20 32 14 36 17 -57 11 24 18 61 17 68 22 35 6 50 15 45 16 48 15 75 5 48 7 73 16 48 11 67 11 49 18 63 12 39 14 48 16 34 15 60 17 -32 9 46 17 66 18 41 6 63 15 37 21 36 14 65 13 60 19 48 12 57 4 40 3 0.363636 8 21 83 23 89 22 89 41 32 25 33 -43 92 36 3 18 98 
38 5 5 0 0.836601 64 7 71 7 71 7 73 10 74 10 74 12 68 5 59 21 -25 10 63 5 33 1 65 7 65 14 48 5 42 19 -38 22 -5 17 -58 21 -61 18 -25 3 27 9 53 20 -73 15 -25 20 -71 -19 92 18 -14 5 52 23 -20 24 36 24 33 -9 85 25 15 16 -79 4 82 -2 78 1 83 22 29 6 85 -6 85 18 -90 21 -68 7 85 7 68 18 -77 -6 85 6 78 4 68 11 77 18 -75 12 75 25 -46 16 -70 18 22 -1 77 15 15 10 23 5 23 5 22 17 38 20 -76 8 22 -9 21 3 22 -9 81 1 0.126984 4 17 37 14 30 17 33 17 24 2 0.034188 1 19 5 3 0.707819 43 26 41 30 -40 26 42 41 5 7 94 32 -69 20 35 15 29 13 8 40 19 -3 -82 11 70 8 52 8 10 7 65 4 76 5 87 -2 95 33 -27 33 15 9 74 31 44 34 27 23 23 42 23 24 45 29 -4 12 40 13 56 12 70 15 34 40 22 39 -84 11 -87 44 3 40 -42 13 -87 30 -41 -32 77 22 25 5 -42 17 57 -18 65 4 0.0666667 2 19 -42 -12 43 
39 5 2 0 0.235294 1 3 57 3 0.981132 13 8 82 28 32 20 60 17 72 30 37 26 38 12 -32 10 67 34 36 12 85 26 75 17 91 29 30 
40 5 2 0 0.985782 52 -19 21 -16 57 -20 23 3 26 -23 48 12 55 17 24 11 52 7 27 5 24 11 29 -9 75 4 31 -14 28 8 60 -23 40 0 78 -18 50 -19 26 3 88 5 30 -21 91 8 29 1 30 17 22 6 54 -12 90 0 29 4 48 -20 26 -5 27 -13 91 -21 31 -16 92 -18 92 -20 89 -13 29 -9 85 0 30 -20 50 -18 87 -16 32 -17 24 0 31 -4 38 -20 31 -6 32 -17 28 -16 29 -2 29 4 52 -18 30 3 0.1875 3 -37 95 -17 10 18 29 
41 5 4 0 0.8 4 23 -14 25 -12 25 -22 22 -28 2 0.363636 1 18 9 3 0.571429 2 36 28 33 60 4 0.363636 1 25 -14 
42 5 4 0 0.4 1 6 73 2 0.615385 2 17 15 20 16 3 0.615385 2 35 -5 42 21 4 0.615385 2 25 -35 25 -37 
43 5 2 0 0.166667 1 13 79 3 0.987654 20 36 -94 25 -30 45 -41 42 -40 26 -41 35 18 31 33 37 63 45 -36 15 -59 34 -71 31 16 41 -32 35 63 39 -29 40 -55 40 -19 25 -4 32 -60 35 -2 
44 5 2 3 0.8 2 36 -31 41 -8 4 0.8 2 16 40 13 34 
45 5 4 0 0.869565 10 25 10 24 -63 22 -86 25 -83 23 -62 25 13 24 -82 22 -81 22 -31 22 -15 2 0.363636 2 20 18 17 -31 3 0.48 3 30 -11 28 80 31 -13 4 0.210526 1 22 -38 
46 5 3 0 0.125 1 12 60 2 0.125 1 20 22 4 0.981818 27 21 8 25 -40 13 45 19 -32 13 31 26 45 20 22 20 45 15 25 20 39 23 41 20 26 22 31 23 39 15 30 14 -31 21 -39 23 36 23 -33 16 -17 19 -41 18 -20 9 5 15 35 20 24 15 1 26 32 
47 5 4 0 0.222222 1 14 53 2 0.592593 4 20 24 19 -23 20 24 18 25 3 0.592593 4 21 37 32 15 36 -22 38 31 4 0.727273 6 17 -29 17 -16 17 3 22 27 22 26 23 -11 
48 5 3 2 0.333333 1 21 36 3 0.533333 2 37 34 44 -16 4 0.888889 6 21 -43 21 20 22 22 23 14 23 10 13 14 
49 5 4 0 0.714286 5 21 -8 24 -19 8 70 7 93 14 86 2 0.545455 3 20 -6 17 -40 21 42 3 0.545455 3 39 15 23 97 5 100 4 0.421053 2 18 39 21 -25 
50 5 2 2 0.965517 7 21 13 20 -23 20 39 18 -19 20 -36 18 -38 19 -39 4 0.363636 1 24 -19 
51 5 3 2 0.941176 12 19 -26 21 -25 21 -8 19 -20 21 4 21 12 21 -31 19 22 18 -32 20 -11 19 16 19 -11 3 0.222222 1 25 -19 4 0.380952 2 16 -35 21 -15 
52 5 4 0 0.645161 5 12 56 13 58 17 64 23 -68 25 -69 2 0.645161 5 20 -19 20 31 16 -38 20 -37 19 2 3 0.210526 1 25 -13 4 0.645161 5 21 -23 25 -23 22 10 22 -19 26 38 
53 5 2 0 0.93617 11 25 -55 7 60 14 58 23 -45 23 -78 8 52 24 52 18 88 25 -48 25 53 15 82 3 0.521739 3 14 30 24 89 35 17 
54 5 4 0 0.8 10 10 74 10 55 21 -89 9 67 15 59 5 62 3 58 12 59 1 63 -9 73 2 0.631579 6 19 -12 19 -37 16 -40 17 -38 16 -44 -15 -40 3 0.413793 3 32 38 30 -90 -34 -29 4 0.173913 1 26 -36 
55 5 3 0 0.444444 2 22 -48 24 -63 2 0.740741 5 21 22 20 -5 21 10 17 -15 18 -11 3 0.740741 5 34 -37 37 34 43 -65 43 35 36 37 
56 5 2 0 0.952381 10 17 67 25 62 19 59 23 63 25 69 15 57 17 50 13 55 20 47 21 56 3 0.444444 2 33 -32 43 -41 
57 5 3 0 0.842105 4 -15 83 -22 92 -15 91 -24 79 3 0.4 1 -24 24 4 0.615385 2 -21 35 -25 -16 
58 5 3 0 0.394366 7 -22 53 -22 56 22 63 21 82 17 89 17 86 14 83 3 0.947977 41 35 -1 32 -21 32 -24 32 -23 33 -35 33 -86 43 -43 -44 37 14 99 38 -66 28 83 38 92 43 94 40 23 45 -4 22 100 42 -56 44 32 42 -38 42 -1 37 84 32 90 30 -67 32 -19 39 -71 36 -19 43 -93 42 -94 42 -95 -36 43 37 80 -41 79 -43 -2 -43 19 -39 6 -39 -2 -39 -26 -42 -33 -39 -32 -44 8 -44 -38 4 0.142857 2 21 13 21 16 
59 5 3 0 0.727273 2 -17 78 -24 71 3 0.727273 2 -44 22 -42 41 4 0.5 1 -24 37 
60 5 2 0 0.952381 5 23 66 23 77 16 80 24 44 24 42 3 0.444444 1 3 15 
61 5 2 3 0.973913 28 29 96 43 -80 43 -6 39 41 42 12 42 77 38 -88 14 96 41 -23 35 53 40 72 38 75 26 94 26 88 39 -92 42 69 35 4 36 -5 41 -11 36 78 43 28 35 93 42 8 42 88 45 23 43 -67 43 35 2 22 4 0.3 3 18 44 20 38 16 42 
62 5 3 2 0.333333 1 21 20 3 0.933333 7 26 -54 27 -53 39 -22 35 -14 30 -29 37 21 41 -59 4 0.333333 1 25 20 
63 5 2 3 0.181818 1 36 -73 4 0.986301 18 17 34 25 -30 18 -20 17 -8 18 -10 26 33 25 13 25 18 22 2 23 31 24 32 23 27 20 34 20 10 20 -44 22 -11 21 -23 21 -22 
64 5 2 2 0.888889 2 21 -43 21 11 4 0.666667 1 13 3 
65 5 4 0 0.769231 5 16 67 11 73 12 69 19 70 16 71 2 0.470588 2 21 0 20 36 3 0.6 3 34 14 35 11 37 -38 4 0.285714 1 22 1 
66 5 2 2 0.307692 1 21 40 3 0.972973 9 42 -81 37 -77 36 -96 39 -77 39 47 41 -74 42 29 31 -95 26 35 
67 5 2 2 0.976744 21 -7 -41 1 -38 4 -44 3 -39 -12 -38 6 -45 5 -38 -6 -44 9 -41 5 -38 -4 -43 7 -38 -15 -42 4 -47 7 -38 4 -50 -8 -44 -9 -49 6 -42 -9 -51 -8 -53 4 0.275862 2 11 -36 3 -36 
68 5 2 2 0.727273 2 8 -51 14 -52 4 0.857143 3 -5 -43 -19 -45 4 -43 
69 5 2 2 0.235294 1 -3 -35 4 0.981132 13 11 -45 5 -45 16 -41 0 -41 16 -41 3 -40 -6 -40 9 -43 0 -38 2 -41 11 -41 3 -37 12 -41 
70 5 2 2 0.347826 2 -4 -36 9 -36 4 0.967742 15 -5 -40 0 -34 -9 -42 -9 -39 -1 -39 -4 -38 -12 -40 2 -41 5 -41 -5 -43 -5 -42 -11 -39 -16 -34 4 -41 -16 -38 
71 5 2 2 0.285714 1 8 -39 4 0.97561 10 -17 -41 5 -44 -21 -44 -22 -41 -17 -40 -10 -45 -10 -40 -17 -42 -21 -42 -4 -43 
72 5 2 2 0.903226 42 -8 -43 -11 -46 -10 -48 -7 -42 -7 -41 -8 -39 -12 -50 -5 -42 1 -42 -19 -40 0 -47 3 -43 -14 -44 -8 -44 -9 -40 -12 -42 -19 -38 -4 -39 -12 -46 -5 -40 -8 -38 -6 -39 2 -47 -14 -36 9 -44 9 -41 14 -45 9 -44 9 -44 14 -42 10 -42 9 -40 7 -44 -2 -43 7 -43 6 -44 2 -42 3 -47 -2 -42 1 -50 6 -48 14 -51 4 0.631579 18 -18 -43 -7 -45 -5 -42 -4 -44 -13 -36 -20 -44 -9 -36 6 -36 5 -32 13 -42 12 -37 3 -37 18 -39 13 -39 7 -43 1 -45 25 -44 5 -44 
73 5 2 2 0.648649 6 3 -39 -17 -37 11 -37 -13 -41 1 -41 -7 -40 4 0.896552 13 3 -22 9 -40 4 -22 20 -33 11 -34 -19 -22 12 -34 0 -34 -3 -34 -6 -34 9 -36 -6 -36 21 -35 
74 5 2 2 0.16 1 0 -40 4 0.988235 21 -20 -35 -20 -36 -15 -37 21 -33 -11 -36 10 -36 -25 -39 -11 -42 0 -37 -18 -37 -3 -36 -9 -37 -20 -39 21 -37 -1 -38 15 -39 0 -40 -13 -42 10 -40 -17 -37 -16 -29 
75 5 2 0 0.717949 7 18 4 17 -39 16 -52 15 -54 20 -65 15 -35 16 -11 3 0.862745 11 22 -37 26 -61 22 -25 22 -28 24 17 23 -8 23 -84 37 -38 25 -5 34 25 22 32 
76 5 3 0 0.123077 2 14 -30 12 -8 3 0.986784 56 23 34 37 -36 26 -91 21 -56 22 -65 27 -10 35 -28 21 -91 22 26 28 -74 20 -72 25 8 33 -27 20 -55 -15 80 -27 25 18 -86 24 -85 28 -88 18 -2 15 -87 19 -63 -6 38 -21 28 16 -31 -37 77 -21 27 6 74 -43 -18 5 74 -32 2 -33 -14 -33 -5 -39 38 -38 -28 -34 10 -41 10 -40 -24 -26 40 16 38 -38 -42 3 34 13 32 -23 37 -5 31 2 38 -17 32 12 30 -15 35 -17 37 5 34 6 32 -8 40 6 42 -9 40 4 40 4 0.0645161 1 -15 35 
77 5 4 0 0.333333 1 -12 74 2 0.833333 5 -13 -39 -10 -41 15 -41 14 -53 14 -38 3 0.533333 2 30 -93 33 -99 4 0.333333 1 24 -33 
78 5 3 0 0.830189 11 -13 16 12 -65 15 -67 17 -78 14 7 -15 37 14 -12 13 -31 15 -44 10 -36 13 -34 1 0.727273 8 13 29 12 29 14 34 12 -13 15 34 16 35 17 -5 14 33 3 0.173913 1 25 14 
79 5 2 0 0.0677966 1 -16 16 3 0.995475 55 -34 45 -36 48 -33 -35 -32 10 -32 33 -39 -73 -32 -25 -34 -78 -42 -70 -37 -41 -43 -66 -43 -73 -40 -1 -36 25 -35 -78 -31 51 -22 -29 -33 60 -32 -75 -36 6 -31 -40 -39 19 -25 -34 -33 -75 -38 31 -33 -25 -36 58 -32 27 -35 -47 -35 -14 -25 -13 -19 3 -28 24 -37 -44 -34 14 -20 -24 -39 -57 -21 -25 -41 62 -23 0 -36 -28 -23 -14 -32 -1 -28 -12 -40 50 -32 6 -22 -33 -29 33 -22 0 -30 33 -28 -22 -31 11 -39 -71 -32 34 -32 -68 
80 5 2 0 0.933333 7 -24 -1 -23 1 -24 -22 -14 -15 -15 34 -11 3 -17 15 3 0.533333 2 -36 -18 -24 66 
81 5 3 0 0.333333 2 -11 -27 -10 41 1 0.862745 11 1 34 2 31 1 32 1 30 8 31 1 34 5 34 13 34 8 35 7 35 5 30 3 0.606061 5 21 9 17 -8 24 16 32 -34 25 15 
82 5 3 0 0.868914 116 -15 2 1 43 13 36 10 -33 6 -79 4 44 15 14 12 -53 -7 41 -9 14 -1 44 14 40 9 -13 7 -54 12 -61 -15 -53 -5 13 7 -39 -17 3 7 -11 -16 -4 -15 12 -18 2 7 11 -22 16 -21 15 -10 44 -14 -54 11 -51 1 9 13 15 -1 43 -19 -26 -14 1 -20 -71 -17 43 -13 7 -19 -19 -16 11 9 -5 -23 -66 -13 -26 9 -34 16 -59 -15 12 -5 46 -22 -12 21 -32 -24 -38 -16 -50 -13 50 -23 -42 -12 -42 -12 -3 -4 44 -14 17 -15 15 -12 18 -4 -22 -20 -2 -11 -52 -15 28 -15 -50 -15 -51 -16 -31 -16 -34 -15 -3 -8 7 -16 39 -22 -76 -24 -71 -17 -29 5 -56 11 -18 14 35 14 -79 -24 -11 7 5 -24 1 -17 6 11 -6 10 1 -4 45 4 -70 11 -27 -10 10 15 14 -14 45 11 -19 8 1 7 -42 17 -60 11 -37 5 32 -7 -10 7 -52 16 15 8 12 16 14 -3 15 -11 45 -8 16 -6 15 8 -33 10 -47 13 -68 8 -45 13 31 -8 17 -2 16 14 -39 7 -65 1 14 2 17 9 47 11 10 1 0.498316 37 14 18 -5 33 0 33 -2 34 10 30 0 35 -4 32 -8 32 13 -17 -13 -5 13 23 -12 -33 4 28 -11 35 -11 -22 -11 9 10 27 2 34 -14 15 -14 13 -4 35 12 29 13 -33 8 29 -13 14 14 -7 -14 -2 -14 8 11 26 11 27 -14 -9 14 -2 14 0 -14 1 14 1 14 6 12 -32 3 0.463158 33 8 67 -32 -70 -34 -47 9 65 -3 7 3 37 -38 -5 -42 -41 -3 81 -22 85 -40 -37 -33 -40 -42 -14 -42 -49 -43 2 31 -11 -40 -15 -33 -24 -37 -17 -38 76 -30 -94 24 -10 22 53 -34 -9 -18 60 26 20 28 -19 27 -3 28 9 -31 -10 25 -33 13 -68 17 28 
83 5 3 0 0.190476 1 -21 -48 1 0.444444 3 14 0 13 7 -14 -29 3 0.933333 14 13 26 24 43 18 41 26 4 29 -4 13 60 16 34 -43 0 22 10 -41 34 -38 37 -36 35 -31 -29 -43 47 
84 5 3 0 0.571429 3 -10 22 4 10 3 44 1 0.848485 7 -14 5 -13 33 -13 -6 -14 34 -9 33 4 32 -12 -16 3 0.444444 2 10 52 -25 40 
85 5 2 0 0.307692 2 9 -18 10 -13 3 0.972973 18 15 -59 15 -84 5 67 20 -87 18 47 17 5 17 -1 33 -16 25 37 20 -15 24 -28 0 65 18 -71 -4 76 -4 78 16 7 15 53 14 -37 
86 5 3 0 0.606061 5 17 -36 11 -48 14 -13 15 -15 18 -47 1 0.8 9 14 -24 13 -26 14 27 13 -34 17 12 17 11 17 -29 17 10 17 -29 3 0.533333 4 28 36 27 -52 31 -13 16 6 
87 5 2 0 0.979592 12 12 -83 12 -86 15 -81 12 -87 16 -51 -4 69 -9 61 21 -35 -10 67 4 67 -11 69 12 -72 3 0.25 1 18 -91 
88 5 2 0 0.984127 31 22 -49 12 -1 22 -75 17 -55 12 7 22 -53 16 -63 15 -73 16 4 16 3 24 -52 13 -73 15 -27 15 -13 17 7 14 -45 16 34 16 -32 14 -30 14 -8 17 3 17 -46 14 -49 13 -27 14 13 17 -11 14 38 16 -27 15 37 19 4 13 -70 3 0.205128 2 17 -98 30 -29 
89 5 2 0 0.977909 166 -13 -60 -11 -10 -13 2 -9 -19 -17 19 -12 -30 -17 -26 -9 -59 -23 -83 -10 -36 -7 -8 -15 15 -10 32 -16 41 -15 40 -11 -4 -15 -11 -15 10 -10 -8 -14 -6 -13 -11 -14 -76 -9 -6 -12 34 -17 -71 -11 34 -9 -41 3 -56 -13 16 -16 8 -13 6 -9 -17 -16 -10 -17 -71 8 -9 -17 -39 -15 5 -16 -39 -18 -84 -10 12 -10 -5 -11 -7 -19 -25 -14 -49 -11 -10 -6 3 -11 -20 -3 -8 -17 -54 -13 9 -15 -50 -16 -25 -12 -79 -14 -6 -11 3 -14 -51 -16 -29 -5 5 -17 1 -6 34 -13 -62 -13 -46 -13 -74 -15 -46 -6 31 -14 -48 -14 -76 -13 -7 -11 -24 -13 -15 -21 -86 -7 12 -18 -31 14 -57 -13 -23 -23 -88 -17 -80 -12 -33 -11 -52 -13 -63 -12 -73 -14 8 -14 -2 2 -52 -12 -50 12 4 -8 8 -16 -31 -10 -1 -3 -33 -7 38 -9 -50 -10 -13 -10 -26 -10 -73 -11 -30 -5 7 -4 10 -10 -53 -2 23 -9 -9 -8 -42 -4 35 14 -20 -6 -13 -7 -41 -5 -73 -6 -19 -6 -21 -5 -27 -7 -81 -3 10 3 -12 -7 -39 -6 -69 -7 -13 -6 -5 6 1 -5 -64 -5 -59 -4 -31 1 26 -5 -40 -7 -88 1 19 -5 -31 2 23 -2 -73 -5 -76 -5 -19 -5 -14 -3 -6 -3 -68 -3 -27 -4 -54 2 24 -3 -11 -2 -37 -1 1 2 -33 2 13 -3 -6 0 5 1 -45 -1 -73 -5 -26 -2 -35 -4 -27 -1 -23 10 3 0 -20 2 -3 0 -73 1 -24 -1 -44 -9 63 2 5 10 0 1 -53 3 3 8 4 2 -19 9 -35 1 -46 4 -32 2 -23 3 0.265487 15 18 47 15 -27 5 7 28 -6 -31 71 15 15 14 -66 13 -91 11 42 -13 32 9 -93 14 -4 12 -39 -18 30 12 -54 
90 5 3 0 0.4 1 3 -1 1 0.615385 2 8 -26 9 11 3 0.842105 4 -4 -71 3 -37 14 -35 18 -42 
91 5 3 0 0.5 1 11 -29 1 0.727273 2 9 28 6 28 3 0.727273 2 7 54 18 -84 
92 5 2 0 0.990099 25 9 -36 16 -71 17 -67 9 -67 7 -67 12 0 9 1 5 35 17 -73 10 32 9 -62 9 -61 10 27 13 -62 11 -14 11 -29 14 10 5 -40 8 -36 9 23 8 3 10 -28 2 -59 12 -23 7 -13 3 0.137931 1 12 -50 
93 5 2 0 0.967742 15 7 -77 6 -13 21 -75 14 3 13 8 23 -62 1 -73 6 8 -3 61 6 -5 6 -2 13 -58 6 -64 1 -31 0 -24 3 0.347826 2 -26 21 23 -38 
94 5 3 0 0.444444 1 3 -81 1 0.666667 2 17 -35 16 -37 3 0.8 3 7 -42 -9 -91 -1 41 
95 5 3 0 0.14966 11 5 -12 10 -42 5 -38 20 -30 5 -51 22 -24 17 -23 14 -51 8 -13 7 6 7 18 1 0.98075 242 15 39 8 38 6 -1 7 38 6 -2 14 36 13 34 7 38 5 -6 10 37 15 34 13 -5 11 37 14 34 6 10 7 32 14 33 12 31 9 9 13 -3 13 -4 10 21 10 37 5 25 6 14 12 9 13 2 9 18 11 1 16 30 11 6 8 23 5 24 9 -5 14 32 12 16 9 5 9 4 6 -6 11 13 8 24 8 4 11 13 7 1 8 -11 7 -10 14 30 14 -5 9 11 12 21 11 36 11 21 14 16 10 23 12 7 16 27 11 -5 13 28 9 21 12 8 10 18 13 28 10 17 10 -5 10 4 9 23 11 18 11 23 12 11 16 17 6 28 9 20 10 29 9 16 12 12 9 23 11 13 16 21 14 -2 11 2 7 21 11 22 11 -12 12 19 6 1 12 3 11 9 12 -1 13 -3 12 -1 7 23 9 17 7 25 11 -1 14 13 11 -2 7 -3 11 10 11 10 10 3 10 7 17 12 12 11 10 -5 12 5 14 8 10 8 17 8 17 18 17 17 12 -5 12 -15 15 -3 12 21 9 3 14 7 14 0 14 13 15 19 3 0 11 8 14 21 11 12 13 18 13 -1 13 19 14 9 14 -5 9 5 16 -39 17 12 10 16 12 4 12 23 16 5 14 -11 12 13 12 1 14 20 13 -5 15 -1 10 -18 16 -12 16 6 15 -2 16 -13 13 -16 10 -13 12 -3 16 -8 13 11 17 10 6 -24 17 -2 14 18 11 5 12 -18 12 -15 12 2 17 9 15 5 9 -29 13 -4 14 -12 12 -8 11 -14 13 -10 8 -13 14 -21 12 -24 14 -8 14 -7 14 0 17 -8 17 -5 9 -13 11 -24 8 -20 14 -9 9 -23 17 9 16 -13 6 -25 7 -24 10 -25 4 -30 11 -17 13 -14 17 -15 10 -21 14 -19 16 -17 11 -28 8 -15 9 -22 9 -19 14 -17 11 -14 8 -19 10 -17 10 -20 14 -32 12 -15 15 -18 13 -16 13 -21 16 -28 13 -28 13 -21 14 -23 11 -34 11 -34 10 -29 17 -29 10 -26 11 -29 10 -31 11 -32 11 -31 15 -27 13 -27 14 -26 15 -30 14 -25 9 -34 12 -27 15 -30 12 -37 12 -30 14 -30 16 -34 17 -30 16 -35 6 -32 15 -33 12 -31 14 -35 14 -32 15 -34 15 -34 12 -31 14 -39 3 0.112281 8 23 -29 2 51 -29 22 8 -34 -2 -15 16 -28 7 40 6 6 
96 5 3 0 0.7 7 9 4 8 -75 15 -83 10 -74 6 -54 8 -74 3 -39 1 0.32 2 9 -6 13 7 3 0.816327 10 22 -24 13 -23 23 -26 -17 73 20 -7 24 -9 30 -15 20 7 18 12 16 14 
97 5 2 0 0.941176 4 12 -88 11 -89 14 21 14 17 3 0.5 1 -13 -29 
98 5 2 0 0.2 1 -12 -2 3 0.984615 16 -32 -1 -29 55 -17 -43 -19 -43 -37 -18 -39 -83 -35 54 -26 29 -23 -60 -25 -1 -21 -57 -25 -42 6 18 4 -32 6 -36 -2 -42 
99 5 2 0 0.947368 27 -8 78 -10 75 -17 -81 -18 -83 -23 -5 -2 -15 -8 24 -20 -75 -17 25 1 7 -10 22 -20 -29 -16 -42 -17 -25 -16 -47 -23 -74 -16 32 -7 1 -23 -20 -7 -7 -8 29 -7 -82 -21 -64 -2 -57 -4 -54 -12 -73 -22 -60 3 0.470588 6 -16 80 -39 -52 -24 -20 -16 -35 -6 -14 -11 -18 
100 5 3 0 0.705882 9 -22 -75 0 -11 1 -23 -14 -73 -13 -59 -13 -57 -10 -62 -16 -63 13 -89 1 0.666667 8 -14 2 -7 5 -12 -27 -13 -28 -14 -21 -11 -30 -12 -5 -14 24 3 0.622222 7 5 0 -23 -34 -17 -8 -14 -4 -20 3 -6 9 -37 60 
101 5 3 0 0.488421 58 -22 -63 6 9 2 -63 4 -66 2 -71 7 -60 2 15 7 -59 -2 -47 -2 30 4 -67 2 -29 -3 20 -2 -15 -5 -34 -5 -18 5 28 -4 -60 -9 -27 4 -33 -4 -64 2 31 0 -15 -5 22 -9 25 -8 20 -9 -61 -7 -58 -2 -68 -4 0 2 -64 -10 5 4 -7 -4 3 8 -72 -12 -21 3 29 -4 -31 0 31 1 11 -6 25 -4 -3 4 -2 12 2 -1 13 7 -77 -11 -5 -1 22 2 26 5 -49 -3 -38 -13 -50 3 -38 -11 -7 -10 9 4 -34 3 -11 -1 -32 1 0.918304 222 -11 19 -8 8 -4 7 -9 3 -10 0 -12 26 -3 14 -13 3 -9 2 -8 -34 -5 1 -1 9 -10 3 -7 -7 2 10 -3 10 -2 30 -11 -2 3 19 5 12 0 -1 -2 12 -9 13 -11 14 4 17 5 6 -2 0 -9 0 -8 18 -4 21 -9 -11 -11 4 -6 -17 -6 2 -3 -9 -14 15 -9 18 -7 3 -9 -26 -10 6 -3 25 4 -1 0 -3 -12 -2 -12 -15 4 26 1 -13 -6 -29 4 -17 -8 23 -1 19 1 -30 -10 15 -12 19 -1 1 5 -14 0 21 3 -4 -9 1 -10 11 -7 25 -5 -24 3 -16 1 -1 -14 -6 2 8 -2 14 -6 17 1 23 -4 7 -2 -32 -13 21 0 7 4 25 -9 18 -4 1 6 20 -1 27 -7 24 8 -32 -4 -2 8 16 -7 18 -7 26 -12 -3 0 -20 -2 -19 6 16 -11 -23 -12 -7 2 27 -8 19 -1 -20 -5 -24 -4 -24 -3 -2 -3 -3 -6 7 -5 3 2 -30 0 1 6 -21 1 25 5 5 1 19 3 -16 0 21 -9 -7 -8 -19 -11 5 -13 23 -14 8 4 -15 5 10 -1 -11 -4 -2 -7 -4 2 15 8 -30 -4 -2 3 26 2 22 -3 15 -1 5 -10 -3 -9 27 -13 13 4 -24 1 3 0 -9 -2 -31 1 -2 1 12 -1 24 6 9 -2 -32 -3 -32 1 -23 -4 -8 -2 -7 4 -7 0 27 -10 -9 -3 26 -5 -13 -1 19 -2 28 -1 17 -3 28 3 -4 0 -15 7 -21 -5 12 -6 30 -12 28 4 9 5 -29 -5 -25 -13 -30 -3 8 -9 -23 -5 12 -7 -2 -6 -23 3 -31 -5 -34 -4 -20 -3 -29 -5 -26 0 -31 -6 -23 -5 -26 1 -13 -9 25 0 -12 -11 -26 5 -2 0 -10 -1 -3 -1 25 -9 -21 -10 -19 -1 -28 0 26 -6 -24 3 -30 5 -20 1 6 -8 28 -3 -24 0 -25 1 28 1 28 -11 -32 -6 -22 -1 10 -9 -31 7 -12 5 -28 -3 -26 -1 -31 -1 -28 -2 -11 1 -31 5 -11 3 -21 -3 30 3 17 -8 23 -1 -26 -1 -9 -3 28 2 -34 -3 -18 4 -8 -1 -26 2 -23 -4 30 -3 -28 -6 0 -1 -3 -6 30 3 0.230769 21 -43 78 5 -10 -43 86 -27 77 24 -1 14 -14 12 17 -43 76 -43 60 -4 16 14 -40 15 -20 -35 -2 26 -30 -7 -11 -27 42 11 -52 25 -34 11 -36 -42 -2 12 39 
102 5 3 0 0.847059 18 -2 -42 5 -13 -4 -61 2 -55 1 -85 -10 -14 3 -66 -2 -54 -5 -13 -9 -39 9 -11 -4 -18 -3 -13 -7 -11 -4 -4 4 -17 4 -17 -8 -5 1 0.434783 5 5 -21 4 -11 5 -20 7 -22 5 -29 3 0.581818 8 17 4 20 -1 16 15 -40 73 15 -4 -44 -22 -44 -36 -41 -43 
103 5 3 0 0.888889 12 8 -50 -1 -45 9 -43 10 -28 1 -17 1 -13 -1 -69 1 -42 2 -41 4 7 0 14 0 -41 1 0.606061 5 -12 -35 3 -3 3 3 3 -4 3 -8 3 0.190476 1 4 -62 
104 5 4 0 0.298507 5 -1 -50 2 -49 4 -48 4 -47 -23 15 1 0.25 4 6 -6 3 -35 -6 -18 -5 -26 3 0.930233 40 -1 34 1 -42 9 -79 19 -26 10 34 5 -71 6 6 11 -81 2 8 2 -8 0 23 2 -62 10 -42 12 47 -2 -23 6 -38 1 -69 14 34 7 -25 3 7 8 -5 9 -8 2 8 14 15 14 10 12 -9 14 24 11 52 5 51 4 12 13 -74 8 -95 6 32 7 33 8 34 -11 88 8 -44 11 -43 -41 -40 -27 43 4 0.196721 3 -24 41 -18 35 -20 36 
105 5 2 0 0.421053 4 -12 -3 7 7 -13 -4 -21 5 3 0.956522 22 -31 22 -28 -37 -32 -89 -32 -27 -34 -10 -16 -28 -38 -36 -24 -86 -20 -27 -27 -88 -32 -41 -36 61 -32 19 -30 -65 -30 -2 -31 -18 -38 24 -42 53 -36 7 -18 -73 -39 -29 -37 -71 
106 5 2 0 0.945455 39 -13 -7 -11 8 -20 -4 -17 -11 -15 -33 -17 1 -19 -1 -11 -28 -16 -59 -17 -17 -17 -45 -17 -43 -15 -66 -4 -1 -17 -23 -15 -15 -8 5 -9 20 -14 37 -7 2 -11 -65 -10 -65 0 19 -13 49 -16 -64 -10 48 -7 34 -6 34 -7 -69 -11 -11 -12 -39 -2 -14 -3 -46 -2 34 1 -74 -6 -59 -1 -32 8 18 3 -75 3 0.48 9 -36 -88 -35 -58 -23 11 -24 4 -24 10 6 -22 8 -25 5 41 7 42 
107 5 3 0 0.857143 3 -7 21 -11 9 -3 -26 1 0.5 1 9 -21 3 0.5 1 -1 -20 
108 5 2 0 0.0909091 1 3 -10 3 0.993789 40 -8 -63 -7 8 5 1 3 -22 -7 -19 -30 3 0 42 3 -10 -12 15 -14 -40 2 -39 2 -32 1 29 2 -37 -14 -35 7 -1 -7 -15 6 -6 6 0 -10 6 4 -38 2 38 -6 -42 -6 38 0 -26 9 -11 -8 -68 -4 -68 3 3 -2 -68 -7 -84 3 -65 -2 9 5 -55 -1 -16 -3 22 1 -68 -1 -40 1 -63 3 42 
109 5 3 0 0.0993789 4 -4 -25 -17 -77 -16 -87 -5 -84 1 0.204545 9 9 -27 11 2 7 -29 8 -28 8 14 -16 7 -16 25 -16 37 -16 39 3 0.976661 136 9 12 -22 -86 -25 -65 -1 30 -23 22 -16 10 3 21 -11 -29 -4 -28 -3 -7 -18 -22 -26 33 -10 -71 -26 35 -3 -12 -24 -22 0 -76 9 -8 -35 43 -16 46 -23 60 -22 60 -22 -47 -9 -8 -34 58 9 8 -8 -31 -6 -36 -4 -5 -29 10 -15 -41 -13 -21 -4 -43 -21 -2 -22 6 -6 3 -15 -34 -28 -50 -28 -29 6 18 -8 -40 -11 -34 -33 -29 -3 42 -13 -52 -19 19 -24 1 -13 -19 -14 -72 -7 -24 -17 23 -23 45 -6 20 -22 -24 0 -21 -4 -2 -11 68 -15 -61 -22 50 -21 -36 -3 -56 -3 9 -8 -61 -10 29 -9 -16 -12 21 -22 -8 -7 32 -16 -19 -11 2 -17 -36 -26 44 -2 -26 -8 -43 -6 30 -16 17 -19 -51 -16 -12 -21 46 -8 -12 -13 -31 4 -15 -22 -18 -29 -10 -8 -33 -6 -9 -19 -87 -18 -7 -21 8 -21 -27 -12 -72 -21 -67 -29 -83 -15 40 -19 -36 0 -13 -18 35 -20 -23 -22 -72 -34 -90 -29 -12 -14 -23 0 -29 -19 3 2 -35 -9 -14 -9 -27 -27 50 -19 -65 -27 31 -28 4 -12 -23 -26 -72 -19 -71 -20 45 -6 -90 -15 -66 -24 -70 -5 -90 6 22 -4 -62 -36 21 4 -7 -39 -91 -28 -31 -22 -95 -28 -30 -1 -40 -32 -96 -18 -96 -29 -95 -27 -94 -31 -96 -19 -95 -14 -99 3 -95 
110 5 3 0 0.516129 4 -2 68 0 66 1 69 4 68 1 0.32 2 -13 37 -11 30 3 0.896552 13 -20 86 -36 -1 -24 36 -20 -30 -12 32 2 -23 -32 -43 -21 18 -31 7 1 -12 9 41 -20 -36 -21 -97 
111 5 3 0 0.0508475 6 -21 66 -17 73 -3 73 5 62 2 60 13 -92 1 0.973872 410 -12 35 -14 8 -15 13 -13 4 -14 9 -12 15 -15 -24 -15 11 -9 34 -8 -10 -15 9 -13 23 -13 -6 -7 14 -12 6 -10 -12 -7 35 -15 16 -9 -6 -2 -3 -6 -10 2 1 -14 -11 -7 6 7 -6 2 4 -2 30 -3 28 -13 3 -11 1 -11 17 -13 11 -15 -2 -3 -11 -10 -21 -4 -21 7 -12 -13 -4 -12 -15 -9 -15 -11 -3 -7 35 -16 -32 -15 7 0 -8 1 26 -2 5 -1 0 7 38 -6 -12 -8 34 -15 -16 -8 -23 6 5 1 -12 -7 -9 -14 -15 -15 10 -2 -35 -6 30 -15 -34 -15 -4 -2 -2 -13 -29 4 35 -13 16 -13 21 -5 34 -15 -3 8 -4 -12 -34 -16 -34 -9 -25 -14 14 -11 24 7 -13 9 -21 -11 -16 -11 26 -9 -20 5 -16 4 14 -3 -15 -4 -15 -4 -15 -8 11 -4 36 -16 -17 -8 2 -11 -2 6 10 10 10 -8 -8 -13 -39 6 11 -5 -11 7 -15 -2 37 -16 -11 -5 26 -12 -39 5 11 -4 -6 1 38 -3 7 -15 22 -6 12 -15 24 -11 -16 -12 -2 -9 27 -16 -9 -10 34 -5 30 7 39 7 15 -3 22 -12 -2 -7 -32 -13 -31 -16 -33 -16 -10 4 7 -2 -5 0 -5 -11 -39 -10 -9 -15 27 -9 -8 9 -27 -3 -1 6 -32 -7 -15 -15 -31 -12 2 -13 -37 -12 -18 2 5 8 -3 1 38 -9 14 -10 -34 2 -32 -16 28 -13 -13 4 -9 1 -32 4 -11 -10 -36 -14 4 -13 -31 -11 -3 -4 37 -11 35 7 37 -10 37 -2 36 -13 -20 5 -14 8 -29 -5 6 -3 37 -13 34 -9 22 -10 26 -5 0 2 -30 -6 -30 7 38 -2 -30 6 -6 1 -15 -13 33 -5 -33 -15 11 3 -29 2 7 0 12 -14 -11 -12 21 -15 37 11 38 -13 -25 -14 38 -4 27 4 4 -14 -20 3 -15 -13 26 3 -16 -15 -22 -13 -26 -4 -29 7 -33 6 4 -12 -12 -12 3 -12 37 1 15 3 -34 -10 -33 -4 39 -16 16 -16 6 -13 6 6 2 4 13 -13 -19 5 4 -9 20 -15 -20 9 -26 -9 25 1 18 1 39 -4 27 -7 -22 -15 23 -4 29 -8 36 5 28 -10 -26 -12 39 1 36 -11 24 -7 37 -14 -19 0 17 -8 -34 -16 -21 -7 -38 0 13 -2 -31 -6 6 7 16 6 35 -11 -35 4 -9 -7 -26 6 -9 0 -2 9 39 -6 7 -4 11 5 -27 -12 -35 6 -30 -10 22 -10 9 -8 -22 -9 -20 -3 25 -7 11 -8 -29 8 -19 7 14 -5 0 -2 -27 -7 30 -1 20 -4 -18 0 14 3 -33 -2 -25 -9 24 -1 33 11 -11 4 -17 6 -38 -8 -32 -5 29 3 35 -5 28 -7 -20 -2 20 6 -38 5 2 5 26 -2 -27 -9 22 3 36 -3 -34 8 35 -9 20 7 -34 1 -32 0 20 4 -31 -2 -27 3 7 -4 31 6 -39 2 1 5 29 -7 30 5 -35 -6 -25 -2 -8 8 -9 7 -11 -3 36 9 -10 -3 22 5 28 -8 29 9 37 -3 28 -2 30 5 35 -6 -12 2 13 6 3 1 13 6 17 0 27 7 -13 2 -34 -9 17 8 34 -3 24 -11 19 9 3 -11 18 2 -38 -6 22 -9 18 -8 15 6 -37 -3 -34 -1 -25 -4 -21 8 4 0 -21 7 -30 -3 -19 -3 -32 10 21 -3 -11 -9 19 5 9 1 30 -4 -22 5 11 8 33 0 -34 8 25 8 34 0 -29 -2 21 3 11 2 -35 7 24 -7 -34 -6 20 3 32 -2 -21 7 -22 3 -30 -3 -24 4 -38 -8 -13 4 -33 3 25 3 33 1 26 -8 5 6 29 6 33 -2 17 -5 22 -5 -37 -1 25 9 22 6 21 -3 -36 5 25 5 24 -5 -36 10 13 0 -5 -3 -28 -5 -17 3 -37 -5 -34 11 -7 0 -11 -3 -7 -3 6 -5 15 1 10 -5 -34 1 -10 1 -37 1 -36 3 -27 -2 -22 -6 -36 0 -39 0 -9 3 24 -3 -24 -3 3 1 8 -4 -16 1 7 -1 8 8 21 2 13 2 19 -1 -11 3 0.267606 38 -5 42 -20 13 -19 -29 -15 12 18 -27 -12 33 -38 12 -14 -95 14 -41 -11 50 -11 -79 -8 35 -16 56 -23 79 -19 80 -40 -10 -11 -76 -7 42 -13 -30 -18 -17 -23 -33 -17 -68 -18 28 -10 -8 -5 42 -10 -38 -13 -22 -7 26 -17 -9 -14 -53 -7 -5 -24 -82 -24 -91 6 -58 -13 -16 -12 29 -16 -12 -12 -85 
112 5 2 0 0.296296 2 -16 69 -22 -1 3 0.974359 19 3 -58 4 32 9 29 8 29 -4 63 8 -36 -3 85 -5 83 -44 6 -31 11 -43 -42 -33 -8 16 -31 0 39 -38 -10 -38 -7 8 4 12 -16 -23 80 
113 5 2 0 0.923077 3 -10 -90 0 2 -13 -91 3 0.571429 1 12 -14 
114 5 2 0 0.972973 18 -7 64 -4 66 -7 62 -8 61 -10 64 -6 63 -4 63 -19 -14 -4 61 -3 51 -5 68 -4 66 -1 63 4 8 -4 59 -20 -92 -5 59 -8 65 3 0.307692 2 1 -38 -10 -33 
115 5 4 0 0.470588 2 -9 58 -13 65 1 0.6 3 -10 -35 -4 -31 -8 -31 3 0.769231 5 -34 3 -22 34 5 24 7 -20 12 -27 4 0.285714 1 -23 32 
116 5 4 0 0.533333 2 7 -22 13 10 1 0.333333 1 6 -20 3 0.533333 2 17 -31 -8 24 4 0.761905 4 -18 18 -25 -4 -22 -8 -11 -13 
117 5 3 0 0.2 4 3 -36 3 -68 4 -75 5 -74 1 0.056338 1 4 -26 3 0.980545 63 -9 23 13 27 11 10 10 28 -22 71 24 -35 15 -85 -33 58 4 -84 6 -25 -33 62 13 -77 9 -34 15 8 15 -40 14 -51 -10 23 -33 11 -11 24 5 41 4 -2 13 43 13 -1 13 -8 -22 11 -38 23 -20 17 7 15 19 -31 3 -47 20 -8 -4 17 -7 16 6 -38 5 29 3 -66 5 18 3 -19 24 -40 2 -51 3 19 -23 69 -4 -15 -20 71 -35 30 -23 63 2 33 1 -26 5 22 -7 19 11 4 -10 58 -4 43 1 12 -9 66 -6 24 -9 61 -17 68 -15 77 9 -89 14 -99 2 -95 16 -95 
118 5 2 0 0.974359 19 -20 49 -20 50 -11 55 -18 58 -15 56 -17 53 -18 56 -20 54 -6 57 -22 58 -22 56 -12 60 -12 56 -14 61 -20 59 -22 60 -5 -92 -17 -92 -16 -89 3 0.296296 2 -37 25 -36 29 
119 5 3 0 0.571429 1 4 -77 3 0.8 2 -39 13 -36 20 4 0.571429 1 -21 -32 
120 5 2 2 0.173913 1 -9 -21 4 0.987013 19 -25 24 -23 -31 -21 -7 -23 7 -13 -25 -19 24 -25 -18 -14 -2 -22 -45 -19 -33 -23 11 -23 0 -15 26 -20 4 -22 16 -21 -13 -22 -30 -24 -10 -25 -13 
