10 118 0
0 0 -1 1 13 19 0 21 18 24 8 32 -9298 
1 1 -1 1 2 1 0 5 25 42 17 32 -69691 
2 1 -1 18 3 18 14 42 17 1 1 32 2301 
3 2 0 0 0 0 0 0 0 0 0 0 0 
4 2 -1 11 2 0 16 45 27 2 5 32 -1017 
5 2 -1 7 10 17 16 44 30 2 6 32 -635 
6 2 -1 21 19 12 3 37 28 7 13 32 -1273 
7 3 0 0 0 0 0 0 0 0 0 0 0 
8 3 0 0 0 0 0 0 0 0 0 0 0 
9 3 1 0 0 0 0 0 0 0 0 0 0 
10 3 -1 19 3 9 0 46 5 1 24 32 -4656 
11 3 -1 19 20 11 20 36 43 8 3 32 -958 
12 3 -1 12 20 0 0 0 45 0 0 16 155 
13 3 -1 2 12 16 0 36 43 6 1 32 -217 
14 3 -1 11 12 18 3 35 44 2 1 32 1738 
15 4 0 0 0 0 0 0 0 0 0 0 0 
16 4 0 0 0 0 0 0 0 0 0 0 0 
17 4 0 0 0 0 0 0 0 0 0 0 0 
18 4 0 0 0 0 0 0 0 0 0 0 0 
19 4 0 0 0 0 0 0 0 0 0 0 0 
20 4 0 0 0 0 0 0 0 0 0 0 0 
21 4 -1 12 0 21 14 35 24 9 20 32 -5078 
22 4 -1 22 19 18 1 41 20 4 13 32 -3033 
23 4 -1 14 1 16 10 45 30 2 8 32 -1557 
24 4 -1 41 23 0 0 36 41 0 0 2 -13 
25 4 -1 25 36 0 0 47 12 0 0 16 29 
26 4 -1 42 8 0 0 5 16 0 0 17 -1 
27 4 -1 0 17 12 22 16 44 21 3 32 6575 
28 4 -1 17 16 22 21 46 46 1 1 32 15485 
29 4 -1 14 20 21 2 40 32 7 8 32 -107 
30 4 -1 4 17 3 8 30 31 7 12 32 -804 
31 5 0 0 0 0 0 0 0 0 0 0 0 
32 5 0 0 0 0 0 0 0 0 0 0 0 
33 5 0 0 0 0 0 0 0 0 0 0 0 
34 5 0 0 0 0 0 0 0 0 0 0 0 
35 5 0 0 0 0 0 0 0 0 0 0 0 
36 5 0 0 0 0 0 0 0 0 0 0 0 
37 5 0 0 0 0 0 0 0 0 0 0 0 
38 5 0 0 0 0 0 0 0 0 0 0 0 
39 5 0 0 0 0 0 0 0 0 0 0 0 
40 5 0 0 0 0 0 0 0 0 0 0 0 
41 5 0 0 0 0 0 0 0 0 0 0 0 
42 5 0 0 0 0 0 0 0 0 0 0 0 
43 5 -1 4 18 0 0 42 35 0 0 1 -10 
44 5 4 0 0 0 0 0 0 0 0 0 0 
45 5 -1 38 3 0 0 33 46 0 0 0 29 
46 5 -1 5 7 0 13 19 35 9 1 32 -370 
47 5 -1 12 10 13 12 45 34 2 8 32 -1676 
48 5 30 0 0 0 0 0 0 0 0 0 0 
49 5 31 0 0 0 0 0 0 0 0 0 0 
50 5 -1 16 3 1 1 42 9 2 38 32 -3071 
51 5 -1 31 12 0 0 20 30 0 0 15 -14 
52 5 -1 9 44 0 0 44 6 0 0 18 29 
53 5 -1 3 33 0 0 24 40 0 0 5 -16 
54 5 -1 20 18 0 0 37 37 0 0 16 72 
55 5 -1 39 44 0 0 4 24 0 0 17 -23 
56 5 -1 18 11 3 8 43 22 4 21 32 -1876 
57 5 -1 4 0 17 8 25 25 1 19 32 1500 
58 5 -1 18 9 1 4 43 22 4 19 32 -2252 
59 5 -1 18 15 0 8 42 33 4 5 32 -537 
60 5 -1 20 17 2 4 25 37 3 1 32 176 
61 5 -1 15 3 0 7 27 42 4 3 32 -427 
62 5 -1 14 2 0 19 14 34 32 9 32 -4875 
63 6 0 0 0 0 0 0 0 0 0 0 0 
64 6 0 0 0 0 0 0 0 0 0 0 0 
65 6 0 0 0 0 0 0 0 0 0 0 0 
66 6 0 0 0 0 0 0 0 0 0 0 0 
67 6 0 0 0 0 0 0 0 0 0 0 0 
68 6 0 0 0 0 0 0 0 0 0 0 0 
69 6 0 0 0 0 0 0 0 0 0 0 0 
70 6 0 0 0 0 0 0 0 0 0 0 0 
71 6 0 0 0 0 0 0 0 0 0 0 0 
72 6 0 0 0 0 0 0 0 0 0 0 0 
73 6 0 0 0 0 0 0 0 0 0 0 0 
74 6 0 0 0 0 0 0 0 0 0 0 0 
75 6 0 0 0 0 0 0 0 0 0 0 0 
76 6 0 0 0 0 0 0 0 0 0 0 0 
77 6 0 0 0 0 0 0 0 0 0 0 0 
78 6 0 0 0 0 0 0 0 0 0 0 0 
79 6 0 0 0 0 0 0 0 0 0 0 0 
80 6 0 0 0 0 0 0 0 0 0 0 0 
81 6 0 0 0 0 0 0 0 0 0 0 0 
82 6 0 0 0 0 0 0 0 0 0 0 0 
83 6 0 0 0 0 0 0 0 0 0 0 0 
84 6 0 0 0 0 0 0 0 0 0 0 0 
85 6 0 0 0 0 0 0 0 0 0 0 0 
86 6 0 0 0 0 0 0 0 0 0 0 0 
87 6 2 0 0 0 0 0 0 0 0 0 0 
88 6 3 0 0 0 0 0 0 0 0 0 0 
89 6 0 0 0 0 0 0 0 0 0 0 0 
90 6 0 0 0 0 0 0 0 0 0 0 0 
91 6 -1 22 22 18 11 40 37 4 5 32 16571 
92 6 -1 47 21 0 0 9 21 0 0 25 20 
93 6 -1 17 14 11 12 31 30 6 4 32 9271 
94 6 -1 24 16 0 0 13 28 0 0 3 6 
95 6 27 0 0 0 0 0 0 0 0 0 0 
96 6 -1 22 14 0 0 42 23 0 0 16 25 
97 6 0 0 0 0 0 0 0 0 0 0 0 
98 6 0 0 0 0 0 0 0 0 0 0 0 
99 6 0 0 0 0 0 0 0 0 0 0 0 
100 6 0 0 0 0 0 0 0 0 0 0 0 
101 6 32 0 0 0 0 0 0 0 0 0 0 
102 6 33 0 0 0 0 0 0 0 0 0 0 
103 6 -1 37 12 0 0 26 34 0 0 10 -32 
104 6 -1 32 27 0 0 0 19 0 0 0 -19 
105 6 -1 47 20 0 0 30 8 0 0 6 17 
106 6 59 0 0 0 0 0 0 0 0 0 0 
107 6 60 0 0 0 0 0 0 0 0 0 0 
108 6 61 0 0 0 0 0 0 0 0 0 0 
109 6 62 0 0 0 0 0 0 0 0 0 0 
110 6 63 0 0 0 0 0 0 0 0 0 0 
111 6 64 0 0 0 0 0 0 0 0 0 0 
112 6 -1 0 18 6 21 37 45 1 1 32 2763 
113 6 72 0 0 0 0 0 0 0 0 0 0 
114 6 -1 1 21 15 20 31 42 1 3 32 11946 
115 6 -1 3 11 0 0 46 24 0 0 15 -91 
116 6 -1 11 4 1 5 29 43 9 4 32 -1070 
117 6 -1 15 9 10 7 34 16 12 19 32 -5520 
118 6 -1 41 31 0 0 10 1 0 0 1 -30 
119 6 -1 2 21 19 21 38 46 6 1 32 11360 
120 6 106 0 0 0 0 0 0 0 0 0 0 
121 6 -1 4 19 11 15 40 34 7 13 32 3213 
122 6 -1 11 11 4 17 44 36 3 8 32 585 
123 6 113 0 0 0 0 0 0 0 0 0 0 
124 6 -1 0 8 4 21 4 29 18 16 32 -4250 
125 6 116 0 0 0 0 0 0 0 0 0 0 
126 6 117 0 0 0 0 0 0 0 0 0 0 
127 7 0 0 0 0 0 0 0 0 0 0 0 
128 7 0 0 0 0 0 0 0 0 0 0 0 
129 7 0 0 0 0 0 0 0 0 0 0 0 
130 7 0 0 0 0 0 0 0 0 0 0 0 
131 7 0 0 0 0 0 0 0 0 0 0 0 
132 7 0 0 0 0 0 0 0 0 0 0 0 
133 7 0 0 0 0 0 0 0 0 0 0 0 
134 7 0 0 0 0 0 0 0 0 0 0 0 
135 7 0 0 0 0 0 0 0 0 0 0 0 
136 7 0 0 0 0 0 0 0 0 0 0 0 
137 7 0 0 0 0 0 0 0 0 0 0 0 
138 7 0 0 0 0 0 0 0 0 0 0 0 
139 7 0 0 0 0 0 0 0 0 0 0 0 
140 7 0 0 0 0 0 0 0 0 0 0 0 
141 7 0 0 0 0 0 0 0 0 0 0 0 
142 7 0 0 0 0 0 0 0 0 0 0 0 
143 7 0 0 0 0 0 0 0 0 0 0 0 
144 7 0 0 0 0 0 0 0 0 0 0 0 
145 7 0 0 0 0 0 0 0 0 0 0 0 
146 7 0 0 0 0 0 0 0 0 0 0 0 
147 7 0 0 0 0 0 0 0 0 0 0 0 
148 7 0 0 0 0 0 0 0 0 0 0 0 
149 7 0 0 0 0 0 0 0 0 0 0 0 
150 7 0 0 0 0 0 0 0 0 0 0 0 
151 7 0 0 0 0 0 0 0 0 0 0 0 
152 7 0 0 0 0 0 0 0 0 0 0 0 
153 7 0 0 0 0 0 0 0 0 0 0 0 
154 7 0 0 0 0 0 0 0 0 0 0 0 
155 7 0 0 0 0 0 0 0 0 0 0 0 
156 7 0 0 0 0 0 0 0 0 0 0 0 
157 7 0 0 0 0 0 0 0 0 0 0 0 
158 7 0 0 0 0 0 0 0 0 0 0 0 
159 7 0 0 0 0 0 0 0 0 0 0 0 
160 7 0 0 0 0 0 0 0 0 0 0 0 
161 7 0 0 0 0 0 0 0 0 0 0 0 
162 7 0 0 0 0 0 0 0 0 0 0 0 
163 7 0 0 0 0 0 0 0 0 0 0 0 
164 7 0 0 0 0 0 0 0 0 0 0 0 
165 7 0 0 0 0 0 0 0 0 0 0 0 
166 7 0 0 0 0 0 0 0 0 0 0 0 
167 7 0 0 0 0 0 0 0 0 0 0 0 
168 7 0 0 0 0 0 0 0 0 0 0 0 
169 7 0 0 0 0 0 0 0 0 0 0 0 
170 7 0 0 0 0 0 0 0 0 0 0 0 
171 7 0 0 0 0 0 0 0 0 0 0 0 
172 7 0 0 0 0 0 0 0 0 0 0 0 
173 7 0 0 0 0 0 0 0 0 0 0 0 
174 7 0 0 0 0 0 0 0 0 0 0 0 
175 7 0 0 0 0 0 0 0 0 0 0 0 
176 7 0 0 0 0 0 0 0 0 0 0 0 
177 7 0 0 0 0 0 0 0 0 0 0 0 
178 7 0 0 0 0 0 0 0 0 0 0 0 
179 7 0 0 0 0 0 0 0 0 0 0 0 
180 7 0 0 0 0 0 0 0 0 0 0 0 
181 7 0 0 0 0 0 0 0 0 0 0 0 
182 7 0 0 0 0 0 0 0 0 0 0 0 
183 7 -1 8 8 3 9 28 30 9 16 32 -15568 
184 7 -1 35 19 0 0 41 4 0 0 12 -63 
185 7 -1 29 44 0 0 40 5 0 0 5 -29 
186 7 21 0 0 0 0 0 0 0 0 0 0 
187 7 -1 0 29 0 0 10 26 0 0 3 19 
188 7 24 0 0 0 0 0 0 0 0 0 0 
189 7 25 0 0 0 0 0 0 0 0 0 0 
190 7 26 0 0 0 0 0 0 0 0 0 0 
191 7 0 0 0 0 0 0 0 0 0 0 0 
192 7 0 0 0 0 0 0 0 0 0 0 0 
193 7 28 0 0 0 0 0 0 0 0 0 0 
194 7 29 0 0 0 0 0 0 0 0 0 0 
195 7 0 0 0 0 0 0 0 0 0 0 0 
196 7 0 0 0 0 0 0 0 0 0 0 0 
197 7 0 0 0 0 0 0 0 0 0 0 0 
198 7 0 0 0 0 0 0 0 0 0 0 0 
199 7 0 0 0 0 0 0 0 0 0 0 0 
200 7 0 0 0 0 0 0 0 0 0 0 0 
201 7 0 0 0 0 0 0 0 0 0 0 0 
202 7 0 0 0 0 0 0 0 0 0 0 0 
203 7 0 0 0 0 0 0 0 0 0 0 0 
204 7 0 0 0 0 0 0 0 0 0 0 0 
205 7 0 0 0 0 0 0 0 0 0 0 0 
206 7 0 0 0 0 0 0 0 0 0 0 0 
207 7 -1 2 23 0 0 38 46 0 0 15 84 
208 7 -1 36 12 0 0 7 46 0 0 16 -34 
209 7 -1 11 8 8 13 26 44 17 3 32 -1 
210 7 -1 18 0 19 4 43 15 2 22 32 -1796 
211 7 -1 19 3 8 8 42 27 5 14 32 -1 
212 7 -1 12 17 9 2 41 36 6 6 32 -1419 
213 7 0 0 0 0 0 0 0 0 0 0 0 
214 7 0 0 0 0 0 0 0 0 0 0 0 
215 7 0 0 0 0 0 0 0 0 0 0 0 
216 7 0 0 0 0 0 0 0 0 0 0 0 
217 7 0 0 0 0 0 0 0 0 0 0 0 
218 7 0 0 0 0 0 0 0 0 0 0 0 
219 7 0 0 0 0 0 0 0 0 0 0 0 
220 7 0 0 0 0 0 0 0 0 0 0 0 
221 7 0 0 0 0 0 0 0 0 0 0 0 
222 7 0 0 0 0 0 0 0 0 0 0 0 
223 7 0 0 0 0 0 0 0 0 0 0 0 
224 7 0 0 0 0 0 0 0 0 0 0 0 
225 7 -1 19 19 0 0 4 36 0 0 18 4 
226 7 71 0 0 0 0 0 0 0 0 0 0 
227 7 0 0 0 0 0 0 0 0 0 0 0 
228 7 0 0 0 0 0 0 0 0 0 0 0 
229 7 -1 8 12 0 0 38 39 0 0 8 -25 
230 7 75 0 0 0 0 0 0 0 0 0 0 
231 7 -1 7 1 0 15 38 31 7 7 32 -1660 
232 7 -1 9 12 8 12 28 26 6 17 32 -2039 
233 7 -1 20 8 15 2 41 39 4 2 32 781 
234 7 -1 7 20 22 9 36 29 1 12 32 5354 
235 7 -1 21 22 21 17 45 41 2 4 32 11834 
236 7 -1 9 7 3 3 24 15 19 8 32 -5221 
237 7 100 0 0 0 0 0 0 0 0 0 0 
238 7 -1 35 40 0 0 22 31 0 0 5 -24 
239 7 -1 4 38 0 0 34 28 0 0 2 17 
240 7 105 0 0 0 0 0 0 0 0 0 0 
241 7 0 0 0 0 0 0 0 0 0 0 0 
242 7 0 0 0 0 0 0 0 0 0 0 0 
243 7 -1 4 21 17 10 22 31 3 7 32 139 
244 7 -1 4 19 12 1 43 24 4 13 32 -38 
245 7 111 0 0 0 0 0 0 0 0 0 0 
246 7 112 0 0 0 0 0 0 0 0 0 0 
247 7 0 0 0 0 0 0 0 0 0 0 0 
248 7 0 0 0 0 0 0 0 0 0 0 0 
249 7 114 0 0 0 0 0 0 0 0 0 0 
250 7 115 0 0 0 0 0 0 0 0 0 0 
251 7 0 0 0 0 0 0 0 0 0 0 0 
252 7 0 0 0 0 0 0 0 0 0 0 0 
253 7 0 0 0 0 0 0 0 0 0 0 0 
254 7 0 0 0 0 0 0 0 0 0 0 0 
255 8 0 0 0 0 0 0 0 0 0 0 0 
256 8 0 0 0 0 0 0 0 0 0 0 0 
257 8 0 0 0 0 0 0 0 0 0 0 0 
258 8 0 0 0 0 0 0 0 0 0 0 0 
259 8 0 0 0 0 0 0 0 0 0 0 0 
260 8 0 0 0 0 0 0 0 0 0 0 0 
261 8 0 0 0 0 0 0 0 0 0 0 0 
262 8 0 0 0 0 0 0 0 0 0 0 0 
263 8 0 0 0 0 0 0 0 0 0 0 0 
264 8 0 0 0 0 0 0 0 0 0 0 0 
265 8 0 0 0 0 0 0 0 0 0 0 0 
266 8 0 0 0 0 0 0 0 0 0 0 0 
267 8 0 0 0 0 0 0 0 0 0 0 0 
268 8 0 0 0 0 0 0 0 0 0 0 0 
269 8 0 0 0 0 0 0 0 0 0 0 0 
270 8 0 0 0 0 0 0 0 0 0 0 0 
271 8 0 0 0 0 0 0 0 0 0 0 0 
272 8 0 0 0 0 0 0 0 0 0 0 0 
273 8 0 0 0 0 0 0 0 0 0 0 0 
274 8 0 0 0 0 0 0 0 0 0 0 0 
275 8 0 0 0 0 0 0 0 0 0 0 0 
276 8 0 0 0 0 0 0 0 0 0 0 0 
277 8 0 0 0 0 0 0 0 0 0 0 0 
278 8 0 0 0 0 0 0 0 0 0 0 0 
279 8 0 0 0 0 0 0 0 0 0 0 0 
280 8 0 0 0 0 0 0 0 0 0 0 0 
281 8 0 0 0 0 0 0 0 0 0 0 0 
282 8 0 0 0 0 0 0 0 0 0 0 0 
283 8 0 0 0 0 0 0 0 0 0 0 0 
284 8 0 0 0 0 0 0 0 0 0 0 0 
285 8 0 0 0 0 0 0 0 0 0 0 0 
286 8 0 0 0 0 0 0 0 0 0 0 0 
287 8 0 0 0 0 0 0 0 0 0 0 0 
288 8 0 0 0 0 0 0 0 0 0 0 0 
289 8 0 0 0 0 0 0 0 0 0 0 0 
290 8 0 0 0 0 0 0 0 0 0 0 0 
291 8 0 0 0 0 0 0 0 0 0 0 0 
292 8 0 0 0 0 0 0 0 0 0 0 0 
293 8 0 0 0 0 0 0 0 0 0 0 0 
294 8 0 0 0 0 0 0 0 0 0 0 0 
295 8 0 0 0 0 0 0 0 0 0 0 0 
296 8 0 0 0 0 0 0 0 0 0 0 0 
297 8 0 0 0 0 0 0 0 0 0 0 0 
298 8 0 0 0 0 0 0 0 0 0 0 0 
299 8 0 0 0 0 0 0 0 0 0 0 0 
300 8 0 0 0 0 0 0 0 0 0 0 0 
301 8 0 0 0 0 0 0 0 0 0 0 0 
302 8 0 0 0 0 0 0 0 0 0 0 0 
303 8 0 0 0 0 0 0 0 0 0 0 0 
304 8 0 0 0 0 0 0 0 0 0 0 0 
305 8 0 0 0 0 0 0 0 0 0 0 0 
306 8 0 0 0 0 0 0 0 0 0 0 0 
307 8 0 0 0 0 0 0 0 0 0 0 0 
308 8 0 0 0 0 0 0 0 0 0 0 0 
309 8 0 0 0 0 0 0 0 0 0 0 0 
310 8 0 0 0 0 0 0 0 0 0 0 0 
311 8 0 0 0 0 0 0 0 0 0 0 0 
312 8 0 0 0 0 0 0 0 0 0 0 0 
313 8 0 0 0 0 0 0 0 0 0 0 0 
314 8 0 0 0 0 0 0 0 0 0 0 0 
315 8 0 0 0 0 0 0 0 0 0 0 0 
316 8 0 0 0 0 0 0 0 0 0 0 0 
317 8 0 0 0 0 0 0 0 0 0 0 0 
318 8 0 0 0 0 0 0 0 0 0 0 0 
319 8 0 0 0 0 0 0 0 0 0 0 0 
320 8 0 0 0 0 0 0 0 0 0 0 0 
321 8 0 0 0 0 0 0 0 0 0 0 0 
322 8 0 0 0 0 0 0 0 0 0 0 0 
323 8 0 0 0 0 0 0 0 0 0 0 0 
324 8 0 0 0 0 0 0 0 0 0 0 0 
325 8 0 0 0 0 0 0 0 0 0 0 0 
326 8 0 0 0 0 0 0 0 0 0 0 0 
327 8 0 0 0 0 0 0 0 0 0 0 0 
328 8 0 0 0 0 0 0 0 0 0 0 0 
329 8 0 0 0 0 0 0 0 0 0 0 0 
330 8 0 0 0 0 0 0 0 0 0 0 0 
331 8 0 0 0 0 0 0 0 0 0 0 0 
332 8 0 0 0 0 0 0 0 0 0 0 0 
333 8 0 0 0 0 0 0 0 0 0 0 0 
334 8 0 0 0 0 0 0 0 0 0 0 0 
335 8 0 0 0 0 0 0 0 0 0 0 0 
336 8 0 0 0 0 0 0 0 0 0 0 0 
337 8 0 0 0 0 0 0 0 0 0 0 0 
338 8 0 0 0 0 0 0 0 0 0 0 0 
339 8 0 0 0 0 0 0 0 0 0 0 0 
340 8 0 0 0 0 0 0 0 0 0 0 0 
341 8 0 0 0 0 0 0 0 0 0 0 0 
342 8 0 0 0 0 0 0 0 0 0 0 0 
343 8 0 0 0 0 0 0 0 0 0 0 0 
344 8 0 0 0 0 0 0 0 0 0 0 0 
345 8 0 0 0 0 0 0 0 0 0 0 0 
346 8 0 0 0 0 0 0 0 0 0 0 0 
347 8 0 0 0 0 0 0 0 0 0 0 0 
348 8 0 0 0 0 0 0 0 0 0 0 0 
349 8 0 0 0 0 0 0 0 0 0 0 0 
350 8 0 0 0 0 0 0 0 0 0 0 0 
351 8 0 0 0 0 0 0 0 0 0 0 0 
352 8 0 0 0 0 0 0 0 0 0 0 0 
353 8 0 0 0 0 0 0 0 0 0 0 0 
354 8 0 0 0 0 0 0 0 0 0 0 0 
355 8 0 0 0 0 0 0 0 0 0 0 0 
356 8 0 0 0 0 0 0 0 0 0 0 0 
357 8 0 0 0 0 0 0 0 0 0 0 0 
358 8 0 0 0 0 0 0 0 0 0 0 0 
359 8 0 0 0 0 0 0 0 0 0 0 0 
360 8 0 0 0 0 0 0 0 0 0 0 0 
361 8 0 0 0 0 0 0 0 0 0 0 0 
362 8 0 0 0 0 0 0 0 0 0 0 0 
363 8 0 0 0 0 0 0 0 0 0 0 0 
364 8 0 0 0 0 0 0 0 0 0 0 0 
365 8 0 0 0 0 0 0 0 0 0 0 0 
366 8 0 0 0 0 0 0 0 0 0 0 0 
367 8 5 0 0 0 0 0 0 0 0 0 0 
368 8 -1 1 45 0 0 41 19 0 0 0 62 
369 8 10 0 0 0 0 0 0 0 0 0 0 
370 8 -1 35 34 0 0 4 36 0 0 1 8 
371 8 -1 6 16 3 0 13 38 29 5 32 -12704 
372 8 -1 3 21 0 0 24 12 0 0 3 -37 
373 8 0 0 0 0 0 0 0 0 0 0 0 
374 8 0 0 0 0 0 0 0 0 0 0 0 
375 8 22 0 0 0 0 0 0 0 0 0 0 
376 8 23 0 0 0 0 0 0 0 0 0 0 
377 8 0 0 0 0 0 0 0 0 0 0 0 
378 8 0 0 0 0 0 0 0 0 0 0 0 
379 8 0 0 0 0 0 0 0 0 0 0 0 
380 8 0 0 0 0 0 0 0 0 0 0 0 
381 8 0 0 0 0 0 0 0 0 0 0 0 
382 8 0 0 0 0 0 0 0 0 0 0 0 
383 8 0 0 0 0 0 0 0 0 0 0 0 
384 8 0 0 0 0 0 0 0 0 0 0 0 
385 8 0 0 0 0 0 0 0 0 0 0 0 
386 8 0 0 0 0 0 0 0 0 0 0 0 
387 8 0 0 0 0 0 0 0 0 0 0 0 
388 8 0 0 0 0 0 0 0 0 0 0 0 
389 8 0 0 0 0 0 0 0 0 0 0 0 
390 8 0 0 0 0 0 0 0 0 0 0 0 
391 8 0 0 0 0 0 0 0 0 0 0 0 
392 8 0 0 0 0 0 0 0 0 0 0 0 
393 8 0 0 0 0 0 0 0 0 0 0 0 
394 8 0 0 0 0 0 0 0 0 0 0 0 
395 8 0 0 0 0 0 0 0 0 0 0 0 
396 8 0 0 0 0 0 0 0 0 0 0 0 
397 8 0 0 0 0 0 0 0 0 0 0 0 
398 8 0 0 0 0 0 0 0 0 0 0 0 
399 8 0 0 0 0 0 0 0 0 0 0 0 
400 8 0 0 0 0 0 0 0 0 0 0 0 
401 8 0 0 0 0 0 0 0 0 0 0 0 
402 8 0 0 0 0 0 0 0 0 0 0 0 
403 8 0 0 0 0 0 0 0 0 0 0 0 
404 8 0 0 0 0 0 0 0 0 0 0 0 
405 8 0 0 0 0 0 0 0 0 0 0 0 
406 8 0 0 0 0 0 0 0 0 0 0 0 
407 8 0 0 0 0 0 0 0 0 0 0 0 
408 8 0 0 0 0 0 0 0 0 0 0 0 
409 8 0 0 0 0 0 0 0 0 0 0 0 
410 8 0 0 0 0 0 0 0 0 0 0 0 
411 8 0 0 0 0 0 0 0 0 0 0 0 
412 8 0 0 0 0 0 0 0 0 0 0 0 
413 8 0 0 0 0 0 0 0 0 0 0 0 
414 8 0 0 0 0 0 0 0 0 0 0 0 
415 8 -1 42 21 0 0 28 47 0 0 17 1 
416 8 36 0 0 0 0 0 0 0 0 0 0 
417 8 37 0 0 0 0 0 0 0 0 0 0 
418 8 -1 12 21 8 9 34 30 9 10 32 -673 
419 8 -1 37 24 0 0 38 20 0 0 14 4 
420 8 -1 17 18 0 0 41 22 0 0 18 24 
421 8 46 0 0 0 0 0 0 0 0 0 0 
422 8 -1 12 47 0 0 47 40 0 0 16 24 
423 8 -1 11 7 16 5 39 25 6 6 32 -1348 
424 8 -1 38 11 0 0 25 2 0 0 1 5 
425 8 57 0 0 0 0 0 0 0 0 0 0 
426 8 58 0 0 0 0 0 0 0 0 0 0 
427 8 0 0 0 0 0 0 0 0 0 0 0 
428 8 0 0 0 0 0 0 0 0 0 0 0 
429 8 0 0 0 0 0 0 0 0 0 0 0 
430 8 0 0 0 0 0 0 0 0 0 0 0 
431 8 0 0 0 0 0 0 0 0 0 0 0 
432 8 0 0 0 0 0 0 0 0 0 0 0 
433 8 0 0 0 0 0 0 0 0 0 0 0 
434 8 0 0 0 0 0 0 0 0 0 0 0 
435 8 0 0 0 0 0 0 0 0 0 0 0 
436 8 0 0 0 0 0 0 0 0 0 0 0 
437 8 0 0 0 0 0 0 0 0 0 0 0 
438 8 0 0 0 0 0 0 0 0 0 0 0 
439 8 0 0 0 0 0 0 0 0 0 0 0 
440 8 0 0 0 0 0 0 0 0 0 0 0 
441 8 0 0 0 0 0 0 0 0 0 0 0 
442 8 0 0 0 0 0 0 0 0 0 0 0 
443 8 0 0 0 0 0 0 0 0 0 0 0 
444 8 0 0 0 0 0 0 0 0 0 0 0 
445 8 0 0 0 0 0 0 0 0 0 0 0 
446 8 0 0 0 0 0 0 0 0 0 0 0 
447 8 0 0 0 0 0 0 0 0 0 0 0 
448 8 0 0 0 0 0 0 0 0 0 0 0 
449 8 0 0 0 0 0 0 0 0 0 0 0 
450 8 0 0 0 0 0 0 0 0 0 0 0 
451 8 -1 18 13 16 21 35 43 8 1 32 9510 
452 8 -1 24 18 0 0 1 46 0 0 17 2 
453 8 0 0 0 0 0 0 0 0 0 0 0 
454 8 0 0 0 0 0 0 0 0 0 0 0 
455 8 0 0 0 0 0 0 0 0 0 0 0 
456 8 0 0 0 0 0 0 0 0 0 0 0 
457 8 0 0 0 0 0 0 0 0 0 0 0 
458 8 0 0 0 0 0 0 0 0 0 0 0 
459 8 73 0 0 0 0 0 0 0 0 0 0 
460 8 74 0 0 0 0 0 0 0 0 0 0 
461 8 0 0 0 0 0 0 0 0 0 0 0 
462 8 0 0 0 0 0 0 0 0 0 0 0 
463 8 76 0 0 0 0 0 0 0 0 0 0 
464 8 77 0 0 0 0 0 0 0 0 0 0 
465 8 -1 4 31 0 0 13 41 0 0 1 4 
466 8 -1 22 28 0 0 13 39 0 0 10 -42 
467 8 82 0 0 0 0 0 0 0 0 0 0 
468 8 83 0 0 0 0 0 0 0 0 0 0 
469 8 84 0 0 0 0 0 0 0 0 0 0 
470 8 -1 12 26 0 0 31 4 0 0 10 -139 
471 8 -1 44 15 0 0 2 45 0 0 1 1 
472 8 -1 21 9 6 1 46 19 1 4 32 -57 
473 8 -1 16 8 12 1 42 18 5 23 32 -4243 
474 8 -1 2 8 20 18 40 35 6 4 32 11990 
475 8 0 0 0 0 0 0 0 0 0 0 0 
476 8 0 0 0 0 0 0 0 0 0 0 0 
477 8 101 0 0 0 0 0 0 0 0 0 0 
478 8 102 0 0 0 0 0 0 0 0 0 0 
479 8 103 0 0 0 0 0 0 0 0 0 0 
480 8 104 0 0 0 0 0 0 0 0 0 0 
481 8 0 0 0 0 0 0 0 0 0 0 0 
482 8 0 0 0 0 0 0 0 0 0 0 0 
483 8 0 0 0 0 0 0 0 0 0 0 0 
484 8 0 0 0 0 0 0 0 0 0 0 0 
485 8 0 0 0 0 0 0 0 0 0 0 0 
486 8 0 0 0 0 0 0 0 0 0 0 0 
487 8 107 0 0 0 0 0 0 0 0 0 0 
488 8 108 0 0 0 0 0 0 0 0 0 0 
489 8 109 0 0 0 0 0 0 0 0 0 0 
490 8 110 0 0 0 0 0 0 0 0 0 0 
491 8 0 0 0 0 0 0 0 0 0 0 0 
492 8 0 0 0 0 0 0 0 0 0 0 0 
493 8 0 0 0 0 0 0 0 0 0 0 0 
494 8 0 0 0 0 0 0 0 0 0 0 0 
495 8 0 0 0 0 0 0 0 0 0 0 0 
496 8 0 0 0 0 0 0 0 0 0 0 0 
497 8 0 0 0 0 0 0 0 0 0 0 0 
498 8 0 0 0 0 0 0 0 0 0 0 0 
499 8 0 0 0 0 0 0 0 0 0 0 0 
500 8 0 0 0 0 0 0 0 0 0 0 0 
501 8 0 0 0 0 0 0 0 0 0 0 0 
502 8 0 0 0 0 0 0 0 0 0 0 0 
503 8 0 0 0 0 0 0 0 0 0 0 0 
504 8 0 0 0 0 0 0 0 0 0 0 0 
505 8 0 0 0 0 0 0 0 0 0 0 0 
506 8 0 0 0 0 0 0 0 0 0 0 0 
507 8 0 0 0 0 0 0 0 0 0 0 0 
508 8 0 0 0 0 0 0 0 0 0 0 0 
509 8 0 0 0 0 0 0 0 0 0 0 0 
510 8 0 0 0 0 0 0 0 0 0 0 0 
511 9 0 0 0 0 0 0 0 0 0 0 0 
512 9 0 0 0 0 0 0 0 0 0 0 0 
513 9 0 0 0 0 0 0 0 0 0 0 0 
514 9 0 0 0 0 0 0 0 0 0 0 0 
515 9 0 0 0 0 0 0 0 0 0 0 0 
516 9 0 0 0 0 0 0 0 0 0 0 0 
517 9 0 0 0 0 0 0 0 0 0 0 0 
518 9 0 0 0 0 0 0 0 0 0 0 0 
519 9 0 0 0 0 0 0 0 0 0 0 0 
520 9 0 0 0 0 0 0 0 0 0 0 0 
521 9 0 0 0 0 0 0 0 0 0 0 0 
522 9 0 0 0 0 0 0 0 0 0 0 0 
523 9 0 0 0 0 0 0 0 0 0 0 0 
524 9 0 0 0 0 0 0 0 0 0 0 0 
525 9 0 0 0 0 0 0 0 0 0 0 0 
526 9 0 0 0 0 0 0 0 0 0 0 0 
527 9 0 0 0 0 0 0 0 0 0 0 0 
528 9 0 0 0 0 0 0 0 0 0 0 0 
529 9 0 0 0 0 0 0 0 0 0 0 0 
530 9 0 0 0 0 0 0 0 0 0 0 0 
531 9 0 0 0 0 0 0 0 0 0 0 0 
532 9 0 0 0 0 0 0 0 0 0 0 0 
533 9 0 0 0 0 0 0 0 0 0 0 0 
534 9 0 0 0 0 0 0 0 0 0 0 0 
535 9 0 0 0 0 0 0 0 0 0 0 0 
536 9 0 0 0 0 0 0 0 0 0 0 0 
537 9 0 0 0 0 0 0 0 0 0 0 0 
538 9 0 0 0 0 0 0 0 0 0 0 0 
539 9 0 0 0 0 0 0 0 0 0 0 0 
540 9 0 0 0 0 0 0 0 0 0 0 0 
541 9 0 0 0 0 0 0 0 0 0 0 0 
542 9 0 0 0 0 0 0 0 0 0 0 0 
543 9 0 0 0 0 0 0 0 0 0 0 0 
544 9 0 0 0 0 0 0 0 0 0 0 0 
545 9 0 0 0 0 0 0 0 0 0 0 0 
546 9 0 0 0 0 0 0 0 0 0 0 0 
547 9 0 0 0 0 0 0 0 0 0 0 0 
548 9 0 0 0 0 0 0 0 0 0 0 0 
549 9 0 0 0 0 0 0 0 0 0 0 0 
550 9 0 0 0 0 0 0 0 0 0 0 0 
551 9 0 0 0 0 0 0 0 0 0 0 0 
552 9 0 0 0 0 0 0 0 0 0 0 0 
553 9 0 0 0 0 0 0 0 0 0 0 0 
554 9 0 0 0 0 0 0 0 0 0 0 0 
555 9 0 0 0 0 0 0 0 0 0 0 0 
556 9 0 0 0 0 0 0 0 0 0 0 0 
557 9 0 0 0 0 0 0 0 0 0 0 0 
558 9 0 0 0 0 0 0 0 0 0 0 0 
559 9 0 0 0 0 0 0 0 0 0 0 0 
560 9 0 0 0 0 0 0 0 0 0 0 0 
561 9 0 0 0 0 0 0 0 0 0 0 0 
562 9 0 0 0 0 0 0 0 0 0 0 0 
563 9 0 0 0 0 0 0 0 0 0 0 0 
564 9 0 0 0 0 0 0 0 0 0 0 0 
565 9 0 0 0 0 0 0 0 0 0 0 0 
566 9 0 0 0 0 0 0 0 0 0 0 0 
567 9 0 0 0 0 0 0 0 0 0 0 0 
568 9 0 0 0 0 0 0 0 0 0 0 0 
569 9 0 0 0 0 0 0 0 0 0 0 0 
570 9 0 0 0 0 0 0 0 0 0 0 0 
571 9 0 0 0 0 0 0 0 0 0 0 0 
572 9 0 0 0 0 0 0 0 0 0 0 0 
573 9 0 0 0 0 0 0 0 0 0 0 0 
574 9 0 0 0 0 0 0 0 0 0 0 0 
575 9 0 0 0 0 0 0 0 0 0 0 0 
576 9 0 0 0 0 0 0 0 0 0 0 0 
577 9 0 0 0 0 0 0 0 0 0 0 0 
578 9 0 0 0 0 0 0 0 0 0 0 0 
579 9 0 0 0 0 0 0 0 0 0 0 0 
580 9 0 0 0 0 0 0 0 0 0 0 0 
581 9 0 0 0 0 0 0 0 0 0 0 0 
582 9 0 0 0 0 0 0 0 0 0 0 0 
583 9 0 0 0 0 0 0 0 0 0 0 0 
584 9 0 0 0 0 0 0 0 0 0 0 0 
585 9 0 0 0 0 0 0 0 0 0 0 0 
586 9 0 0 0 0 0 0 0 0 0 0 0 
587 9 0 0 0 0 0 0 0 0 0 0 0 
588 9 0 0 0 0 0 0 0 0 0 0 0 
589 9 0 0 0 0 0 0 0 0 0 0 0 
590 9 0 0 0 0 0 0 0 0 0 0 0 
591 9 0 0 0 0 0 0 0 0 0 0 0 
592 9 0 0 0 0 0 0 0 0 0 0 0 
593 9 0 0 0 0 0 0 0 0 0 0 0 
594 9 0 0 0 0 0 0 0 0 0 0 0 
595 9 0 0 0 0 0 0 0 0 0 0 0 
596 9 0 0 0 0 0 0 0 0 0 0 0 
597 9 0 0 0 0 0 0 0 0 0 0 0 
598 9 0 0 0 0 0 0 0 0 0 0 0 
599 9 0 0 0 0 0 0 0 0 0 0 0 
600 9 0 0 0 0 0 0 0 0 0 0 0 
601 9 0 0 0 0 0 0 0 0 0 0 0 
602 9 0 0 0 0 0 0 0 0 0 0 0 
603 9 0 0 0 0 0 0 0 0 0 0 0 
604 9 0 0 0 0 0 0 0 0 0 0 0 
605 9 0 0 0 0 0 0 0 0 0 0 0 
606 9 0 0 0 0 0 0 0 0 0 0 0 
607 9 0 0 0 0 0 0 0 0 0 0 0 
608 9 0 0 0 0 0 0 0 0 0 0 0 
609 9 0 0 0 0 0 0 0 0 0 0 0 
610 9 0 0 0 0 0 0 0 0 0 0 0 
611 9 0 0 0 0 0 0 0 0 0 0 0 
612 9 0 0 0 0 0 0 0 0 0 0 0 
613 9 0 0 0 0 0 0 0 0 0 0 0 
614 9 0 0 0 0 0 0 0 0 0 0 0 
615 9 0 0 0 0 0 0 0 0 0 0 0 
616 9 0 0 0 0 0 0 0 0 0 0 0 
617 9 0 0 0 0 0 0 0 0 0 0 0 
618 9 0 0 0 0 0 0 0 0 0 0 0 
619 9 0 0 0 0 0 0 0 0 0 0 0 
620 9 0 0 0 0 0 0 0 0 0 0 0 
621 9 0 0 0 0 0 0 0 0 0 0 0 
622 9 0 0 0 0 0 0 0 0 0 0 0 
623 9 0 0 0 0 0 0 0 0 0 0 0 
624 9 0 0 0 0 0 0 0 0 0 0 0 
625 9 0 0 0 0 0 0 0 0 0 0 0 
626 9 0 0 0 0 0 0 0 0 0 0 0 
627 9 0 0 0 0 0 0 0 0 0 0 0 
628 9 0 0 0 0 0 0 0 0 0 0 0 
629 9 0 0 0 0 0 0 0 0 0 0 0 
630 9 0 0 0 0 0 0 0 0 0 0 0 
631 9 0 0 0 0 0 0 0 0 0 0 0 
632 9 0 0 0 0 0 0 0 0 0 0 0 
633 9 0 0 0 0 0 0 0 0 0 0 0 
634 9 0 0 0 0 0 0 0 0 0 0 0 
635 9 0 0 0 0 0 0 0 0 0 0 0 
636 9 0 0 0 0 0 0 0 0 0 0 0 
637 9 0 0 0 0 0 0 0 0 0 0 0 
638 9 0 0 0 0 0 0 0 0 0 0 0 
639 9 0 0 0 0 0 0 0 0 0 0 0 
640 9 0 0 0 0 0 0 0 0 0 0 0 
641 9 0 0 0 0 0 0 0 0 0 0 0 
642 9 0 0 0 0 0 0 0 0 0 0 0 
643 9 0 0 0 0 0 0 0 0 0 0 0 
644 9 0 0 0 0 0 0 0 0 0 0 0 
645 9 0 0 0 0 0 0 0 0 0 0 0 
646 9 0 0 0 0 0 0 0 0 0 0 0 
647 9 0 0 0 0 0 0 0 0 0 0 0 
648 9 0 0 0 0 0 0 0 0 0 0 0 
649 9 0 0 0 0 0 0 0 0 0 0 0 
650 9 0 0 0 0 0 0 0 0 0 0 0 
651 9 0 0 0 0 0 0 0 0 0 0 0 
652 9 0 0 0 0 0 0 0 0 0 0 0 
653 9 0 0 0 0 0 0 0 0 0 0 0 
654 9 0 0 0 0 0 0 0 0 0 0 0 
655 9 0 0 0 0 0 0 0 0 0 0 0 
656 9 0 0 0 0 0 0 0 0 0 0 0 
657 9 0 0 0 0 0 0 0 0 0 0 0 
658 9 0 0 0 0 0 0 0 0 0 0 0 
659 9 0 0 0 0 0 0 0 0 0 0 0 
660 9 0 0 0 0 0 0 0 0 0 0 0 
661 9 0 0 0 0 0 0 0 0 0 0 0 
662 9 0 0 0 0 0 0 0 0 0 0 0 
663 9 0 0 0 0 0 0 0 0 0 0 0 
664 9 0 0 0 0 0 0 0 0 0 0 0 
665 9 0 0 0 0 0 0 0 0 0 0 0 
666 9 0 0 0 0 0 0 0 0 0 0 0 
667 9 0 0 0 0 0 0 0 0 0 0 0 
668 9 0 0 0 0 0 0 0 0 0 0 0 
669 9 0 0 0 0 0 0 0 0 0 0 0 
670 9 0 0 0 0 0 0 0 0 0 0 0 
671 9 0 0 0 0 0 0 0 0 0 0 0 
672 9 0 0 0 0 0 0 0 0 0 0 0 
673 9 0 0 0 0 0 0 0 0 0 0 0 
674 9 0 0 0 0 0 0 0 0 0 0 0 
675 9 0 0 0 0 0 0 0 0 0 0 0 
676 9 0 0 0 0 0 0 0 0 0 0 0 
677 9 0 0 0 0 0 0 0 0 0 0 0 
678 9 0 0 0 0 0 0 0 0 0 0 0 
679 9 0 0 0 0 0 0 0 0 0 0 0 
680 9 0 0 0 0 0 0 0 0 0 0 0 
681 9 0 0 0 0 0 0 0 0 0 0 0 
682 9 0 0 0 0 0 0 0 0 0 0 0 
683 9 0 0 0 0 0 0 0 0 0 0 0 
684 9 0 0 0 0 0 0 0 0 0 0 0 
685 9 0 0 0 0 0 0 0 0 0 0 0 
686 9 0 0 0 0 0 0 0 0 0 0 0 
687 9 0 0 0 0 0 0 0 0 0 0 0 
688 9 0 0 0 0 0 0 0 0 0 0 0 
689 9 0 0 0 0 0 0 0 0 0 0 0 
690 9 0 0 0 0 0 0 0 0 0 0 0 
691 9 0 0 0 0 0 0 0 0 0 0 0 
692 9 0 0 0 0 0 0 0 0 0 0 0 
693 9 0 0 0 0 0 0 0 0 0 0 0 
694 9 0 0 0 0 0 0 0 0 0 0 0 
695 9 0 0 0 0 0 0 0 0 0 0 0 
696 9 0 0 0 0 0 0 0 0 0 0 0 
697 9 0 0 0 0 0 0 0 0 0 0 0 
698 9 0 0 0 0 0 0 0 0 0 0 0 
699 9 0 0 0 0 0 0 0 0 0 0 0 
700 9 0 0 0 0 0 0 0 0 0 0 0 
701 9 0 0 0 0 0 0 0 0 0 0 0 
702 9 0 0 0 0 0 0 0 0 0 0 0 
703 9 0 0 0 0 0 0 0 0 0 0 0 
704 9 0 0 0 0 0 0 0 0 0 0 0 
705 9 0 0 0 0 0 0 0 0 0 0 0 
706 9 0 0 0 0 0 0 0 0 0 0 0 
707 9 0 0 0 0 0 0 0 0 0 0 0 
708 9 0 0 0 0 0 0 0 0 0 0 0 
709 9 0 0 0 0 0 0 0 0 0 0 0 
710 9 0 0 0 0 0 0 0 0 0 0 0 
711 9 0 0 0 0 0 0 0 0 0 0 0 
712 9 0 0 0 0 0 0 0 0 0 0 0 
713 9 0 0 0 0 0 0 0 0 0 0 0 
714 9 0 0 0 0 0 0 0 0 0 0 0 
715 9 0 0 0 0 0 0 0 0 0 0 0 
716 9 0 0 0 0 0 0 0 0 0 0 0 
717 9 0 0 0 0 0 0 0 0 0 0 0 
718 9 0 0 0 0 0 0 0 0 0 0 0 
719 9 0 0 0 0 0 0 0 0 0 0 0 
720 9 0 0 0 0 0 0 0 0 0 0 0 
721 9 0 0 0 0 0 0 0 0 0 0 0 
722 9 0 0 0 0 0 0 0 0 0 0 0 
723 9 0 0 0 0 0 0 0 0 0 0 0 
724 9 0 0 0 0 0 0 0 0 0 0 0 
725 9 0 0 0 0 0 0 0 0 0 0 0 
726 9 0 0 0 0 0 0 0 0 0 0 0 
727 9 0 0 0 0 0 0 0 0 0 0 0 
728 9 0 0 0 0 0 0 0 0 0 0 0 
729 9 0 0 0 0 0 0 0 0 0 0 0 
730 9 0 0 0 0 0 0 0 0 0 0 0 
731 9 0 0 0 0 0 0 0 0 0 0 0 
732 9 0 0 0 0 0 0 0 0 0 0 0 
733 9 0 0 0 0 0 0 0 0 0 0 0 
734 9 0 0 0 0 0 0 0 0 0 0 0 
735 9 0 0 0 0 0 0 0 0 0 0 0 
736 9 0 0 0 0 0 0 0 0 0 0 0 
737 9 -1 30 28 0 0 46 13 0 0 11 -31 
738 9 -1 22 13 0 6 38 21 1 9 32 -1757 
739 9 0 0 0 0 0 0 0 0 0 0 0 
740 9 0 0 0 0 0 0 0 0 0 0 0 
741 9 11 0 0 0 0 0 0 0 0 0 0 
742 9 -1 15 38 0 0 20 17 0 0 12 53 
743 9 -1 25 1 0 0 33 36 0 0 0 15 
744 9 16 0 0 0 0 0 0 0 0 0 0 
745 9 -1 40 28 0 0 37 12 0 0 5 -5 
746 9 -1 40 40 0 0 19 11 0 0 17 -5 
747 9 0 0 0 0 0 0 0 0 0 0 0 
748 9 0 0 0 0 0 0 0 0 0 0 0 
749 9 0 0 0 0 0 0 0 0 0 0 0 
750 9 0 0 0 0 0 0 0 0 0 0 0 
751 9 0 0 0 0 0 0 0 0 0 0 0 
752 9 0 0 0 0 0 0 0 0 0 0 0 
753 9 0 0 0 0 0 0 0 0 0 0 0 
754 9 0 0 0 0 0 0 0 0 0 0 0 
755 9 0 0 0 0 0 0 0 0 0 0 0 
756 9 0 0 0 0 0 0 0 0 0 0 0 
757 9 0 0 0 0 0 0 0 0 0 0 0 
758 9 0 0 0 0 0 0 0 0 0 0 0 
759 9 0 0 0 0 0 0 0 0 0 0 0 
760 9 0 0 0 0 0 0 0 0 0 0 0 
761 9 0 0 0 0 0 0 0 0 0 0 0 
762 9 0 0 0 0 0 0 0 0 0 0 0 
763 9 0 0 0 0 0 0 0 0 0 0 0 
764 9 0 0 0 0 0 0 0 0 0 0 0 
765 9 0 0 0 0 0 0 0 0 0 0 0 
766 9 0 0 0 0 0 0 0 0 0 0 0 
767 9 0 0 0 0 0 0 0 0 0 0 0 
768 9 0 0 0 0 0 0 0 0 0 0 0 
769 9 0 0 0 0 0 0 0 0 0 0 0 
770 9 0 0 0 0 0 0 0 0 0 0 0 
771 9 0 0 0 0 0 0 0 0 0 0 0 
772 9 0 0 0 0 0 0 0 0 0 0 0 
773 9 0 0 0 0 0 0 0 0 0 0 0 
774 9 0 0 0 0 0 0 0 0 0 0 0 
775 9 0 0 0 0 0 0 0 0 0 0 0 
776 9 0 0 0 0 0 0 0 0 0 0 0 
777 9 0 0 0 0 0 0 0 0 0 0 0 
778 9 0 0 0 0 0 0 0 0 0 0 0 
779 9 0 0 0 0 0 0 0 0 0 0 0 
780 9 0 0 0 0 0 0 0 0 0 0 0 
781 9 0 0 0 0 0 0 0 0 0 0 0 
782 9 0 0 0 0 0 0 0 0 0 0 0 
783 9 0 0 0 0 0 0 0 0 0 0 0 
784 9 0 0 0 0 0 0 0 0 0 0 0 
785 9 0 0 0 0 0 0 0 0 0 0 0 
786 9 0 0 0 0 0 0 0 0 0 0 0 
787 9 0 0 0 0 0 0 0 0 0 0 0 
788 9 0 0 0 0 0 0 0 0 0 0 0 
789 9 0 0 0 0 0 0 0 0 0 0 0 
790 9 0 0 0 0 0 0 0 0 0 0 0 
791 9 0 0 0 0 0 0 0 0 0 0 0 
792 9 0 0 0 0 0 0 0 0 0 0 0 
793 9 0 0 0 0 0 0 0 0 0 0 0 
794 9 0 0 0 0 0 0 0 0 0 0 0 
795 9 0 0 0 0 0 0 0 0 0 0 0 
796 9 0 0 0 0 0 0 0 0 0 0 0 
797 9 0 0 0 0 0 0 0 0 0 0 0 
798 9 0 0 0 0 0 0 0 0 0 0 0 
799 9 0 0 0 0 0 0 0 0 0 0 0 
800 9 0 0 0 0 0 0 0 0 0 0 0 
801 9 0 0 0 0 0 0 0 0 0 0 0 
802 9 0 0 0 0 0 0 0 0 0 0 0 
803 9 0 0 0 0 0 0 0 0 0 0 0 
804 9 0 0 0 0 0 0 0 0 0 0 0 
805 9 0 0 0 0 0 0 0 0 0 0 0 
806 9 0 0 0 0 0 0 0 0 0 0 0 
807 9 0 0 0 0 0 0 0 0 0 0 0 
808 9 0 0 0 0 0 0 0 0 0 0 0 
809 9 0 0 0 0 0 0 0 0 0 0 0 
810 9 0 0 0 0 0 0 0 0 0 0 0 
811 9 0 0 0 0 0 0 0 0 0 0 0 
812 9 0 0 0 0 0 0 0 0 0 0 0 
813 9 0 0 0 0 0 0 0 0 0 0 0 
814 9 0 0 0 0 0 0 0 0 0 0 0 
815 9 0 0 0 0 0 0 0 0 0 0 0 
816 9 0 0 0 0 0 0 0 0 0 0 0 
817 9 0 0 0 0 0 0 0 0 0 0 0 
818 9 0 0 0 0 0 0 0 0 0 0 0 
819 9 0 0 0 0 0 0 0 0 0 0 0 
820 9 0 0 0 0 0 0 0 0 0 0 0 
821 9 0 0 0 0 0 0 0 0 0 0 0 
822 9 0 0 0 0 0 0 0 0 0 0 0 
823 9 0 0 0 0 0 0 0 0 0 0 0 
824 9 0 0 0 0 0 0 0 0 0 0 0 
825 9 0 0 0 0 0 0 0 0 0 0 0 
826 9 0 0 0 0 0 0 0 0 0 0 0 
827 9 0 0 0 0 0 0 0 0 0 0 0 
828 9 0 0 0 0 0 0 0 0 0 0 0 
829 9 0 0 0 0 0 0 0 0 0 0 0 
830 9 0 0 0 0 0 0 0 0 0 0 0 
831 9 34 0 0 0 0 0 0 0 0 0 0 
832 9 35 0 0 0 0 0 0 0 0 0 0 
833 9 0 0 0 0 0 0 0 0 0 0 0 
834 9 0 0 0 0 0 0 0 0 0 0 0 
835 9 0 0 0 0 0 0 0 0 0 0 0 
836 9 0 0 0 0 0 0 0 0 0 0 0 
837 9 38 0 0 0 0 0 0 0 0 0 0 
838 9 39 0 0 0 0 0 0 0 0 0 0 
839 9 -1 16 3 0 0 43 38 0 0 1 6 
840 9 42 0 0 0 0 0 0 0 0 0 0 
841 9 -1 40 28 0 0 38 32 0 0 15 -9 
842 9 45 0 0 0 0 0 0 0 0 0 0 
843 9 0 0 0 0 0 0 0 0 0 0 0 
844 9 0 0 0 0 0 0 0 0 0 0 0 
845 9 -1 4 39 0 0 26 4 0 0 16 -46 
846 9 -1 3 43 0 0 34 34 0 0 4 -84 
847 9 51 0 0 0 0 0 0 0 0 0 0 
848 9 -1 17 26 0 0 19 43 0 0 15 -72 
849 9 54 0 0 0 0 0 0 0 0 0 0 
850 9 -1 45 3 0 0 33 46 0 0 16 -29 
851 9 0 0 0 0 0 0 0 0 0 0 0 
852 9 0 0 0 0 0 0 0 0 0 0 0 
853 9 0 0 0 0 0 0 0 0 0 0 0 
854 9 0 0 0 0 0 0 0 0 0 0 0 
855 9 0 0 0 0 0 0 0 0 0 0 0 
856 9 0 0 0 0 0 0 0 0 0 0 0 
857 9 0 0 0 0 0 0 0 0 0 0 0 
858 9 0 0 0 0 0 0 0 0 0 0 0 
859 9 0 0 0 0 0 0 0 0 0 0 0 
860 9 0 0 0 0 0 0 0 0 0 0 0 
861 9 0 0 0 0 0 0 0 0 0 0 0 
862 9 0 0 0 0 0 0 0 0 0 0 0 
863 9 0 0 0 0 0 0 0 0 0 0 0 
864 9 0 0 0 0 0 0 0 0 0 0 0 
865 9 0 0 0 0 0 0 0 0 0 0 0 
866 9 0 0 0 0 0 0 0 0 0 0 0 
867 9 0 0 0 0 0 0 0 0 0 0 0 
868 9 0 0 0 0 0 0 0 0 0 0 0 
869 9 0 0 0 0 0 0 0 0 0 0 0 
870 9 0 0 0 0 0 0 0 0 0 0 0 
871 9 0 0 0 0 0 0 0 0 0 0 0 
872 9 0 0 0 0 0 0 0 0 0 0 0 
873 9 0 0 0 0 0 0 0 0 0 0 0 
874 9 0 0 0 0 0 0 0 0 0 0 0 
875 9 0 0 0 0 0 0 0 0 0 0 0 
876 9 0 0 0 0 0 0 0 0 0 0 0 
877 9 0 0 0 0 0 0 0 0 0 0 0 
878 9 0 0 0 0 0 0 0 0 0 0 0 
879 9 0 0 0 0 0 0 0 0 0 0 0 
880 9 0 0 0 0 0 0 0 0 0 0 0 
881 9 0 0 0 0 0 0 0 0 0 0 0 
882 9 0 0 0 0 0 0 0 0 0 0 0 
883 9 0 0 0 0 0 0 0 0 0 0 0 
884 9 0 0 0 0 0 0 0 0 0 0 0 
885 9 0 0 0 0 0 0 0 0 0 0 0 
886 9 0 0 0 0 0 0 0 0 0 0 0 
887 9 0 0 0 0 0 0 0 0 0 0 0 
888 9 0 0 0 0 0 0 0 0 0 0 0 
889 9 0 0 0 0 0 0 0 0 0 0 0 
890 9 0 0 0 0 0 0 0 0 0 0 0 
891 9 0 0 0 0 0 0 0 0 0 0 0 
892 9 0 0 0 0 0 0 0 0 0 0 0 
893 9 0 0 0 0 0 0 0 0 0 0 0 
894 9 0 0 0 0 0 0 0 0 0 0 0 
895 9 0 0 0 0 0 0 0 0 0 0 0 
896 9 0 0 0 0 0 0 0 0 0 0 0 
897 9 0 0 0 0 0 0 0 0 0 0 0 
898 9 0 0 0 0 0 0 0 0 0 0 0 
899 9 0 0 0 0 0 0 0 0 0 0 0 
900 9 0 0 0 0 0 0 0 0 0 0 0 
901 9 0 0 0 0 0 0 0 0 0 0 0 
902 9 0 0 0 0 0 0 0 0 0 0 0 
903 9 -1 9 12 5 3 35 41 12 1 32 -487 
904 9 -1 17 22 1 18 27 41 20 5 32 -3948 
905 9 69 0 0 0 0 0 0 0 0 0 0 
906 9 70 0 0 0 0 0 0 0 0 0 0 
907 9 0 0 0 0 0 0 0 0 0 0 0 
908 9 0 0 0 0 0 0 0 0 0 0 0 
909 9 0 0 0 0 0 0 0 0 0 0 0 
910 9 0 0 0 0 0 0 0 0 0 0 0 
911 9 0 0 0 0 0 0 0 0 0 0 0 
912 9 0 0 0 0 0 0 0 0 0 0 0 
913 9 0 0 0 0 0 0 0 0 0 0 0 
914 9 0 0 0 0 0 0 0 0 0 0 0 
915 9 0 0 0 0 0 0 0 0 0 0 0 
916 9 0 0 0 0 0 0 0 0 0 0 0 
917 9 0 0 0 0 0 0 0 0 0 0 0 
918 9 0 0 0 0 0 0 0 0 0 0 0 
919 9 0 0 0 0 0 0 0 0 0 0 0 
920 9 0 0 0 0 0 0 0 0 0 0 0 
921 9 0 0 0 0 0 0 0 0 0 0 0 
922 9 0 0 0 0 0 0 0 0 0 0 0 
923 9 0 0 0 0 0 0 0 0 0 0 0 
924 9 0 0 0 0 0 0 0 0 0 0 0 
925 9 0 0 0 0 0 0 0 0 0 0 0 
926 9 0 0 0 0 0 0 0 0 0 0 0 
927 9 0 0 0 0 0 0 0 0 0 0 0 
928 9 0 0 0 0 0 0 0 0 0 0 0 
929 9 0 0 0 0 0 0 0 0 0 0 0 
930 9 0 0 0 0 0 0 0 0 0 0 0 
931 9 78 0 0 0 0 0 0 0 0 0 0 
932 9 79 0 0 0 0 0 0 0 0 0 0 
933 9 80 0 0 0 0 0 0 0 0 0 0 
934 9 81 0 0 0 0 0 0 0 0 0 0 
935 9 0 0 0 0 0 0 0 0 0 0 0 
936 9 0 0 0 0 0 0 0 0 0 0 0 
937 9 0 0 0 0 0 0 0 0 0 0 0 
938 9 0 0 0 0 0 0 0 0 0 0 0 
939 9 0 0 0 0 0 0 0 0 0 0 0 
940 9 0 0 0 0 0 0 0 0 0 0 0 
941 9 85 0 0 0 0 0 0 0 0 0 0 
942 9 -1 2 42 0 0 43 7 0 0 5 31 
943 9 -1 10 17 16 17 43 41 2 3 32 9128 
944 9 90 0 0 0 0 0 0 0 0 0 0 
945 9 91 0 0 0 0 0 0 0 0 0 0 
946 9 -1 20 14 11 5 37 38 7 5 32 1210 
947 9 -1 15 18 7 7 30 28 7 9 32 -1007 
948 9 -1 42 7 0 0 17 14 0 0 13 -3 
949 9 98 0 0 0 0 0 0 0 0 0 0 
950 9 99 0 0 0 0 0 0 0 0 0 0 
951 9 0 0 0 0 0 0 0 0 0 0 0 
952 9 0 0 0 0 0 0 0 0 0 0 0 
953 9 0 0 0 0 0 0 0 0 0 0 0 
954 9 0 0 0 0 0 0 0 0 0 0 0 
955 9 0 0 0 0 0 0 0 0 0 0 0 
956 9 0 0 0 0 0 0 0 0 0 0 0 
957 9 0 0 0 0 0 0 0 0 0 0 0 
958 9 0 0 0 0 0 0 0 0 0 0 0 
959 9 0 0 0 0 0 0 0 0 0 0 0 
960 9 0 0 0 0 0 0 0 0 0 0 0 
961 9 0 0 0 0 0 0 0 0 0 0 0 
962 9 0 0 0 0 0 0 0 0 0 0 0 
963 9 0 0 0 0 0 0 0 0 0 0 0 
964 9 0 0 0 0 0 0 0 0 0 0 0 
965 9 0 0 0 0 0 0 0 0 0 0 0 
966 9 0 0 0 0 0 0 0 0 0 0 0 
967 9 0 0 0 0 0 0 0 0 0 0 0 
968 9 0 0 0 0 0 0 0 0 0 0 0 
969 9 0 0 0 0 0 0 0 0 0 0 0 
970 9 0 0 0 0 0 0 0 0 0 0 0 
971 9 0 0 0 0 0 0 0 0 0 0 0 
972 9 0 0 0 0 0 0 0 0 0 0 0 
973 9 0 0 0 0 0 0 0 0 0 0 0 
974 9 0 0 0 0 0 0 0 0 0 0 0 
975 9 0 0 0 0 0 0 0 0 0 0 0 
976 9 0 0 0 0 0 0 0 0 0 0 0 
977 9 0 0 0 0 0 0 0 0 0 0 0 
978 9 0 0 0 0 0 0 0 0 0 0 0 
979 9 0 0 0 0 0 0 0 0 0 0 0 
980 9 0 0 0 0 0 0 0 0 0 0 0 
981 9 0 0 0 0 0 0 0 0 0 0 0 
982 9 0 0 0 0 0 0 0 0 0 0 0 
983 9 0 0 0 0 0 0 0 0 0 0 0 
984 9 0 0 0 0 0 0 0 0 0 0 0 
985 9 0 0 0 0 0 0 0 0 0 0 0 
986 9 0 0 0 0 0 0 0 0 0 0 0 
987 9 0 0 0 0 0 0 0 0 0 0 0 
988 9 0 0 0 0 0 0 0 0 0 0 0 
989 9 0 0 0 0 0 0 0 0 0 0 0 
990 9 0 0 0 0 0 0 0 0 0 0 0 
991 9 0 0 0 0 0 0 0 0 0 0 0 
992 9 0 0 0 0 0 0 0 0 0 0 0 
993 9 0 0 0 0 0 0 0 0 0 0 0 
994 9 0 0 0 0 0 0 0 0 0 0 0 
995 9 0 0 0 0 0 0 0 0 0 0 0 
996 9 0 0 0 0 0 0 0 0 0 0 0 
997 9 0 0 0 0 0 0 0 0 0 0 0 
998 9 0 0 0 0 0 0 0 0 0 0 0 
999 9 0 0 0 0 0 0 0 0 0 0 0 
1000 9 0 0 0 0 0 0 0 0 0 0 0 
1001 9 0 0 0 0 0 0 0 0 0 0 0 
1002 9 0 0 0 0 0 0 0 0 0 0 0 
1003 9 0 0 0 0 0 0 0 0 0 0 0 
1004 9 0 0 0 0 0 0 0 0 0 0 0 
1005 9 0 0 0 0 0 0 0 0 0 0 0 
1006 9 0 0 0 0 0 0 0 0 0 0 0 
1007 9 0 0 0 0 0 0 0 0 0 0 0 
1008 9 0 0 0 0 0 0 0 0 0 0 0 
1009 9 0 0 0 0 0 0 0 0 0 0 0 
1010 9 0 0 0 0 0 0 0 0 0 0 0 
1011 9 0 0 0 0 0 0 0 0 0 0 0 
1012 9 0 0 0 0 0 0 0 0 0 0 0 
1013 9 0 0 0 0 0 0 0 0 0 0 0 
1014 9 0 0 0 0 0 0 0 0 0 0 0 
1015 9 0 0 0 0 0 0 0 0 0 0 0 
1016 9 0 0 0 0 0 0 0 0 0 0 0 
1017 9 0 0 0 0 0 0 0 0 0 0 0 
1018 9 0 0 0 0 0 0 0 0 0 0 0 
1019 9 0 0 0 0 0 0 0 0 0 0 0 
1020 9 0 0 0 0 0 0 0 0 0 0 0 
1021 9 0 0 0 0 0 0 0 0 0 0 0 
1022 9 0 0 0 0 0 0 0 0 0 0 0 
1023 10 0 0 0 0 0 0 0 0 0 0 0 
1024 10 0 0 0 0 0 0 0 0 0 0 0 
1025 10 0 0 0 0 0 0 0 0 0 0 0 
1026 10 0 0 0 0 0 0 0 0 0 0 0 
1027 10 0 0 0 0 0 0 0 0 0 0 0 
1028 10 0 0 0 0 0 0 0 0 0 0 0 
1029 10 0 0 0 0 0 0 0 0 0 0 0 
1030 10 0 0 0 0 0 0 0 0 0 0 0 
1031 10 0 0 0 0 0 0 0 0 0 0 0 
1032 10 0 0 0 0 0 0 0 0 0 0 0 
1033 10 0 0 0 0 0 0 0 0 0 0 0 
1034 10 0 0 0 0 0 0 0 0 0 0 0 
1035 10 0 0 0 0 0 0 0 0 0 0 0 
1036 10 0 0 0 0 0 0 0 0 0 0 0 
1037 10 0 0 0 0 0 0 0 0 0 0 0 
1038 10 0 0 0 0 0 0 0 0 0 0 0 
1039 10 0 0 0 0 0 0 0 0 0 0 0 
1040 10 0 0 0 0 0 0 0 0 0 0 0 
1041 10 0 0 0 0 0 0 0 0 0 0 0 
1042 10 0 0 0 0 0 0 0 0 0 0 0 
1043 10 0 0 0 0 0 0 0 0 0 0 0 
1044 10 0 0 0 0 0 0 0 0 0 0 0 
1045 10 0 0 0 0 0 0 0 0 0 0 0 
1046 10 0 0 0 0 0 0 0 0 0 0 0 
1047 10 0 0 0 0 0 0 0 0 0 0 0 
1048 10 0 0 0 0 0 0 0 0 0 0 0 
1049 10 0 0 0 0 0 0 0 0 0 0 0 
1050 10 0 0 0 0 0 0 0 0 0 0 0 
1051 10 0 0 0 0 0 0 0 0 0 0 0 
1052 10 0 0 0 0 0 0 0 0 0 0 0 
1053 10 0 0 0 0 0 0 0 0 0 0 0 
1054 10 0 0 0 0 0 0 0 0 0 0 0 
1055 10 0 0 0 0 0 0 0 0 0 0 0 
1056 10 0 0 0 0 0 0 0 0 0 0 0 
1057 10 0 0 0 0 0 0 0 0 0 0 0 
1058 10 0 0 0 0 0 0 0 0 0 0 0 
1059 10 0 0 0 0 0 0 0 0 0 0 0 
1060 10 0 0 0 0 0 0 0 0 0 0 0 
1061 10 0 0 0 0 0 0 0 0 0 0 0 
1062 10 0 0 0 0 0 0 0 0 0 0 0 
1063 10 0 0 0 0 0 0 0 0 0 0 0 
1064 10 0 0 0 0 0 0 0 0 0 0 0 
1065 10 0 0 0 0 0 0 0 0 0 0 0 
1066 10 0 0 0 0 0 0 0 0 0 0 0 
1067 10 0 0 0 0 0 0 0 0 0 0 0 
1068 10 0 0 0 0 0 0 0 0 0 0 0 
1069 10 0 0 0 0 0 0 0 0 0 0 0 
1070 10 0 0 0 0 0 0 0 0 0 0 0 
1071 10 0 0 0 0 0 0 0 0 0 0 0 
1072 10 0 0 0 0 0 0 0 0 0 0 0 
1073 10 0 0 0 0 0 0 0 0 0 0 0 
1074 10 0 0 0 0 0 0 0 0 0 0 0 
1075 10 0 0 0 0 0 0 0 0 0 0 0 
1076 10 0 0 0 0 0 0 0 0 0 0 0 
1077 10 0 0 0 0 0 0 0 0 0 0 0 
1078 10 0 0 0 0 0 0 0 0 0 0 0 
1079 10 0 0 0 0 0 0 0 0 0 0 0 
1080 10 0 0 0 0 0 0 0 0 0 0 0 
1081 10 0 0 0 0 0 0 0 0 0 0 0 
1082 10 0 0 0 0 0 0 0 0 0 0 0 
1083 10 0 0 0 0 0 0 0 0 0 0 0 
1084 10 0 0 0 0 0 0 0 0 0 0 0 
1085 10 0 0 0 0 0 0 0 0 0 0 0 
1086 10 0 0 0 0 0 0 0 0 0 0 0 
1087 10 0 0 0 0 0 0 0 0 0 0 0 
1088 10 0 0 0 0 0 0 0 0 0 0 0 
1089 10 0 0 0 0 0 0 0 0 0 0 0 
1090 10 0 0 0 0 0 0 0 0 0 0 0 
1091 10 0 0 0 0 0 0 0 0 0 0 0 
1092 10 0 0 0 0 0 0 0 0 0 0 0 
1093 10 0 0 0 0 0 0 0 0 0 0 0 
1094 10 0 0 0 0 0 0 0 0 0 0 0 
1095 10 0 0 0 0 0 0 0 0 0 0 0 
1096 10 0 0 0 0 0 0 0 0 0 0 0 
1097 10 0 0 0 0 0 0 0 0 0 0 0 
1098 10 0 0 0 0 0 0 0 0 0 0 0 
1099 10 0 0 0 0 0 0 0 0 0 0 0 
1100 10 0 0 0 0 0 0 0 0 0 0 0 
1101 10 0 0 0 0 0 0 0 0 0 0 0 
1102 10 0 0 0 0 0 0 0 0 0 0 0 
1103 10 0 0 0 0 0 0 0 0 0 0 0 
1104 10 0 0 0 0 0 0 0 0 0 0 0 
1105 10 0 0 0 0 0 0 0 0 0 0 0 
1106 10 0 0 0 0 0 0 0 0 0 0 0 
1107 10 0 0 0 0 0 0 0 0 0 0 0 
1108 10 0 0 0 0 0 0 0 0 0 0 0 
1109 10 0 0 0 0 0 0 0 0 0 0 0 
1110 10 0 0 0 0 0 0 0 0 0 0 0 
1111 10 0 0 0 0 0 0 0 0 0 0 0 
1112 10 0 0 0 0 0 0 0 0 0 0 0 
1113 10 0 0 0 0 0 0 0 0 0 0 0 
1114 10 0 0 0 0 0 0 0 0 0 0 0 
1115 10 0 0 0 0 0 0 0 0 0 0 0 
1116 10 0 0 0 0 0 0 0 0 0 0 0 
1117 10 0 0 0 0 0 0 0 0 0 0 0 
1118 10 0 0 0 0 0 0 0 0 0 0 0 
1119 10 0 0 0 0 0 0 0 0 0 0 0 
1120 10 0 0 0 0 0 0 0 0 0 0 0 
1121 10 0 0 0 0 0 0 0 0 0 0 0 
1122 10 0 0 0 0 0 0 0 0 0 0 0 
1123 10 0 0 0 0 0 0 0 0 0 0 0 
1124 10 0 0 0 0 0 0 0 0 0 0 0 
1125 10 0 0 0 0 0 0 0 0 0 0 0 
1126 10 0 0 0 0 0 0 0 0 0 0 0 
1127 10 0 0 0 0 0 0 0 0 0 0 0 
1128 10 0 0 0 0 0 0 0 0 0 0 0 
1129 10 0 0 0 0 0 0 0 0 0 0 0 
1130 10 0 0 0 0 0 0 0 0 0 0 0 
1131 10 0 0 0 0 0 0 0 0 0 0 0 
1132 10 0 0 0 0 0 0 0 0 0 0 0 
1133 10 0 0 0 0 0 0 0 0 0 0 0 
1134 10 0 0 0 0 0 0 0 0 0 0 0 
1135 10 0 0 0 0 0 0 0 0 0 0 0 
1136 10 0 0 0 0 0 0 0 0 0 0 0 
1137 10 0 0 0 0 0 0 0 0 0 0 0 
1138 10 0 0 0 0 0 0 0 0 0 0 0 
1139 10 0 0 0 0 0 0 0 0 0 0 0 
1140 10 0 0 0 0 0 0 0 0 0 0 0 
1141 10 0 0 0 0 0 0 0 0 0 0 0 
1142 10 0 0 0 0 0 0 0 0 0 0 0 
1143 10 0 0 0 0 0 0 0 0 0 0 0 
1144 10 0 0 0 0 0 0 0 0 0 0 0 
1145 10 0 0 0 0 0 0 0 0 0 0 0 
1146 10 0 0 0 0 0 0 0 0 0 0 0 
1147 10 0 0 0 0 0 0 0 0 0 0 0 
1148 10 0 0 0 0 0 0 0 0 0 0 0 
1149 10 0 0 0 0 0 0 0 0 0 0 0 
1150 10 0 0 0 0 0 0 0 0 0 0 0 
1151 10 0 0 0 0 0 0 0 0 0 0 0 
1152 10 0 0 0 0 0 0 0 0 0 0 0 
1153 10 0 0 0 0 0 0 0 0 0 0 0 
1154 10 0 0 0 0 0 0 0 0 0 0 0 
1155 10 0 0 0 0 0 0 0 0 0 0 0 
1156 10 0 0 0 0 0 0 0 0 0 0 0 
1157 10 0 0 0 0 0 0 0 0 0 0 0 
1158 10 0 0 0 0 0 0 0 0 0 0 0 
1159 10 0 0 0 0 0 0 0 0 0 0 0 
1160 10 0 0 0 0 0 0 0 0 0 0 0 
1161 10 0 0 0 0 0 0 0 0 0 0 0 
1162 10 0 0 0 0 0 0 0 0 0 0 0 
1163 10 0 0 0 0 0 0 0 0 0 0 0 
1164 10 0 0 0 0 0 0 0 0 0 0 0 
1165 10 0 0 0 0 0 0 0 0 0 0 0 
1166 10 0 0 0 0 0 0 0 0 0 0 0 
1167 10 0 0 0 0 0 0 0 0 0 0 0 
1168 10 0 0 0 0 0 0 0 0 0 0 0 
1169 10 0 0 0 0 0 0 0 0 0 0 0 
1170 10 0 0 0 0 0 0 0 0 0 0 0 
1171 10 0 0 0 0 0 0 0 0 0 0 0 
1172 10 0 0 0 0 0 0 0 0 0 0 0 
1173 10 0 0 0 0 0 0 0 0 0 0 0 
1174 10 0 0 0 0 0 0 0 0 0 0 0 
1175 10 0 0 0 0 0 0 0 0 0 0 0 
1176 10 0 0 0 0 0 0 0 0 0 0 0 
1177 10 0 0 0 0 0 0 0 0 0 0 0 
1178 10 0 0 0 0 0 0 0 0 0 0 0 
1179 10 0 0 0 0 0 0 0 0 0 0 0 
1180 10 0 0 0 0 0 0 0 0 0 0 0 
1181 10 0 0 0 0 0 0 0 0 0 0 0 
1182 10 0 0 0 0 0 0 0 0 0 0 0 
1183 10 0 0 0 0 0 0 0 0 0 0 0 
1184 10 0 0 0 0 0 0 0 0 0 0 0 
1185 10 0 0 0 0 0 0 0 0 0 0 0 
1186 10 0 0 0 0 0 0 0 0 0 0 0 
1187 10 0 0 0 0 0 0 0 0 0 0 0 
1188 10 0 0 0 0 0 0 0 0 0 0 0 
1189 10 0 0 0 0 0 0 0 0 0 0 0 
1190 10 0 0 0 0 0 0 0 0 0 0 0 
1191 10 0 0 0 0 0 0 0 0 0 0 0 
1192 10 0 0 0 0 0 0 0 0 0 0 0 
1193 10 0 0 0 0 0 0 0 0 0 0 0 
1194 10 0 0 0 0 0 0 0 0 0 0 0 
1195 10 0 0 0 0 0 0 0 0 0 0 0 
1196 10 0 0 0 0 0 0 0 0 0 0 0 
1197 10 0 0 0 0 0 0 0 0 0 0 0 
1198 10 0 0 0 0 0 0 0 0 0 0 0 
1199 10 0 0 0 0 0 0 0 0 0 0 0 
1200 10 0 0 0 0 0 0 0 0 0 0 0 
1201 10 0 0 0 0 0 0 0 0 0 0 0 
1202 10 0 0 0 0 0 0 0 0 0 0 0 
1203 10 0 0 0 0 0 0 0 0 0 0 0 
1204 10 0 0 0 0 0 0 0 0 0 0 0 
1205 10 0 0 0 0 0 0 0 0 0 0 0 
1206 10 0 0 0 0 0 0 0 0 0 0 0 
1207 10 0 0 0 0 0 0 0 0 0 0 0 
1208 10 0 0 0 0 0 0 0 0 0 0 0 
1209 10 0 0 0 0 0 0 0 0 0 0 0 
1210 10 0 0 0 0 0 0 0 0 0 0 0 
1211 10 0 0 0 0 0 0 0 0 0 0 0 
1212 10 0 0 0 0 0 0 0 0 0 0 0 
1213 10 0 0 0 0 0 0 0 0 0 0 0 
1214 10 0 0 0 0 0 0 0 0 0 0 0 
1215 10 0 0 0 0 0 0 0 0 0 0 0 
1216 10 0 0 0 0 0 0 0 0 0 0 0 
1217 10 0 0 0 0 0 0 0 0 0 0 0 
1218 10 0 0 0 0 0 0 0 0 0 0 0 
1219 10 0 0 0 0 0 0 0 0 0 0 0 
1220 10 0 0 0 0 0 0 0 0 0 0 0 
1221 10 0 0 0 0 0 0 0 0 0 0 0 
1222 10 0 0 0 0 0 0 0 0 0 0 0 
1223 10 0 0 0 0 0 0 0 0 0 0 0 
1224 10 0 0 0 0 0 0 0 0 0 0 0 
1225 10 0 0 0 0 0 0 0 0 0 0 0 
1226 10 0 0 0 0 0 0 0 0 0 0 0 
1227 10 0 0 0 0 0 0 0 0 0 0 0 
1228 10 0 0 0 0 0 0 0 0 0 0 0 
1229 10 0 0 0 0 0 0 0 0 0 0 0 
1230 10 0 0 0 0 0 0 0 0 0 0 0 
1231 10 0 0 0 0 0 0 0 0 0 0 0 
1232 10 0 0 0 0 0 0 0 0 0 0 0 
1233 10 0 0 0 0 0 0 0 0 0 0 0 
1234 10 0 0 0 0 0 0 0 0 0 0 0 
1235 10 0 0 0 0 0 0 0 0 0 0 0 
1236 10 0 0 0 0 0 0 0 0 0 0 0 
1237 10 0 0 0 0 0 0 0 0 0 0 0 
1238 10 0 0 0 0 0 0 0 0 0 0 0 
1239 10 0 0 0 0 0 0 0 0 0 0 0 
1240 10 0 0 0 0 0 0 0 0 0 0 0 
1241 10 0 0 0 0 0 0 0 0 0 0 0 
1242 10 0 0 0 0 0 0 0 0 0 0 0 
1243 10 0 0 0 0 0 0 0 0 0 0 0 
1244 10 0 0 0 0 0 0 0 0 0 0 0 
1245 10 0 0 0 0 0 0 0 0 0 0 0 
1246 10 0 0 0 0 0 0 0 0 0 0 0 
1247 10 0 0 0 0 0 0 0 0 0 0 0 
1248 10 0 0 0 0 0 0 0 0 0 0 0 
1249 10 0 0 0 0 0 0 0 0 0 0 0 
1250 10 0 0 0 0 0 0 0 0 0 0 0 
1251 10 0 0 0 0 0 0 0 0 0 0 0 
1252 10 0 0 0 0 0 0 0 0 0 0 0 
1253 10 0 0 0 0 0 0 0 0 0 0 0 
1254 10 0 0 0 0 0 0 0 0 0 0 0 
1255 10 0 0 0 0 0 0 0 0 0 0 0 
1256 10 0 0 0 0 0 0 0 0 0 0 0 
1257 10 0 0 0 0 0 0 0 0 0 0 0 
1258 10 0 0 0 0 0 0 0 0 0 0 0 
1259 10 0 0 0 0 0 0 0 0 0 0 0 
1260 10 0 0 0 0 0 0 0 0 0 0 0 
1261 10 0 0 0 0 0 0 0 0 0 0 0 
1262 10 0 0 0 0 0 0 0 0 0 0 0 
1263 10 0 0 0 0 0 0 0 0 0 0 0 
1264 10 0 0 0 0 0 0 0 0 0 0 0 
1265 10 0 0 0 0 0 0 0 0 0 0 0 
1266 10 0 0 0 0 0 0 0 0 0 0 0 
1267 10 0 0 0 0 0 0 0 0 0 0 0 
1268 10 0 0 0 0 0 0 0 0 0 0 0 
1269 10 0 0 0 0 0 0 0 0 0 0 0 
1270 10 0 0 0 0 0 0 0 0 0 0 0 
1271 10 0 0 0 0 0 0 0 0 0 0 0 
1272 10 0 0 0 0 0 0 0 0 0 0 0 
1273 10 0 0 0 0 0 0 0 0 0 0 0 
1274 10 0 0 0 0 0 0 0 0 0 0 0 
1275 10 0 0 0 0 0 0 0 0 0 0 0 
1276 10 0 0 0 0 0 0 0 0 0 0 0 
1277 10 0 0 0 0 0 0 0 0 0 0 0 
1278 10 0 0 0 0 0 0 0 0 0 0 0 
1279 10 0 0 0 0 0 0 0 0 0 0 0 
1280 10 0 0 0 0 0 0 0 0 0 0 0 
1281 10 0 0 0 0 0 0 0 0 0 0 0 
1282 10 0 0 0 0 0 0 0 0 0 0 0 
1283 10 0 0 0 0 0 0 0 0 0 0 0 
1284 10 0 0 0 0 0 0 0 0 0 0 0 
1285 10 0 0 0 0 0 0 0 0 0 0 0 
1286 10 0 0 0 0 0 0 0 0 0 0 0 
1287 10 0 0 0 0 0 0 0 0 0 0 0 
1288 10 0 0 0 0 0 0 0 0 0 0 0 
1289 10 0 0 0 0 0 0 0 0 0 0 0 
1290 10 0 0 0 0 0 0 0 0 0 0 0 
1291 10 0 0 0 0 0 0 0 0 0 0 0 
1292 10 0 0 0 0 0 0 0 0 0 0 0 
1293 10 0 0 0 0 0 0 0 0 0 0 0 
1294 10 0 0 0 0 0 0 0 0 0 0 0 
1295 10 0 0 0 0 0 0 0 0 0 0 0 
1296 10 0 0 0 0 0 0 0 0 0 0 0 
1297 10 0 0 0 0 0 0 0 0 0 0 0 
1298 10 0 0 0 0 0 0 0 0 0 0 0 
1299 10 0 0 0 0 0 0 0 0 0 0 0 
1300 10 0 0 0 0 0 0 0 0 0 0 0 
1301 10 0 0 0 0 0 0 0 0 0 0 0 
1302 10 0 0 0 0 0 0 0 0 0 0 0 
1303 10 0 0 0 0 0 0 0 0 0 0 0 
1304 10 0 0 0 0 0 0 0 0 0 0 0 
1305 10 0 0 0 0 0 0 0 0 0 0 0 
1306 10 0 0 0 0 0 0 0 0 0 0 0 
1307 10 0 0 0 0 0 0 0 0 0 0 0 
1308 10 0 0 0 0 0 0 0 0 0 0 0 
1309 10 0 0 0 0 0 0 0 0 0 0 0 
1310 10 0 0 0 0 0 0 0 0 0 0 0 
1311 10 0 0 0 0 0 0 0 0 0 0 0 
1312 10 0 0 0 0 0 0 0 0 0 0 0 
1313 10 0 0 0 0 0 0 0 0 0 0 0 
1314 10 0 0 0 0 0 0 0 0 0 0 0 
1315 10 0 0 0 0 0 0 0 0 0 0 0 
1316 10 0 0 0 0 0 0 0 0 0 0 0 
1317 10 0 0 0 0 0 0 0 0 0 0 0 
1318 10 0 0 0 0 0 0 0 0 0 0 0 
1319 10 0 0 0 0 0 0 0 0 0 0 0 
1320 10 0 0 0 0 0 0 0 0 0 0 0 
1321 10 0 0 0 0 0 0 0 0 0 0 0 
1322 10 0 0 0 0 0 0 0 0 0 0 0 
1323 10 0 0 0 0 0 0 0 0 0 0 0 
1324 10 0 0 0 0 0 0 0 0 0 0 0 
1325 10 0 0 0 0 0 0 0 0 0 0 0 
1326 10 0 0 0 0 0 0 0 0 0 0 0 
1327 10 0 0 0 0 0 0 0 0 0 0 0 
1328 10 0 0 0 0 0 0 0 0 0 0 0 
1329 10 0 0 0 0 0 0 0 0 0 0 0 
1330 10 0 0 0 0 0 0 0 0 0 0 0 
1331 10 0 0 0 0 0 0 0 0 0 0 0 
1332 10 0 0 0 0 0 0 0 0 0 0 0 
1333 10 0 0 0 0 0 0 0 0 0 0 0 
1334 10 0 0 0 0 0 0 0 0 0 0 0 
1335 10 0 0 0 0 0 0 0 0 0 0 0 
1336 10 0 0 0 0 0 0 0 0 0 0 0 
1337 10 0 0 0 0 0 0 0 0 0 0 0 
1338 10 0 0 0 0 0 0 0 0 0 0 0 
1339 10 0 0 0 0 0 0 0 0 0 0 0 
1340 10 0 0 0 0 0 0 0 0 0 0 0 
1341 10 0 0 0 0 0 0 0 0 0 0 0 
1342 10 0 0 0 0 0 0 0 0 0 0 0 
1343 10 0 0 0 0 0 0 0 0 0 0 0 
1344 10 0 0 0 0 0 0 0 0 0 0 0 
1345 10 0 0 0 0 0 0 0 0 0 0 0 
1346 10 0 0 0 0 0 0 0 0 0 0 0 
1347 10 0 0 0 0 0 0 0 0 0 0 0 
1348 10 0 0 0 0 0 0 0 0 0 0 0 
1349 10 0 0 0 0 0 0 0 0 0 0 0 
1350 10 0 0 0 0 0 0 0 0 0 0 0 
1351 10 0 0 0 0 0 0 0 0 0 0 0 
1352 10 0 0 0 0 0 0 0 0 0 0 0 
1353 10 0 0 0 0 0 0 0 0 0 0 0 
1354 10 0 0 0 0 0 0 0 0 0 0 0 
1355 10 0 0 0 0 0 0 0 0 0 0 0 
1356 10 0 0 0 0 0 0 0 0 0 0 0 
1357 10 0 0 0 0 0 0 0 0 0 0 0 
1358 10 0 0 0 0 0 0 0 0 0 0 0 
1359 10 0 0 0 0 0 0 0 0 0 0 0 
1360 10 0 0 0 0 0 0 0 0 0 0 0 
1361 10 0 0 0 0 0 0 0 0 0 0 0 
1362 10 0 0 0 0 0 0 0 0 0 0 0 
1363 10 0 0 0 0 0 0 0 0 0 0 0 
1364 10 0 0 0 0 0 0 0 0 0 0 0 
1365 10 0 0 0 0 0 0 0 0 0 0 0 
1366 10 0 0 0 0 0 0 0 0 0 0 0 
1367 10 0 0 0 0 0 0 0 0 0 0 0 
1368 10 0 0 0 0 0 0 0 0 0 0 0 
1369 10 0 0 0 0 0 0 0 0 0 0 0 
1370 10 0 0 0 0 0 0 0 0 0 0 0 
1371 10 0 0 0 0 0 0 0 0 0 0 0 
1372 10 0 0 0 0 0 0 0 0 0 0 0 
1373 10 0 0 0 0 0 0 0 0 0 0 0 
1374 10 0 0 0 0 0 0 0 0 0 0 0 
1375 10 0 0 0 0 0 0 0 0 0 0 0 
1376 10 0 0 0 0 0 0 0 0 0 0 0 
1377 10 0 0 0 0 0 0 0 0 0 0 0 
1378 10 0 0 0 0 0 0 0 0 0 0 0 
1379 10 0 0 0 0 0 0 0 0 0 0 0 
1380 10 0 0 0 0 0 0 0 0 0 0 0 
1381 10 0 0 0 0 0 0 0 0 0 0 0 
1382 10 0 0 0 0 0 0 0 0 0 0 0 
1383 10 0 0 0 0 0 0 0 0 0 0 0 
1384 10 0 0 0 0 0 0 0 0 0 0 0 
1385 10 0 0 0 0 0 0 0 0 0 0 0 
1386 10 0 0 0 0 0 0 0 0 0 0 0 
1387 10 0 0 0 0 0 0 0 0 0 0 0 
1388 10 0 0 0 0 0 0 0 0 0 0 0 
1389 10 0 0 0 0 0 0 0 0 0 0 0 
1390 10 0 0 0 0 0 0 0 0 0 0 0 
1391 10 0 0 0 0 0 0 0 0 0 0 0 
1392 10 0 0 0 0 0 0 0 0 0 0 0 
1393 10 0 0 0 0 0 0 0 0 0 0 0 
1394 10 0 0 0 0 0 0 0 0 0 0 0 
1395 10 0 0 0 0 0 0 0 0 0 0 0 
1396 10 0 0 0 0 0 0 0 0 0 0 0 
1397 10 0 0 0 0 0 0 0 0 0 0 0 
1398 10 0 0 0 0 0 0 0 0 0 0 0 
1399 10 0 0 0 0 0 0 0 0 0 0 0 
1400 10 0 0 0 0 0 0 0 0 0 0 0 
1401 10 0 0 0 0 0 0 0 0 0 0 0 
1402 10 0 0 0 0 0 0 0 0 0 0 0 
1403 10 0 0 0 0 0 0 0 0 0 0 0 
1404 10 0 0 0 0 0 0 0 0 0 0 0 
1405 10 0 0 0 0 0 0 0 0 0 0 0 
1406 10 0 0 0 0 0 0 0 0 0 0 0 
1407 10 0 0 0 0 0 0 0 0 0 0 0 
1408 10 0 0 0 0 0 0 0 0 0 0 0 
1409 10 0 0 0 0 0 0 0 0 0 0 0 
1410 10 0 0 0 0 0 0 0 0 0 0 0 
1411 10 0 0 0 0 0 0 0 0 0 0 0 
1412 10 0 0 0 0 0 0 0 0 0 0 0 
1413 10 0 0 0 0 0 0 0 0 0 0 0 
1414 10 0 0 0 0 0 0 0 0 0 0 0 
1415 10 0 0 0 0 0 0 0 0 0 0 0 
1416 10 0 0 0 0 0 0 0 0 0 0 0 
1417 10 0 0 0 0 0 0 0 0 0 0 0 
1418 10 0 0 0 0 0 0 0 0 0 0 0 
1419 10 0 0 0 0 0 0 0 0 0 0 0 
1420 10 0 0 0 0 0 0 0 0 0 0 0 
1421 10 0 0 0 0 0 0 0 0 0 0 0 
1422 10 0 0 0 0 0 0 0 0 0 0 0 
1423 10 0 0 0 0 0 0 0 0 0 0 0 
1424 10 0 0 0 0 0 0 0 0 0 0 0 
1425 10 0 0 0 0 0 0 0 0 0 0 0 
1426 10 0 0 0 0 0 0 0 0 0 0 0 
1427 10 0 0 0 0 0 0 0 0 0 0 0 
1428 10 0 0 0 0 0 0 0 0 0 0 0 
1429 10 0 0 0 0 0 0 0 0 0 0 0 
1430 10 0 0 0 0 0 0 0 0 0 0 0 
1431 10 0 0 0 0 0 0 0 0 0 0 0 
1432 10 0 0 0 0 0 0 0 0 0 0 0 
1433 10 0 0 0 0 0 0 0 0 0 0 0 
1434 10 0 0 0 0 0 0 0 0 0 0 0 
1435 10 0 0 0 0 0 0 0 0 0 0 0 
1436 10 0 0 0 0 0 0 0 0 0 0 0 
1437 10 0 0 0 0 0 0 0 0 0 0 0 
1438 10 0 0 0 0 0 0 0 0 0 0 0 
1439 10 0 0 0 0 0 0 0 0 0 0 0 
1440 10 0 0 0 0 0 0 0 0 0 0 0 
1441 10 0 0 0 0 0 0 0 0 0 0 0 
1442 10 0 0 0 0 0 0 0 0 0 0 0 
1443 10 0 0 0 0 0 0 0 0 0 0 0 
1444 10 0 0 0 0 0 0 0 0 0 0 0 
1445 10 0 0 0 0 0 0 0 0 0 0 0 
1446 10 0 0 0 0 0 0 0 0 0 0 0 
1447 10 0 0 0 0 0 0 0 0 0 0 0 
1448 10 0 0 0 0 0 0 0 0 0 0 0 
1449 10 0 0 0 0 0 0 0 0 0 0 0 
1450 10 0 0 0 0 0 0 0 0 0 0 0 
1451 10 0 0 0 0 0 0 0 0 0 0 0 
1452 10 0 0 0 0 0 0 0 0 0 0 0 
1453 10 0 0 0 0 0 0 0 0 0 0 0 
1454 10 0 0 0 0 0 0 0 0 0 0 0 
1455 10 0 0 0 0 0 0 0 0 0 0 0 
1456 10 0 0 0 0 0 0 0 0 0 0 0 
1457 10 0 0 0 0 0 0 0 0 0 0 0 
1458 10 0 0 0 0 0 0 0 0 0 0 0 
1459 10 0 0 0 0 0 0 0 0 0 0 0 
1460 10 0 0 0 0 0 0 0 0 0 0 0 
1461 10 0 0 0 0 0 0 0 0 0 0 0 
1462 10 0 0 0 0 0 0 0 0 0 0 0 
1463 10 0 0 0 0 0 0 0 0 0 0 0 
1464 10 0 0 0 0 0 0 0 0 0 0 0 
1465 10 0 0 0 0 0 0 0 0 0 0 0 
1466 10 0 0 0 0 0 0 0 0 0 0 0 
1467 10 0 0 0 0 0 0 0 0 0 0 0 
1468 10 0 0 0 0 0 0 0 0 0 0 0 
1469 10 0 0 0 0 0 0 0 0 0 0 0 
1470 10 0 0 0 0 0 0 0 0 0 0 0 
1471 10 0 0 0 0 0 0 0 0 0 0 0 
1472 10 0 0 0 0 0 0 0 0 0 0 0 
1473 10 0 0 0 0 0 0 0 0 0 0 0 
1474 10 0 0 0 0 0 0 0 0 0 0 0 
1475 10 6 0 0 0 0 0 0 0 0 0 0 
1476 10 7 0 0 0 0 0 0 0 0 0 0 
1477 10 8 0 0 0 0 0 0 0 0 0 0 
1478 10 9 0 0 0 0 0 0 0 0 0 0 
1479 10 0 0 0 0 0 0 0 0 0 0 0 
1480 10 0 0 0 0 0 0 0 0 0 0 0 
1481 10 0 0 0 0 0 0 0 0 0 0 0 
1482 10 0 0 0 0 0 0 0 0 0 0 0 
1483 10 0 0 0 0 0 0 0 0 0 0 0 
1484 10 0 0 0 0 0 0 0 0 0 0 0 
1485 10 12 0 0 0 0 0 0 0 0 0 0 
1486 10 13 0 0 0 0 0 0 0 0 0 0 
1487 10 14 0 0 0 0 0 0 0 0 0 0 
1488 10 15 0 0 0 0 0 0 0 0 0 0 
1489 10 0 0 0 0 0 0 0 0 0 0 0 
1490 10 0 0 0 0 0 0 0 0 0 0 0 
1491 10 17 0 0 0 0 0 0 0 0 0 0 
1492 10 18 0 0 0 0 0 0 0 0 0 0 
1493 10 19 0 0 0 0 0 0 0 0 0 0 
1494 10 20 0 0 0 0 0 0 0 0 0 0 
1495 10 0 0 0 0 0 0 0 0 0 0 0 
1496 10 0 0 0 0 0 0 0 0 0 0 0 
1497 10 0 0 0 0 0 0 0 0 0 0 0 
1498 10 0 0 0 0 0 0 0 0 0 0 0 
1499 10 0 0 0 0 0 0 0 0 0 0 0 
1500 10 0 0 0 0 0 0 0 0 0 0 0 
1501 10 0 0 0 0 0 0 0 0 0 0 0 
1502 10 0 0 0 0 0 0 0 0 0 0 0 
1503 10 0 0 0 0 0 0 0 0 0 0 0 
1504 10 0 0 0 0 0 0 0 0 0 0 0 
1505 10 0 0 0 0 0 0 0 0 0 0 0 
1506 10 0 0 0 0 0 0 0 0 0 0 0 
1507 10 0 0 0 0 0 0 0 0 0 0 0 
1508 10 0 0 0 0 0 0 0 0 0 0 0 
1509 10 0 0 0 0 0 0 0 0 0 0 0 
1510 10 0 0 0 0 0 0 0 0 0 0 0 
1511 10 0 0 0 0 0 0 0 0 0 0 0 
1512 10 0 0 0 0 0 0 0 0 0 0 0 
1513 10 0 0 0 0 0 0 0 0 0 0 0 
1514 10 0 0 0 0 0 0 0 0 0 0 0 
1515 10 0 0 0 0 0 0 0 0 0 0 0 
1516 10 0 0 0 0 0 0 0 0 0 0 0 
1517 10 0 0 0 0 0 0 0 0 0 0 0 
1518 10 0 0 0 0 0 0 0 0 0 0 0 
1519 10 0 0 0 0 0 0 0 0 0 0 0 
1520 10 0 0 0 0 0 0 0 0 0 0 0 
1521 10 0 0 0 0 0 0 0 0 0 0 0 
1522 10 0 0 0 0 0 0 0 0 0 0 0 
1523 10 0 0 0 0 0 0 0 0 0 0 0 
1524 10 0 0 0 0 0 0 0 0 0 0 0 
1525 10 0 0 0 0 0 0 0 0 0 0 0 
1526 10 0 0 0 0 0 0 0 0 0 0 0 
1527 10 0 0 0 0 0 0 0 0 0 0 0 
1528 10 0 0 0 0 0 0 0 0 0 0 0 
1529 10 0 0 0 0 0 0 0 0 0 0 0 
1530 10 0 0 0 0 0 0 0 0 0 0 0 
1531 10 0 0 0 0 0 0 0 0 0 0 0 
1532 10 0 0 0 0 0 0 0 0 0 0 0 
1533 10 0 0 0 0 0 0 0 0 0 0 0 
1534 10 0 0 0 0 0 0 0 0 0 0 0 
1535 10 0 0 0 0 0 0 0 0 0 0 0 
1536 10 0 0 0 0 0 0 0 0 0 0 0 
1537 10 0 0 0 0 0 0 0 0 0 0 0 
1538 10 0 0 0 0 0 0 0 0 0 0 0 
1539 10 0 0 0 0 0 0 0 0 0 0 0 
1540 10 0 0 0 0 0 0 0 0 0 0 0 
1541 10 0 0 0 0 0 0 0 0 0 0 0 
1542 10 0 0 0 0 0 0 0 0 0 0 0 
1543 10 0 0 0 0 0 0 0 0 0 0 0 
1544 10 0 0 0 0 0 0 0 0 0 0 0 
1545 10 0 0 0 0 0 0 0 0 0 0 0 
1546 10 0 0 0 0 0 0 0 0 0 0 0 
1547 10 0 0 0 0 0 0 0 0 0 0 0 
1548 10 0 0 0 0 0 0 0 0 0 0 0 
1549 10 0 0 0 0 0 0 0 0 0 0 0 
1550 10 0 0 0 0 0 0 0 0 0 0 0 
1551 10 0 0 0 0 0 0 0 0 0 0 0 
1552 10 0 0 0 0 0 0 0 0 0 0 0 
1553 10 0 0 0 0 0 0 0 0 0 0 0 
1554 10 0 0 0 0 0 0 0 0 0 0 0 
1555 10 0 0 0 0 0 0 0 0 0 0 0 
1556 10 0 0 0 0 0 0 0 0 0 0 0 
1557 10 0 0 0 0 0 0 0 0 0 0 0 
1558 10 0 0 0 0 0 0 0 0 0 0 0 
1559 10 0 0 0 0 0 0 0 0 0 0 0 
1560 10 0 0 0 0 0 0 0 0 0 0 0 
1561 10 0 0 0 0 0 0 0 0 0 0 0 
1562 10 0 0 0 0 0 0 0 0 0 0 0 
1563 10 0 0 0 0 0 0 0 0 0 0 0 
1564 10 0 0 0 0 0 0 0 0 0 0 0 
1565 10 0 0 0 0 0 0 0 0 0 0 0 
1566 10 0 0 0 0 0 0 0 0 0 0 0 
1567 10 0 0 0 0 0 0 0 0 0 0 0 
1568 10 0 0 0 0 0 0 0 0 0 0 0 
1569 10 0 0 0 0 0 0 0 0 0 0 0 
1570 10 0 0 0 0 0 0 0 0 0 0 0 
1571 10 0 0 0 0 0 0 0 0 0 0 0 
1572 10 0 0 0 0 0 0 0 0 0 0 0 
1573 10 0 0 0 0 0 0 0 0 0 0 0 
1574 10 0 0 0 0 0 0 0 0 0 0 0 
1575 10 0 0 0 0 0 0 0 0 0 0 0 
1576 10 0 0 0 0 0 0 0 0 0 0 0 
1577 10 0 0 0 0 0 0 0 0 0 0 0 
1578 10 0 0 0 0 0 0 0 0 0 0 0 
1579 10 0 0 0 0 0 0 0 0 0 0 0 
1580 10 0 0 0 0 0 0 0 0 0 0 0 
1581 10 0 0 0 0 0 0 0 0 0 0 0 
1582 10 0 0 0 0 0 0 0 0 0 0 0 
1583 10 0 0 0 0 0 0 0 0 0 0 0 
1584 10 0 0 0 0 0 0 0 0 0 0 0 
1585 10 0 0 0 0 0 0 0 0 0 0 0 
1586 10 0 0 0 0 0 0 0 0 0 0 0 
1587 10 0 0 0 0 0 0 0 0 0 0 0 
1588 10 0 0 0 0 0 0 0 0 0 0 0 
1589 10 0 0 0 0 0 0 0 0 0 0 0 
1590 10 0 0 0 0 0 0 0 0 0 0 0 
1591 10 0 0 0 0 0 0 0 0 0 0 0 
1592 10 0 0 0 0 0 0 0 0 0 0 0 
1593 10 0 0 0 0 0 0 0 0 0 0 0 
1594 10 0 0 0 0 0 0 0 0 0 0 0 
1595 10 0 0 0 0 0 0 0 0 0 0 0 
1596 10 0 0 0 0 0 0 0 0 0 0 0 
1597 10 0 0 0 0 0 0 0 0 0 0 0 
1598 10 0 0 0 0 0 0 0 0 0 0 0 
1599 10 0 0 0 0 0 0 0 0 0 0 0 
1600 10 0 0 0 0 0 0 0 0 0 0 0 
1601 10 0 0 0 0 0 0 0 0 0 0 0 
1602 10 0 0 0 0 0 0 0 0 0 0 0 
1603 10 0 0 0 0 0 0 0 0 0 0 0 
1604 10 0 0 0 0 0 0 0 0 0 0 0 
1605 10 0 0 0 0 0 0 0 0 0 0 0 
1606 10 0 0 0 0 0 0 0 0 0 0 0 
1607 10 0 0 0 0 0 0 0 0 0 0 0 
1608 10 0 0 0 0 0 0 0 0 0 0 0 
1609 10 0 0 0 0 0 0 0 0 0 0 0 
1610 10 0 0 0 0 0 0 0 0 0 0 0 
1611 10 0 0 0 0 0 0 0 0 0 0 0 
1612 10 0 0 0 0 0 0 0 0 0 0 0 
1613 10 0 0 0 0 0 0 0 0 0 0 0 
1614 10 0 0 0 0 0 0 0 0 0 0 0 
1615 10 0 0 0 0 0 0 0 0 0 0 0 
1616 10 0 0 0 0 0 0 0 0 0 0 0 
1617 10 0 0 0 0 0 0 0 0 0 0 0 
1618 10 0 0 0 0 0 0 0 0 0 0 0 
1619 10 0 0 0 0 0 0 0 0 0 0 0 
1620 10 0 0 0 0 0 0 0 0 0 0 0 
1621 10 0 0 0 0 0 0 0 0 0 0 0 
1622 10 0 0 0 0 0 0 0 0 0 0 0 
1623 10 0 0 0 0 0 0 0 0 0 0 0 
1624 10 0 0 0 0 0 0 0 0 0 0 0 
1625 10 0 0 0 0 0 0 0 0 0 0 0 
1626 10 0 0 0 0 0 0 0 0 0 0 0 
1627 10 0 0 0 0 0 0 0 0 0 0 0 
1628 10 0 0 0 0 0 0 0 0 0 0 0 
1629 10 0 0 0 0 0 0 0 0 0 0 0 
1630 10 0 0 0 0 0 0 0 0 0 0 0 
1631 10 0 0 0 0 0 0 0 0 0 0 0 
1632 10 0 0 0 0 0 0 0 0 0 0 0 
1633 10 0 0 0 0 0 0 0 0 0 0 0 
1634 10 0 0 0 0 0 0 0 0 0 0 0 
1635 10 0 0 0 0 0 0 0 0 0 0 0 
1636 10 0 0 0 0 0 0 0 0 0 0 0 
1637 10 0 0 0 0 0 0 0 0 0 0 0 
1638 10 0 0 0 0 0 0 0 0 0 0 0 
1639 10 0 0 0 0 0 0 0 0 0 0 0 
1640 10 0 0 0 0 0 0 0 0 0 0 0 
1641 10 0 0 0 0 0 0 0 0 0 0 0 
1642 10 0 0 0 0 0 0 0 0 0 0 0 
1643 10 0 0 0 0 0 0 0 0 0 0 0 
1644 10 0 0 0 0 0 0 0 0 0 0 0 
1645 10 0 0 0 0 0 0 0 0 0 0 0 
1646 10 0 0 0 0 0 0 0 0 0 0 0 
1647 10 0 0 0 0 0 0 0 0 0 0 0 
1648 10 0 0 0 0 0 0 0 0 0 0 0 
1649 10 0 0 0 0 0 0 0 0 0 0 0 
1650 10 0 0 0 0 0 0 0 0 0 0 0 
1651 10 0 0 0 0 0 0 0 0 0 0 0 
1652 10 0 0 0 0 0 0 0 0 0 0 0 
1653 10 0 0 0 0 0 0 0 0 0 0 0 
1654 10 0 0 0 0 0 0 0 0 0 0 0 
1655 10 0 0 0 0 0 0 0 0 0 0 0 
1656 10 0 0 0 0 0 0 0 0 0 0 0 
1657 10 0 0 0 0 0 0 0 0 0 0 0 
1658 10 0 0 0 0 0 0 0 0 0 0 0 
1659 10 0 0 0 0 0 0 0 0 0 0 0 
1660 10 0 0 0 0 0 0 0 0 0 0 0 
1661 10 0 0 0 0 0 0 0 0 0 0 0 
1662 10 0 0 0 0 0 0 0 0 0 0 0 
1663 10 0 0 0 0 0 0 0 0 0 0 0 
1664 10 0 0 0 0 0 0 0 0 0 0 0 
1665 10 0 0 0 0 0 0 0 0 0 0 0 
1666 10 0 0 0 0 0 0 0 0 0 0 0 
1667 10 0 0 0 0 0 0 0 0 0 0 0 
1668 10 0 0 0 0 0 0 0 0 0 0 0 
1669 10 0 0 0 0 0 0 0 0 0 0 0 
1670 10 0 0 0 0 0 0 0 0 0 0 0 
1671 10 0 0 0 0 0 0 0 0 0 0 0 
1672 10 0 0 0 0 0 0 0 0 0 0 0 
1673 10 0 0 0 0 0 0 0 0 0 0 0 
1674 10 0 0 0 0 0 0 0 0 0 0 0 
1675 10 0 0 0 0 0 0 0 0 0 0 0 
1676 10 0 0 0 0 0 0 0 0 0 0 0 
1677 10 0 0 0 0 0 0 0 0 0 0 0 
1678 10 0 0 0 0 0 0 0 0 0 0 0 
1679 10 40 0 0 0 0 0 0 0 0 0 0 
1680 10 41 0 0 0 0 0 0 0 0 0 0 
1681 10 0 0 0 0 0 0 0 0 0 0 0 
1682 10 0 0 0 0 0 0 0 0 0 0 0 
1683 10 43 0 0 0 0 0 0 0 0 0 0 
1684 10 44 0 0 0 0 0 0 0 0 0 0 
1685 10 0 0 0 0 0 0 0 0 0 0 0 
1686 10 0 0 0 0 0 0 0 0 0 0 0 
1687 10 0 0 0 0 0 0 0 0 0 0 0 
1688 10 0 0 0 0 0 0 0 0 0 0 0 
1689 10 0 0 0 0 0 0 0 0 0 0 0 
1690 10 0 0 0 0 0 0 0 0 0 0 0 
1691 10 47 0 0 0 0 0 0 0 0 0 0 
1692 10 48 0 0 0 0 0 0 0 0 0 0 
1693 10 49 0 0 0 0 0 0 0 0 0 0 
1694 10 50 0 0 0 0 0 0 0 0 0 0 
1695 10 0 0 0 0 0 0 0 0 0 0 0 
1696 10 0 0 0 0 0 0 0 0 0 0 0 
1697 10 52 0 0 0 0 0 0 0 0 0 0 
1698 10 53 0 0 0 0 0 0 0 0 0 0 
1699 10 0 0 0 0 0 0 0 0 0 0 0 
1700 10 0 0 0 0 0 0 0 0 0 0 0 
1701 10 55 0 0 0 0 0 0 0 0 0 0 
1702 10 56 0 0 0 0 0 0 0 0 0 0 
1703 10 0 0 0 0 0 0 0 0 0 0 0 
1704 10 0 0 0 0 0 0 0 0 0 0 0 
1705 10 0 0 0 0 0 0 0 0 0 0 0 
1706 10 0 0 0 0 0 0 0 0 0 0 0 
1707 10 0 0 0 0 0 0 0 0 0 0 0 
1708 10 0 0 0 0 0 0 0 0 0 0 0 
1709 10 0 0 0 0 0 0 0 0 0 0 0 
1710 10 0 0 0 0 0 0 0 0 0 0 0 
1711 10 0 0 0 0 0 0 0 0 0 0 0 
1712 10 0 0 0 0 0 0 0 0 0 0 0 
1713 10 0 0 0 0 0 0 0 0 0 0 0 
1714 10 0 0 0 0 0 0 0 0 0 0 0 
1715 10 0 0 0 0 0 0 0 0 0 0 0 
1716 10 0 0 0 0 0 0 0 0 0 0 0 
1717 10 0 0 0 0 0 0 0 0 0 0 0 
1718 10 0 0 0 0 0 0 0 0 0 0 0 
1719 10 0 0 0 0 0 0 0 0 0 0 0 
1720 10 0 0 0 0 0 0 0 0 0 0 0 
1721 10 0 0 0 0 0 0 0 0 0 0 0 
1722 10 0 0 0 0 0 0 0 0 0 0 0 
1723 10 0 0 0 0 0 0 0 0 0 0 0 
1724 10 0 0 0 0 0 0 0 0 0 0 0 
1725 10 0 0 0 0 0 0 0 0 0 0 0 
1726 10 0 0 0 0 0 0 0 0 0 0 0 
1727 10 0 0 0 0 0 0 0 0 0 0 0 
1728 10 0 0 0 0 0 0 0 0 0 0 0 
1729 10 0 0 0 0 0 0 0 0 0 0 0 
1730 10 0 0 0 0 0 0 0 0 0 0 0 
1731 10 0 0 0 0 0 0 0 0 0 0 0 
1732 10 0 0 0 0 0 0 0 0 0 0 0 
1733 10 0 0 0 0 0 0 0 0 0 0 0 
1734 10 0 0 0 0 0 0 0 0 0 0 0 
1735 10 0 0 0 0 0 0 0 0 0 0 0 
1736 10 0 0 0 0 0 0 0 0 0 0 0 
1737 10 0 0 0 0 0 0 0 0 0 0 0 
1738 10 0 0 0 0 0 0 0 0 0 0 0 
1739 10 0 0 0 0 0 0 0 0 0 0 0 
1740 10 0 0 0 0 0 0 0 0 0 0 0 
1741 10 0 0 0 0 0 0 0 0 0 0 0 
1742 10 0 0 0 0 0 0 0 0 0 0 0 
1743 10 0 0 0 0 0 0 0 0 0 0 0 
1744 10 0 0 0 0 0 0 0 0 0 0 0 
1745 10 0 0 0 0 0 0 0 0 0 0 0 
1746 10 0 0 0 0 0 0 0 0 0 0 0 
1747 10 0 0 0 0 0 0 0 0 0 0 0 
1748 10 0 0 0 0 0 0 0 0 0 0 0 
1749 10 0 0 0 0 0 0 0 0 0 0 0 
1750 10 0 0 0 0 0 0 0 0 0 0 0 
1751 10 0 0 0 0 0 0 0 0 0 0 0 
1752 10 0 0 0 0 0 0 0 0 0 0 0 
1753 10 0 0 0 0 0 0 0 0 0 0 0 
1754 10 0 0 0 0 0 0 0 0 0 0 0 
1755 10 0 0 0 0 0 0 0 0 0 0 0 
1756 10 0 0 0 0 0 0 0 0 0 0 0 
1757 10 0 0 0 0 0 0 0 0 0 0 0 
1758 10 0 0 0 0 0 0 0 0 0 0 0 
1759 10 0 0 0 0 0 0 0 0 0 0 0 
1760 10 0 0 0 0 0 0 0 0 0 0 0 
1761 10 0 0 0 0 0 0 0 0 0 0 0 
1762 10 0 0 0 0 0 0 0 0 0 0 0 
1763 10 0 0 0 0 0 0 0 0 0 0 0 
1764 10 0 0 0 0 0 0 0 0 0 0 0 
1765 10 0 0 0 0 0 0 0 0 0 0 0 
1766 10 0 0 0 0 0 0 0 0 0 0 0 
1767 10 0 0 0 0 0 0 0 0 0 0 0 
1768 10 0 0 0 0 0 0 0 0 0 0 0 
1769 10 0 0 0 0 0 0 0 0 0 0 0 
1770 10 0 0 0 0 0 0 0 0 0 0 0 
1771 10 0 0 0 0 0 0 0 0 0 0 0 
1772 10 0 0 0 0 0 0 0 0 0 0 0 
1773 10 0 0 0 0 0 0 0 0 0 0 0 
1774 10 0 0 0 0 0 0 0 0 0 0 0 
1775 10 0 0 0 0 0 0 0 0 0 0 0 
1776 10 0 0 0 0 0 0 0 0 0 0 0 
1777 10 0 0 0 0 0 0 0 0 0 0 0 
1778 10 0 0 0 0 0 0 0 0 0 0 0 
1779 10 0 0 0 0 0 0 0 0 0 0 0 
1780 10 0 0 0 0 0 0 0 0 0 0 0 
1781 10 0 0 0 0 0 0 0 0 0 0 0 
1782 10 0 0 0 0 0 0 0 0 0 0 0 
1783 10 0 0 0 0 0 0 0 0 0 0 0 
1784 10 0 0 0 0 0 0 0 0 0 0 0 
1785 10 0 0 0 0 0 0 0 0 0 0 0 
1786 10 0 0 0 0 0 0 0 0 0 0 0 
1787 10 0 0 0 0 0 0 0 0 0 0 0 
1788 10 0 0 0 0 0 0 0 0 0 0 0 
1789 10 0 0 0 0 0 0 0 0 0 0 0 
1790 10 0 0 0 0 0 0 0 0 0 0 0 
1791 10 0 0 0 0 0 0 0 0 0 0 0 
1792 10 0 0 0 0 0 0 0 0 0 0 0 
1793 10 0 0 0 0 0 0 0 0 0 0 0 
1794 10 0 0 0 0 0 0 0 0 0 0 0 
1795 10 0 0 0 0 0 0 0 0 0 0 0 
1796 10 0 0 0 0 0 0 0 0 0 0 0 
1797 10 0 0 0 0 0 0 0 0 0 0 0 
1798 10 0 0 0 0 0 0 0 0 0 0 0 
1799 10 0 0 0 0 0 0 0 0 0 0 0 
1800 10 0 0 0 0 0 0 0 0 0 0 0 
1801 10 0 0 0 0 0 0 0 0 0 0 0 
1802 10 0 0 0 0 0 0 0 0 0 0 0 
1803 10 0 0 0 0 0 0 0 0 0 0 0 
1804 10 0 0 0 0 0 0 0 0 0 0 0 
1805 10 0 0 0 0 0 0 0 0 0 0 0 
1806 10 0 0 0 0 0 0 0 0 0 0 0 
1807 10 65 0 0 0 0 0 0 0 0 0 0 
1808 10 66 0 0 0 0 0 0 0 0 0 0 
1809 10 67 0 0 0 0 0 0 0 0 0 0 
1810 10 68 0 0 0 0 0 0 0 0 0 0 
1811 10 0 0 0 0 0 0 0 0 0 0 0 
1812 10 0 0 0 0 0 0 0 0 0 0 0 
1813 10 0 0 0 0 0 0 0 0 0 0 0 
1814 10 0 0 0 0 0 0 0 0 0 0 0 
1815 10 0 0 0 0 0 0 0 0 0 0 0 
1816 10 0 0 0 0 0 0 0 0 0 0 0 
1817 10 0 0 0 0 0 0 0 0 0 0 0 
1818 10 0 0 0 0 0 0 0 0 0 0 0 
1819 10 0 0 0 0 0 0 0 0 0 0 0 
1820 10 0 0 0 0 0 0 0 0 0 0 0 
1821 10 0 0 0 0 0 0 0 0 0 0 0 
1822 10 0 0 0 0 0 0 0 0 0 0 0 
1823 10 0 0 0 0 0 0 0 0 0 0 0 
1824 10 0 0 0 0 0 0 0 0 0 0 0 
1825 10 0 0 0 0 0 0 0 0 0 0 0 
1826 10 0 0 0 0 0 0 0 0 0 0 0 
1827 10 0 0 0 0 0 0 0 0 0 0 0 
1828 10 0 0 0 0 0 0 0 0 0 0 0 
1829 10 0 0 0 0 0 0 0 0 0 0 0 
1830 10 0 0 0 0 0 0 0 0 0 0 0 
1831 10 0 0 0 0 0 0 0 0 0 0 0 
1832 10 0 0 0 0 0 0 0 0 0 0 0 
1833 10 0 0 0 0 0 0 0 0 0 0 0 
1834 10 0 0 0 0 0 0 0 0 0 0 0 
1835 10 0 0 0 0 0 0 0 0 0 0 0 
1836 10 0 0 0 0 0 0 0 0 0 0 0 
1837 10 0 0 0 0 0 0 0 0 0 0 0 
1838 10 0 0 0 0 0 0 0 0 0 0 0 
1839 10 0 0 0 0 0 0 0 0 0 0 0 
1840 10 0 0 0 0 0 0 0 0 0 0 0 
1841 10 0 0 0 0 0 0 0 0 0 0 0 
1842 10 0 0 0 0 0 0 0 0 0 0 0 
1843 10 0 0 0 0 0 0 0 0 0 0 0 
1844 10 0 0 0 0 0 0 0 0 0 0 0 
1845 10 0 0 0 0 0 0 0 0 0 0 0 
1846 10 0 0 0 0 0 0 0 0 0 0 0 
1847 10 0 0 0 0 0 0 0 0 0 0 0 
1848 10 0 0 0 0 0 0 0 0 0 0 0 
1849 10 0 0 0 0 0 0 0 0 0 0 0 
1850 10 0 0 0 0 0 0 0 0 0 0 0 
1851 10 0 0 0 0 0 0 0 0 0 0 0 
1852 10 0 0 0 0 0 0 0 0 0 0 0 
1853 10 0 0 0 0 0 0 0 0 0 0 0 
1854 10 0 0 0 0 0 0 0 0 0 0 0 
1855 10 0 0 0 0 0 0 0 0 0 0 0 
1856 10 0 0 0 0 0 0 0 0 0 0 0 
1857 10 0 0 0 0 0 0 0 0 0 0 0 
1858 10 0 0 0 0 0 0 0 0 0 0 0 
1859 10 0 0 0 0 0 0 0 0 0 0 0 
1860 10 0 0 0 0 0 0 0 0 0 0 0 
1861 10 0 0 0 0 0 0 0 0 0 0 0 
1862 10 0 0 0 0 0 0 0 0 0 0 0 
1863 10 0 0 0 0 0 0 0 0 0 0 0 
1864 10 0 0 0 0 0 0 0 0 0 0 0 
1865 10 0 0 0 0 0 0 0 0 0 0 0 
1866 10 0 0 0 0 0 0 0 0 0 0 0 
1867 10 0 0 0 0 0 0 0 0 0 0 0 
1868 10 0 0 0 0 0 0 0 0 0 0 0 
1869 10 0 0 0 0 0 0 0 0 0 0 0 
1870 10 0 0 0 0 0 0 0 0 0 0 0 
1871 10 0 0 0 0 0 0 0 0 0 0 0 
1872 10 0 0 0 0 0 0 0 0 0 0 0 
1873 10 0 0 0 0 0 0 0 0 0 0 0 
1874 10 0 0 0 0 0 0 0 0 0 0 0 
1875 10 0 0 0 0 0 0 0 0 0 0 0 
1876 10 0 0 0 0 0 0 0 0 0 0 0 
1877 10 0 0 0 0 0 0 0 0 0 0 0 
1878 10 0 0 0 0 0 0 0 0 0 0 0 
1879 10 0 0 0 0 0 0 0 0 0 0 0 
1880 10 0 0 0 0 0 0 0 0 0 0 0 
1881 10 0 0 0 0 0 0 0 0 0 0 0 
1882 10 0 0 0 0 0 0 0 0 0 0 0 
1883 10 0 0 0 0 0 0 0 0 0 0 0 
1884 10 0 0 0 0 0 0 0 0 0 0 0 
1885 10 86 0 0 0 0 0 0 0 0 0 0 
1886 10 87 0 0 0 0 0 0 0 0 0 0 
1887 10 88 0 0 0 0 0 0 0 0 0 0 
1888 10 89 0 0 0 0 0 0 0 0 0 0 
1889 10 0 0 0 0 0 0 0 0 0 0 0 
1890 10 0 0 0 0 0 0 0 0 0 0 0 
1891 10 0 0 0 0 0 0 0 0 0 0 0 
1892 10 0 0 0 0 0 0 0 0 0 0 0 
1893 10 92 0 0 0 0 0 0 0 0 0 0 
1894 10 93 0 0 0 0 0 0 0 0 0 0 
1895 10 94 0 0 0 0 0 0 0 0 0 0 
1896 10 95 0 0 0 0 0 0 0 0 0 0 
1897 10 96 0 0 0 0 0 0 0 0 0 0 
1898 10 97 0 0 0 0 0 0 0 0 0 0 
1899 10 0 0 0 0 0 0 0 0 0 0 0 
1900 10 0 0 0 0 0 0 0 0 0 0 0 
1901 10 0 0 0 0 0 0 0 0 0 0 0 
1902 10 0 0 0 0 0 0 0 0 0 0 0 
1903 10 0 0 0 0 0 0 0 0 0 0 0 
1904 10 0 0 0 0 0 0 0 0 0 0 0 
1905 10 0 0 0 0 0 0 0 0 0 0 0 
1906 10 0 0 0 0 0 0 0 0 0 0 0 
1907 10 0 0 0 0 0 0 0 0 0 0 0 
1908 10 0 0 0 0 0 0 0 0 0 0 0 
1909 10 0 0 0 0 0 0 0 0 0 0 0 
1910 10 0 0 0 0 0 0 0 0 0 0 0 
1911 10 0 0 0 0 0 0 0 0 0 0 0 
1912 10 0 0 0 0 0 0 0 0 0 0 0 
1913 10 0 0 0 0 0 0 0 0 0 0 0 
1914 10 0 0 0 0 0 0 0 0 0 0 0 
1915 10 0 0 0 0 0 0 0 0 0 0 0 
1916 10 0 0 0 0 0 0 0 0 0 0 0 
1917 10 0 0 0 0 0 0 0 0 0 0 0 
1918 10 0 0 0 0 0 0 0 0 0 0 0 
1919 10 0 0 0 0 0 0 0 0 0 0 0 
1920 10 0 0 0 0 0 0 0 0 0 0 0 
1921 10 0 0 0 0 0 0 0 0 0 0 0 
1922 10 0 0 0 0 0 0 0 0 0 0 0 
1923 10 0 0 0 0 0 0 0 0 0 0 0 
1924 10 0 0 0 0 0 0 0 0 0 0 0 
1925 10 0 0 0 0 0 0 0 0 0 0 0 
1926 10 0 0 0 0 0 0 0 0 0 0 0 
1927 10 0 0 0 0 0 0 0 0 0 0 0 
1928 10 0 0 0 0 0 0 0 0 0 0 0 
1929 10 0 0 0 0 0 0 0 0 0 0 0 
1930 10 0 0 0 0 0 0 0 0 0 0 0 
1931 10 0 0 0 0 0 0 0 0 0 0 0 
1932 10 0 0 0 0 0 0 0 0 0 0 0 
1933 10 0 0 0 0 0 0 0 0 0 0 0 
1934 10 0 0 0 0 0 0 0 0 0 0 0 
1935 10 0 0 0 0 0 0 0 0 0 0 0 
1936 10 0 0 0 0 0 0 0 0 0 0 0 
1937 10 0 0 0 0 0 0 0 0 0 0 0 
1938 10 0 0 0 0 0 0 0 0 0 0 0 
1939 10 0 0 0 0 0 0 0 0 0 0 0 
1940 10 0 0 0 0 0 0 0 0 0 0 0 
1941 10 0 0 0 0 0 0 0 0 0 0 0 
1942 10 0 0 0 0 0 0 0 0 0 0 0 
1943 10 0 0 0 0 0 0 0 0 0 0 0 
1944 10 0 0 0 0 0 0 0 0 0 0 0 
1945 10 0 0 0 0 0 0 0 0 0 0 0 
1946 10 0 0 0 0 0 0 0 0 0 0 0 
1947 10 0 0 0 0 0 0 0 0 0 0 0 
1948 10 0 0 0 0 0 0 0 0 0 0 0 
1949 10 0 0 0 0 0 0 0 0 0 0 0 
1950 10 0 0 0 0 0 0 0 0 0 0 0 
1951 10 0 0 0 0 0 0 0 0 0 0 0 
1952 10 0 0 0 0 0 0 0 0 0 0 0 
1953 10 0 0 0 0 0 0 0 0 0 0 0 
1954 10 0 0 0 0 0 0 0 0 0 0 0 
1955 10 0 0 0 0 0 0 0 0 0 0 0 
1956 10 0 0 0 0 0 0 0 0 0 0 0 
1957 10 0 0 0 0 0 0 0 0 0 0 0 
1958 10 0 0 0 0 0 0 0 0 0 0 0 
1959 10 0 0 0 0 0 0 0 0 0 0 0 
1960 10 0 0 0 0 0 0 0 0 0 0 0 
1961 10 0 0 0 0 0 0 0 0 0 0 0 
1962 10 0 0 0 0 0 0 0 0 0 0 0 
1963 10 0 0 0 0 0 0 0 0 0 0 0 
1964 10 0 0 0 0 0 0 0 0 0 0 0 
1965 10 0 0 0 0 0 0 0 0 0 0 0 
1966 10 0 0 0 0 0 0 0 0 0 0 0 
1967 10 0 0 0 0 0 0 0 0 0 0 0 
1968 10 0 0 0 0 0 0 0 0 0 0 0 
1969 10 0 0 0 0 0 0 0 0 0 0 0 
1970 10 0 0 0 0 0 0 0 0 0 0 0 
1971 10 0 0 0 0 0 0 0 0 0 0 0 
1972 10 0 0 0 0 0 0 0 0 0 0 0 
1973 10 0 0 0 0 0 0 0 0 0 0 0 
1974 10 0 0 0 0 0 0 0 0 0 0 0 
1975 10 0 0 0 0 0 0 0 0 0 0 0 
1976 10 0 0 0 0 0 0 0 0 0 0 0 
1977 10 0 0 0 0 0 0 0 0 0 0 0 
1978 10 0 0 0 0 0 0 0 0 0 0 0 
1979 10 0 0 0 0 0 0 0 0 0 0 0 
1980 10 0 0 0 0 0 0 0 0 0 0 0 
1981 10 0 0 0 0 0 0 0 0 0 0 0 
1982 10 0 0 0 0 0 0 0 0 0 0 0 
1983 10 0 0 0 0 0 0 0 0 0 0 0 
1984 10 0 0 0 0 0 0 0 0 0 0 0 
1985 10 0 0 0 0 0 0 0 0 0 0 0 
1986 10 0 0 0 0 0 0 0 0 0 0 0 
1987 10 0 0 0 0 0 0 0 0 0 0 0 
1988 10 0 0 0 0 0 0 0 0 0 0 0 
1989 10 0 0 0 0 0 0 0 0 0 0 0 
1990 10 0 0 0 0 0 0 0 0 0 0 0 
1991 10 0 0 0 0 0 0 0 0 0 0 0 
1992 10 0 0 0 0 0 0 0 0 0 0 0 
1993 10 0 0 0 0 0 0 0 0 0 0 0 
1994 10 0 0 0 0 0 0 0 0 0 0 0 
1995 10 0 0 0 0 0 0 0 0 0 0 0 
1996 10 0 0 0 0 0 0 0 0 0 0 0 
1997 10 0 0 0 0 0 0 0 0 0 0 0 
1998 10 0 0 0 0 0 0 0 0 0 0 0 
1999 10 0 0 0 0 0 0 0 0 0 0 0 
2000 10 0 0 0 0 0 0 0 0 0 0 0 
2001 10 0 0 0 0 0 0 0 0 0 0 0 
2002 10 0 0 0 0 0 0 0 0 0 0 0 
2003 10 0 0 0 0 0 0 0 0 0 0 0 
2004 10 0 0 0 0 0 0 0 0 0 0 0 
2005 10 0 0 0 0 0 0 0 0 0 0 0 
2006 10 0 0 0 0 0 0 0 0 0 0 0 
2007 10 0 0 0 0 0 0 0 0 0 0 0 
2008 10 0 0 0 0 0 0 0 0 0 0 0 
2009 10 0 0 0 0 0 0 0 0 0 0 0 
2010 10 0 0 0 0 0 0 0 0 0 0 0 
2011 10 0 0 0 0 0 0 0 0 0 0 0 
2012 10 0 0 0 0 0 0 0 0 0 0 0 
2013 10 0 0 0 0 0 0 0 0 0 0 0 
2014 10 0 0 0 0 0 0 0 0 0 0 0 
2015 10 0 0 0 0 0 0 0 0 0 0 0 
2016 10 0 0 0 0 0 0 0 0 0 0 0 
2017 10 0 0 0 0 0 0 0 0 0 0 0 
2018 10 0 0 0 0 0 0 0 0 0 0 0 
2019 10 0 0 0 0 0 0 0 0 0 0 0 
2020 10 0 0 0 0 0 0 0 0 0 0 0 
2021 10 0 0 0 0 0 0 0 0 0 0 0 
2022 10 0 0 0 0 0 0 0 0 0 0 0 
2023 10 0 0 0 0 0 0 0 0 0 0 0 
2024 10 0 0 0 0 0 0 0 0 0 0 0 
2025 10 0 0 0 0 0 0 0 0 0 0 0 
2026 10 0 0 0 0 0 0 0 0 0 0 0 
2027 10 0 0 0 0 0 0 0 0 0 0 0 
2028 10 0 0 0 0 0 0 0 0 0 0 0 
2029 10 0 0 0 0 0 0 0 0 0 0 0 
2030 10 0 0 0 0 0 0 0 0 0 0 0 
2031 10 0 0 0 0 0 0 0 0 0 0 0 
2032 10 0 0 0 0 0 0 0 0 0 0 0 
2033 10 0 0 0 0 0 0 0 0 0 0 0 
2034 10 0 0 0 0 0 0 0 0 0 0 0 
2035 10 0 0 0 0 0 0 0 0 0 0 0 
2036 10 0 0 0 0 0 0 0 0 0 0 0 
2037 10 0 0 0 0 0 0 0 0 0 0 0 
2038 10 0 0 0 0 0 0 0 0 0 0 0 
2039 10 0 0 0 0 0 0 0 0 0 0 0 
2040 10 0 0 0 0 0 0 0 0 0 0 0 
2041 10 0 0 0 0 0 0 0 0 0 0 0 
2042 10 0 0 0 0 0 0 0 0 0 0 0 
2043 10 0 0 0 0 0 0 0 0 0 0 0 
2044 10 0 0 0 0 0 0 0 0 0 0 0 
2045 10 0 0 0 0 0 0 0 0 0 0 0 
2046 10 0 0 0 0 0 0 0 0 0 0 0 

0 5 2 2 0.2 12 11 5 -2 39 -2 44 9 22 -2 34 1 -10 -1 38 -2 -13 -2 -2 8 -17 -2 1 -3 -27 4 0.984615 192 -2 2 9 -4 8 -25 0 39 7 -26 -19 -20 -1 38 1 22 4 -18 11 13 -6 34 2 -26 5 -13 0 17 5 -7 -6 17 4 -32 3 9 -7 32 2 -20 -17 -17 3 -19 3 -32 -1 -20 -2 -4 -3 -24 -4 32 2 35 2 15 -8 -25 -16 -25 -23 -21 -4 -18 -14 -30 -5 -19 0 -23 -6 -25 2 -18 14 -12 13 26 -6 -23 0 0 -16 6 -8 41 11 37 -23 42 11 36 -16 18 1 22 -10 43 -10 42 -10 39 13 15 -2 -19 -15 -27 12 15 -22 -10 -11 45 -1 -21 -8 -1 -8 0 -11 -27 2 -24 -8 8 -11 -26 -12 -33 -2 44 -12 -29 11 17 7 17 -19 39 -21 13 -4 24 -14 39 7 10 -2 33 -10 6 -22 30 2 -21 -23 8 -12 42 -10 -31 -11 11 3 -30 -6 -25 -16 37 -12 -1 11 -25 -2 42 -24 -25 -13 9 -14 -6 8 -9 0 -5 -13 7 -13 28 9 -6 12 45 6 16 -4 40 12 43 -23 -19 -14 34 7 9 -15 15 -14 20 -10 -28 -6 -8 -11 -18 -22 -10 -11 -12 -12 5 -16 0 -3 1 -20 43 -10 44 -4 10 -3 -26 -19 27 -19 26 5 20 -7 35 -9 -24 -9 -29 -8 -11 13 32 -3 29 -3 12 -20 -9 -6 17 -17 37 -20 15 5 12 -4 4 -20 13 10 -17 -16 38 -3 25 -11 -32 -12 39 -7 10 -9 -25 -3 13 -4 -6 -13 17 -13 11 5 -8 -5 45 -17 34 -22 -17 -22 1 -8 12 -16 40 -24 -11 -8 -28 -9 -34 5 -20 -19 17 -20 4 8 24 13 -22 -17 20 -4 4 4 8 -13 -33 -4 -21 -8 -25 -24 -10 -17 17 10 -10 -6 19 -25 12 1 -32 -17 5 -19 -24 8 -8 -4 37 -13 -17 -12 25 -19 -32 -8 27 4 13 -13 1 -4 22 -6 31 14 -8 5 -8 4 -26 14 -2 -15 11 -16 12 2 25 
1 5 2 2 0.226415 6 -15 36 -14 -16 17 -3 14 37 -14 24 16 -36 4 0.982036 82 25 -10 -12 -36 14 -28 17 -29 22 -10 -19 -31 11 -11 -11 -16 10 -39 11 -20 20 -22 15 -20 20 -18 10 17 -10 -16 16 -43 26 -25 14 19 8 6 13 -4 25 -33 24 -8 -10 -4 15 35 24 -23 8 41 7 -12 15 -31 13 11 -23 16 22 11 18 -13 16 -11 -23 44 21 -22 21 -34 -20 -35 19 -28 -14 16 16 2 21 -5 -14 27 -23 25 -23 34 14 3 15 -18 17 -21 15 30 13 9 -25 -40 15 -36 -22 30 -20 -44 -22 -24 14 -37 21 -28 14 -30 12 -7 -22 -35 -8 -8 -21 35 10 37 -12 37 3 -31 -8 10 16 37 12 21 7 -40 21 -17 1 -38 14 30 20 7 17 15 13 43 6 -38 13 -7 13 33 10 22 -16 -39 8 11 -17 -31 -22 -21 
2 5 2 2 0.6 3 16 -8 13 17 15 16 4 0.914286 8 10 21 17 -7 15 15 14 2 14 -23 26 -36 18 -9 19 -31 
3 5 2 2 0.981818 27 10 25 14 -41 13 -30 12 -27 13 -24 15 -7 12 -17 11 -19 11 -2 13 -15 13 -20 10 22 14 -1 12 -18 13 -10 15 28 13 13 13 15 11 28 14 -9 12 -33 17 -36 15 3 14 -4 11 -2 10 23 9 21 4 0.228571 2 25 -17 26 -16 
4 5 2 2 0.300752 10 -10 26 -15 14 -12 -26 -11 -14 -11 -5 -10 -1 -13 -45 -13 -46 -10 -47 -14 -53 4 0.973822 93 16 14 8 28 22 -6 12 18 16 18 21 22 26 -32 14 -43 21 -15 14 9 24 -39 10 -9 -22 -41 22 -9 13 -37 8 -27 21 9 18 22 10 -28 11 -38 7 -7 7 -13 9 -33 -9 29 9 -35 7 -24 6 1 6 6 -4 28 -14 28 16 22 -11 -29 -12 -3 -8 28 -10 13 -20 -20 -18 -7 -22 -27 -6 -19 -5 -19 -10 -8 -13 -17 -8 9 -9 22 -2 -22 -6 -6 -6 10 -11 21 7 -21 -4 -3 -9 -5 -1 -5 -12 -19 -13 -31 -6 23 -6 23 -4 27 -2 21 -15 -2 -15 6 -17 -17 -9 27 -21 21 -21 -7 -19 5 -18 -24 15 2 -23 12 -23 21 17 -11 21 -43 -19 -35 15 -3 -22 -39 7 -34 16 8 7 8 7 10 7 11 -6 -7 8 11 17 -21 0 -37 15 -15 16 -14 -24 -42 4 -38 -21 -40 -2 -37 4 -41 -14 -44 -3 -45 4 -45 
5 5 2 2 0.992248 32 10 2 16 -4 9 6 11 -19 8 18 8 -3 15 25 10 23 8 9 9 16 10 0 7 -28 9 15 16 -19 16 -10 10 14 7 -23 7 13 12 -20 13 4 7 -1 12 8 14 26 8 6 4 -27 7 7 6 7 6 8 9 -8 5 -16 5 20 7 -2 4 0.111111 1 19 -6 
6 5 2 2 0.5 3 4 21 0 5 10 22 4 0.941176 12 -1 19 -4 16 2 -31 2 -29 3 -26 -2 22 -11 -29 -15 19 -13 -13 9 -28 -2 9 2 -25 
7 5 2 2 0.886364 78 4 -37 11 -4 11 -3 1 -4 4 -4 9 -3 8 33 9 -26 1 -7 16 5 9 -44 -14 -14 -10 -33 -2 -10 -15 -36 -11 -26 -14 -12 -4 -9 -7 -9 -19 -34 -8 -24 -15 -18 -14 -4 -20 -26 3 -33 -4 -37 9 25 -10 4 -17 -21 -3 -31 -11 -27 -4 -19 -9 -32 -14 -27 -15 -32 7 39 -18 39 -14 -18 -13 17 -5 -27 -14 -23 -10 -24 12 -30 -20 -24 -20 -22 6 -19 -8 -11 -16 -30 -14 -31 -9 -33 4 -44 11 -34 12 -35 -10 -32 -19 -34 13 -38 -12 -29 -7 -25 10 -35 -16 -32 -17 -19 -14 -33 6 -23 -17 -24 -7 -9 -14 -10 -12 -21 -19 -20 13 -20 4 -18 7 -15 -14 9 -14 10 -14 40 -13 36 -19 40 -15 43 -13 42 4 0.672269 40 4 28 0 15 15 -32 -1 16 19 26 -14 9 -9 1 3 1 -8 -14 -4 -5 -22 -17 -21 -27 7 -15 -20 -26 -13 -16 -16 -45 -20 45 -17 -26 -20 43 -11 -31 -14 -17 5 12 -17 -29 5 -31 22 -36 -19 -27 10 -25 8 -25 10 -31 -21 -12 -14 -7 -17 43 4 -33 4 -28 -15 4 25 -31 -14 -18 -9 -24 -16 40 -9 45 
8 5 2 2 0.969697 8 13 15 11 11 11 12 12 -14 11 -11 11 -6 11 3 10 -31 4 0.333333 1 24 0 
9 5 2 2 0.340426 4 7 25 4 26 9 -28 -11 -36 4 0.96875 31 22 -33 9 2 22 -8 22 27 21 7 21 10 8 10 21 -2 24 -14 7 -9 21 -11 7 -18 26 -1 24 -6 22 8 23 19 21 -3 2 -23 20 23 1 -31 12 -19 12 25 11 16 8 -9 -11 -31 9 22 -11 -30 -15 -14 9 9 8 -18 -8 8 
10 5 2 2 0.761905 4 -3 -13 8 -12 5 -9 9 -6 4 0.833333 5 10 -31 -5 -30 19 -30 12 -28 0 1 
11 5 2 2 0.978186 213 -3 -1 5 16 0 -20 -4 12 -1 16 9 -30 2 19 10 4 0 -13 12 -27 2 -11 7 -36 9 7 4 -32 1 -36 8 -34 6 -28 -2 -34 6 -29 6 -27 0 -34 5 26 -7 -44 -10 9 8 19 -4 -31 -10 39 -1 -21 -1 -10 -1 -28 3 0 -2 1 6 -31 2 -2 -2 -36 4 -28 -15 40 -5 -11 13 -34 5 24 16 -29 15 -28 -4 -15 -6 -15 -3 -20 -1 -18 -3 -14 0 -14 -13 -15 1 -1 1 0 1 -24 1 1 -5 14 -1 -17 -1 13 0 -18 -2 -24 8 -30 -20 44 -3 13 -5 -15 6 -23 -4 13 -6 7 -14 -18 7 -38 -20 45 5 -6 1 -31 -3 -11 -1 6 -9 12 0 7 1 -26 -9 -9 1 6 -20 -35 2 3 -13 -20 1 -29 -7 20 -10 -32 2 13 -4 3 0 -19 1 -21 3 -11 -10 -31 -5 22 -6 -10 -2 5 -5 -22 5 -11 4 24 -20 37 3 3 -2 21 -18 -32 4 -22 1 -6 6 5 1 13 -18 -21 4 -15 -10 -34 -8 7 7 -24 5 -1 -3 1 -8 6 -7 -31 6 -27 -8 -6 -7 -33 -9 -29 -6 -28 -8 -5 5 9 7 19 -5 13 -4 -28 -14 -30 4 -15 6 -2 -3 -28 -6 3 3 -8 -4 -21 -20 -25 11 -16 -19 -19 -2 -14 1 7 3 40 2 3 6 -16 0 7 -18 -33 -10 -21 1 25 11 -7 -5 16 7 8 6 7 5 -3 5 3 -8 -30 2 -36 -17 -33 1 -32 -8 -20 -11 -34 -3 -4 1 12 4 -6 9 -24 -6 -16 -6 24 -10 -10 6 0 6 10 9 -27 6 16 -10 -34 -2 7 6 -15 6 18 8 27 5 -19 -15 -9 2 45 -4 10 3 -22 10 16 -5 2 -5 -2 8 1 -10 -9 8 16 -5 -10 -7 -44 5 22 -18 -12 5 -18 6 -16 3 2 -6 11 1 20 2 -21 1 5 16 -23 1 -1 -1 -2 3 26 -16 -20 12 15 3 11 -6 -29 12 1 5 -14 3 20 -10 -34 6 6 3 14 4 -7 12 6 6 22 6 25 4 21 5 18 0 23 6 -18 4 0.262976 19 -18 44 -3 -21 -4 -30 12 -28 -14 -8 -20 -19 -18 -19 10 -19 8 -32 2 -30 3 -20 2 -22 -5 -24 9 23 16 13 2 -20 -18 -31 8 9 -4 -3 
12 5 2 2 0.949153 42 6 -3 -3 8 9 -3 16 -5 7 12 10 27 10 2 13 25 -11 -6 -6 22 -5 -8 -10 -5 -8 -7 9 -10 -8 -11 6 20 5 25 0 25 -9 -11 -18 42 7 5 2 1 -4 -2 -15 44 -12 42 -15 41 -17 43 -9 4 13 -6 15 -19 -8 4 13 15 -10 12 11 5 3 -6 -13 42 6 22 -4 12 8 -16 10 24 11 23 16 -13 4 0.461538 9 1 -8 4 8 18 18 6 -11 20 21 3 -28 -2 11 -12 40 16 25 
13 5 2 2 0.6 3 8 6 6 10 4 -6 4 0.914286 8 14 -7 5 12 19 -17 19 23 5 -9 18 12 19 16 -9 -19 
14 5 2 2 0.993631 39 -7 25 -12 -1 -6 -1 -6 -7 -12 18 -6 22 -3 6 -10 12 -10 6 -6 19 -13 -2 -1 11 0 8 -9 3 -11 7 -10 2 -3 16 -9 20 -8 1 -2 1 -10 5 -14 -3 -7 19 -17 -4 -12 15 -14 11 -8 4 -10 4 -8 20 -10 23 -9 11 -11 9 -11 7 -11 16 -11 10 -9 -4 -5 -1 -4 11 -13 13 4 0.0930233 1 3 0 
15 5 2 2 0.917431 25 -10 15 -7 26 -15 -2 -10 10 -10 7 -6 13 -8 -2 -8 -1 -14 21 -9 24 -10 -4 -8 27 4 41 4 45 4 33 3 31 -8 25 4 30 4 31 -8 25 1 30 -10 28 -2 27 -6 31 -4 25 4 0.590164 9 -9 5 2 17 -13 23 -16 12 6 24 -16 -2 -11 30 -6 28 -18 -2 
16 5 2 2 0.4 1 -9 -4 4 0.96 6 -3 21 -6 -3 -5 31 -4 31 0 29 -12 -2 
17 5 2 2 0.923077 3 7 29 6 31 16 -49 4 0.571429 1 -14 4 
18 5 2 2 0.121212 1 -15 32 4 0.991453 29 18 -42 -15 8 24 -6 0 36 -1 37 -20 39 -16 36 -13 34 -22 36 -11 36 -18 38 -18 40 -22 36 -13 38 -20 36 -18 27 -18 36 -20 14 -14 29 -16 16 -19 16 -18 13 -23 20 -13 19 24 35 24 -11 -19 24 -19 25 -20 38 
19 5 2 2 0.742616 44 -1 -38 0 -39 -4 -36 -11 28 -11 32 2 -37 -4 35 2 -40 -2 -41 1 2 -1 -39 -4 44 -13 45 4 -39 -7 42 -3 -40 12 -39 3 17 11 -42 -15 33 -2 43 5 27 -3 -37 -4 -41 -7 -37 -16 8 1 27 13 42 -13 27 -13 -1 4 -38 -12 -37 -5 24 -9 -9 -4 22 -15 11 4 -27 -12 -38 -1 30 -10 2 -9 -40 -14 35 -9 -38 5 -36 4 0.847222 61 0 -37 4 6 -4 -8 2 -33 -10 45 -7 -35 10 -37 -16 32 -6 7 0 12 -12 43 -11 32 -13 42 7 35 -7 37 -12 -35 -14 31 2 -38 -12 -7 -17 -40 -8 -8 8 34 -20 23 -6 44 5 43 7 -44 -16 2 -21 28 -11 24 -4 44 4 15 -10 36 -12 24 -5 33 -11 19 -6 -13 -10 4 7 -41 4 28 -17 23 -18 -37 -9 -2 -19 -6 -6 -11 -2 37 -5 42 6 -37 -1 -9 -5 40 -9 20 -16 -36 -8 4 -20 22 -9 4 -18 -17 -11 -8 -7 -4 -11 32 -19 7 -7 -5 1 -12 
20 5 2 2 0.861977 242 -3 -7 -13 39 -2 45 -11 -40 -17 41 -18 35 -15 44 7 23 -11 -37 -16 2 -11 30 -8 -17 -4 24 7 16 -8 -13 -6 44 9 -4 -4 4 5 -36 -16 30 12 -40 -9 40 -6 29 5 -14 -12 -14 -18 -38 5 25 1 29 -2 8 -16 36 -16 11 -14 -39 16 45 -14 42 5 -15 -18 -13 -11 43 -9 24 -11 -12 -16 36 -1 -23 12 -38 15 -40 10 -17 3 -39 -14 -39 -6 42 13 46 15 43 -17 -38 3 -43 11 -40 2 -35 9 42 -17 -39 7 -32 0 -30 -7 37 -9 24 -6 -10 7 -40 -7 6 2 -43 -5 16 -14 6 -15 -13 3 -45 12 39 4 45 0 -39 -14 26 -9 -9 4 -17 5 21 -12 39 11 -38 13 43 15 42 -14 39 2 -29 -10 28 -6 37 -7 -7 -8 20 2 33 -5 20 -1 -26 7 43 3 -19 4 -19 3 -16 -9 38 2 41 -5 33 -8 32 7 25 -6 -39 -2 -47 -13 -17 -1 41 -5 34 -17 38 9 33 -18 11 -4 -42 -16 -43 12 44 -15 17 6 -40 -8 11 -13 -9 -7 34 -6 38 -12 13 -15 28 3 39 -8 -45 -12 6 -15 19 -12 10 -13 -41 5 33 -11 -42 3 -36 -14 -24 -9 35 -8 40 -9 8 8 33 -2 41 -14 22 6 43 4 -49 -2 -45 -15 38 -9 17 -6 9 -8 21 -7 15 11 39 -10 -8 15 -39 -15 -41 -15 37 -15 23 15 25 12 -45 -4 -40 -16 -42 -17 -42 -11 26 -12 16 -17 17 16 -41 -3 25 9 -36 -16 17 -5 -2 -17 16 -8 -21 -2 39 -10 35 -10 -5 -12 -8 1 -43 -11 25 8 29 -6 -25 -14 -6 4 -41 -3 -46 -17 17 4 -36 1 28 0 33 10 -36 13 34 -4 26 -18 22 4 37 11 35 -18 37 8 36 7 37 14 -45 6 7 11 26 13 -46 3 38 6 -43 9 -45 -15 -41 -16 2 16 34 5 31 -2 31 14 28 -10 -44 16 28 14 30 -6 28 1 28 1 -8 -3 38 -4 -12 -13 -42 -1 -26 8 38 4 35 1 -12 1 -43 6 37 3 38 -6 24 -14 20 7 -46 -5 -42 -18 -2 -15 -11 15 -46 6 -25 12 36 -1 35 10 -41 8 -32 7 -13 9 -42 7 -42 -18 -10 0 -5 -3 37 -10 -20 6 35 5 36 2 31 6 31 -2 -21 2 32 3 34 -4 -19 13 28 14 26 4 0.719258 155 10 27 -12 -34 10 12 -11 32 -10 30 -12 1 -7 38 -15 21 -4 33 -17 -41 13 42 -8 -7 -21 8 -8 -37 13 -42 -2 9 -20 -10 -8 41 -12 -42 -13 31 -10 28 11 13 18 43 -14 24 -19 -39 -20 -3 -21 -2 18 30 -3 -36 -8 24 -18 -13 -4 -44 0 -4 -17 9 19 45 2 -38 -2 -42 1 28 -7 -39 -4 15 -3 -37 -19 39 7 38 -17 -12 1 27 -8 -2 15 -44 8 11 -2 3 11 -41 -15 32 -5 -8 22 10 2 -26 -3 5 -2 27 11 -41 -9 -33 9 6 -8 -21 -19 1 4 -35 -17 -21 -12 -21 -17 -36 -3 -2 14 37 -1 -1 7 44 17 37 -17 -6 -13 -39 0 -31 -15 16 -14 -42 -18 19 16 39 14 -19 6 -24 -9 -26 2 41 -20 -10 -8 -10 9 32 -13 -9 -15 2 -12 -27 15 -40 16 -23 11 -10 11 30 -11 7 10 29 -14 18 15 36 7 0 -11 -24 -13 -20 12 -24 -7 -5 -7 38 7 38 2 -42 15 -20 8 42 -12 -45 23 28 -17 -7 -8 12 2 -40 -8 -41 1 37 -4 -40 11 -7 -10 9 0 -28 -18 -2 -21 1 -6 -41 14 -21 -8 -45 -12 -42 2 -40 17 34 11 34 -5 -18 11 -1 7 -25 24 -17 4 42 1 -13 -7 19 3 -17 15 -1 18 36 -7 -43 9 39 -23 18 16 -5 6 44 20 0 8 -43 20 -24 17 -4 1 39 10 -41 -10 -42 -13 -39 -13 -43 22 -37 20 -42 14 -42 -22 38 16 7 26 -44 
21 5 2 2 0.990099 25 -20 -18 -14 10 -20 30 -19 -13 -20 35 -19 -1 -20 -14 -20 11 -20 -39 -19 -40 -19 5 -19 -39 -20 21 -15 -13 -20 25 -15 -9 -20 18 -15 -46 -19 -39 -14 -40 -20 5 -20 34 -20 33 -20 33 -19 32 4 0.137931 1 -25 38 
22 5 2 2 0.190476 2 15 -32 -5 -18 4 0.985507 34 7 24 8 26 6 18 17 -34 12 24 12 33 -24 -14 -18 40 -24 -15 -21 6 -25 -29 -11 9 -12 3 -22 21 -14 -17 -24 -22 -22 10 -13 11 -22 21 5 -8 -21 26 7 -41 -18 45 -20 45 -25 19 -3 -40 -4 -16 -25 13 -18 29 -23 30 -15 -28 1 41 -13 39 -23 -19 
23 5 2 2 0.896552 13 -6 -39 -1 3 -7 -9 3 28 2 5 3 24 2 2 -7 -28 1 19 2 -3 -7 -31 0 -39 -8 -39 4 0.648649 6 -24 -9 -10 32 0 -30 1 29 0 17 -5 -24 
24 5 2 2 0.0888889 1 -7 -38 4 0.993939 41 -23 40 -17 19 -1 -28 -1 22 -17 30 0 -15 0 -30 -1 31 13 5 13 2 -18 1 0 34 1 27 13 -38 -10 -26 13 -31 -19 10 -5 -36 14 -24 15 -29 -5 -27 -18 32 15 -32 -20 -34 -4 -13 -8 -45 -21 3 -24 1 -24 7 -4 -41 -2 -40 5 -44 -19 -43 -1 -45 -20 -45 -3 -44 2 -45 -22 38 -9 -44 -2 -45 -5 -45 
25 5 4 0 0.190476 1 -2 68 2 0.333333 2 15 -41 -3 -52 3 0.761905 8 -4 40 -3 37 -25 42 8 35 -3 82 -8 37 -21 44 21 39 4 0.717949 7 24 -44 -6 -45 -23 -44 -16 -43 6 -44 1 -44 12 -45 
26 5 2 2 0.930233 10 -3 -48 -8 -52 -14 -51 -11 -51 -15 -50 7 -50 -2 -49 -1 -48 6 -48 15 -52 3 0.545455 3 -17 85 -21 39 -35 81 
27 5 2 2 0.210526 1 20 10 4 0.983607 15 15 -1 17 38 16 16 20 40 26 37 10 35 15 12 24 33 9 38 19 32 26 -18 23 45 18 22 19 -4 21 -22 
28 5 2 2 0.989247 23 21 -19 17 -17 18 -26 12 43 15 -4 14 -31 16 13 16 6 16 18 13 -5 15 -8 12 24 14 21 17 0 14 -21 15 12 14 20 14 11 13 3 12 26 12 -6 17 6 17 23 4 0.148148 1 14 -25 
29 5 2 2 0.823529 7 17 -14 16 -30 18 2 13 -22 17 41 18 42 13 44 4 0.774194 6 19 31 12 16 13 11 20 0 6 42 24 45 
30 5 2 2 0.228571 2 11 30 11 44 4 0.981818 27 6 32 26 -22 11 27 24 24 24 -14 11 -10 11 23 25 13 9 6 10 -17 9 30 22 -30 21 -5 6 37 6 32 4 5 23 45 22 -4 19 19 5 43 20 44 17 7 16 21 16 6 16 3 20 30 14 37 
31 5 2 2 0.75 6 17 42 14 -32 14 40 18 -33 16 52 15 -33 4 0.842105 8 19 30 21 -33 18 -34 20 5 23 -32 20 21 12 -19 21 -30 
32 5 2 2 0.992248 32 18 26 14 -29 19 23 19 27 18 34 16 -25 18 25 17 31 16 -35 19 16 16 -36 14 -36 16 -25 12 -41 18 -38 18 3 12 -43 16 49 14 -26 13 45 2 52 18 -42 16 -39 17 -38 5 51 15 4 15 10 12 52 -8 53 16 23 14 53 16 53 4 0.111111 1 8 31 
33 5 3 2 0.862745 11 18 -35 16 -22 21 -34 19 16 19 -10 19 22 19 8 18 -25 21 45 21 39 20 -27 3 0.190476 1 27 73 4 0.666667 6 20 44 13 11 16 -2 22 19 21 -16 22 -15 
34 5 2 0 0.837209 9 20 -42 23 -73 14 58 19 30 12 28 16 -40 20 27 -12 82 -17 82 3 0.756757 7 12 75 3 74 9 89 15 75 31 -13 -19 33 30 -22 
35 5 2 0 0.413793 3 -18 92 15 9 -16 46 3 0.957747 17 -31 28 -14 90 -38 24 15 64 -30 29 18 95 -10 100 3 100 15 -41 9 34 14 87 -27 80 -17 95 41 -38 6 98 5 98 -38 -98 
36 5 3 0 0.875 7 -17 26 -19 31 -14 49 -12 78 -17 89 -23 34 -24 32 3 0.285714 1 -38 100 4 0.6 3 18 -40 20 -41 6 -40 
37 5 2 0 0.551724 4 18 -12 16 -64 15 -67 12 -69 3 0.928571 13 23 25 18 76 19 76 28 76 -31 96 23 70 -12 18 32 61 36 29 24 66 13 71 24 70 19 70 
38 5 3 0 0.974212 85 -3 92 19 26 3 81 -1 90 -4 84 -4 90 1 89 -8 93 16 -54 13 60 13 51 11 63 15 -52 10 63 20 -69 7 31 10 27 15 52 10 25 -12 35 5 64 7 34 2 90 -9 38 10 66 7 37 12 36 -21 92 13 25 13 38 6 68 2 31 -19 39 13 66 3 30 -7 38 7 56 6 38 -20 40 4 59 2 27 -14 40 -22 35 18 38 -20 35 16 37 -18 35 -15 40 -2 29 11 39 -7 80 -4 78 17 32 0 41 -9 34 -7 31 -13 43 4 81 -13 30 -4 75 16 -48 8 73 -2 27 -17 82 -20 41 -13 29 -23 39 -15 50 -21 85 -14 26 -21 23 -20 22 -12 83 -19 24 -12 56 -12 56 -6 21 -2 27 -7 51 -11 27 18 -80 -1 44 -9 53 5 43 -5 53 3 0.271186 8 14 97 -28 78 27 33 -32 95 5 80 6 76 -35 24 -9 88 4 0.0412371 1 8 -41 
39 5 3 0 0.816327 10 1 52 -22 41 21 -72 -4 76 4 51 22 -90 -7 75 -10 77 -20 76 -9 77 3 0.744186 8 1 81 -39 71 26 91 24 -97 25 93 17 -69 -2 43 -41 56 4 0.181818 1 26 -42 
40 5 3 0 0.121212 1 16 -43 1 0.121212 1 16 35 3 0.982456 28 8 39 16 -8 16 1 25 -23 29 57 18 90 28 -13 14 79 19 -53 34 42 7 14 23 35 37 -37 25 -81 -22 97 -37 89 -18 97 -25 40 -29 90 -29 91 -20 95 9 95 20 7 -21 36 -40 77 -25 43 -38 33 -21 90 
41 5 3 0 0.909091 5 15 44 17 42 12 43 14 41 17 39 2 0.4 1 18 16 3 0.4 1 -9 13 
42 5 4 0 0.615385 4 22 -47 18 -47 15 -55 20 -51 2 0.521739 3 8 47 8 46 16 45 3 0.615385 4 28 31 11 66 42 -28 20 85 4 0.521739 3 13 26 19 -10 16 -12 
43 5 4 0 0.32 2 23 -71 16 -76 2 0.816327 10 19 29 21 -22 19 -8 19 31 17 31 19 30 18 -29 20 -19 19 17 19 18 3 0.648649 6 41 -98 25 69 23 92 30 -97 30 -98 38 -97 4 0.181818 1 10 21 
44 5 4 0 0.545455 6 -15 83 -20 82 -13 77 -14 78 -18 73 -20 59 2 0.421053 4 19 38 20 45 20 -25 17 24 3 0.25 2 -41 44 38 64 4 0.823529 14 25 45 9 1 19 -2 19 25 21 27 24 42 26 42 11 -14 11 12 20 -10 19 1 25 17 10 42 10 40 
45 5 3 0 0.266667 1 24 -84 3 0.952381 10 25 -97 36 -82 20 59 32 -87 34 -91 45 -39 38 -16 23 6 36 -18 44 -27 4 0.266667 1 20 34 
46 5 4 0 0.32 2 15 -36 15 -31 2 0.648649 6 15 -28 1 48 -11 48 -11 46 -4 50 17 -6 3 0.816327 10 39 3 31 -57 30 -51 30 -13 37 1 25 74 29 -45 22 93 37 10 26 57 4 0.181818 1 25 -36 
47 5 3 0 0.5 3 0 43 11 34 -1 33 2 0.5 3 21 5 21 1 16 -31 3 0.857143 9 -39 38 -6 99 1 82 -42 31 -37 30 -30 96 -17 23 -41 34 -24 -99 
48 5 4 0 0.910412 94 2 50 4 47 6 52 16 65 9 60 6 46 11 56 3 45 -8 24 8 60 5 65 10 63 8 49 9 49 -9 88 -5 75 17 86 5 90 21 86 19 88 18 84 9 52 15 82 -4 76 0 75 21 87 24 90 8 81 8 79 19 93 25 87 23 86 15 92 7 84 0 77 3 77 3 76 4 78 9 76 18 -59 -2 74 19 50 6 75 5 67 22 76 25 -74 12 71 -11 20 13 71 20 65 25 62 11 72 11 59 22 57 13 66 14 71 18 52 21 62 23 56 19 41 22 64 6 44 25 53 16 49 22 35 19 57 19 36 14 77 20 60 12 74 15 68 17 64 13 68 17 50 -16 91 -12 89 15 67 9 69 1 21 15 65 17 48 -2 77 -21 91 18 64 -21 91 19 70 13 46 0 21 7 68 25 -79 -21 90 -21 93 17 52 22 2 1 0.0583942 2 16 39 17 39 2 0.248447 10 20 -14 21 -22 20 -22 17 -26 20 6 19 -12 21 -14 19 -29 18 20 19 -34 3 0.485437 25 -36 43 -37 43 39 -15 13 94 34 -87 41 -56 18 92 44 43 43 -28 42 53 34 43 -42 13 32 -48 39 44 30 -6 33 -82 34 -12 41 -31 24 -82 -38 83 -37 39 22 -84 -4 16 17 -69 21 10 
49 5 2 0 0.96 12 13 40 15 41 17 40 24 40 16 16 2 42 4 19 18 55 -10 42 17 72 17 44 23 -38 3 0.4 2 36 81 29 76 
50 5 3 0 0.580645 18 23 6 15 11 19 -44 19 -43 18 -55 0 21 23 -62 23 -20 20 -58 20 51 15 74 15 48 21 3 18 77 19 -12 21 45 21 48 -24 88 3 0.914798 51 29 21 25 60 39 2 33 -35 28 -73 36 74 34 -9 32 68 41 48 31 -47 22 84 32 59 35 95 43 -32 22 -63 42 83 25 99 28 73 37 -40 18 79 38 23 14 92 32 88 42 13 36 -15 40 12 35 -69 34 58 43 -20 37 -28 33 -28 36 11 36 53 25 42 43 43 35 97 37 85 31 96 42 97 36 99 41 -67 41 37 43 81 38 100 36 -77 43 -71 40 85 27 98 40 -44 26 -98 -33 96 4 0.0547945 1 26 43 
51 5 3 0 0.857143 6 -2 86 14 -57 -11 85 17 -63 -12 87 13 15 2 0.307692 1 -15 49 3 0.631579 3 31 59 -16 96 2 81 
52 5 3 0 0.571429 1 -5 93 3 0.8 2 29 28 15 29 4 0.571429 1 20 -22 
53 5 2 0 0.190476 1 23 -65 3 0.985507 17 -38 74 23 -94 19 17 16 20 37 -78 34 45 34 57 9 53 38 28 32 5 43 27 28 81 38 57 -19 99 17 27 10 59 -14 100 
54 5 4 0 0.222222 1 -23 90 2 0.380952 2 20 -4 21 -20 3 0.857143 9 43 -16 39 77 -43 -25 -43 -41 44 1 -44 26 -43 31 42 -95 42 18 4 0.5 3 18 42 -25 43 21 39 
55 5 2 3 0.888889 2 39 51 25 -67 4 0.666667 1 21 -1 
56 5 2 3 0.166667 1 45 -35 4 0.987654 20 19 14 17 10 20 25 21 21 20 12 19 12 14 12 18 10 20 22 21 14 17 31 21 -4 15 -1 18 -16 18 7 19 8 16 -26 17 33 12 39 21 -22 
57 5 2 0 0.888889 6 23 -6 23 0 20 -8 22 18 16 22 8 24 3 0.666667 3 30 65 35 17 -13 94 
58 5 2 3 0.980392 25 2 95 29 40 23 62 25 30 22 32 16 32 5 -72 16 33 13 17 24 20 36 32 -6 90 45 -23 39 56 38 28 37 5 44 -25 30 76 40 52 33 32 38 55 37 74 24 -49 41 35 45 -19 4 0.242424 2 20 40 21 29 
59 5 2 0 0.258065 6 17 -46 21 13 13 -19 19 -34 21 -31 20 11 3 0.978723 69 40 -26 42 2 16 -87 31 -27 32 -1 31 49 30 38 14 4 40 -56 41 4 24 2 26 -64 38 -36 25 11 12 28 31 70 28 -7 38 -30 33 -16 41 -31 41 -73 37 31 31 -7 35 22 31 26 36 -76 38 -43 31 -7 35 -60 36 -82 38 23 31 -81 15 -88 36 34 28 -13 35 -83 35 66 41 -84 33 28 33 -39 23 -45 41 -67 22 -36 39 -61 39 -41 41 25 32 11 34 20 25 -55 24 -58 39 -52 29 19 26 -70 41 -72 25 22 19 -53 39 -29 45 0 42 -36 15 -61 40 -61 28 -24 25 -3 37 -8 29 68 23 -39 35 64 44 -3 34 -3 
60 5 3 0 0.413793 3 25 23 24 33 24 41 2 0.923077 15 21 -25 21 -28 21 16 21 -8 21 33 21 19 20 2 20 3 21 -5 21 37 20 18 20 33 21 -16 20 -5 21 34 4 0.307692 2 22 -15 26 15 
61 5 4 0 0.842105 8 24 -28 24 -50 25 -27 24 52 24 61 25 84 25 11 24 92 2 0.235294 1 19 -37 3 0.4 2 44 16 42 31 4 0.521739 3 21 -33 22 -20 22 -11 
62 5 3 0 0.727273 4 24 54 25 62 24 26 25 -22 3 0.727273 4 7 92 -26 83 42 71 44 43 4 0.5 2 22 29 22 44 
63 5 2 0 0.181818 1 25 0 4 0.986301 18 23 36 23 12 22 35 22 -21 23 10 22 1 22 22 22 30 23 31 23 4 23 -7 22 -7 23 3 23 15 23 -13 22 15 22 -25 14 -34 
64 5 3 0 0.989691 96 -2 66 4 63 15 -50 -2 63 -8 67 13 -47 -11 66 15 -48 15 -47 16 -52 14 -40 14 -39 14 29 13 -46 11 -36 15 -40 18 39 16 29 12 7 15 -11 17 -5 18 12 14 -23 7 -42 16 12 14 4 18 2 18 17 13 -1 13 -38 15 12 11 -1 8 -38 13 -10 17 -7 15 6 11 -3 13 0 7 -40 15 13 18 22 16 34 11 1 17 -3 15 21 15 -34 12 -11 17 -65 14 -5 14 -15 12 -3 12 7 17 17 15 10 14 -35 16 -4 9 -5 14 -23 17 15 7 -10 10 -40 14 4 10 5 15 -58 12 -9 10 -7 13 10 10 19 10 -1 14 -4 16 -10 14 -14 14 32 13 16 15 2 11 -2 10 9 12 -42 24 -45 17 -52 13 19 18 -54 15 -52 12 -41 10 -10 16 -2 17 -60 12 -52 14 -5 14 -56 5 -7 14 -3 17 -63 10 5 10 -6 16 -61 1 0.038835 1 13 2 3 0.110092 3 28 -6 30 -9 16 54 
65 5 4 0 0.444444 4 25 -50 23 -76 16 -61 12 -11 2 0.571429 6 18 -18 15 22 13 3 11 -26 8 35 11 -19 3 0.825397 13 28 48 28 50 25 -59 24 -61 23 -33 23 -10 36 -32 28 -62 24 -41 27 -76 24 -45 25 -64 37 -14 4 0.148148 1 7 -32 
66 5 3 0 0.96 18 13 -77 10 -36 16 -51 13 -10 13 -30 12 -60 10 -2 13 -60 10 -64 12 3 4 57 -17 67 -16 67 -17 66 -12 67 -14 70 -14 67 -14 68 1 0.166667 1 14 -1 3 0.296296 2 24 -56 20 -8 
67 5 3 0 0.75 21 21 -26 18 -37 17 -36 13 -45 11 -68 19 -24 11 14 10 13 10 7 21 -14 13 -42 17 -33 10 -22 8 33 12 -43 5 15 5 -8 5 -5 11 -61 8 -19 13 -16 1 0.145455 2 14 5 12 -19 3 0.818898 26 24 -31 23 -23 22 22 19 -83 35 -28 20 -7 18 -45 17 -12 22 6 26 48 22 17 14 -12 15 47 19 -38 15 4 20 26 20 56 18 -2 18 -37 16 -16 15 -48 17 61 25 0 21 -21 20 -11 19 -75 
68 5 3 0 0.544379 23 10 -60 15 -67 5 -19 15 -47 10 -43 6 -58 11 -57 7 7 7 -6 8 -37 1 -33 7 13 5 -49 8 13 2 -64 5 -59 6 42 16 -15 4 -58 5 -61 2 3 7 -63 10 -2 1 0.894737 68 14 27 12 -24 11 -31 13 20 12 -2 11 -28 12 11 12 -8 12 -6 14 21 14 32 14 -6 11 -16 11 26 12 -19 11 3 13 13 13 8 11 34 11 32 10 -4 14 29 13 14 11 30 14 -14 9 -31 11 18 12 -31 10 -21 10 -24 11 -9 8 -13 9 -20 10 27 12 -23 12 -22 9 2 9 -32 9 9 9 7 9 -8 9 -8 10 18 9 28 8 -17 9 16 9 15 6 33 10 -14 9 19 14 -5 7 7 7 -7 6 -1 7 8 5 -28 8 19 6 1 5 -23 7 -8 6 1 6 -12 5 -4 5 3 7 -13 12 -32 12 -34 10 -35 3 0.283465 9 17 -30 15 -89 18 13 18 39 28 -1 -26 39 32 -43 19 -91 18 -92 
69 5 3 0 0.973545 46 6 40 13 45 11 41 15 33 7 -58 8 -30 13 -21 11 9 13 28 13 24 11 14 10 25 8 -25 10 27 10 24 7 31 12 -34 8 -18 8 15 12 -28 5 -7 5 6 6 -70 8 -15 3 5 13 -71 6 -69 10 8 10 49 9 7 9 28 4 25 4 25 11 -66 4 -46 4 5 4 -19 3 7 6 -26 2 -39 5 -53 4 -73 2 -51 14 -25 1 0 1 -28 1 0.253968 4 11 35 11 -28 8 -5 10 7 3 0.0740741 1 35 -1 
70 5 3 0 0.444444 2 0 0 1 -24 1 0.923077 9 8 7 11 -2 11 3 10 16 8 4 11 0 8 -32 6 -6 8 -35 3 0.266667 1 25 -36 
71 5 3 0 0.24 3 -2 1 7 35 -3 -10 1 0.0909091 1 3 11 3 0.973684 37 8 -74 11 -21 10 -50 -32 -25 -33 -9 -29 -24 -43 -13 -30 -4 -43 11 14 10 -31 -23 -31 -24 -35 43 -28 42 14 14 -42 -37 -39 -57 -27 -23 -36 -83 -29 7 -34 -80 -35 -23 -38 60 -39 29 -36 -26 -33 -9 -34 6 -34 -17 -36 1 -39 66 -41 22 -40 43 -42 14 -41 54 -43 40 -42 -23 -38 3 
72 5 2 0 0.989691 144 -2 48 -17 1 -19 -52 -17 -36 -22 -33 -12 47 -15 -17 -17 30 -23 -75 -14 3 -17 -31 -19 -21 -8 48 -23 -38 -15 0 -17 28 -24 -69 -14 -39 -17 35 -23 -31 -16 -71 -15 -30 -17 -47 -16 31 -15 -39 -12 -49 -12 -18 -22 14 -11 -32 -14 -27 -14 35 -12 24 -14 -77 -12 24 -17 5 -14 -35 -9 7 -17 17 -18 3 -10 -27 -19 -66 -11 -17 -7 -32 -12 -45 -13 -2 -13 28 -16 -21 -9 -17 -19 -44 -9 -27 -9 14 -7 10 -15 -24 -15 -6 -9 -45 -15 8 -12 24 -11 -35 -12 -17 -15 11 -8 -24 -6 20 -17 -59 2 1 -1 6 -14 -43 -9 -3 3 2 -13 -27 -15 32 5 4 6 -2 -4 -30 -8 -38 -5 15 -3 1 -11 -2 -11 -48 -16 -49 -13 -45 -8 -2 6 13 -11 35 -3 -21 -4 18 -12 -41 -2 14 -9 -58 -12 -17 -1 -24 -1 -21 -12 7 -13 -25 1 16 -10 -19 -6 15 -6 32 -3 -33 -5 29 -11 -41 0 -23 -23 -61 -2 -31 -8 -56 4 18 3 -12 -6 -15 -6 -18 -1 -14 3 12 -8 -18 -11 -19 -3 -19 -1 -20 -12 -64 -5 27 1 -38 -5 0 3 4 -1 -16 10 0 2 9 -9 -63 -6 17 -3 2 -1 34 7 -48 -7 -34 -4 -12 -8 42 2 34 -10 48 -8 -60 6 2 -4 27 -1 14 12 -8 -3 -40 3 -28 -8 -8 2 -7 2 -39 -11 4 -3 -6 3 0.142857 6 -27 44 -39 -33 -39 -31 -42 2 -43 -13 10 4 
73 5 3 0 0.756757 7 -5 42 3 -65 1 -62 6 -73 6 -38 -6 25 11 -46 1 0.571429 4 -11 -34 -2 -35 5 -31 -1 -28 3 0.645161 5 1 -46 10 53 9 53 7 -14 7 -40 
74 5 3 0 0.976378 31 -1 -31 2 44 6 -67 1 26 2 -27 -3 -61 -6 48 0 -64 1 -44 4 -24 5 -69 1 -65 6 31 5 -7 0 31 -2 5 -5 -17 -4 -4 2 -47 -3 -70 -4 -70 -7 -15 0 27 4 29 0 -57 -6 -29 -7 -3 -14 -26 -4 -29 -19 -17 0 13 1 0.108108 1 5 1 3 0.2 2 7 44 -43 -28 
75 5 2 0 0.2 1 9 -59 3 0.984615 16 22 -5 2 -58 16 -29 4 -49 4 -75 8 58 7 9 22 -35 9 49 7 -22 13 51 6 -72 9 24 11 36 9 -21 23 -2 
76 5 2 0 0.190476 1 3 59 3 0.985507 17 26 -11 16 -68 23 29 23 34 22 31 21 -19 21 -6 25 13 25 4 14 12 26 -24 10 55 22 -30 14 17 0 -73 5 -26 10 48 
77 5 2 1 0.888889 2 17 35 14 37 3 0.666667 1 3 11 
78 5 3 0 0.137931 1 -3 63 1 0.979592 24 14 -34 17 -37 17 -37 16 -35 15 28 17 11 16 -27 16 26 16 28 17 20 14 -11 15 29 15 0 17 -31 16 -29 16 -10 15 -15 17 -2 17 25 17 1 16 -11 16 33 16 31 16 -31 3 0.137931 1 22 8 
79 5 3 0 0.869565 5 0 63 0 65 -3 65 4 63 10 -72 1 0.363636 1 17 -23 3 0.571429 2 10 -67 13 -78 
80 5 2 0 0.969697 8 -10 20 -7 15 -24 17 -12 18 -5 18 -13 18 -22 21 14 6 3 0.333333 1 0 28 
81 5 5 0 0.551724 4 -8 17 -14 70 22 -77 6 19 1 0.2 1 16 32 2 0.347826 2 13 -43 10 -40 3 0.818182 9 15 10 -17 4 13 17 -14 14 4 -57 8 74 -25 11 -28 16 28 -94 4 0.2 1 3 -42 
82 5 2 0 0.949153 14 -24 -31 -14 60 -20 4 -23 3 -24 1 -22 -8 -23 -24 -11 2 -23 -72 -8 12 -11 -8 -23 -25 -20 -49 -21 -37 3 0.461538 3 -31 -88 -37 43 -28 -9 
83 5 2 0 0.666667 6 -12 35 -21 -70 -7 1 -9 36 -15 62 -13 65 3 0.888889 12 -27 -47 -9 -12 -29 19 -33 41 -28 11 -31 -14 -30 -85 22 -30 7 -67 12 -9 14 -70 -7 64 
84 5 2 0 0.0384615 1 -17 10 3 0.997506 100 -17 -42 5 -26 -40 -81 -39 -80 -37 -88 -15 76 -15 82 -23 23 -16 -49 -19 -49 -19 21 -4 -90 -28 -63 -4 15 -21 -46 -18 74 -26 22 -13 83 -16 69 -1 -33 -30 58 -29 -48 -31 25 -26 26 -31 23 -28 19 -31 23 -26 -45 -27 -70 -43 -49 -25 -32 -6 -62 -13 -30 -34 -5 -14 -51 -22 -31 -14 -28 -11 56 -12 -40 -35 -60 -17 -95 -19 5 -20 -13 -9 1 -36 -56 -19 -35 -13 30 -8 53 -14 22 -17 46 -36 -29 -37 -58 -17 26 -32 64 -5 -27 -6 -83 -23 -66 -5 -36 -24 -68 -23 -35 -5 15 -5 16 -40 42 -29 8 -31 -8 -26 64 -8 65 -28 9 -16 -88 -24 7 -10 40 -19 49 -12 -23 2 -11 -23 -57 -18 -17 -30 -73 -13 -20 -13 -6 -8 -19 -43 4 -21 26 -24 53 -16 9 5 -4 -15 -5 -31 -43 -21 -3 -22 -24 3 -26 -22 -30 -27 52 -22 -19 -33 18 -14 3 -14 34 -7 35 -26 -67 -12 -20 -38 52 
85 5 2 0 0.909091 5 -15 -41 -16 -54 -11 -69 -16 -9 -7 -75 3 0.615385 2 10 -7 -7 17 
86 5 2 0 0.382353 13 -3 -22 -8 -67 -1 -51 -13 10 3 -47 1 -75 -9 10 -18 -68 -19 -71 -10 -57 -23 -78 -10 -12 -15 -43 3 0.962751 84 -15 -62 -18 17 -1 -68 -25 28 6 -3 -23 70 7 -1 -22 -35 -7 -3 -21 22 -13 46 7 -80 -24 46 -14 3 0 -27 -6 -1 -5 66 6 -20 -15 4 4 -40 3 16 -17 19 -13 -11 -8 64 -16 -12 -2 9 -1 9 4 -25 -22 16 -1 44 -11 -46 2 -9 -14 -36 -13 1 -17 50 -28 -49 1 34 -4 11 -23 22 9 -37 -30 -79 -11 0 -29 12 -16 -33 -35 -7 -39 -45 -8 35 15 -18 -13 73 10 -21 -6 12 -28 -5 6 15 -10 -46 -22 41 8 -15 -29 28 -22 -31 -28 1 -3 -9 -23 -18 -30 -79 -20 -35 -21 15 -37 -37 -25 23 -32 -31 -28 66 -12 -22 -34 -69 6 23 -1 57 7 7 -33 -37 -37 9 3 -30 -12 66 -19 53 -6 53 9 4 -22 -20 -30 47 -17 -14 -31 -66 
87 5 2 0 0.8 4 7 2 4 -2 -16 -14 -18 -11 3 0.8 4 -39 19 -32 12 -29 -18 -34 2 
88 5 3 0 0.571429 4 -24 -72 -23 -4 -22 -73 -20 -34 1 0.210526 1 -12 10 3 0.897959 11 6 65 -36 -69 -35 46 -35 -36 -38 -70 -37 1 -37 -25 -39 30 -28 -36 -35 -26 -42 47 
89 5 2 0 0.444444 3 -21 -37 -19 -36 -20 -64 1 0.952381 15 -14 -26 -12 -14 -14 -13 -14 -19 -14 -9 -13 -26 -14 -26 -13 6 -13 7 -12 28 -11 -12 -9 -19 -9 16 -6 -8 -5 -6 
90 5 2 0 0.923077 12 -13 -43 -17 -59 -14 -63 -10 51 -3 29 -16 -57 -7 -54 -13 -69 -13 27 -13 33 -1 46 -6 9 3 0.571429 4 16 45 22 -33 13 17 7 29 
91 5 2 0 0.980132 37 5 48 2 17 7 19 8 -70 -16 -55 -17 -53 -9 -55 -12 -52 -16 -47 -17 -35 -13 -35 -15 -55 -4 -56 -14 5 -9 -25 -6 -42 -15 -70 -8 -41 -14 -31 -10 -4 -10 -52 -7 -41 -6 -8 -9 -9 -4 -18 -5 -16 -10 -40 -11 -65 -11 -48 -7 -52 -9 22 -5 -52 -12 -63 -8 -52 -6 -5 -5 -80 -6 -72 3 0.244898 3 -42 -1 -43 -91 0 -70 
92 5 3 0 0.571429 2 2 14 -3 -23 1 0.705882 3 4 -17 9 24 5 -17 3 0.705882 3 4 -41 4 -35 3 27 
93 5 3 0 0.949153 14 4 -17 3 -70 3 -65 7 42 3 -55 5 -46 0 -53 6 -78 8 -80 9 -70 10 -72 -4 -73 6 -73 1 -73 1 0.2 1 7 35 3 0.347826 2 21 -30 5 -95 
94 5 3 0 0.685714 6 -1 20 -11 41 -14 -11 -11 -71 -11 -38 0 25 1 0.685714 6 2 -34 1 -34 -10 32 -11 -33 -14 27 -8 -26 3 0.625 5 -28 -30 -5 -66 -1 -31 -26 -27 0 -95 
95 5 3 0 0.479495 38 -19 -69 -3 15 -13 -22 -11 -24 -4 -44 -4 8 -1 -2 -10 -67 2 -79 -3 -40 -9 -25 3 -72 -9 -67 0 -70 -10 -70 -10 -59 -3 -34 -4 -16 -5 -38 -7 -32 -1 44 -6 -64 9 -72 -2 -51 3 -67 -5 -52 1 -34 0 -29 -4 -45 6 -67 2 -62 2 -10 4 -57 0 -65 2 -57 3 -48 5 43 6 -51 1 0.937042 160 3 18 -12 -9 -13 -1 4 -14 -8 8 -12 34 -7 25 -10 11 -12 6 -3 27 -9 8 -10 11 -11 7 -2 27 -8 9 -12 -25 -8 2 -11 15 -12 18 -8 19 -8 14 -13 14 -4 24 -7 14 -6 -34 -6 22 -1 1 2 16 2 -5 -10 34 -10 26 -8 15 -7 -5 -7 3 -10 1 -6 20 -1 -17 -8 32 -11 -24 1 -7 -5 3 -12 -13 -6 0 -6 27 -10 -20 -5 2 -3 -4 -9 -27 -8 5 -2 -10 -2 29 -1 -6 -7 -3 -8 29 2 13 -5 -2 0 -4 -4 29 1 -13 -7 -31 -6 -4 -9 21 2 -24 -4 16 -5 -1 7 28 -3 -10 -8 -14 -5 0 -5 8 6 18 1 -10 -3 -8 3 -26 -6 33 -9 -18 -1 2 4 21 -2 27 6 -8 -11 -9 -8 -27 8 18 -9 -24 -4 3 8 -6 -1 34 -1 -9 -3 19 7 20 6 -35 -5 10 5 -19 3 2 1 -14 4 1 -3 20 0 21 3 5 1 -22 -6 -9 -2 20 -1 -10 4 -35 4 6 0 29 0 -12 0 17 4 -27 9 19 -8 -12 6 27 -5 -17 -2 -22 1 28 2 33 -2 -16 -3 27 4 20 3 -10 4 5 5 9 -1 10 0 22 -2 8 6 19 -1 34 4 15 -6 -15 -7 -25 3 -20 -1 29 2 30 2 2 2 29 -7 -22 0 22 -4 11 3 13 -1 3 -2 11 -2 34 1 13 1 9 5 -18 3 10 1 11 6 11 5 9 1 16 -1 15 -1 11 0 8 1 33 0 11 2 31 -4 -24 0 -22 -5 -20 -5 -21 3 0.0917431 5 22 -32 1 -33 21 -2 -8 -37 -8 -34 
96 5 2 0 0.9 9 0 -65 2 39 -8 -44 1 -58 0 -73 -3 -60 -4 -74 -10 -70 0 1 3 0.64 4 10 -72 6 48 -1 10 11 19 
97 5 3 0 0.444444 4 -10 -50 -2 -74 -3 -26 -2 -12 1 0.8 12 6 33 -3 22 -2 35 -4 35 -3 33 -1 -20 1 24 0 11 3 24 -5 33 0 27 5 30 3 0.666667 8 -18 19 -13 -31 -2 -40 18 11 12 33 3 -27 18 -9 20 7 
98 5 3 0 0.777778 7 -17 -2 -17 -7 -18 -46 -16 -40 -15 -47 -14 39 -9 20 1 0.380952 2 -8 16 -7 26 3 0.727273 6 -26 -91 -21 -58 -18 -38 -19 -94 -12 2 -15 -39 
99 5 2 0 0.981132 13 -9 -77 -3 42 -7 5 -7 39 -7 37 -8 7 -5 23 -5 8 1 35 2 37 -6 -12 -1 3 -3 -12 1 0.235294 1 -4 7 
100 5 2 0 0.96 6 14 -43 -5 -24 -4 -24 -2 43 -5 -48 -2 -27 3 0.4 1 -38 1 
101 5 2 0 0.857143 3 -12 -22 5 5 8 -55 3 0.727273 2 7 -15 5 42 
102 5 2 1 0.210526 2 -3 -33 0 -28 3 0.983607 30 -3 47 -10 50 8 48 16 -1 14 -92 -33 -14 -39 8 -2 -61 -1 -63 -9 12 18 -18 14 10 6 -25 -10 -32 3 12 -12 -84 -9 17 13 -60 14 0 15 11 14 -9 5 27 12 2 -14 -71 2 -39 -5 -24 -24 -58 2 19 -11 -37 -9 -21 
103 5 3 0 0.0481928 2 18 -10 -5 73 1 0.976589 146 -15 38 -16 38 -14 23 -16 25 12 15 11 -15 11 -6 -16 16 12 -21 15 -22 -16 29 16 -2 -16 27 15 -33 16 -17 13 0 -16 -12 13 39 17 -32 16 -34 11 32 13 -31 14 -28 15 -8 -15 33 13 -1 13 -13 -16 12 -15 19 13 -12 16 2 -15 37 -16 -33 16 -12 13 -5 -15 14 13 -10 13 -6 11 -9 -16 -25 -13 25 11 3 17 -7 -14 -23 13 -11 14 -37 12 4 11 -39 14 10 16 -24 14 -24 9 -16 11 -12 -15 -38 -16 12 -15 -37 11 12 13 5 13 -38 15 -30 11 -23 13 16 15 9 12 -24 14 29 -15 9 14 -26 13 16 13 -4 16 -27 15 -2 15 16 15 -24 11 -23 12 28 11 -16 13 17 10 -31 11 -35 14 18 9 9 10 29 13 -38 12 13 15 12 15 3 17 14 13 36 15 2 13 -11 10 -12 11 -13 -15 -36 11 -13 13 31 13 20 17 -17 16 11 15 16 -16 -1 15 -11 12 35 15 -1 11 25 11 6 11 -2 12 -19 12 29 12 27 12 38 -15 -35 12 -6 14 23 12 -16 14 34 16 -12 16 24 12 26 12 -20 15 26 14 -6 16 18 14 15 14 -23 14 30 16 -24 13 23 -15 -38 10 -11 17 23 -15 35 12 -18 14 16 10 29 17 24 15 38 14 23 13 16 11 -27 11 26 12 19 12 15 -16 -8 9 11 9 -2 -15 -10 3 0.244898 12 0 51 3 14 -4 -44 -21 76 6 27 10 15 -22 51 3 -82 7 -14 -26 -22 5 -90 8 -46 
104 5 3 0 0.333333 1 -13 -84 1 0.333333 1 7 33 3 0.933333 7 5 -46 11 -97 5 -83 3 -86 7 -54 6 44 18 -98 
105 5 3 0 0.0588235 1 -23 8 1 0.112676 2 10 -16 7 -23 3 0.988048 62 -23 -54 -9 20 -32 72 -36 20 -23 27 -41 73 -16 -37 -37 -35 -1 8 -36 -84 -23 -27 -11 -23 -34 -68 -23 54 -18 59 -22 61 -17 14 -7 11 -10 -1 -17 24 -16 66 -6 17 -12 -37 -36 31 -19 -34 -15 51 -15 31 0 -26 -13 -38 -24 14 -9 -15 -4 13 -5 -13 -9 -27 -7 -1 -7 10 -6 -5 -7 -27 -34 57 2 0 4 -14 -9 -74 -22 -64 -2 -3 -6 -95 -28 -77 -26 -25 -8 -24 -21 62 -3 21 -16 60 0 -29 -5 39 -20 -76 -19 -71 -1 34 -11 -79 -9 13 4 17 -8 26 12 -82 9 -77 
106 5 3 0 0.0223881 3 18 -1 -7 73 -11 51 1 0.986166 499 11 -5 -16 -10 -15 -2 -14 7 10 34 -13 19 -12 35 10 27 9 14 10 32 9 -33 6 -37 -15 -33 10 29 -13 -22 10 -20 10 23 10 28 -12 -31 7 -27 10 14 -16 34 10 7 8 19 -16 -24 9 -12 -11 34 9 -13 -16 18 9 -12 9 30 9 6 -13 3 10 14 8 33 -15 24 9 27 -11 32 -16 -17 9 -9 9 -28 8 2 -13 -7 -15 16 -13 24 6 -9 -16 20 6 5 -16 8 8 27 9 4 -16 33 9 16 9 14 -10 -23 4 2 1 -23 9 34 11 16 0 -37 -13 -20 8 30 6 -35 9 -1 -15 -35 9 -3 7 -26 7 37 5 -11 -11 23 7 -33 6 -20 -14 -4 5 -9 9 20 -12 -23 9 -2 3 -2 1 -37 -15 18 9 37 -4 -22 -15 -30 -11 19 6 -1 7 35 -13 5 7 -39 -13 32 9 21 9 11 -11 4 -13 -35 -15 3 -8 36 -10 -36 -14 25 3 -18 5 -22 -12 8 4 -28 -9 -10 -11 32 -13 -19 2 -22 -16 6 -13 -3 5 19 -9 -37 -13 2 8 24 -12 18 8 8 7 3 -13 -24 8 11 9 5 7 7 5 -30 -12 7 7 35 8 20 -12 -24 7 26 -14 24 7 -29 7 -34 -11 23 7 12 -15 6 8 10 8 -22 -11 12 2 19 3 -10 4 39 -10 -38 0 -9 2 -38 9 24 -11 1 8 2 7 -11 -14 -21 -10 -38 6 29 -13 -20 0 -20 -12 -12 2 11 -10 -35 -14 32 8 23 -14 26 -12 -34 4 -6 -14 -24 -12 28 -10 -12 6 -34 -6 35 -12 -13 -14 38 7 -10 6 -7 6 -29 -9 -39 6 37 4 37 -9 14 7 -32 -1 17 -15 29 10 -29 -8 -3 -10 -12 -10 -2 -8 31 4 38 1 39 -7 34 -12 4 -9 26 4 -19 2 28 -14 -23 4 -11 6 -35 0 30 -9 37 2 28 -13 -26 6 21 -7 29 -6 26 -12 31 -13 29 -11 -13 -9 38 7 3 -15 32 -6 32 3 3 4 -36 -7 10 -9 -35 -13 23 3 38 -13 22 -13 19 4 -16 -6 30 -4 -34 6 12 -7 5 -6 -13 -4 -17 8 -30 6 -24 -2 19 -8 -13 2 23 -7 -11 3 14 -8 -19 -9 -15 -12 -20 -6 -14 1 4 -5 -20 8 15 -7 35 1 24 7 21 -7 -17 -2 -19 0 -22 3 12 3 9 -13 -16 5 35 -3 38 -10 19 -11 -9 -14 -6 3 -3 6 25 -1 -19 1 7 7 -21 -12 11 -11 -22 -14 -10 -11 5 -6 20 -4 -19 -5 15 -12 17 -7 33 4 -31 -7 16 -2 8 -5 33 4 -8 -5 31 -12 37 -6 16 3 -12 -12 22 -5 -12 3 -1 6 -1 5 -35 4 19 3 11 -12 -3 0 -39 -2 23 5 16 -9 -28 -1 -39 -9 -17 -9 -28 -7 12 -5 19 -6 -8 -3 23 -10 -22 -4 23 6 -14 -11 -35 -4 0 -4 22 5 -17 -10 38 -6 -6 5 25 -8 -21 -11 22 4 22 0 4 0 22 -2 33 0 14 3 26 -9 -34 4 -14 -11 3 2 -27 -9 -32 -8 19 -5 -39 -2 20 -6 17 -5 2 3 30 -3 27 -9 1 2 -28 -3 -4 -3 9 5 -19 2 3 5 -10 4 0 5 -36 3 -30 -11 5 -6 -17 -2 -9 1 -28 -6 2 -3 -4 5 31 -4 -2 -12 -26 -12 27 2 -26 4 35 -2 39 -3 2 -7 -22 -2 -6 -5 37 -10 39 0 -34 -13 8 1 0 -8 -21 2 -27 -4 -22 3 14 4 17 -11 -9 -8 -19 -9 22 -13 -11 -13 -8 -10 -26 -5 39 -10 -17 -3 -33 -9 6 -4 -35 3 24 -5 -35 2 -5 -1 38 0 26 -7 33 4 29 -5 -36 -9 39 -4 -18 -10 -9 3 21 4 -10 -7 5 -2 -19 -12 -22 -12 28 -1 36 -1 2 3 18 3 31 1 -30 1 17 -6 17 3 18 -6 -4 3 16 -4 -22 -8 34 -6 -25 -9 31 2 23 -1 38 -7 22 0 -12 -6 -21 1 20 -2 0 -7 4 1 31 -1 -18 -9 3 -7 -13 -12 15 1 -19 -10 -24 -5 -3 -8 -30 -9 7 -9 25 -5 32 -9 1 -7 17 -6 13 -5 -29 1 -16 -6 -9 1 30 1 31 -7 -7 -9 28 -6 11 -5 -13 -8 -29 -2 -18 0 -9 -1 -1 -2 18 -9 29 -1 31 -2 24 -1 14 1 14 0 31 -10 9 1 -30 -1 -34 -2 -7 -3 32 -13 -3 -3 -5 -8 -5 -6 10 2 18 -6 8 2 -17 0 -11 -7 2 -4 20 -2 16 -10 8 -9 -14 1 5 1 6 -11 15 -7 -16 -2 -2 -5 29 0 -17 -3 -5 -4 13 -8 -18 -7 5 -5 19 -6 14 -5 14 -6 25 -2 -3 -1 30 -5 13 -4 6 -1 31 -5 9 1 35 -7 20 1 21 -1 -20 -9 13 1 -14 -5 -3 0 -13 3 24 -5 -6 -5 -15 -4 -9 -1 8 -7 9 -6 7 -6 6 -1 -13 -1 21 0 25 -5 10 -5 -14 -1 -37 3 0.166113 25 -37 -56 -10 -62 -15 -44 -10 40 -24 59 -8 50 1 -4 8 -15 -17 -71 -1 -59 -3 2 -20 55 24 -39 -11 56 -15 -47 -19 -36 -36 -84 -19 10 -12 -56 -14 31 -17 -12 -15 33 -19 -12 -19 -3 -25 -88 
107 5 2 0 0.985507 17 -4 57 10 54 13 -90 -4 67 24 -92 -16 56 1 58 8 58 -5 58 -3 71 8 69 6 67 -6 53 -15 54 -21 51 -6 52 -21 53 3 0.190476 1 17 77 
108 5 3 0 0.5 1 -6 71 1 0.5 1 0 -30 3 0.857143 3 24 -42 18 63 -36 -20 
109 5 2 1 0.985507 17 -7 -29 -4 -21 -4 -32 -7 -33 -3 -24 -2 -26 -3 -31 -3 -28 -4 -30 -5 -24 -5 -31 -4 -27 -1 -28 -2 -28 -4 -33 -4 -34 -5 -35 3 0.190476 1 -17 -98 
110 5 2 1 0.666667 1 -1 -33 3 0.888889 2 -41 40 -43 -43 
111 5 2 0 0.888889 2 -7 73 -6 65 3 0.666667 1 -9 87 
112 5 2 0 0.137931 1 3 19 3 0.990099 25 1 33 12 36 -19 -61 9 -17 -10 15 -7 -38 -9 -64 -21 88 -12 -98 -4 -21 -19 -61 -33 -3 -40 -1 -36 -69 -9 -31 5 -71 -20 -48 -35 -19 -16 44 -42 9 -36 -4 -38 -5 -41 0 -38 -24 -35 16 
113 5 4 0 0.736842 7 -21 -13 -16 -12 -16 -8 -16 72 -15 71 -6 71 10 -10 1 0.551724 4 -5 -35 -3 -30 -3 -25 -6 -23 3 0.625 5 17 9 -38 1 19 4 -41 -24 17 -30 4 0.2 1 -23 37 
114 5 3 0 0.0655738 1 -8 73 1 0.0655738 1 12 34 3 0.99115 56 16 -45 -9 89 18 -48 -4 73 10 77 9 30 6 -34 14 4 6 -86 4 77 13 -43 5 -27 -9 68 5 -56 -3 42 4 -1 3 -3 3 -91 9 9 8 0 -13 -54 -5 52 -11 32 8 -28 -7 22 -37 -28 -37 -24 -10 -85 -12 -84 -10 -80 3 9 -6 88 -19 38 -35 41 -36 -5 -23 78 -12 27 -36 69 3 33 -35 39 -27 15 -25 16 17 -34 -19 31 -43 72 -24 79 -32 36 12 71 -22 25 -32 34 -2 -44 -2 -96 -13 80 -35 78 -8 -16 5 -61 
115 5 3 0 0.857143 6 2 -83 -13 -83 9 -83 7 -86 3 -87 9 -87 1 0.307692 1 13 -31 3 0.631579 3 -15 34 -25 -97 5 -99 
116 5 5 0 0.333333 1 -11 -86 1 0.533333 2 -8 -33 -8 -31 2 0.333333 1 -12 -25 3 0.761905 4 -40 3 -20 41 6 -98 -41 1 4 0.333333 1 -24 39 
117 5 2 0 0.993289 37 -9 -77 -5 -86 0 -85 4 -76 7 -86 10 -86 -11 -87 2 -77 0 -87 -3 -87 -13 75 -3 -88 -12 -90 -13 74 0 -90 -21 -89 -11 64 -19 72 -21 64 -20 67 -21 71 -14 64 -20 63 -23 74 -11 66 -23 67 -3 -90 -21 -90 -15 61 -13 74 -13 57 -24 57 -13 59 -3 74 -5 62 -12 59 3 -92 3 0.097561 1 -40 37 
