10 136 0
0 0 -1 13 15 2 0 33 28 10 3 32 -1440 
1 1 -1 0 22 0 22 42 45 3 2 32 -790 
2 1 -1 19 2 22 22 46 30 1 12 32 7021 
3 2 -1 17 1 0 21 24 32 4 8 32 -1085 
4 2 -1 22 19 15 0 42 43 3 1 32 -361 
5 2 -1 21 1 11 5 45 8 2 23 32 -2225 
6 2 -1 2 12 10 3 35 18 12 17 32 -6166 
7 3 0 0 0 0 0 0 0 0 0 0 0 
8 3 -1 11 9 6 15 45 34 2 4 32 -830 
9 3 -1 21 11 22 8 44 34 3 11 32 -2476 
10 3 -1 9 11 1 13 16 43 28 4 32 -4972 
11 3 -1 13 1 17 14 45 31 2 3 32 -596 
12 3 -1 6 13 3 18 16 45 19 2 32 -436 
13 3 -1 16 15 2 5 35 43 1 4 32 467 
14 3 -1 10 4 1 0 27 12 19 12 32 -6371 
15 4 0 0 0 0 0 0 0 0 0 0 0 
16 4 0 0 0 0 0 0 0 0 0 0 0 
17 4 1 0 0 0 0 0 0 0 0 0 0 
18 4 -1 10 19 8 5 24 35 12 2 32 -1118 
19 4 4 0 0 0 0 0 0 0 0 0 0 
20 4 -1 17 16 11 21 35 37 8 8 32 13290 
21 4 -1 20 18 4 4 38 25 9 22 32 -18360 
22 4 -1 14 2 6 0 39 6 3 41 32 -4212 
23 4 -1 20 5 9 19 31 40 15 5 32 -2808 
24 4 -1 0 2 0 0 38 16 0 0 2 -15 
25 4 -1 21 22 6 2 40 24 6 3 32 -483 
26 4 -1 0 4 17 11 17 26 29 12 32 -9905 
27 4 -1 7 17 11 12 37 44 3 3 32 3867 
28 4 -1 8 2 13 15 31 31 10 8 32 8380 
29 4 -1 1 1 14 18 22 28 14 6 32 -569 
30 4 -1 15 8 1 19 46 29 1 7 32 -29 
31 5 0 0 0 0 0 0 0 0 0 0 0 
32 5 0 0 0 0 0 0 0 0 0 0 0 
33 5 0 0 0 0 0 0 0 0 0 0 0 
34 5 0 0 0 0 0 0 0 0 0 0 0 
35 5 0 0 0 0 0 0 0 0 0 0 0 
36 5 0 0 0 0 0 0 0 0 0 0 0 
37 5 2 0 0 0 0 0 0 0 0 0 0 
38 5 3 0 0 0 0 0 0 0 0 0 0 
39 5 0 0 0 0 0 0 0 0 0 0 0 
40 5 0 0 0 0 0 0 0 0 0 0 0 
41 5 -1 8 7 6 2 44 14 3 27 32 -10129 
42 5 -1 22 10 17 0 40 20 2 17 32 -3263 
43 5 -1 8 8 0 0 11 22 0 0 4 12 
44 5 39 0 0 0 0 0 0 0 0 0 0 
45 5 -1 34 12 0 0 21 39 0 0 1 1 
46 5 -1 3 1 6 11 33 18 4 18 32 -1778 
47 5 54 0 0 0 0 0 0 0 0 0 0 
48 5 55 0 0 0 0 0 0 0 0 0 0 
49 5 56 0 0 0 0 0 0 0 0 0 0 
50 5 -1 26 31 0 0 12 1 0 0 17 -9 
51 5 -1 13 39 0 0 40 22 0 0 18 6 
52 5 -1 9 12 9 7 39 40 6 7 32 -1235 
53 5 -1 15 11 5 9 31 20 12 12 32 -3686 
54 5 -1 32 33 0 0 45 19 0 0 18 29 
55 5 -1 4 18 5 21 21 43 7 2 32 2221 
56 5 -1 2 11 3 22 43 43 2 4 32 2600 
57 5 -1 13 16 22 11 35 45 2 1 32 10609 
58 5 105 0 0 0 0 0 0 0 0 0 0 
59 5 106 0 0 0 0 0 0 0 0 0 0 
60 5 -1 4 17 9 22 28 44 16 1 32 6921 
61 5 -1 16 19 0 17 46 45 1 1 32 -54 
62 5 -1 11 22 22 13 44 36 3 5 32 6346 
63 6 0 0 0 0 0 0 0 0 0 0 0 
64 6 0 0 0 0 0 0 0 0 0 0 0 
65 6 0 0 0 0 0 0 0 0 0 0 0 
66 6 0 0 0 0 0 0 0 0 0 0 0 
67 6 0 0 0 0 0 0 0 0 0 0 0 
68 6 0 0 0 0 0 0 0 0 0 0 0 
69 6 0 0 0 0 0 0 0 0 0 0 0 
70 6 0 0 0 0 0 0 0 0 0 0 0 
71 6 0 0 0 0 0 0 0 0 0 0 0 
72 6 0 0 0 0 0 0 0 0 0 0 0 
73 6 0 0 0 0 0 0 0 0 0 0 0 
74 6 0 0 0 0 0 0 0 0 0 0 0 
75 6 0 0 0 0 0 0 0 0 0 0 0 
76 6 0 0 0 0 0 0 0 0 0 0 0 
77 6 0 0 0 0 0 0 0 0 0 0 0 
78 6 0 0 0 0 0 0 0 0 0 0 0 
79 6 0 0 0 0 0 0 0 0 0 0 0 
80 6 0 0 0 0 0 0 0 0 0 0 0 
81 6 0 0 0 0 0 0 0 0 0 0 0 
82 6 0 0 0 0 0 0 0 0 0 0 0 
83 6 -1 8 10 0 0 32 19 0 0 1 -6 
84 6 -1 17 18 7 15 33 35 3 2 32 7803 
85 6 -1 10 15 20 17 35 46 8 1 32 31433 
86 6 -1 45 21 0 0 26 36 0 0 3 -25 
87 6 -1 1 7 20 15 42 22 4 25 32 19836 
88 6 38 0 0 0 0 0 0 0 0 0 0 
89 6 0 0 0 0 0 0 0 0 0 0 0 
90 6 0 0 0 0 0 0 0 0 0 0 0 
91 6 -1 13 21 10 13 26 39 20 5 32 10050 
92 6 -1 22 19 5 22 42 42 2 4 32 6993 
93 6 52 0 0 0 0 0 0 0 0 0 0 
94 6 53 0 0 0 0 0 0 0 0 0 0 
95 6 0 0 0 0 0 0 0 0 0 0 0 
96 6 0 0 0 0 0 0 0 0 0 0 0 
97 6 0 0 0 0 0 0 0 0 0 0 0 
98 6 0 0 0 0 0 0 0 0 0 0 0 
99 6 0 0 0 0 0 0 0 0 0 0 0 
100 6 0 0 0 0 0 0 0 0 0 0 0 
101 6 -1 29 6 0 0 44 8 0 0 0 -4 
102 6 59 0 0 0 0 0 0 0 0 0 0 
103 6 60 0 0 0 0 0 0 0 0 0 0 
104 6 -1 3 8 19 14 45 36 2 11 32 -763 
105 6 -1 3 3 11 19 40 38 7 9 32 -2979 
106 6 -1 7 2 5 6 15 37 30 2 32 -96 
107 6 -1 1 5 21 12 28 32 11 2 32 -1035 
108 6 70 0 0 0 0 0 0 0 0 0 0 
109 6 -1 19 9 19 20 46 29 1 17 32 -1313 
110 6 -1 4 0 4 21 44 36 2 3 32 -215 
111 6 -1 38 1 0 0 7 33 0 0 0 39 
112 6 93 0 0 0 0 0 0 0 0 0 0 
113 6 -1 19 20 8 8 37 28 6 13 32 -514 
114 6 -1 20 22 21 6 46 31 1 7 32 4719 
115 6 103 0 0 0 0 0 0 0 0 0 0 
116 6 104 0 0 0 0 0 0 0 0 0 0 
117 6 0 0 0 0 0 0 0 0 0 0 0 
118 6 0 0 0 0 0 0 0 0 0 0 0 
119 6 0 0 0 0 0 0 0 0 0 0 0 
120 6 0 0 0 0 0 0 0 0 0 0 0 
121 6 -1 19 5 1 4 35 32 10 15 32 -941 
122 6 -1 19 20 17 15 46 46 1 1 32 7988 
123 6 -1 22 21 2 0 39 28 8 1 32 -227 
124 6 130 0 0 0 0 0 0 0 0 0 0 
125 6 -1 22 2 9 8 41 20 4 1 32 2635 
126 6 -1 13 8 21 16 36 24 1 19 32 12011 
127 7 0 0 0 0 0 0 0 0 0 0 0 
128 7 0 0 0 0 0 0 0 0 0 0 0 
129 7 0 0 0 0 0 0 0 0 0 0 0 
130 7 0 0 0 0 0 0 0 0 0 0 0 
131 7 0 0 0 0 0 0 0 0 0 0 0 
132 7 0 0 0 0 0 0 0 0 0 0 0 
133 7 0 0 0 0 0 0 0 0 0 0 0 
134 7 0 0 0 0 0 0 0 0 0 0 0 
135 7 0 0 0 0 0 0 0 0 0 0 0 
136 7 0 0 0 0 0 0 0 0 0 0 0 
137 7 0 0 0 0 0 0 0 0 0 0 0 
138 7 0 0 0 0 0 0 0 0 0 0 0 
139 7 0 0 0 0 0 0 0 0 0 0 0 
140 7 0 0 0 0 0 0 0 0 0 0 0 
141 7 0 0 0 0 0 0 0 0 0 0 0 
142 7 0 0 0 0 0 0 0 0 0 0 0 
143 7 0 0 0 0 0 0 0 0 0 0 0 
144 7 0 0 0 0 0 0 0 0 0 0 0 
145 7 0 0 0 0 0 0 0 0 0 0 0 
146 7 0 0 0 0 0 0 0 0 0 0 0 
147 7 0 0 0 0 0 0 0 0 0 0 0 
148 7 0 0 0 0 0 0 0 0 0 0 0 
149 7 0 0 0 0 0 0 0 0 0 0 0 
150 7 0 0 0 0 0 0 0 0 0 0 0 
151 7 0 0 0 0 0 0 0 0 0 0 0 
152 7 0 0 0 0 0 0 0 0 0 0 0 
153 7 0 0 0 0 0 0 0 0 0 0 0 
154 7 0 0 0 0 0 0 0 0 0 0 0 
155 7 0 0 0 0 0 0 0 0 0 0 0 
156 7 0 0 0 0 0 0 0 0 0 0 0 
157 7 0 0 0 0 0 0 0 0 0 0 0 
158 7 0 0 0 0 0 0 0 0 0 0 0 
159 7 0 0 0 0 0 0 0 0 0 0 0 
160 7 0 0 0 0 0 0 0 0 0 0 0 
161 7 0 0 0 0 0 0 0 0 0 0 0 
162 7 0 0 0 0 0 0 0 0 0 0 0 
163 7 0 0 0 0 0 0 0 0 0 0 0 
164 7 0 0 0 0 0 0 0 0 0 0 0 
165 7 0 0 0 0 0 0 0 0 0 0 0 
166 7 0 0 0 0 0 0 0 0 0 0 0 
167 7 -1 21 16 0 0 43 21 0 0 18 2 
168 7 -1 39 45 0 0 0 0 0 0 15 3 
169 7 -1 4 18 0 0 27 31 0 0 16 97 
170 7 -1 12 1 0 0 42 20 0 0 11 6 
171 7 -1 22 15 5 12 28 41 6 1 32 6722 
172 7 -1 37 8 0 0 18 36 0 0 2 -8 
173 7 -1 8 14 11 4 42 45 2 2 32 4097 
174 7 -1 2 18 0 0 18 1 0 0 15 -38 
175 7 36 0 0 0 0 0 0 0 0 0 0 
176 7 37 0 0 0 0 0 0 0 0 0 0 
177 7 0 0 0 0 0 0 0 0 0 0 0 
178 7 0 0 0 0 0 0 0 0 0 0 0 
179 7 0 0 0 0 0 0 0 0 0 0 0 
180 7 0 0 0 0 0 0 0 0 0 0 0 
181 7 0 0 0 0 0 0 0 0 0 0 0 
182 7 0 0 0 0 0 0 0 0 0 0 0 
183 7 -1 21 13 0 0 5 8 0 0 7 9 
184 7 -1 38 39 0 0 23 28 0 0 18 3 
185 7 50 0 0 0 0 0 0 0 0 0 0 
186 7 51 0 0 0 0 0 0 0 0 0 0 
187 7 0 0 0 0 0 0 0 0 0 0 0 
188 7 0 0 0 0 0 0 0 0 0 0 0 
189 7 0 0 0 0 0 0 0 0 0 0 0 
190 7 0 0 0 0 0 0 0 0 0 0 0 
191 7 0 0 0 0 0 0 0 0 0 0 0 
192 7 0 0 0 0 0 0 0 0 0 0 0 
193 7 0 0 0 0 0 0 0 0 0 0 0 
194 7 0 0 0 0 0 0 0 0 0 0 0 
195 7 0 0 0 0 0 0 0 0 0 0 0 
196 7 0 0 0 0 0 0 0 0 0 0 0 
197 7 0 0 0 0 0 0 0 0 0 0 0 
198 7 0 0 0 0 0 0 0 0 0 0 0 
199 7 0 0 0 0 0 0 0 0 0 0 0 
200 7 0 0 0 0 0 0 0 0 0 0 0 
201 7 0 0 0 0 0 0 0 0 0 0 0 
202 7 0 0 0 0 0 0 0 0 0 0 0 
203 7 57 0 0 0 0 0 0 0 0 0 0 
204 7 58 0 0 0 0 0 0 0 0 0 0 
205 7 0 0 0 0 0 0 0 0 0 0 0 
206 7 0 0 0 0 0 0 0 0 0 0 0 
207 7 0 0 0 0 0 0 0 0 0 0 0 
208 7 0 0 0 0 0 0 0 0 0 0 0 
209 7 61 0 0 0 0 0 0 0 0 0 0 
210 7 62 0 0 0 0 0 0 0 0 0 0 
211 7 63 0 0 0 0 0 0 0 0 0 0 
212 7 64 0 0 0 0 0 0 0 0 0 0 
213 7 -1 0 0 3 22 32 45 5 2 32 -362 
214 7 67 0 0 0 0 0 0 0 0 0 0 
215 7 68 0 0 0 0 0 0 0 0 0 0 
216 7 69 0 0 0 0 0 0 0 0 0 0 
217 7 0 0 0 0 0 0 0 0 0 0 0 
218 7 0 0 0 0 0 0 0 0 0 0 0 
219 7 -1 43 8 0 0 1 31 0 0 6 47 
220 7 -1 19 44 0 0 8 33 0 0 0 2 
221 7 82 0 0 0 0 0 0 0 0 0 0 
222 7 83 0 0 0 0 0 0 0 0 0 0 
223 7 -1 33 26 0 0 2 44 0 0 1 -14 
224 7 -1 12 11 0 9 18 39 23 7 32 -5960 
225 7 0 0 0 0 0 0 0 0 0 0 0 
226 7 0 0 0 0 0 0 0 0 0 0 0 
227 7 94 0 0 0 0 0 0 0 0 0 0 
228 7 -1 2 21 20 19 22 44 12 1 32 13173 
229 7 101 0 0 0 0 0 0 0 0 0 0 
230 7 102 0 0 0 0 0 0 0 0 0 0 
231 7 0 0 0 0 0 0 0 0 0 0 0 
232 7 0 0 0 0 0 0 0 0 0 0 0 
233 7 0 0 0 0 0 0 0 0 0 0 0 
234 7 0 0 0 0 0 0 0 0 0 0 0 
235 7 0 0 0 0 0 0 0 0 0 0 0 
236 7 0 0 0 0 0 0 0 0 0 0 0 
237 7 0 0 0 0 0 0 0 0 0 0 0 
238 7 0 0 0 0 0 0 0 0 0 0 0 
239 7 0 0 0 0 0 0 0 0 0 0 0 
240 7 0 0 0 0 0 0 0 0 0 0 0 
241 7 0 0 0 0 0 0 0 0 0 0 0 
242 7 0 0 0 0 0 0 0 0 0 0 0 
243 7 -1 10 22 0 19 13 42 12 5 32 -1887 
244 7 114 0 0 0 0 0 0 0 0 0 0 
245 7 -1 12 7 1 8 44 22 1 10 32 -55 
246 7 -1 11 39 0 0 45 32 0 0 0 -31 
247 7 126 0 0 0 0 0 0 0 0 0 0 
248 7 -1 4 22 9 0 44 39 3 3 32 -331 
249 7 0 0 0 0 0 0 0 0 0 0 0 
250 7 0 0 0 0 0 0 0 0 0 0 0 
251 7 131 0 0 0 0 0 0 0 0 0 0 
252 7 132 0 0 0 0 0 0 0 0 0 0 
253 7 -1 13 4 0 0 32 0 0 0 3 15 
254 7 135 0 0 0 0 0 0 0 0 0 0 
255 8 0 0 0 0 0 0 0 0 0 0 0 
256 8 0 0 0 0 0 0 0 0 0 0 0 
257 8 0 0 0 0 0 0 0 0 0 0 0 
258 8 0 0 0 0 0 0 0 0 0 0 0 
259 8 0 0 0 0 0 0 0 0 0 0 0 
260 8 0 0 0 0 0 0 0 0 0 0 0 
261 8 0 0 0 0 0 0 0 0 0 0 0 
262 8 0 0 0 0 0 0 0 0 0 0 0 
263 8 0 0 0 0 0 0 0 0 0 0 0 
264 8 0 0 0 0 0 0 0 0 0 0 0 
265 8 0 0 0 0 0 0 0 0 0 0 0 
266 8 0 0 0 0 0 0 0 0 0 0 0 
267 8 0 0 0 0 0 0 0 0 0 0 0 
268 8 0 0 0 0 0 0 0 0 0 0 0 
269 8 0 0 0 0 0 0 0 0 0 0 0 
270 8 0 0 0 0 0 0 0 0 0 0 0 
271 8 0 0 0 0 0 0 0 0 0 0 0 
272 8 0 0 0 0 0 0 0 0 0 0 0 
273 8 0 0 0 0 0 0 0 0 0 0 0 
274 8 0 0 0 0 0 0 0 0 0 0 0 
275 8 0 0 0 0 0 0 0 0 0 0 0 
276 8 0 0 0 0 0 0 0 0 0 0 0 
277 8 0 0 0 0 0 0 0 0 0 0 0 
278 8 0 0 0 0 0 0 0 0 0 0 0 
279 8 0 0 0 0 0 0 0 0 0 0 0 
280 8 0 0 0 0 0 0 0 0 0 0 0 
281 8 0 0 0 0 0 0 0 0 0 0 0 
282 8 0 0 0 0 0 0 0 0 0 0 0 
283 8 0 0 0 0 0 0 0 0 0 0 0 
284 8 0 0 0 0 0 0 0 0 0 0 0 
285 8 0 0 0 0 0 0 0 0 0 0 0 
286 8 0 0 0 0 0 0 0 0 0 0 0 
287 8 0 0 0 0 0 0 0 0 0 0 0 
288 8 0 0 0 0 0 0 0 0 0 0 0 
289 8 0 0 0 0 0 0 0 0 0 0 0 
290 8 0 0 0 0 0 0 0 0 0 0 0 
291 8 0 0 0 0 0 0 0 0 0 0 0 
292 8 0 0 0 0 0 0 0 0 0 0 0 
293 8 0 0 0 0 0 0 0 0 0 0 0 
294 8 0 0 0 0 0 0 0 0 0 0 0 
295 8 0 0 0 0 0 0 0 0 0 0 0 
296 8 0 0 0 0 0 0 0 0 0 0 0 
297 8 0 0 0 0 0 0 0 0 0 0 0 
298 8 0 0 0 0 0 0 0 0 0 0 0 
299 8 0 0 0 0 0 0 0 0 0 0 0 
300 8 0 0 0 0 0 0 0 0 0 0 0 
301 8 0 0 0 0 0 0 0 0 0 0 0 
302 8 0 0 0 0 0 0 0 0 0 0 0 
303 8 0 0 0 0 0 0 0 0 0 0 0 
304 8 0 0 0 0 0 0 0 0 0 0 0 
305 8 0 0 0 0 0 0 0 0 0 0 0 
306 8 0 0 0 0 0 0 0 0 0 0 0 
307 8 0 0 0 0 0 0 0 0 0 0 0 
308 8 0 0 0 0 0 0 0 0 0 0 0 
309 8 0 0 0 0 0 0 0 0 0 0 0 
310 8 0 0 0 0 0 0 0 0 0 0 0 
311 8 0 0 0 0 0 0 0 0 0 0 0 
312 8 0 0 0 0 0 0 0 0 0 0 0 
313 8 0 0 0 0 0 0 0 0 0 0 0 
314 8 0 0 0 0 0 0 0 0 0 0 0 
315 8 0 0 0 0 0 0 0 0 0 0 0 
316 8 0 0 0 0 0 0 0 0 0 0 0 
317 8 0 0 0 0 0 0 0 0 0 0 0 
318 8 0 0 0 0 0 0 0 0 0 0 0 
319 8 0 0 0 0 0 0 0 0 0 0 0 
320 8 0 0 0 0 0 0 0 0 0 0 0 
321 8 0 0 0 0 0 0 0 0 0 0 0 
322 8 0 0 0 0 0 0 0 0 0 0 0 
323 8 0 0 0 0 0 0 0 0 0 0 0 
324 8 0 0 0 0 0 0 0 0 0 0 0 
325 8 0 0 0 0 0 0 0 0 0 0 0 
326 8 0 0 0 0 0 0 0 0 0 0 0 
327 8 0 0 0 0 0 0 0 0 0 0 0 
328 8 0 0 0 0 0 0 0 0 0 0 0 
329 8 0 0 0 0 0 0 0 0 0 0 0 
330 8 0 0 0 0 0 0 0 0 0 0 0 
331 8 0 0 0 0 0 0 0 0 0 0 0 
332 8 0 0 0 0 0 0 0 0 0 0 0 
333 8 0 0 0 0 0 0 0 0 0 0 0 
334 8 0 0 0 0 0 0 0 0 0 0 0 
335 8 -1 17 0 21 0 44 38 3 1 32 -389 
336 8 9 0 0 0 0 0 0 0 0 0 0 
337 8 -1 0 26 0 0 22 12 0 0 1 -13 
338 8 12 0 0 0 0 0 0 0 0 0 0 
339 8 -1 29 36 0 0 36 43 0 0 14 2 
340 8 16 0 0 0 0 0 0 0 0 0 0 
341 8 -1 14 19 22 14 46 43 1 1 32 29403 
342 8 19 0 0 0 0 0 0 0 0 0 0 
343 8 -1 12 8 0 16 38 36 3 8 32 -3085 
344 8 23 0 0 0 0 0 0 0 0 0 0 
345 8 24 0 0 0 0 0 0 0 0 0 0 
346 8 -1 17 7 6 0 32 16 13 11 32 -15048 
347 8 28 0 0 0 0 0 0 0 0 0 0 
348 8 -1 29 35 0 0 44 22 0 0 4 30 
349 8 31 0 0 0 0 0 0 0 0 0 0 
350 8 -1 4 9 3 4 17 32 14 9 32 -10528 
351 8 0 0 0 0 0 0 0 0 0 0 0 
352 8 0 0 0 0 0 0 0 0 0 0 0 
353 8 0 0 0 0 0 0 0 0 0 0 0 
354 8 0 0 0 0 0 0 0 0 0 0 0 
355 8 0 0 0 0 0 0 0 0 0 0 0 
356 8 0 0 0 0 0 0 0 0 0 0 0 
357 8 0 0 0 0 0 0 0 0 0 0 0 
358 8 0 0 0 0 0 0 0 0 0 0 0 
359 8 0 0 0 0 0 0 0 0 0 0 0 
360 8 0 0 0 0 0 0 0 0 0 0 0 
361 8 0 0 0 0 0 0 0 0 0 0 0 
362 8 0 0 0 0 0 0 0 0 0 0 0 
363 8 0 0 0 0 0 0 0 0 0 0 0 
364 8 0 0 0 0 0 0 0 0 0 0 0 
365 8 0 0 0 0 0 0 0 0 0 0 0 
366 8 0 0 0 0 0 0 0 0 0 0 0 
367 8 -1 8 27 0 0 3 27 0 0 13 -31 
368 8 -1 26 2 0 0 26 22 0 0 15 0 
369 8 46 0 0 0 0 0 0 0 0 0 0 
370 8 -1 26 1 0 0 1 44 0 0 12 51 
371 8 0 0 0 0 0 0 0 0 0 0 0 
372 8 0 0 0 0 0 0 0 0 0 0 0 
373 8 0 0 0 0 0 0 0 0 0 0 0 
374 8 0 0 0 0 0 0 0 0 0 0 0 
375 8 0 0 0 0 0 0 0 0 0 0 0 
376 8 0 0 0 0 0 0 0 0 0 0 0 
377 8 0 0 0 0 0 0 0 0 0 0 0 
378 8 0 0 0 0 0 0 0 0 0 0 0 
379 8 0 0 0 0 0 0 0 0 0 0 0 
380 8 0 0 0 0 0 0 0 0 0 0 0 
381 8 0 0 0 0 0 0 0 0 0 0 0 
382 8 0 0 0 0 0 0 0 0 0 0 0 
383 8 0 0 0 0 0 0 0 0 0 0 0 
384 8 0 0 0 0 0 0 0 0 0 0 0 
385 8 0 0 0 0 0 0 0 0 0 0 0 
386 8 0 0 0 0 0 0 0 0 0 0 0 
387 8 0 0 0 0 0 0 0 0 0 0 0 
388 8 0 0 0 0 0 0 0 0 0 0 0 
389 8 0 0 0 0 0 0 0 0 0 0 0 
390 8 0 0 0 0 0 0 0 0 0 0 0 
391 8 0 0 0 0 0 0 0 0 0 0 0 
392 8 0 0 0 0 0 0 0 0 0 0 0 
393 8 0 0 0 0 0 0 0 0 0 0 0 
394 8 0 0 0 0 0 0 0 0 0 0 0 
395 8 0 0 0 0 0 0 0 0 0 0 0 
396 8 0 0 0 0 0 0 0 0 0 0 0 
397 8 0 0 0 0 0 0 0 0 0 0 0 
398 8 0 0 0 0 0 0 0 0 0 0 0 
399 8 0 0 0 0 0 0 0 0 0 0 0 
400 8 0 0 0 0 0 0 0 0 0 0 0 
401 8 0 0 0 0 0 0 0 0 0 0 0 
402 8 0 0 0 0 0 0 0 0 0 0 0 
403 8 0 0 0 0 0 0 0 0 0 0 0 
404 8 0 0 0 0 0 0 0 0 0 0 0 
405 8 0 0 0 0 0 0 0 0 0 0 0 
406 8 0 0 0 0 0 0 0 0 0 0 0 
407 8 0 0 0 0 0 0 0 0 0 0 0 
408 8 0 0 0 0 0 0 0 0 0 0 0 
409 8 0 0 0 0 0 0 0 0 0 0 0 
410 8 0 0 0 0 0 0 0 0 0 0 0 
411 8 0 0 0 0 0 0 0 0 0 0 0 
412 8 0 0 0 0 0 0 0 0 0 0 0 
413 8 0 0 0 0 0 0 0 0 0 0 0 
414 8 0 0 0 0 0 0 0 0 0 0 0 
415 8 0 0 0 0 0 0 0 0 0 0 0 
416 8 0 0 0 0 0 0 0 0 0 0 0 
417 8 0 0 0 0 0 0 0 0 0 0 0 
418 8 0 0 0 0 0 0 0 0 0 0 0 
419 8 0 0 0 0 0 0 0 0 0 0 0 
420 8 0 0 0 0 0 0 0 0 0 0 0 
421 8 0 0 0 0 0 0 0 0 0 0 0 
422 8 0 0 0 0 0 0 0 0 0 0 0 
423 8 0 0 0 0 0 0 0 0 0 0 0 
424 8 0 0 0 0 0 0 0 0 0 0 0 
425 8 0 0 0 0 0 0 0 0 0 0 0 
426 8 0 0 0 0 0 0 0 0 0 0 0 
427 8 65 0 0 0 0 0 0 0 0 0 0 
428 8 66 0 0 0 0 0 0 0 0 0 0 
429 8 0 0 0 0 0 0 0 0 0 0 0 
430 8 0 0 0 0 0 0 0 0 0 0 0 
431 8 0 0 0 0 0 0 0 0 0 0 0 
432 8 0 0 0 0 0 0 0 0 0 0 0 
433 8 0 0 0 0 0 0 0 0 0 0 0 
434 8 0 0 0 0 0 0 0 0 0 0 0 
435 8 0 0 0 0 0 0 0 0 0 0 0 
436 8 0 0 0 0 0 0 0 0 0 0 0 
437 8 0 0 0 0 0 0 0 0 0 0 0 
438 8 0 0 0 0 0 0 0 0 0 0 0 
439 8 -1 22 14 0 0 43 44 0 0 4 -14 
440 8 73 0 0 0 0 0 0 0 0 0 0 
441 8 -1 17 17 5 0 45 24 2 9 32 -637 
442 8 -1 22 6 1 12 42 37 1 4 32 -77 
443 8 0 0 0 0 0 0 0 0 0 0 0 
444 8 0 0 0 0 0 0 0 0 0 0 0 
445 8 0 0 0 0 0 0 0 0 0 0 0 
446 8 0 0 0 0 0 0 0 0 0 0 0 
447 8 84 0 0 0 0 0 0 0 0 0 0 
448 8 -1 0 39 0 0 23 15 0 0 1 6 
449 8 -1 15 0 12 5 44 5 2 23 32 -1447 
450 8 -1 3 43 0 0 33 7 0 0 8 -64 
451 8 0 0 0 0 0 0 0 0 0 0 0 
452 8 0 0 0 0 0 0 0 0 0 0 0 
453 8 0 0 0 0 0 0 0 0 0 0 0 
454 8 0 0 0 0 0 0 0 0 0 0 0 
455 8 0 0 0 0 0 0 0 0 0 0 0 
456 8 0 0 0 0 0 0 0 0 0 0 0 
457 8 -1 2 38 0 0 21 18 0 0 1 7 
458 8 -1 1 41 0 0 10 16 0 0 3 16 
459 8 0 0 0 0 0 0 0 0 0 0 0 
460 8 0 0 0 0 0 0 0 0 0 0 0 
461 8 0 0 0 0 0 0 0 0 0 0 0 
462 8 0 0 0 0 0 0 0 0 0 0 0 
463 8 0 0 0 0 0 0 0 0 0 0 0 
464 8 0 0 0 0 0 0 0 0 0 0 0 
465 8 0 0 0 0 0 0 0 0 0 0 0 
466 8 0 0 0 0 0 0 0 0 0 0 0 
467 8 0 0 0 0 0 0 0 0 0 0 0 
468 8 0 0 0 0 0 0 0 0 0 0 0 
469 8 0 0 0 0 0 0 0 0 0 0 0 
470 8 0 0 0 0 0 0 0 0 0 0 0 
471 8 0 0 0 0 0 0 0 0 0 0 0 
472 8 0 0 0 0 0 0 0 0 0 0 0 
473 8 0 0 0 0 0 0 0 0 0 0 0 
474 8 0 0 0 0 0 0 0 0 0 0 0 
475 8 0 0 0 0 0 0 0 0 0 0 0 
476 8 0 0 0 0 0 0 0 0 0 0 0 
477 8 0 0 0 0 0 0 0 0 0 0 0 
478 8 0 0 0 0 0 0 0 0 0 0 0 
479 8 0 0 0 0 0 0 0 0 0 0 0 
480 8 0 0 0 0 0 0 0 0 0 0 0 
481 8 0 0 0 0 0 0 0 0 0 0 0 
482 8 0 0 0 0 0 0 0 0 0 0 0 
483 8 0 0 0 0 0 0 0 0 0 0 0 
484 8 0 0 0 0 0 0 0 0 0 0 0 
485 8 0 0 0 0 0 0 0 0 0 0 0 
486 8 0 0 0 0 0 0 0 0 0 0 0 
487 8 -1 17 0 22 3 44 20 1 14 32 1211 
488 8 -1 2 21 17 15 26 46 15 1 32 7545 
489 8 0 0 0 0 0 0 0 0 0 0 0 
490 8 0 0 0 0 0 0 0 0 0 0 0 
491 8 -1 46 38 0 0 21 0 0 0 8 -29 
492 8 117 0 0 0 0 0 0 0 0 0 0 
493 8 -1 2 2 19 0 40 9 7 2 32 -536 
494 8 -1 15 11 15 14 31 46 11 1 32 7009 
495 8 0 0 0 0 0 0 0 0 0 0 0 
496 8 0 0 0 0 0 0 0 0 0 0 0 
497 8 -1 17 10 14 6 36 40 5 3 32 2598 
498 8 129 0 0 0 0 0 0 0 0 0 0 
499 8 0 0 0 0 0 0 0 0 0 0 0 
500 8 0 0 0 0 0 0 0 0 0 0 0 
501 8 0 0 0 0 0 0 0 0 0 0 0 
502 8 0 0 0 0 0 0 0 0 0 0 0 
503 8 0 0 0 0 0 0 0 0 0 0 0 
504 8 0 0 0 0 0 0 0 0 0 0 0 
505 8 0 0 0 0 0 0 0 0 0 0 0 
506 8 0 0 0 0 0 0 0 0 0 0 0 
507 8 133 0 0 0 0 0 0 0 0 0 0 
508 8 134 0 0 0 0 0 0 0 0 0 0 
509 8 0 0 0 0 0 0 0 0 0 0 0 
510 8 0 0 0 0 0 0 0 0 0 0 0 
511 9 0 0 0 0 0 0 0 0 0 0 0 
512 9 0 0 0 0 0 0 0 0 0 0 0 
513 9 0 0 0 0 0 0 0 0 0 0 0 
514 9 0 0 0 0 0 0 0 0 0 0 0 
515 9 0 0 0 0 0 0 0 0 0 0 0 
516 9 0 0 0 0 0 0 0 0 0 0 0 
517 9 0 0 0 0 0 0 0 0 0 0 0 
518 9 0 0 0 0 0 0 0 0 0 0 0 
519 9 0 0 0 0 0 0 0 0 0 0 0 
520 9 0 0 0 0 0 0 0 0 0 0 0 
521 9 0 0 0 0 0 0 0 0 0 0 0 
522 9 0 0 0 0 0 0 0 0 0 0 0 
523 9 0 0 0 0 0 0 0 0 0 0 0 
524 9 0 0 0 0 0 0 0 0 0 0 0 
525 9 0 0 0 0 0 0 0 0 0 0 0 
526 9 0 0 0 0 0 0 0 0 0 0 0 
527 9 0 0 0 0 0 0 0 0 0 0 0 
528 9 0 0 0 0 0 0 0 0 0 0 0 
529 9 0 0 0 0 0 0 0 0 0 0 0 
530 9 0 0 0 0 0 0 0 0 0 0 0 
531 9 0 0 0 0 0 0 0 0 0 0 0 
532 9 0 0 0 0 0 0 0 0 0 0 0 
533 9 0 0 0 0 0 0 0 0 0 0 0 
534 9 0 0 0 0 0 0 0 0 0 0 0 
535 9 0 0 0 0 0 0 0 0 0 0 0 
536 9 0 0 0 0 0 0 0 0 0 0 0 
537 9 0 0 0 0 0 0 0 0 0 0 0 
538 9 0 0 0 0 0 0 0 0 0 0 0 
539 9 0 0 0 0 0 0 0 0 0 0 0 
540 9 0 0 0 0 0 0 0 0 0 0 0 
541 9 0 0 0 0 0 0 0 0 0 0 0 
542 9 0 0 0 0 0 0 0 0 0 0 0 
543 9 0 0 0 0 0 0 0 0 0 0 0 
544 9 0 0 0 0 0 0 0 0 0 0 0 
545 9 0 0 0 0 0 0 0 0 0 0 0 
546 9 0 0 0 0 0 0 0 0 0 0 0 
547 9 0 0 0 0 0 0 0 0 0 0 0 
548 9 0 0 0 0 0 0 0 0 0 0 0 
549 9 0 0 0 0 0 0 0 0 0 0 0 
550 9 0 0 0 0 0 0 0 0 0 0 0 
551 9 0 0 0 0 0 0 0 0 0 0 0 
552 9 0 0 0 0 0 0 0 0 0 0 0 
553 9 0 0 0 0 0 0 0 0 0 0 0 
554 9 0 0 0 0 0 0 0 0 0 0 0 
555 9 0 0 0 0 0 0 0 0 0 0 0 
556 9 0 0 0 0 0 0 0 0 0 0 0 
557 9 0 0 0 0 0 0 0 0 0 0 0 
558 9 0 0 0 0 0 0 0 0 0 0 0 
559 9 0 0 0 0 0 0 0 0 0 0 0 
560 9 0 0 0 0 0 0 0 0 0 0 0 
561 9 0 0 0 0 0 0 0 0 0 0 0 
562 9 0 0 0 0 0 0 0 0 0 0 0 
563 9 0 0 0 0 0 0 0 0 0 0 0 
564 9 0 0 0 0 0 0 0 0 0 0 0 
565 9 0 0 0 0 0 0 0 0 0 0 0 
566 9 0 0 0 0 0 0 0 0 0 0 0 
567 9 0 0 0 0 0 0 0 0 0 0 0 
568 9 0 0 0 0 0 0 0 0 0 0 0 
569 9 0 0 0 0 0 0 0 0 0 0 0 
570 9 0 0 0 0 0 0 0 0 0 0 0 
571 9 0 0 0 0 0 0 0 0 0 0 0 
572 9 0 0 0 0 0 0 0 0 0 0 0 
573 9 0 0 0 0 0 0 0 0 0 0 0 
574 9 0 0 0 0 0 0 0 0 0 0 0 
575 9 0 0 0 0 0 0 0 0 0 0 0 
576 9 0 0 0 0 0 0 0 0 0 0 0 
577 9 0 0 0 0 0 0 0 0 0 0 0 
578 9 0 0 0 0 0 0 0 0 0 0 0 
579 9 0 0 0 0 0 0 0 0 0 0 0 
580 9 0 0 0 0 0 0 0 0 0 0 0 
581 9 0 0 0 0 0 0 0 0 0 0 0 
582 9 0 0 0 0 0 0 0 0 0 0 0 
583 9 0 0 0 0 0 0 0 0 0 0 0 
584 9 0 0 0 0 0 0 0 0 0 0 0 
585 9 0 0 0 0 0 0 0 0 0 0 0 
586 9 0 0 0 0 0 0 0 0 0 0 0 
587 9 0 0 0 0 0 0 0 0 0 0 0 
588 9 0 0 0 0 0 0 0 0 0 0 0 
589 9 0 0 0 0 0 0 0 0 0 0 0 
590 9 0 0 0 0 0 0 0 0 0 0 0 
591 9 0 0 0 0 0 0 0 0 0 0 0 
592 9 0 0 0 0 0 0 0 0 0 0 0 
593 9 0 0 0 0 0 0 0 0 0 0 0 
594 9 0 0 0 0 0 0 0 0 0 0 0 
595 9 0 0 0 0 0 0 0 0 0 0 0 
596 9 0 0 0 0 0 0 0 0 0 0 0 
597 9 0 0 0 0 0 0 0 0 0 0 0 
598 9 0 0 0 0 0 0 0 0 0 0 0 
599 9 0 0 0 0 0 0 0 0 0 0 0 
600 9 0 0 0 0 0 0 0 0 0 0 0 
601 9 0 0 0 0 0 0 0 0 0 0 0 
602 9 0 0 0 0 0 0 0 0 0 0 0 
603 9 0 0 0 0 0 0 0 0 0 0 0 
604 9 0 0 0 0 0 0 0 0 0 0 0 
605 9 0 0 0 0 0 0 0 0 0 0 0 
606 9 0 0 0 0 0 0 0 0 0 0 0 
607 9 0 0 0 0 0 0 0 0 0 0 0 
608 9 0 0 0 0 0 0 0 0 0 0 0 
609 9 0 0 0 0 0 0 0 0 0 0 0 
610 9 0 0 0 0 0 0 0 0 0 0 0 
611 9 0 0 0 0 0 0 0 0 0 0 0 
612 9 0 0 0 0 0 0 0 0 0 0 0 
613 9 0 0 0 0 0 0 0 0 0 0 0 
614 9 0 0 0 0 0 0 0 0 0 0 0 
615 9 0 0 0 0 0 0 0 0 0 0 0 
616 9 0 0 0 0 0 0 0 0 0 0 0 
617 9 0 0 0 0 0 0 0 0 0 0 0 
618 9 0 0 0 0 0 0 0 0 0 0 0 
619 9 0 0 0 0 0 0 0 0 0 0 0 
620 9 0 0 0 0 0 0 0 0 0 0 0 
621 9 0 0 0 0 0 0 0 0 0 0 0 
622 9 0 0 0 0 0 0 0 0 0 0 0 
623 9 0 0 0 0 0 0 0 0 0 0 0 
624 9 0 0 0 0 0 0 0 0 0 0 0 
625 9 0 0 0 0 0 0 0 0 0 0 0 
626 9 0 0 0 0 0 0 0 0 0 0 0 
627 9 0 0 0 0 0 0 0 0 0 0 0 
628 9 0 0 0 0 0 0 0 0 0 0 0 
629 9 0 0 0 0 0 0 0 0 0 0 0 
630 9 0 0 0 0 0 0 0 0 0 0 0 
631 9 0 0 0 0 0 0 0 0 0 0 0 
632 9 0 0 0 0 0 0 0 0 0 0 0 
633 9 0 0 0 0 0 0 0 0 0 0 0 
634 9 0 0 0 0 0 0 0 0 0 0 0 
635 9 0 0 0 0 0 0 0 0 0 0 0 
636 9 0 0 0 0 0 0 0 0 0 0 0 
637 9 0 0 0 0 0 0 0 0 0 0 0 
638 9 0 0 0 0 0 0 0 0 0 0 0 
639 9 0 0 0 0 0 0 0 0 0 0 0 
640 9 0 0 0 0 0 0 0 0 0 0 0 
641 9 0 0 0 0 0 0 0 0 0 0 0 
642 9 0 0 0 0 0 0 0 0 0 0 0 
643 9 0 0 0 0 0 0 0 0 0 0 0 
644 9 0 0 0 0 0 0 0 0 0 0 0 
645 9 0 0 0 0 0 0 0 0 0 0 0 
646 9 0 0 0 0 0 0 0 0 0 0 0 
647 9 0 0 0 0 0 0 0 0 0 0 0 
648 9 0 0 0 0 0 0 0 0 0 0 0 
649 9 0 0 0 0 0 0 0 0 0 0 0 
650 9 0 0 0 0 0 0 0 0 0 0 0 
651 9 0 0 0 0 0 0 0 0 0 0 0 
652 9 0 0 0 0 0 0 0 0 0 0 0 
653 9 0 0 0 0 0 0 0 0 0 0 0 
654 9 0 0 0 0 0 0 0 0 0 0 0 
655 9 0 0 0 0 0 0 0 0 0 0 0 
656 9 0 0 0 0 0 0 0 0 0 0 0 
657 9 0 0 0 0 0 0 0 0 0 0 0 
658 9 0 0 0 0 0 0 0 0 0 0 0 
659 9 0 0 0 0 0 0 0 0 0 0 0 
660 9 0 0 0 0 0 0 0 0 0 0 0 
661 9 0 0 0 0 0 0 0 0 0 0 0 
662 9 0 0 0 0 0 0 0 0 0 0 0 
663 9 0 0 0 0 0 0 0 0 0 0 0 
664 9 0 0 0 0 0 0 0 0 0 0 0 
665 9 0 0 0 0 0 0 0 0 0 0 0 
666 9 0 0 0 0 0 0 0 0 0 0 0 
667 9 0 0 0 0 0 0 0 0 0 0 0 
668 9 0 0 0 0 0 0 0 0 0 0 0 
669 9 0 0 0 0 0 0 0 0 0 0 0 
670 9 0 0 0 0 0 0 0 0 0 0 0 
671 9 -1 12 6 4 11 30 18 16 12 32 -16856 
672 9 -1 7 19 1 15 23 41 10 5 32 -1019 
673 9 0 0 0 0 0 0 0 0 0 0 0 
674 9 0 0 0 0 0 0 0 0 0 0 0 
675 9 10 0 0 0 0 0 0 0 0 0 0 
676 9 11 0 0 0 0 0 0 0 0 0 0 
677 9 0 0 0 0 0 0 0 0 0 0 0 
678 9 0 0 0 0 0 0 0 0 0 0 0 
679 9 13 0 0 0 0 0 0 0 0 0 0 
680 9 -1 0 0 0 0 35 45 0 0 15 33 
681 9 0 0 0 0 0 0 0 0 0 0 0 
682 9 0 0 0 0 0 0 0 0 0 0 0 
683 9 17 0 0 0 0 0 0 0 0 0 0 
684 9 18 0 0 0 0 0 0 0 0 0 0 
685 9 0 0 0 0 0 0 0 0 0 0 0 
686 9 0 0 0 0 0 0 0 0 0 0 0 
687 9 20 0 0 0 0 0 0 0 0 0 0 
688 9 -1 1 32 0 0 45 37 0 0 3 -10 
689 9 0 0 0 0 0 0 0 0 0 0 0 
690 9 0 0 0 0 0 0 0 0 0 0 0 
691 9 0 0 0 0 0 0 0 0 0 0 0 
692 9 0 0 0 0 0 0 0 0 0 0 0 
693 9 25 0 0 0 0 0 0 0 0 0 0 
694 9 -1 9 22 11 9 43 37 3 2 32 8834 
695 9 0 0 0 0 0 0 0 0 0 0 0 
696 9 0 0 0 0 0 0 0 0 0 0 0 
697 9 29 0 0 0 0 0 0 0 0 0 0 
698 9 30 0 0 0 0 0 0 0 0 0 0 
699 9 0 0 0 0 0 0 0 0 0 0 0 
700 9 0 0 0 0 0 0 0 0 0 0 0 
701 9 -1 13 22 0 0 10 0 0 0 17 -6 
702 9 -1 5 10 1 14 44 33 1 11 32 -1967 
703 9 0 0 0 0 0 0 0 0 0 0 0 
704 9 0 0 0 0 0 0 0 0 0 0 0 
705 9 0 0 0 0 0 0 0 0 0 0 0 
706 9 0 0 0 0 0 0 0 0 0 0 0 
707 9 0 0 0 0 0 0 0 0 0 0 0 
708 9 0 0 0 0 0 0 0 0 0 0 0 
709 9 0 0 0 0 0 0 0 0 0 0 0 
710 9 0 0 0 0 0 0 0 0 0 0 0 
711 9 0 0 0 0 0 0 0 0 0 0 0 
712 9 0 0 0 0 0 0 0 0 0 0 0 
713 9 0 0 0 0 0 0 0 0 0 0 0 
714 9 0 0 0 0 0 0 0 0 0 0 0 
715 9 0 0 0 0 0 0 0 0 0 0 0 
716 9 0 0 0 0 0 0 0 0 0 0 0 
717 9 0 0 0 0 0 0 0 0 0 0 0 
718 9 0 0 0 0 0 0 0 0 0 0 0 
719 9 0 0 0 0 0 0 0 0 0 0 0 
720 9 0 0 0 0 0 0 0 0 0 0 0 
721 9 0 0 0 0 0 0 0 0 0 0 0 
722 9 0 0 0 0 0 0 0 0 0 0 0 
723 9 0 0 0 0 0 0 0 0 0 0 0 
724 9 0 0 0 0 0 0 0 0 0 0 0 
725 9 0 0 0 0 0 0 0 0 0 0 0 
726 9 0 0 0 0 0 0 0 0 0 0 0 
727 9 0 0 0 0 0 0 0 0 0 0 0 
728 9 0 0 0 0 0 0 0 0 0 0 0 
729 9 0 0 0 0 0 0 0 0 0 0 0 
730 9 0 0 0 0 0 0 0 0 0 0 0 
731 9 0 0 0 0 0 0 0 0 0 0 0 
732 9 0 0 0 0 0 0 0 0 0 0 0 
733 9 0 0 0 0 0 0 0 0 0 0 0 
734 9 0 0 0 0 0 0 0 0 0 0 0 
735 9 40 0 0 0 0 0 0 0 0 0 0 
736 9 -1 32 15 0 0 11 26 0 0 15 5 
737 9 43 0 0 0 0 0 0 0 0 0 0 
738 9 -1 35 24 0 0 21 33 0 0 5 0 
739 9 0 0 0 0 0 0 0 0 0 0 0 
740 9 0 0 0 0 0 0 0 0 0 0 0 
741 9 -1 34 14 0 0 4 9 0 0 14 -2 
742 9 49 0 0 0 0 0 0 0 0 0 0 
743 9 0 0 0 0 0 0 0 0 0 0 0 
744 9 0 0 0 0 0 0 0 0 0 0 0 
745 9 0 0 0 0 0 0 0 0 0 0 0 
746 9 0 0 0 0 0 0 0 0 0 0 0 
747 9 0 0 0 0 0 0 0 0 0 0 0 
748 9 0 0 0 0 0 0 0 0 0 0 0 
749 9 0 0 0 0 0 0 0 0 0 0 0 
750 9 0 0 0 0 0 0 0 0 0 0 0 
751 9 0 0 0 0 0 0 0 0 0 0 0 
752 9 0 0 0 0 0 0 0 0 0 0 0 
753 9 0 0 0 0 0 0 0 0 0 0 0 
754 9 0 0 0 0 0 0 0 0 0 0 0 
755 9 0 0 0 0 0 0 0 0 0 0 0 
756 9 0 0 0 0 0 0 0 0 0 0 0 
757 9 0 0 0 0 0 0 0 0 0 0 0 
758 9 0 0 0 0 0 0 0 0 0 0 0 
759 9 0 0 0 0 0 0 0 0 0 0 0 
760 9 0 0 0 0 0 0 0 0 0 0 0 
761 9 0 0 0 0 0 0 0 0 0 0 0 
762 9 0 0 0 0 0 0 0 0 0 0 0 
763 9 0 0 0 0 0 0 0 0 0 0 0 
764 9 0 0 0 0 0 0 0 0 0 0 0 
765 9 0 0 0 0 0 0 0 0 0 0 0 
766 9 0 0 0 0 0 0 0 0 0 0 0 
767 9 0 0 0 0 0 0 0 0 0 0 0 
768 9 0 0 0 0 0 0 0 0 0 0 0 
769 9 0 0 0 0 0 0 0 0 0 0 0 
770 9 0 0 0 0 0 0 0 0 0 0 0 
771 9 0 0 0 0 0 0 0 0 0 0 0 
772 9 0 0 0 0 0 0 0 0 0 0 0 
773 9 0 0 0 0 0 0 0 0 0 0 0 
774 9 0 0 0 0 0 0 0 0 0 0 0 
775 9 0 0 0 0 0 0 0 0 0 0 0 
776 9 0 0 0 0 0 0 0 0 0 0 0 
777 9 0 0 0 0 0 0 0 0 0 0 0 
778 9 0 0 0 0 0 0 0 0 0 0 0 
779 9 0 0 0 0 0 0 0 0 0 0 0 
780 9 0 0 0 0 0 0 0 0 0 0 0 
781 9 0 0 0 0 0 0 0 0 0 0 0 
782 9 0 0 0 0 0 0 0 0 0 0 0 
783 9 0 0 0 0 0 0 0 0 0 0 0 
784 9 0 0 0 0 0 0 0 0 0 0 0 
785 9 0 0 0 0 0 0 0 0 0 0 0 
786 9 0 0 0 0 0 0 0 0 0 0 0 
787 9 0 0 0 0 0 0 0 0 0 0 0 
788 9 0 0 0 0 0 0 0 0 0 0 0 
789 9 0 0 0 0 0 0 0 0 0 0 0 
790 9 0 0 0 0 0 0 0 0 0 0 0 
791 9 0 0 0 0 0 0 0 0 0 0 0 
792 9 0 0 0 0 0 0 0 0 0 0 0 
793 9 0 0 0 0 0 0 0 0 0 0 0 
794 9 0 0 0 0 0 0 0 0 0 0 0 
795 9 0 0 0 0 0 0 0 0 0 0 0 
796 9 0 0 0 0 0 0 0 0 0 0 0 
797 9 0 0 0 0 0 0 0 0 0 0 0 
798 9 0 0 0 0 0 0 0 0 0 0 0 
799 9 0 0 0 0 0 0 0 0 0 0 0 
800 9 0 0 0 0 0 0 0 0 0 0 0 
801 9 0 0 0 0 0 0 0 0 0 0 0 
802 9 0 0 0 0 0 0 0 0 0 0 0 
803 9 0 0 0 0 0 0 0 0 0 0 0 
804 9 0 0 0 0 0 0 0 0 0 0 0 
805 9 0 0 0 0 0 0 0 0 0 0 0 
806 9 0 0 0 0 0 0 0 0 0 0 0 
807 9 0 0 0 0 0 0 0 0 0 0 0 
808 9 0 0 0 0 0 0 0 0 0 0 0 
809 9 0 0 0 0 0 0 0 0 0 0 0 
810 9 0 0 0 0 0 0 0 0 0 0 0 
811 9 0 0 0 0 0 0 0 0 0 0 0 
812 9 0 0 0 0 0 0 0 0 0 0 0 
813 9 0 0 0 0 0 0 0 0 0 0 0 
814 9 0 0 0 0 0 0 0 0 0 0 0 
815 9 0 0 0 0 0 0 0 0 0 0 0 
816 9 0 0 0 0 0 0 0 0 0 0 0 
817 9 0 0 0 0 0 0 0 0 0 0 0 
818 9 0 0 0 0 0 0 0 0 0 0 0 
819 9 0 0 0 0 0 0 0 0 0 0 0 
820 9 0 0 0 0 0 0 0 0 0 0 0 
821 9 0 0 0 0 0 0 0 0 0 0 0 
822 9 0 0 0 0 0 0 0 0 0 0 0 
823 9 0 0 0 0 0 0 0 0 0 0 0 
824 9 0 0 0 0 0 0 0 0 0 0 0 
825 9 0 0 0 0 0 0 0 0 0 0 0 
826 9 0 0 0 0 0 0 0 0 0 0 0 
827 9 0 0 0 0 0 0 0 0 0 0 0 
828 9 0 0 0 0 0 0 0 0 0 0 0 
829 9 0 0 0 0 0 0 0 0 0 0 0 
830 9 0 0 0 0 0 0 0 0 0 0 0 
831 9 0 0 0 0 0 0 0 0 0 0 0 
832 9 0 0 0 0 0 0 0 0 0 0 0 
833 9 0 0 0 0 0 0 0 0 0 0 0 
834 9 0 0 0 0 0 0 0 0 0 0 0 
835 9 0 0 0 0 0 0 0 0 0 0 0 
836 9 0 0 0 0 0 0 0 0 0 0 0 
837 9 0 0 0 0 0 0 0 0 0 0 0 
838 9 0 0 0 0 0 0 0 0 0 0 0 
839 9 0 0 0 0 0 0 0 0 0 0 0 
840 9 0 0 0 0 0 0 0 0 0 0 0 
841 9 0 0 0 0 0 0 0 0 0 0 0 
842 9 0 0 0 0 0 0 0 0 0 0 0 
843 9 0 0 0 0 0 0 0 0 0 0 0 
844 9 0 0 0 0 0 0 0 0 0 0 0 
845 9 0 0 0 0 0 0 0 0 0 0 0 
846 9 0 0 0 0 0 0 0 0 0 0 0 
847 9 0 0 0 0 0 0 0 0 0 0 0 
848 9 0 0 0 0 0 0 0 0 0 0 0 
849 9 0 0 0 0 0 0 0 0 0 0 0 
850 9 0 0 0 0 0 0 0 0 0 0 0 
851 9 0 0 0 0 0 0 0 0 0 0 0 
852 9 0 0 0 0 0 0 0 0 0 0 0 
853 9 0 0 0 0 0 0 0 0 0 0 0 
854 9 0 0 0 0 0 0 0 0 0 0 0 
855 9 0 0 0 0 0 0 0 0 0 0 0 
856 9 0 0 0 0 0 0 0 0 0 0 0 
857 9 0 0 0 0 0 0 0 0 0 0 0 
858 9 0 0 0 0 0 0 0 0 0 0 0 
859 9 0 0 0 0 0 0 0 0 0 0 0 
860 9 0 0 0 0 0 0 0 0 0 0 0 
861 9 0 0 0 0 0 0 0 0 0 0 0 
862 9 0 0 0 0 0 0 0 0 0 0 0 
863 9 0 0 0 0 0 0 0 0 0 0 0 
864 9 0 0 0 0 0 0 0 0 0 0 0 
865 9 0 0 0 0 0 0 0 0 0 0 0 
866 9 0 0 0 0 0 0 0 0 0 0 0 
867 9 0 0 0 0 0 0 0 0 0 0 0 
868 9 0 0 0 0 0 0 0 0 0 0 0 
869 9 0 0 0 0 0 0 0 0 0 0 0 
870 9 0 0 0 0 0 0 0 0 0 0 0 
871 9 0 0 0 0 0 0 0 0 0 0 0 
872 9 0 0 0 0 0 0 0 0 0 0 0 
873 9 0 0 0 0 0 0 0 0 0 0 0 
874 9 0 0 0 0 0 0 0 0 0 0 0 
875 9 0 0 0 0 0 0 0 0 0 0 0 
876 9 0 0 0 0 0 0 0 0 0 0 0 
877 9 0 0 0 0 0 0 0 0 0 0 0 
878 9 0 0 0 0 0 0 0 0 0 0 0 
879 9 71 0 0 0 0 0 0 0 0 0 0 
880 9 72 0 0 0 0 0 0 0 0 0 0 
881 9 0 0 0 0 0 0 0 0 0 0 0 
882 9 0 0 0 0 0 0 0 0 0 0 0 
883 9 -1 13 0 0 6 41 38 6 5 32 -1248 
884 9 -1 1 28 0 0 20 3 0 0 7 34 
885 9 -1 7 6 5 11 41 19 6 24 32 -4058 
886 9 -1 37 15 0 0 2 19 0 0 0 40 
887 9 0 0 0 0 0 0 0 0 0 0 0 
888 9 0 0 0 0 0 0 0 0 0 0 0 
889 9 0 0 0 0 0 0 0 0 0 0 0 
890 9 0 0 0 0 0 0 0 0 0 0 0 
891 9 0 0 0 0 0 0 0 0 0 0 0 
892 9 0 0 0 0 0 0 0 0 0 0 0 
893 9 0 0 0 0 0 0 0 0 0 0 0 
894 9 0 0 0 0 0 0 0 0 0 0 0 
895 9 0 0 0 0 0 0 0 0 0 0 0 
896 9 0 0 0 0 0 0 0 0 0 0 0 
897 9 -1 3 8 0 1 37 29 10 11 32 -4239 
898 9 -1 2 17 14 22 36 44 7 3 32 3730 
899 9 89 0 0 0 0 0 0 0 0 0 0 
900 9 90 0 0 0 0 0 0 0 0 0 0 
901 9 91 0 0 0 0 0 0 0 0 0 0 
902 9 92 0 0 0 0 0 0 0 0 0 0 
903 9 0 0 0 0 0 0 0 0 0 0 0 
904 9 0 0 0 0 0 0 0 0 0 0 0 
905 9 0 0 0 0 0 0 0 0 0 0 0 
906 9 0 0 0 0 0 0 0 0 0 0 0 
907 9 0 0 0 0 0 0 0 0 0 0 0 
908 9 0 0 0 0 0 0 0 0 0 0 0 
909 9 0 0 0 0 0 0 0 0 0 0 0 
910 9 0 0 0 0 0 0 0 0 0 0 0 
911 9 0 0 0 0 0 0 0 0 0 0 0 
912 9 0 0 0 0 0 0 0 0 0 0 0 
913 9 0 0 0 0 0 0 0 0 0 0 0 
914 9 0 0 0 0 0 0 0 0 0 0 0 
915 9 -1 0 18 0 0 39 34 0 0 1 0 
916 9 97 0 0 0 0 0 0 0 0 0 0 
917 9 -1 2 6 7 0 33 9 7 19 32 -4196 
918 9 100 0 0 0 0 0 0 0 0 0 0 
919 9 0 0 0 0 0 0 0 0 0 0 0 
920 9 0 0 0 0 0 0 0 0 0 0 0 
921 9 0 0 0 0 0 0 0 0 0 0 0 
922 9 0 0 0 0 0 0 0 0 0 0 0 
923 9 0 0 0 0 0 0 0 0 0 0 0 
924 9 0 0 0 0 0 0 0 0 0 0 0 
925 9 0 0 0 0 0 0 0 0 0 0 0 
926 9 0 0 0 0 0 0 0 0 0 0 0 
927 9 0 0 0 0 0 0 0 0 0 0 0 
928 9 0 0 0 0 0 0 0 0 0 0 0 
929 9 0 0 0 0 0 0 0 0 0 0 0 
930 9 0 0 0 0 0 0 0 0 0 0 0 
931 9 0 0 0 0 0 0 0 0 0 0 0 
932 9 0 0 0 0 0 0 0 0 0 0 0 
933 9 0 0 0 0 0 0 0 0 0 0 0 
934 9 0 0 0 0 0 0 0 0 0 0 0 
935 9 0 0 0 0 0 0 0 0 0 0 0 
936 9 0 0 0 0 0 0 0 0 0 0 0 
937 9 0 0 0 0 0 0 0 0 0 0 0 
938 9 0 0 0 0 0 0 0 0 0 0 0 
939 9 0 0 0 0 0 0 0 0 0 0 0 
940 9 0 0 0 0 0 0 0 0 0 0 0 
941 9 0 0 0 0 0 0 0 0 0 0 0 
942 9 0 0 0 0 0 0 0 0 0 0 0 
943 9 0 0 0 0 0 0 0 0 0 0 0 
944 9 0 0 0 0 0 0 0 0 0 0 0 
945 9 0 0 0 0 0 0 0 0 0 0 0 
946 9 0 0 0 0 0 0 0 0 0 0 0 
947 9 0 0 0 0 0 0 0 0 0 0 0 
948 9 0 0 0 0 0 0 0 0 0 0 0 
949 9 0 0 0 0 0 0 0 0 0 0 0 
950 9 0 0 0 0 0 0 0 0 0 0 0 
951 9 0 0 0 0 0 0 0 0 0 0 0 
952 9 0 0 0 0 0 0 0 0 0 0 0 
953 9 0 0 0 0 0 0 0 0 0 0 0 
954 9 0 0 0 0 0 0 0 0 0 0 0 
955 9 0 0 0 0 0 0 0 0 0 0 0 
956 9 0 0 0 0 0 0 0 0 0 0 0 
957 9 0 0 0 0 0 0 0 0 0 0 0 
958 9 0 0 0 0 0 0 0 0 0 0 0 
959 9 0 0 0 0 0 0 0 0 0 0 0 
960 9 0 0 0 0 0 0 0 0 0 0 0 
961 9 0 0 0 0 0 0 0 0 0 0 0 
962 9 0 0 0 0 0 0 0 0 0 0 0 
963 9 0 0 0 0 0 0 0 0 0 0 0 
964 9 0 0 0 0 0 0 0 0 0 0 0 
965 9 0 0 0 0 0 0 0 0 0 0 0 
966 9 0 0 0 0 0 0 0 0 0 0 0 
967 9 0 0 0 0 0 0 0 0 0 0 0 
968 9 0 0 0 0 0 0 0 0 0 0 0 
969 9 0 0 0 0 0 0 0 0 0 0 0 
970 9 0 0 0 0 0 0 0 0 0 0 0 
971 9 0 0 0 0 0 0 0 0 0 0 0 
972 9 0 0 0 0 0 0 0 0 0 0 0 
973 9 0 0 0 0 0 0 0 0 0 0 0 
974 9 0 0 0 0 0 0 0 0 0 0 0 
975 9 -1 5 3 22 1 33 27 5 3 32 318 
976 9 -1 17 7 0 16 18 40 29 7 32 -7433 
977 9 111 0 0 0 0 0 0 0 0 0 0 
978 9 -1 2 15 14 17 40 41 7 3 32 7322 
979 9 0 0 0 0 0 0 0 0 0 0 0 
980 9 0 0 0 0 0 0 0 0 0 0 0 
981 9 0 0 0 0 0 0 0 0 0 0 0 
982 9 0 0 0 0 0 0 0 0 0 0 0 
983 9 115 0 0 0 0 0 0 0 0 0 0 
984 9 116 0 0 0 0 0 0 0 0 0 0 
985 9 0 0 0 0 0 0 0 0 0 0 0 
986 9 0 0 0 0 0 0 0 0 0 0 0 
987 9 -1 31 42 0 0 46 3 0 0 17 -27 
988 9 -1 11 10 11 5 29 24 14 4 32 -78 
989 9 -1 13 19 20 1 35 31 7 12 32 -1757 
990 9 -1 22 1 6 11 38 42 7 3 32 2156 
991 9 0 0 0 0 0 0 0 0 0 0 0 
992 9 0 0 0 0 0 0 0 0 0 0 0 
993 9 0 0 0 0 0 0 0 0 0 0 0 
994 9 0 0 0 0 0 0 0 0 0 0 0 
995 9 127 0 0 0 0 0 0 0 0 0 0 
996 9 128 0 0 0 0 0 0 0 0 0 0 
997 9 0 0 0 0 0 0 0 0 0 0 0 
998 9 0 0 0 0 0 0 0 0 0 0 0 
999 9 0 0 0 0 0 0 0 0 0 0 0 
1000 9 0 0 0 0 0 0 0 0 0 0 0 
1001 9 0 0 0 0 0 0 0 0 0 0 0 
1002 9 0 0 0 0 0 0 0 0 0 0 0 
1003 9 0 0 0 0 0 0 0 0 0 0 0 
1004 9 0 0 0 0 0 0 0 0 0 0 0 
1005 9 0 0 0 0 0 0 0 0 0 0 0 
1006 9 0 0 0 0 0 0 0 0 0 0 0 
1007 9 0 0 0 0 0 0 0 0 0 0 0 
1008 9 0 0 0 0 0 0 0 0 0 0 0 
1009 9 0 0 0 0 0 0 0 0 0 0 0 
1010 9 0 0 0 0 0 0 0 0 0 0 0 
1011 9 0 0 0 0 0 0 0 0 0 0 0 
1012 9 0 0 0 0 0 0 0 0 0 0 0 
1013 9 0 0 0 0 0 0 0 0 0 0 0 
1014 9 0 0 0 0 0 0 0 0 0 0 0 
1015 9 0 0 0 0 0 0 0 0 0 0 0 
1016 9 0 0 0 0 0 0 0 0 0 0 0 
1017 9 0 0 0 0 0 0 0 0 0 0 0 
1018 9 0 0 0 0 0 0 0 0 0 0 0 
1019 9 0 0 0 0 0 0 0 0 0 0 0 
1020 9 0 0 0 0 0 0 0 0 0 0 0 
1021 9 0 0 0 0 0 0 0 0 0 0 0 
1022 9 0 0 0 0 0 0 0 0 0 0 0 
1023 10 0 0 0 0 0 0 0 0 0 0 0 
1024 10 0 0 0 0 0 0 0 0 0 0 0 
1025 10 0 0 0 0 0 0 0 0 0 0 0 
1026 10 0 0 0 0 0 0 0 0 0 0 0 
1027 10 0 0 0 0 0 0 0 0 0 0 0 
1028 10 0 0 0 0 0 0 0 0 0 0 0 
1029 10 0 0 0 0 0 0 0 0 0 0 0 
1030 10 0 0 0 0 0 0 0 0 0 0 0 
1031 10 0 0 0 0 0 0 0 0 0 0 0 
1032 10 0 0 0 0 0 0 0 0 0 0 0 
1033 10 0 0 0 0 0 0 0 0 0 0 0 
1034 10 0 0 0 0 0 0 0 0 0 0 0 
1035 10 0 0 0 0 0 0 0 0 0 0 0 
1036 10 0 0 0 0 0 0 0 0 0 0 0 
1037 10 0 0 0 0 0 0 0 0 0 0 0 
1038 10 0 0 0 0 0 0 0 0 0 0 0 
1039 10 0 0 0 0 0 0 0 0 0 0 0 
1040 10 0 0 0 0 0 0 0 0 0 0 0 
1041 10 0 0 0 0 0 0 0 0 0 0 0 
1042 10 0 0 0 0 0 0 0 0 0 0 0 
1043 10 0 0 0 0 0 0 0 0 0 0 0 
1044 10 0 0 0 0 0 0 0 0 0 0 0 
1045 10 0 0 0 0 0 0 0 0 0 0 0 
1046 10 0 0 0 0 0 0 0 0 0 0 0 
1047 10 0 0 0 0 0 0 0 0 0 0 0 
1048 10 0 0 0 0 0 0 0 0 0 0 0 
1049 10 0 0 0 0 0 0 0 0 0 0 0 
1050 10 0 0 0 0 0 0 0 0 0 0 0 
1051 10 0 0 0 0 0 0 0 0 0 0 0 
1052 10 0 0 0 0 0 0 0 0 0 0 0 
1053 10 0 0 0 0 0 0 0 0 0 0 0 
1054 10 0 0 0 0 0 0 0 0 0 0 0 
1055 10 0 0 0 0 0 0 0 0 0 0 0 
1056 10 0 0 0 0 0 0 0 0 0 0 0 
1057 10 0 0 0 0 0 0 0 0 0 0 0 
1058 10 0 0 0 0 0 0 0 0 0 0 0 
1059 10 0 0 0 0 0 0 0 0 0 0 0 
1060 10 0 0 0 0 0 0 0 0 0 0 0 
1061 10 0 0 0 0 0 0 0 0 0 0 0 
1062 10 0 0 0 0 0 0 0 0 0 0 0 
1063 10 0 0 0 0 0 0 0 0 0 0 0 
1064 10 0 0 0 0 0 0 0 0 0 0 0 
1065 10 0 0 0 0 0 0 0 0 0 0 0 
1066 10 0 0 0 0 0 0 0 0 0 0 0 
1067 10 0 0 0 0 0 0 0 0 0 0 0 
1068 10 0 0 0 0 0 0 0 0 0 0 0 
1069 10 0 0 0 0 0 0 0 0 0 0 0 
1070 10 0 0 0 0 0 0 0 0 0 0 0 
1071 10 0 0 0 0 0 0 0 0 0 0 0 
1072 10 0 0 0 0 0 0 0 0 0 0 0 
1073 10 0 0 0 0 0 0 0 0 0 0 0 
1074 10 0 0 0 0 0 0 0 0 0 0 0 
1075 10 0 0 0 0 0 0 0 0 0 0 0 
1076 10 0 0 0 0 0 0 0 0 0 0 0 
1077 10 0 0 0 0 0 0 0 0 0 0 0 
1078 10 0 0 0 0 0 0 0 0 0 0 0 
1079 10 0 0 0 0 0 0 0 0 0 0 0 
1080 10 0 0 0 0 0 0 0 0 0 0 0 
1081 10 0 0 0 0 0 0 0 0 0 0 0 
1082 10 0 0 0 0 0 0 0 0 0 0 0 
1083 10 0 0 0 0 0 0 0 0 0 0 0 
1084 10 0 0 0 0 0 0 0 0 0 0 0 
1085 10 0 0 0 0 0 0 0 0 0 0 0 
1086 10 0 0 0 0 0 0 0 0 0 0 0 
1087 10 0 0 0 0 0 0 0 0 0 0 0 
1088 10 0 0 0 0 0 0 0 0 0 0 0 
1089 10 0 0 0 0 0 0 0 0 0 0 0 
1090 10 0 0 0 0 0 0 0 0 0 0 0 
1091 10 0 0 0 0 0 0 0 0 0 0 0 
1092 10 0 0 0 0 0 0 0 0 0 0 0 
1093 10 0 0 0 0 0 0 0 0 0 0 0 
1094 10 0 0 0 0 0 0 0 0 0 0 0 
1095 10 0 0 0 0 0 0 0 0 0 0 0 
1096 10 0 0 0 0 0 0 0 0 0 0 0 
1097 10 0 0 0 0 0 0 0 0 0 0 0 
1098 10 0 0 0 0 0 0 0 0 0 0 0 
1099 10 0 0 0 0 0 0 0 0 0 0 0 
1100 10 0 0 0 0 0 0 0 0 0 0 0 
1101 10 0 0 0 0 0 0 0 0 0 0 0 
1102 10 0 0 0 0 0 0 0 0 0 0 0 
1103 10 0 0 0 0 0 0 0 0 0 0 0 
1104 10 0 0 0 0 0 0 0 0 0 0 0 
1105 10 0 0 0 0 0 0 0 0 0 0 0 
1106 10 0 0 0 0 0 0 0 0 0 0 0 
1107 10 0 0 0 0 0 0 0 0 0 0 0 
1108 10 0 0 0 0 0 0 0 0 0 0 0 
1109 10 0 0 0 0 0 0 0 0 0 0 0 
1110 10 0 0 0 0 0 0 0 0 0 0 0 
1111 10 0 0 0 0 0 0 0 0 0 0 0 
1112 10 0 0 0 0 0 0 0 0 0 0 0 
1113 10 0 0 0 0 0 0 0 0 0 0 0 
1114 10 0 0 0 0 0 0 0 0 0 0 0 
1115 10 0 0 0 0 0 0 0 0 0 0 0 
1116 10 0 0 0 0 0 0 0 0 0 0 0 
1117 10 0 0 0 0 0 0 0 0 0 0 0 
1118 10 0 0 0 0 0 0 0 0 0 0 0 
1119 10 0 0 0 0 0 0 0 0 0 0 0 
1120 10 0 0 0 0 0 0 0 0 0 0 0 
1121 10 0 0 0 0 0 0 0 0 0 0 0 
1122 10 0 0 0 0 0 0 0 0 0 0 0 
1123 10 0 0 0 0 0 0 0 0 0 0 0 
1124 10 0 0 0 0 0 0 0 0 0 0 0 
1125 10 0 0 0 0 0 0 0 0 0 0 0 
1126 10 0 0 0 0 0 0 0 0 0 0 0 
1127 10 0 0 0 0 0 0 0 0 0 0 0 
1128 10 0 0 0 0 0 0 0 0 0 0 0 
1129 10 0 0 0 0 0 0 0 0 0 0 0 
1130 10 0 0 0 0 0 0 0 0 0 0 0 
1131 10 0 0 0 0 0 0 0 0 0 0 0 
1132 10 0 0 0 0 0 0 0 0 0 0 0 
1133 10 0 0 0 0 0 0 0 0 0 0 0 
1134 10 0 0 0 0 0 0 0 0 0 0 0 
1135 10 0 0 0 0 0 0 0 0 0 0 0 
1136 10 0 0 0 0 0 0 0 0 0 0 0 
1137 10 0 0 0 0 0 0 0 0 0 0 0 
1138 10 0 0 0 0 0 0 0 0 0 0 0 
1139 10 0 0 0 0 0 0 0 0 0 0 0 
1140 10 0 0 0 0 0 0 0 0 0 0 0 
1141 10 0 0 0 0 0 0 0 0 0 0 0 
1142 10 0 0 0 0 0 0 0 0 0 0 0 
1143 10 0 0 0 0 0 0 0 0 0 0 0 
1144 10 0 0 0 0 0 0 0 0 0 0 0 
1145 10 0 0 0 0 0 0 0 0 0 0 0 
1146 10 0 0 0 0 0 0 0 0 0 0 0 
1147 10 0 0 0 0 0 0 0 0 0 0 0 
1148 10 0 0 0 0 0 0 0 0 0 0 0 
1149 10 0 0 0 0 0 0 0 0 0 0 0 
1150 10 0 0 0 0 0 0 0 0 0 0 0 
1151 10 0 0 0 0 0 0 0 0 0 0 0 
1152 10 0 0 0 0 0 0 0 0 0 0 0 
1153 10 0 0 0 0 0 0 0 0 0 0 0 
1154 10 0 0 0 0 0 0 0 0 0 0 0 
1155 10 0 0 0 0 0 0 0 0 0 0 0 
1156 10 0 0 0 0 0 0 0 0 0 0 0 
1157 10 0 0 0 0 0 0 0 0 0 0 0 
1158 10 0 0 0 0 0 0 0 0 0 0 0 
1159 10 0 0 0 0 0 0 0 0 0 0 0 
1160 10 0 0 0 0 0 0 0 0 0 0 0 
1161 10 0 0 0 0 0 0 0 0 0 0 0 
1162 10 0 0 0 0 0 0 0 0 0 0 0 
1163 10 0 0 0 0 0 0 0 0 0 0 0 
1164 10 0 0 0 0 0 0 0 0 0 0 0 
1165 10 0 0 0 0 0 0 0 0 0 0 0 
1166 10 0 0 0 0 0 0 0 0 0 0 0 
1167 10 0 0 0 0 0 0 0 0 0 0 0 
1168 10 0 0 0 0 0 0 0 0 0 0 0 
1169 10 0 0 0 0 0 0 0 0 0 0 0 
1170 10 0 0 0 0 0 0 0 0 0 0 0 
1171 10 0 0 0 0 0 0 0 0 0 0 0 
1172 10 0 0 0 0 0 0 0 0 0 0 0 
1173 10 0 0 0 0 0 0 0 0 0 0 0 
1174 10 0 0 0 0 0 0 0 0 0 0 0 
1175 10 0 0 0 0 0 0 0 0 0 0 0 
1176 10 0 0 0 0 0 0 0 0 0 0 0 
1177 10 0 0 0 0 0 0 0 0 0 0 0 
1178 10 0 0 0 0 0 0 0 0 0 0 0 
1179 10 0 0 0 0 0 0 0 0 0 0 0 
1180 10 0 0 0 0 0 0 0 0 0 0 0 
1181 10 0 0 0 0 0 0 0 0 0 0 0 
1182 10 0 0 0 0 0 0 0 0 0 0 0 
1183 10 0 0 0 0 0 0 0 0 0 0 0 
1184 10 0 0 0 0 0 0 0 0 0 0 0 
1185 10 0 0 0 0 0 0 0 0 0 0 0 
1186 10 0 0 0 0 0 0 0 0 0 0 0 
1187 10 0 0 0 0 0 0 0 0 0 0 0 
1188 10 0 0 0 0 0 0 0 0 0 0 0 
1189 10 0 0 0 0 0 0 0 0 0 0 0 
1190 10 0 0 0 0 0 0 0 0 0 0 0 
1191 10 0 0 0 0 0 0 0 0 0 0 0 
1192 10 0 0 0 0 0 0 0 0 0 0 0 
1193 10 0 0 0 0 0 0 0 0 0 0 0 
1194 10 0 0 0 0 0 0 0 0 0 0 0 
1195 10 0 0 0 0 0 0 0 0 0 0 0 
1196 10 0 0 0 0 0 0 0 0 0 0 0 
1197 10 0 0 0 0 0 0 0 0 0 0 0 
1198 10 0 0 0 0 0 0 0 0 0 0 0 
1199 10 0 0 0 0 0 0 0 0 0 0 0 
1200 10 0 0 0 0 0 0 0 0 0 0 0 
1201 10 0 0 0 0 0 0 0 0 0 0 0 
1202 10 0 0 0 0 0 0 0 0 0 0 0 
1203 10 0 0 0 0 0 0 0 0 0 0 0 
1204 10 0 0 0 0 0 0 0 0 0 0 0 
1205 10 0 0 0 0 0 0 0 0 0 0 0 
1206 10 0 0 0 0 0 0 0 0 0 0 0 
1207 10 0 0 0 0 0 0 0 0 0 0 0 
1208 10 0 0 0 0 0 0 0 0 0 0 0 
1209 10 0 0 0 0 0 0 0 0 0 0 0 
1210 10 0 0 0 0 0 0 0 0 0 0 0 
1211 10 0 0 0 0 0 0 0 0 0 0 0 
1212 10 0 0 0 0 0 0 0 0 0 0 0 
1213 10 0 0 0 0 0 0 0 0 0 0 0 
1214 10 0 0 0 0 0 0 0 0 0 0 0 
1215 10 0 0 0 0 0 0 0 0 0 0 0 
1216 10 0 0 0 0 0 0 0 0 0 0 0 
1217 10 0 0 0 0 0 0 0 0 0 0 0 
1218 10 0 0 0 0 0 0 0 0 0 0 0 
1219 10 0 0 0 0 0 0 0 0 0 0 0 
1220 10 0 0 0 0 0 0 0 0 0 0 0 
1221 10 0 0 0 0 0 0 0 0 0 0 0 
1222 10 0 0 0 0 0 0 0 0 0 0 0 
1223 10 0 0 0 0 0 0 0 0 0 0 0 
1224 10 0 0 0 0 0 0 0 0 0 0 0 
1225 10 0 0 0 0 0 0 0 0 0 0 0 
1226 10 0 0 0 0 0 0 0 0 0 0 0 
1227 10 0 0 0 0 0 0 0 0 0 0 0 
1228 10 0 0 0 0 0 0 0 0 0 0 0 
1229 10 0 0 0 0 0 0 0 0 0 0 0 
1230 10 0 0 0 0 0 0 0 0 0 0 0 
1231 10 0 0 0 0 0 0 0 0 0 0 0 
1232 10 0 0 0 0 0 0 0 0 0 0 0 
1233 10 0 0 0 0 0 0 0 0 0 0 0 
1234 10 0 0 0 0 0 0 0 0 0 0 0 
1235 10 0 0 0 0 0 0 0 0 0 0 0 
1236 10 0 0 0 0 0 0 0 0 0 0 0 
1237 10 0 0 0 0 0 0 0 0 0 0 0 
1238 10 0 0 0 0 0 0 0 0 0 0 0 
1239 10 0 0 0 0 0 0 0 0 0 0 0 
1240 10 0 0 0 0 0 0 0 0 0 0 0 
1241 10 0 0 0 0 0 0 0 0 0 0 0 
1242 10 0 0 0 0 0 0 0 0 0 0 0 
1243 10 0 0 0 0 0 0 0 0 0 0 0 
1244 10 0 0 0 0 0 0 0 0 0 0 0 
1245 10 0 0 0 0 0 0 0 0 0 0 0 
1246 10 0 0 0 0 0 0 0 0 0 0 0 
1247 10 0 0 0 0 0 0 0 0 0 0 0 
1248 10 0 0 0 0 0 0 0 0 0 0 0 
1249 10 0 0 0 0 0 0 0 0 0 0 0 
1250 10 0 0 0 0 0 0 0 0 0 0 0 
1251 10 0 0 0 0 0 0 0 0 0 0 0 
1252 10 0 0 0 0 0 0 0 0 0 0 0 
1253 10 0 0 0 0 0 0 0 0 0 0 0 
1254 10 0 0 0 0 0 0 0 0 0 0 0 
1255 10 0 0 0 0 0 0 0 0 0 0 0 
1256 10 0 0 0 0 0 0 0 0 0 0 0 
1257 10 0 0 0 0 0 0 0 0 0 0 0 
1258 10 0 0 0 0 0 0 0 0 0 0 0 
1259 10 0 0 0 0 0 0 0 0 0 0 0 
1260 10 0 0 0 0 0 0 0 0 0 0 0 
1261 10 0 0 0 0 0 0 0 0 0 0 0 
1262 10 0 0 0 0 0 0 0 0 0 0 0 
1263 10 0 0 0 0 0 0 0 0 0 0 0 
1264 10 0 0 0 0 0 0 0 0 0 0 0 
1265 10 0 0 0 0 0 0 0 0 0 0 0 
1266 10 0 0 0 0 0 0 0 0 0 0 0 
1267 10 0 0 0 0 0 0 0 0 0 0 0 
1268 10 0 0 0 0 0 0 0 0 0 0 0 
1269 10 0 0 0 0 0 0 0 0 0 0 0 
1270 10 0 0 0 0 0 0 0 0 0 0 0 
1271 10 0 0 0 0 0 0 0 0 0 0 0 
1272 10 0 0 0 0 0 0 0 0 0 0 0 
1273 10 0 0 0 0 0 0 0 0 0 0 0 
1274 10 0 0 0 0 0 0 0 0 0 0 0 
1275 10 0 0 0 0 0 0 0 0 0 0 0 
1276 10 0 0 0 0 0 0 0 0 0 0 0 
1277 10 0 0 0 0 0 0 0 0 0 0 0 
1278 10 0 0 0 0 0 0 0 0 0 0 0 
1279 10 0 0 0 0 0 0 0 0 0 0 0 
1280 10 0 0 0 0 0 0 0 0 0 0 0 
1281 10 0 0 0 0 0 0 0 0 0 0 0 
1282 10 0 0 0 0 0 0 0 0 0 0 0 
1283 10 0 0 0 0 0 0 0 0 0 0 0 
1284 10 0 0 0 0 0 0 0 0 0 0 0 
1285 10 0 0 0 0 0 0 0 0 0 0 0 
1286 10 0 0 0 0 0 0 0 0 0 0 0 
1287 10 0 0 0 0 0 0 0 0 0 0 0 
1288 10 0 0 0 0 0 0 0 0 0 0 0 
1289 10 0 0 0 0 0 0 0 0 0 0 0 
1290 10 0 0 0 0 0 0 0 0 0 0 0 
1291 10 0 0 0 0 0 0 0 0 0 0 0 
1292 10 0 0 0 0 0 0 0 0 0 0 0 
1293 10 0 0 0 0 0 0 0 0 0 0 0 
1294 10 0 0 0 0 0 0 0 0 0 0 0 
1295 10 0 0 0 0 0 0 0 0 0 0 0 
1296 10 0 0 0 0 0 0 0 0 0 0 0 
1297 10 0 0 0 0 0 0 0 0 0 0 0 
1298 10 0 0 0 0 0 0 0 0 0 0 0 
1299 10 0 0 0 0 0 0 0 0 0 0 0 
1300 10 0 0 0 0 0 0 0 0 0 0 0 
1301 10 0 0 0 0 0 0 0 0 0 0 0 
1302 10 0 0 0 0 0 0 0 0 0 0 0 
1303 10 0 0 0 0 0 0 0 0 0 0 0 
1304 10 0 0 0 0 0 0 0 0 0 0 0 
1305 10 0 0 0 0 0 0 0 0 0 0 0 
1306 10 0 0 0 0 0 0 0 0 0 0 0 
1307 10 0 0 0 0 0 0 0 0 0 0 0 
1308 10 0 0 0 0 0 0 0 0 0 0 0 
1309 10 0 0 0 0 0 0 0 0 0 0 0 
1310 10 0 0 0 0 0 0 0 0 0 0 0 
1311 10 0 0 0 0 0 0 0 0 0 0 0 
1312 10 0 0 0 0 0 0 0 0 0 0 0 
1313 10 0 0 0 0 0 0 0 0 0 0 0 
1314 10 0 0 0 0 0 0 0 0 0 0 0 
1315 10 0 0 0 0 0 0 0 0 0 0 0 
1316 10 0 0 0 0 0 0 0 0 0 0 0 
1317 10 0 0 0 0 0 0 0 0 0 0 0 
1318 10 0 0 0 0 0 0 0 0 0 0 0 
1319 10 0 0 0 0 0 0 0 0 0 0 0 
1320 10 0 0 0 0 0 0 0 0 0 0 0 
1321 10 0 0 0 0 0 0 0 0 0 0 0 
1322 10 0 0 0 0 0 0 0 0 0 0 0 
1323 10 0 0 0 0 0 0 0 0 0 0 0 
1324 10 0 0 0 0 0 0 0 0 0 0 0 
1325 10 0 0 0 0 0 0 0 0 0 0 0 
1326 10 0 0 0 0 0 0 0 0 0 0 0 
1327 10 0 0 0 0 0 0 0 0 0 0 0 
1328 10 0 0 0 0 0 0 0 0 0 0 0 
1329 10 0 0 0 0 0 0 0 0 0 0 0 
1330 10 0 0 0 0 0 0 0 0 0 0 0 
1331 10 0 0 0 0 0 0 0 0 0 0 0 
1332 10 0 0 0 0 0 0 0 0 0 0 0 
1333 10 0 0 0 0 0 0 0 0 0 0 0 
1334 10 0 0 0 0 0 0 0 0 0 0 0 
1335 10 0 0 0 0 0 0 0 0 0 0 0 
1336 10 0 0 0 0 0 0 0 0 0 0 0 
1337 10 0 0 0 0 0 0 0 0 0 0 0 
1338 10 0 0 0 0 0 0 0 0 0 0 0 
1339 10 0 0 0 0 0 0 0 0 0 0 0 
1340 10 0 0 0 0 0 0 0 0 0 0 0 
1341 10 0 0 0 0 0 0 0 0 0 0 0 
1342 10 0 0 0 0 0 0 0 0 0 0 0 
1343 10 5 0 0 0 0 0 0 0 0 0 0 
1344 10 6 0 0 0 0 0 0 0 0 0 0 
1345 10 7 0 0 0 0 0 0 0 0 0 0 
1346 10 8 0 0 0 0 0 0 0 0 0 0 
1347 10 0 0 0 0 0 0 0 0 0 0 0 
1348 10 0 0 0 0 0 0 0 0 0 0 0 
1349 10 0 0 0 0 0 0 0 0 0 0 0 
1350 10 0 0 0 0 0 0 0 0 0 0 0 
1351 10 0 0 0 0 0 0 0 0 0 0 0 
1352 10 0 0 0 0 0 0 0 0 0 0 0 
1353 10 0 0 0 0 0 0 0 0 0 0 0 
1354 10 0 0 0 0 0 0 0 0 0 0 0 
1355 10 0 0 0 0 0 0 0 0 0 0 0 
1356 10 0 0 0 0 0 0 0 0 0 0 0 
1357 10 0 0 0 0 0 0 0 0 0 0 0 
1358 10 0 0 0 0 0 0 0 0 0 0 0 
1359 10 0 0 0 0 0 0 0 0 0 0 0 
1360 10 0 0 0 0 0 0 0 0 0 0 0 
1361 10 14 0 0 0 0 0 0 0 0 0 0 
1362 10 15 0 0 0 0 0 0 0 0 0 0 
1363 10 0 0 0 0 0 0 0 0 0 0 0 
1364 10 0 0 0 0 0 0 0 0 0 0 0 
1365 10 0 0 0 0 0 0 0 0 0 0 0 
1366 10 0 0 0 0 0 0 0 0 0 0 0 
1367 10 0 0 0 0 0 0 0 0 0 0 0 
1368 10 0 0 0 0 0 0 0 0 0 0 0 
1369 10 0 0 0 0 0 0 0 0 0 0 0 
1370 10 0 0 0 0 0 0 0 0 0 0 0 
1371 10 0 0 0 0 0 0 0 0 0 0 0 
1372 10 0 0 0 0 0 0 0 0 0 0 0 
1373 10 0 0 0 0 0 0 0 0 0 0 0 
1374 10 0 0 0 0 0 0 0 0 0 0 0 
1375 10 0 0 0 0 0 0 0 0 0 0 0 
1376 10 0 0 0 0 0 0 0 0 0 0 0 
1377 10 21 0 0 0 0 0 0 0 0 0 0 
1378 10 22 0 0 0 0 0 0 0 0 0 0 
1379 10 0 0 0 0 0 0 0 0 0 0 0 
1380 10 0 0 0 0 0 0 0 0 0 0 0 
1381 10 0 0 0 0 0 0 0 0 0 0 0 
1382 10 0 0 0 0 0 0 0 0 0 0 0 
1383 10 0 0 0 0 0 0 0 0 0 0 0 
1384 10 0 0 0 0 0 0 0 0 0 0 0 
1385 10 0 0 0 0 0 0 0 0 0 0 0 
1386 10 0 0 0 0 0 0 0 0 0 0 0 
1387 10 0 0 0 0 0 0 0 0 0 0 0 
1388 10 0 0 0 0 0 0 0 0 0 0 0 
1389 10 26 0 0 0 0 0 0 0 0 0 0 
1390 10 27 0 0 0 0 0 0 0 0 0 0 
1391 10 0 0 0 0 0 0 0 0 0 0 0 
1392 10 0 0 0 0 0 0 0 0 0 0 0 
1393 10 0 0 0 0 0 0 0 0 0 0 0 
1394 10 0 0 0 0 0 0 0 0 0 0 0 
1395 10 0 0 0 0 0 0 0 0 0 0 0 
1396 10 0 0 0 0 0 0 0 0 0 0 0 
1397 10 0 0 0 0 0 0 0 0 0 0 0 
1398 10 0 0 0 0 0 0 0 0 0 0 0 
1399 10 0 0 0 0 0 0 0 0 0 0 0 
1400 10 0 0 0 0 0 0 0 0 0 0 0 
1401 10 0 0 0 0 0 0 0 0 0 0 0 
1402 10 0 0 0 0 0 0 0 0 0 0 0 
1403 10 32 0 0 0 0 0 0 0 0 0 0 
1404 10 33 0 0 0 0 0 0 0 0 0 0 
1405 10 34 0 0 0 0 0 0 0 0 0 0 
1406 10 35 0 0 0 0 0 0 0 0 0 0 
1407 10 0 0 0 0 0 0 0 0 0 0 0 
1408 10 0 0 0 0 0 0 0 0 0 0 0 
1409 10 0 0 0 0 0 0 0 0 0 0 0 
1410 10 0 0 0 0 0 0 0 0 0 0 0 
1411 10 0 0 0 0 0 0 0 0 0 0 0 
1412 10 0 0 0 0 0 0 0 0 0 0 0 
1413 10 0 0 0 0 0 0 0 0 0 0 0 
1414 10 0 0 0 0 0 0 0 0 0 0 0 
1415 10 0 0 0 0 0 0 0 0 0 0 0 
1416 10 0 0 0 0 0 0 0 0 0 0 0 
1417 10 0 0 0 0 0 0 0 0 0 0 0 
1418 10 0 0 0 0 0 0 0 0 0 0 0 
1419 10 0 0 0 0 0 0 0 0 0 0 0 
1420 10 0 0 0 0 0 0 0 0 0 0 0 
1421 10 0 0 0 0 0 0 0 0 0 0 0 
1422 10 0 0 0 0 0 0 0 0 0 0 0 
1423 10 0 0 0 0 0 0 0 0 0 0 0 
1424 10 0 0 0 0 0 0 0 0 0 0 0 
1425 10 0 0 0 0 0 0 0 0 0 0 0 
1426 10 0 0 0 0 0 0 0 0 0 0 0 
1427 10 0 0 0 0 0 0 0 0 0 0 0 
1428 10 0 0 0 0 0 0 0 0 0 0 0 
1429 10 0 0 0 0 0 0 0 0 0 0 0 
1430 10 0 0 0 0 0 0 0 0 0 0 0 
1431 10 0 0 0 0 0 0 0 0 0 0 0 
1432 10 0 0 0 0 0 0 0 0 0 0 0 
1433 10 0 0 0 0 0 0 0 0 0 0 0 
1434 10 0 0 0 0 0 0 0 0 0 0 0 
1435 10 0 0 0 0 0 0 0 0 0 0 0 
1436 10 0 0 0 0 0 0 0 0 0 0 0 
1437 10 0 0 0 0 0 0 0 0 0 0 0 
1438 10 0 0 0 0 0 0 0 0 0 0 0 
1439 10 0 0 0 0 0 0 0 0 0 0 0 
1440 10 0 0 0 0 0 0 0 0 0 0 0 
1441 10 0 0 0 0 0 0 0 0 0 0 0 
1442 10 0 0 0 0 0 0 0 0 0 0 0 
1443 10 0 0 0 0 0 0 0 0 0 0 0 
1444 10 0 0 0 0 0 0 0 0 0 0 0 
1445 10 0 0 0 0 0 0 0 0 0 0 0 
1446 10 0 0 0 0 0 0 0 0 0 0 0 
1447 10 0 0 0 0 0 0 0 0 0 0 0 
1448 10 0 0 0 0 0 0 0 0 0 0 0 
1449 10 0 0 0 0 0 0 0 0 0 0 0 
1450 10 0 0 0 0 0 0 0 0 0 0 0 
1451 10 0 0 0 0 0 0 0 0 0 0 0 
1452 10 0 0 0 0 0 0 0 0 0 0 0 
1453 10 0 0 0 0 0 0 0 0 0 0 0 
1454 10 0 0 0 0 0 0 0 0 0 0 0 
1455 10 0 0 0 0 0 0 0 0 0 0 0 
1456 10 0 0 0 0 0 0 0 0 0 0 0 
1457 10 0 0 0 0 0 0 0 0 0 0 0 
1458 10 0 0 0 0 0 0 0 0 0 0 0 
1459 10 0 0 0 0 0 0 0 0 0 0 0 
1460 10 0 0 0 0 0 0 0 0 0 0 0 
1461 10 0 0 0 0 0 0 0 0 0 0 0 
1462 10 0 0 0 0 0 0 0 0 0 0 0 
1463 10 0 0 0 0 0 0 0 0 0 0 0 
1464 10 0 0 0 0 0 0 0 0 0 0 0 
1465 10 0 0 0 0 0 0 0 0 0 0 0 
1466 10 0 0 0 0 0 0 0 0 0 0 0 
1467 10 0 0 0 0 0 0 0 0 0 0 0 
1468 10 0 0 0 0 0 0 0 0 0 0 0 
1469 10 0 0 0 0 0 0 0 0 0 0 0 
1470 10 0 0 0 0 0 0 0 0 0 0 0 
1471 10 0 0 0 0 0 0 0 0 0 0 0 
1472 10 0 0 0 0 0 0 0 0 0 0 0 
1473 10 41 0 0 0 0 0 0 0 0 0 0 
1474 10 42 0 0 0 0 0 0 0 0 0 0 
1475 10 0 0 0 0 0 0 0 0 0 0 0 
1476 10 0 0 0 0 0 0 0 0 0 0 0 
1477 10 44 0 0 0 0 0 0 0 0 0 0 
1478 10 45 0 0 0 0 0 0 0 0 0 0 
1479 10 0 0 0 0 0 0 0 0 0 0 0 
1480 10 0 0 0 0 0 0 0 0 0 0 0 
1481 10 0 0 0 0 0 0 0 0 0 0 0 
1482 10 0 0 0 0 0 0 0 0 0 0 0 
1483 10 47 0 0 0 0 0 0 0 0 0 0 
1484 10 48 0 0 0 0 0 0 0 0 0 0 
1485 10 0 0 0 0 0 0 0 0 0 0 0 
1486 10 0 0 0 0 0 0 0 0 0 0 0 
1487 10 0 0 0 0 0 0 0 0 0 0 0 
1488 10 0 0 0 0 0 0 0 0 0 0 0 
1489 10 0 0 0 0 0 0 0 0 0 0 0 
1490 10 0 0 0 0 0 0 0 0 0 0 0 
1491 10 0 0 0 0 0 0 0 0 0 0 0 
1492 10 0 0 0 0 0 0 0 0 0 0 0 
1493 10 0 0 0 0 0 0 0 0 0 0 0 
1494 10 0 0 0 0 0 0 0 0 0 0 0 
1495 10 0 0 0 0 0 0 0 0 0 0 0 
1496 10 0 0 0 0 0 0 0 0 0 0 0 
1497 10 0 0 0 0 0 0 0 0 0 0 0 
1498 10 0 0 0 0 0 0 0 0 0 0 0 
1499 10 0 0 0 0 0 0 0 0 0 0 0 
1500 10 0 0 0 0 0 0 0 0 0 0 0 
1501 10 0 0 0 0 0 0 0 0 0 0 0 
1502 10 0 0 0 0 0 0 0 0 0 0 0 
1503 10 0 0 0 0 0 0 0 0 0 0 0 
1504 10 0 0 0 0 0 0 0 0 0 0 0 
1505 10 0 0 0 0 0 0 0 0 0 0 0 
1506 10 0 0 0 0 0 0 0 0 0 0 0 
1507 10 0 0 0 0 0 0 0 0 0 0 0 
1508 10 0 0 0 0 0 0 0 0 0 0 0 
1509 10 0 0 0 0 0 0 0 0 0 0 0 
1510 10 0 0 0 0 0 0 0 0 0 0 0 
1511 10 0 0 0 0 0 0 0 0 0 0 0 
1512 10 0 0 0 0 0 0 0 0 0 0 0 
1513 10 0 0 0 0 0 0 0 0 0 0 0 
1514 10 0 0 0 0 0 0 0 0 0 0 0 
1515 10 0 0 0 0 0 0 0 0 0 0 0 
1516 10 0 0 0 0 0 0 0 0 0 0 0 
1517 10 0 0 0 0 0 0 0 0 0 0 0 
1518 10 0 0 0 0 0 0 0 0 0 0 0 
1519 10 0 0 0 0 0 0 0 0 0 0 0 
1520 10 0 0 0 0 0 0 0 0 0 0 0 
1521 10 0 0 0 0 0 0 0 0 0 0 0 
1522 10 0 0 0 0 0 0 0 0 0 0 0 
1523 10 0 0 0 0 0 0 0 0 0 0 0 
1524 10 0 0 0 0 0 0 0 0 0 0 0 
1525 10 0 0 0 0 0 0 0 0 0 0 0 
1526 10 0 0 0 0 0 0 0 0 0 0 0 
1527 10 0 0 0 0 0 0 0 0 0 0 0 
1528 10 0 0 0 0 0 0 0 0 0 0 0 
1529 10 0 0 0 0 0 0 0 0 0 0 0 
1530 10 0 0 0 0 0 0 0 0 0 0 0 
1531 10 0 0 0 0 0 0 0 0 0 0 0 
1532 10 0 0 0 0 0 0 0 0 0 0 0 
1533 10 0 0 0 0 0 0 0 0 0 0 0 
1534 10 0 0 0 0 0 0 0 0 0 0 0 
1535 10 0 0 0 0 0 0 0 0 0 0 0 
1536 10 0 0 0 0 0 0 0 0 0 0 0 
1537 10 0 0 0 0 0 0 0 0 0 0 0 
1538 10 0 0 0 0 0 0 0 0 0 0 0 
1539 10 0 0 0 0 0 0 0 0 0 0 0 
1540 10 0 0 0 0 0 0 0 0 0 0 0 
1541 10 0 0 0 0 0 0 0 0 0 0 0 
1542 10 0 0 0 0 0 0 0 0 0 0 0 
1543 10 0 0 0 0 0 0 0 0 0 0 0 
1544 10 0 0 0 0 0 0 0 0 0 0 0 
1545 10 0 0 0 0 0 0 0 0 0 0 0 
1546 10 0 0 0 0 0 0 0 0 0 0 0 
1547 10 0 0 0 0 0 0 0 0 0 0 0 
1548 10 0 0 0 0 0 0 0 0 0 0 0 
1549 10 0 0 0 0 0 0 0 0 0 0 0 
1550 10 0 0 0 0 0 0 0 0 0 0 0 
1551 10 0 0 0 0 0 0 0 0 0 0 0 
1552 10 0 0 0 0 0 0 0 0 0 0 0 
1553 10 0 0 0 0 0 0 0 0 0 0 0 
1554 10 0 0 0 0 0 0 0 0 0 0 0 
1555 10 0 0 0 0 0 0 0 0 0 0 0 
1556 10 0 0 0 0 0 0 0 0 0 0 0 
1557 10 0 0 0 0 0 0 0 0 0 0 0 
1558 10 0 0 0 0 0 0 0 0 0 0 0 
1559 10 0 0 0 0 0 0 0 0 0 0 0 
1560 10 0 0 0 0 0 0 0 0 0 0 0 
1561 10 0 0 0 0 0 0 0 0 0 0 0 
1562 10 0 0 0 0 0 0 0 0 0 0 0 
1563 10 0 0 0 0 0 0 0 0 0 0 0 
1564 10 0 0 0 0 0 0 0 0 0 0 0 
1565 10 0 0 0 0 0 0 0 0 0 0 0 
1566 10 0 0 0 0 0 0 0 0 0 0 0 
1567 10 0 0 0 0 0 0 0 0 0 0 0 
1568 10 0 0 0 0 0 0 0 0 0 0 0 
1569 10 0 0 0 0 0 0 0 0 0 0 0 
1570 10 0 0 0 0 0 0 0 0 0 0 0 
1571 10 0 0 0 0 0 0 0 0 0 0 0 
1572 10 0 0 0 0 0 0 0 0 0 0 0 
1573 10 0 0 0 0 0 0 0 0 0 0 0 
1574 10 0 0 0 0 0 0 0 0 0 0 0 
1575 10 0 0 0 0 0 0 0 0 0 0 0 
1576 10 0 0 0 0 0 0 0 0 0 0 0 
1577 10 0 0 0 0 0 0 0 0 0 0 0 
1578 10 0 0 0 0 0 0 0 0 0 0 0 
1579 10 0 0 0 0 0 0 0 0 0 0 0 
1580 10 0 0 0 0 0 0 0 0 0 0 0 
1581 10 0 0 0 0 0 0 0 0 0 0 0 
1582 10 0 0 0 0 0 0 0 0 0 0 0 
1583 10 0 0 0 0 0 0 0 0 0 0 0 
1584 10 0 0 0 0 0 0 0 0 0 0 0 
1585 10 0 0 0 0 0 0 0 0 0 0 0 
1586 10 0 0 0 0 0 0 0 0 0 0 0 
1587 10 0 0 0 0 0 0 0 0 0 0 0 
1588 10 0 0 0 0 0 0 0 0 0 0 0 
1589 10 0 0 0 0 0 0 0 0 0 0 0 
1590 10 0 0 0 0 0 0 0 0 0 0 0 
1591 10 0 0 0 0 0 0 0 0 0 0 0 
1592 10 0 0 0 0 0 0 0 0 0 0 0 
1593 10 0 0 0 0 0 0 0 0 0 0 0 
1594 10 0 0 0 0 0 0 0 0 0 0 0 
1595 10 0 0 0 0 0 0 0 0 0 0 0 
1596 10 0 0 0 0 0 0 0 0 0 0 0 
1597 10 0 0 0 0 0 0 0 0 0 0 0 
1598 10 0 0 0 0 0 0 0 0 0 0 0 
1599 10 0 0 0 0 0 0 0 0 0 0 0 
1600 10 0 0 0 0 0 0 0 0 0 0 0 
1601 10 0 0 0 0 0 0 0 0 0 0 0 
1602 10 0 0 0 0 0 0 0 0 0 0 0 
1603 10 0 0 0 0 0 0 0 0 0 0 0 
1604 10 0 0 0 0 0 0 0 0 0 0 0 
1605 10 0 0 0 0 0 0 0 0 0 0 0 
1606 10 0 0 0 0 0 0 0 0 0 0 0 
1607 10 0 0 0 0 0 0 0 0 0 0 0 
1608 10 0 0 0 0 0 0 0 0 0 0 0 
1609 10 0 0 0 0 0 0 0 0 0 0 0 
1610 10 0 0 0 0 0 0 0 0 0 0 0 
1611 10 0 0 0 0 0 0 0 0 0 0 0 
1612 10 0 0 0 0 0 0 0 0 0 0 0 
1613 10 0 0 0 0 0 0 0 0 0 0 0 
1614 10 0 0 0 0 0 0 0 0 0 0 0 
1615 10 0 0 0 0 0 0 0 0 0 0 0 
1616 10 0 0 0 0 0 0 0 0 0 0 0 
1617 10 0 0 0 0 0 0 0 0 0 0 0 
1618 10 0 0 0 0 0 0 0 0 0 0 0 
1619 10 0 0 0 0 0 0 0 0 0 0 0 
1620 10 0 0 0 0 0 0 0 0 0 0 0 
1621 10 0 0 0 0 0 0 0 0 0 0 0 
1622 10 0 0 0 0 0 0 0 0 0 0 0 
1623 10 0 0 0 0 0 0 0 0 0 0 0 
1624 10 0 0 0 0 0 0 0 0 0 0 0 
1625 10 0 0 0 0 0 0 0 0 0 0 0 
1626 10 0 0 0 0 0 0 0 0 0 0 0 
1627 10 0 0 0 0 0 0 0 0 0 0 0 
1628 10 0 0 0 0 0 0 0 0 0 0 0 
1629 10 0 0 0 0 0 0 0 0 0 0 0 
1630 10 0 0 0 0 0 0 0 0 0 0 0 
1631 10 0 0 0 0 0 0 0 0 0 0 0 
1632 10 0 0 0 0 0 0 0 0 0 0 0 
1633 10 0 0 0 0 0 0 0 0 0 0 0 
1634 10 0 0 0 0 0 0 0 0 0 0 0 
1635 10 0 0 0 0 0 0 0 0 0 0 0 
1636 10 0 0 0 0 0 0 0 0 0 0 0 
1637 10 0 0 0 0 0 0 0 0 0 0 0 
1638 10 0 0 0 0 0 0 0 0 0 0 0 
1639 10 0 0 0 0 0 0 0 0 0 0 0 
1640 10 0 0 0 0 0 0 0 0 0 0 0 
1641 10 0 0 0 0 0 0 0 0 0 0 0 
1642 10 0 0 0 0 0 0 0 0 0 0 0 
1643 10 0 0 0 0 0 0 0 0 0 0 0 
1644 10 0 0 0 0 0 0 0 0 0 0 0 
1645 10 0 0 0 0 0 0 0 0 0 0 0 
1646 10 0 0 0 0 0 0 0 0 0 0 0 
1647 10 0 0 0 0 0 0 0 0 0 0 0 
1648 10 0 0 0 0 0 0 0 0 0 0 0 
1649 10 0 0 0 0 0 0 0 0 0 0 0 
1650 10 0 0 0 0 0 0 0 0 0 0 0 
1651 10 0 0 0 0 0 0 0 0 0 0 0 
1652 10 0 0 0 0 0 0 0 0 0 0 0 
1653 10 0 0 0 0 0 0 0 0 0 0 0 
1654 10 0 0 0 0 0 0 0 0 0 0 0 
1655 10 0 0 0 0 0 0 0 0 0 0 0 
1656 10 0 0 0 0 0 0 0 0 0 0 0 
1657 10 0 0 0 0 0 0 0 0 0 0 0 
1658 10 0 0 0 0 0 0 0 0 0 0 0 
1659 10 0 0 0 0 0 0 0 0 0 0 0 
1660 10 0 0 0 0 0 0 0 0 0 0 0 
1661 10 0 0 0 0 0 0 0 0 0 0 0 
1662 10 0 0 0 0 0 0 0 0 0 0 0 
1663 10 0 0 0 0 0 0 0 0 0 0 0 
1664 10 0 0 0 0 0 0 0 0 0 0 0 
1665 10 0 0 0 0 0 0 0 0 0 0 0 
1666 10 0 0 0 0 0 0 0 0 0 0 0 
1667 10 0 0 0 0 0 0 0 0 0 0 0 
1668 10 0 0 0 0 0 0 0 0 0 0 0 
1669 10 0 0 0 0 0 0 0 0 0 0 0 
1670 10 0 0 0 0 0 0 0 0 0 0 0 
1671 10 0 0 0 0 0 0 0 0 0 0 0 
1672 10 0 0 0 0 0 0 0 0 0 0 0 
1673 10 0 0 0 0 0 0 0 0 0 0 0 
1674 10 0 0 0 0 0 0 0 0 0 0 0 
1675 10 0 0 0 0 0 0 0 0 0 0 0 
1676 10 0 0 0 0 0 0 0 0 0 0 0 
1677 10 0 0 0 0 0 0 0 0 0 0 0 
1678 10 0 0 0 0 0 0 0 0 0 0 0 
1679 10 0 0 0 0 0 0 0 0 0 0 0 
1680 10 0 0 0 0 0 0 0 0 0 0 0 
1681 10 0 0 0 0 0 0 0 0 0 0 0 
1682 10 0 0 0 0 0 0 0 0 0 0 0 
1683 10 0 0 0 0 0 0 0 0 0 0 0 
1684 10 0 0 0 0 0 0 0 0 0 0 0 
1685 10 0 0 0 0 0 0 0 0 0 0 0 
1686 10 0 0 0 0 0 0 0 0 0 0 0 
1687 10 0 0 0 0 0 0 0 0 0 0 0 
1688 10 0 0 0 0 0 0 0 0 0 0 0 
1689 10 0 0 0 0 0 0 0 0 0 0 0 
1690 10 0 0 0 0 0 0 0 0 0 0 0 
1691 10 0 0 0 0 0 0 0 0 0 0 0 
1692 10 0 0 0 0 0 0 0 0 0 0 0 
1693 10 0 0 0 0 0 0 0 0 0 0 0 
1694 10 0 0 0 0 0 0 0 0 0 0 0 
1695 10 0 0 0 0 0 0 0 0 0 0 0 
1696 10 0 0 0 0 0 0 0 0 0 0 0 
1697 10 0 0 0 0 0 0 0 0 0 0 0 
1698 10 0 0 0 0 0 0 0 0 0 0 0 
1699 10 0 0 0 0 0 0 0 0 0 0 0 
1700 10 0 0 0 0 0 0 0 0 0 0 0 
1701 10 0 0 0 0 0 0 0 0 0 0 0 
1702 10 0 0 0 0 0 0 0 0 0 0 0 
1703 10 0 0 0 0 0 0 0 0 0 0 0 
1704 10 0 0 0 0 0 0 0 0 0 0 0 
1705 10 0 0 0 0 0 0 0 0 0 0 0 
1706 10 0 0 0 0 0 0 0 0 0 0 0 
1707 10 0 0 0 0 0 0 0 0 0 0 0 
1708 10 0 0 0 0 0 0 0 0 0 0 0 
1709 10 0 0 0 0 0 0 0 0 0 0 0 
1710 10 0 0 0 0 0 0 0 0 0 0 0 
1711 10 0 0 0 0 0 0 0 0 0 0 0 
1712 10 0 0 0 0 0 0 0 0 0 0 0 
1713 10 0 0 0 0 0 0 0 0 0 0 0 
1714 10 0 0 0 0 0 0 0 0 0 0 0 
1715 10 0 0 0 0 0 0 0 0 0 0 0 
1716 10 0 0 0 0 0 0 0 0 0 0 0 
1717 10 0 0 0 0 0 0 0 0 0 0 0 
1718 10 0 0 0 0 0 0 0 0 0 0 0 
1719 10 0 0 0 0 0 0 0 0 0 0 0 
1720 10 0 0 0 0 0 0 0 0 0 0 0 
1721 10 0 0 0 0 0 0 0 0 0 0 0 
1722 10 0 0 0 0 0 0 0 0 0 0 0 
1723 10 0 0 0 0 0 0 0 0 0 0 0 
1724 10 0 0 0 0 0 0 0 0 0 0 0 
1725 10 0 0 0 0 0 0 0 0 0 0 0 
1726 10 0 0 0 0 0 0 0 0 0 0 0 
1727 10 0 0 0 0 0 0 0 0 0 0 0 
1728 10 0 0 0 0 0 0 0 0 0 0 0 
1729 10 0 0 0 0 0 0 0 0 0 0 0 
1730 10 0 0 0 0 0 0 0 0 0 0 0 
1731 10 0 0 0 0 0 0 0 0 0 0 0 
1732 10 0 0 0 0 0 0 0 0 0 0 0 
1733 10 0 0 0 0 0 0 0 0 0 0 0 
1734 10 0 0 0 0 0 0 0 0 0 0 0 
1735 10 0 0 0 0 0 0 0 0 0 0 0 
1736 10 0 0 0 0 0 0 0 0 0 0 0 
1737 10 0 0 0 0 0 0 0 0 0 0 0 
1738 10 0 0 0 0 0 0 0 0 0 0 0 
1739 10 0 0 0 0 0 0 0 0 0 0 0 
1740 10 0 0 0 0 0 0 0 0 0 0 0 
1741 10 0 0 0 0 0 0 0 0 0 0 0 
1742 10 0 0 0 0 0 0 0 0 0 0 0 
1743 10 0 0 0 0 0 0 0 0 0 0 0 
1744 10 0 0 0 0 0 0 0 0 0 0 0 
1745 10 0 0 0 0 0 0 0 0 0 0 0 
1746 10 0 0 0 0 0 0 0 0 0 0 0 
1747 10 0 0 0 0 0 0 0 0 0 0 0 
1748 10 0 0 0 0 0 0 0 0 0 0 0 
1749 10 0 0 0 0 0 0 0 0 0 0 0 
1750 10 0 0 0 0 0 0 0 0 0 0 0 
1751 10 0 0 0 0 0 0 0 0 0 0 0 
1752 10 0 0 0 0 0 0 0 0 0 0 0 
1753 10 0 0 0 0 0 0 0 0 0 0 0 
1754 10 0 0 0 0 0 0 0 0 0 0 0 
1755 10 0 0 0 0 0 0 0 0 0 0 0 
1756 10 0 0 0 0 0 0 0 0 0 0 0 
1757 10 0 0 0 0 0 0 0 0 0 0 0 
1758 10 0 0 0 0 0 0 0 0 0 0 0 
1759 10 0 0 0 0 0 0 0 0 0 0 0 
1760 10 0 0 0 0 0 0 0 0 0 0 0 
1761 10 0 0 0 0 0 0 0 0 0 0 0 
1762 10 0 0 0 0 0 0 0 0 0 0 0 
1763 10 0 0 0 0 0 0 0 0 0 0 0 
1764 10 0 0 0 0 0 0 0 0 0 0 0 
1765 10 0 0 0 0 0 0 0 0 0 0 0 
1766 10 0 0 0 0 0 0 0 0 0 0 0 
1767 10 74 0 0 0 0 0 0 0 0 0 0 
1768 10 75 0 0 0 0 0 0 0 0 0 0 
1769 10 76 0 0 0 0 0 0 0 0 0 0 
1770 10 77 0 0 0 0 0 0 0 0 0 0 
1771 10 78 0 0 0 0 0 0 0 0 0 0 
1772 10 79 0 0 0 0 0 0 0 0 0 0 
1773 10 80 0 0 0 0 0 0 0 0 0 0 
1774 10 81 0 0 0 0 0 0 0 0 0 0 
1775 10 0 0 0 0 0 0 0 0 0 0 0 
1776 10 0 0 0 0 0 0 0 0 0 0 0 
1777 10 0 0 0 0 0 0 0 0 0 0 0 
1778 10 0 0 0 0 0 0 0 0 0 0 0 
1779 10 0 0 0 0 0 0 0 0 0 0 0 
1780 10 0 0 0 0 0 0 0 0 0 0 0 
1781 10 0 0 0 0 0 0 0 0 0 0 0 
1782 10 0 0 0 0 0 0 0 0 0 0 0 
1783 10 0 0 0 0 0 0 0 0 0 0 0 
1784 10 0 0 0 0 0 0 0 0 0 0 0 
1785 10 0 0 0 0 0 0 0 0 0 0 0 
1786 10 0 0 0 0 0 0 0 0 0 0 0 
1787 10 0 0 0 0 0 0 0 0 0 0 0 
1788 10 0 0 0 0 0 0 0 0 0 0 0 
1789 10 0 0 0 0 0 0 0 0 0 0 0 
1790 10 0 0 0 0 0 0 0 0 0 0 0 
1791 10 0 0 0 0 0 0 0 0 0 0 0 
1792 10 0 0 0 0 0 0 0 0 0 0 0 
1793 10 0 0 0 0 0 0 0 0 0 0 0 
1794 10 0 0 0 0 0 0 0 0 0 0 0 
1795 10 85 0 0 0 0 0 0 0 0 0 0 
1796 10 86 0 0 0 0 0 0 0 0 0 0 
1797 10 87 0 0 0 0 0 0 0 0 0 0 
1798 10 88 0 0 0 0 0 0 0 0 0 0 
1799 10 0 0 0 0 0 0 0 0 0 0 0 
1800 10 0 0 0 0 0 0 0 0 0 0 0 
1801 10 0 0 0 0 0 0 0 0 0 0 0 
1802 10 0 0 0 0 0 0 0 0 0 0 0 
1803 10 0 0 0 0 0 0 0 0 0 0 0 
1804 10 0 0 0 0 0 0 0 0 0 0 0 
1805 10 0 0 0 0 0 0 0 0 0 0 0 
1806 10 0 0 0 0 0 0 0 0 0 0 0 
1807 10 0 0 0 0 0 0 0 0 0 0 0 
1808 10 0 0 0 0 0 0 0 0 0 0 0 
1809 10 0 0 0 0 0 0 0 0 0 0 0 
1810 10 0 0 0 0 0 0 0 0 0 0 0 
1811 10 0 0 0 0 0 0 0 0 0 0 0 
1812 10 0 0 0 0 0 0 0 0 0 0 0 
1813 10 0 0 0 0 0 0 0 0 0 0 0 
1814 10 0 0 0 0 0 0 0 0 0 0 0 
1815 10 0 0 0 0 0 0 0 0 0 0 0 
1816 10 0 0 0 0 0 0 0 0 0 0 0 
1817 10 0 0 0 0 0 0 0 0 0 0 0 
1818 10 0 0 0 0 0 0 0 0 0 0 0 
1819 10 0 0 0 0 0 0 0 0 0 0 0 
1820 10 0 0 0 0 0 0 0 0 0 0 0 
1821 10 0 0 0 0 0 0 0 0 0 0 0 
1822 10 0 0 0 0 0 0 0 0 0 0 0 
1823 10 0 0 0 0 0 0 0 0 0 0 0 
1824 10 0 0 0 0 0 0 0 0 0 0 0 
1825 10 0 0 0 0 0 0 0 0 0 0 0 
1826 10 0 0 0 0 0 0 0 0 0 0 0 
1827 10 0 0 0 0 0 0 0 0 0 0 0 
1828 10 0 0 0 0 0 0 0 0 0 0 0 
1829 10 0 0 0 0 0 0 0 0 0 0 0 
1830 10 0 0 0 0 0 0 0 0 0 0 0 
1831 10 95 0 0 0 0 0 0 0 0 0 0 
1832 10 96 0 0 0 0 0 0 0 0 0 0 
1833 10 0 0 0 0 0 0 0 0 0 0 0 
1834 10 0 0 0 0 0 0 0 0 0 0 0 
1835 10 98 0 0 0 0 0 0 0 0 0 0 
1836 10 99 0 0 0 0 0 0 0 0 0 0 
1837 10 0 0 0 0 0 0 0 0 0 0 0 
1838 10 0 0 0 0 0 0 0 0 0 0 0 
1839 10 0 0 0 0 0 0 0 0 0 0 0 
1840 10 0 0 0 0 0 0 0 0 0 0 0 
1841 10 0 0 0 0 0 0 0 0 0 0 0 
1842 10 0 0 0 0 0 0 0 0 0 0 0 
1843 10 0 0 0 0 0 0 0 0 0 0 0 
1844 10 0 0 0 0 0 0 0 0 0 0 0 
1845 10 0 0 0 0 0 0 0 0 0 0 0 
1846 10 0 0 0 0 0 0 0 0 0 0 0 
1847 10 0 0 0 0 0 0 0 0 0 0 0 
1848 10 0 0 0 0 0 0 0 0 0 0 0 
1849 10 0 0 0 0 0 0 0 0 0 0 0 
1850 10 0 0 0 0 0 0 0 0 0 0 0 
1851 10 0 0 0 0 0 0 0 0 0 0 0 
1852 10 0 0 0 0 0 0 0 0 0 0 0 
1853 10 0 0 0 0 0 0 0 0 0 0 0 
1854 10 0 0 0 0 0 0 0 0 0 0 0 
1855 10 0 0 0 0 0 0 0 0 0 0 0 
1856 10 0 0 0 0 0 0 0 0 0 0 0 
1857 10 0 0 0 0 0 0 0 0 0 0 0 
1858 10 0 0 0 0 0 0 0 0 0 0 0 
1859 10 0 0 0 0 0 0 0 0 0 0 0 
1860 10 0 0 0 0 0 0 0 0 0 0 0 
1861 10 0 0 0 0 0 0 0 0 0 0 0 
1862 10 0 0 0 0 0 0 0 0 0 0 0 
1863 10 0 0 0 0 0 0 0 0 0 0 0 
1864 10 0 0 0 0 0 0 0 0 0 0 0 
1865 10 0 0 0 0 0 0 0 0 0 0 0 
1866 10 0 0 0 0 0 0 0 0 0 0 0 
1867 10 0 0 0 0 0 0 0 0 0 0 0 
1868 10 0 0 0 0 0 0 0 0 0 0 0 
1869 10 0 0 0 0 0 0 0 0 0 0 0 
1870 10 0 0 0 0 0 0 0 0 0 0 0 
1871 10 0 0 0 0 0 0 0 0 0 0 0 
1872 10 0 0 0 0 0 0 0 0 0 0 0 
1873 10 0 0 0 0 0 0 0 0 0 0 0 
1874 10 0 0 0 0 0 0 0 0 0 0 0 
1875 10 0 0 0 0 0 0 0 0 0 0 0 
1876 10 0 0 0 0 0 0 0 0 0 0 0 
1877 10 0 0 0 0 0 0 0 0 0 0 0 
1878 10 0 0 0 0 0 0 0 0 0 0 0 
1879 10 0 0 0 0 0 0 0 0 0 0 0 
1880 10 0 0 0 0 0 0 0 0 0 0 0 
1881 10 0 0 0 0 0 0 0 0 0 0 0 
1882 10 0 0 0 0 0 0 0 0 0 0 0 
1883 10 0 0 0 0 0 0 0 0 0 0 0 
1884 10 0 0 0 0 0 0 0 0 0 0 0 
1885 10 0 0 0 0 0 0 0 0 0 0 0 
1886 10 0 0 0 0 0 0 0 0 0 0 0 
1887 10 0 0 0 0 0 0 0 0 0 0 0 
1888 10 0 0 0 0 0 0 0 0 0 0 0 
1889 10 0 0 0 0 0 0 0 0 0 0 0 
1890 10 0 0 0 0 0 0 0 0 0 0 0 
1891 10 0 0 0 0 0 0 0 0 0 0 0 
1892 10 0 0 0 0 0 0 0 0 0 0 0 
1893 10 0 0 0 0 0 0 0 0 0 0 0 
1894 10 0 0 0 0 0 0 0 0 0 0 0 
1895 10 0 0 0 0 0 0 0 0 0 0 0 
1896 10 0 0 0 0 0 0 0 0 0 0 0 
1897 10 0 0 0 0 0 0 0 0 0 0 0 
1898 10 0 0 0 0 0 0 0 0 0 0 0 
1899 10 0 0 0 0 0 0 0 0 0 0 0 
1900 10 0 0 0 0 0 0 0 0 0 0 0 
1901 10 0 0 0 0 0 0 0 0 0 0 0 
1902 10 0 0 0 0 0 0 0 0 0 0 0 
1903 10 0 0 0 0 0 0 0 0 0 0 0 
1904 10 0 0 0 0 0 0 0 0 0 0 0 
1905 10 0 0 0 0 0 0 0 0 0 0 0 
1906 10 0 0 0 0 0 0 0 0 0 0 0 
1907 10 0 0 0 0 0 0 0 0 0 0 0 
1908 10 0 0 0 0 0 0 0 0 0 0 0 
1909 10 0 0 0 0 0 0 0 0 0 0 0 
1910 10 0 0 0 0 0 0 0 0 0 0 0 
1911 10 0 0 0 0 0 0 0 0 0 0 0 
1912 10 0 0 0 0 0 0 0 0 0 0 0 
1913 10 0 0 0 0 0 0 0 0 0 0 0 
1914 10 0 0 0 0 0 0 0 0 0 0 0 
1915 10 0 0 0 0 0 0 0 0 0 0 0 
1916 10 0 0 0 0 0 0 0 0 0 0 0 
1917 10 0 0 0 0 0 0 0 0 0 0 0 
1918 10 0 0 0 0 0 0 0 0 0 0 0 
1919 10 0 0 0 0 0 0 0 0 0 0 0 
1920 10 0 0 0 0 0 0 0 0 0 0 0 
1921 10 0 0 0 0 0 0 0 0 0 0 0 
1922 10 0 0 0 0 0 0 0 0 0 0 0 
1923 10 0 0 0 0 0 0 0 0 0 0 0 
1924 10 0 0 0 0 0 0 0 0 0 0 0 
1925 10 0 0 0 0 0 0 0 0 0 0 0 
1926 10 0 0 0 0 0 0 0 0 0 0 0 
1927 10 0 0 0 0 0 0 0 0 0 0 0 
1928 10 0 0 0 0 0 0 0 0 0 0 0 
1929 10 0 0 0 0 0 0 0 0 0 0 0 
1930 10 0 0 0 0 0 0 0 0 0 0 0 
1931 10 0 0 0 0 0 0 0 0 0 0 0 
1932 10 0 0 0 0 0 0 0 0 0 0 0 
1933 10 0 0 0 0 0 0 0 0 0 0 0 
1934 10 0 0 0 0 0 0 0 0 0 0 0 
1935 10 0 0 0 0 0 0 0 0 0 0 0 
1936 10 0 0 0 0 0 0 0 0 0 0 0 
1937 10 0 0 0 0 0 0 0 0 0 0 0 
1938 10 0 0 0 0 0 0 0 0 0 0 0 
1939 10 0 0 0 0 0 0 0 0 0 0 0 
1940 10 0 0 0 0 0 0 0 0 0 0 0 
1941 10 0 0 0 0 0 0 0 0 0 0 0 
1942 10 0 0 0 0 0 0 0 0 0 0 0 
1943 10 0 0 0 0 0 0 0 0 0 0 0 
1944 10 0 0 0 0 0 0 0 0 0 0 0 
1945 10 0 0 0 0 0 0 0 0 0 0 0 
1946 10 0 0 0 0 0 0 0 0 0 0 0 
1947 10 0 0 0 0 0 0 0 0 0 0 0 
1948 10 0 0 0 0 0 0 0 0 0 0 0 
1949 10 0 0 0 0 0 0 0 0 0 0 0 
1950 10 0 0 0 0 0 0 0 0 0 0 0 
1951 10 107 0 0 0 0 0 0 0 0 0 0 
1952 10 108 0 0 0 0 0 0 0 0 0 0 
1953 10 109 0 0 0 0 0 0 0 0 0 0 
1954 10 110 0 0 0 0 0 0 0 0 0 0 
1955 10 0 0 0 0 0 0 0 0 0 0 0 
1956 10 0 0 0 0 0 0 0 0 0 0 0 
1957 10 112 0 0 0 0 0 0 0 0 0 0 
1958 10 113 0 0 0 0 0 0 0 0 0 0 
1959 10 0 0 0 0 0 0 0 0 0 0 0 
1960 10 0 0 0 0 0 0 0 0 0 0 0 
1961 10 0 0 0 0 0 0 0 0 0 0 0 
1962 10 0 0 0 0 0 0 0 0 0 0 0 
1963 10 0 0 0 0 0 0 0 0 0 0 0 
1964 10 0 0 0 0 0 0 0 0 0 0 0 
1965 10 0 0 0 0 0 0 0 0 0 0 0 
1966 10 0 0 0 0 0 0 0 0 0 0 0 
1967 10 0 0 0 0 0 0 0 0 0 0 0 
1968 10 0 0 0 0 0 0 0 0 0 0 0 
1969 10 0 0 0 0 0 0 0 0 0 0 0 
1970 10 0 0 0 0 0 0 0 0 0 0 0 
1971 10 0 0 0 0 0 0 0 0 0 0 0 
1972 10 0 0 0 0 0 0 0 0 0 0 0 
1973 10 0 0 0 0 0 0 0 0 0 0 0 
1974 10 0 0 0 0 0 0 0 0 0 0 0 
1975 10 118 0 0 0 0 0 0 0 0 0 0 
1976 10 119 0 0 0 0 0 0 0 0 0 0 
1977 10 120 0 0 0 0 0 0 0 0 0 0 
1978 10 121 0 0 0 0 0 0 0 0 0 0 
1979 10 122 0 0 0 0 0 0 0 0 0 0 
1980 10 123 0 0 0 0 0 0 0 0 0 0 
1981 10 124 0 0 0 0 0 0 0 0 0 0 
1982 10 125 0 0 0 0 0 0 0 0 0 0 
1983 10 0 0 0 0 0 0 0 0 0 0 0 
1984 10 0 0 0 0 0 0 0 0 0 0 0 
1985 10 0 0 0 0 0 0 0 0 0 0 0 
1986 10 0 0 0 0 0 0 0 0 0 0 0 
1987 10 0 0 0 0 0 0 0 0 0 0 0 
1988 10 0 0 0 0 0 0 0 0 0 0 0 
1989 10 0 0 0 0 0 0 0 0 0 0 0 
1990 10 0 0 0 0 0 0 0 0 0 0 0 
1991 10 0 0 0 0 0 0 0 0 0 0 0 
1992 10 0 0 0 0 0 0 0 0 0 0 0 
1993 10 0 0 0 0 0 0 0 0 0 0 0 
1994 10 0 0 0 0 0 0 0 0 0 0 0 
1995 10 0 0 0 0 0 0 0 0 0 0 0 
1996 10 0 0 0 0 0 0 0 0 0 0 0 
1997 10 0 0 0 0 0 0 0 0 0 0 0 
1998 10 0 0 0 0 0 0 0 0 0 0 0 
1999 10 0 0 0 0 0 0 0 0 0 0 0 
2000 10 0 0 0 0 0 0 0 0 0 0 0 
2001 10 0 0 0 0 0 0 0 0 0 0 0 
2002 10 0 0 0 0 0 0 0 0 0 0 0 
2003 10 0 0 0 0 0 0 0 0 0 0 0 
2004 10 0 0 0 0 0 0 0 0 0 0 0 
2005 10 0 0 0 0 0 0 0 0 0 0 0 
2006 10 0 0 0 0 0 0 0 0 0 0 0 
2007 10 0 0 0 0 0 0 0 0 0 0 0 
2008 10 0 0 0 0 0 0 0 0 0 0 0 
2009 10 0 0 0 0 0 0 0 0 0 0 0 
2010 10 0 0 0 0 0 0 0 0 0 0 0 
2011 10 0 0 0 0 0 0 0 0 0 0 0 
2012 10 0 0 0 0 0 0 0 0 0 0 0 
2013 10 0 0 0 0 0 0 0 0 0 0 0 
2014 10 0 0 0 0 0 0 0 0 0 0 0 
2015 10 0 0 0 0 0 0 0 0 0 0 0 
2016 10 0 0 0 0 0 0 0 0 0 0 0 
2017 10 0 0 0 0 0 0 0 0 0 0 0 
2018 10 0 0 0 0 0 0 0 0 0 0 0 
2019 10 0 0 0 0 0 0 0 0 0 0 0 
2020 10 0 0 0 0 0 0 0 0 0 0 0 
2021 10 0 0 0 0 0 0 0 0 0 0 0 
2022 10 0 0 0 0 0 0 0 0 0 0 0 
2023 10 0 0 0 0 0 0 0 0 0 0 0 
2024 10 0 0 0 0 0 0 0 0 0 0 0 
2025 10 0 0 0 0 0 0 0 0 0 0 0 
2026 10 0 0 0 0 0 0 0 0 0 0 0 
2027 10 0 0 0 0 0 0 0 0 0 0 0 
2028 10 0 0 0 0 0 0 0 0 0 0 0 
2029 10 0 0 0 0 0 0 0 0 0 0 0 
2030 10 0 0 0 0 0 0 0 0 0 0 0 
2031 10 0 0 0 0 0 0 0 0 0 0 0 
2032 10 0 0 0 0 0 0 0 0 0 0 0 
2033 10 0 0 0 0 0 0 0 0 0 0 0 
2034 10 0 0 0 0 0 0 0 0 0 0 0 
2035 10 0 0 0 0 0 0 0 0 0 0 0 
2036 10 0 0 0 0 0 0 0 0 0 0 0 
2037 10 0 0 0 0 0 0 0 0 0 0 0 
2038 10 0 0 0 0 0 0 0 0 0 0 0 
2039 10 0 0 0 0 0 0 0 0 0 0 0 
2040 10 0 0 0 0 0 0 0 0 0 0 0 
2041 10 0 0 0 0 0 0 0 0 0 0 0 
2042 10 0 0 0 0 0 0 0 0 0 0 0 
2043 10 0 0 0 0 0 0 0 0 0 0 0 
2044 10 0 0 0 0 0 0 0 0 0 0 0 
2045 10 0 0 0 0 0 0 0 0 0 0 0 
2046 10 0 0 0 0 0 0 0 0 0 0 0 

0 5 2 2 0.0983607 3 13 2 15 39 11 -23 4 0.993228 110 7 16 11 -17 6 44 21 0 6 -22 9 15 7 24 20 2 11 11 4 33 17 0 6 27 8 -9 3 11 3 -7 9 -25 2 -18 1 36 2 -16 6 -10 4 41 4 33 0 20 19 5 0 25 22 41 23 43 23 45 2 13 2 11 16 18 2 -16 1 13 24 -8 0 -22 0 -10 1 26 15 16 21 -11 -23 -20 -22 -17 20 12 -2 31 18 21 -3 11 -20 -20 -23 38 -9 -28 -7 -23 -23 2 -24 -4 -19 -15 -5 -7 -19 35 -19 2 -18 23 -17 6 -15 -19 -15 -17 -22 -6 -13 1 -25 41 -16 31 -14 37 -22 5 -21 -1 -20 28 -23 19 -21 -3 -20 44 -12 -16 -8 -23 -19 44 -17 25 -15 -13 -25 -3 -17 45 -18 34 -11 21 -16 44 -18 37 -4 11 -5 19 -17 29 23 15 -22 40 -14 16 -13 24 -17 -9 -12 -1 -10 43 -12 -16 -11 13 -19 44 -11 -22 -24 -17 -25 -18 -14 -21 -9 26 24 -16 -6 31 -19 -19 -11 -2 -17 -24 -21 -26 13 6 14 -3 24 -23 15 -27 14 7 
1 5 2 2 0.190476 1 15 44 4 0.985507 17 17 -5 20 2 18 -10 14 1 12 43 17 21 14 13 26 24 26 29 19 -26 26 -10 16 -14 16 -3 14 6 22 42 11 35 26 21 
2 5 2 2 0.851064 10 10 -27 13 9 12 -13 12 27 16 -25 16 -10 16 -22 16 -11 14 12 10 40 4 0.736842 7 25 44 12 24 11 41 16 42 26 -27 26 41 26 29 
3 5 2 2 0.983051 29 12 -27 14 -13 15 13 12 32 15 19 13 32 15 35 13 19 15 -14 13 30 13 22 15 35 17 1 17 -13 13 34 16 3 15 6 14 -6 17 -17 15 1 13 -12 17 -20 15 28 15 21 16 35 15 33 18 18 16 -8 14 22 4 0.216216 2 22 32 17 -6 
4 5 2 2 0.977778 55 18 41 -14 49 16 41 -14 51 10 45 -12 47 -11 48 12 46 15 46 14 48 15 43 -10 48 -2 47 12 42 -9 46 13 48 14 43 7 49 6 48 7 47 -7 49 -7 49 11 46 -5 48 -11 53 -5 48 -4 47 10 45 5 49 -13 51 3 44 -1 51 -1 48 -2 51 1 50 -6 52 -9 46 15 50 -13 52 14 50 11 43 11 52 -4 52 11 49 5 53 -8 46 -3 50 -4 47 -2 46 5 44 3 44 -6 45 -16 44 -11 44 0 44 4 0.266667 5 24 6 26 45 17 44 0 43 -16 45 
5 5 2 2 0.347826 2 16 37 13 -19 4 0.967742 15 25 27 24 -29 14 38 24 35 24 16 24 12 25 39 20 39 12 -17 8 27 9 -11 21 -29 18 -1 17 -31 24 -12 
6 5 2 2 0.888889 6 12 -16 15 13 15 4 13 -13 13 15 14 -2 4 0.666667 3 18 8 25 -13 19 -23 
7 5 2 2 0.986301 36 12 -18 15 20 7 -3 15 7 11 1 16 16 7 28 10 20 10 -8 11 -23 10 -24 11 1 10 -19 11 6 10 6 9 9 4 28 9 38 12 -21 12 4 13 -6 16 19 6 -32 9 -4 15 -10 12 33 13 24 14 15 9 28 15 30 7 -33 11 -26 15 -31 12 -30 10 29 12 31 4 0.181818 2 20 24 24 -22 
8 5 2 2 0.4 1 15 37 4 0.96 6 18 32 23 26 19 6 10 -19 20 35 20 29 
9 5 2 2 0.2 1 9 35 4 0.984615 16 6 39 20 7 23 39 18 18 23 19 21 5 19 40 21 1 23 2 20 18 21 -20 19 -12 21 34 18 -17 20 32 9 3 
10 5 2 2 0.333333 1 9 33 4 0.969697 8 7 -6 16 23 22 -10 23 -2 24 -15 23 -8 23 -7 23 21 
11 5 2 2 0.949153 14 7 -6 8 36 6 2 7 2 6 24 12 25 10 2 3 14 7 12 5 7 9 35 9 -17 6 -4 10 -19 4 0.461538 3 26 -7 24 14 23 -3 
12 5 2 2 0.97561 50 5 -8 10 11 9 -3 9 -21 11 -22 9 -18 7 7 7 8 8 22 6 29 15 -18 11 -12 9 11 13 12 9 1 11 -12 12 12 6 9 15 -26 14 -23 8 12 9 34 16 -24 12 -11 10 14 9 15 13 33 11 32 13 39 13 18 12 -3 11 28 11 -9 9 29 7 -12 10 -25 9 18 13 13 11 18 5 -35 15 31 7 -30 14 -27 13 -26 14 -30 12 -29 7 -32 18 -28 15 -30 11 -31 4 0.285714 5 11 -1 25 -24 -13 38 11 -30 12 -30 
13 5 2 2 0.188235 4 8 26 7 30 -16 -26 -13 45 4 0.985714 69 17 -32 -3 -5 13 16 -10 -16 -10 -15 20 -27 5 39 4 39 -1 6 18 -30 -1 10 14 -14 -5 -13 -10 4 -11 -24 -12 -31 15 33 7 41 12 40 -3 29 16 -3 16 -2 0 5 -4 27 -11 38 21 44 -9 24 -6 24 17 11 13 8 -2 19 14 42 12 43 13 30 9 -1 12 40 13 1 16 41 20 -17 11 2 12 -32 -17 13 -22 2 -11 3 -16 11 -12 -33 -12 39 -15 3 -17 24 -14 10 -11 21 -15 -27 -23 -5 -15 4 -20 18 -18 -27 -17 21 -13 7 -16 21 -10 -29 -11 6 -16 -6 -20 26 -19 13 -9 20 -19 -22 -18 -4 -12 -3 -13 -3 
14 5 2 2 0.465116 5 4 -9 14 25 10 18 16 34 12 35 4 0.948454 23 17 10 14 43 -8 40 -3 1 -4 17 7 31 2 7 -2 6 -13 33 -6 41 6 24 12 43 15 8 13 4 -7 19 16 39 18 -16 -14 9 22 42 1 -21 13 -1 15 9 -6 29 
15 5 2 2 0.909091 5 -12 19 -19 -14 -11 -8 -15 -5 -13 -4 4 0.615385 2 -16 20 -15 32 
16 5 2 2 0.842105 8 10 -22 14 17 6 10 14 -25 4 15 12 -17 16 -29 16 -36 4 0.75 6 14 -15 19 -23 18 4 22 -31 12 -22 14 -21 
17 5 2 2 0.985507 17 5 42 -10 6 -6 -30 -6 -28 -10 -25 -12 -25 -16 -32 -20 2 -12 44 -19 7 -19 -26 -7 42 -14 44 -10 42 3 41 -8 42 -8 44 4 0.190476 1 -11 -1 
18 5 2 2 0.571429 1 6 41 4 0.923077 3 -5 44 -8 42 -1 -17 
19 5 2 2 0.444444 1 -10 45 4 0.952381 5 -13 14 -23 -24 -16 20 -23 -29 -17 -2 
20 5 2 2 0.421053 2 9 -1 -13 -12 4 0.956522 11 7 20 7 7 16 7 15 11 7 -18 17 -29 6 -16 15 -16 8 6 6 -16 18 32 
21 5 2 2 0.761905 4 4 25 4 32 5 -24 5 -8 4 0.833333 5 6 41 18 9 15 36 15 31 16 32 
22 5 2 2 0.984615 16 7 -26 11 24 11 23 3 14 7 -18 4 -2 -15 36 -11 -4 -19 36 -19 32 -12 5 -15 17 -11 -3 -11 9 -20 31 5 35 4 0.2 1 -21 -1 
23 5 2 2 0.986301 36 5 -30 13 7 13 8 5 -28 5 12 3 36 6 12 8 -17 10 33 8 -15 12 7 10 23 9 -35 10 10 7 -12 12 -7 10 -9 11 -22 5 3 5 16 12 25 8 -10 5 30 13 16 11 -23 11 -21 10 5 11 25 13 -7 9 -36 16 -7 14 11 7 33 11 -9 11 -11 15 20 4 0.181818 2 20 -30 20 0 
24 5 2 2 0.156863 2 -10 18 6 -3 4 0.988506 43 11 -6 12 21 1 16 -1 19 11 -3 -10 10 -7 4 14 8 -10 3 -11 7 9 12 4 12 6 -5 10 -15 -3 6 6 -17 10 15 10 -6 -15 37 12 -23 10 8 9 12 5 28 -3 19 3 37 10 23 11 23 -17 25 13 -19 -21 28 -13 9 14 39 -3 -13 12 13 8 37 7 -5 8 14 16 16 7 14 13 3 -21 34 -19 5 -8 -3 
25 5 2 2 0.177778 2 13 -12 12 -30 4 0.986667 37 8 -29 -12 -31 16 -30 -6 41 14 -28 -7 23 -7 35 11 28 8 34 -18 33 -23 17 -9 18 12 -24 -9 -17 -20 -6 -23 31 4 35 -3 40 10 2 -10 -31 -11 30 -1 34 3 2 -7 37 -18 31 -3 39 -4 34 -9 -12 -1 9 -11 24 -6 38 -7 -7 -2 12 -14 7 -1 30 8 -6 8 -7 
26 5 2 2 0.735135 34 -15 -13 -15 15 -11 11 -12 37 -10 16 -14 2 -14 1 -13 -20 -12 -1 -14 -6 -12 0 -6 17 -10 -5 -8 17 -13 24 -14 25 -4 16 -6 -4 -8 32 -8 -13 6 -14 -6 27 -2 29 -3 -15 -2 -9 -3 32 1 -9 2 -7 3 12 10 15 4 13 3 -34 4 34 4 -22 4 0.852174 49 -13 -26 -19 41 -19 -26 3 38 -8 -20 -25 -15 -8 -27 -23 -30 -2 37 -8 11 2 3 -17 -9 -16 -5 -9 9 3 15 6 -18 3 2 5 -1 -23 10 -17 15 7 19 -18 18 -17 23 4 28 -14 35 8 25 -8 0 11 17 10 28 11 38 10 -13 -23 -27 -15 34 4 -1 -10 24 -2 37 -4 -23 -2 33 -3 -20 -21 -18 13 -28 -20 -11 11 -18 4 -17 -17 16 -17 9 6 -20 -17 -29 -14 -22 
27 5 2 2 0.986301 18 5 -14 7 -31 7 -11 6 -17 8 35 8 25 8 -16 9 -11 10 33 8 32 9 -9 9 -11 7 -2 11 -2 11 -6 10 -16 11 -12 11 -31 4 0.181818 1 7 -8 
28 5 2 2 0.952381 10 -12 43 12 -29 4 -1 -13 41 0 -33 3 23 -20 24 -12 7 -13 35 -13 37 4 0.444444 2 -6 39 -20 4 
29 5 2 2 0.285714 2 -4 -20 -7 31 4 0.97561 20 -17 39 3 9 -16 38 -18 -8 -17 38 -16 4 -7 2 -15 35 -11 5 -9 -6 -15 31 -5 24 -14 36 1 -19 -18 1 -4 26 -6 2 -16 2 6 -19 -11 -2 
30 5 2 2 0.923077 3 -12 -3 -12 22 -14 25 4 0.571429 1 1 -17 
31 5 2 2 0.976445 114 1 23 -6 23 -1 27 -3 26 2 26 6 27 -4 32 -12 29 7 26 -2 11 1 28 -4 -29 -1 9 2 31 5 24 7 28 -13 27 1 26 -1 -12 -2 -11 -7 25 -12 31 1 -26 1 -28 -8 -25 -11 25 2 24 -4 29 -3 24 6 -3 4 26 4 -31 -1 25 0 -24 0 -22 7 -35 0 -18 4 -26 3 2 1 22 4 -5 2 -25 -14 29 -3 25 -3 30 7 -13 0 -22 1 -28 -14 -32 -10 -26 1 -32 6 27 -18 -20 -13 -22 0 -25 2 -24 8 -20 -14 22 0 -30 -18 24 -1 -32 -6 -8 0 -33 -1 -27 -1 -22 -7 -31 -16 32 4 -6 1 -29 6 -26 1 -23 6 -18 1 -6 6 -16 -15 28 -8 -23 -11 -17 2 24 -3 22 2 21 5 15 -8 -11 -5 -17 1 -26 -3 -26 -2 -20 -10 27 -3 -30 -15 28 1 -18 3 -10 -10 -29 -6 31 -7 -27 -1 -28 -1 -29 -5 18 7 5 1 -29 3 -12 5 -4 2 -18 4 -31 -17 24 -5 21 4 -4 3 24 2 -7 10 -4 1 -30 -5 -26 -6 -26 -20 23 5 -19 4 0.278481 11 2 27 -5 33 -3 27 -13 -27 1 -21 0 -16 -7 -12 -2 -14 -5 -28 -16 -19 -4 12 
32 5 2 2 0.9375 45 -6 36 0 39 -13 43 3 31 -1 -11 2 39 -20 39 -7 40 -20 43 -6 37 -18 42 0 6 -16 43 -10 44 5 17 -1 -2 7 4 -20 45 3 -35 2 21 -14 37 -4 -4 -3 -1 -2 37 -18 41 0 40 -1 39 8 6 -5 5 4 31 4 21 -6 38 -2 -3 1 6 1 -36 -4 39 -1 43 0 -7 0 36 -5 38 3 15 -8 35 4 33 2 1 -4 36 4 0.516129 12 13 -21 -10 3 2 16 0 14 0 11 14 36 -21 38 10 38 -7 -1 3 31 9 35 -18 40 
33 5 2 2 0.802867 56 -2 38 -3 -6 1 40 11 4 3 36 -1 1 8 7 1 31 2 34 -9 38 -2 37 -9 42 -5 -19 -7 41 7 8 -8 35 9 3 -9 34 -1 -32 2 5 -1 -3 -9 39 -16 37 0 19 3 14 7 -4 3 -16 11 12 2 18 10 -27 -11 41 -2 28 3 20 -7 18 8 30 -6 40 3 -13 0 -3 2 -24 2 11 2 -20 2 -32 0 -21 -7 -22 -1 -29 4 -33 0 22 10 -5 1 -20 6 10 1 21 10 -2 7 17 0 8 -4 -16 11 9 4 0.797101 55 -1 6 -1 15 -1 18 1 -28 3 -8 4 36 -3 -31 -9 43 2 -31 2 -13 3 37 14 0 -7 23 -2 1 -18 -13 -13 7 3 32 -1 19 12 1 -2 -11 0 -28 8 -17 -1 -12 16 -17 -2 0 5 38 12 20 0 -31 15 -27 -17 -10 -3 -7 -14 14 14 -22 4 36 -8 39 10 23 -20 43 -7 22 9 36 11 -14 7 15 -1 -23 10 9 14 15 -10 34 -5 23 -1 9 -1 23 -5 -6 6 42 -4 -30 2 23 2 43 0 23 9 14 
34 5 2 2 0.958051 177 -15 8 -19 -17 -19 -23 -11 -32 -20 5 -14 -16 -15 -35 -15 -27 -15 -27 -11 -6 -7 14 -7 -34 -10 -13 -13 12 2 9 -14 -21 -18 26 -6 -3 -17 24 2 31 2 12 -13 -3 -14 33 -14 2 -12 7 -18 25 -4 11 -7 16 -4 30 -15 31 -14 -32 -5 -18 -5 12 -9 -17 -17 11 -3 12 -20 -21 -11 30 -1 30 -18 23 -18 12 -20 -1 -20 16 -2 16 -13 16 -13 34 -14 34 0 -1 0 -5 -15 25 -11 -24 -11 7 -13 29 -16 13 -12 -25 -12 -7 -11 21 -18 10 -20 -20 -17 10 -17 -26 -9 15 -20 -23 -14 -4 -12 26 -2 -13 -13 33 -6 -12 -16 -10 -9 4 -17 -32 -17 22 -17 -25 -16 17 -4 15 -11 -8 -3 -21 -13 2 -19 -10 -11 -22 -4 -9 -14 -5 -11 -3 -16 -27 0 13 -14 -6 -10 5 -8 -11 -5 -12 -5 -4 -11 33 -11 26 -8 -4 -13 -26 -9 11 -7 12 -8 1 -15 -25 -14 33 -7 1 -13 -14 -15 -27 -12 22 -8 -5 -10 18 -9 32 -9 -11 -4 -18 -6 16 4 3 -8 -34 -7 7 -11 -4 -19 -24 -7 -30 -11 33 -11 27 -9 -33 -7 31 -13 22 -10 -3 -5 15 -5 -33 -3 11 -8 15 -13 -21 -6 -9 -4 21 -4 -1 -9 -25 -5 -11 -5 1 -11 15 -5 22 -5 -3 -17 12 -6 -1 -9 34 -5 -12 -9 33 -9 16 -8 7 -8 4 -12 -12 -12 -1 -12 -11 -14 -16 -11 3 -7 16 -10 5 -15 -21 -3 -31 -14 -26 1 -9 -9 13 -9 34 -13 -23 -8 -13 -5 7 -1 17 -5 -6 -5 -8 -10 -27 -7 28 -3 -13 -7 33 -5 9 -1 1 -9 -27 -4 0 -9 7 -3 16 -9 -25 -1 15 -4 -2 -9 16 -1 3 4 0.41196 31 -4 -32 -20 14 -19 5 -20 18 -13 -31 -10 -19 -19 13 -9 5 -13 14 -4 -25 -6 -13 -12 12 -23 -10 -21 -17 -13 2 -13 -8 0 13 -21 -14 1 13 9 34 -19 -31 8 19 -2 34 -7 21 -16 -8 5 7 -17 25 -9 8 -10 -34 -8 -23 -4 4 
35 5 2 2 0.266667 1 -6 -11 4 0.977778 11 9 -22 7 3 -7 -12 -13 4 8 3 -13 9 -2 -28 -13 -33 3 -24 -12 -1 -3 -25 
36 5 2 2 0.244898 3 -4 50 5 -30 -8 17 4 0.980132 37 11 -35 5 -19 7 -18 9 19 9 23 6 -16 5 -15 6 39 5 0 7 -10 0 45 -1 44 -8 45 -6 44 3 24 3 -21 -10 42 6 -26 5 -26 -6 41 -7 41 -6 40 -7 40 -9 -6 4 -20 -12 21 -12 15 -10 26 1 15 -6 -4 -14 -33 -11 -4 -2 -1 -1 19 -15 -17 -14 -15 -12 1 
37 5 2 2 0.8 3 0 -20 -6 -13 -6 -18 4 0.8 3 -5 1 -5 -12 -3 -8 
38 5 2 2 0.965517 7 2 -14 -7 26 3 -25 -10 -12 -10 -11 6 -17 1 32 4 0.363636 1 14 -34 
39 5 2 2 0.132231 4 -2 22 -5 -12 -6 -33 0 -33 4 0.990566 105 1 32 -3 -8 1 -6 4 -11 -1 -5 0 -4 4 -8 1 1 2 -5 -4 30 0 -17 4 37 0 5 1 7 1 5 -10 21 0 24 -3 27 -8 11 4 5 -8 21 -4 16 10 5 -13 0 4 38 -3 20 0 6 4 30 0 -5 -8 10 -13 -20 -6 5 -13 -14 0 -16 1 -11 2 11 -7 21 1 33 8 26 0 32 2 9 -8 -9 -1 31 -7 -24 -5 9 -3 29 -8 -24 2 -1 0 25 -9 -14 0 -28 -5 -13 3 13 -1 9 -5 19 -5 32 -1 -15 -2 9 -7 -21 -9 -26 -1 -27 9 -10 -5 -30 -4 -33 -14 -1 -17 -16 -10 -26 2 -32 -5 -38 -16 -38 -11 -35 -25 24 -10 -36 -5 -33 1 -32 -10 -29 -15 -7 -6 -37 7 -36 -9 -34 -1 -37 -10 -37 3 -33 6 -34 -1 -37 -14 -21 -23 32 -23 22 -16 -36 -14 1 -10 -38 -22 21 -22 -5 -25 -20 -23 -27 -25 0 -24 27 -25 11 -19 -3 -15 38 -22 19 -18 6 -22 -10 -16 5 -25 9 
40 5 2 2 0.952381 5 -7 -49 15 -38 2 -38 12 -40 6 -49 4 0.444444 1 -17 -33 
41 5 2 2 0.47619 10 7 -41 15 -40 13 -41 -10 -50 6 -47 14 -46 5 -36 8 -39 4 -38 -13 -40 4 0.946237 44 18 -38 25 -37 26 -38 25 -40 -2 -42 12 -40 21 -40 18 -39 22 -44 -25 -35 17 -29 11 -45 15 -33 26 -42 23 -33 12 -33 5 -45 -14 -31 -14 -41 -7 -34 1 -34 -1 -39 10 -32 -10 -37 15 -38 10 24 7 -40 -6 -39 4 -37 -8 -37 -12 -42 -5 -32 2 -39 13 -11 6 -39 -22 -34 -2 -40 11 -36 -17 -33 -14 -40 -23 -33 -12 -38 -21 -35 0 -37 
42 5 2 2 0.903226 7 -6 -40 -12 -36 -1 -38 -6 -39 -18 -35 -11 -36 -2 -38 4 0.631579 3 -6 -40 -18 -38 -13 -36 
43 5 2 2 0.984615 16 -2 -36 9 -43 17 -28 13 -42 14 -33 11 -46 -1 -39 4 -44 15 -39 14 -44 2 -39 9 -36 4 -37 2 -35 -8 -35 -17 -36 4 0.2 1 -2 -34 
44 5 2 2 0.692308 9 17 -1 16 -39 6 -43 15 -41 13 -43 5 -47 4 -43 -15 -35 -20 -36 4 0.876712 16 -12 -45 12 -37 -14 -41 21 -33 19 -39 -13 -42 13 -40 -11 -42 -21 -37 23 -40 15 -41 10 -30 16 -35 -16 -38 -8 -41 9 -32 
45 5 2 2 0.941176 12 -19 -38 -14 -35 -13 -40 -1 -37 -6 -37 -18 -35 -14 -39 6 -42 -3 -35 -11 -42 -14 -36 5 -34 4 0.5 3 -15 -34 9 -39 -1 -39 
46 5 2 2 0.990476 26 -17 -39 -7 -42 1 -37 8 -42 0 -42 -8 -40 -9 -42 -7 -38 -10 -43 -15 -43 -9 -45 -1 -42 3 -42 -6 -40 -12 -38 -14 -42 -12 -39 -17 -40 -11 -41 -16 -43 -7 -38 0 -43 -17 -41 -1 -42 0 -40 -14 -38 4 0.133333 1 9 -39 
47 5 2 2 0.984615 16 -8 -42 -7 -38 -9 -44 -11 -46 -10 -38 -4 -46 -1 -42 -11 -46 6 -40 -6 -39 -18 -44 -8 -43 -12 -49 -12 -46 -10 -44 -15 -45 4 0.2 1 -9 -36 
48 5 2 2 0.761905 4 -1 -44 -1 -43 3 -44 -10 -41 4 0.833333 5 -18 -43 -20 -42 -21 -44 -10 -44 -1 -37 
49 5 2 2 0.4 1 -5 -45 4 0.96 6 12 -41 -15 -43 -16 -42 -16 -43 -14 -43 -11 -39 
50 5 2 2 0.717949 7 10 -34 9 -39 -14 -52 -4 -49 -3 -50 0 -48 -2 -48 4 0.862745 11 14 40 15 -2 16 -42 14 -5 26 -26 7 -45 14 -37 12 -39 7 -31 16 -43 -16 -44 
51 5 2 2 0.105263 1 -3 -37 4 0.992701 34 -6 -45 -7 -45 -1 -45 -15 -43 8 -45 -20 -44 -14 -42 5 -44 -7 -44 -8 -43 2 -38 -22 -43 -2 -40 -25 -44 -1 -42 -4 -39 -3 -36 0 -44 -9 -43 -1 -43 -2 -38 -5 -39 13 -31 6 -39 -10 -32 0 -32 -19 -21 2 -38 11 -34 3 -38 -2 -35 -11 -32 -1 -29 7 -32 
52 5 2 0 0.190476 1 21 -12 3 0.985507 17 29 10 -19 40 -2 43 -16 41 -24 43 -10 92 31 42 32 31 -5 40 34 27 20 95 39 -39 -36 88 -13 94 3 97 -35 29 -21 84 
53 5 3 2 0.833333 5 14 40 19 -36 -6 -35 -7 -40 -12 -36 3 0.333333 1 -43 -45 4 0.666667 3 -22 -31 -21 -27 -25 -44 
54 5 2 2 0.857143 6 18 4 17 -3 17 39 18 16 19 -1 16 39 4 0.727273 4 18 -15 18 19 19 28 19 21 
55 5 2 2 0.989247 23 17 22 17 19 16 20 19 14 15 -20 20 42 19 21 19 -20 17 29 20 -8 19 -9 18 23 21 14 21 -12 21 31 19 -2 15 40 20 4 20 39 16 -41 20 29 18 -32 20 9 4 0.148148 1 19 -19 
56 5 2 2 0.965517 7 18 15 19 -14 17 -6 18 20 17 -11 15 -25 12 40 4 0.363636 1 22 33 
57 5 2 2 0.333333 1 18 -25 4 0.969697 8 22 -31 19 -30 16 40 21 2 19 -3 17 -24 20 -44 17 -6 
58 5 3 2 0.93617 11 18 -38 20 -40 17 2 21 -18 18 14 16 -39 20 24 21 -33 20 -42 16 30 20 27 3 0.235294 1 35 -75 4 0.4 2 24 -44 21 21 
59 5 2 2 0.181818 1 18 -22 4 0.986301 18 15 39 17 24 17 17 22 24 17 -9 20 -36 22 -29 19 32 12 -37 17 -11 17 29 23 -36 17 33 16 30 16 14 19 -13 15 43 18 -11 
60 5 3 0 0.363636 2 -12 30 16 48 1 0.210526 1 17 31 3 0.945455 13 21 91 -3 86 23 81 10 22 33 30 -10 92 15 13 -17 83 21 58 25 38 15 13 30 66 20 69 
61 5 2 0 0.977778 11 15 18 17 44 14 53 20 -12 17 -54 10 28 23 24 16 23 13 56 7 57 10 33 3 0.266667 1 42 6 
62 5 3 0 0.470588 2 11 56 14 25 1 0.6 3 17 37 16 38 16 38 3 0.827586 6 16 71 6 82 4 83 11 74 15 -66 14 8 
63 5 3 0 0.769231 5 3 92 -13 89 -10 91 -2 90 25 22 2 0.470588 2 14 52 7 53 3 0.695652 4 30 36 -25 100 10 91 34 41 
64 5 2 0 0.983607 90 -17 36 16 32 16 68 20 36 -21 33 -17 34 -14 39 20 18 22 32 -14 42 4 74 -17 31 5 92 -10 34 -22 36 -15 33 14 62 13 73 6 56 16 72 6 21 -22 30 12 61 16 70 4 34 -14 34 6 30 -13 41 -15 43 -4 44 6 42 -9 89 -7 41 2 34 -1 38 17 43 8 32 8 65 6 24 15 33 -6 43 9 65 4 72 5 32 20 44 5 74 7 69 16 44 9 43 -22 38 8 41 5 67 6 71 16 43 2 34 10 25 7 48 5 67 0 59 -1 57 2 62 23 42 -2 32 2 44 -22 41 -2 57 -6 37 -9 39 -17 44 -8 37 -12 36 -8 34 -20 46 -8 36 -18 92 -2 45 -10 37 0 39 1 40 -10 45 3 49 16 47 24 44 10 74 -1 63 -21 44 23 45 4 47 -13 48 -14 47 3 0.210526 6 22 70 12 87 17 79 10 87 -5 79 -3 28 
65 5 3 0 0.833333 5 -9 91 -7 93 -24 40 6 22 1 66 1 0.333333 1 16 36 3 0.666667 3 -42 18 -33 99 -41 82 
66 5 2 0 0.222222 1 -11 66 3 0.982456 14 9 79 15 3 1 71 1 27 5 28 14 11 4 64 3 73 -5 85 7 99 -42 38 -30 99 -10 100 -38 35 
67 5 2 0 0.967742 15 -10 48 9 48 12 52 10 53 5 48 7 51 -17 50 -22 50 -22 54 -7 51 -18 50 -15 54 -22 51 -12 51 -12 52 3 0.347826 2 31 40 -38 41 
68 5 2 0 0.75 3 -1 81 -13 83 3 83 3 0.842105 4 -7 91 8 94 -10 94 -34 96 
69 5 2 0 0.992 31 1 82 -19 85 -6 85 -6 87 -4 83 2 51 -18 29 -15 27 -8 27 -9 30 -3 27 -12 54 -5 77 0 53 -7 81 -11 58 4 25 -21 28 -8 25 1 58 -22 22 -19 25 -3 23 -8 54 -9 53 -5 25 -12 54 -3 23 -4 22 -8 25 3 21 3 0.114286 1 -6 92 
70 5 3 0 0.4 1 -22 83 3 0.842105 4 -37 13 -5 71 -39 73 -28 97 4 0.615385 2 -21 41 -25 42 
71 5 4 0 0.666667 5 21 -60 16 88 2 87 23 -73 6 93 2 0.5 3 18 5 20 45 19 40 3 0.727273 6 38 -13 37 61 27 89 41 -36 45 -30 45 1 4 0.222222 1 22 -13 
72 5 2 2 0.421053 2 17 30 18 45 4 0.956522 11 25 5 19 6 14 -35 22 -8 21 -8 20 43 25 10 14 -38 24 25 19 29 20 21 
73 5 2 0 0.941176 8 25 -7 19 -26 18 -13 18 -21 22 -18 22 -63 23 -36 23 -40 3 0.5 2 40 7 38 71 
74 5 2 0 0.363636 1 20 -35 3 0.965517 7 42 5 33 -24 -39 24 24 -45 36 -74 38 60 41 -32 
75 5 2 0 0.913043 21 22 -36 22 -35 21 -28 13 -24 25 -67 20 -60 16 -60 20 -20 23 -69 17 -42 -14 57 -7 58 23 -78 24 -51 19 -82 19 -81 13 83 21 -85 6 81 19 -87 8 79 3 0.603774 8 40 -28 31 -12 21 -49 26 -19 -15 91 29 -23 41 43 23 -9 
76 5 4 0 0.4 26 24 -22 -11 60 21 -46 16 44 6 54 19 69 15 82 25 -54 15 87 16 87 24 4 23 71 13 79 18 92 24 -62 24 -48 25 -90 19 66 13 44 25 84 25 74 16 55 21 86 18 43 23 65 -16 52 2 0.0216216 1 20 -40 3 0.947536 149 8 -70 30 12 29 -47 1 -88 34 -40 14 -45 -18 -88 24 -17 23 -1 5 -91 -1 -88 22 -32 29 -22 35 1 -2 11 10 -76 8 -77 12 -37 5 -72 23 -49 18 -41 26 -8 11 -87 -6 -70 9 -55 37 -35 35 -5 33 -28 0 -88 34 -31 29 -36 33 -39 30 -38 43 40 37 62 34 89 43 -65 40 -19 36 98 42 70 33 -82 40 1 40 -33 31 5 30 14 41 31 22 86 35 76 43 42 34 -74 20 95 42 -26 34 72 36 27 27 -82 37 -36 41 72 35 75 21 53 40 -5 39 84 40 19 26 -55 32 -27 37 85 40 31 33 -46 5 -83 37 81 30 91 43 37 35 56 34 4 41 73 38 91 38 56 37 -61 10 98 29 -42 42 17 26 -52 37 -7 40 -32 38 -33 41 13 34 42 42 51 42 -88 36 -72 43 64 38 24 43 27 37 -68 42 92 23 87 35 -33 29 62 40 -66 33 89 33 52 36 79 26 -23 25 33 43 34 36 -45 31 -72 37 -17 28 71 45 6 27 92 43 98 42 30 27 97 30 88 24 -28 40 -33 26 39 32 19 23 -66 31 34 11 -7 24 -84 19 -14 11 -48 29 -83 36 -36 42 -6 20 -25 13 -60 26 35 30 -85 42 26 42 -39 43 -2 40 -48 38 -68 21 -67 32 -99 33 -54 10 -40 34 -53 34 -65 -44 -39 -29 98 12 -60 41 96 -43 94 -35 97 -43 -15 4 0.12 6 24 -27 24 4 20 -5 20 7 15 2 19 -6 
77 5 3 0 0.615385 8 -12 71 24 -92 -16 61 -18 81 -23 92 -14 73 -15 80 -21 85 3 0.776119 13 -40 18 -42 96 -42 82 -41 98 -38 71 -33 78 -35 79 -42 100 -41 92 -41 32 -40 21 -29 42 -43 90 4 0.571429 7 26 -36 25 -36 21 -41 19 -33 22 -34 17 -39 22 -44 
78 5 2 0 0.96 6 20 4 24 -8 15 78 1 83 21 20 9 80 3 0.4 1 36 -49 
79 5 2 0 0.266667 2 6 93 20 38 3 0.977778 22 10 -6 8 -6 9 60 23 -12 12 4 32 75 -24 23 39 5 44 25 16 -38 -37 86 41 -46 40 37 -24 90 -26 39 37 37 39 41 39 12 8 87 -34 90 -36 42 15 41 
80 5 4 0 0.431373 11 -23 92 -24 91 24 33 21 55 22 -9 23 58 25 43 20 10 23 8 18 61 22 53 2 0.344086 8 20 23 21 5 21 37 19 -11 20 28 20 -25 20 27 19 -1 3 0.651852 22 38 -43 43 -39 17 1 16 3 30 -95 33 -91 -41 -11 12 -92 42 -9 42 -50 35 33 26 98 25 90 13 97 32 4 30 35 -13 -84 4 -97 24 12 34 22 29 64 36 42 4 0.732026 28 22 20 23 -27 25 -22 26 30 26 -23 26 9 21 1 25 23 26 30 25 35 25 13 22 13 22 38 25 14 25 23 22 9 20 30 21 29 17 38 23 -21 24 43 24 43 20 43 21 45 26 45 20 42 25 41 23 39 
81 5 4 0 0.949153 28 23 52 19 53 15 60 12 58 25 63 18 52 1 54 4 52 19 71 17 75 19 38 24 60 6 64 5 65 22 74 12 66 9 66 0 62 6 76 4 79 9 79 17 74 23 67 -1 75 6 79 16 67 10 66 18 76 2 0.108108 1 21 -23 3 0.347826 4 31 39 32 87 36 26 -41 22 4 0.108108 1 -24 40 
82 5 2 0 0.941176 4 22 -52 18 0 17 -60 23 -13 3 0.5 1 15 -18 
83 5 2 0 0.163265 2 19 -91 24 47 3 0.987952 41 38 26 26 42 25 68 25 1 -6 76 8 -32 25 5 10 69 26 11 39 -25 23 6 23 26 30 42 42 -31 36 -56 35 68 26 -3 21 2 28 -15 20 35 35 15 31 6 30 15 29 13 19 28 17 -74 43 41 44 15 33 -26 37 73 18 -53 34 45 39 -48 20 43 28 -31 42 8 25 80 41 0 42 -49 23 -89 -2 18 
84 5 2 0 0.994819 48 10 -74 15 -76 17 -12 16 -73 11 -6 4 -29 16 -62 8 -18 14 -11 9 -3 9 -24 11 -65 6 -36 13 21 6 -35 15 -20 6 -70 15 2 18 8 10 -38 11 22 18 3 7 9 10 -7 14 31 18 -19 8 -7 10 7 15 11 11 15 12 48 8 -39 7 -22 11 32 7 -18 15 -4 12 -39 14 -69 18 -5 17 -61 8 -33 18 28 11 -34 15 -45 6 -58 17 -62 8 -17 14 -76 3 0.0769231 1 19 43 
85 5 4 0 0.888889 28 20 -24 18 -14 24 -42 15 -1 24 -16 24 -30 14 -3 23 -26 13 -26 12 -20 14 -53 12 -30 18 4 14 -3 11 -36 21 -35 10 -61 10 -59 9 -56 25 -4 24 -33 24 -54 16 -5 8 -59 13 -56 21 16 18 -15 5 -47 1 0.0888889 1 14 -21 2 0.0888889 1 14 -41 3 0.615385 12 28 0 32 -39 27 -77 32 -20 24 -94 30 -34 20 41 27 -69 29 -14 30 37 26 -3 34 -40 
86 5 5 0 0.686192 41 14 -75 3 -28 14 -47 18 -19 4 -62 19 -81 20 -55 14 -54 15 -30 18 -35 18 5 15 -28 5 -44 6 -28 17 -6 15 -53 8 -40 17 -58 10 -57 3 -52 4 -5 3 -27 3 -24 3 -55 10 -23 11 -16 15 3 11 -7 13 -65 14 -13 16 15 8 -18 8 9 13 -85 23 -87 25 -88 4 75 2 76 17 -90 5 71 16 -91 1 0.694215 42 13 -17 14 26 11 -33 11 -27 11 -32 13 -27 12 -24 12 -20 13 -16 13 -13 11 2 13 5 12 -22 12 -12 14 -31 10 -28 14 -20 12 -30 11 -33 14 6 11 -4 9 -6 12 31 13 -35 8 -7 13 -2 13 -3 10 -12 9 9 11 32 9 1 8 -32 12 -25 12 -4 11 -24 9 5 11 -1 11 7 7 -35 9 -9 16 -36 17 -39 2 0.0336134 1 13 -50 3 0.593301 31 24 -13 23 34 28 -39 17 29 15 -5 23 27 22 -4 20 16 11 20 10 -2 20 23 12 56 21 -92 17 25 16 -24 22 -20 20 -11 14 -38 12 -76 23 -3 18 26 18 38 13 -66 7 -33 21 84 -8 -70 -1 -97 3 -25 0 -25 19 -48 15 -48 4 0.0336134 1 19 -45 
87 5 2 0 0.992701 34 20 -67 16 -31 16 17 15 -48 14 -50 16 -11 10 -45 11 -52 15 -46 9 -54 15 -49 19 -73 12 -28 8 -53 14 29 12 -33 14 -76 9 -65 10 20 8 7 13 20 17 -84 12 -59 6 -50 10 -30 8 -29 8 -71 10 -87 6 -83 17 -82 18 -82 5 -64 6 12 12 -36 3 0.105263 1 10 -45 
88 5 2 0 0.571429 1 8 -46 3 0.923077 3 -30 -78 -30 79 7 71 
89 5 3 0 0.833333 5 14 40 16 42 13 34 13 36 10 9 1 0.533333 2 11 29 13 25 3 0.533333 2 33 17 31 51 
90 5 2 1 0.987013 19 7 29 8 28 13 22 11 19 11 23 12 22 13 23 11 11 12 22 8 25 8 10 9 3 6 -27 9 13 9 20 8 12 10 14 7 21 9 20 3 0.173913 1 26 45 
91 5 2 0 0.285714 1 14 28 3 0.97561 10 27 -7 -10 -41 25 -8 21 -35 21 12 15 3 22 51 14 13 16 34 30 -28 
92 5 4 0 0.682927 7 14 -89 13 -76 15 -89 15 7 15 26 21 5 8 -75 1 0.307692 2 14 12 12 34 2 0.571429 5 7 -53 16 -53 14 -53 11 -53 13 -22 3 0.631579 6 -8 69 -6 -32 21 26 30 2 15 31 -24 -62 
93 5 3 0 0.241379 7 -23 -66 -18 -71 -14 8 -14 3 -24 -83 13 25 -8 54 1 0.0792079 2 7 10 6 11 3 0.974504 86 -25 72 -8 -32 17 72 -29 71 -32 81 -35 -79 -32 55 -37 18 -32 38 -30 4 -30 -11 -39 12 -34 -78 -22 -39 -19 -30 -19 -3 -21 -22 -39 -50 -22 -91 -25 7 -24 10 -35 8 -25 38 -22 18 -15 12 -26 -34 -38 -50 -26 -20 -42 48 -38 -8 -27 -5 -38 -98 -28 -41 -28 46 -29 -46 -23 17 -29 -38 -16 -28 -40 10 -19 -36 -40 18 -21 -25 -43 -28 -22 11 -20 -35 -29 -98 -21 -39 -42 -27 -22 -24 -33 -64 -12 18 -18 -99 -26 17 -33 -3 -28 -2 -37 -72 -35 -35 -28 -12 -32 -33 -35 -21 -30 9 -37 34 -33 -31 -38 -56 -39 -92 -38 -41 -21 -15 -39 -48 -28 -33 -32 -27 -34 -25 -34 -72 -40 36 -27 -28 -31 -7 -31 -23 -34 -53 -34 -56 -31 -26 -43 -78 -37 27 -21 13 -27 21 -42 -22 -19 61 15 58 
94 5 2 0 0.285714 1 -18 -3 3 0.97561 10 -38 -20 -34 -20 -39 -27 -31 13 -27 4 -35 -37 -34 11 -34 -43 -43 30 -26 -4 
95 5 3 0 0.764706 13 5 -56 5 -58 2 -22 3 -73 12 -79 7 -76 3 -34 7 -17 13 -46 6 -42 6 -27 16 0 17 5 1 0.738462 12 7 23 7 5 8 -33 7 -28 7 -31 8 2 5 -5 6 14 7 -18 10 26 5 -22 6 19 3 0.390244 4 20 -47 5 62 15 29 19 -87 
96 5 2 0 0.979592 12 15 2 18 12 14 8 17 13 -3 49 6 39 12 -9 15 -36 7 21 4 -12 4 -16 12 -25 1 0.25 1 7 35 
97 5 2 0 0.987013 19 13 -82 16 -81 3 -23 9 31 6 -43 12 -63 16 -82 5 29 10 40 5 13 6 4 6 -84 7 -30 2 -69 6 -13 5 -2 15 19 3 -17 0 -14 3 0.173913 1 7 -1 
98 5 3 0 0.705882 3 2 -12 5 -21 4 -51 1 0.363636 1 5 -2 3 0.8 4 20 28 18 -32 25 -27 24 11 
99 5 2 0 0.25 1 4 47 1 0.979592 12 4 29 4 17 3 18 4 25 4 6 2 -31 6 -19 3 -26 6 33 4 20 5 -2 4 0 
100 5 2 0 0.972973 9 5 38 4 30 11 -73 -5 20 9 -64 -3 20 11 -83 13 16 6 43 3 0.307692 1 16 -47 
101 5 3 0 0.97429 180 -16 42 -16 43 -15 19 -11 29 -10 -43 -15 -72 -12 28 -17 17 -12 36 -10 -10 -5 -5 -7 20 -12 -15 -9 -53 -20 -80 -16 -49 -12 -55 -15 -14 -9 -37 -8 -74 -8 -39 -6 -59 -13 -46 -18 18 -9 -14 -8 12 -15 -47 -11 8 -13 6 -12 -43 -11 40 -19 -58 -4 9 -15 -68 -8 -42 -12 -46 -14 -17 -13 -18 -12 -18 -7 -34 -2 -40 -11 -16 -11 -37 -17 -41 -6 -21 -9 -40 -4 -32 -13 42 -4 19 -5 -8 -11 -68 -15 -3 -14 -17 -16 -33 -15 44 -7 -9 -16 -27 -13 20 -2 -31 -15 -48 -17 21 -17 42 -14 -18 -15 -25 -6 5 -6 17 -9 12 -19 -57 0 -59 -19 -52 -9 -21 -17 -4 -6 6 -10 -49 -23 -77 -11 -62 -7 37 -11 -22 -1 11 -9 16 -9 12 -5 -20 -9 -32 -6 -66 -8 33 -17 -26 -16 -83 -11 -63 -11 3 -16 -49 -12 13 -15 -4 -12 -5 -17 1 -24 19 -20 12 -23 16 -16 -66 -10 -69 -15 -56 3 -58 -18 -43 -13 -58 -9 -57 -5 -66 -15 -45 -17 -67 -3 -64 -2 -25 -17 6 -20 -4 -18 -59 -14 -37 2 -33 -14 -20 -16 32 -17 -50 -18 -54 -10 -19 -16 -55 -18 -12 -14 -48 12 13 -15 -15 -11 -1 5 28 -24 9 -8 -54 1 -31 -17 -5 -15 -45 7 -38 -22 -60 -14 -8 -17 -8 -24 -9 -21 -32 -21 -56 6 29 -24 -71 -7 23 -23 -30 -20 -51 -5 -56 -17 -32 7 -3 8 -46 -10 -45 -7 -7 -4 1 -3 -50 2 -22 -10 5 -24 0 -12 -44 -4 -31 -11 -11 -21 -22 -17 -12 -24 -83 -5 -13 -11 -34 2 8 -13 -18 -6 -45 -14 10 -12 -40 -17 -20 -1 13 11 -9 -9 -18 -1 -32 1 -55 -6 4 -17 -34 -14 5 0 12 -3 -33 0 -49 1 10 1 0.159292 9 -13 1 -14 7 -13 -6 -14 15 -14 0 -13 16 -12 -24 -11 5 3 -18 3 0.174672 10 -28 -96 -41 -87 -38 -11 -19 24 -38 30 -34 -67 -37 -92 -43 61 21 1 19 -11 
102 5 2 0 0.333333 1 4 -56 3 0.969697 8 17 -81 -43 38 17 -91 -38 15 24 -4 6 36 -44 -21 2 43 
103 5 2 0 0.941176 4 10 -21 13 -3 9 -11 10 -8 3 0.5 1 -29 26 
104 5 2 0 0.108108 1 -2 76 3 0.992481 33 0 31 24 -37 1 30 22 -34 20 48 -43 18 20 -64 18 -1 20 5 20 15 -30 35 21 -8 32 -9 -16 89 -17 32 21 -94 26 -41 -3 35 -9 34 21 22 10 37 16 39 28 -40 27 -29 -1 35 -8 38 -9 36 22 -63 21 -78 4 39 -21 37 -10 38 -17 40 
105 5 3 2 0.971429 17 10 -53 5 -50 -12 -33 5 -52 -13 -21 -3 -51 -10 -51 -1 -53 -5 -52 -14 -51 -14 -53 -13 -8 0 -50 -9 -53 -3 -51 7 -49 -2 -52 3 0.181818 1 18 -16 4 0.181818 1 -25 -44 
106 5 3 0 0.123711 3 18 -9 -6 75 11 70 1 0.978852 81 17 -3 17 27 16 0 16 -39 15 -6 16 -18 15 -24 15 -17 16 25 15 -20 17 -21 15 22 15 19 16 -15 15 -24 17 -3 16 3 16 0 17 17 16 -5 15 -10 15 27 15 15 14 -15 14 19 15 11 15 9 17 -5 14 -26 17 -23 14 22 16 15 14 34 15 21 16 12 14 31 16 -16 14 36 15 35 13 24 16 -19 13 29 14 -29 16 11 16 4 13 33 13 34 14 -26 14 37 12 34 12 35 14 33 16 12 12 39 17 6 11 39 15 1 16 -36 14 -39 15 -15 16 -27 17 12 15 -6 16 -30 14 -16 17 27 16 -13 15 -1 14 -4 17 2 17 -21 14 -22 13 39 15 -32 17 7 17 6 14 -18 16 9 15 -4 15 -32 15 -33 3 0.16 4 -2 52 13 -20 16 18 19 7 
107 5 2 0 0.954128 26 -17 45 -13 43 -16 15 -9 45 -13 47 -24 12 -6 74 -14 74 -2 70 -14 11 11 -40 -19 -26 -19 -31 -21 -22 -24 -52 -8 -2 -9 -5 -7 -1 -9 -2 -21 7 -7 -10 -18 -67 -23 -28 -14 3 -17 -38 -12 -2 3 0.434783 5 17 -15 -18 -2 -20 -10 -38 1 -9 -36 
108 5 2 0 0.444444 1 -8 -41 3 0.952381 5 0 36 -11 47 -28 54 -33 4 -2 75 
109 5 3 0 0.740741 5 9 20 8 10 7 11 1 -6 6 2 1 0.8 6 5 -29 5 3 4 -8 6 20 7 25 3 -8 3 0.266667 1 -34 -12 
110 5 2 0 0.483871 15 -14 31 -13 37 -10 36 -22 -69 -14 -73 -19 -67 -17 -73 3 -10 -7 -74 -18 -48 -13 -66 -9 -72 -15 -61 -8 -58 -7 -54 3 0.944649 64 -32 -59 -15 -6 -30 3 -26 -42 -28 -17 -28 -3 -30 -6 -18 -20 -31 -1 -26 40 -34 26 -27 -72 -30 0 -25 37 -23 3 -17 8 -34 39 -22 37 -20 30 -31 -13 -15 8 -40 32 10 22 10 -13 -21 -83 -11 43 -28 -9 -13 -7 -33 -3 6 -88 -13 -10 -8 14 -11 6 -11 -11 -30 -22 -32 20 -17 -7 10 -47 9 -9 11 -31 -5 22 6 -87 6 -13 7 4 -16 -15 -16 22 6 -21 -15 -32 6 -56 0 -49 2 -19 -3 11 2 -52 -1 12 -1 31 4 -23 -10 -41 4 -85 -6 -28 -7 -37 -3 -14 -42 33 -32 -43 3 -87 
111 5 2 0 0.0408163 1 -23 -90 3 0.997347 94 0 -48 15 48 8 -44 35 -17 -18 -51 -4 74 -21 80 -6 -55 -38 -97 10 -11 -18 32 -17 -43 -10 31 0 -37 -11 -74 0 78 -19 25 -10 -57 -25 -59 -26 -58 2 -41 -28 21 -25 73 -22 82 -12 -40 -11 10 -14 -28 -10 9 -18 -27 -13 -40 -27 18 -19 -29 -29 -37 -17 -16 -19 49 -26 22 -13 45 -17 -23 -11 -22 -8 -3 -16 -34 -11 -39 -11 72 -8 -11 -10 6 -15 -36 -11 -43 -23 36 -2 14 -24 85 -9 -15 4 -27 -9 45 -9 50 -26 50 -31 -98 -35 -21 -22 -68 -18 -91 -29 61 -26 44 -6 73 -23 -14 -14 12 -26 13 -6 53 -12 59 -7 38 -28 -70 -13 -55 -30 -39 -4 15 -4 53 -5 -11 -6 81 -17 -9 -20 -88 -13 60 -25 86 -30 -34 -5 -23 -14 24 -19 -95 -19 -61 -12 -84 -30 7 -9 -8 -7 -2 -8 3 -12 -26 -28 -46 -8 -7 -13 -20 -17 31 
112 5 2 0 0.483516 11 -21 17 -17 15 -19 2 -9 20 -14 11 -18 -62 -15 1 -17 -65 -17 -49 -13 -45 -10 -60 3 0.944724 47 3 -40 9 -4 -25 -91 -16 -1 -24 -63 -20 4 -19 54 -16 5 -20 -21 -18 61 -20 58 2 -6 -24 -16 -39 -10 -24 16 -9 -84 -38 -31 -15 -67 -13 -15 -16 -23 -27 -17 -20 31 -7 -41 -19 -90 -38 -90 -12 -90 -20 0 -13 -6 -17 -55 -18 -30 -7 -84 -15 -29 -12 -54 -15 -27 -18 -34 -14 -65 -11 9 -14 -98 -14 23 -10 -35 -18 -46 16 6 6 2 -19 72 -23 -98 -16 -95 -19 -98 
113 5 2 0 0.96 6 -15 -86 -14 -87 -11 -86 -22 -87 5 -76 -7 -89 3 0.4 1 -1 85 
114 5 3 0 0.980392 25 -13 -90 14 -88 -6 -92 -10 -92 -13 77 5 -91 -12 70 18 -90 13 66 -8 70 6 63 10 61 -7 68 -6 68 2 67 -24 -90 -4 65 -15 -92 -8 68 -19 69 -13 -90 14 -91 -17 65 -17 62 -13 66 3 0.133333 1 12 -51 4 0.133333 1 19 -44 
115 5 3 0 0.769231 5 -6 -65 -15 -40 0 4 -5 36 -6 43 1 0.285714 1 -11 -28 3 0.769231 5 7 24 10 -32 2 -11 1 -4 7 11 
116 5 2 0 0.987013 19 -12 -80 0 -38 0 -70 2 9 -5 0 -7 36 -15 -62 -6 -79 -10 -10 1 -4 -5 -61 -5 -61 3 20 -5 -29 -9 -81 -1 -31 -2 2 -9 15 -13 -67 3 0.173913 1 5 -54 
117 5 2 0 0.347826 2 0 -72 8 -12 3 0.967742 15 0 -2 -8 -67 -7 -93 0 30 4 -26 -3 9 -3 57 3 -44 -11 81 6 -41 0 -90 3 -11 0 61 -23 25 -29 30 
118 5 3 0 0.952381 10 -8 -49 -14 21 -5 -36 -6 37 -10 4 -5 -62 -16 -63 -14 -61 -5 -74 -8 -59 1 0.266667 1 -9 -13 3 0.266667 1 14 -1 
119 5 3 0 0.474576 35 -1 -45 -3 -25 3 -64 -1 -49 6 -61 -12 -41 2 -43 -11 -42 7 -54 -8 -77 -6 -77 -6 -79 6 -5 3 -10 2 -74 0 -11 0 4 7 10 -7 18 -7 -23 1 28 -3 -28 -1 -64 -2 -42 2 -68 -5 -79 2 -60 -9 -67 5 -21 -6 -67 2 -68 -3 -18 9 -69 11 -65 7 -67 1 0.9375 150 -14 -17 -6 11 -1 -13 -3 4 1 11 -12 -25 -13 -3 -1 12 -13 -4 -2 32 -12 -4 -11 -10 -6 -17 4 8 -13 -18 -9 11 -10 13 -13 9 0 25 -11 12 -6 -17 -4 -19 -8 25 -3 -7 2 9 3 -17 -2 -10 -12 -5 -7 3 -7 4 -10 -1 -6 26 -11 -4 3 10 -11 8 -7 35 -6 -12 -10 -26 -9 12 -10 4 4 9 -6 -25 5 11 -7 -14 -6 -3 1 5 -10 -4 -4 -21 -11 12 -7 31 -10 -20 -1 20 -6 -34 -10 -5 -4 -22 4 -4 -7 0 -10 -32 2 -19 -5 -15 -10 -1 -6 -25 -2 16 -2 8 -11 -12 -3 32 -9 33 -7 -9 -10 -1 -9 22 1 0 0 -21 -4 5 -6 12 3 -3 -2 34 -6 24 -1 -21 -9 11 2 -26 -8 34 -9 -1 3 13 -9 7 -8 20 -13 -35 -10 28 -1 28 -6 29 -3 -11 -6 -27 -1 -30 -10 31 -5 -22 -5 29 4 14 -11 34 -11 21 -9 -21 -3 -10 -11 4 -11 9 -12 -18 -9 -34 1 -22 -6 17 -9 24 -7 -19 -13 21 0 18 -7 0 -11 9 1 18 -5 3 5 -7 -5 -30 -2 30 -12 15 -4 16 -4 20 -1 29 -7 5 -6 -35 -8 3 4 -35 -3 -13 -2 -27 -1 -35 -3 -29 0 30 5 19 -4 -22 -2 1 1 -10 3 22 0 6 -2 6 -2 -11 -1 17 -5 -31 0 -6 -5 -30 -4 -28 -6 -34 0 13 3 -11 -14 -14 -14 29 -14 33 -14 -24 3 0.097561 5 -20 25 19 20 10 -80 5 64 14 3 
120 5 3 0 0.941176 16 -5 49 3 16 -14 25 -8 27 -2 16 -4 24 -2 19 7 5 -7 -4 -4 -12 -7 -16 -2 17 -9 -19 4 -15 -9 45 8 13 1 0.307692 2 1 -14 2 -14 3 0.307692 2 6 -43 -43 1 
121 5 3 0 0.25 1 5 13 3 0.9 9 12 -44 3 -90 8 11 15 -8 11 -68 11 -51 5 -5 15 5 14 -45 4 0.545455 3 -18 24 -22 28 -24 26 
122 5 3 0 0.842105 48 -21 -5 -17 -6 -23 -26 -23 11 -6 35 -5 12 -5 38 4 19 -7 40 6 27 3 27 -8 -9 0 -17 0 17 4 29 -1 24 -4 -36 0 27 -20 -34 -7 -18 -9 -13 -5 -1 -19 -16 -5 -4 -9 -66 -17 -42 -1 -32 0 -12 -3 42 -1 28 4 2 4 37 -10 -60 -1 -65 -7 -68 8 -7 -4 -39 6 41 -4 32 4 -40 9 -59 -5 -14 -4 -79 -3 -60 -1 3 -1 14 0 14 -8 -57 1 0.586667 22 -13 6 -6 15 2 -3 -13 29 -8 19 -14 11 -12 19 -10 20 1 -2 -5 19 -9 15 -8 17 0 27 -2 -6 -3 13 -9 -11 -1 -31 4 -9 2 21 -2 8 -1 -25 -5 -17 3 0.444444 14 -40 3 -40 -42 -42 -50 3 -12 -10 -9 -7 -5 -28 -37 5 3 -5 11 -21 -13 16 3 0 -29 0 34 -2 -29 
123 5 2 0 0.985507 17 -1 -23 -3 -50 -2 -24 -7 -54 0 -68 -6 -54 -9 -50 -2 -59 -5 -59 1 -67 3 -30 1 -43 -18 4 -23 -8 -9 -74 -1 -83 1 -84 3 0.190476 1 9 -1 
124 5 3 0 0.656716 11 2 -4 1 -4 -2 -56 5 27 12 3 9 -74 10 -31 1 -67 12 -50 -5 -80 -22 -3 1 0.851064 20 4 29 3 28 1 28 5 -10 2 -30 3 -33 3 -29 3 5 2 16 2 -25 2 8 2 9 3 -13 2 15 5 -9 3 20 3 23 4 24 4 26 5 26 3 0.27907 3 -25 85 21 -22 -44 4 
125 5 5 0 0.461538 3 3 -82 1 -76 -24 2 1 0.2 1 -5 -35 2 0.2 1 -9 -24 3 0.551724 4 4 61 -43 -30 12 17 -18 31 4 0.780488 8 -22 -26 -20 -18 -18 3 -17 19 -21 5 -21 19 -23 -9 -23 -20 
126 5 2 0 0.27027 5 -8 61 -7 62 -10 63 0 59 -5 64 3 0.977376 54 -26 80 18 -7 -7 26 -5 28 -25 -35 -25 -30 -33 -5 -23 -77 -10 -85 14 -68 -22 -44 6 68 -1 -24 -25 64 -32 -36 -23 -34 -18 14 -21 70 -21 -23 -20 53 -20 50 2 2 9 -31 -9 -5 1 32 9 -15 -18 78 5 66 -7 1 5 -15 1 58 3 36 -7 -19 3 27 -18 46 -23 13 4 49 7 64 -23 3 -28 25 -4 -77 -25 50 -24 49 -4 -21 17 -11 -5 -1 -24 36 -18 -8 7 0 8 52 11 67 8 -18 -29 41 9 24 
127 5 2 1 0.181818 1 10 -38 3 0.986301 18 11 75 -26 -74 -33 91 13 -31 21 -28 -18 -59 7 -31 2 -13 6 -3 -3 -1 -4 40 -3 -9 -28 55 3 -62 -23 -51 -15 15 -17 59 -22 80 
128 5 3 0 0.666667 1 -7 69 2 0.666667 1 -10 -27 3 0.666667 1 -21 74 
129 5 2 1 0.962963 13 15 34 9 -38 12 -35 11 -36 13 -24 12 -35 -13 -34 -13 22 10 -36 10 -35 -13 -34 8 -32 7 -39 3 0.380952 2 -17 -75 0 -47 
130 5 3 1 0.982397 586 14 -15 -14 22 16 32 16 -8 15 28 -15 18 -13 3 -16 -25 11 -21 13 -30 12 -7 13 -30 -16 17 -14 -16 -16 31 -16 -22 12 18 -15 -1 -15 -27 -15 32 -14 20 13 18 -14 -32 -16 -2 12 -21 -15 28 12 15 13 -20 -15 24 11 -22 -15 7 14 26 14 18 12 21 -14 -3 11 29 14 -2 11 -21 13 30 -14 31 -14 19 10 13 13 3 13 17 12 4 8 -30 11 25 -16 -18 12 30 12 -5 -16 -10 14 7 -16 -18 13 -8 -16 -12 -15 -10 8 38 -13 28 -12 -30 -14 -20 -16 33 10 -12 -11 19 11 -16 12 9 12 -25 -16 34 12 -28 10 -28 10 21 -16 23 6 -33 9 1 -10 19 -12 18 10 6 10 11 -15 26 -12 5 11 22 10 -24 -12 29 -12 -22 -11 -27 -15 9 -13 20 -15 -14 -13 -15 11 17 11 11 11 12 -13 18 10 5 12 4 11 3 -16 21 10 -27 8 36 11 -1 7 30 -14 -20 11 -7 9 -31 11 -3 11 -12 9 29 9 16 13 -15 10 5 14 34 10 23 11 39 12 6 12 -16 13 25 0 -33 12 37 13 17 12 30 11 38 11 34 -15 34 13 26 13 17 9 37 12 20 12 7 -13 38 -16 -9 11 -15 -15 1 -13 -26 -16 39 13 5 -12 1 12 11 -11 -25 -14 37 -15 3 11 37 11 -24 -14 6 -14 38 -15 20 -16 8 11 -16 -15 -12 -16 -6 -14 -28 -11 -7 5 31 -8 35 8 -6 -10 -21 11 -26 -9 -12 -11 22 10 -16 -9 32 -7 39 6 -28 8 21 6 1 4 15 8 22 6 0 8 -13 9 -30 6 -10 9 15 5 13 9 18 -12 -31 -6 25 8 12 6 -24 -13 -21 8 -16 6 -19 -14 34 -10 -19 7 11 8 -8 6 15 -13 34 -10 -5 6 -16 -11 -18 -12 -20 -9 4 6 27 3 -14 8 12 9 -10 -10 -31 8 -10 -2 -11 -11 35 -14 28 -9 31 -13 36 3 -32 -5 20 6 -10 3 -28 8 -3 -10 -2 6 -14 -9 -31 -11 -3 -9 -24 1 -27 -10 1 -12 39 -8 -24 7 -31 -15 39 -12 13 6 -20 9 -14 10 -23 -12 -14 -14 10 12 12 -13 8 12 -6 -13 12 -1 -16 10 -16 -13 -17 -11 -12 6 30 8 -3 6 38 -11 17 -12 -15 9 23 -12 -9 -12 4 -15 19 -12 20 9 22 -15 2 12 11 10 -3 -12 8 8 16 9 29 12 12 -12 39 -11 1 13 9 9 26 6 -5 9 32 7 -17 9 -18 9 34 9 33 -2 -33 0 -32 -9 -25 10 24 -13 16 -9 32 8 33 -14 -19 11 27 8 11 8 12 -8 -3 8 -8 9 12 4 24 2 -5 -12 -28 -10 -17 -7 39 1 11 -6 39 -10 31 5 13 -6 2 -4 0 7 -29 -9 -22 6 13 0 -25 -4 21 4 11 -2 35 4 25 8 15 -8 -18 -2 34 -8 -9 -5 -2 1 26 -8 -19 -13 11 5 9 -8 12 -4 22 5 -26 -5 -10 -1 25 2 -7 -3 0 -7 -9 -6 35 -4 28 -4 -2 -1 37 -9 -18 5 -4 -8 -25 -9 -10 7 23 -8 34 -10 -23 -10 -3 7 3 2 12 -11 14 4 -19 -10 -16 -6 11 8 -7 4 3 4 -31 -6 29 -9 19 7 -24 10 -26 7 27 8 -29 7 -25 9 24 6 2 -9 29 -11 7 6 -13 -9 24 7 34 -10 26 6 27 4 -3 6 27 -9 27 11 33 4 33 -8 29 5 10 11 13 5 1 8 6 -13 38 9 -24 -8 21 -10 -2 8 3 -5 23 -11 15 -2 20 1 16 0 27 -6 -28 7 31 2 22 1 0 -6 -26 -7 10 -3 -8 2 15 1 -4 -8 12 4 15 5 -16 -5 28 -4 25 5 -17 4 -5 8 21 -3 7 -3 23 -2 30 -1 4 -4 27 -6 13 6 -19 -12 16 0 33 -7 -28 -2 19 0 20 1 14 -9 -21 -1 -4 -5 17 -3 39 -4 -8 -2 -10 -9 -15 -8 -5 -9 9 7 -25 0 12 6 -9 -10 -5 -7 -28 7 28 -9 7 -6 34 -2 28 -9 -15 -4 29 -5 -18 -1 2 -1 -2 3 18 7 -5 -5 -13 1 5 3 22 4 17 -6 6 6 1 -7 -17 -6 24 9 10 2 39 4 18 8 34 8 25 -10 16 4 6 7 18 3 34 -5 8 2 20 -3 27 0 -10 6 29 -6 34 5 14 -1 -10 -6 18 -2 14 -7 -22 -9 27 -14 -27 -7 19 4 13 -12 11 -3 -23 3 19 0 7 0 -29 3 4 -10 -3 -1 1 -5 -11 -1 -28 -3 11 -1 36 0 -17 -4 8 -2 -17 -7 10 4 22 -1 -27 -3 8 -3 -14 -1 8 -6 -16 -3 24 -3 21 -5 -29 -1 -34 -2 8 -1 4 1 4 0 -23 -4 5 2 10 -2 17 -7 3 -4 -12 0 36 -1 -1 4 -20 -3 2 2 8 3 31 -1 -3 0 -2 -5 12 1 -23 -2 27 4 4 3 27 -7 0 3 23 3 19 -11 -32 -8 1 3 2 -4 17 3 29 -3 37 4 39 -8 19 -1 11 -5 20 4 -11 -2 6 4 20 5 -22 3 5 3 26 -4 0 1 -19 0 38 0 22 3 -10 -4 38 -4 -7 0 36 -9 4 9 -34 3 -34 -16 -39 -10 -39 12 -35 -5 -29 -6 -32 11 -37 -7 -38 2 -34 0 -39 12 -38 -6 -24 1 18 -4 -23 1 -39 -1 -25 -10 -38 -3 -25 5 -36 -6 -21 -3 -20 4 -39 -3 -20 3 -36 -12 -36 2 -33 -6 -32 -2 -16 3 -36 7 -39 10 -39 2 -36 -3 -25 -4 -12 10 -39 10 -38 -2 -22 -6 -34 -12 -38 -16 -36 -8 -38 -12 -37 1 -39 -5 -25 -8 -39 7 -37 0 -27 1 -38 -7 -28 -15 -35 -8 -36 6 -39 -11 -39 2 -35 -9 -37 -5 -25 3 0.218376 41 -28 -56 -33 -40 -27 -81 9 -43 -19 30 3 40 13 -9 -26 49 -2 12 -4 -45 -2 -59 -15 -84 -11 -69 -11 -18 -1 -33 0 -18 -12 -69 -15 -81 2 55 -34 40 -31 -35 7 23 -9 16 -29 32 -18 -16 -36 36 4 16 -14 -52 -12 -6 -12 71 -10 56 -9 0 -6 4 -5 -86 -18 -92 6 -42 -40 24 -35 -67 -33 -90 -22 -64 -35 -58 4 0.00633914 1 -24 -43 
131 5 3 0 0.615385 2 11 64 -23 68 3 0.842105 4 -31 -81 31 -26 -43 -55 -41 -85 4 0.4 1 18 -41 
132 5 2 0 0.980392 25 -7 64 -23 64 -13 61 -23 65 -15 52 -20 55 -11 58 -19 56 -13 58 -6 62 -2 61 -7 53 -8 61 -6 52 -6 55 4 58 -1 56 -1 53 -22 63 -3 52 -6 55 -5 56 -5 57 -5 59 -11 57 3 0.242424 2 4 -61 15 -63 
133 5 3 1 0.903226 7 0 -33 -3 -39 -1 -30 -6 -38 -1 -37 -3 -28 -6 -38 3 0.5 2 -42 13 -35 -36 4 0.307692 1 -21 44 
134 5 3 0 0.347826 2 -24 -15 -20 -16 1 0.2 1 -5 -34 3 0.949153 14 -36 2 -37 -30 -32 14 -42 -85 -40 -17 -40 -1 -42 27 -40 23 -41 2 -31 -27 -42 -76 -37 53 -41 24 -38 19 
135 5 2 3 0.181818 1 -41 -15 4 0.986301 18 -21 39 -24 -33 -23 42 -24 43 -20 43 -24 7 -22 25 -21 38 -21 -20 -21 -19 -19 34 -23 22 -22 3 -20 11 -20 7 -19 -35 -25 -21 -22 19 
