10 108 1
0 0 -1 21 28 24 14 58 45 4 6 32 2866 
1 1 -1 35 30 0 0 26 4 0 0 5 -20 
2 1 -1 30 12 5 8 36 35 8 13 32 -3262 
3 2 -1 31 1 0 0 42 4 0 0 16 -100 
4 2 -1 18 37 0 0 55 10 0 0 17 -18 
5 2 -1 5 25 3 5 62 32 1 4 32 -610 
6 2 -1 20 10 6 7 60 22 2 1 32 36 
7 3 0 0 0 0 0 0 0 0 0 0 0 
8 3 -1 4 10 0 0 51 48 0 0 17 14 
9 3 -1 61 59 0 0 4 29 0 0 18 -19 
10 3 -1 9 24 29 15 57 39 4 3 32 -592 
11 3 -1 46 27 0 0 63 29 0 0 11 13 
12 3 -1 37 25 0 0 61 21 0 0 2 12 
13 3 -1 50 32 0 0 20 9 0 0 0 52 
14 3 -1 8 30 13 5 34 38 25 12 32 -5781 
15 4 0 0 0 0 0 0 0 0 0 0 0 
16 4 0 0 0 0 0 0 0 0 0 0 0 
17 4 -1 24 32 0 0 12 17 0 0 1 22 
18 4 -1 18 27 12 24 58 51 5 10 32 -134 
19 4 -1 47 42 0 0 5 34 0 0 18 -20 
20 4 -1 16 5 0 0 0 58 0 0 5 15 
21 4 -1 29 4 7 17 57 45 2 7 32 -1346 
22 4 -1 49 16 0 0 7 14 0 0 17 6 
23 4 -1 17 45 0 0 48 51 0 0 8 8 
24 4 -1 61 29 0 0 22 31 0 0 17 9 
25 4 -1 56 8 0 0 10 57 0 0 3 9 
26 4 -1 13 0 17 14 46 38 8 2 32 -566 
27 4 -1 48 6 0 0 59 49 0 0 6 72 
28 4 -1 63 51 0 0 26 29 0 0 8 -16 
29 4 -1 27 8 0 28 57 36 6 5 32 -1024 
30 4 107 0 0 0 0 0 0 0 0 0 0 
31 5 0 0 0 0 0 0 0 0 0 0 0 
32 5 0 0 0 0 0 0 0 0 0 0 0 
33 5 0 0 0 0 0 0 0 0 0 0 0 
34 5 0 0 0 0 0 0 0 0 0 0 0 
35 5 -1 31 52 0 0 18 10 0 0 0 73 
36 5 -1 0 39 0 0 31 12 0 0 12 -14 
37 5 10 0 0 0 0 0 0 0 0 0 0 
38 5 -1 33 62 0 0 5 40 0 0 18 -2 
39 5 -1 46 5 0 0 50 45 0 0 18 37 
40 5 16 0 0 0 0 0 0 0 0 0 0 
41 5 -1 43 0 0 0 41 49 0 0 17 28 
42 5 -1 7 23 0 0 41 57 0 0 3 71 
43 5 38 0 0 0 0 0 0 0 0 0 0 
44 5 -1 26 39 0 0 25 60 0 0 15 21 
45 5 -1 60 1 0 0 33 48 0 0 18 -5 
46 5 -1 48 48 0 0 38 29 0 0 17 26 
47 5 80 0 0 0 0 0 0 0 0 0 0 
48 5 81 0 0 0 0 0 0 0 0 0 0 
49 5 82 0 0 0 0 0 0 0 0 0 0 
50 5 83 0 0 0 0 0 0 0 0 0 0 
51 5 -1 25 59 0 0 16 33 0 0 6 27 
52 5 87 0 0 0 0 0 0 0 0 0 0 
53 5 88 0 0 0 0 0 0 0 0 0 0 
54 5 89 0 0 0 0 0 0 0 0 0 0 
55 5 -1 1 0 7 28 53 60 9 1 32 -45 
56 5 98 0 0 0 0 0 0 0 0 0 0 
57 5 99 0 0 0 0 0 0 0 0 0 0 
58 5 -1 12 16 28 11 44 37 18 25 32 -6991 
59 5 -1 63 15 0 0 48 1 0 0 7 -14 
60 5 -1 23 29 9 12 33 41 30 13 32 -6749 
61 5 0 0 0 0 0 0 0 0 0 0 0 
62 5 0 0 0 0 0 0 0 0 0 0 0 
63 6 0 0 0 0 0 0 0 0 0 0 0 
64 6 0 0 0 0 0 0 0 0 0 0 0 
65 6 0 0 0 0 0 0 0 0 0 0 0 
66 6 0 0 0 0 0 0 0 0 0 0 0 
67 6 0 0 0 0 0 0 0 0 0 0 0 
68 6 0 0 0 0 0 0 0 0 0 0 0 
69 6 0 0 0 0 0 0 0 0 0 0 0 
70 6 0 0 0 0 0 0 0 0 0 0 0 
71 6 -1 52 4 0 0 17 5 0 0 2 -34 
72 6 -1 29 7 1 10 39 26 22 26 32 -652 
73 6 8 0 0 0 0 0 0 0 0 0 0 
74 6 9 0 0 0 0 0 0 0 0 0 0 
75 6 0 0 0 0 0 0 0 0 0 0 0 
76 6 0 0 0 0 0 0 0 0 0 0 0 
77 6 -1 40 9 0 0 28 57 0 0 2 9 
78 6 13 0 0 0 0 0 0 0 0 0 0 
79 6 14 0 0 0 0 0 0 0 0 0 0 
80 6 15 0 0 0 0 0 0 0 0 0 0 
81 6 0 0 0 0 0 0 0 0 0 0 0 
82 6 0 0 0 0 0 0 0 0 0 0 0 
83 6 -1 3 15 0 0 37 39 0 0 1 -2 
84 6 -1 34 52 0 0 12 4 0 0 13 7 
85 6 -1 57 18 0 0 43 8 0 0 2 10 
86 6 37 0 0 0 0 0 0 0 0 0 0 
87 6 0 0 0 0 0 0 0 0 0 0 0 
88 6 0 0 0 0 0 0 0 0 0 0 0 
89 6 -1 31 23 0 0 47 13 0 0 5 2 
90 6 -1 2 21 0 0 33 37 0 0 13 18 
91 6 -1 31 10 0 0 5 14 0 0 16 -79 
92 6 -1 47 31 0 0 1 24 0 0 6 43 
93 6 -1 3 26 0 6 38 33 14 13 32 -1318 
94 6 -1 5 44 0 0 59 47 0 0 16 -46 
95 6 0 0 0 0 0 0 0 0 0 0 0 
96 6 0 0 0 0 0 0 0 0 0 0 0 
97 6 0 0 0 0 0 0 0 0 0 0 0 
98 6 0 0 0 0 0 0 0 0 0 0 0 
99 6 0 0 0 0 0 0 0 0 0 0 0 
100 6 0 0 0 0 0 0 0 0 0 0 0 
101 6 0 0 0 0 0 0 0 0 0 0 0 
102 6 0 0 0 0 0 0 0 0 0 0 0 
103 6 -1 6 16 30 23 61 43 2 12 32 12337 
104 6 86 0 0 0 0 0 0 0 0 0 0 
105 6 0 0 0 0 0 0 0 0 0 0 0 
106 6 0 0 0 0 0 0 0 0 0 0 0 
107 6 0 0 0 0 0 0 0 0 0 0 0 
108 6 0 0 0 0 0 0 0 0 0 0 0 
109 6 0 0 0 0 0 0 0 0 0 0 0 
110 6 0 0 0 0 0 0 0 0 0 0 0 
111 6 -1 21 14 13 24 51 50 10 8 32 -1491 
112 6 -1 23 7 9 12 60 19 2 35 32 -2142 
113 6 0 0 0 0 0 0 0 0 0 0 0 
114 6 0 0 0 0 0 0 0 0 0 0 0 
115 6 0 0 0 0 0 0 0 0 0 0 0 
116 6 0 0 0 0 0 0 0 0 0 0 0 
117 6 100 0 0 0 0 0 0 0 0 0 0 
118 6 101 0 0 0 0 0 0 0 0 0 0 
119 6 102 0 0 0 0 0 0 0 0 0 0 
120 6 -1 2 5 12 28 57 49 4 5 32 2376 
121 6 105 0 0 0 0 0 0 0 0 0 0 
122 6 106 0 0 0 0 0 0 0 0 0 0 
123 6 0 0 0 0 0 0 0 0 0 0 0 
124 6 0 0 0 0 0 0 0 0 0 0 0 
125 6 0 0 0 0 0 0 0 0 0 0 0 
126 6 0 0 0 0 0 0 0 0 0 0 0 
127 7 0 0 0 0 0 0 0 0 0 0 0 
128 7 0 0 0 0 0 0 0 0 0 0 0 
129 7 0 0 0 0 0 0 0 0 0 0 0 
130 7 0 0 0 0 0 0 0 0 0 0 0 
131 7 0 0 0 0 0 0 0 0 0 0 0 
132 7 0 0 0 0 0 0 0 0 0 0 0 
133 7 0 0 0 0 0 0 0 0 0 0 0 
134 7 0 0 0 0 0 0 0 0 0 0 0 
135 7 0 0 0 0 0 0 0 0 0 0 0 
136 7 0 0 0 0 0 0 0 0 0 0 0 
137 7 0 0 0 0 0 0 0 0 0 0 0 
138 7 0 0 0 0 0 0 0 0 0 0 0 
139 7 0 0 0 0 0 0 0 0 0 0 0 
140 7 0 0 0 0 0 0 0 0 0 0 0 
141 7 0 0 0 0 0 0 0 0 0 0 0 
142 7 0 0 0 0 0 0 0 0 0 0 0 
143 7 1 0 0 0 0 0 0 0 0 0 0 
144 7 -1 0 5 21 29 30 61 15 1 32 -410 
145 7 6 0 0 0 0 0 0 0 0 0 0 
146 7 7 0 0 0 0 0 0 0 0 0 0 
147 7 0 0 0 0 0 0 0 0 0 0 0 
148 7 0 0 0 0 0 0 0 0 0 0 0 
149 7 0 0 0 0 0 0 0 0 0 0 0 
150 7 0 0 0 0 0 0 0 0 0 0 0 
151 7 0 0 0 0 0 0 0 0 0 0 0 
152 7 0 0 0 0 0 0 0 0 0 0 0 
153 7 0 0 0 0 0 0 0 0 0 0 0 
154 7 0 0 0 0 0 0 0 0 0 0 0 
155 7 11 0 0 0 0 0 0 0 0 0 0 
156 7 12 0 0 0 0 0 0 0 0 0 0 
157 7 0 0 0 0 0 0 0 0 0 0 0 
158 7 0 0 0 0 0 0 0 0 0 0 0 
159 7 0 0 0 0 0 0 0 0 0 0 0 
160 7 0 0 0 0 0 0 0 0 0 0 0 
161 7 0 0 0 0 0 0 0 0 0 0 0 
162 7 0 0 0 0 0 0 0 0 0 0 0 
163 7 0 0 0 0 0 0 0 0 0 0 0 
164 7 0 0 0 0 0 0 0 0 0 0 0 
165 7 0 0 0 0 0 0 0 0 0 0 0 
166 7 0 0 0 0 0 0 0 0 0 0 0 
167 7 -1 33 35 0 0 63 14 0 0 1 7 
168 7 -1 17 14 0 0 45 39 0 0 6 -4 
169 7 -1 33 34 0 0 6 41 0 0 18 16 
170 7 32 0 0 0 0 0 0 0 0 0 0 
171 7 -1 23 13 16 26 54 47 2 12 32 -446 
172 7 36 0 0 0 0 0 0 0 0 0 0 
173 7 0 0 0 0 0 0 0 0 0 0 0 
174 7 0 0 0 0 0 0 0 0 0 0 0 
175 7 0 0 0 0 0 0 0 0 0 0 0 
176 7 0 0 0 0 0 0 0 0 0 0 0 
177 7 0 0 0 0 0 0 0 0 0 0 0 
178 7 0 0 0 0 0 0 0 0 0 0 0 
179 7 39 0 0 0 0 0 0 0 0 0 0 
180 7 40 0 0 0 0 0 0 0 0 0 0 
181 7 41 0 0 0 0 0 0 0 0 0 0 
182 7 42 0 0 0 0 0 0 0 0 0 0 
183 7 -1 8 59 0 0 6 47 0 0 11 15 
184 7 -1 11 31 0 0 2 62 0 0 17 -21 
185 7 -1 43 23 0 0 27 8 0 0 18 -36 
186 7 -1 23 1 3 7 47 19 16 43 32 -216 
187 7 -1 13 17 6 1 38 34 4 27 32 -1631 
188 7 -1 61 4 0 0 40 63 0 0 4 195 
189 7 78 0 0 0 0 0 0 0 0 0 0 
190 7 79 0 0 0 0 0 0 0 0 0 0 
191 7 0 0 0 0 0 0 0 0 0 0 0 
192 7 0 0 0 0 0 0 0 0 0 0 0 
193 7 0 0 0 0 0 0 0 0 0 0 0 
194 7 0 0 0 0 0 0 0 0 0 0 0 
195 7 0 0 0 0 0 0 0 0 0 0 0 
196 7 0 0 0 0 0 0 0 0 0 0 0 
197 7 0 0 0 0 0 0 0 0 0 0 0 
198 7 0 0 0 0 0 0 0 0 0 0 0 
199 7 0 0 0 0 0 0 0 0 0 0 0 
200 7 0 0 0 0 0 0 0 0 0 0 0 
201 7 0 0 0 0 0 0 0 0 0 0 0 
202 7 0 0 0 0 0 0 0 0 0 0 0 
203 7 0 0 0 0 0 0 0 0 0 0 0 
204 7 0 0 0 0 0 0 0 0 0 0 0 
205 7 0 0 0 0 0 0 0 0 0 0 0 
206 7 0 0 0 0 0 0 0 0 0 0 0 
207 7 84 0 0 0 0 0 0 0 0 0 0 
208 7 85 0 0 0 0 0 0 0 0 0 0 
209 7 0 0 0 0 0 0 0 0 0 0 0 
210 7 0 0 0 0 0 0 0 0 0 0 0 
211 7 0 0 0 0 0 0 0 0 0 0 0 
212 7 0 0 0 0 0 0 0 0 0 0 0 
213 7 0 0 0 0 0 0 0 0 0 0 0 
214 7 0 0 0 0 0 0 0 0 0 0 0 
215 7 0 0 0 0 0 0 0 0 0 0 0 
216 7 0 0 0 0 0 0 0 0 0 0 0 
217 7 0 0 0 0 0 0 0 0 0 0 0 
218 7 0 0 0 0 0 0 0 0 0 0 0 
219 7 0 0 0 0 0 0 0 0 0 0 0 
220 7 0 0 0 0 0 0 0 0 0 0 0 
221 7 0 0 0 0 0 0 0 0 0 0 0 
222 7 0 0 0 0 0 0 0 0 0 0 0 
223 7 -1 9 17 17 15 43 40 10 8 32 -6218 
224 7 -1 19 5 20 16 54 29 8 33 32 -7423 
225 7 95 0 0 0 0 0 0 0 0 0 0 
226 7 -1 3 26 11 26 41 55 19 4 32 632 
227 7 0 0 0 0 0 0 0 0 0 0 0 
228 7 0 0 0 0 0 0 0 0 0 0 0 
229 7 0 0 0 0 0 0 0 0 0 0 0 
230 7 0 0 0 0 0 0 0 0 0 0 0 
231 7 0 0 0 0 0 0 0 0 0 0 0 
232 7 0 0 0 0 0 0 0 0 0 0 0 
233 7 0 0 0 0 0 0 0 0 0 0 0 
234 7 0 0 0 0 0 0 0 0 0 0 0 
235 7 0 0 0 0 0 0 0 0 0 0 0 
236 7 0 0 0 0 0 0 0 0 0 0 0 
237 7 0 0 0 0 0 0 0 0 0 0 0 
238 7 0 0 0 0 0 0 0 0 0 0 0 
239 7 0 0 0 0 0 0 0 0 0 0 0 
240 7 0 0 0 0 0 0 0 0 0 0 0 
241 7 103 0 0 0 0 0 0 0 0 0 0 
242 7 104 0 0 0 0 0 0 0 0 0 0 
243 7 0 0 0 0 0 0 0 0 0 0 0 
244 7 0 0 0 0 0 0 0 0 0 0 0 
245 7 0 0 0 0 0 0 0 0 0 0 0 
246 7 0 0 0 0 0 0 0 0 0 0 0 
247 7 0 0 0 0 0 0 0 0 0 0 0 
248 7 0 0 0 0 0 0 0 0 0 0 0 
249 7 0 0 0 0 0 0 0 0 0 0 0 
250 7 0 0 0 0 0 0 0 0 0 0 0 
251 7 0 0 0 0 0 0 0 0 0 0 0 
252 7 0 0 0 0 0 0 0 0 0 0 0 
253 7 0 0 0 0 0 0 0 0 0 0 0 
254 7 0 0 0 0 0 0 0 0 0 0 0 
255 8 0 0 0 0 0 0 0 0 0 0 0 
256 8 0 0 0 0 0 0 0 0 0 0 0 
257 8 0 0 0 0 0 0 0 0 0 0 0 
258 8 0 0 0 0 0 0 0 0 0 0 0 
259 8 0 0 0 0 0 0 0 0 0 0 0 
260 8 0 0 0 0 0 0 0 0 0 0 0 
261 8 0 0 0 0 0 0 0 0 0 0 0 
262 8 0 0 0 0 0 0 0 0 0 0 0 
263 8 0 0 0 0 0 0 0 0 0 0 0 
264 8 0 0 0 0 0 0 0 0 0 0 0 
265 8 0 0 0 0 0 0 0 0 0 0 0 
266 8 0 0 0 0 0 0 0 0 0 0 0 
267 8 0 0 0 0 0 0 0 0 0 0 0 
268 8 0 0 0 0 0 0 0 0 0 0 0 
269 8 0 0 0 0 0 0 0 0 0 0 0 
270 8 0 0 0 0 0 0 0 0 0 0 0 
271 8 0 0 0 0 0 0 0 0 0 0 0 
272 8 0 0 0 0 0 0 0 0 0 0 0 
273 8 0 0 0 0 0 0 0 0 0 0 0 
274 8 0 0 0 0 0 0 0 0 0 0 0 
275 8 0 0 0 0 0 0 0 0 0 0 0 
276 8 0 0 0 0 0 0 0 0 0 0 0 
277 8 0 0 0 0 0 0 0 0 0 0 0 
278 8 0 0 0 0 0 0 0 0 0 0 0 
279 8 0 0 0 0 0 0 0 0 0 0 0 
280 8 0 0 0 0 0 0 0 0 0 0 0 
281 8 0 0 0 0 0 0 0 0 0 0 0 
282 8 0 0 0 0 0 0 0 0 0 0 0 
283 8 0 0 0 0 0 0 0 0 0 0 0 
284 8 0 0 0 0 0 0 0 0 0 0 0 
285 8 0 0 0 0 0 0 0 0 0 0 0 
286 8 0 0 0 0 0 0 0 0 0 0 0 
287 8 0 0 0 0 0 0 0 0 0 0 0 
288 8 0 0 0 0 0 0 0 0 0 0 0 
289 8 2 0 0 0 0 0 0 0 0 0 0 
290 8 -1 27 10 0 0 13 3 0 0 10 -61 
291 8 0 0 0 0 0 0 0 0 0 0 0 
292 8 0 0 0 0 0 0 0 0 0 0 0 
293 8 0 0 0 0 0 0 0 0 0 0 0 
294 8 0 0 0 0 0 0 0 0 0 0 0 
295 8 0 0 0 0 0 0 0 0 0 0 0 
296 8 0 0 0 0 0 0 0 0 0 0 0 
297 8 0 0 0 0 0 0 0 0 0 0 0 
298 8 0 0 0 0 0 0 0 0 0 0 0 
299 8 0 0 0 0 0 0 0 0 0 0 0 
300 8 0 0 0 0 0 0 0 0 0 0 0 
301 8 0 0 0 0 0 0 0 0 0 0 0 
302 8 0 0 0 0 0 0 0 0 0 0 0 
303 8 0 0 0 0 0 0 0 0 0 0 0 
304 8 0 0 0 0 0 0 0 0 0 0 0 
305 8 0 0 0 0 0 0 0 0 0 0 0 
306 8 0 0 0 0 0 0 0 0 0 0 0 
307 8 0 0 0 0 0 0 0 0 0 0 0 
308 8 0 0 0 0 0 0 0 0 0 0 0 
309 8 0 0 0 0 0 0 0 0 0 0 0 
310 8 0 0 0 0 0 0 0 0 0 0 0 
311 8 0 0 0 0 0 0 0 0 0 0 0 
312 8 0 0 0 0 0 0 0 0 0 0 0 
313 8 0 0 0 0 0 0 0 0 0 0 0 
314 8 0 0 0 0 0 0 0 0 0 0 0 
315 8 0 0 0 0 0 0 0 0 0 0 0 
316 8 0 0 0 0 0 0 0 0 0 0 0 
317 8 0 0 0 0 0 0 0 0 0 0 0 
318 8 0 0 0 0 0 0 0 0 0 0 0 
319 8 0 0 0 0 0 0 0 0 0 0 0 
320 8 0 0 0 0 0 0 0 0 0 0 0 
321 8 0 0 0 0 0 0 0 0 0 0 0 
322 8 0 0 0 0 0 0 0 0 0 0 0 
323 8 0 0 0 0 0 0 0 0 0 0 0 
324 8 0 0 0 0 0 0 0 0 0 0 0 
325 8 0 0 0 0 0 0 0 0 0 0 0 
326 8 0 0 0 0 0 0 0 0 0 0 0 
327 8 0 0 0 0 0 0 0 0 0 0 0 
328 8 0 0 0 0 0 0 0 0 0 0 0 
329 8 0 0 0 0 0 0 0 0 0 0 0 
330 8 0 0 0 0 0 0 0 0 0 0 0 
331 8 0 0 0 0 0 0 0 0 0 0 0 
332 8 0 0 0 0 0 0 0 0 0 0 0 
333 8 0 0 0 0 0 0 0 0 0 0 0 
334 8 0 0 0 0 0 0 0 0 0 0 0 
335 8 -1 25 18 1 18 48 41 14 15 32 -526 
336 8 -1 3 17 30 22 39 56 8 1 32 -7 
337 8 -1 48 40 0 0 3 10 0 0 5 -10 
338 8 -1 27 38 0 0 38 12 0 0 10 32 
339 8 30 0 0 0 0 0 0 0 0 0 0 
340 8 31 0 0 0 0 0 0 0 0 0 0 
341 8 0 0 0 0 0 0 0 0 0 0 0 
342 8 0 0 0 0 0 0 0 0 0 0 0 
343 8 33 0 0 0 0 0 0 0 0 0 0 
344 8 -1 38 13 0 0 43 7 0 0 12 -2 
345 8 0 0 0 0 0 0 0 0 0 0 0 
346 8 0 0 0 0 0 0 0 0 0 0 0 
347 8 0 0 0 0 0 0 0 0 0 0 0 
348 8 0 0 0 0 0 0 0 0 0 0 0 
349 8 0 0 0 0 0 0 0 0 0 0 0 
350 8 0 0 0 0 0 0 0 0 0 0 0 
351 8 0 0 0 0 0 0 0 0 0 0 0 
352 8 0 0 0 0 0 0 0 0 0 0 0 
353 8 0 0 0 0 0 0 0 0 0 0 0 
354 8 0 0 0 0 0 0 0 0 0 0 0 
355 8 0 0 0 0 0 0 0 0 0 0 0 
356 8 0 0 0 0 0 0 0 0 0 0 0 
357 8 0 0 0 0 0 0 0 0 0 0 0 
358 8 0 0 0 0 0 0 0 0 0 0 0 
359 8 0 0 0 0 0 0 0 0 0 0 0 
360 8 0 0 0 0 0 0 0 0 0 0 0 
361 8 0 0 0 0 0 0 0 0 0 0 0 
362 8 0 0 0 0 0 0 0 0 0 0 0 
363 8 0 0 0 0 0 0 0 0 0 0 0 
364 8 0 0 0 0 0 0 0 0 0 0 0 
365 8 0 0 0 0 0 0 0 0 0 0 0 
366 8 0 0 0 0 0 0 0 0 0 0 0 
367 8 -1 30 15 17 3 57 37 3 25 32 -54 
368 8 -1 55 58 0 0 17 11 0 0 18 0 
369 8 -1 30 63 0 0 3 20 0 0 16 -14 
370 8 -1 1 61 0 0 29 41 0 0 2 9 
371 8 -1 61 28 0 0 49 19 0 0 6 -26 
372 8 -1 61 62 0 0 49 20 0 0 16 -9 
373 8 -1 28 24 0 0 9 19 0 0 6 12 
374 8 -1 53 43 0 0 18 27 0 0 9 38 
375 8 -1 19 47 0 0 60 29 0 0 2 18 
376 8 -1 53 27 0 0 18 54 0 0 13 8 
377 8 -1 55 52 0 0 2 26 0 0 0 -47 
378 8 77 0 0 0 0 0 0 0 0 0 0 
379 8 0 0 0 0 0 0 0 0 0 0 0 
380 8 0 0 0 0 0 0 0 0 0 0 0 
381 8 0 0 0 0 0 0 0 0 0 0 0 
382 8 0 0 0 0 0 0 0 0 0 0 0 
383 8 0 0 0 0 0 0 0 0 0 0 0 
384 8 0 0 0 0 0 0 0 0 0 0 0 
385 8 0 0 0 0 0 0 0 0 0 0 0 
386 8 0 0 0 0 0 0 0 0 0 0 0 
387 8 0 0 0 0 0 0 0 0 0 0 0 
388 8 0 0 0 0 0 0 0 0 0 0 0 
389 8 0 0 0 0 0 0 0 0 0 0 0 
390 8 0 0 0 0 0 0 0 0 0 0 0 
391 8 0 0 0 0 0 0 0 0 0 0 0 
392 8 0 0 0 0 0 0 0 0 0 0 0 
393 8 0 0 0 0 0 0 0 0 0 0 0 
394 8 0 0 0 0 0 0 0 0 0 0 0 
395 8 0 0 0 0 0 0 0 0 0 0 0 
396 8 0 0 0 0 0 0 0 0 0 0 0 
397 8 0 0 0 0 0 0 0 0 0 0 0 
398 8 0 0 0 0 0 0 0 0 0 0 0 
399 8 0 0 0 0 0 0 0 0 0 0 0 
400 8 0 0 0 0 0 0 0 0 0 0 0 
401 8 0 0 0 0 0 0 0 0 0 0 0 
402 8 0 0 0 0 0 0 0 0 0 0 0 
403 8 0 0 0 0 0 0 0 0 0 0 0 
404 8 0 0 0 0 0 0 0 0 0 0 0 
405 8 0 0 0 0 0 0 0 0 0 0 0 
406 8 0 0 0 0 0 0 0 0 0 0 0 
407 8 0 0 0 0 0 0 0 0 0 0 0 
408 8 0 0 0 0 0 0 0 0 0 0 0 
409 8 0 0 0 0 0 0 0 0 0 0 0 
410 8 0 0 0 0 0 0 0 0 0 0 0 
411 8 0 0 0 0 0 0 0 0 0 0 0 
412 8 0 0 0 0 0 0 0 0 0 0 0 
413 8 0 0 0 0 0 0 0 0 0 0 0 
414 8 0 0 0 0 0 0 0 0 0 0 0 
415 8 0 0 0 0 0 0 0 0 0 0 0 
416 8 0 0 0 0 0 0 0 0 0 0 0 
417 8 0 0 0 0 0 0 0 0 0 0 0 
418 8 0 0 0 0 0 0 0 0 0 0 0 
419 8 0 0 0 0 0 0 0 0 0 0 0 
420 8 0 0 0 0 0 0 0 0 0 0 0 
421 8 0 0 0 0 0 0 0 0 0 0 0 
422 8 0 0 0 0 0 0 0 0 0 0 0 
423 8 0 0 0 0 0 0 0 0 0 0 0 
424 8 0 0 0 0 0 0 0 0 0 0 0 
425 8 0 0 0 0 0 0 0 0 0 0 0 
426 8 0 0 0 0 0 0 0 0 0 0 0 
427 8 0 0 0 0 0 0 0 0 0 0 0 
428 8 0 0 0 0 0 0 0 0 0 0 0 
429 8 0 0 0 0 0 0 0 0 0 0 0 
430 8 0 0 0 0 0 0 0 0 0 0 0 
431 8 0 0 0 0 0 0 0 0 0 0 0 
432 8 0 0 0 0 0 0 0 0 0 0 0 
433 8 0 0 0 0 0 0 0 0 0 0 0 
434 8 0 0 0 0 0 0 0 0 0 0 0 
435 8 0 0 0 0 0 0 0 0 0 0 0 
436 8 0 0 0 0 0 0 0 0 0 0 0 
437 8 0 0 0 0 0 0 0 0 0 0 0 
438 8 0 0 0 0 0 0 0 0 0 0 0 
439 8 0 0 0 0 0 0 0 0 0 0 0 
440 8 0 0 0 0 0 0 0 0 0 0 0 
441 8 0 0 0 0 0 0 0 0 0 0 0 
442 8 0 0 0 0 0 0 0 0 0 0 0 
443 8 0 0 0 0 0 0 0 0 0 0 0 
444 8 0 0 0 0 0 0 0 0 0 0 0 
445 8 0 0 0 0 0 0 0 0 0 0 0 
446 8 0 0 0 0 0 0 0 0 0 0 0 
447 8 90 0 0 0 0 0 0 0 0 0 0 
448 8 91 0 0 0 0 0 0 0 0 0 0 
449 8 92 0 0 0 0 0 0 0 0 0 0 
450 8 -1 6 30 22 12 45 47 14 16 32 -5624 
451 8 0 0 0 0 0 0 0 0 0 0 0 
452 8 0 0 0 0 0 0 0 0 0 0 0 
453 8 96 0 0 0 0 0 0 0 0 0 0 
454 8 97 0 0 0 0 0 0 0 0 0 0 
455 8 0 0 0 0 0 0 0 0 0 0 0 
456 8 0 0 0 0 0 0 0 0 0 0 0 
457 8 0 0 0 0 0 0 0 0 0 0 0 
458 8 0 0 0 0 0 0 0 0 0 0 0 
459 8 0 0 0 0 0 0 0 0 0 0 0 
460 8 0 0 0 0 0 0 0 0 0 0 0 
461 8 0 0 0 0 0 0 0 0 0 0 0 
462 8 0 0 0 0 0 0 0 0 0 0 0 
463 8 0 0 0 0 0 0 0 0 0 0 0 
464 8 0 0 0 0 0 0 0 0 0 0 0 
465 8 0 0 0 0 0 0 0 0 0 0 0 
466 8 0 0 0 0 0 0 0 0 0 0 0 
467 8 0 0 0 0 0 0 0 0 0 0 0 
468 8 0 0 0 0 0 0 0 0 0 0 0 
469 8 0 0 0 0 0 0 0 0 0 0 0 
470 8 0 0 0 0 0 0 0 0 0 0 0 
471 8 0 0 0 0 0 0 0 0 0 0 0 
472 8 0 0 0 0 0 0 0 0 0 0 0 
473 8 0 0 0 0 0 0 0 0 0 0 0 
474 8 0 0 0 0 0 0 0 0 0 0 0 
475 8 0 0 0 0 0 0 0 0 0 0 0 
476 8 0 0 0 0 0 0 0 0 0 0 0 
477 8 0 0 0 0 0 0 0 0 0 0 0 
478 8 0 0 0 0 0 0 0 0 0 0 0 
479 8 0 0 0 0 0 0 0 0 0 0 0 
480 8 0 0 0 0 0 0 0 0 0 0 0 
481 8 0 0 0 0 0 0 0 0 0 0 0 
482 8 0 0 0 0 0 0 0 0 0 0 0 
483 8 0 0 0 0 0 0 0 0 0 0 0 
484 8 0 0 0 0 0 0 0 0 0 0 0 
485 8 0 0 0 0 0 0 0 0 0 0 0 
486 8 0 0 0 0 0 0 0 0 0 0 0 
487 8 0 0 0 0 0 0 0 0 0 0 0 
488 8 0 0 0 0 0 0 0 0 0 0 0 
489 8 0 0 0 0 0 0 0 0 0 0 0 
490 8 0 0 0 0 0 0 0 0 0 0 0 
491 8 0 0 0 0 0 0 0 0 0 0 0 
492 8 0 0 0 0 0 0 0 0 0 0 0 
493 8 0 0 0 0 0 0 0 0 0 0 0 
494 8 0 0 0 0 0 0 0 0 0 0 0 
495 8 0 0 0 0 0 0 0 0 0 0 0 
496 8 0 0 0 0 0 0 0 0 0 0 0 
497 8 0 0 0 0 0 0 0 0 0 0 0 
498 8 0 0 0 0 0 0 0 0 0 0 0 
499 8 0 0 0 0 0 0 0 0 0 0 0 
500 8 0 0 0 0 0 0 0 0 0 0 0 
501 8 0 0 0 0 0 0 0 0 0 0 0 
502 8 0 0 0 0 0 0 0 0 0 0 0 
503 8 0 0 0 0 0 0 0 0 0 0 0 
504 8 0 0 0 0 0 0 0 0 0 0 0 
505 8 0 0 0 0 0 0 0 0 0 0 0 
506 8 0 0 0 0 0 0 0 0 0 0 0 
507 8 0 0 0 0 0 0 0 0 0 0 0 
508 8 0 0 0 0 0 0 0 0 0 0 0 
509 8 0 0 0 0 0 0 0 0 0 0 0 
510 8 0 0 0 0 0 0 0 0 0 0 0 
511 9 0 0 0 0 0 0 0 0 0 0 0 
512 9 0 0 0 0 0 0 0 0 0 0 0 
513 9 0 0 0 0 0 0 0 0 0 0 0 
514 9 0 0 0 0 0 0 0 0 0 0 0 
515 9 0 0 0 0 0 0 0 0 0 0 0 
516 9 0 0 0 0 0 0 0 0 0 0 0 
517 9 0 0 0 0 0 0 0 0 0 0 0 
518 9 0 0 0 0 0 0 0 0 0 0 0 
519 9 0 0 0 0 0 0 0 0 0 0 0 
520 9 0 0 0 0 0 0 0 0 0 0 0 
521 9 0 0 0 0 0 0 0 0 0 0 0 
522 9 0 0 0 0 0 0 0 0 0 0 0 
523 9 0 0 0 0 0 0 0 0 0 0 0 
524 9 0 0 0 0 0 0 0 0 0 0 0 
525 9 0 0 0 0 0 0 0 0 0 0 0 
526 9 0 0 0 0 0 0 0 0 0 0 0 
527 9 0 0 0 0 0 0 0 0 0 0 0 
528 9 0 0 0 0 0 0 0 0 0 0 0 
529 9 0 0 0 0 0 0 0 0 0 0 0 
530 9 0 0 0 0 0 0 0 0 0 0 0 
531 9 0 0 0 0 0 0 0 0 0 0 0 
532 9 0 0 0 0 0 0 0 0 0 0 0 
533 9 0 0 0 0 0 0 0 0 0 0 0 
534 9 0 0 0 0 0 0 0 0 0 0 0 
535 9 0 0 0 0 0 0 0 0 0 0 0 
536 9 0 0 0 0 0 0 0 0 0 0 0 
537 9 0 0 0 0 0 0 0 0 0 0 0 
538 9 0 0 0 0 0 0 0 0 0 0 0 
539 9 0 0 0 0 0 0 0 0 0 0 0 
540 9 0 0 0 0 0 0 0 0 0 0 0 
541 9 0 0 0 0 0 0 0 0 0 0 0 
542 9 0 0 0 0 0 0 0 0 0 0 0 
543 9 0 0 0 0 0 0 0 0 0 0 0 
544 9 0 0 0 0 0 0 0 0 0 0 0 
545 9 0 0 0 0 0 0 0 0 0 0 0 
546 9 0 0 0 0 0 0 0 0 0 0 0 
547 9 0 0 0 0 0 0 0 0 0 0 0 
548 9 0 0 0 0 0 0 0 0 0 0 0 
549 9 0 0 0 0 0 0 0 0 0 0 0 
550 9 0 0 0 0 0 0 0 0 0 0 0 
551 9 0 0 0 0 0 0 0 0 0 0 0 
552 9 0 0 0 0 0 0 0 0 0 0 0 
553 9 0 0 0 0 0 0 0 0 0 0 0 
554 9 0 0 0 0 0 0 0 0 0 0 0 
555 9 0 0 0 0 0 0 0 0 0 0 0 
556 9 0 0 0 0 0 0 0 0 0 0 0 
557 9 0 0 0 0 0 0 0 0 0 0 0 
558 9 0 0 0 0 0 0 0 0 0 0 0 
559 9 0 0 0 0 0 0 0 0 0 0 0 
560 9 0 0 0 0 0 0 0 0 0 0 0 
561 9 0 0 0 0 0 0 0 0 0 0 0 
562 9 0 0 0 0 0 0 0 0 0 0 0 
563 9 0 0 0 0 0 0 0 0 0 0 0 
564 9 0 0 0 0 0 0 0 0 0 0 0 
565 9 0 0 0 0 0 0 0 0 0 0 0 
566 9 0 0 0 0 0 0 0 0 0 0 0 
567 9 0 0 0 0 0 0 0 0 0 0 0 
568 9 0 0 0 0 0 0 0 0 0 0 0 
569 9 0 0 0 0 0 0 0 0 0 0 0 
570 9 0 0 0 0 0 0 0 0 0 0 0 
571 9 0 0 0 0 0 0 0 0 0 0 0 
572 9 0 0 0 0 0 0 0 0 0 0 0 
573 9 0 0 0 0 0 0 0 0 0 0 0 
574 9 0 0 0 0 0 0 0 0 0 0 0 
575 9 0 0 0 0 0 0 0 0 0 0 0 
576 9 0 0 0 0 0 0 0 0 0 0 0 
577 9 0 0 0 0 0 0 0 0 0 0 0 
578 9 0 0 0 0 0 0 0 0 0 0 0 
579 9 0 0 0 0 0 0 0 0 0 0 0 
580 9 0 0 0 0 0 0 0 0 0 0 0 
581 9 3 0 0 0 0 0 0 0 0 0 0 
582 9 -1 33 41 0 0 54 8 0 0 4 34 
583 9 0 0 0 0 0 0 0 0 0 0 0 
584 9 0 0 0 0 0 0 0 0 0 0 0 
585 9 0 0 0 0 0 0 0 0 0 0 0 
586 9 0 0 0 0 0 0 0 0 0 0 0 
587 9 0 0 0 0 0 0 0 0 0 0 0 
588 9 0 0 0 0 0 0 0 0 0 0 0 
589 9 0 0 0 0 0 0 0 0 0 0 0 
590 9 0 0 0 0 0 0 0 0 0 0 0 
591 9 0 0 0 0 0 0 0 0 0 0 0 
592 9 0 0 0 0 0 0 0 0 0 0 0 
593 9 0 0 0 0 0 0 0 0 0 0 0 
594 9 0 0 0 0 0 0 0 0 0 0 0 
595 9 0 0 0 0 0 0 0 0 0 0 0 
596 9 0 0 0 0 0 0 0 0 0 0 0 
597 9 0 0 0 0 0 0 0 0 0 0 0 
598 9 0 0 0 0 0 0 0 0 0 0 0 
599 9 0 0 0 0 0 0 0 0 0 0 0 
600 9 0 0 0 0 0 0 0 0 0 0 0 
601 9 0 0 0 0 0 0 0 0 0 0 0 
602 9 0 0 0 0 0 0 0 0 0 0 0 
603 9 0 0 0 0 0 0 0 0 0 0 0 
604 9 0 0 0 0 0 0 0 0 0 0 0 
605 9 0 0 0 0 0 0 0 0 0 0 0 
606 9 0 0 0 0 0 0 0 0 0 0 0 
607 9 0 0 0 0 0 0 0 0 0 0 0 
608 9 0 0 0 0 0 0 0 0 0 0 0 
609 9 0 0 0 0 0 0 0 0 0 0 0 
610 9 0 0 0 0 0 0 0 0 0 0 0 
611 9 0 0 0 0 0 0 0 0 0 0 0 
612 9 0 0 0 0 0 0 0 0 0 0 0 
613 9 0 0 0 0 0 0 0 0 0 0 0 
614 9 0 0 0 0 0 0 0 0 0 0 0 
615 9 0 0 0 0 0 0 0 0 0 0 0 
616 9 0 0 0 0 0 0 0 0 0 0 0 
617 9 0 0 0 0 0 0 0 0 0 0 0 
618 9 0 0 0 0 0 0 0 0 0 0 0 
619 9 0 0 0 0 0 0 0 0 0 0 0 
620 9 0 0 0 0 0 0 0 0 0 0 0 
621 9 0 0 0 0 0 0 0 0 0 0 0 
622 9 0 0 0 0 0 0 0 0 0 0 0 
623 9 0 0 0 0 0 0 0 0 0 0 0 
624 9 0 0 0 0 0 0 0 0 0 0 0 
625 9 0 0 0 0 0 0 0 0 0 0 0 
626 9 0 0 0 0 0 0 0 0 0 0 0 
627 9 0 0 0 0 0 0 0 0 0 0 0 
628 9 0 0 0 0 0 0 0 0 0 0 0 
629 9 0 0 0 0 0 0 0 0 0 0 0 
630 9 0 0 0 0 0 0 0 0 0 0 0 
631 9 0 0 0 0 0 0 0 0 0 0 0 
632 9 0 0 0 0 0 0 0 0 0 0 0 
633 9 0 0 0 0 0 0 0 0 0 0 0 
634 9 0 0 0 0 0 0 0 0 0 0 0 
635 9 0 0 0 0 0 0 0 0 0 0 0 
636 9 0 0 0 0 0 0 0 0 0 0 0 
637 9 0 0 0 0 0 0 0 0 0 0 0 
638 9 0 0 0 0 0 0 0 0 0 0 0 
639 9 0 0 0 0 0 0 0 0 0 0 0 
640 9 0 0 0 0 0 0 0 0 0 0 0 
641 9 0 0 0 0 0 0 0 0 0 0 0 
642 9 0 0 0 0 0 0 0 0 0 0 0 
643 9 0 0 0 0 0 0 0 0 0 0 0 
644 9 0 0 0 0 0 0 0 0 0 0 0 
645 9 0 0 0 0 0 0 0 0 0 0 0 
646 9 0 0 0 0 0 0 0 0 0 0 0 
647 9 0 0 0 0 0 0 0 0 0 0 0 
648 9 0 0 0 0 0 0 0 0 0 0 0 
649 9 0 0 0 0 0 0 0 0 0 0 0 
650 9 0 0 0 0 0 0 0 0 0 0 0 
651 9 0 0 0 0 0 0 0 0 0 0 0 
652 9 0 0 0 0 0 0 0 0 0 0 0 
653 9 0 0 0 0 0 0 0 0 0 0 0 
654 9 0 0 0 0 0 0 0 0 0 0 0 
655 9 0 0 0 0 0 0 0 0 0 0 0 
656 9 0 0 0 0 0 0 0 0 0 0 0 
657 9 0 0 0 0 0 0 0 0 0 0 0 
658 9 0 0 0 0 0 0 0 0 0 0 0 
659 9 0 0 0 0 0 0 0 0 0 0 0 
660 9 0 0 0 0 0 0 0 0 0 0 0 
661 9 0 0 0 0 0 0 0 0 0 0 0 
662 9 0 0 0 0 0 0 0 0 0 0 0 
663 9 0 0 0 0 0 0 0 0 0 0 0 
664 9 0 0 0 0 0 0 0 0 0 0 0 
665 9 0 0 0 0 0 0 0 0 0 0 0 
666 9 0 0 0 0 0 0 0 0 0 0 0 
667 9 0 0 0 0 0 0 0 0 0 0 0 
668 9 0 0 0 0 0 0 0 0 0 0 0 
669 9 0 0 0 0 0 0 0 0 0 0 0 
670 9 0 0 0 0 0 0 0 0 0 0 0 
671 9 -1 11 15 26 25 61 52 2 6 32 -127 
672 9 -1 43 57 0 0 38 58 0 0 7 6 
673 9 21 0 0 0 0 0 0 0 0 0 0 
674 9 -1 28 51 0 0 51 6 0 0 2 13 
675 9 24 0 0 0 0 0 0 0 0 0 0 
676 9 -1 29 0 0 0 26 22 0 0 9 -42 
677 9 -1 2 15 0 0 37 10 0 0 5 1 
678 9 29 0 0 0 0 0 0 0 0 0 0 
679 9 0 0 0 0 0 0 0 0 0 0 0 
680 9 0 0 0 0 0 0 0 0 0 0 0 
681 9 0 0 0 0 0 0 0 0 0 0 0 
682 9 0 0 0 0 0 0 0 0 0 0 0 
683 9 0 0 0 0 0 0 0 0 0 0 0 
684 9 0 0 0 0 0 0 0 0 0 0 0 
685 9 0 0 0 0 0 0 0 0 0 0 0 
686 9 0 0 0 0 0 0 0 0 0 0 0 
687 9 0 0 0 0 0 0 0 0 0 0 0 
688 9 0 0 0 0 0 0 0 0 0 0 0 
689 9 34 0 0 0 0 0 0 0 0 0 0 
690 9 35 0 0 0 0 0 0 0 0 0 0 
691 9 0 0 0 0 0 0 0 0 0 0 0 
692 9 0 0 0 0 0 0 0 0 0 0 0 
693 9 0 0 0 0 0 0 0 0 0 0 0 
694 9 0 0 0 0 0 0 0 0 0 0 0 
695 9 0 0 0 0 0 0 0 0 0 0 0 
696 9 0 0 0 0 0 0 0 0 0 0 0 
697 9 0 0 0 0 0 0 0 0 0 0 0 
698 9 0 0 0 0 0 0 0 0 0 0 0 
699 9 0 0 0 0 0 0 0 0 0 0 0 
700 9 0 0 0 0 0 0 0 0 0 0 0 
701 9 0 0 0 0 0 0 0 0 0 0 0 
702 9 0 0 0 0 0 0 0 0 0 0 0 
703 9 0 0 0 0 0 0 0 0 0 0 0 
704 9 0 0 0 0 0 0 0 0 0 0 0 
705 9 0 0 0 0 0 0 0 0 0 0 0 
706 9 0 0 0 0 0 0 0 0 0 0 0 
707 9 0 0 0 0 0 0 0 0 0 0 0 
708 9 0 0 0 0 0 0 0 0 0 0 0 
709 9 0 0 0 0 0 0 0 0 0 0 0 
710 9 0 0 0 0 0 0 0 0 0 0 0 
711 9 0 0 0 0 0 0 0 0 0 0 0 
712 9 0 0 0 0 0 0 0 0 0 0 0 
713 9 0 0 0 0 0 0 0 0 0 0 0 
714 9 0 0 0 0 0 0 0 0 0 0 0 
715 9 0 0 0 0 0 0 0 0 0 0 0 
716 9 0 0 0 0 0 0 0 0 0 0 0 
717 9 0 0 0 0 0 0 0 0 0 0 0 
718 9 0 0 0 0 0 0 0 0 0 0 0 
719 9 0 0 0 0 0 0 0 0 0 0 0 
720 9 0 0 0 0 0 0 0 0 0 0 0 
721 9 0 0 0 0 0 0 0 0 0 0 0 
722 9 0 0 0 0 0 0 0 0 0 0 0 
723 9 0 0 0 0 0 0 0 0 0 0 0 
724 9 0 0 0 0 0 0 0 0 0 0 0 
725 9 0 0 0 0 0 0 0 0 0 0 0 
726 9 0 0 0 0 0 0 0 0 0 0 0 
727 9 0 0 0 0 0 0 0 0 0 0 0 
728 9 0 0 0 0 0 0 0 0 0 0 0 
729 9 0 0 0 0 0 0 0 0 0 0 0 
730 9 0 0 0 0 0 0 0 0 0 0 0 
731 9 0 0 0 0 0 0 0 0 0 0 0 
732 9 0 0 0 0 0 0 0 0 0 0 0 
733 9 0 0 0 0 0 0 0 0 0 0 0 
734 9 0 0 0 0 0 0 0 0 0 0 0 
735 9 -1 50 19 0 0 1 55 0 0 5 22 
736 9 -1 18 34 0 0 32 33 0 0 5 16 
737 9 47 0 0 0 0 0 0 0 0 0 0 
738 9 48 0 0 0 0 0 0 0 0 0 0 
739 9 -1 45 29 0 0 59 28 0 0 22 -1 
740 9 51 0 0 0 0 0 0 0 0 0 0 
741 9 -1 20 24 0 0 0 10 0 0 1 -6 
742 9 -1 3 36 0 0 58 37 0 0 7 -121 
743 9 56 0 0 0 0 0 0 0 0 0 0 
744 9 57 0 0 0 0 0 0 0 0 0 0 
745 9 -1 2 20 0 0 41 15 0 0 0 44 
746 9 -1 32 6 0 0 58 30 0 0 16 -93 
747 9 -1 48 40 0 0 18 44 0 0 20 1 
748 9 -1 22 17 5 11 56 42 5 13 32 -28 
749 9 -1 1 59 0 0 52 56 0 0 7 -22 
750 9 68 0 0 0 0 0 0 0 0 0 0 
751 9 69 0 0 0 0 0 0 0 0 0 0 
752 9 70 0 0 0 0 0 0 0 0 0 0 
753 9 71 0 0 0 0 0 0 0 0 0 0 
754 9 72 0 0 0 0 0 0 0 0 0 0 
755 9 -1 42 14 0 0 63 54 0 0 5 2 
756 9 -1 6 34 0 0 34 60 0 0 1 -13 
757 9 0 0 0 0 0 0 0 0 0 0 0 
758 9 0 0 0 0 0 0 0 0 0 0 0 
759 9 0 0 0 0 0 0 0 0 0 0 0 
760 9 0 0 0 0 0 0 0 0 0 0 0 
761 9 0 0 0 0 0 0 0 0 0 0 0 
762 9 0 0 0 0 0 0 0 0 0 0 0 
763 9 0 0 0 0 0 0 0 0 0 0 0 
764 9 0 0 0 0 0 0 0 0 0 0 0 
765 9 0 0 0 0 0 0 0 0 0 0 0 
766 9 0 0 0 0 0 0 0 0 0 0 0 
767 9 0 0 0 0 0 0 0 0 0 0 0 
768 9 0 0 0 0 0 0 0 0 0 0 0 
769 9 0 0 0 0 0 0 0 0 0 0 0 
770 9 0 0 0 0 0 0 0 0 0 0 0 
771 9 0 0 0 0 0 0 0 0 0 0 0 
772 9 0 0 0 0 0 0 0 0 0 0 0 
773 9 0 0 0 0 0 0 0 0 0 0 0 
774 9 0 0 0 0 0 0 0 0 0 0 0 
775 9 0 0 0 0 0 0 0 0 0 0 0 
776 9 0 0 0 0 0 0 0 0 0 0 0 
777 9 0 0 0 0 0 0 0 0 0 0 0 
778 9 0 0 0 0 0 0 0 0 0 0 0 
779 9 0 0 0 0 0 0 0 0 0 0 0 
780 9 0 0 0 0 0 0 0 0 0 0 0 
781 9 0 0 0 0 0 0 0 0 0 0 0 
782 9 0 0 0 0 0 0 0 0 0 0 0 
783 9 0 0 0 0 0 0 0 0 0 0 0 
784 9 0 0 0 0 0 0 0 0 0 0 0 
785 9 0 0 0 0 0 0 0 0 0 0 0 
786 9 0 0 0 0 0 0 0 0 0 0 0 
787 9 0 0 0 0 0 0 0 0 0 0 0 
788 9 0 0 0 0 0 0 0 0 0 0 0 
789 9 0 0 0 0 0 0 0 0 0 0 0 
790 9 0 0 0 0 0 0 0 0 0 0 0 
791 9 0 0 0 0 0 0 0 0 0 0 0 
792 9 0 0 0 0 0 0 0 0 0 0 0 
793 9 0 0 0 0 0 0 0 0 0 0 0 
794 9 0 0 0 0 0 0 0 0 0 0 0 
795 9 0 0 0 0 0 0 0 0 0 0 0 
796 9 0 0 0 0 0 0 0 0 0 0 0 
797 9 0 0 0 0 0 0 0 0 0 0 0 
798 9 0 0 0 0 0 0 0 0 0 0 0 
799 9 0 0 0 0 0 0 0 0 0 0 0 
800 9 0 0 0 0 0 0 0 0 0 0 0 
801 9 0 0 0 0 0 0 0 0 0 0 0 
802 9 0 0 0 0 0 0 0 0 0 0 0 
803 9 0 0 0 0 0 0 0 0 0 0 0 
804 9 0 0 0 0 0 0 0 0 0 0 0 
805 9 0 0 0 0 0 0 0 0 0 0 0 
806 9 0 0 0 0 0 0 0 0 0 0 0 
807 9 0 0 0 0 0 0 0 0 0 0 0 
808 9 0 0 0 0 0 0 0 0 0 0 0 
809 9 0 0 0 0 0 0 0 0 0 0 0 
810 9 0 0 0 0 0 0 0 0 0 0 0 
811 9 0 0 0 0 0 0 0 0 0 0 0 
812 9 0 0 0 0 0 0 0 0 0 0 0 
813 9 0 0 0 0 0 0 0 0 0 0 0 
814 9 0 0 0 0 0 0 0 0 0 0 0 
815 9 0 0 0 0 0 0 0 0 0 0 0 
816 9 0 0 0 0 0 0 0 0 0 0 0 
817 9 0 0 0 0 0 0 0 0 0 0 0 
818 9 0 0 0 0 0 0 0 0 0 0 0 
819 9 0 0 0 0 0 0 0 0 0 0 0 
820 9 0 0 0 0 0 0 0 0 0 0 0 
821 9 0 0 0 0 0 0 0 0 0 0 0 
822 9 0 0 0 0 0 0 0 0 0 0 0 
823 9 0 0 0 0 0 0 0 0 0 0 0 
824 9 0 0 0 0 0 0 0 0 0 0 0 
825 9 0 0 0 0 0 0 0 0 0 0 0 
826 9 0 0 0 0 0 0 0 0 0 0 0 
827 9 0 0 0 0 0 0 0 0 0 0 0 
828 9 0 0 0 0 0 0 0 0 0 0 0 
829 9 0 0 0 0 0 0 0 0 0 0 0 
830 9 0 0 0 0 0 0 0 0 0 0 0 
831 9 0 0 0 0 0 0 0 0 0 0 0 
832 9 0 0 0 0 0 0 0 0 0 0 0 
833 9 0 0 0 0 0 0 0 0 0 0 0 
834 9 0 0 0 0 0 0 0 0 0 0 0 
835 9 0 0 0 0 0 0 0 0 0 0 0 
836 9 0 0 0 0 0 0 0 0 0 0 0 
837 9 0 0 0 0 0 0 0 0 0 0 0 
838 9 0 0 0 0 0 0 0 0 0 0 0 
839 9 0 0 0 0 0 0 0 0 0 0 0 
840 9 0 0 0 0 0 0 0 0 0 0 0 
841 9 0 0 0 0 0 0 0 0 0 0 0 
842 9 0 0 0 0 0 0 0 0 0 0 0 
843 9 0 0 0 0 0 0 0 0 0 0 0 
844 9 0 0 0 0 0 0 0 0 0 0 0 
845 9 0 0 0 0 0 0 0 0 0 0 0 
846 9 0 0 0 0 0 0 0 0 0 0 0 
847 9 0 0 0 0 0 0 0 0 0 0 0 
848 9 0 0 0 0 0 0 0 0 0 0 0 
849 9 0 0 0 0 0 0 0 0 0 0 0 
850 9 0 0 0 0 0 0 0 0 0 0 0 
851 9 0 0 0 0 0 0 0 0 0 0 0 
852 9 0 0 0 0 0 0 0 0 0 0 0 
853 9 0 0 0 0 0 0 0 0 0 0 0 
854 9 0 0 0 0 0 0 0 0 0 0 0 
855 9 0 0 0 0 0 0 0 0 0 0 0 
856 9 0 0 0 0 0 0 0 0 0 0 0 
857 9 0 0 0 0 0 0 0 0 0 0 0 
858 9 0 0 0 0 0 0 0 0 0 0 0 
859 9 0 0 0 0 0 0 0 0 0 0 0 
860 9 0 0 0 0 0 0 0 0 0 0 0 
861 9 0 0 0 0 0 0 0 0 0 0 0 
862 9 0 0 0 0 0 0 0 0 0 0 0 
863 9 0 0 0 0 0 0 0 0 0 0 0 
864 9 0 0 0 0 0 0 0 0 0 0 0 
865 9 0 0 0 0 0 0 0 0 0 0 0 
866 9 0 0 0 0 0 0 0 0 0 0 0 
867 9 0 0 0 0 0 0 0 0 0 0 0 
868 9 0 0 0 0 0 0 0 0 0 0 0 
869 9 0 0 0 0 0 0 0 0 0 0 0 
870 9 0 0 0 0 0 0 0 0 0 0 0 
871 9 0 0 0 0 0 0 0 0 0 0 0 
872 9 0 0 0 0 0 0 0 0 0 0 0 
873 9 0 0 0 0 0 0 0 0 0 0 0 
874 9 0 0 0 0 0 0 0 0 0 0 0 
875 9 0 0 0 0 0 0 0 0 0 0 0 
876 9 0 0 0 0 0 0 0 0 0 0 0 
877 9 0 0 0 0 0 0 0 0 0 0 0 
878 9 0 0 0 0 0 0 0 0 0 0 0 
879 9 0 0 0 0 0 0 0 0 0 0 0 
880 9 0 0 0 0 0 0 0 0 0 0 0 
881 9 0 0 0 0 0 0 0 0 0 0 0 
882 9 0 0 0 0 0 0 0 0 0 0 0 
883 9 0 0 0 0 0 0 0 0 0 0 0 
884 9 0 0 0 0 0 0 0 0 0 0 0 
885 9 0 0 0 0 0 0 0 0 0 0 0 
886 9 0 0 0 0 0 0 0 0 0 0 0 
887 9 0 0 0 0 0 0 0 0 0 0 0 
888 9 0 0 0 0 0 0 0 0 0 0 0 
889 9 0 0 0 0 0 0 0 0 0 0 0 
890 9 0 0 0 0 0 0 0 0 0 0 0 
891 9 0 0 0 0 0 0 0 0 0 0 0 
892 9 0 0 0 0 0 0 0 0 0 0 0 
893 9 0 0 0 0 0 0 0 0 0 0 0 
894 9 0 0 0 0 0 0 0 0 0 0 0 
895 9 0 0 0 0 0 0 0 0 0 0 0 
896 9 0 0 0 0 0 0 0 0 0 0 0 
897 9 0 0 0 0 0 0 0 0 0 0 0 
898 9 0 0 0 0 0 0 0 0 0 0 0 
899 9 0 0 0 0 0 0 0 0 0 0 0 
900 9 0 0 0 0 0 0 0 0 0 0 0 
901 9 93 0 0 0 0 0 0 0 0 0 0 
902 9 94 0 0 0 0 0 0 0 0 0 0 
903 9 0 0 0 0 0 0 0 0 0 0 0 
904 9 0 0 0 0 0 0 0 0 0 0 0 
905 9 0 0 0 0 0 0 0 0 0 0 0 
906 9 0 0 0 0 0 0 0 0 0 0 0 
907 9 0 0 0 0 0 0 0 0 0 0 0 
908 9 0 0 0 0 0 0 0 0 0 0 0 
909 9 0 0 0 0 0 0 0 0 0 0 0 
910 9 0 0 0 0 0 0 0 0 0 0 0 
911 9 0 0 0 0 0 0 0 0 0 0 0 
912 9 0 0 0 0 0 0 0 0 0 0 0 
913 9 0 0 0 0 0 0 0 0 0 0 0 
914 9 0 0 0 0 0 0 0 0 0 0 0 
915 9 0 0 0 0 0 0 0 0 0 0 0 
916 9 0 0 0 0 0 0 0 0 0 0 0 
917 9 0 0 0 0 0 0 0 0 0 0 0 
918 9 0 0 0 0 0 0 0 0 0 0 0 
919 9 0 0 0 0 0 0 0 0 0 0 0 
920 9 0 0 0 0 0 0 0 0 0 0 0 
921 9 0 0 0 0 0 0 0 0 0 0 0 
922 9 0 0 0 0 0 0 0 0 0 0 0 
923 9 0 0 0 0 0 0 0 0 0 0 0 
924 9 0 0 0 0 0 0 0 0 0 0 0 
925 9 0 0 0 0 0 0 0 0 0 0 0 
926 9 0 0 0 0 0 0 0 0 0 0 0 
927 9 0 0 0 0 0 0 0 0 0 0 0 
928 9 0 0 0 0 0 0 0 0 0 0 0 
929 9 0 0 0 0 0 0 0 0 0 0 0 
930 9 0 0 0 0 0 0 0 0 0 0 0 
931 9 0 0 0 0 0 0 0 0 0 0 0 
932 9 0 0 0 0 0 0 0 0 0 0 0 
933 9 0 0 0 0 0 0 0 0 0 0 0 
934 9 0 0 0 0 0 0 0 0 0 0 0 
935 9 0 0 0 0 0 0 0 0 0 0 0 
936 9 0 0 0 0 0 0 0 0 0 0 0 
937 9 0 0 0 0 0 0 0 0 0 0 0 
938 9 0 0 0 0 0 0 0 0 0 0 0 
939 9 0 0 0 0 0 0 0 0 0 0 0 
940 9 0 0 0 0 0 0 0 0 0 0 0 
941 9 0 0 0 0 0 0 0 0 0 0 0 
942 9 0 0 0 0 0 0 0 0 0 0 0 
943 9 0 0 0 0 0 0 0 0 0 0 0 
944 9 0 0 0 0 0 0 0 0 0 0 0 
945 9 0 0 0 0 0 0 0 0 0 0 0 
946 9 0 0 0 0 0 0 0 0 0 0 0 
947 9 0 0 0 0 0 0 0 0 0 0 0 
948 9 0 0 0 0 0 0 0 0 0 0 0 
949 9 0 0 0 0 0 0 0 0 0 0 0 
950 9 0 0 0 0 0 0 0 0 0 0 0 
951 9 0 0 0 0 0 0 0 0 0 0 0 
952 9 0 0 0 0 0 0 0 0 0 0 0 
953 9 0 0 0 0 0 0 0 0 0 0 0 
954 9 0 0 0 0 0 0 0 0 0 0 0 
955 9 0 0 0 0 0 0 0 0 0 0 0 
956 9 0 0 0 0 0 0 0 0 0 0 0 
957 9 0 0 0 0 0 0 0 0 0 0 0 
958 9 0 0 0 0 0 0 0 0 0 0 0 
959 9 0 0 0 0 0 0 0 0 0 0 0 
960 9 0 0 0 0 0 0 0 0 0 0 0 
961 9 0 0 0 0 0 0 0 0 0 0 0 
962 9 0 0 0 0 0 0 0 0 0 0 0 
963 9 0 0 0 0 0 0 0 0 0 0 0 
964 9 0 0 0 0 0 0 0 0 0 0 0 
965 9 0 0 0 0 0 0 0 0 0 0 0 
966 9 0 0 0 0 0 0 0 0 0 0 0 
967 9 0 0 0 0 0 0 0 0 0 0 0 
968 9 0 0 0 0 0 0 0 0 0 0 0 
969 9 0 0 0 0 0 0 0 0 0 0 0 
970 9 0 0 0 0 0 0 0 0 0 0 0 
971 9 0 0 0 0 0 0 0 0 0 0 0 
972 9 0 0 0 0 0 0 0 0 0 0 0 
973 9 0 0 0 0 0 0 0 0 0 0 0 
974 9 0 0 0 0 0 0 0 0 0 0 0 
975 9 0 0 0 0 0 0 0 0 0 0 0 
976 9 0 0 0 0 0 0 0 0 0 0 0 
977 9 0 0 0 0 0 0 0 0 0 0 0 
978 9 0 0 0 0 0 0 0 0 0 0 0 
979 9 0 0 0 0 0 0 0 0 0 0 0 
980 9 0 0 0 0 0 0 0 0 0 0 0 
981 9 0 0 0 0 0 0 0 0 0 0 0 
982 9 0 0 0 0 0 0 0 0 0 0 0 
983 9 0 0 0 0 0 0 0 0 0 0 0 
984 9 0 0 0 0 0 0 0 0 0 0 0 
985 9 0 0 0 0 0 0 0 0 0 0 0 
986 9 0 0 0 0 0 0 0 0 0 0 0 
987 9 0 0 0 0 0 0 0 0 0 0 0 
988 9 0 0 0 0 0 0 0 0 0 0 0 
989 9 0 0 0 0 0 0 0 0 0 0 0 
990 9 0 0 0 0 0 0 0 0 0 0 0 
991 9 0 0 0 0 0 0 0 0 0 0 0 
992 9 0 0 0 0 0 0 0 0 0 0 0 
993 9 0 0 0 0 0 0 0 0 0 0 0 
994 9 0 0 0 0 0 0 0 0 0 0 0 
995 9 0 0 0 0 0 0 0 0 0 0 0 
996 9 0 0 0 0 0 0 0 0 0 0 0 
997 9 0 0 0 0 0 0 0 0 0 0 0 
998 9 0 0 0 0 0 0 0 0 0 0 0 
999 9 0 0 0 0 0 0 0 0 0 0 0 
1000 9 0 0 0 0 0 0 0 0 0 0 0 
1001 9 0 0 0 0 0 0 0 0 0 0 0 
1002 9 0 0 0 0 0 0 0 0 0 0 0 
1003 9 0 0 0 0 0 0 0 0 0 0 0 
1004 9 0 0 0 0 0 0 0 0 0 0 0 
1005 9 0 0 0 0 0 0 0 0 0 0 0 
1006 9 0 0 0 0 0 0 0 0 0 0 0 
1007 9 0 0 0 0 0 0 0 0 0 0 0 
1008 9 0 0 0 0 0 0 0 0 0 0 0 
1009 9 0 0 0 0 0 0 0 0 0 0 0 
1010 9 0 0 0 0 0 0 0 0 0 0 0 
1011 9 0 0 0 0 0 0 0 0 0 0 0 
1012 9 0 0 0 0 0 0 0 0 0 0 0 
1013 9 0 0 0 0 0 0 0 0 0 0 0 
1014 9 0 0 0 0 0 0 0 0 0 0 0 
1015 9 0 0 0 0 0 0 0 0 0 0 0 
1016 9 0 0 0 0 0 0 0 0 0 0 0 
1017 9 0 0 0 0 0 0 0 0 0 0 0 
1018 9 0 0 0 0 0 0 0 0 0 0 0 
1019 9 0 0 0 0 0 0 0 0 0 0 0 
1020 9 0 0 0 0 0 0 0 0 0 0 0 
1021 9 0 0 0 0 0 0 0 0 0 0 0 
1022 9 0 0 0 0 0 0 0 0 0 0 0 
1023 10 0 0 0 0 0 0 0 0 0 0 0 
1024 10 0 0 0 0 0 0 0 0 0 0 0 
1025 10 0 0 0 0 0 0 0 0 0 0 0 
1026 10 0 0 0 0 0 0 0 0 0 0 0 
1027 10 0 0 0 0 0 0 0 0 0 0 0 
1028 10 0 0 0 0 0 0 0 0 0 0 0 
1029 10 0 0 0 0 0 0 0 0 0 0 0 
1030 10 0 0 0 0 0 0 0 0 0 0 0 
1031 10 0 0 0 0 0 0 0 0 0 0 0 
1032 10 0 0 0 0 0 0 0 0 0 0 0 
1033 10 0 0 0 0 0 0 0 0 0 0 0 
1034 10 0 0 0 0 0 0 0 0 0 0 0 
1035 10 0 0 0 0 0 0 0 0 0 0 0 
1036 10 0 0 0 0 0 0 0 0 0 0 0 
1037 10 0 0 0 0 0 0 0 0 0 0 0 
1038 10 0 0 0 0 0 0 0 0 0 0 0 
1039 10 0 0 0 0 0 0 0 0 0 0 0 
1040 10 0 0 0 0 0 0 0 0 0 0 0 
1041 10 0 0 0 0 0 0 0 0 0 0 0 
1042 10 0 0 0 0 0 0 0 0 0 0 0 
1043 10 0 0 0 0 0 0 0 0 0 0 0 
1044 10 0 0 0 0 0 0 0 0 0 0 0 
1045 10 0 0 0 0 0 0 0 0 0 0 0 
1046 10 0 0 0 0 0 0 0 0 0 0 0 
1047 10 0 0 0 0 0 0 0 0 0 0 0 
1048 10 0 0 0 0 0 0 0 0 0 0 0 
1049 10 0 0 0 0 0 0 0 0 0 0 0 
1050 10 0 0 0 0 0 0 0 0 0 0 0 
1051 10 0 0 0 0 0 0 0 0 0 0 0 
1052 10 0 0 0 0 0 0 0 0 0 0 0 
1053 10 0 0 0 0 0 0 0 0 0 0 0 
1054 10 0 0 0 0 0 0 0 0 0 0 0 
1055 10 0 0 0 0 0 0 0 0 0 0 0 
1056 10 0 0 0 0 0 0 0 0 0 0 0 
1057 10 0 0 0 0 0 0 0 0 0 0 0 
1058 10 0 0 0 0 0 0 0 0 0 0 0 
1059 10 0 0 0 0 0 0 0 0 0 0 0 
1060 10 0 0 0 0 0 0 0 0 0 0 0 
1061 10 0 0 0 0 0 0 0 0 0 0 0 
1062 10 0 0 0 0 0 0 0 0 0 0 0 
1063 10 0 0 0 0 0 0 0 0 0 0 0 
1064 10 0 0 0 0 0 0 0 0 0 0 0 
1065 10 0 0 0 0 0 0 0 0 0 0 0 
1066 10 0 0 0 0 0 0 0 0 0 0 0 
1067 10 0 0 0 0 0 0 0 0 0 0 0 
1068 10 0 0 0 0 0 0 0 0 0 0 0 
1069 10 0 0 0 0 0 0 0 0 0 0 0 
1070 10 0 0 0 0 0 0 0 0 0 0 0 
1071 10 0 0 0 0 0 0 0 0 0 0 0 
1072 10 0 0 0 0 0 0 0 0 0 0 0 
1073 10 0 0 0 0 0 0 0 0 0 0 0 
1074 10 0 0 0 0 0 0 0 0 0 0 0 
1075 10 0 0 0 0 0 0 0 0 0 0 0 
1076 10 0 0 0 0 0 0 0 0 0 0 0 
1077 10 0 0 0 0 0 0 0 0 0 0 0 
1078 10 0 0 0 0 0 0 0 0 0 0 0 
1079 10 0 0 0 0 0 0 0 0 0 0 0 
1080 10 0 0 0 0 0 0 0 0 0 0 0 
1081 10 0 0 0 0 0 0 0 0 0 0 0 
1082 10 0 0 0 0 0 0 0 0 0 0 0 
1083 10 0 0 0 0 0 0 0 0 0 0 0 
1084 10 0 0 0 0 0 0 0 0 0 0 0 
1085 10 0 0 0 0 0 0 0 0 0 0 0 
1086 10 0 0 0 0 0 0 0 0 0 0 0 
1087 10 0 0 0 0 0 0 0 0 0 0 0 
1088 10 0 0 0 0 0 0 0 0 0 0 0 
1089 10 0 0 0 0 0 0 0 0 0 0 0 
1090 10 0 0 0 0 0 0 0 0 0 0 0 
1091 10 0 0 0 0 0 0 0 0 0 0 0 
1092 10 0 0 0 0 0 0 0 0 0 0 0 
1093 10 0 0 0 0 0 0 0 0 0 0 0 
1094 10 0 0 0 0 0 0 0 0 0 0 0 
1095 10 0 0 0 0 0 0 0 0 0 0 0 
1096 10 0 0 0 0 0 0 0 0 0 0 0 
1097 10 0 0 0 0 0 0 0 0 0 0 0 
1098 10 0 0 0 0 0 0 0 0 0 0 0 
1099 10 0 0 0 0 0 0 0 0 0 0 0 
1100 10 0 0 0 0 0 0 0 0 0 0 0 
1101 10 0 0 0 0 0 0 0 0 0 0 0 
1102 10 0 0 0 0 0 0 0 0 0 0 0 
1103 10 0 0 0 0 0 0 0 0 0 0 0 
1104 10 0 0 0 0 0 0 0 0 0 0 0 
1105 10 0 0 0 0 0 0 0 0 0 0 0 
1106 10 0 0 0 0 0 0 0 0 0 0 0 
1107 10 0 0 0 0 0 0 0 0 0 0 0 
1108 10 0 0 0 0 0 0 0 0 0 0 0 
1109 10 0 0 0 0 0 0 0 0 0 0 0 
1110 10 0 0 0 0 0 0 0 0 0 0 0 
1111 10 0 0 0 0 0 0 0 0 0 0 0 
1112 10 0 0 0 0 0 0 0 0 0 0 0 
1113 10 0 0 0 0 0 0 0 0 0 0 0 
1114 10 0 0 0 0 0 0 0 0 0 0 0 
1115 10 0 0 0 0 0 0 0 0 0 0 0 
1116 10 0 0 0 0 0 0 0 0 0 0 0 
1117 10 0 0 0 0 0 0 0 0 0 0 0 
1118 10 0 0 0 0 0 0 0 0 0 0 0 
1119 10 0 0 0 0 0 0 0 0 0 0 0 
1120 10 0 0 0 0 0 0 0 0 0 0 0 
1121 10 0 0 0 0 0 0 0 0 0 0 0 
1122 10 0 0 0 0 0 0 0 0 0 0 0 
1123 10 0 0 0 0 0 0 0 0 0 0 0 
1124 10 0 0 0 0 0 0 0 0 0 0 0 
1125 10 0 0 0 0 0 0 0 0 0 0 0 
1126 10 0 0 0 0 0 0 0 0 0 0 0 
1127 10 0 0 0 0 0 0 0 0 0 0 0 
1128 10 0 0 0 0 0 0 0 0 0 0 0 
1129 10 0 0 0 0 0 0 0 0 0 0 0 
1130 10 0 0 0 0 0 0 0 0 0 0 0 
1131 10 0 0 0 0 0 0 0 0 0 0 0 
1132 10 0 0 0 0 0 0 0 0 0 0 0 
1133 10 0 0 0 0 0 0 0 0 0 0 0 
1134 10 0 0 0 0 0 0 0 0 0 0 0 
1135 10 0 0 0 0 0 0 0 0 0 0 0 
1136 10 0 0 0 0 0 0 0 0 0 0 0 
1137 10 0 0 0 0 0 0 0 0 0 0 0 
1138 10 0 0 0 0 0 0 0 0 0 0 0 
1139 10 0 0 0 0 0 0 0 0 0 0 0 
1140 10 0 0 0 0 0 0 0 0 0 0 0 
1141 10 0 0 0 0 0 0 0 0 0 0 0 
1142 10 0 0 0 0 0 0 0 0 0 0 0 
1143 10 0 0 0 0 0 0 0 0 0 0 0 
1144 10 0 0 0 0 0 0 0 0 0 0 0 
1145 10 0 0 0 0 0 0 0 0 0 0 0 
1146 10 0 0 0 0 0 0 0 0 0 0 0 
1147 10 0 0 0 0 0 0 0 0 0 0 0 
1148 10 0 0 0 0 0 0 0 0 0 0 0 
1149 10 0 0 0 0 0 0 0 0 0 0 0 
1150 10 0 0 0 0 0 0 0 0 0 0 0 
1151 10 0 0 0 0 0 0 0 0 0 0 0 
1152 10 0 0 0 0 0 0 0 0 0 0 0 
1153 10 0 0 0 0 0 0 0 0 0 0 0 
1154 10 0 0 0 0 0 0 0 0 0 0 0 
1155 10 0 0 0 0 0 0 0 0 0 0 0 
1156 10 0 0 0 0 0 0 0 0 0 0 0 
1157 10 0 0 0 0 0 0 0 0 0 0 0 
1158 10 0 0 0 0 0 0 0 0 0 0 0 
1159 10 0 0 0 0 0 0 0 0 0 0 0 
1160 10 0 0 0 0 0 0 0 0 0 0 0 
1161 10 0 0 0 0 0 0 0 0 0 0 0 
1162 10 0 0 0 0 0 0 0 0 0 0 0 
1163 10 0 0 0 0 0 0 0 0 0 0 0 
1164 10 0 0 0 0 0 0 0 0 0 0 0 
1165 10 4 0 0 0 0 0 0 0 0 0 0 
1166 10 5 0 0 0 0 0 0 0 0 0 0 
1167 10 0 0 0 0 0 0 0 0 0 0 0 
1168 10 0 0 0 0 0 0 0 0 0 0 0 
1169 10 0 0 0 0 0 0 0 0 0 0 0 
1170 10 0 0 0 0 0 0 0 0 0 0 0 
1171 10 0 0 0 0 0 0 0 0 0 0 0 
1172 10 0 0 0 0 0 0 0 0 0 0 0 
1173 10 0 0 0 0 0 0 0 0 0 0 0 
1174 10 0 0 0 0 0 0 0 0 0 0 0 
1175 10 0 0 0 0 0 0 0 0 0 0 0 
1176 10 0 0 0 0 0 0 0 0 0 0 0 
1177 10 0 0 0 0 0 0 0 0 0 0 0 
1178 10 0 0 0 0 0 0 0 0 0 0 0 
1179 10 0 0 0 0 0 0 0 0 0 0 0 
1180 10 0 0 0 0 0 0 0 0 0 0 0 
1181 10 0 0 0 0 0 0 0 0 0 0 0 
1182 10 0 0 0 0 0 0 0 0 0 0 0 
1183 10 0 0 0 0 0 0 0 0 0 0 0 
1184 10 0 0 0 0 0 0 0 0 0 0 0 
1185 10 0 0 0 0 0 0 0 0 0 0 0 
1186 10 0 0 0 0 0 0 0 0 0 0 0 
1187 10 0 0 0 0 0 0 0 0 0 0 0 
1188 10 0 0 0 0 0 0 0 0 0 0 0 
1189 10 0 0 0 0 0 0 0 0 0 0 0 
1190 10 0 0 0 0 0 0 0 0 0 0 0 
1191 10 0 0 0 0 0 0 0 0 0 0 0 
1192 10 0 0 0 0 0 0 0 0 0 0 0 
1193 10 0 0 0 0 0 0 0 0 0 0 0 
1194 10 0 0 0 0 0 0 0 0 0 0 0 
1195 10 0 0 0 0 0 0 0 0 0 0 0 
1196 10 0 0 0 0 0 0 0 0 0 0 0 
1197 10 0 0 0 0 0 0 0 0 0 0 0 
1198 10 0 0 0 0 0 0 0 0 0 0 0 
1199 10 0 0 0 0 0 0 0 0 0 0 0 
1200 10 0 0 0 0 0 0 0 0 0 0 0 
1201 10 0 0 0 0 0 0 0 0 0 0 0 
1202 10 0 0 0 0 0 0 0 0 0 0 0 
1203 10 0 0 0 0 0 0 0 0 0 0 0 
1204 10 0 0 0 0 0 0 0 0 0 0 0 
1205 10 0 0 0 0 0 0 0 0 0 0 0 
1206 10 0 0 0 0 0 0 0 0 0 0 0 
1207 10 0 0 0 0 0 0 0 0 0 0 0 
1208 10 0 0 0 0 0 0 0 0 0 0 0 
1209 10 0 0 0 0 0 0 0 0 0 0 0 
1210 10 0 0 0 0 0 0 0 0 0 0 0 
1211 10 0 0 0 0 0 0 0 0 0 0 0 
1212 10 0 0 0 0 0 0 0 0 0 0 0 
1213 10 0 0 0 0 0 0 0 0 0 0 0 
1214 10 0 0 0 0 0 0 0 0 0 0 0 
1215 10 0 0 0 0 0 0 0 0 0 0 0 
1216 10 0 0 0 0 0 0 0 0 0 0 0 
1217 10 0 0 0 0 0 0 0 0 0 0 0 
1218 10 0 0 0 0 0 0 0 0 0 0 0 
1219 10 0 0 0 0 0 0 0 0 0 0 0 
1220 10 0 0 0 0 0 0 0 0 0 0 0 
1221 10 0 0 0 0 0 0 0 0 0 0 0 
1222 10 0 0 0 0 0 0 0 0 0 0 0 
1223 10 0 0 0 0 0 0 0 0 0 0 0 
1224 10 0 0 0 0 0 0 0 0 0 0 0 
1225 10 0 0 0 0 0 0 0 0 0 0 0 
1226 10 0 0 0 0 0 0 0 0 0 0 0 
1227 10 0 0 0 0 0 0 0 0 0 0 0 
1228 10 0 0 0 0 0 0 0 0 0 0 0 
1229 10 0 0 0 0 0 0 0 0 0 0 0 
1230 10 0 0 0 0 0 0 0 0 0 0 0 
1231 10 0 0 0 0 0 0 0 0 0 0 0 
1232 10 0 0 0 0 0 0 0 0 0 0 0 
1233 10 0 0 0 0 0 0 0 0 0 0 0 
1234 10 0 0 0 0 0 0 0 0 0 0 0 
1235 10 0 0 0 0 0 0 0 0 0 0 0 
1236 10 0 0 0 0 0 0 0 0 0 0 0 
1237 10 0 0 0 0 0 0 0 0 0 0 0 
1238 10 0 0 0 0 0 0 0 0 0 0 0 
1239 10 0 0 0 0 0 0 0 0 0 0 0 
1240 10 0 0 0 0 0 0 0 0 0 0 0 
1241 10 0 0 0 0 0 0 0 0 0 0 0 
1242 10 0 0 0 0 0 0 0 0 0 0 0 
1243 10 0 0 0 0 0 0 0 0 0 0 0 
1244 10 0 0 0 0 0 0 0 0 0 0 0 
1245 10 0 0 0 0 0 0 0 0 0 0 0 
1246 10 0 0 0 0 0 0 0 0 0 0 0 
1247 10 0 0 0 0 0 0 0 0 0 0 0 
1248 10 0 0 0 0 0 0 0 0 0 0 0 
1249 10 0 0 0 0 0 0 0 0 0 0 0 
1250 10 0 0 0 0 0 0 0 0 0 0 0 
1251 10 0 0 0 0 0 0 0 0 0 0 0 
1252 10 0 0 0 0 0 0 0 0 0 0 0 
1253 10 0 0 0 0 0 0 0 0 0 0 0 
1254 10 0 0 0 0 0 0 0 0 0 0 0 
1255 10 0 0 0 0 0 0 0 0 0 0 0 
1256 10 0 0 0 0 0 0 0 0 0 0 0 
1257 10 0 0 0 0 0 0 0 0 0 0 0 
1258 10 0 0 0 0 0 0 0 0 0 0 0 
1259 10 0 0 0 0 0 0 0 0 0 0 0 
1260 10 0 0 0 0 0 0 0 0 0 0 0 
1261 10 0 0 0 0 0 0 0 0 0 0 0 
1262 10 0 0 0 0 0 0 0 0 0 0 0 
1263 10 0 0 0 0 0 0 0 0 0 0 0 
1264 10 0 0 0 0 0 0 0 0 0 0 0 
1265 10 0 0 0 0 0 0 0 0 0 0 0 
1266 10 0 0 0 0 0 0 0 0 0 0 0 
1267 10 0 0 0 0 0 0 0 0 0 0 0 
1268 10 0 0 0 0 0 0 0 0 0 0 0 
1269 10 0 0 0 0 0 0 0 0 0 0 0 
1270 10 0 0 0 0 0 0 0 0 0 0 0 
1271 10 0 0 0 0 0 0 0 0 0 0 0 
1272 10 0 0 0 0 0 0 0 0 0 0 0 
1273 10 0 0 0 0 0 0 0 0 0 0 0 
1274 10 0 0 0 0 0 0 0 0 0 0 0 
1275 10 0 0 0 0 0 0 0 0 0 0 0 
1276 10 0 0 0 0 0 0 0 0 0 0 0 
1277 10 0 0 0 0 0 0 0 0 0 0 0 
1278 10 0 0 0 0 0 0 0 0 0 0 0 
1279 10 0 0 0 0 0 0 0 0 0 0 0 
1280 10 0 0 0 0 0 0 0 0 0 0 0 
1281 10 0 0 0 0 0 0 0 0 0 0 0 
1282 10 0 0 0 0 0 0 0 0 0 0 0 
1283 10 0 0 0 0 0 0 0 0 0 0 0 
1284 10 0 0 0 0 0 0 0 0 0 0 0 
1285 10 0 0 0 0 0 0 0 0 0 0 0 
1286 10 0 0 0 0 0 0 0 0 0 0 0 
1287 10 0 0 0 0 0 0 0 0 0 0 0 
1288 10 0 0 0 0 0 0 0 0 0 0 0 
1289 10 0 0 0 0 0 0 0 0 0 0 0 
1290 10 0 0 0 0 0 0 0 0 0 0 0 
1291 10 0 0 0 0 0 0 0 0 0 0 0 
1292 10 0 0 0 0 0 0 0 0 0 0 0 
1293 10 0 0 0 0 0 0 0 0 0 0 0 
1294 10 0 0 0 0 0 0 0 0 0 0 0 
1295 10 0 0 0 0 0 0 0 0 0 0 0 
1296 10 0 0 0 0 0 0 0 0 0 0 0 
1297 10 0 0 0 0 0 0 0 0 0 0 0 
1298 10 0 0 0 0 0 0 0 0 0 0 0 
1299 10 0 0 0 0 0 0 0 0 0 0 0 
1300 10 0 0 0 0 0 0 0 0 0 0 0 
1301 10 0 0 0 0 0 0 0 0 0 0 0 
1302 10 0 0 0 0 0 0 0 0 0 0 0 
1303 10 0 0 0 0 0 0 0 0 0 0 0 
1304 10 0 0 0 0 0 0 0 0 0 0 0 
1305 10 0 0 0 0 0 0 0 0 0 0 0 
1306 10 0 0 0 0 0 0 0 0 0 0 0 
1307 10 0 0 0 0 0 0 0 0 0 0 0 
1308 10 0 0 0 0 0 0 0 0 0 0 0 
1309 10 0 0 0 0 0 0 0 0 0 0 0 
1310 10 0 0 0 0 0 0 0 0 0 0 0 
1311 10 0 0 0 0 0 0 0 0 0 0 0 
1312 10 0 0 0 0 0 0 0 0 0 0 0 
1313 10 0 0 0 0 0 0 0 0 0 0 0 
1314 10 0 0 0 0 0 0 0 0 0 0 0 
1315 10 0 0 0 0 0 0 0 0 0 0 0 
1316 10 0 0 0 0 0 0 0 0 0 0 0 
1317 10 0 0 0 0 0 0 0 0 0 0 0 
1318 10 0 0 0 0 0 0 0 0 0 0 0 
1319 10 0 0 0 0 0 0 0 0 0 0 0 
1320 10 0 0 0 0 0 0 0 0 0 0 0 
1321 10 0 0 0 0 0 0 0 0 0 0 0 
1322 10 0 0 0 0 0 0 0 0 0 0 0 
1323 10 0 0 0 0 0 0 0 0 0 0 0 
1324 10 0 0 0 0 0 0 0 0 0 0 0 
1325 10 0 0 0 0 0 0 0 0 0 0 0 
1326 10 0 0 0 0 0 0 0 0 0 0 0 
1327 10 0 0 0 0 0 0 0 0 0 0 0 
1328 10 0 0 0 0 0 0 0 0 0 0 0 
1329 10 0 0 0 0 0 0 0 0 0 0 0 
1330 10 0 0 0 0 0 0 0 0 0 0 0 
1331 10 0 0 0 0 0 0 0 0 0 0 0 
1332 10 0 0 0 0 0 0 0 0 0 0 0 
1333 10 0 0 0 0 0 0 0 0 0 0 0 
1334 10 0 0 0 0 0 0 0 0 0 0 0 
1335 10 0 0 0 0 0 0 0 0 0 0 0 
1336 10 0 0 0 0 0 0 0 0 0 0 0 
1337 10 0 0 0 0 0 0 0 0 0 0 0 
1338 10 0 0 0 0 0 0 0 0 0 0 0 
1339 10 0 0 0 0 0 0 0 0 0 0 0 
1340 10 0 0 0 0 0 0 0 0 0 0 0 
1341 10 0 0 0 0 0 0 0 0 0 0 0 
1342 10 0 0 0 0 0 0 0 0 0 0 0 
1343 10 17 0 0 0 0 0 0 0 0 0 0 
1344 10 18 0 0 0 0 0 0 0 0 0 0 
1345 10 19 0 0 0 0 0 0 0 0 0 0 
1346 10 20 0 0 0 0 0 0 0 0 0 0 
1347 10 0 0 0 0 0 0 0 0 0 0 0 
1348 10 0 0 0 0 0 0 0 0 0 0 0 
1349 10 22 0 0 0 0 0 0 0 0 0 0 
1350 10 23 0 0 0 0 0 0 0 0 0 0 
1351 10 0 0 0 0 0 0 0 0 0 0 0 
1352 10 0 0 0 0 0 0 0 0 0 0 0 
1353 10 25 0 0 0 0 0 0 0 0 0 0 
1354 10 26 0 0 0 0 0 0 0 0 0 0 
1355 10 27 0 0 0 0 0 0 0 0 0 0 
1356 10 28 0 0 0 0 0 0 0 0 0 0 
1357 10 0 0 0 0 0 0 0 0 0 0 0 
1358 10 0 0 0 0 0 0 0 0 0 0 0 
1359 10 0 0 0 0 0 0 0 0 0 0 0 
1360 10 0 0 0 0 0 0 0 0 0 0 0 
1361 10 0 0 0 0 0 0 0 0 0 0 0 
1362 10 0 0 0 0 0 0 0 0 0 0 0 
1363 10 0 0 0 0 0 0 0 0 0 0 0 
1364 10 0 0 0 0 0 0 0 0 0 0 0 
1365 10 0 0 0 0 0 0 0 0 0 0 0 
1366 10 0 0 0 0 0 0 0 0 0 0 0 
1367 10 0 0 0 0 0 0 0 0 0 0 0 
1368 10 0 0 0 0 0 0 0 0 0 0 0 
1369 10 0 0 0 0 0 0 0 0 0 0 0 
1370 10 0 0 0 0 0 0 0 0 0 0 0 
1371 10 0 0 0 0 0 0 0 0 0 0 0 
1372 10 0 0 0 0 0 0 0 0 0 0 0 
1373 10 0 0 0 0 0 0 0 0 0 0 0 
1374 10 0 0 0 0 0 0 0 0 0 0 0 
1375 10 0 0 0 0 0 0 0 0 0 0 0 
1376 10 0 0 0 0 0 0 0 0 0 0 0 
1377 10 0 0 0 0 0 0 0 0 0 0 0 
1378 10 0 0 0 0 0 0 0 0 0 0 0 
1379 10 0 0 0 0 0 0 0 0 0 0 0 
1380 10 0 0 0 0 0 0 0 0 0 0 0 
1381 10 0 0 0 0 0 0 0 0 0 0 0 
1382 10 0 0 0 0 0 0 0 0 0 0 0 
1383 10 0 0 0 0 0 0 0 0 0 0 0 
1384 10 0 0 0 0 0 0 0 0 0 0 0 
1385 10 0 0 0 0 0 0 0 0 0 0 0 
1386 10 0 0 0 0 0 0 0 0 0 0 0 
1387 10 0 0 0 0 0 0 0 0 0 0 0 
1388 10 0 0 0 0 0 0 0 0 0 0 0 
1389 10 0 0 0 0 0 0 0 0 0 0 0 
1390 10 0 0 0 0 0 0 0 0 0 0 0 
1391 10 0 0 0 0 0 0 0 0 0 0 0 
1392 10 0 0 0 0 0 0 0 0 0 0 0 
1393 10 0 0 0 0 0 0 0 0 0 0 0 
1394 10 0 0 0 0 0 0 0 0 0 0 0 
1395 10 0 0 0 0 0 0 0 0 0 0 0 
1396 10 0 0 0 0 0 0 0 0 0 0 0 
1397 10 0 0 0 0 0 0 0 0 0 0 0 
1398 10 0 0 0 0 0 0 0 0 0 0 0 
1399 10 0 0 0 0 0 0 0 0 0 0 0 
1400 10 0 0 0 0 0 0 0 0 0 0 0 
1401 10 0 0 0 0 0 0 0 0 0 0 0 
1402 10 0 0 0 0 0 0 0 0 0 0 0 
1403 10 0 0 0 0 0 0 0 0 0 0 0 
1404 10 0 0 0 0 0 0 0 0 0 0 0 
1405 10 0 0 0 0 0 0 0 0 0 0 0 
1406 10 0 0 0 0 0 0 0 0 0 0 0 
1407 10 0 0 0 0 0 0 0 0 0 0 0 
1408 10 0 0 0 0 0 0 0 0 0 0 0 
1409 10 0 0 0 0 0 0 0 0 0 0 0 
1410 10 0 0 0 0 0 0 0 0 0 0 0 
1411 10 0 0 0 0 0 0 0 0 0 0 0 
1412 10 0 0 0 0 0 0 0 0 0 0 0 
1413 10 0 0 0 0 0 0 0 0 0 0 0 
1414 10 0 0 0 0 0 0 0 0 0 0 0 
1415 10 0 0 0 0 0 0 0 0 0 0 0 
1416 10 0 0 0 0 0 0 0 0 0 0 0 
1417 10 0 0 0 0 0 0 0 0 0 0 0 
1418 10 0 0 0 0 0 0 0 0 0 0 0 
1419 10 0 0 0 0 0 0 0 0 0 0 0 
1420 10 0 0 0 0 0 0 0 0 0 0 0 
1421 10 0 0 0 0 0 0 0 0 0 0 0 
1422 10 0 0 0 0 0 0 0 0 0 0 0 
1423 10 0 0 0 0 0 0 0 0 0 0 0 
1424 10 0 0 0 0 0 0 0 0 0 0 0 
1425 10 0 0 0 0 0 0 0 0 0 0 0 
1426 10 0 0 0 0 0 0 0 0 0 0 0 
1427 10 0 0 0 0 0 0 0 0 0 0 0 
1428 10 0 0 0 0 0 0 0 0 0 0 0 
1429 10 0 0 0 0 0 0 0 0 0 0 0 
1430 10 0 0 0 0 0 0 0 0 0 0 0 
1431 10 0 0 0 0 0 0 0 0 0 0 0 
1432 10 0 0 0 0 0 0 0 0 0 0 0 
1433 10 0 0 0 0 0 0 0 0 0 0 0 
1434 10 0 0 0 0 0 0 0 0 0 0 0 
1435 10 0 0 0 0 0 0 0 0 0 0 0 
1436 10 0 0 0 0 0 0 0 0 0 0 0 
1437 10 0 0 0 0 0 0 0 0 0 0 0 
1438 10 0 0 0 0 0 0 0 0 0 0 0 
1439 10 0 0 0 0 0 0 0 0 0 0 0 
1440 10 0 0 0 0 0 0 0 0 0 0 0 
1441 10 0 0 0 0 0 0 0 0 0 0 0 
1442 10 0 0 0 0 0 0 0 0 0 0 0 
1443 10 0 0 0 0 0 0 0 0 0 0 0 
1444 10 0 0 0 0 0 0 0 0 0 0 0 
1445 10 0 0 0 0 0 0 0 0 0 0 0 
1446 10 0 0 0 0 0 0 0 0 0 0 0 
1447 10 0 0 0 0 0 0 0 0 0 0 0 
1448 10 0 0 0 0 0 0 0 0 0 0 0 
1449 10 0 0 0 0 0 0 0 0 0 0 0 
1450 10 0 0 0 0 0 0 0 0 0 0 0 
1451 10 0 0 0 0 0 0 0 0 0 0 0 
1452 10 0 0 0 0 0 0 0 0 0 0 0 
1453 10 0 0 0 0 0 0 0 0 0 0 0 
1454 10 0 0 0 0 0 0 0 0 0 0 0 
1455 10 0 0 0 0 0 0 0 0 0 0 0 
1456 10 0 0 0 0 0 0 0 0 0 0 0 
1457 10 0 0 0 0 0 0 0 0 0 0 0 
1458 10 0 0 0 0 0 0 0 0 0 0 0 
1459 10 0 0 0 0 0 0 0 0 0 0 0 
1460 10 0 0 0 0 0 0 0 0 0 0 0 
1461 10 0 0 0 0 0 0 0 0 0 0 0 
1462 10 0 0 0 0 0 0 0 0 0 0 0 
1463 10 0 0 0 0 0 0 0 0 0 0 0 
1464 10 0 0 0 0 0 0 0 0 0 0 0 
1465 10 0 0 0 0 0 0 0 0 0 0 0 
1466 10 0 0 0 0 0 0 0 0 0 0 0 
1467 10 0 0 0 0 0 0 0 0 0 0 0 
1468 10 0 0 0 0 0 0 0 0 0 0 0 
1469 10 0 0 0 0 0 0 0 0 0 0 0 
1470 10 0 0 0 0 0 0 0 0 0 0 0 
1471 10 43 0 0 0 0 0 0 0 0 0 0 
1472 10 44 0 0 0 0 0 0 0 0 0 0 
1473 10 45 0 0 0 0 0 0 0 0 0 0 
1474 10 46 0 0 0 0 0 0 0 0 0 0 
1475 10 0 0 0 0 0 0 0 0 0 0 0 
1476 10 0 0 0 0 0 0 0 0 0 0 0 
1477 10 0 0 0 0 0 0 0 0 0 0 0 
1478 10 0 0 0 0 0 0 0 0 0 0 0 
1479 10 49 0 0 0 0 0 0 0 0 0 0 
1480 10 50 0 0 0 0 0 0 0 0 0 0 
1481 10 0 0 0 0 0 0 0 0 0 0 0 
1482 10 0 0 0 0 0 0 0 0 0 0 0 
1483 10 52 0 0 0 0 0 0 0 0 0 0 
1484 10 53 0 0 0 0 0 0 0 0 0 0 
1485 10 54 0 0 0 0 0 0 0 0 0 0 
1486 10 55 0 0 0 0 0 0 0 0 0 0 
1487 10 0 0 0 0 0 0 0 0 0 0 0 
1488 10 0 0 0 0 0 0 0 0 0 0 0 
1489 10 0 0 0 0 0 0 0 0 0 0 0 
1490 10 0 0 0 0 0 0 0 0 0 0 0 
1491 10 58 0 0 0 0 0 0 0 0 0 0 
1492 10 59 0 0 0 0 0 0 0 0 0 0 
1493 10 60 0 0 0 0 0 0 0 0 0 0 
1494 10 61 0 0 0 0 0 0 0 0 0 0 
1495 10 62 0 0 0 0 0 0 0 0 0 0 
1496 10 63 0 0 0 0 0 0 0 0 0 0 
1497 10 64 0 0 0 0 0 0 0 0 0 0 
1498 10 65 0 0 0 0 0 0 0 0 0 0 
1499 10 66 0 0 0 0 0 0 0 0 0 0 
1500 10 67 0 0 0 0 0 0 0 0 0 0 
1501 10 0 0 0 0 0 0 0 0 0 0 0 
1502 10 0 0 0 0 0 0 0 0 0 0 0 
1503 10 0 0 0 0 0 0 0 0 0 0 0 
1504 10 0 0 0 0 0 0 0 0 0 0 0 
1505 10 0 0 0 0 0 0 0 0 0 0 0 
1506 10 0 0 0 0 0 0 0 0 0 0 0 
1507 10 0 0 0 0 0 0 0 0 0 0 0 
1508 10 0 0 0 0 0 0 0 0 0 0 0 
1509 10 0 0 0 0 0 0 0 0 0 0 0 
1510 10 0 0 0 0 0 0 0 0 0 0 0 
1511 10 73 0 0 0 0 0 0 0 0 0 0 
1512 10 74 0 0 0 0 0 0 0 0 0 0 
1513 10 75 0 0 0 0 0 0 0 0 0 0 
1514 10 76 0 0 0 0 0 0 0 0 0 0 
1515 10 0 0 0 0 0 0 0 0 0 0 0 
1516 10 0 0 0 0 0 0 0 0 0 0 0 
1517 10 0 0 0 0 0 0 0 0 0 0 0 
1518 10 0 0 0 0 0 0 0 0 0 0 0 
1519 10 0 0 0 0 0 0 0 0 0 0 0 
1520 10 0 0 0 0 0 0 0 0 0 0 0 
1521 10 0 0 0 0 0 0 0 0 0 0 0 
1522 10 0 0 0 0 0 0 0 0 0 0 0 
1523 10 0 0 0 0 0 0 0 0 0 0 0 
1524 10 0 0 0 0 0 0 0 0 0 0 0 
1525 10 0 0 0 0 0 0 0 0 0 0 0 
1526 10 0 0 0 0 0 0 0 0 0 0 0 
1527 10 0 0 0 0 0 0 0 0 0 0 0 
1528 10 0 0 0 0 0 0 0 0 0 0 0 
1529 10 0 0 0 0 0 0 0 0 0 0 0 
1530 10 0 0 0 0 0 0 0 0 0 0 0 
1531 10 0 0 0 0 0 0 0 0 0 0 0 
1532 10 0 0 0 0 0 0 0 0 0 0 0 
1533 10 0 0 0 0 0 0 0 0 0 0 0 
1534 10 0 0 0 0 0 0 0 0 0 0 0 
1535 10 0 0 0 0 0 0 0 0 0 0 0 
1536 10 0 0 0 0 0 0 0 0 0 0 0 
1537 10 0 0 0 0 0 0 0 0 0 0 0 
1538 10 0 0 0 0 0 0 0 0 0 0 0 
1539 10 0 0 0 0 0 0 0 0 0 0 0 
1540 10 0 0 0 0 0 0 0 0 0 0 0 
1541 10 0 0 0 0 0 0 0 0 0 0 0 
1542 10 0 0 0 0 0 0 0 0 0 0 0 
1543 10 0 0 0 0 0 0 0 0 0 0 0 
1544 10 0 0 0 0 0 0 0 0 0 0 0 
1545 10 0 0 0 0 0 0 0 0 0 0 0 
1546 10 0 0 0 0 0 0 0 0 0 0 0 
1547 10 0 0 0 0 0 0 0 0 0 0 0 
1548 10 0 0 0 0 0 0 0 0 0 0 0 
1549 10 0 0 0 0 0 0 0 0 0 0 0 
1550 10 0 0 0 0 0 0 0 0 0 0 0 
1551 10 0 0 0 0 0 0 0 0 0 0 0 
1552 10 0 0 0 0 0 0 0 0 0 0 0 
1553 10 0 0 0 0 0 0 0 0 0 0 0 
1554 10 0 0 0 0 0 0 0 0 0 0 0 
1555 10 0 0 0 0 0 0 0 0 0 0 0 
1556 10 0 0 0 0 0 0 0 0 0 0 0 
1557 10 0 0 0 0 0 0 0 0 0 0 0 
1558 10 0 0 0 0 0 0 0 0 0 0 0 
1559 10 0 0 0 0 0 0 0 0 0 0 0 
1560 10 0 0 0 0 0 0 0 0 0 0 0 
1561 10 0 0 0 0 0 0 0 0 0 0 0 
1562 10 0 0 0 0 0 0 0 0 0 0 0 
1563 10 0 0 0 0 0 0 0 0 0 0 0 
1564 10 0 0 0 0 0 0 0 0 0 0 0 
1565 10 0 0 0 0 0 0 0 0 0 0 0 
1566 10 0 0 0 0 0 0 0 0 0 0 0 
1567 10 0 0 0 0 0 0 0 0 0 0 0 
1568 10 0 0 0 0 0 0 0 0 0 0 0 
1569 10 0 0 0 0 0 0 0 0 0 0 0 
1570 10 0 0 0 0 0 0 0 0 0 0 0 
1571 10 0 0 0 0 0 0 0 0 0 0 0 
1572 10 0 0 0 0 0 0 0 0 0 0 0 
1573 10 0 0 0 0 0 0 0 0 0 0 0 
1574 10 0 0 0 0 0 0 0 0 0 0 0 
1575 10 0 0 0 0 0 0 0 0 0 0 0 
1576 10 0 0 0 0 0 0 0 0 0 0 0 
1577 10 0 0 0 0 0 0 0 0 0 0 0 
1578 10 0 0 0 0 0 0 0 0 0 0 0 
1579 10 0 0 0 0 0 0 0 0 0 0 0 
1580 10 0 0 0 0 0 0 0 0 0 0 0 
1581 10 0 0 0 0 0 0 0 0 0 0 0 
1582 10 0 0 0 0 0 0 0 0 0 0 0 
1583 10 0 0 0 0 0 0 0 0 0 0 0 
1584 10 0 0 0 0 0 0 0 0 0 0 0 
1585 10 0 0 0 0 0 0 0 0 0 0 0 
1586 10 0 0 0 0 0 0 0 0 0 0 0 
1587 10 0 0 0 0 0 0 0 0 0 0 0 
1588 10 0 0 0 0 0 0 0 0 0 0 0 
1589 10 0 0 0 0 0 0 0 0 0 0 0 
1590 10 0 0 0 0 0 0 0 0 0 0 0 
1591 10 0 0 0 0 0 0 0 0 0 0 0 
1592 10 0 0 0 0 0 0 0 0 0 0 0 
1593 10 0 0 0 0 0 0 0 0 0 0 0 
1594 10 0 0 0 0 0 0 0 0 0 0 0 
1595 10 0 0 0 0 0 0 0 0 0 0 0 
1596 10 0 0 0 0 0 0 0 0 0 0 0 
1597 10 0 0 0 0 0 0 0 0 0 0 0 
1598 10 0 0 0 0 0 0 0 0 0 0 0 
1599 10 0 0 0 0 0 0 0 0 0 0 0 
1600 10 0 0 0 0 0 0 0 0 0 0 0 
1601 10 0 0 0 0 0 0 0 0 0 0 0 
1602 10 0 0 0 0 0 0 0 0 0 0 0 
1603 10 0 0 0 0 0 0 0 0 0 0 0 
1604 10 0 0 0 0 0 0 0 0 0 0 0 
1605 10 0 0 0 0 0 0 0 0 0 0 0 
1606 10 0 0 0 0 0 0 0 0 0 0 0 
1607 10 0 0 0 0 0 0 0 0 0 0 0 
1608 10 0 0 0 0 0 0 0 0 0 0 0 
1609 10 0 0 0 0 0 0 0 0 0 0 0 
1610 10 0 0 0 0 0 0 0 0 0 0 0 
1611 10 0 0 0 0 0 0 0 0 0 0 0 
1612 10 0 0 0 0 0 0 0 0 0 0 0 
1613 10 0 0 0 0 0 0 0 0 0 0 0 
1614 10 0 0 0 0 0 0 0 0 0 0 0 
1615 10 0 0 0 0 0 0 0 0 0 0 0 
1616 10 0 0 0 0 0 0 0 0 0 0 0 
1617 10 0 0 0 0 0 0 0 0 0 0 0 
1618 10 0 0 0 0 0 0 0 0 0 0 0 
1619 10 0 0 0 0 0 0 0 0 0 0 0 
1620 10 0 0 0 0 0 0 0 0 0 0 0 
1621 10 0 0 0 0 0 0 0 0 0 0 0 
1622 10 0 0 0 0 0 0 0 0 0 0 0 
1623 10 0 0 0 0 0 0 0 0 0 0 0 
1624 10 0 0 0 0 0 0 0 0 0 0 0 
1625 10 0 0 0 0 0 0 0 0 0 0 0 
1626 10 0 0 0 0 0 0 0 0 0 0 0 
1627 10 0 0 0 0 0 0 0 0 0 0 0 
1628 10 0 0 0 0 0 0 0 0 0 0 0 
1629 10 0 0 0 0 0 0 0 0 0 0 0 
1630 10 0 0 0 0 0 0 0 0 0 0 0 
1631 10 0 0 0 0 0 0 0 0 0 0 0 
1632 10 0 0 0 0 0 0 0 0 0 0 0 
1633 10 0 0 0 0 0 0 0 0 0 0 0 
1634 10 0 0 0 0 0 0 0 0 0 0 0 
1635 10 0 0 0 0 0 0 0 0 0 0 0 
1636 10 0 0 0 0 0 0 0 0 0 0 0 
1637 10 0 0 0 0 0 0 0 0 0 0 0 
1638 10 0 0 0 0 0 0 0 0 0 0 0 
1639 10 0 0 0 0 0 0 0 0 0 0 0 
1640 10 0 0 0 0 0 0 0 0 0 0 0 
1641 10 0 0 0 0 0 0 0 0 0 0 0 
1642 10 0 0 0 0 0 0 0 0 0 0 0 
1643 10 0 0 0 0 0 0 0 0 0 0 0 
1644 10 0 0 0 0 0 0 0 0 0 0 0 
1645 10 0 0 0 0 0 0 0 0 0 0 0 
1646 10 0 0 0 0 0 0 0 0 0 0 0 
1647 10 0 0 0 0 0 0 0 0 0 0 0 
1648 10 0 0 0 0 0 0 0 0 0 0 0 
1649 10 0 0 0 0 0 0 0 0 0 0 0 
1650 10 0 0 0 0 0 0 0 0 0 0 0 
1651 10 0 0 0 0 0 0 0 0 0 0 0 
1652 10 0 0 0 0 0 0 0 0 0 0 0 
1653 10 0 0 0 0 0 0 0 0 0 0 0 
1654 10 0 0 0 0 0 0 0 0 0 0 0 
1655 10 0 0 0 0 0 0 0 0 0 0 0 
1656 10 0 0 0 0 0 0 0 0 0 0 0 
1657 10 0 0 0 0 0 0 0 0 0 0 0 
1658 10 0 0 0 0 0 0 0 0 0 0 0 
1659 10 0 0 0 0 0 0 0 0 0 0 0 
1660 10 0 0 0 0 0 0 0 0 0 0 0 
1661 10 0 0 0 0 0 0 0 0 0 0 0 
1662 10 0 0 0 0 0 0 0 0 0 0 0 
1663 10 0 0 0 0 0 0 0 0 0 0 0 
1664 10 0 0 0 0 0 0 0 0 0 0 0 
1665 10 0 0 0 0 0 0 0 0 0 0 0 
1666 10 0 0 0 0 0 0 0 0 0 0 0 
1667 10 0 0 0 0 0 0 0 0 0 0 0 
1668 10 0 0 0 0 0 0 0 0 0 0 0 
1669 10 0 0 0 0 0 0 0 0 0 0 0 
1670 10 0 0 0 0 0 0 0 0 0 0 0 
1671 10 0 0 0 0 0 0 0 0 0 0 0 
1672 10 0 0 0 0 0 0 0 0 0 0 0 
1673 10 0 0 0 0 0 0 0 0 0 0 0 
1674 10 0 0 0 0 0 0 0 0 0 0 0 
1675 10 0 0 0 0 0 0 0 0 0 0 0 
1676 10 0 0 0 0 0 0 0 0 0 0 0 
1677 10 0 0 0 0 0 0 0 0 0 0 0 
1678 10 0 0 0 0 0 0 0 0 0 0 0 
1679 10 0 0 0 0 0 0 0 0 0 0 0 
1680 10 0 0 0 0 0 0 0 0 0 0 0 
1681 10 0 0 0 0 0 0 0 0 0 0 0 
1682 10 0 0 0 0 0 0 0 0 0 0 0 
1683 10 0 0 0 0 0 0 0 0 0 0 0 
1684 10 0 0 0 0 0 0 0 0 0 0 0 
1685 10 0 0 0 0 0 0 0 0 0 0 0 
1686 10 0 0 0 0 0 0 0 0 0 0 0 
1687 10 0 0 0 0 0 0 0 0 0 0 0 
1688 10 0 0 0 0 0 0 0 0 0 0 0 
1689 10 0 0 0 0 0 0 0 0 0 0 0 
1690 10 0 0 0 0 0 0 0 0 0 0 0 
1691 10 0 0 0 0 0 0 0 0 0 0 0 
1692 10 0 0 0 0 0 0 0 0 0 0 0 
1693 10 0 0 0 0 0 0 0 0 0 0 0 
1694 10 0 0 0 0 0 0 0 0 0 0 0 
1695 10 0 0 0 0 0 0 0 0 0 0 0 
1696 10 0 0 0 0 0 0 0 0 0 0 0 
1697 10 0 0 0 0 0 0 0 0 0 0 0 
1698 10 0 0 0 0 0 0 0 0 0 0 0 
1699 10 0 0 0 0 0 0 0 0 0 0 0 
1700 10 0 0 0 0 0 0 0 0 0 0 0 
1701 10 0 0 0 0 0 0 0 0 0 0 0 
1702 10 0 0 0 0 0 0 0 0 0 0 0 
1703 10 0 0 0 0 0 0 0 0 0 0 0 
1704 10 0 0 0 0 0 0 0 0 0 0 0 
1705 10 0 0 0 0 0 0 0 0 0 0 0 
1706 10 0 0 0 0 0 0 0 0 0 0 0 
1707 10 0 0 0 0 0 0 0 0 0 0 0 
1708 10 0 0 0 0 0 0 0 0 0 0 0 
1709 10 0 0 0 0 0 0 0 0 0 0 0 
1710 10 0 0 0 0 0 0 0 0 0 0 0 
1711 10 0 0 0 0 0 0 0 0 0 0 0 
1712 10 0 0 0 0 0 0 0 0 0 0 0 
1713 10 0 0 0 0 0 0 0 0 0 0 0 
1714 10 0 0 0 0 0 0 0 0 0 0 0 
1715 10 0 0 0 0 0 0 0 0 0 0 0 
1716 10 0 0 0 0 0 0 0 0 0 0 0 
1717 10 0 0 0 0 0 0 0 0 0 0 0 
1718 10 0 0 0 0 0 0 0 0 0 0 0 
1719 10 0 0 0 0 0 0 0 0 0 0 0 
1720 10 0 0 0 0 0 0 0 0 0 0 0 
1721 10 0 0 0 0 0 0 0 0 0 0 0 
1722 10 0 0 0 0 0 0 0 0 0 0 0 
1723 10 0 0 0 0 0 0 0 0 0 0 0 
1724 10 0 0 0 0 0 0 0 0 0 0 0 
1725 10 0 0 0 0 0 0 0 0 0 0 0 
1726 10 0 0 0 0 0 0 0 0 0 0 0 
1727 10 0 0 0 0 0 0 0 0 0 0 0 
1728 10 0 0 0 0 0 0 0 0 0 0 0 
1729 10 0 0 0 0 0 0 0 0 0 0 0 
1730 10 0 0 0 0 0 0 0 0 0 0 0 
1731 10 0 0 0 0 0 0 0 0 0 0 0 
1732 10 0 0 0 0 0 0 0 0 0 0 0 
1733 10 0 0 0 0 0 0 0 0 0 0 0 
1734 10 0 0 0 0 0 0 0 0 0 0 0 
1735 10 0 0 0 0 0 0 0 0 0 0 0 
1736 10 0 0 0 0 0 0 0 0 0 0 0 
1737 10 0 0 0 0 0 0 0 0 0 0 0 
1738 10 0 0 0 0 0 0 0 0 0 0 0 
1739 10 0 0 0 0 0 0 0 0 0 0 0 
1740 10 0 0 0 0 0 0 0 0 0 0 0 
1741 10 0 0 0 0 0 0 0 0 0 0 0 
1742 10 0 0 0 0 0 0 0 0 0 0 0 
1743 10 0 0 0 0 0 0 0 0 0 0 0 
1744 10 0 0 0 0 0 0 0 0 0 0 0 
1745 10 0 0 0 0 0 0 0 0 0 0 0 
1746 10 0 0 0 0 0 0 0 0 0 0 0 
1747 10 0 0 0 0 0 0 0 0 0 0 0 
1748 10 0 0 0 0 0 0 0 0 0 0 0 
1749 10 0 0 0 0 0 0 0 0 0 0 0 
1750 10 0 0 0 0 0 0 0 0 0 0 0 
1751 10 0 0 0 0 0 0 0 0 0 0 0 
1752 10 0 0 0 0 0 0 0 0 0 0 0 
1753 10 0 0 0 0 0 0 0 0 0 0 0 
1754 10 0 0 0 0 0 0 0 0 0 0 0 
1755 10 0 0 0 0 0 0 0 0 0 0 0 
1756 10 0 0 0 0 0 0 0 0 0 0 0 
1757 10 0 0 0 0 0 0 0 0 0 0 0 
1758 10 0 0 0 0 0 0 0 0 0 0 0 
1759 10 0 0 0 0 0 0 0 0 0 0 0 
1760 10 0 0 0 0 0 0 0 0 0 0 0 
1761 10 0 0 0 0 0 0 0 0 0 0 0 
1762 10 0 0 0 0 0 0 0 0 0 0 0 
1763 10 0 0 0 0 0 0 0 0 0 0 0 
1764 10 0 0 0 0 0 0 0 0 0 0 0 
1765 10 0 0 0 0 0 0 0 0 0 0 0 
1766 10 0 0 0 0 0 0 0 0 0 0 0 
1767 10 0 0 0 0 0 0 0 0 0 0 0 
1768 10 0 0 0 0 0 0 0 0 0 0 0 
1769 10 0 0 0 0 0 0 0 0 0 0 0 
1770 10 0 0 0 0 0 0 0 0 0 0 0 
1771 10 0 0 0 0 0 0 0 0 0 0 0 
1772 10 0 0 0 0 0 0 0 0 0 0 0 
1773 10 0 0 0 0 0 0 0 0 0 0 0 
1774 10 0 0 0 0 0 0 0 0 0 0 0 
1775 10 0 0 0 0 0 0 0 0 0 0 0 
1776 10 0 0 0 0 0 0 0 0 0 0 0 
1777 10 0 0 0 0 0 0 0 0 0 0 0 
1778 10 0 0 0 0 0 0 0 0 0 0 0 
1779 10 0 0 0 0 0 0 0 0 0 0 0 
1780 10 0 0 0 0 0 0 0 0 0 0 0 
1781 10 0 0 0 0 0 0 0 0 0 0 0 
1782 10 0 0 0 0 0 0 0 0 0 0 0 
1783 10 0 0 0 0 0 0 0 0 0 0 0 
1784 10 0 0 0 0 0 0 0 0 0 0 0 
1785 10 0 0 0 0 0 0 0 0 0 0 0 
1786 10 0 0 0 0 0 0 0 0 0 0 0 
1787 10 0 0 0 0 0 0 0 0 0 0 0 
1788 10 0 0 0 0 0 0 0 0 0 0 0 
1789 10 0 0 0 0 0 0 0 0 0 0 0 
1790 10 0 0 0 0 0 0 0 0 0 0 0 
1791 10 0 0 0 0 0 0 0 0 0 0 0 
1792 10 0 0 0 0 0 0 0 0 0 0 0 
1793 10 0 0 0 0 0 0 0 0 0 0 0 
1794 10 0 0 0 0 0 0 0 0 0 0 0 
1795 10 0 0 0 0 0 0 0 0 0 0 0 
1796 10 0 0 0 0 0 0 0 0 0 0 0 
1797 10 0 0 0 0 0 0 0 0 0 0 0 
1798 10 0 0 0 0 0 0 0 0 0 0 0 
1799 10 0 0 0 0 0 0 0 0 0 0 0 
1800 10 0 0 0 0 0 0 0 0 0 0 0 
1801 10 0 0 0 0 0 0 0 0 0 0 0 
1802 10 0 0 0 0 0 0 0 0 0 0 0 
1803 10 0 0 0 0 0 0 0 0 0 0 0 
1804 10 0 0 0 0 0 0 0 0 0 0 0 
1805 10 0 0 0 0 0 0 0 0 0 0 0 
1806 10 0 0 0 0 0 0 0 0 0 0 0 
1807 10 0 0 0 0 0 0 0 0 0 0 0 
1808 10 0 0 0 0 0 0 0 0 0 0 0 
1809 10 0 0 0 0 0 0 0 0 0 0 0 
1810 10 0 0 0 0 0 0 0 0 0 0 0 
1811 10 0 0 0 0 0 0 0 0 0 0 0 
1812 10 0 0 0 0 0 0 0 0 0 0 0 
1813 10 0 0 0 0 0 0 0 0 0 0 0 
1814 10 0 0 0 0 0 0 0 0 0 0 0 
1815 10 0 0 0 0 0 0 0 0 0 0 0 
1816 10 0 0 0 0 0 0 0 0 0 0 0 
1817 10 0 0 0 0 0 0 0 0 0 0 0 
1818 10 0 0 0 0 0 0 0 0 0 0 0 
1819 10 0 0 0 0 0 0 0 0 0 0 0 
1820 10 0 0 0 0 0 0 0 0 0 0 0 
1821 10 0 0 0 0 0 0 0 0 0 0 0 
1822 10 0 0 0 0 0 0 0 0 0 0 0 
1823 10 0 0 0 0 0 0 0 0 0 0 0 
1824 10 0 0 0 0 0 0 0 0 0 0 0 
1825 10 0 0 0 0 0 0 0 0 0 0 0 
1826 10 0 0 0 0 0 0 0 0 0 0 0 
1827 10 0 0 0 0 0 0 0 0 0 0 0 
1828 10 0 0 0 0 0 0 0 0 0 0 0 
1829 10 0 0 0 0 0 0 0 0 0 0 0 
1830 10 0 0 0 0 0 0 0 0 0 0 0 
1831 10 0 0 0 0 0 0 0 0 0 0 0 
1832 10 0 0 0 0 0 0 0 0 0 0 0 
1833 10 0 0 0 0 0 0 0 0 0 0 0 
1834 10 0 0 0 0 0 0 0 0 0 0 0 
1835 10 0 0 0 0 0 0 0 0 0 0 0 
1836 10 0 0 0 0 0 0 0 0 0 0 0 
1837 10 0 0 0 0 0 0 0 0 0 0 0 
1838 10 0 0 0 0 0 0 0 0 0 0 0 
1839 10 0 0 0 0 0 0 0 0 0 0 0 
1840 10 0 0 0 0 0 0 0 0 0 0 0 
1841 10 0 0 0 0 0 0 0 0 0 0 0 
1842 10 0 0 0 0 0 0 0 0 0 0 0 
1843 10 0 0 0 0 0 0 0 0 0 0 0 
1844 10 0 0 0 0 0 0 0 0 0 0 0 
1845 10 0 0 0 0 0 0 0 0 0 0 0 
1846 10 0 0 0 0 0 0 0 0 0 0 0 
1847 10 0 0 0 0 0 0 0 0 0 0 0 
1848 10 0 0 0 0 0 0 0 0 0 0 0 
1849 10 0 0 0 0 0 0 0 0 0 0 0 
1850 10 0 0 0 0 0 0 0 0 0 0 0 
1851 10 0 0 0 0 0 0 0 0 0 0 0 
1852 10 0 0 0 0 0 0 0 0 0 0 0 
1853 10 0 0 0 0 0 0 0 0 0 0 0 
1854 10 0 0 0 0 0 0 0 0 0 0 0 
1855 10 0 0 0 0 0 0 0 0 0 0 0 
1856 10 0 0 0 0 0 0 0 0 0 0 0 
1857 10 0 0 0 0 0 0 0 0 0 0 0 
1858 10 0 0 0 0 0 0 0 0 0 0 0 
1859 10 0 0 0 0 0 0 0 0 0 0 0 
1860 10 0 0 0 0 0 0 0 0 0 0 0 
1861 10 0 0 0 0 0 0 0 0 0 0 0 
1862 10 0 0 0 0 0 0 0 0 0 0 0 
1863 10 0 0 0 0 0 0 0 0 0 0 0 
1864 10 0 0 0 0 0 0 0 0 0 0 0 
1865 10 0 0 0 0 0 0 0 0 0 0 0 
1866 10 0 0 0 0 0 0 0 0 0 0 0 
1867 10 0 0 0 0 0 0 0 0 0 0 0 
1868 10 0 0 0 0 0 0 0 0 0 0 0 
1869 10 0 0 0 0 0 0 0 0 0 0 0 
1870 10 0 0 0 0 0 0 0 0 0 0 0 
1871 10 0 0 0 0 0 0 0 0 0 0 0 
1872 10 0 0 0 0 0 0 0 0 0 0 0 
1873 10 0 0 0 0 0 0 0 0 0 0 0 
1874 10 0 0 0 0 0 0 0 0 0 0 0 
1875 10 0 0 0 0 0 0 0 0 0 0 0 
1876 10 0 0 0 0 0 0 0 0 0 0 0 
1877 10 0 0 0 0 0 0 0 0 0 0 0 
1878 10 0 0 0 0 0 0 0 0 0 0 0 
1879 10 0 0 0 0 0 0 0 0 0 0 0 
1880 10 0 0 0 0 0 0 0 0 0 0 0 
1881 10 0 0 0 0 0 0 0 0 0 0 0 
1882 10 0 0 0 0 0 0 0 0 0 0 0 
1883 10 0 0 0 0 0 0 0 0 0 0 0 
1884 10 0 0 0 0 0 0 0 0 0 0 0 
1885 10 0 0 0 0 0 0 0 0 0 0 0 
1886 10 0 0 0 0 0 0 0 0 0 0 0 
1887 10 0 0 0 0 0 0 0 0 0 0 0 
1888 10 0 0 0 0 0 0 0 0 0 0 0 
1889 10 0 0 0 0 0 0 0 0 0 0 0 
1890 10 0 0 0 0 0 0 0 0 0 0 0 
1891 10 0 0 0 0 0 0 0 0 0 0 0 
1892 10 0 0 0 0 0 0 0 0 0 0 0 
1893 10 0 0 0 0 0 0 0 0 0 0 0 
1894 10 0 0 0 0 0 0 0 0 0 0 0 
1895 10 0 0 0 0 0 0 0 0 0 0 0 
1896 10 0 0 0 0 0 0 0 0 0 0 0 
1897 10 0 0 0 0 0 0 0 0 0 0 0 
1898 10 0 0 0 0 0 0 0 0 0 0 0 
1899 10 0 0 0 0 0 0 0 0 0 0 0 
1900 10 0 0 0 0 0 0 0 0 0 0 0 
1901 10 0 0 0 0 0 0 0 0 0 0 0 
1902 10 0 0 0 0 0 0 0 0 0 0 0 
1903 10 0 0 0 0 0 0 0 0 0 0 0 
1904 10 0 0 0 0 0 0 0 0 0 0 0 
1905 10 0 0 0 0 0 0 0 0 0 0 0 
1906 10 0 0 0 0 0 0 0 0 0 0 0 
1907 10 0 0 0 0 0 0 0 0 0 0 0 
1908 10 0 0 0 0 0 0 0 0 0 0 0 
1909 10 0 0 0 0 0 0 0 0 0 0 0 
1910 10 0 0 0 0 0 0 0 0 0 0 0 
1911 10 0 0 0 0 0 0 0 0 0 0 0 
1912 10 0 0 0 0 0 0 0 0 0 0 0 
1913 10 0 0 0 0 0 0 0 0 0 0 0 
1914 10 0 0 0 0 0 0 0 0 0 0 0 
1915 10 0 0 0 0 0 0 0 0 0 0 0 
1916 10 0 0 0 0 0 0 0 0 0 0 0 
1917 10 0 0 0 0 0 0 0 0 0 0 0 
1918 10 0 0 0 0 0 0 0 0 0 0 0 
1919 10 0 0 0 0 0 0 0 0 0 0 0 
1920 10 0 0 0 0 0 0 0 0 0 0 0 
1921 10 0 0 0 0 0 0 0 0 0 0 0 
1922 10 0 0 0 0 0 0 0 0 0 0 0 
1923 10 0 0 0 0 0 0 0 0 0 0 0 
1924 10 0 0 0 0 0 0 0 0 0 0 0 
1925 10 0 0 0 0 0 0 0 0 0 0 0 
1926 10 0 0 0 0 0 0 0 0 0 0 0 
1927 10 0 0 0 0 0 0 0 0 0 0 0 
1928 10 0 0 0 0 0 0 0 0 0 0 0 
1929 10 0 0 0 0 0 0 0 0 0 0 0 
1930 10 0 0 0 0 0 0 0 0 0 0 0 
1931 10 0 0 0 0 0 0 0 0 0 0 0 
1932 10 0 0 0 0 0 0 0 0 0 0 0 
1933 10 0 0 0 0 0 0 0 0 0 0 0 
1934 10 0 0 0 0 0 0 0 0 0 0 0 
1935 10 0 0 0 0 0 0 0 0 0 0 0 
1936 10 0 0 0 0 0 0 0 0 0 0 0 
1937 10 0 0 0 0 0 0 0 0 0 0 0 
1938 10 0 0 0 0 0 0 0 0 0 0 0 
1939 10 0 0 0 0 0 0 0 0 0 0 0 
1940 10 0 0 0 0 0 0 0 0 0 0 0 
1941 10 0 0 0 0 0 0 0 0 0 0 0 
1942 10 0 0 0 0 0 0 0 0 0 0 0 
1943 10 0 0 0 0 0 0 0 0 0 0 0 
1944 10 0 0 0 0 0 0 0 0 0 0 0 
1945 10 0 0 0 0 0 0 0 0 0 0 0 
1946 10 0 0 0 0 0 0 0 0 0 0 0 
1947 10 0 0 0 0 0 0 0 0 0 0 0 
1948 10 0 0 0 0 0 0 0 0 0 0 0 
1949 10 0 0 0 0 0 0 0 0 0 0 0 
1950 10 0 0 0 0 0 0 0 0 0 0 0 
1951 10 0 0 0 0 0 0 0 0 0 0 0 
1952 10 0 0 0 0 0 0 0 0 0 0 0 
1953 10 0 0 0 0 0 0 0 0 0 0 0 
1954 10 0 0 0 0 0 0 0 0 0 0 0 
1955 10 0 0 0 0 0 0 0 0 0 0 0 
1956 10 0 0 0 0 0 0 0 0 0 0 0 
1957 10 0 0 0 0 0 0 0 0 0 0 0 
1958 10 0 0 0 0 0 0 0 0 0 0 0 
1959 10 0 0 0 0 0 0 0 0 0 0 0 
1960 10 0 0 0 0 0 0 0 0 0 0 0 
1961 10 0 0 0 0 0 0 0 0 0 0 0 
1962 10 0 0 0 0 0 0 0 0 0 0 0 
1963 10 0 0 0 0 0 0 0 0 0 0 0 
1964 10 0 0 0 0 0 0 0 0 0 0 0 
1965 10 0 0 0 0 0 0 0 0 0 0 0 
1966 10 0 0 0 0 0 0 0 0 0 0 0 
1967 10 0 0 0 0 0 0 0 0 0 0 0 
1968 10 0 0 0 0 0 0 0 0 0 0 0 
1969 10 0 0 0 0 0 0 0 0 0 0 0 
1970 10 0 0 0 0 0 0 0 0 0 0 0 
1971 10 0 0 0 0 0 0 0 0 0 0 0 
1972 10 0 0 0 0 0 0 0 0 0 0 0 
1973 10 0 0 0 0 0 0 0 0 0 0 0 
1974 10 0 0 0 0 0 0 0 0 0 0 0 
1975 10 0 0 0 0 0 0 0 0 0 0 0 
1976 10 0 0 0 0 0 0 0 0 0 0 0 
1977 10 0 0 0 0 0 0 0 0 0 0 0 
1978 10 0 0 0 0 0 0 0 0 0 0 0 
1979 10 0 0 0 0 0 0 0 0 0 0 0 
1980 10 0 0 0 0 0 0 0 0 0 0 0 
1981 10 0 0 0 0 0 0 0 0 0 0 0 
1982 10 0 0 0 0 0 0 0 0 0 0 0 
1983 10 0 0 0 0 0 0 0 0 0 0 0 
1984 10 0 0 0 0 0 0 0 0 0 0 0 
1985 10 0 0 0 0 0 0 0 0 0 0 0 
1986 10 0 0 0 0 0 0 0 0 0 0 0 
1987 10 0 0 0 0 0 0 0 0 0 0 0 
1988 10 0 0 0 0 0 0 0 0 0 0 0 
1989 10 0 0 0 0 0 0 0 0 0 0 0 
1990 10 0 0 0 0 0 0 0 0 0 0 0 
1991 10 0 0 0 0 0 0 0 0 0 0 0 
1992 10 0 0 0 0 0 0 0 0 0 0 0 
1993 10 0 0 0 0 0 0 0 0 0 0 0 
1994 10 0 0 0 0 0 0 0 0 0 0 0 
1995 10 0 0 0 0 0 0 0 0 0 0 0 
1996 10 0 0 0 0 0 0 0 0 0 0 0 
1997 10 0 0 0 0 0 0 0 0 0 0 0 
1998 10 0 0 0 0 0 0 0 0 0 0 0 
1999 10 0 0 0 0 0 0 0 0 0 0 0 
2000 10 0 0 0 0 0 0 0 0 0 0 0 
2001 10 0 0 0 0 0 0 0 0 0 0 0 
2002 10 0 0 0 0 0 0 0 0 0 0 0 
2003 10 0 0 0 0 0 0 0 0 0 0 0 
2004 10 0 0 0 0 0 0 0 0 0 0 0 
2005 10 0 0 0 0 0 0 0 0 0 0 0 
2006 10 0 0 0 0 0 0 0 0 0 0 0 
2007 10 0 0 0 0 0 0 0 0 0 0 0 
2008 10 0 0 0 0 0 0 0 0 0 0 0 
2009 10 0 0 0 0 0 0 0 0 0 0 0 
2010 10 0 0 0 0 0 0 0 0 0 0 0 
2011 10 0 0 0 0 0 0 0 0 0 0 0 
2012 10 0 0 0 0 0 0 0 0 0 0 0 
2013 10 0 0 0 0 0 0 0 0 0 0 0 
2014 10 0 0 0 0 0 0 0 0 0 0 0 
2015 10 0 0 0 0 0 0 0 0 0 0 0 
2016 10 0 0 0 0 0 0 0 0 0 0 0 
2017 10 0 0 0 0 0 0 0 0 0 0 0 
2018 10 0 0 0 0 0 0 0 0 0 0 0 
2019 10 0 0 0 0 0 0 0 0 0 0 0 
2020 10 0 0 0 0 0 0 0 0 0 0 0 
2021 10 0 0 0 0 0 0 0 0 0 0 0 
2022 10 0 0 0 0 0 0 0 0 0 0 0 
2023 10 0 0 0 0 0 0 0 0 0 0 0 
2024 10 0 0 0 0 0 0 0 0 0 0 0 
2025 10 0 0 0 0 0 0 0 0 0 0 0 
2026 10 0 0 0 0 0 0 0 0 0 0 0 
2027 10 0 0 0 0 0 0 0 0 0 0 0 
2028 10 0 0 0 0 0 0 0 0 0 0 0 
2029 10 0 0 0 0 0 0 0 0 0 0 0 
2030 10 0 0 0 0 0 0 0 0 0 0 0 
2031 10 0 0 0 0 0 0 0 0 0 0 0 
2032 10 0 0 0 0 0 0 0 0 0 0 0 
2033 10 0 0 0 0 0 0 0 0 0 0 0 
2034 10 0 0 0 0 0 0 0 0 0 0 0 
2035 10 0 0 0 0 0 0 0 0 0 0 0 
2036 10 0 0 0 0 0 0 0 0 0 0 0 
2037 10 0 0 0 0 0 0 0 0 0 0 0 
2038 10 0 0 0 0 0 0 0 0 0 0 0 
2039 10 0 0 0 0 0 0 0 0 0 0 0 
2040 10 0 0 0 0 0 0 0 0 0 0 0 
2041 10 0 0 0 0 0 0 0 0 0 0 0 
2042 10 0 0 0 0 0 0 0 0 0 0 0 
2043 10 0 0 0 0 0 0 0 0 0 0 0 
2044 10 0 0 0 0 0 0 0 0 0 0 0 
2045 10 0 0 0 0 0 0 0 0 0 0 0 
2046 10 0 0 0 0 0 0 0 0 0 0 0 

0 11 3 1 0.948079 11 -14 -44 -2 -40 0 -51 -2 -27 -2 -54 2 -61 3 -38 6 -39 10 -51 2 -30 -2 -39 8 0.656992 3 7 13 2 5 11 12 9 0.674419 2 -6 -65 10 -144 
1 11 3 1 0.408867 1 -13 1 2 0.408867 1 -4 14 3 0.978564 11 1 -9 -3 -7 0 -5 -4 1 2 14 -5 -2 -2 -9 -1 -10 1 -10 3 1 -5 -10 
2 11 2 2 0.542484 1 -3 17 8 0.983079 7 -5 -1 -2 5 2 10 -7 8 -7 9 -11 9 -3 5 
3 11 5 1 0.408867 1 -1 21 3 0.408867 1 2 3 5 0.54717 1 25 1 6 0.944444 8 10 -26 -4 -27 2 -5 -5 7 -4 -18 0 -18 -5 7 0 -25 9 0.725 2 -17 -32 24 -35 
4 11 11 0 0.304029 3 -7 -67 -9 35 -5 33 1 0.304029 3 11 18 17 -60 -10 -58 2 0.479769 6 -1 8 -1 7 1 17 4 9 0 -27 -1 -26 3 0.522952 7 0 16 -3 -12 1 -29 2 -23 5 -23 5 -29 -2 -1 4 0.556962 4 25 -15 53 -20 55 -20 -11 -27 5 0.656958 7 32 -2 35 12 39 10 39 0 39 -4 40 9 40 7 6 0.583906 7 -4 4 -3 -36 12 -21 -11 -22 -1 -29 -9 21 8 20 7 0.522952 7 5 -13 4 -16 2 -25 4 -27 3 -26 2 -26 -5 -27 8 0.430052 5 9 -13 7 -4 13 -8 15 10 11 -8 9 0.719008 9 31 -143 29 -144 5 -36 -16 -51 -9 -39 -33 -106 -23 -147 15 9 18 6 10 0.268139 2 4 4 17 -6 
5 11 3 1 0.878971 7 -5 -37 -7 -34 -10 -43 -2 22 -10 53 -6 -37 -10 48 2 0.674797 3 -2 18 1 7 -2 -10 8 0.805825 5 8 -7 13 10 9 -9 -3 -4 -4 3 
6 11 4 3 0.932584 5 -5 14 -5 10 -2 -7 2 7 2 10 5 0.674419 1 -28 9 8 0.542484 1 -4 10 9 0.674419 1 -11 -42 
7 11 4 1 0.304029 1 13 1 4 0.480874 1 -35 -14 5 0.987976 17 -31 5 -29 -13 -32 -8 -38 1 -40 3 -39 -3 -41 4 -37 -1 -29 -20 -27 16 -30 -2 -32 1 -31 -1 -27 -5 -31 -4 -30 15 -32 16 9 0.432836 1 0 -39 
8 11 4 1 0.838384 5 9 -19 14 -53 13 -48 13 -46 -13 -81 3 0.408867 1 6 -14 8 0.838384 5 4 9 17 -12 17 -12 15 -8 -2 6 9 0.725 2 29 -134 1 -81 
9 11 2 1 0.98679 9 1 27 2 23 10 22 -2 25 -1 24 -1 25 -12 43 3 -81 -6 -53 9 0.617021 1 0 -47 
10 11 4 0 0.542484 1 -5 38 1 0.542484 1 2 -48 8 0.932584 5 4 6 3 6 1 7 4 10 11 8 9 0.674419 1 -29 -112 
11 11 3 0 0.62406 1 -5 39 1 0.805825 2 -3 -30 9 -54 9 0.935484 3 -21 -80 19 -85 19 -119 
12 11 2 1 0.983079 14 1 -61 -5 -33 10 -29 7 -22 11 -53 3 -16 7 23 1 -16 11 -58 14 -58 2 -39 0 -34 6 -24 10 -38 9 0.674419 2 24 -121 -15 -13 
13 11 4 1 0.58042 1 -6 -38 3 0.917127 4 5 -16 6 -19 4 -19 1 -17 4 0.745763 1 -29 -24 9 0.707317 1 6 -82 
14 11 2 3 0.997269 44 6 18 6 19 5 18 4 16 5 19 3 24 0 14 1 13 0 13 3 -30 4 -20 -3 -23 -3 -19 1 -30 1 -29 -3 -21 -1 12 -3 -22 5 11 1 -20 -1 -5 4 -2 -4 5 6 0 6 8 5 8 -1 5 3 -18 -1 -1 -1 1 -1 2 -1 0 0 -12 6 1 1 8 1 0 -2 6 -1 5 1 -2 1 25 0 -1 -1 -10 4 0 3 27 9 0.247863 1 9 -38 
15 11 2 3 0.917127 4 1 27 0 27 0 27 4 -6 9 0.915789 3 14 -40 3 -63 -1 30 
16 11 4 0 0.542484 1 -9 -69 1 0.734513 2 4 2 -1 2 3 0.542484 1 5 -23 8 0.892473 4 3 12 2 12 5 11 -1 -2 
17 11 2 0 0.990817 13 -9 -5 -8 -36 -4 -12 -6 -32 -9 -43 -7 -53 -6 -39 -9 -32 -5 -56 -8 -43 -8 -28 -8 -29 -6 28 4 0.575163 1 21 17 
18 11 5 0 0.768519 2 -8 29 -6 22 1 0.768519 2 -1 -72 -8 -64 3 0.58042 1 -3 -30 8 0.58042 1 8 -10 10 0.639098 1 1 -30 
19 11 5 0 0.328063 1 -8 -25 6 0.57047 2 3 24 6 33 7 0.328063 1 0 -40 9 0.644444 2 7 -94 0 -66 10 0.955056 12 18 -27 16 -18 18 -19 18 33 5 11 13 3 12 10 5 13 9 7 -5 -13 18 -36 7 -16 
20 11 5 0 0.479769 1 -6 -45 3 0.892473 5 1 -28 1 -29 3 -27 0 -24 2 -25 6 0.541401 1 -6 -7 9 0.783784 2 -15 -73 -5 -18 10 0.541401 1 -10 -11 
21 11 2 3 0.341564 1 -2 20 8 0.992526 16 -16 13 -5 1 -12 9 -6 6 -5 0 -7 0 -14 3 -10 6 -9 12 -5 5 -11 5 8 10 -15 -5 4 0 4 -1 -2 8 
22 11 8 0 0.58042 3 -8 -7 -9 1 -1 51 1 0.721739 5 -11 -13 -10 18 -14 -75 -14 -16 -13 -75 3 0.768519 6 -3 29 -4 -13 -5 22 -4 -28 -3 -9 -2 25 4 0.468085 1 -51 18 6 0.346939 1 -7 12 8 0.293286 1 9 6 9 0.604167 2 -13 27 -24 24 10 0.52795 2 -6 -10 18 37 
23 11 4 0 0.430052 1 4 61 3 0.430052 1 -2 -12 8 0.943182 8 8 -1 8 2 12 9 11 6 9 12 14 5 6 13 6 9 9 0.74359 2 -23 11 22 -83 
24 11 5 0 0.85567 5 -6 -65 -8 -4 -9 -6 -9 -2 -8 -59 1 0.62406 2 1 -47 -7 -50 3 0.430052 1 -5 10 8 0.430052 1 -1 8 10 0.779817 3 2 -22 1 -20 2 -11 
25 11 3 0 0.917127 4 -6 6 -2 56 -1 -64 -3 -62 1 0.768519 2 -12 -63 13 -70 10 0.639098 1 -10 -15 
26 11 2 0 0.995005 24 -3 -12 2 -35 -9 -57 -7 8 3 47 -6 50 -9 -29 3 61 -5 4 9 45 7 44 7 54 4 53 7 46 -6 -59 2 44 -7 -7 -9 -7 -2 48 4 53 -4 -58 -5 -26 -9 -55 -5 -23 8 0.256966 1 -13 3 
27 11 3 0 0.973924 9 2 40 -2 39 -7 -4 7 44 -7 -25 -6 -19 -2 60 -6 47 -5 16 6 0.515152 1 2 11 9 0.591837 1 -2 -100 
28 11 8 0 0.601449 2 -3 -33 -9 5 1 0.713467 3 -3 -55 -16 56 -15 37 3 0.408867 1 -5 -7 4 0.594595 1 -43 4 6 0.761194 3 -9 -17 -8 -10 -9 -20 7 0.408867 1 1 -20 8 0.408867 1 0 -7 9 0.54717 1 5 -123 
29 11 6 0 0.430052 1 -6 -48 1 0.430052 1 17 -15 4 0.778761 2 -41 2 -39 3 6 0.68 2 1 8 -9 9 8 0.805825 4 -9 3 -11 13 -15 3 -12 13 9 0.74359 2 -25 -3 -19 31 
30 11 2 0 0.99692 39 -6 46 0 66 8 62 -3 45 -2 64 -7 57 -7 58 -6 53 -9 65 -1 61 -7 63 -6 66 4 57 -9 57 10 60 -4 54 10 62 -6 51 4 61 -2 47 -3 60 -3 65 -2 58 -1 59 0 46 3 57 -2 53 10 56 0 48 -9 62 10 52 10 57 9 53 10 53 -8 65 0 56 0 55 0 53 3 50 1 0.175476 1 0 54 
31 11 2 0 0.892473 1 0 56 3 0.892473 1 -5 -29 
32 11 3 0 0.925651 6 2 60 9 58 0 37 0 36 4 45 -5 40 3 0.479769 1 -5 8 9 0.861386 3 21 -88 -28 -71 -18 22 
33 11 2 8 0.99006 12 -14 7 -13 10 -13 5 -14 5 -14 3 -10 7 -3 -7 -9 3 -7 7 1 -12 -7 10 -6 9 9 0.54717 1 -30 -88 
34 11 4 3 0.389671 1 3 -14 6 0.639098 2 4 -32 1 -20 9 0.707317 2 -6 -35 10 -44 10 0.950311 9 18 15 16 -34 15 -37 18 13 10 22 16 -34 17 -36 16 -7 11 -2 
35 11 10 0 0.479769 2 -8 -28 5 -55 1 0.304029 1 1 60 2 0.304029 1 4 4 3 0.479769 2 -5 15 2 -20 5 0.432836 1 42 -18 6 0.726496 4 4 21 -7 10 4 -4 4 -30 7 0.479769 2 6 -38 5 -39 8 0.304029 1 -6 11 9 0.617021 2 -27 -106 4 -26 10 0.726496 4 17 13 14 20 9 -1 13 12 
36 11 6 2 0.304029 1 1 -6 3 0.304029 1 -3 17 6 0.9285 11 4 3 5 14 5 17 -1 7 5 5 2 18 3 11 2 17 0 4 2 8 2 7 8 0.304029 1 10 2 9 0.783784 4 19 -19 18 -18 2 -19 10 -99 10 0.541401 2 6 4 18 -17 
37 11 2 6 0.986733 7 4 -8 3 -9 -5 8 -4 8 -8 -15 -8 -19 -2 10 8 0.542484 1 0 -4 
38 11 2 7 0.58042 1 4 -16 10 0.984556 6 -10 37 -14 8 -12 -19 -14 11 -6 12 -9 -25 
39 11 2 7 0.997547 49 1 7 -2 22 2 23 -7 22 -5 12 0 9 -5 -1 -4 26 -6 21 -4 11 1 44 1 43 -4 28 -1 33 3 35 1 34 -3 36 1 41 -3 21 -3 38 3 -29 5 24 5 16 6 -23 4 -1 5 14 -6 26 -7 -7 8 30 8 -9 7 -5 -4 38 -1 22 5 -33 8 -25 2 -23 3 -26 -5 -15 7 -11 -5 -14 8 31 7 -8 8 18 1 20 -6 -29 0 18 0 17 2 19 0 -15 10 0.178197 1 -3 -29 
40 11 2 7 0.96139 12 1 -15 2 -21 -1 -4 3 -35 8 33 -5 37 -3 -7 -7 33 -4 -4 -5 36 7 -24 -3 -7 10 0.779817 4 2 -18 0 -20 4 -20 -16 -33 
41 11 2 7 0.98419 15 -1 7 -1 19 0 -17 6 42 -5 2 -6 -1 2 42 -5 -20 -4 5 -5 5 5 3 -3 -8 6 -3 -5 -1 -4 11 10 0.586207 2 -10 23 -4 24 
42 11 2 7 0.734513 2 -6 -40 -6 6 10 0.969582 6 -13 0 -1 -12 -6 5 -6 10 2 33 -13 37 
43 11 2 7 0.341564 1 8 6 8 0.992526 16 2 11 5 -2 5 -12 5 -10 -3 13 2 -7 3 -7 0 -13 8 -10 12 -10 16 -4 10 -9 11 -2 12 -8 14 -9 13 0 
44 11 3 2 0.832776 3 7 17 7 19 7 18 3 0.892473 4 4 4 6 24 2 30 4 30 8 0.542484 1 -3 -12 
45 11 9 0 0.389671 2 9 35 7 -10 1 0.58042 4 11 -27 10 -2 13 4 14 7 2 0.235127 1 7 -15 3 0.58042 4 1 -12 -2 30 5 18 6 20 6 0.56044 3 0 24 0 -5 9 18 7 0.643411 5 5 2 6 -44 6 -29 6 -4 6 -4 8 0.389671 2 11 13 17 1 9 0.527273 2 18 -108 26 -105 10 0.697865 5 11 16 9 -23 17 -28 14 -24 18 17 
46 11 7 0 0.389671 1 8 -3 1 0.389671 1 16 2 2 0.389671 1 7 10 6 0.934066 8 6 25 0 -3 1 -10 3 -2 9 26 3 6 3 -12 8 -31 7 0.389671 1 8 -4 9 0.527273 1 24 -100 10 0.449735 1 8 0 
47 11 2 3 0.992032 15 5 -15 6 -10 6 -6 3 -11 6 9 5 -24 2 -19 3 -18 5 5 5 26 3 3 4 -14 5 -23 1 30 5 12 6 0.414634 1 -1 -7 
48 11 3 3 0.509202 1 3 19 7 0.805825 3 5 -9 4 -4 6 -13 8 0.912088 5 14 13 11 11 7 -11 6 -9 8 -11 
49 11 3 0 0.805825 1 3 -17 2 0.805825 1 2 19 6 0.841584 1 0 37 
50 11 2 0 0.996569 35 3 -44 3 -11 7 3 10 30 8 -1 -1 0 0 -6 -1 -8 8 33 2 38 8 -19 5 -68 -2 -12 -2 -15 10 31 0 -68 4 -26 0 -7 0 -17 6 -19 8 -20 3 -60 5 36 6 27 6 29 0 -18 3 24 1 -6 -1 -30 2 -27 3 6 0 -9 1 7 1 14 -1 -51 6 0.232877 1 -3 37 
51 11 4 0 0.734513 1 -2 -8 3 0.734513 1 0 23 6 0.779817 1 0 -1 9 0.828571 1 -15 -21 
52 11 4 0 0.977109 36 8 -14 7 -30 0 -69 -4 -18 4 -35 -3 -38 3 -69 5 -42 7 -40 8 -59 4 -44 -7 -52 -4 -50 8 -37 10 -69 -1 23 10 -19 10 -29 7 -6 -1 11 6 -52 -4 -27 8 -6 -1 25 8 -69 -5 -19 9 -9 9 -60 -2 -2 -1 -48 -3 9 8 0 -5 -2 -4 -2 6 -7 10 -5 1 0.288194 2 4 -1 10 -53 3 0.16501 1 -2 7 4 0.64351 4 8 -1 -22 -17 -20 -15 34 -21 
53 11 11 0 0.560811 12 8 -43 4 -39 10 11 -8 6 -3 -69 -4 16 -5 68 6 69 3 -63 8 -65 3 -8 1 -54 1 0.447439 8 12 -3 10 -28 6 -7 6 -36 17 -22 9 15 11 -2 17 13 2 0.509202 10 3 5 1 1 3 -5 3 -8 5 -9 5 27 7 20 3 -16 -1 27 5 27 3 0.536113 11 4 -14 6 4 -5 9 1 -10 -2 -25 -4 12 0 -19 6 -2 -3 -22 2 -22 6 21 4 0.377682 3 42 -5 5 -22 50 -4 5 0.727599 14 -29 -8 -23 22 -28 -9 -37 22 -33 -10 11 16 1 -1 2 -4 -36 -10 -35 -12 -23 -9 4 -15 3 11 -25 -10 6 0.431472 6 -8 37 -9 25 13 13 -7 37 0 2 9 37 7 0.0853032 1 -1 45 8 0.583559 13 10 6 11 4 11 5 15 -1 13 -9 5 8 7 -7 2 -2 -3 -10 11 2 14 4 15 -1 1 -1 9 0.617021 9 -7 -116 -10 -136 -14 -130 2 -75 9 4 -5 -55 -1 -93 -1 -79 9 4 10 0.268139 3 9 37 5 37 5 -4 
54 11 3 1 0.932584 5 15 -83 0 -78 10 -41 8 -51 13 -76 2 0.734513 2 4 -26 2 -27 4 0.715447 1 14 -26 
55 11 7 0 0.315589 1 -5 18 1 0.315589 1 17 -39 3 0.792994 6 -4 -29 -1 -29 5 20 4 20 6 10 5 11 5 0.79452 4 5 0 6 11 4 -13 9 22 6 0.555556 2 7 33 7 30 7 0.315589 1 7 45 9 0.79452 4 1 -135 -7 -144 8 -63 -6 -101 
56 11 2 1 0.993351 18 17 16 14 14 3 17 0 -21 10 14 7 19 12 17 2 16 9 13 -2 -63 14 16 -6 -13 1 19 -10 15 1 16 -4 -48 -4 15 9 -59 8 0.315589 1 2 6 
57 11 3 1 0.876761 6 6 -60 8 14 9 16 10 -13 8 -49 10 -12 3 0.838384 5 -2 -30 -3 -27 2 -5 1 -4 3 -4 9 0.725 2 14 -59 -4 -18 
58 11 11 0 0.347523 12 5 68 7 67 10 68 10 -48 7 -47 5 -30 4 -28 5 -46 4 -16 8 22 6 -27 6 12 1 0.689478 42 14 37 7 56 0 56 -6 52 -5 56 -3 34 15 53 12 50 1 51 -1 -84 -3 -45 -1 -74 -3 -24 9 24 -2 -7 2 -82 -7 -81 5 -75 11 5 1 -67 14 -33 14 -50 13 -72 9 -55 10 -56 6 -18 2 -71 10 -41 -11 20 4 -32 -4 -82 13 -75 14 -75 -13 -75 2 -18 15 -76 1 -52 -1 -28 -7 -53 15 -63 -6 -65 1 7 2 0.403566 15 0 24 0 19 6 26 -5 -24 -4 -25 2 16 6 -24 2 -19 4 13 4 -22 7 1 -1 -23 4 -14 7 -27 7 -25 3 0.257964 8 -5 27 -1 -10 0 28 -5 18 -1 -2 -1 -15 -5 13 0 -10 4 0.716612 25 -24 -7 -19 -13 -19 -28 -24 -11 26 8 -49 -25 -50 -28 45 3 45 3 51 10 34 1 36 14 53 -16 32 13 -2 21 -1 22 25 18 17 15 33 19 19 14 -27 25 -26 25 -30 26 -34 24 -35 20 5 0.181628 3 -42 -21 -21 20 -21 19 6 0.528642 19 0 -35 12 -9 7 -35 12 -17 11 -17 7 -13 7 -11 -12 34 -6 -28 0 -34 -11 31 8 3 -8 34 -10 34 -4 34 2 32 -10 30 -10 30 -5 33 7 0.436707 17 -3 35 8 33 5 35 5 38 7 43 3 39 4 41 3 42 5 40 5 40 8 40 1 31 8 43 8 43 -7 21 -5 10 -6 -22 8 0.436707 17 17 -13 0 -13 -4 0 5 -13 2 7 -1 9 1 4 4 3 0 4 4 5 -5 2 6 1 15 8 3 -7 7 9 -2 7 -8 11 9 0.665392 24 -30 -142 -16 -79 -29 -141 -8 -60 24 -3 -2 10 28 5 -11 4 13 -124 -29 -144 -18 8 -3 0 -16 -111 -20 -110 -16 2 14 11 15 -49 -18 -1 -12 -18 8 30 4 -20 1 27 -7 -15 -5 -29 10 0.498104 17 -14 27 -13 28 -12 24 -16 20 -3 36 0 34 8 33 3 31 3 34 2 35 1 36 -10 0 -13 -34 12 31 -13 -2 18 17 -6 3 
59 11 9 0 0.142367 2 7 20 10 15 1 0.200969 3 2 -21 2 -23 17 -67 3 0.341564 6 0 11 -1 13 0 13 2 9 4 -19 5 -21 4 0.260355 2 -28 18 -34 15 6 0.904255 48 2 30 3 -14 4 -13 3 -11 2 6 -6 29 7 25 -11 10 -5 30 -4 6 7 4 -10 10 -3 24 -3 31 -10 -1 -1 30 2 -28 0 17 4 23 -9 5 -11 0 -2 6 11 -15 -2 24 -2 18 0 4 -1 23 -5 -1 5 -24 -10 -31 -11 -33 1 18 7 -11 -1 17 -2 6 -1 11 2 -16 -1 -1 -1 0 0 -26 -1 0 -3 10 1 -27 3 -18 -10 -5 -7 -6 0 -33 -10 -34 7 0.588652 15 8 -25 7 -40 -3 0 5 26 -1 -4 6 -30 4 -32 6 -32 2 -43 8 -29 8 -45 4 -45 4 -42 6 -36 3 -44 8 0.142367 2 4 -11 2 -6 9 0.305263 3 -5 -37 -26 -135 -18 35 10 0.733662 21 3 22 13 30 0 12 14 -3 1 15 13 -4 1 -17 13 -8 13 -13 15 -17 16 -3 15 14 8 -12 9 -8 13 -24 9 -3 18 -22 16 -30 7 -25 11 25 11 -19 
60 11 9 1 0.286536 3 -6 4 -12 -1 -9 -4 2 0.408867 5 -4 -16 -5 4 2 4 7 14 -4 22 3 0.408867 5 3 13 3 10 3 11 6 19 -4 24 4 0.215686 1 -15 -23 5 0.958678 40 -45 -5 -12 20 -9 19 -22 17 -10 15 -10 10 -11 9 -9 -6 -6 4 -4 17 -22 3 -8 1 -11 -7 -6 -1 -11 3 -13 3 -7 -8 -3 -18 -7 -18 -15 -2 -13 -15 -5 -9 -7 -11 -39 -9 -13 -18 -20 14 -20 15 -19 14 -19 13 -17 7 -19 -19 -22 5 -24 3 0 3 -19 -19 -23 7 -22 -4 1 -5 -24 -17 -25 13 6 0.142379 1 -5 27 7 0.286536 3 -4 15 -6 25 5 32 9 0.59589 6 28 -81 -29 -93 15 -54 -24 -102 -25 -19 25 -111 10 0.142379 1 11 24 
61 11 11 0 0.682362 66 -3 7 -2 -12 -6 20 -8 18 0 -29 -9 12 -8 14 -1 -28 -6 12 -7 12 -3 11 -2 8 -5 17 -7 12 -4 9 -6 15 1 -21 0 -37 0 -34 -2 36 10 -25 4 -8 -1 -37 -2 -26 1 17 3 -23 3 -17 7 -21 -1 8 1 17 0 35 4 13 0 29 2 31 2 -25 0 -32 7 -29 3 14 10 -34 1 -35 -1 30 3 31 4 -36 -2 23 2 33 4 5 9 16 -1 28 9 -9 7 23 7 -2 -9 68 -4 25 -1 38 6 35 9 -11 -7 66 3 -40 3 -9 9 36 4 -8 8 36 -7 67 6 35 1 34 5 34 1 0.461111 30 6 -42 14 -11 10 9 5 11 -11 12 1 9 -7 58 -11 42 -11 -63 -4 -45 -12 40 2 -62 4 -61 -11 43 -6 -8 6 38 1 42 17 48 -3 -18 14 -47 6 -37 1 55 -6 -12 2 39 4 44 -1 -26 -14 -23 17 42 4 24 2 -12 2 0.34305 19 6 -6 -1 25 7 8 7 -4 4 23 -2 -12 -3 13 -4 22 6 12 -4 20 4 -6 5 11 4 13 1 16 1 -12 -2 16 7 21 0 -2 3 -18 3 0.461111 30 -4 -16 3 25 3 27 -4 17 -3 24 -3 0 4 0 -3 27 6 1 3 -8 5 25 5 27 5 25 -5 25 -5 26 -3 14 6 27 4 26 3 28 -5 -17 -5 -15 6 2 -2 27 6 -3 -2 28 2 29 6 29 5 -11 1 28 4 -9 4 0.760226 49 -10 -17 -21 -8 -19 -14 -23 -24 -49 -20 -48 -21 1 -15 7 -17 -41 -11 -42 -19 -43 -7 -36 -19 -26 0 18 -11 -54 -21 -44 -13 -47 0 -51 -11 -50 -5 -35 1 -52 -8 -46 2 -43 -2 -49 4 -44 16 -54 3 -26 19 -41 17 -42 -6 -51 24 -22 14 -40 -1 25 -16 -36 25 -45 25 -51 26 -54 26 -37 27 -30 26 -11 21 -44 28 -35 28 -34 -2 -26 2 -31 -18 -23 -3 -31 -17 -29 -4 13 -9 5 0.65387 37 -26 -16 -27 0 -36 -9 3 19 9 19 10 6 -36 -6 12 10 9 10 12 11 10 9 25 -14 11 11 14 7 29 -19 12 4 -36 -18 22 -8 -41 -13 -40 -20 20 -16 -36 -17 -37 10 -45 6 -39 -12 -34 -6 -43 12 -31 19 -34 15 -45 12 -42 16 -35 -3 42 -20 -33 12 -35 14 -37 14 -38 15 6 0.400645 19 -4 34 -5 34 5 23 -3 35 2 21 -7 7 3 11 10 22 -3 -15 -4 -17 -2 -18 -7 -7 -2 -8 7 4 -2 33 4 36 6 30 8 30 4 31 7 0.330239 18 -5 33 2 -1 8 21 8 -3 -4 -15 4 -10 3 -9 8 -17 8 -5 -3 -8 5 2 -2 8 1 36 8 29 4 27 4 32 8 33 8 38 8 0.274575 14 7 1 2 -4 -7 1 3 0 16 10 14 13 4 -3 1 1 -16 -1 -15 -2 15 -1 9 1 16 11 16 9 9 0.539535 24 1 -105 21 -34 17 -72 24 -85 13 -38 25 -5 -20 -72 -28 -98 5 -64 -24 35 -13 -59 22 -62 -19 -119 3 -17 -4 -62 16 -55 -6 -48 -4 -82 -21 -96 3 -15 28 21 7 -24 -19 -12 -10 -112 10 0.342466 15 -1 18 10 11 2 -5 10 15 12 15 -5 11 -3 -13 14 -20 -1 15 16 -13 16 32 16 30 18 34 18 29 8 31 
62 11 8 1 0.567198 3 -2 -81 3 3 4 -49 2 0.648438 4 2 11 7 6 -1 10 -5 26 3 0.283276 1 -5 -20 4 0.735376 3 -7 -20 25 26 39 23 7 0.648438 4 -3 17 -7 16 -4 15 -3 34 8 0.453552 2 9 2 2 5 9 0.408451 1 -17 -33 10 0.702479 4 -6 22 -4 19 -8 30 -8 32 
63 11 3 1 0.929972 8 7 -17 7 -16 5 -24 1 36 13 31 -1 -9 5 -14 14 28 2 0.78673 4 -3 20 -1 -3 6 20 -3 -19 3 0.408867 1 2 28 
64 11 5 1 0.509202 4 -9 -17 3 -31 9 35 5 -35 2 0.328063 2 6 25 -4 -22 3 0.328063 2 -3 4 -2 -10 8 0.96139 27 8 -2 3 -3 11 5 5 4 0 2 7 -2 14 2 7 -3 8 -5 13 4 1 6 8 1 11 -4 12 -4 6 11 11 -2 15 -3 15 -6 13 -8 12 -8 2 1 10 2 17 -5 8 -6 17 7 15 -5 17 -4 9 0.292929 1 -16 -2 
65 11 5 0 0.408867 1 10 66 1 0.78673 4 14 44 8 41 1 -9 6 44 2 0.838384 5 6 -10 -6 -23 3 -20 3 -18 6 -16 8 0.408867 1 15 -8 9 0.725 2 -15 -20 -25 -64 
66 11 2 0 0.315589 1 7 4 1 0.993351 18 -6 43 9 7 -9 -48 17 47 -8 -49 10 -71 14 30 17 -69 6 -81 10 -63 5 32 -4 38 10 49 -7 -22 16 21 8 -74 -6 29 -11 30 
67 11 6 1 0.904632 8 4 -74 17 34 6 30 13 -84 -16 -11 15 -67 -10 31 -14 2 4 0.556962 1 25 28 6 0.431472 1 -9 26 7 0.372197 1 1 43 9 0.783784 3 23 -53 21 -45 4 17 10 0.431472 1 -10 17 
68 11 5 0 0.674797 3 5 -3 5 24 9 6 1 0.846939 6 8 25 10 44 7 -14 14 50 17 1 7 8 3 0.560811 2 4 0 6 22 8 0.372197 1 12 3 9 0.783784 3 -4 -23 3 10 -22 -46 
69 11 4 1 0.70339 2 -3 31 -12 29 2 0.86911 4 -6 -4 -4 2 5 0 -1 11 8 0.70339 2 -14 -3 -7 -12 9 0.644444 1 -22 6 
70 11 2 2 0.22252 1 -6 19 8 0.995863 29 -5 -3 -3 5 -10 1 -3 2 -3 1 -12 -6 -9 -5 -14 5 -6 -7 -8 -3 -7 0 -5 -4 -11 -4 -12 7 -9 11 -6 10 -7 -4 -2 1 -16 -2 -2 5 -17 2 -16 1 -13 2 -17 0 -5 -2 -7 -4 -9 -4 -8 -4 -9 0 
71 11 7 0 0.372197 1 -3 4 1 0.560811 2 -15 -82 5 -79 2 0.904632 8 -4 -9 -6 -18 -4 -17 -5 15 -6 -12 -2 5 -2 -15 -3 -20 3 0.372197 1 3 5 5 0.508772 1 29 6 9 0.508772 1 -26 9 10 0.431472 1 -9 31 
72 11 4 0 0.408867 1 -4 26 2 0.408867 1 -2 0 3 0.965116 10 -4 -14 -1 21 -3 21 -3 25 -4 13 -3 -15 -2 3 -3 21 0 -18 -1 -18 8 0.408867 1 -5 -9 
73 11 8 3 0.648438 10 2 -15 4 -9 5 23 1 -27 6 -9 1 -9 -2 -8 6 21 -4 -9 -4 16 4 0.637681 5 41 -11 41 -13 17 -4 42 -18 37 -9 5 0.639706 6 16 -12 26 -4 20 7 22 21 40 -3 40 -17 6 0.56541 6 0 -10 -1 26 -4 15 -9 -7 -3 -27 -3 -21 7 0.648438 10 3 -33 -4 -35 4 -34 -4 -32 -3 -33 -1 -21 8 11 -5 -31 1 6 5 19 8 0.133226 1 -14 12 9 0.455497 3 -5 2 -3 -137 -27 17 10 0.783926 14 9 7 10 22 12 18 13 16 5 23 8 0 10 -6 7 -12 7 -3 6 -2 16 22 8 13 0 12 6 9 
74 11 6 3 0.221333 5 -1 24 -5 22 -4 -20 1 -10 1 -11 4 0.105012 1 17 -10 5 0.0881459 1 20 5 6 0.883809 63 -5 -23 -5 23 -11 -27 -9 -8 -10 -6 6 -20 -5 -34 -3 23 -3 17 -7 -6 -6 -16 -8 22 -6 19 -8 -25 -3 28 -7 -4 -8 -30 -6 -3 -6 -25 3 26 -8 -5 -9 -14 5 -25 -7 25 -2 16 -8 23 -2 1 -4 8 -5 24 -3 0 -12 -32 -7 16 -9 16 -6 -32 -9 23 -8 11 -9 23 -11 25 -6 1 -5 -34 -4 -34 -12 -30 -10 -16 -8 17 -8 13 -6 -35 -7 -28 -8 -36 -5 -13 -11 -20 -12 7 -6 6 -11 -9 -11 -31 -9 -7 -6 1 -9 31 -3 5 -4 3 -11 27 -9 17 -12 24 -12 28 7 0.749436 40 8 16 2 9 5 17 -1 3 1 -40 1 21 4 -22 -1 20 -1 -4 1 -8 -3 -26 1 -41 3 -41 4 -22 0 -4 2 23 3 1 3 -21 2 -9 -3 -38 -1 -6 -1 -24 8 -21 1 -42 4 -44 2 19 0 -17 -3 -17 5 -18 4 6 -1 10 0 21 1 -11 2 -17 0 18 -1 24 2 -10 0 15 1 13 0 16 10 0.798396 41 9 -4 14 6 10 -34 -4 22 6 5 -3 8 6 24 12 19 0 -26 0 7 0 4 6 13 1 31 13 10 0 -34 2 0 -1 13 0 -1 -5 24 -6 -2 7 -26 8 12 1 5 -3 21 5 4 7 -32 -2 -21 4 -34 1 -14 6 -16 4 14 7 -23 2 -32 -2 -35 4 11 15 16 -8 26 17 -27 0 8 1 21 -10 28 
75 11 5 1 0.542484 4 8 -65 10 -65 -11 -38 -1 -33 2 0.211196 1 3 -21 3 0.948079 22 -2 15 4 27 6 27 3 5 3 5 4 18 -3 23 5 19 6 -14 5 -11 -4 -18 2 -14 0 18 4 -6 3 -4 1 2 -3 -4 6 26 1 -14 -1 -6 -2 5 6 25 9 0.6 3 21 -64 -31 25 21 -75 10 0.414634 2 -3 -25 -1 26 
76 11 11 0 0.118911 2 -8 -47 -1 31 1 0.490678 13 -14 42 -15 4 0 10 -15 0 -15 15 -6 -36 7 -83 -4 -80 10 -3 -16 -18 -7 8 4 -45 -11 -6 2 0.511444 14 -2 -22 -1 -22 -6 -6 -2 0 -2 15 -3 14 -2 -15 -3 -15 -4 -17 -1 -8 -1 -11 -4 -4 -4 -5 -2 13 3 0.329926 7 0 7 0 4 0 21 1 12 2 14 2 18 -2 11 4 0.671362 13 44 -20 -19 -8 -45 3 -52 -10 -43 1 -53 -26 -47 -26 -54 -14 -45 -24 -52 5 -50 -25 -40 8 -47 9 5 0.583181 11 -19 -1 -26 10 -6 10 -22 -13 -37 -1 -37 -5 -38 -7 -37 -7 -40 -9 -34 13 -45 -5 6 0.506226 11 -12 -4 -8 -30 -12 -11 -5 -34 7 -17 -11 -11 -12 -35 -3 -2 -11 -9 -5 -34 -3 -3 7 0.118911 2 6 24 0 26 8 0.511444 14 -16 13 -17 8 6 6 3 13 -13 9 -3 4 -10 6 4 8 1 13 -16 12 5 -7 -3 7 -2 6 -1 5 9 0.722149 19 5 -72 -11 -19 -12 -59 -8 24 -4 -111 4 -56 3 -132 -6 -3 11 -138 -4 -2 -10 -111 11 -125 -17 22 -21 -68 4 -76 -15 -38 -8 35 1 -25 -3 -8 10 0.655704 19 -5 -2 -2 34 -5 -6 3 -5 -12 -30 2 -3 -3 -2 17 -30 -7 -2 -6 -29 -10 -34 -9 26 -3 -31 -13 28 0 -16 -3 -7 -13 -4 -14 -3 -4 -16 
77 11 2 7 0.542484 1 0 -13 10 0.986733 7 5 -12 0 -9 -12 -10 0 -10 -1 -12 0 -9 0 -8 
78 11 3 3 0.861592 3 -5 25 -5 20 -4 -29 4 0.929577 3 -20 -13 -41 11 -45 7 8 0.58042 1 -16 -5 
79 11 2 3 0.996362 33 -3 0 -2 -10 -5 -17 1 9 -5 19 -5 -19 -1 -11 -3 21 0 10 -4 -17 -1 2 1 6 0 -4 -3 19 2 19 0 -22 1 26 3 11 -3 11 3 22 2 -2 0 20 5 26 4 -6 3 3 4 21 5 -2 4 -19 1 22 6 -3 1 19 6 -24 5 25 9 0.305263 1 -6 -82 
80 11 2 7 0.734513 5 1 -37 3 -33 -6 -25 -7 44 -7 -18 10 0.969582 15 -8 30 -12 -35 -13 -32 -15 -22 -15 -24 -17 -28 -14 36 -17 36 -14 -18 -14 3 -11 -4 -17 -23 -15 4 -12 -26 -17 -33 
81 11 2 7 0.973924 9 -7 39 -1 -6 -6 17 -6 -25 5 3 -4 -16 -7 17 5 2 6 2 10 0.702479 2 -14 10 -17 10 
82 11 2 7 0.99707 41 1 10 0 45 -5 29 -3 26 -2 44 -2 19 -5 37 2 43 -2 22 -1 6 -3 27 -6 37 2 -18 -4 36 -6 3 -4 -23 3 -18 -2 -3 -6 -2 -1 -3 -3 -6 3 37 -6 33 -3 33 -3 -28 4 -3 -5 -4 -2 -32 -6 -34 -5 37 -6 -33 2 -3 -7 -12 -2 7 -7 -33 -2 -38 3 -20 -5 -3 -4 2 -4 -2 2 -17 10 0.205811 1 -3 22 
83 11 2 7 0.846939 4 -6 -17 1 -31 4 -31 0 -39 10 0.940959 6 -4 -6 -6 -8 -6 0 -2 28 -6 1 -6 -23 
84 11 7 1 0.734513 4 -7 23 -6 22 -6 17 -8 18 2 0.356223 1 -5 -2 4 0.802432 3 -18 7 -28 11 5 11 5 0.674419 2 -13 17 24 16 8 0.542484 2 -8 4 -9 4 9 0.674419 2 -24 -8 -33 -5 10 0.602837 2 -16 37 -17 -21 
85 11 2 5 0.986395 5 -26 15 -5 -6 -32 15 10 14 14 9 7 0.62406 1 -1 -33 
86 11 2 1 0.674797 1 -12 9 4 0.985994 4 -19 -8 -31 9 -20 -4 -28 -2 
87 11 2 2 0.983079 7 5 20 1 19 1 25 3 10 7 11 3 7 2 6 5 0.674419 1 6 22 
88 11 2 5 0.966667 2 -18 10 -19 15 8 0.805825 1 -17 5 
89 11 2 1 0.196217 1 -3 22 8 0.996469 34 -15 5 -15 2 -14 0 -16 3 -17 -1 -17 -13 -16 -3 -17 -8 -13 -4 -17 -4 -16 -8 -14 -10 -15 -5 -6 -2 -9 -3 -11 -2 -11 -1 -16 -8 -14 -6 -14 -8 -13 -10 -13 -8 -7 -8 -6 -12 -3 -5 -7 -4 -11 -9 -8 -12 -8 -5 -7 -5 -10 -6 -8 -9 -7 -11 -1 -9 
90 11 2 7 0.97076 4 3 -8 0 -14 -4 -15 0 8 10 0.726496 1 -15 -2 
91 11 7 0 0.525316 2 -8 25 -4 40 1 0.525316 2 -1 18 -1 9 2 0.640103 3 1 27 0 8 1 6 7 0.341564 1 3 29 8 0.718615 4 -16 -7 -8 3 -5 -11 -6 -2 9 0.816901 4 -33 -39 -31 3 -31 -20 -33 -41 10 0.399061 1 -17 0 
92 11 5 1 0.734513 2 -5 8 -3 5 2 0.734513 2 7 3 2 1 3 0.542484 1 -4 29 8 0.734513 2 -13 -7 -6 -12 9 0.674419 1 -19 -16 
93 11 2 1 0.892473 1 -12 -36 2 0.892473 1 4 4 
94 11 2 1 0.283276 1 -15 -39 2 0.994296 21 -5 6 5 1 -2 1 -5 -7 6 -3 -3 -8 -6 0 -6 1 2 17 -4 0 3 -18 -2 -10 1 19 -3 -7 5 -17 -4 9 4 -14 3 -12 -2 -7 -2 27 4 -3 
95 11 7 1 0.542484 2 -8 -45 -5 -45 2 0.356223 1 -1 22 4 0.539877 1 24 -21 7 0.790476 5 1 -20 1 -21 1 -22 1 -40 7 -41 8 0.656992 3 -16 -10 0 -9 -1 -10 9 0.491525 1 -26 -143 10 0.710306 3 -15 -29 -6 -26 -13 -37 
96 11 6 1 0.674797 2 -15 10 -5 -81 2 0.479769 1 7 0 3 0.780564 3 -1 1 3 -3 -5 -5 4 0.661654 1 -11 -19 7 0.674797 2 -6 -44 4 -36 10 0.541401 1 -11 -30 
97 11 2 4 0.991948 14 10 11 -35 3 -1 15 8 -2 -29 8 6 7 -21 3 -5 -1 -26 -8 -4 11 -43 8 5 -3 -44 5 4 -4 5 0.674419 2 -29 21 -36 19 
98 11 2 1 0.356223 1 -8 -47 2 0.992032 15 3 19 1 22 -6 18 6 23 5 23 -4 3 4 10 5 -7 6 24 -5 -3 5 20 2 15 -5 -15 7 19 7 20 
99 11 2 2 0.304029 1 5 -10 8 0.993699 19 -5 -5 -11 -6 -5 -9 -10 -2 -7 -6 -11 -11 0 -9 -15 -8 3 -9 -14 -9 -10 -8 -13 -10 -3 -13 -5 -8 -14 -12 -9 -11 -12 -12 -10 -12 -11 -10 
100 11 5 1 0.408867 1 -3 1 3 0.601449 2 -5 18 -5 13 5 0.54717 1 -18 -9 7 0.906396 7 -3 24 -3 27 -5 17 0 28 -3 24 1 28 -5 20 8 0.601449 2 -10 -12 -5 -8 
101 11 2 5 0.993769 11 -21 -16 -15 -13 -6 -14 -14 -20 -15 4 -19 21 -11 21 -14 -18 -33 16 -32 15 -16 -21 9 0.568627 1 -27 -94 
102 11 2 2 0.996362 33 -1 4 -3 1 -3 2 0 2 1 19 2 18 2 -24 4 16 2 11 5 -27 7 14 -1 -27 -1 11 4 -14 4 -1 -1 -15 -3 -19 0 -16 0 -17 -3 -16 -6 -18 -6 6 -1 -7 -3 -27 -1 -4 -5 -4 -3 6 -3 -13 -1 -12 -2 -13 4 -11 5 -18 5 -20 9 0.305263 1 -25 -20 
103 11 6 1 0.932584 10 -14 -72 -8 -2 -16 -57 -11 -3 -15 -26 -12 -2 -14 -18 -16 -59 -16 3 -14 -5 2 0.356223 1 -2 25 4 0.539877 1 -22 -22 5 0.491525 1 19 4 7 0.356223 1 -7 -32 9 0.674419 2 -33 -57 -30 -13 
104 11 4 1 0.328063 1 -16 -4 2 0.966722 14 -3 26 7 -5 4 -6 7 -7 -5 23 -2 -6 -5 -12 -3 12 -6 -14 1 -25 -5 5 -5 -3 -6 4 -6 10 7 0.509202 2 1 -37 -7 -39 9 0.460317 1 -30 -33 
105 11 2 2 0.99855 83 5 -9 5 -27 6 3 5 -10 7 -4 5 -3 5 -6 7 2 2 4 7 -26 3 -5 -6 -3 2 -26 -2 -1 0 -5 1 0 -5 1 6 -5 4 -23 0 -3 1 -27 -5 9 7 9 4 -5 0 -8 3 15 7 13 -1 5 -6 -2 -2 -22 -3 -14 1 -22 -1 -18 0 -15 6 -23 -5 27 -2 -11 -5 19 -1 -4 -2 0 -5 24 -3 -5 -1 4 4 8 2 -7 0 -4 1 14 0 15 1 -5 1 27 3 -4 1 17 1 21 -6 -21 -4 10 -4 -4 -6 -16 -2 6 0 22 -5 -15 0 -11 -1 -17 -5 23 -2 -21 -2 -19 -1 -11 -2 -17 1 20 2 -16 4 -25 -1 -24 -2 -22 -5 19 -5 -9 -6 -14 0 -22 -2 -22 -4 -23 2 -24 -5 -24 -4 -27 -5 -26 -1 -27 5 0.148718 1 12 2 
106 11 2 2 0.892473 1 -1 12 4 0.946237 1 -34 -17 
107 11 5 1 0.304029 1 -9 -39 2 0.304029 1 0 -17 4 0.756447 3 -36 -25 -38 -28 -39 -8 5 0.935484 10 -29 1 -1 -10 -25 -11 -30 -8 -13 -6 4 -19 -33 -6 -40 17 -41 13 -42 7 7 0.734513 5 -7 -40 -1 -39 3 -41 -2 -41 -5 -42 
