10 132 0
0 0 -1 19 21 16 11 45 46 2 1 32 7686 
1 1 -1 22 11 5 7 40 29 3 5 32 212 
2 1 -1 22 5 0 21 39 46 8 1 32 -799 
3 2 -1 1 2 0 0 44 15 1 9 32 -976 
4 2 -1 17 9 21 13 46 24 1 11 32 7315 
5 2 95 0 0 0 0 0 0 0 0 0 0 
6 2 -1 8 16 14 5 37 22 10 13 32 -4565 
7 3 -1 1 12 17 8 40 39 4 3 32 -1278 
8 3 -1 0 45 0 0 28 10 0 0 30 64 
9 3 -1 15 13 0 0 44 43 3 4 32 -511 
10 3 -1 3 20 4 2 28 24 15 10 32 -5307 
11 3 0 0 0 0 0 0 0 0 0 0 0 
12 3 0 0 0 0 0 0 0 0 0 0 0 
13 3 -1 20 16 11 0 42 20 1 9 32 -1616 
14 3 -1 19 18 16 21 42 46 4 1 32 19426 
15 4 0 0 0 0 0 0 0 0 0 0 0 
16 4 -1 3 22 18 6 45 36 2 8 32 -1528 
17 4 -1 5 21 0 0 24 46 0 0 17 26 
18 4 30 0 0 0 0 0 0 0 0 0 0 
19 4 -1 2 0 21 11 36 44 6 2 32 5310 
20 4 -1 18 11 6 2 37 16 6 12 32 -881 
21 4 -1 21 7 18 0 44 23 1 11 32 -770 
22 4 -1 18 10 16 0 46 31 1 11 32 -696 
23 4 0 0 0 0 0 0 0 0 0 0 0 
24 4 0 0 0 0 0 0 0 0 0 0 0 
25 4 0 0 0 0 0 0 0 0 0 0 0 
26 4 0 0 0 0 0 0 0 0 0 0 0 
27 4 -1 13 10 8 2 32 32 8 8 32 -4521 
28 4 -1 16 16 19 7 39 40 2 1 32 6389 
29 4 -1 0 7 21 6 34 29 9 11 32 2943 
30 4 -1 7 14 2 4 14 34 27 5 32 -3718 
31 5 0 0 0 0 0 0 0 0 0 0 0 
32 5 0 0 0 0 0 0 0 0 0 0 0 
33 5 -1 8 0 15 17 29 34 2 3 32 -621 
34 5 -1 14 16 7 12 39 40 6 7 32 -1375 
35 5 -1 5 18 0 0 35 22 0 0 18 28 
36 5 -1 1 19 10 5 31 35 8 10 32 -900 
37 5 0 0 0 0 0 0 0 0 0 0 0 
38 5 0 0 0 0 0 0 0 0 0 0 0 
39 5 -1 22 23 0 0 2 11 0 0 3 17 
40 5 35 0 0 0 0 0 0 0 0 0 0 
41 5 -1 14 18 20 0 41 40 5 1 32 -118 
42 5 -1 7 22 1 4 12 29 20 6 32 -2399 
43 5 -1 9 20 6 4 46 26 1 11 32 20 
44 5 -1 22 22 4 5 30 33 17 12 32 -6821 
45 5 -1 21 6 7 12 46 43 1 3 32 2271 
46 5 -1 1 22 22 13 23 44 1 1 32 7764 
47 5 0 0 0 0 0 0 0 0 0 0 0 
48 5 0 0 0 0 0 0 0 0 0 0 0 
49 5 0 0 0 0 0 0 0 0 0 0 0 
50 5 0 0 0 0 0 0 0 0 0 0 0 
51 5 0 0 0 0 0 0 0 0 0 0 0 
52 5 0 0 0 0 0 0 0 0 0 0 0 
53 5 0 0 0 0 0 0 0 0 0 0 0 
54 5 0 0 0 0 0 0 0 0 0 0 0 
55 5 -1 4 19 19 18 25 44 15 2 32 33260 
56 5 -1 20 20 12 6 38 42 7 2 32 5096 
57 5 -1 14 18 13 19 31 41 15 4 32 9308 
58 5 -1 22 17 12 4 35 41 6 1 32 3830 
59 5 -1 10 20 15 12 34 39 5 4 32 5867 
60 5 128 0 0 0 0 0 0 0 0 0 0 
61 5 129 0 0 0 0 0 0 0 0 0 0 
62 5 -1 20 20 0 0 38 0 0 0 18 -10 
63 6 0 0 0 0 0 0 0 0 0 0 0 
64 6 0 0 0 0 0 0 0 0 0 0 0 
65 6 0 0 0 0 0 0 0 0 0 0 0 
66 6 0 0 0 0 0 0 0 0 0 0 0 
67 6 1 0 0 0 0 0 0 0 0 0 0 
68 6 -1 10 19 0 0 45 22 0 0 1 -7 
69 6 6 0 0 0 0 0 0 0 0 0 0 
70 6 -1 14 5 0 0 33 33 0 0 16 24 
71 6 -1 22 6 16 20 43 29 4 13 32 -2391 
72 6 -1 7 18 0 0 27 25 0 0 6 -42 
73 6 28 0 0 0 0 0 0 0 0 0 0 
74 6 29 0 0 0 0 0 0 0 0 0 0 
75 6 0 0 0 0 0 0 0 0 0 0 0 
76 6 0 0 0 0 0 0 0 0 0 0 0 
77 6 0 0 0 0 0 0 0 0 0 0 0 
78 6 0 0 0 0 0 0 0 0 0 0 0 
79 6 -1 9 19 11 20 26 43 16 3 32 -1900 
80 6 34 0 0 0 0 0 0 0 0 0 0 
81 6 0 0 0 0 0 0 0 0 0 0 0 
82 6 0 0 0 0 0 0 0 0 0 0 0 
83 6 -1 7 4 12 10 27 45 12 2 32 1355 
84 6 40 0 0 0 0 0 0 0 0 0 0 
85 6 41 0 0 0 0 0 0 0 0 0 0 
86 6 42 0 0 0 0 0 0 0 0 0 0 
87 6 -1 6 45 0 0 14 21 0 0 17 18 
88 6 -1 20 22 20 1 44 24 2 8 32 195 
89 6 -1 13 11 10 5 33 39 5 6 32 1014 
90 6 -1 1 20 1 21 3 42 23 4 32 -3346 
91 6 -1 7 12 7 17 41 34 1 11 32 3094 
92 6 -1 16 8 2 6 30 28 16 17 32 -8874 
93 6 -1 1 9 5 20 35 31 3 3 32 -83 
94 6 -1 3 10 0 1 20 40 11 7 32 -880 
95 6 0 0 0 0 0 0 0 0 0 0 0 
96 6 0 0 0 0 0 0 0 0 0 0 0 
97 6 0 0 0 0 0 0 0 0 0 0 0 
98 6 0 0 0 0 0 0 0 0 0 0 0 
99 6 0 0 0 0 0 0 0 0 0 0 0 
100 6 0 0 0 0 0 0 0 0 0 0 0 
101 6 0 0 0 0 0 0 0 0 0 0 0 
102 6 0 0 0 0 0 0 0 0 0 0 0 
103 6 0 0 0 0 0 0 0 0 0 0 0 
104 6 0 0 0 0 0 0 0 0 0 0 0 
105 6 0 0 0 0 0 0 0 0 0 0 0 
106 6 0 0 0 0 0 0 0 0 0 0 0 
107 6 0 0 0 0 0 0 0 0 0 0 0 
108 6 0 0 0 0 0 0 0 0 0 0 0 
109 6 0 0 0 0 0 0 0 0 0 0 0 
110 6 0 0 0 0 0 0 0 0 0 0 0 
111 6 -1 19 15 14 1 42 28 4 8 32 -1704 
112 6 108 0 0 0 0 0 0 0 0 0 0 
113 6 -1 18 22 13 22 42 44 2 2 32 27550 
114 6 -1 10 2 16 0 42 8 4 20 32 -7709 
115 6 120 0 0 0 0 0 0 0 0 0 0 
116 6 121 0 0 0 0 0 0 0 0 0 0 
117 6 122 0 0 0 0 0 0 0 0 0 0 
118 6 -1 26 43 0 0 13 28 0 0 9 2 
119 6 126 0 0 0 0 0 0 0 0 0 0 
120 6 127 0 0 0 0 0 0 0 0 0 0 
121 6 0 0 0 0 0 0 0 0 0 0 0 
122 6 0 0 0 0 0 0 0 0 0 0 0 
123 6 0 0 0 0 0 0 0 0 0 0 0 
124 6 0 0 0 0 0 0 0 0 0 0 0 
125 6 130 0 0 0 0 0 0 0 0 0 0 
126 6 131 0 0 0 0 0 0 0 0 0 0 
127 7 0 0 0 0 0 0 0 0 0 0 0 
128 7 0 0 0 0 0 0 0 0 0 0 0 
129 7 0 0 0 0 0 0 0 0 0 0 0 
130 7 0 0 0 0 0 0 0 0 0 0 0 
131 7 0 0 0 0 0 0 0 0 0 0 0 
132 7 0 0 0 0 0 0 0 0 0 0 0 
133 7 0 0 0 0 0 0 0 0 0 0 0 
134 7 0 0 0 0 0 0 0 0 0 0 0 
135 7 0 0 0 0 0 0 0 0 0 0 0 
136 7 0 0 0 0 0 0 0 0 0 0 0 
137 7 -1 10 33 0 0 45 2 0 0 1 -11 
138 7 5 0 0 0 0 0 0 0 0 0 0 
139 7 0 0 0 0 0 0 0 0 0 0 0 
140 7 0 0 0 0 0 0 0 0 0 0 0 
141 7 7 0 0 0 0 0 0 0 0 0 0 
142 7 -1 10 8 16 8 44 32 2 6 32 -290 
143 7 -1 20 40 0 0 46 9 0 0 16 -3 
144 7 -1 35 7 0 0 16 9 0 0 0 -45 
145 7 -1 3 9 10 9 46 23 1 23 32 -1795 
146 7 -1 6 1 0 0 17 6 0 0 7 -2 
147 7 0 0 0 0 0 0 0 0 0 0 0 
148 7 0 0 0 0 0 0 0 0 0 0 0 
149 7 0 0 0 0 0 0 0 0 0 0 0 
150 7 0 0 0 0 0 0 0 0 0 0 0 
151 7 0 0 0 0 0 0 0 0 0 0 0 
152 7 0 0 0 0 0 0 0 0 0 0 0 
153 7 0 0 0 0 0 0 0 0 0 0 0 
154 7 0 0 0 0 0 0 0 0 0 0 0 
155 7 0 0 0 0 0 0 0 0 0 0 0 
156 7 0 0 0 0 0 0 0 0 0 0 0 
157 7 0 0 0 0 0 0 0 0 0 0 0 
158 7 0 0 0 0 0 0 0 0 0 0 0 
159 7 31 0 0 0 0 0 0 0 0 0 0 
160 7 -1 22 5 21 17 45 45 2 1 32 9617 
161 7 0 0 0 0 0 0 0 0 0 0 0 
162 7 0 0 0 0 0 0 0 0 0 0 0 
163 7 0 0 0 0 0 0 0 0 0 0 0 
164 7 0 0 0 0 0 0 0 0 0 0 0 
165 7 0 0 0 0 0 0 0 0 0 0 0 
166 7 0 0 0 0 0 0 0 0 0 0 0 
167 7 -1 3 1 8 7 16 27 31 4 32 -3487 
168 7 -1 15 1 0 1 16 29 24 8 32 -5970 
169 7 0 0 0 0 0 0 0 0 0 0 0 
170 7 0 0 0 0 0 0 0 0 0 0 0 
171 7 0 0 0 0 0 0 0 0 0 0 0 
172 7 0 0 0 0 0 0 0 0 0 0 0 
173 7 0 0 0 0 0 0 0 0 0 0 0 
174 7 0 0 0 0 0 0 0 0 0 0 0 
175 7 -1 2 17 12 22 29 41 3 1 32 5326 
176 7 -1 1 18 19 11 38 30 5 3 32 3789 
177 7 52 0 0 0 0 0 0 0 0 0 0 
178 7 -1 3 11 12 15 46 26 1 18 32 6064 
179 7 -1 13 11 15 10 34 30 8 11 32 1977 
180 7 -1 2 17 20 22 41 40 2 2 32 17705 
181 7 66 0 0 0 0 0 0 0 0 0 0 
182 7 -1 14 4 0 0 15 33 0 0 16 26 
183 7 70 0 0 0 0 0 0 0 0 0 0 
184 7 -1 22 18 2 13 44 41 3 6 32 44 
185 7 -1 18 8 0 5 46 17 1 24 32 -1596 
186 7 -1 18 8 0 0 40 45 0 0 9 12 
187 7 -1 8 13 15 0 37 33 4 1 32 -124 
188 7 -1 6 21 1 5 26 29 17 9 32 -2133 
189 7 -1 6 22 0 0 10 8 0 0 18 13 
190 7 94 0 0 0 0 0 0 0 0 0 0 
191 7 0 0 0 0 0 0 0 0 0 0 0 
192 7 0 0 0 0 0 0 0 0 0 0 0 
193 7 0 0 0 0 0 0 0 0 0 0 0 
194 7 0 0 0 0 0 0 0 0 0 0 0 
195 7 0 0 0 0 0 0 0 0 0 0 0 
196 7 0 0 0 0 0 0 0 0 0 0 0 
197 7 0 0 0 0 0 0 0 0 0 0 0 
198 7 0 0 0 0 0 0 0 0 0 0 0 
199 7 0 0 0 0 0 0 0 0 0 0 0 
200 7 0 0 0 0 0 0 0 0 0 0 0 
201 7 0 0 0 0 0 0 0 0 0 0 0 
202 7 0 0 0 0 0 0 0 0 0 0 0 
203 7 0 0 0 0 0 0 0 0 0 0 0 
204 7 0 0 0 0 0 0 0 0 0 0 0 
205 7 0 0 0 0 0 0 0 0 0 0 0 
206 7 0 0 0 0 0 0 0 0 0 0 0 
207 7 0 0 0 0 0 0 0 0 0 0 0 
208 7 0 0 0 0 0 0 0 0 0 0 0 
209 7 0 0 0 0 0 0 0 0 0 0 0 
210 7 0 0 0 0 0 0 0 0 0 0 0 
211 7 0 0 0 0 0 0 0 0 0 0 0 
212 7 0 0 0 0 0 0 0 0 0 0 0 
213 7 0 0 0 0 0 0 0 0 0 0 0 
214 7 0 0 0 0 0 0 0 0 0 0 0 
215 7 0 0 0 0 0 0 0 0 0 0 0 
216 7 0 0 0 0 0 0 0 0 0 0 0 
217 7 0 0 0 0 0 0 0 0 0 0 0 
218 7 0 0 0 0 0 0 0 0 0 0 0 
219 7 0 0 0 0 0 0 0 0 0 0 0 
220 7 0 0 0 0 0 0 0 0 0 0 0 
221 7 0 0 0 0 0 0 0 0 0 0 0 
222 7 0 0 0 0 0 0 0 0 0 0 0 
223 7 -1 15 11 21 4 42 15 5 13 32 63 
224 7 -1 13 13 1 12 32 38 9 6 32 -5593 
225 7 0 0 0 0 0 0 0 0 0 0 0 
226 7 0 0 0 0 0 0 0 0 0 0 0 
227 7 -1 43 24 0 0 12 12 0 0 11 -12 
228 7 113 0 0 0 0 0 0 0 0 0 0 
229 7 114 0 0 0 0 0 0 0 0 0 0 
230 7 -1 21 26 0 0 0 26 0 0 5 -31 
231 7 0 0 0 0 0 0 0 0 0 0 0 
232 7 0 0 0 0 0 0 0 0 0 0 0 
233 7 0 0 0 0 0 0 0 0 0 0 0 
234 7 0 0 0 0 0 0 0 0 0 0 0 
235 7 0 0 0 0 0 0 0 0 0 0 0 
236 7 0 0 0 0 0 0 0 0 0 0 0 
237 7 -1 10 35 0 0 23 31 0 0 15 35 
238 7 125 0 0 0 0 0 0 0 0 0 0 
239 7 0 0 0 0 0 0 0 0 0 0 0 
240 7 0 0 0 0 0 0 0 0 0 0 0 
241 7 0 0 0 0 0 0 0 0 0 0 0 
242 7 0 0 0 0 0 0 0 0 0 0 0 
243 7 0 0 0 0 0 0 0 0 0 0 0 
244 7 0 0 0 0 0 0 0 0 0 0 0 
245 7 0 0 0 0 0 0 0 0 0 0 0 
246 7 0 0 0 0 0 0 0 0 0 0 0 
247 7 0 0 0 0 0 0 0 0 0 0 0 
248 7 0 0 0 0 0 0 0 0 0 0 0 
249 7 0 0 0 0 0 0 0 0 0 0 0 
250 7 0 0 0 0 0 0 0 0 0 0 0 
251 7 0 0 0 0 0 0 0 0 0 0 0 
252 7 0 0 0 0 0 0 0 0 0 0 0 
253 7 0 0 0 0 0 0 0 0 0 0 0 
254 7 0 0 0 0 0 0 0 0 0 0 0 
255 8 0 0 0 0 0 0 0 0 0 0 0 
256 8 0 0 0 0 0 0 0 0 0 0 0 
257 8 0 0 0 0 0 0 0 0 0 0 0 
258 8 0 0 0 0 0 0 0 0 0 0 0 
259 8 0 0 0 0 0 0 0 0 0 0 0 
260 8 0 0 0 0 0 0 0 0 0 0 0 
261 8 0 0 0 0 0 0 0 0 0 0 0 
262 8 0 0 0 0 0 0 0 0 0 0 0 
263 8 0 0 0 0 0 0 0 0 0 0 0 
264 8 0 0 0 0 0 0 0 0 0 0 0 
265 8 0 0 0 0 0 0 0 0 0 0 0 
266 8 0 0 0 0 0 0 0 0 0 0 0 
267 8 0 0 0 0 0 0 0 0 0 0 0 
268 8 0 0 0 0 0 0 0 0 0 0 0 
269 8 0 0 0 0 0 0 0 0 0 0 0 
270 8 0 0 0 0 0 0 0 0 0 0 0 
271 8 0 0 0 0 0 0 0 0 0 0 0 
272 8 0 0 0 0 0 0 0 0 0 0 0 
273 8 0 0 0 0 0 0 0 0 0 0 0 
274 8 0 0 0 0 0 0 0 0 0 0 0 
275 8 -1 27 15 0 0 20 7 0 0 2 11 
276 8 4 0 0 0 0 0 0 0 0 0 0 
277 8 0 0 0 0 0 0 0 0 0 0 0 
278 8 0 0 0 0 0 0 0 0 0 0 0 
279 8 0 0 0 0 0 0 0 0 0 0 0 
280 8 0 0 0 0 0 0 0 0 0 0 0 
281 8 0 0 0 0 0 0 0 0 0 0 0 
282 8 0 0 0 0 0 0 0 0 0 0 0 
283 8 0 0 0 0 0 0 0 0 0 0 0 
284 8 0 0 0 0 0 0 0 0 0 0 0 
285 8 -1 7 37 0 0 10 45 0 0 3 -5 
286 8 11 0 0 0 0 0 0 0 0 0 0 
287 8 12 0 0 0 0 0 0 0 0 0 0 
288 8 13 0 0 0 0 0 0 0 0 0 0 
289 8 -1 12 5 5 2 31 31 12 16 32 -627 
290 8 -1 23 28 0 0 47 39 0 0 15 28 
291 8 22 0 0 0 0 0 0 0 0 0 0 
292 8 -1 26 17 0 0 45 45 0 0 1 9 
293 8 26 0 0 0 0 0 0 0 0 0 0 
294 8 27 0 0 0 0 0 0 0 0 0 0 
295 8 0 0 0 0 0 0 0 0 0 0 0 
296 8 0 0 0 0 0 0 0 0 0 0 0 
297 8 0 0 0 0 0 0 0 0 0 0 0 
298 8 0 0 0 0 0 0 0 0 0 0 0 
299 8 0 0 0 0 0 0 0 0 0 0 0 
300 8 0 0 0 0 0 0 0 0 0 0 0 
301 8 0 0 0 0 0 0 0 0 0 0 0 
302 8 0 0 0 0 0 0 0 0 0 0 0 
303 8 0 0 0 0 0 0 0 0 0 0 0 
304 8 0 0 0 0 0 0 0 0 0 0 0 
305 8 0 0 0 0 0 0 0 0 0 0 0 
306 8 0 0 0 0 0 0 0 0 0 0 0 
307 8 0 0 0 0 0 0 0 0 0 0 0 
308 8 0 0 0 0 0 0 0 0 0 0 0 
309 8 0 0 0 0 0 0 0 0 0 0 0 
310 8 0 0 0 0 0 0 0 0 0 0 0 
311 8 0 0 0 0 0 0 0 0 0 0 0 
312 8 0 0 0 0 0 0 0 0 0 0 0 
313 8 0 0 0 0 0 0 0 0 0 0 0 
314 8 0 0 0 0 0 0 0 0 0 0 0 
315 8 0 0 0 0 0 0 0 0 0 0 0 
316 8 0 0 0 0 0 0 0 0 0 0 0 
317 8 0 0 0 0 0 0 0 0 0 0 0 
318 8 0 0 0 0 0 0 0 0 0 0 0 
319 8 0 0 0 0 0 0 0 0 0 0 0 
320 8 0 0 0 0 0 0 0 0 0 0 0 
321 8 32 0 0 0 0 0 0 0 0 0 0 
322 8 33 0 0 0 0 0 0 0 0 0 0 
323 8 0 0 0 0 0 0 0 0 0 0 0 
324 8 0 0 0 0 0 0 0 0 0 0 0 
325 8 0 0 0 0 0 0 0 0 0 0 0 
326 8 0 0 0 0 0 0 0 0 0 0 0 
327 8 0 0 0 0 0 0 0 0 0 0 0 
328 8 0 0 0 0 0 0 0 0 0 0 0 
329 8 0 0 0 0 0 0 0 0 0 0 0 
330 8 0 0 0 0 0 0 0 0 0 0 0 
331 8 0 0 0 0 0 0 0 0 0 0 0 
332 8 0 0 0 0 0 0 0 0 0 0 0 
333 8 0 0 0 0 0 0 0 0 0 0 0 
334 8 0 0 0 0 0 0 0 0 0 0 0 
335 8 36 0 0 0 0 0 0 0 0 0 0 
336 8 37 0 0 0 0 0 0 0 0 0 0 
337 8 38 0 0 0 0 0 0 0 0 0 0 
338 8 39 0 0 0 0 0 0 0 0 0 0 
339 8 0 0 0 0 0 0 0 0 0 0 0 
340 8 0 0 0 0 0 0 0 0 0 0 0 
341 8 0 0 0 0 0 0 0 0 0 0 0 
342 8 0 0 0 0 0 0 0 0 0 0 0 
343 8 0 0 0 0 0 0 0 0 0 0 0 
344 8 0 0 0 0 0 0 0 0 0 0 0 
345 8 0 0 0 0 0 0 0 0 0 0 0 
346 8 0 0 0 0 0 0 0 0 0 0 0 
347 8 0 0 0 0 0 0 0 0 0 0 0 
348 8 0 0 0 0 0 0 0 0 0 0 0 
349 8 0 0 0 0 0 0 0 0 0 0 0 
350 8 0 0 0 0 0 0 0 0 0 0 0 
351 8 -1 25 21 0 0 2 10 0 0 1 -1 
352 8 -1 16 21 3 15 33 41 7 5 32 1004 
353 8 50 0 0 0 0 0 0 0 0 0 0 
354 8 51 0 0 0 0 0 0 0 0 0 0 
355 8 0 0 0 0 0 0 0 0 0 0 0 
356 8 0 0 0 0 0 0 0 0 0 0 0 
357 8 -1 6 13 22 20 39 35 3 1 32 15034 
358 8 55 0 0 0 0 0 0 0 0 0 0 
359 8 -1 26 40 0 0 39 36 0 0 5 8 
360 8 -1 15 22 20 13 45 46 1 1 32 9624 
361 8 -1 13 44 0 0 42 29 0 0 16 -24 
362 8 65 0 0 0 0 0 0 0 0 0 0 
363 8 0 0 0 0 0 0 0 0 0 0 0 
364 8 0 0 0 0 0 0 0 0 0 0 0 
365 8 -1 17 4 17 11 40 19 7 20 32 1826 
366 8 69 0 0 0 0 0 0 0 0 0 0 
367 8 0 0 0 0 0 0 0 0 0 0 0 
368 8 0 0 0 0 0 0 0 0 0 0 0 
369 8 71 0 0 0 0 0 0 0 0 0 0 
370 8 -1 0 13 15 22 33 35 9 7 32 9628 
371 8 -1 30 42 0 0 47 2 0 0 17 -16 
372 8 -1 23 32 0 0 3 30 0 0 0 -11 
373 8 -1 1 44 0 0 40 1 0 0 3 -9 
374 8 83 0 0 0 0 0 0 0 0 0 0 
375 8 84 0 0 0 0 0 0 0 0 0 0 
376 8 85 0 0 0 0 0 0 0 0 0 0 
377 8 86 0 0 0 0 0 0 0 0 0 0 
378 8 87 0 0 0 0 0 0 0 0 0 0 
379 8 -1 9 15 12 1 33 18 9 10 32 -2046 
380 8 -1 17 25 0 0 19 19 0 0 17 5 
381 8 0 0 0 0 0 0 0 0 0 0 0 
382 8 0 0 0 0 0 0 0 0 0 0 0 
383 8 0 0 0 0 0 0 0 0 0 0 0 
384 8 0 0 0 0 0 0 0 0 0 0 0 
385 8 0 0 0 0 0 0 0 0 0 0 0 
386 8 0 0 0 0 0 0 0 0 0 0 0 
387 8 0 0 0 0 0 0 0 0 0 0 0 
388 8 0 0 0 0 0 0 0 0 0 0 0 
389 8 0 0 0 0 0 0 0 0 0 0 0 
390 8 0 0 0 0 0 0 0 0 0 0 0 
391 8 0 0 0 0 0 0 0 0 0 0 0 
392 8 0 0 0 0 0 0 0 0 0 0 0 
393 8 0 0 0 0 0 0 0 0 0 0 0 
394 8 0 0 0 0 0 0 0 0 0 0 0 
395 8 0 0 0 0 0 0 0 0 0 0 0 
396 8 0 0 0 0 0 0 0 0 0 0 0 
397 8 0 0 0 0 0 0 0 0 0 0 0 
398 8 0 0 0 0 0 0 0 0 0 0 0 
399 8 0 0 0 0 0 0 0 0 0 0 0 
400 8 0 0 0 0 0 0 0 0 0 0 0 
401 8 0 0 0 0 0 0 0 0 0 0 0 
402 8 0 0 0 0 0 0 0 0 0 0 0 
403 8 0 0 0 0 0 0 0 0 0 0 0 
404 8 0 0 0 0 0 0 0 0 0 0 0 
405 8 0 0 0 0 0 0 0 0 0 0 0 
406 8 0 0 0 0 0 0 0 0 0 0 0 
407 8 0 0 0 0 0 0 0 0 0 0 0 
408 8 0 0 0 0 0 0 0 0 0 0 0 
409 8 0 0 0 0 0 0 0 0 0 0 0 
410 8 0 0 0 0 0 0 0 0 0 0 0 
411 8 0 0 0 0 0 0 0 0 0 0 0 
412 8 0 0 0 0 0 0 0 0 0 0 0 
413 8 0 0 0 0 0 0 0 0 0 0 0 
414 8 0 0 0 0 0 0 0 0 0 0 0 
415 8 0 0 0 0 0 0 0 0 0 0 0 
416 8 0 0 0 0 0 0 0 0 0 0 0 
417 8 0 0 0 0 0 0 0 0 0 0 0 
418 8 0 0 0 0 0 0 0 0 0 0 0 
419 8 0 0 0 0 0 0 0 0 0 0 0 
420 8 0 0 0 0 0 0 0 0 0 0 0 
421 8 0 0 0 0 0 0 0 0 0 0 0 
422 8 0 0 0 0 0 0 0 0 0 0 0 
423 8 0 0 0 0 0 0 0 0 0 0 0 
424 8 0 0 0 0 0 0 0 0 0 0 0 
425 8 0 0 0 0 0 0 0 0 0 0 0 
426 8 0 0 0 0 0 0 0 0 0 0 0 
427 8 0 0 0 0 0 0 0 0 0 0 0 
428 8 0 0 0 0 0 0 0 0 0 0 0 
429 8 0 0 0 0 0 0 0 0 0 0 0 
430 8 0 0 0 0 0 0 0 0 0 0 0 
431 8 0 0 0 0 0 0 0 0 0 0 0 
432 8 0 0 0 0 0 0 0 0 0 0 0 
433 8 0 0 0 0 0 0 0 0 0 0 0 
434 8 0 0 0 0 0 0 0 0 0 0 0 
435 8 0 0 0 0 0 0 0 0 0 0 0 
436 8 0 0 0 0 0 0 0 0 0 0 0 
437 8 0 0 0 0 0 0 0 0 0 0 0 
438 8 0 0 0 0 0 0 0 0 0 0 0 
439 8 0 0 0 0 0 0 0 0 0 0 0 
440 8 0 0 0 0 0 0 0 0 0 0 0 
441 8 0 0 0 0 0 0 0 0 0 0 0 
442 8 0 0 0 0 0 0 0 0 0 0 0 
443 8 0 0 0 0 0 0 0 0 0 0 0 
444 8 0 0 0 0 0 0 0 0 0 0 0 
445 8 0 0 0 0 0 0 0 0 0 0 0 
446 8 0 0 0 0 0 0 0 0 0 0 0 
447 8 -1 11 4 0 0 39 12 0 0 1 9 
448 8 -1 19 15 6 5 27 20 17 9 32 -10859 
449 8 -1 18 4 9 22 27 29 18 3 32 17673 
450 8 -1 0 18 15 8 19 45 26 2 32 792 
451 8 0 0 0 0 0 0 0 0 0 0 0 
452 8 0 0 0 0 0 0 0 0 0 0 0 
453 8 0 0 0 0 0 0 0 0 0 0 0 
454 8 0 0 0 0 0 0 0 0 0 0 0 
455 8 -1 9 33 0 0 40 18 0 0 1 19 
456 8 112 0 0 0 0 0 0 0 0 0 0 
457 8 0 0 0 0 0 0 0 0 0 0 0 
458 8 0 0 0 0 0 0 0 0 0 0 0 
459 8 0 0 0 0 0 0 0 0 0 0 0 
460 8 0 0 0 0 0 0 0 0 0 0 0 
461 8 115 0 0 0 0 0 0 0 0 0 0 
462 8 -1 18 8 0 0 36 34 0 0 16 -28 
463 8 0 0 0 0 0 0 0 0 0 0 0 
464 8 0 0 0 0 0 0 0 0 0 0 0 
465 8 0 0 0 0 0 0 0 0 0 0 0 
466 8 0 0 0 0 0 0 0 0 0 0 0 
467 8 0 0 0 0 0 0 0 0 0 0 0 
468 8 0 0 0 0 0 0 0 0 0 0 0 
469 8 0 0 0 0 0 0 0 0 0 0 0 
470 8 0 0 0 0 0 0 0 0 0 0 0 
471 8 0 0 0 0 0 0 0 0 0 0 0 
472 8 0 0 0 0 0 0 0 0 0 0 0 
473 8 0 0 0 0 0 0 0 0 0 0 0 
474 8 0 0 0 0 0 0 0 0 0 0 0 
475 8 123 0 0 0 0 0 0 0 0 0 0 
476 8 124 0 0 0 0 0 0 0 0 0 0 
477 8 0 0 0 0 0 0 0 0 0 0 0 
478 8 0 0 0 0 0 0 0 0 0 0 0 
479 8 0 0 0 0 0 0 0 0 0 0 0 
480 8 0 0 0 0 0 0 0 0 0 0 0 
481 8 0 0 0 0 0 0 0 0 0 0 0 
482 8 0 0 0 0 0 0 0 0 0 0 0 
483 8 0 0 0 0 0 0 0 0 0 0 0 
484 8 0 0 0 0 0 0 0 0 0 0 0 
485 8 0 0 0 0 0 0 0 0 0 0 0 
486 8 0 0 0 0 0 0 0 0 0 0 0 
487 8 0 0 0 0 0 0 0 0 0 0 0 
488 8 0 0 0 0 0 0 0 0 0 0 0 
489 8 0 0 0 0 0 0 0 0 0 0 0 
490 8 0 0 0 0 0 0 0 0 0 0 0 
491 8 0 0 0 0 0 0 0 0 0 0 0 
492 8 0 0 0 0 0 0 0 0 0 0 0 
493 8 0 0 0 0 0 0 0 0 0 0 0 
494 8 0 0 0 0 0 0 0 0 0 0 0 
495 8 0 0 0 0 0 0 0 0 0 0 0 
496 8 0 0 0 0 0 0 0 0 0 0 0 
497 8 0 0 0 0 0 0 0 0 0 0 0 
498 8 0 0 0 0 0 0 0 0 0 0 0 
499 8 0 0 0 0 0 0 0 0 0 0 0 
500 8 0 0 0 0 0 0 0 0 0 0 0 
501 8 0 0 0 0 0 0 0 0 0 0 0 
502 8 0 0 0 0 0 0 0 0 0 0 0 
503 8 0 0 0 0 0 0 0 0 0 0 0 
504 8 0 0 0 0 0 0 0 0 0 0 0 
505 8 0 0 0 0 0 0 0 0 0 0 0 
506 8 0 0 0 0 0 0 0 0 0 0 0 
507 8 0 0 0 0 0 0 0 0 0 0 0 
508 8 0 0 0 0 0 0 0 0 0 0 0 
509 8 0 0 0 0 0 0 0 0 0 0 0 
510 8 0 0 0 0 0 0 0 0 0 0 0 
511 9 0 0 0 0 0 0 0 0 0 0 0 
512 9 0 0 0 0 0 0 0 0 0 0 0 
513 9 0 0 0 0 0 0 0 0 0 0 0 
514 9 0 0 0 0 0 0 0 0 0 0 0 
515 9 0 0 0 0 0 0 0 0 0 0 0 
516 9 0 0 0 0 0 0 0 0 0 0 0 
517 9 0 0 0 0 0 0 0 0 0 0 0 
518 9 0 0 0 0 0 0 0 0 0 0 0 
519 9 0 0 0 0 0 0 0 0 0 0 0 
520 9 0 0 0 0 0 0 0 0 0 0 0 
521 9 0 0 0 0 0 0 0 0 0 0 0 
522 9 0 0 0 0 0 0 0 0 0 0 0 
523 9 0 0 0 0 0 0 0 0 0 0 0 
524 9 0 0 0 0 0 0 0 0 0 0 0 
525 9 0 0 0 0 0 0 0 0 0 0 0 
526 9 0 0 0 0 0 0 0 0 0 0 0 
527 9 0 0 0 0 0 0 0 0 0 0 0 
528 9 0 0 0 0 0 0 0 0 0 0 0 
529 9 0 0 0 0 0 0 0 0 0 0 0 
530 9 0 0 0 0 0 0 0 0 0 0 0 
531 9 0 0 0 0 0 0 0 0 0 0 0 
532 9 0 0 0 0 0 0 0 0 0 0 0 
533 9 0 0 0 0 0 0 0 0 0 0 0 
534 9 0 0 0 0 0 0 0 0 0 0 0 
535 9 0 0 0 0 0 0 0 0 0 0 0 
536 9 0 0 0 0 0 0 0 0 0 0 0 
537 9 0 0 0 0 0 0 0 0 0 0 0 
538 9 0 0 0 0 0 0 0 0 0 0 0 
539 9 0 0 0 0 0 0 0 0 0 0 0 
540 9 0 0 0 0 0 0 0 0 0 0 0 
541 9 0 0 0 0 0 0 0 0 0 0 0 
542 9 0 0 0 0 0 0 0 0 0 0 0 
543 9 0 0 0 0 0 0 0 0 0 0 0 
544 9 0 0 0 0 0 0 0 0 0 0 0 
545 9 0 0 0 0 0 0 0 0 0 0 0 
546 9 0 0 0 0 0 0 0 0 0 0 0 
547 9 0 0 0 0 0 0 0 0 0 0 0 
548 9 0 0 0 0 0 0 0 0 0 0 0 
549 9 0 0 0 0 0 0 0 0 0 0 0 
550 9 0 0 0 0 0 0 0 0 0 0 0 
551 9 2 0 0 0 0 0 0 0 0 0 0 
552 9 3 0 0 0 0 0 0 0 0 0 0 
553 9 0 0 0 0 0 0 0 0 0 0 0 
554 9 0 0 0 0 0 0 0 0 0 0 0 
555 9 0 0 0 0 0 0 0 0 0 0 0 
556 9 0 0 0 0 0 0 0 0 0 0 0 
557 9 0 0 0 0 0 0 0 0 0 0 0 
558 9 0 0 0 0 0 0 0 0 0 0 0 
559 9 0 0 0 0 0 0 0 0 0 0 0 
560 9 0 0 0 0 0 0 0 0 0 0 0 
561 9 0 0 0 0 0 0 0 0 0 0 0 
562 9 0 0 0 0 0 0 0 0 0 0 0 
563 9 0 0 0 0 0 0 0 0 0 0 0 
564 9 0 0 0 0 0 0 0 0 0 0 0 
565 9 0 0 0 0 0 0 0 0 0 0 0 
566 9 0 0 0 0 0 0 0 0 0 0 0 
567 9 0 0 0 0 0 0 0 0 0 0 0 
568 9 0 0 0 0 0 0 0 0 0 0 0 
569 9 0 0 0 0 0 0 0 0 0 0 0 
570 9 0 0 0 0 0 0 0 0 0 0 0 
571 9 8 0 0 0 0 0 0 0 0 0 0 
572 9 -1 17 2 0 0 23 42 0 0 1 -11 
573 9 0 0 0 0 0 0 0 0 0 0 0 
574 9 0 0 0 0 0 0 0 0 0 0 0 
575 9 0 0 0 0 0 0 0 0 0 0 0 
576 9 0 0 0 0 0 0 0 0 0 0 0 
577 9 0 0 0 0 0 0 0 0 0 0 0 
578 9 0 0 0 0 0 0 0 0 0 0 0 
579 9 -1 0 1 0 0 18 32 0 0 4 -27 
580 9 -1 2 23 0 0 24 11 0 0 4 -12 
581 9 -1 17 4 0 0 8 25 0 0 13 -71 
582 9 -1 21 4 12 14 36 38 11 1 32 2306 
583 9 0 0 0 0 0 0 0 0 0 0 0 
584 9 0 0 0 0 0 0 0 0 0 0 0 
585 9 -1 31 44 0 0 40 26 0 0 1 -3 
586 9 25 0 0 0 0 0 0 0 0 0 0 
587 9 0 0 0 0 0 0 0 0 0 0 0 
588 9 0 0 0 0 0 0 0 0 0 0 0 
589 9 0 0 0 0 0 0 0 0 0 0 0 
590 9 0 0 0 0 0 0 0 0 0 0 0 
591 9 0 0 0 0 0 0 0 0 0 0 0 
592 9 0 0 0 0 0 0 0 0 0 0 0 
593 9 0 0 0 0 0 0 0 0 0 0 0 
594 9 0 0 0 0 0 0 0 0 0 0 0 
595 9 0 0 0 0 0 0 0 0 0 0 0 
596 9 0 0 0 0 0 0 0 0 0 0 0 
597 9 0 0 0 0 0 0 0 0 0 0 0 
598 9 0 0 0 0 0 0 0 0 0 0 0 
599 9 0 0 0 0 0 0 0 0 0 0 0 
600 9 0 0 0 0 0 0 0 0 0 0 0 
601 9 0 0 0 0 0 0 0 0 0 0 0 
602 9 0 0 0 0 0 0 0 0 0 0 0 
603 9 0 0 0 0 0 0 0 0 0 0 0 
604 9 0 0 0 0 0 0 0 0 0 0 0 
605 9 0 0 0 0 0 0 0 0 0 0 0 
606 9 0 0 0 0 0 0 0 0 0 0 0 
607 9 0 0 0 0 0 0 0 0 0 0 0 
608 9 0 0 0 0 0 0 0 0 0 0 0 
609 9 0 0 0 0 0 0 0 0 0 0 0 
610 9 0 0 0 0 0 0 0 0 0 0 0 
611 9 0 0 0 0 0 0 0 0 0 0 0 
612 9 0 0 0 0 0 0 0 0 0 0 0 
613 9 0 0 0 0 0 0 0 0 0 0 0 
614 9 0 0 0 0 0 0 0 0 0 0 0 
615 9 0 0 0 0 0 0 0 0 0 0 0 
616 9 0 0 0 0 0 0 0 0 0 0 0 
617 9 0 0 0 0 0 0 0 0 0 0 0 
618 9 0 0 0 0 0 0 0 0 0 0 0 
619 9 0 0 0 0 0 0 0 0 0 0 0 
620 9 0 0 0 0 0 0 0 0 0 0 0 
621 9 0 0 0 0 0 0 0 0 0 0 0 
622 9 0 0 0 0 0 0 0 0 0 0 0 
623 9 0 0 0 0 0 0 0 0 0 0 0 
624 9 0 0 0 0 0 0 0 0 0 0 0 
625 9 0 0 0 0 0 0 0 0 0 0 0 
626 9 0 0 0 0 0 0 0 0 0 0 0 
627 9 0 0 0 0 0 0 0 0 0 0 0 
628 9 0 0 0 0 0 0 0 0 0 0 0 
629 9 0 0 0 0 0 0 0 0 0 0 0 
630 9 0 0 0 0 0 0 0 0 0 0 0 
631 9 0 0 0 0 0 0 0 0 0 0 0 
632 9 0 0 0 0 0 0 0 0 0 0 0 
633 9 0 0 0 0 0 0 0 0 0 0 0 
634 9 0 0 0 0 0 0 0 0 0 0 0 
635 9 0 0 0 0 0 0 0 0 0 0 0 
636 9 0 0 0 0 0 0 0 0 0 0 0 
637 9 0 0 0 0 0 0 0 0 0 0 0 
638 9 0 0 0 0 0 0 0 0 0 0 0 
639 9 0 0 0 0 0 0 0 0 0 0 0 
640 9 0 0 0 0 0 0 0 0 0 0 0 
641 9 0 0 0 0 0 0 0 0 0 0 0 
642 9 0 0 0 0 0 0 0 0 0 0 0 
643 9 0 0 0 0 0 0 0 0 0 0 0 
644 9 0 0 0 0 0 0 0 0 0 0 0 
645 9 0 0 0 0 0 0 0 0 0 0 0 
646 9 0 0 0 0 0 0 0 0 0 0 0 
647 9 0 0 0 0 0 0 0 0 0 0 0 
648 9 0 0 0 0 0 0 0 0 0 0 0 
649 9 0 0 0 0 0 0 0 0 0 0 0 
650 9 0 0 0 0 0 0 0 0 0 0 0 
651 9 0 0 0 0 0 0 0 0 0 0 0 
652 9 0 0 0 0 0 0 0 0 0 0 0 
653 9 0 0 0 0 0 0 0 0 0 0 0 
654 9 0 0 0 0 0 0 0 0 0 0 0 
655 9 0 0 0 0 0 0 0 0 0 0 0 
656 9 0 0 0 0 0 0 0 0 0 0 0 
657 9 0 0 0 0 0 0 0 0 0 0 0 
658 9 0 0 0 0 0 0 0 0 0 0 0 
659 9 0 0 0 0 0 0 0 0 0 0 0 
660 9 0 0 0 0 0 0 0 0 0 0 0 
661 9 0 0 0 0 0 0 0 0 0 0 0 
662 9 0 0 0 0 0 0 0 0 0 0 0 
663 9 0 0 0 0 0 0 0 0 0 0 0 
664 9 0 0 0 0 0 0 0 0 0 0 0 
665 9 0 0 0 0 0 0 0 0 0 0 0 
666 9 0 0 0 0 0 0 0 0 0 0 0 
667 9 0 0 0 0 0 0 0 0 0 0 0 
668 9 0 0 0 0 0 0 0 0 0 0 0 
669 9 0 0 0 0 0 0 0 0 0 0 0 
670 9 0 0 0 0 0 0 0 0 0 0 0 
671 9 0 0 0 0 0 0 0 0 0 0 0 
672 9 0 0 0 0 0 0 0 0 0 0 0 
673 9 0 0 0 0 0 0 0 0 0 0 0 
674 9 0 0 0 0 0 0 0 0 0 0 0 
675 9 0 0 0 0 0 0 0 0 0 0 0 
676 9 0 0 0 0 0 0 0 0 0 0 0 
677 9 0 0 0 0 0 0 0 0 0 0 0 
678 9 0 0 0 0 0 0 0 0 0 0 0 
679 9 0 0 0 0 0 0 0 0 0 0 0 
680 9 0 0 0 0 0 0 0 0 0 0 0 
681 9 0 0 0 0 0 0 0 0 0 0 0 
682 9 0 0 0 0 0 0 0 0 0 0 0 
683 9 0 0 0 0 0 0 0 0 0 0 0 
684 9 0 0 0 0 0 0 0 0 0 0 0 
685 9 0 0 0 0 0 0 0 0 0 0 0 
686 9 0 0 0 0 0 0 0 0 0 0 0 
687 9 0 0 0 0 0 0 0 0 0 0 0 
688 9 0 0 0 0 0 0 0 0 0 0 0 
689 9 0 0 0 0 0 0 0 0 0 0 0 
690 9 0 0 0 0 0 0 0 0 0 0 0 
691 9 0 0 0 0 0 0 0 0 0 0 0 
692 9 0 0 0 0 0 0 0 0 0 0 0 
693 9 0 0 0 0 0 0 0 0 0 0 0 
694 9 0 0 0 0 0 0 0 0 0 0 0 
695 9 0 0 0 0 0 0 0 0 0 0 0 
696 9 0 0 0 0 0 0 0 0 0 0 0 
697 9 0 0 0 0 0 0 0 0 0 0 0 
698 9 0 0 0 0 0 0 0 0 0 0 0 
699 9 0 0 0 0 0 0 0 0 0 0 0 
700 9 0 0 0 0 0 0 0 0 0 0 0 
701 9 0 0 0 0 0 0 0 0 0 0 0 
702 9 0 0 0 0 0 0 0 0 0 0 0 
703 9 -1 26 43 0 0 4 36 0 0 9 11 
704 9 -1 21 35 0 0 2 20 0 0 0 -8 
705 9 -1 17 0 0 0 17 25 0 0 3 57 
706 9 49 0 0 0 0 0 0 0 0 0 0 
707 9 0 0 0 0 0 0 0 0 0 0 0 
708 9 0 0 0 0 0 0 0 0 0 0 0 
709 9 0 0 0 0 0 0 0 0 0 0 0 
710 9 0 0 0 0 0 0 0 0 0 0 0 
711 9 0 0 0 0 0 0 0 0 0 0 0 
712 9 0 0 0 0 0 0 0 0 0 0 0 
713 9 0 0 0 0 0 0 0 0 0 0 0 
714 9 0 0 0 0 0 0 0 0 0 0 0 
715 9 53 0 0 0 0 0 0 0 0 0 0 
716 9 54 0 0 0 0 0 0 0 0 0 0 
717 9 0 0 0 0 0 0 0 0 0 0 0 
718 9 0 0 0 0 0 0 0 0 0 0 0 
719 9 -1 2 15 0 0 12 2 0 0 5 -23 
720 9 58 0 0 0 0 0 0 0 0 0 0 
721 9 59 0 0 0 0 0 0 0 0 0 0 
722 9 60 0 0 0 0 0 0 0 0 0 0 
723 9 -1 5 44 0 0 26 18 0 0 11 -48 
724 9 -1 21 10 0 0 44 25 0 0 13 -78 
725 9 0 0 0 0 0 0 0 0 0 0 0 
726 9 0 0 0 0 0 0 0 0 0 0 0 
727 9 0 0 0 0 0 0 0 0 0 0 0 
728 9 0 0 0 0 0 0 0 0 0 0 0 
729 9 0 0 0 0 0 0 0 0 0 0 0 
730 9 0 0 0 0 0 0 0 0 0 0 0 
731 9 67 0 0 0 0 0 0 0 0 0 0 
732 9 68 0 0 0 0 0 0 0 0 0 0 
733 9 0 0 0 0 0 0 0 0 0 0 0 
734 9 0 0 0 0 0 0 0 0 0 0 0 
735 9 0 0 0 0 0 0 0 0 0 0 0 
736 9 0 0 0 0 0 0 0 0 0 0 0 
737 9 0 0 0 0 0 0 0 0 0 0 0 
738 9 0 0 0 0 0 0 0 0 0 0 0 
739 9 0 0 0 0 0 0 0 0 0 0 0 
740 9 0 0 0 0 0 0 0 0 0 0 0 
741 9 72 0 0 0 0 0 0 0 0 0 0 
742 9 -1 22 11 12 3 40 14 1 11 32 559 
743 9 -1 4 11 0 0 36 31 0 0 16 9 
744 9 -1 5 19 15 3 25 31 16 13 32 -5845 
745 9 79 0 0 0 0 0 0 0 0 0 0 
746 9 80 0 0 0 0 0 0 0 0 0 0 
747 9 81 0 0 0 0 0 0 0 0 0 0 
748 9 82 0 0 0 0 0 0 0 0 0 0 
749 9 0 0 0 0 0 0 0 0 0 0 0 
750 9 0 0 0 0 0 0 0 0 0 0 0 
751 9 0 0 0 0 0 0 0 0 0 0 0 
752 9 0 0 0 0 0 0 0 0 0 0 0 
753 9 0 0 0 0 0 0 0 0 0 0 0 
754 9 0 0 0 0 0 0 0 0 0 0 0 
755 9 0 0 0 0 0 0 0 0 0 0 0 
756 9 0 0 0 0 0 0 0 0 0 0 0 
757 9 0 0 0 0 0 0 0 0 0 0 0 
758 9 0 0 0 0 0 0 0 0 0 0 0 
759 9 -1 4 25 0 0 6 11 0 0 2 -13 
760 9 90 0 0 0 0 0 0 0 0 0 0 
761 9 -1 18 3 0 0 19 29 0 0 15 43 
762 9 93 0 0 0 0 0 0 0 0 0 0 
763 9 0 0 0 0 0 0 0 0 0 0 0 
764 9 0 0 0 0 0 0 0 0 0 0 0 
765 9 0 0 0 0 0 0 0 0 0 0 0 
766 9 0 0 0 0 0 0 0 0 0 0 0 
767 9 0 0 0 0 0 0 0 0 0 0 0 
768 9 0 0 0 0 0 0 0 0 0 0 0 
769 9 0 0 0 0 0 0 0 0 0 0 0 
770 9 0 0 0 0 0 0 0 0 0 0 0 
771 9 0 0 0 0 0 0 0 0 0 0 0 
772 9 0 0 0 0 0 0 0 0 0 0 0 
773 9 0 0 0 0 0 0 0 0 0 0 0 
774 9 0 0 0 0 0 0 0 0 0 0 0 
775 9 0 0 0 0 0 0 0 0 0 0 0 
776 9 0 0 0 0 0 0 0 0 0 0 0 
777 9 0 0 0 0 0 0 0 0 0 0 0 
778 9 0 0 0 0 0 0 0 0 0 0 0 
779 9 0 0 0 0 0 0 0 0 0 0 0 
780 9 0 0 0 0 0 0 0 0 0 0 0 
781 9 0 0 0 0 0 0 0 0 0 0 0 
782 9 0 0 0 0 0 0 0 0 0 0 0 
783 9 0 0 0 0 0 0 0 0 0 0 0 
784 9 0 0 0 0 0 0 0 0 0 0 0 
785 9 0 0 0 0 0 0 0 0 0 0 0 
786 9 0 0 0 0 0 0 0 0 0 0 0 
787 9 0 0 0 0 0 0 0 0 0 0 0 
788 9 0 0 0 0 0 0 0 0 0 0 0 
789 9 0 0 0 0 0 0 0 0 0 0 0 
790 9 0 0 0 0 0 0 0 0 0 0 0 
791 9 0 0 0 0 0 0 0 0 0 0 0 
792 9 0 0 0 0 0 0 0 0 0 0 0 
793 9 0 0 0 0 0 0 0 0 0 0 0 
794 9 0 0 0 0 0 0 0 0 0 0 0 
795 9 0 0 0 0 0 0 0 0 0 0 0 
796 9 0 0 0 0 0 0 0 0 0 0 0 
797 9 0 0 0 0 0 0 0 0 0 0 0 
798 9 0 0 0 0 0 0 0 0 0 0 0 
799 9 0 0 0 0 0 0 0 0 0 0 0 
800 9 0 0 0 0 0 0 0 0 0 0 0 
801 9 0 0 0 0 0 0 0 0 0 0 0 
802 9 0 0 0 0 0 0 0 0 0 0 0 
803 9 0 0 0 0 0 0 0 0 0 0 0 
804 9 0 0 0 0 0 0 0 0 0 0 0 
805 9 0 0 0 0 0 0 0 0 0 0 0 
806 9 0 0 0 0 0 0 0 0 0 0 0 
807 9 0 0 0 0 0 0 0 0 0 0 0 
808 9 0 0 0 0 0 0 0 0 0 0 0 
809 9 0 0 0 0 0 0 0 0 0 0 0 
810 9 0 0 0 0 0 0 0 0 0 0 0 
811 9 0 0 0 0 0 0 0 0 0 0 0 
812 9 0 0 0 0 0 0 0 0 0 0 0 
813 9 0 0 0 0 0 0 0 0 0 0 0 
814 9 0 0 0 0 0 0 0 0 0 0 0 
815 9 0 0 0 0 0 0 0 0 0 0 0 
816 9 0 0 0 0 0 0 0 0 0 0 0 
817 9 0 0 0 0 0 0 0 0 0 0 0 
818 9 0 0 0 0 0 0 0 0 0 0 0 
819 9 0 0 0 0 0 0 0 0 0 0 0 
820 9 0 0 0 0 0 0 0 0 0 0 0 
821 9 0 0 0 0 0 0 0 0 0 0 0 
822 9 0 0 0 0 0 0 0 0 0 0 0 
823 9 0 0 0 0 0 0 0 0 0 0 0 
824 9 0 0 0 0 0 0 0 0 0 0 0 
825 9 0 0 0 0 0 0 0 0 0 0 0 
826 9 0 0 0 0 0 0 0 0 0 0 0 
827 9 0 0 0 0 0 0 0 0 0 0 0 
828 9 0 0 0 0 0 0 0 0 0 0 0 
829 9 0 0 0 0 0 0 0 0 0 0 0 
830 9 0 0 0 0 0 0 0 0 0 0 0 
831 9 0 0 0 0 0 0 0 0 0 0 0 
832 9 0 0 0 0 0 0 0 0 0 0 0 
833 9 0 0 0 0 0 0 0 0 0 0 0 
834 9 0 0 0 0 0 0 0 0 0 0 0 
835 9 0 0 0 0 0 0 0 0 0 0 0 
836 9 0 0 0 0 0 0 0 0 0 0 0 
837 9 0 0 0 0 0 0 0 0 0 0 0 
838 9 0 0 0 0 0 0 0 0 0 0 0 
839 9 0 0 0 0 0 0 0 0 0 0 0 
840 9 0 0 0 0 0 0 0 0 0 0 0 
841 9 0 0 0 0 0 0 0 0 0 0 0 
842 9 0 0 0 0 0 0 0 0 0 0 0 
843 9 0 0 0 0 0 0 0 0 0 0 0 
844 9 0 0 0 0 0 0 0 0 0 0 0 
845 9 0 0 0 0 0 0 0 0 0 0 0 
846 9 0 0 0 0 0 0 0 0 0 0 0 
847 9 0 0 0 0 0 0 0 0 0 0 0 
848 9 0 0 0 0 0 0 0 0 0 0 0 
849 9 0 0 0 0 0 0 0 0 0 0 0 
850 9 0 0 0 0 0 0 0 0 0 0 0 
851 9 0 0 0 0 0 0 0 0 0 0 0 
852 9 0 0 0 0 0 0 0 0 0 0 0 
853 9 0 0 0 0 0 0 0 0 0 0 0 
854 9 0 0 0 0 0 0 0 0 0 0 0 
855 9 0 0 0 0 0 0 0 0 0 0 0 
856 9 0 0 0 0 0 0 0 0 0 0 0 
857 9 0 0 0 0 0 0 0 0 0 0 0 
858 9 0 0 0 0 0 0 0 0 0 0 0 
859 9 0 0 0 0 0 0 0 0 0 0 0 
860 9 0 0 0 0 0 0 0 0 0 0 0 
861 9 0 0 0 0 0 0 0 0 0 0 0 
862 9 0 0 0 0 0 0 0 0 0 0 0 
863 9 0 0 0 0 0 0 0 0 0 0 0 
864 9 0 0 0 0 0 0 0 0 0 0 0 
865 9 0 0 0 0 0 0 0 0 0 0 0 
866 9 0 0 0 0 0 0 0 0 0 0 0 
867 9 0 0 0 0 0 0 0 0 0 0 0 
868 9 0 0 0 0 0 0 0 0 0 0 0 
869 9 0 0 0 0 0 0 0 0 0 0 0 
870 9 0 0 0 0 0 0 0 0 0 0 0 
871 9 0 0 0 0 0 0 0 0 0 0 0 
872 9 0 0 0 0 0 0 0 0 0 0 0 
873 9 0 0 0 0 0 0 0 0 0 0 0 
874 9 0 0 0 0 0 0 0 0 0 0 0 
875 9 0 0 0 0 0 0 0 0 0 0 0 
876 9 0 0 0 0 0 0 0 0 0 0 0 
877 9 0 0 0 0 0 0 0 0 0 0 0 
878 9 0 0 0 0 0 0 0 0 0 0 0 
879 9 0 0 0 0 0 0 0 0 0 0 0 
880 9 0 0 0 0 0 0 0 0 0 0 0 
881 9 0 0 0 0 0 0 0 0 0 0 0 
882 9 0 0 0 0 0 0 0 0 0 0 0 
883 9 0 0 0 0 0 0 0 0 0 0 0 
884 9 0 0 0 0 0 0 0 0 0 0 0 
885 9 0 0 0 0 0 0 0 0 0 0 0 
886 9 0 0 0 0 0 0 0 0 0 0 0 
887 9 0 0 0 0 0 0 0 0 0 0 0 
888 9 0 0 0 0 0 0 0 0 0 0 0 
889 9 0 0 0 0 0 0 0 0 0 0 0 
890 9 0 0 0 0 0 0 0 0 0 0 0 
891 9 0 0 0 0 0 0 0 0 0 0 0 
892 9 0 0 0 0 0 0 0 0 0 0 0 
893 9 0 0 0 0 0 0 0 0 0 0 0 
894 9 0 0 0 0 0 0 0 0 0 0 0 
895 9 -1 18 20 0 0 4 18 0 0 1 11 
896 9 -1 11 15 10 8 37 33 9 13 32 -2539 
897 9 100 0 0 0 0 0 0 0 0 0 0 
898 9 101 0 0 0 0 0 0 0 0 0 0 
899 9 -1 43 31 0 0 37 45 0 0 12 31 
900 9 104 0 0 0 0 0 0 0 0 0 0 
901 9 105 0 0 0 0 0 0 0 0 0 0 
902 9 -1 11 18 0 0 31 33 0 0 17 1 
903 9 0 0 0 0 0 0 0 0 0 0 0 
904 9 0 0 0 0 0 0 0 0 0 0 0 
905 9 0 0 0 0 0 0 0 0 0 0 0 
906 9 0 0 0 0 0 0 0 0 0 0 0 
907 9 0 0 0 0 0 0 0 0 0 0 0 
908 9 0 0 0 0 0 0 0 0 0 0 0 
909 9 0 0 0 0 0 0 0 0 0 0 0 
910 9 0 0 0 0 0 0 0 0 0 0 0 
911 9 -1 25 23 0 0 25 45 0 0 1 -4 
912 9 111 0 0 0 0 0 0 0 0 0 0 
913 9 0 0 0 0 0 0 0 0 0 0 0 
914 9 0 0 0 0 0 0 0 0 0 0 0 
915 9 0 0 0 0 0 0 0 0 0 0 0 
916 9 0 0 0 0 0 0 0 0 0 0 0 
917 9 0 0 0 0 0 0 0 0 0 0 0 
918 9 0 0 0 0 0 0 0 0 0 0 0 
919 9 0 0 0 0 0 0 0 0 0 0 0 
920 9 0 0 0 0 0 0 0 0 0 0 0 
921 9 0 0 0 0 0 0 0 0 0 0 0 
922 9 0 0 0 0 0 0 0 0 0 0 0 
923 9 0 0 0 0 0 0 0 0 0 0 0 
924 9 0 0 0 0 0 0 0 0 0 0 0 
925 9 -1 7 8 6 22 26 35 21 12 32 -11868 
926 9 -1 15 40 0 0 34 16 0 0 15 12 
927 9 0 0 0 0 0 0 0 0 0 0 0 
928 9 0 0 0 0 0 0 0 0 0 0 0 
929 9 0 0 0 0 0 0 0 0 0 0 0 
930 9 0 0 0 0 0 0 0 0 0 0 0 
931 9 0 0 0 0 0 0 0 0 0 0 0 
932 9 0 0 0 0 0 0 0 0 0 0 0 
933 9 0 0 0 0 0 0 0 0 0 0 0 
934 9 0 0 0 0 0 0 0 0 0 0 0 
935 9 0 0 0 0 0 0 0 0 0 0 0 
936 9 0 0 0 0 0 0 0 0 0 0 0 
937 9 0 0 0 0 0 0 0 0 0 0 0 
938 9 0 0 0 0 0 0 0 0 0 0 0 
939 9 0 0 0 0 0 0 0 0 0 0 0 
940 9 0 0 0 0 0 0 0 0 0 0 0 
941 9 0 0 0 0 0 0 0 0 0 0 0 
942 9 0 0 0 0 0 0 0 0 0 0 0 
943 9 0 0 0 0 0 0 0 0 0 0 0 
944 9 0 0 0 0 0 0 0 0 0 0 0 
945 9 0 0 0 0 0 0 0 0 0 0 0 
946 9 0 0 0 0 0 0 0 0 0 0 0 
947 9 0 0 0 0 0 0 0 0 0 0 0 
948 9 0 0 0 0 0 0 0 0 0 0 0 
949 9 0 0 0 0 0 0 0 0 0 0 0 
950 9 0 0 0 0 0 0 0 0 0 0 0 
951 9 0 0 0 0 0 0 0 0 0 0 0 
952 9 0 0 0 0 0 0 0 0 0 0 0 
953 9 0 0 0 0 0 0 0 0 0 0 0 
954 9 0 0 0 0 0 0 0 0 0 0 0 
955 9 0 0 0 0 0 0 0 0 0 0 0 
956 9 0 0 0 0 0 0 0 0 0 0 0 
957 9 0 0 0 0 0 0 0 0 0 0 0 
958 9 0 0 0 0 0 0 0 0 0 0 0 
959 9 0 0 0 0 0 0 0 0 0 0 0 
960 9 0 0 0 0 0 0 0 0 0 0 0 
961 9 0 0 0 0 0 0 0 0 0 0 0 
962 9 0 0 0 0 0 0 0 0 0 0 0 
963 9 0 0 0 0 0 0 0 0 0 0 0 
964 9 0 0 0 0 0 0 0 0 0 0 0 
965 9 0 0 0 0 0 0 0 0 0 0 0 
966 9 0 0 0 0 0 0 0 0 0 0 0 
967 9 0 0 0 0 0 0 0 0 0 0 0 
968 9 0 0 0 0 0 0 0 0 0 0 0 
969 9 0 0 0 0 0 0 0 0 0 0 0 
970 9 0 0 0 0 0 0 0 0 0 0 0 
971 9 0 0 0 0 0 0 0 0 0 0 0 
972 9 0 0 0 0 0 0 0 0 0 0 0 
973 9 0 0 0 0 0 0 0 0 0 0 0 
974 9 0 0 0 0 0 0 0 0 0 0 0 
975 9 0 0 0 0 0 0 0 0 0 0 0 
976 9 0 0 0 0 0 0 0 0 0 0 0 
977 9 0 0 0 0 0 0 0 0 0 0 0 
978 9 0 0 0 0 0 0 0 0 0 0 0 
979 9 0 0 0 0 0 0 0 0 0 0 0 
980 9 0 0 0 0 0 0 0 0 0 0 0 
981 9 0 0 0 0 0 0 0 0 0 0 0 
982 9 0 0 0 0 0 0 0 0 0 0 0 
983 9 0 0 0 0 0 0 0 0 0 0 0 
984 9 0 0 0 0 0 0 0 0 0 0 0 
985 9 0 0 0 0 0 0 0 0 0 0 0 
986 9 0 0 0 0 0 0 0 0 0 0 0 
987 9 0 0 0 0 0 0 0 0 0 0 0 
988 9 0 0 0 0 0 0 0 0 0 0 0 
989 9 0 0 0 0 0 0 0 0 0 0 0 
990 9 0 0 0 0 0 0 0 0 0 0 0 
991 9 0 0 0 0 0 0 0 0 0 0 0 
992 9 0 0 0 0 0 0 0 0 0 0 0 
993 9 0 0 0 0 0 0 0 0 0 0 0 
994 9 0 0 0 0 0 0 0 0 0 0 0 
995 9 0 0 0 0 0 0 0 0 0 0 0 
996 9 0 0 0 0 0 0 0 0 0 0 0 
997 9 0 0 0 0 0 0 0 0 0 0 0 
998 9 0 0 0 0 0 0 0 0 0 0 0 
999 9 0 0 0 0 0 0 0 0 0 0 0 
1000 9 0 0 0 0 0 0 0 0 0 0 0 
1001 9 0 0 0 0 0 0 0 0 0 0 0 
1002 9 0 0 0 0 0 0 0 0 0 0 0 
1003 9 0 0 0 0 0 0 0 0 0 0 0 
1004 9 0 0 0 0 0 0 0 0 0 0 0 
1005 9 0 0 0 0 0 0 0 0 0 0 0 
1006 9 0 0 0 0 0 0 0 0 0 0 0 
1007 9 0 0 0 0 0 0 0 0 0 0 0 
1008 9 0 0 0 0 0 0 0 0 0 0 0 
1009 9 0 0 0 0 0 0 0 0 0 0 0 
1010 9 0 0 0 0 0 0 0 0 0 0 0 
1011 9 0 0 0 0 0 0 0 0 0 0 0 
1012 9 0 0 0 0 0 0 0 0 0 0 0 
1013 9 0 0 0 0 0 0 0 0 0 0 0 
1014 9 0 0 0 0 0 0 0 0 0 0 0 
1015 9 0 0 0 0 0 0 0 0 0 0 0 
1016 9 0 0 0 0 0 0 0 0 0 0 0 
1017 9 0 0 0 0 0 0 0 0 0 0 0 
1018 9 0 0 0 0 0 0 0 0 0 0 0 
1019 9 0 0 0 0 0 0 0 0 0 0 0 
1020 9 0 0 0 0 0 0 0 0 0 0 0 
1021 9 0 0 0 0 0 0 0 0 0 0 0 
1022 9 0 0 0 0 0 0 0 0 0 0 0 
1023 10 0 0 0 0 0 0 0 0 0 0 0 
1024 10 0 0 0 0 0 0 0 0 0 0 0 
1025 10 0 0 0 0 0 0 0 0 0 0 0 
1026 10 0 0 0 0 0 0 0 0 0 0 0 
1027 10 0 0 0 0 0 0 0 0 0 0 0 
1028 10 0 0 0 0 0 0 0 0 0 0 0 
1029 10 0 0 0 0 0 0 0 0 0 0 0 
1030 10 0 0 0 0 0 0 0 0 0 0 0 
1031 10 0 0 0 0 0 0 0 0 0 0 0 
1032 10 0 0 0 0 0 0 0 0 0 0 0 
1033 10 0 0 0 0 0 0 0 0 0 0 0 
1034 10 0 0 0 0 0 0 0 0 0 0 0 
1035 10 0 0 0 0 0 0 0 0 0 0 0 
1036 10 0 0 0 0 0 0 0 0 0 0 0 
1037 10 0 0 0 0 0 0 0 0 0 0 0 
1038 10 0 0 0 0 0 0 0 0 0 0 0 
1039 10 0 0 0 0 0 0 0 0 0 0 0 
1040 10 0 0 0 0 0 0 0 0 0 0 0 
1041 10 0 0 0 0 0 0 0 0 0 0 0 
1042 10 0 0 0 0 0 0 0 0 0 0 0 
1043 10 0 0 0 0 0 0 0 0 0 0 0 
1044 10 0 0 0 0 0 0 0 0 0 0 0 
1045 10 0 0 0 0 0 0 0 0 0 0 0 
1046 10 0 0 0 0 0 0 0 0 0 0 0 
1047 10 0 0 0 0 0 0 0 0 0 0 0 
1048 10 0 0 0 0 0 0 0 0 0 0 0 
1049 10 0 0 0 0 0 0 0 0 0 0 0 
1050 10 0 0 0 0 0 0 0 0 0 0 0 
1051 10 0 0 0 0 0 0 0 0 0 0 0 
1052 10 0 0 0 0 0 0 0 0 0 0 0 
1053 10 0 0 0 0 0 0 0 0 0 0 0 
1054 10 0 0 0 0 0 0 0 0 0 0 0 
1055 10 0 0 0 0 0 0 0 0 0 0 0 
1056 10 0 0 0 0 0 0 0 0 0 0 0 
1057 10 0 0 0 0 0 0 0 0 0 0 0 
1058 10 0 0 0 0 0 0 0 0 0 0 0 
1059 10 0 0 0 0 0 0 0 0 0 0 0 
1060 10 0 0 0 0 0 0 0 0 0 0 0 
1061 10 0 0 0 0 0 0 0 0 0 0 0 
1062 10 0 0 0 0 0 0 0 0 0 0 0 
1063 10 0 0 0 0 0 0 0 0 0 0 0 
1064 10 0 0 0 0 0 0 0 0 0 0 0 
1065 10 0 0 0 0 0 0 0 0 0 0 0 
1066 10 0 0 0 0 0 0 0 0 0 0 0 
1067 10 0 0 0 0 0 0 0 0 0 0 0 
1068 10 0 0 0 0 0 0 0 0 0 0 0 
1069 10 0 0 0 0 0 0 0 0 0 0 0 
1070 10 0 0 0 0 0 0 0 0 0 0 0 
1071 10 0 0 0 0 0 0 0 0 0 0 0 
1072 10 0 0 0 0 0 0 0 0 0 0 0 
1073 10 0 0 0 0 0 0 0 0 0 0 0 
1074 10 0 0 0 0 0 0 0 0 0 0 0 
1075 10 0 0 0 0 0 0 0 0 0 0 0 
1076 10 0 0 0 0 0 0 0 0 0 0 0 
1077 10 0 0 0 0 0 0 0 0 0 0 0 
1078 10 0 0 0 0 0 0 0 0 0 0 0 
1079 10 0 0 0 0 0 0 0 0 0 0 0 
1080 10 0 0 0 0 0 0 0 0 0 0 0 
1081 10 0 0 0 0 0 0 0 0 0 0 0 
1082 10 0 0 0 0 0 0 0 0 0 0 0 
1083 10 0 0 0 0 0 0 0 0 0 0 0 
1084 10 0 0 0 0 0 0 0 0 0 0 0 
1085 10 0 0 0 0 0 0 0 0 0 0 0 
1086 10 0 0 0 0 0 0 0 0 0 0 0 
1087 10 0 0 0 0 0 0 0 0 0 0 0 
1088 10 0 0 0 0 0 0 0 0 0 0 0 
1089 10 0 0 0 0 0 0 0 0 0 0 0 
1090 10 0 0 0 0 0 0 0 0 0 0 0 
1091 10 0 0 0 0 0 0 0 0 0 0 0 
1092 10 0 0 0 0 0 0 0 0 0 0 0 
1093 10 0 0 0 0 0 0 0 0 0 0 0 
1094 10 0 0 0 0 0 0 0 0 0 0 0 
1095 10 0 0 0 0 0 0 0 0 0 0 0 
1096 10 0 0 0 0 0 0 0 0 0 0 0 
1097 10 0 0 0 0 0 0 0 0 0 0 0 
1098 10 0 0 0 0 0 0 0 0 0 0 0 
1099 10 0 0 0 0 0 0 0 0 0 0 0 
1100 10 0 0 0 0 0 0 0 0 0 0 0 
1101 10 0 0 0 0 0 0 0 0 0 0 0 
1102 10 0 0 0 0 0 0 0 0 0 0 0 
1103 10 0 0 0 0 0 0 0 0 0 0 0 
1104 10 0 0 0 0 0 0 0 0 0 0 0 
1105 10 0 0 0 0 0 0 0 0 0 0 0 
1106 10 0 0 0 0 0 0 0 0 0 0 0 
1107 10 0 0 0 0 0 0 0 0 0 0 0 
1108 10 0 0 0 0 0 0 0 0 0 0 0 
1109 10 0 0 0 0 0 0 0 0 0 0 0 
1110 10 0 0 0 0 0 0 0 0 0 0 0 
1111 10 0 0 0 0 0 0 0 0 0 0 0 
1112 10 0 0 0 0 0 0 0 0 0 0 0 
1113 10 0 0 0 0 0 0 0 0 0 0 0 
1114 10 0 0 0 0 0 0 0 0 0 0 0 
1115 10 0 0 0 0 0 0 0 0 0 0 0 
1116 10 0 0 0 0 0 0 0 0 0 0 0 
1117 10 0 0 0 0 0 0 0 0 0 0 0 
1118 10 0 0 0 0 0 0 0 0 0 0 0 
1119 10 0 0 0 0 0 0 0 0 0 0 0 
1120 10 0 0 0 0 0 0 0 0 0 0 0 
1121 10 0 0 0 0 0 0 0 0 0 0 0 
1122 10 0 0 0 0 0 0 0 0 0 0 0 
1123 10 0 0 0 0 0 0 0 0 0 0 0 
1124 10 0 0 0 0 0 0 0 0 0 0 0 
1125 10 0 0 0 0 0 0 0 0 0 0 0 
1126 10 0 0 0 0 0 0 0 0 0 0 0 
1127 10 0 0 0 0 0 0 0 0 0 0 0 
1128 10 0 0 0 0 0 0 0 0 0 0 0 
1129 10 0 0 0 0 0 0 0 0 0 0 0 
1130 10 0 0 0 0 0 0 0 0 0 0 0 
1131 10 0 0 0 0 0 0 0 0 0 0 0 
1132 10 0 0 0 0 0 0 0 0 0 0 0 
1133 10 0 0 0 0 0 0 0 0 0 0 0 
1134 10 0 0 0 0 0 0 0 0 0 0 0 
1135 10 0 0 0 0 0 0 0 0 0 0 0 
1136 10 0 0 0 0 0 0 0 0 0 0 0 
1137 10 0 0 0 0 0 0 0 0 0 0 0 
1138 10 0 0 0 0 0 0 0 0 0 0 0 
1139 10 0 0 0 0 0 0 0 0 0 0 0 
1140 10 0 0 0 0 0 0 0 0 0 0 0 
1141 10 0 0 0 0 0 0 0 0 0 0 0 
1142 10 0 0 0 0 0 0 0 0 0 0 0 
1143 10 0 0 0 0 0 0 0 0 0 0 0 
1144 10 0 0 0 0 0 0 0 0 0 0 0 
1145 10 9 0 0 0 0 0 0 0 0 0 0 
1146 10 10 0 0 0 0 0 0 0 0 0 0 
1147 10 0 0 0 0 0 0 0 0 0 0 0 
1148 10 0 0 0 0 0 0 0 0 0 0 0 
1149 10 0 0 0 0 0 0 0 0 0 0 0 
1150 10 0 0 0 0 0 0 0 0 0 0 0 
1151 10 0 0 0 0 0 0 0 0 0 0 0 
1152 10 0 0 0 0 0 0 0 0 0 0 0 
1153 10 0 0 0 0 0 0 0 0 0 0 0 
1154 10 0 0 0 0 0 0 0 0 0 0 0 
1155 10 0 0 0 0 0 0 0 0 0 0 0 
1156 10 0 0 0 0 0 0 0 0 0 0 0 
1157 10 0 0 0 0 0 0 0 0 0 0 0 
1158 10 0 0 0 0 0 0 0 0 0 0 0 
1159 10 14 0 0 0 0 0 0 0 0 0 0 
1160 10 15 0 0 0 0 0 0 0 0 0 0 
1161 10 16 0 0 0 0 0 0 0 0 0 0 
1162 10 17 0 0 0 0 0 0 0 0 0 0 
1163 10 18 0 0 0 0 0 0 0 0 0 0 
1164 10 19 0 0 0 0 0 0 0 0 0 0 
1165 10 20 0 0 0 0 0 0 0 0 0 0 
1166 10 21 0 0 0 0 0 0 0 0 0 0 
1167 10 0 0 0 0 0 0 0 0 0 0 0 
1168 10 0 0 0 0 0 0 0 0 0 0 0 
1169 10 0 0 0 0 0 0 0 0 0 0 0 
1170 10 0 0 0 0 0 0 0 0 0 0 0 
1171 10 23 0 0 0 0 0 0 0 0 0 0 
1172 10 24 0 0 0 0 0 0 0 0 0 0 
1173 10 0 0 0 0 0 0 0 0 0 0 0 
1174 10 0 0 0 0 0 0 0 0 0 0 0 
1175 10 0 0 0 0 0 0 0 0 0 0 0 
1176 10 0 0 0 0 0 0 0 0 0 0 0 
1177 10 0 0 0 0 0 0 0 0 0 0 0 
1178 10 0 0 0 0 0 0 0 0 0 0 0 
1179 10 0 0 0 0 0 0 0 0 0 0 0 
1180 10 0 0 0 0 0 0 0 0 0 0 0 
1181 10 0 0 0 0 0 0 0 0 0 0 0 
1182 10 0 0 0 0 0 0 0 0 0 0 0 
1183 10 0 0 0 0 0 0 0 0 0 0 0 
1184 10 0 0 0 0 0 0 0 0 0 0 0 
1185 10 0 0 0 0 0 0 0 0 0 0 0 
1186 10 0 0 0 0 0 0 0 0 0 0 0 
1187 10 0 0 0 0 0 0 0 0 0 0 0 
1188 10 0 0 0 0 0 0 0 0 0 0 0 
1189 10 0 0 0 0 0 0 0 0 0 0 0 
1190 10 0 0 0 0 0 0 0 0 0 0 0 
1191 10 0 0 0 0 0 0 0 0 0 0 0 
1192 10 0 0 0 0 0 0 0 0 0 0 0 
1193 10 0 0 0 0 0 0 0 0 0 0 0 
1194 10 0 0 0 0 0 0 0 0 0 0 0 
1195 10 0 0 0 0 0 0 0 0 0 0 0 
1196 10 0 0 0 0 0 0 0 0 0 0 0 
1197 10 0 0 0 0 0 0 0 0 0 0 0 
1198 10 0 0 0 0 0 0 0 0 0 0 0 
1199 10 0 0 0 0 0 0 0 0 0 0 0 
1200 10 0 0 0 0 0 0 0 0 0 0 0 
1201 10 0 0 0 0 0 0 0 0 0 0 0 
1202 10 0 0 0 0 0 0 0 0 0 0 0 
1203 10 0 0 0 0 0 0 0 0 0 0 0 
1204 10 0 0 0 0 0 0 0 0 0 0 0 
1205 10 0 0 0 0 0 0 0 0 0 0 0 
1206 10 0 0 0 0 0 0 0 0 0 0 0 
1207 10 0 0 0 0 0 0 0 0 0 0 0 
1208 10 0 0 0 0 0 0 0 0 0 0 0 
1209 10 0 0 0 0 0 0 0 0 0 0 0 
1210 10 0 0 0 0 0 0 0 0 0 0 0 
1211 10 0 0 0 0 0 0 0 0 0 0 0 
1212 10 0 0 0 0 0 0 0 0 0 0 0 
1213 10 0 0 0 0 0 0 0 0 0 0 0 
1214 10 0 0 0 0 0 0 0 0 0 0 0 
1215 10 0 0 0 0 0 0 0 0 0 0 0 
1216 10 0 0 0 0 0 0 0 0 0 0 0 
1217 10 0 0 0 0 0 0 0 0 0 0 0 
1218 10 0 0 0 0 0 0 0 0 0 0 0 
1219 10 0 0 0 0 0 0 0 0 0 0 0 
1220 10 0 0 0 0 0 0 0 0 0 0 0 
1221 10 0 0 0 0 0 0 0 0 0 0 0 
1222 10 0 0 0 0 0 0 0 0 0 0 0 
1223 10 0 0 0 0 0 0 0 0 0 0 0 
1224 10 0 0 0 0 0 0 0 0 0 0 0 
1225 10 0 0 0 0 0 0 0 0 0 0 0 
1226 10 0 0 0 0 0 0 0 0 0 0 0 
1227 10 0 0 0 0 0 0 0 0 0 0 0 
1228 10 0 0 0 0 0 0 0 0 0 0 0 
1229 10 0 0 0 0 0 0 0 0 0 0 0 
1230 10 0 0 0 0 0 0 0 0 0 0 0 
1231 10 0 0 0 0 0 0 0 0 0 0 0 
1232 10 0 0 0 0 0 0 0 0 0 0 0 
1233 10 0 0 0 0 0 0 0 0 0 0 0 
1234 10 0 0 0 0 0 0 0 0 0 0 0 
1235 10 0 0 0 0 0 0 0 0 0 0 0 
1236 10 0 0 0 0 0 0 0 0 0 0 0 
1237 10 0 0 0 0 0 0 0 0 0 0 0 
1238 10 0 0 0 0 0 0 0 0 0 0 0 
1239 10 0 0 0 0 0 0 0 0 0 0 0 
1240 10 0 0 0 0 0 0 0 0 0 0 0 
1241 10 0 0 0 0 0 0 0 0 0 0 0 
1242 10 0 0 0 0 0 0 0 0 0 0 0 
1243 10 0 0 0 0 0 0 0 0 0 0 0 
1244 10 0 0 0 0 0 0 0 0 0 0 0 
1245 10 0 0 0 0 0 0 0 0 0 0 0 
1246 10 0 0 0 0 0 0 0 0 0 0 0 
1247 10 0 0 0 0 0 0 0 0 0 0 0 
1248 10 0 0 0 0 0 0 0 0 0 0 0 
1249 10 0 0 0 0 0 0 0 0 0 0 0 
1250 10 0 0 0 0 0 0 0 0 0 0 0 
1251 10 0 0 0 0 0 0 0 0 0 0 0 
1252 10 0 0 0 0 0 0 0 0 0 0 0 
1253 10 0 0 0 0 0 0 0 0 0 0 0 
1254 10 0 0 0 0 0 0 0 0 0 0 0 
1255 10 0 0 0 0 0 0 0 0 0 0 0 
1256 10 0 0 0 0 0 0 0 0 0 0 0 
1257 10 0 0 0 0 0 0 0 0 0 0 0 
1258 10 0 0 0 0 0 0 0 0 0 0 0 
1259 10 0 0 0 0 0 0 0 0 0 0 0 
1260 10 0 0 0 0 0 0 0 0 0 0 0 
1261 10 0 0 0 0 0 0 0 0 0 0 0 
1262 10 0 0 0 0 0 0 0 0 0 0 0 
1263 10 0 0 0 0 0 0 0 0 0 0 0 
1264 10 0 0 0 0 0 0 0 0 0 0 0 
1265 10 0 0 0 0 0 0 0 0 0 0 0 
1266 10 0 0 0 0 0 0 0 0 0 0 0 
1267 10 0 0 0 0 0 0 0 0 0 0 0 
1268 10 0 0 0 0 0 0 0 0 0 0 0 
1269 10 0 0 0 0 0 0 0 0 0 0 0 
1270 10 0 0 0 0 0 0 0 0 0 0 0 
1271 10 0 0 0 0 0 0 0 0 0 0 0 
1272 10 0 0 0 0 0 0 0 0 0 0 0 
1273 10 0 0 0 0 0 0 0 0 0 0 0 
1274 10 0 0 0 0 0 0 0 0 0 0 0 
1275 10 0 0 0 0 0 0 0 0 0 0 0 
1276 10 0 0 0 0 0 0 0 0 0 0 0 
1277 10 0 0 0 0 0 0 0 0 0 0 0 
1278 10 0 0 0 0 0 0 0 0 0 0 0 
1279 10 0 0 0 0 0 0 0 0 0 0 0 
1280 10 0 0 0 0 0 0 0 0 0 0 0 
1281 10 0 0 0 0 0 0 0 0 0 0 0 
1282 10 0 0 0 0 0 0 0 0 0 0 0 
1283 10 0 0 0 0 0 0 0 0 0 0 0 
1284 10 0 0 0 0 0 0 0 0 0 0 0 
1285 10 0 0 0 0 0 0 0 0 0 0 0 
1286 10 0 0 0 0 0 0 0 0 0 0 0 
1287 10 0 0 0 0 0 0 0 0 0 0 0 
1288 10 0 0 0 0 0 0 0 0 0 0 0 
1289 10 0 0 0 0 0 0 0 0 0 0 0 
1290 10 0 0 0 0 0 0 0 0 0 0 0 
1291 10 0 0 0 0 0 0 0 0 0 0 0 
1292 10 0 0 0 0 0 0 0 0 0 0 0 
1293 10 0 0 0 0 0 0 0 0 0 0 0 
1294 10 0 0 0 0 0 0 0 0 0 0 0 
1295 10 0 0 0 0 0 0 0 0 0 0 0 
1296 10 0 0 0 0 0 0 0 0 0 0 0 
1297 10 0 0 0 0 0 0 0 0 0 0 0 
1298 10 0 0 0 0 0 0 0 0 0 0 0 
1299 10 0 0 0 0 0 0 0 0 0 0 0 
1300 10 0 0 0 0 0 0 0 0 0 0 0 
1301 10 0 0 0 0 0 0 0 0 0 0 0 
1302 10 0 0 0 0 0 0 0 0 0 0 0 
1303 10 0 0 0 0 0 0 0 0 0 0 0 
1304 10 0 0 0 0 0 0 0 0 0 0 0 
1305 10 0 0 0 0 0 0 0 0 0 0 0 
1306 10 0 0 0 0 0 0 0 0 0 0 0 
1307 10 0 0 0 0 0 0 0 0 0 0 0 
1308 10 0 0 0 0 0 0 0 0 0 0 0 
1309 10 0 0 0 0 0 0 0 0 0 0 0 
1310 10 0 0 0 0 0 0 0 0 0 0 0 
1311 10 0 0 0 0 0 0 0 0 0 0 0 
1312 10 0 0 0 0 0 0 0 0 0 0 0 
1313 10 0 0 0 0 0 0 0 0 0 0 0 
1314 10 0 0 0 0 0 0 0 0 0 0 0 
1315 10 0 0 0 0 0 0 0 0 0 0 0 
1316 10 0 0 0 0 0 0 0 0 0 0 0 
1317 10 0 0 0 0 0 0 0 0 0 0 0 
1318 10 0 0 0 0 0 0 0 0 0 0 0 
1319 10 0 0 0 0 0 0 0 0 0 0 0 
1320 10 0 0 0 0 0 0 0 0 0 0 0 
1321 10 0 0 0 0 0 0 0 0 0 0 0 
1322 10 0 0 0 0 0 0 0 0 0 0 0 
1323 10 0 0 0 0 0 0 0 0 0 0 0 
1324 10 0 0 0 0 0 0 0 0 0 0 0 
1325 10 0 0 0 0 0 0 0 0 0 0 0 
1326 10 0 0 0 0 0 0 0 0 0 0 0 
1327 10 0 0 0 0 0 0 0 0 0 0 0 
1328 10 0 0 0 0 0 0 0 0 0 0 0 
1329 10 0 0 0 0 0 0 0 0 0 0 0 
1330 10 0 0 0 0 0 0 0 0 0 0 0 
1331 10 0 0 0 0 0 0 0 0 0 0 0 
1332 10 0 0 0 0 0 0 0 0 0 0 0 
1333 10 0 0 0 0 0 0 0 0 0 0 0 
1334 10 0 0 0 0 0 0 0 0 0 0 0 
1335 10 0 0 0 0 0 0 0 0 0 0 0 
1336 10 0 0 0 0 0 0 0 0 0 0 0 
1337 10 0 0 0 0 0 0 0 0 0 0 0 
1338 10 0 0 0 0 0 0 0 0 0 0 0 
1339 10 0 0 0 0 0 0 0 0 0 0 0 
1340 10 0 0 0 0 0 0 0 0 0 0 0 
1341 10 0 0 0 0 0 0 0 0 0 0 0 
1342 10 0 0 0 0 0 0 0 0 0 0 0 
1343 10 0 0 0 0 0 0 0 0 0 0 0 
1344 10 0 0 0 0 0 0 0 0 0 0 0 
1345 10 0 0 0 0 0 0 0 0 0 0 0 
1346 10 0 0 0 0 0 0 0 0 0 0 0 
1347 10 0 0 0 0 0 0 0 0 0 0 0 
1348 10 0 0 0 0 0 0 0 0 0 0 0 
1349 10 0 0 0 0 0 0 0 0 0 0 0 
1350 10 0 0 0 0 0 0 0 0 0 0 0 
1351 10 0 0 0 0 0 0 0 0 0 0 0 
1352 10 0 0 0 0 0 0 0 0 0 0 0 
1353 10 0 0 0 0 0 0 0 0 0 0 0 
1354 10 0 0 0 0 0 0 0 0 0 0 0 
1355 10 0 0 0 0 0 0 0 0 0 0 0 
1356 10 0 0 0 0 0 0 0 0 0 0 0 
1357 10 0 0 0 0 0 0 0 0 0 0 0 
1358 10 0 0 0 0 0 0 0 0 0 0 0 
1359 10 0 0 0 0 0 0 0 0 0 0 0 
1360 10 0 0 0 0 0 0 0 0 0 0 0 
1361 10 0 0 0 0 0 0 0 0 0 0 0 
1362 10 0 0 0 0 0 0 0 0 0 0 0 
1363 10 0 0 0 0 0 0 0 0 0 0 0 
1364 10 0 0 0 0 0 0 0 0 0 0 0 
1365 10 0 0 0 0 0 0 0 0 0 0 0 
1366 10 0 0 0 0 0 0 0 0 0 0 0 
1367 10 0 0 0 0 0 0 0 0 0 0 0 
1368 10 0 0 0 0 0 0 0 0 0 0 0 
1369 10 0 0 0 0 0 0 0 0 0 0 0 
1370 10 0 0 0 0 0 0 0 0 0 0 0 
1371 10 0 0 0 0 0 0 0 0 0 0 0 
1372 10 0 0 0 0 0 0 0 0 0 0 0 
1373 10 0 0 0 0 0 0 0 0 0 0 0 
1374 10 0 0 0 0 0 0 0 0 0 0 0 
1375 10 0 0 0 0 0 0 0 0 0 0 0 
1376 10 0 0 0 0 0 0 0 0 0 0 0 
1377 10 0 0 0 0 0 0 0 0 0 0 0 
1378 10 0 0 0 0 0 0 0 0 0 0 0 
1379 10 0 0 0 0 0 0 0 0 0 0 0 
1380 10 0 0 0 0 0 0 0 0 0 0 0 
1381 10 0 0 0 0 0 0 0 0 0 0 0 
1382 10 0 0 0 0 0 0 0 0 0 0 0 
1383 10 0 0 0 0 0 0 0 0 0 0 0 
1384 10 0 0 0 0 0 0 0 0 0 0 0 
1385 10 0 0 0 0 0 0 0 0 0 0 0 
1386 10 0 0 0 0 0 0 0 0 0 0 0 
1387 10 0 0 0 0 0 0 0 0 0 0 0 
1388 10 0 0 0 0 0 0 0 0 0 0 0 
1389 10 0 0 0 0 0 0 0 0 0 0 0 
1390 10 0 0 0 0 0 0 0 0 0 0 0 
1391 10 0 0 0 0 0 0 0 0 0 0 0 
1392 10 0 0 0 0 0 0 0 0 0 0 0 
1393 10 0 0 0 0 0 0 0 0 0 0 0 
1394 10 0 0 0 0 0 0 0 0 0 0 0 
1395 10 0 0 0 0 0 0 0 0 0 0 0 
1396 10 0 0 0 0 0 0 0 0 0 0 0 
1397 10 0 0 0 0 0 0 0 0 0 0 0 
1398 10 0 0 0 0 0 0 0 0 0 0 0 
1399 10 0 0 0 0 0 0 0 0 0 0 0 
1400 10 0 0 0 0 0 0 0 0 0 0 0 
1401 10 0 0 0 0 0 0 0 0 0 0 0 
1402 10 0 0 0 0 0 0 0 0 0 0 0 
1403 10 0 0 0 0 0 0 0 0 0 0 0 
1404 10 0 0 0 0 0 0 0 0 0 0 0 
1405 10 0 0 0 0 0 0 0 0 0 0 0 
1406 10 0 0 0 0 0 0 0 0 0 0 0 
1407 10 43 0 0 0 0 0 0 0 0 0 0 
1408 10 44 0 0 0 0 0 0 0 0 0 0 
1409 10 45 0 0 0 0 0 0 0 0 0 0 
1410 10 46 0 0 0 0 0 0 0 0 0 0 
1411 10 47 0 0 0 0 0 0 0 0 0 0 
1412 10 48 0 0 0 0 0 0 0 0 0 0 
1413 10 0 0 0 0 0 0 0 0 0 0 0 
1414 10 0 0 0 0 0 0 0 0 0 0 0 
1415 10 0 0 0 0 0 0 0 0 0 0 0 
1416 10 0 0 0 0 0 0 0 0 0 0 0 
1417 10 0 0 0 0 0 0 0 0 0 0 0 
1418 10 0 0 0 0 0 0 0 0 0 0 0 
1419 10 0 0 0 0 0 0 0 0 0 0 0 
1420 10 0 0 0 0 0 0 0 0 0 0 0 
1421 10 0 0 0 0 0 0 0 0 0 0 0 
1422 10 0 0 0 0 0 0 0 0 0 0 0 
1423 10 0 0 0 0 0 0 0 0 0 0 0 
1424 10 0 0 0 0 0 0 0 0 0 0 0 
1425 10 0 0 0 0 0 0 0 0 0 0 0 
1426 10 0 0 0 0 0 0 0 0 0 0 0 
1427 10 0 0 0 0 0 0 0 0 0 0 0 
1428 10 0 0 0 0 0 0 0 0 0 0 0 
1429 10 0 0 0 0 0 0 0 0 0 0 0 
1430 10 0 0 0 0 0 0 0 0 0 0 0 
1431 10 0 0 0 0 0 0 0 0 0 0 0 
1432 10 0 0 0 0 0 0 0 0 0 0 0 
1433 10 0 0 0 0 0 0 0 0 0 0 0 
1434 10 0 0 0 0 0 0 0 0 0 0 0 
1435 10 0 0 0 0 0 0 0 0 0 0 0 
1436 10 0 0 0 0 0 0 0 0 0 0 0 
1437 10 0 0 0 0 0 0 0 0 0 0 0 
1438 10 0 0 0 0 0 0 0 0 0 0 0 
1439 10 56 0 0 0 0 0 0 0 0 0 0 
1440 10 57 0 0 0 0 0 0 0 0 0 0 
1441 10 0 0 0 0 0 0 0 0 0 0 0 
1442 10 0 0 0 0 0 0 0 0 0 0 0 
1443 10 0 0 0 0 0 0 0 0 0 0 0 
1444 10 0 0 0 0 0 0 0 0 0 0 0 
1445 10 0 0 0 0 0 0 0 0 0 0 0 
1446 10 0 0 0 0 0 0 0 0 0 0 0 
1447 10 61 0 0 0 0 0 0 0 0 0 0 
1448 10 62 0 0 0 0 0 0 0 0 0 0 
1449 10 63 0 0 0 0 0 0 0 0 0 0 
1450 10 64 0 0 0 0 0 0 0 0 0 0 
1451 10 0 0 0 0 0 0 0 0 0 0 0 
1452 10 0 0 0 0 0 0 0 0 0 0 0 
1453 10 0 0 0 0 0 0 0 0 0 0 0 
1454 10 0 0 0 0 0 0 0 0 0 0 0 
1455 10 0 0 0 0 0 0 0 0 0 0 0 
1456 10 0 0 0 0 0 0 0 0 0 0 0 
1457 10 0 0 0 0 0 0 0 0 0 0 0 
1458 10 0 0 0 0 0 0 0 0 0 0 0 
1459 10 0 0 0 0 0 0 0 0 0 0 0 
1460 10 0 0 0 0 0 0 0 0 0 0 0 
1461 10 0 0 0 0 0 0 0 0 0 0 0 
1462 10 0 0 0 0 0 0 0 0 0 0 0 
1463 10 0 0 0 0 0 0 0 0 0 0 0 
1464 10 0 0 0 0 0 0 0 0 0 0 0 
1465 10 0 0 0 0 0 0 0 0 0 0 0 
1466 10 0 0 0 0 0 0 0 0 0 0 0 
1467 10 0 0 0 0 0 0 0 0 0 0 0 
1468 10 0 0 0 0 0 0 0 0 0 0 0 
1469 10 0 0 0 0 0 0 0 0 0 0 0 
1470 10 0 0 0 0 0 0 0 0 0 0 0 
1471 10 0 0 0 0 0 0 0 0 0 0 0 
1472 10 0 0 0 0 0 0 0 0 0 0 0 
1473 10 0 0 0 0 0 0 0 0 0 0 0 
1474 10 0 0 0 0 0 0 0 0 0 0 0 
1475 10 0 0 0 0 0 0 0 0 0 0 0 
1476 10 0 0 0 0 0 0 0 0 0 0 0 
1477 10 0 0 0 0 0 0 0 0 0 0 0 
1478 10 0 0 0 0 0 0 0 0 0 0 0 
1479 10 0 0 0 0 0 0 0 0 0 0 0 
1480 10 0 0 0 0 0 0 0 0 0 0 0 
1481 10 0 0 0 0 0 0 0 0 0 0 0 
1482 10 0 0 0 0 0 0 0 0 0 0 0 
1483 10 0 0 0 0 0 0 0 0 0 0 0 
1484 10 0 0 0 0 0 0 0 0 0 0 0 
1485 10 73 0 0 0 0 0 0 0 0 0 0 
1486 10 74 0 0 0 0 0 0 0 0 0 0 
1487 10 75 0 0 0 0 0 0 0 0 0 0 
1488 10 76 0 0 0 0 0 0 0 0 0 0 
1489 10 77 0 0 0 0 0 0 0 0 0 0 
1490 10 78 0 0 0 0 0 0 0 0 0 0 
1491 10 0 0 0 0 0 0 0 0 0 0 0 
1492 10 0 0 0 0 0 0 0 0 0 0 0 
1493 10 0 0 0 0 0 0 0 0 0 0 0 
1494 10 0 0 0 0 0 0 0 0 0 0 0 
1495 10 0 0 0 0 0 0 0 0 0 0 0 
1496 10 0 0 0 0 0 0 0 0 0 0 0 
1497 10 0 0 0 0 0 0 0 0 0 0 0 
1498 10 0 0 0 0 0 0 0 0 0 0 0 
1499 10 0 0 0 0 0 0 0 0 0 0 0 
1500 10 0 0 0 0 0 0 0 0 0 0 0 
1501 10 0 0 0 0 0 0 0 0 0 0 0 
1502 10 0 0 0 0 0 0 0 0 0 0 0 
1503 10 0 0 0 0 0 0 0 0 0 0 0 
1504 10 0 0 0 0 0 0 0 0 0 0 0 
1505 10 0 0 0 0 0 0 0 0 0 0 0 
1506 10 0 0 0 0 0 0 0 0 0 0 0 
1507 10 0 0 0 0 0 0 0 0 0 0 0 
1508 10 0 0 0 0 0 0 0 0 0 0 0 
1509 10 0 0 0 0 0 0 0 0 0 0 0 
1510 10 0 0 0 0 0 0 0 0 0 0 0 
1511 10 0 0 0 0 0 0 0 0 0 0 0 
1512 10 0 0 0 0 0 0 0 0 0 0 0 
1513 10 0 0 0 0 0 0 0 0 0 0 0 
1514 10 0 0 0 0 0 0 0 0 0 0 0 
1515 10 0 0 0 0 0 0 0 0 0 0 0 
1516 10 0 0 0 0 0 0 0 0 0 0 0 
1517 10 0 0 0 0 0 0 0 0 0 0 0 
1518 10 0 0 0 0 0 0 0 0 0 0 0 
1519 10 88 0 0 0 0 0 0 0 0 0 0 
1520 10 89 0 0 0 0 0 0 0 0 0 0 
1521 10 0 0 0 0 0 0 0 0 0 0 0 
1522 10 0 0 0 0 0 0 0 0 0 0 0 
1523 10 91 0 0 0 0 0 0 0 0 0 0 
1524 10 92 0 0 0 0 0 0 0 0 0 0 
1525 10 0 0 0 0 0 0 0 0 0 0 0 
1526 10 0 0 0 0 0 0 0 0 0 0 0 
1527 10 0 0 0 0 0 0 0 0 0 0 0 
1528 10 0 0 0 0 0 0 0 0 0 0 0 
1529 10 0 0 0 0 0 0 0 0 0 0 0 
1530 10 0 0 0 0 0 0 0 0 0 0 0 
1531 10 0 0 0 0 0 0 0 0 0 0 0 
1532 10 0 0 0 0 0 0 0 0 0 0 0 
1533 10 0 0 0 0 0 0 0 0 0 0 0 
1534 10 0 0 0 0 0 0 0 0 0 0 0 
1535 10 0 0 0 0 0 0 0 0 0 0 0 
1536 10 0 0 0 0 0 0 0 0 0 0 0 
1537 10 0 0 0 0 0 0 0 0 0 0 0 
1538 10 0 0 0 0 0 0 0 0 0 0 0 
1539 10 0 0 0 0 0 0 0 0 0 0 0 
1540 10 0 0 0 0 0 0 0 0 0 0 0 
1541 10 0 0 0 0 0 0 0 0 0 0 0 
1542 10 0 0 0 0 0 0 0 0 0 0 0 
1543 10 0 0 0 0 0 0 0 0 0 0 0 
1544 10 0 0 0 0 0 0 0 0 0 0 0 
1545 10 0 0 0 0 0 0 0 0 0 0 0 
1546 10 0 0 0 0 0 0 0 0 0 0 0 
1547 10 0 0 0 0 0 0 0 0 0 0 0 
1548 10 0 0 0 0 0 0 0 0 0 0 0 
1549 10 0 0 0 0 0 0 0 0 0 0 0 
1550 10 0 0 0 0 0 0 0 0 0 0 0 
1551 10 0 0 0 0 0 0 0 0 0 0 0 
1552 10 0 0 0 0 0 0 0 0 0 0 0 
1553 10 0 0 0 0 0 0 0 0 0 0 0 
1554 10 0 0 0 0 0 0 0 0 0 0 0 
1555 10 0 0 0 0 0 0 0 0 0 0 0 
1556 10 0 0 0 0 0 0 0 0 0 0 0 
1557 10 0 0 0 0 0 0 0 0 0 0 0 
1558 10 0 0 0 0 0 0 0 0 0 0 0 
1559 10 0 0 0 0 0 0 0 0 0 0 0 
1560 10 0 0 0 0 0 0 0 0 0 0 0 
1561 10 0 0 0 0 0 0 0 0 0 0 0 
1562 10 0 0 0 0 0 0 0 0 0 0 0 
1563 10 0 0 0 0 0 0 0 0 0 0 0 
1564 10 0 0 0 0 0 0 0 0 0 0 0 
1565 10 0 0 0 0 0 0 0 0 0 0 0 
1566 10 0 0 0 0 0 0 0 0 0 0 0 
1567 10 0 0 0 0 0 0 0 0 0 0 0 
1568 10 0 0 0 0 0 0 0 0 0 0 0 
1569 10 0 0 0 0 0 0 0 0 0 0 0 
1570 10 0 0 0 0 0 0 0 0 0 0 0 
1571 10 0 0 0 0 0 0 0 0 0 0 0 
1572 10 0 0 0 0 0 0 0 0 0 0 0 
1573 10 0 0 0 0 0 0 0 0 0 0 0 
1574 10 0 0 0 0 0 0 0 0 0 0 0 
1575 10 0 0 0 0 0 0 0 0 0 0 0 
1576 10 0 0 0 0 0 0 0 0 0 0 0 
1577 10 0 0 0 0 0 0 0 0 0 0 0 
1578 10 0 0 0 0 0 0 0 0 0 0 0 
1579 10 0 0 0 0 0 0 0 0 0 0 0 
1580 10 0 0 0 0 0 0 0 0 0 0 0 
1581 10 0 0 0 0 0 0 0 0 0 0 0 
1582 10 0 0 0 0 0 0 0 0 0 0 0 
1583 10 0 0 0 0 0 0 0 0 0 0 0 
1584 10 0 0 0 0 0 0 0 0 0 0 0 
1585 10 0 0 0 0 0 0 0 0 0 0 0 
1586 10 0 0 0 0 0 0 0 0 0 0 0 
1587 10 0 0 0 0 0 0 0 0 0 0 0 
1588 10 0 0 0 0 0 0 0 0 0 0 0 
1589 10 0 0 0 0 0 0 0 0 0 0 0 
1590 10 0 0 0 0 0 0 0 0 0 0 0 
1591 10 0 0 0 0 0 0 0 0 0 0 0 
1592 10 0 0 0 0 0 0 0 0 0 0 0 
1593 10 0 0 0 0 0 0 0 0 0 0 0 
1594 10 0 0 0 0 0 0 0 0 0 0 0 
1595 10 0 0 0 0 0 0 0 0 0 0 0 
1596 10 0 0 0 0 0 0 0 0 0 0 0 
1597 10 0 0 0 0 0 0 0 0 0 0 0 
1598 10 0 0 0 0 0 0 0 0 0 0 0 
1599 10 0 0 0 0 0 0 0 0 0 0 0 
1600 10 0 0 0 0 0 0 0 0 0 0 0 
1601 10 0 0 0 0 0 0 0 0 0 0 0 
1602 10 0 0 0 0 0 0 0 0 0 0 0 
1603 10 0 0 0 0 0 0 0 0 0 0 0 
1604 10 0 0 0 0 0 0 0 0 0 0 0 
1605 10 0 0 0 0 0 0 0 0 0 0 0 
1606 10 0 0 0 0 0 0 0 0 0 0 0 
1607 10 0 0 0 0 0 0 0 0 0 0 0 
1608 10 0 0 0 0 0 0 0 0 0 0 0 
1609 10 0 0 0 0 0 0 0 0 0 0 0 
1610 10 0 0 0 0 0 0 0 0 0 0 0 
1611 10 0 0 0 0 0 0 0 0 0 0 0 
1612 10 0 0 0 0 0 0 0 0 0 0 0 
1613 10 0 0 0 0 0 0 0 0 0 0 0 
1614 10 0 0 0 0 0 0 0 0 0 0 0 
1615 10 0 0 0 0 0 0 0 0 0 0 0 
1616 10 0 0 0 0 0 0 0 0 0 0 0 
1617 10 0 0 0 0 0 0 0 0 0 0 0 
1618 10 0 0 0 0 0 0 0 0 0 0 0 
1619 10 0 0 0 0 0 0 0 0 0 0 0 
1620 10 0 0 0 0 0 0 0 0 0 0 0 
1621 10 0 0 0 0 0 0 0 0 0 0 0 
1622 10 0 0 0 0 0 0 0 0 0 0 0 
1623 10 0 0 0 0 0 0 0 0 0 0 0 
1624 10 0 0 0 0 0 0 0 0 0 0 0 
1625 10 0 0 0 0 0 0 0 0 0 0 0 
1626 10 0 0 0 0 0 0 0 0 0 0 0 
1627 10 0 0 0 0 0 0 0 0 0 0 0 
1628 10 0 0 0 0 0 0 0 0 0 0 0 
1629 10 0 0 0 0 0 0 0 0 0 0 0 
1630 10 0 0 0 0 0 0 0 0 0 0 0 
1631 10 0 0 0 0 0 0 0 0 0 0 0 
1632 10 0 0 0 0 0 0 0 0 0 0 0 
1633 10 0 0 0 0 0 0 0 0 0 0 0 
1634 10 0 0 0 0 0 0 0 0 0 0 0 
1635 10 0 0 0 0 0 0 0 0 0 0 0 
1636 10 0 0 0 0 0 0 0 0 0 0 0 
1637 10 0 0 0 0 0 0 0 0 0 0 0 
1638 10 0 0 0 0 0 0 0 0 0 0 0 
1639 10 0 0 0 0 0 0 0 0 0 0 0 
1640 10 0 0 0 0 0 0 0 0 0 0 0 
1641 10 0 0 0 0 0 0 0 0 0 0 0 
1642 10 0 0 0 0 0 0 0 0 0 0 0 
1643 10 0 0 0 0 0 0 0 0 0 0 0 
1644 10 0 0 0 0 0 0 0 0 0 0 0 
1645 10 0 0 0 0 0 0 0 0 0 0 0 
1646 10 0 0 0 0 0 0 0 0 0 0 0 
1647 10 0 0 0 0 0 0 0 0 0 0 0 
1648 10 0 0 0 0 0 0 0 0 0 0 0 
1649 10 0 0 0 0 0 0 0 0 0 0 0 
1650 10 0 0 0 0 0 0 0 0 0 0 0 
1651 10 0 0 0 0 0 0 0 0 0 0 0 
1652 10 0 0 0 0 0 0 0 0 0 0 0 
1653 10 0 0 0 0 0 0 0 0 0 0 0 
1654 10 0 0 0 0 0 0 0 0 0 0 0 
1655 10 0 0 0 0 0 0 0 0 0 0 0 
1656 10 0 0 0 0 0 0 0 0 0 0 0 
1657 10 0 0 0 0 0 0 0 0 0 0 0 
1658 10 0 0 0 0 0 0 0 0 0 0 0 
1659 10 0 0 0 0 0 0 0 0 0 0 0 
1660 10 0 0 0 0 0 0 0 0 0 0 0 
1661 10 0 0 0 0 0 0 0 0 0 0 0 
1662 10 0 0 0 0 0 0 0 0 0 0 0 
1663 10 0 0 0 0 0 0 0 0 0 0 0 
1664 10 0 0 0 0 0 0 0 0 0 0 0 
1665 10 0 0 0 0 0 0 0 0 0 0 0 
1666 10 0 0 0 0 0 0 0 0 0 0 0 
1667 10 0 0 0 0 0 0 0 0 0 0 0 
1668 10 0 0 0 0 0 0 0 0 0 0 0 
1669 10 0 0 0 0 0 0 0 0 0 0 0 
1670 10 0 0 0 0 0 0 0 0 0 0 0 
1671 10 0 0 0 0 0 0 0 0 0 0 0 
1672 10 0 0 0 0 0 0 0 0 0 0 0 
1673 10 0 0 0 0 0 0 0 0 0 0 0 
1674 10 0 0 0 0 0 0 0 0 0 0 0 
1675 10 0 0 0 0 0 0 0 0 0 0 0 
1676 10 0 0 0 0 0 0 0 0 0 0 0 
1677 10 0 0 0 0 0 0 0 0 0 0 0 
1678 10 0 0 0 0 0 0 0 0 0 0 0 
1679 10 0 0 0 0 0 0 0 0 0 0 0 
1680 10 0 0 0 0 0 0 0 0 0 0 0 
1681 10 0 0 0 0 0 0 0 0 0 0 0 
1682 10 0 0 0 0 0 0 0 0 0 0 0 
1683 10 0 0 0 0 0 0 0 0 0 0 0 
1684 10 0 0 0 0 0 0 0 0 0 0 0 
1685 10 0 0 0 0 0 0 0 0 0 0 0 
1686 10 0 0 0 0 0 0 0 0 0 0 0 
1687 10 0 0 0 0 0 0 0 0 0 0 0 
1688 10 0 0 0 0 0 0 0 0 0 0 0 
1689 10 0 0 0 0 0 0 0 0 0 0 0 
1690 10 0 0 0 0 0 0 0 0 0 0 0 
1691 10 0 0 0 0 0 0 0 0 0 0 0 
1692 10 0 0 0 0 0 0 0 0 0 0 0 
1693 10 0 0 0 0 0 0 0 0 0 0 0 
1694 10 0 0 0 0 0 0 0 0 0 0 0 
1695 10 0 0 0 0 0 0 0 0 0 0 0 
1696 10 0 0 0 0 0 0 0 0 0 0 0 
1697 10 0 0 0 0 0 0 0 0 0 0 0 
1698 10 0 0 0 0 0 0 0 0 0 0 0 
1699 10 0 0 0 0 0 0 0 0 0 0 0 
1700 10 0 0 0 0 0 0 0 0 0 0 0 
1701 10 0 0 0 0 0 0 0 0 0 0 0 
1702 10 0 0 0 0 0 0 0 0 0 0 0 
1703 10 0 0 0 0 0 0 0 0 0 0 0 
1704 10 0 0 0 0 0 0 0 0 0 0 0 
1705 10 0 0 0 0 0 0 0 0 0 0 0 
1706 10 0 0 0 0 0 0 0 0 0 0 0 
1707 10 0 0 0 0 0 0 0 0 0 0 0 
1708 10 0 0 0 0 0 0 0 0 0 0 0 
1709 10 0 0 0 0 0 0 0 0 0 0 0 
1710 10 0 0 0 0 0 0 0 0 0 0 0 
1711 10 0 0 0 0 0 0 0 0 0 0 0 
1712 10 0 0 0 0 0 0 0 0 0 0 0 
1713 10 0 0 0 0 0 0 0 0 0 0 0 
1714 10 0 0 0 0 0 0 0 0 0 0 0 
1715 10 0 0 0 0 0 0 0 0 0 0 0 
1716 10 0 0 0 0 0 0 0 0 0 0 0 
1717 10 0 0 0 0 0 0 0 0 0 0 0 
1718 10 0 0 0 0 0 0 0 0 0 0 0 
1719 10 0 0 0 0 0 0 0 0 0 0 0 
1720 10 0 0 0 0 0 0 0 0 0 0 0 
1721 10 0 0 0 0 0 0 0 0 0 0 0 
1722 10 0 0 0 0 0 0 0 0 0 0 0 
1723 10 0 0 0 0 0 0 0 0 0 0 0 
1724 10 0 0 0 0 0 0 0 0 0 0 0 
1725 10 0 0 0 0 0 0 0 0 0 0 0 
1726 10 0 0 0 0 0 0 0 0 0 0 0 
1727 10 0 0 0 0 0 0 0 0 0 0 0 
1728 10 0 0 0 0 0 0 0 0 0 0 0 
1729 10 0 0 0 0 0 0 0 0 0 0 0 
1730 10 0 0 0 0 0 0 0 0 0 0 0 
1731 10 0 0 0 0 0 0 0 0 0 0 0 
1732 10 0 0 0 0 0 0 0 0 0 0 0 
1733 10 0 0 0 0 0 0 0 0 0 0 0 
1734 10 0 0 0 0 0 0 0 0 0 0 0 
1735 10 0 0 0 0 0 0 0 0 0 0 0 
1736 10 0 0 0 0 0 0 0 0 0 0 0 
1737 10 0 0 0 0 0 0 0 0 0 0 0 
1738 10 0 0 0 0 0 0 0 0 0 0 0 
1739 10 0 0 0 0 0 0 0 0 0 0 0 
1740 10 0 0 0 0 0 0 0 0 0 0 0 
1741 10 0 0 0 0 0 0 0 0 0 0 0 
1742 10 0 0 0 0 0 0 0 0 0 0 0 
1743 10 0 0 0 0 0 0 0 0 0 0 0 
1744 10 0 0 0 0 0 0 0 0 0 0 0 
1745 10 0 0 0 0 0 0 0 0 0 0 0 
1746 10 0 0 0 0 0 0 0 0 0 0 0 
1747 10 0 0 0 0 0 0 0 0 0 0 0 
1748 10 0 0 0 0 0 0 0 0 0 0 0 
1749 10 0 0 0 0 0 0 0 0 0 0 0 
1750 10 0 0 0 0 0 0 0 0 0 0 0 
1751 10 0 0 0 0 0 0 0 0 0 0 0 
1752 10 0 0 0 0 0 0 0 0 0 0 0 
1753 10 0 0 0 0 0 0 0 0 0 0 0 
1754 10 0 0 0 0 0 0 0 0 0 0 0 
1755 10 0 0 0 0 0 0 0 0 0 0 0 
1756 10 0 0 0 0 0 0 0 0 0 0 0 
1757 10 0 0 0 0 0 0 0 0 0 0 0 
1758 10 0 0 0 0 0 0 0 0 0 0 0 
1759 10 0 0 0 0 0 0 0 0 0 0 0 
1760 10 0 0 0 0 0 0 0 0 0 0 0 
1761 10 0 0 0 0 0 0 0 0 0 0 0 
1762 10 0 0 0 0 0 0 0 0 0 0 0 
1763 10 0 0 0 0 0 0 0 0 0 0 0 
1764 10 0 0 0 0 0 0 0 0 0 0 0 
1765 10 0 0 0 0 0 0 0 0 0 0 0 
1766 10 0 0 0 0 0 0 0 0 0 0 0 
1767 10 0 0 0 0 0 0 0 0 0 0 0 
1768 10 0 0 0 0 0 0 0 0 0 0 0 
1769 10 0 0 0 0 0 0 0 0 0 0 0 
1770 10 0 0 0 0 0 0 0 0 0 0 0 
1771 10 0 0 0 0 0 0 0 0 0 0 0 
1772 10 0 0 0 0 0 0 0 0 0 0 0 
1773 10 0 0 0 0 0 0 0 0 0 0 0 
1774 10 0 0 0 0 0 0 0 0 0 0 0 
1775 10 0 0 0 0 0 0 0 0 0 0 0 
1776 10 0 0 0 0 0 0 0 0 0 0 0 
1777 10 0 0 0 0 0 0 0 0 0 0 0 
1778 10 0 0 0 0 0 0 0 0 0 0 0 
1779 10 0 0 0 0 0 0 0 0 0 0 0 
1780 10 0 0 0 0 0 0 0 0 0 0 0 
1781 10 0 0 0 0 0 0 0 0 0 0 0 
1782 10 0 0 0 0 0 0 0 0 0 0 0 
1783 10 0 0 0 0 0 0 0 0 0 0 0 
1784 10 0 0 0 0 0 0 0 0 0 0 0 
1785 10 0 0 0 0 0 0 0 0 0 0 0 
1786 10 0 0 0 0 0 0 0 0 0 0 0 
1787 10 0 0 0 0 0 0 0 0 0 0 0 
1788 10 0 0 0 0 0 0 0 0 0 0 0 
1789 10 0 0 0 0 0 0 0 0 0 0 0 
1790 10 0 0 0 0 0 0 0 0 0 0 0 
1791 10 96 0 0 0 0 0 0 0 0 0 0 
1792 10 97 0 0 0 0 0 0 0 0 0 0 
1793 10 98 0 0 0 0 0 0 0 0 0 0 
1794 10 99 0 0 0 0 0 0 0 0 0 0 
1795 10 0 0 0 0 0 0 0 0 0 0 0 
1796 10 0 0 0 0 0 0 0 0 0 0 0 
1797 10 0 0 0 0 0 0 0 0 0 0 0 
1798 10 0 0 0 0 0 0 0 0 0 0 0 
1799 10 102 0 0 0 0 0 0 0 0 0 0 
1800 10 103 0 0 0 0 0 0 0 0 0 0 
1801 10 0 0 0 0 0 0 0 0 0 0 0 
1802 10 0 0 0 0 0 0 0 0 0 0 0 
1803 10 0 0 0 0 0 0 0 0 0 0 0 
1804 10 0 0 0 0 0 0 0 0 0 0 0 
1805 10 106 0 0 0 0 0 0 0 0 0 0 
1806 10 107 0 0 0 0 0 0 0 0 0 0 
1807 10 0 0 0 0 0 0 0 0 0 0 0 
1808 10 0 0 0 0 0 0 0 0 0 0 0 
1809 10 0 0 0 0 0 0 0 0 0 0 0 
1810 10 0 0 0 0 0 0 0 0 0 0 0 
1811 10 0 0 0 0 0 0 0 0 0 0 0 
1812 10 0 0 0 0 0 0 0 0 0 0 0 
1813 10 0 0 0 0 0 0 0 0 0 0 0 
1814 10 0 0 0 0 0 0 0 0 0 0 0 
1815 10 0 0 0 0 0 0 0 0 0 0 0 
1816 10 0 0 0 0 0 0 0 0 0 0 0 
1817 10 0 0 0 0 0 0 0 0 0 0 0 
1818 10 0 0 0 0 0 0 0 0 0 0 0 
1819 10 0 0 0 0 0 0 0 0 0 0 0 
1820 10 0 0 0 0 0 0 0 0 0 0 0 
1821 10 0 0 0 0 0 0 0 0 0 0 0 
1822 10 0 0 0 0 0 0 0 0 0 0 0 
1823 10 109 0 0 0 0 0 0 0 0 0 0 
1824 10 110 0 0 0 0 0 0 0 0 0 0 
1825 10 0 0 0 0 0 0 0 0 0 0 0 
1826 10 0 0 0 0 0 0 0 0 0 0 0 
1827 10 0 0 0 0 0 0 0 0 0 0 0 
1828 10 0 0 0 0 0 0 0 0 0 0 0 
1829 10 0 0 0 0 0 0 0 0 0 0 0 
1830 10 0 0 0 0 0 0 0 0 0 0 0 
1831 10 0 0 0 0 0 0 0 0 0 0 0 
1832 10 0 0 0 0 0 0 0 0 0 0 0 
1833 10 0 0 0 0 0 0 0 0 0 0 0 
1834 10 0 0 0 0 0 0 0 0 0 0 0 
1835 10 0 0 0 0 0 0 0 0 0 0 0 
1836 10 0 0 0 0 0 0 0 0 0 0 0 
1837 10 0 0 0 0 0 0 0 0 0 0 0 
1838 10 0 0 0 0 0 0 0 0 0 0 0 
1839 10 0 0 0 0 0 0 0 0 0 0 0 
1840 10 0 0 0 0 0 0 0 0 0 0 0 
1841 10 0 0 0 0 0 0 0 0 0 0 0 
1842 10 0 0 0 0 0 0 0 0 0 0 0 
1843 10 0 0 0 0 0 0 0 0 0 0 0 
1844 10 0 0 0 0 0 0 0 0 0 0 0 
1845 10 0 0 0 0 0 0 0 0 0 0 0 
1846 10 0 0 0 0 0 0 0 0 0 0 0 
1847 10 0 0 0 0 0 0 0 0 0 0 0 
1848 10 0 0 0 0 0 0 0 0 0 0 0 
1849 10 0 0 0 0 0 0 0 0 0 0 0 
1850 10 0 0 0 0 0 0 0 0 0 0 0 
1851 10 116 0 0 0 0 0 0 0 0 0 0 
1852 10 117 0 0 0 0 0 0 0 0 0 0 
1853 10 118 0 0 0 0 0 0 0 0 0 0 
1854 10 119 0 0 0 0 0 0 0 0 0 0 
1855 10 0 0 0 0 0 0 0 0 0 0 0 
1856 10 0 0 0 0 0 0 0 0 0 0 0 
1857 10 0 0 0 0 0 0 0 0 0 0 0 
1858 10 0 0 0 0 0 0 0 0 0 0 0 
1859 10 0 0 0 0 0 0 0 0 0 0 0 
1860 10 0 0 0 0 0 0 0 0 0 0 0 
1861 10 0 0 0 0 0 0 0 0 0 0 0 
1862 10 0 0 0 0 0 0 0 0 0 0 0 
1863 10 0 0 0 0 0 0 0 0 0 0 0 
1864 10 0 0 0 0 0 0 0 0 0 0 0 
1865 10 0 0 0 0 0 0 0 0 0 0 0 
1866 10 0 0 0 0 0 0 0 0 0 0 0 
1867 10 0 0 0 0 0 0 0 0 0 0 0 
1868 10 0 0 0 0 0 0 0 0 0 0 0 
1869 10 0 0 0 0 0 0 0 0 0 0 0 
1870 10 0 0 0 0 0 0 0 0 0 0 0 
1871 10 0 0 0 0 0 0 0 0 0 0 0 
1872 10 0 0 0 0 0 0 0 0 0 0 0 
1873 10 0 0 0 0 0 0 0 0 0 0 0 
1874 10 0 0 0 0 0 0 0 0 0 0 0 
1875 10 0 0 0 0 0 0 0 0 0 0 0 
1876 10 0 0 0 0 0 0 0 0 0 0 0 
1877 10 0 0 0 0 0 0 0 0 0 0 0 
1878 10 0 0 0 0 0 0 0 0 0 0 0 
1879 10 0 0 0 0 0 0 0 0 0 0 0 
1880 10 0 0 0 0 0 0 0 0 0 0 0 
1881 10 0 0 0 0 0 0 0 0 0 0 0 
1882 10 0 0 0 0 0 0 0 0 0 0 0 
1883 10 0 0 0 0 0 0 0 0 0 0 0 
1884 10 0 0 0 0 0 0 0 0 0 0 0 
1885 10 0 0 0 0 0 0 0 0 0 0 0 
1886 10 0 0 0 0 0 0 0 0 0 0 0 
1887 10 0 0 0 0 0 0 0 0 0 0 0 
1888 10 0 0 0 0 0 0 0 0 0 0 0 
1889 10 0 0 0 0 0 0 0 0 0 0 0 
1890 10 0 0 0 0 0 0 0 0 0 0 0 
1891 10 0 0 0 0 0 0 0 0 0 0 0 
1892 10 0 0 0 0 0 0 0 0 0 0 0 
1893 10 0 0 0 0 0 0 0 0 0 0 0 
1894 10 0 0 0 0 0 0 0 0 0 0 0 
1895 10 0 0 0 0 0 0 0 0 0 0 0 
1896 10 0 0 0 0 0 0 0 0 0 0 0 
1897 10 0 0 0 0 0 0 0 0 0 0 0 
1898 10 0 0 0 0 0 0 0 0 0 0 0 
1899 10 0 0 0 0 0 0 0 0 0 0 0 
1900 10 0 0 0 0 0 0 0 0 0 0 0 
1901 10 0 0 0 0 0 0 0 0 0 0 0 
1902 10 0 0 0 0 0 0 0 0 0 0 0 
1903 10 0 0 0 0 0 0 0 0 0 0 0 
1904 10 0 0 0 0 0 0 0 0 0 0 0 
1905 10 0 0 0 0 0 0 0 0 0 0 0 
1906 10 0 0 0 0 0 0 0 0 0 0 0 
1907 10 0 0 0 0 0 0 0 0 0 0 0 
1908 10 0 0 0 0 0 0 0 0 0 0 0 
1909 10 0 0 0 0 0 0 0 0 0 0 0 
1910 10 0 0 0 0 0 0 0 0 0 0 0 
1911 10 0 0 0 0 0 0 0 0 0 0 0 
1912 10 0 0 0 0 0 0 0 0 0 0 0 
1913 10 0 0 0 0 0 0 0 0 0 0 0 
1914 10 0 0 0 0 0 0 0 0 0 0 0 
1915 10 0 0 0 0 0 0 0 0 0 0 0 
1916 10 0 0 0 0 0 0 0 0 0 0 0 
1917 10 0 0 0 0 0 0 0 0 0 0 0 
1918 10 0 0 0 0 0 0 0 0 0 0 0 
1919 10 0 0 0 0 0 0 0 0 0 0 0 
1920 10 0 0 0 0 0 0 0 0 0 0 0 
1921 10 0 0 0 0 0 0 0 0 0 0 0 
1922 10 0 0 0 0 0 0 0 0 0 0 0 
1923 10 0 0 0 0 0 0 0 0 0 0 0 
1924 10 0 0 0 0 0 0 0 0 0 0 0 
1925 10 0 0 0 0 0 0 0 0 0 0 0 
1926 10 0 0 0 0 0 0 0 0 0 0 0 
1927 10 0 0 0 0 0 0 0 0 0 0 0 
1928 10 0 0 0 0 0 0 0 0 0 0 0 
1929 10 0 0 0 0 0 0 0 0 0 0 0 
1930 10 0 0 0 0 0 0 0 0 0 0 0 
1931 10 0 0 0 0 0 0 0 0 0 0 0 
1932 10 0 0 0 0 0 0 0 0 0 0 0 
1933 10 0 0 0 0 0 0 0 0 0 0 0 
1934 10 0 0 0 0 0 0 0 0 0 0 0 
1935 10 0 0 0 0 0 0 0 0 0 0 0 
1936 10 0 0 0 0 0 0 0 0 0 0 0 
1937 10 0 0 0 0 0 0 0 0 0 0 0 
1938 10 0 0 0 0 0 0 0 0 0 0 0 
1939 10 0 0 0 0 0 0 0 0 0 0 0 
1940 10 0 0 0 0 0 0 0 0 0 0 0 
1941 10 0 0 0 0 0 0 0 0 0 0 0 
1942 10 0 0 0 0 0 0 0 0 0 0 0 
1943 10 0 0 0 0 0 0 0 0 0 0 0 
1944 10 0 0 0 0 0 0 0 0 0 0 0 
1945 10 0 0 0 0 0 0 0 0 0 0 0 
1946 10 0 0 0 0 0 0 0 0 0 0 0 
1947 10 0 0 0 0 0 0 0 0 0 0 0 
1948 10 0 0 0 0 0 0 0 0 0 0 0 
1949 10 0 0 0 0 0 0 0 0 0 0 0 
1950 10 0 0 0 0 0 0 0 0 0 0 0 
1951 10 0 0 0 0 0 0 0 0 0 0 0 
1952 10 0 0 0 0 0 0 0 0 0 0 0 
1953 10 0 0 0 0 0 0 0 0 0 0 0 
1954 10 0 0 0 0 0 0 0 0 0 0 0 
1955 10 0 0 0 0 0 0 0 0 0 0 0 
1956 10 0 0 0 0 0 0 0 0 0 0 0 
1957 10 0 0 0 0 0 0 0 0 0 0 0 
1958 10 0 0 0 0 0 0 0 0 0 0 0 
1959 10 0 0 0 0 0 0 0 0 0 0 0 
1960 10 0 0 0 0 0 0 0 0 0 0 0 
1961 10 0 0 0 0 0 0 0 0 0 0 0 
1962 10 0 0 0 0 0 0 0 0 0 0 0 
1963 10 0 0 0 0 0 0 0 0 0 0 0 
1964 10 0 0 0 0 0 0 0 0 0 0 0 
1965 10 0 0 0 0 0 0 0 0 0 0 0 
1966 10 0 0 0 0 0 0 0 0 0 0 0 
1967 10 0 0 0 0 0 0 0 0 0 0 0 
1968 10 0 0 0 0 0 0 0 0 0 0 0 
1969 10 0 0 0 0 0 0 0 0 0 0 0 
1970 10 0 0 0 0 0 0 0 0 0 0 0 
1971 10 0 0 0 0 0 0 0 0 0 0 0 
1972 10 0 0 0 0 0 0 0 0 0 0 0 
1973 10 0 0 0 0 0 0 0 0 0 0 0 
1974 10 0 0 0 0 0 0 0 0 0 0 0 
1975 10 0 0 0 0 0 0 0 0 0 0 0 
1976 10 0 0 0 0 0 0 0 0 0 0 0 
1977 10 0 0 0 0 0 0 0 0 0 0 0 
1978 10 0 0 0 0 0 0 0 0 0 0 0 
1979 10 0 0 0 0 0 0 0 0 0 0 0 
1980 10 0 0 0 0 0 0 0 0 0 0 0 
1981 10 0 0 0 0 0 0 0 0 0 0 0 
1982 10 0 0 0 0 0 0 0 0 0 0 0 
1983 10 0 0 0 0 0 0 0 0 0 0 0 
1984 10 0 0 0 0 0 0 0 0 0 0 0 
1985 10 0 0 0 0 0 0 0 0 0 0 0 
1986 10 0 0 0 0 0 0 0 0 0 0 0 
1987 10 0 0 0 0 0 0 0 0 0 0 0 
1988 10 0 0 0 0 0 0 0 0 0 0 0 
1989 10 0 0 0 0 0 0 0 0 0 0 0 
1990 10 0 0 0 0 0 0 0 0 0 0 0 
1991 10 0 0 0 0 0 0 0 0 0 0 0 
1992 10 0 0 0 0 0 0 0 0 0 0 0 
1993 10 0 0 0 0 0 0 0 0 0 0 0 
1994 10 0 0 0 0 0 0 0 0 0 0 0 
1995 10 0 0 0 0 0 0 0 0 0 0 0 
1996 10 0 0 0 0 0 0 0 0 0 0 0 
1997 10 0 0 0 0 0 0 0 0 0 0 0 
1998 10 0 0 0 0 0 0 0 0 0 0 0 
1999 10 0 0 0 0 0 0 0 0 0 0 0 
2000 10 0 0 0 0 0 0 0 0 0 0 0 
2001 10 0 0 0 0 0 0 0 0 0 0 0 
2002 10 0 0 0 0 0 0 0 0 0 0 0 
2003 10 0 0 0 0 0 0 0 0 0 0 0 
2004 10 0 0 0 0 0 0 0 0 0 0 0 
2005 10 0 0 0 0 0 0 0 0 0 0 0 
2006 10 0 0 0 0 0 0 0 0 0 0 0 
2007 10 0 0 0 0 0 0 0 0 0 0 0 
2008 10 0 0 0 0 0 0 0 0 0 0 0 
2009 10 0 0 0 0 0 0 0 0 0 0 0 
2010 10 0 0 0 0 0 0 0 0 0 0 0 
2011 10 0 0 0 0 0 0 0 0 0 0 0 
2012 10 0 0 0 0 0 0 0 0 0 0 0 
2013 10 0 0 0 0 0 0 0 0 0 0 0 
2014 10 0 0 0 0 0 0 0 0 0 0 0 
2015 10 0 0 0 0 0 0 0 0 0 0 0 
2016 10 0 0 0 0 0 0 0 0 0 0 0 
2017 10 0 0 0 0 0 0 0 0 0 0 0 
2018 10 0 0 0 0 0 0 0 0 0 0 0 
2019 10 0 0 0 0 0 0 0 0 0 0 0 
2020 10 0 0 0 0 0 0 0 0 0 0 0 
2021 10 0 0 0 0 0 0 0 0 0 0 0 
2022 10 0 0 0 0 0 0 0 0 0 0 0 
2023 10 0 0 0 0 0 0 0 0 0 0 0 
2024 10 0 0 0 0 0 0 0 0 0 0 0 
2025 10 0 0 0 0 0 0 0 0 0 0 0 
2026 10 0 0 0 0 0 0 0 0 0 0 0 
2027 10 0 0 0 0 0 0 0 0 0 0 0 
2028 10 0 0 0 0 0 0 0 0 0 0 0 
2029 10 0 0 0 0 0 0 0 0 0 0 0 
2030 10 0 0 0 0 0 0 0 0 0 0 0 
2031 10 0 0 0 0 0 0 0 0 0 0 0 
2032 10 0 0 0 0 0 0 0 0 0 0 0 
2033 10 0 0 0 0 0 0 0 0 0 0 0 
2034 10 0 0 0 0 0 0 0 0 0 0 0 
2035 10 0 0 0 0 0 0 0 0 0 0 0 
2036 10 0 0 0 0 0 0 0 0 0 0 0 
2037 10 0 0 0 0 0 0 0 0 0 0 0 
2038 10 0 0 0 0 0 0 0 0 0 0 0 
2039 10 0 0 0 0 0 0 0 0 0 0 0 
2040 10 0 0 0 0 0 0 0 0 0 0 0 
2041 10 0 0 0 0 0 0 0 0 0 0 0 
2042 10 0 0 0 0 0 0 0 0 0 0 0 
2043 10 0 0 0 0 0 0 0 0 0 0 0 
2044 10 0 0 0 0 0 0 0 0 0 0 0 
2045 10 0 0 0 0 0 0 0 0 0 0 0 
2046 10 0 0 0 0 0 0 0 0 0 0 0 

0 5 2 2 0.137931 1 17 7 4 0.990099 25 17 4 16 16 20 -19 13 -18 26 -6 14 17 15 -20 18 -15 25 -15 19 -13 24 -18 18 -27 23 33 23 -21 18 1 9 6 21 -12 16 7 12 8 8 39 21 -9 7 26 11 8 20 -4 7 32 
1 5 2 2 0.363636 1 10 -3 4 0.965517 7 10 35 19 18 14 17 16 43 7 40 26 -10 20 -25 
2 5 2 2 0.210526 1 17 -19 4 0.983607 15 26 7 23 26 11 13 13 0 15 18 9 23 14 24 11 -15 10 -6 13 -15 19 17 26 14 15 -17 11 -5 25 -16 
3 5 2 2 0.941176 4 21 29 15 10 16 22 16 6 4 0.5 1 18 -6 
4 5 2 2 0.969697 16 16 -17 17 20 17 -4 17 -1 14 -11 18 21 13 -3 15 10 18 -3 13 -5 15 38 14 41 16 -1 9 45 16 -31 12 -33 4 0.333333 2 14 44 9 -29 
5 5 2 2 0.996845 79 12 16 10 38 14 25 12 19 17 -10 13 21 11 23 12 31 11 -28 10 14 16 32 12 16 10 29 14 12 13 -16 13 -28 13 -33 18 -17 20 41 11 29 14 40 16 -7 16 25 17 -11 9 22 14 2 19 27 12 -21 15 -14 14 24 14 41 7 38 7 40 15 43 12 -17 14 -21 10 25 13 -29 19 5 20 36 15 -30 13 -19 9 -10 17 17 10 -10 16 -21 14 24 14 -5 15 -21 8 40 16 -4 11 -1 20 -7 13 -9 16 -2 14 33 11 -35 10 29 18 -22 16 2 16 -6 19 5 8 -26 15 -17 13 -8 9 31 13 -20 8 -25 16 8 14 17 10 -8 10 4 16 15 10 12 8 18 13 4 14 13 6 -32 16 5 4 0.0481928 1 25 9 
6 5 2 2 0.121212 1 14 -34 4 0.991453 29 12 26 6 8 24 15 24 -3 10 28 4 30 23 23 22 18 21 -23 18 -15 15 17 23 17 19 -17 19 -12 20 26 19 35 18 -6 17 9 13 22 15 33 13 21 11 25 11 42 14 -11 12 -9 17 30 11 -14 24 -14 25 -31 
7 5 2 2 0.972973 9 15 -12 11 -35 14 -35 12 -43 9 -39 9 -40 5 -44 14 -43 8 -36 4 0.307692 1 21 -40 
8 5 2 2 0.4 1 11 -37 4 0.96 6 16 -32 17 -30 25 -29 19 -30 15 -33 11 -33 
9 5 2 2 0.977778 11 15 -39 18 -31 14 -34 16 -35 17 -33 11 -41 9 -41 16 -5 16 -3 13 -41 19 12 4 0.266667 1 20 -38 
10 5 3 2 0.666667 3 12 -42 19 0 13 -43 3 0.333333 1 40 -10 4 0.833333 5 15 25 19 -43 16 -40 25 -24 23 -39 
11 5 2 2 0.347826 2 15 -43 17 -44 4 0.967742 15 4 -45 16 -41 15 -13 13 -42 15 -42 26 -39 22 -30 22 -40 17 -40 22 -39 15 20 15 -22 14 -34 20 -36 25 -45 
12 5 3 2 0.857143 12 2 53 10 45 9 51 8 51 7 50 17 41 18 6 17 16 19 41 15 43 -15 53 18 42 3 0.307692 2 27 36 32 -18 4 0.631579 6 7 44 6 45 26 43 12 44 15 42 14 38 
13 5 3 0 0.181818 1 11 90 2 0.181818 1 18 -20 4 0.971429 17 21 40 22 45 18 18 19 -17 11 19 18 -1 11 22 22 -22 17 -29 25 7 23 -29 19 -5 16 7 22 0 20 9 22 -13 18 4 
14 5 2 0 0.957747 17 -15 38 -9 38 -22 36 -20 38 2 42 -19 42 -9 43 -5 43 -12 32 -23 34 -18 36 23 -20 -2 43 13 -66 -15 50 17 -68 -2 52 3 0.413793 3 -5 32 -8 28 -25 19 
15 5 3 0 0.7 7 14 -52 -4 49 -6 49 17 -16 -7 50 -7 48 -19 32 3 0.846154 11 18 12 -19 20 6 16 5 42 -8 36 26 14 42 10 42 7 11 12 -15 74 -25 70 4 0.181818 1 14 -26 
16 5 2 2 0.969697 8 19 30 20 5 21 -2 19 22 15 -25 15 -27 17 -25 19 -16 4 0.333333 1 17 -19 
17 5 3 2 0.416667 5 21 -3 19 19 21 2 19 -38 19 11 3 0.285714 3 21 -35 35 -63 -5 44 4 0.925926 25 16 -10 19 -27 24 -31 21 15 26 17 24 -7 24 19 22 20 18 -20 22 -28 22 21 20 -14 22 -29 23 -14 20 -6 22 27 26 27 20 20 21 -13 21 -34 23 -34 22 -39 19 -37 22 -45 23 -43 
18 5 2 0 0.285714 2 -24 76 -7 88 3 0.97561 20 -38 20 8 80 2 37 -18 63 11 32 -4 36 3 35 5 61 8 35 -43 22 -33 44 9 33 -5 38 24 7 -17 63 -21 95 -20 98 -17 66 -44 1 10 25 
19 5 5 0 0.65529 96 -19 69 -8 22 -21 50 -20 65 12 -71 -15 88 -11 48 17 -52 14 20 -24 81 -16 88 -23 86 -19 88 -15 86 -23 86 -18 84 -14 90 15 55 18 -76 5 60 18 -16 17 80 7 91 15 64 23 81 19 88 7 37 19 55 -17 85 -11 87 -20 40 15 -20 20 13 19 56 21 -31 13 66 25 77 14 -9 10 64 -9 88 -17 80 20 60 -24 80 15 60 10 83 12 85 18 62 23 89 13 63 18 91 22 -59 21 64 12 45 18 91 25 36 21 -48 22 43 15 65 9 68 14 63 24 36 16 -56 17 43 10 58 23 52 18 37 22 60 21 55 13 45 21 64 3 40 22 37 14 77 18 -34 14 -30 -1 46 24 72 24 75 14 -7 11 66 17 -59 5 62 19 -49 15 -31 5 63 2 47 11 -30 -1 42 10 66 22 -78 21 -62 11 53 8 -22 14 -29 -14 49 5 68 1 0.143713 12 15 34 12 25 14 24 16 19 14 28 15 -2 17 -7 14 7 15 29 16 -14 15 30 15 20 2 0.154303 13 18 15 19 13 20 4 19 26 15 43 19 44 15 40 18 42 15 -25 7 45 17 -42 18 45 17 37 3 0.818653 158 13 77 5 66 -43 -32 -31 28 -42 26 17 37 -18 90 -29 35 -30 91 29 16 18 -1 22 -1 -16 41 40 25 43 -91 41 -35 -42 99 36 -7 38 12 30 -38 44 44 25 37 37 -72 40 31 37 29 32 28 37 -11 37 -15 30 -4 35 -88 42 -25 41 32 36 41 33 -54 -41 100 45 -29 38 19 40 51 36 -22 -42 25 -37 32 -37 90 32 98 37 -51 39 -74 40 -75 39 49 -39 82 35 -23 22 -2 8 92 23 37 8 87 28 14 -39 31 27 -7 42 61 38 -29 34 -9 29 -72 31 -59 38 33 -42 34 -41 85 33 91 41 43 42 27 -44 34 -31 37 43 90 26 -39 29 38 40 -90 30 -91 35 -95 41 43 42 27 31 -91 35 78 33 -90 42 85 25 -68 41 18 34 93 32 11 34 -89 40 -81 43 -67 37 -33 44 39 42 26 38 -24 45 14 37 33 22 87 31 -91 30 100 15 79 39 -34 36 33 22 87 28 97 29 78 16 76 35 64 40 92 37 -14 39 29 42 57 33 -12 40 -25 34 54 38 -41 18 91 17 43 38 -65 22 26 39 -37 38 -29 34 10 41 36 36 7 31 78 36 81 42 -16 34 43 40 -23 12 86 35 -39 40 52 36 2 27 25 35 30 29 -63 35 -21 32 83 42 -88 24 -31 23 8 32 -35 26 -29 43 -34 20 20 43 -3 21 -16 29 8 11 64 30 -32 29 -37 -40 -6 20 35 25 -22 12 62 27 -1 29 -1 28 5 10 -40 13 -37 4 0.214085 19 -24 3 -25 3 -25 -3 20 18 18 38 25 36 20 43 20 40 23 -29 14 35 21 22 19 39 20 37 21 -4 21 5 21 -1 22 28 21 29 22 28 
20 5 5 0 0.933333 77 6 91 -20 29 14 89 17 32 -10 93 8 88 18 33 1 89 16 35 -8 84 24 31 10 30 -5 29 20 31 -3 28 2 30 19 31 -13 30 -23 37 -1 56 -2 32 12 36 -14 42 25 33 -24 40 -7 53 -5 55 -19 44 6 34 4 37 -8 35 17 -46 21 -42 -6 53 21 35 25 -71 24 -26 -6 54 -13 26 -3 53 12 48 2 54 -8 24 21 -74 4 76 11 72 -2 54 -8 54 7 77 -12 49 22 -74 -9 55 5 52 0 75 -10 59 0 56 -5 55 -4 49 -17 52 9 50 -4 53 8 50 -17 20 -15 49 -6 57 1 53 -1 73 6 51 -19 50 -10 58 4 49 -12 51 19 -26 -1 56 -9 78 18 -27 12 -67 1 0.175439 5 17 37 15 39 16 29 16 35 16 32 2 0.0392157 1 14 43 3 0.397163 14 12 93 -4 98 32 25 30 19 -27 20 24 -76 -5 100 -25 21 -36 27 33 42 8 44 7 42 32 5 5 29 4 0.0761905 2 20 -43 23 -33 
21 5 3 0 0.4 2 6 49 13 35 1 0.4 2 15 28 17 -3 3 0.909091 10 12 78 -20 14 -1 -37 -24 -70 37 -27 -18 26 -17 25 -10 -71 -31 68 -13 71 
22 5 2 0 0.307692 1 18 -20 3 0.972973 9 37 51 34 40 31 14 44 -9 24 44 29 14 29 63 27 47 24 46 
23 5 2 0 0.909091 10 25 -48 19 28 25 -49 -1 30 20 23 22 -24 24 29 23 29 2 88 20 28 3 0.615385 4 35 64 14 -43 29 74 14 5 
24 5 2 0 0.5 2 -12 35 9 56 3 0.941176 8 18 74 43 -1 16 87 24 83 15 39 22 80 33 -13 17 68 
25 5 2 0 0.979592 12 13 26 10 22 25 -8 -1 28 -16 35 14 -26 9 28 22 -14 24 -11 18 -5 17 -17 21 -20 3 0.25 1 -8 23 
26 5 2 0 0.846154 11 17 -65 -10 29 -8 25 13 -49 -11 38 15 -84 13 -86 17 -73 -8 27 -5 26 17 -84 3 0.744186 8 24 -32 33 32 22 -28 37 -33 29 -5 30 -26 28 46 31 -10 
27 5 4 0 0.227642 7 16 -86 22 -31 21 20 21 -54 18 -56 1 25 19 -59 2 0.0380952 1 18 1 3 0.976378 93 37 -23 30 24 38 -21 34 -57 14 -54 31 12 38 -12 32 -28 41 -55 11 8 9 25 43 13 31 -62 40 -26 24 -91 17 45 40 3 42 4 40 -2 33 -1 41 -64 7 13 43 57 40 -69 42 35 40 10 43 -25 40 -25 36 -36 28 68 5 -22 42 -40 37 -88 29 72 20 42 41 -39 29 36 39 -28 19 42 42 -71 29 -13 32 23 41 64 36 -16 27 -19 13 -7 35 -20 9 31 26 55 24 -75 42 -22 33 -17 31 85 28 81 45 -12 41 4 33 76 32 -19 20 -11 -8 86 12 41 33 -45 20 30 33 -30 40 29 31 28 31 -16 34 -55 30 -42 41 -74 32 8 40 37 27 -40 38 -37 42 64 42 -24 28 41 44 -26 27 -80 34 -68 44 1 44 -25 27 85 32 -69 38 -79 38 -32 26 78 31 -19 33 -15 37 -36 43 44 17 -34 -13 -31 4 0.0380952 1 26 44 
28 5 2 0 0.976127 92 16 -4 16 -33 17 -35 17 34 18 -38 16 -22 17 -32 17 -26 16 -36 18 43 16 5 13 -24 18 -46 17 -45 16 49 18 -49 16 63 15 63 16 -2 16 4 13 -64 13 42 12 -63 9 -16 18 -17 16 43 11 50 13 -4 11 57 12 -38 13 -7 7 65 16 67 16 63 13 57 16 52 15 56 1 64 15 72 9 53 -2 64 13 57 12 53 7 62 11 67 -5 64 6 66 6 69 20 -41 1 74 5 64 12 61 11 70 9 56 7 70 10 58 -14 65 4 55 8 55 3 60 -4 62 15 67 7 72 -16 65 16 -17 -3 67 16 -50 -10 62 15 68 15 -3 18 -29 17 -49 12 70 10 72 15 -5 6 73 18 12 18 -20 17 67 12 71 2 74 14 -41 17 69 15 1 18 12 -14 24 18 -50 10 76 14 -16 -24 22 -12 22 9 76 3 0.28125 9 18 96 32 21 4 95 13 70 25 25 17 91 -15 95 -18 99 17 61 
29 5 4 0 0.606061 5 13 77 19 -92 18 75 16 -77 20 19 2 0.444444 3 14 31 15 -20 17 11 3 0.761905 8 13 61 19 -99 30 22 30 25 14 97 39 20 23 -10 -20 91 4 0.333333 2 26 -9 25 1 
30 5 3 0 0.181818 2 25 -37 25 -58 2 0.979021 35 21 25 20 21 16 53 20 24 21 28 20 15 20 10 20 28 21 19 20 31 20 37 21 43 20 37 21 36 21 -31 21 -19 21 -40 20 -15 20 -29 20 -21 20 -14 21 -17 21 -21 21 -9 21 -12 21 -17 20 -44 21 -22 21 -42 21 -23 21 -10 20 -40 21 -25 21 39 21 26 3 0.097561 1 44 -21 
31 5 3 0 0.5 1 16 -57 1 0.857143 3 13 -4 14 13 13 9 3 0.5 1 36 2 
32 5 2 0 0.993103 36 -17 51 -13 74 -7 76 -13 72 3 70 1 70 -6 76 -8 76 -15 70 -3 49 -14 75 4 49 -5 75 -7 21 4 19 -7 67 -10 72 -17 18 4 50 -11 71 -13 69 -4 71 0 48 0 17 -1 73 -15 67 -7 67 12 19 -2 71 -4 67 -19 17 13 18 -5 68 -20 16 -23 16 -6 66 3 0.1 1 -9 74 
33 5 3 0 0.9 9 -9 15 16 -48 18 -76 10 -39 16 -34 7 -62 13 -42 9 -31 13 12 1 0.25 1 14 25 3 0.545455 3 -23 57 15 15 17 -63 
34 5 3 0 0.545455 3 17 -73 14 -17 17 -26 1 0.545455 3 14 -10 14 27 14 -18 3 0.823529 7 6 50 31 35 25 -18 32 -16 -17 40 -26 29 -20 9 
35 5 2 0 0.216216 2 -18 4 -20 6 3 0.983051 29 -40 71 -31 53 -19 -27 -20 -21 -18 -43 -29 14 -32 -20 -32 -22 -32 -40 -15 -11 -16 -11 -33 -59 -17 -69 -18 -52 -18 -42 -10 -22 -18 -24 -10 -18 -19 -66 -27 24 -27 -62 -35 -27 -26 -65 -26 -70 -27 -65 -43 -41 -33 79 -17 29 -22 21 
36 5 3 0 0.714286 5 2 18 -12 16 -9 18 -7 24 19 -80 1 0.545455 3 13 -35 15 -14 14 -14 3 0.714286 5 19 -9 23 -39 -16 13 13 -11 5 78 
37 5 2 1 0.967742 15 16 -17 16 24 17 -27 16 -22 16 -11 17 -21 17 25 17 16 16 -34 17 -18 16 -32 16 -30 17 8 17 -21 16 -24 3 0.347826 2 15 -1 16 1 
38 5 2 0 0.941176 4 -10 11 -13 12 -14 3 -6 6 3 0.5 1 20 -35 
39 5 2 0 0.097561 1 -10 -13 3 0.993289 37 -5 -15 -22 -13 -28 -18 -25 -15 -9 -9 -13 -30 -32 -91 1 -5 -22 4 -12 -95 -11 -91 -29 -23 -15 -57 -14 28 -14 51 -21 -27 -12 -38 -13 21 -10 -28 -12 16 -40 -45 -11 54 -25 -40 -25 -35 -26 42 -24 -13 -26 39 -26 63 7 -40 -13 -34 -12 -8 -23 35 -35 18 -15 -38 -19 -34 11 -19 1 -19 
40 5 3 0 0.0122699 2 7 69 -10 78 1 0.974145 584 10 -38 16 -15 15 -17 17 -31 17 12 16 -13 15 1 9 -39 15 6 17 11 17 39 16 23 17 4 14 27 15 -7 13 21 17 33 12 -12 17 6 14 19 13 17 15 31 -13 -38 13 -3 13 -9 16 9 15 37 13 11 14 30 13 24 -16 22 11 34 15 -7 12 10 15 4 13 17 14 -9 8 8 -16 -10 -16 22 -13 14 -16 14 9 -33 14 6 12 13 11 16 7 -37 2 -39 -16 19 15 5 13 30 13 -16 13 -17 13 22 12 -23 12 20 12 12 5 -35 6 -36 -12 -36 5 -35 -15 -26 9 3 9 36 5 -37 11 11 -16 15 12 9 10 -24 -12 31 11 -5 -12 32 9 12 -15 6 11 27 10 9 8 28 11 -27 7 14 5 -22 9 -8 8 23 8 -23 -10 -38 9 10 9 -26 -15 -27 7 31 8 -6 -12 -30 9 29 -15 -9 -14 16 -16 -26 -9 -28 -15 26 -15 8 -15 -38 -16 -22 -15 32 -16 -17 10 -22 8 -21 -16 7 -15 38 -16 -36 -13 -28 -15 -27 -10 -31 -16 30 6 4 -13 -27 7 -32 -12 34 -9 -38 -16 16 -15 -16 1 8 -16 -31 6 18 -16 -12 -11 33 6 -17 -11 28 8 24 10 -8 5 -20 -15 10 -15 -28 10 -33 -12 -26 8 14 6 -8 7 1 -15 -9 -11 17 7 3 8 6 -11 27 -11 31 8 10 7 21 -14 29 8 -23 8 -9 -14 -32 -5 37 5 -6 2 3 4 -18 -13 -16 -11 28 5 13 4 -16 2 0 3 5 5 -2 -12 -10 5 -1 -13 26 -13 -25 -9 -24 -10 -25 -4 -15 -9 -24 2 -1 -1 -16 4 17 -9 28 9 -14 8 -20 0 -21 9 11 -10 -32 6 -12 6 -4 -11 -24 7 27 3 -17 -8 36 2 -21 2 9 2 -2 -9 -15 7 -26 0 -30 -12 -17 -11 30 11 1 7 -21 9 -26 -11 15 9 -1 -9 38 -13 -7 -12 21 6 9 -13 8 10 1 -14 -20 -7 -17 -11 37 -9 39 -11 29 -13 -7 -13 -9 -14 29 3 -38 -13 -21 9 14 8 -20 -12 25 -13 -5 -13 -17 5 19 -13 -8 4 -37 -10 -23 7 16 8 9 5 -12 6 6 -3 -13 -14 -6 5 15 7 27 10 22 -12 15 6 7 11 28 7 -31 -15 6 11 21 7 -5 5 6 -16 -11 -13 36 8 39 -16 38 -14 26 -13 -6 4 -20 -13 26 5 -24 8 -15 7 36 7 -2 -13 -24 -8 37 -13 -1 -7 26 8 27 -6 19 -13 21 -14 37 6 -6 -12 -25 -10 -22 -13 20 -12 2 4 19 8 13 5 37 -11 5 -15 -13 -16 15 -10 -32 3 -13 8 5 7 -21 -7 33 -1 18 1 -11 8 4 9 17 5 -31 -15 -22 7 -12 2 -28 -7 32 -3 36 -11 -26 -3 16 -6 29 -6 -8 -8 -6 -11 -23 -13 -24 -7 -17 -3 16 0 -35 2 36 -12 -23 2 -9 -14 -11 -3 -4 0 -38 -3 -3 -3 20 3 -39 -3 17 1 11 3 18 -3 26 3 -26 -2 25 -7 14 -6 18 0 -33 -9 7 -7 36 -11 12 -13 22 -12 -2 5 -18 7 -8 6 19 -14 -27 7 -31 2 -3 3 -31 3 -14 0 -15 1 33 2 1 6 36 -14 18 4 -28 4 -35 -14 -2 -8 2 -2 34 1 35 4 -14 -11 -19 7 30 1 -29 2 -38 5 32 -5 -1 -3 -6 2 27 -11 -36 -7 -20 -3 37 0 -10 -2 23 6 35 0 20 3 20 0 -17 6 15 1 14 -9 -1 -10 34 4 11 -6 34 4 8 4 29 -3 -5 3 28 -2 34 -5 12 -2 21 6 16 -7 -36 4 -17 -3 -15 -3 34 0 -35 -8 30 2 -19 -8 4 6 23 5 16 -3 -9 -4 -1 -4 37 4 17 3 30 -1 29 -9 14 -2 -8 -5 -6 -10 10 -3 13 0 16 -10 8 -2 -7 -6 -32 -12 5 -7 -34 2 18 -6 -14 -8 18 5 -8 -8 -33 2 -10 -6 -10 -11 11 5 4 -3 -12 2 -1 -11 5 -3 19 -3 1 -5 2 -10 2 -13 2 -7 -2 1 -26 -6 16 4 -15 -7 6 -4 21 -4 1 -9 0 -7 -20 -8 25 -1 30 3 22 -6 10 -3 -2 -4 31 -6 9 4 26 5 -5 -2 -14 3 -13 -10 -35 5 26 -8 7 -1 29 -7 22 -8 24 -6 19 -12 29 5 -17 -11 -21 -6 -14 -2 35 -3 -12 -1 37 5 38 -9 -3 1 -10 4 -16 -1 -7 -2 2 3 35 -7 -2 3 26 -5 12 -8 -14 -1 1 -1 19 -3 -7 3 37 -6 36 -6 31 1 27 4 -11 2 38 3 25 -7 33 -7 -19 -10 24 -11 -9 -8 31 -5 6 1 35 -1 14 -8 -19 -4 -18 -11 4 -2 19 -2 6 1 -6 -3 19 -3 4 1 -17 -6 11 -3 27 -9 -25 0 14 0 4 -3 22 0 -24 -3 24 1 -35 0 0 2 -26 -5 -19 -4 3 -4 7 -3 25 3 17 -2 35 1 4 -4 3 -1 -20 -3 21 -1 35 3 13 4 -15 0 17 -4 30 0 39 1 -17 0 37 -1 -4 1 26 -3 0 -5 7 -5 13 -4 -5 -5 -34 -8 10 -6 6 -5 27 -5 -6 -6 5 2 34 -9 7 -2 -17 2 30 -3 31 1 29 -8 -31 -7 -2 -10 22 -9 23 2 24 -4 -26 -2 -12 0 25 -5 -20 -8 19 -9 25 -4 -24 -1 -4 -1 30 1 -34 -7 -2 -8 -6 -2 -10 -3 0 -2 -2 -8 -21 -8 25 0 20 -5 -11 -6 10 -6 9 -1 -7 -4 0 -4 -1 1 -5 -5 -10 -5 5 -7 9 -5 25 -4 4 -5 13 15 -39 8 -39 -2 -30 -6 -35 -1 -27 -1 -25 -6 -35 -7 -33 -8 -39 -6 -32 -8 -38 -3 -27 -1 -39 -6 -29 3 -39 -4 -17 -6 -28 -4 -23 -5 -32 -6 -23 3 0.290557 60 11 -31 -16 -31 -20 -29 -6 -37 -23 89 -6 58 -14 -22 -13 -13 -5 -28 -5 7 -20 58 -5 -73 -7 49 -4 50 -18 -10 -16 -87 8 6 -9 -4 -8 38 -17 -24 -15 -48 -16 10 -21 -64 -1 36 -1 -17 -17 -36 -15 4 -20 54 -11 47 -18 51 -7 -35 -1 -22 -8 -22 -15 25 -6 -38 -10 66 -12 -92 -15 48 -18 11 -29 -70 -27 -76 -24 -27 -27 -70 -25 -23 -23 51 -9 -91 -6 5 -5 54 -21 50 -11 40 -8 24 -21 46 -9 -22 -5 10 -11 57 16 -41 -35 48 0 -63 -36 4 -9 -75 
41 5 3 0 0.125 1 -23 79 1 0.125 1 -7 -39 3 0.981818 27 5 20 5 24 -43 -74 -44 -16 -37 -84 -10 73 -39 67 -38 40 -37 -16 -32 7 -28 -26 -33 -23 -43 -19 3 -35 -38 -32 -37 -18 -12 74 -40 33 -9 23 -39 47 -22 76 -38 -56 -39 -90 -37 -33 -39 -67 -30 25 -35 -14 
42 5 2 0 0.941176 16 -4 68 -21 74 -13 58 -8 58 -17 56 -2 56 -3 61 -7 58 -18 61 -15 58 7 57 3 61 -5 50 -17 63 -16 64 -18 70 3 0.5 4 -36 -29 -5 32 18 -42 -11 -43 
43 5 2 0 0.962025 19 11 -54 5 -57 2 -25 22 -12 20 -33 10 -57 11 -67 13 -77 17 -15 9 -51 11 -73 10 -33 7 -41 9 -2 9 -43 5 -34 11 11 7 -4 9 -50 3 0.387097 3 17 18 24 -5 23 -65 
44 5 3 0 0.444444 1 9 -15 1 0.444444 1 11 17 3 0.888889 4 15 14 20 -57 -34 74 20 -1 
45 5 4 0 0.206897 3 10 39 9 -48 5 -6 1 0.932515 38 11 -22 13 -18 14 10 10 -32 10 -19 10 0 11 -18 10 -26 13 31 11 29 10 11 13 5 10 -12 9 -14 11 12 8 -33 10 -22 13 -29 13 6 12 -32 11 -4 13 -23 10 -31 12 9 11 28 12 31 11 28 10 29 13 26 11 31 11 -1 11 14 13 15 12 0 8 -13 11 -15 12 -2 8 9 3 0.3125 5 27 -18 28 -22 20 6 21 19 25 -38 4 0.206897 3 16 -44 11 -38 9 -40 
46 5 3 0 0.727273 4 8 -22 5 -53 18 3 10 6 1 0.307692 1 13 -1 3 0.8 5 16 -85 30 9 21 21 12 40 16 33 
47 5 2 0 0.153846 1 -23 -10 3 0.988764 22 -34 64 -42 59 -39 -25 -43 47 -29 -25 -37 43 -36 -87 -31 21 -37 -43 -42 19 -35 -35 -36 9 -33 -38 -41 25 -28 19 -28 1 -33 -21 -37 -32 -32 83 -39 -13 -33 37 -31 9 
48 5 2 0 0.888889 2 -22 -56 -15 16 3 0.666667 1 -27 -10 
49 5 2 0 0.857143 6 -17 -23 -17 -12 -17 -37 8 -46 10 25 14 -35 3 0.727273 4 13 64 14 62 -39 -97 -39 -93 
50 5 3 0 0.979592 36 18 -9 13 -17 13 -27 14 -42 15 22 13 -41 13 -48 14 -15 16 8 22 -70 14 14 16 14 16 -20 12 -11 10 -36 14 22 14 -64 16 15 13 10 13 24 14 -4 14 -72 15 -74 14 13 11 -5 13 36 11 16 7 -77 4 -33 11 13 14 24 10 -18 9 -18 9 -24 15 36 14 2 2 0.0952381 1 6 -21 3 0.177778 2 28 -71 20 -66 
51 5 2 0 0.333333 1 8 -19 3 0.969697 8 -40 58 -41 34 -30 0 -37 50 -31 -28 -33 -23 -36 -31 -40 -91 
52 5 3 0 0.981221 209 -5 -17 -20 -85 -17 -4 -16 -43 -24 -65 -16 -35 -20 10 -10 37 -16 42 -12 -39 -15 9 -17 2 -15 35 -15 14 -14 -16 -10 14 -12 21 -8 10 -14 19 -20 -76 -15 -37 -21 0 -7 -4 -10 -33 -12 -3 -17 -72 -6 15 -12 28 -20 -3 -17 2 -14 -21 -13 39 -12 25 -9 29 -13 -19 -11 40 -13 -24 -20 -39 -12 28 -11 -26 -10 -74 -12 -34 -12 -52 -14 -17 -7 28 -24 -35 -18 -3 -9 6 -16 15 -7 -88 -13 -25 -5 -3 -8 -30 -16 -33 -15 -84 -14 -12 -12 -24 -13 -25 -17 -44 -19 5 -21 -32 -9 -29 -11 -86 -11 -26 -10 16 -12 -24 -17 -61 -13 -16 -17 -18 -7 6 -22 -33 -12 -16 -13 -26 -6 -31 -16 -45 -14 -19 -6 -21 -16 -38 -12 20 -9 -72 -14 -66 -16 -54 -12 -23 -9 1 -15 -2 -15 -66 -14 -35 -10 -60 -15 -28 -16 -46 -6 3 -12 -3 -14 -53 -8 23 -9 2 -13 -37 -7 -60 -6 -37 -10 -26 -14 -57 -9 -21 -3 -30 -11 -50 -10 10 -16 -45 -11 45 -11 -13 -5 -6 -11 -64 -4 42 -13 -58 -14 -11 -12 -60 -15 -30 -5 -3 -10 -27 -5 -27 -9 -5 -10 -30 -8 -16 -4 44 -6 -39 -9 -55 -7 -72 -6 -70 -2 36 -8 -58 -6 -23 -9 -11 -1 16 -6 -21 -9 -61 2 -67 -2 6 -4 -46 -2 -72 -3 -10 -2 -7 -5 -71 -1 -4 -4 -21 -8 -6 -3 -8 -2 -16 -8 -60 -7 -54 0 41 -4 -46 4 14 -1 -20 2 5 0 -15 -3 -27 2 11 4 24 -5 -59 -1 -43 2 -48 -1 -47 9 14 -5 -56 5 17 1 45 0 -50 -1 -52 6 19 -1 -65 6 -36 6 35 5 15 2 -6 -2 -32 -3 -61 3 -40 1 -52 3 -74 1 10 1 46 11 13 3 -18 3 11 6 27 6 -26 2 1 5 -34 0 4 5 -7 2 -11 7 -7 10 19 1 -30 6 -34 7 28 -1 -61 10 -31 1 -12 12 -27 2 -7 -1 -60 5 -69 3 8 3 -14 2 -27 5 -29 4 -33 10 28 6 5 4 -22 3 6 1 0.0833333 5 -12 -24 -14 9 -14 -5 7 10 9 -19 3 0.170543 11 16 -34 -30 -1 -30 2 10 10 10 -73 9 -43 7 -72 3 -60 18 45 9 14 21 23 
53 5 3 0 0.551724 4 10 -34 10 28 5 -83 2 -39 1 0.88 11 12 -1 10 5 8 -1 9 -6 11 -8 13 21 7 -23 9 24 7 -16 10 -35 7 -18 3 0.347826 2 28 21 20 3 
54 5 2 0 0.965517 14 7 -42 8 -19 7 -50 8 -6 8 9 6 2 14 -60 6 -19 6 -15 4 -44 10 19 12 -59 11 -59 6 -2 3 0.363636 2 12 -62 11 -89 
55 5 2 0 0.285714 2 2 -29 3 -54 3 0.97561 20 11 49 19 28 11 -41 11 -37 4 -51 18 -77 5 -9 5 -11 5 -72 7 -1 7 52 11 34 9 -27 25 -6 -19 29 -29 29 -14 34 1 36 -2 32 15 -86 
56 5 3 0 0.666667 1 9 -65 1 0.666667 1 9 -29 3 0.666667 1 19 46 
57 5 2 0 0.987654 20 -13 -3 -4 -24 -1 27 12 -44 12 -66 11 -4 -8 10 -13 -8 -2 33 0 33 -11 -11 -11 -18 -10 21 -6 18 -3 3 -3 9 -9 -29 -24 -36 -3 19 -3 18 1 0.166667 1 -13 -13 
58 5 3 0 0.5 1 13 -70 1 0.5 1 -13 9 3 0.857143 3 -42 -84 -31 10 27 2 
59 5 3 0 0.25 1 -7 -70 1 0.545455 3 -7 0 -5 -10 0 -7 3 0.9 9 -2 -34 -1 -37 0 -33 2 -11 23 -10 3 20 5 15 -5 -89 7 64 
60 5 3 0 0.769231 5 3 10 5 8 4 -59 10 -65 5 -34 1 0.769231 5 4 -11 8 15 10 33 9 0 10 -21 3 0.285714 1 20 -40 
61 5 3 0 0.5 1 -9 -61 1 0.5 1 5 -21 3 0.857143 3 16 -74 1 33 18 33 
62 5 2 0 0.153846 2 -8 -63 10 32 1 0.988764 44 6 9 2 -25 8 11 7 9 8 9 4 30 8 8 0 8 3 21 7 9 4 23 -2 32 3 -34 10 15 9 12 9 13 3 -31 5 14 2 13 4 -6 8 -31 7 -33 1 13 -1 -6 4 -3 4 -9 5 1 2 12 6 -3 4 -30 6 -7 7 -20 3 -1 6 -11 8 -8 7 5 7 12 8 20 7 -25 7 14 10 2 7 -33 9 13 2 8 
63 5 3 0 0.222222 1 -1 6 1 0.962963 13 4 -24 7 -23 8 -19 2 -15 4 -21 1 24 1 -4 1 -17 5 6 6 3 5 2 2 21 0 -24 3 0.222222 1 26 11 
64 5 3 0 0.782609 18 0 -67 -9 -68 -1 -15 -3 -4 -6 -35 6 36 4 -39 4 43 3 6 9 19 1 -28 4 -14 6 -64 5 -24 4 -22 6 -17 11 -47 8 44 1 0.648649 12 1 -18 5 -19 1 19 1 -26 3 11 8 -2 3 30 5 -17 4 -14 5 32 5 15 8 -10 3 0.516129 8 10 56 15 37 -1 -26 2 -23 3 -20 15 -61 15 -27 4 11 
65 5 3 0 0.428571 3 3 -26 3 -14 2 3 1 0.428571 3 1 -3 4 -26 2 -10 3 0.896552 13 -2 -83 9 -72 14 -56 3 7 3 -29 19 -37 11 37 21 -8 17 -40 9 -43 14 -49 14 -84 17 45 
66 5 3 0 0.363636 2 3 -68 -24 18 1 0.705882 6 2 -19 4 22 3 -11 2 18 2 -4 0 -9 3 0.8 8 11 3 15 -28 17 -25 17 -9 17 13 -1 8 11 -12 14 42 
67 5 2 0 0.981132 26 12 -50 9 -28 -10 -52 -3 -43 7 1 -6 -56 8 -46 -3 -53 1 -48 -4 -52 2 -48 9 -27 12 -18 2 -49 0 -72 9 -41 5 -46 4 -48 3 -55 10 -67 6 -58 6 -66 7 -68 -14 -11 7 -65 11 -69 3 0.235294 2 -41 -95 13 -66 
68 5 2 0 0.666667 1 10 -77 3 0.888889 2 -41 -8 11 28 
69 5 3 0 0.736842 7 -7 -72 14 -83 4 -89 9 -78 5 -82 10 -81 9 -82 1 0.347826 2 -2 34 3 -32 3 0.780488 8 -41 -18 -26 -98 22 -4 -5 -97 -11 -97 0 83 22 -26 -41 -11 
70 5 2 0 0.2 1 1 15 3 0.984615 16 -20 -83 17 29 -20 -27 -2 76 -24 -33 -36 -9 -20 -8 -33 45 -36 -84 -37 15 -16 0 -40 -61 -27 -84 -42 20 -8 -24 -18 -24 
71 5 2 0 0.984615 32 -24 -10 -24 -27 -14 31 -24 -60 -17 4 -24 -44 -11 14 -13 12 -21 -33 -23 -40 -12 25 -15 27 -13 21 -18 -65 -23 -18 -15 5 -22 -21 -14 -31 -23 -59 -17 -55 -16 -11 -17 -10 -17 -67 -12 -28 -18 -32 -13 45 -19 -57 -22 -3 -18 -58 -18 -56 -19 -50 -9 28 3 0.2 2 -27 1 -32 -34 
72 5 2 0 0.166667 1 -12 -76 3 0.987654 20 -26 -14 -27 -14 -33 71 -16 9 -16 -27 -23 4 -29 -27 -21 13 -34 -18 -34 52 -40 44 -34 49 -31 -40 -31 -39 -18 -15 -19 -16 -34 3 -40 51 -32 -41 -29 -37 
73 5 2 0 0.982456 14 -1 47 -8 -17 -8 -19 -5 -9 -14 -1 -8 15 -6 21 -11 -7 2 1 -1 21 -15 -13 -7 9 -1 35 -6 47 1 0.222222 1 -10 -33 
74 5 3 0 0.8 3 -3 43 -7 45 -13 48 1 0.666667 2 -3 35 -7 35 3 0.444444 1 -26 90 
75 5 3 0 0.909091 10 -6 -63 -7 -57 -5 -66 -19 -51 -12 42 -15 43 -7 -45 -22 -53 -11 40 -5 38 1 0.521739 3 -13 24 -13 20 -11 20 3 0.235294 1 -25 4 
76 5 2 0 0.4 2 -3 -47 -12 -44 1 0.96 12 -8 26 -10 11 -7 27 -10 -18 -13 19 -12 6 -8 -13 -13 18 -10 4 -8 -10 -12 -5 -11 2 
77 5 3 0 0.857143 3 -6 32 -6 21 -7 10 1 0.5 1 3 -26 3 0.5 1 -7 -78 
78 5 3 0 0.162162 6 -22 -65 1 -63 -5 -28 -17 -69 -12 -20 -4 -46 1 0.979592 120 -9 -17 -4 19 -14 -15 -13 -19 -14 24 -14 12 -9 -13 -14 -21 -3 -2 1 -22 -2 4 -9 -11 -14 28 -2 -7 -12 -25 -5 -34 -14 33 -13 25 1 21 1 19 -13 -31 -1 4 -14 -20 -11 15 -1 20 1 33 0 -2 -13 -1 -14 10 -10 -23 -2 19 0 1 -14 12 -3 14 -6 -2 1 5 -13 22 -3 24 -10 -18 -13 -7 -5 22 4 23 -11 29 -4 22 0 -30 -13 -1 -11 19 -6 18 -13 -17 -5 -21 -11 24 -9 -31 -12 24 -8 18 -4 19 -10 28 -5 -17 -10 29 -7 6 -8 8 -12 23 -12 21 -7 27 -12 -17 -8 -11 -9 3 -11 25 -9 28 -6 31 -2 0 -1 7 -4 15 -2 21 -9 -14 -10 28 -12 -26 -4 -16 0 34 0 -11 -9 25 -9 14 -3 23 -1 2 -3 12 0 28 -3 -31 -9 -2 -2 -10 -4 18 -7 -30 -1 -14 -10 34 -6 -29 -10 5 -1 14 -5 3 -8 -23 -5 9 -8 34 -2 15 -4 19 -10 -17 -9 -22 -9 -19 -9 -19 -12 -12 -7 0 -4 29 -4 -28 -4 31 -3 -9 -7 33 -9 -18 -2 -14 -4 -19 -5 11 -4 10 -4 34 -4 -8 -6 -21 3 0.112676 4 -2 -9 -3 -7 -3 6 -33 9 
79 5 2 0 0.947368 9 -6 -75 -2 -67 1 23 6 29 6 37 7 31 -1 -12 5 29 -2 -63 3 0.470588 2 -1 59 14 -33 
80 5 3 0 0.461538 3 6 39 -3 -15 -3 36 1 0.685714 6 1 30 0 27 -2 35 1 2 -4 -8 -1 22 3 0.780488 8 -2 32 -1 22 10 -66 -2 -6 -5 -3 6 -89 10 20 10 18 
81 5 3 0 0.648649 6 -2 -70 -13 -53 -12 -68 -8 -44 -1 -73 -3 -71 1 0.744186 8 -10 -31 -8 -22 -8 -26 -12 -26 -7 -32 -5 -27 -7 -33 -8 -35 3 0.588235 5 -11 -90 13 -16 13 -17 15 9 -4 64 
82 5 2 1 0.4 1 -7 5 3 0.96 6 16 -19 7 -21 -40 -91 9 -6 6 -39 -24 82 
83 5 3 0 0.897959 11 -12 -50 -6 -72 -3 -71 -5 -49 -14 -77 -2 68 2 -60 -1 -61 -1 -53 -1 -59 -15 -70 1 0.210526 1 -8 -31 3 0.571429 4 30 -22 -17 -71 -43 80 -25 -81 
84 5 2 1 0.4 1 17 -28 3 0.96 6 3 -8 17 25 21 -32 21 -10 1 69 12 -3 
85 5 3 0 0.0571429 1 -1 73 1 0.988417 64 16 -26 16 -20 15 -29 16 -26 16 -30 15 -33 17 -27 14 -3 14 -28 14 -30 16 -24 14 -29 16 -26 13 -27 13 -28 15 -23 14 -37 14 -39 15 10 15 2 15 7 12 -27 13 -11 14 8 13 -37 15 -29 14 4 11 -25 12 -27 13 -18 11 -26 14 9 11 -19 13 6 13 -6 14 15 15 17 14 16 14 5 12 -7 11 -37 13 -30 11 -34 9 -39 13 -21 12 12 10 -12 12 28 11 11 10 -27 12 8 13 -24 12 -33 11 33 12 -36 11 2 12 -15 12 -1 13 19 8 32 10 31 9 34 13 1 11 -39 3 0.109589 2 14 32 19 -27 
86 5 3 0 0.521739 3 6 -69 -1 69 -12 68 1 0.4 2 12 -14 10 -34 3 0.878049 9 -1 47 17 -40 0 15 -23 -17 3 -22 -9 31 -5 29 -12 30 -7 -24 
87 5 3 0 0.972973 18 -6 70 -10 -91 -14 70 -10 -91 -20 -91 -1 -92 -2 67 3 63 -9 74 -2 69 -10 67 -24 65 -4 66 -13 68 -20 70 -11 69 -19 68 -11 71 3 0.173913 1 5 -19 4 0.173913 1 18 -45 
88 5 2 0 0.114286 1 -3 -13 3 0.992 31 13 -22 -37 -34 -19 52 -8 57 -17 4 -1 -14 4 31 -23 55 5 -24 11 49 4 7 9 8 -29 10 -8 38 -9 -18 -12 42 7 -13 -1 -49 4 -9 12 5 -13 4 8 9 -4 -87 6 10 6 77 18 -2 6 -70 9 -78 -20 51 -3 25 1 -43 
89 5 2 0 0.584795 25 -2 -50 -1 -23 -5 -51 -1 -58 -5 -55 -4 -56 2 -48 5 -39 -16 -36 -14 -31 -16 -54 -9 -60 6 -9 -8 -62 -9 -54 -23 4 1 -74 -2 -77 0 -15 5 -80 -8 -25 2 -3 -6 0 -3 1 -3 2 3 0.919094 71 -28 -40 -20 41 -16 23 0 -83 -41 -54 6 -39 -14 18 -28 29 13 -38 -9 24 -22 1 -10 2 -2 -92 -36 -9 1 -4 0 -89 4 0 -33 16 -19 -9 10 -31 -28 -15 -19 7 -25 -14 -34 -1 10 -20 8 -40 -21 -35 -23 -12 10 18 -23 -42 7 37 12 -10 -37 -13 -15 5 -5 -27 -21 -54 15 -20 -16 -58 -7 -69 -5 -37 -16 -42 -26 -15 -19 -45 -2 10 -12 -43 11 -20 -8 -22 -15 -92 -28 -17 6 2 -31 -42 -7 10 -3 -66 0 -25 3 -85 -3 -1 -17 6 -33 -38 -20 -32 6 -19 -30 41 5 -24 -26 4 -36 -80 2 63 -14 6 -11 28 0 -5 -10 71 -13 71 -12 -33 
90 5 2 3 0.995556 56 -30 -19 -6 -76 -28 -55 -25 1 -14 -2 -5 -4 -23 41 -7 -25 -25 32 -4 -31 -7 -1 -6 38 -26 -33 -18 -70 -5 18 -26 7 -1 -57 -10 -36 -16 0 5 -10 -25 43 -7 21 -37 -28 9 -23 7 34 2 -72 4 27 1 -88 4 -34 -33 -1 -38 -74 5 -37 -41 -55 0 -34 -35 75 2 7 -4 -12 -4 -3 -2 56 9 -30 -4 52 -40 -19 -6 79 -34 -33 -40 -59 -12 84 4 27 -33 11 -41 -11 -29 -32 -3 73 -41 -8 -15 79 -8 80 -9 74 -18 78 4 0.0666667 1 -24 -16 
91 5 3 0 0.705882 9 -1 -70 -8 -41 -9 -64 -10 -37 6 6 -7 11 2 -12 -2 -45 -22 -16 3 0.848485 14 11 57 3 58 -18 -3 -24 67 7 -26 9 -6 -10 -9 -3 -1 -13 12 -17 20 -33 -80 -25 14 -24 14 -15 -20 4 0.148148 1 -22 11 
92 5 2 0 0.977778 11 -8 -9 -1 48 4 12 -11 -39 3 -70 -20 -20 4 8 2 -41 2 8 -2 -21 -3 -20 3 0.266667 1 -13 -75 
93 5 2 0 0.4 2 -17 -32 6 -25 3 0.96 12 -6 -2 -8 -2 -23 -1 -4 63 -14 22 14 -25 -2 -11 1 39 -18 0 5 67 -38 -14 -37 18 
94 5 3 0 0.947368 9 6 -87 -24 -85 4 -87 -2 -89 -22 75 -14 -76 -11 -76 -7 -76 -11 -77 1 0.285714 1 11 -39 3 0.285714 1 -22 -96 
95 5 2 2 0.237037 8 -15 32 -15 21 -15 30 -15 -10 -14 -28 11 5 13 -27 11 42 4 0.980952 103 -17 -17 -21 -13 -17 -22 -19 0 -17 -1 -15 20 -16 8 -19 -8 -15 13 -13 28 -13 -13 8 -9 -13 1 -17 9 -11 -19 -17 38 -13 19 -13 -16 12 -19 -14 -13 -13 -21 12 -20 9 14 -15 23 9 -3 -11 -12 -22 -23 6 25 -14 3 21 14 -12 -10 16 -14 -10 0 16 24 25 9 12 17 26 -16 12 -17 5 43 12 28 14 15 -25 29 -21 17 -9 25 -23 23 24 0 3 23 10 38 -7 -23 -25 -8 -9 4 -10 43 23 16 12 2 -9 -3 20 38 9 16 -8 -1 9 -1 21 -1 -25 25 12 43 9 31 -10 35 -24 45 2 35 -24 10 8 -26 7 -21 -23 -18 11 29 12 37 -23 -14 19 30 1 34 -3 -26 -20 3 1 27 8 -16 1 3 -6 -23 -7 -13 22 31 9 14 0 35 23 -12 7 12 0 6 -24 -10 8 2 -22 -26 17 2 -4 -25 -3 -2 -22 -13 -5 2 -22 17 -3 -25 -20 -26 -25 -7 -24 -11 -22 25 17 -23 
96 5 2 2 0.824176 75 8 3 -7 45 -9 43 -12 43 -4 42 2 44 -4 42 5 10 4 10 -12 40 -11 38 -6 42 9 10 -10 45 -5 42 -17 39 8 4 9 8 8 5 -16 -34 -16 -21 10 -11 3 43 -11 43 8 -8 -17 -26 5 14 -20 -22 8 -5 -20 -19 -12 44 9 -13 7 -13 5 16 9 38 -15 -32 8 -24 -13 -27 11 6 3 -37 0 40 10 24 6 39 -14 -42 -7 37 2 28 -20 5 -11 -18 -4 43 13 17 10 15 10 38 -17 37 4 32 5 35 8 39 -12 43 9 -27 10 33 -13 -10 2 41 2 43 6 10 12 33 -14 38 -20 -6 7 43 10 16 0 42 7 17 4 32 7 44 10 -3 4 41 9 25 4 0.773414 64 11 40 -5 45 -18 -34 13 39 -4 38 -14 44 -23 -28 -9 45 -17 -19 -10 -16 22 20 21 -26 26 18 -19 -21 26 13 -5 -3 24 35 2 45 15 19 -5 42 2 38 24 28 22 14 15 38 14 26 -3 45 5 42 -2 41 13 -26 4 -40 -16 38 -21 -33 -20 25 -3 38 -5 38 21 39 3 38 -11 45 25 -23 -10 -8 -13 -5 -2 1 -12 0 -2 39 -13 -1 2 43 26 40 -22 20 16 45 -11 16 22 42 23 39 14 29 -17 37 16 41 -6 43 -3 -14 25 4 0 41 -7 38 3 41 13 -1 22 43 20 17 
97 5 2 2 0.621622 23 -11 -21 9 41 3 42 -19 6 11 0 10 -28 -11 32 5 43 15 37 3 43 -19 -18 11 37 4 44 1 43 11 -3 9 -27 13 40 10 -35 16 2 12 33 16 -35 16 11 13 -36 4 0.906883 56 7 -19 22 -9 13 42 25 -13 -19 -1 -19 0 7 38 5 -1 -22 -33 18 39 -4 30 22 34 17 -26 6 17 7 44 -1 4 -6 -35 -3 30 17 -37 17 32 -5 -27 24 39 0 25 25 -34 15 34 -1 -19 12 -32 14 30 19 -29 0 18 10 -23 15 42 18 18 9 -12 0 -35 1 30 8 -30 12 45 13 44 15 43 9 -29 22 -11 5 31 4 -18 16 42 3 11 16 43 5 -13 -9 45 4 -3 26 0 9 -30 11 -17 20 4 0 45 11 -31 
98 5 2 2 0.972973 36 12 -17 11 -4 8 3 8 -6 6 5 6 25 7 -15 6 -2 5 -27 6 2 8 -2 8 4 6 -2 -7 44 -15 45 -20 43 -11 42 -11 41 -15 -35 -14 -32 -14 -6 -15 15 -15 4 -14 16 -15 13 -15 26 -12 20 -20 19 -19 17 -11 25 -12 17 -20 24 -20 11 -9 39 -19 11 -19 17 4 0.307692 4 -16 -28 -5 -5 -5 10 -5 -21 
99 5 2 2 0.8 5 -12 30 -16 27 -18 30 -17 40 -16 39 4 0.8 5 -20 41 -3 -21 -18 37 -2 -31 -16 43 
100 5 2 2 0.224719 5 6 -32 3 -26 7 -29 -2 -26 -20 5 4 0.982206 69 -17 -3 16 -6 17 -6 16 -15 -22 13 18 -32 16 -24 -19 29 -19 8 -13 33 -15 22 -18 -2 -17 -7 -22 27 -9 24 -9 28 -19 26 -15 31 -20 -4 -14 -34 -13 36 -19 39 -12 -29 -11 -2 -13 13 -22 9 12 37 -11 -28 -13 35 -9 -18 8 12 9 -8 -24 -6 -25 -26 -20 6 7 28 -21 -26 6 20 -11 34 -6 -12 -20 -18 -2 11 16 14 -3 19 -5 14 -3 11 -3 21 -7 -6 -16 -13 -18 -17 7 29 -1 -2 -1 35 3 -5 -16 -16 -5 -3 2 -3 -9 -2 8 21 -16 5 2 -35 11 -26 -11 -29 -7 16 -14 -22 7 -15 -6 -35 -9 -15 -11 -26 
101 5 2 2 0.851064 10 -8 35 -19 26 -18 16 4 -21 -2 -13 -16 27 -9 -4 -6 19 -19 -27 -20 -29 4 0.736842 7 -8 17 -5 -25 -9 -10 -10 3 -9 3 8 -24 8 -22 
102 5 2 2 0.972222 105 6 -9 -9 41 -3 26 2 12 4 -7 -2 24 13 -23 9 29 3 5 12 9 0 7 4 -8 5 -2 -3 24 -2 -16 -6 21 12 -8 -3 -14 -1 -17 5 26 0 5 -1 3 -5 33 5 -18 1 31 1 8 3 36 -5 37 15 -12 3 -5 12 3 2 36 1 39 10 -3 1 39 7 -12 6 -14 6 0 5 1 -3 27 14 9 -7 -21 -4 2 -8 -33 -1 13 -6 15 -5 -21 -8 -33 2 -19 14 4 -2 -10 -4 1 -3 27 -2 -11 10 17 -2 -3 1 -24 3 38 -3 25 -3 40 15 20 -5 -25 5 -3 3 9 16 -1 9 4 4 -2 -1 26 6 -4 -3 21 7 -33 -3 -29 8 -31 13 -35 -1 -15 -1 17 16 25 -2 24 12 -18 14 -14 8 19 2 27 5 -9 6 -32 -1 40 -1 29 14 30 5 8 5 38 4 11 4 -14 -1 29 15 31 0 -21 0 37 -4 -26 0 37 2 -20 4 26 12 -24 -4 0 -2 -1 2 -28 13 -32 0 -8 4 0.313726 12 4 32 5 38 18 3 17 0 20 -11 -8 39 -3 -31 19 36 17 -23 16 -19 18 1 8 27 
103 5 2 2 0.83871 13 -2 38 -7 39 3 -6 -5 37 6 16 -8 39 5 19 -2 -4 6 18 0 -10 0 9 3 13 -3 38 4 0.754717 10 20 -29 17 13 22 -24 16 38 16 13 18 -5 9 36 0 -10 4 -20 14 14 
104 5 2 2 0.363636 1 16 -20 4 0.965517 7 12 13 11 -11 4 2 2 1 -2 2 6 -16 5 -1 
105 5 2 2 0.2 1 13 1 4 0.984615 16 13 8 11 -2 11 19 3 -2 -5 23 3 3 1 22 6 -12 4 -23 6 -16 1 -35 -3 -3 8 -36 13 -34 15 -33 -11 43 
106 5 2 2 0.987654 20 7 37 0 -34 -11 40 -5 39 -11 38 -6 39 14 -38 -6 40 -9 38 -8 41 3 -35 -2 -36 -3 37 2 -38 -15 39 0 -37 2 -33 11 34 -7 38 -2 -36 4 0.166667 1 15 -34 
107 5 2 2 0.5 1 -18 -24 4 0.941176 4 -18 -16 -1 -36 -23 41 -13 40 
108 5 2 2 0.25 6 -3 -5 3 39 -7 -37 8 -15 -2 36 -8 -38 4 0.979592 72 -17 26 -18 -4 4 -4 4 -3 5 2 6 9 -13 -32 -16 26 -6 14 -16 -4 -15 12 -5 27 4 11 4 -13 -5 5 -5 -8 -4 33 -5 -20 11 -20 -5 -27 11 -19 -1 -35 5 17 -4 -21 4 28 -7 -31 -3 42 12 -19 11 17 13 -19 7 -11 7 14 -1 24 0 -32 2 -30 -9 14 13 32 11 -28 -2 -30 0 -26 10 -19 -10 15 1 0 -8 -24 -8 -5 -8 -27 2 -17 -8 39 2 -2 -9 -4 -2 -8 -6 -13 -6 5 4 15 -5 -6 -1 11 -15 -38 -7 4 2 -34 0 -18 -6 4 -9 -29 0 -29 10 -6 -3 -2 6 -33 -4 -3 -3 -5 -10 -34 -13 -33 -2 -33 -1 -34 
109 5 2 2 0.952381 5 -7 -33 -11 -32 15 -40 -5 -15 -9 -3 4 0.444444 1 -18 -27 
110 5 2 2 0.296296 2 10 -12 -11 -21 4 0.974359 19 -7 -8 -23 -13 -8 -7 7 31 -9 -24 -6 8 -19 7 23 -42 -6 -22 -22 -2 -18 -27 -17 -13 -6 -5 24 -37 -4 -7 -5 31 11 -39 -13 11 -9 20 
111 5 2 2 0.96 6 10 -39 14 -36 10 -43 2 -43 -8 23 -8 12 4 0.4 1 24 -36 
112 5 2 2 0.148148 1 -10 -18 4 0.989247 23 -14 7 -13 19 -12 20 -11 -10 -16 5 -8 0 -11 -36 -8 -39 -16 3 -15 16 -9 -32 -4 -21 -13 30 -22 -31 -22 40 -20 9 -9 -25 -1 11 -3 16 -22 -30 -14 16 13 -38 24 -38 
113 5 2 2 0.941176 12 -13 -8 -13 24 -13 26 -14 4 -14 -3 -19 -1 -18 33 -16 -8 -11 -30 -18 -32 -16 18 -7 15 4 0.5 3 -16 -3 -2 -21 -15 -3 
114 5 2 2 0.142857 1 -15 -42 4 0.989691 24 12 -38 -18 -39 0 -40 9 -40 -7 -40 8 -36 18 -41 6 -42 -10 -38 -20 -41 24 -41 3 -42 11 -36 -4 24 -4 22 -16 -23 -4 6 -4 -9 23 -36 -14 19 4 -41 0 30 -15 3 0 29 
115 5 2 2 0.983333 59 -5 -39 6 -44 4 -44 -6 2 -5 9 -9 -29 -5 -28 -7 12 -6 9 -2 16 -10 -43 0 -30 3 -44 -5 -11 -5 18 -5 -1 -11 -40 -6 -10 -4 -42 -8 -13 -1 -22 -2 11 -2 -1 -4 -43 9 -43 -2 17 -6 26 -7 12 6 -13 3 1 -6 -28 2 -15 -8 -26 -3 -3 -4 -1 1 -1 5 -6 -1 3 -3 -31 -2 -8 -2 0 -6 -38 -9 18 -9 19 0 -18 -11 6 -1 -18 -7 33 -3 -27 -11 7 -6 -36 -8 5 -3 -20 -2 -25 -11 -28 -3 -18 -12 28 -13 30 -8 33 4 0.213333 4 -7 -37 1 -13 -5 -12 -7 14 
116 5 2 2 0.878049 9 14 15 -19 35 -16 28 -4 32 -5 32 -11 25 -16 34 -16 32 -10 34 4 0.689655 5 -13 37 -17 38 10 -25 -2 34 0 32 
117 5 2 2 0.266667 1 -8 -5 4 0.977778 11 8 21 4 33 -6 -3 -11 19 -12 6 -13 -27 -4 31 8 -28 -4 22 -6 24 9 -29 
118 5 2 2 0.895706 146 -12 -20 -17 6 -12 -19 -8 -16 -7 -17 -2 -14 -15 35 0 -7 13 -30 -5 -16 -7 -18 -15 -19 -14 -2 -14 -21 -5 10 0 -2 -14 -1 -8 -20 -12 -30 -16 -29 8 -1 6 -24 -12 -5 -9 -20 -9 -8 -17 -9 -10 1 -12 -12 -4 -9 -19 7 -15 -14 -15 -15 -4 -10 -14 -24 -14 -26 -17 -22 5 20 8 -7 -8 3 -4 -13 -1 -21 -9 11 -11 -20 -3 4 -10 -42 -6 -21 -8 -7 -13 -23 -16 6 -11 23 -14 -6 7 -27 -16 -10 -5 36 -11 25 -7 -17 -8 -1 -10 22 -7 1 7 -33 2 1 -15 23 -13 5 -17 -2 7 -22 4 -15 4 -17 -8 -22 12 19 -6 4 -11 -6 3 6 -3 -21 -8 24 -12 -22 -11 -9 -5 -4 -17 4 -11 -24 -2 -22 -5 26 -9 33 -8 -28 -10 28 -7 -5 -10 22 -11 -2 -12 -11 -9 34 -15 -42 -9 4 -14 -23 -9 29 -13 -21 -3 -30 -10 -2 -19 -16 3 -1 2 15 -19 -5 -9 -26 -5 27 -4 31 -8 22 -7 5 -14 11 -5 13 -2 15 -13 7 -19 19 -14 -10 -1 13 -10 1 -14 25 9 21 1 21 -14 12 1 -19 10 -32 -12 34 -7 9 -4 -23 -12 32 0 26 6 19 -19 -22 8 30 -19 -18 4 27 -6 27 -16 -42 -8 -3 11 3 -14 6 -20 15 2 -9 -7 -22 -8 -7 -6 27 -8 -16 -3 -31 -7 17 3 20 -5 -13 -15 20 -6 -22 4 0.650718 68 -14 -22 8 -5 5 -2 13 25 0 -2 -2 11 10 19 4 8 -2 -10 4 18 -2 -2 14 -5 0 -12 15 -8 6 32 4 -20 3 -16 10 11 14 -16 18 -16 -5 -12 15 -21 6 -28 16 -21 -6 -40 11 -10 -3 -23 16 -2 12 15 8 15 -4 -6 2 -1 10 18 -12 -13 17 -45 -5 25 -4 30 -5 9 8 21 -6 -27 10 -14 -12 -44 -10 -45 -6 -18 16 21 14 22 0 -9 -11 -1 2 29 -2 -7 -23 -14 -16 -1 12 -15 2 -3 2 13 6 -15 -6 -9 -2 -11 -4 -8 12 -11 3 24 -14 -15 8 24 8 26 -17 -23 -4 24 10 -1 10 2 
119 5 2 2 0.957816 193 -14 31 -11 4 -15 27 -6 11 -16 9 3 25 -12 24 5 -21 -12 27 -2 -7 -3 13 1 0 -8 32 -11 26 -8 30 -14 -14 -11 32 -18 20 -4 23 -12 22 -7 -28 -9 16 -11 -24 6 -22 -10 10 -14 -32 5 16 -14 -6 5 36 -1 -3 -2 -3 10 -17 -15 11 -11 0 -5 25 -13 36 -12 22 -19 -43 -3 -19 -5 -15 -12 -12 -7 -20 1 24 -16 27 -5 -14 -12 -32 -12 -31 -18 -40 -20 -17 -18 2 -12 0 -16 25 0 23 2 -21 -20 18 2 28 3 -22 -12 -32 -3 12 -9 17 -10 24 -20 28 -18 -12 -5 17 -16 -31 -9 -26 -8 27 -14 -13 -19 -10 10 12 -16 -30 -1 -41 -8 14 -6 32 -12 5 -3 26 -2 23 -6 21 11 -22 -16 17 -13 12 -13 -30 10 20 -12 6 -8 27 12 28 -5 34 4 -44 11 -40 12 -41 -15 32 9 -32 -1 16 1 2 -11 6 -17 10 -12 31 -9 -12 -10 -36 -12 10 -16 1 -5 -36 -2 -9 -2 -18 -11 35 -8 34 -16 -11 -13 -10 0 -34 -16 18 8 -36 -5 17 -11 -35 -1 11 -18 -7 -16 -34 9 28 -7 14 2 -40 -7 32 -15 4 -6 26 -7 29 9 -30 -5 2 -18 -34 -11 -10 13 -38 -5 27 -8 -10 -5 25 -15 13 -4 20 -8 20 -14 -14 -1 -34 -5 7 -1 31 -13 -35 -20 -32 4 -39 -15 -36 5 -13 -14 -38 -12 -35 -6 -37 -1 -41 -2 29 -10 32 3 -2 -18 -34 2 -42 -2 29 1 30 -20 -38 -3 -37 2 -14 3 -39 6 23 1 -42 -17 -36 -13 -38 -19 -36 -16 -40 4 -30 -3 10 -11 -37 11 -42 7 35 13 -43 -1 -40 -2 -41 2 24 -8 -38 -11 -9 -15 -38 -6 1 -12 -38 5 -44 0 -43 -15 -37 -16 -41 1 -31 -9 -1 -10 -3 -13 0 7 -38 6 -42 -11 -37 4 -31 -8 -35 -5 -37 0 -1 4 0.413374 34 -16 29 -1 -28 -14 -6 6 -18 -10 -36 12 26 6 -16 7 -19 5 0 7 18 5 -10 2 20 -3 -39 -6 -1 11 16 -18 -30 -2 -30 -14 -9 -12 -40 13 -13 9 -34 -8 -35 -2 -32 -13 -40 4 -32 -15 -39 -7 5 -11 -41 -3 -33 8 -35 4 -36 -19 -38 15 -31 -8 -5 
120 5 4 0 0.266667 1 22 17 2 0.266667 1 10 50 3 0.888889 8 36 8 21 -82 26 -7 20 -31 30 10 25 28 22 24 21 39 4 0.444444 2 9 20 5 36 
121 5 2 2 0.972973 9 12 44 4 50 -4 50 8 49 -9 48 -4 48 -6 49 8 48 -14 46 3 0.307692 1 8 82 
122 5 2 2 0.0714286 1 -3 -8 4 0.995215 52 -9 45 -3 42 8 -3 2 37 3 36 8 17 -16 -31 -16 5 -17 41 -14 -21 -21 -34 -16 -30 -11 -15 -15 23 -9 -27 -20 -32 -19 30 -14 5 -13 36 -10 -33 -15 36 -16 6 -14 23 -14 39 -18 -28 -13 -22 -6 22 -19 -17 -20 -16 -20 26 -12 3 -17 -4 -12 -18 -4 -20 -18 11 4 18 6 -23 3 -33 0 4 -18 37 -7 -13 5 -1 0 22 -1 24 -7 19 -3 12 -6 41 -3 26 -4 -38 -17 39 -3 29 -17 25 
123 5 2 2 0.114286 1 -1 -2 4 0.992 31 -7 -23 -8 31 -11 -25 -1 -1 -9 -41 -9 -26 -9 -9 1 9 6 6 1 -34 4 41 -7 -29 14 39 -10 27 2 26 -5 22 6 27 -2 32 6 24 -8 -29 -9 -3 -9 -15 -12 -4 0 31 -3 -4 -9 5 0 -3 -9 -24 3 -41 -12 -27 -8 -5 
124 5 2 2 0.7 7 2 41 2 38 -1 -17 -3 27 -6 -5 -2 -43 -10 -4 4 0.872727 12 -1 -40 -1 -29 -1 22 2 38 -2 1 -4 -38 8 -22 -12 -34 3 -21 1 -5 -11 -19 -4 -37 
125 5 2 2 0.923077 6 3 -19 -11 -29 3 -12 -1 -11 2 27 5 -4 4 0.571429 2 -7 -4 -11 -9 
126 5 2 0 0.8 3 12 -14 12 14 19 -6 3 0.8 3 31 -28 34 -5 -34 78 
127 5 2 0 0.137931 1 18 -3 3 0.990099 25 27 39 25 -21 -35 25 15 32 -41 -39 -6 39 13 38 14 42 -38 28 7 37 14 29 -27 38 -17 39 -13 93 4 35 26 -7 -3 44 -5 87 -10 44 -12 44 18 -87 -23 41 21 -61 20 -17 20 -56 
128 5 3 2 0.947368 9 11 -50 13 -52 -19 -43 1 -49 -9 -51 4 -51 -13 -52 -3 -52 11 -51 3 0.285714 1 -43 -43 4 0.285714 1 -18 -28 
129 5 2 2 0.133333 3 -6 -35 -7 -36 7 -45 4 0.990476 78 -20 -27 -22 6 2 -3 -17 28 9 -17 9 -19 -1 18 -19 45 -2 -13 -2 -17 -23 -30 -4 23 5 -19 -20 25 -5 29 4 25 -4 -35 -22 -23 -24 23 -13 4 -7 0 1 34 -12 10 -8 36 -21 33 -11 1 -13 18 -8 25 -25 -2 -13 2 -19 17 -12 18 -18 13 -16 26 -5 2 -20 22 0 -25 -9 -18 -12 -22 -6 -5 -20 21 -21 45 -23 -23 -25 10 -14 11 5 -36 -22 39 -11 -26 -23 -3 0 -33 -23 36 -23 -24 -17 -11 -23 12 -17 15 -2 -43 -23 -16 -15 -18 -9 -45 -25 -33 -13 -45 -16 -43 -8 -42 -18 2 -18 25 -16 -9 -3 -44 -20 -11 -23 -42 -7 -43 -5 -45 -5 -44 -5 -45 5 -44 -21 -45 10 -42 8 -41 -15 -44 
130 5 2 2 0.333333 1 -2 -43 4 0.969697 8 -8 -45 -3 -44 -4 -44 -23 -44 -21 -41 -4 -43 5 -45 -1 -42 
131 5 2 2 0.923077 9 -1 -43 -11 -43 -12 -47 -15 -47 -13 -48 -14 -48 -12 -44 2 -50 2 -44 4 0.571429 3 -3 -44 2 -44 4 -43 
