10 115 0
0 0 -1 14 6 14 1 37 25 6 14 32 -3980 
1 1 -1 12 19 13 0 32 27 10 10 32 -9821 
2 1 -1 21 12 12 6 46 19 1 24 32 168 
3 2 -1 8 20 9 20 35 46 2 1 32 10164 
4 2 -1 19 13 0 17 46 31 1 3 32 -539 
5 2 -1 17 5 0 19 44 29 2 7 32 -795 
6 2 -1 0 8 0 0 40 12 7 25 32 -7621 
7 3 -1 21 8 0 4 42 22 3 9 32 -3549 
8 3 7 0 0 0 0 0 0 0 0 0 0 
9 3 -1 9 0 0 0 46 36 0 0 18 48 
10 3 -1 9 11 22 19 38 33 3 3 32 9893 
11 3 -1 26 45 0 0 45 41 0 0 2 -2 
12 3 -1 46 17 0 0 26 17 0 0 6 35 
13 3 -1 19 11 22 8 45 30 2 15 32 6973 
14 3 -1 19 16 0 0 43 21 3 4 32 -239 
15 4 -1 11 8 3 3 22 40 16 6 32 -7542 
16 4 -1 7 13 8 18 17 31 17 16 32 -15477 
17 4 0 0 0 0 0 0 0 0 0 0 0 
18 4 0 0 0 0 0 0 0 0 0 0 0 
19 4 -1 5 13 14 1 46 24 1 20 32 -4131 
20 4 23 0 0 0 0 0 0 0 0 0 0 
21 4 -1 17 1 0 19 43 42 1 2 32 -3 
22 4 -1 5 20 20 6 25 41 18 2 32 7735 
23 4 -1 0 21 21 4 45 27 2 17 32 -3372 
24 4 -1 3 15 21 16 45 32 1 5 32 -8 
25 4 -1 0 9 10 11 22 23 15 21 32 -1087 
26 4 -1 6 11 21 0 40 46 4 1 32 -128 
27 4 -1 9 9 5 5 43 39 2 2 32 566 
28 4 -1 12 3 21 18 39 38 7 7 32 20366 
29 4 -1 2 44 0 0 24 15 0 0 1 16 
30 4 -1 21 21 14 0 41 21 5 11 32 -912 
31 5 0 0 0 0 0 0 0 0 0 0 0 
32 5 -1 4 21 3 7 44 28 3 7 32 -2758 
33 5 3 0 0 0 0 0 0 0 0 0 0 
34 5 -1 10 22 0 0 46 11 0 0 6 -7 
35 5 0 0 0 0 0 0 0 0 0 0 0 
36 5 0 0 0 0 0 0 0 0 0 0 0 
37 5 0 0 0 0 0 0 0 0 0 0 0 
38 5 0 0 0 0 0 0 0 0 0 0 0 
39 5 8 0 0 0 0 0 0 0 0 0 0 
40 5 -1 1 3 0 0 24 47 0 0 14 -36 
41 5 0 0 0 0 0 0 0 0 0 0 0 
42 5 0 0 0 0 0 0 0 0 0 0 0 
43 5 24 0 0 0 0 0 0 0 0 0 0 
44 5 25 0 0 0 0 0 0 0 0 0 0 
45 5 26 0 0 0 0 0 0 0 0 0 0 
46 5 -1 43 35 0 0 29 3 0 0 11 -32 
47 5 32 0 0 0 0 0 0 0 0 0 0 
48 5 33 0 0 0 0 0 0 0 0 0 0 
49 5 34 0 0 0 0 0 0 0 0 0 0 
50 5 35 0 0 0 0 0 0 0 0 0 0 
51 5 -1 30 25 0 0 2 17 0 0 17 -29 
52 5 -1 38 23 0 0 23 12 0 0 18 -37 
53 5 -1 10 29 0 0 27 23 0 0 12 -59 
54 5 -1 5 45 0 0 43 8 0 0 3 -20 
55 5 -1 3 17 7 22 10 39 29 2 32 171 
56 5 -1 21 12 18 11 44 39 3 1 32 8157 
57 5 -1 3 2 0 4 27 39 19 1 32 -177 
58 5 -1 18 5 3 1 34 36 10 11 32 181 
59 5 -1 17 13 1 0 28 26 19 4 32 -2728 
60 5 -1 45 40 0 0 25 47 0 0 14 -52 
61 5 -1 1 10 12 16 43 34 2 2 32 6219 
62 5 -1 12 19 7 14 45 42 1 5 32 2272 
63 6 0 0 0 0 0 0 0 0 0 0 0 
64 6 0 0 0 0 0 0 0 0 0 0 0 
65 6 1 0 0 0 0 0 0 0 0 0 0 
66 6 2 0 0 0 0 0 0 0 0 0 0 
67 6 0 0 0 0 0 0 0 0 0 0 0 
68 6 0 0 0 0 0 0 0 0 0 0 0 
69 6 4 0 0 0 0 0 0 0 0 0 0 
70 6 -1 28 28 0 0 5 24 0 0 17 3 
71 6 0 0 0 0 0 0 0 0 0 0 0 
72 6 0 0 0 0 0 0 0 0 0 0 0 
73 6 0 0 0 0 0 0 0 0 0 0 0 
74 6 0 0 0 0 0 0 0 0 0 0 0 
75 6 0 0 0 0 0 0 0 0 0 0 0 
76 6 0 0 0 0 0 0 0 0 0 0 0 
77 6 0 0 0 0 0 0 0 0 0 0 0 
78 6 0 0 0 0 0 0 0 0 0 0 0 
79 6 0 0 0 0 0 0 0 0 0 0 0 
80 6 0 0 0 0 0 0 0 0 0 0 0 
81 6 -1 0 46 0 0 7 44 0 0 5 -14 
82 6 -1 7 6 18 2 36 13 11 7 32 -587 
83 6 0 0 0 0 0 0 0 0 0 0 0 
84 6 0 0 0 0 0 0 0 0 0 0 0 
85 6 0 0 0 0 0 0 0 0 0 0 0 
86 6 0 0 0 0 0 0 0 0 0 0 0 
87 6 0 0 0 0 0 0 0 0 0 0 0 
88 6 0 0 0 0 0 0 0 0 0 0 0 
89 6 0 0 0 0 0 0 0 0 0 0 0 
90 6 0 0 0 0 0 0 0 0 0 0 0 
91 6 0 0 0 0 0 0 0 0 0 0 0 
92 6 0 0 0 0 0 0 0 0 0 0 0 
93 6 27 0 0 0 0 0 0 0 0 0 0 
94 6 -1 6 19 16 11 33 46 7 1 32 15942 
95 6 0 0 0 0 0 0 0 0 0 0 0 
96 6 0 0 0 0 0 0 0 0 0 0 0 
97 6 0 0 0 0 0 0 0 0 0 0 0 
98 6 0 0 0 0 0 0 0 0 0 0 0 
99 6 0 0 0 0 0 0 0 0 0 0 0 
100 6 0 0 0 0 0 0 0 0 0 0 0 
101 6 0 0 0 0 0 0 0 0 0 0 0 
102 6 0 0 0 0 0 0 0 0 0 0 0 
103 6 36 0 0 0 0 0 0 0 0 0 0 
104 6 -1 5 9 14 13 46 36 1 11 32 3354 
105 6 43 0 0 0 0 0 0 0 0 0 0 
106 6 -1 35 15 0 0 41 29 0 0 16 -53 
107 6 52 0 0 0 0 0 0 0 0 0 0 
108 6 -1 16 35 0 0 46 37 0 0 10 -2 
109 6 55 0 0 0 0 0 0 0 0 0 0 
110 6 -1 10 45 0 0 41 22 0 0 8 -22 
111 6 -1 1 10 0 0 33 25 0 0 1 -3 
112 6 64 0 0 0 0 0 0 0 0 0 0 
113 6 65 0 0 0 0 0 0 0 0 0 0 
114 6 66 0 0 0 0 0 0 0 0 0 0 
115 6 67 0 0 0 0 0 0 0 0 0 0 
116 6 68 0 0 0 0 0 0 0 0 0 0 
117 6 69 0 0 0 0 0 0 0 0 0 0 
118 6 -1 18 19 20 10 43 40 3 3 32 18673 
119 6 -1 16 11 0 2 45 43 2 2 32 -148 
120 6 -1 8 1 21 3 38 7 3 32 32 -2511 
121 6 -1 4 0 0 14 31 33 12 6 32 -2471 
122 6 -1 29 2 0 0 37 17 0 0 5 30 
123 6 -1 3 28 0 0 35 6 0 0 6 31 
124 6 -1 47 21 0 0 25 34 0 0 4 -2 
125 6 -1 14 16 0 0 24 17 0 0 5 14 
126 6 -1 17 20 6 16 36 42 3 4 32 4077 
127 7 0 0 0 0 0 0 0 0 0 0 0 
128 7 0 0 0 0 0 0 0 0 0 0 0 
129 7 0 0 0 0 0 0 0 0 0 0 0 
130 7 0 0 0 0 0 0 0 0 0 0 0 
131 7 0 0 0 0 0 0 0 0 0 0 0 
132 7 0 0 0 0 0 0 0 0 0 0 0 
133 7 0 0 0 0 0 0 0 0 0 0 0 
134 7 0 0 0 0 0 0 0 0 0 0 0 
135 7 0 0 0 0 0 0 0 0 0 0 0 
136 7 0 0 0 0 0 0 0 0 0 0 0 
137 7 0 0 0 0 0 0 0 0 0 0 0 
138 7 0 0 0 0 0 0 0 0 0 0 0 
139 7 0 0 0 0 0 0 0 0 0 0 0 
140 7 0 0 0 0 0 0 0 0 0 0 0 
141 7 5 0 0 0 0 0 0 0 0 0 0 
142 7 6 0 0 0 0 0 0 0 0 0 0 
143 7 0 0 0 0 0 0 0 0 0 0 0 
144 7 0 0 0 0 0 0 0 0 0 0 0 
145 7 0 0 0 0 0 0 0 0 0 0 0 
146 7 0 0 0 0 0 0 0 0 0 0 0 
147 7 0 0 0 0 0 0 0 0 0 0 0 
148 7 0 0 0 0 0 0 0 0 0 0 0 
149 7 0 0 0 0 0 0 0 0 0 0 0 
150 7 0 0 0 0 0 0 0 0 0 0 0 
151 7 0 0 0 0 0 0 0 0 0 0 0 
152 7 0 0 0 0 0 0 0 0 0 0 0 
153 7 0 0 0 0 0 0 0 0 0 0 0 
154 7 0 0 0 0 0 0 0 0 0 0 0 
155 7 0 0 0 0 0 0 0 0 0 0 0 
156 7 0 0 0 0 0 0 0 0 0 0 0 
157 7 0 0 0 0 0 0 0 0 0 0 0 
158 7 0 0 0 0 0 0 0 0 0 0 0 
159 7 0 0 0 0 0 0 0 0 0 0 0 
160 7 0 0 0 0 0 0 0 0 0 0 0 
161 7 0 0 0 0 0 0 0 0 0 0 0 
162 7 0 0 0 0 0 0 0 0 0 0 0 
163 7 9 0 0 0 0 0 0 0 0 0 0 
164 7 -1 25 15 0 0 44 5 0 0 3 18 
165 7 -1 2 8 0 14 37 34 8 8 32 -6225 
166 7 22 0 0 0 0 0 0 0 0 0 0 
167 7 0 0 0 0 0 0 0 0 0 0 0 
168 7 0 0 0 0 0 0 0 0 0 0 0 
169 7 0 0 0 0 0 0 0 0 0 0 0 
170 7 0 0 0 0 0 0 0 0 0 0 0 
171 7 0 0 0 0 0 0 0 0 0 0 0 
172 7 0 0 0 0 0 0 0 0 0 0 0 
173 7 0 0 0 0 0 0 0 0 0 0 0 
174 7 0 0 0 0 0 0 0 0 0 0 0 
175 7 0 0 0 0 0 0 0 0 0 0 0 
176 7 0 0 0 0 0 0 0 0 0 0 0 
177 7 0 0 0 0 0 0 0 0 0 0 0 
178 7 0 0 0 0 0 0 0 0 0 0 0 
179 7 0 0 0 0 0 0 0 0 0 0 0 
180 7 0 0 0 0 0 0 0 0 0 0 0 
181 7 0 0 0 0 0 0 0 0 0 0 0 
182 7 0 0 0 0 0 0 0 0 0 0 0 
183 7 0 0 0 0 0 0 0 0 0 0 0 
184 7 0 0 0 0 0 0 0 0 0 0 0 
185 7 0 0 0 0 0 0 0 0 0 0 0 
186 7 0 0 0 0 0 0 0 0 0 0 0 
187 7 0 0 0 0 0 0 0 0 0 0 0 
188 7 0 0 0 0 0 0 0 0 0 0 0 
189 7 28 0 0 0 0 0 0 0 0 0 0 
190 7 -1 5 25 0 0 22 5 0 0 2 -6 
191 7 0 0 0 0 0 0 0 0 0 0 0 
192 7 0 0 0 0 0 0 0 0 0 0 0 
193 7 0 0 0 0 0 0 0 0 0 0 0 
194 7 0 0 0 0 0 0 0 0 0 0 0 
195 7 0 0 0 0 0 0 0 0 0 0 0 
196 7 0 0 0 0 0 0 0 0 0 0 0 
197 7 0 0 0 0 0 0 0 0 0 0 0 
198 7 0 0 0 0 0 0 0 0 0 0 0 
199 7 0 0 0 0 0 0 0 0 0 0 0 
200 7 0 0 0 0 0 0 0 0 0 0 0 
201 7 0 0 0 0 0 0 0 0 0 0 0 
202 7 0 0 0 0 0 0 0 0 0 0 0 
203 7 0 0 0 0 0 0 0 0 0 0 0 
204 7 0 0 0 0 0 0 0 0 0 0 0 
205 7 0 0 0 0 0 0 0 0 0 0 0 
206 7 0 0 0 0 0 0 0 0 0 0 0 
207 7 0 0 0 0 0 0 0 0 0 0 0 
208 7 0 0 0 0 0 0 0 0 0 0 0 
209 7 -1 8 10 18 0 46 24 1 1 32 -87 
210 7 42 0 0 0 0 0 0 0 0 0 0 
211 7 0 0 0 0 0 0 0 0 0 0 0 
212 7 0 0 0 0 0 0 0 0 0 0 0 
213 7 44 0 0 0 0 0 0 0 0 0 0 
214 7 -1 17 38 0 0 43 5 0 0 3 -38 
215 7 0 0 0 0 0 0 0 0 0 0 0 
216 7 0 0 0 0 0 0 0 0 0 0 0 
217 7 53 0 0 0 0 0 0 0 0 0 0 
218 7 54 0 0 0 0 0 0 0 0 0 0 
219 7 0 0 0 0 0 0 0 0 0 0 0 
220 7 0 0 0 0 0 0 0 0 0 0 0 
221 7 56 0 0 0 0 0 0 0 0 0 0 
222 7 -1 29 2 0 0 38 6 0 0 6 -20 
223 7 -1 20 8 1 6 38 30 6 4 32 -975 
224 7 -1 1 9 0 0 27 1 0 0 18 25 
225 7 0 0 0 0 0 0 0 0 0 0 0 
226 7 0 0 0 0 0 0 0 0 0 0 0 
227 7 0 0 0 0 0 0 0 0 0 0 0 
228 7 0 0 0 0 0 0 0 0 0 0 0 
229 7 0 0 0 0 0 0 0 0 0 0 0 
230 7 0 0 0 0 0 0 0 0 0 0 0 
231 7 0 0 0 0 0 0 0 0 0 0 0 
232 7 0 0 0 0 0 0 0 0 0 0 0 
233 7 0 0 0 0 0 0 0 0 0 0 0 
234 7 0 0 0 0 0 0 0 0 0 0 0 
235 7 0 0 0 0 0 0 0 0 0 0 0 
236 7 0 0 0 0 0 0 0 0 0 0 0 
237 7 70 0 0 0 0 0 0 0 0 0 0 
238 7 71 0 0 0 0 0 0 0 0 0 0 
239 7 -1 0 7 4 2 6 43 19 2 32 -1052 
240 7 -1 20 9 8 11 43 32 1 13 32 2973 
241 7 -1 15 21 2 12 42 44 4 3 32 199 
242 7 -1 4 21 19 19 27 44 15 3 32 10295 
243 7 95 0 0 0 0 0 0 0 0 0 0 
244 7 96 0 0 0 0 0 0 0 0 0 0 
245 7 -1 7 19 0 0 1 42 0 0 17 -3 
246 7 103 0 0 0 0 0 0 0 0 0 0 
247 7 104 0 0 0 0 0 0 0 0 0 0 
248 7 -1 4 20 13 19 40 46 6 1 32 7140 
249 7 -1 12 0 13 6 32 15 10 5 32 1166 
250 7 109 0 0 0 0 0 0 0 0 0 0 
251 7 110 0 0 0 0 0 0 0 0 0 0 
252 7 111 0 0 0 0 0 0 0 0 0 0 
253 7 -1 0 2 0 0 45 2 0 0 3 0 
254 7 114 0 0 0 0 0 0 0 0 0 0 
255 8 0 0 0 0 0 0 0 0 0 0 0 
256 8 0 0 0 0 0 0 0 0 0 0 0 
257 8 0 0 0 0 0 0 0 0 0 0 0 
258 8 0 0 0 0 0 0 0 0 0 0 0 
259 8 0 0 0 0 0 0 0 0 0 0 0 
260 8 0 0 0 0 0 0 0 0 0 0 0 
261 8 0 0 0 0 0 0 0 0 0 0 0 
262 8 0 0 0 0 0 0 0 0 0 0 0 
263 8 0 0 0 0 0 0 0 0 0 0 0 
264 8 0 0 0 0 0 0 0 0 0 0 0 
265 8 0 0 0 0 0 0 0 0 0 0 0 
266 8 0 0 0 0 0 0 0 0 0 0 0 
267 8 0 0 0 0 0 0 0 0 0 0 0 
268 8 0 0 0 0 0 0 0 0 0 0 0 
269 8 0 0 0 0 0 0 0 0 0 0 0 
270 8 0 0 0 0 0 0 0 0 0 0 0 
271 8 0 0 0 0 0 0 0 0 0 0 0 
272 8 0 0 0 0 0 0 0 0 0 0 0 
273 8 0 0 0 0 0 0 0 0 0 0 0 
274 8 0 0 0 0 0 0 0 0 0 0 0 
275 8 0 0 0 0 0 0 0 0 0 0 0 
276 8 0 0 0 0 0 0 0 0 0 0 0 
277 8 0 0 0 0 0 0 0 0 0 0 0 
278 8 0 0 0 0 0 0 0 0 0 0 0 
279 8 0 0 0 0 0 0 0 0 0 0 0 
280 8 0 0 0 0 0 0 0 0 0 0 0 
281 8 0 0 0 0 0 0 0 0 0 0 0 
282 8 0 0 0 0 0 0 0 0 0 0 0 
283 8 0 0 0 0 0 0 0 0 0 0 0 
284 8 0 0 0 0 0 0 0 0 0 0 0 
285 8 0 0 0 0 0 0 0 0 0 0 0 
286 8 0 0 0 0 0 0 0 0 0 0 0 
287 8 0 0 0 0 0 0 0 0 0 0 0 
288 8 0 0 0 0 0 0 0 0 0 0 0 
289 8 0 0 0 0 0 0 0 0 0 0 0 
290 8 0 0 0 0 0 0 0 0 0 0 0 
291 8 0 0 0 0 0 0 0 0 0 0 0 
292 8 0 0 0 0 0 0 0 0 0 0 0 
293 8 0 0 0 0 0 0 0 0 0 0 0 
294 8 0 0 0 0 0 0 0 0 0 0 0 
295 8 0 0 0 0 0 0 0 0 0 0 0 
296 8 0 0 0 0 0 0 0 0 0 0 0 
297 8 0 0 0 0 0 0 0 0 0 0 0 
298 8 0 0 0 0 0 0 0 0 0 0 0 
299 8 0 0 0 0 0 0 0 0 0 0 0 
300 8 0 0 0 0 0 0 0 0 0 0 0 
301 8 0 0 0 0 0 0 0 0 0 0 0 
302 8 0 0 0 0 0 0 0 0 0 0 0 
303 8 0 0 0 0 0 0 0 0 0 0 0 
304 8 0 0 0 0 0 0 0 0 0 0 0 
305 8 0 0 0 0 0 0 0 0 0 0 0 
306 8 0 0 0 0 0 0 0 0 0 0 0 
307 8 0 0 0 0 0 0 0 0 0 0 0 
308 8 0 0 0 0 0 0 0 0 0 0 0 
309 8 0 0 0 0 0 0 0 0 0 0 0 
310 8 0 0 0 0 0 0 0 0 0 0 0 
311 8 0 0 0 0 0 0 0 0 0 0 0 
312 8 0 0 0 0 0 0 0 0 0 0 0 
313 8 0 0 0 0 0 0 0 0 0 0 0 
314 8 0 0 0 0 0 0 0 0 0 0 0 
315 8 0 0 0 0 0 0 0 0 0 0 0 
316 8 0 0 0 0 0 0 0 0 0 0 0 
317 8 0 0 0 0 0 0 0 0 0 0 0 
318 8 0 0 0 0 0 0 0 0 0 0 0 
319 8 0 0 0 0 0 0 0 0 0 0 0 
320 8 0 0 0 0 0 0 0 0 0 0 0 
321 8 0 0 0 0 0 0 0 0 0 0 0 
322 8 0 0 0 0 0 0 0 0 0 0 0 
323 8 0 0 0 0 0 0 0 0 0 0 0 
324 8 0 0 0 0 0 0 0 0 0 0 0 
325 8 0 0 0 0 0 0 0 0 0 0 0 
326 8 0 0 0 0 0 0 0 0 0 0 0 
327 8 0 0 0 0 0 0 0 0 0 0 0 
328 8 0 0 0 0 0 0 0 0 0 0 0 
329 8 -1 24 23 0 0 42 1 0 0 13 7 
330 8 -1 14 43 0 0 0 40 0 0 0 -5 
331 8 -1 4 14 10 21 31 44 14 2 32 13601 
332 8 -1 3 15 22 19 38 39 2 8 32 -715 
333 8 0 0 0 0 0 0 0 0 0 0 0 
334 8 0 0 0 0 0 0 0 0 0 0 0 
335 8 0 0 0 0 0 0 0 0 0 0 0 
336 8 0 0 0 0 0 0 0 0 0 0 0 
337 8 0 0 0 0 0 0 0 0 0 0 0 
338 8 0 0 0 0 0 0 0 0 0 0 0 
339 8 0 0 0 0 0 0 0 0 0 0 0 
340 8 0 0 0 0 0 0 0 0 0 0 0 
341 8 0 0 0 0 0 0 0 0 0 0 0 
342 8 0 0 0 0 0 0 0 0 0 0 0 
343 8 0 0 0 0 0 0 0 0 0 0 0 
344 8 0 0 0 0 0 0 0 0 0 0 0 
345 8 0 0 0 0 0 0 0 0 0 0 0 
346 8 0 0 0 0 0 0 0 0 0 0 0 
347 8 0 0 0 0 0 0 0 0 0 0 0 
348 8 0 0 0 0 0 0 0 0 0 0 0 
349 8 0 0 0 0 0 0 0 0 0 0 0 
350 8 0 0 0 0 0 0 0 0 0 0 0 
351 8 0 0 0 0 0 0 0 0 0 0 0 
352 8 0 0 0 0 0 0 0 0 0 0 0 
353 8 0 0 0 0 0 0 0 0 0 0 0 
354 8 0 0 0 0 0 0 0 0 0 0 0 
355 8 0 0 0 0 0 0 0 0 0 0 0 
356 8 0 0 0 0 0 0 0 0 0 0 0 
357 8 0 0 0 0 0 0 0 0 0 0 0 
358 8 0 0 0 0 0 0 0 0 0 0 0 
359 8 0 0 0 0 0 0 0 0 0 0 0 
360 8 0 0 0 0 0 0 0 0 0 0 0 
361 8 0 0 0 0 0 0 0 0 0 0 0 
362 8 0 0 0 0 0 0 0 0 0 0 0 
363 8 0 0 0 0 0 0 0 0 0 0 0 
364 8 0 0 0 0 0 0 0 0 0 0 0 
365 8 0 0 0 0 0 0 0 0 0 0 0 
366 8 0 0 0 0 0 0 0 0 0 0 0 
367 8 0 0 0 0 0 0 0 0 0 0 0 
368 8 0 0 0 0 0 0 0 0 0 0 0 
369 8 0 0 0 0 0 0 0 0 0 0 0 
370 8 0 0 0 0 0 0 0 0 0 0 0 
371 8 0 0 0 0 0 0 0 0 0 0 0 
372 8 0 0 0 0 0 0 0 0 0 0 0 
373 8 0 0 0 0 0 0 0 0 0 0 0 
374 8 0 0 0 0 0 0 0 0 0 0 0 
375 8 0 0 0 0 0 0 0 0 0 0 0 
376 8 0 0 0 0 0 0 0 0 0 0 0 
377 8 0 0 0 0 0 0 0 0 0 0 0 
378 8 0 0 0 0 0 0 0 0 0 0 0 
379 8 0 0 0 0 0 0 0 0 0 0 0 
380 8 0 0 0 0 0 0 0 0 0 0 0 
381 8 29 0 0 0 0 0 0 0 0 0 0 
382 8 -1 4 30 0 0 19 23 0 0 3 53 
383 8 0 0 0 0 0 0 0 0 0 0 0 
384 8 0 0 0 0 0 0 0 0 0 0 0 
385 8 0 0 0 0 0 0 0 0 0 0 0 
386 8 0 0 0 0 0 0 0 0 0 0 0 
387 8 0 0 0 0 0 0 0 0 0 0 0 
388 8 0 0 0 0 0 0 0 0 0 0 0 
389 8 0 0 0 0 0 0 0 0 0 0 0 
390 8 0 0 0 0 0 0 0 0 0 0 0 
391 8 0 0 0 0 0 0 0 0 0 0 0 
392 8 0 0 0 0 0 0 0 0 0 0 0 
393 8 0 0 0 0 0 0 0 0 0 0 0 
394 8 0 0 0 0 0 0 0 0 0 0 0 
395 8 0 0 0 0 0 0 0 0 0 0 0 
396 8 0 0 0 0 0 0 0 0 0 0 0 
397 8 0 0 0 0 0 0 0 0 0 0 0 
398 8 0 0 0 0 0 0 0 0 0 0 0 
399 8 0 0 0 0 0 0 0 0 0 0 0 
400 8 0 0 0 0 0 0 0 0 0 0 0 
401 8 0 0 0 0 0 0 0 0 0 0 0 
402 8 0 0 0 0 0 0 0 0 0 0 0 
403 8 0 0 0 0 0 0 0 0 0 0 0 
404 8 0 0 0 0 0 0 0 0 0 0 0 
405 8 0 0 0 0 0 0 0 0 0 0 0 
406 8 0 0 0 0 0 0 0 0 0 0 0 
407 8 0 0 0 0 0 0 0 0 0 0 0 
408 8 0 0 0 0 0 0 0 0 0 0 0 
409 8 0 0 0 0 0 0 0 0 0 0 0 
410 8 0 0 0 0 0 0 0 0 0 0 0 
411 8 0 0 0 0 0 0 0 0 0 0 0 
412 8 0 0 0 0 0 0 0 0 0 0 0 
413 8 0 0 0 0 0 0 0 0 0 0 0 
414 8 0 0 0 0 0 0 0 0 0 0 0 
415 8 0 0 0 0 0 0 0 0 0 0 0 
416 8 0 0 0 0 0 0 0 0 0 0 0 
417 8 0 0 0 0 0 0 0 0 0 0 0 
418 8 0 0 0 0 0 0 0 0 0 0 0 
419 8 -1 10 14 13 18 30 35 17 10 32 -31 
420 8 -1 0 9 7 12 11 30 6 9 32 270 
421 8 0 0 0 0 0 0 0 0 0 0 0 
422 8 0 0 0 0 0 0 0 0 0 0 0 
423 8 0 0 0 0 0 0 0 0 0 0 0 
424 8 0 0 0 0 0 0 0 0 0 0 0 
425 8 0 0 0 0 0 0 0 0 0 0 0 
426 8 0 0 0 0 0 0 0 0 0 0 0 
427 8 0 0 0 0 0 0 0 0 0 0 0 
428 8 0 0 0 0 0 0 0 0 0 0 0 
429 8 -1 43 13 0 0 31 46 0 0 7 -55 
430 8 -1 4 11 0 0 43 45 0 0 0 38 
431 8 0 0 0 0 0 0 0 0 0 0 0 
432 8 0 0 0 0 0 0 0 0 0 0 0 
433 8 0 0 0 0 0 0 0 0 0 0 0 
434 8 0 0 0 0 0 0 0 0 0 0 0 
435 8 0 0 0 0 0 0 0 0 0 0 0 
436 8 0 0 0 0 0 0 0 0 0 0 0 
437 8 0 0 0 0 0 0 0 0 0 0 0 
438 8 0 0 0 0 0 0 0 0 0 0 0 
439 8 0 0 0 0 0 0 0 0 0 0 0 
440 8 0 0 0 0 0 0 0 0 0 0 0 
441 8 0 0 0 0 0 0 0 0 0 0 0 
442 8 0 0 0 0 0 0 0 0 0 0 0 
443 8 0 0 0 0 0 0 0 0 0 0 0 
444 8 0 0 0 0 0 0 0 0 0 0 0 
445 8 57 0 0 0 0 0 0 0 0 0 0 
446 8 58 0 0 0 0 0 0 0 0 0 0 
447 8 59 0 0 0 0 0 0 0 0 0 0 
448 8 -1 2 37 0 0 25 4 0 0 7 -26 
449 8 62 0 0 0 0 0 0 0 0 0 0 
450 8 63 0 0 0 0 0 0 0 0 0 0 
451 8 0 0 0 0 0 0 0 0 0 0 0 
452 8 0 0 0 0 0 0 0 0 0 0 0 
453 8 0 0 0 0 0 0 0 0 0 0 0 
454 8 0 0 0 0 0 0 0 0 0 0 0 
455 8 0 0 0 0 0 0 0 0 0 0 0 
456 8 0 0 0 0 0 0 0 0 0 0 0 
457 8 0 0 0 0 0 0 0 0 0 0 0 
458 8 0 0 0 0 0 0 0 0 0 0 0 
459 8 0 0 0 0 0 0 0 0 0 0 0 
460 8 0 0 0 0 0 0 0 0 0 0 0 
461 8 0 0 0 0 0 0 0 0 0 0 0 
462 8 0 0 0 0 0 0 0 0 0 0 0 
463 8 0 0 0 0 0 0 0 0 0 0 0 
464 8 0 0 0 0 0 0 0 0 0 0 0 
465 8 0 0 0 0 0 0 0 0 0 0 0 
466 8 0 0 0 0 0 0 0 0 0 0 0 
467 8 0 0 0 0 0 0 0 0 0 0 0 
468 8 0 0 0 0 0 0 0 0 0 0 0 
469 8 0 0 0 0 0 0 0 0 0 0 0 
470 8 0 0 0 0 0 0 0 0 0 0 0 
471 8 0 0 0 0 0 0 0 0 0 0 0 
472 8 0 0 0 0 0 0 0 0 0 0 0 
473 8 0 0 0 0 0 0 0 0 0 0 0 
474 8 0 0 0 0 0 0 0 0 0 0 0 
475 8 0 0 0 0 0 0 0 0 0 0 0 
476 8 0 0 0 0 0 0 0 0 0 0 0 
477 8 0 0 0 0 0 0 0 0 0 0 0 
478 8 0 0 0 0 0 0 0 0 0 0 0 
479 8 -1 12 17 15 4 41 42 3 5 32 1934 
480 8 -1 22 3 14 11 40 35 3 11 32 3927 
481 8 -1 14 23 0 0 47 20 0 0 3 4 
482 8 -1 3 0 13 20 40 31 6 11 32 7476 
483 8 -1 18 7 17 1 44 8 3 22 32 -2127 
484 8 -1 17 22 0 0 41 2 0 0 5 9 
485 8 90 0 0 0 0 0 0 0 0 0 0 
486 8 -1 19 10 19 0 46 15 1 5 32 -312 
487 8 0 0 0 0 0 0 0 0 0 0 0 
488 8 0 0 0 0 0 0 0 0 0 0 0 
489 8 0 0 0 0 0 0 0 0 0 0 0 
490 8 0 0 0 0 0 0 0 0 0 0 0 
491 8 -1 22 9 14 6 42 16 5 24 32 -1574 
492 8 -1 14 1 7 5 30 7 8 20 32 -4274 
493 8 0 0 0 0 0 0 0 0 0 0 0 
494 8 0 0 0 0 0 0 0 0 0 0 0 
495 8 0 0 0 0 0 0 0 0 0 0 0 
496 8 0 0 0 0 0 0 0 0 0 0 0 
497 8 105 0 0 0 0 0 0 0 0 0 0 
498 8 106 0 0 0 0 0 0 0 0 0 0 
499 8 107 0 0 0 0 0 0 0 0 0 0 
500 8 108 0 0 0 0 0 0 0 0 0 0 
501 8 0 0 0 0 0 0 0 0 0 0 0 
502 8 0 0 0 0 0 0 0 0 0 0 0 
503 8 0 0 0 0 0 0 0 0 0 0 0 
504 8 0 0 0 0 0 0 0 0 0 0 0 
505 8 0 0 0 0 0 0 0 0 0 0 0 
506 8 0 0 0 0 0 0 0 0 0 0 0 
507 8 112 0 0 0 0 0 0 0 0 0 0 
508 8 113 0 0 0 0 0 0 0 0 0 0 
509 8 0 0 0 0 0 0 0 0 0 0 0 
510 8 0 0 0 0 0 0 0 0 0 0 0 
511 9 0 0 0 0 0 0 0 0 0 0 0 
512 9 0 0 0 0 0 0 0 0 0 0 0 
513 9 0 0 0 0 0 0 0 0 0 0 0 
514 9 0 0 0 0 0 0 0 0 0 0 0 
515 9 0 0 0 0 0 0 0 0 0 0 0 
516 9 0 0 0 0 0 0 0 0 0 0 0 
517 9 0 0 0 0 0 0 0 0 0 0 0 
518 9 0 0 0 0 0 0 0 0 0 0 0 
519 9 0 0 0 0 0 0 0 0 0 0 0 
520 9 0 0 0 0 0 0 0 0 0 0 0 
521 9 0 0 0 0 0 0 0 0 0 0 0 
522 9 0 0 0 0 0 0 0 0 0 0 0 
523 9 0 0 0 0 0 0 0 0 0 0 0 
524 9 0 0 0 0 0 0 0 0 0 0 0 
525 9 0 0 0 0 0 0 0 0 0 0 0 
526 9 0 0 0 0 0 0 0 0 0 0 0 
527 9 0 0 0 0 0 0 0 0 0 0 0 
528 9 0 0 0 0 0 0 0 0 0 0 0 
529 9 0 0 0 0 0 0 0 0 0 0 0 
530 9 0 0 0 0 0 0 0 0 0 0 0 
531 9 0 0 0 0 0 0 0 0 0 0 0 
532 9 0 0 0 0 0 0 0 0 0 0 0 
533 9 0 0 0 0 0 0 0 0 0 0 0 
534 9 0 0 0 0 0 0 0 0 0 0 0 
535 9 0 0 0 0 0 0 0 0 0 0 0 
536 9 0 0 0 0 0 0 0 0 0 0 0 
537 9 0 0 0 0 0 0 0 0 0 0 0 
538 9 0 0 0 0 0 0 0 0 0 0 0 
539 9 0 0 0 0 0 0 0 0 0 0 0 
540 9 0 0 0 0 0 0 0 0 0 0 0 
541 9 0 0 0 0 0 0 0 0 0 0 0 
542 9 0 0 0 0 0 0 0 0 0 0 0 
543 9 0 0 0 0 0 0 0 0 0 0 0 
544 9 0 0 0 0 0 0 0 0 0 0 0 
545 9 0 0 0 0 0 0 0 0 0 0 0 
546 9 0 0 0 0 0 0 0 0 0 0 0 
547 9 0 0 0 0 0 0 0 0 0 0 0 
548 9 0 0 0 0 0 0 0 0 0 0 0 
549 9 0 0 0 0 0 0 0 0 0 0 0 
550 9 0 0 0 0 0 0 0 0 0 0 0 
551 9 0 0 0 0 0 0 0 0 0 0 0 
552 9 0 0 0 0 0 0 0 0 0 0 0 
553 9 0 0 0 0 0 0 0 0 0 0 0 
554 9 0 0 0 0 0 0 0 0 0 0 0 
555 9 0 0 0 0 0 0 0 0 0 0 0 
556 9 0 0 0 0 0 0 0 0 0 0 0 
557 9 0 0 0 0 0 0 0 0 0 0 0 
558 9 0 0 0 0 0 0 0 0 0 0 0 
559 9 0 0 0 0 0 0 0 0 0 0 0 
560 9 0 0 0 0 0 0 0 0 0 0 0 
561 9 0 0 0 0 0 0 0 0 0 0 0 
562 9 0 0 0 0 0 0 0 0 0 0 0 
563 9 0 0 0 0 0 0 0 0 0 0 0 
564 9 0 0 0 0 0 0 0 0 0 0 0 
565 9 0 0 0 0 0 0 0 0 0 0 0 
566 9 0 0 0 0 0 0 0 0 0 0 0 
567 9 0 0 0 0 0 0 0 0 0 0 0 
568 9 0 0 0 0 0 0 0 0 0 0 0 
569 9 0 0 0 0 0 0 0 0 0 0 0 
570 9 0 0 0 0 0 0 0 0 0 0 0 
571 9 0 0 0 0 0 0 0 0 0 0 0 
572 9 0 0 0 0 0 0 0 0 0 0 0 
573 9 0 0 0 0 0 0 0 0 0 0 0 
574 9 0 0 0 0 0 0 0 0 0 0 0 
575 9 0 0 0 0 0 0 0 0 0 0 0 
576 9 0 0 0 0 0 0 0 0 0 0 0 
577 9 0 0 0 0 0 0 0 0 0 0 0 
578 9 0 0 0 0 0 0 0 0 0 0 0 
579 9 0 0 0 0 0 0 0 0 0 0 0 
580 9 0 0 0 0 0 0 0 0 0 0 0 
581 9 0 0 0 0 0 0 0 0 0 0 0 
582 9 0 0 0 0 0 0 0 0 0 0 0 
583 9 0 0 0 0 0 0 0 0 0 0 0 
584 9 0 0 0 0 0 0 0 0 0 0 0 
585 9 0 0 0 0 0 0 0 0 0 0 0 
586 9 0 0 0 0 0 0 0 0 0 0 0 
587 9 0 0 0 0 0 0 0 0 0 0 0 
588 9 0 0 0 0 0 0 0 0 0 0 0 
589 9 0 0 0 0 0 0 0 0 0 0 0 
590 9 0 0 0 0 0 0 0 0 0 0 0 
591 9 0 0 0 0 0 0 0 0 0 0 0 
592 9 0 0 0 0 0 0 0 0 0 0 0 
593 9 0 0 0 0 0 0 0 0 0 0 0 
594 9 0 0 0 0 0 0 0 0 0 0 0 
595 9 0 0 0 0 0 0 0 0 0 0 0 
596 9 0 0 0 0 0 0 0 0 0 0 0 
597 9 0 0 0 0 0 0 0 0 0 0 0 
598 9 0 0 0 0 0 0 0 0 0 0 0 
599 9 0 0 0 0 0 0 0 0 0 0 0 
600 9 0 0 0 0 0 0 0 0 0 0 0 
601 9 0 0 0 0 0 0 0 0 0 0 0 
602 9 0 0 0 0 0 0 0 0 0 0 0 
603 9 0 0 0 0 0 0 0 0 0 0 0 
604 9 0 0 0 0 0 0 0 0 0 0 0 
605 9 0 0 0 0 0 0 0 0 0 0 0 
606 9 0 0 0 0 0 0 0 0 0 0 0 
607 9 0 0 0 0 0 0 0 0 0 0 0 
608 9 0 0 0 0 0 0 0 0 0 0 0 
609 9 0 0 0 0 0 0 0 0 0 0 0 
610 9 0 0 0 0 0 0 0 0 0 0 0 
611 9 0 0 0 0 0 0 0 0 0 0 0 
612 9 0 0 0 0 0 0 0 0 0 0 0 
613 9 0 0 0 0 0 0 0 0 0 0 0 
614 9 0 0 0 0 0 0 0 0 0 0 0 
615 9 0 0 0 0 0 0 0 0 0 0 0 
616 9 0 0 0 0 0 0 0 0 0 0 0 
617 9 0 0 0 0 0 0 0 0 0 0 0 
618 9 0 0 0 0 0 0 0 0 0 0 0 
619 9 0 0 0 0 0 0 0 0 0 0 0 
620 9 0 0 0 0 0 0 0 0 0 0 0 
621 9 0 0 0 0 0 0 0 0 0 0 0 
622 9 0 0 0 0 0 0 0 0 0 0 0 
623 9 0 0 0 0 0 0 0 0 0 0 0 
624 9 0 0 0 0 0 0 0 0 0 0 0 
625 9 0 0 0 0 0 0 0 0 0 0 0 
626 9 0 0 0 0 0 0 0 0 0 0 0 
627 9 0 0 0 0 0 0 0 0 0 0 0 
628 9 0 0 0 0 0 0 0 0 0 0 0 
629 9 0 0 0 0 0 0 0 0 0 0 0 
630 9 0 0 0 0 0 0 0 0 0 0 0 
631 9 0 0 0 0 0 0 0 0 0 0 0 
632 9 0 0 0 0 0 0 0 0 0 0 0 
633 9 0 0 0 0 0 0 0 0 0 0 0 
634 9 0 0 0 0 0 0 0 0 0 0 0 
635 9 0 0 0 0 0 0 0 0 0 0 0 
636 9 0 0 0 0 0 0 0 0 0 0 0 
637 9 0 0 0 0 0 0 0 0 0 0 0 
638 9 0 0 0 0 0 0 0 0 0 0 0 
639 9 0 0 0 0 0 0 0 0 0 0 0 
640 9 0 0 0 0 0 0 0 0 0 0 0 
641 9 0 0 0 0 0 0 0 0 0 0 0 
642 9 0 0 0 0 0 0 0 0 0 0 0 
643 9 0 0 0 0 0 0 0 0 0 0 0 
644 9 0 0 0 0 0 0 0 0 0 0 0 
645 9 0 0 0 0 0 0 0 0 0 0 0 
646 9 0 0 0 0 0 0 0 0 0 0 0 
647 9 0 0 0 0 0 0 0 0 0 0 0 
648 9 0 0 0 0 0 0 0 0 0 0 0 
649 9 0 0 0 0 0 0 0 0 0 0 0 
650 9 0 0 0 0 0 0 0 0 0 0 0 
651 9 0 0 0 0 0 0 0 0 0 0 0 
652 9 0 0 0 0 0 0 0 0 0 0 0 
653 9 0 0 0 0 0 0 0 0 0 0 0 
654 9 0 0 0 0 0 0 0 0 0 0 0 
655 9 0 0 0 0 0 0 0 0 0 0 0 
656 9 0 0 0 0 0 0 0 0 0 0 0 
657 9 0 0 0 0 0 0 0 0 0 0 0 
658 9 0 0 0 0 0 0 0 0 0 0 0 
659 9 -1 22 18 0 0 10 29 0 0 2 -6 
660 9 -1 40 25 0 0 22 30 0 0 0 22 
661 9 14 0 0 0 0 0 0 0 0 0 0 
662 9 15 0 0 0 0 0 0 0 0 0 0 
663 9 16 0 0 0 0 0 0 0 0 0 0 
664 9 17 0 0 0 0 0 0 0 0 0 0 
665 9 -1 10 5 19 17 30 34 15 9 32 -9515 
666 9 -1 41 36 0 0 16 25 0 0 17 -4 
667 9 0 0 0 0 0 0 0 0 0 0 0 
668 9 0 0 0 0 0 0 0 0 0 0 0 
669 9 0 0 0 0 0 0 0 0 0 0 0 
670 9 0 0 0 0 0 0 0 0 0 0 0 
671 9 0 0 0 0 0 0 0 0 0 0 0 
672 9 0 0 0 0 0 0 0 0 0 0 0 
673 9 0 0 0 0 0 0 0 0 0 0 0 
674 9 0 0 0 0 0 0 0 0 0 0 0 
675 9 0 0 0 0 0 0 0 0 0 0 0 
676 9 0 0 0 0 0 0 0 0 0 0 0 
677 9 0 0 0 0 0 0 0 0 0 0 0 
678 9 0 0 0 0 0 0 0 0 0 0 0 
679 9 0 0 0 0 0 0 0 0 0 0 0 
680 9 0 0 0 0 0 0 0 0 0 0 0 
681 9 0 0 0 0 0 0 0 0 0 0 0 
682 9 0 0 0 0 0 0 0 0 0 0 0 
683 9 0 0 0 0 0 0 0 0 0 0 0 
684 9 0 0 0 0 0 0 0 0 0 0 0 
685 9 0 0 0 0 0 0 0 0 0 0 0 
686 9 0 0 0 0 0 0 0 0 0 0 0 
687 9 0 0 0 0 0 0 0 0 0 0 0 
688 9 0 0 0 0 0 0 0 0 0 0 0 
689 9 0 0 0 0 0 0 0 0 0 0 0 
690 9 0 0 0 0 0 0 0 0 0 0 0 
691 9 0 0 0 0 0 0 0 0 0 0 0 
692 9 0 0 0 0 0 0 0 0 0 0 0 
693 9 0 0 0 0 0 0 0 0 0 0 0 
694 9 0 0 0 0 0 0 0 0 0 0 0 
695 9 0 0 0 0 0 0 0 0 0 0 0 
696 9 0 0 0 0 0 0 0 0 0 0 0 
697 9 0 0 0 0 0 0 0 0 0 0 0 
698 9 0 0 0 0 0 0 0 0 0 0 0 
699 9 0 0 0 0 0 0 0 0 0 0 0 
700 9 0 0 0 0 0 0 0 0 0 0 0 
701 9 0 0 0 0 0 0 0 0 0 0 0 
702 9 0 0 0 0 0 0 0 0 0 0 0 
703 9 0 0 0 0 0 0 0 0 0 0 0 
704 9 0 0 0 0 0 0 0 0 0 0 0 
705 9 0 0 0 0 0 0 0 0 0 0 0 
706 9 0 0 0 0 0 0 0 0 0 0 0 
707 9 0 0 0 0 0 0 0 0 0 0 0 
708 9 0 0 0 0 0 0 0 0 0 0 0 
709 9 0 0 0 0 0 0 0 0 0 0 0 
710 9 0 0 0 0 0 0 0 0 0 0 0 
711 9 0 0 0 0 0 0 0 0 0 0 0 
712 9 0 0 0 0 0 0 0 0 0 0 0 
713 9 0 0 0 0 0 0 0 0 0 0 0 
714 9 0 0 0 0 0 0 0 0 0 0 0 
715 9 0 0 0 0 0 0 0 0 0 0 0 
716 9 0 0 0 0 0 0 0 0 0 0 0 
717 9 0 0 0 0 0 0 0 0 0 0 0 
718 9 0 0 0 0 0 0 0 0 0 0 0 
719 9 0 0 0 0 0 0 0 0 0 0 0 
720 9 0 0 0 0 0 0 0 0 0 0 0 
721 9 0 0 0 0 0 0 0 0 0 0 0 
722 9 0 0 0 0 0 0 0 0 0 0 0 
723 9 0 0 0 0 0 0 0 0 0 0 0 
724 9 0 0 0 0 0 0 0 0 0 0 0 
725 9 0 0 0 0 0 0 0 0 0 0 0 
726 9 0 0 0 0 0 0 0 0 0 0 0 
727 9 0 0 0 0 0 0 0 0 0 0 0 
728 9 0 0 0 0 0 0 0 0 0 0 0 
729 9 0 0 0 0 0 0 0 0 0 0 0 
730 9 0 0 0 0 0 0 0 0 0 0 0 
731 9 0 0 0 0 0 0 0 0 0 0 0 
732 9 0 0 0 0 0 0 0 0 0 0 0 
733 9 0 0 0 0 0 0 0 0 0 0 0 
734 9 0 0 0 0 0 0 0 0 0 0 0 
735 9 0 0 0 0 0 0 0 0 0 0 0 
736 9 0 0 0 0 0 0 0 0 0 0 0 
737 9 0 0 0 0 0 0 0 0 0 0 0 
738 9 0 0 0 0 0 0 0 0 0 0 0 
739 9 0 0 0 0 0 0 0 0 0 0 0 
740 9 0 0 0 0 0 0 0 0 0 0 0 
741 9 0 0 0 0 0 0 0 0 0 0 0 
742 9 0 0 0 0 0 0 0 0 0 0 0 
743 9 0 0 0 0 0 0 0 0 0 0 0 
744 9 0 0 0 0 0 0 0 0 0 0 0 
745 9 0 0 0 0 0 0 0 0 0 0 0 
746 9 0 0 0 0 0 0 0 0 0 0 0 
747 9 0 0 0 0 0 0 0 0 0 0 0 
748 9 0 0 0 0 0 0 0 0 0 0 0 
749 9 0 0 0 0 0 0 0 0 0 0 0 
750 9 0 0 0 0 0 0 0 0 0 0 0 
751 9 0 0 0 0 0 0 0 0 0 0 0 
752 9 0 0 0 0 0 0 0 0 0 0 0 
753 9 0 0 0 0 0 0 0 0 0 0 0 
754 9 0 0 0 0 0 0 0 0 0 0 0 
755 9 0 0 0 0 0 0 0 0 0 0 0 
756 9 0 0 0 0 0 0 0 0 0 0 0 
757 9 0 0 0 0 0 0 0 0 0 0 0 
758 9 0 0 0 0 0 0 0 0 0 0 0 
759 9 0 0 0 0 0 0 0 0 0 0 0 
760 9 0 0 0 0 0 0 0 0 0 0 0 
761 9 0 0 0 0 0 0 0 0 0 0 0 
762 9 0 0 0 0 0 0 0 0 0 0 0 
763 9 0 0 0 0 0 0 0 0 0 0 0 
764 9 0 0 0 0 0 0 0 0 0 0 0 
765 9 30 0 0 0 0 0 0 0 0 0 0 
766 9 31 0 0 0 0 0 0 0 0 0 0 
767 9 0 0 0 0 0 0 0 0 0 0 0 
768 9 0 0 0 0 0 0 0 0 0 0 0 
769 9 0 0 0 0 0 0 0 0 0 0 0 
770 9 0 0 0 0 0 0 0 0 0 0 0 
771 9 0 0 0 0 0 0 0 0 0 0 0 
772 9 0 0 0 0 0 0 0 0 0 0 0 
773 9 0 0 0 0 0 0 0 0 0 0 0 
774 9 0 0 0 0 0 0 0 0 0 0 0 
775 9 0 0 0 0 0 0 0 0 0 0 0 
776 9 0 0 0 0 0 0 0 0 0 0 0 
777 9 0 0 0 0 0 0 0 0 0 0 0 
778 9 0 0 0 0 0 0 0 0 0 0 0 
779 9 0 0 0 0 0 0 0 0 0 0 0 
780 9 0 0 0 0 0 0 0 0 0 0 0 
781 9 0 0 0 0 0 0 0 0 0 0 0 
782 9 0 0 0 0 0 0 0 0 0 0 0 
783 9 0 0 0 0 0 0 0 0 0 0 0 
784 9 0 0 0 0 0 0 0 0 0 0 0 
785 9 0 0 0 0 0 0 0 0 0 0 0 
786 9 0 0 0 0 0 0 0 0 0 0 0 
787 9 0 0 0 0 0 0 0 0 0 0 0 
788 9 0 0 0 0 0 0 0 0 0 0 0 
789 9 0 0 0 0 0 0 0 0 0 0 0 
790 9 0 0 0 0 0 0 0 0 0 0 0 
791 9 0 0 0 0 0 0 0 0 0 0 0 
792 9 0 0 0 0 0 0 0 0 0 0 0 
793 9 0 0 0 0 0 0 0 0 0 0 0 
794 9 0 0 0 0 0 0 0 0 0 0 0 
795 9 0 0 0 0 0 0 0 0 0 0 0 
796 9 0 0 0 0 0 0 0 0 0 0 0 
797 9 0 0 0 0 0 0 0 0 0 0 0 
798 9 0 0 0 0 0 0 0 0 0 0 0 
799 9 0 0 0 0 0 0 0 0 0 0 0 
800 9 0 0 0 0 0 0 0 0 0 0 0 
801 9 0 0 0 0 0 0 0 0 0 0 0 
802 9 0 0 0 0 0 0 0 0 0 0 0 
803 9 0 0 0 0 0 0 0 0 0 0 0 
804 9 0 0 0 0 0 0 0 0 0 0 0 
805 9 0 0 0 0 0 0 0 0 0 0 0 
806 9 0 0 0 0 0 0 0 0 0 0 0 
807 9 0 0 0 0 0 0 0 0 0 0 0 
808 9 0 0 0 0 0 0 0 0 0 0 0 
809 9 0 0 0 0 0 0 0 0 0 0 0 
810 9 0 0 0 0 0 0 0 0 0 0 0 
811 9 0 0 0 0 0 0 0 0 0 0 0 
812 9 0 0 0 0 0 0 0 0 0 0 0 
813 9 0 0 0 0 0 0 0 0 0 0 0 
814 9 0 0 0 0 0 0 0 0 0 0 0 
815 9 0 0 0 0 0 0 0 0 0 0 0 
816 9 0 0 0 0 0 0 0 0 0 0 0 
817 9 0 0 0 0 0 0 0 0 0 0 0 
818 9 0 0 0 0 0 0 0 0 0 0 0 
819 9 0 0 0 0 0 0 0 0 0 0 0 
820 9 0 0 0 0 0 0 0 0 0 0 0 
821 9 0 0 0 0 0 0 0 0 0 0 0 
822 9 0 0 0 0 0 0 0 0 0 0 0 
823 9 0 0 0 0 0 0 0 0 0 0 0 
824 9 0 0 0 0 0 0 0 0 0 0 0 
825 9 0 0 0 0 0 0 0 0 0 0 0 
826 9 0 0 0 0 0 0 0 0 0 0 0 
827 9 0 0 0 0 0 0 0 0 0 0 0 
828 9 0 0 0 0 0 0 0 0 0 0 0 
829 9 0 0 0 0 0 0 0 0 0 0 0 
830 9 0 0 0 0 0 0 0 0 0 0 0 
831 9 0 0 0 0 0 0 0 0 0 0 0 
832 9 0 0 0 0 0 0 0 0 0 0 0 
833 9 0 0 0 0 0 0 0 0 0 0 0 
834 9 0 0 0 0 0 0 0 0 0 0 0 
835 9 0 0 0 0 0 0 0 0 0 0 0 
836 9 0 0 0 0 0 0 0 0 0 0 0 
837 9 0 0 0 0 0 0 0 0 0 0 0 
838 9 0 0 0 0 0 0 0 0 0 0 0 
839 9 37 0 0 0 0 0 0 0 0 0 0 
840 9 38 0 0 0 0 0 0 0 0 0 0 
841 9 -1 30 40 0 0 16 4 0 0 1 -5 
842 9 41 0 0 0 0 0 0 0 0 0 0 
843 9 0 0 0 0 0 0 0 0 0 0 0 
844 9 0 0 0 0 0 0 0 0 0 0 0 
845 9 0 0 0 0 0 0 0 0 0 0 0 
846 9 0 0 0 0 0 0 0 0 0 0 0 
847 9 0 0 0 0 0 0 0 0 0 0 0 
848 9 0 0 0 0 0 0 0 0 0 0 0 
849 9 0 0 0 0 0 0 0 0 0 0 0 
850 9 0 0 0 0 0 0 0 0 0 0 0 
851 9 0 0 0 0 0 0 0 0 0 0 0 
852 9 0 0 0 0 0 0 0 0 0 0 0 
853 9 0 0 0 0 0 0 0 0 0 0 0 
854 9 0 0 0 0 0 0 0 0 0 0 0 
855 9 0 0 0 0 0 0 0 0 0 0 0 
856 9 0 0 0 0 0 0 0 0 0 0 0 
857 9 0 0 0 0 0 0 0 0 0 0 0 
858 9 0 0 0 0 0 0 0 0 0 0 0 
859 9 45 0 0 0 0 0 0 0 0 0 0 
860 9 -1 0 19 0 0 27 34 0 0 16 -79 
861 9 -1 1 22 0 0 0 3 0 0 17 9 
862 9 -1 13 20 0 0 39 42 0 0 9 -33 
863 9 0 0 0 0 0 0 0 0 0 0 0 
864 9 0 0 0 0 0 0 0 0 0 0 0 
865 9 0 0 0 0 0 0 0 0 0 0 0 
866 9 0 0 0 0 0 0 0 0 0 0 0 
867 9 0 0 0 0 0 0 0 0 0 0 0 
868 9 0 0 0 0 0 0 0 0 0 0 0 
869 9 0 0 0 0 0 0 0 0 0 0 0 
870 9 0 0 0 0 0 0 0 0 0 0 0 
871 9 0 0 0 0 0 0 0 0 0 0 0 
872 9 0 0 0 0 0 0 0 0 0 0 0 
873 9 0 0 0 0 0 0 0 0 0 0 0 
874 9 0 0 0 0 0 0 0 0 0 0 0 
875 9 0 0 0 0 0 0 0 0 0 0 0 
876 9 0 0 0 0 0 0 0 0 0 0 0 
877 9 0 0 0 0 0 0 0 0 0 0 0 
878 9 0 0 0 0 0 0 0 0 0 0 0 
879 9 0 0 0 0 0 0 0 0 0 0 0 
880 9 0 0 0 0 0 0 0 0 0 0 0 
881 9 0 0 0 0 0 0 0 0 0 0 0 
882 9 0 0 0 0 0 0 0 0 0 0 0 
883 9 0 0 0 0 0 0 0 0 0 0 0 
884 9 0 0 0 0 0 0 0 0 0 0 0 
885 9 0 0 0 0 0 0 0 0 0 0 0 
886 9 0 0 0 0 0 0 0 0 0 0 0 
887 9 0 0 0 0 0 0 0 0 0 0 0 
888 9 0 0 0 0 0 0 0 0 0 0 0 
889 9 0 0 0 0 0 0 0 0 0 0 0 
890 9 0 0 0 0 0 0 0 0 0 0 0 
891 9 0 0 0 0 0 0 0 0 0 0 0 
892 9 0 0 0 0 0 0 0 0 0 0 0 
893 9 0 0 0 0 0 0 0 0 0 0 0 
894 9 0 0 0 0 0 0 0 0 0 0 0 
895 9 0 0 0 0 0 0 0 0 0 0 0 
896 9 0 0 0 0 0 0 0 0 0 0 0 
897 9 60 0 0 0 0 0 0 0 0 0 0 
898 9 61 0 0 0 0 0 0 0 0 0 0 
899 9 0 0 0 0 0 0 0 0 0 0 0 
900 9 0 0 0 0 0 0 0 0 0 0 0 
901 9 0 0 0 0 0 0 0 0 0 0 0 
902 9 0 0 0 0 0 0 0 0 0 0 0 
903 9 0 0 0 0 0 0 0 0 0 0 0 
904 9 0 0 0 0 0 0 0 0 0 0 0 
905 9 0 0 0 0 0 0 0 0 0 0 0 
906 9 0 0 0 0 0 0 0 0 0 0 0 
907 9 0 0 0 0 0 0 0 0 0 0 0 
908 9 0 0 0 0 0 0 0 0 0 0 0 
909 9 0 0 0 0 0 0 0 0 0 0 0 
910 9 0 0 0 0 0 0 0 0 0 0 0 
911 9 0 0 0 0 0 0 0 0 0 0 0 
912 9 0 0 0 0 0 0 0 0 0 0 0 
913 9 0 0 0 0 0 0 0 0 0 0 0 
914 9 0 0 0 0 0 0 0 0 0 0 0 
915 9 0 0 0 0 0 0 0 0 0 0 0 
916 9 0 0 0 0 0 0 0 0 0 0 0 
917 9 0 0 0 0 0 0 0 0 0 0 0 
918 9 0 0 0 0 0 0 0 0 0 0 0 
919 9 0 0 0 0 0 0 0 0 0 0 0 
920 9 0 0 0 0 0 0 0 0 0 0 0 
921 9 0 0 0 0 0 0 0 0 0 0 0 
922 9 0 0 0 0 0 0 0 0 0 0 0 
923 9 0 0 0 0 0 0 0 0 0 0 0 
924 9 0 0 0 0 0 0 0 0 0 0 0 
925 9 0 0 0 0 0 0 0 0 0 0 0 
926 9 0 0 0 0 0 0 0 0 0 0 0 
927 9 0 0 0 0 0 0 0 0 0 0 0 
928 9 0 0 0 0 0 0 0 0 0 0 0 
929 9 0 0 0 0 0 0 0 0 0 0 0 
930 9 0 0 0 0 0 0 0 0 0 0 0 
931 9 0 0 0 0 0 0 0 0 0 0 0 
932 9 0 0 0 0 0 0 0 0 0 0 0 
933 9 0 0 0 0 0 0 0 0 0 0 0 
934 9 0 0 0 0 0 0 0 0 0 0 0 
935 9 0 0 0 0 0 0 0 0 0 0 0 
936 9 0 0 0 0 0 0 0 0 0 0 0 
937 9 0 0 0 0 0 0 0 0 0 0 0 
938 9 0 0 0 0 0 0 0 0 0 0 0 
939 9 0 0 0 0 0 0 0 0 0 0 0 
940 9 0 0 0 0 0 0 0 0 0 0 0 
941 9 0 0 0 0 0 0 0 0 0 0 0 
942 9 0 0 0 0 0 0 0 0 0 0 0 
943 9 0 0 0 0 0 0 0 0 0 0 0 
944 9 0 0 0 0 0 0 0 0 0 0 0 
945 9 0 0 0 0 0 0 0 0 0 0 0 
946 9 0 0 0 0 0 0 0 0 0 0 0 
947 9 0 0 0 0 0 0 0 0 0 0 0 
948 9 0 0 0 0 0 0 0 0 0 0 0 
949 9 0 0 0 0 0 0 0 0 0 0 0 
950 9 0 0 0 0 0 0 0 0 0 0 0 
951 9 0 0 0 0 0 0 0 0 0 0 0 
952 9 0 0 0 0 0 0 0 0 0 0 0 
953 9 0 0 0 0 0 0 0 0 0 0 0 
954 9 0 0 0 0 0 0 0 0 0 0 0 
955 9 0 0 0 0 0 0 0 0 0 0 0 
956 9 0 0 0 0 0 0 0 0 0 0 0 
957 9 0 0 0 0 0 0 0 0 0 0 0 
958 9 0 0 0 0 0 0 0 0 0 0 0 
959 9 -1 12 34 0 0 23 40 0 0 16 2 
960 9 74 0 0 0 0 0 0 0 0 0 0 
961 9 75 0 0 0 0 0 0 0 0 0 0 
962 9 -1 16 5 20 11 40 38 7 3 32 8197 
963 9 -1 11 3 15 19 42 35 5 10 32 2176 
964 9 -1 11 19 0 0 37 44 0 0 5 28 
965 9 -1 44 22 0 0 0 22 0 0 18 -16 
966 9 -1 4 21 20 17 35 44 10 1 32 13114 
967 9 86 0 0 0 0 0 0 0 0 0 0 
968 9 87 0 0 0 0 0 0 0 0 0 0 
969 9 88 0 0 0 0 0 0 0 0 0 0 
970 9 89 0 0 0 0 0 0 0 0 0 0 
971 9 0 0 0 0 0 0 0 0 0 0 0 
972 9 0 0 0 0 0 0 0 0 0 0 0 
973 9 -1 44 1 0 0 39 30 0 0 0 31 
974 9 -1 9 8 8 1 41 29 2 18 32 -895 
975 9 0 0 0 0 0 0 0 0 0 0 0 
976 9 0 0 0 0 0 0 0 0 0 0 0 
977 9 0 0 0 0 0 0 0 0 0 0 0 
978 9 0 0 0 0 0 0 0 0 0 0 0 
979 9 0 0 0 0 0 0 0 0 0 0 0 
980 9 0 0 0 0 0 0 0 0 0 0 0 
981 9 0 0 0 0 0 0 0 0 0 0 0 
982 9 0 0 0 0 0 0 0 0 0 0 0 
983 9 97 0 0 0 0 0 0 0 0 0 0 
984 9 98 0 0 0 0 0 0 0 0 0 0 
985 9 -1 23 25 0 0 17 26 0 0 8 -78 
986 9 -1 27 33 0 0 3 24 0 0 2 -18 
987 9 0 0 0 0 0 0 0 0 0 0 0 
988 9 0 0 0 0 0 0 0 0 0 0 0 
989 9 0 0 0 0 0 0 0 0 0 0 0 
990 9 0 0 0 0 0 0 0 0 0 0 0 
991 9 0 0 0 0 0 0 0 0 0 0 0 
992 9 0 0 0 0 0 0 0 0 0 0 0 
993 9 0 0 0 0 0 0 0 0 0 0 0 
994 9 0 0 0 0 0 0 0 0 0 0 0 
995 9 0 0 0 0 0 0 0 0 0 0 0 
996 9 0 0 0 0 0 0 0 0 0 0 0 
997 9 0 0 0 0 0 0 0 0 0 0 0 
998 9 0 0 0 0 0 0 0 0 0 0 0 
999 9 0 0 0 0 0 0 0 0 0 0 0 
1000 9 0 0 0 0 0 0 0 0 0 0 0 
1001 9 0 0 0 0 0 0 0 0 0 0 0 
1002 9 0 0 0 0 0 0 0 0 0 0 0 
1003 9 0 0 0 0 0 0 0 0 0 0 0 
1004 9 0 0 0 0 0 0 0 0 0 0 0 
1005 9 0 0 0 0 0 0 0 0 0 0 0 
1006 9 0 0 0 0 0 0 0 0 0 0 0 
1007 9 0 0 0 0 0 0 0 0 0 0 0 
1008 9 0 0 0 0 0 0 0 0 0 0 0 
1009 9 0 0 0 0 0 0 0 0 0 0 0 
1010 9 0 0 0 0 0 0 0 0 0 0 0 
1011 9 0 0 0 0 0 0 0 0 0 0 0 
1012 9 0 0 0 0 0 0 0 0 0 0 0 
1013 9 0 0 0 0 0 0 0 0 0 0 0 
1014 9 0 0 0 0 0 0 0 0 0 0 0 
1015 9 0 0 0 0 0 0 0 0 0 0 0 
1016 9 0 0 0 0 0 0 0 0 0 0 0 
1017 9 0 0 0 0 0 0 0 0 0 0 0 
1018 9 0 0 0 0 0 0 0 0 0 0 0 
1019 9 0 0 0 0 0 0 0 0 0 0 0 
1020 9 0 0 0 0 0 0 0 0 0 0 0 
1021 9 0 0 0 0 0 0 0 0 0 0 0 
1022 9 0 0 0 0 0 0 0 0 0 0 0 
1023 10 0 0 0 0 0 0 0 0 0 0 0 
1024 10 0 0 0 0 0 0 0 0 0 0 0 
1025 10 0 0 0 0 0 0 0 0 0 0 0 
1026 10 0 0 0 0 0 0 0 0 0 0 0 
1027 10 0 0 0 0 0 0 0 0 0 0 0 
1028 10 0 0 0 0 0 0 0 0 0 0 0 
1029 10 0 0 0 0 0 0 0 0 0 0 0 
1030 10 0 0 0 0 0 0 0 0 0 0 0 
1031 10 0 0 0 0 0 0 0 0 0 0 0 
1032 10 0 0 0 0 0 0 0 0 0 0 0 
1033 10 0 0 0 0 0 0 0 0 0 0 0 
1034 10 0 0 0 0 0 0 0 0 0 0 0 
1035 10 0 0 0 0 0 0 0 0 0 0 0 
1036 10 0 0 0 0 0 0 0 0 0 0 0 
1037 10 0 0 0 0 0 0 0 0 0 0 0 
1038 10 0 0 0 0 0 0 0 0 0 0 0 
1039 10 0 0 0 0 0 0 0 0 0 0 0 
1040 10 0 0 0 0 0 0 0 0 0 0 0 
1041 10 0 0 0 0 0 0 0 0 0 0 0 
1042 10 0 0 0 0 0 0 0 0 0 0 0 
1043 10 0 0 0 0 0 0 0 0 0 0 0 
1044 10 0 0 0 0 0 0 0 0 0 0 0 
1045 10 0 0 0 0 0 0 0 0 0 0 0 
1046 10 0 0 0 0 0 0 0 0 0 0 0 
1047 10 0 0 0 0 0 0 0 0 0 0 0 
1048 10 0 0 0 0 0 0 0 0 0 0 0 
1049 10 0 0 0 0 0 0 0 0 0 0 0 
1050 10 0 0 0 0 0 0 0 0 0 0 0 
1051 10 0 0 0 0 0 0 0 0 0 0 0 
1052 10 0 0 0 0 0 0 0 0 0 0 0 
1053 10 0 0 0 0 0 0 0 0 0 0 0 
1054 10 0 0 0 0 0 0 0 0 0 0 0 
1055 10 0 0 0 0 0 0 0 0 0 0 0 
1056 10 0 0 0 0 0 0 0 0 0 0 0 
1057 10 0 0 0 0 0 0 0 0 0 0 0 
1058 10 0 0 0 0 0 0 0 0 0 0 0 
1059 10 0 0 0 0 0 0 0 0 0 0 0 
1060 10 0 0 0 0 0 0 0 0 0 0 0 
1061 10 0 0 0 0 0 0 0 0 0 0 0 
1062 10 0 0 0 0 0 0 0 0 0 0 0 
1063 10 0 0 0 0 0 0 0 0 0 0 0 
1064 10 0 0 0 0 0 0 0 0 0 0 0 
1065 10 0 0 0 0 0 0 0 0 0 0 0 
1066 10 0 0 0 0 0 0 0 0 0 0 0 
1067 10 0 0 0 0 0 0 0 0 0 0 0 
1068 10 0 0 0 0 0 0 0 0 0 0 0 
1069 10 0 0 0 0 0 0 0 0 0 0 0 
1070 10 0 0 0 0 0 0 0 0 0 0 0 
1071 10 0 0 0 0 0 0 0 0 0 0 0 
1072 10 0 0 0 0 0 0 0 0 0 0 0 
1073 10 0 0 0 0 0 0 0 0 0 0 0 
1074 10 0 0 0 0 0 0 0 0 0 0 0 
1075 10 0 0 0 0 0 0 0 0 0 0 0 
1076 10 0 0 0 0 0 0 0 0 0 0 0 
1077 10 0 0 0 0 0 0 0 0 0 0 0 
1078 10 0 0 0 0 0 0 0 0 0 0 0 
1079 10 0 0 0 0 0 0 0 0 0 0 0 
1080 10 0 0 0 0 0 0 0 0 0 0 0 
1081 10 0 0 0 0 0 0 0 0 0 0 0 
1082 10 0 0 0 0 0 0 0 0 0 0 0 
1083 10 0 0 0 0 0 0 0 0 0 0 0 
1084 10 0 0 0 0 0 0 0 0 0 0 0 
1085 10 0 0 0 0 0 0 0 0 0 0 0 
1086 10 0 0 0 0 0 0 0 0 0 0 0 
1087 10 0 0 0 0 0 0 0 0 0 0 0 
1088 10 0 0 0 0 0 0 0 0 0 0 0 
1089 10 0 0 0 0 0 0 0 0 0 0 0 
1090 10 0 0 0 0 0 0 0 0 0 0 0 
1091 10 0 0 0 0 0 0 0 0 0 0 0 
1092 10 0 0 0 0 0 0 0 0 0 0 0 
1093 10 0 0 0 0 0 0 0 0 0 0 0 
1094 10 0 0 0 0 0 0 0 0 0 0 0 
1095 10 0 0 0 0 0 0 0 0 0 0 0 
1096 10 0 0 0 0 0 0 0 0 0 0 0 
1097 10 0 0 0 0 0 0 0 0 0 0 0 
1098 10 0 0 0 0 0 0 0 0 0 0 0 
1099 10 0 0 0 0 0 0 0 0 0 0 0 
1100 10 0 0 0 0 0 0 0 0 0 0 0 
1101 10 0 0 0 0 0 0 0 0 0 0 0 
1102 10 0 0 0 0 0 0 0 0 0 0 0 
1103 10 0 0 0 0 0 0 0 0 0 0 0 
1104 10 0 0 0 0 0 0 0 0 0 0 0 
1105 10 0 0 0 0 0 0 0 0 0 0 0 
1106 10 0 0 0 0 0 0 0 0 0 0 0 
1107 10 0 0 0 0 0 0 0 0 0 0 0 
1108 10 0 0 0 0 0 0 0 0 0 0 0 
1109 10 0 0 0 0 0 0 0 0 0 0 0 
1110 10 0 0 0 0 0 0 0 0 0 0 0 
1111 10 0 0 0 0 0 0 0 0 0 0 0 
1112 10 0 0 0 0 0 0 0 0 0 0 0 
1113 10 0 0 0 0 0 0 0 0 0 0 0 
1114 10 0 0 0 0 0 0 0 0 0 0 0 
1115 10 0 0 0 0 0 0 0 0 0 0 0 
1116 10 0 0 0 0 0 0 0 0 0 0 0 
1117 10 0 0 0 0 0 0 0 0 0 0 0 
1118 10 0 0 0 0 0 0 0 0 0 0 0 
1119 10 0 0 0 0 0 0 0 0 0 0 0 
1120 10 0 0 0 0 0 0 0 0 0 0 0 
1121 10 0 0 0 0 0 0 0 0 0 0 0 
1122 10 0 0 0 0 0 0 0 0 0 0 0 
1123 10 0 0 0 0 0 0 0 0 0 0 0 
1124 10 0 0 0 0 0 0 0 0 0 0 0 
1125 10 0 0 0 0 0 0 0 0 0 0 0 
1126 10 0 0 0 0 0 0 0 0 0 0 0 
1127 10 0 0 0 0 0 0 0 0 0 0 0 
1128 10 0 0 0 0 0 0 0 0 0 0 0 
1129 10 0 0 0 0 0 0 0 0 0 0 0 
1130 10 0 0 0 0 0 0 0 0 0 0 0 
1131 10 0 0 0 0 0 0 0 0 0 0 0 
1132 10 0 0 0 0 0 0 0 0 0 0 0 
1133 10 0 0 0 0 0 0 0 0 0 0 0 
1134 10 0 0 0 0 0 0 0 0 0 0 0 
1135 10 0 0 0 0 0 0 0 0 0 0 0 
1136 10 0 0 0 0 0 0 0 0 0 0 0 
1137 10 0 0 0 0 0 0 0 0 0 0 0 
1138 10 0 0 0 0 0 0 0 0 0 0 0 
1139 10 0 0 0 0 0 0 0 0 0 0 0 
1140 10 0 0 0 0 0 0 0 0 0 0 0 
1141 10 0 0 0 0 0 0 0 0 0 0 0 
1142 10 0 0 0 0 0 0 0 0 0 0 0 
1143 10 0 0 0 0 0 0 0 0 0 0 0 
1144 10 0 0 0 0 0 0 0 0 0 0 0 
1145 10 0 0 0 0 0 0 0 0 0 0 0 
1146 10 0 0 0 0 0 0 0 0 0 0 0 
1147 10 0 0 0 0 0 0 0 0 0 0 0 
1148 10 0 0 0 0 0 0 0 0 0 0 0 
1149 10 0 0 0 0 0 0 0 0 0 0 0 
1150 10 0 0 0 0 0 0 0 0 0 0 0 
1151 10 0 0 0 0 0 0 0 0 0 0 0 
1152 10 0 0 0 0 0 0 0 0 0 0 0 
1153 10 0 0 0 0 0 0 0 0 0 0 0 
1154 10 0 0 0 0 0 0 0 0 0 0 0 
1155 10 0 0 0 0 0 0 0 0 0 0 0 
1156 10 0 0 0 0 0 0 0 0 0 0 0 
1157 10 0 0 0 0 0 0 0 0 0 0 0 
1158 10 0 0 0 0 0 0 0 0 0 0 0 
1159 10 0 0 0 0 0 0 0 0 0 0 0 
1160 10 0 0 0 0 0 0 0 0 0 0 0 
1161 10 0 0 0 0 0 0 0 0 0 0 0 
1162 10 0 0 0 0 0 0 0 0 0 0 0 
1163 10 0 0 0 0 0 0 0 0 0 0 0 
1164 10 0 0 0 0 0 0 0 0 0 0 0 
1165 10 0 0 0 0 0 0 0 0 0 0 0 
1166 10 0 0 0 0 0 0 0 0 0 0 0 
1167 10 0 0 0 0 0 0 0 0 0 0 0 
1168 10 0 0 0 0 0 0 0 0 0 0 0 
1169 10 0 0 0 0 0 0 0 0 0 0 0 
1170 10 0 0 0 0 0 0 0 0 0 0 0 
1171 10 0 0 0 0 0 0 0 0 0 0 0 
1172 10 0 0 0 0 0 0 0 0 0 0 0 
1173 10 0 0 0 0 0 0 0 0 0 0 0 
1174 10 0 0 0 0 0 0 0 0 0 0 0 
1175 10 0 0 0 0 0 0 0 0 0 0 0 
1176 10 0 0 0 0 0 0 0 0 0 0 0 
1177 10 0 0 0 0 0 0 0 0 0 0 0 
1178 10 0 0 0 0 0 0 0 0 0 0 0 
1179 10 0 0 0 0 0 0 0 0 0 0 0 
1180 10 0 0 0 0 0 0 0 0 0 0 0 
1181 10 0 0 0 0 0 0 0 0 0 0 0 
1182 10 0 0 0 0 0 0 0 0 0 0 0 
1183 10 0 0 0 0 0 0 0 0 0 0 0 
1184 10 0 0 0 0 0 0 0 0 0 0 0 
1185 10 0 0 0 0 0 0 0 0 0 0 0 
1186 10 0 0 0 0 0 0 0 0 0 0 0 
1187 10 0 0 0 0 0 0 0 0 0 0 0 
1188 10 0 0 0 0 0 0 0 0 0 0 0 
1189 10 0 0 0 0 0 0 0 0 0 0 0 
1190 10 0 0 0 0 0 0 0 0 0 0 0 
1191 10 0 0 0 0 0 0 0 0 0 0 0 
1192 10 0 0 0 0 0 0 0 0 0 0 0 
1193 10 0 0 0 0 0 0 0 0 0 0 0 
1194 10 0 0 0 0 0 0 0 0 0 0 0 
1195 10 0 0 0 0 0 0 0 0 0 0 0 
1196 10 0 0 0 0 0 0 0 0 0 0 0 
1197 10 0 0 0 0 0 0 0 0 0 0 0 
1198 10 0 0 0 0 0 0 0 0 0 0 0 
1199 10 0 0 0 0 0 0 0 0 0 0 0 
1200 10 0 0 0 0 0 0 0 0 0 0 0 
1201 10 0 0 0 0 0 0 0 0 0 0 0 
1202 10 0 0 0 0 0 0 0 0 0 0 0 
1203 10 0 0 0 0 0 0 0 0 0 0 0 
1204 10 0 0 0 0 0 0 0 0 0 0 0 
1205 10 0 0 0 0 0 0 0 0 0 0 0 
1206 10 0 0 0 0 0 0 0 0 0 0 0 
1207 10 0 0 0 0 0 0 0 0 0 0 0 
1208 10 0 0 0 0 0 0 0 0 0 0 0 
1209 10 0 0 0 0 0 0 0 0 0 0 0 
1210 10 0 0 0 0 0 0 0 0 0 0 0 
1211 10 0 0 0 0 0 0 0 0 0 0 0 
1212 10 0 0 0 0 0 0 0 0 0 0 0 
1213 10 0 0 0 0 0 0 0 0 0 0 0 
1214 10 0 0 0 0 0 0 0 0 0 0 0 
1215 10 0 0 0 0 0 0 0 0 0 0 0 
1216 10 0 0 0 0 0 0 0 0 0 0 0 
1217 10 0 0 0 0 0 0 0 0 0 0 0 
1218 10 0 0 0 0 0 0 0 0 0 0 0 
1219 10 0 0 0 0 0 0 0 0 0 0 0 
1220 10 0 0 0 0 0 0 0 0 0 0 0 
1221 10 0 0 0 0 0 0 0 0 0 0 0 
1222 10 0 0 0 0 0 0 0 0 0 0 0 
1223 10 0 0 0 0 0 0 0 0 0 0 0 
1224 10 0 0 0 0 0 0 0 0 0 0 0 
1225 10 0 0 0 0 0 0 0 0 0 0 0 
1226 10 0 0 0 0 0 0 0 0 0 0 0 
1227 10 0 0 0 0 0 0 0 0 0 0 0 
1228 10 0 0 0 0 0 0 0 0 0 0 0 
1229 10 0 0 0 0 0 0 0 0 0 0 0 
1230 10 0 0 0 0 0 0 0 0 0 0 0 
1231 10 0 0 0 0 0 0 0 0 0 0 0 
1232 10 0 0 0 0 0 0 0 0 0 0 0 
1233 10 0 0 0 0 0 0 0 0 0 0 0 
1234 10 0 0 0 0 0 0 0 0 0 0 0 
1235 10 0 0 0 0 0 0 0 0 0 0 0 
1236 10 0 0 0 0 0 0 0 0 0 0 0 
1237 10 0 0 0 0 0 0 0 0 0 0 0 
1238 10 0 0 0 0 0 0 0 0 0 0 0 
1239 10 0 0 0 0 0 0 0 0 0 0 0 
1240 10 0 0 0 0 0 0 0 0 0 0 0 
1241 10 0 0 0 0 0 0 0 0 0 0 0 
1242 10 0 0 0 0 0 0 0 0 0 0 0 
1243 10 0 0 0 0 0 0 0 0 0 0 0 
1244 10 0 0 0 0 0 0 0 0 0 0 0 
1245 10 0 0 0 0 0 0 0 0 0 0 0 
1246 10 0 0 0 0 0 0 0 0 0 0 0 
1247 10 0 0 0 0 0 0 0 0 0 0 0 
1248 10 0 0 0 0 0 0 0 0 0 0 0 
1249 10 0 0 0 0 0 0 0 0 0 0 0 
1250 10 0 0 0 0 0 0 0 0 0 0 0 
1251 10 0 0 0 0 0 0 0 0 0 0 0 
1252 10 0 0 0 0 0 0 0 0 0 0 0 
1253 10 0 0 0 0 0 0 0 0 0 0 0 
1254 10 0 0 0 0 0 0 0 0 0 0 0 
1255 10 0 0 0 0 0 0 0 0 0 0 0 
1256 10 0 0 0 0 0 0 0 0 0 0 0 
1257 10 0 0 0 0 0 0 0 0 0 0 0 
1258 10 0 0 0 0 0 0 0 0 0 0 0 
1259 10 0 0 0 0 0 0 0 0 0 0 0 
1260 10 0 0 0 0 0 0 0 0 0 0 0 
1261 10 0 0 0 0 0 0 0 0 0 0 0 
1262 10 0 0 0 0 0 0 0 0 0 0 0 
1263 10 0 0 0 0 0 0 0 0 0 0 0 
1264 10 0 0 0 0 0 0 0 0 0 0 0 
1265 10 0 0 0 0 0 0 0 0 0 0 0 
1266 10 0 0 0 0 0 0 0 0 0 0 0 
1267 10 0 0 0 0 0 0 0 0 0 0 0 
1268 10 0 0 0 0 0 0 0 0 0 0 0 
1269 10 0 0 0 0 0 0 0 0 0 0 0 
1270 10 0 0 0 0 0 0 0 0 0 0 0 
1271 10 0 0 0 0 0 0 0 0 0 0 0 
1272 10 0 0 0 0 0 0 0 0 0 0 0 
1273 10 0 0 0 0 0 0 0 0 0 0 0 
1274 10 0 0 0 0 0 0 0 0 0 0 0 
1275 10 0 0 0 0 0 0 0 0 0 0 0 
1276 10 0 0 0 0 0 0 0 0 0 0 0 
1277 10 0 0 0 0 0 0 0 0 0 0 0 
1278 10 0 0 0 0 0 0 0 0 0 0 0 
1279 10 0 0 0 0 0 0 0 0 0 0 0 
1280 10 0 0 0 0 0 0 0 0 0 0 0 
1281 10 0 0 0 0 0 0 0 0 0 0 0 
1282 10 0 0 0 0 0 0 0 0 0 0 0 
1283 10 0 0 0 0 0 0 0 0 0 0 0 
1284 10 0 0 0 0 0 0 0 0 0 0 0 
1285 10 0 0 0 0 0 0 0 0 0 0 0 
1286 10 0 0 0 0 0 0 0 0 0 0 0 
1287 10 0 0 0 0 0 0 0 0 0 0 0 
1288 10 0 0 0 0 0 0 0 0 0 0 0 
1289 10 0 0 0 0 0 0 0 0 0 0 0 
1290 10 0 0 0 0 0 0 0 0 0 0 0 
1291 10 0 0 0 0 0 0 0 0 0 0 0 
1292 10 0 0 0 0 0 0 0 0 0 0 0 
1293 10 0 0 0 0 0 0 0 0 0 0 0 
1294 10 0 0 0 0 0 0 0 0 0 0 0 
1295 10 0 0 0 0 0 0 0 0 0 0 0 
1296 10 0 0 0 0 0 0 0 0 0 0 0 
1297 10 0 0 0 0 0 0 0 0 0 0 0 
1298 10 0 0 0 0 0 0 0 0 0 0 0 
1299 10 0 0 0 0 0 0 0 0 0 0 0 
1300 10 0 0 0 0 0 0 0 0 0 0 0 
1301 10 0 0 0 0 0 0 0 0 0 0 0 
1302 10 0 0 0 0 0 0 0 0 0 0 0 
1303 10 0 0 0 0 0 0 0 0 0 0 0 
1304 10 0 0 0 0 0 0 0 0 0 0 0 
1305 10 0 0 0 0 0 0 0 0 0 0 0 
1306 10 0 0 0 0 0 0 0 0 0 0 0 
1307 10 0 0 0 0 0 0 0 0 0 0 0 
1308 10 0 0 0 0 0 0 0 0 0 0 0 
1309 10 0 0 0 0 0 0 0 0 0 0 0 
1310 10 0 0 0 0 0 0 0 0 0 0 0 
1311 10 0 0 0 0 0 0 0 0 0 0 0 
1312 10 0 0 0 0 0 0 0 0 0 0 0 
1313 10 0 0 0 0 0 0 0 0 0 0 0 
1314 10 0 0 0 0 0 0 0 0 0 0 0 
1315 10 0 0 0 0 0 0 0 0 0 0 0 
1316 10 0 0 0 0 0 0 0 0 0 0 0 
1317 10 0 0 0 0 0 0 0 0 0 0 0 
1318 10 0 0 0 0 0 0 0 0 0 0 0 
1319 10 10 0 0 0 0 0 0 0 0 0 0 
1320 10 11 0 0 0 0 0 0 0 0 0 0 
1321 10 12 0 0 0 0 0 0 0 0 0 0 
1322 10 13 0 0 0 0 0 0 0 0 0 0 
1323 10 0 0 0 0 0 0 0 0 0 0 0 
1324 10 0 0 0 0 0 0 0 0 0 0 0 
1325 10 0 0 0 0 0 0 0 0 0 0 0 
1326 10 0 0 0 0 0 0 0 0 0 0 0 
1327 10 0 0 0 0 0 0 0 0 0 0 0 
1328 10 0 0 0 0 0 0 0 0 0 0 0 
1329 10 0 0 0 0 0 0 0 0 0 0 0 
1330 10 0 0 0 0 0 0 0 0 0 0 0 
1331 10 18 0 0 0 0 0 0 0 0 0 0 
1332 10 19 0 0 0 0 0 0 0 0 0 0 
1333 10 20 0 0 0 0 0 0 0 0 0 0 
1334 10 21 0 0 0 0 0 0 0 0 0 0 
1335 10 0 0 0 0 0 0 0 0 0 0 0 
1336 10 0 0 0 0 0 0 0 0 0 0 0 
1337 10 0 0 0 0 0 0 0 0 0 0 0 
1338 10 0 0 0 0 0 0 0 0 0 0 0 
1339 10 0 0 0 0 0 0 0 0 0 0 0 
1340 10 0 0 0 0 0 0 0 0 0 0 0 
1341 10 0 0 0 0 0 0 0 0 0 0 0 
1342 10 0 0 0 0 0 0 0 0 0 0 0 
1343 10 0 0 0 0 0 0 0 0 0 0 0 
1344 10 0 0 0 0 0 0 0 0 0 0 0 
1345 10 0 0 0 0 0 0 0 0 0 0 0 
1346 10 0 0 0 0 0 0 0 0 0 0 0 
1347 10 0 0 0 0 0 0 0 0 0 0 0 
1348 10 0 0 0 0 0 0 0 0 0 0 0 
1349 10 0 0 0 0 0 0 0 0 0 0 0 
1350 10 0 0 0 0 0 0 0 0 0 0 0 
1351 10 0 0 0 0 0 0 0 0 0 0 0 
1352 10 0 0 0 0 0 0 0 0 0 0 0 
1353 10 0 0 0 0 0 0 0 0 0 0 0 
1354 10 0 0 0 0 0 0 0 0 0 0 0 
1355 10 0 0 0 0 0 0 0 0 0 0 0 
1356 10 0 0 0 0 0 0 0 0 0 0 0 
1357 10 0 0 0 0 0 0 0 0 0 0 0 
1358 10 0 0 0 0 0 0 0 0 0 0 0 
1359 10 0 0 0 0 0 0 0 0 0 0 0 
1360 10 0 0 0 0 0 0 0 0 0 0 0 
1361 10 0 0 0 0 0 0 0 0 0 0 0 
1362 10 0 0 0 0 0 0 0 0 0 0 0 
1363 10 0 0 0 0 0 0 0 0 0 0 0 
1364 10 0 0 0 0 0 0 0 0 0 0 0 
1365 10 0 0 0 0 0 0 0 0 0 0 0 
1366 10 0 0 0 0 0 0 0 0 0 0 0 
1367 10 0 0 0 0 0 0 0 0 0 0 0 
1368 10 0 0 0 0 0 0 0 0 0 0 0 
1369 10 0 0 0 0 0 0 0 0 0 0 0 
1370 10 0 0 0 0 0 0 0 0 0 0 0 
1371 10 0 0 0 0 0 0 0 0 0 0 0 
1372 10 0 0 0 0 0 0 0 0 0 0 0 
1373 10 0 0 0 0 0 0 0 0 0 0 0 
1374 10 0 0 0 0 0 0 0 0 0 0 0 
1375 10 0 0 0 0 0 0 0 0 0 0 0 
1376 10 0 0 0 0 0 0 0 0 0 0 0 
1377 10 0 0 0 0 0 0 0 0 0 0 0 
1378 10 0 0 0 0 0 0 0 0 0 0 0 
1379 10 0 0 0 0 0 0 0 0 0 0 0 
1380 10 0 0 0 0 0 0 0 0 0 0 0 
1381 10 0 0 0 0 0 0 0 0 0 0 0 
1382 10 0 0 0 0 0 0 0 0 0 0 0 
1383 10 0 0 0 0 0 0 0 0 0 0 0 
1384 10 0 0 0 0 0 0 0 0 0 0 0 
1385 10 0 0 0 0 0 0 0 0 0 0 0 
1386 10 0 0 0 0 0 0 0 0 0 0 0 
1387 10 0 0 0 0 0 0 0 0 0 0 0 
1388 10 0 0 0 0 0 0 0 0 0 0 0 
1389 10 0 0 0 0 0 0 0 0 0 0 0 
1390 10 0 0 0 0 0 0 0 0 0 0 0 
1391 10 0 0 0 0 0 0 0 0 0 0 0 
1392 10 0 0 0 0 0 0 0 0 0 0 0 
1393 10 0 0 0 0 0 0 0 0 0 0 0 
1394 10 0 0 0 0 0 0 0 0 0 0 0 
1395 10 0 0 0 0 0 0 0 0 0 0 0 
1396 10 0 0 0 0 0 0 0 0 0 0 0 
1397 10 0 0 0 0 0 0 0 0 0 0 0 
1398 10 0 0 0 0 0 0 0 0 0 0 0 
1399 10 0 0 0 0 0 0 0 0 0 0 0 
1400 10 0 0 0 0 0 0 0 0 0 0 0 
1401 10 0 0 0 0 0 0 0 0 0 0 0 
1402 10 0 0 0 0 0 0 0 0 0 0 0 
1403 10 0 0 0 0 0 0 0 0 0 0 0 
1404 10 0 0 0 0 0 0 0 0 0 0 0 
1405 10 0 0 0 0 0 0 0 0 0 0 0 
1406 10 0 0 0 0 0 0 0 0 0 0 0 
1407 10 0 0 0 0 0 0 0 0 0 0 0 
1408 10 0 0 0 0 0 0 0 0 0 0 0 
1409 10 0 0 0 0 0 0 0 0 0 0 0 
1410 10 0 0 0 0 0 0 0 0 0 0 0 
1411 10 0 0 0 0 0 0 0 0 0 0 0 
1412 10 0 0 0 0 0 0 0 0 0 0 0 
1413 10 0 0 0 0 0 0 0 0 0 0 0 
1414 10 0 0 0 0 0 0 0 0 0 0 0 
1415 10 0 0 0 0 0 0 0 0 0 0 0 
1416 10 0 0 0 0 0 0 0 0 0 0 0 
1417 10 0 0 0 0 0 0 0 0 0 0 0 
1418 10 0 0 0 0 0 0 0 0 0 0 0 
1419 10 0 0 0 0 0 0 0 0 0 0 0 
1420 10 0 0 0 0 0 0 0 0 0 0 0 
1421 10 0 0 0 0 0 0 0 0 0 0 0 
1422 10 0 0 0 0 0 0 0 0 0 0 0 
1423 10 0 0 0 0 0 0 0 0 0 0 0 
1424 10 0 0 0 0 0 0 0 0 0 0 0 
1425 10 0 0 0 0 0 0 0 0 0 0 0 
1426 10 0 0 0 0 0 0 0 0 0 0 0 
1427 10 0 0 0 0 0 0 0 0 0 0 0 
1428 10 0 0 0 0 0 0 0 0 0 0 0 
1429 10 0 0 0 0 0 0 0 0 0 0 0 
1430 10 0 0 0 0 0 0 0 0 0 0 0 
1431 10 0 0 0 0 0 0 0 0 0 0 0 
1432 10 0 0 0 0 0 0 0 0 0 0 0 
1433 10 0 0 0 0 0 0 0 0 0 0 0 
1434 10 0 0 0 0 0 0 0 0 0 0 0 
1435 10 0 0 0 0 0 0 0 0 0 0 0 
1436 10 0 0 0 0 0 0 0 0 0 0 0 
1437 10 0 0 0 0 0 0 0 0 0 0 0 
1438 10 0 0 0 0 0 0 0 0 0 0 0 
1439 10 0 0 0 0 0 0 0 0 0 0 0 
1440 10 0 0 0 0 0 0 0 0 0 0 0 
1441 10 0 0 0 0 0 0 0 0 0 0 0 
1442 10 0 0 0 0 0 0 0 0 0 0 0 
1443 10 0 0 0 0 0 0 0 0 0 0 0 
1444 10 0 0 0 0 0 0 0 0 0 0 0 
1445 10 0 0 0 0 0 0 0 0 0 0 0 
1446 10 0 0 0 0 0 0 0 0 0 0 0 
1447 10 0 0 0 0 0 0 0 0 0 0 0 
1448 10 0 0 0 0 0 0 0 0 0 0 0 
1449 10 0 0 0 0 0 0 0 0 0 0 0 
1450 10 0 0 0 0 0 0 0 0 0 0 0 
1451 10 0 0 0 0 0 0 0 0 0 0 0 
1452 10 0 0 0 0 0 0 0 0 0 0 0 
1453 10 0 0 0 0 0 0 0 0 0 0 0 
1454 10 0 0 0 0 0 0 0 0 0 0 0 
1455 10 0 0 0 0 0 0 0 0 0 0 0 
1456 10 0 0 0 0 0 0 0 0 0 0 0 
1457 10 0 0 0 0 0 0 0 0 0 0 0 
1458 10 0 0 0 0 0 0 0 0 0 0 0 
1459 10 0 0 0 0 0 0 0 0 0 0 0 
1460 10 0 0 0 0 0 0 0 0 0 0 0 
1461 10 0 0 0 0 0 0 0 0 0 0 0 
1462 10 0 0 0 0 0 0 0 0 0 0 0 
1463 10 0 0 0 0 0 0 0 0 0 0 0 
1464 10 0 0 0 0 0 0 0 0 0 0 0 
1465 10 0 0 0 0 0 0 0 0 0 0 0 
1466 10 0 0 0 0 0 0 0 0 0 0 0 
1467 10 0 0 0 0 0 0 0 0 0 0 0 
1468 10 0 0 0 0 0 0 0 0 0 0 0 
1469 10 0 0 0 0 0 0 0 0 0 0 0 
1470 10 0 0 0 0 0 0 0 0 0 0 0 
1471 10 0 0 0 0 0 0 0 0 0 0 0 
1472 10 0 0 0 0 0 0 0 0 0 0 0 
1473 10 0 0 0 0 0 0 0 0 0 0 0 
1474 10 0 0 0 0 0 0 0 0 0 0 0 
1475 10 0 0 0 0 0 0 0 0 0 0 0 
1476 10 0 0 0 0 0 0 0 0 0 0 0 
1477 10 0 0 0 0 0 0 0 0 0 0 0 
1478 10 0 0 0 0 0 0 0 0 0 0 0 
1479 10 0 0 0 0 0 0 0 0 0 0 0 
1480 10 0 0 0 0 0 0 0 0 0 0 0 
1481 10 0 0 0 0 0 0 0 0 0 0 0 
1482 10 0 0 0 0 0 0 0 0 0 0 0 
1483 10 0 0 0 0 0 0 0 0 0 0 0 
1484 10 0 0 0 0 0 0 0 0 0 0 0 
1485 10 0 0 0 0 0 0 0 0 0 0 0 
1486 10 0 0 0 0 0 0 0 0 0 0 0 
1487 10 0 0 0 0 0 0 0 0 0 0 0 
1488 10 0 0 0 0 0 0 0 0 0 0 0 
1489 10 0 0 0 0 0 0 0 0 0 0 0 
1490 10 0 0 0 0 0 0 0 0 0 0 0 
1491 10 0 0 0 0 0 0 0 0 0 0 0 
1492 10 0 0 0 0 0 0 0 0 0 0 0 
1493 10 0 0 0 0 0 0 0 0 0 0 0 
1494 10 0 0 0 0 0 0 0 0 0 0 0 
1495 10 0 0 0 0 0 0 0 0 0 0 0 
1496 10 0 0 0 0 0 0 0 0 0 0 0 
1497 10 0 0 0 0 0 0 0 0 0 0 0 
1498 10 0 0 0 0 0 0 0 0 0 0 0 
1499 10 0 0 0 0 0 0 0 0 0 0 0 
1500 10 0 0 0 0 0 0 0 0 0 0 0 
1501 10 0 0 0 0 0 0 0 0 0 0 0 
1502 10 0 0 0 0 0 0 0 0 0 0 0 
1503 10 0 0 0 0 0 0 0 0 0 0 0 
1504 10 0 0 0 0 0 0 0 0 0 0 0 
1505 10 0 0 0 0 0 0 0 0 0 0 0 
1506 10 0 0 0 0 0 0 0 0 0 0 0 
1507 10 0 0 0 0 0 0 0 0 0 0 0 
1508 10 0 0 0 0 0 0 0 0 0 0 0 
1509 10 0 0 0 0 0 0 0 0 0 0 0 
1510 10 0 0 0 0 0 0 0 0 0 0 0 
1511 10 0 0 0 0 0 0 0 0 0 0 0 
1512 10 0 0 0 0 0 0 0 0 0 0 0 
1513 10 0 0 0 0 0 0 0 0 0 0 0 
1514 10 0 0 0 0 0 0 0 0 0 0 0 
1515 10 0 0 0 0 0 0 0 0 0 0 0 
1516 10 0 0 0 0 0 0 0 0 0 0 0 
1517 10 0 0 0 0 0 0 0 0 0 0 0 
1518 10 0 0 0 0 0 0 0 0 0 0 0 
1519 10 0 0 0 0 0 0 0 0 0 0 0 
1520 10 0 0 0 0 0 0 0 0 0 0 0 
1521 10 0 0 0 0 0 0 0 0 0 0 0 
1522 10 0 0 0 0 0 0 0 0 0 0 0 
1523 10 0 0 0 0 0 0 0 0 0 0 0 
1524 10 0 0 0 0 0 0 0 0 0 0 0 
1525 10 0 0 0 0 0 0 0 0 0 0 0 
1526 10 0 0 0 0 0 0 0 0 0 0 0 
1527 10 0 0 0 0 0 0 0 0 0 0 0 
1528 10 0 0 0 0 0 0 0 0 0 0 0 
1529 10 0 0 0 0 0 0 0 0 0 0 0 
1530 10 0 0 0 0 0 0 0 0 0 0 0 
1531 10 0 0 0 0 0 0 0 0 0 0 0 
1532 10 0 0 0 0 0 0 0 0 0 0 0 
1533 10 0 0 0 0 0 0 0 0 0 0 0 
1534 10 0 0 0 0 0 0 0 0 0 0 0 
1535 10 0 0 0 0 0 0 0 0 0 0 0 
1536 10 0 0 0 0 0 0 0 0 0 0 0 
1537 10 0 0 0 0 0 0 0 0 0 0 0 
1538 10 0 0 0 0 0 0 0 0 0 0 0 
1539 10 0 0 0 0 0 0 0 0 0 0 0 
1540 10 0 0 0 0 0 0 0 0 0 0 0 
1541 10 0 0 0 0 0 0 0 0 0 0 0 
1542 10 0 0 0 0 0 0 0 0 0 0 0 
1543 10 0 0 0 0 0 0 0 0 0 0 0 
1544 10 0 0 0 0 0 0 0 0 0 0 0 
1545 10 0 0 0 0 0 0 0 0 0 0 0 
1546 10 0 0 0 0 0 0 0 0 0 0 0 
1547 10 0 0 0 0 0 0 0 0 0 0 0 
1548 10 0 0 0 0 0 0 0 0 0 0 0 
1549 10 0 0 0 0 0 0 0 0 0 0 0 
1550 10 0 0 0 0 0 0 0 0 0 0 0 
1551 10 0 0 0 0 0 0 0 0 0 0 0 
1552 10 0 0 0 0 0 0 0 0 0 0 0 
1553 10 0 0 0 0 0 0 0 0 0 0 0 
1554 10 0 0 0 0 0 0 0 0 0 0 0 
1555 10 0 0 0 0 0 0 0 0 0 0 0 
1556 10 0 0 0 0 0 0 0 0 0 0 0 
1557 10 0 0 0 0 0 0 0 0 0 0 0 
1558 10 0 0 0 0 0 0 0 0 0 0 0 
1559 10 0 0 0 0 0 0 0 0 0 0 0 
1560 10 0 0 0 0 0 0 0 0 0 0 0 
1561 10 0 0 0 0 0 0 0 0 0 0 0 
1562 10 0 0 0 0 0 0 0 0 0 0 0 
1563 10 0 0 0 0 0 0 0 0 0 0 0 
1564 10 0 0 0 0 0 0 0 0 0 0 0 
1565 10 0 0 0 0 0 0 0 0 0 0 0 
1566 10 0 0 0 0 0 0 0 0 0 0 0 
1567 10 0 0 0 0 0 0 0 0 0 0 0 
1568 10 0 0 0 0 0 0 0 0 0 0 0 
1569 10 0 0 0 0 0 0 0 0 0 0 0 
1570 10 0 0 0 0 0 0 0 0 0 0 0 
1571 10 0 0 0 0 0 0 0 0 0 0 0 
1572 10 0 0 0 0 0 0 0 0 0 0 0 
1573 10 0 0 0 0 0 0 0 0 0 0 0 
1574 10 0 0 0 0 0 0 0 0 0 0 0 
1575 10 0 0 0 0 0 0 0 0 0 0 0 
1576 10 0 0 0 0 0 0 0 0 0 0 0 
1577 10 0 0 0 0 0 0 0 0 0 0 0 
1578 10 0 0 0 0 0 0 0 0 0 0 0 
1579 10 0 0 0 0 0 0 0 0 0 0 0 
1580 10 0 0 0 0 0 0 0 0 0 0 0 
1581 10 0 0 0 0 0 0 0 0 0 0 0 
1582 10 0 0 0 0 0 0 0 0 0 0 0 
1583 10 0 0 0 0 0 0 0 0 0 0 0 
1584 10 0 0 0 0 0 0 0 0 0 0 0 
1585 10 0 0 0 0 0 0 0 0 0 0 0 
1586 10 0 0 0 0 0 0 0 0 0 0 0 
1587 10 0 0 0 0 0 0 0 0 0 0 0 
1588 10 0 0 0 0 0 0 0 0 0 0 0 
1589 10 0 0 0 0 0 0 0 0 0 0 0 
1590 10 0 0 0 0 0 0 0 0 0 0 0 
1591 10 0 0 0 0 0 0 0 0 0 0 0 
1592 10 0 0 0 0 0 0 0 0 0 0 0 
1593 10 0 0 0 0 0 0 0 0 0 0 0 
1594 10 0 0 0 0 0 0 0 0 0 0 0 
1595 10 0 0 0 0 0 0 0 0 0 0 0 
1596 10 0 0 0 0 0 0 0 0 0 0 0 
1597 10 0 0 0 0 0 0 0 0 0 0 0 
1598 10 0 0 0 0 0 0 0 0 0 0 0 
1599 10 0 0 0 0 0 0 0 0 0 0 0 
1600 10 0 0 0 0 0 0 0 0 0 0 0 
1601 10 0 0 0 0 0 0 0 0 0 0 0 
1602 10 0 0 0 0 0 0 0 0 0 0 0 
1603 10 0 0 0 0 0 0 0 0 0 0 0 
1604 10 0 0 0 0 0 0 0 0 0 0 0 
1605 10 0 0 0 0 0 0 0 0 0 0 0 
1606 10 0 0 0 0 0 0 0 0 0 0 0 
1607 10 0 0 0 0 0 0 0 0 0 0 0 
1608 10 0 0 0 0 0 0 0 0 0 0 0 
1609 10 0 0 0 0 0 0 0 0 0 0 0 
1610 10 0 0 0 0 0 0 0 0 0 0 0 
1611 10 0 0 0 0 0 0 0 0 0 0 0 
1612 10 0 0 0 0 0 0 0 0 0 0 0 
1613 10 0 0 0 0 0 0 0 0 0 0 0 
1614 10 0 0 0 0 0 0 0 0 0 0 0 
1615 10 0 0 0 0 0 0 0 0 0 0 0 
1616 10 0 0 0 0 0 0 0 0 0 0 0 
1617 10 0 0 0 0 0 0 0 0 0 0 0 
1618 10 0 0 0 0 0 0 0 0 0 0 0 
1619 10 0 0 0 0 0 0 0 0 0 0 0 
1620 10 0 0 0 0 0 0 0 0 0 0 0 
1621 10 0 0 0 0 0 0 0 0 0 0 0 
1622 10 0 0 0 0 0 0 0 0 0 0 0 
1623 10 0 0 0 0 0 0 0 0 0 0 0 
1624 10 0 0 0 0 0 0 0 0 0 0 0 
1625 10 0 0 0 0 0 0 0 0 0 0 0 
1626 10 0 0 0 0 0 0 0 0 0 0 0 
1627 10 0 0 0 0 0 0 0 0 0 0 0 
1628 10 0 0 0 0 0 0 0 0 0 0 0 
1629 10 0 0 0 0 0 0 0 0 0 0 0 
1630 10 0 0 0 0 0 0 0 0 0 0 0 
1631 10 0 0 0 0 0 0 0 0 0 0 0 
1632 10 0 0 0 0 0 0 0 0 0 0 0 
1633 10 0 0 0 0 0 0 0 0 0 0 0 
1634 10 0 0 0 0 0 0 0 0 0 0 0 
1635 10 0 0 0 0 0 0 0 0 0 0 0 
1636 10 0 0 0 0 0 0 0 0 0 0 0 
1637 10 0 0 0 0 0 0 0 0 0 0 0 
1638 10 0 0 0 0 0 0 0 0 0 0 0 
1639 10 0 0 0 0 0 0 0 0 0 0 0 
1640 10 0 0 0 0 0 0 0 0 0 0 0 
1641 10 0 0 0 0 0 0 0 0 0 0 0 
1642 10 0 0 0 0 0 0 0 0 0 0 0 
1643 10 0 0 0 0 0 0 0 0 0 0 0 
1644 10 0 0 0 0 0 0 0 0 0 0 0 
1645 10 0 0 0 0 0 0 0 0 0 0 0 
1646 10 0 0 0 0 0 0 0 0 0 0 0 
1647 10 0 0 0 0 0 0 0 0 0 0 0 
1648 10 0 0 0 0 0 0 0 0 0 0 0 
1649 10 0 0 0 0 0 0 0 0 0 0 0 
1650 10 0 0 0 0 0 0 0 0 0 0 0 
1651 10 0 0 0 0 0 0 0 0 0 0 0 
1652 10 0 0 0 0 0 0 0 0 0 0 0 
1653 10 0 0 0 0 0 0 0 0 0 0 0 
1654 10 0 0 0 0 0 0 0 0 0 0 0 
1655 10 0 0 0 0 0 0 0 0 0 0 0 
1656 10 0 0 0 0 0 0 0 0 0 0 0 
1657 10 0 0 0 0 0 0 0 0 0 0 0 
1658 10 0 0 0 0 0 0 0 0 0 0 0 
1659 10 0 0 0 0 0 0 0 0 0 0 0 
1660 10 0 0 0 0 0 0 0 0 0 0 0 
1661 10 0 0 0 0 0 0 0 0 0 0 0 
1662 10 0 0 0 0 0 0 0 0 0 0 0 
1663 10 0 0 0 0 0 0 0 0 0 0 0 
1664 10 0 0 0 0 0 0 0 0 0 0 0 
1665 10 0 0 0 0 0 0 0 0 0 0 0 
1666 10 0 0 0 0 0 0 0 0 0 0 0 
1667 10 0 0 0 0 0 0 0 0 0 0 0 
1668 10 0 0 0 0 0 0 0 0 0 0 0 
1669 10 0 0 0 0 0 0 0 0 0 0 0 
1670 10 0 0 0 0 0 0 0 0 0 0 0 
1671 10 0 0 0 0 0 0 0 0 0 0 0 
1672 10 0 0 0 0 0 0 0 0 0 0 0 
1673 10 0 0 0 0 0 0 0 0 0 0 0 
1674 10 0 0 0 0 0 0 0 0 0 0 0 
1675 10 0 0 0 0 0 0 0 0 0 0 0 
1676 10 0 0 0 0 0 0 0 0 0 0 0 
1677 10 0 0 0 0 0 0 0 0 0 0 0 
1678 10 0 0 0 0 0 0 0 0 0 0 0 
1679 10 0 0 0 0 0 0 0 0 0 0 0 
1680 10 0 0 0 0 0 0 0 0 0 0 0 
1681 10 0 0 0 0 0 0 0 0 0 0 0 
1682 10 0 0 0 0 0 0 0 0 0 0 0 
1683 10 39 0 0 0 0 0 0 0 0 0 0 
1684 10 40 0 0 0 0 0 0 0 0 0 0 
1685 10 0 0 0 0 0 0 0 0 0 0 0 
1686 10 0 0 0 0 0 0 0 0 0 0 0 
1687 10 0 0 0 0 0 0 0 0 0 0 0 
1688 10 0 0 0 0 0 0 0 0 0 0 0 
1689 10 0 0 0 0 0 0 0 0 0 0 0 
1690 10 0 0 0 0 0 0 0 0 0 0 0 
1691 10 0 0 0 0 0 0 0 0 0 0 0 
1692 10 0 0 0 0 0 0 0 0 0 0 0 
1693 10 0 0 0 0 0 0 0 0 0 0 0 
1694 10 0 0 0 0 0 0 0 0 0 0 0 
1695 10 0 0 0 0 0 0 0 0 0 0 0 
1696 10 0 0 0 0 0 0 0 0 0 0 0 
1697 10 0 0 0 0 0 0 0 0 0 0 0 
1698 10 0 0 0 0 0 0 0 0 0 0 0 
1699 10 0 0 0 0 0 0 0 0 0 0 0 
1700 10 0 0 0 0 0 0 0 0 0 0 0 
1701 10 0 0 0 0 0 0 0 0 0 0 0 
1702 10 0 0 0 0 0 0 0 0 0 0 0 
1703 10 0 0 0 0 0 0 0 0 0 0 0 
1704 10 0 0 0 0 0 0 0 0 0 0 0 
1705 10 0 0 0 0 0 0 0 0 0 0 0 
1706 10 0 0 0 0 0 0 0 0 0 0 0 
1707 10 0 0 0 0 0 0 0 0 0 0 0 
1708 10 0 0 0 0 0 0 0 0 0 0 0 
1709 10 0 0 0 0 0 0 0 0 0 0 0 
1710 10 0 0 0 0 0 0 0 0 0 0 0 
1711 10 0 0 0 0 0 0 0 0 0 0 0 
1712 10 0 0 0 0 0 0 0 0 0 0 0 
1713 10 0 0 0 0 0 0 0 0 0 0 0 
1714 10 0 0 0 0 0 0 0 0 0 0 0 
1715 10 0 0 0 0 0 0 0 0 0 0 0 
1716 10 0 0 0 0 0 0 0 0 0 0 0 
1717 10 0 0 0 0 0 0 0 0 0 0 0 
1718 10 0 0 0 0 0 0 0 0 0 0 0 
1719 10 0 0 0 0 0 0 0 0 0 0 0 
1720 10 0 0 0 0 0 0 0 0 0 0 0 
1721 10 46 0 0 0 0 0 0 0 0 0 0 
1722 10 47 0 0 0 0 0 0 0 0 0 0 
1723 10 48 0 0 0 0 0 0 0 0 0 0 
1724 10 49 0 0 0 0 0 0 0 0 0 0 
1725 10 50 0 0 0 0 0 0 0 0 0 0 
1726 10 51 0 0 0 0 0 0 0 0 0 0 
1727 10 0 0 0 0 0 0 0 0 0 0 0 
1728 10 0 0 0 0 0 0 0 0 0 0 0 
1729 10 0 0 0 0 0 0 0 0 0 0 0 
1730 10 0 0 0 0 0 0 0 0 0 0 0 
1731 10 0 0 0 0 0 0 0 0 0 0 0 
1732 10 0 0 0 0 0 0 0 0 0 0 0 
1733 10 0 0 0 0 0 0 0 0 0 0 0 
1734 10 0 0 0 0 0 0 0 0 0 0 0 
1735 10 0 0 0 0 0 0 0 0 0 0 0 
1736 10 0 0 0 0 0 0 0 0 0 0 0 
1737 10 0 0 0 0 0 0 0 0 0 0 0 
1738 10 0 0 0 0 0 0 0 0 0 0 0 
1739 10 0 0 0 0 0 0 0 0 0 0 0 
1740 10 0 0 0 0 0 0 0 0 0 0 0 
1741 10 0 0 0 0 0 0 0 0 0 0 0 
1742 10 0 0 0 0 0 0 0 0 0 0 0 
1743 10 0 0 0 0 0 0 0 0 0 0 0 
1744 10 0 0 0 0 0 0 0 0 0 0 0 
1745 10 0 0 0 0 0 0 0 0 0 0 0 
1746 10 0 0 0 0 0 0 0 0 0 0 0 
1747 10 0 0 0 0 0 0 0 0 0 0 0 
1748 10 0 0 0 0 0 0 0 0 0 0 0 
1749 10 0 0 0 0 0 0 0 0 0 0 0 
1750 10 0 0 0 0 0 0 0 0 0 0 0 
1751 10 0 0 0 0 0 0 0 0 0 0 0 
1752 10 0 0 0 0 0 0 0 0 0 0 0 
1753 10 0 0 0 0 0 0 0 0 0 0 0 
1754 10 0 0 0 0 0 0 0 0 0 0 0 
1755 10 0 0 0 0 0 0 0 0 0 0 0 
1756 10 0 0 0 0 0 0 0 0 0 0 0 
1757 10 0 0 0 0 0 0 0 0 0 0 0 
1758 10 0 0 0 0 0 0 0 0 0 0 0 
1759 10 0 0 0 0 0 0 0 0 0 0 0 
1760 10 0 0 0 0 0 0 0 0 0 0 0 
1761 10 0 0 0 0 0 0 0 0 0 0 0 
1762 10 0 0 0 0 0 0 0 0 0 0 0 
1763 10 0 0 0 0 0 0 0 0 0 0 0 
1764 10 0 0 0 0 0 0 0 0 0 0 0 
1765 10 0 0 0 0 0 0 0 0 0 0 0 
1766 10 0 0 0 0 0 0 0 0 0 0 0 
1767 10 0 0 0 0 0 0 0 0 0 0 0 
1768 10 0 0 0 0 0 0 0 0 0 0 0 
1769 10 0 0 0 0 0 0 0 0 0 0 0 
1770 10 0 0 0 0 0 0 0 0 0 0 0 
1771 10 0 0 0 0 0 0 0 0 0 0 0 
1772 10 0 0 0 0 0 0 0 0 0 0 0 
1773 10 0 0 0 0 0 0 0 0 0 0 0 
1774 10 0 0 0 0 0 0 0 0 0 0 0 
1775 10 0 0 0 0 0 0 0 0 0 0 0 
1776 10 0 0 0 0 0 0 0 0 0 0 0 
1777 10 0 0 0 0 0 0 0 0 0 0 0 
1778 10 0 0 0 0 0 0 0 0 0 0 0 
1779 10 0 0 0 0 0 0 0 0 0 0 0 
1780 10 0 0 0 0 0 0 0 0 0 0 0 
1781 10 0 0 0 0 0 0 0 0 0 0 0 
1782 10 0 0 0 0 0 0 0 0 0 0 0 
1783 10 0 0 0 0 0 0 0 0 0 0 0 
1784 10 0 0 0 0 0 0 0 0 0 0 0 
1785 10 0 0 0 0 0 0 0 0 0 0 0 
1786 10 0 0 0 0 0 0 0 0 0 0 0 
1787 10 0 0 0 0 0 0 0 0 0 0 0 
1788 10 0 0 0 0 0 0 0 0 0 0 0 
1789 10 0 0 0 0 0 0 0 0 0 0 0 
1790 10 0 0 0 0 0 0 0 0 0 0 0 
1791 10 0 0 0 0 0 0 0 0 0 0 0 
1792 10 0 0 0 0 0 0 0 0 0 0 0 
1793 10 0 0 0 0 0 0 0 0 0 0 0 
1794 10 0 0 0 0 0 0 0 0 0 0 0 
1795 10 0 0 0 0 0 0 0 0 0 0 0 
1796 10 0 0 0 0 0 0 0 0 0 0 0 
1797 10 0 0 0 0 0 0 0 0 0 0 0 
1798 10 0 0 0 0 0 0 0 0 0 0 0 
1799 10 0 0 0 0 0 0 0 0 0 0 0 
1800 10 0 0 0 0 0 0 0 0 0 0 0 
1801 10 0 0 0 0 0 0 0 0 0 0 0 
1802 10 0 0 0 0 0 0 0 0 0 0 0 
1803 10 0 0 0 0 0 0 0 0 0 0 0 
1804 10 0 0 0 0 0 0 0 0 0 0 0 
1805 10 0 0 0 0 0 0 0 0 0 0 0 
1806 10 0 0 0 0 0 0 0 0 0 0 0 
1807 10 0 0 0 0 0 0 0 0 0 0 0 
1808 10 0 0 0 0 0 0 0 0 0 0 0 
1809 10 0 0 0 0 0 0 0 0 0 0 0 
1810 10 0 0 0 0 0 0 0 0 0 0 0 
1811 10 0 0 0 0 0 0 0 0 0 0 0 
1812 10 0 0 0 0 0 0 0 0 0 0 0 
1813 10 0 0 0 0 0 0 0 0 0 0 0 
1814 10 0 0 0 0 0 0 0 0 0 0 0 
1815 10 0 0 0 0 0 0 0 0 0 0 0 
1816 10 0 0 0 0 0 0 0 0 0 0 0 
1817 10 0 0 0 0 0 0 0 0 0 0 0 
1818 10 0 0 0 0 0 0 0 0 0 0 0 
1819 10 0 0 0 0 0 0 0 0 0 0 0 
1820 10 0 0 0 0 0 0 0 0 0 0 0 
1821 10 0 0 0 0 0 0 0 0 0 0 0 
1822 10 0 0 0 0 0 0 0 0 0 0 0 
1823 10 0 0 0 0 0 0 0 0 0 0 0 
1824 10 0 0 0 0 0 0 0 0 0 0 0 
1825 10 0 0 0 0 0 0 0 0 0 0 0 
1826 10 0 0 0 0 0 0 0 0 0 0 0 
1827 10 0 0 0 0 0 0 0 0 0 0 0 
1828 10 0 0 0 0 0 0 0 0 0 0 0 
1829 10 0 0 0 0 0 0 0 0 0 0 0 
1830 10 0 0 0 0 0 0 0 0 0 0 0 
1831 10 0 0 0 0 0 0 0 0 0 0 0 
1832 10 0 0 0 0 0 0 0 0 0 0 0 
1833 10 0 0 0 0 0 0 0 0 0 0 0 
1834 10 0 0 0 0 0 0 0 0 0 0 0 
1835 10 0 0 0 0 0 0 0 0 0 0 0 
1836 10 0 0 0 0 0 0 0 0 0 0 0 
1837 10 0 0 0 0 0 0 0 0 0 0 0 
1838 10 0 0 0 0 0 0 0 0 0 0 0 
1839 10 0 0 0 0 0 0 0 0 0 0 0 
1840 10 0 0 0 0 0 0 0 0 0 0 0 
1841 10 0 0 0 0 0 0 0 0 0 0 0 
1842 10 0 0 0 0 0 0 0 0 0 0 0 
1843 10 0 0 0 0 0 0 0 0 0 0 0 
1844 10 0 0 0 0 0 0 0 0 0 0 0 
1845 10 0 0 0 0 0 0 0 0 0 0 0 
1846 10 0 0 0 0 0 0 0 0 0 0 0 
1847 10 0 0 0 0 0 0 0 0 0 0 0 
1848 10 0 0 0 0 0 0 0 0 0 0 0 
1849 10 0 0 0 0 0 0 0 0 0 0 0 
1850 10 0 0 0 0 0 0 0 0 0 0 0 
1851 10 0 0 0 0 0 0 0 0 0 0 0 
1852 10 0 0 0 0 0 0 0 0 0 0 0 
1853 10 0 0 0 0 0 0 0 0 0 0 0 
1854 10 0 0 0 0 0 0 0 0 0 0 0 
1855 10 0 0 0 0 0 0 0 0 0 0 0 
1856 10 0 0 0 0 0 0 0 0 0 0 0 
1857 10 0 0 0 0 0 0 0 0 0 0 0 
1858 10 0 0 0 0 0 0 0 0 0 0 0 
1859 10 0 0 0 0 0 0 0 0 0 0 0 
1860 10 0 0 0 0 0 0 0 0 0 0 0 
1861 10 0 0 0 0 0 0 0 0 0 0 0 
1862 10 0 0 0 0 0 0 0 0 0 0 0 
1863 10 0 0 0 0 0 0 0 0 0 0 0 
1864 10 0 0 0 0 0 0 0 0 0 0 0 
1865 10 0 0 0 0 0 0 0 0 0 0 0 
1866 10 0 0 0 0 0 0 0 0 0 0 0 
1867 10 0 0 0 0 0 0 0 0 0 0 0 
1868 10 0 0 0 0 0 0 0 0 0 0 0 
1869 10 0 0 0 0 0 0 0 0 0 0 0 
1870 10 0 0 0 0 0 0 0 0 0 0 0 
1871 10 0 0 0 0 0 0 0 0 0 0 0 
1872 10 0 0 0 0 0 0 0 0 0 0 0 
1873 10 0 0 0 0 0 0 0 0 0 0 0 
1874 10 0 0 0 0 0 0 0 0 0 0 0 
1875 10 0 0 0 0 0 0 0 0 0 0 0 
1876 10 0 0 0 0 0 0 0 0 0 0 0 
1877 10 0 0 0 0 0 0 0 0 0 0 0 
1878 10 0 0 0 0 0 0 0 0 0 0 0 
1879 10 0 0 0 0 0 0 0 0 0 0 0 
1880 10 0 0 0 0 0 0 0 0 0 0 0 
1881 10 0 0 0 0 0 0 0 0 0 0 0 
1882 10 0 0 0 0 0 0 0 0 0 0 0 
1883 10 0 0 0 0 0 0 0 0 0 0 0 
1884 10 0 0 0 0 0 0 0 0 0 0 0 
1885 10 0 0 0 0 0 0 0 0 0 0 0 
1886 10 0 0 0 0 0 0 0 0 0 0 0 
1887 10 0 0 0 0 0 0 0 0 0 0 0 
1888 10 0 0 0 0 0 0 0 0 0 0 0 
1889 10 0 0 0 0 0 0 0 0 0 0 0 
1890 10 0 0 0 0 0 0 0 0 0 0 0 
1891 10 0 0 0 0 0 0 0 0 0 0 0 
1892 10 0 0 0 0 0 0 0 0 0 0 0 
1893 10 0 0 0 0 0 0 0 0 0 0 0 
1894 10 0 0 0 0 0 0 0 0 0 0 0 
1895 10 0 0 0 0 0 0 0 0 0 0 0 
1896 10 0 0 0 0 0 0 0 0 0 0 0 
1897 10 0 0 0 0 0 0 0 0 0 0 0 
1898 10 0 0 0 0 0 0 0 0 0 0 0 
1899 10 0 0 0 0 0 0 0 0 0 0 0 
1900 10 0 0 0 0 0 0 0 0 0 0 0 
1901 10 0 0 0 0 0 0 0 0 0 0 0 
1902 10 0 0 0 0 0 0 0 0 0 0 0 
1903 10 0 0 0 0 0 0 0 0 0 0 0 
1904 10 0 0 0 0 0 0 0 0 0 0 0 
1905 10 0 0 0 0 0 0 0 0 0 0 0 
1906 10 0 0 0 0 0 0 0 0 0 0 0 
1907 10 0 0 0 0 0 0 0 0 0 0 0 
1908 10 0 0 0 0 0 0 0 0 0 0 0 
1909 10 0 0 0 0 0 0 0 0 0 0 0 
1910 10 0 0 0 0 0 0 0 0 0 0 0 
1911 10 0 0 0 0 0 0 0 0 0 0 0 
1912 10 0 0 0 0 0 0 0 0 0 0 0 
1913 10 0 0 0 0 0 0 0 0 0 0 0 
1914 10 0 0 0 0 0 0 0 0 0 0 0 
1915 10 0 0 0 0 0 0 0 0 0 0 0 
1916 10 0 0 0 0 0 0 0 0 0 0 0 
1917 10 0 0 0 0 0 0 0 0 0 0 0 
1918 10 0 0 0 0 0 0 0 0 0 0 0 
1919 10 72 0 0 0 0 0 0 0 0 0 0 
1920 10 73 0 0 0 0 0 0 0 0 0 0 
1921 10 0 0 0 0 0 0 0 0 0 0 0 
1922 10 0 0 0 0 0 0 0 0 0 0 0 
1923 10 0 0 0 0 0 0 0 0 0 0 0 
1924 10 0 0 0 0 0 0 0 0 0 0 0 
1925 10 76 0 0 0 0 0 0 0 0 0 0 
1926 10 77 0 0 0 0 0 0 0 0 0 0 
1927 10 78 0 0 0 0 0 0 0 0 0 0 
1928 10 79 0 0 0 0 0 0 0 0 0 0 
1929 10 80 0 0 0 0 0 0 0 0 0 0 
1930 10 81 0 0 0 0 0 0 0 0 0 0 
1931 10 82 0 0 0 0 0 0 0 0 0 0 
1932 10 83 0 0 0 0 0 0 0 0 0 0 
1933 10 84 0 0 0 0 0 0 0 0 0 0 
1934 10 85 0 0 0 0 0 0 0 0 0 0 
1935 10 0 0 0 0 0 0 0 0 0 0 0 
1936 10 0 0 0 0 0 0 0 0 0 0 0 
1937 10 0 0 0 0 0 0 0 0 0 0 0 
1938 10 0 0 0 0 0 0 0 0 0 0 0 
1939 10 0 0 0 0 0 0 0 0 0 0 0 
1940 10 0 0 0 0 0 0 0 0 0 0 0 
1941 10 0 0 0 0 0 0 0 0 0 0 0 
1942 10 0 0 0 0 0 0 0 0 0 0 0 
1943 10 0 0 0 0 0 0 0 0 0 0 0 
1944 10 0 0 0 0 0 0 0 0 0 0 0 
1945 10 0 0 0 0 0 0 0 0 0 0 0 
1946 10 0 0 0 0 0 0 0 0 0 0 0 
1947 10 91 0 0 0 0 0 0 0 0 0 0 
1948 10 92 0 0 0 0 0 0 0 0 0 0 
1949 10 93 0 0 0 0 0 0 0 0 0 0 
1950 10 94 0 0 0 0 0 0 0 0 0 0 
1951 10 0 0 0 0 0 0 0 0 0 0 0 
1952 10 0 0 0 0 0 0 0 0 0 0 0 
1953 10 0 0 0 0 0 0 0 0 0 0 0 
1954 10 0 0 0 0 0 0 0 0 0 0 0 
1955 10 0 0 0 0 0 0 0 0 0 0 0 
1956 10 0 0 0 0 0 0 0 0 0 0 0 
1957 10 0 0 0 0 0 0 0 0 0 0 0 
1958 10 0 0 0 0 0 0 0 0 0 0 0 
1959 10 0 0 0 0 0 0 0 0 0 0 0 
1960 10 0 0 0 0 0 0 0 0 0 0 0 
1961 10 0 0 0 0 0 0 0 0 0 0 0 
1962 10 0 0 0 0 0 0 0 0 0 0 0 
1963 10 0 0 0 0 0 0 0 0 0 0 0 
1964 10 0 0 0 0 0 0 0 0 0 0 0 
1965 10 0 0 0 0 0 0 0 0 0 0 0 
1966 10 0 0 0 0 0 0 0 0 0 0 0 
1967 10 0 0 0 0 0 0 0 0 0 0 0 
1968 10 0 0 0 0 0 0 0 0 0 0 0 
1969 10 0 0 0 0 0 0 0 0 0 0 0 
1970 10 0 0 0 0 0 0 0 0 0 0 0 
1971 10 99 0 0 0 0 0 0 0 0 0 0 
1972 10 100 0 0 0 0 0 0 0 0 0 0 
1973 10 101 0 0 0 0 0 0 0 0 0 0 
1974 10 102 0 0 0 0 0 0 0 0 0 0 
1975 10 0 0 0 0 0 0 0 0 0 0 0 
1976 10 0 0 0 0 0 0 0 0 0 0 0 
1977 10 0 0 0 0 0 0 0 0 0 0 0 
1978 10 0 0 0 0 0 0 0 0 0 0 0 
1979 10 0 0 0 0 0 0 0 0 0 0 0 
1980 10 0 0 0 0 0 0 0 0 0 0 0 
1981 10 0 0 0 0 0 0 0 0 0 0 0 
1982 10 0 0 0 0 0 0 0 0 0 0 0 
1983 10 0 0 0 0 0 0 0 0 0 0 0 
1984 10 0 0 0 0 0 0 0 0 0 0 0 
1985 10 0 0 0 0 0 0 0 0 0 0 0 
1986 10 0 0 0 0 0 0 0 0 0 0 0 
1987 10 0 0 0 0 0 0 0 0 0 0 0 
1988 10 0 0 0 0 0 0 0 0 0 0 0 
1989 10 0 0 0 0 0 0 0 0 0 0 0 
1990 10 0 0 0 0 0 0 0 0 0 0 0 
1991 10 0 0 0 0 0 0 0 0 0 0 0 
1992 10 0 0 0 0 0 0 0 0 0 0 0 
1993 10 0 0 0 0 0 0 0 0 0 0 0 
1994 10 0 0 0 0 0 0 0 0 0 0 0 
1995 10 0 0 0 0 0 0 0 0 0 0 0 
1996 10 0 0 0 0 0 0 0 0 0 0 0 
1997 10 0 0 0 0 0 0 0 0 0 0 0 
1998 10 0 0 0 0 0 0 0 0 0 0 0 
1999 10 0 0 0 0 0 0 0 0 0 0 0 
2000 10 0 0 0 0 0 0 0 0 0 0 0 
2001 10 0 0 0 0 0 0 0 0 0 0 0 
2002 10 0 0 0 0 0 0 0 0 0 0 0 
2003 10 0 0 0 0 0 0 0 0 0 0 0 
2004 10 0 0 0 0 0 0 0 0 0 0 0 
2005 10 0 0 0 0 0 0 0 0 0 0 0 
2006 10 0 0 0 0 0 0 0 0 0 0 0 
2007 10 0 0 0 0 0 0 0 0 0 0 0 
2008 10 0 0 0 0 0 0 0 0 0 0 0 
2009 10 0 0 0 0 0 0 0 0 0 0 0 
2010 10 0 0 0 0 0 0 0 0 0 0 0 
2011 10 0 0 0 0 0 0 0 0 0 0 0 
2012 10 0 0 0 0 0 0 0 0 0 0 0 
2013 10 0 0 0 0 0 0 0 0 0 0 0 
2014 10 0 0 0 0 0 0 0 0 0 0 0 
2015 10 0 0 0 0 0 0 0 0 0 0 0 
2016 10 0 0 0 0 0 0 0 0 0 0 0 
2017 10 0 0 0 0 0 0 0 0 0 0 0 
2018 10 0 0 0 0 0 0 0 0 0 0 0 
2019 10 0 0 0 0 0 0 0 0 0 0 0 
2020 10 0 0 0 0 0 0 0 0 0 0 0 
2021 10 0 0 0 0 0 0 0 0 0 0 0 
2022 10 0 0 0 0 0 0 0 0 0 0 0 
2023 10 0 0 0 0 0 0 0 0 0 0 0 
2024 10 0 0 0 0 0 0 0 0 0 0 0 
2025 10 0 0 0 0 0 0 0 0 0 0 0 
2026 10 0 0 0 0 0 0 0 0 0 0 0 
2027 10 0 0 0 0 0 0 0 0 0 0 0 
2028 10 0 0 0 0 0 0 0 0 0 0 0 
2029 10 0 0 0 0 0 0 0 0 0 0 0 
2030 10 0 0 0 0 0 0 0 0 0 0 0 
2031 10 0 0 0 0 0 0 0 0 0 0 0 
2032 10 0 0 0 0 0 0 0 0 0 0 0 
2033 10 0 0 0 0 0 0 0 0 0 0 0 
2034 10 0 0 0 0 0 0 0 0 0 0 0 
2035 10 0 0 0 0 0 0 0 0 0 0 0 
2036 10 0 0 0 0 0 0 0 0 0 0 0 
2037 10 0 0 0 0 0 0 0 0 0 0 0 
2038 10 0 0 0 0 0 0 0 0 0 0 0 
2039 10 0 0 0 0 0 0 0 0 0 0 0 
2040 10 0 0 0 0 0 0 0 0 0 0 0 
2041 10 0 0 0 0 0 0 0 0 0 0 0 
2042 10 0 0 0 0 0 0 0 0 0 0 0 
2043 10 0 0 0 0 0 0 0 0 0 0 0 
2044 10 0 0 0 0 0 0 0 0 0 0 0 
2045 10 0 0 0 0 0 0 0 0 0 0 0 
2046 10 0 0 0 0 0 0 0 0 0 0 0 

0 5 2 2 0.102564 1 10 2 4 0.992908 35 11 -24 8 -14 7 8 8 21 23 41 5 26 4 16 9 40 22 9 2 26 16 -20 2 37 16 -10 12 10 0 44 0 43 14 -9 19 16 10 39 20 42 21 35 22 19 19 -7 20 -17 10 -3 10 26 13 16 11 29 18 10 12 -10 14 7 7 33 16 43 24 21 17 40 
1 5 2 2 0.181818 1 12 -9 4 0.986301 18 16 -23 14 42 9 31 20 28 11 -38 15 14 13 37 15 9 16 -3 18 -22 25 8 26 18 23 -28 22 -30 22 -25 13 -15 21 2 21 -27 
2 5 2 2 0.888889 8 12 -11 11 43 11 -6 9 30 11 29 12 -2 12 4 12 4 4 0.666667 4 20 -27 21 4 20 -11 19 -12 
3 5 2 2 0.987342 39 16 43 7 31 16 36 5 30 13 7 7 42 13 16 7 6 13 30 15 29 7 3 10 -16 14 17 8 43 13 -21 9 -12 6 -17 8 41 13 38 9 -5 8 35 13 25 8 3 10 9 8 -32 9 14 9 -13 10 -5 9 -19 9 -3 10 30 9 25 9 35 8 23 15 0 8 -32 9 -8 8 29 9 -19 4 0.170213 2 16 33 16 -7 
4 5 2 2 0.333333 1 9 -31 4 0.969697 8 -1 41 3 35 8 45 22 16 7 2 8 -4 2 43 21 25 
5 5 2 2 0.967742 15 8 -39 9 7 8 9 15 -40 9 15 10 -33 16 -18 16 -37 16 46 14 -39 6 -37 15 -25 15 -38 15 44 16 11 4 0.347826 2 6 -34 10 -34 
6 5 2 2 0.5 1 15 -23 4 0.941176 4 8 -26 17 -36 17 33 17 -24 
7 5 2 2 0.0610687 2 12 29 12 -32 4 0.995951 123 8 -37 12 17 13 -14 4 -14 14 -26 -1 31 4 36 17 37 -14 -39 7 -13 -19 20 -10 -23 -9 -6 -9 -3 -15 -23 -23 -27 -21 15 -9 19 -21 24 -21 36 7 -29 -13 21 -24 -24 -23 39 -14 26 -12 36 -17 29 -20 18 -17 44 -9 -29 -12 -4 -22 22 -20 -25 -19 -25 -24 30 -16 23 5 0 -20 -8 -17 21 -18 -33 -25 -7 -22 -30 -17 32 -17 10 -23 -4 -22 3 -16 -21 -23 -4 -18 40 -25 29 -17 -24 -19 -28 -23 3 -23 16 -24 -34 -18 27 -22 41 -20 -31 -22 7 -22 3 -22 -33 -19 5 2 42 -16 20 -17 -14 -15 3 -18 -28 -14 11 -16 44 -14 35 7 17 -13 -26 -9 -3 -5 2 -8 16 -10 -26 5 39 -9 39 -10 -38 -6 22 -17 -33 8 33 -5 -28 12 3 -16 -34 -5 19 -5 25 15 -25 0 -23 -6 -31 10 8 1 -29 2 26 2 -22 3 8 13 28 -2 15 10 -7 10 -6 0 3 -1 12 4 15 4 -4 -3 32 -9 -35 -8 13 -9 -23 5 -11 -8 0 3 31 -8 35 12 -9 8 -24 0 21 -6 8 5 26 13 -10 9 -7 10 -8 14 26 -3 -1 -2 -16 -1 -19 
8 5 2 2 0.190476 1 18 -17 4 0.985507 17 18 -15 15 3 13 41 13 29 11 44 23 29 22 32 24 11 20 42 25 -24 19 9 17 21 23 14 19 45 16 20 18 3 16 11 
9 5 2 2 0.97561 50 7 -24 2 -22 9 -22 1 -23 2 20 5 -5 1 -6 1 -4 2 14 11 -9 3 -11 6 17 12 -6 7 27 5 37 1 21 5 38 5 18 1 13 0 17 8 -6 11 -32 3 6 2 43 8 28 3 19 4 -3 5 -20 7 27 3 15 10 23 9 31 2 11 -2 0 11 -33 9 39 7 31 8 -21 6 14 13 2 -3 18 0 -6 15 -10 2 -30 9 15 0 19 2 12 -9 33 4 -14 5 31 4 0.285714 5 2 -23 4 24 9 39 16 19 15 2 
10 5 2 2 0.585366 6 -13 -44 -7 -26 1 50 -2 -44 -1 31 -1 30 4 0.918919 17 3 3 -20 3 -15 -21 2 -1 6 4 -7 5 -5 6 -14 3 -14 -27 -5 39 8 -27 10 -30 8 -28 -5 -26 -7 -28 -13 -9 2 31 
11 5 2 2 0.915254 27 -8 17 2 -15 -19 30 7 26 4 7 -3 -31 12 -22 12 -24 -12 -33 -12 -34 16 -19 9 -37 -14 38 -19 34 14 18 6 1 -2 0 3 18 11 -7 15 23 1 36 7 -30 -19 -9 -2 -4 6 24 9 -19 11 37 4 0.597015 10 -15 36 5 35 -16 37 1 -28 19 -21 22 33 -2 37 -2 -30 26 -29 15 45 
12 5 2 2 0.97992 61 18 -1 16 -33 17 -7 16 -12 18 44 17 9 16 44 11 -15 8 -44 12 -13 2 -31 14 27 13 -26 -12 -21 11 -43 -14 -36 15 24 -13 -35 -13 -36 15 11 15 9 12 0 11 -27 -2 -21 -2 -10 5 -30 -6 -10 -17 -33 15 34 12 34 1 -33 -8 -35 9 -32 -9 -35 12 32 -10 -33 -15 9 10 -33 14 15 10 -34 10 -2 9 -44 15 20 5 -32 -17 -31 -2 -24 -3 -23 -15 -44 -6 4 12 -8 4 -33 7 28 -2 -29 1 -6 12 -17 -15 9 -2 12 2 -34 -2 -4 13 -18 -1 38 4 0.246914 5 6 17 17 17 21 11 10 1 2 20 
13 5 2 2 0.8 4 -2 42 -14 37 -14 33 -8 33 4 0.8 4 12 -28 -21 -29 -11 -29 -9 -28 
14 5 2 2 0.909091 5 5 -18 12 28 -14 21 -17 16 -4 32 4 0.615385 2 9 -28 -12 24 
15 5 2 2 0.48 3 21 5 -13 34 10 -3 4 0.945455 13 -11 21 9 -31 -8 18 -12 -45 9 -16 -5 -28 12 5 21 43 -20 -29 -10 -28 -16 17 5 -32 13 40 
16 5 2 2 0.903226 14 10 25 14 -14 15 35 17 -22 13 36 8 -3 11 2 13 2 14 33 11 -9 9 -4 14 -11 10 -8 -13 42 4 0.631579 6 11 -10 25 -13 22 1 14 4 25 2 22 37 
17 5 2 2 0.225352 4 -14 17 -14 20 -14 26 -14 7 4 0.982143 55 -10 45 -14 -22 -8 24 -18 -11 -20 6 -19 14 -22 43 -16 32 -7 35 -11 -3 -11 -27 -11 -7 -9 15 -11 2 -12 15 -13 16 -15 16 -14 18 -15 20 -9 39 -16 -27 -6 -19 -4 -27 -11 -7 -7 2 -11 -10 -11 -12 -19 -17 -8 30 -10 15 -12 10 -12 12 -12 16 -3 -20 -20 -14 -9 -34 -12 23 -2 -19 -12 -34 -1 -25 -9 32 -22 -21 -22 -29 -11 32 -9 34 -8 33 -8 -22 -7 15 -6 -13 -17 32 -5 4 -14 35 -12 29 -11 -30 -10 -31 
18 5 2 2 0.102564 1 16 -4 4 0.992908 35 24 45 13 26 12 15 18 -13 24 -14 13 8 13 10 8 24 26 -26 7 -12 6 -12 21 26 25 8 11 41 7 -30 22 29 23 12 16 -22 1 -25 6 24 16 -30 21 -20 22 40 7 -23 22 1 26 20 20 -35 20 19 12 -19 21 -18 22 38 4 -6 17 -34 4 -15 4 -5 
19 5 2 2 0.77193 11 13 0 16 21 9 17 12 26 15 -21 15 8 12 32 10 -13 13 28 16 -16 13 -28 4 0.825397 13 26 -13 8 -20 23 -10 23 9 22 -18 20 -4 24 45 26 20 11 12 -1 21 15 4 24 -2 20 30 
20 5 2 2 0.757033 74 5 -42 -7 28 0 27 -10 32 -10 28 -9 27 -6 25 -9 30 -11 28 5 15 13 -17 -6 31 1 29 -14 27 -9 26 3 -15 4 4 -20 26 -4 27 17 -35 -10 33 6 40 0 -44 16 27 -13 26 -10 24 -4 38 6 12 9 7 3 18 -9 -45 -15 30 -9 -16 -14 27 4 -16 -6 -40 1 -15 -18 28 -12 40 7 16 -17 26 -17 29 -10 -44 -2 38 -7 -5 -4 40 -3 37 6 39 -13 -41 -6 39 -1 -45 -14 43 15 -44 -8 -12 7 40 5 0 -3 41 -12 40 4 20 16 -20 2 -24 -11 39 1 -3 -5 4 -13 -41 -13 -46 -1 42 -6 17 6 7 -12 -1 3 -31 4 21 -4 -18 -10 40 4 0.837004 95 12 -39 7 -39 12 20 -11 30 -3 44 -17 35 -6 42 6 -39 10 -3 -9 41 -6 23 -8 -8 -1 -39 -14 -41 -20 29 -8 32 11 -6 5 27 3 -37 -5 44 -6 42 0 -34 11 17 -8 -33 -15 36 -14 45 -12 37 4 -38 -14 29 -5 -38 7 -9 -4 38 -14 45 0 31 -9 27 -20 -33 -7 39 4 31 3 28 -11 38 15 -38 4 25 1 25 -5 21 -1 17 -20 39 8 -17 8 -6 -19 27 -7 16 -10 26 -4 25 -8 17 -3 11 10 -39 -6 36 -7 44 4 21 -4 -14 9 -39 -12 -38 0 -10 -6 27 -4 -22 -8 16 0 -25 -7 28 0 -33 -4 -38 -3 5 11 10 -8 9 3 20 -6 45 -4 -10 2 -5 8 -27 -10 43 4 4 -17 5 -16 17 -14 26 -16 19 2 29 -23 -41 -1 -44 5 35 3 -33 5 -39 -8 8 -11 44 -9 18 -11 43 -19 37 -18 -41 
21 5 2 2 0.882611 453 -8 28 -7 29 -13 37 -9 35 -6 -12 -3 -19 -14 -1 11 -1 10 -1 -7 -42 -10 -1 -3 25 8 -5 -16 -39 2 -21 0 11 11 14 4 -22 -14 -36 -4 -32 -8 45 -2 38 -8 40 -3 -30 -13 -21 -4 -7 -10 -28 -11 -13 -10 4 -11 33 -11 29 -2 -17 6 14 5 -1 6 -42 1 -2 17 -42 -5 -42 6 18 -8 -38 7 -4 -12 -12 1 -35 4 0 -13 33 7 -41 -5 11 11 28 -11 -5 -6 19 -14 -37 -6 -35 -14 -2 -11 -2 -2 -25 -12 -25 -12 21 -8 30 3 -8 -14 -43 7 -22 -2 -45 -13 -26 -11 8 -10 -27 15 -13 3 13 -11 38 -5 29 -13 26 -14 -5 -8 1 13 14 -6 -18 5 -5 8 9 3 -23 -12 9 9 -32 4 -41 -5 4 -14 -42 -14 -7 -7 -10 -6 -25 4 -45 -9 -13 -9 -19 -14 38 9 -41 1 3 3 30 5 24 5 -12 3 31 4 -37 -11 44 3 35 -5 -11 -11 17 -13 25 5 36 -7 -30 2 -36 -4 18 8 -11 3 -24 3 8 6 -23 2 12 -11 -36 -15 -16 -10 17 -9 -25 14 -41 -4 -29 -12 -29 -4 -36 -3 16 1 -22 1 -13 -11 -17 -2 -8 11 36 9 -20 14 34 -10 -16 12 34 -18 -24 -11 -38 12 -22 -18 43 -3 -38 -4 4 -17 -36 -6 -28 -16 -20 -5 28 -14 -10 0 -36 -12 -9 -12 -14 -10 5 -7 -7 0 43 -5 -10 -3 -21 7 -4 0 23 2 -23 9 39 -11 -21 8 -5 12 11 8 -7 -5 5 -9 -17 5 -25 -13 -25 -11 3 -8 19 7 -9 -14 -5 10 -9 4 36 -11 13 5 33 -5 15 -14 -35 -14 24 4 -32 12 42 5 -40 -2 1 -3 16 7 33 6 -34 -3 -38 2 -30 -15 -10 -2 -13 3 34 -17 -25 -1 35 -3 -10 -12 -24 -18 -22 -17 -34 -14 -33 -11 20 -16 -24 -10 -49 16 -44 -15 -1 -18 -5 -5 -18 -6 -10 -8 -23 12 3 -15 -6 -16 -12 -7 -36 9 -42 15 40 0 22 -11 -11 -18 -5 -12 -29 13 -25 -11 -12 1 -26 -7 15 -13 15 7 0 11 38 16 -35 10 -9 7 26 -7 -1 -13 43 -10 -25 -19 25 -6 16 4 6 15 -41 -14 16 13 -33 -9 13 -6 -29 17 -41 -1 17 -20 39 -7 2 -5 -6 -9 -7 -13 -11 3 26 -14 -39 -16 -3 -19 43 0 -38 -3 -29 -5 37 6 20 4 -32 -2 19 10 -13 5 21 16 -13 14 41 -15 35 -10 24 -17 24 -10 -4 -16 20 8 -18 -9 8 9 -42 -6 18 -5 15 -4 -28 -9 20 -1 -26 -12 -14 15 -32 16 -19 -8 -8 -4 4 -14 26 -15 5 -18 38 -17 -7 -16 -6 -6 8 -15 -19 -13 -21 -8 -29 -13 21 4 -36 5 20 1 -46 4 7 9 -3 -1 43 0 25 4 25 6 -30 -6 16 10 -34 -16 -9 0 -14 13 41 -9 -24 8 -19 -7 -22 -17 21 -12 13 -12 5 8 -13 6 3 5 40 -1 24 -2 28 -1 19 -10 -21 -10 18 -6 8 -2 21 -15 -30 9 -30 -2 22 7 -33 -16 -19 3 28 5 31 -2 20 -5 13 3 -22 -3 -19 6 -40 1 -42 -16 1 1 -4 13 12 4 4 -4 22 4 -26 -1 24 -13 11 4 -36 16 18 -12 -4 13 10 15 -35 -13 -36 1 20 2 5 -1 22 -3 8 2 15 5 -23 -8 -16 5 2 -12 3 5 7 7 -40 -16 -29 -13 -22 -17 18 0 3 -12 9 -15 14 5 6 -7 -33 13 13 5 -8 -10 10 8 -14 -19 16 -18 -24 15 22 4 -1 -19 14 12 -7 6 -19 -19 11 -4 12 9 -13 -2 -24 -2 6 -15 19 5 -35 -9 -2 9 28 11 42 -3 26 -4 -3 -3 3 2 37 5 -5 11 -25 9 -23 -1 -21 -7 39 -9 -19 -1 17 -19 -6 -3 0 0 28 -4 5 1 -24 -1 36 -5 41 14 35 -3 -10 -14 15 -17 21 -8 -7 -14 -5 -8 -30 9 -22 -14 19 -3 33 -5 42 4 -28 6 18 -12 2 -5 -15 4 -9 7 -13 6 40 -18 3 -12 42 13 39 4 -2 -4 11 4 35 14 -23 -18 2 10 -11 2 6 -2 -15 10 -10 4 40 6 11 5 14 4 38 11 27 -6 2 8 -12 11 -25 -11 -7 7 38 -17 9 -18 4 2 10 8 -11 -1 -7 5 11 0 38 0 -32 -15 9 -2 -23 8 -12 -3 -8 -16 -31 10 -41 -15 40 5 42 6 44 5 12 -1 -13 13 -42 4 0.68031 241 1 -2 7 14 -2 36 6 -30 -14 35 -18 -34 -21 16 -16 35 3 -6 -4 -42 -11 39 -4 -26 -7 -31 4 -42 -1 -3 4 40 4 23 -4 -14 14 -11 -9 35 -9 -39 -7 -14 -18 -3 -8 5 2 11 3 -29 -2 -18 -5 -1 11 -1 -7 -25 -18 -27 -7 -38 12 -34 -4 37 1 -24 -5 17 0 -14 -1 10 -4 39 6 6 -1 -12 -6 23 9 41 4 18 -16 0 -16 -11 6 40 7 -25 10 -10 1 0 8 -23 0 -13 -8 8 -12 -8 -19 10 -2 -18 1 6 10 -18 -22 8 5 -15 -8 35 -3 41 3 7 14 15 -13 25 14 -9 0 24 9 -18 -6 -12 10 26 11 -32 -10 -42 14 -35 -20 9 -1 5 8 44 -6 -26 1 -7 -3 1 -1 -5 -17 -14 3 -33 12 39 0 -15 7 11 -13 -29 -1 -28 -13 -26 6 -35 -6 -4 -8 4 -8 -11 5 -18 -19 5 -10 -11 -3 -17 0 1 -15 27 3 31 2 31 -4 -34 5 -12 -18 1 -18 0 -3 9 -9 -33 -22 5 -14 -24 -17 -37 -19 8 -2 -5 1 -6 2 -30 11 -29 -17 5 -18 -43 -3 -1 -7 21 -14 7 15 29 -7 20 9 0 6 18 -19 -2 2 41 -2 7 -19 -19 -20 -17 -17 28 -15 -22 -16 -9 7 10 15 5 -12 2 16 -21 16 -43 0 41 -15 -14 5 -7 -5 -18 7 -12 -6 25 -19 25 -6 17 -7 -32 -3 -3 -13 -25 -7 -34 12 -38 -5 16 -3 15 -20 19 15 1 14 -24 -18 21 10 -17 2 -38 -1 -13 11 -33 -13 -11 7 1 -1 -16 -16 29 -10 -14 3 4 -13 27 18 42 16 28 -21 15 -18 16 -1 28 -6 -8 -5 -23 -12 -22 -11 -27 14 -42 17 -40 -15 -5 -21 21 2 17 -8 -43 -1 12 24 -36 19 -41 15 18 18 -40 -2 9 5 15 9 33 -7 -12 -6 -33 -8 -8 14 -6 12 -13 24 -29 -7 -10 5 1 22 -33 20 10 -20 17 -9 -16 21 -33 2 -1 2 2 14 26 -12 4 0 1 13 -19 23 -25 3 -19 -4 -30 -14 -10 11 24 15 -40 5 -7 -20 -16 19 -25 -1 -23 20 -7 4 19 -12 -4 -1 33 2 -3 -10 -2 15 2 15 -27 4 -8 18 -9 11 -31 13 -3 21 5 13 -29 20 -41 22 -39 6 -27 15 -1 12 20 22 -31 1 -26 18 19 19 -39 
22 5 2 2 0.993464 38 5 44 -7 44 -4 49 13 48 -9 52 -3 48 14 53 -6 48 15 50 7 46 12 48 -7 49 1 49 2 48 8 51 5 51 14 53 14 49 -10 53 -14 51 -12 46 -1 49 5 46 6 48 -11 45 -10 48 16 43 14 51 8 51 12 48 14 47 9 45 10 45 -1 48 12 52 16 49 -6 48 14 48 4 0.0952381 1 -11 45 
23 5 2 2 0.992481 33 3 36 -4 45 18 44 11 45 11 44 -15 23 -20 45 -15 -18 -15 -18 -15 -14 -15 -18 -15 -43 -20 10 -15 -44 -20 -21 -15 -3 -20 -43 -20 -30 -20 23 -20 -24 -20 32 -20 31 -5 52 -6 45 -10 52 -7 52 -15 37 -15 27 -15 40 -20 -6 -15 43 -15 47 1 52 4 0.108108 1 0 33 
24 5 2 0 0.16 1 21 -37 3 0.988235 21 9 92 24 39 24 49 24 -58 38 -2 36 -37 -12 98 41 2 9 81 24 35 25 -9 37 16 32 34 30 24 42 8 26 0 23 67 33 33 34 33 27 25 43 8 
25 5 2 3 0.666667 1 34 -86 4 0.888889 2 18 -1 16 -15 
26 5 3 2 0.111111 2 10 -46 6 -35 3 0.057971 1 13 41 4 0.988235 63 10 30 10 -10 2 -44 8 -8 8 -29 6 -39 3 -45 6 20 8 3 5 -9 4 31 0 -44 1 -26 -5 -43 1 -43 6 -24 7 1 4 -8 7 7 5 4 2 -3 -3 -25 19 -43 2 29 4 6 -1 -15 -2 -28 6 8 1 3 4 -25 7 -11 1 30 0 -12 7 -42 3 -22 3 -8 -7 -41 -5 13 4 -29 2 14 7 -23 1 10 1 20 1 17 -18 -18 -23 19 -14 17 -13 25 -14 44 9 -42 -12 -33 -21 29 -13 -27 -4 -9 -24 8 -9 -19 -25 -19 -25 -13 -9 4 -8 -13 -8 6 -24 20 0 38 
27 5 2 2 0.2 1 0 -13 4 0.984615 16 1 -10 -3 -30 -8 19 0 12 8 -38 -9 6 1 -38 -1 -29 4 -29 -6 0 -5 41 -6 -3 -14 -39 -1 -20 -5 -13 1 -24 
28 5 2 2 0.48 3 -7 -29 -7 -25 -8 5 4 0.945455 13 -3 14 -21 24 -25 35 -18 40 -1 9 -3 -1 4 5 -18 -4 0 0 -20 -40 5 12 -25 -42 -23 45 
29 5 2 2 0.6 3 -4 -37 -2 -1 -2 28 4 0.914286 8 -14 -40 -7 -35 -7 -28 -10 -4 -6 -28 -1 -40 0 -39 -9 -39 
30 5 2 2 0.988235 21 -4 -46 -3 -44 -8 -46 -10 -47 -6 -4 5 -25 5 -26 -5 -46 -3 4 -2 9 -4 -48 -9 -45 -1 -33 -3 -4 -1 -21 -6 5 -1 -28 3 36 2 41 4 42 -8 -47 4 0.16 1 0 42 
31 5 2 2 0.727273 2 2 -15 4 -12 4 0.857143 3 7 -25 2 -41 -10 -19 
32 5 2 2 0.857143 3 18 -10 20 20 18 29 4 0.727273 2 9 37 7 23 
33 5 2 3 0.210526 1 -7 44 4 0.983607 15 6 11 18 30 11 -18 6 -7 26 17 20 -6 20 -14 17 15 12 1 23 -2 17 0 8 32 19 -37 9 43 7 -39 
34 5 2 2 0.981132 13 20 -3 19 -24 16 -33 20 -14 17 23 19 1 19 -20 16 17 14 34 21 -3 19 -1 12 -13 17 21 4 0.235294 1 12 -39 
35 5 2 2 0.740741 5 14 27 18 -27 20 0 11 -44 18 20 4 0.848485 7 17 -27 5 -45 19 -28 8 21 20 -19 21 18 19 -32 
36 5 2 0 0.989474 47 4 58 8 57 16 51 3 60 2 59 7 61 -8 59 -8 58 13 56 17 52 13 55 0 58 14 52 6 51 8 55 8 48 11 55 16 48 11 53 15 54 15 59 1 53 -2 55 -4 55 8 48 18 41 6 55 18 -54 15 40 12 47 -10 32 16 39 -4 61 18 -21 17 -28 17 -62 14 -14 15 -7 17 4 17 -6 16 12 15 -39 16 -63 13 -58 -4 85 18 -41 15 -60 3 0.145455 2 -21 13 -20 22 
37 5 2 0 0.190476 1 -6 84 3 0.985507 17 23 64 31 -75 40 21 33 22 13 81 27 -53 23 31 24 44 31 24 45 8 45 1 0 90 35 -43 -3 97 34 -9 -34 12 33 -98 
38 5 3 0 0.533333 2 -7 77 -1 80 3 0.833333 5 -34 13 -2 91 -5 91 -15 91 4 43 4 0.533333 2 24 -45 14 -45 
39 5 3 0 0.967442 52 24 0 -14 65 0 64 24 -27 -12 23 12 69 -6 37 3 31 15 68 18 -59 -7 60 8 69 14 -72 -5 29 -7 29 22 -23 13 69 19 -60 -5 28 13 67 -20 27 -2 29 -21 27 -16 23 25 -42 -17 23 -15 24 -11 66 22 -73 21 -40 9 64 -13 34 13 -72 -5 35 14 -70 18 -49 -20 29 19 -61 -18 46 -24 47 -2 29 13 65 -8 53 -18 28 16 -44 -20 27 18 31 -2 24 11 30 -9 36 -9 35 1 30 1 0.123077 2 17 -11 16 33 3 0.27027 5 22 -67 16 -45 16 -57 19 -38 27 -38 
40 5 3 0 0.858238 112 17 -81 2 76 17 32 -23 50 11 -82 -11 90 -8 92 -8 91 2 77 -22 27 -3 35 -4 82 3 75 -24 88 -8 78 -5 89 -16 78 -4 83 8 85 -21 84 -23 44 -14 32 8 33 -17 81 8 31 2 25 1 29 -15 85 -22 92 19 -49 16 64 -14 79 1 80 9 -60 -5 81 -4 91 -13 80 5 78 -7 79 4 30 1 84 3 28 0 75 3 80 12 19 20 -42 2 89 5 86 -3 78 4 38 -10 86 -5 23 -3 90 11 25 -8 87 -8 47 -12 46 15 31 6 93 20 33 -6 82 -4 86 -7 85 14 18 -8 85 -11 89 -10 88 25 -76 -16 36 18 -71 13 73 -7 90 -5 36 17 -41 18 -45 10 28 -8 91 15 -41 18 -58 -11 22 2 39 -7 50 24 -63 17 14 -19 48 16 -45 15 -81 18 13 21 -80 9 23 16 -66 16 -77 19 -55 18 15 9 42 17 -55 11 41 -17 23 14 42 1 43 12 39 -9 42 -21 44 4 46 6 43 6 45 -11 48 1 44 2 46 -7 46 -6 45 5 46 1 0.169014 9 17 18 15 35 15 33 16 39 16 34 16 37 16 24 14 26 14 35 3 0.682415 65 -37 41 -38 29 -42 89 18 93 32 37 7 99 -18 95 -31 93 -31 78 -41 39 -38 85 -42 80 -31 86 -29 98 15 64 12 74 23 53 39 -26 28 80 -15 39 -27 99 -23 44 30 40 33 34 36 -33 35 21 -13 100 40 34 -22 85 12 72 25 68 -21 34 19 -63 -38 87 -18 69 -23 95 25 44 -14 69 17 -75 27 -93 22 69 -25 93 -21 74 24 76 -25 87 -25 88 -35 97 30 79 26 33 36 36 30 51 34 35 24 25 22 11 33 -26 6 97 22 89 21 86 18 61 3 72 -17 75 -1 89 26 26 26 18 20 85 
41 5 2 0 0.307692 1 -16 81 3 0.972973 9 -9 15 -6 16 -33 82 -16 64 -21 74 -8 29 -18 81 7 -36 -17 41 
42 5 3 0 0.222222 1 0 19 3 0.916667 11 -7 91 14 -25 -8 64 2 -80 -13 68 -31 35 -10 79 -19 25 -20 72 4 26 -42 31 4 0.5 3 -17 44 -16 42 -21 40 
43 5 2 0 0.285714 2 5 56 24 -47 3 0.97561 20 41 17 42 1 44 -32 34 33 33 -25 34 -33 42 37 39 -18 41 40 21 -14 37 -43 40 -28 45 -41 26 -44 36 32 35 -82 42 -82 39 -30 38 -23 25 14 
44 5 2 0 0.444444 3 22 16 25 -18 22 -35 3 0.952381 15 41 12 32 27 41 9 29 12 29 -33 30 8 30 24 30 39 29 -86 30 29 29 -62 39 32 43 18 31 -72 36 15 
45 5 3 0 0.869565 5 25 30 -1 53 -1 56 0 55 19 -83 2 0.363636 1 17 -29 3 0.571429 2 39 -88 35 -95 
46 5 3 0 0.727273 2 24 -49 25 -44 3 0.727273 2 43 -62 43 -90 4 0.5 1 23 -4 
47 5 2 0 0.166667 1 23 -42 3 0.987654 20 43 1 40 -56 37 0 41 -5 32 0 37 3 41 -63 40 11 36 11 39 42 19 39 30 -72 37 55 32 -76 27 -39 23 44 35 -49 35 50 39 -99 32 -46 
48 5 4 0 0.691729 46 -16 53 -21 53 -18 51 20 84 23 60 18 85 9 92 18 74 6 59 11 57 23 91 11 52 17 77 10 91 12 92 20 67 -12 51 22 50 23 69 23 88 12 83 3 49 21 73 21 59 25 56 4 82 16 75 -21 92 15 76 25 55 9 59 16 72 10 63 21 12 23 9 15 80 22 49 4 49 18 -38 25 -17 17 -33 -8 55 9 56 11 71 12 74 20 49 2 0.311377 13 18 42 19 42 15 -35 17 45 17 30 18 29 18 26 21 8 17 -19 17 -13 19 -26 14 -14 18 -21 3 0.762542 57 44 -36 -41 27 -20 98 -43 78 -36 93 -43 13 -44 27 17 -13 38 -43 31 -54 34 87 41 -22 31 32 18 97 39 -74 29 78 -39 35 21 86 34 -94 37 -39 34 82 39 41 24 -34 33 -41 21 -56 33 97 -42 97 25 -86 34 28 45 36 37 -16 17 95 28 89 33 -73 32 -22 36 -63 41 -62 -1 100 18 95 26 -40 41 87 28 1 33 -48 37 -3 33 -13 35 84 41 -13 30 -47 -30 44 -40 38 31 93 41 -79 33 -15 38 99 37 38 40 -31 -15 89 4 0.292683 12 24 -16 21 -9 23 -5 21 41 23 -27 23 -29 -25 7 23 17 -25 40 22 -20 -23 31 19 19 
49 5 4 0 0.551724 4 24 58 24 62 24 90 24 55 2 0.818182 9 15 -20 18 -9 21 -13 20 -33 21 -35 20 -3 20 36 20 -28 21 -36 3 0.2 1 42 99 4 0.461538 3 21 14 24 15 22 10 
50 5 4 0 0.228571 2 20 -31 23 -62 2 0.764706 13 21 -5 21 12 20 10 17 28 19 3 20 2 21 24 20 10 20 -10 21 18 18 35 21 1 18 30 3 0.677966 10 24 69 38 21 42 12 42 79 27 -70 41 -86 39 80 29 -72 42 10 37 -88 4 0.390244 4 19 39 21 -11 22 25 23 1 
51 5 4 0 0.223776 8 21 -62 15 -89 21 -75 -1 49 20 48 23 -67 -24 63 -23 53 2 0.54 27 20 -26 19 -8 19 -16 21 41 18 2 19 16 21 16 13 44 19 7 21 -29 20 14 21 44 20 35 17 -32 18 -32 20 36 21 -43 15 -39 21 -28 20 -26 21 -37 19 3 21 21 20 -38 18 12 18 16 18 -43 3 0.383234 16 19 60 40 -86 31 -35 27 -60 37 -98 31 -97 29 -96 -44 32 43 -33 36 -72 43 -25 -42 37 -17 43 -40 -36 -41 -9 -40 14 4 0.842105 68 21 29 24 29 23 27 15 7 11 -24 20 34 12 25 20 -28 18 24 23 20 24 14 12 -28 15 -27 17 24 16 -19 12 16 20 -8 24 12 14 -26 21 29 15 17 20 -9 17 -24 15 -23 17 23 11 9 20 -36 22 -14 22 -11 17 2 23 -24 15 -1 22 5 9 -6 14 -29 21 -44 15 -43 18 -44 7 -35 23 -37 17 -37 21 -1 14 -17 16 -2 14 -24 15 27 23 -15 9 21 19 35 21 -28 26 44 13 19 23 18 15 44 23 -7 20 35 22 5 11 -5 10 35 15 -15 10 6 9 -1 -23 36 18 -42 18 28 24 29 25 29 -25 13 
52 5 2 0 0.307692 1 14 -64 3 0.972973 9 15 78 38 -8 18 77 30 38 34 70 31 10 37 35 22 43 29 4 
53 5 2 0 0.666667 5 18 46 21 -11 17 -5 21 23 24 22 3 0.888889 10 34 -4 32 27 27 -17 29 -22 -1 19 23 17 26 -26 15 70 28 42 18 91 
54 5 2 0 0.974359 19 17 28 24 51 15 33 15 44 15 55 -1 34 15 38 10 48 8 65 23 49 22 49 16 43 -1 33 15 -18 16 23 16 58 18 60 11 -8 20 25 3 0.296296 2 26 78 18 21 
55 5 2 0 0.133333 1 24 70 3 0.990476 26 33 1 37 15 39 -18 42 43 39 4 37 4 38 1 41 -14 40 29 -4 15 39 -33 42 -41 29 14 36 91 41 24 45 -12 32 -58 41 59 33 45 1 16 39 17 25 62 34 83 28 68 37 -76 17 77 
56 5 3 0 0.823529 7 20 -3 20 49 12 73 25 84 13 83 17 67 24 76 3 0.714286 5 28 96 6 84 38 -87 35 69 43 64 4 0.25 1 18 38 
57 5 2 0 0.857143 3 25 24 17 73 22 51 3 0.727273 2 38 -16 23 61 
58 5 2 0 0.275862 2 23 82 25 23 3 0.976744 21 38 -87 39 49 8 -42 37 -70 35 -69 38 73 21 77 14 83 34 84 29 91 23 77 38 25 33 28 38 97 0 13 41 37 24 -93 25 -93 44 -9 36 -6 11 -41 
59 5 2 0 0.363636 2 14 3 14 -25 3 0.965517 14 33 -91 22 16 35 -27 30 -31 35 -30 35 -32 30 -2 31 15 19 -87 33 -33 24 -90 29 19 18 -89 19 -61 
60 5 3 0 0.592593 4 12 -49 9 -43 9 -28 14 -45 1 0.5 3 14 5 14 -10 14 -29 3 0.820513 8 16 54 17 42 15 5 22 30 32 -38 27 -22 15 -94 36 -3 
61 5 3 0 0.93617 11 12 -71 12 -10 11 -59 12 -81 14 -69 10 -5 15 -57 16 -57 15 -43 8 -80 9 -54 1 0.4 2 14 34 14 -22 3 0.235294 1 21 12 
62 5 2 0 0.993464 38 18 -73 25 5 11 -30 11 -47 12 -17 13 16 15 16 9 -55 9 -34 13 13 10 6 14 -33 12 -69 15 -38 10 -41 14 -14 9 -18 17 -71 15 -57 10 -41 15 28 13 -57 11 -65 19 -33 18 -25 15 -57 15 -55 14 -21 13 -15 12 3 12 29 13 35 16 8 7 -16 9 12 11 -17 13 -75 18 -41 3 0.0952381 1 6 84 
63 5 2 0 0.5 1 10 -39 3 0.941176 4 24 21 22 2 17 -96 31 -56 
64 5 2 0 0.133333 2 -18 9 -20 10 3 0.990476 52 2 80 -32 -5 -41 -91 -39 8 -34 -2 -41 -64 -36 4 -27 -6 -30 67 -25 -21 -25 -37 -34 61 -41 -14 -35 51 -32 64 -25 -1 -29 -29 -37 7 -35 -12 -25 -24 -35 -6 -37 33 -38 -11 -38 -62 -38 59 -37 28 -41 -44 -37 -9 -39 -77 -40 49 -41 -66 -30 -4 -30 8 -30 -1 -42 -56 -37 -40 -33 -35 -33 -34 -36 -1 -42 38 -41 51 -34 -7 -42 22 -34 -26 -36 -23 -36 21 -39 24 -42 -5 16 62 6 41 -28 91 -23 41 
65 5 2 0 0.983819 76 -23 -47 -24 -56 -17 34 -17 -19 -15 29 -16 -36 -17 -35 -20 -14 -14 -70 -14 7 -16 -77 -17 26 -17 -52 -15 25 -8 15 -20 -40 7 -20 -23 -77 -22 -21 -17 -35 -6 -57 -16 -28 -13 -59 -17 -19 -4 10 -11 -57 -15 -70 -5 -31 -12 -52 -3 -7 -11 -54 -5 11 -20 -75 -17 -58 -2 -43 -5 -23 -16 -83 -14 7 -24 -44 -11 -31 -16 -10 -18 -39 -1 -29 -14 -21 -6 -49 -14 -23 -15 -30 -16 -31 4 11 -16 -44 1 -40 1 -24 -2 -5 -17 -13 -17 -41 -16 -32 11 -28 -19 -48 1 -5 5 -18 2 5 3 -40 4 6 2 -8 4 -43 1 -21 -22 -17 4 0 -21 -35 14 -20 5 -11 5 -11 12 -13 17 4 7 1 17 -35 3 0.208333 5 -25 25 -31 88 -40 -11 -43 -8 -42 -47 
66 5 2 0 0.4 2 8 -40 7 -13 3 0.96 12 -37 -8 10 -9 12 38 -43 -28 12 -7 11 -60 30 -1 14 -55 23 -50 13 -27 12 26 13 -55 
67 5 2 0 0.129032 1 18 -82 3 0.990826 27 20 -60 22 -53 18 25 18 21 17 -17 -39 5 16 -91 16 13 19 -51 18 2 18 41 13 -37 -27 27 21 24 -34 65 15 32 16 28 2 82 -31 69 15 -16 10 24 -1 38 5 34 -27 73 16 -92 12 38 -15 79 
68 5 3 2 0.444444 1 10 -53 3 0.444444 1 27 -94 4 0.888889 4 18 -45 26 -38 26 -42 22 -43 
69 5 2 2 0.521739 3 1 -46 12 -48 -12 -48 4 0.93617 11 -14 -43 -17 -42 -20 -43 -6 -44 -10 -45 3 -45 6 -44 -7 -43 -24 -43 11 -43 14 -44 
70 5 2 2 0.988235 21 14 -53 14 -49 15 -51 8 -53 2 -53 -14 -53 -13 -53 0 -52 -8 -52 -13 -53 -10 -53 -12 -51 -13 -48 -15 -49 1 -51 -2 -50 -3 -46 1 -50 -2 -46 -11 -36 -2 -51 4 0.16 1 -19 -45 
71 5 2 2 0.8 6 0 -48 9 -49 -6 -43 -14 -50 5 -50 8 -45 4 0.8 6 -20 -45 14 -42 -6 -45 9 -44 -21 -42 -4 -44 
72 5 2 0 0.75 6 -24 -22 -10 36 -6 26 -16 47 -15 44 -8 21 3 0.842105 8 -40 -83 -32 -79 -35 -59 -30 -19 -41 -23 -41 -14 -36 5 -30 -1 
73 5 2 0 0.985507 17 -15 -6 -4 34 -14 4 -15 36 -20 -39 -16 34 -11 31 -16 21 -14 47 -12 40 -11 38 -23 -38 -21 -16 -20 -9 -23 0 -23 13 -21 -9 3 0.190476 1 -34 -82 
74 5 2 0 0.994475 45 -10 31 -16 -27 4 -72 -8 33 -8 38 -2 -76 -9 0 -8 29 -9 41 -5 11 -5 5 -7 40 -13 -29 -6 42 -3 6 -4 -29 -8 17 -12 -63 -18 -13 -12 -56 3 28 1 16 -2 -31 -9 19 1 6 -2 -21 1 12 0 35 6 37 -2 42 0 -20 1 -5 -6 -61 1 28 7 42 0 21 3 31 7 -32 -4 -56 2 3 8 -31 2 -75 11 18 3 -73 6 4 3 0.0816327 1 12 -54 
75 5 3 0 0.606061 5 11 39 -24 -4 12 -12 17 -13 -23 -47 1 0.333333 2 14 -1 14 -17 3 0.862745 11 17 24 -22 -26 -27 -32 -23 -26 -40 -10 -35 27 -43 34 -34 30 -42 -74 -22 -16 -42 -43 
76 5 2 0 0.222222 2 12 -55 10 0 1 0.982456 28 13 -18 13 3 13 -4 13 -3 14 -9 14 -26 12 -17 11 -8 12 -27 11 1 13 -26 14 16 11 5 14 9 13 -6 12 -27 12 -23 12 11 4 -35 13 23 10 -29 12 14 14 -34 8 -35 13 16 13 13 11 -26 12 12 
77 5 3 0 0.571429 1 9 -53 1 0.571429 1 10 -24 3 0.8 2 15 -87 23 -41 
78 5 3 0 0.761905 4 7 50 10 49 20 -43 11 7 1 0.761905 4 14 2 11 29 13 0 9 34 3 0.333333 1 32 -11 
79 5 2 0 0.235294 1 5 12 3 0.981132 13 -18 -11 -31 -29 -24 6 -22 -38 -23 -40 -16 -69 -18 -66 -20 -35 -21 -33 -23 -32 -18 -95 -16 -97 -30 -96 
80 5 3 0 0.93617 33 11 18 -7 -3 -6 -3 -20 11 22 -43 -19 19 -15 21 -10 -32 6 77 -14 52 21 -26 -6 -23 -14 25 -7 -89 1 50 -12 73 -4 78 -22 -57 18 -77 -14 77 22 -7 -24 -55 -23 -55 -17 -15 7 14 20 -80 -24 -41 7 15 15 -88 -23 -7 -18 -43 16 3 21 -6 1 0.166667 2 14 35 14 -13 3 0.444444 7 -17 -16 -14 43 -30 38 -24 -79 22 49 8 43 -25 26 
81 5 3 0 0.444444 1 -22 -32 1 0.444444 1 13 34 3 0.888889 4 -43 -92 -36 -91 6 43 -26 19 
82 5 3 0 0.762791 41 2 -11 6 -14 12 0 7 -45 10 5 10 4 1 -5 8 -89 6 5 8 -90 16 -87 6 -9 2 4 -1 -43 5 -29 4 -21 5 -3 6 -27 2 -23 3 -25 1 44 -4 -14 1 -23 1 43 10 41 6 -57 5 -54 8 -61 6 -79 16 -76 -9 -27 -4 37 14 -46 13 -64 0 -9 15 -48 -7 15 20 -70 3 -30 -12 5 -6 40 1 0.701031 34 -3 6 -2 -26 10 0 7 -12 8 -16 -5 11 9 -13 0 27 5 -11 4 -9 2 14 -2 15 8 -32 10 -3 -6 17 8 -31 10 -5 9 4 11 -8 -5 -7 9 22 -1 17 1 -16 -2 14 -2 -21 -3 18 -3 -33 6 24 8 -32 9 -9 11 -18 2 -15 10 -9 6 -31 3 0.475524 17 11 13 17 -43 7 2 21 -19 8 45 21 4 12 18 19 8 29 -36 10 38 6 -68 11 -57 27 -43 18 -67 10 -52 16 -2 11 -9 
83 5 3 0 0.511318 96 -7 -24 -3 46 -14 -62 -8 -65 -5 35 -8 -50 -10 -37 -13 -63 4 -38 -17 -71 -7 -60 20 -46 -4 11 -5 42 -4 10 -12 -47 4 -17 3 -38 6 -22 -12 -43 -14 -39 -7 -53 4 7 -5 -76 -11 16 5 16 -10 -37 5 -12 0 -9 8 -4 -14 -29 -5 -44 -9 0 -7 -45 -6 -21 -1 43 14 -12 -5 -44 -7 -71 -7 -34 -10 -35 -4 -2 -6 -62 -5 -64 -6 -39 21 9 -12 -57 -2 21 3 72 20 -15 -6 -57 -12 -44 8 -68 -10 -24 2 3 -12 -54 -8 -44 -1 41 9 -18 -12 -59 -12 -64 11 -1 2 -4 1 13 9 -16 -3 -71 -14 -69 -5 -5 -6 -68 -8 5 -10 -70 -16 -33 -18 -35 -24 -28 -13 -59 -7 -69 11 -58 5 -46 -12 -68 3 -21 -2 3 13 -75 4 39 -19 -64 -3 -71 -1 -46 -7 -12 -11 -21 -9 -56 -9 -58 1 -10 -16 -52 -10 -56 -10 -11 -9 -85 6 -13 1 0.923689 348 1 26 10 18 -12 -31 4 30 8 -22 -3 -13 4 16 7 -25 -5 1 5 -22 7 30 -3 28 -9 27 -8 -31 -9 -35 6 -30 2 33 11 35 -3 31 7 17 12 -9 7 19 0 -31 6 -3 -4 3 -1 6 -1 7 4 24 8 -27 3 31 10 27 6 12 8 13 7 8 11 -32 -9 32 9 -25 -7 2 7 -28 4 9 9 34 4 24 10 13 11 15 9 -3 2 16 -9 -5 5 -9 10 19 11 5 -7 -8 9 -5 -2 -22 -1 -21 11 10 -5 -11 -1 -4 5 3 -8 23 10 -15 11 31 -4 -28 9 2 11 -10 11 3 0 15 0 11 -10 -6 2 22 2 3 -8 -19 0 -16 8 23 -4 33 11 13 10 5 -7 -3 8 26 4 23 -7 -14 -7 -8 6 -26 -10 -23 7 27 -3 -29 -9 -2 1 -9 -1 2 -8 -22 -2 1 9 -15 2 15 10 22 3 20 -2 9 5 -1 -3 -2 10 14 8 22 -1 2 -1 33 11 13 5 32 -9 26 10 27 8 -16 -13 -25 7 8 7 9 8 6 1 8 -9 -18 1 -16 10 -1 -1 21 8 4 9 28 11 17 10 4 1 -2 12 9 9 7 -9 25 -3 -21 -9 1 10 -25 8 10 8 3 -2 29 -4 -15 9 28 3 -1 -2 35 6 -5 -8 33 4 -1 -1 -11 -8 32 6 -21 -9 4 8 -2 7 -8 6 17 1 3 -8 7 -10 -29 -6 -21 6 -8 -8 -21 10 19 4 0 9 10 4 32 -14 -16 8 8 -1 -31 9 -6 0 -16 10 27 8 21 9 12 -12 -18 -7 -23 -9 -1 8 7 7 17 6 9 9 -28 -4 16 -14 -18 -11 -20 -9 11 9 -15 8 33 -5 26 -3 7 13 -21 -10 -28 8 31 1 -14 -3 -21 -9 20 -5 -14 -12 30 -13 -26 -9 30 -3 29 -5 -10 -12 17 -5 28 6 20 -1 26 -10 -22 -1 -20 -5 8 -13 -11 0 -15 -6 20 3 9 -13 12 -3 -10 -4 -7 -12 11 -12 7 1 -15 -9 -25 -11 13 5 20 -10 17 4 -8 6 14 -14 22 -12 -1 -4 29 -1 -13 -7 -31 -14 -12 5 -12 -14 19 -11 28 -13 28 -13 29 -1 25 -8 12 -10 18 -14 28 13 -3 -4 17 -3 9 0 -16 -2 21 -2 9 0 32 -9 0 -7 -1 4 -6 -13 33 6 11 4 6 -14 -23 -13 13 -12 19 -10 4 -14 -34 -14 29 -3 5 0 12 -7 4 5 -8 0 -25 -8 -3 -8 -32 -11 -28 -14 31 -12 -26 5 -5 -1 13 -9 11 7 -17 -12 9 -13 -24 -11 -33 -3 -33 -11 -8 -6 3 -6 -14 -9 -10 -1 24 -11 31 -12 30 -8 28 2 -9 -12 -22 -14 -10 -10 -6 -13 -8 -8 28 -9 28 -3 24 -9 35 -13 -27 -6 -17 -12 24 -12 1 5 -34 -8 -22 -11 -33 -4 -17 -12 -33 -14 25 -3 16 -13 4 -14 -18 -12 -11 -13 25 -8 30 -6 1 -7 1 -10 15 -13 -28 -12 -24 -11 -8 -11 0 -9 26 4 -30 -13 29 -5 -6 -6 3 -4 10 -5 35 -2 10 13 13 -9 28 -1 -20 -8 15 -3 -8 -11 15 -9 -9 -12 -4 -14 25 -13 -19 -9 -29 -6 -10 6 33 -14 -4 -7 -10 4 -13 -11 -5 -8 34 -13 -21 -14 -24 -10 15 -10 -14 -13 -27 -12 7 -3 28 -13 -33 -11 -30 -9 -29 -14 27 -12 -9 -12 -11 -13 34 13 20 14 -22 13 -20 13 -34 13 16 3 0.146154 19 20 -61 29 -16 5 -96 25 -4 20 13 17 -4 18 38 23 13 8 23 2 -73 -29 -93 -28 -28 -30 4 22 18 -23 -3 -27 3 2 26 -32 -33 -27 -20 
84 5 3 0 0.882353 15 -14 -91 -7 -91 -10 -91 -11 -90 -21 -89 6 -90 -2 -88 7 11 -1 -87 6 10 1 -65 0 -59 -4 -53 -3 -68 -3 -62 1 0.585366 6 4 -19 3 -18 4 -28 4 22 -2 -35 4 -26 3 0.275862 2 -41 -97 15 -65 
85 5 3 0 0.571429 13 -2 -56 5 -74 -4 -49 -2 -56 0 -57 0 -60 2 -54 1 -68 1 -51 1 -46 4 -53 0 -29 2 -43 1 0.383562 7 3 22 3 9 2 15 3 -21 3 -21 4 -10 2 -17 3 0.864865 32 3 -13 -42 -26 18 -13 18 -8 4 1 18 -3 5 -48 17 -9 7 39 10 38 15 -20 5 -78 5 -87 9 -45 8 -19 12 -12 16 -30 13 10 9 -70 16 -22 16 -18 21 -37 6 -98 11 -9 5 30 18 -40 2 -47 23 -5 6 11 20 -16 7 -19 7 -57 
86 5 3 0 0.533333 4 17 -43 13 -90 11 67 16 -25 1 0.533333 4 17 -33 16 39 17 21 17 14 3 0.833333 10 32 -24 -27 83 -6 -86 -27 87 22 17 10 11 -42 -29 9 -34 -5 -98 9 46 
87 5 3 0 0.333333 1 2 64 1 0.933333 7 17 13 17 8 17 -37 16 -25 16 -34 15 10 16 -37 3 0.333333 1 -17 36 
88 5 2 0 0.980392 25 6 13 15 14 13 12 -3 15 -2 50 -14 14 0 65 -12 69 -9 68 -10 42 -8 48 -5 49 8 -51 -10 66 -1 52 -16 13 -18 21 -7 9 -6 45 -20 21 -10 71 -12 44 -9 22 -20 22 -17 23 3 0.242424 2 9 63 6 63 
89 5 2 0 0.470588 2 -17 12 2 14 3 0.947368 9 -15 34 -13 81 -15 83 -23 87 -29 4 -11 56 -13 10 -16 10 -34 43 
90 5 3 0 0.0930233 2 13 -18 8 -23 1 0.0930233 2 16 -38 17 -31 3 0.987013 76 19 24 17 45 19 -10 3 -42 18 -20 12 18 -1 -17 5 -10 -8 -19 -9 -21 5 -9 14 2 11 -25 5 -12 -10 -80 0 -11 0 -94 2 -23 8 -7 -32 -32 -31 -4 -24 51 -28 -35 -26 -14 -21 55 8 3 -20 65 -37 45 -21 -47 4 -31 -30 17 -8 -37 -24 25 -12 67 -13 -76 -25 -55 -31 -13 -26 23 -18 -16 -14 -38 -24 -38 -13 15 -26 -32 -26 -71 -36 -20 -24 -29 -32 -25 -33 -71 -35 50 1 -14 -11 16 -7 -5 -17 -25 -18 13 -19 0 -36 0 -27 -15 -27 -55 -16 47 5 0 -27 -95 -21 -32 -18 -18 -21 -65 -23 -63 -6 -22 -23 -6 -11 -11 -14 -42 -16 -74 -7 -14 -16 -66 -27 6 -27 -56 -25 -90 -21 -50 
91 5 3 0 0.877193 25 9 -13 -4 -55 -9 -35 -11 -72 -8 -38 -13 -56 -19 -25 -12 -33 -11 -54 -6 -54 -17 38 -12 -65 -20 -62 -13 -2 -16 -2 -20 -18 -14 -6 -22 -15 -20 1 -6 -61 -17 -53 0 -9 -7 -52 -8 31 10 -40 1 0.177778 2 -8 23 -4 -31 3 0.64 12 -12 4 -7 7 -17 -7 -38 -18 -27 0 -22 -16 -27 -26 -25 -32 -25 -19 19 -7 -8 9 13 -42 
92 5 3 0 0.470588 2 -4 -71 -3 38 1 0.470588 2 -11 -33 -7 -21 3 0.875 7 12 -37 19 1 -5 14 -2 8 -1 -3 -2 39 -7 47 
93 5 2 0 0.8 5 -21 -40 -9 37 -15 9 -9 -15 -9 -28 3 0.8 5 -28 -21 -33 -23 -1 37 -15 -47 9 -53 
94 5 2 0 0.222222 5 5 -12 1 -3 -5 -18 -3 -8 -1 -55 3 0.982456 70 -5 -88 -7 -36 6 5 -7 9 -14 -31 7 -42 13 7 1 -43 -13 -73 0 -13 -13 -22 7 41 -4 10 -11 43 -10 9 -3 28 -4 25 7 -10 6 28 6 -1 -12 14 -15 0 6 6 -18 -82 -12 -5 -14 -23 -22 -78 -2 -43 2 -34 -1 -83 -19 -75 -6 -31 2 30 -18 -75 -15 -30 -17 -22 12 19 -14 48 -9 -15 -16 9 10 -34 -10 -18 -16 17 0 22 -25 -58 -23 -35 -9 -4 -10 -51 1 -34 4 55 -4 -92 1 -83 -4 21 15 -5 3 -39 6 -41 -10 -52 -8 -75 4 8 -7 -81 3 1 2 -22 15 9 -17 -91 -3 -93 13 9 -21 25 -6 -99 -7 -99 -2 -95 
95 5 3 0 0.689655 5 15 23 10 -28 11 -82 -14 -73 -5 -51 1 0.75 6 -13 15 -13 17 -14 1 -10 2 -14 -3 -11 18 3 0.521739 3 8 -40 -29 -22 -42 24 
96 5 2 0 0.48 3 -18 -73 -13 -67 -21 -64 3 0.945455 13 7 -44 8 -29 -21 57 -7 15 -27 50 2 -91 3 33 -35 24 0 -28 -14 83 -32 -5 -18 -7 4 -11 
97 5 2 0 0.983607 75 14 29 9 -70 -23 -74 -11 -77 -20 -74 -10 -22 -23 -71 -10 -68 -6 -16 -22 -75 -6 -24 -22 -77 -2 -29 0 14 -1 9 -16 -68 -8 -31 -8 -76 -20 -65 -2 -14 -20 -62 -2 -27 2 -30 -10 -74 8 -1 -18 -32 5 -28 2 -15 -1 -38 -10 -74 -10 -75 5 -78 2 2 -6 -73 9 5 9 -20 0 -68 -6 -68 8 0 -5 -31 2 28 -6 -67 13 -72 11 20 4 -10 5 33 7 -17 -4 -76 -14 -56 9 30 -14 -67 8 -1 5 -54 -2 -72 -6 -33 2 -61 7 1 7 43 9 -13 2 -48 7 35 4 -71 -2 -65 5 -37 4 -68 6 -49 -4 -86 8 -72 3 -73 1 -66 2 -71 10 -63 5 -75 -15 -76 14 -72 3 0.210526 5 -42 85 -41 65 11 -43 -30 49 -15 -34 
98 5 2 0 0.4 1 -9 69 3 0.96 6 12 -11 -3 52 4 71 -6 73 8 38 13 36 
99 5 3 0 0.5 1 7 -57 1 0.5 1 4 -25 3 0.857143 3 -38 -63 22 -3 4 53 
100 5 2 0 0.96124 31 -3 -11 -4 -62 7 -84 7 -83 0 -62 4 21 13 -86 11 -76 -13 -59 -1 12 -1 1 4 29 -11 -11 -4 -47 -4 9 0 -30 -2 -30 -10 11 1 -82 -11 -25 -12 -14 -16 16 1 -19 -1 -36 9 -28 -12 68 -4 -60 -10 -57 -5 -60 -19 69 0 -60 3 0.392157 5 -36 39 22 -34 -40 -79 -41 -86 -14 26 
101 5 2 0 0.969697 8 1 9 -10 9 6 -82 4 -78 -9 0 -6 3 -5 -1 -7 -27 3 0.333333 1 3 -14 
102 5 3 0 0.717949 14 -2 -25 -1 -35 -10 -60 -7 -45 -15 18 -11 -56 -7 19 -9 29 -10 -44 3 11 7 -61 -20 -27 -18 -25 -15 -84 1 0.666667 12 -11 6 -4 -19 3 -22 -11 0 3 18 6 14 -9 -10 -11 -9 -6 -3 -6 11 -7 12 -6 12 3 0.606061 10 1 0 -1 -29 2 -34 11 -93 -19 -12 -12 -14 -18 -96 -23 -97 -16 -64 -31 -98 
103 5 3 0 0.333333 1 5 42 1 0.333333 1 -11 22 3 0.933333 7 16 -15 9 -8 -7 -68 -33 20 -32 19 -3 0 -9 1 
104 5 2 1 0.978431 499 -6 22 5 22 -5 23 -7 20 4 22 -4 21 3 38 13 38 15 19 1 35 5 26 0 35 12 38 12 36 -1 34 -2 35 12 36 10 37 5 37 -2 26 -6 35 1 31 6 17 -3 33 1 15 0 3 8 36 0 35 -6 19 0 18 8 38 -2 22 3 26 -6 10 3 34 -2 -6 -4 33 13 37 8 -8 -11 30 3 14 4 12 -7 17 13 27 10 28 14 21 -4 -11 11 36 -2 38 4 5 -10 20 5 34 6 36 12 20 15 21 3 32 12 22 3 25 10 11 5 26 16 23 13 29 2 22 10 30 11 26 7 37 7 38 -2 30 7 21 17 22 -6 30 1 30 13 32 15 21 16 24 10 32 5 10 14 34 9 31 1 2 11 28 4 21 -6 30 9 22 10 9 7 31 -7 -14 -15 4 -9 35 4 20 5 38 8 19 -6 34 13 21 14 29 -5 17 5 25 -5 37 -5 28 -4 25 -5 23 -8 32 -6 37 -3 28 9 35 3 12 6 21 8 34 13 34 -6 15 17 20 9 -15 6 20 17 30 4 -11 7 22 -6 30 -1 20 0 -33 -4 20 -4 29 6 24 13 17 -3 -19 9 19 15 32 9 10 -11 29 7 25 7 32 9 -35 -10 19 0 -10 15 32 -3 -9 -7 32 16 -15 12 35 10 -18 1 -4 -10 33 16 16 -12 19 2 -14 2 -12 14 2 -13 -14 -14 30 3 27 -13 -6 -10 22 4 -17 11 17 -4 4 -7 15 -13 -33 3 4 -10 21 -11 24 2 -37 -15 21 13 32 -9 -39 -7 22 -7 37 7 -22 1 -30 16 16 -13 25 13 -39 13 -4 7 -2 7 -33 -13 24 11 2 -9 17 8 -34 -3 17 6 -31 -15 -2 -8 -37 -15 -16 4 -29 -8 30 -15 11 -9 -13 -15 -2 -16 2 16 15 -12 -13 -8 -32 -9 26 10 -3 -15 22 -11 -2 9 -31 -13 21 -4 -34 -9 -34 6 17 -10 2 3 17 -6 -15 -13 11 -6 -22 16 -19 -15 -10 -10 28 16 15 -3 -12 -10 -20 -6 -33 6 -27 -4 15 -15 24 6 32 10 -27 -2 -2 -9 13 -9 -7 15 -39 -3 22 -3 10 1 17 17 -6 14 -39 2 15 -15 -3 12 -19 4 -34 -6 38 17 -39 -15 35 -4 -4 0 -8 -13 -38 -12 36 11 -8 10 -8 12 -8 -7 -6 4 -28 16 -29 -3 -23 16 -23 1 -10 17 15 11 -14 -14 -9 6 -25 15 2 1 -3 12 -32 7 -30 3 -29 -14 26 -13 -23 -10 -32 -6 16 11 -35 16 13 11 -16 17 6 14 13 2 -23 -14 -21 -13 -35 14 -5 -4 -24 13 -9 -7 -11 5 -4 10 6 16 9 -5 -14 13 -28 10 -9 16 -9 14 -8 14 10 13 -30 15 -29 15 -23 17 -21 -15 1 13 -36 7 -20 13 -26 13 -17 10 -39 -7 -30 -9 -31 -5 -16 -9 -28 14 -20 14 -20 10 -21 15 -19 12 -19 8 5 12 -21 12 -23 -4 8 16 -3 16 -27 13 -26 -16 -8 -13 -17 11 0 13 10 11 -11 -10 -27 17 -8 -10 -18 11 -31 -3 -8 13 -2 -8 8 -12 -17 8 7 14 6 -16 13 11 -16 8 -29 -5 9 -16 20 0 -38 10 -12 -2 -36 16 -18 10 0 1 -34 16 -20 11 14 12 -1 -15 26 4 12 -13 2 13 -33 13 -5 -11 12 -1 -36 14 8 -16 11 -12 8 9 -13 11 8 10 -2 -4 1 -14 0 3 -38 5 -1 4 -24 16 -11 -2 10 -14 -14 9 -26 8 -1 12 -17 14 -15 13 7 4 -26 8 -30 -16 -31 -11 -29 16 0 5 -29 13 -22 7 -29 -9 -6 7 -12 -16 -31 -10 -15 -8 -25 15 -3 8 -38 16 4 -15 34 -7 2 -1 -35 -6 -22 -2 14 -5 4 -10 -2 -12 7 12 4 9 8 5 3 -10 11 0 14 -9 13 -7 -30 -14 -11 -15 -26 1 -9 -7 -31 -1 -32 -2 -31 -15 -39 3 10 -16 -17 -10 -11 -2 6 -13 -12 9 -17 7 -7 -16 29 -1 7 -6 -6 -6 -14 -7 8 1 6 1 -38 -13 -5 -9 -2 11 10 11 15 -15 10 2 6 -9 6 6 -14 -5 12 3 -2 -6 11 3 13 -16 31 -15 -19 1 -5 -14 -35 -4 -26 3 10 -12 -13 -3 -15 -14 -19 -14 12 -10 -28 -11 11 -6 -1 -16 -4 3 -22 3 14 -15 -31 -10 -26 3 -2 7 -32 -4 -4 -2 8 -7 -34 -4 -37 3 -17 2 11 1 -1 -13 27 5 -4 -9 5 3 -5 -6 -1 2 -9 -9 11 -8 -31 -9 10 -7 -33 -16 -8 -16 15 1 -12 -16 -10 -5 -28 0 1 2 -6 -9 -12 5 -7 -4 -7 1 17 -9 0 -4 -11 -14 -16 7 -25 0 -11 -7 -21 -10 -28 -16 -21 8 -17 -1 23 -1 -7 -11 -17 -14 -25 -14 -24 -9 -9 -15 -23 -10 -18 -7 -11 -8 -21 2 -20 -13 -37 -2 27 4 5 4 39 -16 -38 -16 8 3 0.260741 44 -28 -66 -22 -9 -12 22 -24 -1 -10 -27 -20 -73 -19 19 -31 26 10 26 -19 3 -20 -47 -22 3 -15 -38 -23 -89 -15 -37 -31 -36 -21 22 -35 -51 -29 -94 -14 51 -24 -91 -13 -77 -5 -32 -15 -67 -22 -64 8 66 -32 43 -11 -20 -13 -94 -21 54 -23 -21 2 23 -3 14 -21 -39 2 77 -21 35 -24 -18 -11 -14 -32 65 -19 20 -22 59 -13 30 -12 22 -26 5 
105 5 2 1 0.888889 6 8 0 -12 -19 -10 5 -9 11 -9 38 7 7 3 0.666667 3 5 32 -9 26 -29 66 
106 5 2 1 0.190476 1 -2 39 3 0.985507 17 -29 54 -27 54 2 90 -24 14 -24 7 -28 60 -35 42 -11 -19 -12 14 -18 -16 -17 -16 -13 -3 -22 35 -23 -7 -8 -16 -19 -16 18 22 
107 5 3 0 0.727273 2 -20 -10 -14 -23 1 0.727273 2 6 -30 5 -17 3 0.5 1 -42 72 
108 5 4 0 0.2 1 -18 -5 1 0.2 1 6 -19 3 0.949153 14 -16 16 -6 17 -16 15 -7 -97 -10 -89 -5 0 -12 -96 11 -21 -37 26 7 28 -23 21 -6 70 -24 26 1 63 4 0.2 1 -15 -42 
109 5 2 1 0.0909091 1 7 -23 3 0.993789 40 -3 9 -39 5 -40 -28 -39 -23 -13 -82 2 26 -8 70 -11 -36 -5 -75 -19 -44 -6 -14 -6 67 1 -9 -4 -55 -4 -51 -4 -22 -12 36 0 -36 -3 71 2 54 -9 -11 -16 -24 5 -18 0 14 -7 -70 -5 10 -9 -28 -2 15 -13 -7 -4 59 -4 16 -8 -86 11 15 -11 -57 4 21 -1 -19 -17 70 9 12 2 -23 1 1 
110 5 2 0 0.985507 34 -7 65 -9 63 -7 68 -17 60 -13 67 -10 67 -10 68 -9 52 -3 67 -6 71 -14 60 -13 60 -17 76 -22 68 -7 69 -2 59 -10 60 -2 59 -5 65 -7 66 -9 57 -1 71 -4 65 -2 75 -17 72 -5 70 5 56 -5 62 1 60 -9 73 -2 59 -20 51 -21 60 1 58 3 0.190476 2 -10 26 8 -97 
111 5 3 0 0.8 4 -2 65 -17 62 -19 65 -24 64 3 0.705882 3 16 -36 -1 31 -38 -18 4 0.363636 1 13 -36 
112 5 4 0 0.4 1 -7 79 1 0.842105 4 -4 -30 -2 -34 -7 -39 -4 -32 3 0.4 1 -2 29 4 0.4 1 -25 -2 
113 5 2 0 0.205128 2 -16 74 -12 77 3 0.984127 31 -17 78 -39 47 11 37 -35 84 -32 40 -24 40 -42 -11 -36 2 -42 -3 -34 -53 -39 5 -42 -1 -38 55 -24 -10 -30 16 11 -29 -41 12 -30 -30 -37 -42 -41 1 -42 -55 -6 86 -40 -25 -35 -28 -42 -42 -37 -59 -42 -66 -27 -26 -31 -17 -28 -18 -27 -7 
114 5 2 0 0.105263 1 -11 76 4 0.992701 34 -23 -1 -19 -39 -14 -6 -24 31 -25 18 -22 -12 -24 -19 -17 28 -21 4 -19 37 -21 -26 -16 2 -20 -31 -18 3 -20 31 -23 -13 -19 15 -20 8 -22 24 -23 0 -21 -18 -17 -6 -21 24 -17 -15 -18 28 -18 16 -19 -19 -20 -17 -21 28 -22 24 -24 17 -25 21 -23 -30 -25 18 
