10 129 0
0 0 -1 11 14 14 1 26 27 14 6 32 -3987 
1 1 -1 15 8 12 0 46 44 1 2 32 -402 
2 1 -1 19 12 14 4 41 38 2 4 32 483 
3 2 0 0 0 0 0 0 0 0 0 0 0 
4 2 -1 21 14 8 1 29 22 17 16 32 -22669 
5 2 -1 17 16 7 13 45 45 2 1 32 -120 
6 2 -1 12 12 6 0 44 30 3 9 32 -1356 
7 3 0 0 0 0 0 0 0 0 0 0 0 
8 3 0 0 0 0 0 0 0 0 0 0 0 
9 3 -1 19 2 0 2 33 24 10 9 32 -8758 
10 3 -1 19 3 15 16 42 26 3 9 32 4200 
11 3 -1 10 17 11 5 45 40 2 2 32 -395 
12 3 -1 20 10 10 12 38 43 2 3 32 -278 
13 3 -1 3 5 0 18 40 27 7 16 32 -5514 
14 3 -1 9 7 14 14 36 28 7 8 32 5846 
15 4 0 0 0 0 0 0 0 0 0 0 0 
16 4 0 0 0 0 0 0 0 0 0 0 0 
17 4 0 0 0 0 0 0 0 0 0 0 0 
18 4 0 0 0 0 0 0 0 0 0 0 0 
19 4 -1 0 22 22 15 30 40 8 4 32 8076 
20 4 -1 8 10 6 22 32 44 1 1 32 13911 
21 4 -1 4 5 19 4 34 41 8 5 32 -3441 
22 4 -1 2 18 1 17 3 37 22 6 32 217 
23 4 -1 21 18 0 0 10 16 0 0 17 -7 
24 4 -1 13 46 0 0 47 7 0 0 16 -15 
25 4 -1 20 19 3 3 45 33 1 13 32 -25 
26 4 -1 2 10 21 1 27 43 13 3 32 -1040 
27 4 -1 17 3 22 22 42 29 3 6 32 21775 
28 4 -1 1 19 12 20 21 46 11 1 32 8413 
29 4 -1 1 19 1 17 9 43 38 4 32 -4338 
30 4 -1 13 16 0 21 28 38 11 7 32 -271 
31 5 0 0 0 0 0 0 0 0 0 0 0 
32 5 0 0 0 0 0 0 0 0 0 0 0 
33 5 0 0 0 0 0 0 0 0 0 0 0 
34 5 0 0 0 0 0 0 0 0 0 0 0 
35 5 0 0 0 0 0 0 0 0 0 0 0 
36 5 0 0 0 0 0 0 0 0 0 0 0 
37 5 0 0 0 0 0 0 0 0 0 0 0 
38 5 0 0 0 0 0 0 0 0 0 0 0 
39 5 -1 11 17 7 6 46 23 1 15 32 -2896 
40 5 -1 16 13 0 18 35 35 4 4 32 -1578 
41 5 -1 20 21 15 6 42 27 2 2 32 8422 
42 5 31 0 0 0 0 0 0 0 0 0 0 
43 5 32 0 0 0 0 0 0 0 0 0 0 
44 5 33 0 0 0 0 0 0 0 0 0 0 
45 5 -1 4 18 10 13 15 38 24 4 32 3222 
46 5 -1 2 7 0 0 6 47 0 0 12 8 
47 5 -1 16 9 6 16 23 45 24 2 32 -2800 
48 5 50 0 0 0 0 0 0 0 0 0 0 
49 5 51 0 0 0 0 0 0 0 0 0 0 
50 5 52 0 0 0 0 0 0 0 0 0 0 
51 5 53 0 0 0 0 0 0 0 0 0 0 
52 5 54 0 0 0 0 0 0 0 0 0 0 
53 5 -1 22 17 0 0 21 45 0 0 7 -38 
54 5 -1 5 19 19 5 39 28 1 15 32 445 
55 5 -1 3 17 11 7 18 28 16 11 32 -1816 
56 5 81 0 0 0 0 0 0 0 0 0 0 
57 5 -1 6 22 17 15 29 38 18 2 32 733 
58 5 89 0 0 0 0 0 0 0 0 0 0 
59 5 -1 18 14 20 7 43 36 3 1 32 4705 
60 5 -1 10 2 0 2 19 40 13 2 32 -77 
61 5 -1 2 16 2 16 13 43 6 4 32 -201 
62 5 -1 14 10 11 9 45 22 2 11 32 5001 
63 6 0 0 0 0 0 0 0 0 0 0 0 
64 6 0 0 0 0 0 0 0 0 0 0 0 
65 6 0 0 0 0 0 0 0 0 0 0 0 
66 6 0 0 0 0 0 0 0 0 0 0 0 
67 6 0 0 0 0 0 0 0 0 0 0 0 
68 6 0 0 0 0 0 0 0 0 0 0 0 
69 6 0 0 0 0 0 0 0 0 0 0 0 
70 6 0 0 0 0 0 0 0 0 0 0 0 
71 6 0 0 0 0 0 0 0 0 0 0 0 
72 6 0 0 0 0 0 0 0 0 0 0 0 
73 6 0 0 0 0 0 0 0 0 0 0 0 
74 6 0 0 0 0 0 0 0 0 0 0 0 
75 6 0 0 0 0 0 0 0 0 0 0 0 
76 6 0 0 0 0 0 0 0 0 0 0 0 
77 6 0 0 0 0 0 0 0 0 0 0 0 
78 6 0 0 0 0 0 0 0 0 0 0 0 
79 6 -1 5 4 10 22 45 33 2 13 32 -2569 
80 6 -1 23 28 0 0 4 14 0 0 17 -10 
81 6 8 0 0 0 0 0 0 0 0 0 0 
82 6 -1 1 11 6 11 16 41 1 2 32 1491 
83 6 -1 15 9 0 0 32 2 0 0 0 30 
84 6 -1 19 21 3 8 40 30 2 12 32 -776 
85 6 0 0 0 0 0 0 0 0 0 0 0 
86 6 0 0 0 0 0 0 0 0 0 0 0 
87 6 0 0 0 0 0 0 0 0 0 0 0 
88 6 0 0 0 0 0 0 0 0 0 0 0 
89 6 0 0 0 0 0 0 0 0 0 0 0 
90 6 0 0 0 0 0 0 0 0 0 0 0 
91 6 34 0 0 0 0 0 0 0 0 0 0 
92 6 -1 8 12 4 4 27 25 19 12 32 -18017 
93 6 44 0 0 0 0 0 0 0 0 0 0 
94 6 -1 21 17 0 0 9 11 0 0 3 -4 
95 6 47 0 0 0 0 0 0 0 0 0 0 
96 6 -1 5 15 13 8 44 40 1 6 32 -1284 
97 6 0 0 0 0 0 0 0 0 0 0 0 
98 6 0 0 0 0 0 0 0 0 0 0 0 
99 6 0 0 0 0 0 0 0 0 0 0 0 
100 6 0 0 0 0 0 0 0 0 0 0 0 
101 6 0 0 0 0 0 0 0 0 0 0 0 
102 6 0 0 0 0 0 0 0 0 0 0 0 
103 6 0 0 0 0 0 0 0 0 0 0 0 
104 6 0 0 0 0 0 0 0 0 0 0 0 
105 6 0 0 0 0 0 0 0 0 0 0 0 
106 6 0 0 0 0 0 0 0 0 0 0 0 
107 6 -1 17 1 18 11 46 43 1 2 32 508 
108 6 -1 18 1 2 7 38 44 7 1 32 -335 
109 6 -1 38 30 0 0 39 0 0 0 1 -18 
110 6 -1 15 17 10 15 26 42 12 5 32 4636 
111 6 79 0 0 0 0 0 0 0 0 0 0 
112 6 80 0 0 0 0 0 0 0 0 0 0 
113 6 0 0 0 0 0 0 0 0 0 0 0 
114 6 0 0 0 0 0 0 0 0 0 0 0 
115 6 -1 20 4 0 21 36 38 9 6 32 -2410 
116 6 -1 17 37 0 0 47 11 0 0 14 0 
117 6 0 0 0 0 0 0 0 0 0 0 0 
118 6 0 0 0 0 0 0 0 0 0 0 0 
119 6 -1 1 6 1 5 29 13 1 17 32 -33 
120 6 -1 20 2 15 13 39 33 5 11 32 2633 
121 6 -1 5 5 15 1 37 8 8 28 32 -6649 
122 6 -1 19 8 5 1 37 12 10 17 32 -7542 
123 6 -1 11 6 5 22 27 35 18 9 32 -2119 
124 6 -1 13 7 8 15 38 33 9 12 32 5380 
125 6 126 0 0 0 0 0 0 0 0 0 0 
126 6 -1 2 20 8 5 12 29 30 8 32 -2754 
127 7 0 0 0 0 0 0 0 0 0 0 0 
128 7 0 0 0 0 0 0 0 0 0 0 0 
129 7 0 0 0 0 0 0 0 0 0 0 0 
130 7 0 0 0 0 0 0 0 0 0 0 0 
131 7 0 0 0 0 0 0 0 0 0 0 0 
132 7 0 0 0 0 0 0 0 0 0 0 0 
133 7 0 0 0 0 0 0 0 0 0 0 0 
134 7 0 0 0 0 0 0 0 0 0 0 0 
135 7 0 0 0 0 0 0 0 0 0 0 0 
136 7 0 0 0 0 0 0 0 0 0 0 0 
137 7 0 0 0 0 0 0 0 0 0 0 0 
138 7 0 0 0 0 0 0 0 0 0 0 0 
139 7 0 0 0 0 0 0 0 0 0 0 0 
140 7 0 0 0 0 0 0 0 0 0 0 0 
141 7 0 0 0 0 0 0 0 0 0 0 0 
142 7 0 0 0 0 0 0 0 0 0 0 0 
143 7 0 0 0 0 0 0 0 0 0 0 0 
144 7 0 0 0 0 0 0 0 0 0 0 0 
145 7 0 0 0 0 0 0 0 0 0 0 0 
146 7 0 0 0 0 0 0 0 0 0 0 0 
147 7 0 0 0 0 0 0 0 0 0 0 0 
148 7 0 0 0 0 0 0 0 0 0 0 0 
149 7 0 0 0 0 0 0 0 0 0 0 0 
150 7 0 0 0 0 0 0 0 0 0 0 0 
151 7 0 0 0 0 0 0 0 0 0 0 0 
152 7 0 0 0 0 0 0 0 0 0 0 0 
153 7 0 0 0 0 0 0 0 0 0 0 0 
154 7 0 0 0 0 0 0 0 0 0 0 0 
155 7 0 0 0 0 0 0 0 0 0 0 0 
156 7 0 0 0 0 0 0 0 0 0 0 0 
157 7 0 0 0 0 0 0 0 0 0 0 0 
158 7 0 0 0 0 0 0 0 0 0 0 0 
159 7 -1 16 7 4 12 27 39 9 4 32 -1625 
160 7 3 0 0 0 0 0 0 0 0 0 0 
161 7 4 0 0 0 0 0 0 0 0 0 0 
162 7 -1 11 33 0 0 17 30 0 0 3 41 
163 7 0 0 0 0 0 0 0 0 0 0 0 
164 7 0 0 0 0 0 0 0 0 0 0 0 
165 7 -1 2 6 18 8 36 17 11 28 32 -29920 
166 7 -1 19 5 0 0 7 36 0 0 18 -7 
167 7 -1 10 40 0 0 21 12 0 0 1 4 
168 7 -1 43 44 0 0 19 39 0 0 10 -100 
169 7 -1 36 44 0 0 21 7 0 0 18 5 
170 7 -1 0 4 5 1 16 23 30 14 32 -41055 
171 7 0 0 0 0 0 0 0 0 0 0 0 
172 7 0 0 0 0 0 0 0 0 0 0 0 
173 7 0 0 0 0 0 0 0 0 0 0 0 
174 7 0 0 0 0 0 0 0 0 0 0 0 
175 7 0 0 0 0 0 0 0 0 0 0 0 
176 7 0 0 0 0 0 0 0 0 0 0 0 
177 7 0 0 0 0 0 0 0 0 0 0 0 
178 7 0 0 0 0 0 0 0 0 0 0 0 
179 7 0 0 0 0 0 0 0 0 0 0 0 
180 7 0 0 0 0 0 0 0 0 0 0 0 
181 7 0 0 0 0 0 0 0 0 0 0 0 
182 7 0 0 0 0 0 0 0 0 0 0 0 
183 7 0 0 0 0 0 0 0 0 0 0 0 
184 7 0 0 0 0 0 0 0 0 0 0 0 
185 7 -1 36 45 0 0 14 20 0 0 17 2 
186 7 -1 16 3 0 19 32 46 1 1 32 -90 
187 7 0 0 0 0 0 0 0 0 0 0 0 
188 7 0 0 0 0 0 0 0 0 0 0 0 
189 7 45 0 0 0 0 0 0 0 0 0 0 
190 7 46 0 0 0 0 0 0 0 0 0 0 
191 7 0 0 0 0 0 0 0 0 0 0 0 
192 7 0 0 0 0 0 0 0 0 0 0 0 
193 7 48 0 0 0 0 0 0 0 0 0 0 
194 7 49 0 0 0 0 0 0 0 0 0 0 
195 7 0 0 0 0 0 0 0 0 0 0 0 
196 7 0 0 0 0 0 0 0 0 0 0 0 
197 7 0 0 0 0 0 0 0 0 0 0 0 
198 7 0 0 0 0 0 0 0 0 0 0 0 
199 7 0 0 0 0 0 0 0 0 0 0 0 
200 7 0 0 0 0 0 0 0 0 0 0 0 
201 7 0 0 0 0 0 0 0 0 0 0 0 
202 7 0 0 0 0 0 0 0 0 0 0 0 
203 7 0 0 0 0 0 0 0 0 0 0 0 
204 7 0 0 0 0 0 0 0 0 0 0 0 
205 7 0 0 0 0 0 0 0 0 0 0 0 
206 7 0 0 0 0 0 0 0 0 0 0 0 
207 7 0 0 0 0 0 0 0 0 0 0 0 
208 7 0 0 0 0 0 0 0 0 0 0 0 
209 7 0 0 0 0 0 0 0 0 0 0 0 
210 7 0 0 0 0 0 0 0 0 0 0 0 
211 7 0 0 0 0 0 0 0 0 0 0 0 
212 7 0 0 0 0 0 0 0 0 0 0 0 
213 7 0 0 0 0 0 0 0 0 0 0 0 
214 7 0 0 0 0 0 0 0 0 0 0 0 
215 7 -1 19 30 0 0 38 34 0 0 17 14 
216 7 59 0 0 0 0 0 0 0 0 0 0 
217 7 60 0 0 0 0 0 0 0 0 0 0 
218 7 -1 6 8 3 1 46 44 1 2 32 -116 
219 7 -1 10 37 0 0 46 11 0 0 14 -89 
220 7 -1 12 10 0 0 38 3 0 0 16 24 
221 7 77 0 0 0 0 0 0 0 0 0 0 
222 7 78 0 0 0 0 0 0 0 0 0 0 
223 7 0 0 0 0 0 0 0 0 0 0 0 
224 7 0 0 0 0 0 0 0 0 0 0 0 
225 7 0 0 0 0 0 0 0 0 0 0 0 
226 7 0 0 0 0 0 0 0 0 0 0 0 
227 7 0 0 0 0 0 0 0 0 0 0 0 
228 7 0 0 0 0 0 0 0 0 0 0 0 
229 7 0 0 0 0 0 0 0 0 0 0 0 
230 7 0 0 0 0 0 0 0 0 0 0 0 
231 7 82 0 0 0 0 0 0 0 0 0 0 
232 7 83 0 0 0 0 0 0 0 0 0 0 
233 7 -1 20 5 1 0 33 36 5 4 32 -680 
234 7 -1 12 0 0 0 46 35 0 0 13 -20 
235 7 0 0 0 0 0 0 0 0 0 0 0 
236 7 0 0 0 0 0 0 0 0 0 0 0 
237 7 0 0 0 0 0 0 0 0 0 0 0 
238 7 0 0 0 0 0 0 0 0 0 0 0 
239 7 -1 5 9 4 0 35 44 3 2 32 -121 
240 7 -1 12 8 0 18 46 38 1 5 32 -295 
241 7 -1 14 0 9 8 26 9 10 21 32 -7381 
242 7 -1 17 3 11 0 40 11 6 24 32 -4802 
243 7 -1 10 6 0 7 46 17 1 30 32 -1968 
244 7 -1 22 11 0 0 42 20 0 0 2 -24 
245 7 118 0 0 0 0 0 0 0 0 0 0 
246 7 -1 10 38 0 0 0 14 0 0 11 -61 
247 7 122 0 0 0 0 0 0 0 0 0 0 
248 7 123 0 0 0 0 0 0 0 0 0 0 
249 7 124 0 0 0 0 0 0 0 0 0 0 
250 7 125 0 0 0 0 0 0 0 0 0 0 
251 7 0 0 0 0 0 0 0 0 0 0 0 
252 7 0 0 0 0 0 0 0 0 0 0 0 
253 7 127 0 0 0 0 0 0 0 0 0 0 
254 7 128 0 0 0 0 0 0 0 0 0 0 
255 8 0 0 0 0 0 0 0 0 0 0 0 
256 8 0 0 0 0 0 0 0 0 0 0 0 
257 8 0 0 0 0 0 0 0 0 0 0 0 
258 8 0 0 0 0 0 0 0 0 0 0 0 
259 8 0 0 0 0 0 0 0 0 0 0 0 
260 8 0 0 0 0 0 0 0 0 0 0 0 
261 8 0 0 0 0 0 0 0 0 0 0 0 
262 8 0 0 0 0 0 0 0 0 0 0 0 
263 8 0 0 0 0 0 0 0 0 0 0 0 
264 8 0 0 0 0 0 0 0 0 0 0 0 
265 8 0 0 0 0 0 0 0 0 0 0 0 
266 8 0 0 0 0 0 0 0 0 0 0 0 
267 8 0 0 0 0 0 0 0 0 0 0 0 
268 8 0 0 0 0 0 0 0 0 0 0 0 
269 8 0 0 0 0 0 0 0 0 0 0 0 
270 8 0 0 0 0 0 0 0 0 0 0 0 
271 8 0 0 0 0 0 0 0 0 0 0 0 
272 8 0 0 0 0 0 0 0 0 0 0 0 
273 8 0 0 0 0 0 0 0 0 0 0 0 
274 8 0 0 0 0 0 0 0 0 0 0 0 
275 8 0 0 0 0 0 0 0 0 0 0 0 
276 8 0 0 0 0 0 0 0 0 0 0 0 
277 8 0 0 0 0 0 0 0 0 0 0 0 
278 8 0 0 0 0 0 0 0 0 0 0 0 
279 8 0 0 0 0 0 0 0 0 0 0 0 
280 8 0 0 0 0 0 0 0 0 0 0 0 
281 8 0 0 0 0 0 0 0 0 0 0 0 
282 8 0 0 0 0 0 0 0 0 0 0 0 
283 8 0 0 0 0 0 0 0 0 0 0 0 
284 8 0 0 0 0 0 0 0 0 0 0 0 
285 8 0 0 0 0 0 0 0 0 0 0 0 
286 8 0 0 0 0 0 0 0 0 0 0 0 
287 8 0 0 0 0 0 0 0 0 0 0 0 
288 8 0 0 0 0 0 0 0 0 0 0 0 
289 8 0 0 0 0 0 0 0 0 0 0 0 
290 8 0 0 0 0 0 0 0 0 0 0 0 
291 8 0 0 0 0 0 0 0 0 0 0 0 
292 8 0 0 0 0 0 0 0 0 0 0 0 
293 8 0 0 0 0 0 0 0 0 0 0 0 
294 8 0 0 0 0 0 0 0 0 0 0 0 
295 8 0 0 0 0 0 0 0 0 0 0 0 
296 8 0 0 0 0 0 0 0 0 0 0 0 
297 8 0 0 0 0 0 0 0 0 0 0 0 
298 8 0 0 0 0 0 0 0 0 0 0 0 
299 8 0 0 0 0 0 0 0 0 0 0 0 
300 8 0 0 0 0 0 0 0 0 0 0 0 
301 8 0 0 0 0 0 0 0 0 0 0 0 
302 8 0 0 0 0 0 0 0 0 0 0 0 
303 8 0 0 0 0 0 0 0 0 0 0 0 
304 8 0 0 0 0 0 0 0 0 0 0 0 
305 8 0 0 0 0 0 0 0 0 0 0 0 
306 8 0 0 0 0 0 0 0 0 0 0 0 
307 8 0 0 0 0 0 0 0 0 0 0 0 
308 8 0 0 0 0 0 0 0 0 0 0 0 
309 8 0 0 0 0 0 0 0 0 0 0 0 
310 8 0 0 0 0 0 0 0 0 0 0 0 
311 8 0 0 0 0 0 0 0 0 0 0 0 
312 8 0 0 0 0 0 0 0 0 0 0 0 
313 8 0 0 0 0 0 0 0 0 0 0 0 
314 8 0 0 0 0 0 0 0 0 0 0 0 
315 8 0 0 0 0 0 0 0 0 0 0 0 
316 8 0 0 0 0 0 0 0 0 0 0 0 
317 8 0 0 0 0 0 0 0 0 0 0 0 
318 8 0 0 0 0 0 0 0 0 0 0 0 
319 8 1 0 0 0 0 0 0 0 0 0 0 
320 8 2 0 0 0 0 0 0 0 0 0 0 
321 8 0 0 0 0 0 0 0 0 0 0 0 
322 8 0 0 0 0 0 0 0 0 0 0 0 
323 8 0 0 0 0 0 0 0 0 0 0 0 
324 8 0 0 0 0 0 0 0 0 0 0 0 
325 8 -1 0 14 0 0 28 7 0 0 17 -1 
326 8 7 0 0 0 0 0 0 0 0 0 0 
327 8 0 0 0 0 0 0 0 0 0 0 0 
328 8 0 0 0 0 0 0 0 0 0 0 0 
329 8 0 0 0 0 0 0 0 0 0 0 0 
330 8 0 0 0 0 0 0 0 0 0 0 0 
331 8 9 0 0 0 0 0 0 0 0 0 0 
332 8 10 0 0 0 0 0 0 0 0 0 0 
333 8 11 0 0 0 0 0 0 0 0 0 0 
334 8 12 0 0 0 0 0 0 0 0 0 0 
335 8 -1 15 8 7 7 39 28 4 12 32 -688 
336 8 -1 10 16 9 6 28 43 9 2 32 1875 
337 8 18 0 0 0 0 0 0 0 0 0 0 
338 8 19 0 0 0 0 0 0 0 0 0 0 
339 8 -1 5 1 13 21 39 45 7 2 32 6839 
340 8 -1 27 34 0 0 40 39 0 0 4 5 
341 8 26 0 0 0 0 0 0 0 0 0 0 
342 8 -1 14 3 14 2 38 18 1 3 32 2146 
343 8 0 0 0 0 0 0 0 0 0 0 0 
344 8 0 0 0 0 0 0 0 0 0 0 0 
345 8 0 0 0 0 0 0 0 0 0 0 0 
346 8 0 0 0 0 0 0 0 0 0 0 0 
347 8 0 0 0 0 0 0 0 0 0 0 0 
348 8 0 0 0 0 0 0 0 0 0 0 0 
349 8 0 0 0 0 0 0 0 0 0 0 0 
350 8 0 0 0 0 0 0 0 0 0 0 0 
351 8 0 0 0 0 0 0 0 0 0 0 0 
352 8 0 0 0 0 0 0 0 0 0 0 0 
353 8 0 0 0 0 0 0 0 0 0 0 0 
354 8 0 0 0 0 0 0 0 0 0 0 0 
355 8 0 0 0 0 0 0 0 0 0 0 0 
356 8 0 0 0 0 0 0 0 0 0 0 0 
357 8 0 0 0 0 0 0 0 0 0 0 0 
358 8 0 0 0 0 0 0 0 0 0 0 0 
359 8 0 0 0 0 0 0 0 0 0 0 0 
360 8 0 0 0 0 0 0 0 0 0 0 0 
361 8 0 0 0 0 0 0 0 0 0 0 0 
362 8 0 0 0 0 0 0 0 0 0 0 0 
363 8 0 0 0 0 0 0 0 0 0 0 0 
364 8 0 0 0 0 0 0 0 0 0 0 0 
365 8 0 0 0 0 0 0 0 0 0 0 0 
366 8 0 0 0 0 0 0 0 0 0 0 0 
367 8 0 0 0 0 0 0 0 0 0 0 0 
368 8 0 0 0 0 0 0 0 0 0 0 0 
369 8 0 0 0 0 0 0 0 0 0 0 0 
370 8 0 0 0 0 0 0 0 0 0 0 0 
371 8 -1 11 12 1 13 20 27 27 2 32 -5108 
372 8 -1 47 40 0 0 4 25 0 0 0 139 
373 8 40 0 0 0 0 0 0 0 0 0 0 
374 8 -1 45 36 0 0 22 20 0 0 6 3 
375 8 0 0 0 0 0 0 0 0 0 0 0 
376 8 0 0 0 0 0 0 0 0 0 0 0 
377 8 0 0 0 0 0 0 0 0 0 0 0 
378 8 0 0 0 0 0 0 0 0 0 0 0 
379 8 0 0 0 0 0 0 0 0 0 0 0 
380 8 0 0 0 0 0 0 0 0 0 0 0 
381 8 0 0 0 0 0 0 0 0 0 0 0 
382 8 0 0 0 0 0 0 0 0 0 0 0 
383 8 0 0 0 0 0 0 0 0 0 0 0 
384 8 0 0 0 0 0 0 0 0 0 0 0 
385 8 0 0 0 0 0 0 0 0 0 0 0 
386 8 0 0 0 0 0 0 0 0 0 0 0 
387 8 0 0 0 0 0 0 0 0 0 0 0 
388 8 0 0 0 0 0 0 0 0 0 0 0 
389 8 0 0 0 0 0 0 0 0 0 0 0 
390 8 0 0 0 0 0 0 0 0 0 0 0 
391 8 0 0 0 0 0 0 0 0 0 0 0 
392 8 0 0 0 0 0 0 0 0 0 0 0 
393 8 0 0 0 0 0 0 0 0 0 0 0 
394 8 0 0 0 0 0 0 0 0 0 0 0 
395 8 0 0 0 0 0 0 0 0 0 0 0 
396 8 0 0 0 0 0 0 0 0 0 0 0 
397 8 0 0 0 0 0 0 0 0 0 0 0 
398 8 0 0 0 0 0 0 0 0 0 0 0 
399 8 0 0 0 0 0 0 0 0 0 0 0 
400 8 0 0 0 0 0 0 0 0 0 0 0 
401 8 0 0 0 0 0 0 0 0 0 0 0 
402 8 0 0 0 0 0 0 0 0 0 0 0 
403 8 0 0 0 0 0 0 0 0 0 0 0 
404 8 0 0 0 0 0 0 0 0 0 0 0 
405 8 0 0 0 0 0 0 0 0 0 0 0 
406 8 0 0 0 0 0 0 0 0 0 0 0 
407 8 0 0 0 0 0 0 0 0 0 0 0 
408 8 0 0 0 0 0 0 0 0 0 0 0 
409 8 0 0 0 0 0 0 0 0 0 0 0 
410 8 0 0 0 0 0 0 0 0 0 0 0 
411 8 0 0 0 0 0 0 0 0 0 0 0 
412 8 0 0 0 0 0 0 0 0 0 0 0 
413 8 0 0 0 0 0 0 0 0 0 0 0 
414 8 0 0 0 0 0 0 0 0 0 0 0 
415 8 0 0 0 0 0 0 0 0 0 0 0 
416 8 0 0 0 0 0 0 0 0 0 0 0 
417 8 0 0 0 0 0 0 0 0 0 0 0 
418 8 0 0 0 0 0 0 0 0 0 0 0 
419 8 0 0 0 0 0 0 0 0 0 0 0 
420 8 0 0 0 0 0 0 0 0 0 0 0 
421 8 0 0 0 0 0 0 0 0 0 0 0 
422 8 0 0 0 0 0 0 0 0 0 0 0 
423 8 0 0 0 0 0 0 0 0 0 0 0 
424 8 0 0 0 0 0 0 0 0 0 0 0 
425 8 0 0 0 0 0 0 0 0 0 0 0 
426 8 0 0 0 0 0 0 0 0 0 0 0 
427 8 0 0 0 0 0 0 0 0 0 0 0 
428 8 0 0 0 0 0 0 0 0 0 0 0 
429 8 0 0 0 0 0 0 0 0 0 0 0 
430 8 0 0 0 0 0 0 0 0 0 0 0 
431 8 -1 13 13 0 0 19 15 0 0 1 9 
432 8 58 0 0 0 0 0 0 0 0 0 0 
433 8 0 0 0 0 0 0 0 0 0 0 0 
434 8 0 0 0 0 0 0 0 0 0 0 0 
435 8 0 0 0 0 0 0 0 0 0 0 0 
436 8 0 0 0 0 0 0 0 0 0 0 0 
437 8 -1 26 13 0 0 31 35 0 0 16 -61 
438 8 64 0 0 0 0 0 0 0 0 0 0 
439 8 65 0 0 0 0 0 0 0 0 0 0 
440 8 -1 23 7 0 0 39 31 0 0 9 46 
441 8 -1 37 39 0 0 9 2 0 0 16 -36 
442 8 -1 8 40 0 0 46 11 0 0 6 -7 
443 8 0 0 0 0 0 0 0 0 0 0 0 
444 8 0 0 0 0 0 0 0 0 0 0 0 
445 8 0 0 0 0 0 0 0 0 0 0 0 
446 8 0 0 0 0 0 0 0 0 0 0 0 
447 8 0 0 0 0 0 0 0 0 0 0 0 
448 8 0 0 0 0 0 0 0 0 0 0 0 
449 8 0 0 0 0 0 0 0 0 0 0 0 
450 8 0 0 0 0 0 0 0 0 0 0 0 
451 8 0 0 0 0 0 0 0 0 0 0 0 
452 8 0 0 0 0 0 0 0 0 0 0 0 
453 8 0 0 0 0 0 0 0 0 0 0 0 
454 8 0 0 0 0 0 0 0 0 0 0 0 
455 8 0 0 0 0 0 0 0 0 0 0 0 
456 8 0 0 0 0 0 0 0 0 0 0 0 
457 8 0 0 0 0 0 0 0 0 0 0 0 
458 8 0 0 0 0 0 0 0 0 0 0 0 
459 8 0 0 0 0 0 0 0 0 0 0 0 
460 8 0 0 0 0 0 0 0 0 0 0 0 
461 8 0 0 0 0 0 0 0 0 0 0 0 
462 8 0 0 0 0 0 0 0 0 0 0 0 
463 8 0 0 0 0 0 0 0 0 0 0 0 
464 8 0 0 0 0 0 0 0 0 0 0 0 
465 8 0 0 0 0 0 0 0 0 0 0 0 
466 8 0 0 0 0 0 0 0 0 0 0 0 
467 8 84 0 0 0 0 0 0 0 0 0 0 
468 8 85 0 0 0 0 0 0 0 0 0 0 
469 8 86 0 0 0 0 0 0 0 0 0 0 
470 8 -1 8 21 2 20 28 44 4 1 32 1126 
471 8 0 0 0 0 0 0 0 0 0 0 0 
472 8 0 0 0 0 0 0 0 0 0 0 0 
473 8 0 0 0 0 0 0 0 0 0 0 0 
474 8 0 0 0 0 0 0 0 0 0 0 0 
475 8 0 0 0 0 0 0 0 0 0 0 0 
476 8 0 0 0 0 0 0 0 0 0 0 0 
477 8 0 0 0 0 0 0 0 0 0 0 0 
478 8 0 0 0 0 0 0 0 0 0 0 0 
479 8 -1 0 9 2 19 18 28 2 8 32 72 
480 8 93 0 0 0 0 0 0 0 0 0 0 
481 8 -1 6 17 0 20 7 41 12 1 32 -366 
482 8 97 0 0 0 0 0 0 0 0 0 0 
483 8 98 0 0 0 0 0 0 0 0 0 0 
484 8 99 0 0 0 0 0 0 0 0 0 0 
485 8 -1 24 45 0 0 33 26 0 0 1 -25 
486 8 -1 5 0 13 16 26 46 7 1 32 7168 
487 8 -1 7 23 0 0 29 32 0 0 17 14 
488 8 -1 21 15 0 0 16 26 0 0 6 -18 
489 8 113 0 0 0 0 0 0 0 0 0 0 
490 8 -1 5 12 4 0 42 22 2 5 32 -291 
491 8 0 0 0 0 0 0 0 0 0 0 0 
492 8 0 0 0 0 0 0 0 0 0 0 0 
493 8 119 0 0 0 0 0 0 0 0 0 0 
494 8 -1 6 3 9 0 44 14 3 7 32 -773 
495 8 0 0 0 0 0 0 0 0 0 0 0 
496 8 0 0 0 0 0 0 0 0 0 0 0 
497 8 0 0 0 0 0 0 0 0 0 0 0 
498 8 0 0 0 0 0 0 0 0 0 0 0 
499 8 0 0 0 0 0 0 0 0 0 0 0 
500 8 0 0 0 0 0 0 0 0 0 0 0 
501 8 0 0 0 0 0 0 0 0 0 0 0 
502 8 0 0 0 0 0 0 0 0 0 0 0 
503 8 0 0 0 0 0 0 0 0 0 0 0 
504 8 0 0 0 0 0 0 0 0 0 0 0 
505 8 0 0 0 0 0 0 0 0 0 0 0 
506 8 0 0 0 0 0 0 0 0 0 0 0 
507 8 0 0 0 0 0 0 0 0 0 0 0 
508 8 0 0 0 0 0 0 0 0 0 0 0 
509 8 0 0 0 0 0 0 0 0 0 0 0 
510 8 0 0 0 0 0 0 0 0 0 0 0 
511 9 0 0 0 0 0 0 0 0 0 0 0 
512 9 0 0 0 0 0 0 0 0 0 0 0 
513 9 0 0 0 0 0 0 0 0 0 0 0 
514 9 0 0 0 0 0 0 0 0 0 0 0 
515 9 0 0 0 0 0 0 0 0 0 0 0 
516 9 0 0 0 0 0 0 0 0 0 0 0 
517 9 0 0 0 0 0 0 0 0 0 0 0 
518 9 0 0 0 0 0 0 0 0 0 0 0 
519 9 0 0 0 0 0 0 0 0 0 0 0 
520 9 0 0 0 0 0 0 0 0 0 0 0 
521 9 0 0 0 0 0 0 0 0 0 0 0 
522 9 0 0 0 0 0 0 0 0 0 0 0 
523 9 0 0 0 0 0 0 0 0 0 0 0 
524 9 0 0 0 0 0 0 0 0 0 0 0 
525 9 0 0 0 0 0 0 0 0 0 0 0 
526 9 0 0 0 0 0 0 0 0 0 0 0 
527 9 0 0 0 0 0 0 0 0 0 0 0 
528 9 0 0 0 0 0 0 0 0 0 0 0 
529 9 0 0 0 0 0 0 0 0 0 0 0 
530 9 0 0 0 0 0 0 0 0 0 0 0 
531 9 0 0 0 0 0 0 0 0 0 0 0 
532 9 0 0 0 0 0 0 0 0 0 0 0 
533 9 0 0 0 0 0 0 0 0 0 0 0 
534 9 0 0 0 0 0 0 0 0 0 0 0 
535 9 0 0 0 0 0 0 0 0 0 0 0 
536 9 0 0 0 0 0 0 0 0 0 0 0 
537 9 0 0 0 0 0 0 0 0 0 0 0 
538 9 0 0 0 0 0 0 0 0 0 0 0 
539 9 0 0 0 0 0 0 0 0 0 0 0 
540 9 0 0 0 0 0 0 0 0 0 0 0 
541 9 0 0 0 0 0 0 0 0 0 0 0 
542 9 0 0 0 0 0 0 0 0 0 0 0 
543 9 0 0 0 0 0 0 0 0 0 0 0 
544 9 0 0 0 0 0 0 0 0 0 0 0 
545 9 0 0 0 0 0 0 0 0 0 0 0 
546 9 0 0 0 0 0 0 0 0 0 0 0 
547 9 0 0 0 0 0 0 0 0 0 0 0 
548 9 0 0 0 0 0 0 0 0 0 0 0 
549 9 0 0 0 0 0 0 0 0 0 0 0 
550 9 0 0 0 0 0 0 0 0 0 0 0 
551 9 0 0 0 0 0 0 0 0 0 0 0 
552 9 0 0 0 0 0 0 0 0 0 0 0 
553 9 0 0 0 0 0 0 0 0 0 0 0 
554 9 0 0 0 0 0 0 0 0 0 0 0 
555 9 0 0 0 0 0 0 0 0 0 0 0 
556 9 0 0 0 0 0 0 0 0 0 0 0 
557 9 0 0 0 0 0 0 0 0 0 0 0 
558 9 0 0 0 0 0 0 0 0 0 0 0 
559 9 0 0 0 0 0 0 0 0 0 0 0 
560 9 0 0 0 0 0 0 0 0 0 0 0 
561 9 0 0 0 0 0 0 0 0 0 0 0 
562 9 0 0 0 0 0 0 0 0 0 0 0 
563 9 0 0 0 0 0 0 0 0 0 0 0 
564 9 0 0 0 0 0 0 0 0 0 0 0 
565 9 0 0 0 0 0 0 0 0 0 0 0 
566 9 0 0 0 0 0 0 0 0 0 0 0 
567 9 0 0 0 0 0 0 0 0 0 0 0 
568 9 0 0 0 0 0 0 0 0 0 0 0 
569 9 0 0 0 0 0 0 0 0 0 0 0 
570 9 0 0 0 0 0 0 0 0 0 0 0 
571 9 0 0 0 0 0 0 0 0 0 0 0 
572 9 0 0 0 0 0 0 0 0 0 0 0 
573 9 0 0 0 0 0 0 0 0 0 0 0 
574 9 0 0 0 0 0 0 0 0 0 0 0 
575 9 0 0 0 0 0 0 0 0 0 0 0 
576 9 0 0 0 0 0 0 0 0 0 0 0 
577 9 0 0 0 0 0 0 0 0 0 0 0 
578 9 0 0 0 0 0 0 0 0 0 0 0 
579 9 0 0 0 0 0 0 0 0 0 0 0 
580 9 0 0 0 0 0 0 0 0 0 0 0 
581 9 0 0 0 0 0 0 0 0 0 0 0 
582 9 0 0 0 0 0 0 0 0 0 0 0 
583 9 0 0 0 0 0 0 0 0 0 0 0 
584 9 0 0 0 0 0 0 0 0 0 0 0 
585 9 0 0 0 0 0 0 0 0 0 0 0 
586 9 0 0 0 0 0 0 0 0 0 0 0 
587 9 0 0 0 0 0 0 0 0 0 0 0 
588 9 0 0 0 0 0 0 0 0 0 0 0 
589 9 0 0 0 0 0 0 0 0 0 0 0 
590 9 0 0 0 0 0 0 0 0 0 0 0 
591 9 0 0 0 0 0 0 0 0 0 0 0 
592 9 0 0 0 0 0 0 0 0 0 0 0 
593 9 0 0 0 0 0 0 0 0 0 0 0 
594 9 0 0 0 0 0 0 0 0 0 0 0 
595 9 0 0 0 0 0 0 0 0 0 0 0 
596 9 0 0 0 0 0 0 0 0 0 0 0 
597 9 0 0 0 0 0 0 0 0 0 0 0 
598 9 0 0 0 0 0 0 0 0 0 0 0 
599 9 0 0 0 0 0 0 0 0 0 0 0 
600 9 0 0 0 0 0 0 0 0 0 0 0 
601 9 0 0 0 0 0 0 0 0 0 0 0 
602 9 0 0 0 0 0 0 0 0 0 0 0 
603 9 0 0 0 0 0 0 0 0 0 0 0 
604 9 0 0 0 0 0 0 0 0 0 0 0 
605 9 0 0 0 0 0 0 0 0 0 0 0 
606 9 0 0 0 0 0 0 0 0 0 0 0 
607 9 0 0 0 0 0 0 0 0 0 0 0 
608 9 0 0 0 0 0 0 0 0 0 0 0 
609 9 0 0 0 0 0 0 0 0 0 0 0 
610 9 0 0 0 0 0 0 0 0 0 0 0 
611 9 0 0 0 0 0 0 0 0 0 0 0 
612 9 0 0 0 0 0 0 0 0 0 0 0 
613 9 0 0 0 0 0 0 0 0 0 0 0 
614 9 0 0 0 0 0 0 0 0 0 0 0 
615 9 0 0 0 0 0 0 0 0 0 0 0 
616 9 0 0 0 0 0 0 0 0 0 0 0 
617 9 0 0 0 0 0 0 0 0 0 0 0 
618 9 0 0 0 0 0 0 0 0 0 0 0 
619 9 0 0 0 0 0 0 0 0 0 0 0 
620 9 0 0 0 0 0 0 0 0 0 0 0 
621 9 0 0 0 0 0 0 0 0 0 0 0 
622 9 0 0 0 0 0 0 0 0 0 0 0 
623 9 0 0 0 0 0 0 0 0 0 0 0 
624 9 0 0 0 0 0 0 0 0 0 0 0 
625 9 0 0 0 0 0 0 0 0 0 0 0 
626 9 0 0 0 0 0 0 0 0 0 0 0 
627 9 0 0 0 0 0 0 0 0 0 0 0 
628 9 0 0 0 0 0 0 0 0 0 0 0 
629 9 0 0 0 0 0 0 0 0 0 0 0 
630 9 0 0 0 0 0 0 0 0 0 0 0 
631 9 0 0 0 0 0 0 0 0 0 0 0 
632 9 0 0 0 0 0 0 0 0 0 0 0 
633 9 0 0 0 0 0 0 0 0 0 0 0 
634 9 0 0 0 0 0 0 0 0 0 0 0 
635 9 0 0 0 0 0 0 0 0 0 0 0 
636 9 0 0 0 0 0 0 0 0 0 0 0 
637 9 0 0 0 0 0 0 0 0 0 0 0 
638 9 0 0 0 0 0 0 0 0 0 0 0 
639 9 0 0 0 0 0 0 0 0 0 0 0 
640 9 0 0 0 0 0 0 0 0 0 0 0 
641 9 0 0 0 0 0 0 0 0 0 0 0 
642 9 0 0 0 0 0 0 0 0 0 0 0 
643 9 0 0 0 0 0 0 0 0 0 0 0 
644 9 0 0 0 0 0 0 0 0 0 0 0 
645 9 0 0 0 0 0 0 0 0 0 0 0 
646 9 0 0 0 0 0 0 0 0 0 0 0 
647 9 0 0 0 0 0 0 0 0 0 0 0 
648 9 0 0 0 0 0 0 0 0 0 0 0 
649 9 0 0 0 0 0 0 0 0 0 0 0 
650 9 0 0 0 0 0 0 0 0 0 0 0 
651 9 5 0 0 0 0 0 0 0 0 0 0 
652 9 6 0 0 0 0 0 0 0 0 0 0 
653 9 0 0 0 0 0 0 0 0 0 0 0 
654 9 0 0 0 0 0 0 0 0 0 0 0 
655 9 0 0 0 0 0 0 0 0 0 0 0 
656 9 0 0 0 0 0 0 0 0 0 0 0 
657 9 0 0 0 0 0 0 0 0 0 0 0 
658 9 0 0 0 0 0 0 0 0 0 0 0 
659 9 0 0 0 0 0 0 0 0 0 0 0 
660 9 0 0 0 0 0 0 0 0 0 0 0 
661 9 0 0 0 0 0 0 0 0 0 0 0 
662 9 0 0 0 0 0 0 0 0 0 0 0 
663 9 0 0 0 0 0 0 0 0 0 0 0 
664 9 0 0 0 0 0 0 0 0 0 0 0 
665 9 0 0 0 0 0 0 0 0 0 0 0 
666 9 0 0 0 0 0 0 0 0 0 0 0 
667 9 0 0 0 0 0 0 0 0 0 0 0 
668 9 0 0 0 0 0 0 0 0 0 0 0 
669 9 0 0 0 0 0 0 0 0 0 0 0 
670 9 0 0 0 0 0 0 0 0 0 0 0 
671 9 -1 5 21 4 5 21 46 14 1 32 -1334 
672 9 15 0 0 0 0 0 0 0 0 0 0 
673 9 16 0 0 0 0 0 0 0 0 0 0 
674 9 17 0 0 0 0 0 0 0 0 0 0 
675 9 0 0 0 0 0 0 0 0 0 0 0 
676 9 0 0 0 0 0 0 0 0 0 0 0 
677 9 0 0 0 0 0 0 0 0 0 0 0 
678 9 0 0 0 0 0 0 0 0 0 0 0 
679 9 20 0 0 0 0 0 0 0 0 0 0 
680 9 21 0 0 0 0 0 0 0 0 0 0 
681 9 -1 4 1 12 5 34 7 7 33 32 -21103 
682 9 -1 16 14 0 0 24 36 0 0 7 -41 
683 9 0 0 0 0 0 0 0 0 0 0 0 
684 9 0 0 0 0 0 0 0 0 0 0 0 
685 9 -1 0 20 7 16 7 41 17 1 32 -264 
686 9 -1 7 5 0 0 37 14 0 0 0 -20 
687 9 0 0 0 0 0 0 0 0 0 0 0 
688 9 0 0 0 0 0 0 0 0 0 0 0 
689 9 0 0 0 0 0 0 0 0 0 0 0 
690 9 0 0 0 0 0 0 0 0 0 0 0 
691 9 0 0 0 0 0 0 0 0 0 0 0 
692 9 0 0 0 0 0 0 0 0 0 0 0 
693 9 0 0 0 0 0 0 0 0 0 0 0 
694 9 0 0 0 0 0 0 0 0 0 0 0 
695 9 0 0 0 0 0 0 0 0 0 0 0 
696 9 0 0 0 0 0 0 0 0 0 0 0 
697 9 0 0 0 0 0 0 0 0 0 0 0 
698 9 0 0 0 0 0 0 0 0 0 0 0 
699 9 0 0 0 0 0 0 0 0 0 0 0 
700 9 0 0 0 0 0 0 0 0 0 0 0 
701 9 0 0 0 0 0 0 0 0 0 0 0 
702 9 0 0 0 0 0 0 0 0 0 0 0 
703 9 0 0 0 0 0 0 0 0 0 0 0 
704 9 0 0 0 0 0 0 0 0 0 0 0 
705 9 0 0 0 0 0 0 0 0 0 0 0 
706 9 0 0 0 0 0 0 0 0 0 0 0 
707 9 0 0 0 0 0 0 0 0 0 0 0 
708 9 0 0 0 0 0 0 0 0 0 0 0 
709 9 0 0 0 0 0 0 0 0 0 0 0 
710 9 0 0 0 0 0 0 0 0 0 0 0 
711 9 0 0 0 0 0 0 0 0 0 0 0 
712 9 0 0 0 0 0 0 0 0 0 0 0 
713 9 0 0 0 0 0 0 0 0 0 0 0 
714 9 0 0 0 0 0 0 0 0 0 0 0 
715 9 0 0 0 0 0 0 0 0 0 0 0 
716 9 0 0 0 0 0 0 0 0 0 0 0 
717 9 0 0 0 0 0 0 0 0 0 0 0 
718 9 0 0 0 0 0 0 0 0 0 0 0 
719 9 0 0 0 0 0 0 0 0 0 0 0 
720 9 0 0 0 0 0 0 0 0 0 0 0 
721 9 0 0 0 0 0 0 0 0 0 0 0 
722 9 0 0 0 0 0 0 0 0 0 0 0 
723 9 0 0 0 0 0 0 0 0 0 0 0 
724 9 0 0 0 0 0 0 0 0 0 0 0 
725 9 0 0 0 0 0 0 0 0 0 0 0 
726 9 0 0 0 0 0 0 0 0 0 0 0 
727 9 0 0 0 0 0 0 0 0 0 0 0 
728 9 0 0 0 0 0 0 0 0 0 0 0 
729 9 0 0 0 0 0 0 0 0 0 0 0 
730 9 0 0 0 0 0 0 0 0 0 0 0 
731 9 0 0 0 0 0 0 0 0 0 0 0 
732 9 0 0 0 0 0 0 0 0 0 0 0 
733 9 0 0 0 0 0 0 0 0 0 0 0 
734 9 0 0 0 0 0 0 0 0 0 0 0 
735 9 0 0 0 0 0 0 0 0 0 0 0 
736 9 0 0 0 0 0 0 0 0 0 0 0 
737 9 0 0 0 0 0 0 0 0 0 0 0 
738 9 0 0 0 0 0 0 0 0 0 0 0 
739 9 0 0 0 0 0 0 0 0 0 0 0 
740 9 0 0 0 0 0 0 0 0 0 0 0 
741 9 0 0 0 0 0 0 0 0 0 0 0 
742 9 0 0 0 0 0 0 0 0 0 0 0 
743 9 35 0 0 0 0 0 0 0 0 0 0 
744 9 36 0 0 0 0 0 0 0 0 0 0 
745 9 -1 32 25 0 0 40 7 0 0 6 -11 
746 9 39 0 0 0 0 0 0 0 0 0 0 
747 9 0 0 0 0 0 0 0 0 0 0 0 
748 9 0 0 0 0 0 0 0 0 0 0 0 
749 9 41 0 0 0 0 0 0 0 0 0 0 
750 9 -1 8 7 5 5 24 36 15 8 32 593 
751 9 0 0 0 0 0 0 0 0 0 0 0 
752 9 0 0 0 0 0 0 0 0 0 0 0 
753 9 0 0 0 0 0 0 0 0 0 0 0 
754 9 0 0 0 0 0 0 0 0 0 0 0 
755 9 0 0 0 0 0 0 0 0 0 0 0 
756 9 0 0 0 0 0 0 0 0 0 0 0 
757 9 0 0 0 0 0 0 0 0 0 0 0 
758 9 0 0 0 0 0 0 0 0 0 0 0 
759 9 0 0 0 0 0 0 0 0 0 0 0 
760 9 0 0 0 0 0 0 0 0 0 0 0 
761 9 0 0 0 0 0 0 0 0 0 0 0 
762 9 0 0 0 0 0 0 0 0 0 0 0 
763 9 0 0 0 0 0 0 0 0 0 0 0 
764 9 0 0 0 0 0 0 0 0 0 0 0 
765 9 0 0 0 0 0 0 0 0 0 0 0 
766 9 0 0 0 0 0 0 0 0 0 0 0 
767 9 0 0 0 0 0 0 0 0 0 0 0 
768 9 0 0 0 0 0 0 0 0 0 0 0 
769 9 0 0 0 0 0 0 0 0 0 0 0 
770 9 0 0 0 0 0 0 0 0 0 0 0 
771 9 0 0 0 0 0 0 0 0 0 0 0 
772 9 0 0 0 0 0 0 0 0 0 0 0 
773 9 0 0 0 0 0 0 0 0 0 0 0 
774 9 0 0 0 0 0 0 0 0 0 0 0 
775 9 0 0 0 0 0 0 0 0 0 0 0 
776 9 0 0 0 0 0 0 0 0 0 0 0 
777 9 0 0 0 0 0 0 0 0 0 0 0 
778 9 0 0 0 0 0 0 0 0 0 0 0 
779 9 0 0 0 0 0 0 0 0 0 0 0 
780 9 0 0 0 0 0 0 0 0 0 0 0 
781 9 0 0 0 0 0 0 0 0 0 0 0 
782 9 0 0 0 0 0 0 0 0 0 0 0 
783 9 0 0 0 0 0 0 0 0 0 0 0 
784 9 0 0 0 0 0 0 0 0 0 0 0 
785 9 0 0 0 0 0 0 0 0 0 0 0 
786 9 0 0 0 0 0 0 0 0 0 0 0 
787 9 0 0 0 0 0 0 0 0 0 0 0 
788 9 0 0 0 0 0 0 0 0 0 0 0 
789 9 0 0 0 0 0 0 0 0 0 0 0 
790 9 0 0 0 0 0 0 0 0 0 0 0 
791 9 0 0 0 0 0 0 0 0 0 0 0 
792 9 0 0 0 0 0 0 0 0 0 0 0 
793 9 0 0 0 0 0 0 0 0 0 0 0 
794 9 0 0 0 0 0 0 0 0 0 0 0 
795 9 0 0 0 0 0 0 0 0 0 0 0 
796 9 0 0 0 0 0 0 0 0 0 0 0 
797 9 0 0 0 0 0 0 0 0 0 0 0 
798 9 0 0 0 0 0 0 0 0 0 0 0 
799 9 0 0 0 0 0 0 0 0 0 0 0 
800 9 0 0 0 0 0 0 0 0 0 0 0 
801 9 0 0 0 0 0 0 0 0 0 0 0 
802 9 0 0 0 0 0 0 0 0 0 0 0 
803 9 0 0 0 0 0 0 0 0 0 0 0 
804 9 0 0 0 0 0 0 0 0 0 0 0 
805 9 0 0 0 0 0 0 0 0 0 0 0 
806 9 0 0 0 0 0 0 0 0 0 0 0 
807 9 0 0 0 0 0 0 0 0 0 0 0 
808 9 0 0 0 0 0 0 0 0 0 0 0 
809 9 0 0 0 0 0 0 0 0 0 0 0 
810 9 0 0 0 0 0 0 0 0 0 0 0 
811 9 0 0 0 0 0 0 0 0 0 0 0 
812 9 0 0 0 0 0 0 0 0 0 0 0 
813 9 0 0 0 0 0 0 0 0 0 0 0 
814 9 0 0 0 0 0 0 0 0 0 0 0 
815 9 0 0 0 0 0 0 0 0 0 0 0 
816 9 0 0 0 0 0 0 0 0 0 0 0 
817 9 0 0 0 0 0 0 0 0 0 0 0 
818 9 0 0 0 0 0 0 0 0 0 0 0 
819 9 0 0 0 0 0 0 0 0 0 0 0 
820 9 0 0 0 0 0 0 0 0 0 0 0 
821 9 0 0 0 0 0 0 0 0 0 0 0 
822 9 0 0 0 0 0 0 0 0 0 0 0 
823 9 0 0 0 0 0 0 0 0 0 0 0 
824 9 0 0 0 0 0 0 0 0 0 0 0 
825 9 0 0 0 0 0 0 0 0 0 0 0 
826 9 0 0 0 0 0 0 0 0 0 0 0 
827 9 0 0 0 0 0 0 0 0 0 0 0 
828 9 0 0 0 0 0 0 0 0 0 0 0 
829 9 0 0 0 0 0 0 0 0 0 0 0 
830 9 0 0 0 0 0 0 0 0 0 0 0 
831 9 0 0 0 0 0 0 0 0 0 0 0 
832 9 0 0 0 0 0 0 0 0 0 0 0 
833 9 0 0 0 0 0 0 0 0 0 0 0 
834 9 0 0 0 0 0 0 0 0 0 0 0 
835 9 0 0 0 0 0 0 0 0 0 0 0 
836 9 0 0 0 0 0 0 0 0 0 0 0 
837 9 0 0 0 0 0 0 0 0 0 0 0 
838 9 0 0 0 0 0 0 0 0 0 0 0 
839 9 0 0 0 0 0 0 0 0 0 0 0 
840 9 0 0 0 0 0 0 0 0 0 0 0 
841 9 0 0 0 0 0 0 0 0 0 0 0 
842 9 0 0 0 0 0 0 0 0 0 0 0 
843 9 0 0 0 0 0 0 0 0 0 0 0 
844 9 0 0 0 0 0 0 0 0 0 0 0 
845 9 0 0 0 0 0 0 0 0 0 0 0 
846 9 0 0 0 0 0 0 0 0 0 0 0 
847 9 0 0 0 0 0 0 0 0 0 0 0 
848 9 0 0 0 0 0 0 0 0 0 0 0 
849 9 0 0 0 0 0 0 0 0 0 0 0 
850 9 0 0 0 0 0 0 0 0 0 0 0 
851 9 0 0 0 0 0 0 0 0 0 0 0 
852 9 0 0 0 0 0 0 0 0 0 0 0 
853 9 0 0 0 0 0 0 0 0 0 0 0 
854 9 0 0 0 0 0 0 0 0 0 0 0 
855 9 0 0 0 0 0 0 0 0 0 0 0 
856 9 0 0 0 0 0 0 0 0 0 0 0 
857 9 0 0 0 0 0 0 0 0 0 0 0 
858 9 0 0 0 0 0 0 0 0 0 0 0 
859 9 0 0 0 0 0 0 0 0 0 0 0 
860 9 0 0 0 0 0 0 0 0 0 0 0 
861 9 0 0 0 0 0 0 0 0 0 0 0 
862 9 0 0 0 0 0 0 0 0 0 0 0 
863 9 -1 1 18 0 0 31 25 0 0 8 -26 
864 9 57 0 0 0 0 0 0 0 0 0 0 
865 9 0 0 0 0 0 0 0 0 0 0 0 
866 9 0 0 0 0 0 0 0 0 0 0 0 
867 9 0 0 0 0 0 0 0 0 0 0 0 
868 9 0 0 0 0 0 0 0 0 0 0 0 
869 9 0 0 0 0 0 0 0 0 0 0 0 
870 9 0 0 0 0 0 0 0 0 0 0 0 
871 9 0 0 0 0 0 0 0 0 0 0 0 
872 9 0 0 0 0 0 0 0 0 0 0 0 
873 9 0 0 0 0 0 0 0 0 0 0 0 
874 9 0 0 0 0 0 0 0 0 0 0 0 
875 9 61 0 0 0 0 0 0 0 0 0 0 
876 9 -1 1 34 0 0 45 36 0 0 0 18 
877 9 0 0 0 0 0 0 0 0 0 0 0 
878 9 0 0 0 0 0 0 0 0 0 0 0 
879 9 0 0 0 0 0 0 0 0 0 0 0 
880 9 0 0 0 0 0 0 0 0 0 0 0 
881 9 -1 26 4 0 0 30 0 0 0 9 -27 
882 9 68 0 0 0 0 0 0 0 0 0 0 
883 9 -1 16 19 0 0 44 6 0 0 11 9 
884 9 -1 30 8 0 0 17 13 0 0 2 -5 
885 9 -1 8 6 0 0 24 41 0 0 15 -15 
886 9 -1 7 8 0 0 44 22 0 0 7 -5 
887 9 0 0 0 0 0 0 0 0 0 0 0 
888 9 0 0 0 0 0 0 0 0 0 0 0 
889 9 0 0 0 0 0 0 0 0 0 0 0 
890 9 0 0 0 0 0 0 0 0 0 0 0 
891 9 0 0 0 0 0 0 0 0 0 0 0 
892 9 0 0 0 0 0 0 0 0 0 0 0 
893 9 0 0 0 0 0 0 0 0 0 0 0 
894 9 0 0 0 0 0 0 0 0 0 0 0 
895 9 0 0 0 0 0 0 0 0 0 0 0 
896 9 0 0 0 0 0 0 0 0 0 0 0 
897 9 0 0 0 0 0 0 0 0 0 0 0 
898 9 0 0 0 0 0 0 0 0 0 0 0 
899 9 0 0 0 0 0 0 0 0 0 0 0 
900 9 0 0 0 0 0 0 0 0 0 0 0 
901 9 0 0 0 0 0 0 0 0 0 0 0 
902 9 0 0 0 0 0 0 0 0 0 0 0 
903 9 0 0 0 0 0 0 0 0 0 0 0 
904 9 0 0 0 0 0 0 0 0 0 0 0 
905 9 0 0 0 0 0 0 0 0 0 0 0 
906 9 0 0 0 0 0 0 0 0 0 0 0 
907 9 0 0 0 0 0 0 0 0 0 0 0 
908 9 0 0 0 0 0 0 0 0 0 0 0 
909 9 0 0 0 0 0 0 0 0 0 0 0 
910 9 0 0 0 0 0 0 0 0 0 0 0 
911 9 0 0 0 0 0 0 0 0 0 0 0 
912 9 0 0 0 0 0 0 0 0 0 0 0 
913 9 0 0 0 0 0 0 0 0 0 0 0 
914 9 0 0 0 0 0 0 0 0 0 0 0 
915 9 0 0 0 0 0 0 0 0 0 0 0 
916 9 0 0 0 0 0 0 0 0 0 0 0 
917 9 0 0 0 0 0 0 0 0 0 0 0 
918 9 0 0 0 0 0 0 0 0 0 0 0 
919 9 0 0 0 0 0 0 0 0 0 0 0 
920 9 0 0 0 0 0 0 0 0 0 0 0 
921 9 0 0 0 0 0 0 0 0 0 0 0 
922 9 0 0 0 0 0 0 0 0 0 0 0 
923 9 0 0 0 0 0 0 0 0 0 0 0 
924 9 0 0 0 0 0 0 0 0 0 0 0 
925 9 0 0 0 0 0 0 0 0 0 0 0 
926 9 0 0 0 0 0 0 0 0 0 0 0 
927 9 0 0 0 0 0 0 0 0 0 0 0 
928 9 0 0 0 0 0 0 0 0 0 0 0 
929 9 0 0 0 0 0 0 0 0 0 0 0 
930 9 0 0 0 0 0 0 0 0 0 0 0 
931 9 0 0 0 0 0 0 0 0 0 0 0 
932 9 0 0 0 0 0 0 0 0 0 0 0 
933 9 0 0 0 0 0 0 0 0 0 0 0 
934 9 0 0 0 0 0 0 0 0 0 0 0 
935 9 0 0 0 0 0 0 0 0 0 0 0 
936 9 0 0 0 0 0 0 0 0 0 0 0 
937 9 0 0 0 0 0 0 0 0 0 0 0 
938 9 0 0 0 0 0 0 0 0 0 0 0 
939 9 0 0 0 0 0 0 0 0 0 0 0 
940 9 0 0 0 0 0 0 0 0 0 0 0 
941 9 87 0 0 0 0 0 0 0 0 0 0 
942 9 88 0 0 0 0 0 0 0 0 0 0 
943 9 0 0 0 0 0 0 0 0 0 0 0 
944 9 0 0 0 0 0 0 0 0 0 0 0 
945 9 0 0 0 0 0 0 0 0 0 0 0 
946 9 0 0 0 0 0 0 0 0 0 0 0 
947 9 0 0 0 0 0 0 0 0 0 0 0 
948 9 0 0 0 0 0 0 0 0 0 0 0 
949 9 0 0 0 0 0 0 0 0 0 0 0 
950 9 0 0 0 0 0 0 0 0 0 0 0 
951 9 0 0 0 0 0 0 0 0 0 0 0 
952 9 0 0 0 0 0 0 0 0 0 0 0 
953 9 0 0 0 0 0 0 0 0 0 0 0 
954 9 0 0 0 0 0 0 0 0 0 0 0 
955 9 0 0 0 0 0 0 0 0 0 0 0 
956 9 0 0 0 0 0 0 0 0 0 0 0 
957 9 0 0 0 0 0 0 0 0 0 0 0 
958 9 0 0 0 0 0 0 0 0 0 0 0 
959 9 -1 19 9 1 16 34 35 6 1 32 -214 
960 9 92 0 0 0 0 0 0 0 0 0 0 
961 9 0 0 0 0 0 0 0 0 0 0 0 
962 9 0 0 0 0 0 0 0 0 0 0 0 
963 9 -1 20 4 0 0 43 25 0 0 18 23 
964 9 96 0 0 0 0 0 0 0 0 0 0 
965 9 0 0 0 0 0 0 0 0 0 0 0 
966 9 0 0 0 0 0 0 0 0 0 0 0 
967 9 0 0 0 0 0 0 0 0 0 0 0 
968 9 0 0 0 0 0 0 0 0 0 0 0 
969 9 0 0 0 0 0 0 0 0 0 0 0 
970 9 0 0 0 0 0 0 0 0 0 0 0 
971 9 -1 38 21 0 0 11 3 0 0 1 17 
972 9 -1 14 18 4 1 25 44 10 1 32 -218 
973 9 -1 0 17 2 19 24 44 9 1 32 687 
974 9 106 0 0 0 0 0 0 0 0 0 0 
975 9 -1 14 30 0 0 22 3 0 0 1 15 
976 9 109 0 0 0 0 0 0 0 0 0 0 
977 9 110 0 0 0 0 0 0 0 0 0 0 
978 9 -1 30 28 0 0 5 21 0 0 22 1 
979 9 0 0 0 0 0 0 0 0 0 0 0 
980 9 0 0 0 0 0 0 0 0 0 0 0 
981 9 -1 19 13 1 12 43 39 1 8 32 3 
982 9 -1 5 3 21 0 39 13 6 2 32 -285 
983 9 0 0 0 0 0 0 0 0 0 0 0 
984 9 0 0 0 0 0 0 0 0 0 0 0 
985 9 0 0 0 0 0 0 0 0 0 0 0 
986 9 0 0 0 0 0 0 0 0 0 0 0 
987 9 0 0 0 0 0 0 0 0 0 0 0 
988 9 0 0 0 0 0 0 0 0 0 0 0 
989 9 120 0 0 0 0 0 0 0 0 0 0 
990 9 121 0 0 0 0 0 0 0 0 0 0 
991 9 0 0 0 0 0 0 0 0 0 0 0 
992 9 0 0 0 0 0 0 0 0 0 0 0 
993 9 0 0 0 0 0 0 0 0 0 0 0 
994 9 0 0 0 0 0 0 0 0 0 0 0 
995 9 0 0 0 0 0 0 0 0 0 0 0 
996 9 0 0 0 0 0 0 0 0 0 0 0 
997 9 0 0 0 0 0 0 0 0 0 0 0 
998 9 0 0 0 0 0 0 0 0 0 0 0 
999 9 0 0 0 0 0 0 0 0 0 0 0 
1000 9 0 0 0 0 0 0 0 0 0 0 0 
1001 9 0 0 0 0 0 0 0 0 0 0 0 
1002 9 0 0 0 0 0 0 0 0 0 0 0 
1003 9 0 0 0 0 0 0 0 0 0 0 0 
1004 9 0 0 0 0 0 0 0 0 0 0 0 
1005 9 0 0 0 0 0 0 0 0 0 0 0 
1006 9 0 0 0 0 0 0 0 0 0 0 0 
1007 9 0 0 0 0 0 0 0 0 0 0 0 
1008 9 0 0 0 0 0 0 0 0 0 0 0 
1009 9 0 0 0 0 0 0 0 0 0 0 0 
1010 9 0 0 0 0 0 0 0 0 0 0 0 
1011 9 0 0 0 0 0 0 0 0 0 0 0 
1012 9 0 0 0 0 0 0 0 0 0 0 0 
1013 9 0 0 0 0 0 0 0 0 0 0 0 
1014 9 0 0 0 0 0 0 0 0 0 0 0 
1015 9 0 0 0 0 0 0 0 0 0 0 0 
1016 9 0 0 0 0 0 0 0 0 0 0 0 
1017 9 0 0 0 0 0 0 0 0 0 0 0 
1018 9 0 0 0 0 0 0 0 0 0 0 0 
1019 9 0 0 0 0 0 0 0 0 0 0 0 
1020 9 0 0 0 0 0 0 0 0 0 0 0 
1021 9 0 0 0 0 0 0 0 0 0 0 0 
1022 9 0 0 0 0 0 0 0 0 0 0 0 
1023 10 0 0 0 0 0 0 0 0 0 0 0 
1024 10 0 0 0 0 0 0 0 0 0 0 0 
1025 10 0 0 0 0 0 0 0 0 0 0 0 
1026 10 0 0 0 0 0 0 0 0 0 0 0 
1027 10 0 0 0 0 0 0 0 0 0 0 0 
1028 10 0 0 0 0 0 0 0 0 0 0 0 
1029 10 0 0 0 0 0 0 0 0 0 0 0 
1030 10 0 0 0 0 0 0 0 0 0 0 0 
1031 10 0 0 0 0 0 0 0 0 0 0 0 
1032 10 0 0 0 0 0 0 0 0 0 0 0 
1033 10 0 0 0 0 0 0 0 0 0 0 0 
1034 10 0 0 0 0 0 0 0 0 0 0 0 
1035 10 0 0 0 0 0 0 0 0 0 0 0 
1036 10 0 0 0 0 0 0 0 0 0 0 0 
1037 10 0 0 0 0 0 0 0 0 0 0 0 
1038 10 0 0 0 0 0 0 0 0 0 0 0 
1039 10 0 0 0 0 0 0 0 0 0 0 0 
1040 10 0 0 0 0 0 0 0 0 0 0 0 
1041 10 0 0 0 0 0 0 0 0 0 0 0 
1042 10 0 0 0 0 0 0 0 0 0 0 0 
1043 10 0 0 0 0 0 0 0 0 0 0 0 
1044 10 0 0 0 0 0 0 0 0 0 0 0 
1045 10 0 0 0 0 0 0 0 0 0 0 0 
1046 10 0 0 0 0 0 0 0 0 0 0 0 
1047 10 0 0 0 0 0 0 0 0 0 0 0 
1048 10 0 0 0 0 0 0 0 0 0 0 0 
1049 10 0 0 0 0 0 0 0 0 0 0 0 
1050 10 0 0 0 0 0 0 0 0 0 0 0 
1051 10 0 0 0 0 0 0 0 0 0 0 0 
1052 10 0 0 0 0 0 0 0 0 0 0 0 
1053 10 0 0 0 0 0 0 0 0 0 0 0 
1054 10 0 0 0 0 0 0 0 0 0 0 0 
1055 10 0 0 0 0 0 0 0 0 0 0 0 
1056 10 0 0 0 0 0 0 0 0 0 0 0 
1057 10 0 0 0 0 0 0 0 0 0 0 0 
1058 10 0 0 0 0 0 0 0 0 0 0 0 
1059 10 0 0 0 0 0 0 0 0 0 0 0 
1060 10 0 0 0 0 0 0 0 0 0 0 0 
1061 10 0 0 0 0 0 0 0 0 0 0 0 
1062 10 0 0 0 0 0 0 0 0 0 0 0 
1063 10 0 0 0 0 0 0 0 0 0 0 0 
1064 10 0 0 0 0 0 0 0 0 0 0 0 
1065 10 0 0 0 0 0 0 0 0 0 0 0 
1066 10 0 0 0 0 0 0 0 0 0 0 0 
1067 10 0 0 0 0 0 0 0 0 0 0 0 
1068 10 0 0 0 0 0 0 0 0 0 0 0 
1069 10 0 0 0 0 0 0 0 0 0 0 0 
1070 10 0 0 0 0 0 0 0 0 0 0 0 
1071 10 0 0 0 0 0 0 0 0 0 0 0 
1072 10 0 0 0 0 0 0 0 0 0 0 0 
1073 10 0 0 0 0 0 0 0 0 0 0 0 
1074 10 0 0 0 0 0 0 0 0 0 0 0 
1075 10 0 0 0 0 0 0 0 0 0 0 0 
1076 10 0 0 0 0 0 0 0 0 0 0 0 
1077 10 0 0 0 0 0 0 0 0 0 0 0 
1078 10 0 0 0 0 0 0 0 0 0 0 0 
1079 10 0 0 0 0 0 0 0 0 0 0 0 
1080 10 0 0 0 0 0 0 0 0 0 0 0 
1081 10 0 0 0 0 0 0 0 0 0 0 0 
1082 10 0 0 0 0 0 0 0 0 0 0 0 
1083 10 0 0 0 0 0 0 0 0 0 0 0 
1084 10 0 0 0 0 0 0 0 0 0 0 0 
1085 10 0 0 0 0 0 0 0 0 0 0 0 
1086 10 0 0 0 0 0 0 0 0 0 0 0 
1087 10 0 0 0 0 0 0 0 0 0 0 0 
1088 10 0 0 0 0 0 0 0 0 0 0 0 
1089 10 0 0 0 0 0 0 0 0 0 0 0 
1090 10 0 0 0 0 0 0 0 0 0 0 0 
1091 10 0 0 0 0 0 0 0 0 0 0 0 
1092 10 0 0 0 0 0 0 0 0 0 0 0 
1093 10 0 0 0 0 0 0 0 0 0 0 0 
1094 10 0 0 0 0 0 0 0 0 0 0 0 
1095 10 0 0 0 0 0 0 0 0 0 0 0 
1096 10 0 0 0 0 0 0 0 0 0 0 0 
1097 10 0 0 0 0 0 0 0 0 0 0 0 
1098 10 0 0 0 0 0 0 0 0 0 0 0 
1099 10 0 0 0 0 0 0 0 0 0 0 0 
1100 10 0 0 0 0 0 0 0 0 0 0 0 
1101 10 0 0 0 0 0 0 0 0 0 0 0 
1102 10 0 0 0 0 0 0 0 0 0 0 0 
1103 10 0 0 0 0 0 0 0 0 0 0 0 
1104 10 0 0 0 0 0 0 0 0 0 0 0 
1105 10 0 0 0 0 0 0 0 0 0 0 0 
1106 10 0 0 0 0 0 0 0 0 0 0 0 
1107 10 0 0 0 0 0 0 0 0 0 0 0 
1108 10 0 0 0 0 0 0 0 0 0 0 0 
1109 10 0 0 0 0 0 0 0 0 0 0 0 
1110 10 0 0 0 0 0 0 0 0 0 0 0 
1111 10 0 0 0 0 0 0 0 0 0 0 0 
1112 10 0 0 0 0 0 0 0 0 0 0 0 
1113 10 0 0 0 0 0 0 0 0 0 0 0 
1114 10 0 0 0 0 0 0 0 0 0 0 0 
1115 10 0 0 0 0 0 0 0 0 0 0 0 
1116 10 0 0 0 0 0 0 0 0 0 0 0 
1117 10 0 0 0 0 0 0 0 0 0 0 0 
1118 10 0 0 0 0 0 0 0 0 0 0 0 
1119 10 0 0 0 0 0 0 0 0 0 0 0 
1120 10 0 0 0 0 0 0 0 0 0 0 0 
1121 10 0 0 0 0 0 0 0 0 0 0 0 
1122 10 0 0 0 0 0 0 0 0 0 0 0 
1123 10 0 0 0 0 0 0 0 0 0 0 0 
1124 10 0 0 0 0 0 0 0 0 0 0 0 
1125 10 0 0 0 0 0 0 0 0 0 0 0 
1126 10 0 0 0 0 0 0 0 0 0 0 0 
1127 10 0 0 0 0 0 0 0 0 0 0 0 
1128 10 0 0 0 0 0 0 0 0 0 0 0 
1129 10 0 0 0 0 0 0 0 0 0 0 0 
1130 10 0 0 0 0 0 0 0 0 0 0 0 
1131 10 0 0 0 0 0 0 0 0 0 0 0 
1132 10 0 0 0 0 0 0 0 0 0 0 0 
1133 10 0 0 0 0 0 0 0 0 0 0 0 
1134 10 0 0 0 0 0 0 0 0 0 0 0 
1135 10 0 0 0 0 0 0 0 0 0 0 0 
1136 10 0 0 0 0 0 0 0 0 0 0 0 
1137 10 0 0 0 0 0 0 0 0 0 0 0 
1138 10 0 0 0 0 0 0 0 0 0 0 0 
1139 10 0 0 0 0 0 0 0 0 0 0 0 
1140 10 0 0 0 0 0 0 0 0 0 0 0 
1141 10 0 0 0 0 0 0 0 0 0 0 0 
1142 10 0 0 0 0 0 0 0 0 0 0 0 
1143 10 0 0 0 0 0 0 0 0 0 0 0 
1144 10 0 0 0 0 0 0 0 0 0 0 0 
1145 10 0 0 0 0 0 0 0 0 0 0 0 
1146 10 0 0 0 0 0 0 0 0 0 0 0 
1147 10 0 0 0 0 0 0 0 0 0 0 0 
1148 10 0 0 0 0 0 0 0 0 0 0 0 
1149 10 0 0 0 0 0 0 0 0 0 0 0 
1150 10 0 0 0 0 0 0 0 0 0 0 0 
1151 10 0 0 0 0 0 0 0 0 0 0 0 
1152 10 0 0 0 0 0 0 0 0 0 0 0 
1153 10 0 0 0 0 0 0 0 0 0 0 0 
1154 10 0 0 0 0 0 0 0 0 0 0 0 
1155 10 0 0 0 0 0 0 0 0 0 0 0 
1156 10 0 0 0 0 0 0 0 0 0 0 0 
1157 10 0 0 0 0 0 0 0 0 0 0 0 
1158 10 0 0 0 0 0 0 0 0 0 0 0 
1159 10 0 0 0 0 0 0 0 0 0 0 0 
1160 10 0 0 0 0 0 0 0 0 0 0 0 
1161 10 0 0 0 0 0 0 0 0 0 0 0 
1162 10 0 0 0 0 0 0 0 0 0 0 0 
1163 10 0 0 0 0 0 0 0 0 0 0 0 
1164 10 0 0 0 0 0 0 0 0 0 0 0 
1165 10 0 0 0 0 0 0 0 0 0 0 0 
1166 10 0 0 0 0 0 0 0 0 0 0 0 
1167 10 0 0 0 0 0 0 0 0 0 0 0 
1168 10 0 0 0 0 0 0 0 0 0 0 0 
1169 10 0 0 0 0 0 0 0 0 0 0 0 
1170 10 0 0 0 0 0 0 0 0 0 0 0 
1171 10 0 0 0 0 0 0 0 0 0 0 0 
1172 10 0 0 0 0 0 0 0 0 0 0 0 
1173 10 0 0 0 0 0 0 0 0 0 0 0 
1174 10 0 0 0 0 0 0 0 0 0 0 0 
1175 10 0 0 0 0 0 0 0 0 0 0 0 
1176 10 0 0 0 0 0 0 0 0 0 0 0 
1177 10 0 0 0 0 0 0 0 0 0 0 0 
1178 10 0 0 0 0 0 0 0 0 0 0 0 
1179 10 0 0 0 0 0 0 0 0 0 0 0 
1180 10 0 0 0 0 0 0 0 0 0 0 0 
1181 10 0 0 0 0 0 0 0 0 0 0 0 
1182 10 0 0 0 0 0 0 0 0 0 0 0 
1183 10 0 0 0 0 0 0 0 0 0 0 0 
1184 10 0 0 0 0 0 0 0 0 0 0 0 
1185 10 0 0 0 0 0 0 0 0 0 0 0 
1186 10 0 0 0 0 0 0 0 0 0 0 0 
1187 10 0 0 0 0 0 0 0 0 0 0 0 
1188 10 0 0 0 0 0 0 0 0 0 0 0 
1189 10 0 0 0 0 0 0 0 0 0 0 0 
1190 10 0 0 0 0 0 0 0 0 0 0 0 
1191 10 0 0 0 0 0 0 0 0 0 0 0 
1192 10 0 0 0 0 0 0 0 0 0 0 0 
1193 10 0 0 0 0 0 0 0 0 0 0 0 
1194 10 0 0 0 0 0 0 0 0 0 0 0 
1195 10 0 0 0 0 0 0 0 0 0 0 0 
1196 10 0 0 0 0 0 0 0 0 0 0 0 
1197 10 0 0 0 0 0 0 0 0 0 0 0 
1198 10 0 0 0 0 0 0 0 0 0 0 0 
1199 10 0 0 0 0 0 0 0 0 0 0 0 
1200 10 0 0 0 0 0 0 0 0 0 0 0 
1201 10 0 0 0 0 0 0 0 0 0 0 0 
1202 10 0 0 0 0 0 0 0 0 0 0 0 
1203 10 0 0 0 0 0 0 0 0 0 0 0 
1204 10 0 0 0 0 0 0 0 0 0 0 0 
1205 10 0 0 0 0 0 0 0 0 0 0 0 
1206 10 0 0 0 0 0 0 0 0 0 0 0 
1207 10 0 0 0 0 0 0 0 0 0 0 0 
1208 10 0 0 0 0 0 0 0 0 0 0 0 
1209 10 0 0 0 0 0 0 0 0 0 0 0 
1210 10 0 0 0 0 0 0 0 0 0 0 0 
1211 10 0 0 0 0 0 0 0 0 0 0 0 
1212 10 0 0 0 0 0 0 0 0 0 0 0 
1213 10 0 0 0 0 0 0 0 0 0 0 0 
1214 10 0 0 0 0 0 0 0 0 0 0 0 
1215 10 0 0 0 0 0 0 0 0 0 0 0 
1216 10 0 0 0 0 0 0 0 0 0 0 0 
1217 10 0 0 0 0 0 0 0 0 0 0 0 
1218 10 0 0 0 0 0 0 0 0 0 0 0 
1219 10 0 0 0 0 0 0 0 0 0 0 0 
1220 10 0 0 0 0 0 0 0 0 0 0 0 
1221 10 0 0 0 0 0 0 0 0 0 0 0 
1222 10 0 0 0 0 0 0 0 0 0 0 0 
1223 10 0 0 0 0 0 0 0 0 0 0 0 
1224 10 0 0 0 0 0 0 0 0 0 0 0 
1225 10 0 0 0 0 0 0 0 0 0 0 0 
1226 10 0 0 0 0 0 0 0 0 0 0 0 
1227 10 0 0 0 0 0 0 0 0 0 0 0 
1228 10 0 0 0 0 0 0 0 0 0 0 0 
1229 10 0 0 0 0 0 0 0 0 0 0 0 
1230 10 0 0 0 0 0 0 0 0 0 0 0 
1231 10 0 0 0 0 0 0 0 0 0 0 0 
1232 10 0 0 0 0 0 0 0 0 0 0 0 
1233 10 0 0 0 0 0 0 0 0 0 0 0 
1234 10 0 0 0 0 0 0 0 0 0 0 0 
1235 10 0 0 0 0 0 0 0 0 0 0 0 
1236 10 0 0 0 0 0 0 0 0 0 0 0 
1237 10 0 0 0 0 0 0 0 0 0 0 0 
1238 10 0 0 0 0 0 0 0 0 0 0 0 
1239 10 0 0 0 0 0 0 0 0 0 0 0 
1240 10 0 0 0 0 0 0 0 0 0 0 0 
1241 10 0 0 0 0 0 0 0 0 0 0 0 
1242 10 0 0 0 0 0 0 0 0 0 0 0 
1243 10 0 0 0 0 0 0 0 0 0 0 0 
1244 10 0 0 0 0 0 0 0 0 0 0 0 
1245 10 0 0 0 0 0 0 0 0 0 0 0 
1246 10 0 0 0 0 0 0 0 0 0 0 0 
1247 10 0 0 0 0 0 0 0 0 0 0 0 
1248 10 0 0 0 0 0 0 0 0 0 0 0 
1249 10 0 0 0 0 0 0 0 0 0 0 0 
1250 10 0 0 0 0 0 0 0 0 0 0 0 
1251 10 0 0 0 0 0 0 0 0 0 0 0 
1252 10 0 0 0 0 0 0 0 0 0 0 0 
1253 10 0 0 0 0 0 0 0 0 0 0 0 
1254 10 0 0 0 0 0 0 0 0 0 0 0 
1255 10 0 0 0 0 0 0 0 0 0 0 0 
1256 10 0 0 0 0 0 0 0 0 0 0 0 
1257 10 0 0 0 0 0 0 0 0 0 0 0 
1258 10 0 0 0 0 0 0 0 0 0 0 0 
1259 10 0 0 0 0 0 0 0 0 0 0 0 
1260 10 0 0 0 0 0 0 0 0 0 0 0 
1261 10 0 0 0 0 0 0 0 0 0 0 0 
1262 10 0 0 0 0 0 0 0 0 0 0 0 
1263 10 0 0 0 0 0 0 0 0 0 0 0 
1264 10 0 0 0 0 0 0 0 0 0 0 0 
1265 10 0 0 0 0 0 0 0 0 0 0 0 
1266 10 0 0 0 0 0 0 0 0 0 0 0 
1267 10 0 0 0 0 0 0 0 0 0 0 0 
1268 10 0 0 0 0 0 0 0 0 0 0 0 
1269 10 0 0 0 0 0 0 0 0 0 0 0 
1270 10 0 0 0 0 0 0 0 0 0 0 0 
1271 10 0 0 0 0 0 0 0 0 0 0 0 
1272 10 0 0 0 0 0 0 0 0 0 0 0 
1273 10 0 0 0 0 0 0 0 0 0 0 0 
1274 10 0 0 0 0 0 0 0 0 0 0 0 
1275 10 0 0 0 0 0 0 0 0 0 0 0 
1276 10 0 0 0 0 0 0 0 0 0 0 0 
1277 10 0 0 0 0 0 0 0 0 0 0 0 
1278 10 0 0 0 0 0 0 0 0 0 0 0 
1279 10 0 0 0 0 0 0 0 0 0 0 0 
1280 10 0 0 0 0 0 0 0 0 0 0 0 
1281 10 0 0 0 0 0 0 0 0 0 0 0 
1282 10 0 0 0 0 0 0 0 0 0 0 0 
1283 10 0 0 0 0 0 0 0 0 0 0 0 
1284 10 0 0 0 0 0 0 0 0 0 0 0 
1285 10 0 0 0 0 0 0 0 0 0 0 0 
1286 10 0 0 0 0 0 0 0 0 0 0 0 
1287 10 0 0 0 0 0 0 0 0 0 0 0 
1288 10 0 0 0 0 0 0 0 0 0 0 0 
1289 10 0 0 0 0 0 0 0 0 0 0 0 
1290 10 0 0 0 0 0 0 0 0 0 0 0 
1291 10 0 0 0 0 0 0 0 0 0 0 0 
1292 10 0 0 0 0 0 0 0 0 0 0 0 
1293 10 0 0 0 0 0 0 0 0 0 0 0 
1294 10 0 0 0 0 0 0 0 0 0 0 0 
1295 10 0 0 0 0 0 0 0 0 0 0 0 
1296 10 0 0 0 0 0 0 0 0 0 0 0 
1297 10 0 0 0 0 0 0 0 0 0 0 0 
1298 10 0 0 0 0 0 0 0 0 0 0 0 
1299 10 0 0 0 0 0 0 0 0 0 0 0 
1300 10 0 0 0 0 0 0 0 0 0 0 0 
1301 10 0 0 0 0 0 0 0 0 0 0 0 
1302 10 0 0 0 0 0 0 0 0 0 0 0 
1303 10 0 0 0 0 0 0 0 0 0 0 0 
1304 10 0 0 0 0 0 0 0 0 0 0 0 
1305 10 0 0 0 0 0 0 0 0 0 0 0 
1306 10 0 0 0 0 0 0 0 0 0 0 0 
1307 10 0 0 0 0 0 0 0 0 0 0 0 
1308 10 0 0 0 0 0 0 0 0 0 0 0 
1309 10 0 0 0 0 0 0 0 0 0 0 0 
1310 10 0 0 0 0 0 0 0 0 0 0 0 
1311 10 0 0 0 0 0 0 0 0 0 0 0 
1312 10 0 0 0 0 0 0 0 0 0 0 0 
1313 10 0 0 0 0 0 0 0 0 0 0 0 
1314 10 0 0 0 0 0 0 0 0 0 0 0 
1315 10 0 0 0 0 0 0 0 0 0 0 0 
1316 10 0 0 0 0 0 0 0 0 0 0 0 
1317 10 0 0 0 0 0 0 0 0 0 0 0 
1318 10 0 0 0 0 0 0 0 0 0 0 0 
1319 10 0 0 0 0 0 0 0 0 0 0 0 
1320 10 0 0 0 0 0 0 0 0 0 0 0 
1321 10 0 0 0 0 0 0 0 0 0 0 0 
1322 10 0 0 0 0 0 0 0 0 0 0 0 
1323 10 0 0 0 0 0 0 0 0 0 0 0 
1324 10 0 0 0 0 0 0 0 0 0 0 0 
1325 10 0 0 0 0 0 0 0 0 0 0 0 
1326 10 0 0 0 0 0 0 0 0 0 0 0 
1327 10 0 0 0 0 0 0 0 0 0 0 0 
1328 10 0 0 0 0 0 0 0 0 0 0 0 
1329 10 0 0 0 0 0 0 0 0 0 0 0 
1330 10 0 0 0 0 0 0 0 0 0 0 0 
1331 10 0 0 0 0 0 0 0 0 0 0 0 
1332 10 0 0 0 0 0 0 0 0 0 0 0 
1333 10 0 0 0 0 0 0 0 0 0 0 0 
1334 10 0 0 0 0 0 0 0 0 0 0 0 
1335 10 0 0 0 0 0 0 0 0 0 0 0 
1336 10 0 0 0 0 0 0 0 0 0 0 0 
1337 10 0 0 0 0 0 0 0 0 0 0 0 
1338 10 0 0 0 0 0 0 0 0 0 0 0 
1339 10 0 0 0 0 0 0 0 0 0 0 0 
1340 10 0 0 0 0 0 0 0 0 0 0 0 
1341 10 0 0 0 0 0 0 0 0 0 0 0 
1342 10 0 0 0 0 0 0 0 0 0 0 0 
1343 10 13 0 0 0 0 0 0 0 0 0 0 
1344 10 14 0 0 0 0 0 0 0 0 0 0 
1345 10 0 0 0 0 0 0 0 0 0 0 0 
1346 10 0 0 0 0 0 0 0 0 0 0 0 
1347 10 0 0 0 0 0 0 0 0 0 0 0 
1348 10 0 0 0 0 0 0 0 0 0 0 0 
1349 10 0 0 0 0 0 0 0 0 0 0 0 
1350 10 0 0 0 0 0 0 0 0 0 0 0 
1351 10 0 0 0 0 0 0 0 0 0 0 0 
1352 10 0 0 0 0 0 0 0 0 0 0 0 
1353 10 0 0 0 0 0 0 0 0 0 0 0 
1354 10 0 0 0 0 0 0 0 0 0 0 0 
1355 10 0 0 0 0 0 0 0 0 0 0 0 
1356 10 0 0 0 0 0 0 0 0 0 0 0 
1357 10 0 0 0 0 0 0 0 0 0 0 0 
1358 10 0 0 0 0 0 0 0 0 0 0 0 
1359 10 0 0 0 0 0 0 0 0 0 0 0 
1360 10 0 0 0 0 0 0 0 0 0 0 0 
1361 10 0 0 0 0 0 0 0 0 0 0 0 
1362 10 0 0 0 0 0 0 0 0 0 0 0 
1363 10 22 0 0 0 0 0 0 0 0 0 0 
1364 10 23 0 0 0 0 0 0 0 0 0 0 
1365 10 24 0 0 0 0 0 0 0 0 0 0 
1366 10 25 0 0 0 0 0 0 0 0 0 0 
1367 10 0 0 0 0 0 0 0 0 0 0 0 
1368 10 0 0 0 0 0 0 0 0 0 0 0 
1369 10 0 0 0 0 0 0 0 0 0 0 0 
1370 10 0 0 0 0 0 0 0 0 0 0 0 
1371 10 27 0 0 0 0 0 0 0 0 0 0 
1372 10 28 0 0 0 0 0 0 0 0 0 0 
1373 10 29 0 0 0 0 0 0 0 0 0 0 
1374 10 30 0 0 0 0 0 0 0 0 0 0 
1375 10 0 0 0 0 0 0 0 0 0 0 0 
1376 10 0 0 0 0 0 0 0 0 0 0 0 
1377 10 0 0 0 0 0 0 0 0 0 0 0 
1378 10 0 0 0 0 0 0 0 0 0 0 0 
1379 10 0 0 0 0 0 0 0 0 0 0 0 
1380 10 0 0 0 0 0 0 0 0 0 0 0 
1381 10 0 0 0 0 0 0 0 0 0 0 0 
1382 10 0 0 0 0 0 0 0 0 0 0 0 
1383 10 0 0 0 0 0 0 0 0 0 0 0 
1384 10 0 0 0 0 0 0 0 0 0 0 0 
1385 10 0 0 0 0 0 0 0 0 0 0 0 
1386 10 0 0 0 0 0 0 0 0 0 0 0 
1387 10 0 0 0 0 0 0 0 0 0 0 0 
1388 10 0 0 0 0 0 0 0 0 0 0 0 
1389 10 0 0 0 0 0 0 0 0 0 0 0 
1390 10 0 0 0 0 0 0 0 0 0 0 0 
1391 10 0 0 0 0 0 0 0 0 0 0 0 
1392 10 0 0 0 0 0 0 0 0 0 0 0 
1393 10 0 0 0 0 0 0 0 0 0 0 0 
1394 10 0 0 0 0 0 0 0 0 0 0 0 
1395 10 0 0 0 0 0 0 0 0 0 0 0 
1396 10 0 0 0 0 0 0 0 0 0 0 0 
1397 10 0 0 0 0 0 0 0 0 0 0 0 
1398 10 0 0 0 0 0 0 0 0 0 0 0 
1399 10 0 0 0 0 0 0 0 0 0 0 0 
1400 10 0 0 0 0 0 0 0 0 0 0 0 
1401 10 0 0 0 0 0 0 0 0 0 0 0 
1402 10 0 0 0 0 0 0 0 0 0 0 0 
1403 10 0 0 0 0 0 0 0 0 0 0 0 
1404 10 0 0 0 0 0 0 0 0 0 0 0 
1405 10 0 0 0 0 0 0 0 0 0 0 0 
1406 10 0 0 0 0 0 0 0 0 0 0 0 
1407 10 0 0 0 0 0 0 0 0 0 0 0 
1408 10 0 0 0 0 0 0 0 0 0 0 0 
1409 10 0 0 0 0 0 0 0 0 0 0 0 
1410 10 0 0 0 0 0 0 0 0 0 0 0 
1411 10 0 0 0 0 0 0 0 0 0 0 0 
1412 10 0 0 0 0 0 0 0 0 0 0 0 
1413 10 0 0 0 0 0 0 0 0 0 0 0 
1414 10 0 0 0 0 0 0 0 0 0 0 0 
1415 10 0 0 0 0 0 0 0 0 0 0 0 
1416 10 0 0 0 0 0 0 0 0 0 0 0 
1417 10 0 0 0 0 0 0 0 0 0 0 0 
1418 10 0 0 0 0 0 0 0 0 0 0 0 
1419 10 0 0 0 0 0 0 0 0 0 0 0 
1420 10 0 0 0 0 0 0 0 0 0 0 0 
1421 10 0 0 0 0 0 0 0 0 0 0 0 
1422 10 0 0 0 0 0 0 0 0 0 0 0 
1423 10 0 0 0 0 0 0 0 0 0 0 0 
1424 10 0 0 0 0 0 0 0 0 0 0 0 
1425 10 0 0 0 0 0 0 0 0 0 0 0 
1426 10 0 0 0 0 0 0 0 0 0 0 0 
1427 10 0 0 0 0 0 0 0 0 0 0 0 
1428 10 0 0 0 0 0 0 0 0 0 0 0 
1429 10 0 0 0 0 0 0 0 0 0 0 0 
1430 10 0 0 0 0 0 0 0 0 0 0 0 
1431 10 0 0 0 0 0 0 0 0 0 0 0 
1432 10 0 0 0 0 0 0 0 0 0 0 0 
1433 10 0 0 0 0 0 0 0 0 0 0 0 
1434 10 0 0 0 0 0 0 0 0 0 0 0 
1435 10 0 0 0 0 0 0 0 0 0 0 0 
1436 10 0 0 0 0 0 0 0 0 0 0 0 
1437 10 0 0 0 0 0 0 0 0 0 0 0 
1438 10 0 0 0 0 0 0 0 0 0 0 0 
1439 10 0 0 0 0 0 0 0 0 0 0 0 
1440 10 0 0 0 0 0 0 0 0 0 0 0 
1441 10 0 0 0 0 0 0 0 0 0 0 0 
1442 10 0 0 0 0 0 0 0 0 0 0 0 
1443 10 0 0 0 0 0 0 0 0 0 0 0 
1444 10 0 0 0 0 0 0 0 0 0 0 0 
1445 10 0 0 0 0 0 0 0 0 0 0 0 
1446 10 0 0 0 0 0 0 0 0 0 0 0 
1447 10 0 0 0 0 0 0 0 0 0 0 0 
1448 10 0 0 0 0 0 0 0 0 0 0 0 
1449 10 0 0 0 0 0 0 0 0 0 0 0 
1450 10 0 0 0 0 0 0 0 0 0 0 0 
1451 10 0 0 0 0 0 0 0 0 0 0 0 
1452 10 0 0 0 0 0 0 0 0 0 0 0 
1453 10 0 0 0 0 0 0 0 0 0 0 0 
1454 10 0 0 0 0 0 0 0 0 0 0 0 
1455 10 0 0 0 0 0 0 0 0 0 0 0 
1456 10 0 0 0 0 0 0 0 0 0 0 0 
1457 10 0 0 0 0 0 0 0 0 0 0 0 
1458 10 0 0 0 0 0 0 0 0 0 0 0 
1459 10 0 0 0 0 0 0 0 0 0 0 0 
1460 10 0 0 0 0 0 0 0 0 0 0 0 
1461 10 0 0 0 0 0 0 0 0 0 0 0 
1462 10 0 0 0 0 0 0 0 0 0 0 0 
1463 10 0 0 0 0 0 0 0 0 0 0 0 
1464 10 0 0 0 0 0 0 0 0 0 0 0 
1465 10 0 0 0 0 0 0 0 0 0 0 0 
1466 10 0 0 0 0 0 0 0 0 0 0 0 
1467 10 0 0 0 0 0 0 0 0 0 0 0 
1468 10 0 0 0 0 0 0 0 0 0 0 0 
1469 10 0 0 0 0 0 0 0 0 0 0 0 
1470 10 0 0 0 0 0 0 0 0 0 0 0 
1471 10 0 0 0 0 0 0 0 0 0 0 0 
1472 10 0 0 0 0 0 0 0 0 0 0 0 
1473 10 0 0 0 0 0 0 0 0 0 0 0 
1474 10 0 0 0 0 0 0 0 0 0 0 0 
1475 10 0 0 0 0 0 0 0 0 0 0 0 
1476 10 0 0 0 0 0 0 0 0 0 0 0 
1477 10 0 0 0 0 0 0 0 0 0 0 0 
1478 10 0 0 0 0 0 0 0 0 0 0 0 
1479 10 0 0 0 0 0 0 0 0 0 0 0 
1480 10 0 0 0 0 0 0 0 0 0 0 0 
1481 10 0 0 0 0 0 0 0 0 0 0 0 
1482 10 0 0 0 0 0 0 0 0 0 0 0 
1483 10 0 0 0 0 0 0 0 0 0 0 0 
1484 10 0 0 0 0 0 0 0 0 0 0 0 
1485 10 0 0 0 0 0 0 0 0 0 0 0 
1486 10 0 0 0 0 0 0 0 0 0 0 0 
1487 10 0 0 0 0 0 0 0 0 0 0 0 
1488 10 0 0 0 0 0 0 0 0 0 0 0 
1489 10 0 0 0 0 0 0 0 0 0 0 0 
1490 10 0 0 0 0 0 0 0 0 0 0 0 
1491 10 37 0 0 0 0 0 0 0 0 0 0 
1492 10 38 0 0 0 0 0 0 0 0 0 0 
1493 10 0 0 0 0 0 0 0 0 0 0 0 
1494 10 0 0 0 0 0 0 0 0 0 0 0 
1495 10 0 0 0 0 0 0 0 0 0 0 0 
1496 10 0 0 0 0 0 0 0 0 0 0 0 
1497 10 0 0 0 0 0 0 0 0 0 0 0 
1498 10 0 0 0 0 0 0 0 0 0 0 0 
1499 10 0 0 0 0 0 0 0 0 0 0 0 
1500 10 0 0 0 0 0 0 0 0 0 0 0 
1501 10 42 0 0 0 0 0 0 0 0 0 0 
1502 10 43 0 0 0 0 0 0 0 0 0 0 
1503 10 0 0 0 0 0 0 0 0 0 0 0 
1504 10 0 0 0 0 0 0 0 0 0 0 0 
1505 10 0 0 0 0 0 0 0 0 0 0 0 
1506 10 0 0 0 0 0 0 0 0 0 0 0 
1507 10 0 0 0 0 0 0 0 0 0 0 0 
1508 10 0 0 0 0 0 0 0 0 0 0 0 
1509 10 0 0 0 0 0 0 0 0 0 0 0 
1510 10 0 0 0 0 0 0 0 0 0 0 0 
1511 10 0 0 0 0 0 0 0 0 0 0 0 
1512 10 0 0 0 0 0 0 0 0 0 0 0 
1513 10 0 0 0 0 0 0 0 0 0 0 0 
1514 10 0 0 0 0 0 0 0 0 0 0 0 
1515 10 0 0 0 0 0 0 0 0 0 0 0 
1516 10 0 0 0 0 0 0 0 0 0 0 0 
1517 10 0 0 0 0 0 0 0 0 0 0 0 
1518 10 0 0 0 0 0 0 0 0 0 0 0 
1519 10 0 0 0 0 0 0 0 0 0 0 0 
1520 10 0 0 0 0 0 0 0 0 0 0 0 
1521 10 0 0 0 0 0 0 0 0 0 0 0 
1522 10 0 0 0 0 0 0 0 0 0 0 0 
1523 10 0 0 0 0 0 0 0 0 0 0 0 
1524 10 0 0 0 0 0 0 0 0 0 0 0 
1525 10 0 0 0 0 0 0 0 0 0 0 0 
1526 10 0 0 0 0 0 0 0 0 0 0 0 
1527 10 0 0 0 0 0 0 0 0 0 0 0 
1528 10 0 0 0 0 0 0 0 0 0 0 0 
1529 10 0 0 0 0 0 0 0 0 0 0 0 
1530 10 0 0 0 0 0 0 0 0 0 0 0 
1531 10 0 0 0 0 0 0 0 0 0 0 0 
1532 10 0 0 0 0 0 0 0 0 0 0 0 
1533 10 0 0 0 0 0 0 0 0 0 0 0 
1534 10 0 0 0 0 0 0 0 0 0 0 0 
1535 10 0 0 0 0 0 0 0 0 0 0 0 
1536 10 0 0 0 0 0 0 0 0 0 0 0 
1537 10 0 0 0 0 0 0 0 0 0 0 0 
1538 10 0 0 0 0 0 0 0 0 0 0 0 
1539 10 0 0 0 0 0 0 0 0 0 0 0 
1540 10 0 0 0 0 0 0 0 0 0 0 0 
1541 10 0 0 0 0 0 0 0 0 0 0 0 
1542 10 0 0 0 0 0 0 0 0 0 0 0 
1543 10 0 0 0 0 0 0 0 0 0 0 0 
1544 10 0 0 0 0 0 0 0 0 0 0 0 
1545 10 0 0 0 0 0 0 0 0 0 0 0 
1546 10 0 0 0 0 0 0 0 0 0 0 0 
1547 10 0 0 0 0 0 0 0 0 0 0 0 
1548 10 0 0 0 0 0 0 0 0 0 0 0 
1549 10 0 0 0 0 0 0 0 0 0 0 0 
1550 10 0 0 0 0 0 0 0 0 0 0 0 
1551 10 0 0 0 0 0 0 0 0 0 0 0 
1552 10 0 0 0 0 0 0 0 0 0 0 0 
1553 10 0 0 0 0 0 0 0 0 0 0 0 
1554 10 0 0 0 0 0 0 0 0 0 0 0 
1555 10 0 0 0 0 0 0 0 0 0 0 0 
1556 10 0 0 0 0 0 0 0 0 0 0 0 
1557 10 0 0 0 0 0 0 0 0 0 0 0 
1558 10 0 0 0 0 0 0 0 0 0 0 0 
1559 10 0 0 0 0 0 0 0 0 0 0 0 
1560 10 0 0 0 0 0 0 0 0 0 0 0 
1561 10 0 0 0 0 0 0 0 0 0 0 0 
1562 10 0 0 0 0 0 0 0 0 0 0 0 
1563 10 0 0 0 0 0 0 0 0 0 0 0 
1564 10 0 0 0 0 0 0 0 0 0 0 0 
1565 10 0 0 0 0 0 0 0 0 0 0 0 
1566 10 0 0 0 0 0 0 0 0 0 0 0 
1567 10 0 0 0 0 0 0 0 0 0 0 0 
1568 10 0 0 0 0 0 0 0 0 0 0 0 
1569 10 0 0 0 0 0 0 0 0 0 0 0 
1570 10 0 0 0 0 0 0 0 0 0 0 0 
1571 10 0 0 0 0 0 0 0 0 0 0 0 
1572 10 0 0 0 0 0 0 0 0 0 0 0 
1573 10 0 0 0 0 0 0 0 0 0 0 0 
1574 10 0 0 0 0 0 0 0 0 0 0 0 
1575 10 0 0 0 0 0 0 0 0 0 0 0 
1576 10 0 0 0 0 0 0 0 0 0 0 0 
1577 10 0 0 0 0 0 0 0 0 0 0 0 
1578 10 0 0 0 0 0 0 0 0 0 0 0 
1579 10 0 0 0 0 0 0 0 0 0 0 0 
1580 10 0 0 0 0 0 0 0 0 0 0 0 
1581 10 0 0 0 0 0 0 0 0 0 0 0 
1582 10 0 0 0 0 0 0 0 0 0 0 0 
1583 10 0 0 0 0 0 0 0 0 0 0 0 
1584 10 0 0 0 0 0 0 0 0 0 0 0 
1585 10 0 0 0 0 0 0 0 0 0 0 0 
1586 10 0 0 0 0 0 0 0 0 0 0 0 
1587 10 0 0 0 0 0 0 0 0 0 0 0 
1588 10 0 0 0 0 0 0 0 0 0 0 0 
1589 10 0 0 0 0 0 0 0 0 0 0 0 
1590 10 0 0 0 0 0 0 0 0 0 0 0 
1591 10 0 0 0 0 0 0 0 0 0 0 0 
1592 10 0 0 0 0 0 0 0 0 0 0 0 
1593 10 0 0 0 0 0 0 0 0 0 0 0 
1594 10 0 0 0 0 0 0 0 0 0 0 0 
1595 10 0 0 0 0 0 0 0 0 0 0 0 
1596 10 0 0 0 0 0 0 0 0 0 0 0 
1597 10 0 0 0 0 0 0 0 0 0 0 0 
1598 10 0 0 0 0 0 0 0 0 0 0 0 
1599 10 0 0 0 0 0 0 0 0 0 0 0 
1600 10 0 0 0 0 0 0 0 0 0 0 0 
1601 10 0 0 0 0 0 0 0 0 0 0 0 
1602 10 0 0 0 0 0 0 0 0 0 0 0 
1603 10 0 0 0 0 0 0 0 0 0 0 0 
1604 10 0 0 0 0 0 0 0 0 0 0 0 
1605 10 0 0 0 0 0 0 0 0 0 0 0 
1606 10 0 0 0 0 0 0 0 0 0 0 0 
1607 10 0 0 0 0 0 0 0 0 0 0 0 
1608 10 0 0 0 0 0 0 0 0 0 0 0 
1609 10 0 0 0 0 0 0 0 0 0 0 0 
1610 10 0 0 0 0 0 0 0 0 0 0 0 
1611 10 0 0 0 0 0 0 0 0 0 0 0 
1612 10 0 0 0 0 0 0 0 0 0 0 0 
1613 10 0 0 0 0 0 0 0 0 0 0 0 
1614 10 0 0 0 0 0 0 0 0 0 0 0 
1615 10 0 0 0 0 0 0 0 0 0 0 0 
1616 10 0 0 0 0 0 0 0 0 0 0 0 
1617 10 0 0 0 0 0 0 0 0 0 0 0 
1618 10 0 0 0 0 0 0 0 0 0 0 0 
1619 10 0 0 0 0 0 0 0 0 0 0 0 
1620 10 0 0 0 0 0 0 0 0 0 0 0 
1621 10 0 0 0 0 0 0 0 0 0 0 0 
1622 10 0 0 0 0 0 0 0 0 0 0 0 
1623 10 0 0 0 0 0 0 0 0 0 0 0 
1624 10 0 0 0 0 0 0 0 0 0 0 0 
1625 10 0 0 0 0 0 0 0 0 0 0 0 
1626 10 0 0 0 0 0 0 0 0 0 0 0 
1627 10 0 0 0 0 0 0 0 0 0 0 0 
1628 10 0 0 0 0 0 0 0 0 0 0 0 
1629 10 0 0 0 0 0 0 0 0 0 0 0 
1630 10 0 0 0 0 0 0 0 0 0 0 0 
1631 10 0 0 0 0 0 0 0 0 0 0 0 
1632 10 0 0 0 0 0 0 0 0 0 0 0 
1633 10 0 0 0 0 0 0 0 0 0 0 0 
1634 10 0 0 0 0 0 0 0 0 0 0 0 
1635 10 0 0 0 0 0 0 0 0 0 0 0 
1636 10 0 0 0 0 0 0 0 0 0 0 0 
1637 10 0 0 0 0 0 0 0 0 0 0 0 
1638 10 0 0 0 0 0 0 0 0 0 0 0 
1639 10 0 0 0 0 0 0 0 0 0 0 0 
1640 10 0 0 0 0 0 0 0 0 0 0 0 
1641 10 0 0 0 0 0 0 0 0 0 0 0 
1642 10 0 0 0 0 0 0 0 0 0 0 0 
1643 10 0 0 0 0 0 0 0 0 0 0 0 
1644 10 0 0 0 0 0 0 0 0 0 0 0 
1645 10 0 0 0 0 0 0 0 0 0 0 0 
1646 10 0 0 0 0 0 0 0 0 0 0 0 
1647 10 0 0 0 0 0 0 0 0 0 0 0 
1648 10 0 0 0 0 0 0 0 0 0 0 0 
1649 10 0 0 0 0 0 0 0 0 0 0 0 
1650 10 0 0 0 0 0 0 0 0 0 0 0 
1651 10 0 0 0 0 0 0 0 0 0 0 0 
1652 10 0 0 0 0 0 0 0 0 0 0 0 
1653 10 0 0 0 0 0 0 0 0 0 0 0 
1654 10 0 0 0 0 0 0 0 0 0 0 0 
1655 10 0 0 0 0 0 0 0 0 0 0 0 
1656 10 0 0 0 0 0 0 0 0 0 0 0 
1657 10 0 0 0 0 0 0 0 0 0 0 0 
1658 10 0 0 0 0 0 0 0 0 0 0 0 
1659 10 0 0 0 0 0 0 0 0 0 0 0 
1660 10 0 0 0 0 0 0 0 0 0 0 0 
1661 10 0 0 0 0 0 0 0 0 0 0 0 
1662 10 0 0 0 0 0 0 0 0 0 0 0 
1663 10 0 0 0 0 0 0 0 0 0 0 0 
1664 10 0 0 0 0 0 0 0 0 0 0 0 
1665 10 0 0 0 0 0 0 0 0 0 0 0 
1666 10 0 0 0 0 0 0 0 0 0 0 0 
1667 10 0 0 0 0 0 0 0 0 0 0 0 
1668 10 0 0 0 0 0 0 0 0 0 0 0 
1669 10 0 0 0 0 0 0 0 0 0 0 0 
1670 10 0 0 0 0 0 0 0 0 0 0 0 
1671 10 0 0 0 0 0 0 0 0 0 0 0 
1672 10 0 0 0 0 0 0 0 0 0 0 0 
1673 10 0 0 0 0 0 0 0 0 0 0 0 
1674 10 0 0 0 0 0 0 0 0 0 0 0 
1675 10 0 0 0 0 0 0 0 0 0 0 0 
1676 10 0 0 0 0 0 0 0 0 0 0 0 
1677 10 0 0 0 0 0 0 0 0 0 0 0 
1678 10 0 0 0 0 0 0 0 0 0 0 0 
1679 10 0 0 0 0 0 0 0 0 0 0 0 
1680 10 0 0 0 0 0 0 0 0 0 0 0 
1681 10 0 0 0 0 0 0 0 0 0 0 0 
1682 10 0 0 0 0 0 0 0 0 0 0 0 
1683 10 0 0 0 0 0 0 0 0 0 0 0 
1684 10 0 0 0 0 0 0 0 0 0 0 0 
1685 10 0 0 0 0 0 0 0 0 0 0 0 
1686 10 0 0 0 0 0 0 0 0 0 0 0 
1687 10 0 0 0 0 0 0 0 0 0 0 0 
1688 10 0 0 0 0 0 0 0 0 0 0 0 
1689 10 0 0 0 0 0 0 0 0 0 0 0 
1690 10 0 0 0 0 0 0 0 0 0 0 0 
1691 10 0 0 0 0 0 0 0 0 0 0 0 
1692 10 0 0 0 0 0 0 0 0 0 0 0 
1693 10 0 0 0 0 0 0 0 0 0 0 0 
1694 10 0 0 0 0 0 0 0 0 0 0 0 
1695 10 0 0 0 0 0 0 0 0 0 0 0 
1696 10 0 0 0 0 0 0 0 0 0 0 0 
1697 10 0 0 0 0 0 0 0 0 0 0 0 
1698 10 0 0 0 0 0 0 0 0 0 0 0 
1699 10 0 0 0 0 0 0 0 0 0 0 0 
1700 10 0 0 0 0 0 0 0 0 0 0 0 
1701 10 0 0 0 0 0 0 0 0 0 0 0 
1702 10 0 0 0 0 0 0 0 0 0 0 0 
1703 10 0 0 0 0 0 0 0 0 0 0 0 
1704 10 0 0 0 0 0 0 0 0 0 0 0 
1705 10 0 0 0 0 0 0 0 0 0 0 0 
1706 10 0 0 0 0 0 0 0 0 0 0 0 
1707 10 0 0 0 0 0 0 0 0 0 0 0 
1708 10 0 0 0 0 0 0 0 0 0 0 0 
1709 10 0 0 0 0 0 0 0 0 0 0 0 
1710 10 0 0 0 0 0 0 0 0 0 0 0 
1711 10 0 0 0 0 0 0 0 0 0 0 0 
1712 10 0 0 0 0 0 0 0 0 0 0 0 
1713 10 0 0 0 0 0 0 0 0 0 0 0 
1714 10 0 0 0 0 0 0 0 0 0 0 0 
1715 10 0 0 0 0 0 0 0 0 0 0 0 
1716 10 0 0 0 0 0 0 0 0 0 0 0 
1717 10 0 0 0 0 0 0 0 0 0 0 0 
1718 10 0 0 0 0 0 0 0 0 0 0 0 
1719 10 0 0 0 0 0 0 0 0 0 0 0 
1720 10 0 0 0 0 0 0 0 0 0 0 0 
1721 10 0 0 0 0 0 0 0 0 0 0 0 
1722 10 0 0 0 0 0 0 0 0 0 0 0 
1723 10 0 0 0 0 0 0 0 0 0 0 0 
1724 10 0 0 0 0 0 0 0 0 0 0 0 
1725 10 0 0 0 0 0 0 0 0 0 0 0 
1726 10 0 0 0 0 0 0 0 0 0 0 0 
1727 10 55 0 0 0 0 0 0 0 0 0 0 
1728 10 56 0 0 0 0 0 0 0 0 0 0 
1729 10 0 0 0 0 0 0 0 0 0 0 0 
1730 10 0 0 0 0 0 0 0 0 0 0 0 
1731 10 0 0 0 0 0 0 0 0 0 0 0 
1732 10 0 0 0 0 0 0 0 0 0 0 0 
1733 10 0 0 0 0 0 0 0 0 0 0 0 
1734 10 0 0 0 0 0 0 0 0 0 0 0 
1735 10 0 0 0 0 0 0 0 0 0 0 0 
1736 10 0 0 0 0 0 0 0 0 0 0 0 
1737 10 0 0 0 0 0 0 0 0 0 0 0 
1738 10 0 0 0 0 0 0 0 0 0 0 0 
1739 10 0 0 0 0 0 0 0 0 0 0 0 
1740 10 0 0 0 0 0 0 0 0 0 0 0 
1741 10 0 0 0 0 0 0 0 0 0 0 0 
1742 10 0 0 0 0 0 0 0 0 0 0 0 
1743 10 0 0 0 0 0 0 0 0 0 0 0 
1744 10 0 0 0 0 0 0 0 0 0 0 0 
1745 10 0 0 0 0 0 0 0 0 0 0 0 
1746 10 0 0 0 0 0 0 0 0 0 0 0 
1747 10 0 0 0 0 0 0 0 0 0 0 0 
1748 10 0 0 0 0 0 0 0 0 0 0 0 
1749 10 0 0 0 0 0 0 0 0 0 0 0 
1750 10 0 0 0 0 0 0 0 0 0 0 0 
1751 10 0 0 0 0 0 0 0 0 0 0 0 
1752 10 0 0 0 0 0 0 0 0 0 0 0 
1753 10 62 0 0 0 0 0 0 0 0 0 0 
1754 10 63 0 0 0 0 0 0 0 0 0 0 
1755 10 0 0 0 0 0 0 0 0 0 0 0 
1756 10 0 0 0 0 0 0 0 0 0 0 0 
1757 10 0 0 0 0 0 0 0 0 0 0 0 
1758 10 0 0 0 0 0 0 0 0 0 0 0 
1759 10 0 0 0 0 0 0 0 0 0 0 0 
1760 10 0 0 0 0 0 0 0 0 0 0 0 
1761 10 0 0 0 0 0 0 0 0 0 0 0 
1762 10 0 0 0 0 0 0 0 0 0 0 0 
1763 10 66 0 0 0 0 0 0 0 0 0 0 
1764 10 67 0 0 0 0 0 0 0 0 0 0 
1765 10 0 0 0 0 0 0 0 0 0 0 0 
1766 10 0 0 0 0 0 0 0 0 0 0 0 
1767 10 69 0 0 0 0 0 0 0 0 0 0 
1768 10 70 0 0 0 0 0 0 0 0 0 0 
1769 10 71 0 0 0 0 0 0 0 0 0 0 
1770 10 72 0 0 0 0 0 0 0 0 0 0 
1771 10 73 0 0 0 0 0 0 0 0 0 0 
1772 10 74 0 0 0 0 0 0 0 0 0 0 
1773 10 75 0 0 0 0 0 0 0 0 0 0 
1774 10 76 0 0 0 0 0 0 0 0 0 0 
1775 10 0 0 0 0 0 0 0 0 0 0 0 
1776 10 0 0 0 0 0 0 0 0 0 0 0 
1777 10 0 0 0 0 0 0 0 0 0 0 0 
1778 10 0 0 0 0 0 0 0 0 0 0 0 
1779 10 0 0 0 0 0 0 0 0 0 0 0 
1780 10 0 0 0 0 0 0 0 0 0 0 0 
1781 10 0 0 0 0 0 0 0 0 0 0 0 
1782 10 0 0 0 0 0 0 0 0 0 0 0 
1783 10 0 0 0 0 0 0 0 0 0 0 0 
1784 10 0 0 0 0 0 0 0 0 0 0 0 
1785 10 0 0 0 0 0 0 0 0 0 0 0 
1786 10 0 0 0 0 0 0 0 0 0 0 0 
1787 10 0 0 0 0 0 0 0 0 0 0 0 
1788 10 0 0 0 0 0 0 0 0 0 0 0 
1789 10 0 0 0 0 0 0 0 0 0 0 0 
1790 10 0 0 0 0 0 0 0 0 0 0 0 
1791 10 0 0 0 0 0 0 0 0 0 0 0 
1792 10 0 0 0 0 0 0 0 0 0 0 0 
1793 10 0 0 0 0 0 0 0 0 0 0 0 
1794 10 0 0 0 0 0 0 0 0 0 0 0 
1795 10 0 0 0 0 0 0 0 0 0 0 0 
1796 10 0 0 0 0 0 0 0 0 0 0 0 
1797 10 0 0 0 0 0 0 0 0 0 0 0 
1798 10 0 0 0 0 0 0 0 0 0 0 0 
1799 10 0 0 0 0 0 0 0 0 0 0 0 
1800 10 0 0 0 0 0 0 0 0 0 0 0 
1801 10 0 0 0 0 0 0 0 0 0 0 0 
1802 10 0 0 0 0 0 0 0 0 0 0 0 
1803 10 0 0 0 0 0 0 0 0 0 0 0 
1804 10 0 0 0 0 0 0 0 0 0 0 0 
1805 10 0 0 0 0 0 0 0 0 0 0 0 
1806 10 0 0 0 0 0 0 0 0 0 0 0 
1807 10 0 0 0 0 0 0 0 0 0 0 0 
1808 10 0 0 0 0 0 0 0 0 0 0 0 
1809 10 0 0 0 0 0 0 0 0 0 0 0 
1810 10 0 0 0 0 0 0 0 0 0 0 0 
1811 10 0 0 0 0 0 0 0 0 0 0 0 
1812 10 0 0 0 0 0 0 0 0 0 0 0 
1813 10 0 0 0 0 0 0 0 0 0 0 0 
1814 10 0 0 0 0 0 0 0 0 0 0 0 
1815 10 0 0 0 0 0 0 0 0 0 0 0 
1816 10 0 0 0 0 0 0 0 0 0 0 0 
1817 10 0 0 0 0 0 0 0 0 0 0 0 
1818 10 0 0 0 0 0 0 0 0 0 0 0 
1819 10 0 0 0 0 0 0 0 0 0 0 0 
1820 10 0 0 0 0 0 0 0 0 0 0 0 
1821 10 0 0 0 0 0 0 0 0 0 0 0 
1822 10 0 0 0 0 0 0 0 0 0 0 0 
1823 10 0 0 0 0 0 0 0 0 0 0 0 
1824 10 0 0 0 0 0 0 0 0 0 0 0 
1825 10 0 0 0 0 0 0 0 0 0 0 0 
1826 10 0 0 0 0 0 0 0 0 0 0 0 
1827 10 0 0 0 0 0 0 0 0 0 0 0 
1828 10 0 0 0 0 0 0 0 0 0 0 0 
1829 10 0 0 0 0 0 0 0 0 0 0 0 
1830 10 0 0 0 0 0 0 0 0 0 0 0 
1831 10 0 0 0 0 0 0 0 0 0 0 0 
1832 10 0 0 0 0 0 0 0 0 0 0 0 
1833 10 0 0 0 0 0 0 0 0 0 0 0 
1834 10 0 0 0 0 0 0 0 0 0 0 0 
1835 10 0 0 0 0 0 0 0 0 0 0 0 
1836 10 0 0 0 0 0 0 0 0 0 0 0 
1837 10 0 0 0 0 0 0 0 0 0 0 0 
1838 10 0 0 0 0 0 0 0 0 0 0 0 
1839 10 0 0 0 0 0 0 0 0 0 0 0 
1840 10 0 0 0 0 0 0 0 0 0 0 0 
1841 10 0 0 0 0 0 0 0 0 0 0 0 
1842 10 0 0 0 0 0 0 0 0 0 0 0 
1843 10 0 0 0 0 0 0 0 0 0 0 0 
1844 10 0 0 0 0 0 0 0 0 0 0 0 
1845 10 0 0 0 0 0 0 0 0 0 0 0 
1846 10 0 0 0 0 0 0 0 0 0 0 0 
1847 10 0 0 0 0 0 0 0 0 0 0 0 
1848 10 0 0 0 0 0 0 0 0 0 0 0 
1849 10 0 0 0 0 0 0 0 0 0 0 0 
1850 10 0 0 0 0 0 0 0 0 0 0 0 
1851 10 0 0 0 0 0 0 0 0 0 0 0 
1852 10 0 0 0 0 0 0 0 0 0 0 0 
1853 10 0 0 0 0 0 0 0 0 0 0 0 
1854 10 0 0 0 0 0 0 0 0 0 0 0 
1855 10 0 0 0 0 0 0 0 0 0 0 0 
1856 10 0 0 0 0 0 0 0 0 0 0 0 
1857 10 0 0 0 0 0 0 0 0 0 0 0 
1858 10 0 0 0 0 0 0 0 0 0 0 0 
1859 10 0 0 0 0 0 0 0 0 0 0 0 
1860 10 0 0 0 0 0 0 0 0 0 0 0 
1861 10 0 0 0 0 0 0 0 0 0 0 0 
1862 10 0 0 0 0 0 0 0 0 0 0 0 
1863 10 0 0 0 0 0 0 0 0 0 0 0 
1864 10 0 0 0 0 0 0 0 0 0 0 0 
1865 10 0 0 0 0 0 0 0 0 0 0 0 
1866 10 0 0 0 0 0 0 0 0 0 0 0 
1867 10 0 0 0 0 0 0 0 0 0 0 0 
1868 10 0 0 0 0 0 0 0 0 0 0 0 
1869 10 0 0 0 0 0 0 0 0 0 0 0 
1870 10 0 0 0 0 0 0 0 0 0 0 0 
1871 10 0 0 0 0 0 0 0 0 0 0 0 
1872 10 0 0 0 0 0 0 0 0 0 0 0 
1873 10 0 0 0 0 0 0 0 0 0 0 0 
1874 10 0 0 0 0 0 0 0 0 0 0 0 
1875 10 0 0 0 0 0 0 0 0 0 0 0 
1876 10 0 0 0 0 0 0 0 0 0 0 0 
1877 10 0 0 0 0 0 0 0 0 0 0 0 
1878 10 0 0 0 0 0 0 0 0 0 0 0 
1879 10 0 0 0 0 0 0 0 0 0 0 0 
1880 10 0 0 0 0 0 0 0 0 0 0 0 
1881 10 0 0 0 0 0 0 0 0 0 0 0 
1882 10 0 0 0 0 0 0 0 0 0 0 0 
1883 10 0 0 0 0 0 0 0 0 0 0 0 
1884 10 0 0 0 0 0 0 0 0 0 0 0 
1885 10 0 0 0 0 0 0 0 0 0 0 0 
1886 10 0 0 0 0 0 0 0 0 0 0 0 
1887 10 0 0 0 0 0 0 0 0 0 0 0 
1888 10 0 0 0 0 0 0 0 0 0 0 0 
1889 10 0 0 0 0 0 0 0 0 0 0 0 
1890 10 0 0 0 0 0 0 0 0 0 0 0 
1891 10 0 0 0 0 0 0 0 0 0 0 0 
1892 10 0 0 0 0 0 0 0 0 0 0 0 
1893 10 0 0 0 0 0 0 0 0 0 0 0 
1894 10 0 0 0 0 0 0 0 0 0 0 0 
1895 10 0 0 0 0 0 0 0 0 0 0 0 
1896 10 0 0 0 0 0 0 0 0 0 0 0 
1897 10 0 0 0 0 0 0 0 0 0 0 0 
1898 10 0 0 0 0 0 0 0 0 0 0 0 
1899 10 0 0 0 0 0 0 0 0 0 0 0 
1900 10 0 0 0 0 0 0 0 0 0 0 0 
1901 10 0 0 0 0 0 0 0 0 0 0 0 
1902 10 0 0 0 0 0 0 0 0 0 0 0 
1903 10 0 0 0 0 0 0 0 0 0 0 0 
1904 10 0 0 0 0 0 0 0 0 0 0 0 
1905 10 0 0 0 0 0 0 0 0 0 0 0 
1906 10 0 0 0 0 0 0 0 0 0 0 0 
1907 10 0 0 0 0 0 0 0 0 0 0 0 
1908 10 0 0 0 0 0 0 0 0 0 0 0 
1909 10 0 0 0 0 0 0 0 0 0 0 0 
1910 10 0 0 0 0 0 0 0 0 0 0 0 
1911 10 0 0 0 0 0 0 0 0 0 0 0 
1912 10 0 0 0 0 0 0 0 0 0 0 0 
1913 10 0 0 0 0 0 0 0 0 0 0 0 
1914 10 0 0 0 0 0 0 0 0 0 0 0 
1915 10 0 0 0 0 0 0 0 0 0 0 0 
1916 10 0 0 0 0 0 0 0 0 0 0 0 
1917 10 0 0 0 0 0 0 0 0 0 0 0 
1918 10 0 0 0 0 0 0 0 0 0 0 0 
1919 10 90 0 0 0 0 0 0 0 0 0 0 
1920 10 91 0 0 0 0 0 0 0 0 0 0 
1921 10 0 0 0 0 0 0 0 0 0 0 0 
1922 10 0 0 0 0 0 0 0 0 0 0 0 
1923 10 0 0 0 0 0 0 0 0 0 0 0 
1924 10 0 0 0 0 0 0 0 0 0 0 0 
1925 10 0 0 0 0 0 0 0 0 0 0 0 
1926 10 0 0 0 0 0 0 0 0 0 0 0 
1927 10 94 0 0 0 0 0 0 0 0 0 0 
1928 10 95 0 0 0 0 0 0 0 0 0 0 
1929 10 0 0 0 0 0 0 0 0 0 0 0 
1930 10 0 0 0 0 0 0 0 0 0 0 0 
1931 10 0 0 0 0 0 0 0 0 0 0 0 
1932 10 0 0 0 0 0 0 0 0 0 0 0 
1933 10 0 0 0 0 0 0 0 0 0 0 0 
1934 10 0 0 0 0 0 0 0 0 0 0 0 
1935 10 0 0 0 0 0 0 0 0 0 0 0 
1936 10 0 0 0 0 0 0 0 0 0 0 0 
1937 10 0 0 0 0 0 0 0 0 0 0 0 
1938 10 0 0 0 0 0 0 0 0 0 0 0 
1939 10 0 0 0 0 0 0 0 0 0 0 0 
1940 10 0 0 0 0 0 0 0 0 0 0 0 
1941 10 0 0 0 0 0 0 0 0 0 0 0 
1942 10 0 0 0 0 0 0 0 0 0 0 0 
1943 10 100 0 0 0 0 0 0 0 0 0 0 
1944 10 101 0 0 0 0 0 0 0 0 0 0 
1945 10 102 0 0 0 0 0 0 0 0 0 0 
1946 10 103 0 0 0 0 0 0 0 0 0 0 
1947 10 104 0 0 0 0 0 0 0 0 0 0 
1948 10 105 0 0 0 0 0 0 0 0 0 0 
1949 10 0 0 0 0 0 0 0 0 0 0 0 
1950 10 0 0 0 0 0 0 0 0 0 0 0 
1951 10 107 0 0 0 0 0 0 0 0 0 0 
1952 10 108 0 0 0 0 0 0 0 0 0 0 
1953 10 0 0 0 0 0 0 0 0 0 0 0 
1954 10 0 0 0 0 0 0 0 0 0 0 0 
1955 10 0 0 0 0 0 0 0 0 0 0 0 
1956 10 0 0 0 0 0 0 0 0 0 0 0 
1957 10 111 0 0 0 0 0 0 0 0 0 0 
1958 10 112 0 0 0 0 0 0 0 0 0 0 
1959 10 0 0 0 0 0 0 0 0 0 0 0 
1960 10 0 0 0 0 0 0 0 0 0 0 0 
1961 10 0 0 0 0 0 0 0 0 0 0 0 
1962 10 0 0 0 0 0 0 0 0 0 0 0 
1963 10 114 0 0 0 0 0 0 0 0 0 0 
1964 10 115 0 0 0 0 0 0 0 0 0 0 
1965 10 116 0 0 0 0 0 0 0 0 0 0 
1966 10 117 0 0 0 0 0 0 0 0 0 0 
1967 10 0 0 0 0 0 0 0 0 0 0 0 
1968 10 0 0 0 0 0 0 0 0 0 0 0 
1969 10 0 0 0 0 0 0 0 0 0 0 0 
1970 10 0 0 0 0 0 0 0 0 0 0 0 
1971 10 0 0 0 0 0 0 0 0 0 0 0 
1972 10 0 0 0 0 0 0 0 0 0 0 0 
1973 10 0 0 0 0 0 0 0 0 0 0 0 
1974 10 0 0 0 0 0 0 0 0 0 0 0 
1975 10 0 0 0 0 0 0 0 0 0 0 0 
1976 10 0 0 0 0 0 0 0 0 0 0 0 
1977 10 0 0 0 0 0 0 0 0 0 0 0 
1978 10 0 0 0 0 0 0 0 0 0 0 0 
1979 10 0 0 0 0 0 0 0 0 0 0 0 
1980 10 0 0 0 0 0 0 0 0 0 0 0 
1981 10 0 0 0 0 0 0 0 0 0 0 0 
1982 10 0 0 0 0 0 0 0 0 0 0 0 
1983 10 0 0 0 0 0 0 0 0 0 0 0 
1984 10 0 0 0 0 0 0 0 0 0 0 0 
1985 10 0 0 0 0 0 0 0 0 0 0 0 
1986 10 0 0 0 0 0 0 0 0 0 0 0 
1987 10 0 0 0 0 0 0 0 0 0 0 0 
1988 10 0 0 0 0 0 0 0 0 0 0 0 
1989 10 0 0 0 0 0 0 0 0 0 0 0 
1990 10 0 0 0 0 0 0 0 0 0 0 0 
1991 10 0 0 0 0 0 0 0 0 0 0 0 
1992 10 0 0 0 0 0 0 0 0 0 0 0 
1993 10 0 0 0 0 0 0 0 0 0 0 0 
1994 10 0 0 0 0 0 0 0 0 0 0 0 
1995 10 0 0 0 0 0 0 0 0 0 0 0 
1996 10 0 0 0 0 0 0 0 0 0 0 0 
1997 10 0 0 0 0 0 0 0 0 0 0 0 
1998 10 0 0 0 0 0 0 0 0 0 0 0 
1999 10 0 0 0 0 0 0 0 0 0 0 0 
2000 10 0 0 0 0 0 0 0 0 0 0 0 
2001 10 0 0 0 0 0 0 0 0 0 0 0 
2002 10 0 0 0 0 0 0 0 0 0 0 0 
2003 10 0 0 0 0 0 0 0 0 0 0 0 
2004 10 0 0 0 0 0 0 0 0 0 0 0 
2005 10 0 0 0 0 0 0 0 0 0 0 0 
2006 10 0 0 0 0 0 0 0 0 0 0 0 
2007 10 0 0 0 0 0 0 0 0 0 0 0 
2008 10 0 0 0 0 0 0 0 0 0 0 0 
2009 10 0 0 0 0 0 0 0 0 0 0 0 
2010 10 0 0 0 0 0 0 0 0 0 0 0 
2011 10 0 0 0 0 0 0 0 0 0 0 0 
2012 10 0 0 0 0 0 0 0 0 0 0 0 
2013 10 0 0 0 0 0 0 0 0 0 0 0 
2014 10 0 0 0 0 0 0 0 0 0 0 0 
2015 10 0 0 0 0 0 0 0 0 0 0 0 
2016 10 0 0 0 0 0 0 0 0 0 0 0 
2017 10 0 0 0 0 0 0 0 0 0 0 0 
2018 10 0 0 0 0 0 0 0 0 0 0 0 
2019 10 0 0 0 0 0 0 0 0 0 0 0 
2020 10 0 0 0 0 0 0 0 0 0 0 0 
2021 10 0 0 0 0 0 0 0 0 0 0 0 
2022 10 0 0 0 0 0 0 0 0 0 0 0 
2023 10 0 0 0 0 0 0 0 0 0 0 0 
2024 10 0 0 0 0 0 0 0 0 0 0 0 
2025 10 0 0 0 0 0 0 0 0 0 0 0 
2026 10 0 0 0 0 0 0 0 0 0 0 0 
2027 10 0 0 0 0 0 0 0 0 0 0 0 
2028 10 0 0 0 0 0 0 0 0 0 0 0 
2029 10 0 0 0 0 0 0 0 0 0 0 0 
2030 10 0 0 0 0 0 0 0 0 0 0 0 
2031 10 0 0 0 0 0 0 0 0 0 0 0 
2032 10 0 0 0 0 0 0 0 0 0 0 0 
2033 10 0 0 0 0 0 0 0 0 0 0 0 
2034 10 0 0 0 0 0 0 0 0 0 0 0 
2035 10 0 0 0 0 0 0 0 0 0 0 0 
2036 10 0 0 0 0 0 0 0 0 0 0 0 
2037 10 0 0 0 0 0 0 0 0 0 0 0 
2038 10 0 0 0 0 0 0 0 0 0 0 0 
2039 10 0 0 0 0 0 0 0 0 0 0 0 
2040 10 0 0 0 0 0 0 0 0 0 0 0 
2041 10 0 0 0 0 0 0 0 0 0 0 0 
2042 10 0 0 0 0 0 0 0 0 0 0 0 
2043 10 0 0 0 0 0 0 0 0 0 0 0 
2044 10 0 0 0 0 0 0 0 0 0 0 0 
2045 10 0 0 0 0 0 0 0 0 0 0 0 
2046 10 0 0 0 0 0 0 0 0 0 0 0 

0 5 2 2 0.111111 2 -14 19 -15 52 4 0.992248 64 -25 11 19 6 25 7 -21 6 -20 -24 -19 36 8 23 -24 -8 24 -9 -21 2 24 3 24 -8 -18 19 14 -19 -17 44 25 -19 -20 -5 -22 37 23 26 -21 16 13 20 -20 16 25 14 16 19 -17 9 12 -25 -17 44 -18 -2 -20 42 -18 20 6 3 -19 29 -23 17 -23 10 -23 7 14 -23 16 -11 -20 32 13 -14 -14 45 20 39 -22 41 13 9 -16 -22 -25 -17 14 0 -24 -23 -18 -24 14 33 -13 27 -14 39 -16 -4 11 10 -17 -22 14 8 14 -1 -15 -29 12 36 -24 4 4 25 4 26 -17 22 -21 -25 20 -1 
1 5 2 2 0.148148 1 11 -7 4 0.989247 23 3 19 3 0 8 33 12 12 2 12 8 27 2 27 10 19 14 -4 15 34 20 38 10 44 18 42 12 -25 10 9 19 7 20 -14 22 43 17 9 10 24 24 -26 18 -13 21 -5 
2 5 2 2 0.888889 2 14 39 14 -22 4 0.666667 1 15 39 
3 5 2 2 0.888889 10 12 27 15 12 14 -28 13 5 12 0 16 -17 15 -32 13 -7 14 26 9 -36 4 0.666667 5 12 7 9 39 12 2 13 -30 23 -36 
4 5 2 2 0.984127 31 8 41 10 40 9 43 7 32 8 -6 11 -9 7 -22 13 23 8 -32 10 18 10 19 10 17 16 -18 16 -17 10 -10 9 0 7 -7 6 20 8 13 10 9 4 -35 7 41 10 2 7 -40 10 -29 12 36 11 -14 8 38 10 0 12 -30 12 -3 4 0.205128 2 7 13 17 -4 
5 5 2 2 0.307692 1 15 -25 4 0.972973 9 16 -22 -19 -17 6 30 19 3 10 4 20 -26 18 -23 10 43 5 44 
6 5 2 2 0.90566 12 15 33 10 -37 12 -25 9 -19 10 -30 10 3 9 -36 12 -29 11 -23 12 -5 8 -23 8 2 4 0.625 5 19 39 18 12 8 -27 8 -31 21 -21 
7 5 2 2 0.957747 17 16 -9 13 -15 14 36 14 27 16 -40 13 38 8 -30 8 24 13 -15 15 13 11 27 11 28 15 11 15 21 9 39 8 28 7 -32 4 0.413793 3 8 29 11 -39 17 -11 
8 5 2 2 0.125 3 13 -31 11 -7 11 -4 4 0.99115 84 -25 -36 -22 -29 -21 -36 16 2 -21 -33 -1 -32 8 -24 16 7 15 1 17 -14 -21 -36 7 -32 7 -16 6 -31 5 -21 14 -20 -2 25 -23 -35 6 -29 14 -8 -22 -34 -25 26 -9 -37 4 13 2 44 3 3 -2 1 -20 2 14 39 5 -33 6 1 -13 -33 7 5 -22 25 3 33 -21 -35 -12 -31 -24 18 -3 30 -23 21 -16 -17 -20 0 3 31 12 26 3 30 -20 -32 -16 -36 1 -31 -19 -27 5 -18 -3 10 -15 -7 3 23 -14 20 2 24 -19 23 -16 -33 -14 1 13 24 3 -9 -4 27 6 8 3 18 11 13 -16 -15 14 10 8 18 12 20 3 -7 -23 -17 10 37 6 24 4 -5 3 -12 5 -6 -17 -26 12 -32 -4 -11 0 -5 12 -12 -9 36 -13 -20 11 19 -19 11 
9 5 2 2 0.4 1 10 32 4 0.96 6 19 -22 -7 38 -9 44 -7 44 2 24 11 17 
10 5 2 2 0.93617 11 -11 43 12 44 -15 44 -8 45 12 -15 11 -3 12 25 11 20 11 -30 13 -43 12 -42 4 0.521739 3 13 -25 -17 -22 13 -15 
11 5 2 2 0.666667 5 -12 -25 -15 -32 -14 -45 -15 -8 -12 -45 4 0.888889 10 -1 15 -11 -1 -10 28 -13 11 -21 -22 -19 -19 -21 -35 -19 -10 -17 -8 -10 20 
12 5 2 2 0.253968 4 -11 6 -14 34 -14 36 -14 23 4 0.979167 47 6 13 -9 12 -16 -10 -19 -38 -13 -8 10 -27 9 -12 11 -35 -19 3 -19 20 -20 24 -9 23 -17 3 -11 -30 -12 11 -12 -4 -9 36 9 27 11 3 -22 -34 -17 5 -11 -36 12 17 -20 -32 -20 -31 6 35 -21 -1 -3 33 10 5 -13 23 -15 10 -12 37 11 -23 -11 41 -11 41 -11 35 -11 41 -12 31 10 -18 -16 42 -13 44 2 43 -11 35 7 34 -2 18 -17 18 -13 41 
13 5 2 2 0.857143 6 6 26 16 -12 15 8 12 24 1 29 15 35 4 0.727273 4 7 -15 16 29 4 39 0 40 
14 5 2 2 0.285714 3 15 39 11 36 -15 8 4 0.97561 30 14 44 -4 38 11 20 6 -12 7 33 6 40 3 45 19 29 19 35 20 41 2 42 -14 6 -23 23 -18 2 -5 -20 -9 -14 -17 16 -6 -10 -5 34 -20 10 -15 7 -11 10 -19 -7 -4 20 -5 -4 -18 -14 -19 33 1 45 -5 -34 -9 -29 
15 5 2 2 0.88 11 -9 -10 -14 1 -12 -26 -8 0 -8 -29 -11 6 -11 3 -14 -34 -15 -28 -5 -10 -6 -14 4 0.685714 6 -11 -2 -20 -34 -18 10 -17 20 -12 -17 6 -16 
16 5 2 2 0.97561 20 4 -28 5 24 4 45 3 15 13 24 14 41 3 15 13 -27 11 48 5 45 -3 49 10 11 2 -25 11 25 7 26 -10 46 7 -4 6 -25 5 46 5 20 4 0.285714 2 4 28 -4 35 
17 5 2 2 0.830189 11 -15 -33 -11 43 -14 18 -13 27 -14 -14 -15 24 -10 12 -3 -5 -13 -36 -13 -44 -9 -37 4 0.765957 9 -13 45 4 -32 -19 -16 -17 -2 -16 -11 -5 3 -11 42 -13 14 -3 -22 
18 5 2 2 0.923077 3 16 8 11 -2 16 15 4 0.571429 1 8 26 
19 5 2 2 0.242424 2 14 -36 16 -35 4 0.980392 25 7 18 9 27 20 19 8 -3 3 -8 6 -5 20 1 9 -27 17 -22 16 19 7 -22 18 -25 2 26 19 -29 17 -39 8 18 19 -3 19 1 13 16 3 10 0 20 13 18 21 13 1 17 17 17 
20 5 2 2 0.941176 4 5 4 6 -24 -7 41 -12 40 4 0.5 1 5 7 
21 5 2 2 0.205128 2 -14 36 -14 34 4 0.984127 31 -21 42 -21 41 -3 38 4 38 -2 33 -3 29 -10 -22 -9 13 -8 -24 -3 8 -8 -34 -2 23 -2 25 -2 27 -9 -3 -17 -26 -9 -36 -15 -16 -9 -30 -15 -7 -10 -16 -17 -23 -19 -14 -5 -33 -10 26 3 1 7 -27 5 11 6 8 -11 -23 -9 -23 
22 5 2 2 0.97561 10 5 11 7 -1 7 -18 7 11 -10 31 6 14 2 19 2 -15 -14 27 -12 27 4 0.285714 1 8 -32 
23 5 2 2 0.642857 9 -14 17 -10 -6 -13 -6 -9 23 -13 -38 -8 24 -11 -39 -20 -35 -11 -41 4 0.898876 20 -11 31 -22 -16 -22 -14 -21 -24 -25 -16 -25 -9 -20 -17 -20 -21 -14 8 -16 -31 -4 6 -4 -7 -12 2 -23 -14 -12 -26 -20 14 -21 -22 -5 13 -17 -22 0 -34 
24 5 2 2 0.666667 1 -17 3 4 0.888889 2 -23 27 -22 29 
25 5 2 2 0.989247 23 -10 2 -9 -14 -14 8 -9 2 -10 -9 -14 13 -14 11 4 14 -14 21 -15 -20 -8 3 13 11 -8 -17 -13 -11 -10 -13 -10 -17 -13 -25 -13 -4 -7 -13 -9 -9 -9 -33 -20 4 -9 -9 4 0.148148 1 -17 -5 
26 5 2 2 0.978723 46 6 -31 16 -24 16 36 5 -33 5 -25 16 -1 2 42 10 36 4 16 4 -7 16 7 10 21 4 -3 3 44 3 15 14 42 9 25 3 -6 3 -11 2 30 14 9 0 -37 15 -20 8 -14 15 24 2 -13 8 -18 4 -20 2 -14 11 13 8 5 2 43 4 15 3 4 13 28 16 39 0 38 10 22 4 -35 6 40 10 21 3 -15 4 21 3 36 9 11 3 -38 4 0.258065 4 14 31 -1 40 12 -1 11 21 
27 5 2 2 0.816901 29 1 45 8 22 7 46 6 47 3 42 14 -15 16 10 6 -14 4 3 15 24 2 38 9 26 11 26 -2 44 4 -14 15 -24 -1 36 7 29 5 32 6 -4 7 36 12 38 5 -2 6 13 15 29 16 -12 10 40 2 27 4 33 4 0.781955 26 2 22 -2 34 11 25 -2 21 -3 17 11 39 11 41 -1 32 13 43 11 41 13 26 10 39 13 -4 -1 1 10 -9 -2 4 6 44 13 -21 13 20 16 11 12 44 1 43 12 -33 3 32 7 -22 17 41 
28 5 2 2 0.934051 347 2 -3 12 -11 10 -42 1 -39 7 -5 5 -40 4 -40 5 -39 -6 35 -3 20 2 36 7 -39 5 31 5 -17 7 -4 0 -3 -5 30 0 27 11 28 10 41 5 24 10 -37 -4 19 4 -21 -2 26 9 43 3 -29 0 30 -5 -31 4 38 10 25 3 -28 3 -25 -2 37 3 -39 0 40 7 12 3 43 10 32 3 41 -6 27 -2 -9 8 41 -3 -5 4 17 -1 28 4 30 7 -9 -4 6 8 27 -16 -42 9 32 -2 45 -2 32 -4 43 -7 17 -9 46 0 30 3 27 -3 7 -5 19 6 -34 1 9 -9 45 -15 19 -19 43 -19 38 -18 45 7 -38 -18 45 -15 40 -12 20 -13 33 -20 9 -11 12 -10 25 -14 45 -10 45 -4 10 -8 28 -3 -14 -8 26 -8 36 -18 10 3 3 -19 33 -16 23 -20 -26 -20 -12 -15 35 -9 14 -20 -32 -7 18 -7 14 -18 -14 -10 11 -11 13 -8 43 -2 18 -1 -30 -20 -4 -6 -4 -6 36 -4 19 -17 1 -13 31 -19 -26 -17 -22 -7 -30 -12 37 -12 37 -14 -17 -5 40 -17 17 -16 -10 -19 -35 -15 19 -4 7 -17 13 -19 9 -18 13 -12 28 -15 13 -5 20 -19 7 -12 -17 -1 -39 -16 21 -2 -23 -5 9 -16 42 8 42 -13 37 -19 33 -13 1 -3 31 -5 3 -17 -17 -13 -1 -18 -23 -15 4 -19 37 -16 2 -10 20 -1 33 -11 18 -1 -26 -12 -32 -18 26 -15 19 -15 13 -16 11 -19 19 -15 17 -13 36 -17 43 -17 -25 -1 36 -3 5 -18 13 -14 34 1 -9 -12 24 -13 23 1 0 -15 -34 -11 -21 -14 2 1 11 -3 39 -15 -29 -2 16 0 21 -13 8 -15 -5 -17 17 -14 -45 -13 -16 -12 35 -14 6 -1 45 -13 40 -14 35 -6 20 -16 34 1 0 -6 6 -13 -34 -12 8 1 2 -9 -22 -12 -15 -13 -9 -11 16 -11 -5 -3 33 -14 -1 -12 18 -2 -6 -12 5 -3 -39 -8 40 -9 32 3 -34 -19 -14 -8 36 -12 44 -10 -14 -10 31 -10 -30 -10 -4 -14 -18 -1 7 -10 -21 -10 3 -13 -6 -6 34 -13 35 -6 19 -12 25 -13 5 -1 27 -6 24 -6 38 -6 7 0 21 -8 -23 0 22 -9 11 -14 -29 -10 44 -12 -22 0 -24 -10 39 0 11 -12 -3 -11 4 -5 6 -5 36 9 30 -5 27 -11 43 -9 11 -9 11 1 -23 0 32 1 23 -11 -6 -9 -11 -4 -37 -9 5 1 30 1 -34 -4 -26 -6 32 -8 16 -10 19 -4 -26 -8 5 -4 -14 -3 18 -5 20 -4 -33 3 -5 -8 29 4 -29 -8 2 -2 -1 2 -6 -3 -15 2 -7 -8 0 2 8 -5 -3 4 4 -8 13 2 43 -9 44 -4 -7 -2 34 -7 42 -7 -6 -6 -34 -1 25 -7 43 -8 -16 -9 44 3 -11 4 39 -8 28 -2 -32 -7 0 -1 41 5 43 -8 15 -5 15 4 30 -7 21 -7 -21 -3 42 7 37 0 35 0 40 -3 -22 5 34 -3 -19 -3 -28 0 36 -5 -3 -7 -35 -6 -17 -6 -1 -4 39 6 4 -7 23 0 31 -9 -13 -16 -35 1 -10 -17 -16 1 39 -1 12 2 38 -6 4 -5 -8 -5 -15 4 34 7 -24 -5 -3 2 -3 -12 -38 -11 -20 1 27 -16 -19 -5 -21 3 36 -7 -42 -20 -38 -12 -37 -5 -43 -14 -39 -11 -40 -16 -39 -15 -38 -7 -43 -7 -38 -1 -38 4 0.530447 98 11 1 12 -28 -5 -9 8 40 4 39 8 29 -6 45 8 -21 8 -8 1 44 8 11 -23 -36 5 35 7 -2 -2 -12 4 45 6 -35 0 -32 0 -31 -9 10 6 1 -1 -9 6 15 -12 -9 -7 -19 -6 3 -12 45 -17 28 -7 30 -6 42 -6 21 3 -17 -6 -6 -3 24 2 18 4 -18 -19 6 -21 1 -18 -17 -15 33 -4 3 -15 38 -17 17 5 18 -17 -9 -16 15 -15 -14 -23 -8 -12 25 -5 35 -15 -6 -12 21 -23 19 -7 -28 -3 13 -19 -31 -19 -26 -11 6 -2 -5 -11 18 -22 -3 -8 -20 -1 32 -22 2 -8 4 5 -20 -10 17 6 -2 -12 21 5 43 -21 8 3 -6 -15 35 -6 20 0 -19 -20 30 -21 44 -14 31 3 -36 -5 -2 1 -10 -19 -20 -5 -9 3 31 -8 40 -8 -42 -3 -37 -11 -40 -1 32 -3 37 -7 -34 -3 -34 -22 -35 -23 -37 3 -35 -2 -33 -6 -34 -2 -34 
29 5 2 2 0.410256 4 -10 28 1 23 1 9 -10 29 4 0.958333 23 -13 28 -14 28 -9 19 -20 9 -8 13 -16 24 -17 26 -12 18 -17 28 0 25 -8 29 -6 22 -15 30 -4 20 -15 14 -3 22 1 13 6 -28 -4 24 5 -35 -13 5 4 1 -10 17 
30 5 2 2 0.888031 115 5 18 5 22 11 -8 -4 22 6 24 -2 -30 8 -13 8 17 4 25 -5 21 1 -4 8 -3 6 9 0 -21 -2 26 5 -32 -2 9 -3 -32 10 -32 5 22 -2 25 -4 27 -2 11 -2 -13 7 5 2 -10 2 24 5 -30 6 -20 7 -17 -5 -1 0 25 -5 28 -3 -7 1 21 -3 13 6 23 -2 4 -3 19 0 18 0 7 2 -28 7 9 9 -19 -4 24 7 -15 8 20 6 -27 1 -42 0 4 6 -41 -1 -6 0 -10 5 -1 -1 -11 1 -24 8 13 6 -20 1 -4 2 -41 8 -39 -5 22 -3 4 -2 -36 0 -24 -1 20 4 -36 0 -40 4 -22 0 -6 -6 -34 2 -20 -2 15 -3 -37 3 -24 6 -34 -1 -31 -2 -39 -3 3 -2 -38 7 -12 1 0 7 -13 9 -40 12 -43 5 -24 0 -15 12 24 5 -27 -5 -25 8 -33 1 -6 1 6 9 -39 7 8 13 -15 14 17 3 17 9 -24 9 -23 8 -4 11 -18 11 -16 1 9 2 -24 11 -26 2 7 8 -28 3 8 13 -32 1 -37 1 -12 6 -31 2 1 7 -33 4 0.668588 58 -5 5 -6 3 -7 -37 2 19 -3 17 -7 6 -1 27 5 15 -12 20 4 18 -9 12 5 21 -4 -14 -9 -13 6 -19 6 -16 -4 -21 -3 -21 -3 19 -15 -11 3 -38 -14 -20 6 -16 -2 -6 -11 0 -4 -39 -1 -6 -4 -4 2 -15 -3 -8 -13 -16 -8 -30 -13 -1 8 -20 -5 23 6 -20 -6 28 5 9 -7 -36 -3 -23 9 -4 -14 -32 9 2 8 -8 2 -38 5 -39 -4 -5 -1 13 -3 -15 -3 -14 0 4 2 -33 11 -5 13 -23 10 5 14 -13 14 0 11 -35 
31 5 2 2 0.307692 2 5 -39 7 -37 4 0.972973 18 -6 4 -10 -26 6 6 -3 15 -9 15 -9 20 -11 -32 -3 -19 -9 -7 -1 -34 -8 -12 -8 -8 -2 6 8 -20 3 -33 -1 -21 -1 11 -8 -33 
32 5 2 2 0.979021 35 14 -11 11 19 14 49 15 50 12 19 15 50 11 47 11 48 8 29 -15 49 -7 52 -5 49 6 35 3 47 14 53 -9 49 -12 50 -9 52 -12 47 -9 47 5 52 15 50 -4 49 11 51 7 49 -15 52 6 52 10 33 -15 53 -14 50 -14 52 0 53 -5 51 -11 51 -8 49 4 0.255319 3 12 1 7 14 21 13 
33 5 4 0 0.413793 3 -16 75 -4 75 -3 79 2 0.307692 2 15 2 15 -39 3 0.765957 9 -39 15 34 9 19 35 13 84 16 33 -19 92 20 27 -16 95 -14 94 4 0.631579 6 26 -27 13 19 13 9 26 -30 15 -36 14 -29 
34 5 2 2 0.244898 6 6 -43 6 -43 1 -21 3 -43 0 -44 15 -44 4 0.980132 74 8 17 10 26 -15 -17 4 -9 4 23 6 -15 1 1 0 12 4 -26 4 17 4 -15 11 -1 4 40 9 -5 9 -17 9 18 0 26 8 2 10 -2 2 -41 2 -42 -1 35 5 -20 10 -42 -2 27 22 -30 22 -31 14 -39 8 -44 17 -42 18 -42 6 -38 10 -27 4 17 -13 -29 18 -43 11 -42 12 -29 -3 -10 -3 8 1 -20 6 -40 9 -19 6 -10 6 16 -2 11 -24 17 -25 -36 -21 -26 -21 -19 -18 14 -17 16 -20 18 -18 35 -20 25 -17 37 -23 -30 -15 9 -23 4 -4 -16 -25 6 -14 -33 -4 10 -18 -8 -14 -24 -16 -21 -3 28 -25 18 -15 -1 -25 15 -24 19 -14 19 -16 32 -13 -5 
35 5 2 2 0.5 1 3 -13 4 0.941176 4 -7 -22 -9 -8 -8 -22 -9 9 
36 5 2 2 0.986301 18 1 -12 -2 -32 -1 -20 -1 -11 -4 -20 -2 -2 -4 19 -5 -23 -2 -25 -3 -13 -3 27 -4 -3 -10 -10 -4 -27 -5 -30 -7 -14 -8 -27 -9 16 4 0.181818 1 -7 40 
37 5 2 2 0.941176 4 -3 16 -3 13 -4 0 -1 -2 4 0.5 1 -8 -24 
38 5 2 2 0.285714 2 3 -42 0 -29 4 0.97561 20 -15 -8 -17 -27 -7 -33 -11 30 0 -36 -12 31 1 -37 -15 -41 3 -22 -20 -41 -7 -11 -24 -44 -18 -32 -2 7 -11 -13 -9 24 3 -12 -3 -14 -10 24 -9 14 
39 5 2 2 0.952381 5 0 37 -7 33 -7 32 -5 31 -9 30 4 0.444444 1 -14 33 
40 5 2 2 0.207792 4 -6 -9 -8 -15 -3 -32 -7 6 4 0.983871 61 -4 -24 2 -13 2 -10 1 -12 2 -3 1 -8 -24 -31 -25 26 -24 16 -25 -18 2 17 -18 -2 2 7 2 8 -19 26 2 -23 3 -26 -8 28 -20 -7 1 16 -20 -19 -8 9 -4 4 -8 3 -9 14 -7 27 -8 2 -9 -24 -4 23 2 -2 -10 -2 -9 8 -7 36 -10 9 2 4 -19 33 0 19 -7 1 -11 6 -8 29 -11 -18 -10 -6 -10 -4 -2 1 0 -17 -19 22 -20 17 -6 1 -7 -34 -6 29 -2 -7 -4 24 -10 -35 -6 -34 -6 -4 -13 -23 -11 11 1 -33 -15 20 -9 -35 -15 5 
41 5 2 2 0.923077 6 -4 -34 -5 -35 -17 -6 5 -47 -1 -34 -12 -8 4 0.571429 2 1 -32 -4 -29 
42 5 2 2 0.181818 1 -8 -37 4 0.986301 18 0 -31 9 -35 0 -42 -2 -40 -9 -40 -5 -42 -12 -42 -8 -43 -14 -42 -6 -42 14 -39 -10 -39 -10 -42 -18 -42 5 -43 8 -43 -16 -43 -21 -42 
43 5 2 2 0.8 3 -15 -44 5 -45 -12 -46 4 0.8 3 15 -42 -21 -40 -23 -44 
44 5 2 2 0.606061 5 -11 -43 -8 -46 -16 -40 -11 -44 11 -42 4 0.912281 13 -8 -45 -10 -45 -19 -44 -8 -44 8 -45 -5 -45 -16 -44 -14 -45 -6 -45 -5 -42 -15 -42 -24 -44 12 -45 
45 5 2 2 0.988235 21 8 -43 -5 -44 9 -45 -14 -44 -8 -44 4 -46 6 -44 -11 -48 -15 -43 -17 -42 5 -47 -3 -44 -20 -43 5 -44 -2 -43 -1 -45 -9 -39 10 -43 8 -44 -5 -47 8 -47 4 0.16 1 -1 -38 
46 5 2 2 0.888889 10 -4 -45 -8 -43 4 -49 -14 -41 2 -47 -3 -47 1 -45 11 -47 -3 -42 -2 -48 4 0.666667 5 -4 -42 -14 -44 9 -42 -23 -45 4 -38 
47 5 2 2 0.64 4 13 1 15 -9 13 34 14 22 4 0.9 9 26 3 14 26 14 18 15 25 26 27 26 -4 26 -8 23 -9 23 3 
48 5 2 2 0.444444 1 18 35 4 0.952381 5 20 -19 20 10 16 15 20 34 25 -12 
49 5 2 2 0.987952 41 17 7 20 -13 16 31 16 33 17 20 16 4 16 7 18 20 18 5 17 -25 16 -23 15 4 17 10 17 2 15 8 14 -17 13 -28 16 -1 15 -27 13 31 15 -5 15 29 15 41 12 -20 15 0 14 -29 15 14 15 -16 14 10 12 -12 13 9 15 16 14 13 19 -19 15 -30 19 -21 14 40 20 11 19 2 20 37 19 13 4 0.163265 2 23 -23 17 41 
50 5 2 2 0.266667 2 16 43 20 16 4 0.977778 22 18 -7 16 30 18 26 18 36 12 11 10 17 18 35 20 45 16 40 23 -9 20 -19 20 44 23 -16 17 20 21 23 21 20 18 -21 22 45 26 -1 18 43 14 10 19 6 
51 5 3 2 0.833333 5 18 35 16 25 20 12 8 35 13 6 3 0.533333 2 33 41 32 41 4 0.533333 2 21 -32 17 -32 
52 5 2 2 0.290909 4 16 20 11 13 21 -2 20 13 4 0.975 39 18 40 15 41 13 39 10 43 21 43 13 25 26 44 19 43 13 23 14 30 17 -23 16 -16 17 -14 26 -11 16 26 22 -7 9 -4 16 12 25 -21 25 9 22 13 11 19 22 26 16 5 25 24 14 26 15 3 26 27 20 32 13 1 25 21 24 -5 26 -4 26 5 14 8 25 19 25 15 25 -7 21 35 
53 5 2 0 0.148148 1 21 34 3 0.989247 23 27 -32 25 41 26 -13 42 -25 25 -51 28 -4 29 71 31 49 29 2 36 34 30 72 28 -55 33 51 32 55 33 -14 30 53 12 93 34 15 34 -62 33 -6 32 38 31 23 33 -46 
54 5 3 0 0.470588 2 21 1 20 -6 3 0.914286 8 31 78 33 3 24 84 31 -56 27 87 -38 99 -41 96 -40 38 4 0.285714 1 18 -5 
55 5 2 0 0.181818 1 7 92 3 0.986301 18 13 93 -7 98 -1 29 2 32 -19 19 28 45 15 35 13 36 35 11 27 37 -29 23 31 37 -26 17 -2 99 -28 97 30 37 16 42 17 29 
56 5 2 0 0.676056 12 9 23 -19 88 -19 48 -11 91 -15 38 -6 92 -15 92 -11 91 8 77 -18 47 -24 27 -22 48 3 0.884615 23 28 36 29 21 33 17 21 29 27 11 34 22 32 25 25 89 27 20 6 88 -24 38 10 72 -23 23 -33 94 -29 16 -35 80 -30 89 -22 31 -23 29 -12 41 -28 31 -22 37 -34 88 
57 5 2 0 0.96 6 -14 44 -15 44 2 51 0 50 15 -35 -5 45 3 0.4 1 -30 17 
58 5 2 0 0.941176 8 12 65 -3 33 25 43 6 71 0 31 17 44 12 68 4 32 3 0.5 2 23 66 32 14 
59 5 3 0 0.949153 14 11 49 -16 50 6 65 11 47 6 64 10 47 5 62 -17 49 -23 46 -9 50 20 -59 -14 59 -1 49 19 -38 1 0.347826 2 14 28 13 -18 3 0.2 1 -12 39 
60 5 2 0 0.307692 1 18 -19 3 0.972973 9 -38 16 -37 15 28 -81 28 48 31 39 22 56 30 51 38 32 41 33 
61 5 2 0 0.4 1 9 20 3 0.96 6 -9 12 -7 12 0 30 -20 15 29 30 -18 22 
62 5 2 0 0.984127 93 7 34 10 42 20 46 14 40 9 42 12 73 16 70 -10 33 11 72 13 74 16 63 -7 33 10 71 8 49 11 72 14 46 5 60 14 62 3 61 4 60 10 59 -1 61 16 60 7 28 0 23 15 41 -12 54 13 58 -4 49 18 58 0 26 11 30 7 27 8 30 -1 30 -11 26 -4 50 8 52 0 34 -9 44 -6 61 -1 53 -7 22 22 35 -5 31 3 34 10 37 11 26 3 28 2 35 -17 34 -12 28 -15 25 4 50 -7 44 -7 28 8 33 -6 44 -7 28 4 37 -10 27 3 24 -12 23 7 32 -17 49 -3 27 1 55 17 -32 -4 55 7 54 18 -31 21 35 3 22 21 30 13 -31 -22 34 -15 28 -20 24 1 20 12 -22 -8 59 -11 90 1 77 -22 26 -16 22 5 55 25 30 -24 26 15 -55 -16 26 6 52 -1 38 16 -40 3 0.205128 6 8 87 5 32 18 38 37 7 27 42 27 27 
63 5 2 0 0.894118 19 10 55 21 41 16 54 17 51 6 49 17 -61 8 36 -13 54 -17 55 18 49 -24 38 12 45 14 41 10 23 15 38 -4 40 -10 60 -20 42 -7 40 3 0.654545 9 34 -29 -6 28 -24 22 -31 8 -32 83 -27 95 28 44 6 40 16 41 
64 5 4 0 0.5 3 5 49 0 84 -10 59 1 0.222222 1 17 36 3 0.888889 10 -2 14 10 33 -13 20 -12 20 12 32 -8 18 -43 18 20 -34 -39 29 20 -29 4 0.222222 1 -7 -24 
65 5 2 2 0.190476 1 20 -39 3 0.985507 17 43 -31 43 -23 41 -21 41 -75 28 -26 37 -20 31 8 39 -78 37 -76 39 -23 35 40 33 41 37 18 45 -25 44 -40 42 35 43 -47 
66 5 4 0 0.75 3 -20 93 13 76 25 -4 2 0.4 1 20 -27 3 0.615385 2 32 -95 40 -91 4 0.4 1 16 18 
67 5 3 0 0.4 3 19 22 25 25 18 -76 3 0.944444 17 37 -67 43 -37 27 -90 37 25 44 8 39 2 39 4 32 11 36 -52 42 48 34 -69 41 52 27 -6 29 8 28 17 26 -1 26 -9 4 0.166667 1 25 -25 
68 5 2 0 0.96 6 21 -32 18 -2 23 -33 22 3 25 -73 22 11 3 0.4 1 36 -25 
69 5 4 0 0.35 7 23 -22 21 45 21 46 24 16 -14 62 -9 50 18 23 2 0.35 7 21 -1 20 -5 19 43 21 36 19 39 19 41 19 40 3 0.862275 36 30 86 40 74 37 -3 42 -2 42 -3 39 43 35 86 38 83 44 19 43 19 35 -76 39 69 43 -19 30 31 40 86 37 64 34 -69 43 -40 35 -63 40 6 32 -43 28 -92 30 -10 41 7 36 86 45 4 34 -53 39 -26 40 66 31 39 6 41 29 41 38 44 42 -31 20 98 44 -3 4 0.418605 9 26 35 26 34 25 37 23 43 23 43 25 41 23 38 15 37 19 35 
70 5 3 0 0.909091 10 17 -39 -10 62 0 61 -5 60 20 -35 16 -26 -11 51 18 28 22 -55 17 16 2 0.4 2 17 38 14 -35 3 0.4 2 26 -44 40 -42 
71 5 4 0 0.444444 2 -17 63 -10 64 2 0.666667 4 20 19 21 18 15 -20 15 -15 3 0.571429 3 -16 24 34 -85 34 -15 4 0.571429 3 23 -44 20 -40 16 5 
72 5 4 0 0.903553 89 -17 65 3 77 0 75 25 85 10 50 13 71 5 60 25 84 -20 53 4 75 9 79 17 53 -6 54 2 90 24 93 3 67 23 81 15 85 16 86 20 52 23 55 22 31 24 63 22 89 -8 52 10 91 20 60 11 93 5 83 -7 88 -20 57 -4 84 8 82 22 66 -24 89 24 77 -20 52 12 85 12 78 23 81 13 91 19 86 10 80 14 72 19 81 7 78 -5 52 23 71 11 64 -22 62 9 66 24 74 18 84 13 63 11 50 4 88 -15 55 4 55 12 65 22 -5 24 63 -1 84 20 -14 -13 90 -21 56 -22 91 8 77 15 72 23 -12 11 54 20 75 16 72 20 74 21 53 -8 52 7 55 5 60 20 -11 15 57 16 53 14 59 24 -7 16 54 23 58 20 55 16 49 2 55 23 59 25 -25 2 0.0882353 3 19 -20 20 25 20 -13 3 0.584071 33 28 -63 40 39 -40 43 30 30 43 -52 33 36 -39 99 -32 83 35 37 30 -63 -42 87 45 34 -22 93 31 32 34 -49 -35 99 -42 42 29 44 -21 98 -43 100 32 19 44 44 27 74 45 35 40 38 35 -59 38 -12 28 -23 43 21 36 -22 2 28 39 -20 28 18 4 0.0601504 2 26 -37 24 -8 
73 5 3 0 0.928571 13 24 -65 24 -76 23 -82 15 -72 23 -69 18 -49 20 -57 16 -42 22 -66 20 -71 24 -67 23 -75 24 -24 2 0.2 1 20 32 3 0.461538 3 31 -47 30 -88 30 -12 
74 5 4 0 0.266667 5 17 -25 25 -51 19 -15 21 -12 24 -25 2 0.345679 7 21 4 20 6 20 7 21 22 21 2 20 1 19 -10 3 0.881356 39 29 16 43 -35 33 -80 28 -31 39 3 38 -56 40 36 41 -65 32 60 37 -35 40 -36 36 -54 41 -41 45 -38 32 -13 36 -63 37 -9 43 57 35 -14 41 17 39 5 38 12 39 44 38 -38 38 51 31 48 35 -20 45 -25 33 46 41 -21 38 -41 34 -28 31 -18 41 -26 42 -58 32 -62 37 -14 42 20 37 22 4 0.413793 9 23 -4 17 -10 22 -3 20 -2 14 30 17 10 21 0 18 -43 23 26 
75 5 4 0 0.581818 8 19 -87 18 -88 20 -81 22 -84 20 -78 25 -51 16 -79 25 -87 2 0.742857 13 20 2 21 -18 18 -34 21 -24 17 -35 19 14 21 -37 18 -39 13 -44 18 -43 20 -10 15 -38 20 -27 3 0.489796 6 42 2 40 -9 43 -8 35 -98 23 14 37 67 4 0.372093 4 19 -35 22 -19 22 -32 20 -36 
76 5 4 0 0.114286 1 17 -18 2 0.528302 7 20 -42 20 -33 19 29 20 24 19 31 17 14 20 -25 3 0.210526 2 40 -54 -43 -27 4 0.897959 22 23 -19 14 -37 23 -27 22 -34 22 -40 22 -44 17 -40 21 -38 16 -36 24 -37 21 15 22 32 19 -45 18 -45 22 25 18 -17 24 29 19 -40 24 12 23 21 23 27 24 20 
77 5 2 0 0.214286 3 -21 68 -21 86 -18 83 3 0.98324 44 -26 44 -7 26 -42 -36 -40 -37 -38 -15 -12 21 -39 14 -40 12 -21 29 11 -38 -28 27 -17 74 0 19 -17 43 -33 73 -37 25 -25 27 -3 17 -10 18 -24 69 -21 13 -37 8 -17 66 -37 -3 -36 11 -36 15 -42 69 -3 -41 -18 68 -13 64 -36 9 -36 12 -42 65 -41 21 1 17 -30 37 -35 42 -1 42 -43 -87 -37 25 -15 98 -34 39 -10 97 -18 42 
78 5 3 0 0.875 7 -24 74 -1 83 -14 82 -7 82 -20 80 -15 80 -11 80 3 0.470588 2 -1 91 -14 92 4 0.470588 2 -24 4 -23 39 
79 5 3 0 0.205128 2 18 -6 -24 16 2 0.111111 1 -14 -33 3 0.97561 30 32 -2 25 -83 29 34 28 -16 22 -44 19 -56 29 1 27 -47 -37 -10 -41 -37 -39 -36 -38 4 -43 -69 -35 -15 -37 5 -32 -11 -39 -19 -32 -17 -39 -23 -41 6 -38 -54 31 -5 22 -17 -42 53 31 2 31 10 25 -40 25 -26 -36 23 27 31 
80 5 4 0 0.571429 1 18 11 2 0.571429 1 15 -39 3 0.571429 1 25 -9 4 0.571429 1 23 -11 
81 5 3 2 0.666667 5 -18 -26 -14 -28 11 -44 -15 -48 -12 -30 3 0.222222 1 33 -8 4 0.857143 9 16 -37 15 -35 19 -36 -14 -19 -4 -45 3 -44 -3 -45 0 -45 7 -44 
82 5 2 0 0.981132 26 25 2 15 -23 17 -5 17 6 15 -47 14 -35 15 -62 14 -32 13 -3 16 -45 16 -3 16 -10 18 33 14 9 16 -31 16 14 15 -33 16 -5 17 -17 15 22 15 16 11 -12 15 -54 18 -64 14 -65 20 -62 3 0.235294 2 19 -3 34 -33 
83 5 4 0 0.689655 5 14 4 14 -55 16 -54 13 -40 12 5 1 0.689655 5 14 -34 14 -4 14 -14 14 -17 14 21 3 0.4 2 33 -24 27 -85 4 0.4 2 14 -42 25 -41 
84 5 2 0 0.648649 6 17 -6 15 12 15 -75 13 -29 12 -24 12 14 3 0.896552 13 14 -59 25 12 19 -83 21 14 25 -44 23 -31 17 -64 23 53 17 53 15 -81 36 5 34 -8 16 -3 
85 5 2 0 0.987654 20 9 3 10 -11 11 -4 9 -23 8 -6 8 11 7 -5 7 -17 11 38 5 12 7 -7 6 -21 6 -8 11 -68 14 -19 8 4 4 -3 11 -72 7 -24 8 4 3 0.166667 1 31 9 
86 5 2 0 0.888889 8 7 20 15 38 21 -23 9 -20 22 -38 14 -58 12 -14 8 -21 3 0.666667 4 14 -45 22 3 32 -14 24 11 
87 5 2 0 0.20339 3 21 13 16 -69 -15 69 3 0.984293 47 25 3 27 -6 26 -30 18 -24 21 1 33 -14 33 12 31 -39 9 84 19 -68 14 -86 21 -65 -29 32 -29 27 16 -51 -31 23 -37 -86 -27 22 -38 14 -28 -38 -29 11 -27 10 22 -89 -24 -29 13 4 -26 78 -27 -6 -24 -7 -25 -22 -28 -43 -34 68 -36 27 -39 96 -43 -65 -38 -78 -36 -35 -33 -16 -40 -45 -38 30 -40 55 -41 42 -35 39 -41 -14 -36 -39 -30 88 -31 -96 -25 -23 
88 5 2 0 0.682927 7 -22 5 -23 -52 -23 -46 -24 -12 -23 -16 10 -62 -15 -69 3 0.881356 13 -43 -49 -37 51 -29 -18 -28 18 -32 -12 -28 -34 -37 8 -34 -16 -39 -43 -37 3 -37 23 18 -17 15 32 
89 5 2 0 0.978328 79 -14 -45 -16 26 -13 -35 -16 16 -15 -28 -24 -81 -12 -57 -12 -48 -16 -59 -12 31 -10 20 -12 -22 -15 25 -17 22 -20 -15 -24 -60 -13 -16 -18 -53 -15 -10 -16 -30 -14 -53 -16 -60 -14 30 -12 32 -13 -3 -10 -13 -16 24 -14 26 -20 -23 -10 -2 -15 22 -14 25 -16 -20 -17 -30 -12 -53 -16 22 -18 -19 -15 -39 -16 -33 -22 -11 -15 -37 -8 -26 -13 -46 -15 17 -12 -5 -14 16 -11 17 -16 -16 -13 -17 6 -27 -13 -18 -12 -5 -9 -18 -9 3 -10 0 -7 -41 -6 13 -7 -42 -2 16 12 -19 1 -9 -1 22 -5 10 -2 -25 -1 -5 -4 -28 -1 0 1 18 -3 -30 0 -5 1 29 -2 -32 0 13 0 -27 2 -83 1 -17 3 -36 1 -16 4 -37 3 0.261682 7 12 63 18 -66 14 28 21 -82 14 43 19 24 6 -95 
90 5 3 0 0.736842 7 13 -38 13 -37 11 -13 9 -13 11 10 7 -25 11 42 1 0.780488 8 14 29 13 11 13 27 12 8 13 30 14 9 11 25 10 1 3 0.347826 2 22 48 26 19 
91 5 2 0 0.571429 3 9 -57 9 18 8 -1 3 0.923077 9 21 -7 -32 16 15 20 16 17 19 -21 21 3 14 -43 15 -26 6 36 
92 5 2 0 0.977778 11 4 -37 -6 52 -11 22 -7 23 -18 20 -9 22 -16 21 -11 22 -15 18 -7 19 -11 48 3 0.266667 1 -17 11 
93 5 2 1 0.994924 49 13 7 13 36 12 1 12 -13 11 24 12 -2 11 39 9 -11 11 -12 9 -4 12 11 10 -14 9 26 9 10 9 -15 8 18 9 -20 7 -25 10 2 8 -5 8 1 9 3 8 4 9 26 10 -6 11 5 9 11 9 17 9 0 9 10 8 4 7 35 10 -12 8 35 11 6 9 -19 9 22 9 11 7 -6 9 16 7 -3 9 12 9 5 10 2 10 8 8 11 9 8 9 6 8 33 3 0.0754717 1 9 -8 
94 5 3 0 0.920962 134 -23 8 -11 12 -20 -10 -18 11 -22 11 -23 -21 -13 7 -17 -74 -11 9 -20 12 -17 -22 -10 12 -18 8 -3 -23 2 -18 -1 12 -8 42 -3 7 -14 6 -4 -24 -13 -32 3 -74 -20 -13 -22 -19 -17 -15 -14 17 1 -23 -13 -26 -10 0 -15 17 -12 -31 -6 2 -14 -69 -15 -42 -13 -20 -16 -52 -19 -52 -7 -39 -20 -13 -14 -43 -12 15 -4 67 -19 -1 -15 13 -23 -51 -10 11 -12 39 6 16 -14 66 -10 -75 -13 -73 -8 -62 -17 68 -15 -54 -13 -10 0 39 -18 -56 -9 -56 -14 67 -17 -15 -23 -57 -15 -38 -18 -56 2 -12 -10 -45 -18 -55 -20 -17 -13 72 -13 -71 -16 68 -15 -56 -5 -38 -10 -41 -17 -54 3 -4 -9 -73 -9 -53 -10 -12 2 -48 -4 -11 -6 67 -8 67 0 -61 -18 -5 -19 -25 -3 -18 1 -35 -20 -6 6 48 -19 -5 -10 -10 -14 15 -20 -34 -10 -68 -5 -16 -5 -6 -10 71 -7 72 -9 71 -17 16 1 -40 -12 38 6 -48 5 -12 -13 -32 6 -49 3 -60 -8 -64 3 -24 -2 -50 -2 -45 -5 33 -6 -41 -3 -50 0 -75 -6 -56 -8 23 -10 22 -17 25 -15 28 -12 22 4 -30 -10 28 -10 30 4 -38 -10 -9 -11 -50 -14 18 -7 27 -11 15 -9 21 -3 -33 -7 35 -10 34 1 0.206573 11 -13 31 -11 29 -9 29 -10 18 -14 20 -11 22 -9 -6 -12 10 -11 4 -9 -11 -9 -2 3 0.491228 35 -7 8 1 1 8 -16 -29 -32 -30 -32 -22 -6 -22 -4 5 -10 6 -27 -27 -84 -27 -32 9 -17 7 2 -21 -24 -21 -23 -29 31 -19 -15 5 22 -19 -19 -14 -84 2 -13 7 -22 4 39 0 -8 1 -37 -8 56 -10 4 2 27 5 32 -18 8 0 -34 -29 -19 -25 -63 3 -30 -28 -20 
95 5 2 0 0.421053 2 2 0 -9 -48 3 0.956522 11 -12 -88 -22 0 -15 -12 2 -1 -25 49 3 8 -5 -31 -19 -14 7 13 -19 -19 6 -43 
96 5 2 0 0.0547945 1 16 -47 3 0.99639 69 -26 -3 -26 21 -18 -86 -19 5 2 -13 -32 -42 -25 47 -34 -47 -15 -37 -7 -36 -22 -72 1 -23 -21 10 -15 27 -29 11 -22 50 -22 -62 -31 10 -20 -63 -41 31 -4 -1 -22 -38 -24 -25 -38 -20 -19 -4 -13 -13 -2 4 -28 -74 -12 7 -18 19 -39 -7 -39 -52 -24 0 -31 43 -25 -86 -23 -26 -9 -1 -39 -33 -22 10 -22 -30 -25 -66 -26 -74 -26 24 -24 28 -23 -71 -23 -32 -21 -28 -23 13 -6 24 -22 -37 -23 -49 -21 21 -22 -34 -27 -87 -21 -30 -25 56 -28 -45 -36 26 -22 24 -27 -53 -19 22 -33 -46 -36 -52 -34 31 -35 -27 -35 45 -18 4 -32 -25 -18 -42 
97 5 3 0 0.0377358 1 -24 14 1 0.0377358 1 8 -24 3 0.995074 101 -11 0 4 8 -1 -76 1 -18 -9 -14 3 -27 -22 -7 -14 -41 2 36 -6 -86 0 -40 8 18 9 -7 5 9 -11 8 5 -11 -5 6 -1 37 -17 -31 -2 37 -20 -30 -4 48 -10 68 -12 9 -18 -37 -4 17 1 -22 -14 -78 0 -73 -6 15 -5 14 -6 -78 -1 -54 -9 -38 1 0 -4 -40 -3 13 -4 28 3 45 -4 -65 -7 -72 -2 9 -4 -27 -10 -43 -6 -63 5 -23 6 -14 0 -41 4 39 -23 -40 -10 -26 -1 -29 -4 -79 -6 -38 2 40 -3 39 7 5 -13 6 -3 -44 -13 -2 -12 -51 -10 -79 -3 2 -10 -10 -5 3 -14 -64 -1 -5 -9 2 -11 -72 -5 58 11 1 5 -8 -8 33 -8 -13 -6 -8 -7 -4 -11 -22 -8 8 0 -8 -2 52 -1 -41 -7 28 -6 -14 -5 39 -8 6 -3 56 -3 17 -9 -7 2 -38 2 -37 1 -26 -5 20 -5 27 0 13 -14 -4 10 -19 -6 53 -6 -65 -30 4 -22 4 12 39 
98 5 3 0 0.727273 6 10 40 4 44 3 46 12 41 3 45 -3 44 1 0.5 3 9 35 7 35 1 35 3 0.727273 6 10 37 -12 86 3 79 19 21 14 63 21 16 
99 5 2 0 0.988764 22 -6 15 4 46 6 46 12 16 -12 46 8 47 7 47 6 18 -2 48 7 18 8 19 -2 50 -11 50 -6 74 -5 70 -5 71 -9 75 -6 75 -2 72 -9 74 -15 74 -14 74 3 0.153846 1 -38 13 
100 5 3 0 0.740741 5 -8 -46 14 -8 2 -5 1 -38 -4 -42 1 0.740741 5 0 28 -5 -9 -2 -12 -8 35 -7 8 3 0.444444 2 16 -8 19 10 
101 5 3 0 0.964286 27 -7 -36 -14 -31 -14 -30 -2 -59 8 -42 6 -57 -2 -40 -16 -55 3 -16 3 -30 -11 -46 -15 -23 -8 10 5 -32 -6 -49 -15 -53 -4 -40 -2 -61 3 -18 -9 -42 0 -55 6 -3 7 -3 -10 -44 4 -27 2 -22 0 -45 1 0.216216 2 5 -6 -7 35 3 0.216216 2 19 10 18 2 
102 5 3 0 0.721569 46 9 -8 10 -52 16 -54 16 -50 12 -55 -22 10 5 37 -11 31 -4 31 12 -4 4 29 -10 36 1 35 6 19 -6 33 0 35 -9 34 -13 -13 5 26 10 36 -11 35 7 -14 0 31 2 40 -2 -22 8 27 7 18 8 8 9 17 6 17 6 18 5 16 7 -57 9 -60 -5 -27 -2 -16 -11 43 0 9 8 34 -11 -69 -17 12 -12 -5 0 -10 -3 -41 -13 -5 5 27 1 0.721569 46 14 -21 13 20 14 25 13 0 12 24 12 -8 12 -2 12 10 11 8 12 23 12 3 12 16 12 20 12 10 12 25 10 8 10 -24 9 8 11 31 10 -8 14 23 9 26 8 25 12 -8 11 -23 10 28 10 32 9 11 11 -24 12 24 10 13 11 3 10 18 10 -28 8 6 11 23 10 5 6 7 6 8 9 -15 9 -15 9 -13 5 4 10 22 8 4 9 -5 3 0.520833 25 12 69 27 -31 26 -31 26 9 19 -84 -42 -11 -27 24 -32 28 20 -11 20 24 -40 -7 11 55 16 53 22 -22 -27 -34 24 -43 -35 7 2 -69 27 14 28 -7 -34 -80 16 -70 25 2 5 38 21 -2 
103 5 3 0 0.520468 89 -1 18 -1 1 -3 -28 -9 -70 -1 -34 -2 9 -11 9 -10 -72 6 40 3 12 4 37 3 38 -4 4 -15 -67 -6 -37 4 3 -15 -67 -4 15 -16 -41 -10 -62 -1 -61 -13 -15 0 -73 -8 -32 1 -5 -1 24 -6 -16 -20 -74 -4 -23 -9 11 -5 -65 5 -41 7 -58 -3 -22 5 -26 -4 -31 -4 -45 -9 -53 -15 -40 -24 -24 -13 -62 2 -31 -5 -43 -3 -14 3 -30 3 -57 -4 -62 -17 -61 4 -21 0 -57 -2 -31 -15 -35 -12 -21 -9 -52 -9 -55 -17 -67 -9 -15 -6 -49 -7 -47 1 -14 -11 -59 -20 -62 -20 -54 -4 -5 -17 -56 1 -31 -11 -66 -10 -38 -11 -54 -13 -40 -8 -58 -2 -63 -7 -32 -2 -24 -15 -42 -8 -34 -1 -17 -3 -40 -12 -45 1 -67 10 -61 1 -63 -2 -68 14 -59 -3 -55 -7 -53 -8 -52 -8 -56 4 -52 1 0.914027 303 11 28 -8 -29 3 -31 2 -28 -6 -33 6 13 5 22 1 -29 1 -7 0 -32 8 23 7 8 4 -16 0 -27 5 21 -3 -7 -10 -9 0 -27 8 -3 7 30 5 -1 8 12 -6 -28 4 -26 -6 -28 9 -4 -5 -28 7 -4 -4 19 3 14 3 1 -8 -10 -7 -26 8 14 -1 4 4 5 5 12 -1 25 -14 -30 3 -9 -14 -32 8 -25 5 -8 5 20 6 -22 -8 -12 -4 11 2 3 8 -4 0 11 -14 3 -2 -30 -5 29 -14 10 2 9 4 16 -10 -7 3 -1 3 18 -3 7 -1 -18 -5 -28 -10 7 -12 -13 4 16 -7 18 -2 -13 6 -24 -1 9 -1 13 -1 10 -6 -10 6 21 -1 -20 2 10 -9 -10 0 -10 -5 18 3 -2 4 23 -3 20 0 -13 -3 16 -1 -27 7 31 7 29 8 28 -7 26 4 -27 -2 -8 -2 13 -6 -4 6 1 5 20 -7 5 -11 -6 1 18 -2 7 1 -29 -8 -17 1 -24 -9 18 2 29 2 -13 -8 10 0 9 -6 1 -3 26 3 9 -3 24 0 5 3 1 -2 14 7 1 3 24 -10 21 -6 13 2 -9 5 -2 0 12 2 -7 -13 -14 -12 -16 -9 -16 3 1 -6 -17 -12 -10 -14 -27 -1 -19 0 -28 3 4 1 -1 -1 24 -12 -8 5 5 -13 22 1 33 -3 26 4 29 6 32 -11 4 -4 24 -13 -2 -2 1 -11 4 -8 28 -13 24 0 2 -8 22 -8 -3 -4 -29 3 24 -3 -10 -3 20 5 -6 -6 23 -7 -8 -13 30 -11 -2 -10 10 -12 29 6 -24 -5 -25 6 -14 3 24 0 22 -10 3 1 29 0 6 -4 11 -13 11 -2 -1 -13 20 -13 -22 -14 -18 -1 4 -14 -22 -12 15 2 33 -11 17 -14 13 -7 35 -11 -5 2 -11 -14 15 4 -18 -8 10 -8 30 -1 -15 3 26 -8 8 -10 34 5 6 -11 33 -2 30 -7 4 -9 17 -4 15 3 6 -12 10 -3 12 1 31 -4 5 -14 35 3 -5 -7 31 0 22 4 -17 -6 32 -6 -31 0 -23 -2 14 -5 -11 3 -7 -9 28 -13 18 -2 31 -11 19 -10 26 0 -13 -4 2 5 -10 -1 31 8 26 6 11 -13 -5 -8 25 0 -14 -7 17 -2 -7 0 -5 -4 -2 5 -19 -8 26 4 -12 3 -8 -1 32 -1 34 0 24 6 -23 -6 8 -11 11 -3 23 -9 -21 3 -11 -11 27 -13 -19 -7 -19 -14 0 -6 4 -3 -17 -8 -10 0 -9 6 -24 3 27 -14 -16 2 -9 -11 -14 -4 -9 1 26 -1 15 -8 6 -7 6 -13 9 -8 -28 -1 2 -5 25 -2 -28 -13 27 -6 21 -9 28 -6 35 -5 30 -11 -4 -3 -6 2 -15 -6 -1 3 35 -4 24 2 1 -12 -17 -4 19 -7 -2 0 14 -10 32 -3 -23 -4 20 2 35 -1 27 -4 -15 -8 31 -3 23 -10 31 4 14 -9 -8 -1 29 -5 32 -4 27 -3 26 0 26 -6 35 -12 -18 -8 -13 3 0.203252 25 22 -14 13 15 25 14 17 41 3 11 23 4 12 -70 7 -86 -33 2 20 -43 -33 -4 19 -43 -31 -17 -33 61 21 -29 12 58 -2 -39 15 -33 15 -4 -5 -52 21 20 -10 16 6 80 4 75 12 31 
104 5 2 0 0.969697 8 11 -76 12 11 12 -9 12 -25 10 -41 13 12 5 -70 4 -62 3 0.333333 1 -2 70 
105 5 3 0 0.631579 9 8 -24 -23 -21 -22 -41 -20 -1 -19 3 -6 -55 6 -53 -3 -14 -4 -52 1 0.222222 2 -5 -26 -3 -26 3 0.873563 19 9 27 -39 -23 -43 2 -34 5 -34 -41 19 14 -42 -28 1 71 16 4 11 -17 7 36 9 44 8 -18 3 7 -9 -58 -7 -39 10 -36 10 1 2 53 
106 5 2 0 0.166667 1 10 -59 3 0.987654 20 -6 -32 13 -30 6 -11 -4 12 4 -61 6 -24 -2 -68 4 30 12 -36 5 -18 8 6 -1 8 9 30 9 11 7 -6 13 0 2 44 10 -75 5 13 6 14 
107 5 3 0 0.327869 5 19 -31 15 -72 9 -3 -15 -68 12 -10 1 0.95 38 -11 -18 14 15 -13 -26 -11 -22 14 13 13 14 13 -13 11 -21 12 -30 14 -9 8 -32 13 25 9 -31 13 -4 13 -6 -10 -22 -14 -25 13 22 11 -33 6 -33 -12 -26 -13 -24 4 -34 -12 -27 14 12 -9 -30 3 -32 8 15 14 -11 9 14 13 -30 12 -17 -9 -15 11 -15 1 -35 12 -6 14 -16 8 -32 3 0.218182 3 -32 18 26 -12 19 -77 
108 5 3 0 0.740741 5 10 18 19 -71 13 31 15 -58 9 -78 1 0.740741 5 12 33 9 -5 13 -4 10 1 13 32 3 0.444444 2 -34 81 24 -43 
109 5 3 0 0.93617 11 21 -25 17 -42 23 -30 11 -29 18 13 12 -20 12 -18 12 11 15 -65 18 40 13 -60 1 0.235294 1 13 -6 3 0.4 2 22 -59 21 25 
110 5 3 0 0.969697 16 13 4 11 -50 7 -78 9 -80 3 -69 8 -79 10 -80 -13 -70 6 -79 -9 -78 -9 -69 -19 -76 15 -80 4 -81 14 -70 -7 -77 1 0.190476 1 17 -2 3 0.190476 1 -8 85 
111 5 3 0 0.7 14 -13 -83 -17 -73 -9 -74 -3 -73 -5 -72 -15 -82 7 -72 -14 -73 4 -80 15 -6 13 -37 -5 -73 14 -11 13 -70 1 0.744186 16 3 -35 2 -35 -9 -34 -10 -35 7 -35 -6 -26 -7 -26 17 38 16 11 -8 -35 -2 -33 17 -30 -11 -34 -9 -32 13 -33 6 -35 3 0.516129 8 -41 -41 -11 86 -33 57 2 -42 -2 -41 -5 -90 -3 -92 -34 -91 
112 5 2 0 0.4 2 -17 -76 16 -76 3 0.96 12 1 -10 22 -8 -28 47 -3 -8 21 -8 -35 -90 18 -7 -40 -95 -39 -98 20 -43 11 -94 -34 -11 
113 5 2 1 0.210526 1 12 -25 3 0.983607 15 -17 -29 -20 16 -17 -11 -17 -38 -2 -36 -11 18 -32 3 -3 14 -30 7 -3 -38 -27 -14 -18 -23 -15 32 -8 -44 -25 -55 
114 5 3 0 0.363636 1 7 18 1 0.923077 6 15 -29 17 -11 17 6 13 29 16 7 15 -33 3 0.363636 1 6 -17 
115 5 2 0 0.166667 1 -3 -90 3 0.987654 20 -30 -25 -28 -28 -16 -2 -16 -32 5 -3 -21 7 -32 17 -29 -33 -26 49 -16 -16 -32 52 -14 -10 -26 62 -30 -61 -30 -16 -32 -10 -23 -74 -19 38 3 -90 -11 -95 
116 5 2 1 0.977642 481 15 31 14 34 13 37 17 7 12 37 14 -3 17 -9 16 -16 16 -33 13 -1 16 -33 16 -33 -13 38 14 -16 13 34 15 -37 16 23 15 16 16 -16 14 2 13 31 17 14 15 13 12 -34 -13 39 15 -10 12 -18 16 -3 13 32 13 15 16 9 13 -3 13 3 13 14 13 -34 12 -38 12 27 -12 35 14 -27 14 12 15 10 15 8 -16 -14 14 5 -12 38 15 -12 10 36 -15 33 12 2 12 -14 15 13 13 12 12 -36 -11 35 13 16 14 -14 14 -11 13 -29 12 -35 13 13 12 -7 13 -36 14 -3 12 23 12 27 15 -9 12 17 13 18 12 -38 14 -25 12 -33 -15 35 13 -15 13 -13 6 36 14 -14 11 -35 11 23 12 -21 -16 -35 -1 39 11 -11 12 8 -16 30 -15 24 7 37 11 -25 12 15 -15 34 12 -14 -15 -34 10 17 13 -22 9 -10 -9 34 13 -13 -15 11 12 -15 -15 -3 3 34 -15 -29 -12 36 12 -17 9 -34 11 -29 13 -22 -5 37 -5 36 11 16 12 -13 -14 15 13 -16 -14 -5 11 -20 11 -16 10 -32 -13 29 -14 33 -13 28 11 -19 8 -35 5 27 -14 4 11 -7 -13 28 9 -35 6 21 7 32 0 39 -13 2 -14 -8 -6 34 7 30 -15 30 8 -34 -12 32 3 33 10 24 -16 -39 -16 20 -15 -25 1 33 -14 18 -12 12 -13 4 0 36 -15 16 -13 -2 -12 5 9 -34 -4 38 -15 -15 -11 11 10 -29 10 19 9 -32 5 -11 -15 -18 -16 -23 11 -19 9 -13 -16 14 -13 -10 -10 12 -11 13 -15 -17 -8 26 -14 -1 -15 -23 -8 36 -12 9 -15 -34 5 -6 -5 26 7 6 1 25 1 38 2 37 -12 11 -1 33 1 32 -5 35 2 38 -7 28 -7 33 3 -37 -1 31 3 -32 -12 15 8 19 7 18 9 23 3 31 -12 25 -14 -30 -14 11 -16 -5 0 32 -15 -29 -10 9 3 -15 3 18 -11 -34 -3 30 6 -28 6 -36 3 -34 -15 10 -2 33 3 -18 6 11 4 14 -3 30 -15 3 -16 -20 -11 3 -1 36 -10 6 -12 -10 -9 -24 6 28 7 -36 -11 4 4 -36 3 13 -12 -11 5 22 7 23 4 -16 -11 -27 -7 26 -5 27 6 -27 3 3 -14 -1 -11 -3 4 -4 -16 13 3 -7 -11 -2 -16 -11 -11 -10 2 -28 -10 -2 5 11 -5 25 0 -24 1 -16 6 -28 -13 -38 -15 12 -7 7 4 16 -7 -15 -10 6 0 27 -9 -20 -11 -17 -13 -31 4 -26 -6 -6 -7 -6 -12 15 7 -15 -8 7 -7 -18 -1 35 0 -18 -8 22 0 21 -3 1 4 -23 4 18 -12 -35 -8 20 -2 32 -14 2 -3 28 -13 -37 -8 31 -10 -24 -14 3 6 -38 -5 7 -4 29 6 -1 1 -33 -15 -4 -12 11 -10 20 -4 21 -6 23 1 -23 -2 35 -6 -2 -11 -18 -11 -13 -7 3 5 -3 6 3 -13 16 -9 29 -16 -16 -6 34 6 -5 -8 -7 3 -20 5 7 5 -9 1 -19 1 -18 -5 32 -10 -1 4 -22 -3 6 3 -19 -6 -22 -10 -36 5 -12 3 -18 -5 24 -7 18 2 18 -14 6 -5 -2 4 -10 -10 -12 2 -20 3 21 1 -35 3 -13 -14 15 -4 7 4 -3 -3 12 -4 -23 -10 -4 -9 -28 1 -36 -1 -11 0 -33 -3 14 -1 13 -10 -29 -4 -9 6 -4 -2 21 -5 16 -4 2 -1 7 -3 -37 -5 -7 -2 14 -5 16 2 -13 6 1 5 6 -7 29 -3 -37 3 -15 -10 -16 -4 -30 -14 -31 6 0 1 -16 3 12 -11 -18 -10 17 -3 8 0 -6 1 -38 5 3 0 -7 4 9 3 -33 5 6 0 24 -10 -29 -7 -39 -8 -15 -12 -22 -5 -12 5 2 -5 -24 4 -7 5 3 -10 -2 -2 17 1 15 -5 -21 -10 -31 -11 -21 -10 -33 1 15 0 -36 2 -8 1 19 -8 24 0 14 -1 -24 -1 14 -3 -3 2 11 3 -10 1 14 0 22 0 -38 2 -10 1 -10 -4 15 -9 -9 -2 22 -1 -20 -6 -31 -4 8 -3 -36 -10 -24 -1 11 -5 13 -6 26 -2 -30 0 20 -8 1 -2 -27 -3 -1 -4 -16 -7 27 -2 -37 -6 -18 -2 6 0 -7 -2 3 -3 -12 -9 -31 -4 0 -2 -22 -9 12 -1 6 -1 -26 -2 -14 -4 1 -3 8 -2 -12 -6 26 -3 -4 -3 21 0 -25 -2 -20 -2 20 -1 -21 -2 0 -7 1 -2 -9 -9 -11 -2 -29 -10 -33 -8 -29 -8 -16 -1 -14 -6 -39 1 6 -6 -20 -7 -34 -8 20 -8 4 -8 -29 -2 17 -10 -39 -9 -39 -7 3 -7 -10 -3 -32 -8 -21 -9 6 0 1 -4 -35 -2 3 -2 -14 -7 -36 -1 -7 -5 -33 3 0.267884 44 12 -42 5 -29 13 -30 1 1 -11 -6 -21 14 -14 -36 -26 -46 -8 14 -16 4 -17 -79 -37 -3 15 -41 -20 -6 -25 44 -24 -59 -17 -93 -15 -2 -17 28 -11 17 -23 -86 -12 8 -12 12 -6 -6 -13 2 -20 41 -19 19 -20 48 -11 59 -13 49 -27 -71 -20 26 -20 -63 -14 20 -21 59 -18 -87 -18 -66 -8 -88 -25 45 -26 60 -23 58 -16 -61 -16 21 -18 63 
117 5 2 1 0.210526 1 -1 -13 3 0.983607 15 -39 -51 -36 -21 -33 -89 -34 -80 -27 -5 -35 50 -29 -33 -34 13 -31 -30 -37 -85 -31 -30 -33 -14 -40 4 -36 63 -17 16 
118 5 3 0 0.333333 1 4 67 2 0.533333 2 15 -52 14 -52 4 0.888889 6 11 -45 25 -42 22 -38 15 -45 24 -44 23 -44 
119 5 2 0 0.444444 1 3 -76 3 0.952381 5 1 -98 4 -30 4 -34 -13 -35 -7 42 
120 5 2 0 0.994083 42 5 67 -21 -88 -8 69 -7 75 -21 -85 17 -90 2 64 17 -60 13 -85 -7 76 17 -76 -15 -82 -22 -85 11 -75 21 -87 13 -89 -11 -77 12 1 -22 -89 -4 -86 13 -77 12 -88 9 -85 -3 -75 -21 -84 13 -76 -4 -77 -9 -90 -18 -91 17 -90 6 -73 1 63 -14 -76 -19 -85 17 -83 -17 -83 -11 -77 -3 -75 0 -77 -7 -91 -8 -87 -5 -86 3 0.0869565 1 1 -97 
121 5 3 0 0.862745 11 7 64 -2 56 -6 57 2 54 4 59 -9 73 -10 72 -1 52 -10 54 -22 76 -16 54 1 0.606061 5 14 -39 11 -39 10 -39 -3 -39 -1 -39 3 0.333333 2 2 -41 3 -37 
122 5 3 0 0.266667 1 6 -23 1 0.8 6 8 -25 7 -20 8 -30 6 -26 7 23 5 -13 3 0.740741 5 17 -69 26 -36 10 -63 3 -22 17 -70 
123 5 2 0 0.933333 7 4 -17 3 -40 6 -60 6 -55 6 -55 4 -60 7 -56 3 0.533333 2 -24 78 10 -38 
124 5 3 0 0.24 6 10 -45 6 -1 2 -10 1 -28 2 -50 1 11 1 0.0470588 1 -8 -31 3 0.977199 75 -15 30 9 37 -21 76 9 32 8 -49 7 -47 6 13 14 -90 6 -17 9 -18 14 -85 13 -89 13 -38 15 48 5 -61 16 -20 16 18 14 -7 -32 69 7 50 20 0 10 60 16 -5 -5 25 -3 57 21 -34 -9 79 -10 74 3 32 3 -45 7 -28 9 -79 1 40 8 -75 5 32 -15 70 8 -58 7 -7 -21 81 -3 32 7 27 1 75 -11 80 -41 19 -2 32 -4 63 -3 63 11 13 -28 30 9 -95 -6 23 16 20 -23 26 3 -94 -3 31 -3 60 -7 70 4 23 -14 74 -14 35 3 31 -5 73 2 27 10 -96 -25 31 4 31 -43 -7 -25 40 -44 -15 -35 4 -36 -6 -39 -32 -42 -36 -43 -4 -41 -41 
125 5 2 3 0.5 1 -44 -39 4 0.941176 4 -20 35 -23 -21 -23 -5 -20 31 
126 5 2 0 0.990099 25 3 -89 -20 -90 -15 60 -19 -92 -11 -92 -16 70 -8 57 8 -86 -5 71 -4 66 8 -91 -4 65 -20 69 -13 63 -9 73 -21 71 -5 63 -20 66 -12 66 -24 66 0 68 -13 68 -1 67 -10 64 -3 61 3 0.137931 1 -40 36 
127 5 2 2 0.307692 1 15 -46 4 0.972973 9 -6 -45 -22 2 -23 31 -23 -45 -23 -8 -25 -9 -24 -25 -25 -34 11 -44 
128 5 2 0 0.2 1 -10 63 2 0.984615 16 11 -51 -3 -49 15 -48 -14 -50 3 -49 2 -49 14 -53 14 -53 15 -52 -13 -50 -13 -51 -15 -53 3 -52 -14 -52 -5 -52 2 -50 
