10 135 0
0 0 -1 13 18 11 0 39 21 5 13 32 -2370 
1 1 -1 19 0 1 9 39 16 3 4 32 -775 
2 1 -1 20 0 22 16 44 30 2 15 32 3127 
3 2 -1 11 11 9 18 27 36 1 1 32 12474 
4 2 -1 15 5 0 13 24 30 15 4 32 -5274 
5 2 -1 1 6 16 2 35 45 11 1 32 -350 
6 2 -1 21 21 0 21 41 46 5 1 32 -117 
7 3 -1 22 18 11 0 43 18 4 20 32 -7803 
8 3 18 0 0 0 0 0 0 0 0 0 0 
9 3 -1 5 10 4 0 37 30 10 3 32 -2727 
10 3 -1 21 5 4 3 34 16 7 30 32 -11830 
11 3 -1 19 3 18 17 42 30 4 17 32 -2938 
12 3 -1 21 2 18 14 46 19 1 17 32 -1706 
13 3 -1 15 7 21 0 38 9 8 22 32 -6494 
14 3 -1 4 3 21 21 30 38 10 9 32 12878 
15 4 -1 17 21 18 4 45 31 2 3 32 1333 
16 4 -1 3 17 17 19 21 36 18 5 32 -5522 
17 4 0 0 0 0 0 0 0 0 0 0 0 
18 4 0 0 0 0 0 0 0 0 0 0 0 
19 4 -1 1 16 22 9 26 26 4 4 32 17603 
20 4 -1 38 22 0 0 41 11 0 0 14 -5 
21 4 -1 4 7 17 14 24 24 15 22 32 -6962 
22 4 -1 20 16 0 11 35 30 5 16 32 -1345 
23 4 -1 21 16 21 9 44 40 2 6 32 -531 
24 4 -1 13 25 0 0 34 21 0 0 3 41 
25 4 -1 18 13 21 8 46 29 1 10 32 -1888 
26 4 -1 44 44 0 0 17 6 0 0 5 24 
27 4 -1 0 19 7 21 44 43 3 4 32 5336 
28 4 -1 22 6 0 4 22 43 6 4 32 -797 
29 4 -1 15 17 0 2 39 38 4 5 32 -199 
30 4 -1 7 2 1 13 12 38 22 4 32 -1488 
31 5 -1 21 41 0 0 11 35 0 0 17 -12 
32 5 -1 43 43 0 0 12 40 0 0 0 -69 
33 5 -1 29 21 0 0 37 31 0 0 2 -8 
34 5 -1 3 10 22 12 42 41 4 4 32 12233 
35 5 0 0 0 0 0 0 0 0 0 0 0 
36 5 0 0 0 0 0 0 0 0 0 0 0 
37 5 0 0 0 0 0 0 0 0 0 0 0 
38 5 0 0 0 0 0 0 0 0 0 0 0 
39 5 -1 21 0 0 0 7 34 0 0 2 28 
40 5 -1 17 18 21 15 38 35 7 4 32 26052 
41 5 -1 21 10 20 8 41 30 2 3 32 14462 
42 5 -1 19 2 0 0 40 5 0 0 14 -12 
43 5 -1 7 32 0 0 42 27 0 0 12 -20 
44 5 -1 47 41 0 0 28 36 0 0 6 -16 
45 5 -1 22 19 2 2 41 36 4 7 32 -1528 
46 5 -1 1 20 10 6 21 46 7 1 32 5049 
47 5 -1 17 8 6 12 39 41 3 4 32 -582 
48 5 55 0 0 0 0 0 0 0 0 0 0 
49 5 -1 20 9 0 16 43 39 1 1 32 -1 
50 5 60 0 0 0 0 0 0 0 0 0 0 
51 5 61 0 0 0 0 0 0 0 0 0 0 
52 5 62 0 0 0 0 0 0 0 0 0 0 
53 5 -1 39 24 0 0 13 47 0 0 0 81 
54 5 -1 1 12 0 0 24 23 0 0 0 0 
55 5 -1 25 41 0 0 0 43 0 0 1 -9 
56 5 88 0 0 0 0 0 0 0 0 0 0 
57 5 -1 21 0 2 8 43 10 2 21 32 -790 
58 5 -1 12 12 1 18 41 36 1 11 32 574 
59 5 -1 12 11 17 0 37 34 10 3 32 -833 
60 5 -1 7 7 11 22 45 30 1 15 32 5788 
61 5 -1 5 5 11 13 20 45 18 2 32 4616 
62 5 -1 1 11 22 14 41 45 5 1 32 13143 
63 6 -1 17 6 19 2 44 31 1 8 32 -530 
64 6 -1 10 21 0 0 21 25 0 0 17 18 
65 6 -1 17 1 19 0 46 15 1 5 32 -984 
66 6 -1 0 24 0 0 34 32 0 0 0 -65 
67 6 10 0 0 0 0 0 0 0 0 0 0 
68 6 11 0 0 0 0 0 0 0 0 0 0 
69 6 -1 0 4 0 0 43 13 0 0 1 -12 
70 6 17 0 0 0 0 0 0 0 0 0 0 
71 6 0 0 0 0 0 0 0 0 0 0 0 
72 6 0 0 0 0 0 0 0 0 0 0 0 
73 6 0 0 0 0 0 0 0 0 0 0 0 
74 6 0 0 0 0 0 0 0 0 0 0 0 
75 6 0 0 0 0 0 0 0 0 0 0 0 
76 6 0 0 0 0 0 0 0 0 0 0 0 
77 6 0 0 0 0 0 0 0 0 0 0 0 
78 6 0 0 0 0 0 0 0 0 0 0 0 
79 6 -1 33 21 0 0 5 25 0 0 3 82 
80 6 -1 22 7 9 16 44 36 1 11 32 13299 
81 6 -1 23 23 0 0 38 4 0 0 16 -123 
82 6 -1 17 30 0 0 13 35 0 0 2 -7 
83 6 40 0 0 0 0 0 0 0 0 0 0 
84 6 41 0 0 0 0 0 0 0 0 0 0 
85 6 42 0 0 0 0 0 0 0 0 0 0 
86 6 43 0 0 0 0 0 0 0 0 0 0 
87 6 44 0 0 0 0 0 0 0 0 0 0 
88 6 45 0 0 0 0 0 0 0 0 0 0 
89 6 46 0 0 0 0 0 0 0 0 0 0 
90 6 47 0 0 0 0 0 0 0 0 0 0 
91 6 48 0 0 0 0 0 0 0 0 0 0 
92 6 49 0 0 0 0 0 0 0 0 0 0 
93 6 -1 31 20 0 0 36 21 0 0 11 11 
94 6 52 0 0 0 0 0 0 0 0 0 0 
95 6 53 0 0 0 0 0 0 0 0 0 0 
96 6 54 0 0 0 0 0 0 0 0 0 0 
97 6 0 0 0 0 0 0 0 0 0 0 0 
98 6 0 0 0 0 0 0 0 0 0 0 0 
99 6 -1 25 10 0 0 28 36 0 0 12 -64 
100 6 59 0 0 0 0 0 0 0 0 0 0 
101 6 0 0 0 0 0 0 0 0 0 0 0 
102 6 0 0 0 0 0 0 0 0 0 0 0 
103 6 0 0 0 0 0 0 0 0 0 0 0 
104 6 0 0 0 0 0 0 0 0 0 0 0 
105 6 0 0 0 0 0 0 0 0 0 0 0 
106 6 0 0 0 0 0 0 0 0 0 0 0 
107 6 -1 29 19 0 0 45 26 0 0 18 32 
108 6 -1 26 12 0 0 8 19 0 0 3 39 
109 6 -1 12 31 0 0 36 13 0 0 17 16 
110 6 77 0 0 0 0 0 0 0 0 0 0 
111 6 -1 2 29 0 0 40 45 0 0 4 22 
112 6 -1 0 15 7 21 36 39 4 2 32 713 
113 6 0 0 0 0 0 0 0 0 0 0 0 
114 6 0 0 0 0 0 0 0 0 0 0 0 
115 6 -1 13 7 19 14 46 22 1 2 32 8501 
116 6 -1 9 15 3 16 22 42 7 5 32 -286 
117 6 -1 40 22 0 0 39 4 0 0 13 -10 
118 6 -1 8 7 0 13 12 20 13 14 32 -6040 
119 6 -1 2 19 21 16 28 38 2 9 32 7961 
120 6 119 0 0 0 0 0 0 0 0 0 0 
121 6 -1 47 5 0 0 42 14 0 0 4 6 
122 6 -1 8 7 20 18 46 29 1 9 32 9784 
123 6 -1 4 9 16 0 33 31 6 1 32 -197 
124 6 -1 0 22 14 21 39 46 5 1 32 21927 
125 6 -1 12 6 19 10 40 40 4 3 32 6851 
126 6 134 0 0 0 0 0 0 0 0 0 0 
127 7 0 0 0 0 0 0 0 0 0 0 0 
128 7 1 0 0 0 0 0 0 0 0 0 0 
129 7 -1 15 16 16 6 37 23 7 12 32 -4885 
130 7 4 0 0 0 0 0 0 0 0 0 0 
131 7 5 0 0 0 0 0 0 0 0 0 0 
132 7 -1 4 0 22 7 44 37 3 8 32 -2152 
133 7 8 0 0 0 0 0 0 0 0 0 0 
134 7 9 0 0 0 0 0 0 0 0 0 0 
135 7 0 0 0 0 0 0 0 0 0 0 0 
136 7 0 0 0 0 0 0 0 0 0 0 0 
137 7 0 0 0 0 0 0 0 0 0 0 0 
138 7 0 0 0 0 0 0 0 0 0 0 0 
139 7 -1 47 18 0 0 31 38 0 0 4 14 
140 7 -1 2 4 21 7 38 24 3 1 32 545 
141 7 0 0 0 0 0 0 0 0 0 0 0 
142 7 0 0 0 0 0 0 0 0 0 0 0 
143 7 0 0 0 0 0 0 0 0 0 0 0 
144 7 0 0 0 0 0 0 0 0 0 0 0 
145 7 0 0 0 0 0 0 0 0 0 0 0 
146 7 0 0 0 0 0 0 0 0 0 0 0 
147 7 0 0 0 0 0 0 0 0 0 0 0 
148 7 0 0 0 0 0 0 0 0 0 0 0 
149 7 0 0 0 0 0 0 0 0 0 0 0 
150 7 0 0 0 0 0 0 0 0 0 0 0 
151 7 0 0 0 0 0 0 0 0 0 0 0 
152 7 0 0 0 0 0 0 0 0 0 0 0 
153 7 0 0 0 0 0 0 0 0 0 0 0 
154 7 0 0 0 0 0 0 0 0 0 0 0 
155 7 0 0 0 0 0 0 0 0 0 0 0 
156 7 0 0 0 0 0 0 0 0 0 0 0 
157 7 0 0 0 0 0 0 0 0 0 0 0 
158 7 0 0 0 0 0 0 0 0 0 0 0 
159 7 -1 5 18 8 0 38 20 8 15 32 -11500 
160 7 26 0 0 0 0 0 0 0 0 0 0 
161 7 -1 26 29 0 0 15 8 0 0 2 -18 
162 7 29 0 0 0 0 0 0 0 0 0 0 
163 7 30 0 0 0 0 0 0 0 0 0 0 
164 7 -1 46 18 0 0 24 22 0 0 0 10 
165 7 36 0 0 0 0 0 0 0 0 0 0 
166 7 -1 3 46 0 0 10 16 0 0 3 32 
167 7 0 0 0 0 0 0 0 0 0 0 0 
168 7 0 0 0 0 0 0 0 0 0 0 0 
169 7 0 0 0 0 0 0 0 0 0 0 0 
170 7 0 0 0 0 0 0 0 0 0 0 0 
171 7 0 0 0 0 0 0 0 0 0 0 0 
172 7 0 0 0 0 0 0 0 0 0 0 0 
173 7 0 0 0 0 0 0 0 0 0 0 0 
174 7 0 0 0 0 0 0 0 0 0 0 0 
175 7 0 0 0 0 0 0 0 0 0 0 0 
176 7 0 0 0 0 0 0 0 0 0 0 0 
177 7 0 0 0 0 0 0 0 0 0 0 0 
178 7 0 0 0 0 0 0 0 0 0 0 0 
179 7 0 0 0 0 0 0 0 0 0 0 0 
180 7 0 0 0 0 0 0 0 0 0 0 0 
181 7 0 0 0 0 0 0 0 0 0 0 0 
182 7 0 0 0 0 0 0 0 0 0 0 0 
183 7 0 0 0 0 0 0 0 0 0 0 0 
184 7 0 0 0 0 0 0 0 0 0 0 0 
185 7 0 0 0 0 0 0 0 0 0 0 0 
186 7 0 0 0 0 0 0 0 0 0 0 0 
187 7 50 0 0 0 0 0 0 0 0 0 0 
188 7 51 0 0 0 0 0 0 0 0 0 0 
189 7 0 0 0 0 0 0 0 0 0 0 0 
190 7 0 0 0 0 0 0 0 0 0 0 0 
191 7 0 0 0 0 0 0 0 0 0 0 0 
192 7 0 0 0 0 0 0 0 0 0 0 0 
193 7 0 0 0 0 0 0 0 0 0 0 0 
194 7 0 0 0 0 0 0 0 0 0 0 0 
195 7 0 0 0 0 0 0 0 0 0 0 0 
196 7 0 0 0 0 0 0 0 0 0 0 0 
197 7 0 0 0 0 0 0 0 0 0 0 0 
198 7 0 0 0 0 0 0 0 0 0 0 0 
199 7 56 0 0 0 0 0 0 0 0 0 0 
200 7 -1 20 7 10 0 42 14 1 23 32 -1881 
201 7 0 0 0 0 0 0 0 0 0 0 0 
202 7 0 0 0 0 0 0 0 0 0 0 0 
203 7 0 0 0 0 0 0 0 0 0 0 0 
204 7 0 0 0 0 0 0 0 0 0 0 0 
205 7 0 0 0 0 0 0 0 0 0 0 0 
206 7 0 0 0 0 0 0 0 0 0 0 0 
207 7 0 0 0 0 0 0 0 0 0 0 0 
208 7 0 0 0 0 0 0 0 0 0 0 0 
209 7 0 0 0 0 0 0 0 0 0 0 0 
210 7 0 0 0 0 0 0 0 0 0 0 0 
211 7 0 0 0 0 0 0 0 0 0 0 0 
212 7 0 0 0 0 0 0 0 0 0 0 0 
213 7 0 0 0 0 0 0 0 0 0 0 0 
214 7 0 0 0 0 0 0 0 0 0 0 0 
215 7 -1 25 9 0 0 44 47 0 0 0 45 
216 7 71 0 0 0 0 0 0 0 0 0 0 
217 7 -1 15 26 0 0 11 40 0 0 0 95 
218 7 74 0 0 0 0 0 0 0 0 0 0 
219 7 75 0 0 0 0 0 0 0 0 0 0 
220 7 76 0 0 0 0 0 0 0 0 0 0 
221 7 0 0 0 0 0 0 0 0 0 0 0 
222 7 0 0 0 0 0 0 0 0 0 0 0 
223 7 78 0 0 0 0 0 0 0 0 0 0 
224 7 79 0 0 0 0 0 0 0 0 0 0 
225 7 -1 5 37 0 0 39 11 0 0 18 -4 
226 7 -1 9 21 5 20 30 42 13 2 32 1830 
227 7 0 0 0 0 0 0 0 0 0 0 0 
228 7 0 0 0 0 0 0 0 0 0 0 0 
229 7 0 0 0 0 0 0 0 0 0 0 0 
230 7 0 0 0 0 0 0 0 0 0 0 0 
231 7 -1 17 41 0 0 10 3 0 0 16 45 
232 7 -1 1 8 22 0 34 16 7 9 32 -2530 
233 7 -1 21 17 5 3 37 45 7 2 32 -103 
234 7 103 0 0 0 0 0 0 0 0 0 0 
235 7 -1 19 22 0 4 46 46 1 1 32 -57 
236 7 -1 8 4 14 2 26 21 19 13 32 -7117 
237 7 -1 4 20 7 15 13 45 10 1 32 3839 
238 7 115 0 0 0 0 0 0 0 0 0 0 
239 7 -1 14 0 0 22 46 27 1 14 32 -777 
240 7 118 0 0 0 0 0 0 0 0 0 0 
241 7 0 0 0 0 0 0 0 0 0 0 0 
242 7 0 0 0 0 0 0 0 0 0 0 0 
243 7 -1 15 35 0 0 47 30 0 0 14 -16 
244 7 123 0 0 0 0 0 0 0 0 0 0 
245 7 124 0 0 0 0 0 0 0 0 0 0 
246 7 125 0 0 0 0 0 0 0 0 0 0 
247 7 -1 7 5 5 16 14 28 8 8 32 54 
248 7 128 0 0 0 0 0 0 0 0 0 0 
249 7 -1 38 5 0 0 38 47 0 0 15 -8 
250 7 131 0 0 0 0 0 0 0 0 0 0 
251 7 132 0 0 0 0 0 0 0 0 0 0 
252 7 133 0 0 0 0 0 0 0 0 0 0 
253 7 0 0 0 0 0 0 0 0 0 0 0 
254 7 0 0 0 0 0 0 0 0 0 0 0 
255 8 0 0 0 0 0 0 0 0 0 0 0 
256 8 0 0 0 0 0 0 0 0 0 0 0 
257 8 0 0 0 0 0 0 0 0 0 0 0 
258 8 0 0 0 0 0 0 0 0 0 0 0 
259 8 2 0 0 0 0 0 0 0 0 0 0 
260 8 3 0 0 0 0 0 0 0 0 0 0 
261 8 0 0 0 0 0 0 0 0 0 0 0 
262 8 0 0 0 0 0 0 0 0 0 0 0 
263 8 0 0 0 0 0 0 0 0 0 0 0 
264 8 0 0 0 0 0 0 0 0 0 0 0 
265 8 6 0 0 0 0 0 0 0 0 0 0 
266 8 7 0 0 0 0 0 0 0 0 0 0 
267 8 0 0 0 0 0 0 0 0 0 0 0 
268 8 0 0 0 0 0 0 0 0 0 0 0 
269 8 0 0 0 0 0 0 0 0 0 0 0 
270 8 0 0 0 0 0 0 0 0 0 0 0 
271 8 0 0 0 0 0 0 0 0 0 0 0 
272 8 0 0 0 0 0 0 0 0 0 0 0 
273 8 0 0 0 0 0 0 0 0 0 0 0 
274 8 0 0 0 0 0 0 0 0 0 0 0 
275 8 0 0 0 0 0 0 0 0 0 0 0 
276 8 0 0 0 0 0 0 0 0 0 0 0 
277 8 0 0 0 0 0 0 0 0 0 0 0 
278 8 0 0 0 0 0 0 0 0 0 0 0 
279 8 12 0 0 0 0 0 0 0 0 0 0 
280 8 13 0 0 0 0 0 0 0 0 0 0 
281 8 -1 43 14 0 0 37 6 0 0 5 -3 
282 8 16 0 0 0 0 0 0 0 0 0 0 
283 8 0 0 0 0 0 0 0 0 0 0 0 
284 8 0 0 0 0 0 0 0 0 0 0 0 
285 8 0 0 0 0 0 0 0 0 0 0 0 
286 8 0 0 0 0 0 0 0 0 0 0 0 
287 8 0 0 0 0 0 0 0 0 0 0 0 
288 8 0 0 0 0 0 0 0 0 0 0 0 
289 8 0 0 0 0 0 0 0 0 0 0 0 
290 8 0 0 0 0 0 0 0 0 0 0 0 
291 8 0 0 0 0 0 0 0 0 0 0 0 
292 8 0 0 0 0 0 0 0 0 0 0 0 
293 8 0 0 0 0 0 0 0 0 0 0 0 
294 8 0 0 0 0 0 0 0 0 0 0 0 
295 8 0 0 0 0 0 0 0 0 0 0 0 
296 8 0 0 0 0 0 0 0 0 0 0 0 
297 8 0 0 0 0 0 0 0 0 0 0 0 
298 8 0 0 0 0 0 0 0 0 0 0 0 
299 8 0 0 0 0 0 0 0 0 0 0 0 
300 8 0 0 0 0 0 0 0 0 0 0 0 
301 8 0 0 0 0 0 0 0 0 0 0 0 
302 8 0 0 0 0 0 0 0 0 0 0 0 
303 8 0 0 0 0 0 0 0 0 0 0 0 
304 8 0 0 0 0 0 0 0 0 0 0 0 
305 8 0 0 0 0 0 0 0 0 0 0 0 
306 8 0 0 0 0 0 0 0 0 0 0 0 
307 8 0 0 0 0 0 0 0 0 0 0 0 
308 8 0 0 0 0 0 0 0 0 0 0 0 
309 8 0 0 0 0 0 0 0 0 0 0 0 
310 8 0 0 0 0 0 0 0 0 0 0 0 
311 8 0 0 0 0 0 0 0 0 0 0 0 
312 8 0 0 0 0 0 0 0 0 0 0 0 
313 8 0 0 0 0 0 0 0 0 0 0 0 
314 8 0 0 0 0 0 0 0 0 0 0 0 
315 8 0 0 0 0 0 0 0 0 0 0 0 
316 8 0 0 0 0 0 0 0 0 0 0 0 
317 8 0 0 0 0 0 0 0 0 0 0 0 
318 8 0 0 0 0 0 0 0 0 0 0 0 
319 8 -1 33 0 0 0 29 18 0 0 11 -50 
320 8 -1 14 4 14 11 32 25 4 12 32 -2801 
321 8 0 0 0 0 0 0 0 0 0 0 0 
322 8 0 0 0 0 0 0 0 0 0 0 0 
323 8 27 0 0 0 0 0 0 0 0 0 0 
324 8 28 0 0 0 0 0 0 0 0 0 0 
325 8 0 0 0 0 0 0 0 0 0 0 0 
326 8 0 0 0 0 0 0 0 0 0 0 0 
327 8 0 0 0 0 0 0 0 0 0 0 0 
328 8 0 0 0 0 0 0 0 0 0 0 0 
329 8 -1 7 45 0 0 26 21 0 0 10 13 
330 8 -1 22 7 3 4 42 36 1 4 32 802 
331 8 0 0 0 0 0 0 0 0 0 0 0 
332 8 0 0 0 0 0 0 0 0 0 0 0 
333 8 -1 3 14 3 11 39 42 7 2 32 1487 
334 8 39 0 0 0 0 0 0 0 0 0 0 
335 8 0 0 0 0 0 0 0 0 0 0 0 
336 8 0 0 0 0 0 0 0 0 0 0 0 
337 8 0 0 0 0 0 0 0 0 0 0 0 
338 8 0 0 0 0 0 0 0 0 0 0 0 
339 8 0 0 0 0 0 0 0 0 0 0 0 
340 8 0 0 0 0 0 0 0 0 0 0 0 
341 8 0 0 0 0 0 0 0 0 0 0 0 
342 8 0 0 0 0 0 0 0 0 0 0 0 
343 8 0 0 0 0 0 0 0 0 0 0 0 
344 8 0 0 0 0 0 0 0 0 0 0 0 
345 8 0 0 0 0 0 0 0 0 0 0 0 
346 8 0 0 0 0 0 0 0 0 0 0 0 
347 8 0 0 0 0 0 0 0 0 0 0 0 
348 8 0 0 0 0 0 0 0 0 0 0 0 
349 8 0 0 0 0 0 0 0 0 0 0 0 
350 8 0 0 0 0 0 0 0 0 0 0 0 
351 8 0 0 0 0 0 0 0 0 0 0 0 
352 8 0 0 0 0 0 0 0 0 0 0 0 
353 8 0 0 0 0 0 0 0 0 0 0 0 
354 8 0 0 0 0 0 0 0 0 0 0 0 
355 8 0 0 0 0 0 0 0 0 0 0 0 
356 8 0 0 0 0 0 0 0 0 0 0 0 
357 8 0 0 0 0 0 0 0 0 0 0 0 
358 8 0 0 0 0 0 0 0 0 0 0 0 
359 8 0 0 0 0 0 0 0 0 0 0 0 
360 8 0 0 0 0 0 0 0 0 0 0 0 
361 8 0 0 0 0 0 0 0 0 0 0 0 
362 8 0 0 0 0 0 0 0 0 0 0 0 
363 8 0 0 0 0 0 0 0 0 0 0 0 
364 8 0 0 0 0 0 0 0 0 0 0 0 
365 8 0 0 0 0 0 0 0 0 0 0 0 
366 8 0 0 0 0 0 0 0 0 0 0 0 
367 8 0 0 0 0 0 0 0 0 0 0 0 
368 8 0 0 0 0 0 0 0 0 0 0 0 
369 8 0 0 0 0 0 0 0 0 0 0 0 
370 8 0 0 0 0 0 0 0 0 0 0 0 
371 8 0 0 0 0 0 0 0 0 0 0 0 
372 8 0 0 0 0 0 0 0 0 0 0 0 
373 8 0 0 0 0 0 0 0 0 0 0 0 
374 8 0 0 0 0 0 0 0 0 0 0 0 
375 8 0 0 0 0 0 0 0 0 0 0 0 
376 8 0 0 0 0 0 0 0 0 0 0 0 
377 8 0 0 0 0 0 0 0 0 0 0 0 
378 8 0 0 0 0 0 0 0 0 0 0 0 
379 8 0 0 0 0 0 0 0 0 0 0 0 
380 8 0 0 0 0 0 0 0 0 0 0 0 
381 8 0 0 0 0 0 0 0 0 0 0 0 
382 8 0 0 0 0 0 0 0 0 0 0 0 
383 8 0 0 0 0 0 0 0 0 0 0 0 
384 8 0 0 0 0 0 0 0 0 0 0 0 
385 8 0 0 0 0 0 0 0 0 0 0 0 
386 8 0 0 0 0 0 0 0 0 0 0 0 
387 8 0 0 0 0 0 0 0 0 0 0 0 
388 8 0 0 0 0 0 0 0 0 0 0 0 
389 8 0 0 0 0 0 0 0 0 0 0 0 
390 8 0 0 0 0 0 0 0 0 0 0 0 
391 8 0 0 0 0 0 0 0 0 0 0 0 
392 8 0 0 0 0 0 0 0 0 0 0 0 
393 8 0 0 0 0 0 0 0 0 0 0 0 
394 8 0 0 0 0 0 0 0 0 0 0 0 
395 8 0 0 0 0 0 0 0 0 0 0 0 
396 8 0 0 0 0 0 0 0 0 0 0 0 
397 8 0 0 0 0 0 0 0 0 0 0 0 
398 8 0 0 0 0 0 0 0 0 0 0 0 
399 8 0 0 0 0 0 0 0 0 0 0 0 
400 8 0 0 0 0 0 0 0 0 0 0 0 
401 8 57 0 0 0 0 0 0 0 0 0 0 
402 8 58 0 0 0 0 0 0 0 0 0 0 
403 8 0 0 0 0 0 0 0 0 0 0 0 
404 8 0 0 0 0 0 0 0 0 0 0 0 
405 8 0 0 0 0 0 0 0 0 0 0 0 
406 8 0 0 0 0 0 0 0 0 0 0 0 
407 8 0 0 0 0 0 0 0 0 0 0 0 
408 8 0 0 0 0 0 0 0 0 0 0 0 
409 8 0 0 0 0 0 0 0 0 0 0 0 
410 8 0 0 0 0 0 0 0 0 0 0 0 
411 8 0 0 0 0 0 0 0 0 0 0 0 
412 8 0 0 0 0 0 0 0 0 0 0 0 
413 8 0 0 0 0 0 0 0 0 0 0 0 
414 8 0 0 0 0 0 0 0 0 0 0 0 
415 8 0 0 0 0 0 0 0 0 0 0 0 
416 8 0 0 0 0 0 0 0 0 0 0 0 
417 8 0 0 0 0 0 0 0 0 0 0 0 
418 8 0 0 0 0 0 0 0 0 0 0 0 
419 8 0 0 0 0 0 0 0 0 0 0 0 
420 8 0 0 0 0 0 0 0 0 0 0 0 
421 8 0 0 0 0 0 0 0 0 0 0 0 
422 8 0 0 0 0 0 0 0 0 0 0 0 
423 8 0 0 0 0 0 0 0 0 0 0 0 
424 8 0 0 0 0 0 0 0 0 0 0 0 
425 8 0 0 0 0 0 0 0 0 0 0 0 
426 8 0 0 0 0 0 0 0 0 0 0 0 
427 8 0 0 0 0 0 0 0 0 0 0 0 
428 8 0 0 0 0 0 0 0 0 0 0 0 
429 8 0 0 0 0 0 0 0 0 0 0 0 
430 8 0 0 0 0 0 0 0 0 0 0 0 
431 8 -1 15 12 0 0 20 14 0 0 3 -14 
432 8 -1 0 8 19 3 23 11 23 28 32 -425 
433 8 0 0 0 0 0 0 0 0 0 0 0 
434 8 0 0 0 0 0 0 0 0 0 0 0 
435 8 72 0 0 0 0 0 0 0 0 0 0 
436 8 73 0 0 0 0 0 0 0 0 0 0 
437 8 0 0 0 0 0 0 0 0 0 0 0 
438 8 0 0 0 0 0 0 0 0 0 0 0 
439 8 0 0 0 0 0 0 0 0 0 0 0 
440 8 0 0 0 0 0 0 0 0 0 0 0 
441 8 0 0 0 0 0 0 0 0 0 0 0 
442 8 0 0 0 0 0 0 0 0 0 0 0 
443 8 0 0 0 0 0 0 0 0 0 0 0 
444 8 0 0 0 0 0 0 0 0 0 0 0 
445 8 0 0 0 0 0 0 0 0 0 0 0 
446 8 0 0 0 0 0 0 0 0 0 0 0 
447 8 0 0 0 0 0 0 0 0 0 0 0 
448 8 0 0 0 0 0 0 0 0 0 0 0 
449 8 0 0 0 0 0 0 0 0 0 0 0 
450 8 0 0 0 0 0 0 0 0 0 0 0 
451 8 -1 4 25 0 0 41 23 0 0 1 2 
452 8 -1 14 3 2 0 34 13 13 2 32 -1083 
453 8 86 0 0 0 0 0 0 0 0 0 0 
454 8 87 0 0 0 0 0 0 0 0 0 0 
455 8 0 0 0 0 0 0 0 0 0 0 0 
456 8 0 0 0 0 0 0 0 0 0 0 0 
457 8 0 0 0 0 0 0 0 0 0 0 0 
458 8 0 0 0 0 0 0 0 0 0 0 0 
459 8 0 0 0 0 0 0 0 0 0 0 0 
460 8 0 0 0 0 0 0 0 0 0 0 0 
461 8 0 0 0 0 0 0 0 0 0 0 0 
462 8 0 0 0 0 0 0 0 0 0 0 0 
463 8 -1 16 1 16 7 40 34 7 2 32 -67 
464 8 92 0 0 0 0 0 0 0 0 0 0 
465 8 -1 1 16 2 13 4 46 14 1 32 434 
466 8 -1 10 17 0 11 32 44 8 3 32 -856 
467 8 101 0 0 0 0 0 0 0 0 0 0 
468 8 102 0 0 0 0 0 0 0 0 0 0 
469 8 0 0 0 0 0 0 0 0 0 0 0 
470 8 0 0 0 0 0 0 0 0 0 0 0 
471 8 104 0 0 0 0 0 0 0 0 0 0 
472 8 105 0 0 0 0 0 0 0 0 0 0 
473 8 -1 37 28 0 0 11 26 0 0 3 23 
474 8 -1 14 4 21 2 35 16 9 15 32 -1068 
475 8 -1 18 8 0 0 32 21 0 0 0 40 
476 8 114 0 0 0 0 0 0 0 0 0 0 
477 8 0 0 0 0 0 0 0 0 0 0 0 
478 8 0 0 0 0 0 0 0 0 0 0 0 
479 8 116 0 0 0 0 0 0 0 0 0 0 
480 8 117 0 0 0 0 0 0 0 0 0 0 
481 8 0 0 0 0 0 0 0 0 0 0 0 
482 8 0 0 0 0 0 0 0 0 0 0 0 
483 8 0 0 0 0 0 0 0 0 0 0 0 
484 8 0 0 0 0 0 0 0 0 0 0 0 
485 8 0 0 0 0 0 0 0 0 0 0 0 
486 8 0 0 0 0 0 0 0 0 0 0 0 
487 8 120 0 0 0 0 0 0 0 0 0 0 
488 8 -1 46 17 0 0 5 29 0 0 10 17 
489 8 0 0 0 0 0 0 0 0 0 0 0 
490 8 0 0 0 0 0 0 0 0 0 0 0 
491 8 0 0 0 0 0 0 0 0 0 0 0 
492 8 0 0 0 0 0 0 0 0 0 0 0 
493 8 0 0 0 0 0 0 0 0 0 0 0 
494 8 0 0 0 0 0 0 0 0 0 0 0 
495 8 126 0 0 0 0 0 0 0 0 0 0 
496 8 127 0 0 0 0 0 0 0 0 0 0 
497 8 0 0 0 0 0 0 0 0 0 0 0 
498 8 0 0 0 0 0 0 0 0 0 0 0 
499 8 129 0 0 0 0 0 0 0 0 0 0 
500 8 130 0 0 0 0 0 0 0 0 0 0 
501 8 0 0 0 0 0 0 0 0 0 0 0 
502 8 0 0 0 0 0 0 0 0 0 0 0 
503 8 0 0 0 0 0 0 0 0 0 0 0 
504 8 0 0 0 0 0 0 0 0 0 0 0 
505 8 0 0 0 0 0 0 0 0 0 0 0 
506 8 0 0 0 0 0 0 0 0 0 0 0 
507 8 0 0 0 0 0 0 0 0 0 0 0 
508 8 0 0 0 0 0 0 0 0 0 0 0 
509 8 0 0 0 0 0 0 0 0 0 0 0 
510 8 0 0 0 0 0 0 0 0 0 0 0 
511 9 0 0 0 0 0 0 0 0 0 0 0 
512 9 0 0 0 0 0 0 0 0 0 0 0 
513 9 0 0 0 0 0 0 0 0 0 0 0 
514 9 0 0 0 0 0 0 0 0 0 0 0 
515 9 0 0 0 0 0 0 0 0 0 0 0 
516 9 0 0 0 0 0 0 0 0 0 0 0 
517 9 0 0 0 0 0 0 0 0 0 0 0 
518 9 0 0 0 0 0 0 0 0 0 0 0 
519 9 0 0 0 0 0 0 0 0 0 0 0 
520 9 0 0 0 0 0 0 0 0 0 0 0 
521 9 0 0 0 0 0 0 0 0 0 0 0 
522 9 0 0 0 0 0 0 0 0 0 0 0 
523 9 0 0 0 0 0 0 0 0 0 0 0 
524 9 0 0 0 0 0 0 0 0 0 0 0 
525 9 0 0 0 0 0 0 0 0 0 0 0 
526 9 0 0 0 0 0 0 0 0 0 0 0 
527 9 0 0 0 0 0 0 0 0 0 0 0 
528 9 0 0 0 0 0 0 0 0 0 0 0 
529 9 0 0 0 0 0 0 0 0 0 0 0 
530 9 0 0 0 0 0 0 0 0 0 0 0 
531 9 0 0 0 0 0 0 0 0 0 0 0 
532 9 0 0 0 0 0 0 0 0 0 0 0 
533 9 0 0 0 0 0 0 0 0 0 0 0 
534 9 0 0 0 0 0 0 0 0 0 0 0 
535 9 0 0 0 0 0 0 0 0 0 0 0 
536 9 0 0 0 0 0 0 0 0 0 0 0 
537 9 0 0 0 0 0 0 0 0 0 0 0 
538 9 0 0 0 0 0 0 0 0 0 0 0 
539 9 0 0 0 0 0 0 0 0 0 0 0 
540 9 0 0 0 0 0 0 0 0 0 0 0 
541 9 0 0 0 0 0 0 0 0 0 0 0 
542 9 0 0 0 0 0 0 0 0 0 0 0 
543 9 0 0 0 0 0 0 0 0 0 0 0 
544 9 0 0 0 0 0 0 0 0 0 0 0 
545 9 0 0 0 0 0 0 0 0 0 0 0 
546 9 0 0 0 0 0 0 0 0 0 0 0 
547 9 0 0 0 0 0 0 0 0 0 0 0 
548 9 0 0 0 0 0 0 0 0 0 0 0 
549 9 0 0 0 0 0 0 0 0 0 0 0 
550 9 0 0 0 0 0 0 0 0 0 0 0 
551 9 0 0 0 0 0 0 0 0 0 0 0 
552 9 0 0 0 0 0 0 0 0 0 0 0 
553 9 0 0 0 0 0 0 0 0 0 0 0 
554 9 0 0 0 0 0 0 0 0 0 0 0 
555 9 0 0 0 0 0 0 0 0 0 0 0 
556 9 0 0 0 0 0 0 0 0 0 0 0 
557 9 0 0 0 0 0 0 0 0 0 0 0 
558 9 0 0 0 0 0 0 0 0 0 0 0 
559 9 0 0 0 0 0 0 0 0 0 0 0 
560 9 0 0 0 0 0 0 0 0 0 0 0 
561 9 0 0 0 0 0 0 0 0 0 0 0 
562 9 0 0 0 0 0 0 0 0 0 0 0 
563 9 14 0 0 0 0 0 0 0 0 0 0 
564 9 15 0 0 0 0 0 0 0 0 0 0 
565 9 0 0 0 0 0 0 0 0 0 0 0 
566 9 0 0 0 0 0 0 0 0 0 0 0 
567 9 0 0 0 0 0 0 0 0 0 0 0 
568 9 0 0 0 0 0 0 0 0 0 0 0 
569 9 0 0 0 0 0 0 0 0 0 0 0 
570 9 0 0 0 0 0 0 0 0 0 0 0 
571 9 0 0 0 0 0 0 0 0 0 0 0 
572 9 0 0 0 0 0 0 0 0 0 0 0 
573 9 0 0 0 0 0 0 0 0 0 0 0 
574 9 0 0 0 0 0 0 0 0 0 0 0 
575 9 0 0 0 0 0 0 0 0 0 0 0 
576 9 0 0 0 0 0 0 0 0 0 0 0 
577 9 0 0 0 0 0 0 0 0 0 0 0 
578 9 0 0 0 0 0 0 0 0 0 0 0 
579 9 0 0 0 0 0 0 0 0 0 0 0 
580 9 0 0 0 0 0 0 0 0 0 0 0 
581 9 0 0 0 0 0 0 0 0 0 0 0 
582 9 0 0 0 0 0 0 0 0 0 0 0 
583 9 0 0 0 0 0 0 0 0 0 0 0 
584 9 0 0 0 0 0 0 0 0 0 0 0 
585 9 0 0 0 0 0 0 0 0 0 0 0 
586 9 0 0 0 0 0 0 0 0 0 0 0 
587 9 0 0 0 0 0 0 0 0 0 0 0 
588 9 0 0 0 0 0 0 0 0 0 0 0 
589 9 0 0 0 0 0 0 0 0 0 0 0 
590 9 0 0 0 0 0 0 0 0 0 0 0 
591 9 0 0 0 0 0 0 0 0 0 0 0 
592 9 0 0 0 0 0 0 0 0 0 0 0 
593 9 0 0 0 0 0 0 0 0 0 0 0 
594 9 0 0 0 0 0 0 0 0 0 0 0 
595 9 0 0 0 0 0 0 0 0 0 0 0 
596 9 0 0 0 0 0 0 0 0 0 0 0 
597 9 0 0 0 0 0 0 0 0 0 0 0 
598 9 0 0 0 0 0 0 0 0 0 0 0 
599 9 0 0 0 0 0 0 0 0 0 0 0 
600 9 0 0 0 0 0 0 0 0 0 0 0 
601 9 0 0 0 0 0 0 0 0 0 0 0 
602 9 0 0 0 0 0 0 0 0 0 0 0 
603 9 0 0 0 0 0 0 0 0 0 0 0 
604 9 0 0 0 0 0 0 0 0 0 0 0 
605 9 0 0 0 0 0 0 0 0 0 0 0 
606 9 0 0 0 0 0 0 0 0 0 0 0 
607 9 0 0 0 0 0 0 0 0 0 0 0 
608 9 0 0 0 0 0 0 0 0 0 0 0 
609 9 0 0 0 0 0 0 0 0 0 0 0 
610 9 0 0 0 0 0 0 0 0 0 0 0 
611 9 0 0 0 0 0 0 0 0 0 0 0 
612 9 0 0 0 0 0 0 0 0 0 0 0 
613 9 0 0 0 0 0 0 0 0 0 0 0 
614 9 0 0 0 0 0 0 0 0 0 0 0 
615 9 0 0 0 0 0 0 0 0 0 0 0 
616 9 0 0 0 0 0 0 0 0 0 0 0 
617 9 0 0 0 0 0 0 0 0 0 0 0 
618 9 0 0 0 0 0 0 0 0 0 0 0 
619 9 0 0 0 0 0 0 0 0 0 0 0 
620 9 0 0 0 0 0 0 0 0 0 0 0 
621 9 0 0 0 0 0 0 0 0 0 0 0 
622 9 0 0 0 0 0 0 0 0 0 0 0 
623 9 0 0 0 0 0 0 0 0 0 0 0 
624 9 0 0 0 0 0 0 0 0 0 0 0 
625 9 0 0 0 0 0 0 0 0 0 0 0 
626 9 0 0 0 0 0 0 0 0 0 0 0 
627 9 0 0 0 0 0 0 0 0 0 0 0 
628 9 0 0 0 0 0 0 0 0 0 0 0 
629 9 0 0 0 0 0 0 0 0 0 0 0 
630 9 0 0 0 0 0 0 0 0 0 0 0 
631 9 0 0 0 0 0 0 0 0 0 0 0 
632 9 0 0 0 0 0 0 0 0 0 0 0 
633 9 0 0 0 0 0 0 0 0 0 0 0 
634 9 0 0 0 0 0 0 0 0 0 0 0 
635 9 0 0 0 0 0 0 0 0 0 0 0 
636 9 0 0 0 0 0 0 0 0 0 0 0 
637 9 0 0 0 0 0 0 0 0 0 0 0 
638 9 0 0 0 0 0 0 0 0 0 0 0 
639 9 -1 25 42 0 0 3 1 0 0 16 22 
640 9 -1 9 10 0 0 4 27 0 0 6 29 
641 9 23 0 0 0 0 0 0 0 0 0 0 
642 9 -1 20 16 11 13 33 41 11 2 32 12125 
643 9 0 0 0 0 0 0 0 0 0 0 0 
644 9 0 0 0 0 0 0 0 0 0 0 0 
645 9 0 0 0 0 0 0 0 0 0 0 0 
646 9 0 0 0 0 0 0 0 0 0 0 0 
647 9 0 0 0 0 0 0 0 0 0 0 0 
648 9 0 0 0 0 0 0 0 0 0 0 0 
649 9 0 0 0 0 0 0 0 0 0 0 0 
650 9 0 0 0 0 0 0 0 0 0 0 0 
651 9 0 0 0 0 0 0 0 0 0 0 0 
652 9 0 0 0 0 0 0 0 0 0 0 0 
653 9 0 0 0 0 0 0 0 0 0 0 0 
654 9 0 0 0 0 0 0 0 0 0 0 0 
655 9 0 0 0 0 0 0 0 0 0 0 0 
656 9 0 0 0 0 0 0 0 0 0 0 0 
657 9 0 0 0 0 0 0 0 0 0 0 0 
658 9 0 0 0 0 0 0 0 0 0 0 0 
659 9 -1 10 22 2 20 36 45 3 1 32 3739 
660 9 33 0 0 0 0 0 0 0 0 0 0 
661 9 34 0 0 0 0 0 0 0 0 0 0 
662 9 35 0 0 0 0 0 0 0 0 0 0 
663 9 0 0 0 0 0 0 0 0 0 0 0 
664 9 0 0 0 0 0 0 0 0 0 0 0 
665 9 0 0 0 0 0 0 0 0 0 0 0 
666 9 0 0 0 0 0 0 0 0 0 0 0 
667 9 37 0 0 0 0 0 0 0 0 0 0 
668 9 38 0 0 0 0 0 0 0 0 0 0 
669 9 0 0 0 0 0 0 0 0 0 0 0 
670 9 0 0 0 0 0 0 0 0 0 0 0 
671 9 0 0 0 0 0 0 0 0 0 0 0 
672 9 0 0 0 0 0 0 0 0 0 0 0 
673 9 0 0 0 0 0 0 0 0 0 0 0 
674 9 0 0 0 0 0 0 0 0 0 0 0 
675 9 0 0 0 0 0 0 0 0 0 0 0 
676 9 0 0 0 0 0 0 0 0 0 0 0 
677 9 0 0 0 0 0 0 0 0 0 0 0 
678 9 0 0 0 0 0 0 0 0 0 0 0 
679 9 0 0 0 0 0 0 0 0 0 0 0 
680 9 0 0 0 0 0 0 0 0 0 0 0 
681 9 0 0 0 0 0 0 0 0 0 0 0 
682 9 0 0 0 0 0 0 0 0 0 0 0 
683 9 0 0 0 0 0 0 0 0 0 0 0 
684 9 0 0 0 0 0 0 0 0 0 0 0 
685 9 0 0 0 0 0 0 0 0 0 0 0 
686 9 0 0 0 0 0 0 0 0 0 0 0 
687 9 0 0 0 0 0 0 0 0 0 0 0 
688 9 0 0 0 0 0 0 0 0 0 0 0 
689 9 0 0 0 0 0 0 0 0 0 0 0 
690 9 0 0 0 0 0 0 0 0 0 0 0 
691 9 0 0 0 0 0 0 0 0 0 0 0 
692 9 0 0 0 0 0 0 0 0 0 0 0 
693 9 0 0 0 0 0 0 0 0 0 0 0 
694 9 0 0 0 0 0 0 0 0 0 0 0 
695 9 0 0 0 0 0 0 0 0 0 0 0 
696 9 0 0 0 0 0 0 0 0 0 0 0 
697 9 0 0 0 0 0 0 0 0 0 0 0 
698 9 0 0 0 0 0 0 0 0 0 0 0 
699 9 0 0 0 0 0 0 0 0 0 0 0 
700 9 0 0 0 0 0 0 0 0 0 0 0 
701 9 0 0 0 0 0 0 0 0 0 0 0 
702 9 0 0 0 0 0 0 0 0 0 0 0 
703 9 0 0 0 0 0 0 0 0 0 0 0 
704 9 0 0 0 0 0 0 0 0 0 0 0 
705 9 0 0 0 0 0 0 0 0 0 0 0 
706 9 0 0 0 0 0 0 0 0 0 0 0 
707 9 0 0 0 0 0 0 0 0 0 0 0 
708 9 0 0 0 0 0 0 0 0 0 0 0 
709 9 0 0 0 0 0 0 0 0 0 0 0 
710 9 0 0 0 0 0 0 0 0 0 0 0 
711 9 0 0 0 0 0 0 0 0 0 0 0 
712 9 0 0 0 0 0 0 0 0 0 0 0 
713 9 0 0 0 0 0 0 0 0 0 0 0 
714 9 0 0 0 0 0 0 0 0 0 0 0 
715 9 0 0 0 0 0 0 0 0 0 0 0 
716 9 0 0 0 0 0 0 0 0 0 0 0 
717 9 0 0 0 0 0 0 0 0 0 0 0 
718 9 0 0 0 0 0 0 0 0 0 0 0 
719 9 0 0 0 0 0 0 0 0 0 0 0 
720 9 0 0 0 0 0 0 0 0 0 0 0 
721 9 0 0 0 0 0 0 0 0 0 0 0 
722 9 0 0 0 0 0 0 0 0 0 0 0 
723 9 0 0 0 0 0 0 0 0 0 0 0 
724 9 0 0 0 0 0 0 0 0 0 0 0 
725 9 0 0 0 0 0 0 0 0 0 0 0 
726 9 0 0 0 0 0 0 0 0 0 0 0 
727 9 0 0 0 0 0 0 0 0 0 0 0 
728 9 0 0 0 0 0 0 0 0 0 0 0 
729 9 0 0 0 0 0 0 0 0 0 0 0 
730 9 0 0 0 0 0 0 0 0 0 0 0 
731 9 0 0 0 0 0 0 0 0 0 0 0 
732 9 0 0 0 0 0 0 0 0 0 0 0 
733 9 0 0 0 0 0 0 0 0 0 0 0 
734 9 0 0 0 0 0 0 0 0 0 0 0 
735 9 0 0 0 0 0 0 0 0 0 0 0 
736 9 0 0 0 0 0 0 0 0 0 0 0 
737 9 0 0 0 0 0 0 0 0 0 0 0 
738 9 0 0 0 0 0 0 0 0 0 0 0 
739 9 0 0 0 0 0 0 0 0 0 0 0 
740 9 0 0 0 0 0 0 0 0 0 0 0 
741 9 0 0 0 0 0 0 0 0 0 0 0 
742 9 0 0 0 0 0 0 0 0 0 0 0 
743 9 0 0 0 0 0 0 0 0 0 0 0 
744 9 0 0 0 0 0 0 0 0 0 0 0 
745 9 0 0 0 0 0 0 0 0 0 0 0 
746 9 0 0 0 0 0 0 0 0 0 0 0 
747 9 0 0 0 0 0 0 0 0 0 0 0 
748 9 0 0 0 0 0 0 0 0 0 0 0 
749 9 0 0 0 0 0 0 0 0 0 0 0 
750 9 0 0 0 0 0 0 0 0 0 0 0 
751 9 0 0 0 0 0 0 0 0 0 0 0 
752 9 0 0 0 0 0 0 0 0 0 0 0 
753 9 0 0 0 0 0 0 0 0 0 0 0 
754 9 0 0 0 0 0 0 0 0 0 0 0 
755 9 0 0 0 0 0 0 0 0 0 0 0 
756 9 0 0 0 0 0 0 0 0 0 0 0 
757 9 0 0 0 0 0 0 0 0 0 0 0 
758 9 0 0 0 0 0 0 0 0 0 0 0 
759 9 0 0 0 0 0 0 0 0 0 0 0 
760 9 0 0 0 0 0 0 0 0 0 0 0 
761 9 0 0 0 0 0 0 0 0 0 0 0 
762 9 0 0 0 0 0 0 0 0 0 0 0 
763 9 0 0 0 0 0 0 0 0 0 0 0 
764 9 0 0 0 0 0 0 0 0 0 0 0 
765 9 0 0 0 0 0 0 0 0 0 0 0 
766 9 0 0 0 0 0 0 0 0 0 0 0 
767 9 0 0 0 0 0 0 0 0 0 0 0 
768 9 0 0 0 0 0 0 0 0 0 0 0 
769 9 0 0 0 0 0 0 0 0 0 0 0 
770 9 0 0 0 0 0 0 0 0 0 0 0 
771 9 0 0 0 0 0 0 0 0 0 0 0 
772 9 0 0 0 0 0 0 0 0 0 0 0 
773 9 0 0 0 0 0 0 0 0 0 0 0 
774 9 0 0 0 0 0 0 0 0 0 0 0 
775 9 0 0 0 0 0 0 0 0 0 0 0 
776 9 0 0 0 0 0 0 0 0 0 0 0 
777 9 0 0 0 0 0 0 0 0 0 0 0 
778 9 0 0 0 0 0 0 0 0 0 0 0 
779 9 0 0 0 0 0 0 0 0 0 0 0 
780 9 0 0 0 0 0 0 0 0 0 0 0 
781 9 0 0 0 0 0 0 0 0 0 0 0 
782 9 0 0 0 0 0 0 0 0 0 0 0 
783 9 0 0 0 0 0 0 0 0 0 0 0 
784 9 0 0 0 0 0 0 0 0 0 0 0 
785 9 0 0 0 0 0 0 0 0 0 0 0 
786 9 0 0 0 0 0 0 0 0 0 0 0 
787 9 0 0 0 0 0 0 0 0 0 0 0 
788 9 0 0 0 0 0 0 0 0 0 0 0 
789 9 0 0 0 0 0 0 0 0 0 0 0 
790 9 0 0 0 0 0 0 0 0 0 0 0 
791 9 0 0 0 0 0 0 0 0 0 0 0 
792 9 0 0 0 0 0 0 0 0 0 0 0 
793 9 0 0 0 0 0 0 0 0 0 0 0 
794 9 0 0 0 0 0 0 0 0 0 0 0 
795 9 0 0 0 0 0 0 0 0 0 0 0 
796 9 0 0 0 0 0 0 0 0 0 0 0 
797 9 0 0 0 0 0 0 0 0 0 0 0 
798 9 0 0 0 0 0 0 0 0 0 0 0 
799 9 0 0 0 0 0 0 0 0 0 0 0 
800 9 0 0 0 0 0 0 0 0 0 0 0 
801 9 0 0 0 0 0 0 0 0 0 0 0 
802 9 0 0 0 0 0 0 0 0 0 0 0 
803 9 0 0 0 0 0 0 0 0 0 0 0 
804 9 0 0 0 0 0 0 0 0 0 0 0 
805 9 0 0 0 0 0 0 0 0 0 0 0 
806 9 0 0 0 0 0 0 0 0 0 0 0 
807 9 0 0 0 0 0 0 0 0 0 0 0 
808 9 0 0 0 0 0 0 0 0 0 0 0 
809 9 0 0 0 0 0 0 0 0 0 0 0 
810 9 0 0 0 0 0 0 0 0 0 0 0 
811 9 0 0 0 0 0 0 0 0 0 0 0 
812 9 0 0 0 0 0 0 0 0 0 0 0 
813 9 0 0 0 0 0 0 0 0 0 0 0 
814 9 0 0 0 0 0 0 0 0 0 0 0 
815 9 0 0 0 0 0 0 0 0 0 0 0 
816 9 0 0 0 0 0 0 0 0 0 0 0 
817 9 0 0 0 0 0 0 0 0 0 0 0 
818 9 0 0 0 0 0 0 0 0 0 0 0 
819 9 0 0 0 0 0 0 0 0 0 0 0 
820 9 0 0 0 0 0 0 0 0 0 0 0 
821 9 0 0 0 0 0 0 0 0 0 0 0 
822 9 0 0 0 0 0 0 0 0 0 0 0 
823 9 0 0 0 0 0 0 0 0 0 0 0 
824 9 0 0 0 0 0 0 0 0 0 0 0 
825 9 0 0 0 0 0 0 0 0 0 0 0 
826 9 0 0 0 0 0 0 0 0 0 0 0 
827 9 0 0 0 0 0 0 0 0 0 0 0 
828 9 0 0 0 0 0 0 0 0 0 0 0 
829 9 0 0 0 0 0 0 0 0 0 0 0 
830 9 0 0 0 0 0 0 0 0 0 0 0 
831 9 0 0 0 0 0 0 0 0 0 0 0 
832 9 0 0 0 0 0 0 0 0 0 0 0 
833 9 0 0 0 0 0 0 0 0 0 0 0 
834 9 0 0 0 0 0 0 0 0 0 0 0 
835 9 0 0 0 0 0 0 0 0 0 0 0 
836 9 0 0 0 0 0 0 0 0 0 0 0 
837 9 0 0 0 0 0 0 0 0 0 0 0 
838 9 0 0 0 0 0 0 0 0 0 0 0 
839 9 0 0 0 0 0 0 0 0 0 0 0 
840 9 0 0 0 0 0 0 0 0 0 0 0 
841 9 0 0 0 0 0 0 0 0 0 0 0 
842 9 0 0 0 0 0 0 0 0 0 0 0 
843 9 0 0 0 0 0 0 0 0 0 0 0 
844 9 0 0 0 0 0 0 0 0 0 0 0 
845 9 0 0 0 0 0 0 0 0 0 0 0 
846 9 0 0 0 0 0 0 0 0 0 0 0 
847 9 0 0 0 0 0 0 0 0 0 0 0 
848 9 0 0 0 0 0 0 0 0 0 0 0 
849 9 0 0 0 0 0 0 0 0 0 0 0 
850 9 0 0 0 0 0 0 0 0 0 0 0 
851 9 0 0 0 0 0 0 0 0 0 0 0 
852 9 0 0 0 0 0 0 0 0 0 0 0 
853 9 0 0 0 0 0 0 0 0 0 0 0 
854 9 0 0 0 0 0 0 0 0 0 0 0 
855 9 0 0 0 0 0 0 0 0 0 0 0 
856 9 0 0 0 0 0 0 0 0 0 0 0 
857 9 0 0 0 0 0 0 0 0 0 0 0 
858 9 0 0 0 0 0 0 0 0 0 0 0 
859 9 0 0 0 0 0 0 0 0 0 0 0 
860 9 0 0 0 0 0 0 0 0 0 0 0 
861 9 0 0 0 0 0 0 0 0 0 0 0 
862 9 0 0 0 0 0 0 0 0 0 0 0 
863 9 -1 21 38 0 0 2 18 0 0 13 29 
864 9 -1 13 32 0 0 29 34 0 0 0 -11 
865 9 -1 5 15 0 0 31 37 0 0 5 -15 
866 9 -1 3 29 0 0 39 20 0 0 17 0 
867 9 0 0 0 0 0 0 0 0 0 0 0 
868 9 0 0 0 0 0 0 0 0 0 0 0 
869 9 0 0 0 0 0 0 0 0 0 0 0 
870 9 0 0 0 0 0 0 0 0 0 0 0 
871 9 0 0 0 0 0 0 0 0 0 0 0 
872 9 0 0 0 0 0 0 0 0 0 0 0 
873 9 0 0 0 0 0 0 0 0 0 0 0 
874 9 0 0 0 0 0 0 0 0 0 0 0 
875 9 0 0 0 0 0 0 0 0 0 0 0 
876 9 0 0 0 0 0 0 0 0 0 0 0 
877 9 0 0 0 0 0 0 0 0 0 0 0 
878 9 0 0 0 0 0 0 0 0 0 0 0 
879 9 0 0 0 0 0 0 0 0 0 0 0 
880 9 0 0 0 0 0 0 0 0 0 0 0 
881 9 0 0 0 0 0 0 0 0 0 0 0 
882 9 0 0 0 0 0 0 0 0 0 0 0 
883 9 0 0 0 0 0 0 0 0 0 0 0 
884 9 0 0 0 0 0 0 0 0 0 0 0 
885 9 0 0 0 0 0 0 0 0 0 0 0 
886 9 0 0 0 0 0 0 0 0 0 0 0 
887 9 0 0 0 0 0 0 0 0 0 0 0 
888 9 0 0 0 0 0 0 0 0 0 0 0 
889 9 0 0 0 0 0 0 0 0 0 0 0 
890 9 0 0 0 0 0 0 0 0 0 0 0 
891 9 0 0 0 0 0 0 0 0 0 0 0 
892 9 0 0 0 0 0 0 0 0 0 0 0 
893 9 0 0 0 0 0 0 0 0 0 0 0 
894 9 0 0 0 0 0 0 0 0 0 0 0 
895 9 0 0 0 0 0 0 0 0 0 0 0 
896 9 0 0 0 0 0 0 0 0 0 0 0 
897 9 0 0 0 0 0 0 0 0 0 0 0 
898 9 0 0 0 0 0 0 0 0 0 0 0 
899 9 0 0 0 0 0 0 0 0 0 0 0 
900 9 0 0 0 0 0 0 0 0 0 0 0 
901 9 0 0 0 0 0 0 0 0 0 0 0 
902 9 0 0 0 0 0 0 0 0 0 0 0 
903 9 80 0 0 0 0 0 0 0 0 0 0 
904 9 81 0 0 0 0 0 0 0 0 0 0 
905 9 -1 21 12 6 2 31 28 4 1 32 368 
906 9 -1 2 45 0 0 44 18 0 0 2 4 
907 9 0 0 0 0 0 0 0 0 0 0 0 
908 9 0 0 0 0 0 0 0 0 0 0 0 
909 9 0 0 0 0 0 0 0 0 0 0 0 
910 9 0 0 0 0 0 0 0 0 0 0 0 
911 9 0 0 0 0 0 0 0 0 0 0 0 
912 9 0 0 0 0 0 0 0 0 0 0 0 
913 9 0 0 0 0 0 0 0 0 0 0 0 
914 9 0 0 0 0 0 0 0 0 0 0 0 
915 9 0 0 0 0 0 0 0 0 0 0 0 
916 9 0 0 0 0 0 0 0 0 0 0 0 
917 9 0 0 0 0 0 0 0 0 0 0 0 
918 9 0 0 0 0 0 0 0 0 0 0 0 
919 9 0 0 0 0 0 0 0 0 0 0 0 
920 9 0 0 0 0 0 0 0 0 0 0 0 
921 9 0 0 0 0 0 0 0 0 0 0 0 
922 9 0 0 0 0 0 0 0 0 0 0 0 
923 9 0 0 0 0 0 0 0 0 0 0 0 
924 9 0 0 0 0 0 0 0 0 0 0 0 
925 9 0 0 0 0 0 0 0 0 0 0 0 
926 9 0 0 0 0 0 0 0 0 0 0 0 
927 9 89 0 0 0 0 0 0 0 0 0 0 
928 9 -1 0 10 6 10 12 39 12 2 32 1177 
929 9 0 0 0 0 0 0 0 0 0 0 0 
930 9 0 0 0 0 0 0 0 0 0 0 0 
931 9 -1 2 35 0 0 26 34 0 0 1 10 
932 9 -1 7 9 5 4 42 20 4 18 32 -1897 
933 9 -1 20 3 15 18 35 27 10 20 32 3173 
934 9 -1 4 7 14 0 37 22 2 12 32 -805 
935 9 0 0 0 0 0 0 0 0 0 0 0 
936 9 0 0 0 0 0 0 0 0 0 0 0 
937 9 0 0 0 0 0 0 0 0 0 0 0 
938 9 0 0 0 0 0 0 0 0 0 0 0 
939 9 0 0 0 0 0 0 0 0 0 0 0 
940 9 0 0 0 0 0 0 0 0 0 0 0 
941 9 0 0 0 0 0 0 0 0 0 0 0 
942 9 0 0 0 0 0 0 0 0 0 0 0 
943 9 0 0 0 0 0 0 0 0 0 0 0 
944 9 0 0 0 0 0 0 0 0 0 0 0 
945 9 0 0 0 0 0 0 0 0 0 0 0 
946 9 0 0 0 0 0 0 0 0 0 0 0 
947 9 -1 40 25 0 0 20 12 0 0 11 -63 
948 9 108 0 0 0 0 0 0 0 0 0 0 
949 9 109 0 0 0 0 0 0 0 0 0 0 
950 9 110 0 0 0 0 0 0 0 0 0 0 
951 9 -1 10 6 0 0 45 5 0 0 16 -16 
952 9 113 0 0 0 0 0 0 0 0 0 0 
953 9 0 0 0 0 0 0 0 0 0 0 0 
954 9 0 0 0 0 0 0 0 0 0 0 0 
955 9 0 0 0 0 0 0 0 0 0 0 0 
956 9 0 0 0 0 0 0 0 0 0 0 0 
957 9 0 0 0 0 0 0 0 0 0 0 0 
958 9 0 0 0 0 0 0 0 0 0 0 0 
959 9 0 0 0 0 0 0 0 0 0 0 0 
960 9 0 0 0 0 0 0 0 0 0 0 0 
961 9 0 0 0 0 0 0 0 0 0 0 0 
962 9 0 0 0 0 0 0 0 0 0 0 0 
963 9 0 0 0 0 0 0 0 0 0 0 0 
964 9 0 0 0 0 0 0 0 0 0 0 0 
965 9 0 0 0 0 0 0 0 0 0 0 0 
966 9 0 0 0 0 0 0 0 0 0 0 0 
967 9 0 0 0 0 0 0 0 0 0 0 0 
968 9 0 0 0 0 0 0 0 0 0 0 0 
969 9 0 0 0 0 0 0 0 0 0 0 0 
970 9 0 0 0 0 0 0 0 0 0 0 0 
971 9 0 0 0 0 0 0 0 0 0 0 0 
972 9 0 0 0 0 0 0 0 0 0 0 0 
973 9 0 0 0 0 0 0 0 0 0 0 0 
974 9 0 0 0 0 0 0 0 0 0 0 0 
975 9 0 0 0 0 0 0 0 0 0 0 0 
976 9 0 0 0 0 0 0 0 0 0 0 0 
977 9 121 0 0 0 0 0 0 0 0 0 0 
978 9 122 0 0 0 0 0 0 0 0 0 0 
979 9 0 0 0 0 0 0 0 0 0 0 0 
980 9 0 0 0 0 0 0 0 0 0 0 0 
981 9 0 0 0 0 0 0 0 0 0 0 0 
982 9 0 0 0 0 0 0 0 0 0 0 0 
983 9 0 0 0 0 0 0 0 0 0 0 0 
984 9 0 0 0 0 0 0 0 0 0 0 0 
985 9 0 0 0 0 0 0 0 0 0 0 0 
986 9 0 0 0 0 0 0 0 0 0 0 0 
987 9 0 0 0 0 0 0 0 0 0 0 0 
988 9 0 0 0 0 0 0 0 0 0 0 0 
989 9 0 0 0 0 0 0 0 0 0 0 0 
990 9 0 0 0 0 0 0 0 0 0 0 0 
991 9 0 0 0 0 0 0 0 0 0 0 0 
992 9 0 0 0 0 0 0 0 0 0 0 0 
993 9 0 0 0 0 0 0 0 0 0 0 0 
994 9 0 0 0 0 0 0 0 0 0 0 0 
995 9 0 0 0 0 0 0 0 0 0 0 0 
996 9 0 0 0 0 0 0 0 0 0 0 0 
997 9 0 0 0 0 0 0 0 0 0 0 0 
998 9 0 0 0 0 0 0 0 0 0 0 0 
999 9 0 0 0 0 0 0 0 0 0 0 0 
1000 9 0 0 0 0 0 0 0 0 0 0 0 
1001 9 0 0 0 0 0 0 0 0 0 0 0 
1002 9 0 0 0 0 0 0 0 0 0 0 0 
1003 9 0 0 0 0 0 0 0 0 0 0 0 
1004 9 0 0 0 0 0 0 0 0 0 0 0 
1005 9 0 0 0 0 0 0 0 0 0 0 0 
1006 9 0 0 0 0 0 0 0 0 0 0 0 
1007 9 0 0 0 0 0 0 0 0 0 0 0 
1008 9 0 0 0 0 0 0 0 0 0 0 0 
1009 9 0 0 0 0 0 0 0 0 0 0 0 
1010 9 0 0 0 0 0 0 0 0 0 0 0 
1011 9 0 0 0 0 0 0 0 0 0 0 0 
1012 9 0 0 0 0 0 0 0 0 0 0 0 
1013 9 0 0 0 0 0 0 0 0 0 0 0 
1014 9 0 0 0 0 0 0 0 0 0 0 0 
1015 9 0 0 0 0 0 0 0 0 0 0 0 
1016 9 0 0 0 0 0 0 0 0 0 0 0 
1017 9 0 0 0 0 0 0 0 0 0 0 0 
1018 9 0 0 0 0 0 0 0 0 0 0 0 
1019 9 0 0 0 0 0 0 0 0 0 0 0 
1020 9 0 0 0 0 0 0 0 0 0 0 0 
1021 9 0 0 0 0 0 0 0 0 0 0 0 
1022 9 0 0 0 0 0 0 0 0 0 0 0 
1023 10 0 0 0 0 0 0 0 0 0 0 0 
1024 10 0 0 0 0 0 0 0 0 0 0 0 
1025 10 0 0 0 0 0 0 0 0 0 0 0 
1026 10 0 0 0 0 0 0 0 0 0 0 0 
1027 10 0 0 0 0 0 0 0 0 0 0 0 
1028 10 0 0 0 0 0 0 0 0 0 0 0 
1029 10 0 0 0 0 0 0 0 0 0 0 0 
1030 10 0 0 0 0 0 0 0 0 0 0 0 
1031 10 0 0 0 0 0 0 0 0 0 0 0 
1032 10 0 0 0 0 0 0 0 0 0 0 0 
1033 10 0 0 0 0 0 0 0 0 0 0 0 
1034 10 0 0 0 0 0 0 0 0 0 0 0 
1035 10 0 0 0 0 0 0 0 0 0 0 0 
1036 10 0 0 0 0 0 0 0 0 0 0 0 
1037 10 0 0 0 0 0 0 0 0 0 0 0 
1038 10 0 0 0 0 0 0 0 0 0 0 0 
1039 10 0 0 0 0 0 0 0 0 0 0 0 
1040 10 0 0 0 0 0 0 0 0 0 0 0 
1041 10 0 0 0 0 0 0 0 0 0 0 0 
1042 10 0 0 0 0 0 0 0 0 0 0 0 
1043 10 0 0 0 0 0 0 0 0 0 0 0 
1044 10 0 0 0 0 0 0 0 0 0 0 0 
1045 10 0 0 0 0 0 0 0 0 0 0 0 
1046 10 0 0 0 0 0 0 0 0 0 0 0 
1047 10 0 0 0 0 0 0 0 0 0 0 0 
1048 10 0 0 0 0 0 0 0 0 0 0 0 
1049 10 0 0 0 0 0 0 0 0 0 0 0 
1050 10 0 0 0 0 0 0 0 0 0 0 0 
1051 10 0 0 0 0 0 0 0 0 0 0 0 
1052 10 0 0 0 0 0 0 0 0 0 0 0 
1053 10 0 0 0 0 0 0 0 0 0 0 0 
1054 10 0 0 0 0 0 0 0 0 0 0 0 
1055 10 0 0 0 0 0 0 0 0 0 0 0 
1056 10 0 0 0 0 0 0 0 0 0 0 0 
1057 10 0 0 0 0 0 0 0 0 0 0 0 
1058 10 0 0 0 0 0 0 0 0 0 0 0 
1059 10 0 0 0 0 0 0 0 0 0 0 0 
1060 10 0 0 0 0 0 0 0 0 0 0 0 
1061 10 0 0 0 0 0 0 0 0 0 0 0 
1062 10 0 0 0 0 0 0 0 0 0 0 0 
1063 10 0 0 0 0 0 0 0 0 0 0 0 
1064 10 0 0 0 0 0 0 0 0 0 0 0 
1065 10 0 0 0 0 0 0 0 0 0 0 0 
1066 10 0 0 0 0 0 0 0 0 0 0 0 
1067 10 0 0 0 0 0 0 0 0 0 0 0 
1068 10 0 0 0 0 0 0 0 0 0 0 0 
1069 10 0 0 0 0 0 0 0 0 0 0 0 
1070 10 0 0 0 0 0 0 0 0 0 0 0 
1071 10 0 0 0 0 0 0 0 0 0 0 0 
1072 10 0 0 0 0 0 0 0 0 0 0 0 
1073 10 0 0 0 0 0 0 0 0 0 0 0 
1074 10 0 0 0 0 0 0 0 0 0 0 0 
1075 10 0 0 0 0 0 0 0 0 0 0 0 
1076 10 0 0 0 0 0 0 0 0 0 0 0 
1077 10 0 0 0 0 0 0 0 0 0 0 0 
1078 10 0 0 0 0 0 0 0 0 0 0 0 
1079 10 0 0 0 0 0 0 0 0 0 0 0 
1080 10 0 0 0 0 0 0 0 0 0 0 0 
1081 10 0 0 0 0 0 0 0 0 0 0 0 
1082 10 0 0 0 0 0 0 0 0 0 0 0 
1083 10 0 0 0 0 0 0 0 0 0 0 0 
1084 10 0 0 0 0 0 0 0 0 0 0 0 
1085 10 0 0 0 0 0 0 0 0 0 0 0 
1086 10 0 0 0 0 0 0 0 0 0 0 0 
1087 10 0 0 0 0 0 0 0 0 0 0 0 
1088 10 0 0 0 0 0 0 0 0 0 0 0 
1089 10 0 0 0 0 0 0 0 0 0 0 0 
1090 10 0 0 0 0 0 0 0 0 0 0 0 
1091 10 0 0 0 0 0 0 0 0 0 0 0 
1092 10 0 0 0 0 0 0 0 0 0 0 0 
1093 10 0 0 0 0 0 0 0 0 0 0 0 
1094 10 0 0 0 0 0 0 0 0 0 0 0 
1095 10 0 0 0 0 0 0 0 0 0 0 0 
1096 10 0 0 0 0 0 0 0 0 0 0 0 
1097 10 0 0 0 0 0 0 0 0 0 0 0 
1098 10 0 0 0 0 0 0 0 0 0 0 0 
1099 10 0 0 0 0 0 0 0 0 0 0 0 
1100 10 0 0 0 0 0 0 0 0 0 0 0 
1101 10 0 0 0 0 0 0 0 0 0 0 0 
1102 10 0 0 0 0 0 0 0 0 0 0 0 
1103 10 0 0 0 0 0 0 0 0 0 0 0 
1104 10 0 0 0 0 0 0 0 0 0 0 0 
1105 10 0 0 0 0 0 0 0 0 0 0 0 
1106 10 0 0 0 0 0 0 0 0 0 0 0 
1107 10 0 0 0 0 0 0 0 0 0 0 0 
1108 10 0 0 0 0 0 0 0 0 0 0 0 
1109 10 0 0 0 0 0 0 0 0 0 0 0 
1110 10 0 0 0 0 0 0 0 0 0 0 0 
1111 10 0 0 0 0 0 0 0 0 0 0 0 
1112 10 0 0 0 0 0 0 0 0 0 0 0 
1113 10 0 0 0 0 0 0 0 0 0 0 0 
1114 10 0 0 0 0 0 0 0 0 0 0 0 
1115 10 0 0 0 0 0 0 0 0 0 0 0 
1116 10 0 0 0 0 0 0 0 0 0 0 0 
1117 10 0 0 0 0 0 0 0 0 0 0 0 
1118 10 0 0 0 0 0 0 0 0 0 0 0 
1119 10 0 0 0 0 0 0 0 0 0 0 0 
1120 10 0 0 0 0 0 0 0 0 0 0 0 
1121 10 0 0 0 0 0 0 0 0 0 0 0 
1122 10 0 0 0 0 0 0 0 0 0 0 0 
1123 10 0 0 0 0 0 0 0 0 0 0 0 
1124 10 0 0 0 0 0 0 0 0 0 0 0 
1125 10 0 0 0 0 0 0 0 0 0 0 0 
1126 10 0 0 0 0 0 0 0 0 0 0 0 
1127 10 0 0 0 0 0 0 0 0 0 0 0 
1128 10 0 0 0 0 0 0 0 0 0 0 0 
1129 10 0 0 0 0 0 0 0 0 0 0 0 
1130 10 0 0 0 0 0 0 0 0 0 0 0 
1131 10 0 0 0 0 0 0 0 0 0 0 0 
1132 10 0 0 0 0 0 0 0 0 0 0 0 
1133 10 0 0 0 0 0 0 0 0 0 0 0 
1134 10 0 0 0 0 0 0 0 0 0 0 0 
1135 10 0 0 0 0 0 0 0 0 0 0 0 
1136 10 0 0 0 0 0 0 0 0 0 0 0 
1137 10 0 0 0 0 0 0 0 0 0 0 0 
1138 10 0 0 0 0 0 0 0 0 0 0 0 
1139 10 0 0 0 0 0 0 0 0 0 0 0 
1140 10 0 0 0 0 0 0 0 0 0 0 0 
1141 10 0 0 0 0 0 0 0 0 0 0 0 
1142 10 0 0 0 0 0 0 0 0 0 0 0 
1143 10 0 0 0 0 0 0 0 0 0 0 0 
1144 10 0 0 0 0 0 0 0 0 0 0 0 
1145 10 0 0 0 0 0 0 0 0 0 0 0 
1146 10 0 0 0 0 0 0 0 0 0 0 0 
1147 10 0 0 0 0 0 0 0 0 0 0 0 
1148 10 0 0 0 0 0 0 0 0 0 0 0 
1149 10 0 0 0 0 0 0 0 0 0 0 0 
1150 10 0 0 0 0 0 0 0 0 0 0 0 
1151 10 0 0 0 0 0 0 0 0 0 0 0 
1152 10 0 0 0 0 0 0 0 0 0 0 0 
1153 10 0 0 0 0 0 0 0 0 0 0 0 
1154 10 0 0 0 0 0 0 0 0 0 0 0 
1155 10 0 0 0 0 0 0 0 0 0 0 0 
1156 10 0 0 0 0 0 0 0 0 0 0 0 
1157 10 0 0 0 0 0 0 0 0 0 0 0 
1158 10 0 0 0 0 0 0 0 0 0 0 0 
1159 10 0 0 0 0 0 0 0 0 0 0 0 
1160 10 0 0 0 0 0 0 0 0 0 0 0 
1161 10 0 0 0 0 0 0 0 0 0 0 0 
1162 10 0 0 0 0 0 0 0 0 0 0 0 
1163 10 0 0 0 0 0 0 0 0 0 0 0 
1164 10 0 0 0 0 0 0 0 0 0 0 0 
1165 10 0 0 0 0 0 0 0 0 0 0 0 
1166 10 0 0 0 0 0 0 0 0 0 0 0 
1167 10 0 0 0 0 0 0 0 0 0 0 0 
1168 10 0 0 0 0 0 0 0 0 0 0 0 
1169 10 0 0 0 0 0 0 0 0 0 0 0 
1170 10 0 0 0 0 0 0 0 0 0 0 0 
1171 10 0 0 0 0 0 0 0 0 0 0 0 
1172 10 0 0 0 0 0 0 0 0 0 0 0 
1173 10 0 0 0 0 0 0 0 0 0 0 0 
1174 10 0 0 0 0 0 0 0 0 0 0 0 
1175 10 0 0 0 0 0 0 0 0 0 0 0 
1176 10 0 0 0 0 0 0 0 0 0 0 0 
1177 10 0 0 0 0 0 0 0 0 0 0 0 
1178 10 0 0 0 0 0 0 0 0 0 0 0 
1179 10 0 0 0 0 0 0 0 0 0 0 0 
1180 10 0 0 0 0 0 0 0 0 0 0 0 
1181 10 0 0 0 0 0 0 0 0 0 0 0 
1182 10 0 0 0 0 0 0 0 0 0 0 0 
1183 10 0 0 0 0 0 0 0 0 0 0 0 
1184 10 0 0 0 0 0 0 0 0 0 0 0 
1185 10 0 0 0 0 0 0 0 0 0 0 0 
1186 10 0 0 0 0 0 0 0 0 0 0 0 
1187 10 0 0 0 0 0 0 0 0 0 0 0 
1188 10 0 0 0 0 0 0 0 0 0 0 0 
1189 10 0 0 0 0 0 0 0 0 0 0 0 
1190 10 0 0 0 0 0 0 0 0 0 0 0 
1191 10 0 0 0 0 0 0 0 0 0 0 0 
1192 10 0 0 0 0 0 0 0 0 0 0 0 
1193 10 0 0 0 0 0 0 0 0 0 0 0 
1194 10 0 0 0 0 0 0 0 0 0 0 0 
1195 10 0 0 0 0 0 0 0 0 0 0 0 
1196 10 0 0 0 0 0 0 0 0 0 0 0 
1197 10 0 0 0 0 0 0 0 0 0 0 0 
1198 10 0 0 0 0 0 0 0 0 0 0 0 
1199 10 0 0 0 0 0 0 0 0 0 0 0 
1200 10 0 0 0 0 0 0 0 0 0 0 0 
1201 10 0 0 0 0 0 0 0 0 0 0 0 
1202 10 0 0 0 0 0 0 0 0 0 0 0 
1203 10 0 0 0 0 0 0 0 0 0 0 0 
1204 10 0 0 0 0 0 0 0 0 0 0 0 
1205 10 0 0 0 0 0 0 0 0 0 0 0 
1206 10 0 0 0 0 0 0 0 0 0 0 0 
1207 10 0 0 0 0 0 0 0 0 0 0 0 
1208 10 0 0 0 0 0 0 0 0 0 0 0 
1209 10 0 0 0 0 0 0 0 0 0 0 0 
1210 10 0 0 0 0 0 0 0 0 0 0 0 
1211 10 0 0 0 0 0 0 0 0 0 0 0 
1212 10 0 0 0 0 0 0 0 0 0 0 0 
1213 10 0 0 0 0 0 0 0 0 0 0 0 
1214 10 0 0 0 0 0 0 0 0 0 0 0 
1215 10 0 0 0 0 0 0 0 0 0 0 0 
1216 10 0 0 0 0 0 0 0 0 0 0 0 
1217 10 0 0 0 0 0 0 0 0 0 0 0 
1218 10 0 0 0 0 0 0 0 0 0 0 0 
1219 10 0 0 0 0 0 0 0 0 0 0 0 
1220 10 0 0 0 0 0 0 0 0 0 0 0 
1221 10 0 0 0 0 0 0 0 0 0 0 0 
1222 10 0 0 0 0 0 0 0 0 0 0 0 
1223 10 0 0 0 0 0 0 0 0 0 0 0 
1224 10 0 0 0 0 0 0 0 0 0 0 0 
1225 10 0 0 0 0 0 0 0 0 0 0 0 
1226 10 0 0 0 0 0 0 0 0 0 0 0 
1227 10 0 0 0 0 0 0 0 0 0 0 0 
1228 10 0 0 0 0 0 0 0 0 0 0 0 
1229 10 0 0 0 0 0 0 0 0 0 0 0 
1230 10 0 0 0 0 0 0 0 0 0 0 0 
1231 10 0 0 0 0 0 0 0 0 0 0 0 
1232 10 0 0 0 0 0 0 0 0 0 0 0 
1233 10 0 0 0 0 0 0 0 0 0 0 0 
1234 10 0 0 0 0 0 0 0 0 0 0 0 
1235 10 0 0 0 0 0 0 0 0 0 0 0 
1236 10 0 0 0 0 0 0 0 0 0 0 0 
1237 10 0 0 0 0 0 0 0 0 0 0 0 
1238 10 0 0 0 0 0 0 0 0 0 0 0 
1239 10 0 0 0 0 0 0 0 0 0 0 0 
1240 10 0 0 0 0 0 0 0 0 0 0 0 
1241 10 0 0 0 0 0 0 0 0 0 0 0 
1242 10 0 0 0 0 0 0 0 0 0 0 0 
1243 10 0 0 0 0 0 0 0 0 0 0 0 
1244 10 0 0 0 0 0 0 0 0 0 0 0 
1245 10 0 0 0 0 0 0 0 0 0 0 0 
1246 10 0 0 0 0 0 0 0 0 0 0 0 
1247 10 0 0 0 0 0 0 0 0 0 0 0 
1248 10 0 0 0 0 0 0 0 0 0 0 0 
1249 10 0 0 0 0 0 0 0 0 0 0 0 
1250 10 0 0 0 0 0 0 0 0 0 0 0 
1251 10 0 0 0 0 0 0 0 0 0 0 0 
1252 10 0 0 0 0 0 0 0 0 0 0 0 
1253 10 0 0 0 0 0 0 0 0 0 0 0 
1254 10 0 0 0 0 0 0 0 0 0 0 0 
1255 10 0 0 0 0 0 0 0 0 0 0 0 
1256 10 0 0 0 0 0 0 0 0 0 0 0 
1257 10 0 0 0 0 0 0 0 0 0 0 0 
1258 10 0 0 0 0 0 0 0 0 0 0 0 
1259 10 0 0 0 0 0 0 0 0 0 0 0 
1260 10 0 0 0 0 0 0 0 0 0 0 0 
1261 10 0 0 0 0 0 0 0 0 0 0 0 
1262 10 0 0 0 0 0 0 0 0 0 0 0 
1263 10 0 0 0 0 0 0 0 0 0 0 0 
1264 10 0 0 0 0 0 0 0 0 0 0 0 
1265 10 0 0 0 0 0 0 0 0 0 0 0 
1266 10 0 0 0 0 0 0 0 0 0 0 0 
1267 10 0 0 0 0 0 0 0 0 0 0 0 
1268 10 0 0 0 0 0 0 0 0 0 0 0 
1269 10 0 0 0 0 0 0 0 0 0 0 0 
1270 10 0 0 0 0 0 0 0 0 0 0 0 
1271 10 0 0 0 0 0 0 0 0 0 0 0 
1272 10 0 0 0 0 0 0 0 0 0 0 0 
1273 10 0 0 0 0 0 0 0 0 0 0 0 
1274 10 0 0 0 0 0 0 0 0 0 0 0 
1275 10 0 0 0 0 0 0 0 0 0 0 0 
1276 10 0 0 0 0 0 0 0 0 0 0 0 
1277 10 0 0 0 0 0 0 0 0 0 0 0 
1278 10 0 0 0 0 0 0 0 0 0 0 0 
1279 10 19 0 0 0 0 0 0 0 0 0 0 
1280 10 20 0 0 0 0 0 0 0 0 0 0 
1281 10 21 0 0 0 0 0 0 0 0 0 0 
1282 10 22 0 0 0 0 0 0 0 0 0 0 
1283 10 0 0 0 0 0 0 0 0 0 0 0 
1284 10 0 0 0 0 0 0 0 0 0 0 0 
1285 10 24 0 0 0 0 0 0 0 0 0 0 
1286 10 25 0 0 0 0 0 0 0 0 0 0 
1287 10 0 0 0 0 0 0 0 0 0 0 0 
1288 10 0 0 0 0 0 0 0 0 0 0 0 
1289 10 0 0 0 0 0 0 0 0 0 0 0 
1290 10 0 0 0 0 0 0 0 0 0 0 0 
1291 10 0 0 0 0 0 0 0 0 0 0 0 
1292 10 0 0 0 0 0 0 0 0 0 0 0 
1293 10 0 0 0 0 0 0 0 0 0 0 0 
1294 10 0 0 0 0 0 0 0 0 0 0 0 
1295 10 0 0 0 0 0 0 0 0 0 0 0 
1296 10 0 0 0 0 0 0 0 0 0 0 0 
1297 10 0 0 0 0 0 0 0 0 0 0 0 
1298 10 0 0 0 0 0 0 0 0 0 0 0 
1299 10 0 0 0 0 0 0 0 0 0 0 0 
1300 10 0 0 0 0 0 0 0 0 0 0 0 
1301 10 0 0 0 0 0 0 0 0 0 0 0 
1302 10 0 0 0 0 0 0 0 0 0 0 0 
1303 10 0 0 0 0 0 0 0 0 0 0 0 
1304 10 0 0 0 0 0 0 0 0 0 0 0 
1305 10 0 0 0 0 0 0 0 0 0 0 0 
1306 10 0 0 0 0 0 0 0 0 0 0 0 
1307 10 0 0 0 0 0 0 0 0 0 0 0 
1308 10 0 0 0 0 0 0 0 0 0 0 0 
1309 10 0 0 0 0 0 0 0 0 0 0 0 
1310 10 0 0 0 0 0 0 0 0 0 0 0 
1311 10 0 0 0 0 0 0 0 0 0 0 0 
1312 10 0 0 0 0 0 0 0 0 0 0 0 
1313 10 0 0 0 0 0 0 0 0 0 0 0 
1314 10 0 0 0 0 0 0 0 0 0 0 0 
1315 10 0 0 0 0 0 0 0 0 0 0 0 
1316 10 0 0 0 0 0 0 0 0 0 0 0 
1317 10 0 0 0 0 0 0 0 0 0 0 0 
1318 10 0 0 0 0 0 0 0 0 0 0 0 
1319 10 31 0 0 0 0 0 0 0 0 0 0 
1320 10 32 0 0 0 0 0 0 0 0 0 0 
1321 10 0 0 0 0 0 0 0 0 0 0 0 
1322 10 0 0 0 0 0 0 0 0 0 0 0 
1323 10 0 0 0 0 0 0 0 0 0 0 0 
1324 10 0 0 0 0 0 0 0 0 0 0 0 
1325 10 0 0 0 0 0 0 0 0 0 0 0 
1326 10 0 0 0 0 0 0 0 0 0 0 0 
1327 10 0 0 0 0 0 0 0 0 0 0 0 
1328 10 0 0 0 0 0 0 0 0 0 0 0 
1329 10 0 0 0 0 0 0 0 0 0 0 0 
1330 10 0 0 0 0 0 0 0 0 0 0 0 
1331 10 0 0 0 0 0 0 0 0 0 0 0 
1332 10 0 0 0 0 0 0 0 0 0 0 0 
1333 10 0 0 0 0 0 0 0 0 0 0 0 
1334 10 0 0 0 0 0 0 0 0 0 0 0 
1335 10 0 0 0 0 0 0 0 0 0 0 0 
1336 10 0 0 0 0 0 0 0 0 0 0 0 
1337 10 0 0 0 0 0 0 0 0 0 0 0 
1338 10 0 0 0 0 0 0 0 0 0 0 0 
1339 10 0 0 0 0 0 0 0 0 0 0 0 
1340 10 0 0 0 0 0 0 0 0 0 0 0 
1341 10 0 0 0 0 0 0 0 0 0 0 0 
1342 10 0 0 0 0 0 0 0 0 0 0 0 
1343 10 0 0 0 0 0 0 0 0 0 0 0 
1344 10 0 0 0 0 0 0 0 0 0 0 0 
1345 10 0 0 0 0 0 0 0 0 0 0 0 
1346 10 0 0 0 0 0 0 0 0 0 0 0 
1347 10 0 0 0 0 0 0 0 0 0 0 0 
1348 10 0 0 0 0 0 0 0 0 0 0 0 
1349 10 0 0 0 0 0 0 0 0 0 0 0 
1350 10 0 0 0 0 0 0 0 0 0 0 0 
1351 10 0 0 0 0 0 0 0 0 0 0 0 
1352 10 0 0 0 0 0 0 0 0 0 0 0 
1353 10 0 0 0 0 0 0 0 0 0 0 0 
1354 10 0 0 0 0 0 0 0 0 0 0 0 
1355 10 0 0 0 0 0 0 0 0 0 0 0 
1356 10 0 0 0 0 0 0 0 0 0 0 0 
1357 10 0 0 0 0 0 0 0 0 0 0 0 
1358 10 0 0 0 0 0 0 0 0 0 0 0 
1359 10 0 0 0 0 0 0 0 0 0 0 0 
1360 10 0 0 0 0 0 0 0 0 0 0 0 
1361 10 0 0 0 0 0 0 0 0 0 0 0 
1362 10 0 0 0 0 0 0 0 0 0 0 0 
1363 10 0 0 0 0 0 0 0 0 0 0 0 
1364 10 0 0 0 0 0 0 0 0 0 0 0 
1365 10 0 0 0 0 0 0 0 0 0 0 0 
1366 10 0 0 0 0 0 0 0 0 0 0 0 
1367 10 0 0 0 0 0 0 0 0 0 0 0 
1368 10 0 0 0 0 0 0 0 0 0 0 0 
1369 10 0 0 0 0 0 0 0 0 0 0 0 
1370 10 0 0 0 0 0 0 0 0 0 0 0 
1371 10 0 0 0 0 0 0 0 0 0 0 0 
1372 10 0 0 0 0 0 0 0 0 0 0 0 
1373 10 0 0 0 0 0 0 0 0 0 0 0 
1374 10 0 0 0 0 0 0 0 0 0 0 0 
1375 10 0 0 0 0 0 0 0 0 0 0 0 
1376 10 0 0 0 0 0 0 0 0 0 0 0 
1377 10 0 0 0 0 0 0 0 0 0 0 0 
1378 10 0 0 0 0 0 0 0 0 0 0 0 
1379 10 0 0 0 0 0 0 0 0 0 0 0 
1380 10 0 0 0 0 0 0 0 0 0 0 0 
1381 10 0 0 0 0 0 0 0 0 0 0 0 
1382 10 0 0 0 0 0 0 0 0 0 0 0 
1383 10 0 0 0 0 0 0 0 0 0 0 0 
1384 10 0 0 0 0 0 0 0 0 0 0 0 
1385 10 0 0 0 0 0 0 0 0 0 0 0 
1386 10 0 0 0 0 0 0 0 0 0 0 0 
1387 10 0 0 0 0 0 0 0 0 0 0 0 
1388 10 0 0 0 0 0 0 0 0 0 0 0 
1389 10 0 0 0 0 0 0 0 0 0 0 0 
1390 10 0 0 0 0 0 0 0 0 0 0 0 
1391 10 0 0 0 0 0 0 0 0 0 0 0 
1392 10 0 0 0 0 0 0 0 0 0 0 0 
1393 10 0 0 0 0 0 0 0 0 0 0 0 
1394 10 0 0 0 0 0 0 0 0 0 0 0 
1395 10 0 0 0 0 0 0 0 0 0 0 0 
1396 10 0 0 0 0 0 0 0 0 0 0 0 
1397 10 0 0 0 0 0 0 0 0 0 0 0 
1398 10 0 0 0 0 0 0 0 0 0 0 0 
1399 10 0 0 0 0 0 0 0 0 0 0 0 
1400 10 0 0 0 0 0 0 0 0 0 0 0 
1401 10 0 0 0 0 0 0 0 0 0 0 0 
1402 10 0 0 0 0 0 0 0 0 0 0 0 
1403 10 0 0 0 0 0 0 0 0 0 0 0 
1404 10 0 0 0 0 0 0 0 0 0 0 0 
1405 10 0 0 0 0 0 0 0 0 0 0 0 
1406 10 0 0 0 0 0 0 0 0 0 0 0 
1407 10 0 0 0 0 0 0 0 0 0 0 0 
1408 10 0 0 0 0 0 0 0 0 0 0 0 
1409 10 0 0 0 0 0 0 0 0 0 0 0 
1410 10 0 0 0 0 0 0 0 0 0 0 0 
1411 10 0 0 0 0 0 0 0 0 0 0 0 
1412 10 0 0 0 0 0 0 0 0 0 0 0 
1413 10 0 0 0 0 0 0 0 0 0 0 0 
1414 10 0 0 0 0 0 0 0 0 0 0 0 
1415 10 0 0 0 0 0 0 0 0 0 0 0 
1416 10 0 0 0 0 0 0 0 0 0 0 0 
1417 10 0 0 0 0 0 0 0 0 0 0 0 
1418 10 0 0 0 0 0 0 0 0 0 0 0 
1419 10 0 0 0 0 0 0 0 0 0 0 0 
1420 10 0 0 0 0 0 0 0 0 0 0 0 
1421 10 0 0 0 0 0 0 0 0 0 0 0 
1422 10 0 0 0 0 0 0 0 0 0 0 0 
1423 10 0 0 0 0 0 0 0 0 0 0 0 
1424 10 0 0 0 0 0 0 0 0 0 0 0 
1425 10 0 0 0 0 0 0 0 0 0 0 0 
1426 10 0 0 0 0 0 0 0 0 0 0 0 
1427 10 0 0 0 0 0 0 0 0 0 0 0 
1428 10 0 0 0 0 0 0 0 0 0 0 0 
1429 10 0 0 0 0 0 0 0 0 0 0 0 
1430 10 0 0 0 0 0 0 0 0 0 0 0 
1431 10 0 0 0 0 0 0 0 0 0 0 0 
1432 10 0 0 0 0 0 0 0 0 0 0 0 
1433 10 0 0 0 0 0 0 0 0 0 0 0 
1434 10 0 0 0 0 0 0 0 0 0 0 0 
1435 10 0 0 0 0 0 0 0 0 0 0 0 
1436 10 0 0 0 0 0 0 0 0 0 0 0 
1437 10 0 0 0 0 0 0 0 0 0 0 0 
1438 10 0 0 0 0 0 0 0 0 0 0 0 
1439 10 0 0 0 0 0 0 0 0 0 0 0 
1440 10 0 0 0 0 0 0 0 0 0 0 0 
1441 10 0 0 0 0 0 0 0 0 0 0 0 
1442 10 0 0 0 0 0 0 0 0 0 0 0 
1443 10 0 0 0 0 0 0 0 0 0 0 0 
1444 10 0 0 0 0 0 0 0 0 0 0 0 
1445 10 0 0 0 0 0 0 0 0 0 0 0 
1446 10 0 0 0 0 0 0 0 0 0 0 0 
1447 10 0 0 0 0 0 0 0 0 0 0 0 
1448 10 0 0 0 0 0 0 0 0 0 0 0 
1449 10 0 0 0 0 0 0 0 0 0 0 0 
1450 10 0 0 0 0 0 0 0 0 0 0 0 
1451 10 0 0 0 0 0 0 0 0 0 0 0 
1452 10 0 0 0 0 0 0 0 0 0 0 0 
1453 10 0 0 0 0 0 0 0 0 0 0 0 
1454 10 0 0 0 0 0 0 0 0 0 0 0 
1455 10 0 0 0 0 0 0 0 0 0 0 0 
1456 10 0 0 0 0 0 0 0 0 0 0 0 
1457 10 0 0 0 0 0 0 0 0 0 0 0 
1458 10 0 0 0 0 0 0 0 0 0 0 0 
1459 10 0 0 0 0 0 0 0 0 0 0 0 
1460 10 0 0 0 0 0 0 0 0 0 0 0 
1461 10 0 0 0 0 0 0 0 0 0 0 0 
1462 10 0 0 0 0 0 0 0 0 0 0 0 
1463 10 0 0 0 0 0 0 0 0 0 0 0 
1464 10 0 0 0 0 0 0 0 0 0 0 0 
1465 10 0 0 0 0 0 0 0 0 0 0 0 
1466 10 0 0 0 0 0 0 0 0 0 0 0 
1467 10 0 0 0 0 0 0 0 0 0 0 0 
1468 10 0 0 0 0 0 0 0 0 0 0 0 
1469 10 0 0 0 0 0 0 0 0 0 0 0 
1470 10 0 0 0 0 0 0 0 0 0 0 0 
1471 10 0 0 0 0 0 0 0 0 0 0 0 
1472 10 0 0 0 0 0 0 0 0 0 0 0 
1473 10 0 0 0 0 0 0 0 0 0 0 0 
1474 10 0 0 0 0 0 0 0 0 0 0 0 
1475 10 0 0 0 0 0 0 0 0 0 0 0 
1476 10 0 0 0 0 0 0 0 0 0 0 0 
1477 10 0 0 0 0 0 0 0 0 0 0 0 
1478 10 0 0 0 0 0 0 0 0 0 0 0 
1479 10 0 0 0 0 0 0 0 0 0 0 0 
1480 10 0 0 0 0 0 0 0 0 0 0 0 
1481 10 0 0 0 0 0 0 0 0 0 0 0 
1482 10 0 0 0 0 0 0 0 0 0 0 0 
1483 10 0 0 0 0 0 0 0 0 0 0 0 
1484 10 0 0 0 0 0 0 0 0 0 0 0 
1485 10 0 0 0 0 0 0 0 0 0 0 0 
1486 10 0 0 0 0 0 0 0 0 0 0 0 
1487 10 0 0 0 0 0 0 0 0 0 0 0 
1488 10 0 0 0 0 0 0 0 0 0 0 0 
1489 10 0 0 0 0 0 0 0 0 0 0 0 
1490 10 0 0 0 0 0 0 0 0 0 0 0 
1491 10 0 0 0 0 0 0 0 0 0 0 0 
1492 10 0 0 0 0 0 0 0 0 0 0 0 
1493 10 0 0 0 0 0 0 0 0 0 0 0 
1494 10 0 0 0 0 0 0 0 0 0 0 0 
1495 10 0 0 0 0 0 0 0 0 0 0 0 
1496 10 0 0 0 0 0 0 0 0 0 0 0 
1497 10 0 0 0 0 0 0 0 0 0 0 0 
1498 10 0 0 0 0 0 0 0 0 0 0 0 
1499 10 0 0 0 0 0 0 0 0 0 0 0 
1500 10 0 0 0 0 0 0 0 0 0 0 0 
1501 10 0 0 0 0 0 0 0 0 0 0 0 
1502 10 0 0 0 0 0 0 0 0 0 0 0 
1503 10 0 0 0 0 0 0 0 0 0 0 0 
1504 10 0 0 0 0 0 0 0 0 0 0 0 
1505 10 0 0 0 0 0 0 0 0 0 0 0 
1506 10 0 0 0 0 0 0 0 0 0 0 0 
1507 10 0 0 0 0 0 0 0 0 0 0 0 
1508 10 0 0 0 0 0 0 0 0 0 0 0 
1509 10 0 0 0 0 0 0 0 0 0 0 0 
1510 10 0 0 0 0 0 0 0 0 0 0 0 
1511 10 0 0 0 0 0 0 0 0 0 0 0 
1512 10 0 0 0 0 0 0 0 0 0 0 0 
1513 10 0 0 0 0 0 0 0 0 0 0 0 
1514 10 0 0 0 0 0 0 0 0 0 0 0 
1515 10 0 0 0 0 0 0 0 0 0 0 0 
1516 10 0 0 0 0 0 0 0 0 0 0 0 
1517 10 0 0 0 0 0 0 0 0 0 0 0 
1518 10 0 0 0 0 0 0 0 0 0 0 0 
1519 10 0 0 0 0 0 0 0 0 0 0 0 
1520 10 0 0 0 0 0 0 0 0 0 0 0 
1521 10 0 0 0 0 0 0 0 0 0 0 0 
1522 10 0 0 0 0 0 0 0 0 0 0 0 
1523 10 0 0 0 0 0 0 0 0 0 0 0 
1524 10 0 0 0 0 0 0 0 0 0 0 0 
1525 10 0 0 0 0 0 0 0 0 0 0 0 
1526 10 0 0 0 0 0 0 0 0 0 0 0 
1527 10 0 0 0 0 0 0 0 0 0 0 0 
1528 10 0 0 0 0 0 0 0 0 0 0 0 
1529 10 0 0 0 0 0 0 0 0 0 0 0 
1530 10 0 0 0 0 0 0 0 0 0 0 0 
1531 10 0 0 0 0 0 0 0 0 0 0 0 
1532 10 0 0 0 0 0 0 0 0 0 0 0 
1533 10 0 0 0 0 0 0 0 0 0 0 0 
1534 10 0 0 0 0 0 0 0 0 0 0 0 
1535 10 0 0 0 0 0 0 0 0 0 0 0 
1536 10 0 0 0 0 0 0 0 0 0 0 0 
1537 10 0 0 0 0 0 0 0 0 0 0 0 
1538 10 0 0 0 0 0 0 0 0 0 0 0 
1539 10 0 0 0 0 0 0 0 0 0 0 0 
1540 10 0 0 0 0 0 0 0 0 0 0 0 
1541 10 0 0 0 0 0 0 0 0 0 0 0 
1542 10 0 0 0 0 0 0 0 0 0 0 0 
1543 10 0 0 0 0 0 0 0 0 0 0 0 
1544 10 0 0 0 0 0 0 0 0 0 0 0 
1545 10 0 0 0 0 0 0 0 0 0 0 0 
1546 10 0 0 0 0 0 0 0 0 0 0 0 
1547 10 0 0 0 0 0 0 0 0 0 0 0 
1548 10 0 0 0 0 0 0 0 0 0 0 0 
1549 10 0 0 0 0 0 0 0 0 0 0 0 
1550 10 0 0 0 0 0 0 0 0 0 0 0 
1551 10 0 0 0 0 0 0 0 0 0 0 0 
1552 10 0 0 0 0 0 0 0 0 0 0 0 
1553 10 0 0 0 0 0 0 0 0 0 0 0 
1554 10 0 0 0 0 0 0 0 0 0 0 0 
1555 10 0 0 0 0 0 0 0 0 0 0 0 
1556 10 0 0 0 0 0 0 0 0 0 0 0 
1557 10 0 0 0 0 0 0 0 0 0 0 0 
1558 10 0 0 0 0 0 0 0 0 0 0 0 
1559 10 0 0 0 0 0 0 0 0 0 0 0 
1560 10 0 0 0 0 0 0 0 0 0 0 0 
1561 10 0 0 0 0 0 0 0 0 0 0 0 
1562 10 0 0 0 0 0 0 0 0 0 0 0 
1563 10 0 0 0 0 0 0 0 0 0 0 0 
1564 10 0 0 0 0 0 0 0 0 0 0 0 
1565 10 0 0 0 0 0 0 0 0 0 0 0 
1566 10 0 0 0 0 0 0 0 0 0 0 0 
1567 10 0 0 0 0 0 0 0 0 0 0 0 
1568 10 0 0 0 0 0 0 0 0 0 0 0 
1569 10 0 0 0 0 0 0 0 0 0 0 0 
1570 10 0 0 0 0 0 0 0 0 0 0 0 
1571 10 0 0 0 0 0 0 0 0 0 0 0 
1572 10 0 0 0 0 0 0 0 0 0 0 0 
1573 10 0 0 0 0 0 0 0 0 0 0 0 
1574 10 0 0 0 0 0 0 0 0 0 0 0 
1575 10 0 0 0 0 0 0 0 0 0 0 0 
1576 10 0 0 0 0 0 0 0 0 0 0 0 
1577 10 0 0 0 0 0 0 0 0 0 0 0 
1578 10 0 0 0 0 0 0 0 0 0 0 0 
1579 10 0 0 0 0 0 0 0 0 0 0 0 
1580 10 0 0 0 0 0 0 0 0 0 0 0 
1581 10 0 0 0 0 0 0 0 0 0 0 0 
1582 10 0 0 0 0 0 0 0 0 0 0 0 
1583 10 0 0 0 0 0 0 0 0 0 0 0 
1584 10 0 0 0 0 0 0 0 0 0 0 0 
1585 10 0 0 0 0 0 0 0 0 0 0 0 
1586 10 0 0 0 0 0 0 0 0 0 0 0 
1587 10 0 0 0 0 0 0 0 0 0 0 0 
1588 10 0 0 0 0 0 0 0 0 0 0 0 
1589 10 0 0 0 0 0 0 0 0 0 0 0 
1590 10 0 0 0 0 0 0 0 0 0 0 0 
1591 10 0 0 0 0 0 0 0 0 0 0 0 
1592 10 0 0 0 0 0 0 0 0 0 0 0 
1593 10 0 0 0 0 0 0 0 0 0 0 0 
1594 10 0 0 0 0 0 0 0 0 0 0 0 
1595 10 0 0 0 0 0 0 0 0 0 0 0 
1596 10 0 0 0 0 0 0 0 0 0 0 0 
1597 10 0 0 0 0 0 0 0 0 0 0 0 
1598 10 0 0 0 0 0 0 0 0 0 0 0 
1599 10 0 0 0 0 0 0 0 0 0 0 0 
1600 10 0 0 0 0 0 0 0 0 0 0 0 
1601 10 0 0 0 0 0 0 0 0 0 0 0 
1602 10 0 0 0 0 0 0 0 0 0 0 0 
1603 10 0 0 0 0 0 0 0 0 0 0 0 
1604 10 0 0 0 0 0 0 0 0 0 0 0 
1605 10 0 0 0 0 0 0 0 0 0 0 0 
1606 10 0 0 0 0 0 0 0 0 0 0 0 
1607 10 0 0 0 0 0 0 0 0 0 0 0 
1608 10 0 0 0 0 0 0 0 0 0 0 0 
1609 10 0 0 0 0 0 0 0 0 0 0 0 
1610 10 0 0 0 0 0 0 0 0 0 0 0 
1611 10 0 0 0 0 0 0 0 0 0 0 0 
1612 10 0 0 0 0 0 0 0 0 0 0 0 
1613 10 0 0 0 0 0 0 0 0 0 0 0 
1614 10 0 0 0 0 0 0 0 0 0 0 0 
1615 10 0 0 0 0 0 0 0 0 0 0 0 
1616 10 0 0 0 0 0 0 0 0 0 0 0 
1617 10 0 0 0 0 0 0 0 0 0 0 0 
1618 10 0 0 0 0 0 0 0 0 0 0 0 
1619 10 0 0 0 0 0 0 0 0 0 0 0 
1620 10 0 0 0 0 0 0 0 0 0 0 0 
1621 10 0 0 0 0 0 0 0 0 0 0 0 
1622 10 0 0 0 0 0 0 0 0 0 0 0 
1623 10 0 0 0 0 0 0 0 0 0 0 0 
1624 10 0 0 0 0 0 0 0 0 0 0 0 
1625 10 0 0 0 0 0 0 0 0 0 0 0 
1626 10 0 0 0 0 0 0 0 0 0 0 0 
1627 10 0 0 0 0 0 0 0 0 0 0 0 
1628 10 0 0 0 0 0 0 0 0 0 0 0 
1629 10 0 0 0 0 0 0 0 0 0 0 0 
1630 10 0 0 0 0 0 0 0 0 0 0 0 
1631 10 0 0 0 0 0 0 0 0 0 0 0 
1632 10 0 0 0 0 0 0 0 0 0 0 0 
1633 10 0 0 0 0 0 0 0 0 0 0 0 
1634 10 0 0 0 0 0 0 0 0 0 0 0 
1635 10 0 0 0 0 0 0 0 0 0 0 0 
1636 10 0 0 0 0 0 0 0 0 0 0 0 
1637 10 0 0 0 0 0 0 0 0 0 0 0 
1638 10 0 0 0 0 0 0 0 0 0 0 0 
1639 10 0 0 0 0 0 0 0 0 0 0 0 
1640 10 0 0 0 0 0 0 0 0 0 0 0 
1641 10 0 0 0 0 0 0 0 0 0 0 0 
1642 10 0 0 0 0 0 0 0 0 0 0 0 
1643 10 0 0 0 0 0 0 0 0 0 0 0 
1644 10 0 0 0 0 0 0 0 0 0 0 0 
1645 10 0 0 0 0 0 0 0 0 0 0 0 
1646 10 0 0 0 0 0 0 0 0 0 0 0 
1647 10 0 0 0 0 0 0 0 0 0 0 0 
1648 10 0 0 0 0 0 0 0 0 0 0 0 
1649 10 0 0 0 0 0 0 0 0 0 0 0 
1650 10 0 0 0 0 0 0 0 0 0 0 0 
1651 10 0 0 0 0 0 0 0 0 0 0 0 
1652 10 0 0 0 0 0 0 0 0 0 0 0 
1653 10 0 0 0 0 0 0 0 0 0 0 0 
1654 10 0 0 0 0 0 0 0 0 0 0 0 
1655 10 0 0 0 0 0 0 0 0 0 0 0 
1656 10 0 0 0 0 0 0 0 0 0 0 0 
1657 10 0 0 0 0 0 0 0 0 0 0 0 
1658 10 0 0 0 0 0 0 0 0 0 0 0 
1659 10 0 0 0 0 0 0 0 0 0 0 0 
1660 10 0 0 0 0 0 0 0 0 0 0 0 
1661 10 0 0 0 0 0 0 0 0 0 0 0 
1662 10 0 0 0 0 0 0 0 0 0 0 0 
1663 10 0 0 0 0 0 0 0 0 0 0 0 
1664 10 0 0 0 0 0 0 0 0 0 0 0 
1665 10 0 0 0 0 0 0 0 0 0 0 0 
1666 10 0 0 0 0 0 0 0 0 0 0 0 
1667 10 0 0 0 0 0 0 0 0 0 0 0 
1668 10 0 0 0 0 0 0 0 0 0 0 0 
1669 10 0 0 0 0 0 0 0 0 0 0 0 
1670 10 0 0 0 0 0 0 0 0 0 0 0 
1671 10 0 0 0 0 0 0 0 0 0 0 0 
1672 10 0 0 0 0 0 0 0 0 0 0 0 
1673 10 0 0 0 0 0 0 0 0 0 0 0 
1674 10 0 0 0 0 0 0 0 0 0 0 0 
1675 10 0 0 0 0 0 0 0 0 0 0 0 
1676 10 0 0 0 0 0 0 0 0 0 0 0 
1677 10 0 0 0 0 0 0 0 0 0 0 0 
1678 10 0 0 0 0 0 0 0 0 0 0 0 
1679 10 0 0 0 0 0 0 0 0 0 0 0 
1680 10 0 0 0 0 0 0 0 0 0 0 0 
1681 10 0 0 0 0 0 0 0 0 0 0 0 
1682 10 0 0 0 0 0 0 0 0 0 0 0 
1683 10 0 0 0 0 0 0 0 0 0 0 0 
1684 10 0 0 0 0 0 0 0 0 0 0 0 
1685 10 0 0 0 0 0 0 0 0 0 0 0 
1686 10 0 0 0 0 0 0 0 0 0 0 0 
1687 10 0 0 0 0 0 0 0 0 0 0 0 
1688 10 0 0 0 0 0 0 0 0 0 0 0 
1689 10 0 0 0 0 0 0 0 0 0 0 0 
1690 10 0 0 0 0 0 0 0 0 0 0 0 
1691 10 0 0 0 0 0 0 0 0 0 0 0 
1692 10 0 0 0 0 0 0 0 0 0 0 0 
1693 10 0 0 0 0 0 0 0 0 0 0 0 
1694 10 0 0 0 0 0 0 0 0 0 0 0 
1695 10 0 0 0 0 0 0 0 0 0 0 0 
1696 10 0 0 0 0 0 0 0 0 0 0 0 
1697 10 0 0 0 0 0 0 0 0 0 0 0 
1698 10 0 0 0 0 0 0 0 0 0 0 0 
1699 10 0 0 0 0 0 0 0 0 0 0 0 
1700 10 0 0 0 0 0 0 0 0 0 0 0 
1701 10 0 0 0 0 0 0 0 0 0 0 0 
1702 10 0 0 0 0 0 0 0 0 0 0 0 
1703 10 0 0 0 0 0 0 0 0 0 0 0 
1704 10 0 0 0 0 0 0 0 0 0 0 0 
1705 10 0 0 0 0 0 0 0 0 0 0 0 
1706 10 0 0 0 0 0 0 0 0 0 0 0 
1707 10 0 0 0 0 0 0 0 0 0 0 0 
1708 10 0 0 0 0 0 0 0 0 0 0 0 
1709 10 0 0 0 0 0 0 0 0 0 0 0 
1710 10 0 0 0 0 0 0 0 0 0 0 0 
1711 10 0 0 0 0 0 0 0 0 0 0 0 
1712 10 0 0 0 0 0 0 0 0 0 0 0 
1713 10 0 0 0 0 0 0 0 0 0 0 0 
1714 10 0 0 0 0 0 0 0 0 0 0 0 
1715 10 0 0 0 0 0 0 0 0 0 0 0 
1716 10 0 0 0 0 0 0 0 0 0 0 0 
1717 10 0 0 0 0 0 0 0 0 0 0 0 
1718 10 0 0 0 0 0 0 0 0 0 0 0 
1719 10 0 0 0 0 0 0 0 0 0 0 0 
1720 10 0 0 0 0 0 0 0 0 0 0 0 
1721 10 0 0 0 0 0 0 0 0 0 0 0 
1722 10 0 0 0 0 0 0 0 0 0 0 0 
1723 10 0 0 0 0 0 0 0 0 0 0 0 
1724 10 0 0 0 0 0 0 0 0 0 0 0 
1725 10 0 0 0 0 0 0 0 0 0 0 0 
1726 10 0 0 0 0 0 0 0 0 0 0 0 
1727 10 63 0 0 0 0 0 0 0 0 0 0 
1728 10 64 0 0 0 0 0 0 0 0 0 0 
1729 10 65 0 0 0 0 0 0 0 0 0 0 
1730 10 66 0 0 0 0 0 0 0 0 0 0 
1731 10 67 0 0 0 0 0 0 0 0 0 0 
1732 10 68 0 0 0 0 0 0 0 0 0 0 
1733 10 69 0 0 0 0 0 0 0 0 0 0 
1734 10 70 0 0 0 0 0 0 0 0 0 0 
1735 10 0 0 0 0 0 0 0 0 0 0 0 
1736 10 0 0 0 0 0 0 0 0 0 0 0 
1737 10 0 0 0 0 0 0 0 0 0 0 0 
1738 10 0 0 0 0 0 0 0 0 0 0 0 
1739 10 0 0 0 0 0 0 0 0 0 0 0 
1740 10 0 0 0 0 0 0 0 0 0 0 0 
1741 10 0 0 0 0 0 0 0 0 0 0 0 
1742 10 0 0 0 0 0 0 0 0 0 0 0 
1743 10 0 0 0 0 0 0 0 0 0 0 0 
1744 10 0 0 0 0 0 0 0 0 0 0 0 
1745 10 0 0 0 0 0 0 0 0 0 0 0 
1746 10 0 0 0 0 0 0 0 0 0 0 0 
1747 10 0 0 0 0 0 0 0 0 0 0 0 
1748 10 0 0 0 0 0 0 0 0 0 0 0 
1749 10 0 0 0 0 0 0 0 0 0 0 0 
1750 10 0 0 0 0 0 0 0 0 0 0 0 
1751 10 0 0 0 0 0 0 0 0 0 0 0 
1752 10 0 0 0 0 0 0 0 0 0 0 0 
1753 10 0 0 0 0 0 0 0 0 0 0 0 
1754 10 0 0 0 0 0 0 0 0 0 0 0 
1755 10 0 0 0 0 0 0 0 0 0 0 0 
1756 10 0 0 0 0 0 0 0 0 0 0 0 
1757 10 0 0 0 0 0 0 0 0 0 0 0 
1758 10 0 0 0 0 0 0 0 0 0 0 0 
1759 10 0 0 0 0 0 0 0 0 0 0 0 
1760 10 0 0 0 0 0 0 0 0 0 0 0 
1761 10 0 0 0 0 0 0 0 0 0 0 0 
1762 10 0 0 0 0 0 0 0 0 0 0 0 
1763 10 0 0 0 0 0 0 0 0 0 0 0 
1764 10 0 0 0 0 0 0 0 0 0 0 0 
1765 10 0 0 0 0 0 0 0 0 0 0 0 
1766 10 0 0 0 0 0 0 0 0 0 0 0 
1767 10 0 0 0 0 0 0 0 0 0 0 0 
1768 10 0 0 0 0 0 0 0 0 0 0 0 
1769 10 0 0 0 0 0 0 0 0 0 0 0 
1770 10 0 0 0 0 0 0 0 0 0 0 0 
1771 10 0 0 0 0 0 0 0 0 0 0 0 
1772 10 0 0 0 0 0 0 0 0 0 0 0 
1773 10 0 0 0 0 0 0 0 0 0 0 0 
1774 10 0 0 0 0 0 0 0 0 0 0 0 
1775 10 0 0 0 0 0 0 0 0 0 0 0 
1776 10 0 0 0 0 0 0 0 0 0 0 0 
1777 10 0 0 0 0 0 0 0 0 0 0 0 
1778 10 0 0 0 0 0 0 0 0 0 0 0 
1779 10 0 0 0 0 0 0 0 0 0 0 0 
1780 10 0 0 0 0 0 0 0 0 0 0 0 
1781 10 0 0 0 0 0 0 0 0 0 0 0 
1782 10 0 0 0 0 0 0 0 0 0 0 0 
1783 10 0 0 0 0 0 0 0 0 0 0 0 
1784 10 0 0 0 0 0 0 0 0 0 0 0 
1785 10 0 0 0 0 0 0 0 0 0 0 0 
1786 10 0 0 0 0 0 0 0 0 0 0 0 
1787 10 0 0 0 0 0 0 0 0 0 0 0 
1788 10 0 0 0 0 0 0 0 0 0 0 0 
1789 10 0 0 0 0 0 0 0 0 0 0 0 
1790 10 0 0 0 0 0 0 0 0 0 0 0 
1791 10 0 0 0 0 0 0 0 0 0 0 0 
1792 10 0 0 0 0 0 0 0 0 0 0 0 
1793 10 0 0 0 0 0 0 0 0 0 0 0 
1794 10 0 0 0 0 0 0 0 0 0 0 0 
1795 10 0 0 0 0 0 0 0 0 0 0 0 
1796 10 0 0 0 0 0 0 0 0 0 0 0 
1797 10 0 0 0 0 0 0 0 0 0 0 0 
1798 10 0 0 0 0 0 0 0 0 0 0 0 
1799 10 0 0 0 0 0 0 0 0 0 0 0 
1800 10 0 0 0 0 0 0 0 0 0 0 0 
1801 10 0 0 0 0 0 0 0 0 0 0 0 
1802 10 0 0 0 0 0 0 0 0 0 0 0 
1803 10 0 0 0 0 0 0 0 0 0 0 0 
1804 10 0 0 0 0 0 0 0 0 0 0 0 
1805 10 0 0 0 0 0 0 0 0 0 0 0 
1806 10 0 0 0 0 0 0 0 0 0 0 0 
1807 10 0 0 0 0 0 0 0 0 0 0 0 
1808 10 0 0 0 0 0 0 0 0 0 0 0 
1809 10 0 0 0 0 0 0 0 0 0 0 0 
1810 10 0 0 0 0 0 0 0 0 0 0 0 
1811 10 82 0 0 0 0 0 0 0 0 0 0 
1812 10 83 0 0 0 0 0 0 0 0 0 0 
1813 10 84 0 0 0 0 0 0 0 0 0 0 
1814 10 85 0 0 0 0 0 0 0 0 0 0 
1815 10 0 0 0 0 0 0 0 0 0 0 0 
1816 10 0 0 0 0 0 0 0 0 0 0 0 
1817 10 0 0 0 0 0 0 0 0 0 0 0 
1818 10 0 0 0 0 0 0 0 0 0 0 0 
1819 10 0 0 0 0 0 0 0 0 0 0 0 
1820 10 0 0 0 0 0 0 0 0 0 0 0 
1821 10 0 0 0 0 0 0 0 0 0 0 0 
1822 10 0 0 0 0 0 0 0 0 0 0 0 
1823 10 0 0 0 0 0 0 0 0 0 0 0 
1824 10 0 0 0 0 0 0 0 0 0 0 0 
1825 10 0 0 0 0 0 0 0 0 0 0 0 
1826 10 0 0 0 0 0 0 0 0 0 0 0 
1827 10 0 0 0 0 0 0 0 0 0 0 0 
1828 10 0 0 0 0 0 0 0 0 0 0 0 
1829 10 0 0 0 0 0 0 0 0 0 0 0 
1830 10 0 0 0 0 0 0 0 0 0 0 0 
1831 10 0 0 0 0 0 0 0 0 0 0 0 
1832 10 0 0 0 0 0 0 0 0 0 0 0 
1833 10 0 0 0 0 0 0 0 0 0 0 0 
1834 10 0 0 0 0 0 0 0 0 0 0 0 
1835 10 0 0 0 0 0 0 0 0 0 0 0 
1836 10 0 0 0 0 0 0 0 0 0 0 0 
1837 10 0 0 0 0 0 0 0 0 0 0 0 
1838 10 0 0 0 0 0 0 0 0 0 0 0 
1839 10 0 0 0 0 0 0 0 0 0 0 0 
1840 10 0 0 0 0 0 0 0 0 0 0 0 
1841 10 0 0 0 0 0 0 0 0 0 0 0 
1842 10 0 0 0 0 0 0 0 0 0 0 0 
1843 10 0 0 0 0 0 0 0 0 0 0 0 
1844 10 0 0 0 0 0 0 0 0 0 0 0 
1845 10 0 0 0 0 0 0 0 0 0 0 0 
1846 10 0 0 0 0 0 0 0 0 0 0 0 
1847 10 0 0 0 0 0 0 0 0 0 0 0 
1848 10 0 0 0 0 0 0 0 0 0 0 0 
1849 10 0 0 0 0 0 0 0 0 0 0 0 
1850 10 0 0 0 0 0 0 0 0 0 0 0 
1851 10 0 0 0 0 0 0 0 0 0 0 0 
1852 10 0 0 0 0 0 0 0 0 0 0 0 
1853 10 0 0 0 0 0 0 0 0 0 0 0 
1854 10 0 0 0 0 0 0 0 0 0 0 0 
1855 10 0 0 0 0 0 0 0 0 0 0 0 
1856 10 0 0 0 0 0 0 0 0 0 0 0 
1857 10 90 0 0 0 0 0 0 0 0 0 0 
1858 10 91 0 0 0 0 0 0 0 0 0 0 
1859 10 0 0 0 0 0 0 0 0 0 0 0 
1860 10 0 0 0 0 0 0 0 0 0 0 0 
1861 10 0 0 0 0 0 0 0 0 0 0 0 
1862 10 0 0 0 0 0 0 0 0 0 0 0 
1863 10 93 0 0 0 0 0 0 0 0 0 0 
1864 10 94 0 0 0 0 0 0 0 0 0 0 
1865 10 95 0 0 0 0 0 0 0 0 0 0 
1866 10 96 0 0 0 0 0 0 0 0 0 0 
1867 10 97 0 0 0 0 0 0 0 0 0 0 
1868 10 98 0 0 0 0 0 0 0 0 0 0 
1869 10 99 0 0 0 0 0 0 0 0 0 0 
1870 10 100 0 0 0 0 0 0 0 0 0 0 
1871 10 0 0 0 0 0 0 0 0 0 0 0 
1872 10 0 0 0 0 0 0 0 0 0 0 0 
1873 10 0 0 0 0 0 0 0 0 0 0 0 
1874 10 0 0 0 0 0 0 0 0 0 0 0 
1875 10 0 0 0 0 0 0 0 0 0 0 0 
1876 10 0 0 0 0 0 0 0 0 0 0 0 
1877 10 0 0 0 0 0 0 0 0 0 0 0 
1878 10 0 0 0 0 0 0 0 0 0 0 0 
1879 10 0 0 0 0 0 0 0 0 0 0 0 
1880 10 0 0 0 0 0 0 0 0 0 0 0 
1881 10 0 0 0 0 0 0 0 0 0 0 0 
1882 10 0 0 0 0 0 0 0 0 0 0 0 
1883 10 0 0 0 0 0 0 0 0 0 0 0 
1884 10 0 0 0 0 0 0 0 0 0 0 0 
1885 10 0 0 0 0 0 0 0 0 0 0 0 
1886 10 0 0 0 0 0 0 0 0 0 0 0 
1887 10 0 0 0 0 0 0 0 0 0 0 0 
1888 10 0 0 0 0 0 0 0 0 0 0 0 
1889 10 0 0 0 0 0 0 0 0 0 0 0 
1890 10 0 0 0 0 0 0 0 0 0 0 0 
1891 10 0 0 0 0 0 0 0 0 0 0 0 
1892 10 0 0 0 0 0 0 0 0 0 0 0 
1893 10 0 0 0 0 0 0 0 0 0 0 0 
1894 10 0 0 0 0 0 0 0 0 0 0 0 
1895 10 106 0 0 0 0 0 0 0 0 0 0 
1896 10 107 0 0 0 0 0 0 0 0 0 0 
1897 10 0 0 0 0 0 0 0 0 0 0 0 
1898 10 0 0 0 0 0 0 0 0 0 0 0 
1899 10 0 0 0 0 0 0 0 0 0 0 0 
1900 10 0 0 0 0 0 0 0 0 0 0 0 
1901 10 0 0 0 0 0 0 0 0 0 0 0 
1902 10 0 0 0 0 0 0 0 0 0 0 0 
1903 10 111 0 0 0 0 0 0 0 0 0 0 
1904 10 112 0 0 0 0 0 0 0 0 0 0 
1905 10 0 0 0 0 0 0 0 0 0 0 0 
1906 10 0 0 0 0 0 0 0 0 0 0 0 
1907 10 0 0 0 0 0 0 0 0 0 0 0 
1908 10 0 0 0 0 0 0 0 0 0 0 0 
1909 10 0 0 0 0 0 0 0 0 0 0 0 
1910 10 0 0 0 0 0 0 0 0 0 0 0 
1911 10 0 0 0 0 0 0 0 0 0 0 0 
1912 10 0 0 0 0 0 0 0 0 0 0 0 
1913 10 0 0 0 0 0 0 0 0 0 0 0 
1914 10 0 0 0 0 0 0 0 0 0 0 0 
1915 10 0 0 0 0 0 0 0 0 0 0 0 
1916 10 0 0 0 0 0 0 0 0 0 0 0 
1917 10 0 0 0 0 0 0 0 0 0 0 0 
1918 10 0 0 0 0 0 0 0 0 0 0 0 
1919 10 0 0 0 0 0 0 0 0 0 0 0 
1920 10 0 0 0 0 0 0 0 0 0 0 0 
1921 10 0 0 0 0 0 0 0 0 0 0 0 
1922 10 0 0 0 0 0 0 0 0 0 0 0 
1923 10 0 0 0 0 0 0 0 0 0 0 0 
1924 10 0 0 0 0 0 0 0 0 0 0 0 
1925 10 0 0 0 0 0 0 0 0 0 0 0 
1926 10 0 0 0 0 0 0 0 0 0 0 0 
1927 10 0 0 0 0 0 0 0 0 0 0 0 
1928 10 0 0 0 0 0 0 0 0 0 0 0 
1929 10 0 0 0 0 0 0 0 0 0 0 0 
1930 10 0 0 0 0 0 0 0 0 0 0 0 
1931 10 0 0 0 0 0 0 0 0 0 0 0 
1932 10 0 0 0 0 0 0 0 0 0 0 0 
1933 10 0 0 0 0 0 0 0 0 0 0 0 
1934 10 0 0 0 0 0 0 0 0 0 0 0 
1935 10 0 0 0 0 0 0 0 0 0 0 0 
1936 10 0 0 0 0 0 0 0 0 0 0 0 
1937 10 0 0 0 0 0 0 0 0 0 0 0 
1938 10 0 0 0 0 0 0 0 0 0 0 0 
1939 10 0 0 0 0 0 0 0 0 0 0 0 
1940 10 0 0 0 0 0 0 0 0 0 0 0 
1941 10 0 0 0 0 0 0 0 0 0 0 0 
1942 10 0 0 0 0 0 0 0 0 0 0 0 
1943 10 0 0 0 0 0 0 0 0 0 0 0 
1944 10 0 0 0 0 0 0 0 0 0 0 0 
1945 10 0 0 0 0 0 0 0 0 0 0 0 
1946 10 0 0 0 0 0 0 0 0 0 0 0 
1947 10 0 0 0 0 0 0 0 0 0 0 0 
1948 10 0 0 0 0 0 0 0 0 0 0 0 
1949 10 0 0 0 0 0 0 0 0 0 0 0 
1950 10 0 0 0 0 0 0 0 0 0 0 0 
1951 10 0 0 0 0 0 0 0 0 0 0 0 
1952 10 0 0 0 0 0 0 0 0 0 0 0 
1953 10 0 0 0 0 0 0 0 0 0 0 0 
1954 10 0 0 0 0 0 0 0 0 0 0 0 
1955 10 0 0 0 0 0 0 0 0 0 0 0 
1956 10 0 0 0 0 0 0 0 0 0 0 0 
1957 10 0 0 0 0 0 0 0 0 0 0 0 
1958 10 0 0 0 0 0 0 0 0 0 0 0 
1959 10 0 0 0 0 0 0 0 0 0 0 0 
1960 10 0 0 0 0 0 0 0 0 0 0 0 
1961 10 0 0 0 0 0 0 0 0 0 0 0 
1962 10 0 0 0 0 0 0 0 0 0 0 0 
1963 10 0 0 0 0 0 0 0 0 0 0 0 
1964 10 0 0 0 0 0 0 0 0 0 0 0 
1965 10 0 0 0 0 0 0 0 0 0 0 0 
1966 10 0 0 0 0 0 0 0 0 0 0 0 
1967 10 0 0 0 0 0 0 0 0 0 0 0 
1968 10 0 0 0 0 0 0 0 0 0 0 0 
1969 10 0 0 0 0 0 0 0 0 0 0 0 
1970 10 0 0 0 0 0 0 0 0 0 0 0 
1971 10 0 0 0 0 0 0 0 0 0 0 0 
1972 10 0 0 0 0 0 0 0 0 0 0 0 
1973 10 0 0 0 0 0 0 0 0 0 0 0 
1974 10 0 0 0 0 0 0 0 0 0 0 0 
1975 10 0 0 0 0 0 0 0 0 0 0 0 
1976 10 0 0 0 0 0 0 0 0 0 0 0 
1977 10 0 0 0 0 0 0 0 0 0 0 0 
1978 10 0 0 0 0 0 0 0 0 0 0 0 
1979 10 0 0 0 0 0 0 0 0 0 0 0 
1980 10 0 0 0 0 0 0 0 0 0 0 0 
1981 10 0 0 0 0 0 0 0 0 0 0 0 
1982 10 0 0 0 0 0 0 0 0 0 0 0 
1983 10 0 0 0 0 0 0 0 0 0 0 0 
1984 10 0 0 0 0 0 0 0 0 0 0 0 
1985 10 0 0 0 0 0 0 0 0 0 0 0 
1986 10 0 0 0 0 0 0 0 0 0 0 0 
1987 10 0 0 0 0 0 0 0 0 0 0 0 
1988 10 0 0 0 0 0 0 0 0 0 0 0 
1989 10 0 0 0 0 0 0 0 0 0 0 0 
1990 10 0 0 0 0 0 0 0 0 0 0 0 
1991 10 0 0 0 0 0 0 0 0 0 0 0 
1992 10 0 0 0 0 0 0 0 0 0 0 0 
1993 10 0 0 0 0 0 0 0 0 0 0 0 
1994 10 0 0 0 0 0 0 0 0 0 0 0 
1995 10 0 0 0 0 0 0 0 0 0 0 0 
1996 10 0 0 0 0 0 0 0 0 0 0 0 
1997 10 0 0 0 0 0 0 0 0 0 0 0 
1998 10 0 0 0 0 0 0 0 0 0 0 0 
1999 10 0 0 0 0 0 0 0 0 0 0 0 
2000 10 0 0 0 0 0 0 0 0 0 0 0 
2001 10 0 0 0 0 0 0 0 0 0 0 0 
2002 10 0 0 0 0 0 0 0 0 0 0 0 
2003 10 0 0 0 0 0 0 0 0 0 0 0 
2004 10 0 0 0 0 0 0 0 0 0 0 0 
2005 10 0 0 0 0 0 0 0 0 0 0 0 
2006 10 0 0 0 0 0 0 0 0 0 0 0 
2007 10 0 0 0 0 0 0 0 0 0 0 0 
2008 10 0 0 0 0 0 0 0 0 0 0 0 
2009 10 0 0 0 0 0 0 0 0 0 0 0 
2010 10 0 0 0 0 0 0 0 0 0 0 0 
2011 10 0 0 0 0 0 0 0 0 0 0 0 
2012 10 0 0 0 0 0 0 0 0 0 0 0 
2013 10 0 0 0 0 0 0 0 0 0 0 0 
2014 10 0 0 0 0 0 0 0 0 0 0 0 
2015 10 0 0 0 0 0 0 0 0 0 0 0 
2016 10 0 0 0 0 0 0 0 0 0 0 0 
2017 10 0 0 0 0 0 0 0 0 0 0 0 
2018 10 0 0 0 0 0 0 0 0 0 0 0 
2019 10 0 0 0 0 0 0 0 0 0 0 0 
2020 10 0 0 0 0 0 0 0 0 0 0 0 
2021 10 0 0 0 0 0 0 0 0 0 0 0 
2022 10 0 0 0 0 0 0 0 0 0 0 0 
2023 10 0 0 0 0 0 0 0 0 0 0 0 
2024 10 0 0 0 0 0 0 0 0 0 0 0 
2025 10 0 0 0 0 0 0 0 0 0 0 0 
2026 10 0 0 0 0 0 0 0 0 0 0 0 
2027 10 0 0 0 0 0 0 0 0 0 0 0 
2028 10 0 0 0 0 0 0 0 0 0 0 0 
2029 10 0 0 0 0 0 0 0 0 0 0 0 
2030 10 0 0 0 0 0 0 0 0 0 0 0 
2031 10 0 0 0 0 0 0 0 0 0 0 0 
2032 10 0 0 0 0 0 0 0 0 0 0 0 
2033 10 0 0 0 0 0 0 0 0 0 0 0 
2034 10 0 0 0 0 0 0 0 0 0 0 0 
2035 10 0 0 0 0 0 0 0 0 0 0 0 
2036 10 0 0 0 0 0 0 0 0 0 0 0 
2037 10 0 0 0 0 0 0 0 0 0 0 0 
2038 10 0 0 0 0 0 0 0 0 0 0 0 
2039 10 0 0 0 0 0 0 0 0 0 0 0 
2040 10 0 0 0 0 0 0 0 0 0 0 0 
2041 10 0 0 0 0 0 0 0 0 0 0 0 
2042 10 0 0 0 0 0 0 0 0 0 0 0 
2043 10 0 0 0 0 0 0 0 0 0 0 0 
2044 10 0 0 0 0 0 0 0 0 0 0 0 
2045 10 0 0 0 0 0 0 0 0 0 0 0 
2046 10 0 0 0 0 0 0 0 0 0 0 0 

0 5 2 2 0.992701 34 17 23 16 10 16 -7 18 33 17 13 18 -14 14 33 16 25 15 -16 17 -5 15 5 15 -9 18 31 15 -27 17 -16 12 -6 12 29 14 -9 12 -9 18 16 17 -6 14 -2 14 12 15 -13 14 11 17 16 14 -15 14 15 15 7 14 -27 13 -3 13 -21 14 14 14 -4 4 0.105263 1 23 -12 
1 5 2 2 0.727273 2 13 18 14 4 4 0.857143 3 25 18 24 -8 26 11 
2 5 2 2 0.153846 1 16 -27 4 0.988764 22 11 -10 22 -23 7 -26 20 13 7 20 17 29 18 -11 18 -18 17 21 16 22 15 21 16 1 17 -35 24 6 3 35 24 16 11 16 19 -30 21 39 25 -38 16 -26 20 13 
3 5 2 2 0.888889 2 17 -20 17 26 4 0.666667 1 22 -7 
4 5 2 2 0.941176 8 11 5 11 41 13 -30 12 -14 13 -7 13 -9 13 -11 17 -35 4 0.5 2 18 -36 26 -22 
5 5 2 2 0.228571 2 12 -8 16 -27 4 0.981818 27 26 -27 25 30 24 27 6 -36 21 -11 5 8 14 -35 5 24 5 18 13 30 20 31 10 -5 10 2 16 8 22 26 3 -4 11 26 19 41 16 -27 13 24 15 -28 15 -5 19 32 23 -11 13 -27 12 -19 21 -7 
6 5 2 2 0.967742 15 11 -23 14 34 16 24 13 0 13 13 14 22 14 24 11 -32 11 -27 11 -23 16 32 15 29 8 36 16 -21 16 -17 4 0.347826 2 21 -16 25 -18 
7 5 2 2 0.695652 4 15 -17 14 4 15 -14 16 11 4 0.875 7 19 2 11 -30 20 6 19 -10 19 -26 12 -2 11 7 
8 5 2 2 0.941176 4 -6 39 -15 40 13 -28 11 -29 4 0.5 1 -19 40 
9 5 2 2 0.229885 5 16 31 16 38 9 41 9 26 14 -13 4 0.981685 67 17 4 15 8 20 -5 -21 -34 12 10 15 -18 11 -1 15 -13 9 25 -19 -27 -13 -15 -15 -22 -17 -15 -22 -22 -3 40 21 -27 15 -33 15 -35 6 32 9 31 19 29 10 34 23 -15 24 14 17 8 23 9 15 33 18 -5 23 -30 23 19 12 39 8 23 18 19 7 40 21 35 6 41 7 7 24 40 22 35 23 37 23 12 19 15 8 34 24 22 16 21 9 7 23 8 19 3 21 12 2 22 15 16 15 9 18 12 18 13 1 21 21 -35 17 -3 17 19 16 38 26 -36 8 39 23 1 22 1 1 -31 17 8 5 -34 12 -31 
10 5 2 2 0.862745 11 10 16 10 17 11 26 5 25 6 -35 4 24 8 29 15 14 9 -31 15 25 11 40 4 0.717949 7 16 -28 17 12 0 5 6 8 -1 17 14 17 7 40 
11 5 2 2 0.986301 36 10 25 10 -26 9 -21 7 -33 14 -4 8 7 15 -19 9 -24 10 -12 7 -9 15 5 14 -16 7 -33 16 17 15 -10 8 -7 15 1 9 6 5 27 11 0 9 36 8 -10 10 -27 7 17 8 15 11 41 9 -16 7 -25 14 -5 9 -18 8 -2 8 11 9 0 7 10 8 6 10 0 4 0.181818 2 16 21 25 23 
12 5 2 2 0.173913 1 4 38 4 0.987013 19 24 -38 23 -38 13 -37 8 -34 22 -41 15 -40 18 -42 11 -42 7 38 -5 38 11 17 19 -44 10 -23 20 36 5 -45 11 28 15 24 20 26 20 31 
13 5 2 2 0.923077 3 15 -30 7 38 14 39 4 0.571429 1 16 38 
14 5 2 2 0.761905 4 11 2 11 -27 10 -18 10 17 4 0.833333 5 -3 43 -3 43 -11 42 19 -41 9 31 
15 5 2 2 0.986301 18 10 -22 9 -42 7 -27 12 -18 16 -39 14 -45 15 -38 10 -6 19 -41 16 -38 9 -37 11 -42 12 -44 9 -33 5 41 20 -43 1 42 13 20 4 0.181818 1 9 34 
16 5 2 2 0.533333 2 9 19 14 27 4 0.933333 7 21 28 19 -20 -1 -25 19 -38 16 -43 -2 -3 16 -45 
17 5 2 2 0.969697 8 14 17 6 26 13 31 11 -14 13 -35 -3 38 12 -46 -14 -53 4 0.333333 1 13 -41 
18 5 2 2 0.188034 11 10 36 -11 33 -16 37 -15 -44 -12 -14 -10 21 -14 17 -11 30 13 -42 13 -20 13 -15 4 0.985733 190 0 35 14 15 15 17 5 9 -14 40 -24 -39 -10 38 -25 -31 -23 -12 -23 2 -11 27 -23 -27 7 38 -16 -41 2 -39 -18 -39 -17 -2 -18 38 13 -42 -17 -45 -16 12 -15 18 -18 15 -18 17 -3 -20 -11 37 10 36 -15 37 -1 38 14 1 -22 -29 -4 9 -7 -8 2 36 -6 -42 -11 15 -13 -3 -20 37 -11 17 -11 19 -5 30 -4 32 -9 37 -13 34 -12 6 -10 -35 -12 23 -9 -43 -7 31 -17 -12 -13 2 -18 33 -13 19 -12 -30 -20 -7 -24 -36 -9 37 -13 -32 -15 37 -25 -34 -16 26 -12 37 -21 10 4 -19 -1 -13 1 -25 -25 -2 -4 20 -17 3 -2 31 -20 36 -15 6 -3 -20 -3 -23 -9 7 -8 5 -16 -27 -5 -8 -22 25 0 32 -2 -30 -15 -4 -13 24 -7 -2 -12 -16 -22 35 -7 -18 -2 -37 0 -41 -19 -9 4 16 -23 -4 -20 28 -5 27 -5 29 8 -16 0 32 8 -14 -2 22 3 26 -16 3 8 -5 -8 1 -6 0 -16 35 -8 14 8 -1 1 15 -18 15 6 -42 -17 -20 1 23 -23 32 -5 10 4 11 -7 26 -20 -7 -4 -9 12 -39 -21 -5 15 -38 11 17 11 30 -22 22 -22 21 -17 -41 -17 -44 0 -40 -3 -44 -23 31 18 6 -22 -38 -8 -42 8 -25 9 -35 9 -41 -20 -2 -25 -14 -1 5 -20 -12 2 -43 -25 -33 15 7 -1 22 4 -42 10 -10 0 13 -4 31 8 33 9 32 1 18 -1 -40 1 -16 15 -36 2 -34 7 32 4 1 0 25 3 -1 15 -29 -4 34 0 36 10 -15 4 22 13 12 -2 29 12 20 12 -36 10 12 2 -40 2 1 6 -37 3 -35 5 33 -5 27 4 2 4 3 6 33 14 23 17 -11 15 16 4 -1 15 23 16 11 12 1 13 -3 6 -12 15 -5 -2 -23 -2 -22 
19 5 2 2 0.985507 17 11 -37 -10 42 -11 43 11 43 -13 42 -13 -37 -13 -40 -11 -25 -12 -29 -14 17 -13 16 -14 18 -14 7 -12 26 -11 6 -11 9 -10 26 4 0.190476 1 -10 -14 
20 5 2 2 0.666667 1 -18 45 4 0.888889 2 -18 20 -15 45 
21 5 2 2 0.730964 36 7 -7 -12 10 11 26 -14 8 -11 -45 -7 -7 -7 -1 -7 6 -9 -1 -8 26 -6 -21 -8 44 -3 44 15 41 -11 -16 -10 -11 -9 27 13 43 13 40 -6 -28 -7 -39 6 -5 -15 -6 11 -23 9 24 3 25 12 -43 -8 -34 -8 -33 -15 -9 11 -16 10 -34 6 -17 13 12 -11 -40 -12 -39 4 0.854839 53 8 44 5 45 -10 -19 -6 44 -14 21 -15 19 -1 44 -9 45 -17 21 -19 5 -20 -12 2 45 -2 -35 -6 27 -5 27 0 45 -19 -5 8 45 -9 21 0 -10 -12 -28 2 22 -22 11 0 -11 -20 -21 -13 45 0 31 -4 -1 -20 13 -19 -36 -13 8 14 1 2 31 -12 -10 -22 -22 0 18 15 18 12 2 -13 -6 -9 -34 -12 9 12 -16 20 -5 21 -5 -15 7 21 9 -23 -5 -10 14 6 29 -20 -38 -18 12 17 -30 22 -22 
22 5 2 2 0.979592 12 -20 0 3 23 13 8 8 -21 5 -18 11 -9 8 7 8 10 9 10 13 4 16 29 5 13 4 0.25 1 16 -38 
23 5 2 2 0.97491 68 9 37 -15 48 12 47 13 50 13 44 -9 46 14 50 15 39 -9 46 3 45 -10 47 -15 44 8 39 -9 44 -7 47 10 41 3 45 4 45 -4 41 -17 45 3 43 -6 43 -9 42 -20 44 -10 44 -16 43 -16 42 1 40 -15 49 2 39 -14 43 7 37 1 45 1 49 -9 42 1 41 0 39 -4 42 -3 43 -9 42 -10 46 -8 49 -5 50 -8 51 -6 47 -19 44 -4 41 -10 42 -6 45 5 39 -3 51 0 44 6 37 11 51 -7 51 3 51 -15 51 -10 51 9 49 -1 52 4 38 9 51 7 51 7 51 -8 52 -12 40 0 39 10 52 4 0.291667 7 13 36 -21 45 2 43 -15 45 -2 40 -2 43 15 38 
24 5 2 2 0.571429 9 16 8 4 -32 4 -30 16 -37 5 -18 14 18 -14 -41 14 0 14 3 4 0.923077 27 16 25 -6 -30 15 24 18 29 -5 -28 15 -12 18 -26 6 6 6 1 18 7 12 -36 6 -18 14 -4 13 10 17 12 17 -30 -8 -27 -14 -34 4 -10 5 23 -9 26 13 -24 -4 20 -7 -14 -14 3 -13 19 -18 -31 
25 5 2 2 0.918328 357 -9 -4 -7 1 -7 -28 -11 -37 -5 -20 -11 9 -5 -27 -6 2 -5 0 -17 -34 -6 -2 -6 0 -5 -2 -6 -8 -7 -21 -3 -17 -5 -23 -10 -36 -12 12 -13 3 -13 -7 -20 -26 -1 -5 -10 -34 -13 -36 -13 -14 -19 -1 -17 -9 -16 -1 -17 11 -14 -9 -15 -5 -3 -6 -18 -33 -19 -14 -8 -29 -14 -35 -8 -34 -12 -1 -15 12 -19 -1 -7 3 -20 28 -19 -3 -14 7 -14 -19 -12 -34 -18 8 -10 -37 -15 2 -17 0 -20 32 -17 -7 -20 -16 -15 5 -15 -15 -15 4 -8 -29 -12 32 -11 -7 -11 10 -15 -21 -14 33 -6 -9 -18 9 -9 7 -13 34 -11 15 -15 -7 -14 -13 -11 26 -11 -33 -16 -8 -17 -33 -8 40 -3 -33 -13 8 -13 -28 -10 -12 -4 -4 -10 5 -19 -14 -10 33 -9 26 -15 25 -15 5 -10 -18 -5 29 -11 21 -3 -2 -18 -30 -17 -24 -17 -25 -7 16 -7 30 -15 -28 -7 27 -9 -12 -1 -17 -9 -29 -5 31 -12 -5 -11 -18 -9 -27 -4 31 -14 -9 -12 -21 -9 -19 1 -21 -3 -16 -16 -16 -16 -29 0 34 -4 0 -13 -23 -18 2 1 33 -9 -14 -6 10 -15 -8 -3 23 -20 -23 -13 35 0 -17 -15 13 -12 -34 -1 35 -7 14 -8 -16 -20 -19 -9 27 -3 23 2 3 -14 -2 -14 4 -18 -14 -8 -23 -19 -3 -11 21 -19 0 -10 -27 -10 -4 -11 24 -20 -2 3 39 -7 -20 -6 22 -10 -15 -17 11 -18 8 6 11 -12 22 5 -33 4 28 3 -29 -9 -30 5 19 -11 -27 -13 -21 16 -14 -2 10 5 -23 -3 37 -8 -7 -5 -20 -13 26 -17 11 8 -8 -15 37 -8 -9 -7 -24 6 37 -13 39 -17 30 -8 21 -18 -20 -11 -21 -12 10 -8 -23 -11 -17 -9 6 9 7 4 -15 0 35 -12 -3 -20 -36 -12 -5 12 16 -10 -26 12 21 -3 11 -8 32 -6 -27 -12 22 -7 -12 -12 26 -2 16 7 5 8 36 10 17 -7 -21 5 16 -2 -28 -6 -14 11 3 4 -13 11 19 -1 -15 -1 -23 -2 -32 1 21 -2 -19 -3 24 12 -30 13 -9 -2 -30 13 -5 -18 -36 2 34 1 33 -4 6 -1 -25 -1 -1 1 10 -3 4 -5 28 -5 36 3 32 2 -15 3 24 12 -24 5 19 3 4 9 38 2 25 0 -16 1 -26 14 -29 7 -10 -1 -13 -1 -12 3 -7 5 21 2 0 10 -2 1 -8 0 -32 -11 -36 0 -34 3 -28 8 9 11 1 1 0 0 -18 7 1 10 35 3 -17 6 26 4 14 2 -10 7 13 3 -4 8 -7 2 -13 3 -4 12 14 1 -22 0 31 1 4 0 28 5 22 6 33 8 -30 -6 -42 3 -23 3 32 3 -12 1 22 15 -14 6 10 1 1 14 -20 2 10 3 -33 2 -11 14 -28 15 6 8 -29 16 -38 14 14 15 -12 9 15 8 -17 15 16 15 -26 16 10 6 -23 2 -24 6 -19 1 28 9 -36 10 3 10 33 9 30 4 2 2 -6 7 23 10 0 5 33 5 28 5 36 -7 -42 7 -26 7 -28 5 17 5 -33 10 -23 5 -10 6 -31 -5 -40 -14 -43 -3 -41 4 -38 4 11 4 -38 3 -20 -16 -43 -17 -43 -6 -41 6 -2 -13 -39 -11 -46 -8 -43 -15 -40 -12 -37 -17 -39 -12 -4 -15 -40 -13 -40 4 -35 2 -37 -2 -46 -11 -43 -10 -41 -10 -47 5 -45 0 -46 11 -45 7 -41 13 -42 0 -40 14 -39 1 -37 5 -41 3 -36 4 -42 2 -41 4 0.587283 127 -11 -11 -10 0 -8 18 -17 -38 -10 30 -15 -16 -18 29 -12 40 -16 41 -15 -30 -15 -10 -6 -13 -14 -35 -14 -34 -15 -3 -6 8 -6 -33 -4 -10 -15 -19 -17 -33 -16 -29 -18 -34 -2 34 -8 -14 -15 -9 -19 -30 -17 40 -16 38 17 -4 -7 -7 -6 -6 -18 1 -15 6 -5 -4 -20 -10 8 41 7 15 -19 13 -6 29 -18 -23 -16 -22 9 36 -20 10 10 4 -5 1 -22 -29 -19 -17 -17 30 -9 13 -9 3 -20 7 -14 -24 -14 -21 -21 22 12 -7 -15 27 -17 10 -18 13 0 1 -12 -13 -14 35 -5 33 -21 6 -13 -18 14 0 4 -21 -21 10 -19 -17 2 7 -4 -28 -16 -17 14 -16 -6 -13 -21 28 1 3 -13 -21 -8 -12 -8 -31 -8 -10 -13 -13 -2 12 0 14 -6 8 -14 4 -9 -29 1 0 -1 1 1 13 2 -30 7 -6 -6 -18 -2 14 -11 -7 7 -29 8 11 9 -2 9 14 8 -28 3 34 14 5 -11 29 15 18 11 14 -16 -41 11 -13 13 13 -8 24 1 33 1 7 -15 -39 -10 30 17 -5 -6 -36 19 -10 5 1 8 31 11 0 -17 -38 -16 -36 10 -38 11 26 -3 -36 -10 -41 -12 -34 -9 -35 11 -39 9 -41 
26 5 2 2 0.99435 44 -10 14 -15 44 -14 44 -20 40 -15 26 -20 36 -15 33 -17 38 -15 18 -11 13 -14 33 -14 42 -17 20 -12 32 -8 42 -18 24 -10 31 -15 42 -9 32 -12 37 -17 17 -16 26 -17 26 -17 18 -18 30 -10 12 -14 17 -19 35 -9 13 -18 30 -18 16 -16 28 -18 25 -17 20 -8 20 -17 23 -7 24 -14 39 -7 23 -6 41 -6 31 -7 39 -6 34 -10 35 4 0.0833333 1 -18 43 
27 5 2 2 0.857143 3 -14 -18 -13 -19 -15 -15 4 0.727273 2 -3 -11 -5 -27 
28 5 2 2 0.275862 2 -16 32 -13 16 4 0.976744 21 -4 -10 -6 11 0 25 -2 26 17 24 -21 5 -16 -8 -21 -5 -16 9 -16 17 -19 21 4 -1 5 -1 4 26 -4 15 -22 -7 -1 -4 -13 18 -20 24 -22 24 -14 25 
29 5 2 2 0.952381 5 3 23 -1 -4 5 -24 5 -19 6 -24 4 0.444444 1 12 21 
30 5 2 2 0.210526 1 -4 38 4 0.983607 15 -9 31 -23 43 -6 26 -10 11 -15 29 -17 11 -13 26 -17 21 -15 4 -23 38 -15 38 -23 28 -17 18 -20 33 -13 32 
31 5 2 2 0.465116 5 2 -11 -3 -2 -2 -20 -4 -11 1 -29 4 0.948454 23 -10 1 -13 -24 8 -39 -1 -36 -13 -34 -16 -35 -9 -12 -6 -28 -19 -1 -4 -28 -8 0 -19 -28 -17 -24 3 -4 -18 -10 8 -18 -12 -23 -11 -22 -2 -2 -14 2 -14 4 -9 -21 11 -25 
32 5 2 2 0.941176 4 -2 -39 -6 -33 -3 -35 -4 -33 4 0.5 1 -5 -31 
33 5 2 2 0.969697 16 -2 -10 -7 -7 -3 -9 0 -23 6 -15 3 -9 7 -16 5 -18 -4 -1 -5 0 -6 1 3 -21 -7 -15 -9 -14 -7 -21 -2 -25 4 0.333333 2 -8 0 -14 -32 
34 5 2 2 0.981949 68 -3 38 -6 38 -2 39 -1 34 -2 -6 -9 4 -2 22 -5 2 -7 -5 -3 5 -8 23 -3 27 -3 -6 3 -33 0 -10 0 -12 3 -30 -2 10 0 18 -9 27 1 -3 -11 27 -2 8 -4 25 -3 11 3 -14 -8 7 -3 3 -6 0 -9 6 -6 -27 -1 10 -6 -13 -5 -10 -7 17 -2 -37 -7 -13 -8 32 -5 28 1 -15 -2 -35 -9 31 -4 -3 -7 13 -5 -22 -3 24 1 -21 -1 20 -8 3 -8 6 1 6 -7 -9 4 16 -7 -3 -5 19 3 19 5 8 1 13 3 23 0 17 -3 -5 -7 30 -4 -15 -6 -10 -3 6 -10 22 -4 24 3 2 4 0.227273 5 10 34 4 3 2 29 10 25 12 -22 
35 5 2 2 0.830189 11 -8 20 -4 28 -6 13 -5 6 9 -34 -2 27 -2 20 10 -30 -3 23 -1 -15 0 -27 4 0.765957 9 -11 2 -15 17 12 24 -5 4 -15 9 -15 24 -12 16 -14 17 -13 33 
36 5 2 2 0.111111 1 -2 -43 4 0.992248 32 -10 12 -6 -38 3 34 5 16 8 6 12 -35 -9 14 3 9 9 2 6 15 -3 4 7 6 -9 42 -7 -38 -1 -39 -7 15 5 0 7 6 0 6 -4 -40 11 -33 5 11 -5 16 7 7 6 -9 -10 -17 -16 -40 -1 12 -3 -35 -9 -1 -11 25 -3 15 
37 5 2 2 0.111111 1 3 -6 4 0.992248 32 10 -24 -1 17 0 7 8 -13 -1 -1 4 -10 2 3 -4 -3 -5 19 -3 24 -9 -3 -9 17 -8 14 -5 -25 5 -18 -2 -5 -6 31 -7 37 -3 12 -7 35 7 19 -1 19 2 30 4 21 0 -16 7 18 -11 -29 -9 -10 -6 -37 9 -9 9 -6 8 -33 
38 5 2 2 0.864865 8 6 -36 -3 -44 -7 -43 -9 -42 6 -43 -8 -42 5 -38 -3 -40 4 0.714286 5 -11 -37 0 -40 5 -41 11 -40 -16 -41 
39 5 2 2 0.977778 11 7 -30 0 9 9 -9 4 24 -1 38 6 33 4 12 4 22 6 29 5 38 7 -21 4 0.266667 1 -5 -23 
40 5 2 2 0.962963 13 0 -33 -2 -29 1 -35 2 -9 4 0 5 -31 -8 -19 5 -9 3 -4 5 -37 4 8 6 -40 -6 -37 4 0.380952 2 -6 2 -2 -23 
41 5 2 2 0.5 2 -3 -23 -5 -19 4 0.941176 8 7 1 -23 3 0 3 4 -4 8 -10 -24 3 -24 7 5 33 
42 5 2 2 0.909091 5 2 3 0 2 3 -14 -1 -34 -7 -36 4 0.615385 2 0 -4 3 -34 
43 5 2 2 0.26087 6 2 2 -8 4 -3 4 -7 -12 4 -25 -3 20 4 0.978417 68 -6 -6 -6 -41 1 -40 -5 5 -1 -29 -3 44 -1 -29 -17 -45 -8 40 6 -41 -23 15 -10 24 -4 31 -6 -25 -22 13 4 39 -1 3 -5 -35 -9 5 -5 -38 0 14 -4 15 4 -40 7 -8 -2 18 -5 13 2 15 -3 12 -2 35 -1 -31 -22 18 -7 -12 1 -28 -15 7 1 -22 0 -41 2 39 2 18 -18 37 -20 14 2 6 2 -10 -7 -30 -5 -20 -9 -23 -21 -33 -25 -10 -16 -4 -2 -10 -22 -7 -8 27 -7 -40 -10 -16 -6 -9 -7 -9 -7 -18 -5 -43 -23 -30 -11 25 0 21 7 8 -24 24 7 -25 -21 -29 -18 -31 -7 -28 10 -30 -5 -28 
44 5 3 2 0.615385 4 15 45 9 15 12 41 15 40 3 0.235294 1 40 1 4 0.878049 9 24 41 25 44 10 -12 24 1 11 44 22 -34 10 -4 16 20 21 35 
45 5 2 2 0.216216 2 12 40 12 41 4 0.983051 29 19 40 2 -31 7 -18 21 13 17 38 17 -32 2 -26 26 -22 -2 -42 20 39 4 40 4 44 0 -17 14 -16 21 22 18 -1 24 39 18 40 -3 -16 24 45 8 18 6 -37 23 -28 16 40 6 -3 14 -34 13 -35 3 -41 2 -41 
46 5 2 2 0.6 3 5 -44 8 -47 -12 -44 4 0.914286 8 -3 -45 21 -42 2 -43 7 -44 -10 -44 -7 -41 -14 -44 -9 -42 
47 5 2 2 0.97561 10 -19 -19 -17 -34 -12 -48 -17 -31 -4 -24 -9 -27 0 -24 12 41 -17 -38 -18 -36 4 0.285714 1 -9 -9 
48 5 3 2 0.823529 7 17 1 19 -20 15 36 18 1 18 41 15 -24 -16 -30 3 0.25 1 36 -60 4 0.714286 5 10 41 15 5 26 13 22 28 3 -41 
49 5 3 0 0.253968 4 24 1 21 -50 22 -63 21 -36 2 0.0740741 1 16 36 3 0.973545 46 31 18 30 -43 22 88 35 31 34 -1 26 29 33 -26 22 -72 29 21 32 44 30 -11 28 62 23 52 26 -38 34 50 29 29 26 35 28 -24 33 43 27 -61 -35 -13 17 64 25 23 -40 -3 26 -10 27 30 8 79 -40 -15 33 -13 -31 77 11 86 -28 36 -18 41 -25 29 -44 -8 12 41 8 41 7 41 -7 38 -7 40 10 38 0 84 -33 87 7 41 9 42 18 91 
50 5 4 0 0.173913 1 13 74 2 0.5 4 18 41 12 -50 17 -4 -14 -53 3 0.413793 3 26 -95 42 -19 30 -54 4 0.857143 12 -4 -40 20 9 23 6 24 7 14 -15 16 1 6 -33 17 -44 21 34 -20 -45 16 -10 26 -3 
51 5 2 2 0.983607 15 16 -39 20 38 17 28 19 9 16 22 18 -6 11 -50 18 1 18 -10 16 -49 19 20 13 -37 16 38 18 37 17 -23 4 0.210526 1 18 -44 
52 5 2 2 0.985507 17 5 -51 3 -52 -12 -48 -9 -49 -14 -51 -4 -49 -5 -53 -5 -50 -14 -44 0 -46 -13 -49 -11 -51 5 -50 -7 -49 3 -47 -5 -53 -2 -51 4 0.190476 1 -12 -44 
53 5 2 2 0.965517 7 15 53 15 53 9 53 -6 53 11 52 -11 53 17 9 4 0.363636 1 26 27 
54 5 4 0 0.4 2 -1 87 2 89 2 0.521739 3 17 -15 20 21 18 22 3 0.4 2 27 80 33 64 4 0.8 7 25 -29 25 13 25 31 22 40 10 30 25 42 15 -5 
55 5 3 0 0.444444 2 25 -52 24 -47 3 0.923077 9 15 94 31 32 35 33 29 33 30 37 30 68 31 60 36 14 31 44 4 0.266667 1 23 -10 
56 5 2 0 0.727273 4 -12 19 -13 41 -17 24 24 17 3 0.857143 6 26 56 17 58 -41 76 32 11 10 73 26 43 
57 5 2 0 0.5 1 18 -47 3 0.941176 4 26 62 24 69 26 17 35 -41 
58 5 3 0 0.975824 111 14 -33 18 36 18 14 17 14 15 41 18 33 15 18 11 19 15 45 14 51 12 50 12 45 12 47 18 42 2 47 19 -25 -8 21 8 19 -15 51 14 16 4 20 5 21 12 46 -9 50 -7 47 5 51 -10 49 -14 48 16 54 -4 50 5 50 10 52 14 51 -8 51 9 22 -16 50 14 52 12 54 15 25 -17 55 -14 53 -15 25 3 54 3 54 6 60 -14 55 -15 27 3 28 14 56 10 57 10 70 -5 30 12 59 8 30 -1 75 17 28 14 30 19 -53 -11 74 3 72 12 28 11 62 -7 35 19 31 -13 89 10 71 -8 89 19 29 15 70 -14 90 -6 74 9 64 14 63 18 61 0 71 7 68 10 34 18 62 11 75 5 73 18 62 13 36 -1 71 16 66 -16 91 14 92 19 35 18 64 -20 35 13 70 10 73 -13 38 -13 38 10 69 24 35 18 65 18 68 12 39 18 40 18 39 -17 77 8 41 19 41 2 43 0 42 18 42 11 42 13 44 14 72 19 42 15 41 1 0.032 1 13 35 3 0.263158 10 29 33 24 -68 25 61 35 19 11 95 19 99 -40 74 -43 89 -29 41 -30 34 
59 5 4 0 0.666667 5 14 48 7 47 12 77 16 73 -16 72 2 0.5 3 20 31 20 9 20 33 3 0.666667 5 7 -68 41 35 -36 97 -31 89 21 38 4 0.380952 2 11 -34 25 41 
60 5 2 0 0.606061 5 18 39 13 -48 -20 32 -12 31 19 22 3 0.912281 13 32 22 -43 90 -36 41 17 10 30 20 -29 91 -34 89 11 91 -24 12 34 22 -41 83 -28 41 -44 28 
61 5 2 2 0.97561 10 20 2 18 32 19 -3 16 44 20 29 20 28 18 -33 14 -37 17 6 19 -35 4 0.285714 1 16 28 
62 5 3 2 0.717949 7 20 43 17 -39 20 23 18 -19 20 -1 18 -10 18 -40 3 0.190476 1 45 -20 4 0.833333 10 25 23 13 18 13 -27 25 -38 19 -30 25 -40 18 32 25 -9 24 -2 20 -34 
63 5 4 0 0.682927 7 -14 55 -23 35 20 -78 -10 73 -7 77 11 59 18 -40 2 0.173913 1 17 -21 3 0.830189 11 -31 14 23 -24 14 -91 35 -65 27 -35 32 -39 32 -33 1 84 16 -66 19 -15 27 21 4 0.173913 1 7 -10 
64 5 2 0 0.97561 10 20 -76 22 9 24 -17 13 60 21 1 25 -77 23 -16 7 25 5 63 19 -1 4 0.285714 1 26 -30 
65 5 3 0 0.769231 20 12 44 15 45 6 93 13 46 12 46 -3 90 0 84 3 80 -12 49 24 88 -22 36 13 55 15 68 16 67 12 68 14 66 -2 82 23 8 -21 31 -8 80 3 0.8 22 32 42 26 97 24 100 22 95 20 -35 -5 91 -7 42 27 97 -26 14 19 -58 -22 34 14 98 -20 97 -25 91 -12 86 -31 73 -20 90 32 13 -34 70 -9 -76 -14 97 25 31 4 0.16 2 23 -28 26 -11 
66 5 4 0 0.517857 29 -20 48 -23 33 -21 67 2 80 23 63 21 83 23 65 2 29 24 -38 10 88 -21 67 19 16 -22 61 -21 76 12 38 -11 55 -22 79 -23 79 -11 85 -23 89 24 -74 -19 57 -18 83 -12 88 -17 82 -21 49 -19 47 -10 79 -7 93 1 0.0285714 1 17 39 3 0.918182 101 -18 99 25 35 -20 22 45 35 34 -27 2 98 26 22 42 44 39 35 32 -2 36 55 40 1 44 15 34 38 38 79 37 -40 32 -3 28 -18 39 18 34 -31 8 90 43 7 36 -34 -40 94 40 -2 43 9 30 -65 -38 91 30 7 42 33 43 -61 29 -10 -43 13 35 32 37 57 -17 86 -12 98 21 96 -26 89 37 38 -42 97 45 -8 40 -66 31 100 34 97 -31 39 42 62 32 -37 40 93 -42 42 43 -56 16 59 39 -2 26 -37 41 65 -31 89 32 -82 40 -33 36 -57 -14 80 -9 9 -39 74 19 21 39 -62 41 18 40 -89 -24 44 -25 22 39 5 38 15 -28 23 -36 -37 -2 17 20 92 40 -91 -41 96 39 -93 38 -98 -27 38 36 -14 -35 75 42 -92 28 33 0 -81 -38 -9 -29 27 10 79 -6 62 11 78 20 -2 27 -32 -37 -6 36 -44 -42 21 -28 78 -38 93 -39 43 -17 42 -37 26 18 43 16 42 4 0.154839 6 19 17 20 21 23 41 18 10 23 13 22 13 
67 5 3 0 0.235294 1 7 44 3 0.96 12 42 -59 38 -67 38 -68 21 -83 41 -29 30 69 24 -6 23 -9 17 50 22 -2 12 9 31 35 4 0.235294 1 19 32 
68 5 5 0 0.8 18 7 23 -16 37 3 59 0 42 8 47 -18 31 25 -71 23 -37 -14 25 7 66 21 -33 24 -32 20 -87 22 -54 -18 33 -4 38 -9 47 2 73 1 0.333333 4 17 39 17 34 16 30 17 39 2 0.266667 3 17 -39 19 -15 19 42 3 0.571429 9 8 34 18 73 18 -74 24 -94 32 -95 1 81 31 -88 16 28 5 33 4 0.190476 2 17 33 9 -42 
69 5 3 2 0.1 1 18 -18 3 0.326531 4 24 -39 40 1 29 3 36 -33 4 0.962406 32 21 -37 14 32 21 27 11 -41 12 3 14 9 21 -39 23 -34 -22 -37 22 -35 14 33 12 -7 12 -5 20 41 18 -5 23 -40 15 15 20 34 20 -32 16 0 20 41 -25 -41 20 -41 16 36 20 -10 14 38 26 43 11 -19 -24 2 11 37 13 7 26 -38 
70 5 4 0 0.294118 5 21 60 19 -25 22 -60 25 -60 24 -72 2 0.612245 15 21 -17 17 -35 16 -32 19 26 18 -40 21 -16 21 -29 21 -19 20 -27 18 -22 21 -23 21 4 21 4 21 -1 20 45 3 0.672897 18 37 43 34 37 26 16 28 -3 28 -58 40 -89 39 53 33 31 40 -97 6 -84 21 48 38 51 32 9 44 -19 45 2 43 -70 42 -6 43 1 4 0.612245 15 24 21 22 38 18 -32 20 1 20 -13 19 -20 16 -19 23 23 23 4 19 -15 20 -27 22 -25 18 -6 22 6 26 38 
71 5 3 0 0.195122 2 9 31 22 -46 2 0.105263 1 19 -5 3 0.977099 32 36 14 16 48 26 7 41 89 29 2 35 -14 34 86 24 25 43 73 40 -22 17 -43 30 -37 45 42 14 -45 28 48 35 84 6 73 12 -42 39 -20 31 -38 43 75 27 94 40 -20 31 6 40 39 43 -58 29 -16 32 17 43 87 38 85 39 -40 25 11 
72 5 2 0 0.981132 26 3 77 11 57 12 53 21 29 12 79 20 52 22 83 7 80 23 90 18 91 17 48 12 91 10 90 3 74 -7 57 -6 56 2 65 11 83 4 56 8 67 14 73 5 56 -4 33 4 62 9 63 6 63 4 0.235294 2 -25 17 25 19 
73 5 3 0 0.8 2 3 52 -5 52 3 0.571429 1 -13 74 4 0.571429 1 23 -39 
74 5 4 0 0.363636 1 7 74 2 0.8 4 21 -44 20 -38 21 -41 21 -40 3 0.363636 1 41 24 4 0.571429 2 25 4 25 10 
75 5 3 0 0.5 4 -10 17 6 59 -11 18 17 76 3 0.903226 14 -1 91 -13 85 39 93 41 -29 42 93 26 92 -8 100 40 96 41 35 40 32 42 -20 14 73 29 -1 31 33 4 0.307692 2 17 39 20 39 
76 5 3 0 0.888889 4 25 70 18 73 11 20 14 22 2 0.444444 1 21 33 3 0.444444 1 45 -7 
77 5 2 0 0.125 1 24 22 3 0.99115 28 34 -39 33 55 18 92 40 76 40 19 21 90 30 75 41 74 36 22 41 50 36 50 38 9 30 61 43 56 31 61 37 -24 31 56 39 -12 42 32 37 30 41 14 40 29 31 -14 38 59 -2 33 -13 75 38 -2 14 29 
78 5 2 0 0.995516 111 7 -59 13 -51 9 -49 9 -51 12 -49 8 -47 5 -26 12 -44 14 -22 13 -22 8 -43 12 -43 13 -43 16 -20 8 -34 13 -27 15 2 14 -25 13 -46 7 3 8 -43 9 -7 14 -32 5 6 17 -9 2 -8 7 -45 12 6 17 -54 12 -67 16 22 15 -4 6 23 10 -66 13 -17 9 -31 9 4 11 -55 15 -11 15 -38 14 -21 13 -33 13 -13 7 -65 14 -35 15 25 16 -16 17 -32 7 -57 16 -56 5 -9 14 -19 16 36 14 -56 8 -28 5 -15 9 -3 7 -58 8 13 12 -63 16 -55 16 -54 13 -42 15 -29 17 6 12 -63 16 -60 7 -13 16 -63 18 -42 10 -18 13 -63 16 -53 10 -15 13 -59 14 19 8 -22 1 -30 13 1 16 -6 13 -56 11 -54 8 -33 15 -3 18 24 11 -14 16 -54 12 16 12 -22 12 -57 9 -62 17 3 17 -17 18 -58 8 0 18 -8 18 -9 3 -6 17 8 8 -9 15 30 10 -22 14 20 15 -17 15 25 7 -41 17 14 11 11 3 -56 13 35 2 -19 3 0.0672269 2 19 -54 -37 -78 
79 5 2 0 0.4 2 -24 -62 -17 -59 3 0.96 12 -43 -70 -42 -62 -33 -32 -35 -5 -30 -5 -27 3 -40 54 17 28 -27 -12 -33 -14 -40 -25 2 71 
80 5 4 0 0.740741 5 15 -71 3 -50 7 -19 8 -28 18 -38 1 0.444444 2 10 7 9 -27 3 0.666667 4 17 72 24 50 29 -34 18 8 4 0.266667 1 4 -16 
81 5 2 0 0.989247 23 14 -66 17 1 6 -43 16 -75 16 -28 4 -27 15 -39 12 -51 15 1 13 -24 12 -37 9 -19 7 -28 13 1 9 -31 8 -28 9 -50 17 -21 10 -42 7 -47 9 -31 0 -10 8 -27 3 0.148148 1 30 -15 
82 5 3 0 0.848485 21 25 -71 11 -17 14 -22 18 -24 24 -13 18 -1 14 4 23 4 19 -73 10 -47 14 5 12 -21 11 -64 21 -15 10 3 15 -31 19 -15 13 6 11 3 8 -45 9 -36 1 0.266667 3 14 -10 13 27 13 25 3 0.666667 12 24 -28 32 -57 24 11 23 78 31 -11 19 62 25 -68 24 -63 26 52 26 -84 30 -69 31 -23 
83 5 3 0 0.48 3 11 4 14 -46 16 12 1 0.571429 4 14 -4 14 28 12 31 14 29 3 0.837209 9 25 -27 26 -35 30 -9 19 35 29 2 22 -78 32 -25 28 -42 21 -71 
84 5 3 0 0.342857 6 7 -5 7 -7 7 -4 8 3 6 6 6 10 1 0.94382 42 10 -25 13 -20 10 33 10 30 12 -15 12 -23 11 -31 11 3 10 29 13 27 13 -10 13 -13 10 3 12 -24 13 15 13 7 12 -28 14 27 11 11 13 -31 12 14 12 -22 9 -24 10 1 13 -17 12 -15 11 20 13 -5 14 21 9 25 13 10 11 -25 13 4 12 23 8 9 14 1 12 10 13 1 11 -15 14 -4 11 25 11 -12 3 0.25 4 31 -11 35 -9 18 -10 15 -65 
85 5 3 0 0.533333 2 7 -62 7 -73 1 0.333333 1 8 -17 3 0.888889 6 24 -19 17 29 21 -62 19 -34 36 -25 29 -40 
86 5 2 0 0.272727 3 -17 34 -20 -64 -17 -58 3 0.977099 32 -35 -66 8 71 -34 -32 25 30 -43 -22 22 -63 -36 -21 -37 16 -33 50 -37 47 -37 48 -11 33 -35 54 -33 36 -40 -76 -39 -28 -29 -3 -28 64 -37 57 -28 8 -32 41 -34 -86 -33 -4 -41 -76 -41 18 -39 -38 -29 -16 -41 -30 -40 -23 -13 26 -38 -18 -37 -23 
87 5 2 0 0.8 10 -20 -55 -14 -57 7 -19 13 -20 7 36 2 -39 5 26 1 -45 5 -34 9 -52 3 0.8 10 -2 26 20 42 18 -12 20 18 4 71 22 39 13 49 25 -11 13 2 15 3 
88 5 3 0 0.973357 137 -14 -59 -22 -36 -13 -54 -15 -22 -16 -32 -17 -19 -17 -4 -17 -5 -13 -59 -15 6 -10 -28 -14 -14 -20 14 -10 0 -24 -46 -17 -19 -16 -2 -14 1 -24 -74 3 20 -16 22 -24 -60 -24 -59 -21 -38 -21 -31 -9 -62 -14 -27 -16 15 -16 -6 -14 -43 -13 -66 -16 -30 -21 -15 -11 -54 -12 -37 -16 -40 -14 -54 -10 -56 -17 -43 -17 -9 -17 -29 -10 -18 -13 -66 -15 -47 -15 -46 -9 -34 -19 -41 -14 -50 -18 -46 -8 -52 -9 -67 -14 -38 -16 -13 -14 -21 -8 -20 -9 -43 -15 -19 -7 -37 -16 -44 -11 -62 -9 -43 -15 3 -14 -22 -7 -48 -8 -32 -12 -57 -7 -30 -12 -43 -12 -43 -12 -33 -5 -48 -7 -3 -7 -3 -7 5 -7 -8 -6 -4 -6 -15 -5 -36 -6 -1 -11 0 -9 4 -9 -31 -10 -24 -3 -52 -8 18 -4 -23 -2 -59 -9 -42 -5 -12 -7 3 -6 -37 -1 -58 -3 -36 -4 -47 -4 -16 -5 -10 4 14 -6 -15 -7 -9 -2 -9 -6 -45 -6 6 0 -15 -1 -47 -5 -13 -2 -54 -3 22 -3 -12 -2 16 -2 15 -4 -27 0 16 3 -52 -1 18 -4 -6 -1 -53 -1 -22 0 -32 2 -24 1 -20 -2 -16 -3 0 -2 -25 -3 -10 5 32 0 -7 1 -48 0 -31 0 -29 1 -60 0 19 3 3 4 33 2 -18 5 -57 6 -25 7 -31 3 0.272251 13 -20 85 -42 -23 -24 27 -22 31 7 20 25 -12 24 -11 23 0 -4 76 17 29 5 -33 9 -62 10 -50 4 0.0506329 2 -15 -26 1 -11 
89 5 3 0 0.962963 13 1 17 -17 46 5 45 9 47 12 13 -14 16 2 45 -2 46 -7 70 4 16 -15 45 -12 69 5 43 1 0.222222 1 8 35 3 0.222222 1 16 53 
90 5 3 0 0.392157 5 11 -60 4 -12 12 -65 -12 28 -17 36 1 0.444444 6 12 -3 11 1 13 13 16 23 17 7 16 -21 3 0.900901 25 12 33 7 44 16 36 -25 -72 12 -86 13 39 14 46 20 -60 1 -7 15 -43 4 46 -30 58 -33 -84 -27 -9 -32 31 -28 -88 -27 -60 -29 40 -37 23 -39 16 -36 -8 -41 -86 -34 -17 -21 -36 -27 -3 
91 5 3 0 0.808989 18 -17 31 -16 24 -11 28 -13 16 -11 21 -15 20 -11 40 -11 22 -14 21 -8 33 -9 19 -7 30 -4 27 -11 6 -7 43 -13 15 -6 36 -5 -67 1 0.647059 11 -14 7 -12 18 -13 23 -11 6 -11 -18 -12 -21 -9 -5 -13 -19 -9 -15 -8 -9 -6 2 3 0.45283 6 -25 -12 -38 -20 -33 -62 -28 -84 -24 -62 11 -6 
92 5 2 0 0.25 1 -10 25 3 0.979592 12 -38 -34 12 10 -36 50 -14 3 13 -31 -24 -4 -15 10 -21 12 -12 3 -34 33 -35 29 -20 -3 
93 5 3 0 0.5 18 -24 -38 4 -69 -22 -72 -22 -45 -14 29 6 -48 2 5 -1 -49 -17 42 -9 22 5 4 4 -31 -17 -16 -8 23 6 40 -1 -60 10 26 2 -9 1 0.912281 65 10 19 12 20 7 -30 6 -3 10 -23 9 10 10 -6 9 -5 8 2 6 0 8 15 7 -21 9 -25 7 -2 7 12 10 -10 8 13 12 21 10 -6 5 -8 8 -22 4 -8 3 -6 9 -27 9 -26 8 17 7 -27 4 11 9 32 4 5 6 -12 5 -14 6 -9 5 -4 10 -2 10 -8 7 -26 6 18 6 22 8 28 8 29 8 30 7 -23 9 18 9 -17 8 13 4 14 6 -1 4 -29 8 -13 6 14 4 33 7 31 7 33 8 30 4 -16 8 34 3 21 7 12 6 32 5 18 2 -26 8 32 3 11 4 32 3 0.252252 7 -40 39 -42 0 -41 2 24 -21 -33 -23 -36 6 -42 5 
94 5 3 0 0.923077 18 3 -26 10 -32 3 -18 2 -10 10 -54 6 -60 2 -28 5 5 2 -37 9 22 6 -15 10 18 5 10 7 4 -13 22 6 7 4 1 11 26 1 0.148148 1 1 -12 3 0.512821 5 7 -9 9 -11 -37 -70 -41 34 -43 49 
95 5 3 0 0.962199 70 7 39 -8 19 -10 23 -10 -17 -8 24 0 15 -8 -5 -7 35 -6 11 -9 -43 -6 33 -9 11 -10 -57 -2 13 -14 -27 -8 -39 -5 -27 -12 -17 0 14 -17 -39 1 3 -3 29 0 -16 -14 -43 -10 -29 -3 -17 4 0 -9 -6 -13 -65 1 7 -7 -48 1 18 -5 -4 2 29 -9 -37 -9 -24 4 19 -6 -48 -9 -14 -6 0 -4 -14 -4 -41 -10 -65 0 -34 -11 -46 -6 -59 7 -7 1 -18 -9 -66 -8 -60 -9 -28 -3 -52 3 -34 2 -71 9 -1 6 -27 9 -6 -4 -52 -17 -64 4 -35 -4 -53 -6 -12 -6 -31 -1 -4 0 8 -12 -56 -4 -25 1 -27 -1 -22 -1 -31 1 0.27451 7 -14 6 -10 -18 -9 -20 -9 -7 -1 -33 -4 15 -4 21 3 0.172043 4 5 -10 19 35 7 9 17 22 
96 5 3 0 0.5 4 2 -55 2 -50 2 -58 3 -60 1 0.830189 11 -1 13 0 15 4 -9 1 30 2 7 0 22 0 23 3 -6 2 28 3 -17 1 -18 3 0.571429 5 11 -86 10 -55 19 -7 4 2 2 -9 
97 5 2 0 0.938272 19 -8 42 7 41 -1 39 -9 39 -3 41 -20 -22 -11 31 2 30 2 31 4 18 3 28 -1 37 -1 34 5 24 3 11 -3 5 -5 38 8 26 0 36 1 0.512821 5 -10 -11 -5 -11 -6 -12 1 -32 -3 -10 
98 5 3 0 0.48 3 2 -74 9 31 -4 -68 1 0.869565 10 0 -17 -1 -13 2 -25 0 10 2 -4 2 7 5 -8 3 -25 6 10 -9 -29 3 0.48 3 22 -42 10 -64 12 47 
99 5 3 0 0.344569 23 -11 -12 -10 -33 -9 -7 -13 -1 -6 -5 -11 4 -10 -40 0 -10 -7 -24 -14 -6 -14 -57 -6 -34 -8 -46 -5 2 2 -56 -15 -66 -15 -67 -5 2 -5 14 -4 -44 -1 -61 -13 -61 -12 -60 1 0.945668 161 -3 31 2 21 -1 -14 -2 30 3 -14 -10 -10 -1 11 -3 32 -11 -21 -4 33 -8 19 1 6 0 -9 -3 24 -11 -1 0 26 0 -7 -7 0 -4 4 4 26 0 -4 -2 25 0 27 -1 31 3 1 -13 16 -13 20 -12 -7 -1 13 -3 24 -11 25 1 20 -7 5 6 -2 -10 -17 -13 17 -10 -21 -3 22 -1 6 -11 27 -2 30 -2 3 0 26 -7 -2 -8 -27 -10 -1 -11 20 0 -15 -4 -2 -12 15 -1 4 0 5 -7 28 2 8 0 -13 -12 23 -12 11 -9 19 -10 29 -7 16 -13 8 -14 -22 2 20 -14 -16 -11 -1 -11 17 0 -29 -1 26 -13 34 -11 33 -9 26 -1 28 -12 -9 3 -13 -11 21 0 31 -7 18 -8 17 -6 27 -3 -2 -11 27 -10 12 -2 35 -8 5 -10 31 -11 13 -3 -1 2 -7 1 8 0 8 1 2 -4 9 -6 -11 -7 3 0 -20 -9 11 -11 -23 -1 0 -6 26 -6 -6 4 -3 -11 -1 -11 9 -1 8 -7 33 3 -22 -13 -12 3 33 -8 -18 -1 -2 -2 0 -2 -2 0 14 -5 31 -3 -19 -6 12 -7 9 -6 -10 -6 -4 0 -11 -2 19 -2 14 1 -25 -5 33 -14 33 -1 -17 -3 -15 -11 4 -6 -14 -6 -19 -8 -29 -14 31 -6 9 3 0 -6 -24 -1 -19 -12 -22 -10 -23 -6 2 -6 7 -8 -9 -5 0 -2 -12 -4 0 -7 -1 -4 -5 1 10 -3 0 -5 -20 0 0 -5 -19 -4 -2 -4 -11 -5 -27 -8 -18 -2 -23 -6 11 -3 12 -6 -23 -8 25 -6 26 3 0.233333 14 -38 -35 -36 -35 17 -5 -13 -57 8 30 -12 -55 10 -33 10 35 -16 -79 -16 -87 3 29 -1 -24 -12 -16 16 -37 
100 5 3 0 0.888889 8 -6 -60 -3 34 -7 -64 5 -26 5 41 -11 44 1 42 -1 -27 1 0.444444 2 -5 17 -5 19 3 0.444444 2 -19 -35 -18 -43 
101 5 2 0 0.992481 33 -4 45 -2 47 -15 58 -14 66 2 64 3 61 4 63 -10 67 0 61 -4 62 -6 49 4 61 -7 64 -12 59 3 66 -12 62 -8 57 -3 57 -7 57 1 59 11 -66 -8 70 3 65 -9 65 -3 70 -3 47 -11 48 0 63 -4 68 1 59 -9 68 -2 54 2 69 1 0.108108 1 15 -10 
102 5 4 0 0.705882 6 -23 -19 5 -29 7 -73 8 -37 10 -23 -8 73 1 0.210526 1 15 -22 3 0.571429 4 -25 13 7 65 -27 25 -31 74 4 0.645161 5 -20 31 -19 9 -19 15 -18 16 -21 5 
103 5 2 0 0.0930233 1 -3 -73 3 0.993631 39 -40 -6 -36 15 12 -39 8 3 6 42 -1 -18 7 5 16 -3 1 -32 8 -8 1 -46 10 -26 -2 -77 12 -39 11 -7 9 -35 -3 42 9 34 -4 -23 17 13 7 15 15 45 10 -39 -7 -38 5 28 14 -9 -5 26 8 -12 11 -61 8 -14 -7 -20 7 -15 8 -73 13 -13 3 -69 14 -21 10 -55 12 20 11 -89 
104 5 2 0 0.166667 1 12 -45 3 0.987654 20 20 -18 17 -1 21 -68 22 -2 12 -46 -5 -31 -4 -34 23 -1 15 18 10 -82 19 71 -4 27 11 17 12 -33 -5 -57 12 -24 14 -5 18 14 15 -38 19 -12 
105 5 2 1 0.8 3 15 -24 16 -14 17 28 3 0.8 3 11 -16 20 26 13 40 
106 5 2 1 0.727273 2 10 -31 17 5 3 0.857143 3 19 -9 -4 -76 -4 -74 
107 5 2 0 0.173913 1 13 -75 1 0.987013 19 14 -32 17 -31 16 -10 17 -31 17 -26 16 10 16 33 17 21 16 23 14 -31 17 -24 17 -18 17 -17 16 2 17 8 17 15 17 28 17 -10 11 -32 
108 5 2 1 0.4 1 17 -15 3 0.96 6 7 32 18 -34 26 8 2 48 0 4 14 15 
109 5 3 0 0.235294 1 -15 60 1 0.4 2 17 -5 10 -31 3 0.93617 11 20 18 22 -84 15 -38 18 40 5 79 6 -16 13 -29 -19 -68 15 -32 21 27 8 -70 
110 5 2 0 0.982456 14 -11 69 -4 60 -8 67 -17 61 7 51 -8 66 -12 63 10 55 9 54 -13 50 -10 54 -6 57 -19 49 -6 50 3 0.222222 1 -19 -77 
111 5 3 0 0.8 19 -9 -43 -17 -27 -22 -45 -16 6 -8 -41 -8 -10 -12 -66 -21 -18 -17 -64 -16 -57 -12 6 -16 -18 -11 -18 -10 -63 -12 15 -11 -32 -24 -68 -12 -4 -12 -57 1 0.181818 2 5 -32 8 -32 3 0.764045 17 -30 12 -36 -5 -33 -10 -34 -52 -12 18 -17 -13 -2 -7 -24 -30 -19 -2 6 14 -27 64 -29 -33 10 24 8 28 -18 30 -32 -17 2 10 
112 5 3 0 0.3 3 -20 -33 -9 -53 -18 -46 1 0.117647 1 8 -34 3 0.964286 27 4 11 -25 -24 -18 -85 -17 31 -8 -30 10 -6 3 29 10 -38 9 -35 -2 -1 4 -31 10 -67 13 24 -25 -35 -1 -14 1 -21 2 -20 15 1 -1 -1 -26 0 9 -47 -7 -15 -26 -4 -28 66 -4 -38 6 -57 10 -53 
113 5 2 0 0.153846 1 -19 -71 3 0.988764 22 -27 -64 0 4 -27 -8 -28 41 -30 18 -21 52 2 -36 -25 57 -29 46 -11 4 -3 5 -14 8 -2 -19 -7 7 -28 7 -4 6 -35 23 -31 4 -3 56 1 -15 -17 -73 1 6 
114 5 3 0 0.765957 9 -18 -83 -3 -21 -4 -3 -14 -52 -10 -55 -1 -63 -3 -78 0 -75 -2 -76 1 0.682927 7 -12 -29 -11 -31 -11 -20 -14 -21 -11 -33 -3 -30 2 -33 3 0.5 4 -6 -47 4 -35 4 -12 -9 76 
115 5 3 0 0.0727273 3 -18 -66 -9 10 -16 -29 1 0.0493827 2 9 -34 6 -37 3 0.99179 151 -20 50 -25 47 -31 -49 -1 11 -36 -72 -27 38 -17 -3 -15 68 -24 -49 -7 -53 -35 -57 -19 13 1 -72 -11 -7 3 22 -17 -40 -19 48 -5 -46 -12 69 -16 7 4 58 -5 29 -23 -20 -21 -9 -19 19 5 -11 -23 -31 0 -14 -27 -23 -6 29 -19 -26 -33 -21 2 56 -38 -58 -11 -45 -17 48 -22 -35 -12 66 -40 -40 -19 -72 -42 -74 -27 -47 -23 16 -28 -43 -24 -12 -11 -8 -16 59 -28 -58 -37 -50 19 -38 -21 -39 -8 50 -9 -34 -40 -1 -16 -2 -26 -56 -8 55 -21 31 -37 24 -11 56 -27 25 -35 -34 -22 9 -17 59 2 -38 1 -19 -25 16 -31 56 -19 -13 -27 -64 -23 -9 -3 1 -24 -25 -33 -10 -9 46 -22 53 -7 -6 -40 19 -38 40 -22 42 -43 57 -35 43 -35 -8 -33 68 19 -27 -11 -36 -26 -38 -27 50 -22 -23 -23 -73 -25 -81 -23 -55 -19 -40 5 -33 -10 9 -8 18 -18 -36 -8 6 -1 71 -17 -26 -6 15 -28 41 -22 -37 -25 19 -4 8 -16 6 -18 -60 -9 20 -25 -61 -25 -60 -4 -39 -6 -28 -29 -60 -15 -4 -16 16 -17 18 -13 -27 -24 -38 -12 -24 -13 -1 -13 -14 -5 28 -10 41 -13 15 -20 -41 -8 -21 -11 -8 -18 -52 -6 0 -9 -25 -23 29 -26 -10 -11 -36 -25 35 -25 34 -27 -45 -19 -4 -15 -10 -16 -32 -25 4 -25 -83 -21 48 -18 62 -23 -61 -18 65 -19 84 -21 -34 -17 71 7 -37 -24 78 8 -32 
116 5 3 0 0.777778 7 15 -75 15 -72 18 -68 10 -68 12 -70 14 -72 9 -76 1 0.592593 4 14 -35 12 -33 17 -37 15 -36 3 0.592593 4 24 0 11 -94 -1 -91 5 -59 
117 5 2 1 0.987448 59 15 -32 16 -26 14 2 14 -23 15 -23 15 -19 17 22 16 -15 13 -29 14 18 17 19 15 -1 15 -3 14 25 17 30 14 -19 13 -27 15 31 15 4 14 8 15 -18 15 1 17 7 14 -24 16 25 14 5 13 34 15 -13 16 -14 15 -14 13 19 12 -33 14 -10 16 5 14 24 16 13 15 -11 12 -31 16 20 15 37 14 -5 15 -6 15 12 14 -22 13 -22 15 -5 13 25 14 -19 13 10 11 17 11 -25 14 -21 12 -14 14 -14 12 8 10 -23 11 15 10 -24 15 -39 3 0.169014 3 8 -13 8 -30 10 -43 
118 5 2 1 0.111111 1 6 -34 3 0.992248 32 -3 -92 6 -14 -18 -47 -18 -45 -18 74 -13 -91 -8 39 -21 37 -36 -87 -31 55 -22 -30 -29 51 -28 37 -6 51 -31 -9 -29 -7 -20 -16 -26 7 -23 -91 -22 -32 -30 -96 -27 -89 -6 4 -8 -26 2 -14 1 -38 10 82 -7 27 -8 -55 -5 45 1 -26 -32 -84 
119 5 4 0 0.00704225 1 18 -68 1 0.983759 530 11 32 13 -39 14 33 12 32 13 -38 11 7 11 -26 11 19 10 36 13 36 10 24 15 0 11 -1 12 -25 13 31 -16 -9 14 29 12 25 10 22 13 4 9 -37 13 -1 -16 7 13 33 11 30 10 21 10 28 12 7 12 29 -16 15 9 4 12 -21 -15 9 11 -9 -16 -32 12 30 12 39 9 30 12 -4 10 38 11 -7 9 21 -15 23 -15 20 10 -39 9 -11 -14 21 10 4 9 10 11 -8 -15 -12 12 5 13 0 12 32 -16 39 13 1 9 -10 8 -25 10 -24 9 10 9 -31 8 -22 -15 -35 -16 -4 -16 14 -16 36 -16 36 8 -13 -14 13 7 1 -15 24 8 39 8 15 7 -16 6 -24 -14 -24 8 26 8 -12 -16 -27 -12 25 -13 -10 9 21 6 -30 8 -3 7 19 -14 20 -16 6 -15 39 8 30 13 -1 10 -29 -16 17 7 18 8 -2 7 35 11 16 -14 -33 9 -21 -15 -32 -16 21 -15 35 -16 -1 -14 -30 -16 -13 11 -3 -13 19 7 -34 10 -10 -11 -32 -13 -34 6 29 -15 -15 -14 28 -14 -3 -14 29 -15 -31 -15 -28 -14 29 9 -6 -12 27 -14 -22 -12 22 -12 39 7 -12 6 32 -13 15 8 30 3 -26 -13 -37 4 -23 9 -20 6 -15 6 -7 9 2 6 -13 -15 -2 -12 9 -13 -15 -13 20 -12 -39 9 -28 -15 38 6 24 5 15 -13 19 4 32 1 -39 -11 -35 -13 27 -14 23 6 -21 5 -37 9 -13 -14 -37 -12 -19 5 -12 4 -38 -13 -33 7 -2 8 -27 4 15 4 -2 9 23 -16 -32 -14 -3 9 -17 8 36 -10 22 -12 9 6 -34 9 3 8 -37 4 14 -15 -37 7 31 -6 -14 -14 -5 5 -1 5 17 -13 -30 7 -20 4 8 -13 -16 6 -30 5 -2 -14 -23 5 -9 5 13 5 7 6 -33 9 15 6 9 -15 1 6 -4 -9 23 -14 19 3 -34 -12 -7 5 23 7 23 -9 -36 -13 -21 -9 -24 5 -18 -11 -31 -13 -4 4 -27 -11 30 7 12 6 14 -7 33 -11 -10 -13 -7 4 -15 6 13 1 -35 -11 -26 4 -30 7 -19 -12 22 6 -23 4 37 -11 -32 -14 -21 -15 -22 -14 16 -11 39 3 28 -9 23 5 -1 8 -1 4 -1 4 17 -13 20 4 0 8 25 -10 -27 -13 -22 -11 -30 -13 -1 -13 7 6 38 3 -29 -11 15 7 -5 8 -2 1 -24 5 36 0 -8 -4 36 -5 33 -10 5 -10 33 -11 21 5 24 -13 2 -13 12 3 17 2 1 1 -26 -9 5 7 24 -11 -17 -14 -33 3 -29 5 31 -10 12 4 -30 -10 -9 2 -19 -12 -22 0 1 -7 16 -12 -18 3 -31 6 -18 -9 -25 -3 32 4 -11 -16 -16 5 24 -12 -18 -9 32 -8 38 6 10 3 -6 -2 -20 5 -7 5 20 6 24 -12 -21 -6 28 5 29 6 -36 -12 6 -9 -1 6 6 -6 33 -13 -8 -9 -23 -10 -21 1 11 -11 3 -4 26 1 -12 -4 -9 1 -15 -1 30 -11 -12 -8 30 -5 30 -11 -2 -7 -20 3 29 -6 -5 -3 18 4 11 -3 35 -2 33 2 37 -1 25 -1 31 -2 -15 -3 31 -7 11 -10 -6 2 -17 -7 -8 0 0 -7 -12 0 -18 2 0 -1 -2 1 33 -10 -17 0 38 -9 36 -1 -3 -8 13 -8 -4 0 9 -11 15 -3 30 -5 -14 -13 -25 -6 26 5 32 -6 -22 -8 -13 -11 -33 -8 19 -7 -8 -3 -19 -10 -16 5 11 -4 23 -11 -33 1 -5 -4 16 -1 36 -10 -4 -14 1 -1 28 -9 14 -8 23 -5 33 -5 -12 -2 33 -5 32 -13 -21 -13 9 -6 1 -11 -10 -10 0 -9 20 0 17 -3 19 -11 -2 2 31 -3 22 0 37 -3 -12 -2 -13 4 -6 -10 9 0 -29 5 0 4 -20 -4 20 1 21 -1 38 -6 28 0 37 2 -9 -8 2 5 16 -9 18 3 -1 -6 38 3 -3 -6 9 -3 17 -4 19 4 -14 -9 14 -5 14 -2 14 -1 -8 -7 -16 2 27 -1 12 -8 3 -7 9 -7 -12 -2 38 -4 31 -4 27 -6 -6 -2 3 -7 16 3 -17 -6 -20 -7 9 -7 22 -3 23 -8 -4 -8 -4 -8 -3 -5 17 0 -21 -2 11 -4 24 1 -7 0 -11 -11 -22 -6 1 -1 8 -5 -19 2 28 -1 34 -3 14 -3 -8 -12 16 -15 -37 -8 -10 -3 4 -6 18 -4 1 -9 -19 -1 23 -4 28 -6 -9 1 29 -6 14 -4 22 -7 -35 2 -39 -2 -9 -2 34 -4 24 -8 9 -2 3 1 -8 -5 -17 -4 -32 3 36 1 14 1 22 -3 -2 -3 -4 -8 -25 -8 -18 -8 13 -10 6 -3 7 -4 -22 0 -15 3 12 -9 -28 1 -37 -3 8 2 14 -3 -4 -9 -15 2 13 -10 12 -5 -1 0 -34 -10 -25 -9 10 -3 7 -11 -1 -6 -13 1 -8 -9 -5 0 -4 -8 32 -2 8 -5 3 -6 38 1 36 -2 32 -4 1 -6 29 1 22 -7 -5 -4 -27 -2 -6 -2 -9 0 -29 -8 -21 -2 -33 -10 -29 -9 -37 -9 -37 -2 -23 -1 -28 0 -38 -1 -25 -1 -35 -1 -25 -8 -33 -1 -30 -5 -39 -8 -36 -3 -34 -7 -30 -1 -32 -4 -38 -4 -38 3 0.198795 33 -9 54 -2 22 -14 -20 -16 -53 -1 19 -15 -79 -11 0 -16 -67 -3 26 -16 -39 -17 -30 -14 -37 0 -43 -15 -81 -3 -10 -4 -26 -2 -21 -18 39 -3 -71 -15 59 -12 45 1 -15 -5 38 -22 -25 -7 -67 -23 -35 -38 51 -24 -15 -37 63 -25 1 5 -63 2 -86 -3 38 4 0.00704225 1 2 -39 
120 5 3 0 0.615385 2 17 -74 23 -91 3 0.75 3 22 64 22 -45 2 -36 4 0.615385 2 20 -44 12 -43 
121 5 2 0 0.977778 33 15 -85 -18 60 5 -88 -24 56 15 -84 -15 55 11 -75 -15 58 -7 74 -20 56 10 -75 -2 56 -6 58 5 70 1 63 5 66 7 68 4 72 2 63 -6 65 1 58 -12 60 8 66 1 55 11 54 15 -74 2 67 16 -74 15 -82 -13 59 -21 59 20 -87 17 -88 3 0.266667 3 -28 -91 -39 -85 14 -98 
122 5 3 0 0.727273 2 8 60 12 60 3 0.5 1 16 -62 4 0.727273 2 23 -12 25 -39 
123 5 3 0 0.333333 1 18 -88 1 0.333333 1 11 -39 3 0.933333 7 5 -63 19 43 21 43 9 -78 -7 -67 15 -98 22 -20 
124 5 2 1 0.977778 11 -7 -22 -8 -30 -7 -29 -6 -27 -3 -38 -5 -26 -5 -23 -4 -18 -5 -24 -4 -27 -5 -36 3 0.266667 1 -1 -97 
125 5 3 0 0.307692 1 -18 74 1 0.307692 1 -4 -29 3 0.941176 8 -31 2 -30 -33 -39 41 -39 24 -40 10 -43 -49 -1 -64 -42 -77 
126 5 3 0 0.705882 6 2 -69 -24 -81 -24 -10 -24 -79 -24 -81 -21 -80 1 0.363636 2 -11 -33 -5 -32 3 0.8 8 -42 -19 -44 -13 -41 -43 -43 -90 -42 -43 -43 -17 0 -37 1 -29 
127 5 2 0 0.333333 1 -12 -77 1 0.969697 8 -6 -29 -7 -19 -7 -16 -3 -33 -6 -23 -1 -23 -4 -30 -2 -31 
128 5 3 0 0.111111 1 -5 -79 1 0.111111 1 9 -36 3 0.984127 31 8 -28 15 -11 2 -7 8 40 2 30 -7 -24 5 39 1 76 -4 77 0 29 -12 -35 3 -36 4 48 -1 -15 -9 77 -1 19 -8 60 7 -11 -6 70 -7 74 1 -62 -4 77 -17 72 -9 57 -10 83 -37 -16 -43 -11 -43 14 -43 -40 -6 -90 -2 -90 
129 5 3 0 0.967742 15 -14 -72 -8 -72 1 -76 0 -72 -20 -78 -20 -77 -18 -82 -3 -78 -15 -71 -15 -74 4 -78 -1 -69 -2 -69 -1 -71 -7 -74 1 0.2 1 0 -32 3 0.2 1 -10 -96 
130 5 4 0 0.470588 2 1 -71 0 -69 1 0.470588 2 -3 -35 -2 -33 3 0.827586 6 -22 32 17 -9 6 -96 -9 67 0 -95 -11 66 4 0.285714 1 -13 -42 
131 5 2 2 0.190476 1 -11 -36 4 0.985507 17 -24 -41 -16 -32 -16 -29 -18 -23 -16 -16 -13 31 -15 10 -23 -27 -15 3 -14 8 -24 -15 -15 16 -16 14 -23 3 -25 7 -19 17 -22 -7 
132 5 2 0 0.761905 4 -23 70 -3 -83 -17 -91 0 -92 3 0.833333 5 -8 -61 -33 -88 -26 -97 -6 -50 -3 -43 
133 5 2 0 0.99422 43 -10 -75 -7 -76 -16 -75 -19 -92 -23 -91 -24 -90 -7 -76 -5 -77 -7 -75 -6 67 -14 -77 -20 -92 -14 -91 -22 -90 -15 -82 2 -77 -18 -89 -8 -75 -3 -84 3 -76 -12 -87 0 -84 -11 -88 -13 64 -18 -90 -5 -77 -11 68 -6 -91 -4 -77 -19 68 -2 -91 -7 70 -23 68 2 -91 3 -77 6 -75 6 -77 -15 67 11 -88 -8 63 -21 66 -9 58 -6 56 3 0.0851064 1 -34 -99 
134 5 3 0 0.5 1 -9 62 2 0.857143 3 -1 -53 0 -53 0 -53 3 0.5 1 13 -96 
