10 128 0
0 0 -1 19 20 20 0 45 22 2 4 32 -406 
1 1 -1 11 10 0 14 23 39 24 2 32 -4885 
2 1 -1 18 1 5 0 34 8 3 1 32 -41 
3 2 0 0 0 0 0 0 0 0 0 0 0 
4 2 -1 10 20 0 8 42 34 3 3 32 -1094 
5 2 -1 5 3 0 15 40 41 7 1 32 -217 
6 2 -1 6 19 18 21 33 45 1 2 32 18003 
7 3 0 0 0 0 0 0 0 0 0 0 0 
8 3 0 0 0 0 0 0 0 0 0 0 0 
9 3 -1 22 1 0 18 33 22 11 22 32 -21395 
10 3 -1 8 16 16 7 29 23 17 12 32 -5297 
11 3 -1 4 13 2 0 38 18 6 9 32 -1910 
12 3 -1 16 14 15 0 45 25 1 20 32 -36 
13 3 -1 2 6 21 4 41 45 1 1 32 1467 
14 3 -1 20 20 11 0 44 37 1 3 32 -391 
15 4 0 0 0 0 0 0 0 0 0 0 0 
16 4 0 0 0 0 0 0 0 0 0 0 0 
17 4 0 0 0 0 0 0 0 0 0 0 0 
18 4 0 0 0 0 0 0 0 0 0 0 0 
19 4 -1 11 22 20 21 39 44 7 1 32 39746 
20 4 -1 20 19 2 3 40 34 7 8 32 -5562 
21 4 -1 20 16 0 0 2 6 0 0 10 -76 
22 4 -1 12 14 21 0 37 33 8 7 32 -330 
23 4 -1 8 6 2 19 33 31 9 1 32 1041 
24 4 -1 8 18 17 10 38 44 3 3 32 5707 
25 4 94 0 0 0 0 0 0 0 0 0 0 
26 4 -1 3 2 17 0 21 39 22 7 32 -1935 
27 4 -1 0 30 0 0 16 41 0 0 19 5 
28 4 -1 1 20 15 11 27 42 2 3 32 4058 
29 4 126 0 0 0 0 0 0 0 0 0 0 
30 4 127 0 0 0 0 0 0 0 0 0 0 
31 5 0 0 0 0 0 0 0 0 0 0 0 
32 5 0 0 0 0 0 0 0 0 0 0 0 
33 5 0 0 0 0 0 0 0 0 0 0 0 
34 5 0 0 0 0 0 0 0 0 0 0 0 
35 5 0 0 0 0 0 0 0 0 0 0 0 
36 5 0 0 0 0 0 0 0 0 0 0 0 
37 5 0 0 0 0 0 0 0 0 0 0 0 
38 5 0 0 0 0 0 0 0 0 0 0 0 
39 5 -1 2 5 2 6 45 23 2 6 32 -1203 
40 5 10 0 0 0 0 0 0 0 0 0 0 
41 5 -1 1 17 5 9 45 41 2 5 32 -966 
42 5 -1 4 6 13 10 37 34 7 5 32 11700 
43 5 -1 17 1 1 18 40 26 1 10 32 -1747 
44 5 -1 16 0 19 16 35 38 1 8 32 1913 
45 5 -1 35 2 0 0 40 44 0 0 14 22 
46 5 -1 30 34 0 0 26 31 0 0 6 -2 
47 5 -1 7 9 6 4 43 27 4 1 32 -153 
48 5 -1 9 7 18 1 32 16 10 15 32 -5385 
49 5 -1 10 8 3 16 27 32 7 9 32 -797 
50 5 -1 3 22 16 0 42 27 3 14 32 -1810 
51 5 0 0 0 0 0 0 0 0 0 0 0 
52 5 0 0 0 0 0 0 0 0 0 0 0 
53 5 -1 16 41 0 0 40 6 0 0 0 -16 
54 5 -1 21 3 16 7 37 24 6 8 32 2125 
55 5 -1 2 5 2 3 46 27 1 19 32 -1834 
56 5 -1 39 15 0 0 17 13 0 0 1 12 
57 5 124 0 0 0 0 0 0 0 0 0 0 
58 5 125 0 0 0 0 0 0 0 0 0 0 
59 5 0 0 0 0 0 0 0 0 0 0 0 
60 5 0 0 0 0 0 0 0 0 0 0 0 
61 5 0 0 0 0 0 0 0 0 0 0 0 
62 5 0 0 0 0 0 0 0 0 0 0 0 
63 6 0 0 0 0 0 0 0 0 0 0 0 
64 6 0 0 0 0 0 0 0 0 0 0 0 
65 6 0 0 0 0 0 0 0 0 0 0 0 
66 6 0 0 0 0 0 0 0 0 0 0 0 
67 6 0 0 0 0 0 0 0 0 0 0 0 
68 6 0 0 0 0 0 0 0 0 0 0 0 
69 6 0 0 0 0 0 0 0 0 0 0 0 
70 6 0 0 0 0 0 0 0 0 0 0 0 
71 6 0 0 0 0 0 0 0 0 0 0 0 
72 6 0 0 0 0 0 0 0 0 0 0 0 
73 6 0 0 0 0 0 0 0 0 0 0 0 
74 6 0 0 0 0 0 0 0 0 0 0 0 
75 6 0 0 0 0 0 0 0 0 0 0 0 
76 6 0 0 0 0 0 0 0 0 0 0 0 
77 6 0 0 0 0 0 0 0 0 0 0 0 
78 6 0 0 0 0 0 0 0 0 0 0 0 
79 6 1 0 0 0 0 0 0 0 0 0 0 
80 6 -1 3 16 11 11 33 31 8 14 32 -10067 
81 6 0 0 0 0 0 0 0 0 0 0 0 
82 6 0 0 0 0 0 0 0 0 0 0 0 
83 6 -1 16 0 10 8 45 23 2 14 32 -2905 
84 6 -1 12 20 7 2 22 32 12 7 32 -1974 
85 6 -1 30 24 0 0 2 23 0 0 5 -26 
86 6 27 0 0 0 0 0 0 0 0 0 0 
87 6 28 0 0 0 0 0 0 0 0 0 0 
88 6 29 0 0 0 0 0 0 0 0 0 0 
89 6 -1 11 43 0 0 34 19 0 0 0 -58 
90 6 -1 14 21 19 13 46 46 1 1 32 23206 
91 6 -1 16 1 10 3 28 30 18 4 32 -1162 
92 6 40 0 0 0 0 0 0 0 0 0 0 
93 6 -1 7 4 1 15 43 23 4 8 32 -1351 
94 6 43 0 0 0 0 0 0 0 0 0 0 
95 6 -1 2 10 0 13 46 24 1 17 32 -1422 
96 6 -1 1 3 5 20 32 31 4 4 32 1201 
97 6 -1 2 15 2 1 30 38 5 6 32 -2625 
98 6 -1 14 21 11 0 42 35 1 11 32 -778 
99 6 -1 21 20 0 15 46 43 1 3 32 -165 
100 6 -1 13 4 15 17 33 39 5 2 32 6922 
101 6 -1 21 18 3 2 44 26 3 10 32 -1192 
102 6 -1 9 13 20 0 45 35 2 10 32 -595 
103 6 0 0 0 0 0 0 0 0 0 0 0 
104 6 0 0 0 0 0 0 0 0 0 0 0 
105 6 0 0 0 0 0 0 0 0 0 0 0 
106 6 0 0 0 0 0 0 0 0 0 0 0 
107 6 -1 45 43 0 0 37 40 0 0 7 15 
108 6 -1 0 5 0 1 26 14 17 15 32 -11281 
109 6 -1 9 18 19 0 42 25 1 5 32 -284 
110 6 -1 6 1 0 0 7 21 0 0 11 -10 
111 6 -1 5 15 4 4 43 30 4 6 32 -1163 
112 6 -1 20 20 18 17 41 45 3 1 32 1484 
113 6 -1 19 31 0 0 7 30 0 0 17 0 
114 6 123 0 0 0 0 0 0 0 0 0 0 
115 6 0 0 0 0 0 0 0 0 0 0 0 
116 6 0 0 0 0 0 0 0 0 0 0 0 
117 6 0 0 0 0 0 0 0 0 0 0 0 
118 6 0 0 0 0 0 0 0 0 0 0 0 
119 6 0 0 0 0 0 0 0 0 0 0 0 
120 6 0 0 0 0 0 0 0 0 0 0 0 
121 6 0 0 0 0 0 0 0 0 0 0 0 
122 6 0 0 0 0 0 0 0 0 0 0 0 
123 6 0 0 0 0 0 0 0 0 0 0 0 
124 6 0 0 0 0 0 0 0 0 0 0 0 
125 6 0 0 0 0 0 0 0 0 0 0 0 
126 6 0 0 0 0 0 0 0 0 0 0 0 
127 7 0 0 0 0 0 0 0 0 0 0 0 
128 7 0 0 0 0 0 0 0 0 0 0 0 
129 7 0 0 0 0 0 0 0 0 0 0 0 
130 7 0 0 0 0 0 0 0 0 0 0 0 
131 7 0 0 0 0 0 0 0 0 0 0 0 
132 7 0 0 0 0 0 0 0 0 0 0 0 
133 7 0 0 0 0 0 0 0 0 0 0 0 
134 7 0 0 0 0 0 0 0 0 0 0 0 
135 7 0 0 0 0 0 0 0 0 0 0 0 
136 7 0 0 0 0 0 0 0 0 0 0 0 
137 7 0 0 0 0 0 0 0 0 0 0 0 
138 7 0 0 0 0 0 0 0 0 0 0 0 
139 7 0 0 0 0 0 0 0 0 0 0 0 
140 7 0 0 0 0 0 0 0 0 0 0 0 
141 7 0 0 0 0 0 0 0 0 0 0 0 
142 7 0 0 0 0 0 0 0 0 0 0 0 
143 7 0 0 0 0 0 0 0 0 0 0 0 
144 7 0 0 0 0 0 0 0 0 0 0 0 
145 7 0 0 0 0 0 0 0 0 0 0 0 
146 7 0 0 0 0 0 0 0 0 0 0 0 
147 7 0 0 0 0 0 0 0 0 0 0 0 
148 7 0 0 0 0 0 0 0 0 0 0 0 
149 7 0 0 0 0 0 0 0 0 0 0 0 
150 7 0 0 0 0 0 0 0 0 0 0 0 
151 7 0 0 0 0 0 0 0 0 0 0 0 
152 7 0 0 0 0 0 0 0 0 0 0 0 
153 7 0 0 0 0 0 0 0 0 0 0 0 
154 7 0 0 0 0 0 0 0 0 0 0 0 
155 7 0 0 0 0 0 0 0 0 0 0 0 
156 7 0 0 0 0 0 0 0 0 0 0 0 
157 7 0 0 0 0 0 0 0 0 0 0 0 
158 7 0 0 0 0 0 0 0 0 0 0 0 
159 7 0 0 0 0 0 0 0 0 0 0 0 
160 7 0 0 0 0 0 0 0 0 0 0 0 
161 7 -1 35 34 0 0 6 16 0 0 17 -5 
162 7 -1 1 22 12 21 45 46 1 1 32 23904 
163 7 0 0 0 0 0 0 0 0 0 0 0 
164 7 0 0 0 0 0 0 0 0 0 0 0 
165 7 0 0 0 0 0 0 0 0 0 0 0 
166 7 0 0 0 0 0 0 0 0 0 0 0 
167 7 11 0 0 0 0 0 0 0 0 0 0 
168 7 12 0 0 0 0 0 0 0 0 0 0 
169 7 -1 16 17 8 13 44 42 1 2 32 9510 
170 7 18 0 0 0 0 0 0 0 0 0 0 
171 7 19 0 0 0 0 0 0 0 0 0 0 
172 7 -1 5 35 0 0 25 7 0 0 3 -30 
173 7 0 0 0 0 0 0 0 0 0 0 0 
174 7 0 0 0 0 0 0 0 0 0 0 0 
175 7 0 0 0 0 0 0 0 0 0 0 0 
176 7 0 0 0 0 0 0 0 0 0 0 0 
177 7 0 0 0 0 0 0 0 0 0 0 0 
178 7 0 0 0 0 0 0 0 0 0 0 0 
179 7 30 0 0 0 0 0 0 0 0 0 0 
180 7 31 0 0 0 0 0 0 0 0 0 0 
181 7 32 0 0 0 0 0 0 0 0 0 0 
182 7 -1 45 5 0 0 21 20 0 0 0 153 
183 7 37 0 0 0 0 0 0 0 0 0 0 
184 7 -1 28 41 0 0 22 13 0 0 11 112 
185 7 0 0 0 0 0 0 0 0 0 0 0 
186 7 0 0 0 0 0 0 0 0 0 0 0 
187 7 41 0 0 0 0 0 0 0 0 0 0 
188 7 42 0 0 0 0 0 0 0 0 0 0 
189 7 0 0 0 0 0 0 0 0 0 0 0 
190 7 0 0 0 0 0 0 0 0 0 0 0 
191 7 -1 23 12 0 0 7 24 0 0 18 0 
192 7 -1 18 12 20 5 38 33 3 5 32 3676 
193 7 -1 18 0 22 17 44 17 3 14 32 13113 
194 7 -1 34 3 0 0 47 8 0 0 17 -24 
195 7 59 0 0 0 0 0 0 0 0 0 0 
196 7 60 0 0 0 0 0 0 0 0 0 0 
197 7 61 0 0 0 0 0 0 0 0 0 0 
198 7 -1 16 5 22 22 44 45 3 2 32 18425 
199 7 -1 0 6 21 0 36 35 9 3 32 -1019 
200 7 71 0 0 0 0 0 0 0 0 0 0 
201 7 -1 20 5 18 9 40 40 2 4 32 4054 
202 7 -1 19 10 9 5 35 22 2 14 32 355 
203 7 -1 6 36 0 0 34 31 0 0 16 -34 
204 7 -1 0 8 0 0 27 47 0 0 20 0 
205 7 -1 4 12 13 1 44 25 3 10 32 -704 
206 7 -1 6 16 18 0 34 26 2 13 32 -775 
207 7 0 0 0 0 0 0 0 0 0 0 0 
208 7 0 0 0 0 0 0 0 0 0 0 0 
209 7 0 0 0 0 0 0 0 0 0 0 0 
210 7 0 0 0 0 0 0 0 0 0 0 0 
211 7 0 0 0 0 0 0 0 0 0 0 0 
212 7 0 0 0 0 0 0 0 0 0 0 0 
213 7 0 0 0 0 0 0 0 0 0 0 0 
214 7 0 0 0 0 0 0 0 0 0 0 0 
215 7 -1 9 0 1 10 17 15 29 20 32 -22703 
216 7 97 0 0 0 0 0 0 0 0 0 0 
217 7 98 0 0 0 0 0 0 0 0 0 0 
218 7 99 0 0 0 0 0 0 0 0 0 0 
219 7 -1 31 22 0 0 9 22 0 0 14 11 
220 7 102 0 0 0 0 0 0 0 0 0 0 
221 7 103 0 0 0 0 0 0 0 0 0 0 
222 7 104 0 0 0 0 0 0 0 0 0 0 
223 7 105 0 0 0 0 0 0 0 0 0 0 
224 7 106 0 0 0 0 0 0 0 0 0 0 
225 7 -1 8 5 0 0 22 24 0 0 0 -3 
226 7 -1 14 13 0 0 33 39 0 0 5 -8 
227 7 121 0 0 0 0 0 0 0 0 0 0 
228 7 122 0 0 0 0 0 0 0 0 0 0 
229 7 0 0 0 0 0 0 0 0 0 0 0 
230 7 0 0 0 0 0 0 0 0 0 0 0 
231 7 0 0 0 0 0 0 0 0 0 0 0 
232 7 0 0 0 0 0 0 0 0 0 0 0 
233 7 0 0 0 0 0 0 0 0 0 0 0 
234 7 0 0 0 0 0 0 0 0 0 0 0 
235 7 0 0 0 0 0 0 0 0 0 0 0 
236 7 0 0 0 0 0 0 0 0 0 0 0 
237 7 0 0 0 0 0 0 0 0 0 0 0 
238 7 0 0 0 0 0 0 0 0 0 0 0 
239 7 0 0 0 0 0 0 0 0 0 0 0 
240 7 0 0 0 0 0 0 0 0 0 0 0 
241 7 0 0 0 0 0 0 0 0 0 0 0 
242 7 0 0 0 0 0 0 0 0 0 0 0 
243 7 0 0 0 0 0 0 0 0 0 0 0 
244 7 0 0 0 0 0 0 0 0 0 0 0 
245 7 0 0 0 0 0 0 0 0 0 0 0 
246 7 0 0 0 0 0 0 0 0 0 0 0 
247 7 0 0 0 0 0 0 0 0 0 0 0 
248 7 0 0 0 0 0 0 0 0 0 0 0 
249 7 0 0 0 0 0 0 0 0 0 0 0 
250 7 0 0 0 0 0 0 0 0 0 0 0 
251 7 0 0 0 0 0 0 0 0 0 0 0 
252 7 0 0 0 0 0 0 0 0 0 0 0 
253 7 0 0 0 0 0 0 0 0 0 0 0 
254 7 0 0 0 0 0 0 0 0 0 0 0 
255 8 0 0 0 0 0 0 0 0 0 0 0 
256 8 0 0 0 0 0 0 0 0 0 0 0 
257 8 0 0 0 0 0 0 0 0 0 0 0 
258 8 0 0 0 0 0 0 0 0 0 0 0 
259 8 0 0 0 0 0 0 0 0 0 0 0 
260 8 0 0 0 0 0 0 0 0 0 0 0 
261 8 0 0 0 0 0 0 0 0 0 0 0 
262 8 0 0 0 0 0 0 0 0 0 0 0 
263 8 0 0 0 0 0 0 0 0 0 0 0 
264 8 0 0 0 0 0 0 0 0 0 0 0 
265 8 0 0 0 0 0 0 0 0 0 0 0 
266 8 0 0 0 0 0 0 0 0 0 0 0 
267 8 0 0 0 0 0 0 0 0 0 0 0 
268 8 0 0 0 0 0 0 0 0 0 0 0 
269 8 0 0 0 0 0 0 0 0 0 0 0 
270 8 0 0 0 0 0 0 0 0 0 0 0 
271 8 0 0 0 0 0 0 0 0 0 0 0 
272 8 0 0 0 0 0 0 0 0 0 0 0 
273 8 0 0 0 0 0 0 0 0 0 0 0 
274 8 0 0 0 0 0 0 0 0 0 0 0 
275 8 0 0 0 0 0 0 0 0 0 0 0 
276 8 0 0 0 0 0 0 0 0 0 0 0 
277 8 0 0 0 0 0 0 0 0 0 0 0 
278 8 0 0 0 0 0 0 0 0 0 0 0 
279 8 0 0 0 0 0 0 0 0 0 0 0 
280 8 0 0 0 0 0 0 0 0 0 0 0 
281 8 0 0 0 0 0 0 0 0 0 0 0 
282 8 0 0 0 0 0 0 0 0 0 0 0 
283 8 0 0 0 0 0 0 0 0 0 0 0 
284 8 0 0 0 0 0 0 0 0 0 0 0 
285 8 0 0 0 0 0 0 0 0 0 0 0 
286 8 0 0 0 0 0 0 0 0 0 0 0 
287 8 0 0 0 0 0 0 0 0 0 0 0 
288 8 0 0 0 0 0 0 0 0 0 0 0 
289 8 0 0 0 0 0 0 0 0 0 0 0 
290 8 0 0 0 0 0 0 0 0 0 0 0 
291 8 0 0 0 0 0 0 0 0 0 0 0 
292 8 0 0 0 0 0 0 0 0 0 0 0 
293 8 0 0 0 0 0 0 0 0 0 0 0 
294 8 0 0 0 0 0 0 0 0 0 0 0 
295 8 0 0 0 0 0 0 0 0 0 0 0 
296 8 0 0 0 0 0 0 0 0 0 0 0 
297 8 0 0 0 0 0 0 0 0 0 0 0 
298 8 0 0 0 0 0 0 0 0 0 0 0 
299 8 0 0 0 0 0 0 0 0 0 0 0 
300 8 0 0 0 0 0 0 0 0 0 0 0 
301 8 0 0 0 0 0 0 0 0 0 0 0 
302 8 0 0 0 0 0 0 0 0 0 0 0 
303 8 0 0 0 0 0 0 0 0 0 0 0 
304 8 0 0 0 0 0 0 0 0 0 0 0 
305 8 0 0 0 0 0 0 0 0 0 0 0 
306 8 0 0 0 0 0 0 0 0 0 0 0 
307 8 0 0 0 0 0 0 0 0 0 0 0 
308 8 0 0 0 0 0 0 0 0 0 0 0 
309 8 0 0 0 0 0 0 0 0 0 0 0 
310 8 0 0 0 0 0 0 0 0 0 0 0 
311 8 0 0 0 0 0 0 0 0 0 0 0 
312 8 0 0 0 0 0 0 0 0 0 0 0 
313 8 0 0 0 0 0 0 0 0 0 0 0 
314 8 0 0 0 0 0 0 0 0 0 0 0 
315 8 0 0 0 0 0 0 0 0 0 0 0 
316 8 0 0 0 0 0 0 0 0 0 0 0 
317 8 0 0 0 0 0 0 0 0 0 0 0 
318 8 0 0 0 0 0 0 0 0 0 0 0 
319 8 0 0 0 0 0 0 0 0 0 0 0 
320 8 0 0 0 0 0 0 0 0 0 0 0 
321 8 0 0 0 0 0 0 0 0 0 0 0 
322 8 0 0 0 0 0 0 0 0 0 0 0 
323 8 2 0 0 0 0 0 0 0 0 0 0 
324 8 -1 18 15 0 0 2 12 0 0 17 -11 
325 8 -1 0 8 7 6 45 17 2 21 32 378 
326 8 9 0 0 0 0 0 0 0 0 0 0 
327 8 0 0 0 0 0 0 0 0 0 0 0 
328 8 0 0 0 0 0 0 0 0 0 0 0 
329 8 0 0 0 0 0 0 0 0 0 0 0 
330 8 0 0 0 0 0 0 0 0 0 0 0 
331 8 0 0 0 0 0 0 0 0 0 0 0 
332 8 0 0 0 0 0 0 0 0 0 0 0 
333 8 0 0 0 0 0 0 0 0 0 0 0 
334 8 0 0 0 0 0 0 0 0 0 0 0 
335 8 0 0 0 0 0 0 0 0 0 0 0 
336 8 0 0 0 0 0 0 0 0 0 0 0 
337 8 0 0 0 0 0 0 0 0 0 0 0 
338 8 0 0 0 0 0 0 0 0 0 0 0 
339 8 -1 11 26 0 0 47 20 0 0 14 -32 
340 8 -1 19 19 12 8 36 41 11 2 32 6847 
341 8 0 0 0 0 0 0 0 0 0 0 0 
342 8 0 0 0 0 0 0 0 0 0 0 0 
343 8 0 0 0 0 0 0 0 0 0 0 0 
344 8 0 0 0 0 0 0 0 0 0 0 0 
345 8 -1 9 6 1 22 42 31 1 4 32 -718 
346 8 -1 27 33 0 0 2 32 0 0 7 23 
347 8 0 0 0 0 0 0 0 0 0 0 0 
348 8 0 0 0 0 0 0 0 0 0 0 0 
349 8 0 0 0 0 0 0 0 0 0 0 0 
350 8 0 0 0 0 0 0 0 0 0 0 0 
351 8 0 0 0 0 0 0 0 0 0 0 0 
352 8 0 0 0 0 0 0 0 0 0 0 0 
353 8 0 0 0 0 0 0 0 0 0 0 0 
354 8 0 0 0 0 0 0 0 0 0 0 0 
355 8 0 0 0 0 0 0 0 0 0 0 0 
356 8 0 0 0 0 0 0 0 0 0 0 0 
357 8 0 0 0 0 0 0 0 0 0 0 0 
358 8 0 0 0 0 0 0 0 0 0 0 0 
359 8 0 0 0 0 0 0 0 0 0 0 0 
360 8 0 0 0 0 0 0 0 0 0 0 0 
361 8 0 0 0 0 0 0 0 0 0 0 0 
362 8 0 0 0 0 0 0 0 0 0 0 0 
363 8 0 0 0 0 0 0 0 0 0 0 0 
364 8 0 0 0 0 0 0 0 0 0 0 0 
365 8 -1 19 45 0 0 28 29 0 0 14 43 
366 8 36 0 0 0 0 0 0 0 0 0 0 
367 8 0 0 0 0 0 0 0 0 0 0 0 
368 8 0 0 0 0 0 0 0 0 0 0 0 
369 8 38 0 0 0 0 0 0 0 0 0 0 
370 8 39 0 0 0 0 0 0 0 0 0 0 
371 8 0 0 0 0 0 0 0 0 0 0 0 
372 8 0 0 0 0 0 0 0 0 0 0 0 
373 8 0 0 0 0 0 0 0 0 0 0 0 
374 8 0 0 0 0 0 0 0 0 0 0 0 
375 8 0 0 0 0 0 0 0 0 0 0 0 
376 8 0 0 0 0 0 0 0 0 0 0 0 
377 8 0 0 0 0 0 0 0 0 0 0 0 
378 8 0 0 0 0 0 0 0 0 0 0 0 
379 8 0 0 0 0 0 0 0 0 0 0 0 
380 8 0 0 0 0 0 0 0 0 0 0 0 
381 8 0 0 0 0 0 0 0 0 0 0 0 
382 8 0 0 0 0 0 0 0 0 0 0 0 
383 8 -1 35 26 0 0 44 35 0 0 0 -15 
384 8 46 0 0 0 0 0 0 0 0 0 0 
385 8 -1 11 5 20 0 43 35 2 5 32 -381 
386 8 49 0 0 0 0 0 0 0 0 0 0 
387 8 -1 39 5 0 0 0 43 0 0 1 3 
388 8 -1 1 6 0 0 34 26 0 0 17 12 
389 8 56 0 0 0 0 0 0 0 0 0 0 
390 8 -1 18 21 5 13 34 42 12 4 32 1053 
391 8 0 0 0 0 0 0 0 0 0 0 0 
392 8 0 0 0 0 0 0 0 0 0 0 0 
393 8 0 0 0 0 0 0 0 0 0 0 0 
394 8 0 0 0 0 0 0 0 0 0 0 0 
395 8 0 0 0 0 0 0 0 0 0 0 0 
396 8 0 0 0 0 0 0 0 0 0 0 0 
397 8 -1 29 29 0 0 47 40 0 0 17 -17 
398 8 -1 21 10 6 2 43 12 4 30 32 -3877 
399 8 -1 44 25 0 0 39 6 0 0 12 68 
400 8 -1 8 11 0 0 0 22 0 0 20 -8 
401 8 0 0 0 0 0 0 0 0 0 0 0 
402 8 0 0 0 0 0 0 0 0 0 0 0 
403 8 -1 11 5 20 9 36 38 11 2 32 2803 
404 8 74 0 0 0 0 0 0 0 0 0 0 
405 8 -1 8 20 5 14 35 38 1 9 32 2512 
406 8 -1 0 29 0 0 10 33 0 0 10 108 
407 8 80 0 0 0 0 0 0 0 0 0 0 
408 8 -1 20 42 0 0 36 34 0 0 4 -12 
409 8 85 0 0 0 0 0 0 0 0 0 0 
410 8 -1 33 11 0 0 24 46 0 0 16 25 
411 8 -1 29 11 0 0 36 25 0 0 11 -37 
412 8 91 0 0 0 0 0 0 0 0 0 0 
413 8 92 0 0 0 0 0 0 0 0 0 0 
414 8 93 0 0 0 0 0 0 0 0 0 0 
415 8 0 0 0 0 0 0 0 0 0 0 0 
416 8 0 0 0 0 0 0 0 0 0 0 0 
417 8 0 0 0 0 0 0 0 0 0 0 0 
418 8 0 0 0 0 0 0 0 0 0 0 0 
419 8 0 0 0 0 0 0 0 0 0 0 0 
420 8 0 0 0 0 0 0 0 0 0 0 0 
421 8 0 0 0 0 0 0 0 0 0 0 0 
422 8 0 0 0 0 0 0 0 0 0 0 0 
423 8 0 0 0 0 0 0 0 0 0 0 0 
424 8 0 0 0 0 0 0 0 0 0 0 0 
425 8 0 0 0 0 0 0 0 0 0 0 0 
426 8 0 0 0 0 0 0 0 0 0 0 0 
427 8 0 0 0 0 0 0 0 0 0 0 0 
428 8 0 0 0 0 0 0 0 0 0 0 0 
429 8 0 0 0 0 0 0 0 0 0 0 0 
430 8 0 0 0 0 0 0 0 0 0 0 0 
431 8 95 0 0 0 0 0 0 0 0 0 0 
432 8 96 0 0 0 0 0 0 0 0 0 0 
433 8 0 0 0 0 0 0 0 0 0 0 0 
434 8 0 0 0 0 0 0 0 0 0 0 0 
435 8 0 0 0 0 0 0 0 0 0 0 0 
436 8 0 0 0 0 0 0 0 0 0 0 0 
437 8 0 0 0 0 0 0 0 0 0 0 0 
438 8 0 0 0 0 0 0 0 0 0 0 0 
439 8 100 0 0 0 0 0 0 0 0 0 0 
440 8 101 0 0 0 0 0 0 0 0 0 0 
441 8 0 0 0 0 0 0 0 0 0 0 0 
442 8 0 0 0 0 0 0 0 0 0 0 0 
443 8 0 0 0 0 0 0 0 0 0 0 0 
444 8 0 0 0 0 0 0 0 0 0 0 0 
445 8 0 0 0 0 0 0 0 0 0 0 0 
446 8 0 0 0 0 0 0 0 0 0 0 0 
447 8 0 0 0 0 0 0 0 0 0 0 0 
448 8 0 0 0 0 0 0 0 0 0 0 0 
449 8 0 0 0 0 0 0 0 0 0 0 0 
450 8 0 0 0 0 0 0 0 0 0 0 0 
451 8 -1 26 12 0 0 25 22 0 0 6 -5 
452 8 -1 47 13 0 0 29 17 0 0 15 -59 
453 8 -1 12 39 0 0 37 18 0 0 7 -61 
454 8 -1 22 18 22 8 45 43 2 3 32 7524 
455 8 0 0 0 0 0 0 0 0 0 0 0 
456 8 0 0 0 0 0 0 0 0 0 0 0 
457 8 0 0 0 0 0 0 0 0 0 0 0 
458 8 0 0 0 0 0 0 0 0 0 0 0 
459 8 0 0 0 0 0 0 0 0 0 0 0 
460 8 0 0 0 0 0 0 0 0 0 0 0 
461 8 0 0 0 0 0 0 0 0 0 0 0 
462 8 0 0 0 0 0 0 0 0 0 0 0 
463 8 0 0 0 0 0 0 0 0 0 0 0 
464 8 0 0 0 0 0 0 0 0 0 0 0 
465 8 0 0 0 0 0 0 0 0 0 0 0 
466 8 0 0 0 0 0 0 0 0 0 0 0 
467 8 0 0 0 0 0 0 0 0 0 0 0 
468 8 0 0 0 0 0 0 0 0 0 0 0 
469 8 0 0 0 0 0 0 0 0 0 0 0 
470 8 0 0 0 0 0 0 0 0 0 0 0 
471 8 0 0 0 0 0 0 0 0 0 0 0 
472 8 0 0 0 0 0 0 0 0 0 0 0 
473 8 0 0 0 0 0 0 0 0 0 0 0 
474 8 0 0 0 0 0 0 0 0 0 0 0 
475 8 0 0 0 0 0 0 0 0 0 0 0 
476 8 0 0 0 0 0 0 0 0 0 0 0 
477 8 0 0 0 0 0 0 0 0 0 0 0 
478 8 0 0 0 0 0 0 0 0 0 0 0 
479 8 0 0 0 0 0 0 0 0 0 0 0 
480 8 0 0 0 0 0 0 0 0 0 0 0 
481 8 0 0 0 0 0 0 0 0 0 0 0 
482 8 0 0 0 0 0 0 0 0 0 0 0 
483 8 0 0 0 0 0 0 0 0 0 0 0 
484 8 0 0 0 0 0 0 0 0 0 0 0 
485 8 0 0 0 0 0 0 0 0 0 0 0 
486 8 0 0 0 0 0 0 0 0 0 0 0 
487 8 0 0 0 0 0 0 0 0 0 0 0 
488 8 0 0 0 0 0 0 0 0 0 0 0 
489 8 0 0 0 0 0 0 0 0 0 0 0 
490 8 0 0 0 0 0 0 0 0 0 0 0 
491 8 0 0 0 0 0 0 0 0 0 0 0 
492 8 0 0 0 0 0 0 0 0 0 0 0 
493 8 0 0 0 0 0 0 0 0 0 0 0 
494 8 0 0 0 0 0 0 0 0 0 0 0 
495 8 0 0 0 0 0 0 0 0 0 0 0 
496 8 0 0 0 0 0 0 0 0 0 0 0 
497 8 0 0 0 0 0 0 0 0 0 0 0 
498 8 0 0 0 0 0 0 0 0 0 0 0 
499 8 0 0 0 0 0 0 0 0 0 0 0 
500 8 0 0 0 0 0 0 0 0 0 0 0 
501 8 0 0 0 0 0 0 0 0 0 0 0 
502 8 0 0 0 0 0 0 0 0 0 0 0 
503 8 0 0 0 0 0 0 0 0 0 0 0 
504 8 0 0 0 0 0 0 0 0 0 0 0 
505 8 0 0 0 0 0 0 0 0 0 0 0 
506 8 0 0 0 0 0 0 0 0 0 0 0 
507 8 0 0 0 0 0 0 0 0 0 0 0 
508 8 0 0 0 0 0 0 0 0 0 0 0 
509 8 0 0 0 0 0 0 0 0 0 0 0 
510 8 0 0 0 0 0 0 0 0 0 0 0 
511 9 0 0 0 0 0 0 0 0 0 0 0 
512 9 0 0 0 0 0 0 0 0 0 0 0 
513 9 0 0 0 0 0 0 0 0 0 0 0 
514 9 0 0 0 0 0 0 0 0 0 0 0 
515 9 0 0 0 0 0 0 0 0 0 0 0 
516 9 0 0 0 0 0 0 0 0 0 0 0 
517 9 0 0 0 0 0 0 0 0 0 0 0 
518 9 0 0 0 0 0 0 0 0 0 0 0 
519 9 0 0 0 0 0 0 0 0 0 0 0 
520 9 0 0 0 0 0 0 0 0 0 0 0 
521 9 0 0 0 0 0 0 0 0 0 0 0 
522 9 0 0 0 0 0 0 0 0 0 0 0 
523 9 0 0 0 0 0 0 0 0 0 0 0 
524 9 0 0 0 0 0 0 0 0 0 0 0 
525 9 0 0 0 0 0 0 0 0 0 0 0 
526 9 0 0 0 0 0 0 0 0 0 0 0 
527 9 0 0 0 0 0 0 0 0 0 0 0 
528 9 0 0 0 0 0 0 0 0 0 0 0 
529 9 0 0 0 0 0 0 0 0 0 0 0 
530 9 0 0 0 0 0 0 0 0 0 0 0 
531 9 0 0 0 0 0 0 0 0 0 0 0 
532 9 0 0 0 0 0 0 0 0 0 0 0 
533 9 0 0 0 0 0 0 0 0 0 0 0 
534 9 0 0 0 0 0 0 0 0 0 0 0 
535 9 0 0 0 0 0 0 0 0 0 0 0 
536 9 0 0 0 0 0 0 0 0 0 0 0 
537 9 0 0 0 0 0 0 0 0 0 0 0 
538 9 0 0 0 0 0 0 0 0 0 0 0 
539 9 0 0 0 0 0 0 0 0 0 0 0 
540 9 0 0 0 0 0 0 0 0 0 0 0 
541 9 0 0 0 0 0 0 0 0 0 0 0 
542 9 0 0 0 0 0 0 0 0 0 0 0 
543 9 0 0 0 0 0 0 0 0 0 0 0 
544 9 0 0 0 0 0 0 0 0 0 0 0 
545 9 0 0 0 0 0 0 0 0 0 0 0 
546 9 0 0 0 0 0 0 0 0 0 0 0 
547 9 0 0 0 0 0 0 0 0 0 0 0 
548 9 0 0 0 0 0 0 0 0 0 0 0 
549 9 0 0 0 0 0 0 0 0 0 0 0 
550 9 0 0 0 0 0 0 0 0 0 0 0 
551 9 0 0 0 0 0 0 0 0 0 0 0 
552 9 0 0 0 0 0 0 0 0 0 0 0 
553 9 0 0 0 0 0 0 0 0 0 0 0 
554 9 0 0 0 0 0 0 0 0 0 0 0 
555 9 0 0 0 0 0 0 0 0 0 0 0 
556 9 0 0 0 0 0 0 0 0 0 0 0 
557 9 0 0 0 0 0 0 0 0 0 0 0 
558 9 0 0 0 0 0 0 0 0 0 0 0 
559 9 0 0 0 0 0 0 0 0 0 0 0 
560 9 0 0 0 0 0 0 0 0 0 0 0 
561 9 0 0 0 0 0 0 0 0 0 0 0 
562 9 0 0 0 0 0 0 0 0 0 0 0 
563 9 0 0 0 0 0 0 0 0 0 0 0 
564 9 0 0 0 0 0 0 0 0 0 0 0 
565 9 0 0 0 0 0 0 0 0 0 0 0 
566 9 0 0 0 0 0 0 0 0 0 0 0 
567 9 0 0 0 0 0 0 0 0 0 0 0 
568 9 0 0 0 0 0 0 0 0 0 0 0 
569 9 0 0 0 0 0 0 0 0 0 0 0 
570 9 0 0 0 0 0 0 0 0 0 0 0 
571 9 0 0 0 0 0 0 0 0 0 0 0 
572 9 0 0 0 0 0 0 0 0 0 0 0 
573 9 0 0 0 0 0 0 0 0 0 0 0 
574 9 0 0 0 0 0 0 0 0 0 0 0 
575 9 0 0 0 0 0 0 0 0 0 0 0 
576 9 0 0 0 0 0 0 0 0 0 0 0 
577 9 0 0 0 0 0 0 0 0 0 0 0 
578 9 0 0 0 0 0 0 0 0 0 0 0 
579 9 0 0 0 0 0 0 0 0 0 0 0 
580 9 0 0 0 0 0 0 0 0 0 0 0 
581 9 0 0 0 0 0 0 0 0 0 0 0 
582 9 0 0 0 0 0 0 0 0 0 0 0 
583 9 0 0 0 0 0 0 0 0 0 0 0 
584 9 0 0 0 0 0 0 0 0 0 0 0 
585 9 0 0 0 0 0 0 0 0 0 0 0 
586 9 0 0 0 0 0 0 0 0 0 0 0 
587 9 0 0 0 0 0 0 0 0 0 0 0 
588 9 0 0 0 0 0 0 0 0 0 0 0 
589 9 0 0 0 0 0 0 0 0 0 0 0 
590 9 0 0 0 0 0 0 0 0 0 0 0 
591 9 0 0 0 0 0 0 0 0 0 0 0 
592 9 0 0 0 0 0 0 0 0 0 0 0 
593 9 0 0 0 0 0 0 0 0 0 0 0 
594 9 0 0 0 0 0 0 0 0 0 0 0 
595 9 0 0 0 0 0 0 0 0 0 0 0 
596 9 0 0 0 0 0 0 0 0 0 0 0 
597 9 0 0 0 0 0 0 0 0 0 0 0 
598 9 0 0 0 0 0 0 0 0 0 0 0 
599 9 0 0 0 0 0 0 0 0 0 0 0 
600 9 0 0 0 0 0 0 0 0 0 0 0 
601 9 0 0 0 0 0 0 0 0 0 0 0 
602 9 0 0 0 0 0 0 0 0 0 0 0 
603 9 0 0 0 0 0 0 0 0 0 0 0 
604 9 0 0 0 0 0 0 0 0 0 0 0 
605 9 0 0 0 0 0 0 0 0 0 0 0 
606 9 0 0 0 0 0 0 0 0 0 0 0 
607 9 0 0 0 0 0 0 0 0 0 0 0 
608 9 0 0 0 0 0 0 0 0 0 0 0 
609 9 0 0 0 0 0 0 0 0 0 0 0 
610 9 0 0 0 0 0 0 0 0 0 0 0 
611 9 0 0 0 0 0 0 0 0 0 0 0 
612 9 0 0 0 0 0 0 0 0 0 0 0 
613 9 0 0 0 0 0 0 0 0 0 0 0 
614 9 0 0 0 0 0 0 0 0 0 0 0 
615 9 0 0 0 0 0 0 0 0 0 0 0 
616 9 0 0 0 0 0 0 0 0 0 0 0 
617 9 0 0 0 0 0 0 0 0 0 0 0 
618 9 0 0 0 0 0 0 0 0 0 0 0 
619 9 0 0 0 0 0 0 0 0 0 0 0 
620 9 0 0 0 0 0 0 0 0 0 0 0 
621 9 0 0 0 0 0 0 0 0 0 0 0 
622 9 0 0 0 0 0 0 0 0 0 0 0 
623 9 0 0 0 0 0 0 0 0 0 0 0 
624 9 0 0 0 0 0 0 0 0 0 0 0 
625 9 0 0 0 0 0 0 0 0 0 0 0 
626 9 0 0 0 0 0 0 0 0 0 0 0 
627 9 0 0 0 0 0 0 0 0 0 0 0 
628 9 0 0 0 0 0 0 0 0 0 0 0 
629 9 0 0 0 0 0 0 0 0 0 0 0 
630 9 0 0 0 0 0 0 0 0 0 0 0 
631 9 0 0 0 0 0 0 0 0 0 0 0 
632 9 0 0 0 0 0 0 0 0 0 0 0 
633 9 0 0 0 0 0 0 0 0 0 0 0 
634 9 0 0 0 0 0 0 0 0 0 0 0 
635 9 0 0 0 0 0 0 0 0 0 0 0 
636 9 0 0 0 0 0 0 0 0 0 0 0 
637 9 0 0 0 0 0 0 0 0 0 0 0 
638 9 0 0 0 0 0 0 0 0 0 0 0 
639 9 0 0 0 0 0 0 0 0 0 0 0 
640 9 0 0 0 0 0 0 0 0 0 0 0 
641 9 0 0 0 0 0 0 0 0 0 0 0 
642 9 0 0 0 0 0 0 0 0 0 0 0 
643 9 0 0 0 0 0 0 0 0 0 0 0 
644 9 0 0 0 0 0 0 0 0 0 0 0 
645 9 0 0 0 0 0 0 0 0 0 0 0 
646 9 0 0 0 0 0 0 0 0 0 0 0 
647 9 0 0 0 0 0 0 0 0 0 0 0 
648 9 0 0 0 0 0 0 0 0 0 0 0 
649 9 -1 24 34 0 0 31 29 0 0 2 -11 
650 9 -1 22 44 0 0 2 26 0 0 15 19 
651 9 7 0 0 0 0 0 0 0 0 0 0 
652 9 8 0 0 0 0 0 0 0 0 0 0 
653 9 0 0 0 0 0 0 0 0 0 0 0 
654 9 0 0 0 0 0 0 0 0 0 0 0 
655 9 0 0 0 0 0 0 0 0 0 0 0 
656 9 0 0 0 0 0 0 0 0 0 0 0 
657 9 0 0 0 0 0 0 0 0 0 0 0 
658 9 0 0 0 0 0 0 0 0 0 0 0 
659 9 0 0 0 0 0 0 0 0 0 0 0 
660 9 0 0 0 0 0 0 0 0 0 0 0 
661 9 0 0 0 0 0 0 0 0 0 0 0 
662 9 0 0 0 0 0 0 0 0 0 0 0 
663 9 0 0 0 0 0 0 0 0 0 0 0 
664 9 0 0 0 0 0 0 0 0 0 0 0 
665 9 0 0 0 0 0 0 0 0 0 0 0 
666 9 0 0 0 0 0 0 0 0 0 0 0 
667 9 0 0 0 0 0 0 0 0 0 0 0 
668 9 0 0 0 0 0 0 0 0 0 0 0 
669 9 0 0 0 0 0 0 0 0 0 0 0 
670 9 0 0 0 0 0 0 0 0 0 0 0 
671 9 0 0 0 0 0 0 0 0 0 0 0 
672 9 0 0 0 0 0 0 0 0 0 0 0 
673 9 0 0 0 0 0 0 0 0 0 0 0 
674 9 0 0 0 0 0 0 0 0 0 0 0 
675 9 0 0 0 0 0 0 0 0 0 0 0 
676 9 0 0 0 0 0 0 0 0 0 0 0 
677 9 0 0 0 0 0 0 0 0 0 0 0 
678 9 0 0 0 0 0 0 0 0 0 0 0 
679 9 13 0 0 0 0 0 0 0 0 0 0 
680 9 -1 4 22 0 0 14 45 0 0 12 -114 
681 9 16 0 0 0 0 0 0 0 0 0 0 
682 9 17 0 0 0 0 0 0 0 0 0 0 
683 9 0 0 0 0 0 0 0 0 0 0 0 
684 9 0 0 0 0 0 0 0 0 0 0 0 
685 9 0 0 0 0 0 0 0 0 0 0 0 
686 9 0 0 0 0 0 0 0 0 0 0 0 
687 9 0 0 0 0 0 0 0 0 0 0 0 
688 9 0 0 0 0 0 0 0 0 0 0 0 
689 9 0 0 0 0 0 0 0 0 0 0 0 
690 9 0 0 0 0 0 0 0 0 0 0 0 
691 9 20 0 0 0 0 0 0 0 0 0 0 
692 9 -1 46 24 0 0 29 26 0 0 20 3 
693 9 -1 31 44 0 0 4 43 0 0 2 32 
694 9 -1 19 19 0 0 43 28 0 0 17 -3 
695 9 0 0 0 0 0 0 0 0 0 0 0 
696 9 0 0 0 0 0 0 0 0 0 0 0 
697 9 0 0 0 0 0 0 0 0 0 0 0 
698 9 0 0 0 0 0 0 0 0 0 0 0 
699 9 0 0 0 0 0 0 0 0 0 0 0 
700 9 0 0 0 0 0 0 0 0 0 0 0 
701 9 0 0 0 0 0 0 0 0 0 0 0 
702 9 0 0 0 0 0 0 0 0 0 0 0 
703 9 0 0 0 0 0 0 0 0 0 0 0 
704 9 0 0 0 0 0 0 0 0 0 0 0 
705 9 0 0 0 0 0 0 0 0 0 0 0 
706 9 0 0 0 0 0 0 0 0 0 0 0 
707 9 0 0 0 0 0 0 0 0 0 0 0 
708 9 0 0 0 0 0 0 0 0 0 0 0 
709 9 0 0 0 0 0 0 0 0 0 0 0 
710 9 0 0 0 0 0 0 0 0 0 0 0 
711 9 0 0 0 0 0 0 0 0 0 0 0 
712 9 0 0 0 0 0 0 0 0 0 0 0 
713 9 0 0 0 0 0 0 0 0 0 0 0 
714 9 0 0 0 0 0 0 0 0 0 0 0 
715 9 0 0 0 0 0 0 0 0 0 0 0 
716 9 0 0 0 0 0 0 0 0 0 0 0 
717 9 0 0 0 0 0 0 0 0 0 0 0 
718 9 0 0 0 0 0 0 0 0 0 0 0 
719 9 0 0 0 0 0 0 0 0 0 0 0 
720 9 0 0 0 0 0 0 0 0 0 0 0 
721 9 0 0 0 0 0 0 0 0 0 0 0 
722 9 0 0 0 0 0 0 0 0 0 0 0 
723 9 0 0 0 0 0 0 0 0 0 0 0 
724 9 0 0 0 0 0 0 0 0 0 0 0 
725 9 0 0 0 0 0 0 0 0 0 0 0 
726 9 0 0 0 0 0 0 0 0 0 0 0 
727 9 0 0 0 0 0 0 0 0 0 0 0 
728 9 0 0 0 0 0 0 0 0 0 0 0 
729 9 0 0 0 0 0 0 0 0 0 0 0 
730 9 0 0 0 0 0 0 0 0 0 0 0 
731 9 -1 2 16 0 0 22 14 0 0 4 15 
732 9 35 0 0 0 0 0 0 0 0 0 0 
733 9 0 0 0 0 0 0 0 0 0 0 0 
734 9 0 0 0 0 0 0 0 0 0 0 0 
735 9 0 0 0 0 0 0 0 0 0 0 0 
736 9 0 0 0 0 0 0 0 0 0 0 0 
737 9 0 0 0 0 0 0 0 0 0 0 0 
738 9 0 0 0 0 0 0 0 0 0 0 0 
739 9 0 0 0 0 0 0 0 0 0 0 0 
740 9 0 0 0 0 0 0 0 0 0 0 0 
741 9 0 0 0 0 0 0 0 0 0 0 0 
742 9 0 0 0 0 0 0 0 0 0 0 0 
743 9 0 0 0 0 0 0 0 0 0 0 0 
744 9 0 0 0 0 0 0 0 0 0 0 0 
745 9 0 0 0 0 0 0 0 0 0 0 0 
746 9 0 0 0 0 0 0 0 0 0 0 0 
747 9 0 0 0 0 0 0 0 0 0 0 0 
748 9 0 0 0 0 0 0 0 0 0 0 0 
749 9 0 0 0 0 0 0 0 0 0 0 0 
750 9 0 0 0 0 0 0 0 0 0 0 0 
751 9 0 0 0 0 0 0 0 0 0 0 0 
752 9 0 0 0 0 0 0 0 0 0 0 0 
753 9 0 0 0 0 0 0 0 0 0 0 0 
754 9 0 0 0 0 0 0 0 0 0 0 0 
755 9 0 0 0 0 0 0 0 0 0 0 0 
756 9 0 0 0 0 0 0 0 0 0 0 0 
757 9 0 0 0 0 0 0 0 0 0 0 0 
758 9 0 0 0 0 0 0 0 0 0 0 0 
759 9 0 0 0 0 0 0 0 0 0 0 0 
760 9 0 0 0 0 0 0 0 0 0 0 0 
761 9 0 0 0 0 0 0 0 0 0 0 0 
762 9 0 0 0 0 0 0 0 0 0 0 0 
763 9 0 0 0 0 0 0 0 0 0 0 0 
764 9 0 0 0 0 0 0 0 0 0 0 0 
765 9 0 0 0 0 0 0 0 0 0 0 0 
766 9 0 0 0 0 0 0 0 0 0 0 0 
767 9 44 0 0 0 0 0 0 0 0 0 0 
768 9 45 0 0 0 0 0 0 0 0 0 0 
769 9 0 0 0 0 0 0 0 0 0 0 0 
770 9 0 0 0 0 0 0 0 0 0 0 0 
771 9 47 0 0 0 0 0 0 0 0 0 0 
772 9 48 0 0 0 0 0 0 0 0 0 0 
773 9 0 0 0 0 0 0 0 0 0 0 0 
774 9 0 0 0 0 0 0 0 0 0 0 0 
775 9 -1 8 4 0 0 1 43 0 0 17 -20 
776 9 -1 21 7 12 5 39 36 8 1 32 775 
777 9 54 0 0 0 0 0 0 0 0 0 0 
778 9 55 0 0 0 0 0 0 0 0 0 0 
779 9 0 0 0 0 0 0 0 0 0 0 0 
780 9 0 0 0 0 0 0 0 0 0 0 0 
781 9 57 0 0 0 0 0 0 0 0 0 0 
782 9 58 0 0 0 0 0 0 0 0 0 0 
783 9 0 0 0 0 0 0 0 0 0 0 0 
784 9 0 0 0 0 0 0 0 0 0 0 0 
785 9 0 0 0 0 0 0 0 0 0 0 0 
786 9 0 0 0 0 0 0 0 0 0 0 0 
787 9 0 0 0 0 0 0 0 0 0 0 0 
788 9 0 0 0 0 0 0 0 0 0 0 0 
789 9 0 0 0 0 0 0 0 0 0 0 0 
790 9 0 0 0 0 0 0 0 0 0 0 0 
791 9 0 0 0 0 0 0 0 0 0 0 0 
792 9 0 0 0 0 0 0 0 0 0 0 0 
793 9 0 0 0 0 0 0 0 0 0 0 0 
794 9 0 0 0 0 0 0 0 0 0 0 0 
795 9 62 0 0 0 0 0 0 0 0 0 0 
796 9 -1 0 6 8 5 41 23 1 8 32 1458 
797 9 65 0 0 0 0 0 0 0 0 0 0 
798 9 66 0 0 0 0 0 0 0 0 0 0 
799 9 67 0 0 0 0 0 0 0 0 0 0 
800 9 68 0 0 0 0 0 0 0 0 0 0 
801 9 69 0 0 0 0 0 0 0 0 0 0 
802 9 70 0 0 0 0 0 0 0 0 0 0 
803 9 0 0 0 0 0 0 0 0 0 0 0 
804 9 0 0 0 0 0 0 0 0 0 0 0 
805 9 0 0 0 0 0 0 0 0 0 0 0 
806 9 0 0 0 0 0 0 0 0 0 0 0 
807 9 72 0 0 0 0 0 0 0 0 0 0 
808 9 73 0 0 0 0 0 0 0 0 0 0 
809 9 0 0 0 0 0 0 0 0 0 0 0 
810 9 0 0 0 0 0 0 0 0 0 0 0 
811 9 75 0 0 0 0 0 0 0 0 0 0 
812 9 76 0 0 0 0 0 0 0 0 0 0 
813 9 -1 4 15 7 16 29 40 8 1 32 626 
814 9 79 0 0 0 0 0 0 0 0 0 0 
815 9 0 0 0 0 0 0 0 0 0 0 0 
816 9 0 0 0 0 0 0 0 0 0 0 0 
817 9 -1 6 0 0 0 5 26 0 0 5 22 
818 9 -1 41 20 0 0 16 0 0 0 2 10 
819 9 0 0 0 0 0 0 0 0 0 0 0 
820 9 0 0 0 0 0 0 0 0 0 0 0 
821 9 86 0 0 0 0 0 0 0 0 0 0 
822 9 87 0 0 0 0 0 0 0 0 0 0 
823 9 88 0 0 0 0 0 0 0 0 0 0 
824 9 -1 15 16 2 9 39 46 8 1 32 360 
825 9 0 0 0 0 0 0 0 0 0 0 0 
826 9 0 0 0 0 0 0 0 0 0 0 0 
827 9 0 0 0 0 0 0 0 0 0 0 0 
828 9 0 0 0 0 0 0 0 0 0 0 0 
829 9 0 0 0 0 0 0 0 0 0 0 0 
830 9 0 0 0 0 0 0 0 0 0 0 0 
831 9 0 0 0 0 0 0 0 0 0 0 0 
832 9 0 0 0 0 0 0 0 0 0 0 0 
833 9 0 0 0 0 0 0 0 0 0 0 0 
834 9 0 0 0 0 0 0 0 0 0 0 0 
835 9 0 0 0 0 0 0 0 0 0 0 0 
836 9 0 0 0 0 0 0 0 0 0 0 0 
837 9 0 0 0 0 0 0 0 0 0 0 0 
838 9 0 0 0 0 0 0 0 0 0 0 0 
839 9 0 0 0 0 0 0 0 0 0 0 0 
840 9 0 0 0 0 0 0 0 0 0 0 0 
841 9 0 0 0 0 0 0 0 0 0 0 0 
842 9 0 0 0 0 0 0 0 0 0 0 0 
843 9 0 0 0 0 0 0 0 0 0 0 0 
844 9 0 0 0 0 0 0 0 0 0 0 0 
845 9 0 0 0 0 0 0 0 0 0 0 0 
846 9 0 0 0 0 0 0 0 0 0 0 0 
847 9 0 0 0 0 0 0 0 0 0 0 0 
848 9 0 0 0 0 0 0 0 0 0 0 0 
849 9 0 0 0 0 0 0 0 0 0 0 0 
850 9 0 0 0 0 0 0 0 0 0 0 0 
851 9 0 0 0 0 0 0 0 0 0 0 0 
852 9 0 0 0 0 0 0 0 0 0 0 0 
853 9 0 0 0 0 0 0 0 0 0 0 0 
854 9 0 0 0 0 0 0 0 0 0 0 0 
855 9 0 0 0 0 0 0 0 0 0 0 0 
856 9 0 0 0 0 0 0 0 0 0 0 0 
857 9 0 0 0 0 0 0 0 0 0 0 0 
858 9 0 0 0 0 0 0 0 0 0 0 0 
859 9 0 0 0 0 0 0 0 0 0 0 0 
860 9 0 0 0 0 0 0 0 0 0 0 0 
861 9 0 0 0 0 0 0 0 0 0 0 0 
862 9 0 0 0 0 0 0 0 0 0 0 0 
863 9 0 0 0 0 0 0 0 0 0 0 0 
864 9 0 0 0 0 0 0 0 0 0 0 0 
865 9 0 0 0 0 0 0 0 0 0 0 0 
866 9 0 0 0 0 0 0 0 0 0 0 0 
867 9 0 0 0 0 0 0 0 0 0 0 0 
868 9 0 0 0 0 0 0 0 0 0 0 0 
869 9 0 0 0 0 0 0 0 0 0 0 0 
870 9 0 0 0 0 0 0 0 0 0 0 0 
871 9 0 0 0 0 0 0 0 0 0 0 0 
872 9 0 0 0 0 0 0 0 0 0 0 0 
873 9 0 0 0 0 0 0 0 0 0 0 0 
874 9 0 0 0 0 0 0 0 0 0 0 0 
875 9 0 0 0 0 0 0 0 0 0 0 0 
876 9 0 0 0 0 0 0 0 0 0 0 0 
877 9 0 0 0 0 0 0 0 0 0 0 0 
878 9 0 0 0 0 0 0 0 0 0 0 0 
879 9 0 0 0 0 0 0 0 0 0 0 0 
880 9 0 0 0 0 0 0 0 0 0 0 0 
881 9 0 0 0 0 0 0 0 0 0 0 0 
882 9 0 0 0 0 0 0 0 0 0 0 0 
883 9 0 0 0 0 0 0 0 0 0 0 0 
884 9 0 0 0 0 0 0 0 0 0 0 0 
885 9 0 0 0 0 0 0 0 0 0 0 0 
886 9 0 0 0 0 0 0 0 0 0 0 0 
887 9 0 0 0 0 0 0 0 0 0 0 0 
888 9 0 0 0 0 0 0 0 0 0 0 0 
889 9 0 0 0 0 0 0 0 0 0 0 0 
890 9 0 0 0 0 0 0 0 0 0 0 0 
891 9 0 0 0 0 0 0 0 0 0 0 0 
892 9 0 0 0 0 0 0 0 0 0 0 0 
893 9 0 0 0 0 0 0 0 0 0 0 0 
894 9 0 0 0 0 0 0 0 0 0 0 0 
895 9 0 0 0 0 0 0 0 0 0 0 0 
896 9 0 0 0 0 0 0 0 0 0 0 0 
897 9 0 0 0 0 0 0 0 0 0 0 0 
898 9 0 0 0 0 0 0 0 0 0 0 0 
899 9 0 0 0 0 0 0 0 0 0 0 0 
900 9 0 0 0 0 0 0 0 0 0 0 0 
901 9 0 0 0 0 0 0 0 0 0 0 0 
902 9 0 0 0 0 0 0 0 0 0 0 0 
903 9 -1 14 7 3 14 37 43 10 3 32 -45 
904 9 -1 21 0 18 8 41 13 4 34 32 -620 
905 9 111 0 0 0 0 0 0 0 0 0 0 
906 9 -1 1 43 0 0 39 21 0 0 18 15 
907 9 -1 22 17 9 22 45 43 1 3 32 1777 
908 9 -1 2 7 1 17 17 45 25 2 32 -261 
909 9 -1 28 8 0 0 16 42 0 0 17 22 
910 9 120 0 0 0 0 0 0 0 0 0 0 
911 9 0 0 0 0 0 0 0 0 0 0 0 
912 9 0 0 0 0 0 0 0 0 0 0 0 
913 9 0 0 0 0 0 0 0 0 0 0 0 
914 9 0 0 0 0 0 0 0 0 0 0 0 
915 9 0 0 0 0 0 0 0 0 0 0 0 
916 9 0 0 0 0 0 0 0 0 0 0 0 
917 9 0 0 0 0 0 0 0 0 0 0 0 
918 9 0 0 0 0 0 0 0 0 0 0 0 
919 9 0 0 0 0 0 0 0 0 0 0 0 
920 9 0 0 0 0 0 0 0 0 0 0 0 
921 9 0 0 0 0 0 0 0 0 0 0 0 
922 9 0 0 0 0 0 0 0 0 0 0 0 
923 9 0 0 0 0 0 0 0 0 0 0 0 
924 9 0 0 0 0 0 0 0 0 0 0 0 
925 9 0 0 0 0 0 0 0 0 0 0 0 
926 9 0 0 0 0 0 0 0 0 0 0 0 
927 9 0 0 0 0 0 0 0 0 0 0 0 
928 9 0 0 0 0 0 0 0 0 0 0 0 
929 9 0 0 0 0 0 0 0 0 0 0 0 
930 9 0 0 0 0 0 0 0 0 0 0 0 
931 9 0 0 0 0 0 0 0 0 0 0 0 
932 9 0 0 0 0 0 0 0 0 0 0 0 
933 9 0 0 0 0 0 0 0 0 0 0 0 
934 9 0 0 0 0 0 0 0 0 0 0 0 
935 9 0 0 0 0 0 0 0 0 0 0 0 
936 9 0 0 0 0 0 0 0 0 0 0 0 
937 9 0 0 0 0 0 0 0 0 0 0 0 
938 9 0 0 0 0 0 0 0 0 0 0 0 
939 9 0 0 0 0 0 0 0 0 0 0 0 
940 9 0 0 0 0 0 0 0 0 0 0 0 
941 9 0 0 0 0 0 0 0 0 0 0 0 
942 9 0 0 0 0 0 0 0 0 0 0 0 
943 9 0 0 0 0 0 0 0 0 0 0 0 
944 9 0 0 0 0 0 0 0 0 0 0 0 
945 9 0 0 0 0 0 0 0 0 0 0 0 
946 9 0 0 0 0 0 0 0 0 0 0 0 
947 9 0 0 0 0 0 0 0 0 0 0 0 
948 9 0 0 0 0 0 0 0 0 0 0 0 
949 9 0 0 0 0 0 0 0 0 0 0 0 
950 9 0 0 0 0 0 0 0 0 0 0 0 
951 9 0 0 0 0 0 0 0 0 0 0 0 
952 9 0 0 0 0 0 0 0 0 0 0 0 
953 9 0 0 0 0 0 0 0 0 0 0 0 
954 9 0 0 0 0 0 0 0 0 0 0 0 
955 9 0 0 0 0 0 0 0 0 0 0 0 
956 9 0 0 0 0 0 0 0 0 0 0 0 
957 9 0 0 0 0 0 0 0 0 0 0 0 
958 9 0 0 0 0 0 0 0 0 0 0 0 
959 9 0 0 0 0 0 0 0 0 0 0 0 
960 9 0 0 0 0 0 0 0 0 0 0 0 
961 9 0 0 0 0 0 0 0 0 0 0 0 
962 9 0 0 0 0 0 0 0 0 0 0 0 
963 9 0 0 0 0 0 0 0 0 0 0 0 
964 9 0 0 0 0 0 0 0 0 0 0 0 
965 9 0 0 0 0 0 0 0 0 0 0 0 
966 9 0 0 0 0 0 0 0 0 0 0 0 
967 9 0 0 0 0 0 0 0 0 0 0 0 
968 9 0 0 0 0 0 0 0 0 0 0 0 
969 9 0 0 0 0 0 0 0 0 0 0 0 
970 9 0 0 0 0 0 0 0 0 0 0 0 
971 9 0 0 0 0 0 0 0 0 0 0 0 
972 9 0 0 0 0 0 0 0 0 0 0 0 
973 9 0 0 0 0 0 0 0 0 0 0 0 
974 9 0 0 0 0 0 0 0 0 0 0 0 
975 9 0 0 0 0 0 0 0 0 0 0 0 
976 9 0 0 0 0 0 0 0 0 0 0 0 
977 9 0 0 0 0 0 0 0 0 0 0 0 
978 9 0 0 0 0 0 0 0 0 0 0 0 
979 9 0 0 0 0 0 0 0 0 0 0 0 
980 9 0 0 0 0 0 0 0 0 0 0 0 
981 9 0 0 0 0 0 0 0 0 0 0 0 
982 9 0 0 0 0 0 0 0 0 0 0 0 
983 9 0 0 0 0 0 0 0 0 0 0 0 
984 9 0 0 0 0 0 0 0 0 0 0 0 
985 9 0 0 0 0 0 0 0 0 0 0 0 
986 9 0 0 0 0 0 0 0 0 0 0 0 
987 9 0 0 0 0 0 0 0 0 0 0 0 
988 9 0 0 0 0 0 0 0 0 0 0 0 
989 9 0 0 0 0 0 0 0 0 0 0 0 
990 9 0 0 0 0 0 0 0 0 0 0 0 
991 9 0 0 0 0 0 0 0 0 0 0 0 
992 9 0 0 0 0 0 0 0 0 0 0 0 
993 9 0 0 0 0 0 0 0 0 0 0 0 
994 9 0 0 0 0 0 0 0 0 0 0 0 
995 9 0 0 0 0 0 0 0 0 0 0 0 
996 9 0 0 0 0 0 0 0 0 0 0 0 
997 9 0 0 0 0 0 0 0 0 0 0 0 
998 9 0 0 0 0 0 0 0 0 0 0 0 
999 9 0 0 0 0 0 0 0 0 0 0 0 
1000 9 0 0 0 0 0 0 0 0 0 0 0 
1001 9 0 0 0 0 0 0 0 0 0 0 0 
1002 9 0 0 0 0 0 0 0 0 0 0 0 
1003 9 0 0 0 0 0 0 0 0 0 0 0 
1004 9 0 0 0 0 0 0 0 0 0 0 0 
1005 9 0 0 0 0 0 0 0 0 0 0 0 
1006 9 0 0 0 0 0 0 0 0 0 0 0 
1007 9 0 0 0 0 0 0 0 0 0 0 0 
1008 9 0 0 0 0 0 0 0 0 0 0 0 
1009 9 0 0 0 0 0 0 0 0 0 0 0 
1010 9 0 0 0 0 0 0 0 0 0 0 0 
1011 9 0 0 0 0 0 0 0 0 0 0 0 
1012 9 0 0 0 0 0 0 0 0 0 0 0 
1013 9 0 0 0 0 0 0 0 0 0 0 0 
1014 9 0 0 0 0 0 0 0 0 0 0 0 
1015 9 0 0 0 0 0 0 0 0 0 0 0 
1016 9 0 0 0 0 0 0 0 0 0 0 0 
1017 9 0 0 0 0 0 0 0 0 0 0 0 
1018 9 0 0 0 0 0 0 0 0 0 0 0 
1019 9 0 0 0 0 0 0 0 0 0 0 0 
1020 9 0 0 0 0 0 0 0 0 0 0 0 
1021 9 0 0 0 0 0 0 0 0 0 0 0 
1022 9 0 0 0 0 0 0 0 0 0 0 0 
1023 10 0 0 0 0 0 0 0 0 0 0 0 
1024 10 0 0 0 0 0 0 0 0 0 0 0 
1025 10 0 0 0 0 0 0 0 0 0 0 0 
1026 10 0 0 0 0 0 0 0 0 0 0 0 
1027 10 0 0 0 0 0 0 0 0 0 0 0 
1028 10 0 0 0 0 0 0 0 0 0 0 0 
1029 10 0 0 0 0 0 0 0 0 0 0 0 
1030 10 0 0 0 0 0 0 0 0 0 0 0 
1031 10 0 0 0 0 0 0 0 0 0 0 0 
1032 10 0 0 0 0 0 0 0 0 0 0 0 
1033 10 0 0 0 0 0 0 0 0 0 0 0 
1034 10 0 0 0 0 0 0 0 0 0 0 0 
1035 10 0 0 0 0 0 0 0 0 0 0 0 
1036 10 0 0 0 0 0 0 0 0 0 0 0 
1037 10 0 0 0 0 0 0 0 0 0 0 0 
1038 10 0 0 0 0 0 0 0 0 0 0 0 
1039 10 0 0 0 0 0 0 0 0 0 0 0 
1040 10 0 0 0 0 0 0 0 0 0 0 0 
1041 10 0 0 0 0 0 0 0 0 0 0 0 
1042 10 0 0 0 0 0 0 0 0 0 0 0 
1043 10 0 0 0 0 0 0 0 0 0 0 0 
1044 10 0 0 0 0 0 0 0 0 0 0 0 
1045 10 0 0 0 0 0 0 0 0 0 0 0 
1046 10 0 0 0 0 0 0 0 0 0 0 0 
1047 10 0 0 0 0 0 0 0 0 0 0 0 
1048 10 0 0 0 0 0 0 0 0 0 0 0 
1049 10 0 0 0 0 0 0 0 0 0 0 0 
1050 10 0 0 0 0 0 0 0 0 0 0 0 
1051 10 0 0 0 0 0 0 0 0 0 0 0 
1052 10 0 0 0 0 0 0 0 0 0 0 0 
1053 10 0 0 0 0 0 0 0 0 0 0 0 
1054 10 0 0 0 0 0 0 0 0 0 0 0 
1055 10 0 0 0 0 0 0 0 0 0 0 0 
1056 10 0 0 0 0 0 0 0 0 0 0 0 
1057 10 0 0 0 0 0 0 0 0 0 0 0 
1058 10 0 0 0 0 0 0 0 0 0 0 0 
1059 10 0 0 0 0 0 0 0 0 0 0 0 
1060 10 0 0 0 0 0 0 0 0 0 0 0 
1061 10 0 0 0 0 0 0 0 0 0 0 0 
1062 10 0 0 0 0 0 0 0 0 0 0 0 
1063 10 0 0 0 0 0 0 0 0 0 0 0 
1064 10 0 0 0 0 0 0 0 0 0 0 0 
1065 10 0 0 0 0 0 0 0 0 0 0 0 
1066 10 0 0 0 0 0 0 0 0 0 0 0 
1067 10 0 0 0 0 0 0 0 0 0 0 0 
1068 10 0 0 0 0 0 0 0 0 0 0 0 
1069 10 0 0 0 0 0 0 0 0 0 0 0 
1070 10 0 0 0 0 0 0 0 0 0 0 0 
1071 10 0 0 0 0 0 0 0 0 0 0 0 
1072 10 0 0 0 0 0 0 0 0 0 0 0 
1073 10 0 0 0 0 0 0 0 0 0 0 0 
1074 10 0 0 0 0 0 0 0 0 0 0 0 
1075 10 0 0 0 0 0 0 0 0 0 0 0 
1076 10 0 0 0 0 0 0 0 0 0 0 0 
1077 10 0 0 0 0 0 0 0 0 0 0 0 
1078 10 0 0 0 0 0 0 0 0 0 0 0 
1079 10 0 0 0 0 0 0 0 0 0 0 0 
1080 10 0 0 0 0 0 0 0 0 0 0 0 
1081 10 0 0 0 0 0 0 0 0 0 0 0 
1082 10 0 0 0 0 0 0 0 0 0 0 0 
1083 10 0 0 0 0 0 0 0 0 0 0 0 
1084 10 0 0 0 0 0 0 0 0 0 0 0 
1085 10 0 0 0 0 0 0 0 0 0 0 0 
1086 10 0 0 0 0 0 0 0 0 0 0 0 
1087 10 0 0 0 0 0 0 0 0 0 0 0 
1088 10 0 0 0 0 0 0 0 0 0 0 0 
1089 10 0 0 0 0 0 0 0 0 0 0 0 
1090 10 0 0 0 0 0 0 0 0 0 0 0 
1091 10 0 0 0 0 0 0 0 0 0 0 0 
1092 10 0 0 0 0 0 0 0 0 0 0 0 
1093 10 0 0 0 0 0 0 0 0 0 0 0 
1094 10 0 0 0 0 0 0 0 0 0 0 0 
1095 10 0 0 0 0 0 0 0 0 0 0 0 
1096 10 0 0 0 0 0 0 0 0 0 0 0 
1097 10 0 0 0 0 0 0 0 0 0 0 0 
1098 10 0 0 0 0 0 0 0 0 0 0 0 
1099 10 0 0 0 0 0 0 0 0 0 0 0 
1100 10 0 0 0 0 0 0 0 0 0 0 0 
1101 10 0 0 0 0 0 0 0 0 0 0 0 
1102 10 0 0 0 0 0 0 0 0 0 0 0 
1103 10 0 0 0 0 0 0 0 0 0 0 0 
1104 10 0 0 0 0 0 0 0 0 0 0 0 
1105 10 0 0 0 0 0 0 0 0 0 0 0 
1106 10 0 0 0 0 0 0 0 0 0 0 0 
1107 10 0 0 0 0 0 0 0 0 0 0 0 
1108 10 0 0 0 0 0 0 0 0 0 0 0 
1109 10 0 0 0 0 0 0 0 0 0 0 0 
1110 10 0 0 0 0 0 0 0 0 0 0 0 
1111 10 0 0 0 0 0 0 0 0 0 0 0 
1112 10 0 0 0 0 0 0 0 0 0 0 0 
1113 10 0 0 0 0 0 0 0 0 0 0 0 
1114 10 0 0 0 0 0 0 0 0 0 0 0 
1115 10 0 0 0 0 0 0 0 0 0 0 0 
1116 10 0 0 0 0 0 0 0 0 0 0 0 
1117 10 0 0 0 0 0 0 0 0 0 0 0 
1118 10 0 0 0 0 0 0 0 0 0 0 0 
1119 10 0 0 0 0 0 0 0 0 0 0 0 
1120 10 0 0 0 0 0 0 0 0 0 0 0 
1121 10 0 0 0 0 0 0 0 0 0 0 0 
1122 10 0 0 0 0 0 0 0 0 0 0 0 
1123 10 0 0 0 0 0 0 0 0 0 0 0 
1124 10 0 0 0 0 0 0 0 0 0 0 0 
1125 10 0 0 0 0 0 0 0 0 0 0 0 
1126 10 0 0 0 0 0 0 0 0 0 0 0 
1127 10 0 0 0 0 0 0 0 0 0 0 0 
1128 10 0 0 0 0 0 0 0 0 0 0 0 
1129 10 0 0 0 0 0 0 0 0 0 0 0 
1130 10 0 0 0 0 0 0 0 0 0 0 0 
1131 10 0 0 0 0 0 0 0 0 0 0 0 
1132 10 0 0 0 0 0 0 0 0 0 0 0 
1133 10 0 0 0 0 0 0 0 0 0 0 0 
1134 10 0 0 0 0 0 0 0 0 0 0 0 
1135 10 0 0 0 0 0 0 0 0 0 0 0 
1136 10 0 0 0 0 0 0 0 0 0 0 0 
1137 10 0 0 0 0 0 0 0 0 0 0 0 
1138 10 0 0 0 0 0 0 0 0 0 0 0 
1139 10 0 0 0 0 0 0 0 0 0 0 0 
1140 10 0 0 0 0 0 0 0 0 0 0 0 
1141 10 0 0 0 0 0 0 0 0 0 0 0 
1142 10 0 0 0 0 0 0 0 0 0 0 0 
1143 10 0 0 0 0 0 0 0 0 0 0 0 
1144 10 0 0 0 0 0 0 0 0 0 0 0 
1145 10 0 0 0 0 0 0 0 0 0 0 0 
1146 10 0 0 0 0 0 0 0 0 0 0 0 
1147 10 0 0 0 0 0 0 0 0 0 0 0 
1148 10 0 0 0 0 0 0 0 0 0 0 0 
1149 10 0 0 0 0 0 0 0 0 0 0 0 
1150 10 0 0 0 0 0 0 0 0 0 0 0 
1151 10 0 0 0 0 0 0 0 0 0 0 0 
1152 10 0 0 0 0 0 0 0 0 0 0 0 
1153 10 0 0 0 0 0 0 0 0 0 0 0 
1154 10 0 0 0 0 0 0 0 0 0 0 0 
1155 10 0 0 0 0 0 0 0 0 0 0 0 
1156 10 0 0 0 0 0 0 0 0 0 0 0 
1157 10 0 0 0 0 0 0 0 0 0 0 0 
1158 10 0 0 0 0 0 0 0 0 0 0 0 
1159 10 0 0 0 0 0 0 0 0 0 0 0 
1160 10 0 0 0 0 0 0 0 0 0 0 0 
1161 10 0 0 0 0 0 0 0 0 0 0 0 
1162 10 0 0 0 0 0 0 0 0 0 0 0 
1163 10 0 0 0 0 0 0 0 0 0 0 0 
1164 10 0 0 0 0 0 0 0 0 0 0 0 
1165 10 0 0 0 0 0 0 0 0 0 0 0 
1166 10 0 0 0 0 0 0 0 0 0 0 0 
1167 10 0 0 0 0 0 0 0 0 0 0 0 
1168 10 0 0 0 0 0 0 0 0 0 0 0 
1169 10 0 0 0 0 0 0 0 0 0 0 0 
1170 10 0 0 0 0 0 0 0 0 0 0 0 
1171 10 0 0 0 0 0 0 0 0 0 0 0 
1172 10 0 0 0 0 0 0 0 0 0 0 0 
1173 10 0 0 0 0 0 0 0 0 0 0 0 
1174 10 0 0 0 0 0 0 0 0 0 0 0 
1175 10 0 0 0 0 0 0 0 0 0 0 0 
1176 10 0 0 0 0 0 0 0 0 0 0 0 
1177 10 0 0 0 0 0 0 0 0 0 0 0 
1178 10 0 0 0 0 0 0 0 0 0 0 0 
1179 10 0 0 0 0 0 0 0 0 0 0 0 
1180 10 0 0 0 0 0 0 0 0 0 0 0 
1181 10 0 0 0 0 0 0 0 0 0 0 0 
1182 10 0 0 0 0 0 0 0 0 0 0 0 
1183 10 0 0 0 0 0 0 0 0 0 0 0 
1184 10 0 0 0 0 0 0 0 0 0 0 0 
1185 10 0 0 0 0 0 0 0 0 0 0 0 
1186 10 0 0 0 0 0 0 0 0 0 0 0 
1187 10 0 0 0 0 0 0 0 0 0 0 0 
1188 10 0 0 0 0 0 0 0 0 0 0 0 
1189 10 0 0 0 0 0 0 0 0 0 0 0 
1190 10 0 0 0 0 0 0 0 0 0 0 0 
1191 10 0 0 0 0 0 0 0 0 0 0 0 
1192 10 0 0 0 0 0 0 0 0 0 0 0 
1193 10 0 0 0 0 0 0 0 0 0 0 0 
1194 10 0 0 0 0 0 0 0 0 0 0 0 
1195 10 0 0 0 0 0 0 0 0 0 0 0 
1196 10 0 0 0 0 0 0 0 0 0 0 0 
1197 10 0 0 0 0 0 0 0 0 0 0 0 
1198 10 0 0 0 0 0 0 0 0 0 0 0 
1199 10 0 0 0 0 0 0 0 0 0 0 0 
1200 10 0 0 0 0 0 0 0 0 0 0 0 
1201 10 0 0 0 0 0 0 0 0 0 0 0 
1202 10 0 0 0 0 0 0 0 0 0 0 0 
1203 10 0 0 0 0 0 0 0 0 0 0 0 
1204 10 0 0 0 0 0 0 0 0 0 0 0 
1205 10 0 0 0 0 0 0 0 0 0 0 0 
1206 10 0 0 0 0 0 0 0 0 0 0 0 
1207 10 0 0 0 0 0 0 0 0 0 0 0 
1208 10 0 0 0 0 0 0 0 0 0 0 0 
1209 10 0 0 0 0 0 0 0 0 0 0 0 
1210 10 0 0 0 0 0 0 0 0 0 0 0 
1211 10 0 0 0 0 0 0 0 0 0 0 0 
1212 10 0 0 0 0 0 0 0 0 0 0 0 
1213 10 0 0 0 0 0 0 0 0 0 0 0 
1214 10 0 0 0 0 0 0 0 0 0 0 0 
1215 10 0 0 0 0 0 0 0 0 0 0 0 
1216 10 0 0 0 0 0 0 0 0 0 0 0 
1217 10 0 0 0 0 0 0 0 0 0 0 0 
1218 10 0 0 0 0 0 0 0 0 0 0 0 
1219 10 0 0 0 0 0 0 0 0 0 0 0 
1220 10 0 0 0 0 0 0 0 0 0 0 0 
1221 10 0 0 0 0 0 0 0 0 0 0 0 
1222 10 0 0 0 0 0 0 0 0 0 0 0 
1223 10 0 0 0 0 0 0 0 0 0 0 0 
1224 10 0 0 0 0 0 0 0 0 0 0 0 
1225 10 0 0 0 0 0 0 0 0 0 0 0 
1226 10 0 0 0 0 0 0 0 0 0 0 0 
1227 10 0 0 0 0 0 0 0 0 0 0 0 
1228 10 0 0 0 0 0 0 0 0 0 0 0 
1229 10 0 0 0 0 0 0 0 0 0 0 0 
1230 10 0 0 0 0 0 0 0 0 0 0 0 
1231 10 0 0 0 0 0 0 0 0 0 0 0 
1232 10 0 0 0 0 0 0 0 0 0 0 0 
1233 10 0 0 0 0 0 0 0 0 0 0 0 
1234 10 0 0 0 0 0 0 0 0 0 0 0 
1235 10 0 0 0 0 0 0 0 0 0 0 0 
1236 10 0 0 0 0 0 0 0 0 0 0 0 
1237 10 0 0 0 0 0 0 0 0 0 0 0 
1238 10 0 0 0 0 0 0 0 0 0 0 0 
1239 10 0 0 0 0 0 0 0 0 0 0 0 
1240 10 0 0 0 0 0 0 0 0 0 0 0 
1241 10 0 0 0 0 0 0 0 0 0 0 0 
1242 10 0 0 0 0 0 0 0 0 0 0 0 
1243 10 0 0 0 0 0 0 0 0 0 0 0 
1244 10 0 0 0 0 0 0 0 0 0 0 0 
1245 10 0 0 0 0 0 0 0 0 0 0 0 
1246 10 0 0 0 0 0 0 0 0 0 0 0 
1247 10 0 0 0 0 0 0 0 0 0 0 0 
1248 10 0 0 0 0 0 0 0 0 0 0 0 
1249 10 0 0 0 0 0 0 0 0 0 0 0 
1250 10 0 0 0 0 0 0 0 0 0 0 0 
1251 10 0 0 0 0 0 0 0 0 0 0 0 
1252 10 0 0 0 0 0 0 0 0 0 0 0 
1253 10 0 0 0 0 0 0 0 0 0 0 0 
1254 10 0 0 0 0 0 0 0 0 0 0 0 
1255 10 0 0 0 0 0 0 0 0 0 0 0 
1256 10 0 0 0 0 0 0 0 0 0 0 0 
1257 10 0 0 0 0 0 0 0 0 0 0 0 
1258 10 0 0 0 0 0 0 0 0 0 0 0 
1259 10 0 0 0 0 0 0 0 0 0 0 0 
1260 10 0 0 0 0 0 0 0 0 0 0 0 
1261 10 0 0 0 0 0 0 0 0 0 0 0 
1262 10 0 0 0 0 0 0 0 0 0 0 0 
1263 10 0 0 0 0 0 0 0 0 0 0 0 
1264 10 0 0 0 0 0 0 0 0 0 0 0 
1265 10 0 0 0 0 0 0 0 0 0 0 0 
1266 10 0 0 0 0 0 0 0 0 0 0 0 
1267 10 0 0 0 0 0 0 0 0 0 0 0 
1268 10 0 0 0 0 0 0 0 0 0 0 0 
1269 10 0 0 0 0 0 0 0 0 0 0 0 
1270 10 0 0 0 0 0 0 0 0 0 0 0 
1271 10 0 0 0 0 0 0 0 0 0 0 0 
1272 10 0 0 0 0 0 0 0 0 0 0 0 
1273 10 0 0 0 0 0 0 0 0 0 0 0 
1274 10 0 0 0 0 0 0 0 0 0 0 0 
1275 10 0 0 0 0 0 0 0 0 0 0 0 
1276 10 0 0 0 0 0 0 0 0 0 0 0 
1277 10 0 0 0 0 0 0 0 0 0 0 0 
1278 10 0 0 0 0 0 0 0 0 0 0 0 
1279 10 0 0 0 0 0 0 0 0 0 0 0 
1280 10 0 0 0 0 0 0 0 0 0 0 0 
1281 10 0 0 0 0 0 0 0 0 0 0 0 
1282 10 0 0 0 0 0 0 0 0 0 0 0 
1283 10 0 0 0 0 0 0 0 0 0 0 0 
1284 10 0 0 0 0 0 0 0 0 0 0 0 
1285 10 0 0 0 0 0 0 0 0 0 0 0 
1286 10 0 0 0 0 0 0 0 0 0 0 0 
1287 10 0 0 0 0 0 0 0 0 0 0 0 
1288 10 0 0 0 0 0 0 0 0 0 0 0 
1289 10 0 0 0 0 0 0 0 0 0 0 0 
1290 10 0 0 0 0 0 0 0 0 0 0 0 
1291 10 0 0 0 0 0 0 0 0 0 0 0 
1292 10 0 0 0 0 0 0 0 0 0 0 0 
1293 10 0 0 0 0 0 0 0 0 0 0 0 
1294 10 0 0 0 0 0 0 0 0 0 0 0 
1295 10 0 0 0 0 0 0 0 0 0 0 0 
1296 10 0 0 0 0 0 0 0 0 0 0 0 
1297 10 0 0 0 0 0 0 0 0 0 0 0 
1298 10 0 0 0 0 0 0 0 0 0 0 0 
1299 10 3 0 0 0 0 0 0 0 0 0 0 
1300 10 4 0 0 0 0 0 0 0 0 0 0 
1301 10 5 0 0 0 0 0 0 0 0 0 0 
1302 10 6 0 0 0 0 0 0 0 0 0 0 
1303 10 0 0 0 0 0 0 0 0 0 0 0 
1304 10 0 0 0 0 0 0 0 0 0 0 0 
1305 10 0 0 0 0 0 0 0 0 0 0 0 
1306 10 0 0 0 0 0 0 0 0 0 0 0 
1307 10 0 0 0 0 0 0 0 0 0 0 0 
1308 10 0 0 0 0 0 0 0 0 0 0 0 
1309 10 0 0 0 0 0 0 0 0 0 0 0 
1310 10 0 0 0 0 0 0 0 0 0 0 0 
1311 10 0 0 0 0 0 0 0 0 0 0 0 
1312 10 0 0 0 0 0 0 0 0 0 0 0 
1313 10 0 0 0 0 0 0 0 0 0 0 0 
1314 10 0 0 0 0 0 0 0 0 0 0 0 
1315 10 0 0 0 0 0 0 0 0 0 0 0 
1316 10 0 0 0 0 0 0 0 0 0 0 0 
1317 10 0 0 0 0 0 0 0 0 0 0 0 
1318 10 0 0 0 0 0 0 0 0 0 0 0 
1319 10 0 0 0 0 0 0 0 0 0 0 0 
1320 10 0 0 0 0 0 0 0 0 0 0 0 
1321 10 0 0 0 0 0 0 0 0 0 0 0 
1322 10 0 0 0 0 0 0 0 0 0 0 0 
1323 10 0 0 0 0 0 0 0 0 0 0 0 
1324 10 0 0 0 0 0 0 0 0 0 0 0 
1325 10 0 0 0 0 0 0 0 0 0 0 0 
1326 10 0 0 0 0 0 0 0 0 0 0 0 
1327 10 0 0 0 0 0 0 0 0 0 0 0 
1328 10 0 0 0 0 0 0 0 0 0 0 0 
1329 10 0 0 0 0 0 0 0 0 0 0 0 
1330 10 0 0 0 0 0 0 0 0 0 0 0 
1331 10 0 0 0 0 0 0 0 0 0 0 0 
1332 10 0 0 0 0 0 0 0 0 0 0 0 
1333 10 0 0 0 0 0 0 0 0 0 0 0 
1334 10 0 0 0 0 0 0 0 0 0 0 0 
1335 10 0 0 0 0 0 0 0 0 0 0 0 
1336 10 0 0 0 0 0 0 0 0 0 0 0 
1337 10 0 0 0 0 0 0 0 0 0 0 0 
1338 10 0 0 0 0 0 0 0 0 0 0 0 
1339 10 0 0 0 0 0 0 0 0 0 0 0 
1340 10 0 0 0 0 0 0 0 0 0 0 0 
1341 10 0 0 0 0 0 0 0 0 0 0 0 
1342 10 0 0 0 0 0 0 0 0 0 0 0 
1343 10 0 0 0 0 0 0 0 0 0 0 0 
1344 10 0 0 0 0 0 0 0 0 0 0 0 
1345 10 0 0 0 0 0 0 0 0 0 0 0 
1346 10 0 0 0 0 0 0 0 0 0 0 0 
1347 10 0 0 0 0 0 0 0 0 0 0 0 
1348 10 0 0 0 0 0 0 0 0 0 0 0 
1349 10 0 0 0 0 0 0 0 0 0 0 0 
1350 10 0 0 0 0 0 0 0 0 0 0 0 
1351 10 0 0 0 0 0 0 0 0 0 0 0 
1352 10 0 0 0 0 0 0 0 0 0 0 0 
1353 10 0 0 0 0 0 0 0 0 0 0 0 
1354 10 0 0 0 0 0 0 0 0 0 0 0 
1355 10 0 0 0 0 0 0 0 0 0 0 0 
1356 10 0 0 0 0 0 0 0 0 0 0 0 
1357 10 0 0 0 0 0 0 0 0 0 0 0 
1358 10 0 0 0 0 0 0 0 0 0 0 0 
1359 10 0 0 0 0 0 0 0 0 0 0 0 
1360 10 0 0 0 0 0 0 0 0 0 0 0 
1361 10 14 0 0 0 0 0 0 0 0 0 0 
1362 10 15 0 0 0 0 0 0 0 0 0 0 
1363 10 0 0 0 0 0 0 0 0 0 0 0 
1364 10 0 0 0 0 0 0 0 0 0 0 0 
1365 10 0 0 0 0 0 0 0 0 0 0 0 
1366 10 0 0 0 0 0 0 0 0 0 0 0 
1367 10 0 0 0 0 0 0 0 0 0 0 0 
1368 10 0 0 0 0 0 0 0 0 0 0 0 
1369 10 0 0 0 0 0 0 0 0 0 0 0 
1370 10 0 0 0 0 0 0 0 0 0 0 0 
1371 10 0 0 0 0 0 0 0 0 0 0 0 
1372 10 0 0 0 0 0 0 0 0 0 0 0 
1373 10 0 0 0 0 0 0 0 0 0 0 0 
1374 10 0 0 0 0 0 0 0 0 0 0 0 
1375 10 0 0 0 0 0 0 0 0 0 0 0 
1376 10 0 0 0 0 0 0 0 0 0 0 0 
1377 10 0 0 0 0 0 0 0 0 0 0 0 
1378 10 0 0 0 0 0 0 0 0 0 0 0 
1379 10 0 0 0 0 0 0 0 0 0 0 0 
1380 10 0 0 0 0 0 0 0 0 0 0 0 
1381 10 0 0 0 0 0 0 0 0 0 0 0 
1382 10 0 0 0 0 0 0 0 0 0 0 0 
1383 10 0 0 0 0 0 0 0 0 0 0 0 
1384 10 0 0 0 0 0 0 0 0 0 0 0 
1385 10 21 0 0 0 0 0 0 0 0 0 0 
1386 10 22 0 0 0 0 0 0 0 0 0 0 
1387 10 23 0 0 0 0 0 0 0 0 0 0 
1388 10 24 0 0 0 0 0 0 0 0 0 0 
1389 10 25 0 0 0 0 0 0 0 0 0 0 
1390 10 26 0 0 0 0 0 0 0 0 0 0 
1391 10 0 0 0 0 0 0 0 0 0 0 0 
1392 10 0 0 0 0 0 0 0 0 0 0 0 
1393 10 0 0 0 0 0 0 0 0 0 0 0 
1394 10 0 0 0 0 0 0 0 0 0 0 0 
1395 10 0 0 0 0 0 0 0 0 0 0 0 
1396 10 0 0 0 0 0 0 0 0 0 0 0 
1397 10 0 0 0 0 0 0 0 0 0 0 0 
1398 10 0 0 0 0 0 0 0 0 0 0 0 
1399 10 0 0 0 0 0 0 0 0 0 0 0 
1400 10 0 0 0 0 0 0 0 0 0 0 0 
1401 10 0 0 0 0 0 0 0 0 0 0 0 
1402 10 0 0 0 0 0 0 0 0 0 0 0 
1403 10 0 0 0 0 0 0 0 0 0 0 0 
1404 10 0 0 0 0 0 0 0 0 0 0 0 
1405 10 0 0 0 0 0 0 0 0 0 0 0 
1406 10 0 0 0 0 0 0 0 0 0 0 0 
1407 10 0 0 0 0 0 0 0 0 0 0 0 
1408 10 0 0 0 0 0 0 0 0 0 0 0 
1409 10 0 0 0 0 0 0 0 0 0 0 0 
1410 10 0 0 0 0 0 0 0 0 0 0 0 
1411 10 0 0 0 0 0 0 0 0 0 0 0 
1412 10 0 0 0 0 0 0 0 0 0 0 0 
1413 10 0 0 0 0 0 0 0 0 0 0 0 
1414 10 0 0 0 0 0 0 0 0 0 0 0 
1415 10 0 0 0 0 0 0 0 0 0 0 0 
1416 10 0 0 0 0 0 0 0 0 0 0 0 
1417 10 0 0 0 0 0 0 0 0 0 0 0 
1418 10 0 0 0 0 0 0 0 0 0 0 0 
1419 10 0 0 0 0 0 0 0 0 0 0 0 
1420 10 0 0 0 0 0 0 0 0 0 0 0 
1421 10 0 0 0 0 0 0 0 0 0 0 0 
1422 10 0 0 0 0 0 0 0 0 0 0 0 
1423 10 0 0 0 0 0 0 0 0 0 0 0 
1424 10 0 0 0 0 0 0 0 0 0 0 0 
1425 10 0 0 0 0 0 0 0 0 0 0 0 
1426 10 0 0 0 0 0 0 0 0 0 0 0 
1427 10 0 0 0 0 0 0 0 0 0 0 0 
1428 10 0 0 0 0 0 0 0 0 0 0 0 
1429 10 0 0 0 0 0 0 0 0 0 0 0 
1430 10 0 0 0 0 0 0 0 0 0 0 0 
1431 10 0 0 0 0 0 0 0 0 0 0 0 
1432 10 0 0 0 0 0 0 0 0 0 0 0 
1433 10 0 0 0 0 0 0 0 0 0 0 0 
1434 10 0 0 0 0 0 0 0 0 0 0 0 
1435 10 0 0 0 0 0 0 0 0 0 0 0 
1436 10 0 0 0 0 0 0 0 0 0 0 0 
1437 10 0 0 0 0 0 0 0 0 0 0 0 
1438 10 0 0 0 0 0 0 0 0 0 0 0 
1439 10 0 0 0 0 0 0 0 0 0 0 0 
1440 10 0 0 0 0 0 0 0 0 0 0 0 
1441 10 0 0 0 0 0 0 0 0 0 0 0 
1442 10 0 0 0 0 0 0 0 0 0 0 0 
1443 10 0 0 0 0 0 0 0 0 0 0 0 
1444 10 0 0 0 0 0 0 0 0 0 0 0 
1445 10 0 0 0 0 0 0 0 0 0 0 0 
1446 10 0 0 0 0 0 0 0 0 0 0 0 
1447 10 0 0 0 0 0 0 0 0 0 0 0 
1448 10 0 0 0 0 0 0 0 0 0 0 0 
1449 10 0 0 0 0 0 0 0 0 0 0 0 
1450 10 0 0 0 0 0 0 0 0 0 0 0 
1451 10 0 0 0 0 0 0 0 0 0 0 0 
1452 10 0 0 0 0 0 0 0 0 0 0 0 
1453 10 0 0 0 0 0 0 0 0 0 0 0 
1454 10 0 0 0 0 0 0 0 0 0 0 0 
1455 10 0 0 0 0 0 0 0 0 0 0 0 
1456 10 0 0 0 0 0 0 0 0 0 0 0 
1457 10 0 0 0 0 0 0 0 0 0 0 0 
1458 10 0 0 0 0 0 0 0 0 0 0 0 
1459 10 0 0 0 0 0 0 0 0 0 0 0 
1460 10 0 0 0 0 0 0 0 0 0 0 0 
1461 10 0 0 0 0 0 0 0 0 0 0 0 
1462 10 0 0 0 0 0 0 0 0 0 0 0 
1463 10 33 0 0 0 0 0 0 0 0 0 0 
1464 10 34 0 0 0 0 0 0 0 0 0 0 
1465 10 0 0 0 0 0 0 0 0 0 0 0 
1466 10 0 0 0 0 0 0 0 0 0 0 0 
1467 10 0 0 0 0 0 0 0 0 0 0 0 
1468 10 0 0 0 0 0 0 0 0 0 0 0 
1469 10 0 0 0 0 0 0 0 0 0 0 0 
1470 10 0 0 0 0 0 0 0 0 0 0 0 
1471 10 0 0 0 0 0 0 0 0 0 0 0 
1472 10 0 0 0 0 0 0 0 0 0 0 0 
1473 10 0 0 0 0 0 0 0 0 0 0 0 
1474 10 0 0 0 0 0 0 0 0 0 0 0 
1475 10 0 0 0 0 0 0 0 0 0 0 0 
1476 10 0 0 0 0 0 0 0 0 0 0 0 
1477 10 0 0 0 0 0 0 0 0 0 0 0 
1478 10 0 0 0 0 0 0 0 0 0 0 0 
1479 10 0 0 0 0 0 0 0 0 0 0 0 
1480 10 0 0 0 0 0 0 0 0 0 0 0 
1481 10 0 0 0 0 0 0 0 0 0 0 0 
1482 10 0 0 0 0 0 0 0 0 0 0 0 
1483 10 0 0 0 0 0 0 0 0 0 0 0 
1484 10 0 0 0 0 0 0 0 0 0 0 0 
1485 10 0 0 0 0 0 0 0 0 0 0 0 
1486 10 0 0 0 0 0 0 0 0 0 0 0 
1487 10 0 0 0 0 0 0 0 0 0 0 0 
1488 10 0 0 0 0 0 0 0 0 0 0 0 
1489 10 0 0 0 0 0 0 0 0 0 0 0 
1490 10 0 0 0 0 0 0 0 0 0 0 0 
1491 10 0 0 0 0 0 0 0 0 0 0 0 
1492 10 0 0 0 0 0 0 0 0 0 0 0 
1493 10 0 0 0 0 0 0 0 0 0 0 0 
1494 10 0 0 0 0 0 0 0 0 0 0 0 
1495 10 0 0 0 0 0 0 0 0 0 0 0 
1496 10 0 0 0 0 0 0 0 0 0 0 0 
1497 10 0 0 0 0 0 0 0 0 0 0 0 
1498 10 0 0 0 0 0 0 0 0 0 0 0 
1499 10 0 0 0 0 0 0 0 0 0 0 0 
1500 10 0 0 0 0 0 0 0 0 0 0 0 
1501 10 0 0 0 0 0 0 0 0 0 0 0 
1502 10 0 0 0 0 0 0 0 0 0 0 0 
1503 10 0 0 0 0 0 0 0 0 0 0 0 
1504 10 0 0 0 0 0 0 0 0 0 0 0 
1505 10 0 0 0 0 0 0 0 0 0 0 0 
1506 10 0 0 0 0 0 0 0 0 0 0 0 
1507 10 0 0 0 0 0 0 0 0 0 0 0 
1508 10 0 0 0 0 0 0 0 0 0 0 0 
1509 10 0 0 0 0 0 0 0 0 0 0 0 
1510 10 0 0 0 0 0 0 0 0 0 0 0 
1511 10 0 0 0 0 0 0 0 0 0 0 0 
1512 10 0 0 0 0 0 0 0 0 0 0 0 
1513 10 0 0 0 0 0 0 0 0 0 0 0 
1514 10 0 0 0 0 0 0 0 0 0 0 0 
1515 10 0 0 0 0 0 0 0 0 0 0 0 
1516 10 0 0 0 0 0 0 0 0 0 0 0 
1517 10 0 0 0 0 0 0 0 0 0 0 0 
1518 10 0 0 0 0 0 0 0 0 0 0 0 
1519 10 0 0 0 0 0 0 0 0 0 0 0 
1520 10 0 0 0 0 0 0 0 0 0 0 0 
1521 10 0 0 0 0 0 0 0 0 0 0 0 
1522 10 0 0 0 0 0 0 0 0 0 0 0 
1523 10 0 0 0 0 0 0 0 0 0 0 0 
1524 10 0 0 0 0 0 0 0 0 0 0 0 
1525 10 0 0 0 0 0 0 0 0 0 0 0 
1526 10 0 0 0 0 0 0 0 0 0 0 0 
1527 10 0 0 0 0 0 0 0 0 0 0 0 
1528 10 0 0 0 0 0 0 0 0 0 0 0 
1529 10 0 0 0 0 0 0 0 0 0 0 0 
1530 10 0 0 0 0 0 0 0 0 0 0 0 
1531 10 0 0 0 0 0 0 0 0 0 0 0 
1532 10 0 0 0 0 0 0 0 0 0 0 0 
1533 10 0 0 0 0 0 0 0 0 0 0 0 
1534 10 0 0 0 0 0 0 0 0 0 0 0 
1535 10 0 0 0 0 0 0 0 0 0 0 0 
1536 10 0 0 0 0 0 0 0 0 0 0 0 
1537 10 0 0 0 0 0 0 0 0 0 0 0 
1538 10 0 0 0 0 0 0 0 0 0 0 0 
1539 10 0 0 0 0 0 0 0 0 0 0 0 
1540 10 0 0 0 0 0 0 0 0 0 0 0 
1541 10 0 0 0 0 0 0 0 0 0 0 0 
1542 10 0 0 0 0 0 0 0 0 0 0 0 
1543 10 0 0 0 0 0 0 0 0 0 0 0 
1544 10 0 0 0 0 0 0 0 0 0 0 0 
1545 10 0 0 0 0 0 0 0 0 0 0 0 
1546 10 0 0 0 0 0 0 0 0 0 0 0 
1547 10 0 0 0 0 0 0 0 0 0 0 0 
1548 10 0 0 0 0 0 0 0 0 0 0 0 
1549 10 0 0 0 0 0 0 0 0 0 0 0 
1550 10 0 0 0 0 0 0 0 0 0 0 0 
1551 10 50 0 0 0 0 0 0 0 0 0 0 
1552 10 51 0 0 0 0 0 0 0 0 0 0 
1553 10 52 0 0 0 0 0 0 0 0 0 0 
1554 10 53 0 0 0 0 0 0 0 0 0 0 
1555 10 0 0 0 0 0 0 0 0 0 0 0 
1556 10 0 0 0 0 0 0 0 0 0 0 0 
1557 10 0 0 0 0 0 0 0 0 0 0 0 
1558 10 0 0 0 0 0 0 0 0 0 0 0 
1559 10 0 0 0 0 0 0 0 0 0 0 0 
1560 10 0 0 0 0 0 0 0 0 0 0 0 
1561 10 0 0 0 0 0 0 0 0 0 0 0 
1562 10 0 0 0 0 0 0 0 0 0 0 0 
1563 10 0 0 0 0 0 0 0 0 0 0 0 
1564 10 0 0 0 0 0 0 0 0 0 0 0 
1565 10 0 0 0 0 0 0 0 0 0 0 0 
1566 10 0 0 0 0 0 0 0 0 0 0 0 
1567 10 0 0 0 0 0 0 0 0 0 0 0 
1568 10 0 0 0 0 0 0 0 0 0 0 0 
1569 10 0 0 0 0 0 0 0 0 0 0 0 
1570 10 0 0 0 0 0 0 0 0 0 0 0 
1571 10 0 0 0 0 0 0 0 0 0 0 0 
1572 10 0 0 0 0 0 0 0 0 0 0 0 
1573 10 0 0 0 0 0 0 0 0 0 0 0 
1574 10 0 0 0 0 0 0 0 0 0 0 0 
1575 10 0 0 0 0 0 0 0 0 0 0 0 
1576 10 0 0 0 0 0 0 0 0 0 0 0 
1577 10 0 0 0 0 0 0 0 0 0 0 0 
1578 10 0 0 0 0 0 0 0 0 0 0 0 
1579 10 0 0 0 0 0 0 0 0 0 0 0 
1580 10 0 0 0 0 0 0 0 0 0 0 0 
1581 10 0 0 0 0 0 0 0 0 0 0 0 
1582 10 0 0 0 0 0 0 0 0 0 0 0 
1583 10 0 0 0 0 0 0 0 0 0 0 0 
1584 10 0 0 0 0 0 0 0 0 0 0 0 
1585 10 0 0 0 0 0 0 0 0 0 0 0 
1586 10 0 0 0 0 0 0 0 0 0 0 0 
1587 10 0 0 0 0 0 0 0 0 0 0 0 
1588 10 0 0 0 0 0 0 0 0 0 0 0 
1589 10 0 0 0 0 0 0 0 0 0 0 0 
1590 10 0 0 0 0 0 0 0 0 0 0 0 
1591 10 0 0 0 0 0 0 0 0 0 0 0 
1592 10 0 0 0 0 0 0 0 0 0 0 0 
1593 10 63 0 0 0 0 0 0 0 0 0 0 
1594 10 64 0 0 0 0 0 0 0 0 0 0 
1595 10 0 0 0 0 0 0 0 0 0 0 0 
1596 10 0 0 0 0 0 0 0 0 0 0 0 
1597 10 0 0 0 0 0 0 0 0 0 0 0 
1598 10 0 0 0 0 0 0 0 0 0 0 0 
1599 10 0 0 0 0 0 0 0 0 0 0 0 
1600 10 0 0 0 0 0 0 0 0 0 0 0 
1601 10 0 0 0 0 0 0 0 0 0 0 0 
1602 10 0 0 0 0 0 0 0 0 0 0 0 
1603 10 0 0 0 0 0 0 0 0 0 0 0 
1604 10 0 0 0 0 0 0 0 0 0 0 0 
1605 10 0 0 0 0 0 0 0 0 0 0 0 
1606 10 0 0 0 0 0 0 0 0 0 0 0 
1607 10 0 0 0 0 0 0 0 0 0 0 0 
1608 10 0 0 0 0 0 0 0 0 0 0 0 
1609 10 0 0 0 0 0 0 0 0 0 0 0 
1610 10 0 0 0 0 0 0 0 0 0 0 0 
1611 10 0 0 0 0 0 0 0 0 0 0 0 
1612 10 0 0 0 0 0 0 0 0 0 0 0 
1613 10 0 0 0 0 0 0 0 0 0 0 0 
1614 10 0 0 0 0 0 0 0 0 0 0 0 
1615 10 0 0 0 0 0 0 0 0 0 0 0 
1616 10 0 0 0 0 0 0 0 0 0 0 0 
1617 10 0 0 0 0 0 0 0 0 0 0 0 
1618 10 0 0 0 0 0 0 0 0 0 0 0 
1619 10 0 0 0 0 0 0 0 0 0 0 0 
1620 10 0 0 0 0 0 0 0 0 0 0 0 
1621 10 0 0 0 0 0 0 0 0 0 0 0 
1622 10 0 0 0 0 0 0 0 0 0 0 0 
1623 10 0 0 0 0 0 0 0 0 0 0 0 
1624 10 0 0 0 0 0 0 0 0 0 0 0 
1625 10 0 0 0 0 0 0 0 0 0 0 0 
1626 10 0 0 0 0 0 0 0 0 0 0 0 
1627 10 77 0 0 0 0 0 0 0 0 0 0 
1628 10 78 0 0 0 0 0 0 0 0 0 0 
1629 10 0 0 0 0 0 0 0 0 0 0 0 
1630 10 0 0 0 0 0 0 0 0 0 0 0 
1631 10 0 0 0 0 0 0 0 0 0 0 0 
1632 10 0 0 0 0 0 0 0 0 0 0 0 
1633 10 0 0 0 0 0 0 0 0 0 0 0 
1634 10 0 0 0 0 0 0 0 0 0 0 0 
1635 10 81 0 0 0 0 0 0 0 0 0 0 
1636 10 82 0 0 0 0 0 0 0 0 0 0 
1637 10 83 0 0 0 0 0 0 0 0 0 0 
1638 10 84 0 0 0 0 0 0 0 0 0 0 
1639 10 0 0 0 0 0 0 0 0 0 0 0 
1640 10 0 0 0 0 0 0 0 0 0 0 0 
1641 10 0 0 0 0 0 0 0 0 0 0 0 
1642 10 0 0 0 0 0 0 0 0 0 0 0 
1643 10 0 0 0 0 0 0 0 0 0 0 0 
1644 10 0 0 0 0 0 0 0 0 0 0 0 
1645 10 0 0 0 0 0 0 0 0 0 0 0 
1646 10 0 0 0 0 0 0 0 0 0 0 0 
1647 10 0 0 0 0 0 0 0 0 0 0 0 
1648 10 0 0 0 0 0 0 0 0 0 0 0 
1649 10 89 0 0 0 0 0 0 0 0 0 0 
1650 10 90 0 0 0 0 0 0 0 0 0 0 
1651 10 0 0 0 0 0 0 0 0 0 0 0 
1652 10 0 0 0 0 0 0 0 0 0 0 0 
1653 10 0 0 0 0 0 0 0 0 0 0 0 
1654 10 0 0 0 0 0 0 0 0 0 0 0 
1655 10 0 0 0 0 0 0 0 0 0 0 0 
1656 10 0 0 0 0 0 0 0 0 0 0 0 
1657 10 0 0 0 0 0 0 0 0 0 0 0 
1658 10 0 0 0 0 0 0 0 0 0 0 0 
1659 10 0 0 0 0 0 0 0 0 0 0 0 
1660 10 0 0 0 0 0 0 0 0 0 0 0 
1661 10 0 0 0 0 0 0 0 0 0 0 0 
1662 10 0 0 0 0 0 0 0 0 0 0 0 
1663 10 0 0 0 0 0 0 0 0 0 0 0 
1664 10 0 0 0 0 0 0 0 0 0 0 0 
1665 10 0 0 0 0 0 0 0 0 0 0 0 
1666 10 0 0 0 0 0 0 0 0 0 0 0 
1667 10 0 0 0 0 0 0 0 0 0 0 0 
1668 10 0 0 0 0 0 0 0 0 0 0 0 
1669 10 0 0 0 0 0 0 0 0 0 0 0 
1670 10 0 0 0 0 0 0 0 0 0 0 0 
1671 10 0 0 0 0 0 0 0 0 0 0 0 
1672 10 0 0 0 0 0 0 0 0 0 0 0 
1673 10 0 0 0 0 0 0 0 0 0 0 0 
1674 10 0 0 0 0 0 0 0 0 0 0 0 
1675 10 0 0 0 0 0 0 0 0 0 0 0 
1676 10 0 0 0 0 0 0 0 0 0 0 0 
1677 10 0 0 0 0 0 0 0 0 0 0 0 
1678 10 0 0 0 0 0 0 0 0 0 0 0 
1679 10 0 0 0 0 0 0 0 0 0 0 0 
1680 10 0 0 0 0 0 0 0 0 0 0 0 
1681 10 0 0 0 0 0 0 0 0 0 0 0 
1682 10 0 0 0 0 0 0 0 0 0 0 0 
1683 10 0 0 0 0 0 0 0 0 0 0 0 
1684 10 0 0 0 0 0 0 0 0 0 0 0 
1685 10 0 0 0 0 0 0 0 0 0 0 0 
1686 10 0 0 0 0 0 0 0 0 0 0 0 
1687 10 0 0 0 0 0 0 0 0 0 0 0 
1688 10 0 0 0 0 0 0 0 0 0 0 0 
1689 10 0 0 0 0 0 0 0 0 0 0 0 
1690 10 0 0 0 0 0 0 0 0 0 0 0 
1691 10 0 0 0 0 0 0 0 0 0 0 0 
1692 10 0 0 0 0 0 0 0 0 0 0 0 
1693 10 0 0 0 0 0 0 0 0 0 0 0 
1694 10 0 0 0 0 0 0 0 0 0 0 0 
1695 10 0 0 0 0 0 0 0 0 0 0 0 
1696 10 0 0 0 0 0 0 0 0 0 0 0 
1697 10 0 0 0 0 0 0 0 0 0 0 0 
1698 10 0 0 0 0 0 0 0 0 0 0 0 
1699 10 0 0 0 0 0 0 0 0 0 0 0 
1700 10 0 0 0 0 0 0 0 0 0 0 0 
1701 10 0 0 0 0 0 0 0 0 0 0 0 
1702 10 0 0 0 0 0 0 0 0 0 0 0 
1703 10 0 0 0 0 0 0 0 0 0 0 0 
1704 10 0 0 0 0 0 0 0 0 0 0 0 
1705 10 0 0 0 0 0 0 0 0 0 0 0 
1706 10 0 0 0 0 0 0 0 0 0 0 0 
1707 10 0 0 0 0 0 0 0 0 0 0 0 
1708 10 0 0 0 0 0 0 0 0 0 0 0 
1709 10 0 0 0 0 0 0 0 0 0 0 0 
1710 10 0 0 0 0 0 0 0 0 0 0 0 
1711 10 0 0 0 0 0 0 0 0 0 0 0 
1712 10 0 0 0 0 0 0 0 0 0 0 0 
1713 10 0 0 0 0 0 0 0 0 0 0 0 
1714 10 0 0 0 0 0 0 0 0 0 0 0 
1715 10 0 0 0 0 0 0 0 0 0 0 0 
1716 10 0 0 0 0 0 0 0 0 0 0 0 
1717 10 0 0 0 0 0 0 0 0 0 0 0 
1718 10 0 0 0 0 0 0 0 0 0 0 0 
1719 10 0 0 0 0 0 0 0 0 0 0 0 
1720 10 0 0 0 0 0 0 0 0 0 0 0 
1721 10 0 0 0 0 0 0 0 0 0 0 0 
1722 10 0 0 0 0 0 0 0 0 0 0 0 
1723 10 0 0 0 0 0 0 0 0 0 0 0 
1724 10 0 0 0 0 0 0 0 0 0 0 0 
1725 10 0 0 0 0 0 0 0 0 0 0 0 
1726 10 0 0 0 0 0 0 0 0 0 0 0 
1727 10 0 0 0 0 0 0 0 0 0 0 0 
1728 10 0 0 0 0 0 0 0 0 0 0 0 
1729 10 0 0 0 0 0 0 0 0 0 0 0 
1730 10 0 0 0 0 0 0 0 0 0 0 0 
1731 10 0 0 0 0 0 0 0 0 0 0 0 
1732 10 0 0 0 0 0 0 0 0 0 0 0 
1733 10 0 0 0 0 0 0 0 0 0 0 0 
1734 10 0 0 0 0 0 0 0 0 0 0 0 
1735 10 0 0 0 0 0 0 0 0 0 0 0 
1736 10 0 0 0 0 0 0 0 0 0 0 0 
1737 10 0 0 0 0 0 0 0 0 0 0 0 
1738 10 0 0 0 0 0 0 0 0 0 0 0 
1739 10 0 0 0 0 0 0 0 0 0 0 0 
1740 10 0 0 0 0 0 0 0 0 0 0 0 
1741 10 0 0 0 0 0 0 0 0 0 0 0 
1742 10 0 0 0 0 0 0 0 0 0 0 0 
1743 10 0 0 0 0 0 0 0 0 0 0 0 
1744 10 0 0 0 0 0 0 0 0 0 0 0 
1745 10 0 0 0 0 0 0 0 0 0 0 0 
1746 10 0 0 0 0 0 0 0 0 0 0 0 
1747 10 0 0 0 0 0 0 0 0 0 0 0 
1748 10 0 0 0 0 0 0 0 0 0 0 0 
1749 10 0 0 0 0 0 0 0 0 0 0 0 
1750 10 0 0 0 0 0 0 0 0 0 0 0 
1751 10 0 0 0 0 0 0 0 0 0 0 0 
1752 10 0 0 0 0 0 0 0 0 0 0 0 
1753 10 0 0 0 0 0 0 0 0 0 0 0 
1754 10 0 0 0 0 0 0 0 0 0 0 0 
1755 10 0 0 0 0 0 0 0 0 0 0 0 
1756 10 0 0 0 0 0 0 0 0 0 0 0 
1757 10 0 0 0 0 0 0 0 0 0 0 0 
1758 10 0 0 0 0 0 0 0 0 0 0 0 
1759 10 0 0 0 0 0 0 0 0 0 0 0 
1760 10 0 0 0 0 0 0 0 0 0 0 0 
1761 10 0 0 0 0 0 0 0 0 0 0 0 
1762 10 0 0 0 0 0 0 0 0 0 0 0 
1763 10 0 0 0 0 0 0 0 0 0 0 0 
1764 10 0 0 0 0 0 0 0 0 0 0 0 
1765 10 0 0 0 0 0 0 0 0 0 0 0 
1766 10 0 0 0 0 0 0 0 0 0 0 0 
1767 10 0 0 0 0 0 0 0 0 0 0 0 
1768 10 0 0 0 0 0 0 0 0 0 0 0 
1769 10 0 0 0 0 0 0 0 0 0 0 0 
1770 10 0 0 0 0 0 0 0 0 0 0 0 
1771 10 0 0 0 0 0 0 0 0 0 0 0 
1772 10 0 0 0 0 0 0 0 0 0 0 0 
1773 10 0 0 0 0 0 0 0 0 0 0 0 
1774 10 0 0 0 0 0 0 0 0 0 0 0 
1775 10 0 0 0 0 0 0 0 0 0 0 0 
1776 10 0 0 0 0 0 0 0 0 0 0 0 
1777 10 0 0 0 0 0 0 0 0 0 0 0 
1778 10 0 0 0 0 0 0 0 0 0 0 0 
1779 10 0 0 0 0 0 0 0 0 0 0 0 
1780 10 0 0 0 0 0 0 0 0 0 0 0 
1781 10 0 0 0 0 0 0 0 0 0 0 0 
1782 10 0 0 0 0 0 0 0 0 0 0 0 
1783 10 0 0 0 0 0 0 0 0 0 0 0 
1784 10 0 0 0 0 0 0 0 0 0 0 0 
1785 10 0 0 0 0 0 0 0 0 0 0 0 
1786 10 0 0 0 0 0 0 0 0 0 0 0 
1787 10 0 0 0 0 0 0 0 0 0 0 0 
1788 10 0 0 0 0 0 0 0 0 0 0 0 
1789 10 0 0 0 0 0 0 0 0 0 0 0 
1790 10 0 0 0 0 0 0 0 0 0 0 0 
1791 10 0 0 0 0 0 0 0 0 0 0 0 
1792 10 0 0 0 0 0 0 0 0 0 0 0 
1793 10 0 0 0 0 0 0 0 0 0 0 0 
1794 10 0 0 0 0 0 0 0 0 0 0 0 
1795 10 0 0 0 0 0 0 0 0 0 0 0 
1796 10 0 0 0 0 0 0 0 0 0 0 0 
1797 10 0 0 0 0 0 0 0 0 0 0 0 
1798 10 0 0 0 0 0 0 0 0 0 0 0 
1799 10 0 0 0 0 0 0 0 0 0 0 0 
1800 10 0 0 0 0 0 0 0 0 0 0 0 
1801 10 0 0 0 0 0 0 0 0 0 0 0 
1802 10 0 0 0 0 0 0 0 0 0 0 0 
1803 10 0 0 0 0 0 0 0 0 0 0 0 
1804 10 0 0 0 0 0 0 0 0 0 0 0 
1805 10 0 0 0 0 0 0 0 0 0 0 0 
1806 10 0 0 0 0 0 0 0 0 0 0 0 
1807 10 107 0 0 0 0 0 0 0 0 0 0 
1808 10 108 0 0 0 0 0 0 0 0 0 0 
1809 10 109 0 0 0 0 0 0 0 0 0 0 
1810 10 110 0 0 0 0 0 0 0 0 0 0 
1811 10 0 0 0 0 0 0 0 0 0 0 0 
1812 10 0 0 0 0 0 0 0 0 0 0 0 
1813 10 112 0 0 0 0 0 0 0 0 0 0 
1814 10 113 0 0 0 0 0 0 0 0 0 0 
1815 10 114 0 0 0 0 0 0 0 0 0 0 
1816 10 115 0 0 0 0 0 0 0 0 0 0 
1817 10 116 0 0 0 0 0 0 0 0 0 0 
1818 10 117 0 0 0 0 0 0 0 0 0 0 
1819 10 118 0 0 0 0 0 0 0 0 0 0 
1820 10 119 0 0 0 0 0 0 0 0 0 0 
1821 10 0 0 0 0 0 0 0 0 0 0 0 
1822 10 0 0 0 0 0 0 0 0 0 0 0 
1823 10 0 0 0 0 0 0 0 0 0 0 0 
1824 10 0 0 0 0 0 0 0 0 0 0 0 
1825 10 0 0 0 0 0 0 0 0 0 0 0 
1826 10 0 0 0 0 0 0 0 0 0 0 0 
1827 10 0 0 0 0 0 0 0 0 0 0 0 
1828 10 0 0 0 0 0 0 0 0 0 0 0 
1829 10 0 0 0 0 0 0 0 0 0 0 0 
1830 10 0 0 0 0 0 0 0 0 0 0 0 
1831 10 0 0 0 0 0 0 0 0 0 0 0 
1832 10 0 0 0 0 0 0 0 0 0 0 0 
1833 10 0 0 0 0 0 0 0 0 0 0 0 
1834 10 0 0 0 0 0 0 0 0 0 0 0 
1835 10 0 0 0 0 0 0 0 0 0 0 0 
1836 10 0 0 0 0 0 0 0 0 0 0 0 
1837 10 0 0 0 0 0 0 0 0 0 0 0 
1838 10 0 0 0 0 0 0 0 0 0 0 0 
1839 10 0 0 0 0 0 0 0 0 0 0 0 
1840 10 0 0 0 0 0 0 0 0 0 0 0 
1841 10 0 0 0 0 0 0 0 0 0 0 0 
1842 10 0 0 0 0 0 0 0 0 0 0 0 
1843 10 0 0 0 0 0 0 0 0 0 0 0 
1844 10 0 0 0 0 0 0 0 0 0 0 0 
1845 10 0 0 0 0 0 0 0 0 0 0 0 
1846 10 0 0 0 0 0 0 0 0 0 0 0 
1847 10 0 0 0 0 0 0 0 0 0 0 0 
1848 10 0 0 0 0 0 0 0 0 0 0 0 
1849 10 0 0 0 0 0 0 0 0 0 0 0 
1850 10 0 0 0 0 0 0 0 0 0 0 0 
1851 10 0 0 0 0 0 0 0 0 0 0 0 
1852 10 0 0 0 0 0 0 0 0 0 0 0 
1853 10 0 0 0 0 0 0 0 0 0 0 0 
1854 10 0 0 0 0 0 0 0 0 0 0 0 
1855 10 0 0 0 0 0 0 0 0 0 0 0 
1856 10 0 0 0 0 0 0 0 0 0 0 0 
1857 10 0 0 0 0 0 0 0 0 0 0 0 
1858 10 0 0 0 0 0 0 0 0 0 0 0 
1859 10 0 0 0 0 0 0 0 0 0 0 0 
1860 10 0 0 0 0 0 0 0 0 0 0 0 
1861 10 0 0 0 0 0 0 0 0 0 0 0 
1862 10 0 0 0 0 0 0 0 0 0 0 0 
1863 10 0 0 0 0 0 0 0 0 0 0 0 
1864 10 0 0 0 0 0 0 0 0 0 0 0 
1865 10 0 0 0 0 0 0 0 0 0 0 0 
1866 10 0 0 0 0 0 0 0 0 0 0 0 
1867 10 0 0 0 0 0 0 0 0 0 0 0 
1868 10 0 0 0 0 0 0 0 0 0 0 0 
1869 10 0 0 0 0 0 0 0 0 0 0 0 
1870 10 0 0 0 0 0 0 0 0 0 0 0 
1871 10 0 0 0 0 0 0 0 0 0 0 0 
1872 10 0 0 0 0 0 0 0 0 0 0 0 
1873 10 0 0 0 0 0 0 0 0 0 0 0 
1874 10 0 0 0 0 0 0 0 0 0 0 0 
1875 10 0 0 0 0 0 0 0 0 0 0 0 
1876 10 0 0 0 0 0 0 0 0 0 0 0 
1877 10 0 0 0 0 0 0 0 0 0 0 0 
1878 10 0 0 0 0 0 0 0 0 0 0 0 
1879 10 0 0 0 0 0 0 0 0 0 0 0 
1880 10 0 0 0 0 0 0 0 0 0 0 0 
1881 10 0 0 0 0 0 0 0 0 0 0 0 
1882 10 0 0 0 0 0 0 0 0 0 0 0 
1883 10 0 0 0 0 0 0 0 0 0 0 0 
1884 10 0 0 0 0 0 0 0 0 0 0 0 
1885 10 0 0 0 0 0 0 0 0 0 0 0 
1886 10 0 0 0 0 0 0 0 0 0 0 0 
1887 10 0 0 0 0 0 0 0 0 0 0 0 
1888 10 0 0 0 0 0 0 0 0 0 0 0 
1889 10 0 0 0 0 0 0 0 0 0 0 0 
1890 10 0 0 0 0 0 0 0 0 0 0 0 
1891 10 0 0 0 0 0 0 0 0 0 0 0 
1892 10 0 0 0 0 0 0 0 0 0 0 0 
1893 10 0 0 0 0 0 0 0 0 0 0 0 
1894 10 0 0 0 0 0 0 0 0 0 0 0 
1895 10 0 0 0 0 0 0 0 0 0 0 0 
1896 10 0 0 0 0 0 0 0 0 0 0 0 
1897 10 0 0 0 0 0 0 0 0 0 0 0 
1898 10 0 0 0 0 0 0 0 0 0 0 0 
1899 10 0 0 0 0 0 0 0 0 0 0 0 
1900 10 0 0 0 0 0 0 0 0 0 0 0 
1901 10 0 0 0 0 0 0 0 0 0 0 0 
1902 10 0 0 0 0 0 0 0 0 0 0 0 
1903 10 0 0 0 0 0 0 0 0 0 0 0 
1904 10 0 0 0 0 0 0 0 0 0 0 0 
1905 10 0 0 0 0 0 0 0 0 0 0 0 
1906 10 0 0 0 0 0 0 0 0 0 0 0 
1907 10 0 0 0 0 0 0 0 0 0 0 0 
1908 10 0 0 0 0 0 0 0 0 0 0 0 
1909 10 0 0 0 0 0 0 0 0 0 0 0 
1910 10 0 0 0 0 0 0 0 0 0 0 0 
1911 10 0 0 0 0 0 0 0 0 0 0 0 
1912 10 0 0 0 0 0 0 0 0 0 0 0 
1913 10 0 0 0 0 0 0 0 0 0 0 0 
1914 10 0 0 0 0 0 0 0 0 0 0 0 
1915 10 0 0 0 0 0 0 0 0 0 0 0 
1916 10 0 0 0 0 0 0 0 0 0 0 0 
1917 10 0 0 0 0 0 0 0 0 0 0 0 
1918 10 0 0 0 0 0 0 0 0 0 0 0 
1919 10 0 0 0 0 0 0 0 0 0 0 0 
1920 10 0 0 0 0 0 0 0 0 0 0 0 
1921 10 0 0 0 0 0 0 0 0 0 0 0 
1922 10 0 0 0 0 0 0 0 0 0 0 0 
1923 10 0 0 0 0 0 0 0 0 0 0 0 
1924 10 0 0 0 0 0 0 0 0 0 0 0 
1925 10 0 0 0 0 0 0 0 0 0 0 0 
1926 10 0 0 0 0 0 0 0 0 0 0 0 
1927 10 0 0 0 0 0 0 0 0 0 0 0 
1928 10 0 0 0 0 0 0 0 0 0 0 0 
1929 10 0 0 0 0 0 0 0 0 0 0 0 
1930 10 0 0 0 0 0 0 0 0 0 0 0 
1931 10 0 0 0 0 0 0 0 0 0 0 0 
1932 10 0 0 0 0 0 0 0 0 0 0 0 
1933 10 0 0 0 0 0 0 0 0 0 0 0 
1934 10 0 0 0 0 0 0 0 0 0 0 0 
1935 10 0 0 0 0 0 0 0 0 0 0 0 
1936 10 0 0 0 0 0 0 0 0 0 0 0 
1937 10 0 0 0 0 0 0 0 0 0 0 0 
1938 10 0 0 0 0 0 0 0 0 0 0 0 
1939 10 0 0 0 0 0 0 0 0 0 0 0 
1940 10 0 0 0 0 0 0 0 0 0 0 0 
1941 10 0 0 0 0 0 0 0 0 0 0 0 
1942 10 0 0 0 0 0 0 0 0 0 0 0 
1943 10 0 0 0 0 0 0 0 0 0 0 0 
1944 10 0 0 0 0 0 0 0 0 0 0 0 
1945 10 0 0 0 0 0 0 0 0 0 0 0 
1946 10 0 0 0 0 0 0 0 0 0 0 0 
1947 10 0 0 0 0 0 0 0 0 0 0 0 
1948 10 0 0 0 0 0 0 0 0 0 0 0 
1949 10 0 0 0 0 0 0 0 0 0 0 0 
1950 10 0 0 0 0 0 0 0 0 0 0 0 
1951 10 0 0 0 0 0 0 0 0 0 0 0 
1952 10 0 0 0 0 0 0 0 0 0 0 0 
1953 10 0 0 0 0 0 0 0 0 0 0 0 
1954 10 0 0 0 0 0 0 0 0 0 0 0 
1955 10 0 0 0 0 0 0 0 0 0 0 0 
1956 10 0 0 0 0 0 0 0 0 0 0 0 
1957 10 0 0 0 0 0 0 0 0 0 0 0 
1958 10 0 0 0 0 0 0 0 0 0 0 0 
1959 10 0 0 0 0 0 0 0 0 0 0 0 
1960 10 0 0 0 0 0 0 0 0 0 0 0 
1961 10 0 0 0 0 0 0 0 0 0 0 0 
1962 10 0 0 0 0 0 0 0 0 0 0 0 
1963 10 0 0 0 0 0 0 0 0 0 0 0 
1964 10 0 0 0 0 0 0 0 0 0 0 0 
1965 10 0 0 0 0 0 0 0 0 0 0 0 
1966 10 0 0 0 0 0 0 0 0 0 0 0 
1967 10 0 0 0 0 0 0 0 0 0 0 0 
1968 10 0 0 0 0 0 0 0 0 0 0 0 
1969 10 0 0 0 0 0 0 0 0 0 0 0 
1970 10 0 0 0 0 0 0 0 0 0 0 0 
1971 10 0 0 0 0 0 0 0 0 0 0 0 
1972 10 0 0 0 0 0 0 0 0 0 0 0 
1973 10 0 0 0 0 0 0 0 0 0 0 0 
1974 10 0 0 0 0 0 0 0 0 0 0 0 
1975 10 0 0 0 0 0 0 0 0 0 0 0 
1976 10 0 0 0 0 0 0 0 0 0 0 0 
1977 10 0 0 0 0 0 0 0 0 0 0 0 
1978 10 0 0 0 0 0 0 0 0 0 0 0 
1979 10 0 0 0 0 0 0 0 0 0 0 0 
1980 10 0 0 0 0 0 0 0 0 0 0 0 
1981 10 0 0 0 0 0 0 0 0 0 0 0 
1982 10 0 0 0 0 0 0 0 0 0 0 0 
1983 10 0 0 0 0 0 0 0 0 0 0 0 
1984 10 0 0 0 0 0 0 0 0 0 0 0 
1985 10 0 0 0 0 0 0 0 0 0 0 0 
1986 10 0 0 0 0 0 0 0 0 0 0 0 
1987 10 0 0 0 0 0 0 0 0 0 0 0 
1988 10 0 0 0 0 0 0 0 0 0 0 0 
1989 10 0 0 0 0 0 0 0 0 0 0 0 
1990 10 0 0 0 0 0 0 0 0 0 0 0 
1991 10 0 0 0 0 0 0 0 0 0 0 0 
1992 10 0 0 0 0 0 0 0 0 0 0 0 
1993 10 0 0 0 0 0 0 0 0 0 0 0 
1994 10 0 0 0 0 0 0 0 0 0 0 0 
1995 10 0 0 0 0 0 0 0 0 0 0 0 
1996 10 0 0 0 0 0 0 0 0 0 0 0 
1997 10 0 0 0 0 0 0 0 0 0 0 0 
1998 10 0 0 0 0 0 0 0 0 0 0 0 
1999 10 0 0 0 0 0 0 0 0 0 0 0 
2000 10 0 0 0 0 0 0 0 0 0 0 0 
2001 10 0 0 0 0 0 0 0 0 0 0 0 
2002 10 0 0 0 0 0 0 0 0 0 0 0 
2003 10 0 0 0 0 0 0 0 0 0 0 0 
2004 10 0 0 0 0 0 0 0 0 0 0 0 
2005 10 0 0 0 0 0 0 0 0 0 0 0 
2006 10 0 0 0 0 0 0 0 0 0 0 0 
2007 10 0 0 0 0 0 0 0 0 0 0 0 
2008 10 0 0 0 0 0 0 0 0 0 0 0 
2009 10 0 0 0 0 0 0 0 0 0 0 0 
2010 10 0 0 0 0 0 0 0 0 0 0 0 
2011 10 0 0 0 0 0 0 0 0 0 0 0 
2012 10 0 0 0 0 0 0 0 0 0 0 0 
2013 10 0 0 0 0 0 0 0 0 0 0 0 
2014 10 0 0 0 0 0 0 0 0 0 0 0 
2015 10 0 0 0 0 0 0 0 0 0 0 0 
2016 10 0 0 0 0 0 0 0 0 0 0 0 
2017 10 0 0 0 0 0 0 0 0 0 0 0 
2018 10 0 0 0 0 0 0 0 0 0 0 0 
2019 10 0 0 0 0 0 0 0 0 0 0 0 
2020 10 0 0 0 0 0 0 0 0 0 0 0 
2021 10 0 0 0 0 0 0 0 0 0 0 0 
2022 10 0 0 0 0 0 0 0 0 0 0 0 
2023 10 0 0 0 0 0 0 0 0 0 0 0 
2024 10 0 0 0 0 0 0 0 0 0 0 0 
2025 10 0 0 0 0 0 0 0 0 0 0 0 
2026 10 0 0 0 0 0 0 0 0 0 0 0 
2027 10 0 0 0 0 0 0 0 0 0 0 0 
2028 10 0 0 0 0 0 0 0 0 0 0 0 
2029 10 0 0 0 0 0 0 0 0 0 0 0 
2030 10 0 0 0 0 0 0 0 0 0 0 0 
2031 10 0 0 0 0 0 0 0 0 0 0 0 
2032 10 0 0 0 0 0 0 0 0 0 0 0 
2033 10 0 0 0 0 0 0 0 0 0 0 0 
2034 10 0 0 0 0 0 0 0 0 0 0 0 
2035 10 0 0 0 0 0 0 0 0 0 0 0 
2036 10 0 0 0 0 0 0 0 0 0 0 0 
2037 10 0 0 0 0 0 0 0 0 0 0 0 
2038 10 0 0 0 0 0 0 0 0 0 0 0 
2039 10 0 0 0 0 0 0 0 0 0 0 0 
2040 10 0 0 0 0 0 0 0 0 0 0 0 
2041 10 0 0 0 0 0 0 0 0 0 0 0 
2042 10 0 0 0 0 0 0 0 0 0 0 0 
2043 10 0 0 0 0 0 0 0 0 0 0 0 
2044 10 0 0 0 0 0 0 0 0 0 0 0 
2045 10 0 0 0 0 0 0 0 0 0 0 0 
2046 10 0 0 0 0 0 0 0 0 0 0 0 

0 5 2 2 0.134831 3 11 24 10 17 11 5 4 0.990354 77 9 -27 7 -24 8 -9 7 -16 6 -17 12 -12 5 -8 14 -12 10 43 -16 -30 11 12 3 -16 8 26 9 14 25 -8 0 -29 -16 15 9 -10 8 -19 8 -12 7 7 -14 -29 23 -13 0 -22 11 35 1 18 10 10 -19 -33 7 42 6 22 1 5 -19 -29 5 39 -14 -17 6 -13 -13 -30 -15 33 -14 13 -19 -8 8 -20 9 -2 7 -2 -18 -20 4 6 7 -5 -23 -29 -14 -1 4 10 -19 13 3 -11 8 -29 8 3 1 -18 -22 -28 -1 -27 2 -2 12 44 12 45 8 -23 -23 -14 1 6 0 42 -23 37 7 -24 -1 -13 -13 31 -1 -4 16 29 5 20 -12 -5 -2 -1 23 43 7 -4 -20 -29 -13 -19 23 41 -15 26 
1 5 2 2 0.228571 2 -15 44 14 -8 4 0.981818 27 13 -28 19 -17 19 -25 16 31 9 -9 17 -6 15 7 12 42 14 31 13 36 17 -16 18 45 16 21 13 -13 17 41 14 32 14 -32 13 29 19 35 18 -1 18 -8 15 30 25 39 17 -14 16 0 19 -31 18 -27 
2 5 2 2 0.974545 67 10 19 10 20 12 31 9 9 6 19 8 11 13 16 12 41 5 4 8 5 10 27 7 28 6 0 14 18 13 18 8 16 8 -8 16 13 12 19 4 -17 10 -10 11 23 11 -13 5 -14 5 -11 9 26 8 14 11 -8 8 24 7 45 7 27 13 17 12 30 11 -7 7 -6 11 -3 8 1 10 26 7 -12 6 -10 11 30 11 19 12 41 10 4 10 17 9 16 12 7 13 1 11 -10 6 -19 11 13 5 -19 12 -20 6 -26 13 41 9 23 12 -10 11 2 11 0 4 40 10 -24 7 -1 11 -22 5 -28 8 -20 4 33 4 32 4 0.294737 7 24 -23 24 -23 25 -4 21 40 23 -9 23 -7 18 20 
3 5 2 2 0.8 4 8 40 11 -2 9 2 11 -28 4 0.8 4 23 4 24 6 21 -14 22 34 
4 5 2 2 0.980392 25 10 -3 8 -29 5 14 7 37 8 -12 9 -33 3 -20 6 -18 9 -12 10 -4 4 42 2 -31 15 7 10 -9 8 9 9 -17 7 -25 13 -8 4 24 12 -22 15 -19 5 34 13 -2 6 36 6 36 4 0.242424 2 23 -26 26 17 
5 5 2 2 0.516129 4 15 -2 5 45 16 -10 16 0 4 0.9375 15 18 -13 16 7 19 35 18 -18 20 6 22 9 13 -15 15 41 7 -6 9 -16 11 17 -1 45 -2 45 21 -23 22 2 
6 5 2 2 0.895522 15 11 3 14 9 16 36 15 36 6 44 10 -22 6 11 14 35 16 34 13 25 11 -10 16 -32 12 16 10 -35 16 -31 4 0.651163 7 16 -21 21 26 16 41 19 22 13 -26 1 42 0 40 
7 5 2 2 0.153846 1 -14 -1 4 0.988764 22 8 -7 18 24 18 -31 -4 39 -9 -25 -8 -26 -22 14 -10 -7 -12 35 -9 22 -9 23 -10 35 -6 -27 -8 16 -7 24 -6 24 -13 -28 -13 -19 -11 -30 -13 0 -25 0 -12 8 
8 5 2 2 0.888889 2 -15 12 -15 -25 4 0.666667 1 -22 -4 
9 5 2 2 0.962963 13 -14 -12 -14 -21 -13 22 -13 15 -14 -34 -13 33 -13 -36 -12 -13 -10 -8 -10 -9 -9 15 -11 -30 -9 21 4 0.380952 2 3 -3 -19 -1 
10 5 2 2 0.0666667 2 12 -23 11 -8 4 0.995556 112 -17 19 -10 41 1 -1 5 -33 -17 -15 -9 32 3 27 -10 38 -4 42 2 44 -18 40 -22 35 -8 26 -6 6 -21 10 -6 -15 -18 -30 -9 34 -21 44 -23 9 -21 -3 -22 5 -22 16 -11 35 -23 28 5 19 -16 15 5 24 -12 19 12 -31 -10 -13 6 13 -12 39 -23 31 -15 11 -16 21 -14 15 -16 24 0 44 -10 -19 7 26 -10 -20 -17 44 6 30 -12 8 10 12 -11 25 -8 33 12 10 -21 41 -19 32 -18 -31 16 -20 -18 -28 -2 12 -2 10 -16 9 8 39 -16 6 -5 44 -7 -32 11 45 13 24 -16 -21 17 36 1 17 12 40 -13 -5 -13 -26 -3 15 -12 30 -3 7 8 -21 -12 43 3 43 -9 13 9 -16 16 38 -8 30 -1 5 -1 22 -8 -19 10 -10 -7 -8 -6 9 10 20 -8 22 -5 -7 -1 25 -8 44 -3 20 -3 22 -3 8 -3 -2 0 45 13 -11 3 -23 -1 38 2 35 12 25 -6 1 3 35 13 26 -6 -21 -5 -8 1 -32 -4 10 -4 -10 3 15 3 26 -3 31 5 -14 
11 5 2 2 0.347826 2 18 -19 18 -6 4 0.967742 15 19 -20 21 -17 24 31 20 0 18 12 19 -6 19 -16 18 31 12 8 19 9 23 31 18 -2 26 40 22 30 21 41 
12 5 2 2 0.98 49 17 11 17 24 16 -10 14 37 17 5 17 -26 17 32 16 17 17 4 16 -20 16 -16 15 19 13 -16 15 -9 16 39 14 7 14 -26 14 37 15 21 16 4 15 -23 16 7 14 40 19 37 18 44 14 28 12 45 18 39 17 28 16 17 13 8 11 40 14 15 16 42 13 -13 13 11 11 40 12 25 14 -28 14 -30 12 46 14 -1 13 -4 13 23 12 -25 11 38 10 23 14 45 19 22 4 0.246154 4 20 34 22 -23 11 19 11 -26 
13 5 2 2 0.222222 1 6 44 4 0.982456 14 9 17 15 13 -20 14 21 -20 -19 13 20 -18 24 -28 -4 13 -1 12 4 -2 6 18 16 13 20 -15 -1 26 
14 5 2 2 0.444444 2 15 33 15 -36 4 0.952381 10 19 13 8 21 6 39 11 11 10 -22 23 15 21 -20 -18 -29 22 -29 20 27 
15 5 2 2 0.902077 76 2 30 14 47 7 41 15 44 15 22 6 33 7 33 6 7 8 3 6 10 13 -32 -15 17 -20 2 12 8 4 22 13 23 -20 -6 13 20 -19 -5 1 45 6 31 12 21 -19 11 2 47 -14 23 16 27 -14 5 16 -20 -20 -14 -20 1 2 44 -7 25 -18 -10 -19 -21 -14 -26 15 -32 -12 -7 -20 -5 -20 10 7 -21 -11 48 9 20 -10 35 -9 37 -11 35 -15 40 -10 31 -20 18 -18 39 -10 -27 -14 37 -15 -2 -19 36 2 -26 -10 -32 -10 -21 -8 -8 -12 -6 -11 -7 -12 -16 -16 -28 -14 46 -19 14 -4 41 -19 10 -20 12 -9 21 -7 -35 -8 -34 -9 -2 8 44 -20 -13 -13 29 -8 29 -19 44 11 -32 4 0.634615 33 -3 31 12 14 9 17 -20 -31 -2 -12 -1 26 -7 24 1 -28 -4 -8 -18 -29 -5 4 -2 2 -6 17 13 43 -21 22 -9 -3 9 26 -10 22 -4 -8 -24 -22 -22 20 -8 -31 -5 24 -7 34 -20 5 -24 0 -23 1 -4 30 -3 -12 -5 20 -20 -21 -23 -9 -8 15 
16 5 2 2 0.888889 2 -7 -25 -5 -31 4 0.666667 1 8 -24 
17 5 2 2 0.137931 1 -9 -19 4 0.990099 25 -11 29 -16 -19 -7 38 8 -16 -16 -15 -7 35 -6 36 -16 -2 -19 -1 -14 2 -3 43 5 26 10 2 8 28 4 34 15 8 5 30 15 12 -16 24 -8 34 -19 -5 5 39 14 20 -2 41 9 -34 
18 5 2 2 0.2 2 12 44 16 -13 4 0.984615 32 11 39 23 -33 0 20 14 -12 3 -12 24 -21 19 14 19 -20 2 -28 25 2 18 -25 18 -30 -16 -5 2 17 18 26 19 -26 20 -28 17 -38 26 7 13 -20 14 10 11 -13 20 -27 20 -28 7 29 14 4 6 39 14 37 23 -30 17 27 5 -10 4 -23 
19 5 2 2 0.980392 75 -3 -2 1 40 -4 4 0 -31 -6 31 -5 22 -4 16 -7 30 2 -29 0 6 -3 -4 9 -19 11 42 -18 -19 9 -22 7 33 -5 -27 9 34 3 -9 0 9 3 17 4 -10 11 23 5 17 -14 -8 -4 -13 -5 40 1 0 -14 -7 1 -2 5 4 9 7 12 -17 0 -6 0 20 11 6 -4 -29 -2 -36 12 29 -2 -4 11 -26 11 16 -3 -6 7 5 -5 -3 -5 14 -3 -12 -9 8 -3 -4 -13 -30 -12 10 -6 13 -4 -35 -3 44 -2 45 -6 -10 10 -7 1 6 3 -19 -4 9 -4 -39 -2 6 -3 6 -4 -18 -1 6 0 -15 -2 21 -4 -27 -5 -11 11 27 -7 42 7 -37 3 -25 -18 0 -6 35 4 0.242424 6 -14 -25 -14 -29 13 -42 -14 -30 -12 -21 -12 -11 
20 5 2 2 0.947368 9 19 -10 14 31 16 6 15 -6 14 33 2 22 1 30 -12 40 -14 43 4 0.470588 2 21 -17 -6 24 
21 5 2 2 0.372093 4 15 34 -11 18 -5 36 -19 34 4 0.964286 27 -18 20 -4 -33 -18 22 -15 30 -15 44 -20 37 -10 32 -17 -27 -18 34 -6 -3 -19 -31 -4 -1 -14 27 2 -4 8 -23 -20 41 -14 43 -17 28 -22 0 -5 29 -14 44 -17 23 -20 23 -18 2 23 0 -10 1 -11 9 
22 5 2 2 0.96 6 -15 0 -15 10 -20 37 -15 27 -20 9 -20 21 4 0.4 1 -11 13 
23 5 2 2 0.907659 317 9 -25 -17 39 -15 43 -15 45 -12 36 -5 10 2 34 -9 4 2 -14 -4 -2 -7 14 -11 33 -13 34 -19 45 -19 42 -18 30 -17 -6 10 -31 -9 28 -5 -4 -18 29 -2 -38 -14 30 -15 31 3 19 -13 23 1 32 -16 -19 9 42 9 -27 -17 40 -5 -13 11 -31 1 -21 0 -21 -20 43 -8 -1 1 -9 -8 8 3 -26 -19 16 -7 29 -15 21 -3 25 3 -8 2 -24 0 -6 -14 22 -12 -38 -14 -38 15 20 -14 18 -9 34 -11 -27 -1 12 -19 17 -5 -28 -8 19 1 -29 -17 29 -19 29 8 37 -8 43 -11 16 1 -33 -19 41 2 9 -1 -25 -15 19 -18 31 -16 34 -2 -33 -20 -40 2 -37 9 18 5 -30 -8 32 -17 43 1 12 -20 -38 -7 43 -8 -24 -14 41 6 -12 -10 -25 9 24 -1 27 -7 13 -13 -40 -16 34 -3 -16 -15 -7 -1 -19 0 8 -14 -6 -10 39 4 -30 7 -41 -11 33 -12 -19 -14 -41 -12 -13 13 -36 -17 -12 -10 -17 3 -1 -19 26 -2 -11 0 -18 9 25 1 -35 -2 -41 -12 -14 -4 11 1 -7 -2 -39 -18 -37 -15 -13 -15 -19 13 -42 -4 32 -2 -3 -2 -41 6 37 -15 -33 -20 -38 -10 -36 -17 31 -12 -17 -4 -41 12 -14 6 -39 -18 22 -5 -38 7 -42 7 -40 -17 3 -12 -20 -10 -21 -2 10 5 -11 -3 -32 -6 -7 12 -36 -14 -31 4 -35 4 -2 -4 -4 -17 -11 3 3 -15 37 5 -15 10 37 -19 -33 2 -9 -3 -14 -4 -28 -8 13 -8 30 16 -27 4 -42 -12 -16 -19 -32 -7 25 -9 -24 -18 -41 0 23 5 39 -10 16 -8 -31 -18 32 -17 -31 -17 -36 6 -30 -15 -13 2 -41 -15 -37 7 -34 -8 33 -17 -42 12 31 13 28 -13 -44 1 12 -11 -10 6 -37 -6 -15 14 -40 14 -10 -19 -29 -2 -35 -6 1 -9 -41 0 -4 -7 -12 4 17 -14 -21 -12 15 4 8 -16 9 -7 4 -16 -26 -6 -20 -3 37 9 28 -9 33 -15 -8 -12 11 15 -37 1 14 -4 -19 -1 32 -15 -34 -8 19 -4 26 -20 0 -5 -2 11 -37 -6 37 -10 -23 -20 -32 -11 -11 -14 -15 -11 19 2 -13 -18 -18 11 -40 -5 2 0 -14 0 43 -17 9 0 42 -8 -35 -11 12 3 -6 -4 36 12 -4 -6 -20 2 23 6 26 -8 37 -5 22 -15 8 12 -6 -9 26 7 27 13 -7 -2 8 14 -6 -9 -3 1 40 -10 10 -18 -25 16 -15 -2 36 2 -5 14 8 -12 9 8 -27 -15 12 -5 -23 -9 32 3 -24 -3 9 -4 42 -5 -2 5 24 13 -19 6 -2 2 -20 -6 -12 -20 -32 -11 5 -12 4 3 9 -4 4 -13 -22 -14 -7 -14 8 0 18 -16 34 -13 11 -2 -1 0 26 14 -19 3 38 -17 18 -10 -28 5 -21 -5 7 20 -9 2 -7 -4 -1 -14 -5 -15 35 7 39 -11 8 -17 -26 -9 34 16 -20 -12 3 -6 -33 16 -28 -10 -33 -14 -34 -13 -32 -17 45 -5 -3 5 31 -10 -33 -3 16 17 33 4 34 2 36 4 37 -6 -36 1 28 4 0.619448 129 3 16 -11 14 5 22 -16 25 -7 44 -6 31 -3 18 -11 6 -17 -25 -11 18 -4 8 -2 14 -3 43 19 -27 -10 -18 -9 -14 1 -20 0 38 -9 -4 18 -23 -5 16 -7 -8 10 -13 7 -15 2 -14 1 -5 -11 -14 -5 34 -15 -7 21 -36 2 -1 -6 -38 -1 -2 -3 21 2 -33 -9 20 -11 -38 -3 41 2 -16 -15 -35 3 -27 -13 -35 -8 23 17 -3 17 -26 -5 33 10 -7 1 -38 -8 -6 -23 -38 20 -6 17 -35 8 -30 -13 -16 -17 -35 -16 -25 -8 15 -2 -27 -2 -18 3 -32 -21 -41 -19 -38 -14 -21 -4 -35 -4 18 -14 -39 -17 -2 -13 -1 0 7 -8 -24 -21 -40 -15 -21 -17 -37 25 -31 1 -14 -1 23 6 28 -14 -5 -2 40 2 -21 -7 2 -14 -8 0 -18 -6 36 -18 29 12 -25 5 7 8 38 -13 29 9 8 -12 28 2 38 11 23 6 12 -3 -3 15 -3 -2 -12 7 45 -23 18 -6 -25 -20 -33 -15 -10 -8 -15 -9 -26 -13 8 -5 -21 -19 -33 17 7 -22 -19 4 18 -11 3 -12 24 18 -18 1 -25 19 12 11 37 7 44 -19 -10 -12 -24 10 42 0 45 19 1 17 2 -15 14 1 13 8 36 17 15 20 15 -1 32 
24 5 2 2 0.470588 2 -10 46 -10 39 4 0.947368 9 1 3 -18 -16 -16 -24 -3 -34 1 11 -1 -30 -14 40 -12 41 -16 37 
25 5 2 2 0.981366 79 -20 -3 -13 32 3 40 -11 44 15 15 -12 -39 2 31 -14 -12 7 38 -12 -33 -8 8 1 4 -18 6 15 29 -14 13 -1 4 -4 -19 -16 2 -8 4 5 -18 -17 4 -3 38 4 -4 -1 -29 10 1 -18 39 -16 -3 -16 -2 3 13 -15 -3 5 -7 0 -13 -13 4 6 29 -12 17 10 7 15 -12 12 -38 16 -14 -6 5 -13 1 -8 -17 14 24 2 1 -2 39 -7 14 -10 -8 -10 10 -4 -23 -5 37 -15 21 -18 -18 -3 25 2 7 4 19 2 -35 -4 -37 -8 10 9 -37 -20 -17 -5 -16 14 3 -3 -2 -8 -30 8 9 -1 -2 0 -24 1 -14 -6 7 13 -27 -3 -36 -6 22 14 -14 -17 -20 -12 -39 17 41 -5 24 -6 -3 7 8 4 0.23301 6 17 -38 12 0 1 43 14 9 -5 -4 14 31 
26 5 2 2 0.91018 38 -5 9 3 -38 -13 -41 4 -28 -4 -24 2 21 2 -2 14 -3 -7 -26 3 31 9 -18 1 35 1 8 0 35 13 10 2 -22 -2 33 3 -22 -4 10 3 14 15 9 -17 30 -13 28 -14 29 -5 23 5 15 -8 17 -8 -16 -7 -29 -8 -34 -7 -12 -5 25 -8 24 -12 21 1 2 -6 14 1 18 15 -8 4 0.612245 15 6 35 5 -5 1 27 -15 8 18 -5 -16 4 -17 -22 5 30 0 42 -12 32 -1 12 -14 4 11 27 12 -12 -12 41 
27 5 2 2 0.380952 2 0 -43 -1 22 4 0.962963 13 -23 -37 -5 28 -10 -4 -5 15 -11 16 -10 -40 -9 -12 5 -38 -2 -31 0 -15 1 -1 -10 -36 -10 -40 
28 5 2 2 0.985507 17 -6 -8 -7 13 -1 22 6 -19 4 13 4 20 5 -17 0 15 2 -27 0 19 2 -11 7 -15 5 22 -2 14 6 -8 1 -28 3 -16 4 0.190476 1 -4 21 
29 5 2 2 0.571429 2 3 -14 0 -10 4 0.923077 6 -5 -34 -1 -17 -14 -14 -1 -11 2 -26 -1 -32 
30 5 2 2 0.965517 7 -7 43 -2 49 13 -41 13 -43 13 -43 2 49 14 -42 4 0.363636 1 -11 45 
31 5 3 2 0.64 4 -3 44 16 -8 14 -36 16 38 3 0.25 1 23 37 4 0.864865 8 20 -36 12 -36 9 -33 12 41 19 29 10 3 6 19 4 30 
32 5 2 2 0.25 6 16 -34 9 -43 8 -43 7 -44 7 -43 9 -45 4 0.979592 72 19 -38 21 -41 18 -41 16 -44 16 -39 23 -44 17 -43 24 -39 4 25 5 -17 15 -37 -1 -41 0 -38 22 -39 2 -34 8 -21 20 -42 18 -45 7 -16 -2 -36 -3 -38 16 -40 12 -40 -1 -11 -11 -44 12 -38 13 -12 13 -43 4 -9 15 -42 11 -41 7 20 9 -45 3 17 -18 -43 7 -22 -4 9 -14 -45 9 -45 11 41 11 -38 -10 -43 11 1 -8 -24 -4 -43 11 -43 -4 -40 -7 41 -23 -21 6 -7 2 -33 -23 2 -10 15 -7 18 -22 -42 -15 12 -15 15 2 -23 -9 30 -20 -10 -10 4 -18 -15 -22 40 -3 -20 -14 -20 -3 40 -10 -4 -21 39 -8 -3 -19 -35 -19 -40 -1 35 
33 5 2 2 0.571429 21 7 -33 -5 -11 -9 6 4 -41 7 -44 -11 0 11 -18 8 -39 6 29 -10 -44 5 -44 -10 -4 -1 -44 -16 -40 -3 -37 7 17 -3 -30 -16 -43 -11 -42 -6 -23 -3 -13 4 0.923077 63 2 40 -19 -8 10 42 -5 -41 -13 2 7 -37 -8 -38 -9 29 -12 -41 -8 -40 -7 -18 -12 -40 -11 -37 -7 -1 -12 -44 -7 23 11 6 -8 -14 -4 -38 1 6 -1 -39 5 -7 -8 21 -2 -3 9 10 -11 -5 -11 10 -15 -36 0 -2 5 -24 8 20 -4 -30 2 -1 -19 -8 -2 -43 1 -20 -7 35 1 36 -7 -39 -19 -37 -2 13 -11 20 -3 -40 -17 8 -19 39 -20 -40 -7 -27 4 -2 -21 34 -5 -33 -20 -39 -15 -15 3 -38 -4 22 -8 -41 -22 32 -13 1 -17 -26 -2 -40 -14 4 -12 -35 -13 17 10 -36 
34 5 2 2 0.114286 1 -6 -5 4 0.992 31 -1 -5 9 -16 -9 -3 -13 41 -23 27 -20 -4 -6 -39 1 16 -15 31 -14 31 0 -39 5 -29 5 -39 0 -41 -5 -37 8 -39 -23 -11 -6 -14 5 -40 -6 -24 -16 -38 4 -40 4 -41 0 16 -20 41 -2 -26 -14 -22 -19 -1 -18 -38 -6 26 -21 -38 
35 5 2 2 0.930233 10 4 -32 -5 -10 8 -29 -8 -36 -2 -7 11 27 9 24 2 -39 -9 26 3 -34 4 0.545455 3 -13 17 -11 15 -9 17 
36 5 2 2 0.941176 8 6 4 4 17 4 6 -5 3 -7 13 -4 36 -2 18 -4 12 4 0.5 2 -15 36 -5 5 
37 5 3 2 0.774194 6 -3 -44 -9 -46 2 -47 20 -20 17 39 20 21 3 0.545455 3 -22 42 -39 -1 -40 -25 4 0.64 4 7 42 6 -42 16 -16 15 20 
38 5 2 2 0.258065 2 16 -16 18 16 4 0.978723 23 25 -7 6 -41 5 -43 16 3 15 18 23 -10 10 -45 16 17 23 -2 22 2 17 -4 -11 -13 12 -27 12 -22 -9 -45 -16 -42 23 -11 -11 -16 -16 -45 -5 -45 -5 -44 25 44 19 -18 
39 5 3 2 0.571429 1 18 36 3 0.8 2 3 82 -5 37 4 0.571429 1 20 39 
40 5 3 2 0.909091 10 16 -14 3 -47 -7 -51 21 -23 17 19 17 -29 18 -7 14 -22 18 1 16 -41 3 0.235294 1 44 3 4 0.521739 3 -1 -44 22 -29 22 -24 
41 5 2 2 0.989691 24 21 -12 18 -35 -14 -51 -9 -51 20 4 8 -46 18 -44 10 -51 -4 -49 -15 -53 -13 -52 17 28 8 -50 19 -6 20 30 19 -34 8 -51 11 -53 19 -13 8 -50 1 -53 -10 -15 -5 -52 19 -41 4 0.142857 1 -23 -45 
42 5 3 0 0.4 1 9 74 2 0.842105 4 20 -36 20 -37 19 36 16 -20 4 0.615385 2 18 37 11 21 
43 5 2 2 0.8 9 7 -46 15 -43 18 -40 21 20 17 -10 17 -38 19 8 18 19 21 17 4 0.8 9 8 30 25 -36 22 30 13 -36 -4 -43 23 -44 23 -43 -21 -41 20 -42 
44 5 2 0 0.8 2 20 -3 20 -54 3 0.8 2 37 12 32 -19 
45 5 2 0 0.142857 1 19 -66 3 0.989691 24 21 -91 27 -39 22 -88 23 -86 23 41 32 -18 40 -25 27 -17 36 17 33 -9 35 -52 22 -52 31 4 30 14 44 -21 35 -41 23 1 35 -20 23 24 34 -22 33 39 25 28 25 21 31 19 
46 5 2 0 0.96 6 18 -22 17 -36 18 14 18 -5 17 -9 17 -18 3 0.4 1 33 4 
47 5 3 0 0.982036 82 18 -23 18 22 12 10 16 -19 17 -24 16 -44 15 6 15 -16 16 -23 13 -19 16 -68 18 -63 14 -18 15 -31 16 -42 14 -32 16 -38 16 24 15 -75 13 -36 15 -43 17 -13 18 -65 15 -34 15 -44 16 35 13 -22 18 -39 12 -32 17 4 17 -65 15 -69 16 -4 11 13 11 -29 16 -32 11 -32 21 -7 11 -41 14 -70 12 -26 13 17 15 -11 11 -23 16 -18 23 -77 14 -67 12 28 12 9 9 -26 10 -51 11 -63 10 -42 14 -54 16 -47 18 36 21 -15 15 29 14 -14 12 -48 10 27 8 -29 14 -36 16 -63 15 -65 17 -9 23 -66 12 -28 10 -13 16 -65 9 -44 11 -45 14 33 22 -52 15 38 8 -21 12 -52 18 -20 9 -47 13 -46 15 -41 13 -57 1 0.043956 1 14 -31 3 0.194175 5 32 -34 17 -86 37 0 -26 15 31 -31 
48 5 2 0 0.5 1 18 -59 3 0.941176 4 28 29 15 36 25 27 -17 31 
49 5 2 0 0.533333 2 10 -58 13 -15 3 0.933333 7 24 -78 25 -91 17 -44 17 17 32 -25 18 35 29 -1 
50 5 2 0 0.990099 25 8 27 10 0 9 24 8 12 9 9 12 6 8 4 10 -3 8 16 8 -14 9 22 6 -3 14 18 6 1 11 -1 9 -2 10 -4 10 -17 6 -21 7 -11 9 -29 10 -30 7 -28 9 -66 14 33 3 0.137931 1 26 5 
51 5 3 0 0.716418 24 4 -6 7 -39 7 -60 13 32 5 -62 5 -68 15 -54 11 -33 14 -60 18 -62 7 -6 18 -52 11 -64 17 -1 20 -71 13 39 11 38 11 -77 7 38 12 -78 11 -79 12 -79 19 -77 14 -79 1 0.755245 27 12 -2 12 -19 11 -10 12 -3 6 -15 11 2 9 12 6 -18 9 4 4 -11 10 3 10 -9 12 -3 7 11 12 -9 8 -11 11 -6 13 35 10 7 4 6 5 -27 7 34 6 -35 6 -35 14 -35 14 6 14 10 3 0.463158 11 13 -66 18 -43 24 46 16 -8 20 -31 27 25 24 -12 21 -77 20 17 -26 88 19 62 
52 5 3 0 0.827586 6 16 -42 16 -72 18 -29 4 46 13 40 20 -14 1 0.285714 1 13 33 3 0.695652 4 25 21 21 6 7 71 24 22 
53 5 3 0 0.325359 17 7 44 15 6 15 -10 20 -34 15 -7 9 -72 10 -56 7 28 11 -47 8 -67 9 -63 13 -20 6 -67 7 -64 8 35 9 -68 10 2 1 0.957143 134 13 10 14 31 14 -22 14 33 13 3 12 9 13 -26 11 32 13 29 13 -1 14 -19 9 -22 14 -31 9 -19 10 33 13 24 14 6 9 28 12 -25 6 10 9 33 14 -2 11 32 7 3 8 -33 4 18 7 -6 7 -7 10 32 14 20 7 -15 12 2 5 14 8 -23 7 -7 5 17 9 12 6 9 8 -35 6 -31 6 -6 6 -23 9 -25 10 -1 7 4 7 -33 6 -25 9 12 9 9 11 1 10 -6 11 13 11 30 12 0 10 -15 3 32 9 18 10 -17 9 -22 6 -27 7 13 6 26 8 -34 12 15 7 -26 10 -23 7 -33 8 9 10 -19 8 22 10 -11 8 -26 8 13 8 20 8 -27 9 6 9 10 9 10 12 14 7 29 8 33 12 -25 10 25 11 -27 10 0 13 9 6 30 10 22 8 33 10 2 9 -33 9 -34 12 15 9 -7 9 23 9 -34 9 -11 13 15 11 9 11 4 11 -9 10 22 10 -16 11 2 8 29 9 24 14 16 11 18 9 -32 11 19 9 28 12 25 11 -17 13 -11 10 -30 13 10 12 14 12 13 13 4 14 28 13 11 14 -9 14 26 11 -8 10 -17 12 -25 10 -20 11 -24 14 4 14 -20 14 -35 11 25 14 -24 14 -7 3 0.156425 7 22 38 31 11 32 -42 29 -37 24 -40 29 -4 27 0 
54 5 3 0 0.307692 1 5 -47 1 0.8 5 9 -35 10 -25 12 -15 9 21 11 -16 3 0.727273 4 18 32 27 -30 15 8 17 34 
55 5 2 0 0.986301 36 9 -44 10 -34 6 -7 6 -17 6 -65 6 -42 6 -8 7 -75 4 -44 6 -31 7 -34 8 -30 10 -61 8 -17 9 -6 7 -41 9 -14 8 -49 5 -70 7 -11 12 -24 7 -37 6 -62 12 7 11 -6 8 -43 10 -15 11 2 6 -52 8 -52 9 -65 8 -63 10 -48 9 -58 9 -70 9 -63 3 0.181818 2 15 26 15 -46 
56 5 3 0 0.933333 7 -23 -71 -11 32 -24 -74 -14 27 -15 32 -11 31 -15 6 1 0.333333 1 -12 13 3 0.333333 1 -36 -80 
57 5 2 0 0.207792 4 -15 37 -17 26 -17 1 -8 43 3 0.983871 61 -24 28 -31 70 -33 10 -34 -11 -34 -23 -36 79 -32 -87 -29 -80 -27 -16 -38 -54 -34 83 -33 41 -41 -66 -30 40 -34 -57 -39 -33 -42 56 -25 -21 -43 -74 -24 -6 -25 2 -38 -9 -27 -16 -32 -89 -42 37 -29 -30 -27 -13 -25 4 -30 -24 -24 -29 -19 -43 -41 4 -43 -32 -32 6 -30 -34 -34 15 -24 -32 -32 -12 -35 -21 -19 -81 -29 -23 -34 -16 -34 -17 -33 -7 -37 -2 -39 3 -37 -16 -35 19 -28 -40 -27 -36 -24 -74 -31 4 -43 53 -30 -89 -36 37 -33 -17 -33 -9 -43 48 -36 -34 -43 23 -32 -30 
58 5 3 0 0.888889 4 0 43 -10 -7 -12 1 10 18 1 0.444444 1 6 -28 3 0.444444 1 -39 1 
59 5 2 2 0.173913 1 -6 -25 4 0.987013 19 -19 -23 -21 -9 -19 0 -20 -4 -19 12 -22 -7 -8 -15 -22 10 -22 -33 -24 3 -21 33 -21 23 -16 -2 -23 9 -21 12 -16 11 -16 -4 -22 -29 -16 -10 
60 5 3 0 0.285714 1 16 6 3 0.947368 9 -40 4 21 -29 -42 -40 -37 8 -36 -1 11 30 -18 32 0 34 -5 36 4 0.285714 1 -25 -31 
61 5 3 0 0.980347 212 -23 -69 -21 -15 -16 19 -14 -7 -15 -10 -22 6 -13 28 -10 -5 -17 -36 -17 -7 -6 3 4 3 -20 -14 -8 8 -1 -3 -8 8 6 11 -17 38 -10 -29 -10 2 -17 37 -15 -3 -12 20 -13 -41 -16 5 -3 -2 6 -30 -7 12 -18 -25 5 25 -12 -24 4 -13 1 -10 -16 -56 2 -13 4 19 -5 4 -1 -15 -3 -24 -7 -25 5 -9 -14 3 3 27 -1 11 4 27 6 -34 6 -21 -17 9 -8 22 -10 32 -15 -43 -6 16 -7 18 -10 -34 -15 10 -13 -5 -2 -33 -17 -30 -16 17 -16 -22 3 -29 -16 -14 -8 -37 1 25 -14 -67 0 -2 1 17 -3 27 -16 -52 -11 2 -10 -36 -16 -41 -2 23 -13 27 2 -31 -11 17 -11 -26 -14 12 1 -9 -17 -62 -1 -23 -3 11 -14 -51 -11 -11 1 35 -10 -38 -2 27 -1 -76 -4 38 -16 39 -8 18 -15 -20 0 -24 -2 -23 -1 11 1 -31 -16 -26 1 -22 0 16 2 -40 4 -42 -15 -54 -2 33 -9 43 2 -16 2 11 -13 -8 -10 -66 5 11 -5 38 0 -16 -13 -33 6 -63 2 -14 -24 -18 -5 -41 -14 41 -14 40 -5 -39 -16 -38 -6 -21 -3 -34 5 19 7 -7 -5 -49 5 -63 -16 -41 -11 -48 -15 -58 -1 -18 -13 -7 -2 -74 -15 17 -7 25 -4 19 -16 -41 -2 -27 -5 -2 -3 -42 6 -37 10 22 -10 22 -9 -6 6 19 -11 -36 -10 -20 -6 -15 -3 14 -6 3 -8 -45 -4 2 -1 -78 -15 -8 -3 8 -15 -53 -1 18 -21 -19 -14 -49 4 -49 -22 -74 -7 -23 -13 3 1 13 0 -36 -12 -58 3 -53 10 28 -3 -26 -9 -64 -9 -7 4 -13 -6 -71 -1 -45 -8 -24 2 -63 -9 -51 -9 -51 3 -4 3 13 -7 -64 -1 -62 -10 -12 -9 -68 0 -50 -9 14 -6 -59 -17 -33 1 -51 -7 -36 4 -54 -10 -14 -1 28 3 -13 4 -58 -9 -35 -2 -35 3 -53 1 11 -17 -26 -9 -35 -11 11 5 14 0 0 10 32 -3 -36 -14 -22 -15 2 2 -64 1 -66 3 7 -3 -20 3 -62 1 0.0504202 3 -14 -33 5 -29 4 -32 3 0.206642 14 14 47 11 17 18 -55 6 -84 24 -28 25 -22 25 -23 16 -45 16 30 3 -72 9 -70 12 -88 23 -16 23 -42 
62 5 2 0 0.980392 25 -23 -58 -12 -53 -16 -55 -3 -41 -15 -44 -8 -8 -15 -9 -6 -4 -6 -8 -7 0 -10 -43 -3 -8 -9 -16 -12 -18 -12 -69 -7 -59 -11 -45 -13 -45 -11 -71 -9 -46 -1 -19 -16 -22 -9 3 -20 -53 -19 -52 1 0.242424 2 -1 13 -12 -24 
63 5 2 1 0.989474 47 3 4 5 -19 0 34 6 -23 5 17 5 18 3 29 6 28 3 -2 4 -26 7 25 5 21 1 -19 3 25 2 -3 2 -6 2 5 4 14 6 17 4 16 5 23 6 16 4 19 6 17 3 -28 3 -17 4 -19 1 -34 -14 6 4 -14 -14 -26 -13 4 -14 13 -14 -28 -13 -23 -13 -29 -14 -12 -14 -8 -14 -2 -14 -9 -13 -6 -14 -19 -13 4 -14 -28 -13 23 -13 -23 -11 -3 3 0.145455 2 10 4 22 -38 
64 5 3 0 0.695652 12 -15 -31 -1 -5 -3 -53 -1 -51 -2 -71 0 -64 0 -56 -5 -44 0 -72 -5 -57 0 -58 -3 -20 1 0.809524 17 -11 -34 2 -22 2 -7 2 14 2 -29 -2 17 3 -30 1 9 2 6 -1 -32 -1 -29 0 -20 4 -13 1 -9 3 -11 4 5 4 3 3 0.355556 4 5 -23 7 5 5 -65 19 -19 
65 5 2 0 0.956522 11 3 -6 -2 -56 3 -76 2 -54 4 -51 -2 -46 -2 -69 0 -56 3 -70 6 -58 4 -52 3 0.421053 2 -5 25 10 27 
66 5 3 0 0.363636 2 3 -51 6 -57 1 0.571429 4 4 -35 5 -4 4 -35 7 0 3 0.869565 10 21 -34 3 -2 1 -53 19 0 22 -15 13 3 21 -3 18 11 23 -10 22 12 
67 5 2 0 0.990826 27 4 62 5 62 3 61 20 -19 2 69 7 59 10 -75 10 -76 2 67 0 69 -2 63 -2 61 7 41 -4 66 -9 68 8 -72 -3 62 13 -55 -2 60 17 4 -12 60 -14 64 -9 63 -13 61 19 -74 16 10 14 -16 3 0.129032 1 14 -4 
68 5 3 0 0.5 1 8 -57 1 0.5 1 8 7 3 0.857143 3 17 51 -21 20 19 26 
69 5 2 1 0.941176 4 17 -12 17 -11 17 -14 17 -7 3 0.5 1 -25 64 
70 5 2 0 0.181818 1 0 61 3 0.986301 18 -22 70 19 19 -8 -87 17 17 10 -38 13 -63 19 58 7 -13 26 53 15 -71 22 30 15 -72 24 18 9 25 20 -50 17 21 18 22 -12 -80 
71 5 2 1 0.983389 74 17 -13 16 24 17 -8 17 4 17 4 16 -24 16 -1 16 -9 14 -29 17 11 15 20 15 0 16 -9 17 26 14 -2 17 17 15 -31 17 12 15 -28 17 3 16 15 17 -24 15 -33 16 -25 15 -1 13 -11 14 -8 13 -7 15 15 16 -13 15 -11 13 3 15 -30 16 29 16 25 13 16 13 15 12 16 13 -29 12 -27 12 -30 12 -18 13 -24 11 -28 15 10 15 -4 15 -3 14 -28 14 13 15 12 13 -8 12 1 16 6 12 -25 12 -7 13 35 16 4 14 22 14 15 12 -7 14 36 11 34 14 -15 13 32 12 5 13 -11 12 20 14 33 12 7 16 -33 16 -34 15 -35 5 -34 13 -37 3 0.212766 5 2 12 1 54 7 27 13 18 -19 -79 
72 5 3 0 0.516129 4 19 -72 19 -70 21 -66 -8 46 1 0.181818 1 14 25 3 0.918033 14 42 -43 28 -21 10 8 27 -54 29 24 28 26 -2 -75 -31 64 -22 9 -33 65 -1 -74 -7 8 -25 -72 11 -42 
73 5 3 0 0.5 2 -21 15 -16 15 1 0.903226 7 -16 -25 -16 -21 -15 -38 -14 21 -13 -38 -12 -39 -12 -38 3 0.307692 1 -9 7 
74 5 2 1 0.0344828 1 12 29 3 0.997773 112 -21 -88 -17 41 -1 -39 -24 39 -21 53 -22 -3 -13 55 -4 -39 -13 -26 -16 12 -4 -70 -17 8 -6 -23 -21 -18 -7 -25 -17 25 -14 -18 -8 54 -2 -34 -1 -41 -27 17 -18 -82 8 -16 -13 -59 -16 -17 -3 -12 -13 -37 -3 -7 -16 -9 -16 3 -6 40 -5 -25 4 -27 1 4 -9 -2 -8 -67 -27 -63 -10 -1 9 -9 -21 -25 -20 -22 -13 -9 -33 1 -24 6 -2 -48 -33 21 1 -6 -9 -40 -32 28 -24 21 -22 0 -31 26 -25 -38 -21 8 -23 -59 -23 46 -13 -38 -1 -24 -30 5 -30 -44 -5 4 11 9 -19 -26 -32 -33 -29 -31 -13 -30 -19 -68 -20 26 -23 45 -31 -21 -19 52 -18 -76 -12 40 -29 15 -21 -83 -23 -14 -23 -12 -20 -34 -10 -8 -3 -58 0 -20 -4 -41 -30 -67 -23 -92 -36 -2 -31 -6 -4 -4 -16 -11 -11 -20 -24 -75 -33 -49 10 -21 -25 -14 -27 -81 -34 27 -21 -40 -16 58 -29 -28 -31 -88 -20 3 -1 26 -7 -1 -36 -42 -36 -78 -4 -68 -26 52 6 16 8 10 16 -25 -22 70 -25 60 -24 64 
75 5 2 0 0.4 1 -22 5 3 0.96 6 -37 -77 -38 -29 -40 17 -18 -39 -37 13 -32 -33 
76 5 2 0 0.982456 14 -24 10 -17 -8 -17 -46 -18 7 -18 -17 -5 13 -18 -21 -12 -8 -12 -20 -12 -41 -12 -12 -16 36 -14 25 -12 24 3 0.222222 1 -16 3 
77 5 2 1 0.909091 5 13 19 11 -4 9 18 11 -26 11 -34 3 0.615385 2 13 -60 23 4 
78 5 3 0 0.446352 26 6 3 -21 -15 -24 -34 -21 -67 -24 -65 -23 -78 -14 -66 -20 -61 -19 -51 -14 -60 -6 -43 -10 -11 -8 -1 -12 -61 -13 38 -11 39 -21 -74 -9 -35 -6 -65 -6 -3 -17 -72 -6 -58 -3 -50 -5 -7 -12 8 -7 -51 1 0.117647 5 10 -19 -14 18 -12 28 -13 -30 -8 16 3 0.941176 124 15 3 18 39 3 -4 20 -13 -25 -41 10 -22 14 17 -36 73 -13 -78 12 -36 -12 -33 7 -23 -33 74 -33 -62 6 -22 -33 -69 -42 6 13 10 2 -60 -34 82 -40 -22 -32 -53 14 35 -15 -48 -15 -6 -5 -16 -22 -32 -7 -10 -24 -22 -12 -15 8 -57 -42 -59 -39 -44 -14 -5 4 15 -43 -7 -42 -48 -11 54 -12 5 -25 -57 -24 1 -43 -24 -8 44 -23 0 -7 41 -24 -57 -13 -22 -1 52 -14 9 -7 -28 -17 -14 -18 -19 -5 -30 -6 -60 -36 49 -18 -4 -2 19 -22 12 -3 7 -10 -40 -1 9 -2 -45 -26 13 -25 -77 1 -4 -20 3 6 -10 -12 -34 0 -10 13 64 -36 -42 7 -15 -11 -30 -8 2 -22 -24 -9 2 7 15 -8 9 9 -22 6 -48 8 -12 -32 -19 -21 17 -21 23 12 44 -29 -21 -22 -66 8 -49 -19 -30 -30 -4 -4 2 -27 6 -17 7 -18 3 -23 3 -19 18 -5 -39 -20 3 12 23 -17 29 -30 -4 -11 -2 -39 17 -22 -4 -20 29 -9 8 -2 1 -33 -62 -33 -66 -30 -74 -9 20 -17 12 -20 -42 3 -10 1 -26 -17 29 -1 7 -20 -87 -7 -85 2 -38 6 -2 7 -40 -15 75 1 -29 
79 5 3 0 0.837209 9 -7 -44 -5 -14 -22 -66 -14 -22 -13 -25 0 4 -1 2 -3 -26 -11 -27 1 0.210526 1 -13 -5 3 0.705882 6 -22 -16 -33 -7 5 -1 -5 -20 -3 9 -15 73 
80 5 3 0 0.18543 7 -11 -53 1 9 -11 -32 -8 -38 -5 30 -15 17 -10 39 1 0.977413 119 -9 35 -6 -4 -5 22 -8 20 -10 -5 -9 24 -11 32 -9 32 -10 5 -2 1 -3 5 -7 21 -8 29 -10 -24 -6 12 -3 11 -8 15 -4 -12 -11 18 -13 18 -9 28 -1 -4 -6 11 -8 -7 -5 25 -2 32 0 23 -1 10 -2 -10 -6 -1 0 19 -13 -22 5 2 -2 35 -7 1 4 17 -2 -7 -4 31 2 5 -7 24 -11 -9 1 -31 -10 -27 -14 18 -4 -8 5 -2 -8 -15 -9 -4 0 -8 -11 32 -11 33 -13 -17 3 -8 -8 20 -8 -12 1 3 -12 -15 -14 29 -3 16 -8 16 4 7 3 8 -3 -18 -8 20 4 -6 6 18 -1 -20 2 10 -6 15 -9 16 -5 13 -7 -19 -6 27 -2 -22 -13 -21 -2 21 3 -11 -6 9 3 -11 -4 20 -4 -19 -2 29 -3 31 -4 31 -4 14 -7 20 -13 32 -1 20 -11 31 -6 -15 -5 6 -1 5 -7 11 -9 -11 -9 22 -2 -9 -1 18 1 25 0 28 -13 -32 -9 23 -6 7 -9 21 -11 31 3 -24 -6 -11 -10 -7 -3 11 -9 10 -9 15 -10 12 -12 -35 -8 5 -8 10 -11 -7 -8 5 -5 21 -3 -1 -11 32 3 0.112676 4 -19 -77 -31 7 -32 -47 -29 -39 
81 5 3 0 0.261682 7 -6 1 -5 15 -10 -55 -9 -41 -16 -17 -4 0 0 4 1 0.971609 77 -12 -25 -11 -31 -7 -16 -4 -10 -2 -1 -9 -35 -10 -8 -5 32 -8 -14 -13 -13 -7 -13 -10 -20 -10 -9 -10 -17 -9 -9 -4 -21 -3 -20 5 2 -12 -17 -12 -14 -8 -12 3 -28 -5 1 -2 -18 -11 -13 -12 1 -4 21 -14 14 -14 -1 -11 -25 -12 15 -6 10 -13 -19 -11 3 -3 -23 1 -15 1 5 -10 32 -6 -13 -4 0 1 24 -6 -16 -10 -29 -1 -14 -11 -16 -6 -11 -11 -13 -7 29 -8 31 -3 32 -10 32 9 1 5 14 -9 33 -1 31 -12 -5 2 28 -5 16 -10 -13 -7 -6 -13 -14 -12 21 -1 5 -13 -21 -9 2 -11 -29 -9 20 -2 25 -2 28 0 10 1 25 -12 26 -9 -16 -10 27 -3 28 -4 28 -11 -27 3 0.0869565 2 4 22 3 37 
82 5 2 0 0.923077 3 -13 -6 -8 -79 -22 -58 1 0.571429 1 0 34 
83 5 4 0 0.79096 35 -22 -31 -6 6 -15 -64 0 31 -6 -71 6 32 -6 27 2 -2 2 30 -3 32 -15 -70 -9 33 -7 33 -9 -9 -3 32 -9 3 -6 25 -8 4 -13 38 1 -80 -1 4 1 6 -12 17 -1 28 -12 16 -9 17 -13 42 -6 8 -17 -5 -4 -72 -3 -47 -5 14 5 -71 -5 -50 -3 40 1 0.622222 21 -9 19 -2 19 -5 17 8 -5 -8 21 -14 -15 -1 22 -10 22 -14 26 -4 14 -8 25 -3 24 0 4 -1 -2 -6 -20 -12 -4 -1 -31 -11 -21 -2 0 -13 3 -7 35 3 0.468468 13 22 2 -10 -7 16 -24 0 -28 -3 51 -12 -15 1 -28 -8 49 -31 -25 2 -24 -8 -48 -10 -48 -1 12 4 0.148148 3 -15 -31 -17 -14 -9 -21 
84 5 2 0 0.428571 6 -13 -75 -8 -71 -4 -49 -9 -31 -4 39 5 41 1 0.955224 32 -5 -17 -4 3 4 -35 -11 -22 -4 -32 -11 -10 0 -15 -3 -25 -1 3 -7 -7 3 -11 -7 -27 1 30 4 0 -5 2 1 3 -7 -3 7 6 -8 -23 -9 35 4 5 -9 -33 3 -2 2 -24 -2 -34 0 -33 4 -19 -1 -4 6 -15 -2 -26 -4 5 -3 -21 
85 5 3 0 0.705882 6 -2 13 11 -80 -4 -69 -7 11 4 -67 5 -53 1 0.756757 7 -4 -18 2 27 -6 35 6 21 -3 -28 0 -24 0 -25 3 0.48 3 8 29 11 -25 11 16 
86 5 2 0 0.181818 1 6 -32 3 0.986301 18 3 3 14 17 16 -13 15 -25 -23 -34 -10 22 12 -41 9 -23 15 -34 17 -4 -8 36 16 -35 10 -4 20 -24 15 12 8 11 10 10 -3 -6 
87 5 3 0 0.516129 4 11 -36 0 -67 0 38 -5 -73 1 0.648649 6 -2 4 8 28 -5 -2 0 5 3 23 -5 29 3 0.782609 9 -21 -47 -19 -69 10 -64 16 -27 -1 47 13 -31 15 25 -21 -92 17 24 
88 5 2 0 0.592593 4 4 11 2 -30 -3 -21 1 -58 3 0.916667 11 -19 -7 12 -29 -21 0 -7 -30 -7 -26 9 63 7 -30 -9 -73 -8 37 -4 22 5 -21 
89 5 2 0 0.8 3 -4 40 -6 -73 -5 47 3 0.8 3 -29 -69 -5 -20 5 -18 
90 5 2 0 0.987013 19 -4 -50 -1 2 -3 45 -3 -72 -5 -52 -2 -48 -3 -54 0 -11 -1 -36 1 -13 2 -7 0 -35 5 -55 2 -31 4 -41 10 -71 10 -46 10 -56 -1 -79 3 0.173913 1 4 -20 
91 5 3 0 0.235294 1 7 -66 2 0.235294 1 -12 -30 3 0.96 12 -9 -5 -8 25 -13 -70 7 -35 4 -80 -14 -74 8 -18 7 2 2 -60 -40 -82 -11 31 -7 79 
92 5 3 1 0.137931 1 -1 -30 3 0.979592 24 18 10 1 -52 -12 -92 2 -11 -13 -91 3 33 13 13 13 14 4 46 1 17 15 -35 0 -73 5 -37 -15 -73 1 29 -17 -79 -1 23 -14 26 -2 -41 -1 -13 -1 -14 3 0 14 -27 14 -30 4 0.137931 1 -21 -23 
93 5 3 1 0.666667 2 9 -34 8 -34 3 0.8 3 -13 83 -22 87 -8 33 4 0.444444 1 -23 -36 
94 5 3 0 0.0107527 1 17 0 1 0.982156 344 -4 -9 3 15 5 -6 7 -33 -3 18 -8 15 2 30 -9 7 -9 21 3 -18 -7 -15 -8 6 -10 0 -8 10 3 31 -11 0 -8 -31 -10 -27 6 -17 1 -3 2 -8 -7 27 6 17 3 2 -2 38 -8 20 0 39 -5 -3 -10 -30 -7 23 -8 -11 -6 -9 -9 24 -8 18 2 34 -11 -3 -4 35 -6 29 -5 -1 1 10 2 -11 -12 7 4 23 6 24 -7 8 -9 -30 1 11 7 28 -12 -25 -4 -2 -11 -15 -8 28 4 30 1 -9 7 24 -7 23 -11 9 0 -16 4 -13 -7 17 6 33 -4 -8 -11 -16 2 2 6 -21 4 28 6 -24 -12 -25 0 -2 -6 36 -2 25 -9 23 0 13 -11 -27 7 6 -6 20 4 3 3 -24 -7 29 -11 -2 3 -16 6 12 2 3 3 34 -9 26 0 -19 -6 32 -8 -7 -4 33 -10 31 -5 17 -6 30 5 33 3 22 1 -3 -1 24 -7 7 0 28 0 -9 -6 3 -2 -7 -8 8 -9 -6 2 -1 -5 33 -8 8 2 25 -5 31 -9 -4 -3 -8 -1 9 -8 20 -5 5 -3 9 -8 -21 -1 3 -2 -7 -8 -18 -9 -27 -8 -23 -8 -9 -4 -10 -1 32 -1 -10 -6 -20 -4 29 -5 -26 -7 -6 0 34 1 14 -2 7 -1 13 -4 -11 -2 -24 -2 11 -5 9 -7 14 -10 -18 -2 6 -11 -17 -4 -4 3 33 -6 18 0 -1 -3 25 -10 -24 -8 -6 -3 28 -10 12 -5 26 -7 -15 -9 -25 -7 32 -6 -13 3 -24 -4 34 -4 -12 2 -16 -9 -5 -5 3 4 -7 1 9 0 -10 -7 24 -10 -1 -10 16 0 30 -7 -11 4 -11 -13 -34 -3 10 0 20 -1 19 -2 11 0 -27 0 6 2 -4 2 -3 4 21 0 -8 11 -24 -14 -1 7 -8 -13 23 9 -5 -11 21 7 36 7 -23 -15 -7 -15 -21 -15 -26 -16 -9 -2 -26 8 3 5 -22 -15 15 9 3 9 25 -15 -24 -14 -3 9 -2 -12 -2 -16 -17 10 -28 6 -27 5 9 8 -1 -14 -29 -13 26 -15 -29 -14 29 11 10 -12 39 10 0 -14 28 -15 -17 -14 -28 -15 3 8 26 12 -15 11 -17 -15 -27 11 16 11 30 9 -27 11 -19 9 -22 -15 2 -16 28 -15 18 -15 2 10 -28 -16 -4 -16 33 14 -1 15 3 11 12 -16 21 -12 -2 10 -4 -13 31 -16 29 9 -15 10 -16 -14 35 -15 -31 -16 -29 11 -10 11 21 10 12 -16 -3 9 31 0 20 -2 -19 -8 -30 -14 14 11 -5 9 28 10 -20 -16 11 -15 -23 -16 7 -16 -17 1 -5 0 -35 -11 35 -8 28 2 6 -10 34 8 38 9 5 7 12 3 -32 6 2 -12 17 6 -1 6 34 -11 -16 2 10 6 -3 -1 -38 8 -25 -7 36 -13 -28 -15 -19 8 24 -13 -28 8 38 6 -29 -15 1 7 -4 -13 -13 6 -4 5 6 -14 39 6 -10 -14 -23 8 -14 3 26 -12 13 3 -28 4 14 5 22 4 -7 9 10 7 -14 4 5 -14 -1 0 -25 -15 -13 -15 -34 -6 28 -13 -28 -13 -27 -15 23 -16 -34 10 25 -14 -18 -9 -26 7 -24 2 -21 -12 27 7 -19 7 37 -12 -9 9 29 -6 -17 -12 -29 0 -4 -12 39 -12 -21 -12 4 -11 37 9 -6 5 -26 6 -24 -14 28 5 22 12 -39 -4 -36 10 -35 -7 -27 -15 -38 1 -34 3 0.217687 24 -11 74 -4 -58 -7 33 -6 45 -9 19 -7 -14 -8 -11 4 24 -11 -35 -6 -92 10 4 5 -21 -4 52 -6 60 -12 -75 -7 58 -11 -88 -14 -29 -14 -74 5 -20 -3 7 -36 -86 14 -12 -2 -15 
95 5 2 3 0.266667 1 8 -95 4 0.977778 11 -20 -6 -25 9 -15 16 -14 -1 -12 -23 -17 20 -19 2 -15 -6 -20 -7 -14 -43 -20 6 
96 5 4 0 0.190476 1 -15 -80 1 0.717949 7 -7 -26 -5 -24 -4 -28 -4 -21 -3 -33 -4 -35 -4 -35 3 0.8 9 -21 -94 -3 -68 -10 -69 -36 -28 -36 18 -41 -9 7 -16 -38 11 6 -71 4 0.190476 1 -21 -41 
97 5 3 0 0.125 1 -19 -79 1 0.981818 27 -2 -28 8 -35 -5 -30 -5 -26 -3 -19 -3 -23 -3 -32 -5 -31 -3 -29 -5 -26 -6 -30 -2 -34 -2 -26 0 -27 -2 -26 -2 -28 -2 -26 -4 -22 -6 -25 -7 -26 -3 -20 -1 -22 -7 -23 -6 -30 -1 -30 -2 -19 -4 -31 3 0.125 1 20 -4 
98 5 2 3 0.571429 1 -40 -5 4 0.923077 3 -18 -33 -19 -35 -20 -35 
99 5 2 3 0.990476 26 -36 -4 -43 -29 -33 -16 -2 -32 -42 2 -43 -59 -31 -1 8 -44 -16 82 10 -40 -33 -42 5 -51 -33 -29 -36 -28 -37 -38 -40 -43 -38 -16 -40 42 -39 -29 7 -59 -26 -16 -41 -70 -39 47 -44 -15 -25 17 -40 49 4 0.133333 1 -17 -28 
100 5 2 0 0.982456 14 15 -73 15 -75 -7 -87 -7 71 -23 -87 17 -77 21 -84 13 -86 -1 -83 16 -71 15 -90 -23 -85 17 -76 16 -84 3 0.222222 1 26 -94 
101 5 2 0 0.8 6 -5 -92 -23 -87 15 -92 15 -88 -18 -87 14 -80 3 0.8 6 -4 -87 39 -42 -13 -99 25 -27 -16 -98 -24 -96 
102 5 3 0 0.380952 2 5 68 7 53 1 0.916667 11 15 -38 17 -38 14 -37 10 -39 -16 -37 7 -38 8 -38 -15 -37 7 -39 1 -39 -2 -38 3 0.380952 2 21 -27 22 -36 
103 5 3 0 0.878049 9 11 -88 -5 66 -2 64 -7 61 -19 58 -10 64 -12 67 -22 -90 -8 56 1 0.235294 1 -5 -39 3 0.615385 4 -42 -94 -1 -66 14 -16 8 -58 
104 5 3 0 0.988506 43 -10 52 12 -84 -20 66 -1 58 -4 -75 11 -92 -2 62 -2 55 -2 50 -11 56 0 65 -20 68 -17 -77 -9 -75 7 -85 -22 63 -1 52 -20 60 -1 -84 2 -88 -2 -83 -9 -76 -1 -75 -6 -85 -24 -83 -1 -75 -15 -77 9 -72 -9 54 0 -74 -1 58 -19 -84 -12 -74 -17 -73 -21 -90 -3 -92 8 -77 2 -77 -6 58 -9 -91 -11 -74 0 -89 -12 -92 1 0.0833333 1 14 -37 3 0.0833333 1 12 -96 
105 5 3 2 0.897959 11 19 17 17 18 13 51 13 50 12 52 5 51 19 -32 18 11 17 21 19 42 16 33 3 0.210526 1 38 -69 4 0.571429 4 21 26 18 8 24 45 21 21 
106 5 2 2 0.266667 1 17 23 4 0.977778 11 21 6 26 9 13 -13 13 -14 23 19 20 -19 13 0 24 23 23 6 11 37 12 31 
107 5 3 0 0.45283 6 20 29 8 91 -16 49 6 48 15 77 -4 52 3 0.941176 28 31 -45 36 25 32 64 36 27 31 32 27 67 24 83 41 21 27 92 36 22 -17 88 -10 89 -4 87 18 68 20 24 26 16 10 35 37 17 41 36 29 -23 25 82 29 0 34 19 1 93 29 1 20 43 27 24 20 -75 4 0.105263 1 16 24 
108 5 4 0 0.625 5 8 68 11 76 6 52 16 85 13 84 2 0.2 1 19 44 3 0.347826 2 37 35 29 78 4 0.818182 9 24 7 14 40 14 42 23 38 20 16 17 -38 24 -36 19 24 26 -12 
109 5 4 0 0.913043 21 21 -31 23 -27 23 -28 23 -29 20 8 8 73 20 38 9 77 11 74 20 40 6 78 5 76 6 77 21 7 17 47 11 75 18 43 6 66 17 48 14 45 13 48 2 0.125 1 18 8 3 0.510638 6 34 15 33 35 32 -13 33 -15 34 -25 -31 39 4 0.125 1 18 -40 
110 5 4 0 0.338028 6 13 50 17 57 12 54 12 69 5 57 -23 49 2 0.378378 7 17 39 19 -3 19 -24 19 2 19 31 16 -29 18 26 3 0.511628 11 31 34 44 33 36 26 22 -33 38 99 45 27 -39 10 38 97 41 95 35 -19 31 -15 4 0.828571 29 22 20 12 21 19 -9 23 33 23 12 18 -9 10 29 26 15 11 27 22 -13 20 40 11 37 23 17 25 45 22 29 20 33 23 43 18 9 23 6 17 19 19 25 26 -37 18 16 14 10 23 34 19 26 25 32 19 14 17 22 
111 5 3 0 0.923077 12 14 85 22 -85 6 73 23 -34 16 69 13 72 22 -85 22 -78 16 71 16 68 13 68 18 80 2 0.210526 1 18 -21 3 0.48 3 37 -33 24 -26 43 -31 
112 5 4 0 0.543478 25 -24 46 -22 51 -1 74 -23 93 23 92 -8 71 -6 74 22 34 19 56 21 52 22 70 21 60 15 37 10 57 19 56 21 63 9 63 17 68 17 75 15 71 17 51 12 67 22 60 18 74 15 63 2 0.0695652 2 19 33 20 -33 3 0.881988 71 45 -36 43 11 43 48 43 25 43 -90 43 66 -42 -14 -42 98 -41 8 -21 92 -36 97 10 90 -40 34 -32 36 -34 96 -34 100 -12 95 -15 96 -28 98 -16 99 17 -99 -41 22 -32 95 -41 85 38 -99 15 -93 -26 37 42 33 27 -92 32 42 40 0 43 34 43 43 34 83 10 98 39 17 37 92 36 7 30 82 23 9 29 12 20 12 27 -90 -6 -84 18 22 36 56 42 20 38 42 33 37 38 -12 25 64 1 99 31 27 11 92 38 -28 41 1 18 30 33 -84 25 -80 26 36 7 83 29 89 28 -24 36 -38 31 37 29 36 29 -47 31 -58 42 5 33 -57 21 -76 4 0.309859 11 23 -23 26 -13 23 -32 12 -19 12 -20 22 -27 22 -15 14 -34 24 -9 16 -2 17 -1 
113 5 2 0 0.297521 9 22 -42 17 75 22 -64 20 54 22 81 21 33 20 89 22 47 18 45 3 0.974212 85 34 -32 34 -22 40 60 24 46 26 49 30 56 31 -66 14 82 34 84 19 -83 30 -54 37 33 36 87 37 68 26 73 38 -98 15 -81 34 64 33 -28 38 -65 35 -80 36 83 23 96 41 5 30 59 18 79 27 -69 38 -96 29 37 25 -69 39 -84 32 73 34 3 3 -76 40 -16 16 76 41 23 18 -66 25 0 31 -63 41 -38 15 -71 14 81 37 34 33 -71 36 -18 41 -63 40 66 21 -17 39 -31 17 -65 30 -76 39 -2 38 -77 38 45 32 13 18 -20 36 34 34 -82 31 4 28 28 26 -31 21 -16 27 -33 41 -28 41 -41 28 41 40 0 35 -1 40 -30 32 40 44 -39 32 34 38 -22 32 -9 40 -10 38 17 33 37 24 -55 27 -24 41 -46 40 -29 27 -63 32 1 40 71 
114 5 2 0 0.666667 2 18 25 23 25 3 0.888889 4 35 49 27 -27 36 25 38 23 
115 5 2 0 0.982456 14 17 18 11 30 -3 30 3 28 1 28 3 82 9 25 -5 24 -11 24 4 18 14 19 -9 46 -4 17 10 21 3 0.222222 1 -8 65 
116 5 3 0 0.506329 10 -6 87 -9 87 -10 93 5 21 -22 38 9 20 0 90 -2 90 -17 46 19 -4 1 0.0769231 1 -6 39 3 0.932515 38 -2 97 28 6 23 74 15 80 24 6 18 68 15 79 16 77 2 94 4 77 -27 86 -3 86 13 27 -29 90 7 58 20 35 1 76 -3 91 29 20 -12 98 -4 43 -13 93 0 44 -7 72 -6 71 11 77 39 16 20 72 -12 13 31 26 -8 64 -7 44 -17 10 22 54 -10 43 -25 89 -31 36 21 -38 
117 5 2 0 0.96 6 -13 85 -9 86 -6 84 -8 84 -3 84 -8 82 3 0.4 1 38 -24 
118 5 2 0 0.890244 73 4 42 -20 18 3 48 19 -41 -14 18 -18 18 14 29 5 48 5 47 1 35 -17 27 -3 44 17 41 -3 16 8 20 17 -79 7 17 1 38 11 31 -3 33 17 -20 2 69 18 -67 -7 26 -17 34 8 28 -18 90 17 13 -24 79 0 30 -13 35 -1 82 -7 79 10 21 8 77 -16 17 -11 88 -22 31 -9 85 0 46 -19 92 -21 73 -14 86 -15 87 -22 90 -1 21 -23 35 -20 93 0 91 4 39 -24 86 -23 82 -16 90 18 44 4 49 -19 32 -17 41 -17 42 16 37 -17 40 -18 78 14 20 -15 41 -4 46 -15 75 -6 81 -8 49 7 45 -5 46 9 52 2 77 -5 46 -21 74 3 0.663594 36 27 13 -20 7 -24 9 11 -93 -40 28 1 22 -37 29 -26 60 -37 42 27 14 -43 89 -33 41 36 12 12 -6 -21 71 13 55 38 4 -40 65 -34 38 -43 17 16 71 -23 81 4 89 -43 20 20 16 10 91 41 7 -21 100 -28 80 -31 31 -44 18 -41 23 8 -91 8 27 -27 18 -41 35 
119 5 2 0 0.994709 47 8 19 -2 53 8 56 2 58 10 46 11 56 -8 51 11 49 2 59 -5 56 -1 49 3 56 1 51 8 54 18 57 16 59 1 52 5 58 -9 55 11 68 11 51 -15 73 -7 57 -8 56 17 56 -17 47 17 55 4 69 -12 48 -10 56 -13 74 -1 70 -17 54 -15 53 -17 49 -9 47 -17 47 -14 58 -3 75 -5 71 1 74 -17 76 3 74 -9 77 4 74 -10 74 -15 75 3 0.0784314 1 -5 29 
120 5 2 0 0.421053 2 -14 77 -6 71 3 0.956522 11 32 18 -26 41 -13 90 -6 90 -1 85 0 88 -4 41 3 79 -17 36 19 37 6 40 
121 5 3 0 0.8 6 24 -48 24 -81 24 -79 25 61 25 82 25 -46 2 0.740741 5 20 -44 21 22 15 52 21 15 20 -20 3 0.266667 1 -39 -13 
122 5 2 0 0.307692 2 25 62 24 46 2 0.972973 18 20 -9 20 29 21 17 20 27 20 -39 21 23 21 8 20 -5 20 7 21 20 20 -7 21 -40 20 14 21 -6 21 15 21 -4 21 27 20 28 
123 5 3 0 0.914286 8 24 80 24 83 24 82 25 -25 24 12 25 -56 25 49 24 19 2 0.285714 1 20 -25 3 0.470588 2 45 12 43 -86 
124 5 2 0 0.833333 5 -19 47 -12 51 -23 60 -23 67 -14 59 3 0.761905 4 -24 32 -35 78 -5 24 -31 21 
125 5 2 0 0.097561 1 -7 45 3 0.993289 37 -42 63 -1 8 -4 21 -29 18 -30 -27 -26 10 -36 -35 -35 -18 1 20 -34 14 -38 -10 -3 65 -2 20 5 60 -42 -35 -33 65 -39 11 -42 8 -41 23 -5 -97 -40 -14 -42 -41 0 17 -32 38 -13 61 -34 85 -35 24 -44 -33 -42 11 3 16 -44 14 7 15 -43 90 -35 29 3 38 -3 36 -41 28 
126 5 2 2 0.945455 13 -15 46 -14 50 -11 49 -14 53 -2 48 0 53 -9 52 -10 50 -10 -39 -10 -38 -12 -34 -4 53 1 51 4 0.48 3 -12 -31 -21 37 -9 40 
127 5 2 3 0.0869565 1 -32 41 4 0.994083 42 -23 -38 -22 37 -19 37 -24 13 -19 -11 -24 17 -19 -4 -21 -34 -23 23 -17 38 -25 -45 -17 40 -22 9 -19 40 -25 22 -22 34 -23 12 -25 40 -24 10 -24 10 -25 5 -25 -9 -23 37 -24 -7 -17 -35 -17 42 -16 34 -21 24 -16 40 -22 15 -18 37 -17 37 -22 39 -25 -26 -25 -28 -19 -28 -20 35 -22 -5 -18 45 -23 20 -23 -3 -23 1 
