10 117 1
0 0 -1 10 11 0 12 29 24 25 30 32 -9194 
1 1 -1 9 4 15 18 34 22 2 33 32 1205 
2 1 -1 53 17 0 0 34 32 0 0 2 23 
3 2 -1 20 9 0 7 37 18 25 28 32 -18824 
4 2 -1 26 16 15 1 55 37 5 3 32 204 
5 2 -1 20 52 0 0 60 53 0 0 16 -92 
6 2 -1 49 14 0 0 61 61 0 0 0 -21 
7 3 -1 0 21 0 0 59 53 0 0 0 31 
8 3 -1 27 5 12 12 60 32 2 28 32 -1112 
9 3 -1 8 17 23 30 46 47 17 14 32 -447 
10 3 24 0 0 0 0 0 0 0 0 0 0 
11 3 -1 53 43 0 0 11 38 0 0 14 -2 
12 3 -1 56 15 0 0 5 30 0 0 0 -41 
13 3 -1 59 37 0 0 14 37 0 0 5 5 
14 3 -1 10 18 0 0 61 8 0 0 16 -137 
15 4 -1 9 18 8 17 42 39 21 19 32 -16146 
16 4 -1 11 38 0 0 7 13 0 0 4 -24 
17 4 -1 27 29 5 24 60 60 2 1 32 175 
18 4 -1 2 32 0 0 16 44 0 0 7 -20 
19 4 21 0 0 0 0 0 0 0 0 0 0 
20 4 -1 23 17 4 5 43 30 7 30 32 -3215 
21 4 0 0 0 0 0 0 0 0 0 0 0 
22 4 0 0 0 0 0 0 0 0 0 0 0 
23 4 -1 13 23 10 17 56 47 6 11 32 -192 
24 4 -1 44 62 0 0 40 9 0 0 14 9 
25 4 -1 45 25 0 0 24 50 0 0 1 12 
26 4 -1 47 36 0 0 4 44 0 0 1 -11 
27 4 100 0 0 0 0 0 0 0 0 0 0 
28 4 101 0 0 0 0 0 0 0 0 0 0 
29 4 -1 58 5 0 0 46 42 0 0 17 -7 
30 4 -1 13 34 0 0 51 6 0 0 2 -44 
31 5 -1 54 17 0 0 44 51 0 0 11 -100 
32 5 -1 15 29 10 22 62 60 1 1 32 1741 
33 5 7 0 0 0 0 0 0 0 0 0 0 
34 5 -1 61 42 0 0 13 49 0 0 14 -110 
35 5 -1 23 21 11 22 45 50 2 6 32 56 
36 5 -1 5 2 15 6 57 40 6 16 32 -3472 
37 5 18 0 0 0 0 0 0 0 0 0 0 
38 5 -1 6 25 9 17 43 54 8 5 32 37 
39 5 0 0 0 0 0 0 0 0 0 0 0 
40 5 0 0 0 0 0 0 0 0 0 0 0 
41 5 22 0 0 0 0 0 0 0 0 0 0 
42 5 23 0 0 0 0 0 0 0 0 0 0 
43 5 0 0 0 0 0 0 0 0 0 0 0 
44 5 0 0 0 0 0 0 0 0 0 0 0 
45 5 0 0 0 0 0 0 0 0 0 0 0 
46 5 0 0 0 0 0 0 0 0 0 0 0 
47 5 -1 21 2 10 10 47 61 11 2 32 383 
48 5 -1 58 3 0 0 2 12 0 0 10 -14 
49 5 -1 26 15 0 0 62 50 0 0 0 -107 
50 5 -1 16 57 0 0 27 9 0 0 13 67 
51 5 -1 62 54 0 0 5 58 0 0 4 -64 
52 5 -1 56 2 0 0 19 35 0 0 18 -9 
53 5 -1 6 33 0 0 44 44 0 0 15 29 
54 5 -1 4 27 23 1 53 52 8 6 32 -345 
55 5 0 0 0 0 0 0 0 0 0 0 0 
56 5 0 0 0 0 0 0 0 0 0 0 0 
57 5 0 0 0 0 0 0 0 0 0 0 0 
58 5 0 0 0 0 0 0 0 0 0 0 0 
59 5 102 0 0 0 0 0 0 0 0 0 0 
60 5 -1 26 41 0 0 31 46 0 0 15 44 
61 5 109 0 0 0 0 0 0 0 0 0 0 
62 5 -1 46 9 0 0 20 19 0 0 1 45 
63 6 0 0 0 0 0 0 0 0 0 0 0 
64 6 -1 40 40 0 0 62 49 0 0 0 -12 
65 6 -1 16 35 0 0 49 6 0 0 7 -99 
66 6 6 0 0 0 0 0 0 0 0 0 0 
67 6 0 0 0 0 0 0 0 0 0 0 0 
68 6 0 0 0 0 0 0 0 0 0 0 0 
69 6 8 0 0 0 0 0 0 0 0 0 0 
70 6 -1 33 26 0 0 20 62 0 0 5 -9 
71 6 12 0 0 0 0 0 0 0 0 0 0 
72 6 13 0 0 0 0 0 0 0 0 0 0 
73 6 14 0 0 0 0 0 0 0 0 0 0 
74 6 -1 9 30 0 0 3 61 0 0 4 24 
75 6 0 0 0 0 0 0 0 0 0 0 0 
76 6 0 0 0 0 0 0 0 0 0 0 0 
77 6 19 0 0 0 0 0 0 0 0 0 0 
78 6 20 0 0 0 0 0 0 0 0 0 0 
79 6 0 0 0 0 0 0 0 0 0 0 0 
80 6 0 0 0 0 0 0 0 0 0 0 0 
81 6 0 0 0 0 0 0 0 0 0 0 0 
82 6 0 0 0 0 0 0 0 0 0 0 0 
83 6 0 0 0 0 0 0 0 0 0 0 0 
84 6 0 0 0 0 0 0 0 0 0 0 0 
85 6 0 0 0 0 0 0 0 0 0 0 0 
86 6 0 0 0 0 0 0 0 0 0 0 0 
87 6 0 0 0 0 0 0 0 0 0 0 0 
88 6 0 0 0 0 0 0 0 0 0 0 0 
89 6 0 0 0 0 0 0 0 0 0 0 0 
90 6 0 0 0 0 0 0 0 0 0 0 0 
91 6 0 0 0 0 0 0 0 0 0 0 0 
92 6 0 0 0 0 0 0 0 0 0 0 0 
93 6 0 0 0 0 0 0 0 0 0 0 0 
94 6 0 0 0 0 0 0 0 0 0 0 0 
95 6 -1 31 41 0 0 19 10 0 0 16 -20 
96 6 27 0 0 0 0 0 0 0 0 0 0 
97 6 -1 36 63 0 0 57 35 0 0 0 -20 
98 6 -1 24 45 0 0 41 17 0 0 15 59 
99 6 34 0 0 0 0 0 0 0 0 0 0 
100 6 -1 10 45 0 0 47 45 0 0 0 -121 
101 6 -1 57 4 0 0 27 56 0 0 3 28 
102 6 45 0 0 0 0 0 0 0 0 0 0 
103 6 -1 48 6 0 0 1 3 0 0 2 7 
104 6 -1 60 29 0 0 27 47 0 0 18 -7 
105 6 -1 8 4 0 0 45 20 0 0 17 -8 
106 6 -1 48 54 0 0 35 9 0 0 16 -6 
107 6 -1 45 42 0 0 62 22 0 0 0 -9 
108 6 -1 4 3 15 28 55 59 5 1 32 69 
109 6 -1 14 13 22 3 52 16 10 13 32 -986 
110 6 -1 63 31 0 0 31 43 0 0 1 -33 
111 6 0 0 0 0 0 0 0 0 0 0 0 
112 6 0 0 0 0 0 0 0 0 0 0 0 
113 6 0 0 0 0 0 0 0 0 0 0 0 
114 6 0 0 0 0 0 0 0 0 0 0 0 
115 6 0 0 0 0 0 0 0 0 0 0 0 
116 6 0 0 0 0 0 0 0 0 0 0 0 
117 6 0 0 0 0 0 0 0 0 0 0 0 
118 6 0 0 0 0 0 0 0 0 0 0 0 
119 6 0 0 0 0 0 0 0 0 0 0 0 
120 6 0 0 0 0 0 0 0 0 0 0 0 
121 6 -1 9 0 29 25 47 42 12 21 32 -2707 
122 6 108 0 0 0 0 0 0 0 0 0 0 
123 6 0 0 0 0 0 0 0 0 0 0 0 
124 6 0 0 0 0 0 0 0 0 0 0 0 
125 6 -1 27 19 0 0 1 2 0 0 1 -1 
126 6 116 0 0 0 0 0 0 0 0 0 0 
127 7 0 0 0 0 0 0 0 0 0 0 0 
128 7 0 0 0 0 0 0 0 0 0 0 0 
129 7 1 0 0 0 0 0 0 0 0 0 0 
130 7 -1 48 40 0 0 57 44 0 0 5 21 
131 7 4 0 0 0 0 0 0 0 0 0 0 
132 7 5 0 0 0 0 0 0 0 0 0 0 
133 7 0 0 0 0 0 0 0 0 0 0 0 
134 7 0 0 0 0 0 0 0 0 0 0 0 
135 7 0 0 0 0 0 0 0 0 0 0 0 
136 7 0 0 0 0 0 0 0 0 0 0 0 
137 7 0 0 0 0 0 0 0 0 0 0 0 
138 7 0 0 0 0 0 0 0 0 0 0 0 
139 7 0 0 0 0 0 0 0 0 0 0 0 
140 7 0 0 0 0 0 0 0 0 0 0 0 
141 7 9 0 0 0 0 0 0 0 0 0 0 
142 7 -1 62 1 0 0 20 36 0 0 6 127 
143 7 0 0 0 0 0 0 0 0 0 0 0 
144 7 0 0 0 0 0 0 0 0 0 0 0 
145 7 0 0 0 0 0 0 0 0 0 0 0 
146 7 0 0 0 0 0 0 0 0 0 0 0 
147 7 0 0 0 0 0 0 0 0 0 0 0 
148 7 0 0 0 0 0 0 0 0 0 0 0 
149 7 -1 15 46 0 0 16 6 0 0 18 -4 
150 7 17 0 0 0 0 0 0 0 0 0 0 
151 7 0 0 0 0 0 0 0 0 0 0 0 
152 7 0 0 0 0 0 0 0 0 0 0 0 
153 7 0 0 0 0 0 0 0 0 0 0 0 
154 7 0 0 0 0 0 0 0 0 0 0 0 
155 7 0 0 0 0 0 0 0 0 0 0 0 
156 7 0 0 0 0 0 0 0 0 0 0 0 
157 7 0 0 0 0 0 0 0 0 0 0 0 
158 7 0 0 0 0 0 0 0 0 0 0 0 
159 7 0 0 0 0 0 0 0 0 0 0 0 
160 7 0 0 0 0 0 0 0 0 0 0 0 
161 7 0 0 0 0 0 0 0 0 0 0 0 
162 7 0 0 0 0 0 0 0 0 0 0 0 
163 7 0 0 0 0 0 0 0 0 0 0 0 
164 7 0 0 0 0 0 0 0 0 0 0 0 
165 7 0 0 0 0 0 0 0 0 0 0 0 
166 7 0 0 0 0 0 0 0 0 0 0 0 
167 7 0 0 0 0 0 0 0 0 0 0 0 
168 7 0 0 0 0 0 0 0 0 0 0 0 
169 7 0 0 0 0 0 0 0 0 0 0 0 
170 7 0 0 0 0 0 0 0 0 0 0 0 
171 7 0 0 0 0 0 0 0 0 0 0 0 
172 7 0 0 0 0 0 0 0 0 0 0 0 
173 7 0 0 0 0 0 0 0 0 0 0 0 
174 7 0 0 0 0 0 0 0 0 0 0 0 
175 7 0 0 0 0 0 0 0 0 0 0 0 
176 7 0 0 0 0 0 0 0 0 0 0 0 
177 7 0 0 0 0 0 0 0 0 0 0 0 
178 7 0 0 0 0 0 0 0 0 0 0 0 
179 7 0 0 0 0 0 0 0 0 0 0 0 
180 7 0 0 0 0 0 0 0 0 0 0 0 
181 7 0 0 0 0 0 0 0 0 0 0 0 
182 7 0 0 0 0 0 0 0 0 0 0 0 
183 7 0 0 0 0 0 0 0 0 0 0 0 
184 7 0 0 0 0 0 0 0 0 0 0 0 
185 7 0 0 0 0 0 0 0 0 0 0 0 
186 7 0 0 0 0 0 0 0 0 0 0 0 
187 7 0 0 0 0 0 0 0 0 0 0 0 
188 7 0 0 0 0 0 0 0 0 0 0 0 
189 7 0 0 0 0 0 0 0 0 0 0 0 
190 7 0 0 0 0 0 0 0 0 0 0 0 
191 7 25 0 0 0 0 0 0 0 0 0 0 
192 7 26 0 0 0 0 0 0 0 0 0 0 
193 7 0 0 0 0 0 0 0 0 0 0 0 
194 7 0 0 0 0 0 0 0 0 0 0 0 
195 7 28 0 0 0 0 0 0 0 0 0 0 
196 7 29 0 0 0 0 0 0 0 0 0 0 
197 7 -1 44 14 0 0 61 60 0 0 9 37 
198 7 33 0 0 0 0 0 0 0 0 0 0 
199 7 0 0 0 0 0 0 0 0 0 0 0 
200 7 0 0 0 0 0 0 0 0 0 0 0 
201 7 -1 7 35 0 0 14 25 0 0 18 -8 
202 7 -1 2 14 0 0 31 28 0 0 9 3 
203 7 -1 52 61 0 0 7 45 0 0 16 -77 
204 7 44 0 0 0 0 0 0 0 0 0 0 
205 7 0 0 0 0 0 0 0 0 0 0 0 
206 7 0 0 0 0 0 0 0 0 0 0 0 
207 7 -1 4 37 0 0 41 2 0 0 9 -3 
208 7 -1 49 59 0 0 60 36 0 0 11 -13 
209 7 -1 15 38 0 0 53 44 0 0 3 43 
210 7 -1 15 56 0 0 45 49 0 0 16 61 
211 7 62 0 0 0 0 0 0 0 0 0 0 
212 7 63 0 0 0 0 0 0 0 0 0 0 
213 7 -1 63 12 0 0 32 13 0 0 7 -37 
214 7 66 0 0 0 0 0 0 0 0 0 0 
215 7 -1 59 14 0 0 0 4 0 0 1 16 
216 7 -1 18 63 0 0 57 17 0 0 5 -4 
217 7 -1 22 37 0 0 41 53 0 0 20 -1 
218 7 80 0 0 0 0 0 0 0 0 0 0 
219 7 -1 51 47 0 0 63 38 0 0 11 -51 
220 7 -1 6 28 0 0 15 58 0 0 4 -43 
221 7 -1 40 58 0 0 2 25 0 0 18 1 
222 7 -1 54 56 0 0 9 59 0 0 6 29 
223 7 0 0 0 0 0 0 0 0 0 0 0 
224 7 0 0 0 0 0 0 0 0 0 0 0 
225 7 0 0 0 0 0 0 0 0 0 0 0 
226 7 0 0 0 0 0 0 0 0 0 0 0 
227 7 0 0 0 0 0 0 0 0 0 0 0 
228 7 0 0 0 0 0 0 0 0 0 0 0 
229 7 0 0 0 0 0 0 0 0 0 0 0 
230 7 0 0 0 0 0 0 0 0 0 0 0 
231 7 0 0 0 0 0 0 0 0 0 0 0 
232 7 0 0 0 0 0 0 0 0 0 0 0 
233 7 0 0 0 0 0 0 0 0 0 0 0 
234 7 0 0 0 0 0 0 0 0 0 0 0 
235 7 0 0 0 0 0 0 0 0 0 0 0 
236 7 0 0 0 0 0 0 0 0 0 0 0 
237 7 0 0 0 0 0 0 0 0 0 0 0 
238 7 0 0 0 0 0 0 0 0 0 0 0 
239 7 0 0 0 0 0 0 0 0 0 0 0 
240 7 0 0 0 0 0 0 0 0 0 0 0 
241 7 0 0 0 0 0 0 0 0 0 0 0 
242 7 0 0 0 0 0 0 0 0 0 0 0 
243 7 103 0 0 0 0 0 0 0 0 0 0 
244 7 -1 37 21 0 0 3 45 0 0 3 -59 
245 7 0 0 0 0 0 0 0 0 0 0 0 
246 7 0 0 0 0 0 0 0 0 0 0 0 
247 7 0 0 0 0 0 0 0 0 0 0 0 
248 7 0 0 0 0 0 0 0 0 0 0 0 
249 7 0 0 0 0 0 0 0 0 0 0 0 
250 7 0 0 0 0 0 0 0 0 0 0 0 
251 7 110 0 0 0 0 0 0 0 0 0 0 
252 7 -1 31 54 0 0 44 28 0 0 2 -27 
253 7 0 0 0 0 0 0 0 0 0 0 0 
254 7 0 0 0 0 0 0 0 0 0 0 0 
255 8 0 0 0 0 0 0 0 0 0 0 0 
256 8 0 0 0 0 0 0 0 0 0 0 0 
257 8 0 0 0 0 0 0 0 0 0 0 0 
258 8 0 0 0 0 0 0 0 0 0 0 0 
259 8 0 0 0 0 0 0 0 0 0 0 0 
260 8 0 0 0 0 0 0 0 0 0 0 0 
261 8 2 0 0 0 0 0 0 0 0 0 0 
262 8 3 0 0 0 0 0 0 0 0 0 0 
263 8 0 0 0 0 0 0 0 0 0 0 0 
264 8 0 0 0 0 0 0 0 0 0 0 0 
265 8 0 0 0 0 0 0 0 0 0 0 0 
266 8 0 0 0 0 0 0 0 0 0 0 0 
267 8 0 0 0 0 0 0 0 0 0 0 0 
268 8 0 0 0 0 0 0 0 0 0 0 0 
269 8 0 0 0 0 0 0 0 0 0 0 0 
270 8 0 0 0 0 0 0 0 0 0 0 0 
271 8 0 0 0 0 0 0 0 0 0 0 0 
272 8 0 0 0 0 0 0 0 0 0 0 0 
273 8 0 0 0 0 0 0 0 0 0 0 0 
274 8 0 0 0 0 0 0 0 0 0 0 0 
275 8 0 0 0 0 0 0 0 0 0 0 0 
276 8 0 0 0 0 0 0 0 0 0 0 0 
277 8 0 0 0 0 0 0 0 0 0 0 0 
278 8 0 0 0 0 0 0 0 0 0 0 0 
279 8 0 0 0 0 0 0 0 0 0 0 0 
280 8 0 0 0 0 0 0 0 0 0 0 0 
281 8 0 0 0 0 0 0 0 0 0 0 0 
282 8 0 0 0 0 0 0 0 0 0 0 0 
283 8 0 0 0 0 0 0 0 0 0 0 0 
284 8 0 0 0 0 0 0 0 0 0 0 0 
285 8 10 0 0 0 0 0 0 0 0 0 0 
286 8 11 0 0 0 0 0 0 0 0 0 0 
287 8 0 0 0 0 0 0 0 0 0 0 0 
288 8 0 0 0 0 0 0 0 0 0 0 0 
289 8 0 0 0 0 0 0 0 0 0 0 0 
290 8 0 0 0 0 0 0 0 0 0 0 0 
291 8 0 0 0 0 0 0 0 0 0 0 0 
292 8 0 0 0 0 0 0 0 0 0 0 0 
293 8 0 0 0 0 0 0 0 0 0 0 0 
294 8 0 0 0 0 0 0 0 0 0 0 0 
295 8 0 0 0 0 0 0 0 0 0 0 0 
296 8 0 0 0 0 0 0 0 0 0 0 0 
297 8 0 0 0 0 0 0 0 0 0 0 0 
298 8 0 0 0 0 0 0 0 0 0 0 0 
299 8 15 0 0 0 0 0 0 0 0 0 0 
300 8 16 0 0 0 0 0 0 0 0 0 0 
301 8 0 0 0 0 0 0 0 0 0 0 0 
302 8 0 0 0 0 0 0 0 0 0 0 0 
303 8 0 0 0 0 0 0 0 0 0 0 0 
304 8 0 0 0 0 0 0 0 0 0 0 0 
305 8 0 0 0 0 0 0 0 0 0 0 0 
306 8 0 0 0 0 0 0 0 0 0 0 0 
307 8 0 0 0 0 0 0 0 0 0 0 0 
308 8 0 0 0 0 0 0 0 0 0 0 0 
309 8 0 0 0 0 0 0 0 0 0 0 0 
310 8 0 0 0 0 0 0 0 0 0 0 0 
311 8 0 0 0 0 0 0 0 0 0 0 0 
312 8 0 0 0 0 0 0 0 0 0 0 0 
313 8 0 0 0 0 0 0 0 0 0 0 0 
314 8 0 0 0 0 0 0 0 0 0 0 0 
315 8 0 0 0 0 0 0 0 0 0 0 0 
316 8 0 0 0 0 0 0 0 0 0 0 0 
317 8 0 0 0 0 0 0 0 0 0 0 0 
318 8 0 0 0 0 0 0 0 0 0 0 0 
319 8 0 0 0 0 0 0 0 0 0 0 0 
320 8 0 0 0 0 0 0 0 0 0 0 0 
321 8 0 0 0 0 0 0 0 0 0 0 0 
322 8 0 0 0 0 0 0 0 0 0 0 0 
323 8 0 0 0 0 0 0 0 0 0 0 0 
324 8 0 0 0 0 0 0 0 0 0 0 0 
325 8 0 0 0 0 0 0 0 0 0 0 0 
326 8 0 0 0 0 0 0 0 0 0 0 0 
327 8 0 0 0 0 0 0 0 0 0 0 0 
328 8 0 0 0 0 0 0 0 0 0 0 0 
329 8 0 0 0 0 0 0 0 0 0 0 0 
330 8 0 0 0 0 0 0 0 0 0 0 0 
331 8 0 0 0 0 0 0 0 0 0 0 0 
332 8 0 0 0 0 0 0 0 0 0 0 0 
333 8 0 0 0 0 0 0 0 0 0 0 0 
334 8 0 0 0 0 0 0 0 0 0 0 0 
335 8 0 0 0 0 0 0 0 0 0 0 0 
336 8 0 0 0 0 0 0 0 0 0 0 0 
337 8 0 0 0 0 0 0 0 0 0 0 0 
338 8 0 0 0 0 0 0 0 0 0 0 0 
339 8 0 0 0 0 0 0 0 0 0 0 0 
340 8 0 0 0 0 0 0 0 0 0 0 0 
341 8 0 0 0 0 0 0 0 0 0 0 0 
342 8 0 0 0 0 0 0 0 0 0 0 0 
343 8 0 0 0 0 0 0 0 0 0 0 0 
344 8 0 0 0 0 0 0 0 0 0 0 0 
345 8 0 0 0 0 0 0 0 0 0 0 0 
346 8 0 0 0 0 0 0 0 0 0 0 0 
347 8 0 0 0 0 0 0 0 0 0 0 0 
348 8 0 0 0 0 0 0 0 0 0 0 0 
349 8 0 0 0 0 0 0 0 0 0 0 0 
350 8 0 0 0 0 0 0 0 0 0 0 0 
351 8 0 0 0 0 0 0 0 0 0 0 0 
352 8 0 0 0 0 0 0 0 0 0 0 0 
353 8 0 0 0 0 0 0 0 0 0 0 0 
354 8 0 0 0 0 0 0 0 0 0 0 0 
355 8 0 0 0 0 0 0 0 0 0 0 0 
356 8 0 0 0 0 0 0 0 0 0 0 0 
357 8 0 0 0 0 0 0 0 0 0 0 0 
358 8 0 0 0 0 0 0 0 0 0 0 0 
359 8 0 0 0 0 0 0 0 0 0 0 0 
360 8 0 0 0 0 0 0 0 0 0 0 0 
361 8 0 0 0 0 0 0 0 0 0 0 0 
362 8 0 0 0 0 0 0 0 0 0 0 0 
363 8 0 0 0 0 0 0 0 0 0 0 0 
364 8 0 0 0 0 0 0 0 0 0 0 0 
365 8 0 0 0 0 0 0 0 0 0 0 0 
366 8 0 0 0 0 0 0 0 0 0 0 0 
367 8 0 0 0 0 0 0 0 0 0 0 0 
368 8 0 0 0 0 0 0 0 0 0 0 0 
369 8 0 0 0 0 0 0 0 0 0 0 0 
370 8 0 0 0 0 0 0 0 0 0 0 0 
371 8 0 0 0 0 0 0 0 0 0 0 0 
372 8 0 0 0 0 0 0 0 0 0 0 0 
373 8 0 0 0 0 0 0 0 0 0 0 0 
374 8 0 0 0 0 0 0 0 0 0 0 0 
375 8 0 0 0 0 0 0 0 0 0 0 0 
376 8 0 0 0 0 0 0 0 0 0 0 0 
377 8 0 0 0 0 0 0 0 0 0 0 0 
378 8 0 0 0 0 0 0 0 0 0 0 0 
379 8 0 0 0 0 0 0 0 0 0 0 0 
380 8 0 0 0 0 0 0 0 0 0 0 0 
381 8 0 0 0 0 0 0 0 0 0 0 0 
382 8 0 0 0 0 0 0 0 0 0 0 0 
383 8 0 0 0 0 0 0 0 0 0 0 0 
384 8 0 0 0 0 0 0 0 0 0 0 0 
385 8 0 0 0 0 0 0 0 0 0 0 0 
386 8 0 0 0 0 0 0 0 0 0 0 0 
387 8 0 0 0 0 0 0 0 0 0 0 0 
388 8 0 0 0 0 0 0 0 0 0 0 0 
389 8 0 0 0 0 0 0 0 0 0 0 0 
390 8 0 0 0 0 0 0 0 0 0 0 0 
391 8 0 0 0 0 0 0 0 0 0 0 0 
392 8 0 0 0 0 0 0 0 0 0 0 0 
393 8 0 0 0 0 0 0 0 0 0 0 0 
394 8 0 0 0 0 0 0 0 0 0 0 0 
395 8 -1 11 26 0 0 40 19 0 0 15 29 
396 8 32 0 0 0 0 0 0 0 0 0 0 
397 8 0 0 0 0 0 0 0 0 0 0 0 
398 8 0 0 0 0 0 0 0 0 0 0 0 
399 8 0 0 0 0 0 0 0 0 0 0 0 
400 8 0 0 0 0 0 0 0 0 0 0 0 
401 8 0 0 0 0 0 0 0 0 0 0 0 
402 8 0 0 0 0 0 0 0 0 0 0 0 
403 8 35 0 0 0 0 0 0 0 0 0 0 
404 8 36 0 0 0 0 0 0 0 0 0 0 
405 8 -1 14 3 0 0 59 23 0 0 19 1 
406 8 40 0 0 0 0 0 0 0 0 0 0 
407 8 41 0 0 0 0 0 0 0 0 0 0 
408 8 -1 56 24 0 0 9 61 0 0 12 -13 
409 8 0 0 0 0 0 0 0 0 0 0 0 
410 8 0 0 0 0 0 0 0 0 0 0 0 
411 8 0 0 0 0 0 0 0 0 0 0 0 
412 8 0 0 0 0 0 0 0 0 0 0 0 
413 8 0 0 0 0 0 0 0 0 0 0 0 
414 8 0 0 0 0 0 0 0 0 0 0 0 
415 8 46 0 0 0 0 0 0 0 0 0 0 
416 8 47 0 0 0 0 0 0 0 0 0 0 
417 8 48 0 0 0 0 0 0 0 0 0 0 
418 8 -1 35 10 0 0 36 27 0 0 1 -1 
419 8 -1 3 44 0 0 58 16 0 0 17 -6 
420 8 54 0 0 0 0 0 0 0 0 0 0 
421 8 -1 8 62 0 0 15 19 0 0 16 0 
422 8 -1 7 22 0 0 26 10 0 0 16 67 
423 8 0 0 0 0 0 0 0 0 0 0 0 
424 8 0 0 0 0 0 0 0 0 0 0 0 
425 8 0 0 0 0 0 0 0 0 0 0 0 
426 8 0 0 0 0 0 0 0 0 0 0 0 
427 8 64 0 0 0 0 0 0 0 0 0 0 
428 8 65 0 0 0 0 0 0 0 0 0 0 
429 8 0 0 0 0 0 0 0 0 0 0 0 
430 8 0 0 0 0 0 0 0 0 0 0 0 
431 8 -1 55 58 0 0 41 23 0 0 16 -49 
432 8 70 0 0 0 0 0 0 0 0 0 0 
433 8 -1 2 42 0 0 45 18 0 0 17 21 
434 8 -1 24 19 25 20 50 49 8 11 32 -812 
435 8 76 0 0 0 0 0 0 0 0 0 0 
436 8 -1 15 28 29 16 48 52 12 10 32 -1756 
437 8 0 0 0 0 0 0 0 0 0 0 0 
438 8 0 0 0 0 0 0 0 0 0 0 0 
439 8 81 0 0 0 0 0 0 0 0 0 0 
440 8 -1 12 6 3 0 46 19 16 37 32 -9043 
441 8 85 0 0 0 0 0 0 0 0 0 0 
442 8 -1 19 37 0 0 32 5 0 0 0 40 
443 8 -1 29 21 0 0 60 62 0 0 5 -7 
444 8 92 0 0 0 0 0 0 0 0 0 0 
445 8 -1 2 27 0 0 51 57 0 0 0 62 
446 8 -1 0 22 0 0 10 21 0 0 11 3 
447 8 0 0 0 0 0 0 0 0 0 0 0 
448 8 0 0 0 0 0 0 0 0 0 0 0 
449 8 0 0 0 0 0 0 0 0 0 0 0 
450 8 0 0 0 0 0 0 0 0 0 0 0 
451 8 0 0 0 0 0 0 0 0 0 0 0 
452 8 0 0 0 0 0 0 0 0 0 0 0 
453 8 0 0 0 0 0 0 0 0 0 0 0 
454 8 0 0 0 0 0 0 0 0 0 0 0 
455 8 0 0 0 0 0 0 0 0 0 0 0 
456 8 0 0 0 0 0 0 0 0 0 0 0 
457 8 0 0 0 0 0 0 0 0 0 0 0 
458 8 0 0 0 0 0 0 0 0 0 0 0 
459 8 0 0 0 0 0 0 0 0 0 0 0 
460 8 0 0 0 0 0 0 0 0 0 0 0 
461 8 0 0 0 0 0 0 0 0 0 0 0 
462 8 0 0 0 0 0 0 0 0 0 0 0 
463 8 0 0 0 0 0 0 0 0 0 0 0 
464 8 0 0 0 0 0 0 0 0 0 0 0 
465 8 0 0 0 0 0 0 0 0 0 0 0 
466 8 0 0 0 0 0 0 0 0 0 0 0 
467 8 0 0 0 0 0 0 0 0 0 0 0 
468 8 0 0 0 0 0 0 0 0 0 0 0 
469 8 0 0 0 0 0 0 0 0 0 0 0 
470 8 0 0 0 0 0 0 0 0 0 0 0 
471 8 0 0 0 0 0 0 0 0 0 0 0 
472 8 0 0 0 0 0 0 0 0 0 0 0 
473 8 0 0 0 0 0 0 0 0 0 0 0 
474 8 0 0 0 0 0 0 0 0 0 0 0 
475 8 0 0 0 0 0 0 0 0 0 0 0 
476 8 0 0 0 0 0 0 0 0 0 0 0 
477 8 0 0 0 0 0 0 0 0 0 0 0 
478 8 0 0 0 0 0 0 0 0 0 0 0 
479 8 0 0 0 0 0 0 0 0 0 0 0 
480 8 0 0 0 0 0 0 0 0 0 0 0 
481 8 0 0 0 0 0 0 0 0 0 0 0 
482 8 0 0 0 0 0 0 0 0 0 0 0 
483 8 0 0 0 0 0 0 0 0 0 0 0 
484 8 0 0 0 0 0 0 0 0 0 0 0 
485 8 0 0 0 0 0 0 0 0 0 0 0 
486 8 0 0 0 0 0 0 0 0 0 0 0 
487 8 0 0 0 0 0 0 0 0 0 0 0 
488 8 0 0 0 0 0 0 0 0 0 0 0 
489 8 104 0 0 0 0 0 0 0 0 0 0 
490 8 -1 50 10 0 0 24 47 0 0 17 -6 
491 8 0 0 0 0 0 0 0 0 0 0 0 
492 8 0 0 0 0 0 0 0 0 0 0 0 
493 8 0 0 0 0 0 0 0 0 0 0 0 
494 8 0 0 0 0 0 0 0 0 0 0 0 
495 8 0 0 0 0 0 0 0 0 0 0 0 
496 8 0 0 0 0 0 0 0 0 0 0 0 
497 8 0 0 0 0 0 0 0 0 0 0 0 
498 8 0 0 0 0 0 0 0 0 0 0 0 
499 8 0 0 0 0 0 0 0 0 0 0 0 
500 8 0 0 0 0 0 0 0 0 0 0 0 
501 8 0 0 0 0 0 0 0 0 0 0 0 
502 8 0 0 0 0 0 0 0 0 0 0 0 
503 8 0 0 0 0 0 0 0 0 0 0 0 
504 8 0 0 0 0 0 0 0 0 0 0 0 
505 8 111 0 0 0 0 0 0 0 0 0 0 
506 8 -1 60 22 0 0 26 55 0 0 5 6 
507 8 0 0 0 0 0 0 0 0 0 0 0 
508 8 0 0 0 0 0 0 0 0 0 0 0 
509 8 0 0 0 0 0 0 0 0 0 0 0 
510 8 0 0 0 0 0 0 0 0 0 0 0 
511 9 0 0 0 0 0 0 0 0 0 0 0 
512 9 0 0 0 0 0 0 0 0 0 0 0 
513 9 0 0 0 0 0 0 0 0 0 0 0 
514 9 0 0 0 0 0 0 0 0 0 0 0 
515 9 0 0 0 0 0 0 0 0 0 0 0 
516 9 0 0 0 0 0 0 0 0 0 0 0 
517 9 0 0 0 0 0 0 0 0 0 0 0 
518 9 0 0 0 0 0 0 0 0 0 0 0 
519 9 0 0 0 0 0 0 0 0 0 0 0 
520 9 0 0 0 0 0 0 0 0 0 0 0 
521 9 0 0 0 0 0 0 0 0 0 0 0 
522 9 0 0 0 0 0 0 0 0 0 0 0 
523 9 0 0 0 0 0 0 0 0 0 0 0 
524 9 0 0 0 0 0 0 0 0 0 0 0 
525 9 0 0 0 0 0 0 0 0 0 0 0 
526 9 0 0 0 0 0 0 0 0 0 0 0 
527 9 0 0 0 0 0 0 0 0 0 0 0 
528 9 0 0 0 0 0 0 0 0 0 0 0 
529 9 0 0 0 0 0 0 0 0 0 0 0 
530 9 0 0 0 0 0 0 0 0 0 0 0 
531 9 0 0 0 0 0 0 0 0 0 0 0 
532 9 0 0 0 0 0 0 0 0 0 0 0 
533 9 0 0 0 0 0 0 0 0 0 0 0 
534 9 0 0 0 0 0 0 0 0 0 0 0 
535 9 0 0 0 0 0 0 0 0 0 0 0 
536 9 0 0 0 0 0 0 0 0 0 0 0 
537 9 0 0 0 0 0 0 0 0 0 0 0 
538 9 0 0 0 0 0 0 0 0 0 0 0 
539 9 0 0 0 0 0 0 0 0 0 0 0 
540 9 0 0 0 0 0 0 0 0 0 0 0 
541 9 0 0 0 0 0 0 0 0 0 0 0 
542 9 0 0 0 0 0 0 0 0 0 0 0 
543 9 0 0 0 0 0 0 0 0 0 0 0 
544 9 0 0 0 0 0 0 0 0 0 0 0 
545 9 0 0 0 0 0 0 0 0 0 0 0 
546 9 0 0 0 0 0 0 0 0 0 0 0 
547 9 0 0 0 0 0 0 0 0 0 0 0 
548 9 0 0 0 0 0 0 0 0 0 0 0 
549 9 0 0 0 0 0 0 0 0 0 0 0 
550 9 0 0 0 0 0 0 0 0 0 0 0 
551 9 0 0 0 0 0 0 0 0 0 0 0 
552 9 0 0 0 0 0 0 0 0 0 0 0 
553 9 0 0 0 0 0 0 0 0 0 0 0 
554 9 0 0 0 0 0 0 0 0 0 0 0 
555 9 0 0 0 0 0 0 0 0 0 0 0 
556 9 0 0 0 0 0 0 0 0 0 0 0 
557 9 0 0 0 0 0 0 0 0 0 0 0 
558 9 0 0 0 0 0 0 0 0 0 0 0 
559 9 0 0 0 0 0 0 0 0 0 0 0 
560 9 0 0 0 0 0 0 0 0 0 0 0 
561 9 0 0 0 0 0 0 0 0 0 0 0 
562 9 0 0 0 0 0 0 0 0 0 0 0 
563 9 0 0 0 0 0 0 0 0 0 0 0 
564 9 0 0 0 0 0 0 0 0 0 0 0 
565 9 0 0 0 0 0 0 0 0 0 0 0 
566 9 0 0 0 0 0 0 0 0 0 0 0 
567 9 0 0 0 0 0 0 0 0 0 0 0 
568 9 0 0 0 0 0 0 0 0 0 0 0 
569 9 0 0 0 0 0 0 0 0 0 0 0 
570 9 0 0 0 0 0 0 0 0 0 0 0 
571 9 0 0 0 0 0 0 0 0 0 0 0 
572 9 0 0 0 0 0 0 0 0 0 0 0 
573 9 0 0 0 0 0 0 0 0 0 0 0 
574 9 0 0 0 0 0 0 0 0 0 0 0 
575 9 0 0 0 0 0 0 0 0 0 0 0 
576 9 0 0 0 0 0 0 0 0 0 0 0 
577 9 0 0 0 0 0 0 0 0 0 0 0 
578 9 0 0 0 0 0 0 0 0 0 0 0 
579 9 0 0 0 0 0 0 0 0 0 0 0 
580 9 0 0 0 0 0 0 0 0 0 0 0 
581 9 0 0 0 0 0 0 0 0 0 0 0 
582 9 0 0 0 0 0 0 0 0 0 0 0 
583 9 0 0 0 0 0 0 0 0 0 0 0 
584 9 0 0 0 0 0 0 0 0 0 0 0 
585 9 0 0 0 0 0 0 0 0 0 0 0 
586 9 0 0 0 0 0 0 0 0 0 0 0 
587 9 0 0 0 0 0 0 0 0 0 0 0 
588 9 0 0 0 0 0 0 0 0 0 0 0 
589 9 0 0 0 0 0 0 0 0 0 0 0 
590 9 0 0 0 0 0 0 0 0 0 0 0 
591 9 0 0 0 0 0 0 0 0 0 0 0 
592 9 0 0 0 0 0 0 0 0 0 0 0 
593 9 0 0 0 0 0 0 0 0 0 0 0 
594 9 0 0 0 0 0 0 0 0 0 0 0 
595 9 0 0 0 0 0 0 0 0 0 0 0 
596 9 0 0 0 0 0 0 0 0 0 0 0 
597 9 0 0 0 0 0 0 0 0 0 0 0 
598 9 0 0 0 0 0 0 0 0 0 0 0 
599 9 0 0 0 0 0 0 0 0 0 0 0 
600 9 0 0 0 0 0 0 0 0 0 0 0 
601 9 0 0 0 0 0 0 0 0 0 0 0 
602 9 0 0 0 0 0 0 0 0 0 0 0 
603 9 0 0 0 0 0 0 0 0 0 0 0 
604 9 0 0 0 0 0 0 0 0 0 0 0 
605 9 0 0 0 0 0 0 0 0 0 0 0 
606 9 0 0 0 0 0 0 0 0 0 0 0 
607 9 0 0 0 0 0 0 0 0 0 0 0 
608 9 0 0 0 0 0 0 0 0 0 0 0 
609 9 0 0 0 0 0 0 0 0 0 0 0 
610 9 0 0 0 0 0 0 0 0 0 0 0 
611 9 0 0 0 0 0 0 0 0 0 0 0 
612 9 0 0 0 0 0 0 0 0 0 0 0 
613 9 0 0 0 0 0 0 0 0 0 0 0 
614 9 0 0 0 0 0 0 0 0 0 0 0 
615 9 0 0 0 0 0 0 0 0 0 0 0 
616 9 0 0 0 0 0 0 0 0 0 0 0 
617 9 0 0 0 0 0 0 0 0 0 0 0 
618 9 0 0 0 0 0 0 0 0 0 0 0 
619 9 0 0 0 0 0 0 0 0 0 0 0 
620 9 0 0 0 0 0 0 0 0 0 0 0 
621 9 0 0 0 0 0 0 0 0 0 0 0 
622 9 0 0 0 0 0 0 0 0 0 0 0 
623 9 0 0 0 0 0 0 0 0 0 0 0 
624 9 0 0 0 0 0 0 0 0 0 0 0 
625 9 0 0 0 0 0 0 0 0 0 0 0 
626 9 0 0 0 0 0 0 0 0 0 0 0 
627 9 0 0 0 0 0 0 0 0 0 0 0 
628 9 0 0 0 0 0 0 0 0 0 0 0 
629 9 0 0 0 0 0 0 0 0 0 0 0 
630 9 0 0 0 0 0 0 0 0 0 0 0 
631 9 0 0 0 0 0 0 0 0 0 0 0 
632 9 0 0 0 0 0 0 0 0 0 0 0 
633 9 0 0 0 0 0 0 0 0 0 0 0 
634 9 0 0 0 0 0 0 0 0 0 0 0 
635 9 0 0 0 0 0 0 0 0 0 0 0 
636 9 0 0 0 0 0 0 0 0 0 0 0 
637 9 0 0 0 0 0 0 0 0 0 0 0 
638 9 0 0 0 0 0 0 0 0 0 0 0 
639 9 0 0 0 0 0 0 0 0 0 0 0 
640 9 0 0 0 0 0 0 0 0 0 0 0 
641 9 0 0 0 0 0 0 0 0 0 0 0 
642 9 0 0 0 0 0 0 0 0 0 0 0 
643 9 0 0 0 0 0 0 0 0 0 0 0 
644 9 0 0 0 0 0 0 0 0 0 0 0 
645 9 0 0 0 0 0 0 0 0 0 0 0 
646 9 0 0 0 0 0 0 0 0 0 0 0 
647 9 0 0 0 0 0 0 0 0 0 0 0 
648 9 0 0 0 0 0 0 0 0 0 0 0 
649 9 0 0 0 0 0 0 0 0 0 0 0 
650 9 0 0 0 0 0 0 0 0 0 0 0 
651 9 0 0 0 0 0 0 0 0 0 0 0 
652 9 0 0 0 0 0 0 0 0 0 0 0 
653 9 0 0 0 0 0 0 0 0 0 0 0 
654 9 0 0 0 0 0 0 0 0 0 0 0 
655 9 0 0 0 0 0 0 0 0 0 0 0 
656 9 0 0 0 0 0 0 0 0 0 0 0 
657 9 0 0 0 0 0 0 0 0 0 0 0 
658 9 0 0 0 0 0 0 0 0 0 0 0 
659 9 0 0 0 0 0 0 0 0 0 0 0 
660 9 0 0 0 0 0 0 0 0 0 0 0 
661 9 0 0 0 0 0 0 0 0 0 0 0 
662 9 0 0 0 0 0 0 0 0 0 0 0 
663 9 0 0 0 0 0 0 0 0 0 0 0 
664 9 0 0 0 0 0 0 0 0 0 0 0 
665 9 0 0 0 0 0 0 0 0 0 0 0 
666 9 0 0 0 0 0 0 0 0 0 0 0 
667 9 0 0 0 0 0 0 0 0 0 0 0 
668 9 0 0 0 0 0 0 0 0 0 0 0 
669 9 0 0 0 0 0 0 0 0 0 0 0 
670 9 0 0 0 0 0 0 0 0 0 0 0 
671 9 0 0 0 0 0 0 0 0 0 0 0 
672 9 0 0 0 0 0 0 0 0 0 0 0 
673 9 0 0 0 0 0 0 0 0 0 0 0 
674 9 0 0 0 0 0 0 0 0 0 0 0 
675 9 0 0 0 0 0 0 0 0 0 0 0 
676 9 0 0 0 0 0 0 0 0 0 0 0 
677 9 0 0 0 0 0 0 0 0 0 0 0 
678 9 0 0 0 0 0 0 0 0 0 0 0 
679 9 0 0 0 0 0 0 0 0 0 0 0 
680 9 0 0 0 0 0 0 0 0 0 0 0 
681 9 0 0 0 0 0 0 0 0 0 0 0 
682 9 0 0 0 0 0 0 0 0 0 0 0 
683 9 0 0 0 0 0 0 0 0 0 0 0 
684 9 0 0 0 0 0 0 0 0 0 0 0 
685 9 0 0 0 0 0 0 0 0 0 0 0 
686 9 0 0 0 0 0 0 0 0 0 0 0 
687 9 0 0 0 0 0 0 0 0 0 0 0 
688 9 0 0 0 0 0 0 0 0 0 0 0 
689 9 0 0 0 0 0 0 0 0 0 0 0 
690 9 0 0 0 0 0 0 0 0 0 0 0 
691 9 0 0 0 0 0 0 0 0 0 0 0 
692 9 0 0 0 0 0 0 0 0 0 0 0 
693 9 0 0 0 0 0 0 0 0 0 0 0 
694 9 0 0 0 0 0 0 0 0 0 0 0 
695 9 0 0 0 0 0 0 0 0 0 0 0 
696 9 0 0 0 0 0 0 0 0 0 0 0 
697 9 0 0 0 0 0 0 0 0 0 0 0 
698 9 0 0 0 0 0 0 0 0 0 0 0 
699 9 0 0 0 0 0 0 0 0 0 0 0 
700 9 0 0 0 0 0 0 0 0 0 0 0 
701 9 0 0 0 0 0 0 0 0 0 0 0 
702 9 0 0 0 0 0 0 0 0 0 0 0 
703 9 0 0 0 0 0 0 0 0 0 0 0 
704 9 0 0 0 0 0 0 0 0 0 0 0 
705 9 0 0 0 0 0 0 0 0 0 0 0 
706 9 0 0 0 0 0 0 0 0 0 0 0 
707 9 0 0 0 0 0 0 0 0 0 0 0 
708 9 0 0 0 0 0 0 0 0 0 0 0 
709 9 0 0 0 0 0 0 0 0 0 0 0 
710 9 0 0 0 0 0 0 0 0 0 0 0 
711 9 0 0 0 0 0 0 0 0 0 0 0 
712 9 0 0 0 0 0 0 0 0 0 0 0 
713 9 0 0 0 0 0 0 0 0 0 0 0 
714 9 0 0 0 0 0 0 0 0 0 0 0 
715 9 0 0 0 0 0 0 0 0 0 0 0 
716 9 0 0 0 0 0 0 0 0 0 0 0 
717 9 0 0 0 0 0 0 0 0 0 0 0 
718 9 0 0 0 0 0 0 0 0 0 0 0 
719 9 0 0 0 0 0 0 0 0 0 0 0 
720 9 0 0 0 0 0 0 0 0 0 0 0 
721 9 0 0 0 0 0 0 0 0 0 0 0 
722 9 0 0 0 0 0 0 0 0 0 0 0 
723 9 0 0 0 0 0 0 0 0 0 0 0 
724 9 0 0 0 0 0 0 0 0 0 0 0 
725 9 0 0 0 0 0 0 0 0 0 0 0 
726 9 0 0 0 0 0 0 0 0 0 0 0 
727 9 0 0 0 0 0 0 0 0 0 0 0 
728 9 0 0 0 0 0 0 0 0 0 0 0 
729 9 0 0 0 0 0 0 0 0 0 0 0 
730 9 0 0 0 0 0 0 0 0 0 0 0 
731 9 0 0 0 0 0 0 0 0 0 0 0 
732 9 0 0 0 0 0 0 0 0 0 0 0 
733 9 0 0 0 0 0 0 0 0 0 0 0 
734 9 0 0 0 0 0 0 0 0 0 0 0 
735 9 0 0 0 0 0 0 0 0 0 0 0 
736 9 0 0 0 0 0 0 0 0 0 0 0 
737 9 0 0 0 0 0 0 0 0 0 0 0 
738 9 0 0 0 0 0 0 0 0 0 0 0 
739 9 0 0 0 0 0 0 0 0 0 0 0 
740 9 0 0 0 0 0 0 0 0 0 0 0 
741 9 0 0 0 0 0 0 0 0 0 0 0 
742 9 0 0 0 0 0 0 0 0 0 0 0 
743 9 0 0 0 0 0 0 0 0 0 0 0 
744 9 0 0 0 0 0 0 0 0 0 0 0 
745 9 0 0 0 0 0 0 0 0 0 0 0 
746 9 0 0 0 0 0 0 0 0 0 0 0 
747 9 0 0 0 0 0 0 0 0 0 0 0 
748 9 0 0 0 0 0 0 0 0 0 0 0 
749 9 0 0 0 0 0 0 0 0 0 0 0 
750 9 0 0 0 0 0 0 0 0 0 0 0 
751 9 0 0 0 0 0 0 0 0 0 0 0 
752 9 0 0 0 0 0 0 0 0 0 0 0 
753 9 0 0 0 0 0 0 0 0 0 0 0 
754 9 0 0 0 0 0 0 0 0 0 0 0 
755 9 0 0 0 0 0 0 0 0 0 0 0 
756 9 0 0 0 0 0 0 0 0 0 0 0 
757 9 0 0 0 0 0 0 0 0 0 0 0 
758 9 0 0 0 0 0 0 0 0 0 0 0 
759 9 0 0 0 0 0 0 0 0 0 0 0 
760 9 0 0 0 0 0 0 0 0 0 0 0 
761 9 0 0 0 0 0 0 0 0 0 0 0 
762 9 0 0 0 0 0 0 0 0 0 0 0 
763 9 0 0 0 0 0 0 0 0 0 0 0 
764 9 0 0 0 0 0 0 0 0 0 0 0 
765 9 0 0 0 0 0 0 0 0 0 0 0 
766 9 0 0 0 0 0 0 0 0 0 0 0 
767 9 0 0 0 0 0 0 0 0 0 0 0 
768 9 0 0 0 0 0 0 0 0 0 0 0 
769 9 0 0 0 0 0 0 0 0 0 0 0 
770 9 0 0 0 0 0 0 0 0 0 0 0 
771 9 0 0 0 0 0 0 0 0 0 0 0 
772 9 0 0 0 0 0 0 0 0 0 0 0 
773 9 0 0 0 0 0 0 0 0 0 0 0 
774 9 0 0 0 0 0 0 0 0 0 0 0 
775 9 0 0 0 0 0 0 0 0 0 0 0 
776 9 0 0 0 0 0 0 0 0 0 0 0 
777 9 0 0 0 0 0 0 0 0 0 0 0 
778 9 0 0 0 0 0 0 0 0 0 0 0 
779 9 0 0 0 0 0 0 0 0 0 0 0 
780 9 0 0 0 0 0 0 0 0 0 0 0 
781 9 0 0 0 0 0 0 0 0 0 0 0 
782 9 0 0 0 0 0 0 0 0 0 0 0 
783 9 0 0 0 0 0 0 0 0 0 0 0 
784 9 0 0 0 0 0 0 0 0 0 0 0 
785 9 0 0 0 0 0 0 0 0 0 0 0 
786 9 0 0 0 0 0 0 0 0 0 0 0 
787 9 0 0 0 0 0 0 0 0 0 0 0 
788 9 0 0 0 0 0 0 0 0 0 0 0 
789 9 0 0 0 0 0 0 0 0 0 0 0 
790 9 0 0 0 0 0 0 0 0 0 0 0 
791 9 30 0 0 0 0 0 0 0 0 0 0 
792 9 31 0 0 0 0 0 0 0 0 0 0 
793 9 0 0 0 0 0 0 0 0 0 0 0 
794 9 0 0 0 0 0 0 0 0 0 0 0 
795 9 0 0 0 0 0 0 0 0 0 0 0 
796 9 0 0 0 0 0 0 0 0 0 0 0 
797 9 0 0 0 0 0 0 0 0 0 0 0 
798 9 0 0 0 0 0 0 0 0 0 0 0 
799 9 0 0 0 0 0 0 0 0 0 0 0 
800 9 0 0 0 0 0 0 0 0 0 0 0 
801 9 0 0 0 0 0 0 0 0 0 0 0 
802 9 0 0 0 0 0 0 0 0 0 0 0 
803 9 0 0 0 0 0 0 0 0 0 0 0 
804 9 0 0 0 0 0 0 0 0 0 0 0 
805 9 0 0 0 0 0 0 0 0 0 0 0 
806 9 0 0 0 0 0 0 0 0 0 0 0 
807 9 0 0 0 0 0 0 0 0 0 0 0 
808 9 0 0 0 0 0 0 0 0 0 0 0 
809 9 0 0 0 0 0 0 0 0 0 0 0 
810 9 0 0 0 0 0 0 0 0 0 0 0 
811 9 -1 59 1 0 0 34 33 0 0 5 -19 
812 9 39 0 0 0 0 0 0 0 0 0 0 
813 9 0 0 0 0 0 0 0 0 0 0 0 
814 9 0 0 0 0 0 0 0 0 0 0 0 
815 9 0 0 0 0 0 0 0 0 0 0 0 
816 9 0 0 0 0 0 0 0 0 0 0 0 
817 9 42 0 0 0 0 0 0 0 0 0 0 
818 9 43 0 0 0 0 0 0 0 0 0 0 
819 9 0 0 0 0 0 0 0 0 0 0 0 
820 9 0 0 0 0 0 0 0 0 0 0 0 
821 9 0 0 0 0 0 0 0 0 0 0 0 
822 9 0 0 0 0 0 0 0 0 0 0 0 
823 9 0 0 0 0 0 0 0 0 0 0 0 
824 9 0 0 0 0 0 0 0 0 0 0 0 
825 9 0 0 0 0 0 0 0 0 0 0 0 
826 9 0 0 0 0 0 0 0 0 0 0 0 
827 9 0 0 0 0 0 0 0 0 0 0 0 
828 9 0 0 0 0 0 0 0 0 0 0 0 
829 9 0 0 0 0 0 0 0 0 0 0 0 
830 9 0 0 0 0 0 0 0 0 0 0 0 
831 9 0 0 0 0 0 0 0 0 0 0 0 
832 9 0 0 0 0 0 0 0 0 0 0 0 
833 9 0 0 0 0 0 0 0 0 0 0 0 
834 9 0 0 0 0 0 0 0 0 0 0 0 
835 9 0 0 0 0 0 0 0 0 0 0 0 
836 9 0 0 0 0 0 0 0 0 0 0 0 
837 9 49 0 0 0 0 0 0 0 0 0 0 
838 9 50 0 0 0 0 0 0 0 0 0 0 
839 9 -1 31 33 0 0 52 25 0 0 11 67 
840 9 53 0 0 0 0 0 0 0 0 0 0 
841 9 0 0 0 0 0 0 0 0 0 0 0 
842 9 0 0 0 0 0 0 0 0 0 0 0 
843 9 -1 31 2 0 0 62 52 0 0 2 1 
844 9 -1 60 38 0 0 15 5 0 0 18 15 
845 9 59 0 0 0 0 0 0 0 0 0 0 
846 9 -1 59 5 0 0 29 14 0 0 0 -10 
847 9 0 0 0 0 0 0 0 0 0 0 0 
848 9 0 0 0 0 0 0 0 0 0 0 0 
849 9 0 0 0 0 0 0 0 0 0 0 0 
850 9 0 0 0 0 0 0 0 0 0 0 0 
851 9 0 0 0 0 0 0 0 0 0 0 0 
852 9 0 0 0 0 0 0 0 0 0 0 0 
853 9 0 0 0 0 0 0 0 0 0 0 0 
854 9 0 0 0 0 0 0 0 0 0 0 0 
855 9 0 0 0 0 0 0 0 0 0 0 0 
856 9 0 0 0 0 0 0 0 0 0 0 0 
857 9 0 0 0 0 0 0 0 0 0 0 0 
858 9 0 0 0 0 0 0 0 0 0 0 0 
859 9 0 0 0 0 0 0 0 0 0 0 0 
860 9 0 0 0 0 0 0 0 0 0 0 0 
861 9 0 0 0 0 0 0 0 0 0 0 0 
862 9 0 0 0 0 0 0 0 0 0 0 0 
863 9 67 0 0 0 0 0 0 0 0 0 0 
864 9 -1 30 9 0 0 61 1 0 0 1 -4 
865 9 0 0 0 0 0 0 0 0 0 0 0 
866 9 0 0 0 0 0 0 0 0 0 0 0 
867 9 71 0 0 0 0 0 0 0 0 0 0 
868 9 72 0 0 0 0 0 0 0 0 0 0 
869 9 73 0 0 0 0 0 0 0 0 0 0 
870 9 -1 27 28 0 0 44 45 0 0 7 -93 
871 9 0 0 0 0 0 0 0 0 0 0 0 
872 9 0 0 0 0 0 0 0 0 0 0 0 
873 9 77 0 0 0 0 0 0 0 0 0 0 
874 9 -1 12 59 0 0 56 10 0 0 2 -15 
875 9 0 0 0 0 0 0 0 0 0 0 0 
876 9 0 0 0 0 0 0 0 0 0 0 0 
877 9 0 0 0 0 0 0 0 0 0 0 0 
878 9 0 0 0 0 0 0 0 0 0 0 0 
879 9 0 0 0 0 0 0 0 0 0 0 0 
880 9 0 0 0 0 0 0 0 0 0 0 0 
881 9 -1 21 24 1 1 55 47 7 3 32 -694 
882 9 84 0 0 0 0 0 0 0 0 0 0 
883 9 0 0 0 0 0 0 0 0 0 0 0 
884 9 0 0 0 0 0 0 0 0 0 0 0 
885 9 -1 26 13 0 0 32 39 0 0 17 18 
886 9 -1 51 47 0 0 15 4 0 0 17 -25 
887 9 90 0 0 0 0 0 0 0 0 0 0 
888 9 91 0 0 0 0 0 0 0 0 0 0 
889 9 0 0 0 0 0 0 0 0 0 0 0 
890 9 0 0 0 0 0 0 0 0 0 0 0 
891 9 -1 3 8 0 0 50 49 0 0 4 -20 
892 9 -1 22 17 0 0 55 15 0 0 0 -86 
893 9 -1 15 18 28 1 56 27 1 26 32 -25 
894 9 99 0 0 0 0 0 0 0 0 0 0 
895 9 0 0 0 0 0 0 0 0 0 0 0 
896 9 0 0 0 0 0 0 0 0 0 0 0 
897 9 0 0 0 0 0 0 0 0 0 0 0 
898 9 0 0 0 0 0 0 0 0 0 0 0 
899 9 0 0 0 0 0 0 0 0 0 0 0 
900 9 0 0 0 0 0 0 0 0 0 0 0 
901 9 0 0 0 0 0 0 0 0 0 0 0 
902 9 0 0 0 0 0 0 0 0 0 0 0 
903 9 0 0 0 0 0 0 0 0 0 0 0 
904 9 0 0 0 0 0 0 0 0 0 0 0 
905 9 0 0 0 0 0 0 0 0 0 0 0 
906 9 0 0 0 0 0 0 0 0 0 0 0 
907 9 0 0 0 0 0 0 0 0 0 0 0 
908 9 0 0 0 0 0 0 0 0 0 0 0 
909 9 0 0 0 0 0 0 0 0 0 0 0 
910 9 0 0 0 0 0 0 0 0 0 0 0 
911 9 0 0 0 0 0 0 0 0 0 0 0 
912 9 0 0 0 0 0 0 0 0 0 0 0 
913 9 0 0 0 0 0 0 0 0 0 0 0 
914 9 0 0 0 0 0 0 0 0 0 0 0 
915 9 0 0 0 0 0 0 0 0 0 0 0 
916 9 0 0 0 0 0 0 0 0 0 0 0 
917 9 0 0 0 0 0 0 0 0 0 0 0 
918 9 0 0 0 0 0 0 0 0 0 0 0 
919 9 0 0 0 0 0 0 0 0 0 0 0 
920 9 0 0 0 0 0 0 0 0 0 0 0 
921 9 0 0 0 0 0 0 0 0 0 0 0 
922 9 0 0 0 0 0 0 0 0 0 0 0 
923 9 0 0 0 0 0 0 0 0 0 0 0 
924 9 0 0 0 0 0 0 0 0 0 0 0 
925 9 0 0 0 0 0 0 0 0 0 0 0 
926 9 0 0 0 0 0 0 0 0 0 0 0 
927 9 0 0 0 0 0 0 0 0 0 0 0 
928 9 0 0 0 0 0 0 0 0 0 0 0 
929 9 0 0 0 0 0 0 0 0 0 0 0 
930 9 0 0 0 0 0 0 0 0 0 0 0 
931 9 0 0 0 0 0 0 0 0 0 0 0 
932 9 0 0 0 0 0 0 0 0 0 0 0 
933 9 0 0 0 0 0 0 0 0 0 0 0 
934 9 0 0 0 0 0 0 0 0 0 0 0 
935 9 0 0 0 0 0 0 0 0 0 0 0 
936 9 0 0 0 0 0 0 0 0 0 0 0 
937 9 0 0 0 0 0 0 0 0 0 0 0 
938 9 0 0 0 0 0 0 0 0 0 0 0 
939 9 0 0 0 0 0 0 0 0 0 0 0 
940 9 0 0 0 0 0 0 0 0 0 0 0 
941 9 0 0 0 0 0 0 0 0 0 0 0 
942 9 0 0 0 0 0 0 0 0 0 0 0 
943 9 0 0 0 0 0 0 0 0 0 0 0 
944 9 0 0 0 0 0 0 0 0 0 0 0 
945 9 0 0 0 0 0 0 0 0 0 0 0 
946 9 0 0 0 0 0 0 0 0 0 0 0 
947 9 0 0 0 0 0 0 0 0 0 0 0 
948 9 0 0 0 0 0 0 0 0 0 0 0 
949 9 0 0 0 0 0 0 0 0 0 0 0 
950 9 0 0 0 0 0 0 0 0 0 0 0 
951 9 0 0 0 0 0 0 0 0 0 0 0 
952 9 0 0 0 0 0 0 0 0 0 0 0 
953 9 0 0 0 0 0 0 0 0 0 0 0 
954 9 0 0 0 0 0 0 0 0 0 0 0 
955 9 0 0 0 0 0 0 0 0 0 0 0 
956 9 0 0 0 0 0 0 0 0 0 0 0 
957 9 0 0 0 0 0 0 0 0 0 0 0 
958 9 0 0 0 0 0 0 0 0 0 0 0 
959 9 0 0 0 0 0 0 0 0 0 0 0 
960 9 0 0 0 0 0 0 0 0 0 0 0 
961 9 0 0 0 0 0 0 0 0 0 0 0 
962 9 0 0 0 0 0 0 0 0 0 0 0 
963 9 0 0 0 0 0 0 0 0 0 0 0 
964 9 0 0 0 0 0 0 0 0 0 0 0 
965 9 0 0 0 0 0 0 0 0 0 0 0 
966 9 0 0 0 0 0 0 0 0 0 0 0 
967 9 0 0 0 0 0 0 0 0 0 0 0 
968 9 0 0 0 0 0 0 0 0 0 0 0 
969 9 0 0 0 0 0 0 0 0 0 0 0 
970 9 0 0 0 0 0 0 0 0 0 0 0 
971 9 0 0 0 0 0 0 0 0 0 0 0 
972 9 0 0 0 0 0 0 0 0 0 0 0 
973 9 0 0 0 0 0 0 0 0 0 0 0 
974 9 0 0 0 0 0 0 0 0 0 0 0 
975 9 0 0 0 0 0 0 0 0 0 0 0 
976 9 0 0 0 0 0 0 0 0 0 0 0 
977 9 0 0 0 0 0 0 0 0 0 0 0 
978 9 0 0 0 0 0 0 0 0 0 0 0 
979 9 0 0 0 0 0 0 0 0 0 0 0 
980 9 0 0 0 0 0 0 0 0 0 0 0 
981 9 105 0 0 0 0 0 0 0 0 0 0 
982 9 -1 63 42 0 0 15 34 0 0 11 -7 
983 9 0 0 0 0 0 0 0 0 0 0 0 
984 9 0 0 0 0 0 0 0 0 0 0 0 
985 9 0 0 0 0 0 0 0 0 0 0 0 
986 9 0 0 0 0 0 0 0 0 0 0 0 
987 9 0 0 0 0 0 0 0 0 0 0 0 
988 9 0 0 0 0 0 0 0 0 0 0 0 
989 9 0 0 0 0 0 0 0 0 0 0 0 
990 9 0 0 0 0 0 0 0 0 0 0 0 
991 9 0 0 0 0 0 0 0 0 0 0 0 
992 9 0 0 0 0 0 0 0 0 0 0 0 
993 9 0 0 0 0 0 0 0 0 0 0 0 
994 9 0 0 0 0 0 0 0 0 0 0 0 
995 9 0 0 0 0 0 0 0 0 0 0 0 
996 9 0 0 0 0 0 0 0 0 0 0 0 
997 9 0 0 0 0 0 0 0 0 0 0 0 
998 9 0 0 0 0 0 0 0 0 0 0 0 
999 9 0 0 0 0 0 0 0 0 0 0 0 
1000 9 0 0 0 0 0 0 0 0 0 0 0 
1001 9 0 0 0 0 0 0 0 0 0 0 0 
1002 9 0 0 0 0 0 0 0 0 0 0 0 
1003 9 0 0 0 0 0 0 0 0 0 0 0 
1004 9 0 0 0 0 0 0 0 0 0 0 0 
1005 9 0 0 0 0 0 0 0 0 0 0 0 
1006 9 0 0 0 0 0 0 0 0 0 0 0 
1007 9 0 0 0 0 0 0 0 0 0 0 0 
1008 9 0 0 0 0 0 0 0 0 0 0 0 
1009 9 0 0 0 0 0 0 0 0 0 0 0 
1010 9 0 0 0 0 0 0 0 0 0 0 0 
1011 9 0 0 0 0 0 0 0 0 0 0 0 
1012 9 0 0 0 0 0 0 0 0 0 0 0 
1013 9 -1 11 38 0 0 59 18 0 0 11 145 
1014 9 -1 45 14 0 0 7 7 0 0 16 -108 
1015 9 0 0 0 0 0 0 0 0 0 0 0 
1016 9 0 0 0 0 0 0 0 0 0 0 0 
1017 9 0 0 0 0 0 0 0 0 0 0 0 
1018 9 0 0 0 0 0 0 0 0 0 0 0 
1019 9 0 0 0 0 0 0 0 0 0 0 0 
1020 9 0 0 0 0 0 0 0 0 0 0 0 
1021 9 0 0 0 0 0 0 0 0 0 0 0 
1022 9 0 0 0 0 0 0 0 0 0 0 0 
1023 10 0 0 0 0 0 0 0 0 0 0 0 
1024 10 0 0 0 0 0 0 0 0 0 0 0 
1025 10 0 0 0 0 0 0 0 0 0 0 0 
1026 10 0 0 0 0 0 0 0 0 0 0 0 
1027 10 0 0 0 0 0 0 0 0 0 0 0 
1028 10 0 0 0 0 0 0 0 0 0 0 0 
1029 10 0 0 0 0 0 0 0 0 0 0 0 
1030 10 0 0 0 0 0 0 0 0 0 0 0 
1031 10 0 0 0 0 0 0 0 0 0 0 0 
1032 10 0 0 0 0 0 0 0 0 0 0 0 
1033 10 0 0 0 0 0 0 0 0 0 0 0 
1034 10 0 0 0 0 0 0 0 0 0 0 0 
1035 10 0 0 0 0 0 0 0 0 0 0 0 
1036 10 0 0 0 0 0 0 0 0 0 0 0 
1037 10 0 0 0 0 0 0 0 0 0 0 0 
1038 10 0 0 0 0 0 0 0 0 0 0 0 
1039 10 0 0 0 0 0 0 0 0 0 0 0 
1040 10 0 0 0 0 0 0 0 0 0 0 0 
1041 10 0 0 0 0 0 0 0 0 0 0 0 
1042 10 0 0 0 0 0 0 0 0 0 0 0 
1043 10 0 0 0 0 0 0 0 0 0 0 0 
1044 10 0 0 0 0 0 0 0 0 0 0 0 
1045 10 0 0 0 0 0 0 0 0 0 0 0 
1046 10 0 0 0 0 0 0 0 0 0 0 0 
1047 10 0 0 0 0 0 0 0 0 0 0 0 
1048 10 0 0 0 0 0 0 0 0 0 0 0 
1049 10 0 0 0 0 0 0 0 0 0 0 0 
1050 10 0 0 0 0 0 0 0 0 0 0 0 
1051 10 0 0 0 0 0 0 0 0 0 0 0 
1052 10 0 0 0 0 0 0 0 0 0 0 0 
1053 10 0 0 0 0 0 0 0 0 0 0 0 
1054 10 0 0 0 0 0 0 0 0 0 0 0 
1055 10 0 0 0 0 0 0 0 0 0 0 0 
1056 10 0 0 0 0 0 0 0 0 0 0 0 
1057 10 0 0 0 0 0 0 0 0 0 0 0 
1058 10 0 0 0 0 0 0 0 0 0 0 0 
1059 10 0 0 0 0 0 0 0 0 0 0 0 
1060 10 0 0 0 0 0 0 0 0 0 0 0 
1061 10 0 0 0 0 0 0 0 0 0 0 0 
1062 10 0 0 0 0 0 0 0 0 0 0 0 
1063 10 0 0 0 0 0 0 0 0 0 0 0 
1064 10 0 0 0 0 0 0 0 0 0 0 0 
1065 10 0 0 0 0 0 0 0 0 0 0 0 
1066 10 0 0 0 0 0 0 0 0 0 0 0 
1067 10 0 0 0 0 0 0 0 0 0 0 0 
1068 10 0 0 0 0 0 0 0 0 0 0 0 
1069 10 0 0 0 0 0 0 0 0 0 0 0 
1070 10 0 0 0 0 0 0 0 0 0 0 0 
1071 10 0 0 0 0 0 0 0 0 0 0 0 
1072 10 0 0 0 0 0 0 0 0 0 0 0 
1073 10 0 0 0 0 0 0 0 0 0 0 0 
1074 10 0 0 0 0 0 0 0 0 0 0 0 
1075 10 0 0 0 0 0 0 0 0 0 0 0 
1076 10 0 0 0 0 0 0 0 0 0 0 0 
1077 10 0 0 0 0 0 0 0 0 0 0 0 
1078 10 0 0 0 0 0 0 0 0 0 0 0 
1079 10 0 0 0 0 0 0 0 0 0 0 0 
1080 10 0 0 0 0 0 0 0 0 0 0 0 
1081 10 0 0 0 0 0 0 0 0 0 0 0 
1082 10 0 0 0 0 0 0 0 0 0 0 0 
1083 10 0 0 0 0 0 0 0 0 0 0 0 
1084 10 0 0 0 0 0 0 0 0 0 0 0 
1085 10 0 0 0 0 0 0 0 0 0 0 0 
1086 10 0 0 0 0 0 0 0 0 0 0 0 
1087 10 0 0 0 0 0 0 0 0 0 0 0 
1088 10 0 0 0 0 0 0 0 0 0 0 0 
1089 10 0 0 0 0 0 0 0 0 0 0 0 
1090 10 0 0 0 0 0 0 0 0 0 0 0 
1091 10 0 0 0 0 0 0 0 0 0 0 0 
1092 10 0 0 0 0 0 0 0 0 0 0 0 
1093 10 0 0 0 0 0 0 0 0 0 0 0 
1094 10 0 0 0 0 0 0 0 0 0 0 0 
1095 10 0 0 0 0 0 0 0 0 0 0 0 
1096 10 0 0 0 0 0 0 0 0 0 0 0 
1097 10 0 0 0 0 0 0 0 0 0 0 0 
1098 10 0 0 0 0 0 0 0 0 0 0 0 
1099 10 0 0 0 0 0 0 0 0 0 0 0 
1100 10 0 0 0 0 0 0 0 0 0 0 0 
1101 10 0 0 0 0 0 0 0 0 0 0 0 
1102 10 0 0 0 0 0 0 0 0 0 0 0 
1103 10 0 0 0 0 0 0 0 0 0 0 0 
1104 10 0 0 0 0 0 0 0 0 0 0 0 
1105 10 0 0 0 0 0 0 0 0 0 0 0 
1106 10 0 0 0 0 0 0 0 0 0 0 0 
1107 10 0 0 0 0 0 0 0 0 0 0 0 
1108 10 0 0 0 0 0 0 0 0 0 0 0 
1109 10 0 0 0 0 0 0 0 0 0 0 0 
1110 10 0 0 0 0 0 0 0 0 0 0 0 
1111 10 0 0 0 0 0 0 0 0 0 0 0 
1112 10 0 0 0 0 0 0 0 0 0 0 0 
1113 10 0 0 0 0 0 0 0 0 0 0 0 
1114 10 0 0 0 0 0 0 0 0 0 0 0 
1115 10 0 0 0 0 0 0 0 0 0 0 0 
1116 10 0 0 0 0 0 0 0 0 0 0 0 
1117 10 0 0 0 0 0 0 0 0 0 0 0 
1118 10 0 0 0 0 0 0 0 0 0 0 0 
1119 10 0 0 0 0 0 0 0 0 0 0 0 
1120 10 0 0 0 0 0 0 0 0 0 0 0 
1121 10 0 0 0 0 0 0 0 0 0 0 0 
1122 10 0 0 0 0 0 0 0 0 0 0 0 
1123 10 0 0 0 0 0 0 0 0 0 0 0 
1124 10 0 0 0 0 0 0 0 0 0 0 0 
1125 10 0 0 0 0 0 0 0 0 0 0 0 
1126 10 0 0 0 0 0 0 0 0 0 0 0 
1127 10 0 0 0 0 0 0 0 0 0 0 0 
1128 10 0 0 0 0 0 0 0 0 0 0 0 
1129 10 0 0 0 0 0 0 0 0 0 0 0 
1130 10 0 0 0 0 0 0 0 0 0 0 0 
1131 10 0 0 0 0 0 0 0 0 0 0 0 
1132 10 0 0 0 0 0 0 0 0 0 0 0 
1133 10 0 0 0 0 0 0 0 0 0 0 0 
1134 10 0 0 0 0 0 0 0 0 0 0 0 
1135 10 0 0 0 0 0 0 0 0 0 0 0 
1136 10 0 0 0 0 0 0 0 0 0 0 0 
1137 10 0 0 0 0 0 0 0 0 0 0 0 
1138 10 0 0 0 0 0 0 0 0 0 0 0 
1139 10 0 0 0 0 0 0 0 0 0 0 0 
1140 10 0 0 0 0 0 0 0 0 0 0 0 
1141 10 0 0 0 0 0 0 0 0 0 0 0 
1142 10 0 0 0 0 0 0 0 0 0 0 0 
1143 10 0 0 0 0 0 0 0 0 0 0 0 
1144 10 0 0 0 0 0 0 0 0 0 0 0 
1145 10 0 0 0 0 0 0 0 0 0 0 0 
1146 10 0 0 0 0 0 0 0 0 0 0 0 
1147 10 0 0 0 0 0 0 0 0 0 0 0 
1148 10 0 0 0 0 0 0 0 0 0 0 0 
1149 10 0 0 0 0 0 0 0 0 0 0 0 
1150 10 0 0 0 0 0 0 0 0 0 0 0 
1151 10 0 0 0 0 0 0 0 0 0 0 0 
1152 10 0 0 0 0 0 0 0 0 0 0 0 
1153 10 0 0 0 0 0 0 0 0 0 0 0 
1154 10 0 0 0 0 0 0 0 0 0 0 0 
1155 10 0 0 0 0 0 0 0 0 0 0 0 
1156 10 0 0 0 0 0 0 0 0 0 0 0 
1157 10 0 0 0 0 0 0 0 0 0 0 0 
1158 10 0 0 0 0 0 0 0 0 0 0 0 
1159 10 0 0 0 0 0 0 0 0 0 0 0 
1160 10 0 0 0 0 0 0 0 0 0 0 0 
1161 10 0 0 0 0 0 0 0 0 0 0 0 
1162 10 0 0 0 0 0 0 0 0 0 0 0 
1163 10 0 0 0 0 0 0 0 0 0 0 0 
1164 10 0 0 0 0 0 0 0 0 0 0 0 
1165 10 0 0 0 0 0 0 0 0 0 0 0 
1166 10 0 0 0 0 0 0 0 0 0 0 0 
1167 10 0 0 0 0 0 0 0 0 0 0 0 
1168 10 0 0 0 0 0 0 0 0 0 0 0 
1169 10 0 0 0 0 0 0 0 0 0 0 0 
1170 10 0 0 0 0 0 0 0 0 0 0 0 
1171 10 0 0 0 0 0 0 0 0 0 0 0 
1172 10 0 0 0 0 0 0 0 0 0 0 0 
1173 10 0 0 0 0 0 0 0 0 0 0 0 
1174 10 0 0 0 0 0 0 0 0 0 0 0 
1175 10 0 0 0 0 0 0 0 0 0 0 0 
1176 10 0 0 0 0 0 0 0 0 0 0 0 
1177 10 0 0 0 0 0 0 0 0 0 0 0 
1178 10 0 0 0 0 0 0 0 0 0 0 0 
1179 10 0 0 0 0 0 0 0 0 0 0 0 
1180 10 0 0 0 0 0 0 0 0 0 0 0 
1181 10 0 0 0 0 0 0 0 0 0 0 0 
1182 10 0 0 0 0 0 0 0 0 0 0 0 
1183 10 0 0 0 0 0 0 0 0 0 0 0 
1184 10 0 0 0 0 0 0 0 0 0 0 0 
1185 10 0 0 0 0 0 0 0 0 0 0 0 
1186 10 0 0 0 0 0 0 0 0 0 0 0 
1187 10 0 0 0 0 0 0 0 0 0 0 0 
1188 10 0 0 0 0 0 0 0 0 0 0 0 
1189 10 0 0 0 0 0 0 0 0 0 0 0 
1190 10 0 0 0 0 0 0 0 0 0 0 0 
1191 10 0 0 0 0 0 0 0 0 0 0 0 
1192 10 0 0 0 0 0 0 0 0 0 0 0 
1193 10 0 0 0 0 0 0 0 0 0 0 0 
1194 10 0 0 0 0 0 0 0 0 0 0 0 
1195 10 0 0 0 0 0 0 0 0 0 0 0 
1196 10 0 0 0 0 0 0 0 0 0 0 0 
1197 10 0 0 0 0 0 0 0 0 0 0 0 
1198 10 0 0 0 0 0 0 0 0 0 0 0 
1199 10 0 0 0 0 0 0 0 0 0 0 0 
1200 10 0 0 0 0 0 0 0 0 0 0 0 
1201 10 0 0 0 0 0 0 0 0 0 0 0 
1202 10 0 0 0 0 0 0 0 0 0 0 0 
1203 10 0 0 0 0 0 0 0 0 0 0 0 
1204 10 0 0 0 0 0 0 0 0 0 0 0 
1205 10 0 0 0 0 0 0 0 0 0 0 0 
1206 10 0 0 0 0 0 0 0 0 0 0 0 
1207 10 0 0 0 0 0 0 0 0 0 0 0 
1208 10 0 0 0 0 0 0 0 0 0 0 0 
1209 10 0 0 0 0 0 0 0 0 0 0 0 
1210 10 0 0 0 0 0 0 0 0 0 0 0 
1211 10 0 0 0 0 0 0 0 0 0 0 0 
1212 10 0 0 0 0 0 0 0 0 0 0 0 
1213 10 0 0 0 0 0 0 0 0 0 0 0 
1214 10 0 0 0 0 0 0 0 0 0 0 0 
1215 10 0 0 0 0 0 0 0 0 0 0 0 
1216 10 0 0 0 0 0 0 0 0 0 0 0 
1217 10 0 0 0 0 0 0 0 0 0 0 0 
1218 10 0 0 0 0 0 0 0 0 0 0 0 
1219 10 0 0 0 0 0 0 0 0 0 0 0 
1220 10 0 0 0 0 0 0 0 0 0 0 0 
1221 10 0 0 0 0 0 0 0 0 0 0 0 
1222 10 0 0 0 0 0 0 0 0 0 0 0 
1223 10 0 0 0 0 0 0 0 0 0 0 0 
1224 10 0 0 0 0 0 0 0 0 0 0 0 
1225 10 0 0 0 0 0 0 0 0 0 0 0 
1226 10 0 0 0 0 0 0 0 0 0 0 0 
1227 10 0 0 0 0 0 0 0 0 0 0 0 
1228 10 0 0 0 0 0 0 0 0 0 0 0 
1229 10 0 0 0 0 0 0 0 0 0 0 0 
1230 10 0 0 0 0 0 0 0 0 0 0 0 
1231 10 0 0 0 0 0 0 0 0 0 0 0 
1232 10 0 0 0 0 0 0 0 0 0 0 0 
1233 10 0 0 0 0 0 0 0 0 0 0 0 
1234 10 0 0 0 0 0 0 0 0 0 0 0 
1235 10 0 0 0 0 0 0 0 0 0 0 0 
1236 10 0 0 0 0 0 0 0 0 0 0 0 
1237 10 0 0 0 0 0 0 0 0 0 0 0 
1238 10 0 0 0 0 0 0 0 0 0 0 0 
1239 10 0 0 0 0 0 0 0 0 0 0 0 
1240 10 0 0 0 0 0 0 0 0 0 0 0 
1241 10 0 0 0 0 0 0 0 0 0 0 0 
1242 10 0 0 0 0 0 0 0 0 0 0 0 
1243 10 0 0 0 0 0 0 0 0 0 0 0 
1244 10 0 0 0 0 0 0 0 0 0 0 0 
1245 10 0 0 0 0 0 0 0 0 0 0 0 
1246 10 0 0 0 0 0 0 0 0 0 0 0 
1247 10 0 0 0 0 0 0 0 0 0 0 0 
1248 10 0 0 0 0 0 0 0 0 0 0 0 
1249 10 0 0 0 0 0 0 0 0 0 0 0 
1250 10 0 0 0 0 0 0 0 0 0 0 0 
1251 10 0 0 0 0 0 0 0 0 0 0 0 
1252 10 0 0 0 0 0 0 0 0 0 0 0 
1253 10 0 0 0 0 0 0 0 0 0 0 0 
1254 10 0 0 0 0 0 0 0 0 0 0 0 
1255 10 0 0 0 0 0 0 0 0 0 0 0 
1256 10 0 0 0 0 0 0 0 0 0 0 0 
1257 10 0 0 0 0 0 0 0 0 0 0 0 
1258 10 0 0 0 0 0 0 0 0 0 0 0 
1259 10 0 0 0 0 0 0 0 0 0 0 0 
1260 10 0 0 0 0 0 0 0 0 0 0 0 
1261 10 0 0 0 0 0 0 0 0 0 0 0 
1262 10 0 0 0 0 0 0 0 0 0 0 0 
1263 10 0 0 0 0 0 0 0 0 0 0 0 
1264 10 0 0 0 0 0 0 0 0 0 0 0 
1265 10 0 0 0 0 0 0 0 0 0 0 0 
1266 10 0 0 0 0 0 0 0 0 0 0 0 
1267 10 0 0 0 0 0 0 0 0 0 0 0 
1268 10 0 0 0 0 0 0 0 0 0 0 0 
1269 10 0 0 0 0 0 0 0 0 0 0 0 
1270 10 0 0 0 0 0 0 0 0 0 0 0 
1271 10 0 0 0 0 0 0 0 0 0 0 0 
1272 10 0 0 0 0 0 0 0 0 0 0 0 
1273 10 0 0 0 0 0 0 0 0 0 0 0 
1274 10 0 0 0 0 0 0 0 0 0 0 0 
1275 10 0 0 0 0 0 0 0 0 0 0 0 
1276 10 0 0 0 0 0 0 0 0 0 0 0 
1277 10 0 0 0 0 0 0 0 0 0 0 0 
1278 10 0 0 0 0 0 0 0 0 0 0 0 
1279 10 0 0 0 0 0 0 0 0 0 0 0 
1280 10 0 0 0 0 0 0 0 0 0 0 0 
1281 10 0 0 0 0 0 0 0 0 0 0 0 
1282 10 0 0 0 0 0 0 0 0 0 0 0 
1283 10 0 0 0 0 0 0 0 0 0 0 0 
1284 10 0 0 0 0 0 0 0 0 0 0 0 
1285 10 0 0 0 0 0 0 0 0 0 0 0 
1286 10 0 0 0 0 0 0 0 0 0 0 0 
1287 10 0 0 0 0 0 0 0 0 0 0 0 
1288 10 0 0 0 0 0 0 0 0 0 0 0 
1289 10 0 0 0 0 0 0 0 0 0 0 0 
1290 10 0 0 0 0 0 0 0 0 0 0 0 
1291 10 0 0 0 0 0 0 0 0 0 0 0 
1292 10 0 0 0 0 0 0 0 0 0 0 0 
1293 10 0 0 0 0 0 0 0 0 0 0 0 
1294 10 0 0 0 0 0 0 0 0 0 0 0 
1295 10 0 0 0 0 0 0 0 0 0 0 0 
1296 10 0 0 0 0 0 0 0 0 0 0 0 
1297 10 0 0 0 0 0 0 0 0 0 0 0 
1298 10 0 0 0 0 0 0 0 0 0 0 0 
1299 10 0 0 0 0 0 0 0 0 0 0 0 
1300 10 0 0 0 0 0 0 0 0 0 0 0 
1301 10 0 0 0 0 0 0 0 0 0 0 0 
1302 10 0 0 0 0 0 0 0 0 0 0 0 
1303 10 0 0 0 0 0 0 0 0 0 0 0 
1304 10 0 0 0 0 0 0 0 0 0 0 0 
1305 10 0 0 0 0 0 0 0 0 0 0 0 
1306 10 0 0 0 0 0 0 0 0 0 0 0 
1307 10 0 0 0 0 0 0 0 0 0 0 0 
1308 10 0 0 0 0 0 0 0 0 0 0 0 
1309 10 0 0 0 0 0 0 0 0 0 0 0 
1310 10 0 0 0 0 0 0 0 0 0 0 0 
1311 10 0 0 0 0 0 0 0 0 0 0 0 
1312 10 0 0 0 0 0 0 0 0 0 0 0 
1313 10 0 0 0 0 0 0 0 0 0 0 0 
1314 10 0 0 0 0 0 0 0 0 0 0 0 
1315 10 0 0 0 0 0 0 0 0 0 0 0 
1316 10 0 0 0 0 0 0 0 0 0 0 0 
1317 10 0 0 0 0 0 0 0 0 0 0 0 
1318 10 0 0 0 0 0 0 0 0 0 0 0 
1319 10 0 0 0 0 0 0 0 0 0 0 0 
1320 10 0 0 0 0 0 0 0 0 0 0 0 
1321 10 0 0 0 0 0 0 0 0 0 0 0 
1322 10 0 0 0 0 0 0 0 0 0 0 0 
1323 10 0 0 0 0 0 0 0 0 0 0 0 
1324 10 0 0 0 0 0 0 0 0 0 0 0 
1325 10 0 0 0 0 0 0 0 0 0 0 0 
1326 10 0 0 0 0 0 0 0 0 0 0 0 
1327 10 0 0 0 0 0 0 0 0 0 0 0 
1328 10 0 0 0 0 0 0 0 0 0 0 0 
1329 10 0 0 0 0 0 0 0 0 0 0 0 
1330 10 0 0 0 0 0 0 0 0 0 0 0 
1331 10 0 0 0 0 0 0 0 0 0 0 0 
1332 10 0 0 0 0 0 0 0 0 0 0 0 
1333 10 0 0 0 0 0 0 0 0 0 0 0 
1334 10 0 0 0 0 0 0 0 0 0 0 0 
1335 10 0 0 0 0 0 0 0 0 0 0 0 
1336 10 0 0 0 0 0 0 0 0 0 0 0 
1337 10 0 0 0 0 0 0 0 0 0 0 0 
1338 10 0 0 0 0 0 0 0 0 0 0 0 
1339 10 0 0 0 0 0 0 0 0 0 0 0 
1340 10 0 0 0 0 0 0 0 0 0 0 0 
1341 10 0 0 0 0 0 0 0 0 0 0 0 
1342 10 0 0 0 0 0 0 0 0 0 0 0 
1343 10 0 0 0 0 0 0 0 0 0 0 0 
1344 10 0 0 0 0 0 0 0 0 0 0 0 
1345 10 0 0 0 0 0 0 0 0 0 0 0 
1346 10 0 0 0 0 0 0 0 0 0 0 0 
1347 10 0 0 0 0 0 0 0 0 0 0 0 
1348 10 0 0 0 0 0 0 0 0 0 0 0 
1349 10 0 0 0 0 0 0 0 0 0 0 0 
1350 10 0 0 0 0 0 0 0 0 0 0 0 
1351 10 0 0 0 0 0 0 0 0 0 0 0 
1352 10 0 0 0 0 0 0 0 0 0 0 0 
1353 10 0 0 0 0 0 0 0 0 0 0 0 
1354 10 0 0 0 0 0 0 0 0 0 0 0 
1355 10 0 0 0 0 0 0 0 0 0 0 0 
1356 10 0 0 0 0 0 0 0 0 0 0 0 
1357 10 0 0 0 0 0 0 0 0 0 0 0 
1358 10 0 0 0 0 0 0 0 0 0 0 0 
1359 10 0 0 0 0 0 0 0 0 0 0 0 
1360 10 0 0 0 0 0 0 0 0 0 0 0 
1361 10 0 0 0 0 0 0 0 0 0 0 0 
1362 10 0 0 0 0 0 0 0 0 0 0 0 
1363 10 0 0 0 0 0 0 0 0 0 0 0 
1364 10 0 0 0 0 0 0 0 0 0 0 0 
1365 10 0 0 0 0 0 0 0 0 0 0 0 
1366 10 0 0 0 0 0 0 0 0 0 0 0 
1367 10 0 0 0 0 0 0 0 0 0 0 0 
1368 10 0 0 0 0 0 0 0 0 0 0 0 
1369 10 0 0 0 0 0 0 0 0 0 0 0 
1370 10 0 0 0 0 0 0 0 0 0 0 0 
1371 10 0 0 0 0 0 0 0 0 0 0 0 
1372 10 0 0 0 0 0 0 0 0 0 0 0 
1373 10 0 0 0 0 0 0 0 0 0 0 0 
1374 10 0 0 0 0 0 0 0 0 0 0 0 
1375 10 0 0 0 0 0 0 0 0 0 0 0 
1376 10 0 0 0 0 0 0 0 0 0 0 0 
1377 10 0 0 0 0 0 0 0 0 0 0 0 
1378 10 0 0 0 0 0 0 0 0 0 0 0 
1379 10 0 0 0 0 0 0 0 0 0 0 0 
1380 10 0 0 0 0 0 0 0 0 0 0 0 
1381 10 0 0 0 0 0 0 0 0 0 0 0 
1382 10 0 0 0 0 0 0 0 0 0 0 0 
1383 10 0 0 0 0 0 0 0 0 0 0 0 
1384 10 0 0 0 0 0 0 0 0 0 0 0 
1385 10 0 0 0 0 0 0 0 0 0 0 0 
1386 10 0 0 0 0 0 0 0 0 0 0 0 
1387 10 0 0 0 0 0 0 0 0 0 0 0 
1388 10 0 0 0 0 0 0 0 0 0 0 0 
1389 10 0 0 0 0 0 0 0 0 0 0 0 
1390 10 0 0 0 0 0 0 0 0 0 0 0 
1391 10 0 0 0 0 0 0 0 0 0 0 0 
1392 10 0 0 0 0 0 0 0 0 0 0 0 
1393 10 0 0 0 0 0 0 0 0 0 0 0 
1394 10 0 0 0 0 0 0 0 0 0 0 0 
1395 10 0 0 0 0 0 0 0 0 0 0 0 
1396 10 0 0 0 0 0 0 0 0 0 0 0 
1397 10 0 0 0 0 0 0 0 0 0 0 0 
1398 10 0 0 0 0 0 0 0 0 0 0 0 
1399 10 0 0 0 0 0 0 0 0 0 0 0 
1400 10 0 0 0 0 0 0 0 0 0 0 0 
1401 10 0 0 0 0 0 0 0 0 0 0 0 
1402 10 0 0 0 0 0 0 0 0 0 0 0 
1403 10 0 0 0 0 0 0 0 0 0 0 0 
1404 10 0 0 0 0 0 0 0 0 0 0 0 
1405 10 0 0 0 0 0 0 0 0 0 0 0 
1406 10 0 0 0 0 0 0 0 0 0 0 0 
1407 10 0 0 0 0 0 0 0 0 0 0 0 
1408 10 0 0 0 0 0 0 0 0 0 0 0 
1409 10 0 0 0 0 0 0 0 0 0 0 0 
1410 10 0 0 0 0 0 0 0 0 0 0 0 
1411 10 0 0 0 0 0 0 0 0 0 0 0 
1412 10 0 0 0 0 0 0 0 0 0 0 0 
1413 10 0 0 0 0 0 0 0 0 0 0 0 
1414 10 0 0 0 0 0 0 0 0 0 0 0 
1415 10 0 0 0 0 0 0 0 0 0 0 0 
1416 10 0 0 0 0 0 0 0 0 0 0 0 
1417 10 0 0 0 0 0 0 0 0 0 0 0 
1418 10 0 0 0 0 0 0 0 0 0 0 0 
1419 10 0 0 0 0 0 0 0 0 0 0 0 
1420 10 0 0 0 0 0 0 0 0 0 0 0 
1421 10 0 0 0 0 0 0 0 0 0 0 0 
1422 10 0 0 0 0 0 0 0 0 0 0 0 
1423 10 0 0 0 0 0 0 0 0 0 0 0 
1424 10 0 0 0 0 0 0 0 0 0 0 0 
1425 10 0 0 0 0 0 0 0 0 0 0 0 
1426 10 0 0 0 0 0 0 0 0 0 0 0 
1427 10 0 0 0 0 0 0 0 0 0 0 0 
1428 10 0 0 0 0 0 0 0 0 0 0 0 
1429 10 0 0 0 0 0 0 0 0 0 0 0 
1430 10 0 0 0 0 0 0 0 0 0 0 0 
1431 10 0 0 0 0 0 0 0 0 0 0 0 
1432 10 0 0 0 0 0 0 0 0 0 0 0 
1433 10 0 0 0 0 0 0 0 0 0 0 0 
1434 10 0 0 0 0 0 0 0 0 0 0 0 
1435 10 0 0 0 0 0 0 0 0 0 0 0 
1436 10 0 0 0 0 0 0 0 0 0 0 0 
1437 10 0 0 0 0 0 0 0 0 0 0 0 
1438 10 0 0 0 0 0 0 0 0 0 0 0 
1439 10 0 0 0 0 0 0 0 0 0 0 0 
1440 10 0 0 0 0 0 0 0 0 0 0 0 
1441 10 0 0 0 0 0 0 0 0 0 0 0 
1442 10 0 0 0 0 0 0 0 0 0 0 0 
1443 10 0 0 0 0 0 0 0 0 0 0 0 
1444 10 0 0 0 0 0 0 0 0 0 0 0 
1445 10 0 0 0 0 0 0 0 0 0 0 0 
1446 10 0 0 0 0 0 0 0 0 0 0 0 
1447 10 0 0 0 0 0 0 0 0 0 0 0 
1448 10 0 0 0 0 0 0 0 0 0 0 0 
1449 10 0 0 0 0 0 0 0 0 0 0 0 
1450 10 0 0 0 0 0 0 0 0 0 0 0 
1451 10 0 0 0 0 0 0 0 0 0 0 0 
1452 10 0 0 0 0 0 0 0 0 0 0 0 
1453 10 0 0 0 0 0 0 0 0 0 0 0 
1454 10 0 0 0 0 0 0 0 0 0 0 0 
1455 10 0 0 0 0 0 0 0 0 0 0 0 
1456 10 0 0 0 0 0 0 0 0 0 0 0 
1457 10 0 0 0 0 0 0 0 0 0 0 0 
1458 10 0 0 0 0 0 0 0 0 0 0 0 
1459 10 0 0 0 0 0 0 0 0 0 0 0 
1460 10 0 0 0 0 0 0 0 0 0 0 0 
1461 10 0 0 0 0 0 0 0 0 0 0 0 
1462 10 0 0 0 0 0 0 0 0 0 0 0 
1463 10 0 0 0 0 0 0 0 0 0 0 0 
1464 10 0 0 0 0 0 0 0 0 0 0 0 
1465 10 0 0 0 0 0 0 0 0 0 0 0 
1466 10 0 0 0 0 0 0 0 0 0 0 0 
1467 10 0 0 0 0 0 0 0 0 0 0 0 
1468 10 0 0 0 0 0 0 0 0 0 0 0 
1469 10 0 0 0 0 0 0 0 0 0 0 0 
1470 10 0 0 0 0 0 0 0 0 0 0 0 
1471 10 0 0 0 0 0 0 0 0 0 0 0 
1472 10 0 0 0 0 0 0 0 0 0 0 0 
1473 10 0 0 0 0 0 0 0 0 0 0 0 
1474 10 0 0 0 0 0 0 0 0 0 0 0 
1475 10 0 0 0 0 0 0 0 0 0 0 0 
1476 10 0 0 0 0 0 0 0 0 0 0 0 
1477 10 0 0 0 0 0 0 0 0 0 0 0 
1478 10 0 0 0 0 0 0 0 0 0 0 0 
1479 10 0 0 0 0 0 0 0 0 0 0 0 
1480 10 0 0 0 0 0 0 0 0 0 0 0 
1481 10 0 0 0 0 0 0 0 0 0 0 0 
1482 10 0 0 0 0 0 0 0 0 0 0 0 
1483 10 0 0 0 0 0 0 0 0 0 0 0 
1484 10 0 0 0 0 0 0 0 0 0 0 0 
1485 10 0 0 0 0 0 0 0 0 0 0 0 
1486 10 0 0 0 0 0 0 0 0 0 0 0 
1487 10 0 0 0 0 0 0 0 0 0 0 0 
1488 10 0 0 0 0 0 0 0 0 0 0 0 
1489 10 0 0 0 0 0 0 0 0 0 0 0 
1490 10 0 0 0 0 0 0 0 0 0 0 0 
1491 10 0 0 0 0 0 0 0 0 0 0 0 
1492 10 0 0 0 0 0 0 0 0 0 0 0 
1493 10 0 0 0 0 0 0 0 0 0 0 0 
1494 10 0 0 0 0 0 0 0 0 0 0 0 
1495 10 0 0 0 0 0 0 0 0 0 0 0 
1496 10 0 0 0 0 0 0 0 0 0 0 0 
1497 10 0 0 0 0 0 0 0 0 0 0 0 
1498 10 0 0 0 0 0 0 0 0 0 0 0 
1499 10 0 0 0 0 0 0 0 0 0 0 0 
1500 10 0 0 0 0 0 0 0 0 0 0 0 
1501 10 0 0 0 0 0 0 0 0 0 0 0 
1502 10 0 0 0 0 0 0 0 0 0 0 0 
1503 10 0 0 0 0 0 0 0 0 0 0 0 
1504 10 0 0 0 0 0 0 0 0 0 0 0 
1505 10 0 0 0 0 0 0 0 0 0 0 0 
1506 10 0 0 0 0 0 0 0 0 0 0 0 
1507 10 0 0 0 0 0 0 0 0 0 0 0 
1508 10 0 0 0 0 0 0 0 0 0 0 0 
1509 10 0 0 0 0 0 0 0 0 0 0 0 
1510 10 0 0 0 0 0 0 0 0 0 0 0 
1511 10 0 0 0 0 0 0 0 0 0 0 0 
1512 10 0 0 0 0 0 0 0 0 0 0 0 
1513 10 0 0 0 0 0 0 0 0 0 0 0 
1514 10 0 0 0 0 0 0 0 0 0 0 0 
1515 10 0 0 0 0 0 0 0 0 0 0 0 
1516 10 0 0 0 0 0 0 0 0 0 0 0 
1517 10 0 0 0 0 0 0 0 0 0 0 0 
1518 10 0 0 0 0 0 0 0 0 0 0 0 
1519 10 0 0 0 0 0 0 0 0 0 0 0 
1520 10 0 0 0 0 0 0 0 0 0 0 0 
1521 10 0 0 0 0 0 0 0 0 0 0 0 
1522 10 0 0 0 0 0 0 0 0 0 0 0 
1523 10 0 0 0 0 0 0 0 0 0 0 0 
1524 10 0 0 0 0 0 0 0 0 0 0 0 
1525 10 0 0 0 0 0 0 0 0 0 0 0 
1526 10 0 0 0 0 0 0 0 0 0 0 0 
1527 10 0 0 0 0 0 0 0 0 0 0 0 
1528 10 0 0 0 0 0 0 0 0 0 0 0 
1529 10 0 0 0 0 0 0 0 0 0 0 0 
1530 10 0 0 0 0 0 0 0 0 0 0 0 
1531 10 0 0 0 0 0 0 0 0 0 0 0 
1532 10 0 0 0 0 0 0 0 0 0 0 0 
1533 10 0 0 0 0 0 0 0 0 0 0 0 
1534 10 0 0 0 0 0 0 0 0 0 0 0 
1535 10 0 0 0 0 0 0 0 0 0 0 0 
1536 10 0 0 0 0 0 0 0 0 0 0 0 
1537 10 0 0 0 0 0 0 0 0 0 0 0 
1538 10 0 0 0 0 0 0 0 0 0 0 0 
1539 10 0 0 0 0 0 0 0 0 0 0 0 
1540 10 0 0 0 0 0 0 0 0 0 0 0 
1541 10 0 0 0 0 0 0 0 0 0 0 0 
1542 10 0 0 0 0 0 0 0 0 0 0 0 
1543 10 0 0 0 0 0 0 0 0 0 0 0 
1544 10 0 0 0 0 0 0 0 0 0 0 0 
1545 10 0 0 0 0 0 0 0 0 0 0 0 
1546 10 0 0 0 0 0 0 0 0 0 0 0 
1547 10 0 0 0 0 0 0 0 0 0 0 0 
1548 10 0 0 0 0 0 0 0 0 0 0 0 
1549 10 0 0 0 0 0 0 0 0 0 0 0 
1550 10 0 0 0 0 0 0 0 0 0 0 0 
1551 10 0 0 0 0 0 0 0 0 0 0 0 
1552 10 0 0 0 0 0 0 0 0 0 0 0 
1553 10 0 0 0 0 0 0 0 0 0 0 0 
1554 10 0 0 0 0 0 0 0 0 0 0 0 
1555 10 0 0 0 0 0 0 0 0 0 0 0 
1556 10 0 0 0 0 0 0 0 0 0 0 0 
1557 10 0 0 0 0 0 0 0 0 0 0 0 
1558 10 0 0 0 0 0 0 0 0 0 0 0 
1559 10 0 0 0 0 0 0 0 0 0 0 0 
1560 10 0 0 0 0 0 0 0 0 0 0 0 
1561 10 0 0 0 0 0 0 0 0 0 0 0 
1562 10 0 0 0 0 0 0 0 0 0 0 0 
1563 10 0 0 0 0 0 0 0 0 0 0 0 
1564 10 0 0 0 0 0 0 0 0 0 0 0 
1565 10 0 0 0 0 0 0 0 0 0 0 0 
1566 10 0 0 0 0 0 0 0 0 0 0 0 
1567 10 0 0 0 0 0 0 0 0 0 0 0 
1568 10 0 0 0 0 0 0 0 0 0 0 0 
1569 10 0 0 0 0 0 0 0 0 0 0 0 
1570 10 0 0 0 0 0 0 0 0 0 0 0 
1571 10 0 0 0 0 0 0 0 0 0 0 0 
1572 10 0 0 0 0 0 0 0 0 0 0 0 
1573 10 0 0 0 0 0 0 0 0 0 0 0 
1574 10 0 0 0 0 0 0 0 0 0 0 0 
1575 10 0 0 0 0 0 0 0 0 0 0 0 
1576 10 0 0 0 0 0 0 0 0 0 0 0 
1577 10 0 0 0 0 0 0 0 0 0 0 0 
1578 10 0 0 0 0 0 0 0 0 0 0 0 
1579 10 0 0 0 0 0 0 0 0 0 0 0 
1580 10 0 0 0 0 0 0 0 0 0 0 0 
1581 10 0 0 0 0 0 0 0 0 0 0 0 
1582 10 0 0 0 0 0 0 0 0 0 0 0 
1583 10 0 0 0 0 0 0 0 0 0 0 0 
1584 10 0 0 0 0 0 0 0 0 0 0 0 
1585 10 0 0 0 0 0 0 0 0 0 0 0 
1586 10 0 0 0 0 0 0 0 0 0 0 0 
1587 10 0 0 0 0 0 0 0 0 0 0 0 
1588 10 0 0 0 0 0 0 0 0 0 0 0 
1589 10 0 0 0 0 0 0 0 0 0 0 0 
1590 10 0 0 0 0 0 0 0 0 0 0 0 
1591 10 0 0 0 0 0 0 0 0 0 0 0 
1592 10 0 0 0 0 0 0 0 0 0 0 0 
1593 10 0 0 0 0 0 0 0 0 0 0 0 
1594 10 0 0 0 0 0 0 0 0 0 0 0 
1595 10 0 0 0 0 0 0 0 0 0 0 0 
1596 10 0 0 0 0 0 0 0 0 0 0 0 
1597 10 0 0 0 0 0 0 0 0 0 0 0 
1598 10 0 0 0 0 0 0 0 0 0 0 0 
1599 10 0 0 0 0 0 0 0 0 0 0 0 
1600 10 0 0 0 0 0 0 0 0 0 0 0 
1601 10 0 0 0 0 0 0 0 0 0 0 0 
1602 10 0 0 0 0 0 0 0 0 0 0 0 
1603 10 0 0 0 0 0 0 0 0 0 0 0 
1604 10 0 0 0 0 0 0 0 0 0 0 0 
1605 10 0 0 0 0 0 0 0 0 0 0 0 
1606 10 0 0 0 0 0 0 0 0 0 0 0 
1607 10 0 0 0 0 0 0 0 0 0 0 0 
1608 10 0 0 0 0 0 0 0 0 0 0 0 
1609 10 0 0 0 0 0 0 0 0 0 0 0 
1610 10 0 0 0 0 0 0 0 0 0 0 0 
1611 10 0 0 0 0 0 0 0 0 0 0 0 
1612 10 0 0 0 0 0 0 0 0 0 0 0 
1613 10 0 0 0 0 0 0 0 0 0 0 0 
1614 10 0 0 0 0 0 0 0 0 0 0 0 
1615 10 0 0 0 0 0 0 0 0 0 0 0 
1616 10 0 0 0 0 0 0 0 0 0 0 0 
1617 10 0 0 0 0 0 0 0 0 0 0 0 
1618 10 0 0 0 0 0 0 0 0 0 0 0 
1619 10 0 0 0 0 0 0 0 0 0 0 0 
1620 10 0 0 0 0 0 0 0 0 0 0 0 
1621 10 0 0 0 0 0 0 0 0 0 0 0 
1622 10 0 0 0 0 0 0 0 0 0 0 0 
1623 10 37 0 0 0 0 0 0 0 0 0 0 
1624 10 38 0 0 0 0 0 0 0 0 0 0 
1625 10 0 0 0 0 0 0 0 0 0 0 0 
1626 10 0 0 0 0 0 0 0 0 0 0 0 
1627 10 0 0 0 0 0 0 0 0 0 0 0 
1628 10 0 0 0 0 0 0 0 0 0 0 0 
1629 10 0 0 0 0 0 0 0 0 0 0 0 
1630 10 0 0 0 0 0 0 0 0 0 0 0 
1631 10 0 0 0 0 0 0 0 0 0 0 0 
1632 10 0 0 0 0 0 0 0 0 0 0 0 
1633 10 0 0 0 0 0 0 0 0 0 0 0 
1634 10 0 0 0 0 0 0 0 0 0 0 0 
1635 10 0 0 0 0 0 0 0 0 0 0 0 
1636 10 0 0 0 0 0 0 0 0 0 0 0 
1637 10 0 0 0 0 0 0 0 0 0 0 0 
1638 10 0 0 0 0 0 0 0 0 0 0 0 
1639 10 0 0 0 0 0 0 0 0 0 0 0 
1640 10 0 0 0 0 0 0 0 0 0 0 0 
1641 10 0 0 0 0 0 0 0 0 0 0 0 
1642 10 0 0 0 0 0 0 0 0 0 0 0 
1643 10 0 0 0 0 0 0 0 0 0 0 0 
1644 10 0 0 0 0 0 0 0 0 0 0 0 
1645 10 0 0 0 0 0 0 0 0 0 0 0 
1646 10 0 0 0 0 0 0 0 0 0 0 0 
1647 10 0 0 0 0 0 0 0 0 0 0 0 
1648 10 0 0 0 0 0 0 0 0 0 0 0 
1649 10 0 0 0 0 0 0 0 0 0 0 0 
1650 10 0 0 0 0 0 0 0 0 0 0 0 
1651 10 0 0 0 0 0 0 0 0 0 0 0 
1652 10 0 0 0 0 0 0 0 0 0 0 0 
1653 10 0 0 0 0 0 0 0 0 0 0 0 
1654 10 0 0 0 0 0 0 0 0 0 0 0 
1655 10 0 0 0 0 0 0 0 0 0 0 0 
1656 10 0 0 0 0 0 0 0 0 0 0 0 
1657 10 0 0 0 0 0 0 0 0 0 0 0 
1658 10 0 0 0 0 0 0 0 0 0 0 0 
1659 10 0 0 0 0 0 0 0 0 0 0 0 
1660 10 0 0 0 0 0 0 0 0 0 0 0 
1661 10 0 0 0 0 0 0 0 0 0 0 0 
1662 10 0 0 0 0 0 0 0 0 0 0 0 
1663 10 0 0 0 0 0 0 0 0 0 0 0 
1664 10 0 0 0 0 0 0 0 0 0 0 0 
1665 10 0 0 0 0 0 0 0 0 0 0 0 
1666 10 0 0 0 0 0 0 0 0 0 0 0 
1667 10 0 0 0 0 0 0 0 0 0 0 0 
1668 10 0 0 0 0 0 0 0 0 0 0 0 
1669 10 0 0 0 0 0 0 0 0 0 0 0 
1670 10 0 0 0 0 0 0 0 0 0 0 0 
1671 10 0 0 0 0 0 0 0 0 0 0 0 
1672 10 0 0 0 0 0 0 0 0 0 0 0 
1673 10 0 0 0 0 0 0 0 0 0 0 0 
1674 10 0 0 0 0 0 0 0 0 0 0 0 
1675 10 0 0 0 0 0 0 0 0 0 0 0 
1676 10 0 0 0 0 0 0 0 0 0 0 0 
1677 10 0 0 0 0 0 0 0 0 0 0 0 
1678 10 0 0 0 0 0 0 0 0 0 0 0 
1679 10 51 0 0 0 0 0 0 0 0 0 0 
1680 10 52 0 0 0 0 0 0 0 0 0 0 
1681 10 0 0 0 0 0 0 0 0 0 0 0 
1682 10 0 0 0 0 0 0 0 0 0 0 0 
1683 10 0 0 0 0 0 0 0 0 0 0 0 
1684 10 0 0 0 0 0 0 0 0 0 0 0 
1685 10 0 0 0 0 0 0 0 0 0 0 0 
1686 10 0 0 0 0 0 0 0 0 0 0 0 
1687 10 55 0 0 0 0 0 0 0 0 0 0 
1688 10 56 0 0 0 0 0 0 0 0 0 0 
1689 10 57 0 0 0 0 0 0 0 0 0 0 
1690 10 58 0 0 0 0 0 0 0 0 0 0 
1691 10 0 0 0 0 0 0 0 0 0 0 0 
1692 10 0 0 0 0 0 0 0 0 0 0 0 
1693 10 60 0 0 0 0 0 0 0 0 0 0 
1694 10 61 0 0 0 0 0 0 0 0 0 0 
1695 10 0 0 0 0 0 0 0 0 0 0 0 
1696 10 0 0 0 0 0 0 0 0 0 0 0 
1697 10 0 0 0 0 0 0 0 0 0 0 0 
1698 10 0 0 0 0 0 0 0 0 0 0 0 
1699 10 0 0 0 0 0 0 0 0 0 0 0 
1700 10 0 0 0 0 0 0 0 0 0 0 0 
1701 10 0 0 0 0 0 0 0 0 0 0 0 
1702 10 0 0 0 0 0 0 0 0 0 0 0 
1703 10 0 0 0 0 0 0 0 0 0 0 0 
1704 10 0 0 0 0 0 0 0 0 0 0 0 
1705 10 0 0 0 0 0 0 0 0 0 0 0 
1706 10 0 0 0 0 0 0 0 0 0 0 0 
1707 10 0 0 0 0 0 0 0 0 0 0 0 
1708 10 0 0 0 0 0 0 0 0 0 0 0 
1709 10 0 0 0 0 0 0 0 0 0 0 0 
1710 10 0 0 0 0 0 0 0 0 0 0 0 
1711 10 0 0 0 0 0 0 0 0 0 0 0 
1712 10 0 0 0 0 0 0 0 0 0 0 0 
1713 10 0 0 0 0 0 0 0 0 0 0 0 
1714 10 0 0 0 0 0 0 0 0 0 0 0 
1715 10 0 0 0 0 0 0 0 0 0 0 0 
1716 10 0 0 0 0 0 0 0 0 0 0 0 
1717 10 0 0 0 0 0 0 0 0 0 0 0 
1718 10 0 0 0 0 0 0 0 0 0 0 0 
1719 10 0 0 0 0 0 0 0 0 0 0 0 
1720 10 0 0 0 0 0 0 0 0 0 0 0 
1721 10 0 0 0 0 0 0 0 0 0 0 0 
1722 10 0 0 0 0 0 0 0 0 0 0 0 
1723 10 0 0 0 0 0 0 0 0 0 0 0 
1724 10 0 0 0 0 0 0 0 0 0 0 0 
1725 10 0 0 0 0 0 0 0 0 0 0 0 
1726 10 0 0 0 0 0 0 0 0 0 0 0 
1727 10 0 0 0 0 0 0 0 0 0 0 0 
1728 10 0 0 0 0 0 0 0 0 0 0 0 
1729 10 68 0 0 0 0 0 0 0 0 0 0 
1730 10 69 0 0 0 0 0 0 0 0 0 0 
1731 10 0 0 0 0 0 0 0 0 0 0 0 
1732 10 0 0 0 0 0 0 0 0 0 0 0 
1733 10 0 0 0 0 0 0 0 0 0 0 0 
1734 10 0 0 0 0 0 0 0 0 0 0 0 
1735 10 0 0 0 0 0 0 0 0 0 0 0 
1736 10 0 0 0 0 0 0 0 0 0 0 0 
1737 10 0 0 0 0 0 0 0 0 0 0 0 
1738 10 0 0 0 0 0 0 0 0 0 0 0 
1739 10 0 0 0 0 0 0 0 0 0 0 0 
1740 10 0 0 0 0 0 0 0 0 0 0 0 
1741 10 74 0 0 0 0 0 0 0 0 0 0 
1742 10 75 0 0 0 0 0 0 0 0 0 0 
1743 10 0 0 0 0 0 0 0 0 0 0 0 
1744 10 0 0 0 0 0 0 0 0 0 0 0 
1745 10 0 0 0 0 0 0 0 0 0 0 0 
1746 10 0 0 0 0 0 0 0 0 0 0 0 
1747 10 0 0 0 0 0 0 0 0 0 0 0 
1748 10 0 0 0 0 0 0 0 0 0 0 0 
1749 10 78 0 0 0 0 0 0 0 0 0 0 
1750 10 79 0 0 0 0 0 0 0 0 0 0 
1751 10 0 0 0 0 0 0 0 0 0 0 0 
1752 10 0 0 0 0 0 0 0 0 0 0 0 
1753 10 0 0 0 0 0 0 0 0 0 0 0 
1754 10 0 0 0 0 0 0 0 0 0 0 0 
1755 10 0 0 0 0 0 0 0 0 0 0 0 
1756 10 0 0 0 0 0 0 0 0 0 0 0 
1757 10 0 0 0 0 0 0 0 0 0 0 0 
1758 10 0 0 0 0 0 0 0 0 0 0 0 
1759 10 0 0 0 0 0 0 0 0 0 0 0 
1760 10 0 0 0 0 0 0 0 0 0 0 0 
1761 10 0 0 0 0 0 0 0 0 0 0 0 
1762 10 0 0 0 0 0 0 0 0 0 0 0 
1763 10 82 0 0 0 0 0 0 0 0 0 0 
1764 10 83 0 0 0 0 0 0 0 0 0 0 
1765 10 0 0 0 0 0 0 0 0 0 0 0 
1766 10 0 0 0 0 0 0 0 0 0 0 0 
1767 10 0 0 0 0 0 0 0 0 0 0 0 
1768 10 0 0 0 0 0 0 0 0 0 0 0 
1769 10 0 0 0 0 0 0 0 0 0 0 0 
1770 10 0 0 0 0 0 0 0 0 0 0 0 
1771 10 86 0 0 0 0 0 0 0 0 0 0 
1772 10 87 0 0 0 0 0 0 0 0 0 0 
1773 10 88 0 0 0 0 0 0 0 0 0 0 
1774 10 89 0 0 0 0 0 0 0 0 0 0 
1775 10 0 0 0 0 0 0 0 0 0 0 0 
1776 10 0 0 0 0 0 0 0 0 0 0 0 
1777 10 0 0 0 0 0 0 0 0 0 0 0 
1778 10 0 0 0 0 0 0 0 0 0 0 0 
1779 10 0 0 0 0 0 0 0 0 0 0 0 
1780 10 0 0 0 0 0 0 0 0 0 0 0 
1781 10 0 0 0 0 0 0 0 0 0 0 0 
1782 10 0 0 0 0 0 0 0 0 0 0 0 
1783 10 93 0 0 0 0 0 0 0 0 0 0 
1784 10 94 0 0 0 0 0 0 0 0 0 0 
1785 10 95 0 0 0 0 0 0 0 0 0 0 
1786 10 96 0 0 0 0 0 0 0 0 0 0 
1787 10 97 0 0 0 0 0 0 0 0 0 0 
1788 10 98 0 0 0 0 0 0 0 0 0 0 
1789 10 0 0 0 0 0 0 0 0 0 0 0 
1790 10 0 0 0 0 0 0 0 0 0 0 0 
1791 10 0 0 0 0 0 0 0 0 0 0 0 
1792 10 0 0 0 0 0 0 0 0 0 0 0 
1793 10 0 0 0 0 0 0 0 0 0 0 0 
1794 10 0 0 0 0 0 0 0 0 0 0 0 
1795 10 0 0 0 0 0 0 0 0 0 0 0 
1796 10 0 0 0 0 0 0 0 0 0 0 0 
1797 10 0 0 0 0 0 0 0 0 0 0 0 
1798 10 0 0 0 0 0 0 0 0 0 0 0 
1799 10 0 0 0 0 0 0 0 0 0 0 0 
1800 10 0 0 0 0 0 0 0 0 0 0 0 
1801 10 0 0 0 0 0 0 0 0 0 0 0 
1802 10 0 0 0 0 0 0 0 0 0 0 0 
1803 10 0 0 0 0 0 0 0 0 0 0 0 
1804 10 0 0 0 0 0 0 0 0 0 0 0 
1805 10 0 0 0 0 0 0 0 0 0 0 0 
1806 10 0 0 0 0 0 0 0 0 0 0 0 
1807 10 0 0 0 0 0 0 0 0 0 0 0 
1808 10 0 0 0 0 0 0 0 0 0 0 0 
1809 10 0 0 0 0 0 0 0 0 0 0 0 
1810 10 0 0 0 0 0 0 0 0 0 0 0 
1811 10 0 0 0 0 0 0 0 0 0 0 0 
1812 10 0 0 0 0 0 0 0 0 0 0 0 
1813 10 0 0 0 0 0 0 0 0 0 0 0 
1814 10 0 0 0 0 0 0 0 0 0 0 0 
1815 10 0 0 0 0 0 0 0 0 0 0 0 
1816 10 0 0 0 0 0 0 0 0 0 0 0 
1817 10 0 0 0 0 0 0 0 0 0 0 0 
1818 10 0 0 0 0 0 0 0 0 0 0 0 
1819 10 0 0 0 0 0 0 0 0 0 0 0 
1820 10 0 0 0 0 0 0 0 0 0 0 0 
1821 10 0 0 0 0 0 0 0 0 0 0 0 
1822 10 0 0 0 0 0 0 0 0 0 0 0 
1823 10 0 0 0 0 0 0 0 0 0 0 0 
1824 10 0 0 0 0 0 0 0 0 0 0 0 
1825 10 0 0 0 0 0 0 0 0 0 0 0 
1826 10 0 0 0 0 0 0 0 0 0 0 0 
1827 10 0 0 0 0 0 0 0 0 0 0 0 
1828 10 0 0 0 0 0 0 0 0 0 0 0 
1829 10 0 0 0 0 0 0 0 0 0 0 0 
1830 10 0 0 0 0 0 0 0 0 0 0 0 
1831 10 0 0 0 0 0 0 0 0 0 0 0 
1832 10 0 0 0 0 0 0 0 0 0 0 0 
1833 10 0 0 0 0 0 0 0 0 0 0 0 
1834 10 0 0 0 0 0 0 0 0 0 0 0 
1835 10 0 0 0 0 0 0 0 0 0 0 0 
1836 10 0 0 0 0 0 0 0 0 0 0 0 
1837 10 0 0 0 0 0 0 0 0 0 0 0 
1838 10 0 0 0 0 0 0 0 0 0 0 0 
1839 10 0 0 0 0 0 0 0 0 0 0 0 
1840 10 0 0 0 0 0 0 0 0 0 0 0 
1841 10 0 0 0 0 0 0 0 0 0 0 0 
1842 10 0 0 0 0 0 0 0 0 0 0 0 
1843 10 0 0 0 0 0 0 0 0 0 0 0 
1844 10 0 0 0 0 0 0 0 0 0 0 0 
1845 10 0 0 0 0 0 0 0 0 0 0 0 
1846 10 0 0 0 0 0 0 0 0 0 0 0 
1847 10 0 0 0 0 0 0 0 0 0 0 0 
1848 10 0 0 0 0 0 0 0 0 0 0 0 
1849 10 0 0 0 0 0 0 0 0 0 0 0 
1850 10 0 0 0 0 0 0 0 0 0 0 0 
1851 10 0 0 0 0 0 0 0 0 0 0 0 
1852 10 0 0 0 0 0 0 0 0 0 0 0 
1853 10 0 0 0 0 0 0 0 0 0 0 0 
1854 10 0 0 0 0 0 0 0 0 0 0 0 
1855 10 0 0 0 0 0 0 0 0 0 0 0 
1856 10 0 0 0 0 0 0 0 0 0 0 0 
1857 10 0 0 0 0 0 0 0 0 0 0 0 
1858 10 0 0 0 0 0 0 0 0 0 0 0 
1859 10 0 0 0 0 0 0 0 0 0 0 0 
1860 10 0 0 0 0 0 0 0 0 0 0 0 
1861 10 0 0 0 0 0 0 0 0 0 0 0 
1862 10 0 0 0 0 0 0 0 0 0 0 0 
1863 10 0 0 0 0 0 0 0 0 0 0 0 
1864 10 0 0 0 0 0 0 0 0 0 0 0 
1865 10 0 0 0 0 0 0 0 0 0 0 0 
1866 10 0 0 0 0 0 0 0 0 0 0 0 
1867 10 0 0 0 0 0 0 0 0 0 0 0 
1868 10 0 0 0 0 0 0 0 0 0 0 0 
1869 10 0 0 0 0 0 0 0 0 0 0 0 
1870 10 0 0 0 0 0 0 0 0 0 0 0 
1871 10 0 0 0 0 0 0 0 0 0 0 0 
1872 10 0 0 0 0 0 0 0 0 0 0 0 
1873 10 0 0 0 0 0 0 0 0 0 0 0 
1874 10 0 0 0 0 0 0 0 0 0 0 0 
1875 10 0 0 0 0 0 0 0 0 0 0 0 
1876 10 0 0 0 0 0 0 0 0 0 0 0 
1877 10 0 0 0 0 0 0 0 0 0 0 0 
1878 10 0 0 0 0 0 0 0 0 0 0 0 
1879 10 0 0 0 0 0 0 0 0 0 0 0 
1880 10 0 0 0 0 0 0 0 0 0 0 0 
1881 10 0 0 0 0 0 0 0 0 0 0 0 
1882 10 0 0 0 0 0 0 0 0 0 0 0 
1883 10 0 0 0 0 0 0 0 0 0 0 0 
1884 10 0 0 0 0 0 0 0 0 0 0 0 
1885 10 0 0 0 0 0 0 0 0 0 0 0 
1886 10 0 0 0 0 0 0 0 0 0 0 0 
1887 10 0 0 0 0 0 0 0 0 0 0 0 
1888 10 0 0 0 0 0 0 0 0 0 0 0 
1889 10 0 0 0 0 0 0 0 0 0 0 0 
1890 10 0 0 0 0 0 0 0 0 0 0 0 
1891 10 0 0 0 0 0 0 0 0 0 0 0 
1892 10 0 0 0 0 0 0 0 0 0 0 0 
1893 10 0 0 0 0 0 0 0 0 0 0 0 
1894 10 0 0 0 0 0 0 0 0 0 0 0 
1895 10 0 0 0 0 0 0 0 0 0 0 0 
1896 10 0 0 0 0 0 0 0 0 0 0 0 
1897 10 0 0 0 0 0 0 0 0 0 0 0 
1898 10 0 0 0 0 0 0 0 0 0 0 0 
1899 10 0 0 0 0 0 0 0 0 0 0 0 
1900 10 0 0 0 0 0 0 0 0 0 0 0 
1901 10 0 0 0 0 0 0 0 0 0 0 0 
1902 10 0 0 0 0 0 0 0 0 0 0 0 
1903 10 0 0 0 0 0 0 0 0 0 0 0 
1904 10 0 0 0 0 0 0 0 0 0 0 0 
1905 10 0 0 0 0 0 0 0 0 0 0 0 
1906 10 0 0 0 0 0 0 0 0 0 0 0 
1907 10 0 0 0 0 0 0 0 0 0 0 0 
1908 10 0 0 0 0 0 0 0 0 0 0 0 
1909 10 0 0 0 0 0 0 0 0 0 0 0 
1910 10 0 0 0 0 0 0 0 0 0 0 0 
1911 10 0 0 0 0 0 0 0 0 0 0 0 
1912 10 0 0 0 0 0 0 0 0 0 0 0 
1913 10 0 0 0 0 0 0 0 0 0 0 0 
1914 10 0 0 0 0 0 0 0 0 0 0 0 
1915 10 0 0 0 0 0 0 0 0 0 0 0 
1916 10 0 0 0 0 0 0 0 0 0 0 0 
1917 10 0 0 0 0 0 0 0 0 0 0 0 
1918 10 0 0 0 0 0 0 0 0 0 0 0 
1919 10 0 0 0 0 0 0 0 0 0 0 0 
1920 10 0 0 0 0 0 0 0 0 0 0 0 
1921 10 0 0 0 0 0 0 0 0 0 0 0 
1922 10 0 0 0 0 0 0 0 0 0 0 0 
1923 10 0 0 0 0 0 0 0 0 0 0 0 
1924 10 0 0 0 0 0 0 0 0 0 0 0 
1925 10 0 0 0 0 0 0 0 0 0 0 0 
1926 10 0 0 0 0 0 0 0 0 0 0 0 
1927 10 0 0 0 0 0 0 0 0 0 0 0 
1928 10 0 0 0 0 0 0 0 0 0 0 0 
1929 10 0 0 0 0 0 0 0 0 0 0 0 
1930 10 0 0 0 0 0 0 0 0 0 0 0 
1931 10 0 0 0 0 0 0 0 0 0 0 0 
1932 10 0 0 0 0 0 0 0 0 0 0 0 
1933 10 0 0 0 0 0 0 0 0 0 0 0 
1934 10 0 0 0 0 0 0 0 0 0 0 0 
1935 10 0 0 0 0 0 0 0 0 0 0 0 
1936 10 0 0 0 0 0 0 0 0 0 0 0 
1937 10 0 0 0 0 0 0 0 0 0 0 0 
1938 10 0 0 0 0 0 0 0 0 0 0 0 
1939 10 0 0 0 0 0 0 0 0 0 0 0 
1940 10 0 0 0 0 0 0 0 0 0 0 0 
1941 10 0 0 0 0 0 0 0 0 0 0 0 
1942 10 0 0 0 0 0 0 0 0 0 0 0 
1943 10 0 0 0 0 0 0 0 0 0 0 0 
1944 10 0 0 0 0 0 0 0 0 0 0 0 
1945 10 0 0 0 0 0 0 0 0 0 0 0 
1946 10 0 0 0 0 0 0 0 0 0 0 0 
1947 10 0 0 0 0 0 0 0 0 0 0 0 
1948 10 0 0 0 0 0 0 0 0 0 0 0 
1949 10 0 0 0 0 0 0 0 0 0 0 0 
1950 10 0 0 0 0 0 0 0 0 0 0 0 
1951 10 0 0 0 0 0 0 0 0 0 0 0 
1952 10 0 0 0 0 0 0 0 0 0 0 0 
1953 10 0 0 0 0 0 0 0 0 0 0 0 
1954 10 0 0 0 0 0 0 0 0 0 0 0 
1955 10 0 0 0 0 0 0 0 0 0 0 0 
1956 10 0 0 0 0 0 0 0 0 0 0 0 
1957 10 0 0 0 0 0 0 0 0 0 0 0 
1958 10 0 0 0 0 0 0 0 0 0 0 0 
1959 10 0 0 0 0 0 0 0 0 0 0 0 
1960 10 0 0 0 0 0 0 0 0 0 0 0 
1961 10 0 0 0 0 0 0 0 0 0 0 0 
1962 10 0 0 0 0 0 0 0 0 0 0 0 
1963 10 0 0 0 0 0 0 0 0 0 0 0 
1964 10 0 0 0 0 0 0 0 0 0 0 0 
1965 10 106 0 0 0 0 0 0 0 0 0 0 
1966 10 107 0 0 0 0 0 0 0 0 0 0 
1967 10 0 0 0 0 0 0 0 0 0 0 0 
1968 10 0 0 0 0 0 0 0 0 0 0 0 
1969 10 0 0 0 0 0 0 0 0 0 0 0 
1970 10 0 0 0 0 0 0 0 0 0 0 0 
1971 10 0 0 0 0 0 0 0 0 0 0 0 
1972 10 0 0 0 0 0 0 0 0 0 0 0 
1973 10 0 0 0 0 0 0 0 0 0 0 0 
1974 10 0 0 0 0 0 0 0 0 0 0 0 
1975 10 0 0 0 0 0 0 0 0 0 0 0 
1976 10 0 0 0 0 0 0 0 0 0 0 0 
1977 10 0 0 0 0 0 0 0 0 0 0 0 
1978 10 0 0 0 0 0 0 0 0 0 0 0 
1979 10 0 0 0 0 0 0 0 0 0 0 0 
1980 10 0 0 0 0 0 0 0 0 0 0 0 
1981 10 0 0 0 0 0 0 0 0 0 0 0 
1982 10 0 0 0 0 0 0 0 0 0 0 0 
1983 10 0 0 0 0 0 0 0 0 0 0 0 
1984 10 0 0 0 0 0 0 0 0 0 0 0 
1985 10 0 0 0 0 0 0 0 0 0 0 0 
1986 10 0 0 0 0 0 0 0 0 0 0 0 
1987 10 0 0 0 0 0 0 0 0 0 0 0 
1988 10 0 0 0 0 0 0 0 0 0 0 0 
1989 10 0 0 0 0 0 0 0 0 0 0 0 
1990 10 0 0 0 0 0 0 0 0 0 0 0 
1991 10 0 0 0 0 0 0 0 0 0 0 0 
1992 10 0 0 0 0 0 0 0 0 0 0 0 
1993 10 0 0 0 0 0 0 0 0 0 0 0 
1994 10 0 0 0 0 0 0 0 0 0 0 0 
1995 10 0 0 0 0 0 0 0 0 0 0 0 
1996 10 0 0 0 0 0 0 0 0 0 0 0 
1997 10 0 0 0 0 0 0 0 0 0 0 0 
1998 10 0 0 0 0 0 0 0 0 0 0 0 
1999 10 0 0 0 0 0 0 0 0 0 0 0 
2000 10 0 0 0 0 0 0 0 0 0 0 0 
2001 10 0 0 0 0 0 0 0 0 0 0 0 
2002 10 0 0 0 0 0 0 0 0 0 0 0 
2003 10 0 0 0 0 0 0 0 0 0 0 0 
2004 10 0 0 0 0 0 0 0 0 0 0 0 
2005 10 0 0 0 0 0 0 0 0 0 0 0 
2006 10 0 0 0 0 0 0 0 0 0 0 0 
2007 10 0 0 0 0 0 0 0 0 0 0 0 
2008 10 0 0 0 0 0 0 0 0 0 0 0 
2009 10 0 0 0 0 0 0 0 0 0 0 0 
2010 10 0 0 0 0 0 0 0 0 0 0 0 
2011 10 0 0 0 0 0 0 0 0 0 0 0 
2012 10 0 0 0 0 0 0 0 0 0 0 0 
2013 10 0 0 0 0 0 0 0 0 0 0 0 
2014 10 0 0 0 0 0 0 0 0 0 0 0 
2015 10 0 0 0 0 0 0 0 0 0 0 0 
2016 10 0 0 0 0 0 0 0 0 0 0 0 
2017 10 0 0 0 0 0 0 0 0 0 0 0 
2018 10 0 0 0 0 0 0 0 0 0 0 0 
2019 10 0 0 0 0 0 0 0 0 0 0 0 
2020 10 0 0 0 0 0 0 0 0 0 0 0 
2021 10 0 0 0 0 0 0 0 0 0 0 0 
2022 10 0 0 0 0 0 0 0 0 0 0 0 
2023 10 0 0 0 0 0 0 0 0 0 0 0 
2024 10 0 0 0 0 0 0 0 0 0 0 0 
2025 10 0 0 0 0 0 0 0 0 0 0 0 
2026 10 0 0 0 0 0 0 0 0 0 0 0 
2027 10 112 0 0 0 0 0 0 0 0 0 0 
2028 10 113 0 0 0 0 0 0 0 0 0 0 
2029 10 114 0 0 0 0 0 0 0 0 0 0 
2030 10 115 0 0 0 0 0 0 0 0 0 0 
2031 10 0 0 0 0 0 0 0 0 0 0 0 
2032 10 0 0 0 0 0 0 0 0 0 0 0 
2033 10 0 0 0 0 0 0 0 0 0 0 0 
2034 10 0 0 0 0 0 0 0 0 0 0 0 
2035 10 0 0 0 0 0 0 0 0 0 0 0 
2036 10 0 0 0 0 0 0 0 0 0 0 0 
2037 10 0 0 0 0 0 0 0 0 0 0 0 
2038 10 0 0 0 0 0 0 0 0 0 0 0 
2039 10 0 0 0 0 0 0 0 0 0 0 0 
2040 10 0 0 0 0 0 0 0 0 0 0 0 
2041 10 0 0 0 0 0 0 0 0 0 0 0 
2042 10 0 0 0 0 0 0 0 0 0 0 0 
2043 10 0 0 0 0 0 0 0 0 0 0 0 
2044 10 0 0 0 0 0 0 0 0 0 0 0 
2045 10 0 0 0 0 0 0 0 0 0 0 0 
2046 10 0 0 0 0 0 0 0 0 0 0 0 

0 11 3 2 0.722992 3 -4 25 -5 23 6 10 7 0.932976 8 -1 41 -3 38 -2 39 -3 42 -6 39 -5 42 -4 43 -1 34 10 0.64 2 -6 -21 -6 -24 
1 11 3 2 0.852941 2 6 22 4 19 7 0.852941 2 3 34 -6 37 10 0.709677 1 -5 35 
2 11 2 7 0.213759 1 -6 -15 10 0.996814 32 -15 32 -17 32 -15 31 -13 30 -16 34 -2 2 -12 2 -13 16 -13 -27 -13 37 -9 15 -12 -2 -12 13 -13 13 -10 13 -17 20 -12 0 -13 -7 -15 -4 -11 -10 -13 -4 -15 -20 -9 -25 -17 -13 -11 4 -11 -5 -11 29 -4 -9 -6 16 -15 23 -12 24 -4 -27 
3 11 2 7 0.945652 2 -5 22 -5 28 10 0.830189 1 -9 24 
4 11 2 2 0.977528 10 7 25 4 7 7 16 5 20 0 9 -1 9 -4 22 -4 21 2 12 0 25 3 0.635037 2 -5 27 -4 19 
5 11 7 0 0.400922 1 -8 30 1 0.400922 1 -16 -76 2 0.591837 2 1 -9 -3 -7 3 0.828571 5 0 23 -4 -17 -4 -23 -5 1 -4 -11 4 0.585987 1 -14 -13 9 0.752113 3 -22 -147 -23 -104 -24 -91 10 0.429268 1 -5 -31 
6 11 2 2 0.997876 54 -4 14 -4 23 -5 25 -2 4 -2 6 -3 -1 7 -26 2 25 5 3 4 0 -3 5 -4 21 -5 11 3 18 -3 22 3 0 -1 26 7 13 -5 9 3 -5 6 7 5 -23 7 16 6 12 -6 0 6 5 -3 26 5 16 0 20 7 1 -5 25 3 21 6 25 -5 26 7 15 0 -25 7 6 -1 -25 1 -24 3 19 6 13 -6 25 3 22 3 -11 1 24 3 -20 -2 4 -1 14 -3 4 7 26 -3 -21 -1 25 2 -15 -1 -14 4 0.254144 1 -30 -7 
7 11 4 5 0.579618 1 26 7 7 0.74359 3 1 27 1 -30 3 -31 8 0.635037 2 -5 -13 -14 -12 10 0.907216 6 0 -21 2 -23 -12 -28 -13 -29 0 -7 -5 -17 
8 11 3 7 0.635037 1 5 -37 8 0.635037 1 -17 -6 10 0.951351 4 -5 4 -10 7 -11 -35 -15 -37 
9 11 3 5 0.858491 2 27 11 25 15 7 0.920635 4 -3 2 -2 -1 7 -21 7 -19 10 0.619718 1 -4 11 
10 11 2 7 0.998179 63 7 25 -7 12 2 -13 6 -4 7 19 -7 8 -2 20 -2 15 3 -36 -1 -34 5 -23 3 -3 4 -24 -5 23 -4 25 3 -35 -2 12 3 -33 6 -25 2 -38 -7 15 -4 19 -3 -11 -6 1 -1 -29 -7 19 -3 -33 1 14 -4 7 -5 -28 -4 26 -4 23 4 -6 0 -40 2 -41 -7 16 3 -6 -6 -11 -6 -9 6 13 -4 -7 1 7 -5 -32 -1 -37 6 -42 -7 -22 0 17 -3 -38 -4 32 -3 -11 4 -1 1 -3 -3 -2 -5 -6 -7 -24 -1 -37 -3 -36 -1 -5 -5 -23 6 -22 -2 -14 -6 -22 -7 -17 10 0.134351 1 1 0 
11 11 2 7 0.852941 2 6 -19 -5 -18 10 0.93617 3 0 -16 1 -16 -6 -14 
12 11 7 0 0.685039 3 -9 44 -4 26 -5 41 1 0.38326 1 -14 -77 2 0.759825 4 -6 -8 4 15 2 25 5 19 3 0.572368 2 -3 -23 -4 13 7 0.685039 3 7 -1 6 8 6 45 8 0.38326 1 -12 -8 9 0.442786 1 -27 -45 
13 11 2 1 0.635037 1 -14 3 3 0.977528 5 -5 30 -3 18 -3 19 -5 27 2 28 
14 11 5 1 0.520958 1 -14 -25 2 0.874372 4 5 27 7 23 3 16 2 5 4 0.69697 1 -24 16 5 0.8125 2 25 20 22 20 8 0.520958 1 -17 13 
15 11 4 1 0.74359 1 -15 19 3 0.74359 1 -1 29 4 0.859813 1 -12 1 8 0.74359 1 -12 12 
16 11 4 0 0.352227 1 -9 -47 5 0.486631 1 -18 -11 8 0.975962 14 -6 -8 -6 -3 -4 -1 -8 2 -1 -13 -9 3 0 -13 -2 -3 9 -4 -16 -13 -15 8 -1 -12 -13 5 -12 7 9 0.410138 1 -24 11 
17 11 2 0 0.100346 1 -4 42 8 0.998529 78 -17 -7 -10 -5 -11 1 -12 -1 -12 1 0 -3 1 -10 -15 4 -12 1 -13 1 -8 -6 -16 -6 -6 7 -15 -7 -1 -6 -15 -7 -17 -2 -13 -7 -14 1 -15 1 -4 -8 -17 -8 -12 -3 10 -3 0 -5 -3 -2 -6 -9 -10 -4 3 6 -13 7 -3 1 0 -8 -12 -6 -17 -1 -9 -4 -2 6 -12 -4 -13 0 -13 -4 -6 10 -9 -3 5 -5 -8 -13 -13 -3 -5 -3 -11 -3 -14 -10 -7 0 -6 -9 -5 -3 -14 -3 -3 -10 -17 -5 -11 5 -7 -12 -15 -4 -7 -8 -14 1 -8 0 -15 -2 -10 1 -8 -9 -13 -1 -17 -1 -8 -8 -12 -6 1 4 -6 -13 4 0 -1 -8 -15 -4 -17 -5 -15 -12 -1 -13 -13 2 -14 3 -17 5 -17 -8 
18 11 2 3 0.759825 4 0 -10 -4 -6 -1 17 -2 -15 4 0.98062 11 -1 18 -35 11 -27 16 -31 20 -29 19 -28 17 -5 15 -31 -13 -1 8 -35 -1 -38 -1 
19 11 9 0 0.338521 1 -7 18 1 0.713115 4 -15 -64 -14 -23 -14 -73 -14 -36 2 0.769911 5 7 -5 6 2 2 -21 0 -24 7 26 3 0.338521 1 0 -8 4 0.519774 1 -24 0 5 0.471503 1 24 -2 7 0.338521 1 6 4 9 0.689922 3 -29 14 -33 -77 -29 -96 10 0.365145 1 -17 -26 
20 11 3 4 0.754098 2 -31 5 -34 8 5 0.982336 11 -25 14 -13 -9 -27 -16 -27 20 12 20 -29 20 -12 -19 11 18 -32 22 0 21 2 12 8 0.400922 1 -6 -13 
21 11 5 0 0.55414 1 -9 -63 1 0.55414 1 -14 -13 2 0.839228 3 -6 -3 -5 -3 1 5 7 0.55414 1 -4 5 9 0.787611 2 -25 -53 -28 -26 
22 11 2 2 0.999043 120 3 -5 -4 -7 5 4 4 4 -6 -10 6 0 5 -12 -5 -8 -5 0 -5 8 6 -14 -5 -21 7 -22 7 -9 3 1 3 9 -1 -5 -1 -8 3 -13 0 -10 1 13 -5 16 -5 15 -4 17 0 15 0 -15 -3 9 -4 2 -6 -13 -3 -2 -6 -23 -5 -15 -3 -20 6 -4 -3 -16 6 -8 3 -7 -5 7 3 -4 -6 -2 -6 -8 -4 -14 -5 -11 2 -5 1 -6 1 -5 -5 -16 -3 15 -2 0 -1 5 0 -4 -2 16 1 9 -6 7 -6 -17 -6 20 -5 -22 6 -16 3 -20 5 2 -5 -9 4 5 4 -16 2 -19 4 -13 -4 -9 1 7 2 -2 -4 7 -4 12 1 12 -3 -12 -1 -13 -3 -7 -3 13 2 -8 1 16 -1 10 -1 -11 2 21 -1 2 3 -22 7 -1 -6 25 -5 23 4 4 4 7 2 3 1 -11 -5 5 -5 3 -3 -11 -2 -17 -3 15 -5 0 -2 -8 -5 -2 -5 -3 -4 5 -1 9 -4 -5 4 -22 -2 -13 3 -24 -1 -9 -1 -10 2 -26 1 -21 5 -25 -2 -23 1 -27 2 -26 -2 -27 5 -27 7 -27 2 -23 0 -23 2 -24 -6 17 3 -26 9 0.0848427 1 -33 -59 
23 11 2 2 0.896907 1 -4 16 5 0.938144 1 15 0 
24 11 4 2 0.465241 1 3 -24 5 0.602649 1 13 6 7 0.765396 3 -7 -41 -4 -40 -7 13 10 0.921466 6 -13 -21 -17 -22 -14 -4 -14 1 -15 10 -16 0 
25 11 5 1 0.924127 7 -7 -8 -12 -9 -14 -70 -11 43 -13 41 -9 45 -14 47 4 0.62585 1 -11 24 7 0.441624 1 -5 43 8 0.635037 2 -4 13 9 6 9 0.502825 1 -29 -14 
26 11 5 1 0.42029 1 -13 -68 2 0.84466 5 1 -15 0 -22 -5 -23 -6 -23 -6 11 3 0.612676 2 -5 7 -3 12 4 0.605263 1 -26 -27 8 0.79452 4 -8 1 -9 2 -5 2 -10 4 
27 11 2 2 0.98739 9 -1 -10 -4 -8 4 -8 -1 -8 1 -7 0 10 3 9 2 7 -2 6 3 0.491525 1 -3 -30 
28 11 3 0 0.352227 1 -1 16 4 0.534884 1 -20 -10 9 0.988157 15 -25 -66 -25 -68 7 -134 -11 -43 -14 15 -28 -12 -27 -6 3 -98 -13 -89 -18 -69 -22 -67 -30 -19 -28 -141 -24 -26 -19 14 
29 11 2 1 0.912587 6 -15 -72 -13 -69 -15 -71 -10 -25 -15 -30 -6 -31 9 0.902637 5 -26 8 -33 -53 -30 -26 -24 26 -18 -55 
30 11 7 0 0.314079 1 -3 33 1 0.314079 1 -10 -6 2 0.685039 4 3 21 4 -19 0 12 -2 13 4 0.671533 2 -29 -9 -27 -11 5 0.627586 2 -16 3 -16 -8 7 0.685039 4 2 44 1 39 -3 45 4 45 9 0.826625 6 -16 23 8 -87 -4 4 -5 -84 -19 12 -2 3 
31 11 4 0 0.520958 1 0 15 1 0.520958 1 -7 -70 4 0.958333 5 -41 24 -31 26 -39 24 -32 26 -27 -14 7 0.713115 2 -1 43 0 44 
32 11 4 1 0.938367 7 -13 -60 -16 -65 -11 -68 0 -12 -15 4 -1 13 5 30 2 0.465241 1 5 12 8 0.465241 1 -4 -13 9 0.712 2 -32 -10 -3 -83 
33 11 4 1 0.400922 1 1 42 2 0.400922 1 0 9 4 0.754098 2 -27 -13 -36 15 9 0.965293 10 21 12 -27 12 -14 10 -3 -42 -14 -134 -26 2 -25 -8 -10 -5 2 33 -14 26 
34 11 2 3 0.15078 1 -2 6 5 0.998656 49 -23 -17 -22 -16 -26 -7 -14 14 -16 10 -18 -19 -15 -20 -22 -8 -14 15 -21 -9 2 16 -12 10 -14 -15 -16 13 -15 -4 -15 -12 -10 19 -21 14 -10 16 -14 -14 -33 -2 -6 22 2 -17 -19 5 -22 -4 -20 19 -7 4 -18 -18 1 -21 -3 16 -19 -12 -11 -3 3 -19 -11 3 -1 -11 -19 -7 -10 0 -1 3 -5 1 -4 -14 2 -13 -1 -7 -21 16 -8 -2 1 -10 -20 13 -4 -20 -25 -14 -25 6 
35 11 2 3 0.945652 2 -4 27 -5 27 5 0.883495 1 -28 11 
36 11 2 4 0.444444 1 -33 24 5 0.997142 23 -26 10 -42 2 -25 -1 -41 3 -41 0 -41 -19 -31 -15 -28 18 -28 8 -42 -11 -32 -5 -29 0 -7 7 -42 4 -28 15 -44 0 -40 -8 -31 10 -27 1 -43 6 -34 14 -32 1 -36 15 
37 11 3 1 0.968203 7 -14 -13 -11 3 -12 50 -7 -23 -3 -9 -5 -50 -11 -61 8 0.520958 1 -8 9 9 0.581699 1 -21 -41 
38 11 8 1 0.453125 2 -8 18 9 40 2 0.754335 6 6 15 5 -12 4 3 -6 3 3 8 5 10 3 0.566161 3 -3 -22 -3 23 -2 29 4 0.794816 4 -25 25 -21 -13 -32 24 -22 24 5 0.408072 1 -4 11 7 0.283388 1 -3 44 8 0.453125 2 16 9 14 8 9 0.700787 4 23 -127 -9 -41 -27 -48 22 -111 
39 11 3 0 0.520958 1 -9 -19 2 0.713115 2 -1 13 6 15 9 0.956989 6 -21 -139 18 -68 -25 -75 -18 -23 -5 -82 -33 -136 
40 11 3 1 0.491525 1 -10 -72 4 0.671533 1 -36 -2 9 0.978022 8 -27 0 -23 -15 -23 3 -24 -129 -15 -22 -23 -132 -3 -113 -21 -105 
41 11 2 1 0.977528 5 -1 12 5 39 11 0 10 6 -11 49 8 0.635037 1 12 9 
42 11 3 1 0.635037 1 -4 47 4 0.786325 1 -54 -26 7 0.945652 4 2 39 -2 42 -3 40 3 41 
43 11 9 0 0.505814 2 -4 -35 -3 28 1 0.505814 2 -9 49 -3 -68 2 0.756522 5 -3 5 -2 8 7 5 7 10 5 -14 3 0.325843 1 -4 15 4 0.684015 2 -11 7 -7 4 5 0.739837 3 -37 11 -38 21 -35 16 7 0.505814 2 6 43 1 40 8 0.325843 1 -11 -6 9 0.381974 1 -17 2 
44 11 3 3 0.979529 11 2 11 -3 14 -2 15 6 -21 1 4 1 1 1 5 -2 3 0 -18 -1 5 0 4 7 0.42029 1 8 39 9 0.481081 1 6 -74 
45 11 2 1 0.968203 7 9 40 0 17 -10 5 -12 19 -2 9 -12 20 -5 15 9 0.760684 2 -27 -32 3 -51 
46 11 3 6 0.411215 1 7 -29 7 0.95988 11 4 -25 -4 -28 5 -18 6 -24 8 -24 8 -19 8 -23 -3 -24 -2 -28 1 -26 -5 -30 10 0.709677 3 12 -17 7 -18 7 -22 
47 11 8 1 0.352227 1 -12 31 4 0.534884 1 -53 22 5 0.764706 3 20 4 20 6 20 8 6 0.750533 4 5 -31 -10 -23 -11 -25 -10 -26 7 0.352227 1 -3 -27 8 0.537037 2 -6 12 -13 12 9 0.597315 2 -25 26 -33 27 10 0.676923 3 14 -26 15 -21 11 -17 
48 11 2 6 0.993649 16 6 -27 3 -26 5 -23 -4 -20 1 -31 -1 -23 8 -16 5 -18 6 -23 9 -23 4 -19 4 -22 2 -19 1 -24 -1 -30 8 -14 10 0.37931 1 18 -23 
49 11 2 6 0.990788 11 13 -19 0 -31 -5 -17 10 -27 -9 -30 -8 -27 8 -25 6 -27 4 -27 1 -18 -2 -28 10 0.470588 1 1 -24 
50 11 4 6 0.92437 10 -1 -29 -9 -29 -2 -21 -4 -26 -3 -19 -1 -17 -8 -19 -7 -18 1 -23 -8 -24 7 0.520958 2 8 -33 -5 -27 8 0.338521 1 -10 12 10 0.789946 5 12 -19 6 -25 15 -22 14 -24 11 -26 
51 11 2 3 0.996052 29 0 30 6 7 -2 -22 -1 -27 -1 -24 4 -11 5 -22 6 17 5 -29 2 0 6 2 1 -23 4 19 5 -12 -1 5 -1 6 1 -11 2 -11 5 12 5 11 5 13 -1 4 -3 4 4 13 3 -14 -1 10 3 9 -1 30 3 10 10 0.252149 1 6 -35 
52 11 2 3 0.896907 1 6 -8 9 0.917526 1 17 -80 
53 11 6 0 0.314079 1 10 -18 3 0.896907 10 5 10 4 0 4 15 5 5 5 20 0 -24 3 -26 1 -18 -1 -24 0 -25 4 0.764543 3 23 1 36 -8 35 3 6 0.339768 1 10 28 8 0.491525 2 12 -11 16 -6 10 0.633094 3 7 -13 18 5 13 10 
54 11 5 3 0.591837 1 0 15 6 0.619718 1 2 17 7 0.591837 1 6 -45 9 0.649635 1 15 -23 10 0.88 3 16 -13 15 3 17 -35 
55 11 7 4 0.479167 3 -26 24 22 -11 -3 24 5 0.196544 1 43 20 6 0.674095 11 13 -33 -6 -32 -8 -36 -8 -31 -7 -7 13 -30 6 -36 3 -36 -5 -35 -8 -30 -3 -34 7 0.929696 38 0 -36 6 -36 0 -38 8 -33 -2 -35 -1 -36 -2 -29 7 -29 3 -36 -3 -35 -3 -34 2 -32 2 -36 -4 -15 5 -32 -2 -14 2 -34 -3 -42 -1 -32 -1 -10 -2 -40 7 -41 3 -22 0 -41 -1 -41 1 -39 6 -35 3 -43 -3 -43 -2 -42 6 -22 7 -22 2 -39 1 -44 4 -21 3 -23 4 -33 1 -38 8 0.123055 1 17 -5 9 0.152137 1 -26 22 10 0.587156 8 16 -30 18 -33 17 -31 6 -15 12 -32 7 -26 12 -31 16 -33 
56 11 7 1 0.178645 1 -11 29 4 0.71875 5 -42 27 -48 25 -46 28 -42 28 53 -21 5 0.274924 1 29 -4 6 0.759275 10 -10 -19 3 -33 -10 -18 -9 -9 -5 -6 -4 -9 0 -36 13 -12 4 -27 10 -25 7 0.407176 3 1 -30 0 -23 -1 -22 9 0.729508 8 -23 36 -22 36 -14 27 -25 34 -23 20 -20 23 -6 29 -5 13 10 0.819484 13 5 -35 3 -32 4 -28 6 7 14 -32 0 -17 1 -34 6 -2 3 -10 12 -29 14 -6 4 -3 7 -11 
57 11 9 0 0.17505 1 5 21 1 0.17505 1 1 6 3 0.591837 6 5 17 -5 6 0 -7 4 -9 -5 4 5 16 4 0.309764 1 -53 26 5 0.716535 6 13 12 16 -20 34 1 12 22 37 8 31 10 6 0.69703 8 -3 -12 4 17 5 -2 1 2 -1 3 2 8 4 -9 4 0 7 0.303136 2 7 -4 3 -17 8 0.17505 1 12 -7 10 0.857491 16 18 19 12 10 12 16 18 12 11 17 14 -22 8 -14 12 13 12 -6 11 8 17 29 17 -2 9 -2 8 -5 13 22 16 2 
58 11 6 1 0.266055 1 -9 28 3 0.733146 6 3 -17 2 16 6 4 6 17 5 6 3 -13 6 0.755365 6 4 -9 0 -12 4 1 -1 -12 -5 -10 -6 -10 7 0.733146 6 5 -7 7 5 7 -10 6 -20 3 -14 -3 -9 8 0.685039 5 10 -6 1 4 0 1 -3 1 -1 0 10 0.289474 1 16 -4 
59 11 7 0 0.352227 1 7 17 1 0.537037 2 14 9 12 10 4 0.710425 2 -1 22 30 -27 5 0.913917 7 43 -9 38 -13 33 -19 36 -18 37 -7 35 -6 29 13 6 0.565916 2 13 30 12 31 9 0.410138 1 -30 33 10 0.565916 2 16 21 18 26 
60 11 4 3 0.591837 1 6 5 5 0.919192 3 32 16 32 -13 33 -9 6 0.79638 2 11 4 7 -8 10 0.619718 1 18 -4 
61 11 3 5 0.387234 1 29 -13 6 0.986246 22 9 -9 13 10 9 -13 12 16 10 -1 11 16 10 0 8 5 11 -5 13 -4 13 -5 10 5 10 10 7 14 5 3 13 11 9 7 4 -10 5 -2 11 21 4 13 2 0 10 0.45953 2 15 16 17 17 
62 11 2 3 0.992395 15 -3 20 0 -23 0 -21 -3 5 1 -17 2 21 -5 -16 5 -19 5 -15 5 -16 3 -26 0 7 -1 -26 5 3 0 0 7 0.367089 1 5 -13 
63 11 8 0 0.520958 2 -9 54 3 18 3 0.713115 4 1 7 2 21 4 0 6 20 4 0.840183 4 17 -21 31 -16 42 -15 37 -5 6 0.365145 1 7 16 7 0.338521 1 -2 -7 8 0.520958 2 17 -2 14 -4 9 0.581699 2 12 -62 -8 13 10 0.55 2 8 -25 6 -15 
64 11 5 4 0.821429 2 46 -8 23 -26 6 0.709677 2 4 20 4 19 7 0.78852 3 0 -15 7 -20 -1 -28 8 0.491525 1 16 -2 10 0.709677 2 11 -14 6 23 
65 11 2 7 0.78852 6 -1 -23 5 -29 -1 -32 -3 -31 6 -1 7 -11 10 0.958009 14 8 -8 18 25 8 -15 7 -15 8 -15 18 17 16 -14 13 -13 4 -18 12 -11 6 -8 17 10 10 -13 10 -23 
66 11 7 0 0.635037 3 9 16 -7 52 2 15 4 0.519774 1 19 -14 6 0.55 2 -10 -30 6 -6 7 0.713115 4 7 -15 7 -10 -1 -12 5 -16 8 0.769911 5 17 -8 14 -11 11 -8 11 -6 8 -10 9 0.395556 1 25 -78 10 0.55 2 2 -16 17 24 
67 11 4 0 0.765396 3 0 -67 10 54 4 -10 1 0.765396 3 -4 -74 -2 -73 10 -52 4 0.803493 2 23 21 12 13 9 0.806647 3 -5 5 -15 -108 -1 2 
68 11 3 0 0.99488 67 1 13 -3 14 2 -6 -3 -5 5 -44 -1 17 -1 29 7 28 1 18 -2 -12 -3 30 0 19 4 17 -1 -67 8 -14 -5 23 6 -24 2 -47 -3 -40 -6 -43 0 -66 1 -37 -2 -66 10 -61 2 -6 2 -40 10 -65 2 -15 -5 23 9 -33 -5 27 0 -37 2 -38 -5 26 9 -6 4 17 2 5 6 -66 5 -53 -4 -28 -5 -18 -4 -18 -1 -18 0 22 0 -9 -5 -26 -1 -24 5 -54 5 14 10 -30 10 13 -1 2 5 -2 1 -33 5 33 2 -40 5 36 7 16 -2 -20 2 -2 6 16 3 -51 -4 -20 1 -40 1 -42 0 -23 9 3 4 0.210526 1 20 -28 5 0.308475 2 11 14 34 13 
69 11 9 0 0.951093 38 6 48 0 48 8 48 5 -43 4 54 4 47 2 47 5 -48 5 4 9 6 5 -31 9 3 8 33 -3 3 -4 -51 2 36 6 11 9 1 10 1 3 -11 6 3 -2 33 8 -56 8 8 10 -56 4 -29 8 -47 9 -40 10 -20 6 -47 -1 40 5 42 4 1 3 38 3 41 5 42 0 40 0 41 1 0.247159 2 -8 14 1 36 4 0.4098 2 -4 -8 -11 -20 5 0.466667 3 11 -3 10 3 12 3 6 0.269525 2 -9 4 -11 6 7 0.334187 3 -2 36 -5 4 -3 9 8 0.138756 1 6 -4 9 0.170825 1 2 -15 10 0.360656 3 -1 -32 0 -25 0 13 
70 11 6 0 0.667519 3 -6 11 4 -64 -9 21 3 0.917937 9 -5 -27 -3 29 -5 -15 -3 -24 -1 -29 -1 -20 -1 25 -5 -12 -1 -14 4 0.550898 1 -33 -18 6 0.394619 1 -5 -5 9 0.425837 1 -16 -91 10 0.394619 1 1 -4 
71 11 6 0 0.491525 1 -2 -57 1 0.685039 2 -1 -41 -5 -69 2 0.491525 1 -6 -16 8 0.491525 1 12 -1 9 0.826625 3 -4 17 8 -127 -10 -99 10 0.709677 2 5 -21 4 -30 
72 11 3 0 0.984906 15 3 -61 2 -57 -1 -56 6 -16 2 -58 4 -57 8 -46 3 -13 2 -30 8 -31 8 -51 6 -58 1 -53 4 -58 0 -43 1 0.352227 1 5 -69 9 0.410138 1 -22 -132 
73 11 3 0 0.338521 1 7 24 8 0.985836 16 -13 13 -14 11 -14 10 -11 12 -11 10 -3 9 -3 8 -8 8 1 1 0 8 2 -1 1 7 -3 2 3 2 -5 -4 3 13 10 0.365145 1 -7 -9 
74 11 2 1 0.983845 7 7 -58 -16 39 -15 -38 -3 37 -3 -54 16 -58 -7 -36 10 0.582781 1 -15 28 
75 11 9 0 0.769911 10 8 -5 -2 55 9 5 5 57 4 31 -3 -40 6 56 8 18 6 55 3 -61 1 0.74359 9 14 -61 6 -56 -3 -54 -2 -54 -9 2 -7 6 -4 -13 -15 34 -13 -55 3 0.199085 1 -2 -26 4 0.344569 1 -17 17 6 0.702395 7 -10 -33 -5 -13 -12 -17 -4 -17 -11 -20 -12 -24 -5 -7 7 0.199085 1 -5 -13 8 0.338521 2 5 6 7 -3 9 0.581699 4 -9 9 13 -3 -26 27 -21 29 10 0.218362 1 -5 -37 
76 11 2 1 0.977528 5 -12 -25 1 10 -15 18 -7 9 -7 -54 6 0.661654 1 -10 -33 
77 11 3 1 0.55414 1 -11 -52 8 0.9631 6 -15 12 -14 12 -17 13 3 -6 -5 11 8 -2 10 0.582781 1 -8 -9 
78 11 3 4 0.786325 1 -32 -12 9 0.956989 4 -11 -81 15 8 -13 -106 2 -123 10 0.661654 1 2 -3 
79 11 9 0 0.713115 6 -2 22 -2 9 0 39 -3 39 -9 47 0 42 1 0.664122 5 -7 -53 -11 -18 -15 56 -14 -74 6 2 3 0.25072 1 -5 7 4 0.69697 3 -19 17 -29 16 -29 20 6 0.438903 2 -12 6 -7 -15 7 0.25072 1 -5 -13 8 0.410377 2 9 -13 10 -11 9 0.581699 3 -4 -97 -32 -4 -25 -17 10 0.629696 4 -5 9 -2 17 3 -28 -3 23 
80 11 2 0 0.352227 1 -3 -45 4 0.996615 16 -38 5 -31 -18 -41 -21 -49 2 -49 -22 -34 -15 -49 4 -37 -18 -28 -18 -25 -18 -47 -6 -50 -19 -44 -15 -47 -9 -48 -10 -46 -20 
81 11 2 0 0.465241 1 7 -51 3 0.988636 10 1 -16 3 7 0 -13 0 -5 0 23 2 19 1 7 2 -16 3 21 1 19 
82 11 2 7 0.813084 6 -1 4 -6 9 -5 26 -3 34 -6 15 -5 7 10 0.951351 12 -6 -17 2 -15 -8 12 -15 5 5 -9 -9 -12 4 -6 -1 33 5 -10 -4 31 4 -14 -6 14 
83 11 7 0 0.654135 5 -8 -30 -3 25 -9 -26 -9 -27 -4 -8 1 0.243697 1 -8 -56 2 0.703504 6 -3 -2 -3 -4 7 13 5 -14 4 -12 6 -17 3 0.804728 9 3 7 1 2 0 0 -2 -2 -1 14 3 16 2 -8 5 24 2 20 7 0.654135 5 7 22 -4 7 -6 15 -5 -6 7 6 8 0.243697 1 -2 -13 10 0.265861 1 -6 -11 
84 11 6 0 0.896907 10 -9 -9 -2 -53 -9 -48 -9 -25 -7 -55 -8 -49 -7 -28 -2 -52 4 -51 1 -26 2 0.605568 3 1 0 -6 -3 -4 -4 3 0.314079 1 6 -13 7 0.685039 4 -6 20 -5 36 -6 -29 -6 -28 9 0.369295 1 -20 -72 10 0.339768 1 -4 -13 
85 11 2 1 0.199085 1 -10 -56 8 0.996727 35 8 9 9 9 6 12 3 13 15 12 -10 10 10 12 -8 6 16 8 9 4 3 3 -10 8 3 5 0 5 7 8 -3 6 -17 10 -3 12 -10 7 -8 5 -8 7 -9 8 -6 3 10 4 2 4 8 11 -9 7 0 7 14 -1 11 9 -9 9 -2 7 2 8 2 9 -1 8 
86 11 9 0 0.701613 10 -4 38 -7 -37 -2 -30 -7 39 -9 -55 -5 -31 -1 -23 -6 43 -7 43 -8 -56 1 0.159049 1 -5 32 2 0.508772 5 -4 -18 2 -5 1 -6 3 -1 -1 -13 4 0.285714 1 -16 19 5 0.247956 1 11 6 7 0.603568 7 -7 35 -5 36 1 33 -4 34 0 18 0 3 -1 16 8 0.673259 9 16 -10 14 -11 3 -8 13 -1 14 -2 1 7 8 -11 -8 2 -15 11 9 0.431341 3 -4 -3 -31 17 -5 -133 10 0.725474 10 8 29 -5 -17 -5 -18 5 0 7 31 -12 23 -3 -18 -5 -20 -7 -3 -13 36 
87 11 2 0 0.990512 12 -5 67 7 61 4 61 -4 58 2 63 -3 59 -5 46 1 54 0 48 -1 63 8 62 -7 62 8 0.42029 1 14 -4 
88 11 2 0 0.945652 4 -1 65 1 51 -5 68 -5 50 8 0.813084 2 -3 11 -2 3 
89 11 2 3 0.203747 1 1 0 8 0.996631 34 -8 7 8 -4 9 0 -2 1 14 0 11 4 2 11 0 1 11 -4 -8 12 8 -8 -5 11 4 1 -4 6 5 10 7 5 11 -6 -2 12 10 3 7 -8 -6 2 5 -1 -6 1 6 0 9 5 5 7 -2 -2 6 -7 -6 10 5 -4 5 -11 -7 10 9 4 -9 2 
90 11 4 1 0.874372 4 6 35 10 39 6 2 3 -50 3 0.713115 2 -2 28 -3 22 4 0.69697 1 47 21 9 0.760684 2 -12 31 -13 17 
91 11 2 1 0.996421 32 5 37 16 -72 2 -57 10 56 3 62 1 -74 5 36 -1 8 12 42 12 -76 -4 5 -7 8 7 -76 -3 -1 8 -66 -5 23 7 -42 12 -4 11 -77 -1 -5 -4 39 -4 -4 2 -22 -9 -15 -5 -14 -6 -13 -2 -20 -4 -38 15 -73 17 -8 12 -40 -5 -40 8 0.213759 1 15 -2 
92 11 6 1 0.783784 5 -10 -57 -16 -77 -14 -81 -11 -81 -12 -75 3 0.352227 1 -5 26 6 0.565916 2 0 18 0 19 8 0.650873 3 7 5 12 -7 0 -6 9 0.822551 5 -18 -124 -6 3 1 -99 -10 -101 -4 -67 10 0.37931 1 -10 35 
93 11 11 0 0.784398 46 10 66 10 65 2 -54 8 61 7 -52 4 68 -6 63 -5 64 -4 41 -8 62 4 -24 -3 21 -4 -23 -7 61 7 29 -8 63 -7 -40 -3 -26 3 34 -1 56 2 54 -1 -30 -6 66 6 -40 -1 -56 5 -16 2 -28 -2 -7 -1 -15 0 -32 -9 43 10 60 10 11 -3 -2 -5 18 2 -1 9 2 4 -7 3 -57 5 -57 4 -58 -3 -26 2 -45 -4 56 10 -32 -5 66 1 0.624103 25 3 45 0 48 8 50 10 44 7 47 8 48 -3 48 8 -14 5 -13 4 51 -6 23 11 41 6 44 3 59 -5 33 0 -52 -3 -13 -5 31 8 -24 12 31 4 -44 14 32 -1 18 10 -15 -2 26 2 0.145729 3 7 -8 3 -10 -3 20 3 0.461713 14 0 5 4 17 3 -17 -5 -28 -5 6 6 3 6 9 3 5 4 12 5 -20 0 16 5 -22 -2 -18 6 24 4 0.423963 6 -6 -15 54 27 -8 9 6 -16 55 -27 -47 14 5 0.0891283 1 -30 19 6 0.374468 9 -7 33 -7 33 -9 33 -1 -33 -8 -35 -6 35 7 31 -7 36 5 34 7 0.145729 3 -6 29 -2 31 8 23 8 0.480663 15 13 8 13 6 9 3 3 0 7 1 17 -2 15 11 17 13 3 7 16 2 8 9 14 -2 17 2 4 -3 13 8 9 0.699563 27 22 -12 5 30 -4 13 1 -104 -17 -50 35 -12 -6 -13 16 -60 15 -47 -15 -34 -2 16 27 27 -2 -13 -9 -146 -13 -144 -7 -144 5 -84 -9 -116 8 17 -17 -115 -7 27 5 15 -7 8 2 -143 -1 -99 -2 -98 -3 -85 10 0.314768 7 -5 37 7 33 16 36 15 36 13 37 11 17 -7 -35 
94 11 11 0 0.50289 30 9 -58 0 -40 -2 -25 1 10 10 -57 9 -38 1 -10 7 -4 -7 -6 -6 -69 9 30 9 -16 -8 8 -8 -64 -1 47 -9 -8 2 6 3 50 -7 -66 -6 45 -3 -3 -8 -10 0 13 -6 14 -2 3 -3 -69 -7 2 -8 -66 -8 -69 -7 33 1 0.583893 40 14 33 9 -42 9 -21 13 -17 11 -31 17 -8 -6 -56 10 -74 -4 50 4 -31 8 -74 7 -25 14 1 7 -19 -13 59 0 -12 12 -7 16 -14 -15 55 13 -25 -4 55 16 -4 0 -48 4 -3 8 -16 -8 52 -12 -24 11 2 -5 -50 -4 -19 4 -22 9 1 -13 -29 -16 -1 -5 -5 -6 -3 -13 -23 -13 -48 -15 -46 -15 -47 2 0.512056 31 2 1 6 -21 7 -14 -1 -25 4 -13 2 27 2 25 3 -18 3 -13 2 -20 5 -2 7 -9 7 4 2 -15 2 -12 7 15 5 7 4 12 1 -20 7 24 5 12 7 13 6 -9 5 23 5 25 -2 9 -3 3 0 5 -1 -25 -2 -27 -5 -24 3 0.380612 19 6 -10 2 -18 4 -18 0 -21 2 23 -3 20 5 -13 2 -17 -1 -10 4 18 6 22 1 -24 -5 -11 6 -4 4 -13 5 -8 4 -17 -2 -7 4 -7 4 0.753345 41 38 13 -42 12 1 -18 -36 17 -39 14 -29 20 -2 -14 -36 12 39 12 10 -19 -41 -10 -28 10 34 19 34 -25 -2 -17 33 -21 46 -24 50 -8 47 -5 -44 14 37 -8 37 -7 31 -27 -44 -2 -40 -2 -33 -13 -40 9 -51 -1 -37 -3 -25 -15 -47 -7 -46 -23 -33 -4 -45 -17 -46 -28 13 -12 13 -15 -43 7 -30 7 -14 4 -41 2 5 0.721404 42 -21 5 -43 9 -37 -21 -44 10 -34 -11 -39 11 -45 11 -37 -19 -36 -13 -34 -20 -36 -13 4 12 -37 -18 -43 13 8 10 -39 8 -44 -7 -45 5 -37 -7 -39 -4 -37 12 7 10 -39 -15 -39 10 -40 -3 -42 -8 -39 1 -45 0 -44 12 10 15 9 9 8 -11 -22 19 11 8 -44 3 5 -5 3 16 5 16 -38 20 -45 20 -43 22 8 22 6 0.380178 17 3 11 -2 7 -3 -28 -5 28 -12 8 13 -26 5 -22 12 -13 -2 -1 -9 -30 8 -13 4 -21 0 -19 -11 -4 -12 26 -12 21 -12 25 7 0.307731 14 7 27 7 22 6 30 5 24 4 37 0 35 7 1 7 -1 7 36 5 45 7 41 5 43 5 42 8 43 8 0.0294217 1 17 -2 9 0.59826 34 -29 31 11 30 14 19 0 -42 0 -33 -22 -73 -17 -42 0 -60 -1 -69 -16 -114 11 -9 -8 -101 -3 -95 -19 -90 -24 35 8 -31 -28 -100 -29 -98 -32 -81 -24 -137 -25 -97 -6 -117 -4 -12 -20 10 -32 -21 -20 -11 -3 6 -2 -24 -25 -45 -21 -57 8 -5 -17 -21 -6 -140 5 -13 10 0.408502 19 8 36 -5 -27 11 33 8 14 -8 29 -7 -7 11 30 -6 -15 -14 17 -8 27 -8 -26 -7 -31 -5 11 -4 8 -4 13 -7 -27 -8 20 -16 14 -16 11 
95 11 5 3 0.3058 4 6 30 4 29 0 -29 0 -28 6 0.950511 55 -12 29 -5 18 -10 29 -7 8 -10 13 -6 15 -10 11 -10 2 -9 6 -5 11 -9 20 0 28 -8 13 -8 26 0 4 -8 8 -11 21 -3 18 -7 17 -9 23 -9 12 -5 3 -5 18 -9 17 -9 20 -9 16 -2 3 0 16 -12 7 -4 7 0 1 -12 30 -2 8 -6 3 -5 4 -3 4 -11 30 -1 30 -2 3 -8 30 -2 5 -4 12 0 11 -6 12 -6 28 -2 19 2 18 0 2 -1 32 -1 32 0 7 1 28 0 23 -2 23 1 28 7 0.595211 12 2 6 6 8 -5 17 -1 4 -1 21 4 25 4 27 -7 -5 6 25 6 0 8 41 6 3 8 0.176829 2 17 -11 12 -2 10 0.572544 10 -2 22 8 4 5 24 -1 11 1 21 2 23 4 1 1 12 -2 32 4 19 
96 11 9 1 0.371795 10 7 -65 1 -59 -3 -66 14 22 16 -63 12 -63 11 -68 0 -61 16 -67 16 -60 3 0.610884 24 -1 -5 1 27 -1 -3 5 23 3 24 2 25 -5 -6 2 24 1 -14 2 17 -2 -11 0 -13 3 -22 0 -12 3 -21 2 -8 -3 21 4 23 4 -29 -3 19 0 -11 0 -10 -1 -21 -1 -23 4 0.422341 6 13 -1 23 9 12 23 40 25 47 22 -6 21 5 0.22807 3 11 -5 13 16 9 16 6 0.714539 32 4 31 4 30 1 23 1 37 0 37 0 17 0 -3 -11 -6 -3 16 2 23 3 33 5 30 -2 3 3 29 0 10 4 23 4 36 -10 -13 -2 15 5 25 7 28 2 28 -2 8 7 27 6 37 6 23 0 0 -11 -28 2 -5 2 19 -12 -15 8 31 7 0.598922 23 6 18 6 17 6 16 5 13 8 25 5 -18 5 9 8 21 7 10 8 19 4 -3 -6 -36 -2 -9 -5 -36 7 -14 -6 -30 -6 -29 -7 -37 -6 -29 -4 -32 -7 -45 -5 -33 -5 -34 8 0.653784 28 17 -6 16 0 13 -7 12 -11 15 -10 15 -9 12 2 11 0 10 -4 7 -10 7 -10 11 -11 13 -5 13 -7 7 -12 12 -5 13 5 15 -5 15 -11 11 -12 14 -8 13 -9 17 -9 16 -11 5 -11 17 -9 8 0 13 2 9 0.341744 7 6 -19 -7 -20 16 -124 3 -27 9 5 7 -34 10 -19 10 0.638259 24 3 37 12 22 3 16 16 15 5 13 3 8 18 33 9 20 8 -8 9 3 13 22 1 -37 10 -1 15 30 5 14 12 25 -12 -33 8 9 5 8 -2 -34 15 32 18 9 18 11 16 27 
97 11 4 0 0.722992 3 -2 -40 0 15 4 19 1 0.42029 1 -6 -79 3 0.932976 8 1 29 1 28 2 24 4 23 5 23 4 9 5 9 3 15 8 0.42029 1 0 -13 
98 11 7 0 0.584606 11 2 27 10 68 8 -48 9 -49 6 -8 3 -46 2 -35 3 -48 8 -26 10 30 0 -47 1 0.927421 47 10 49 9 32 14 30 12 3 14 -51 9 17 9 52 16 26 11 28 13 50 14 0 13 52 12 -26 15 -18 15 -25 7 -53 14 -78 11 48 -4 31 9 -47 12 -51 10 -75 11 50 1 22 8 -75 12 32 8 -51 8 -42 8 -45 -3 -4 6 -24 -1 -44 12 -62 4 -37 2 -16 3 12 10 -3 14 56 11 27 16 18 15 51 10 3 7 -49 5 -48 -4 -78 4 -63 7 -29 3 0.416933 6 5 -23 2 -8 3 0 0 8 0 -4 -2 -2 4 0.420732 3 29 28 36 19 37 14 8 0.458239 7 16 10 12 11 11 12 11 11 14 11 0 -3 17 8 9 0.372385 4 5 -65 -17 -97 -10 -59 26 13 10 0.111392 1 14 25 
99 11 4 1 0.338521 1 -2 -4 4 0.840183 4 3 -25 -25 -14 4 -9 8 -8 8 0.338521 1 -4 -10 9 0.956989 12 -7 -120 1 -110 -20 -19 -19 -7 -13 17 -15 -40 -13 -1 4 -25 -2 -55 -3 -57 -12 -18 -13 3 
100 11 5 1 0.491525 2 5 24 16 25 3 0.928826 12 -2 -4 -2 -11 3 17 -4 0 2 13 2 14 -2 14 2 -5 -2 16 -4 19 -4 16 -3 12 5 0.627586 2 -38 5 -39 -3 9 0.662531 3 -14 -88 -27 -94 -3 -9 10 0.339768 1 17 -22 
101 11 2 3 0.994802 22 3 24 0 8 3 12 3 5 0 7 -3 -22 -1 -16 -2 -19 0 -10 1 -17 1 8 -2 6 -3 7 -3 3 0 2 0 -5 1 -2 -3 -3 3 -1 1 -1 -1 -4 1 5 9 0.335849 1 -14 -104 
102 11 3 7 0.981203 12 4 24 1 26 -2 21 4 27 4 32 0 2 -1 25 -1 24 1 13 -1 26 -1 24 1 12 9 0.46114 1 -10 -47 10 0.429268 1 0 14 
103 11 2 7 0.765396 3 -5 13 -3 -3 -1 17 10 0.963064 8 -13 3 -12 1 4 16 -12 0 -8 3 6 3 -8 2 7 22 
104 11 2 6 0.979955 5 -11 0 -8 16 -7 2 -9 3 -10 4 10 0.661654 1 -2 12 
105 11 3 3 0.659091 2 -5 -15 -3 -14 7 0.938367 7 -4 3 0 30 -2 1 0 19 5 29 4 28 0 13 10 0.684825 2 -3 17 -12 3 
106 11 4 6 0.874752 5 -3 28 -4 7 -4 34 -6 31 -5 34 7 0.635037 2 5 25 -1 -1 9 0.847619 4 -13 -52 -18 -75 -9 -18 -25 -105 10 0.470588 1 5 35 
107 11 5 5 0.89391 5 -38 8 -21 10 -26 10 -24 14 -27 13 6 0.429268 1 -4 26 7 0.591837 2 -1 18 -3 19 9 0.649635 2 -25 -95 17 -140 10 0.79638 4 -2 7 -5 16 4 32 7 30 
108 11 2 6 0.975069 8 -4 5 -5 2 -1 4 -5 31 -2 31 -3 4 -5 1 -3 27 10 0.709677 2 7 20 -7 2 
109 11 2 1 0.612676 2 -2 -48 0 -39 3 0.979529 11 1 28 2 1 2 27 -1 27 3 1 5 14 0 24 2 7 6 25 0 24 4 -2 
110 11 5 0 0.325843 1 8 -58 1 0.922854 11 -7 -11 3 -8 -4 -83 -7 -38 3 -84 17 -84 9 -42 5 -50 4 26 11 23 14 -32 3 0.325843 1 5 -8 9 0.798923 5 -3 -53 -17 -38 -10 -141 11 -35 0 -79 10 0.352 1 16 27 
111 11 2 1 0.659091 2 -5 28 -1 27 9 0.980416 9 -12 -96 -8 -94 -11 -41 -10 -45 26 -24 9 -58 22 -103 -15 -103 -30 -82 
112 11 7 1 0.791938 7 -8 -48 -11 24 -13 -50 -16 26 -16 24 12 16 4 29 2 0.453125 2 5 26 6 26 3 0.283388 1 -5 -11 6 0.594595 3 8 29 10 32 -5 -15 7 0.283388 1 5 10 9 0.755518 5 -22 -145 -24 -88 -20 -64 -11 -72 -24 -109 10 0.67304 4 17 -16 2 -27 13 -17 5 -25 
113 11 2 6 0.979955 5 -3 -13 -3 -16 -1 36 -2 25 -3 36 7 0.635037 1 6 38 
114 11 2 3 0.981203 6 2 30 2 30 3 30 6 11 6 29 6 27 10 0.619718 1 16 -28 
115 11 7 1 0.591837 5 16 36 1 -33 3 -83 6 -24 17 37 2 0.685039 7 7 17 1 14 1 19 -3 -13 -3 -12 0 19 -4 7 3 0.685039 7 3 0 4 27 2 -2 4 -28 0 0 -5 -5 -3 11 6 0.619718 5 1 33 4 31 0 36 7 36 0 30 7 0.591837 5 8 29 8 32 6 29 6 25 7 26 9 0.649635 5 -25 -145 -20 -143 -2 -9 -13 -67 -6 -5 10 0.22335 1 13 9 
116 11 2 1 0.650873 3 -2 -44 1 -36 15 26 3 0.975962 14 6 -26 -2 12 5 -21 -1 16 4 -6 -2 -25 3 9 3 8 4 9 0 -21 -1 -11 -1 -10 4 19 3 22 
