10 133 0
0 0 -1 15 14 8 1 26 30 17 3 32 -2351 
1 1 -1 12 6 16 0 43 40 4 1 32 -411 
2 1 -1 22 18 14 16 39 39 8 8 32 1616 
3 2 0 0 0 0 0 0 0 0 0 0 0 
4 2 -1 14 14 0 0 20 25 19 21 32 -41279 
5 2 -1 7 16 18 1 46 17 1 21 32 -2166 
6 2 -1 17 1 1 16 39 42 5 4 32 -435 
7 3 0 0 0 0 0 0 0 0 0 0 0 
8 3 0 0 0 0 0 0 0 0 0 0 0 
9 3 -1 2 20 17 11 39 37 8 5 32 12629 
10 3 -1 18 20 9 1 38 28 7 5 32 -2570 
11 3 -1 23 11 0 0 7 21 0 0 17 -7 
12 3 -1 6 5 0 0 29 43 0 0 18 23 
13 3 -1 5 11 0 8 46 41 1 1 32 -57 
14 3 -1 12 12 0 8 44 39 3 3 32 -35 
15 4 0 0 0 0 0 0 0 0 0 0 0 
16 4 0 0 0 0 0 0 0 0 0 0 0 
17 4 0 0 0 0 0 0 0 0 0 0 0 
18 4 0 0 0 0 0 0 0 0 0 0 0 
19 4 -1 13 19 21 0 42 40 4 5 32 -1958 
20 4 5 0 0 0 0 0 0 0 0 0 0 
21 4 -1 19 21 0 0 46 4 0 0 15 14 
22 4 -1 16 18 18 9 41 40 5 4 32 8167 
23 4 -1 35 21 0 0 19 3 0 0 2 4 
24 4 -1 8 7 7 3 26 12 21 2 32 -541 
25 4 -1 1 9 0 0 19 43 0 0 17 31 
26 4 -1 5 26 0 0 6 47 0 0 18 4 
27 4 -1 17 11 10 1 31 33 13 2 32 -521 
28 4 -1 2 22 11 15 28 38 11 1 32 563 
29 4 -1 3 20 12 20 36 42 7 2 32 7174 
30 4 -1 22 16 20 13 42 41 2 3 32 10883 
31 5 0 0 0 0 0 0 0 0 0 0 0 
32 5 0 0 0 0 0 0 0 0 0 0 0 
33 5 0 0 0 0 0 0 0 0 0 0 0 
34 5 0 0 0 0 0 0 0 0 0 0 0 
35 5 0 0 0 0 0 0 0 0 0 0 0 
36 5 0 0 0 0 0 0 0 0 0 0 0 
37 5 0 0 0 0 0 0 0 0 0 0 0 
38 5 0 0 0 0 0 0 0 0 0 0 0 
39 5 1 0 0 0 0 0 0 0 0 0 0 
40 5 -1 17 23 0 0 27 34 0 0 2 -23 
41 5 0 0 0 0 0 0 0 0 0 0 0 
42 5 0 0 0 0 0 0 0 0 0 0 0 
43 5 -1 15 18 0 6 39 44 3 3 32 -550 
44 5 -1 22 19 0 2 41 27 5 8 32 -3121 
45 5 -1 17 6 20 13 42 45 5 1 32 7242 
46 5 -1 2 39 0 0 32 12 0 0 7 44 
47 5 -1 0 23 0 0 25 3 0 0 17 0 
48 5 50 0 0 0 0 0 0 0 0 0 0 
49 5 51 0 0 0 0 0 0 0 0 0 0 
50 5 -1 19 7 10 17 32 27 12 8 32 -2149 
51 5 -1 5 32 0 0 41 44 0 0 0 24 
52 5 69 0 0 0 0 0 0 0 0 0 0 
53 5 -1 2 41 0 0 27 42 0 0 6 -32 
54 5 -1 21 20 16 7 45 35 2 10 32 -15 
55 5 -1 3 19 3 17 18 39 20 1 32 518 
56 5 -1 4 0 2 21 8 35 34 9 32 -8407 
57 5 109 0 0 0 0 0 0 0 0 0 0 
58 5 -1 43 28 0 0 39 13 0 0 7 -4 
59 5 -1 20 14 1 2 26 28 14 6 32 -2446 
60 5 -1 47 38 0 0 28 15 0 0 17 -24 
61 5 -1 1 18 3 10 7 44 40 2 32 -276 
62 5 -1 4 19 14 21 41 45 3 2 32 16845 
63 6 0 0 0 0 0 0 0 0 0 0 0 
64 6 0 0 0 0 0 0 0 0 0 0 0 
65 6 0 0 0 0 0 0 0 0 0 0 0 
66 6 0 0 0 0 0 0 0 0 0 0 0 
67 6 0 0 0 0 0 0 0 0 0 0 0 
68 6 0 0 0 0 0 0 0 0 0 0 0 
69 6 0 0 0 0 0 0 0 0 0 0 0 
70 6 0 0 0 0 0 0 0 0 0 0 0 
71 6 0 0 0 0 0 0 0 0 0 0 0 
72 6 0 0 0 0 0 0 0 0 0 0 0 
73 6 0 0 0 0 0 0 0 0 0 0 0 
74 6 0 0 0 0 0 0 0 0 0 0 0 
75 6 0 0 0 0 0 0 0 0 0 0 0 
76 6 0 0 0 0 0 0 0 0 0 0 0 
77 6 0 0 0 0 0 0 0 0 0 0 0 
78 6 0 0 0 0 0 0 0 0 0 0 0 
79 6 0 0 0 0 0 0 0 0 0 0 0 
80 6 0 0 0 0 0 0 0 0 0 0 0 
81 6 2 0 0 0 0 0 0 0 0 0 0 
82 6 -1 39 35 0 0 26 39 0 0 0 18 
83 6 0 0 0 0 0 0 0 0 0 0 0 
84 6 0 0 0 0 0 0 0 0 0 0 0 
85 6 0 0 0 0 0 0 0 0 0 0 0 
86 6 0 0 0 0 0 0 0 0 0 0 0 
87 6 -1 17 5 22 10 46 34 1 8 32 19850 
88 6 -1 15 3 7 7 39 12 3 21 32 45 
89 6 -1 9 17 2 10 15 33 15 13 32 -13092 
90 6 -1 5 3 22 2 38 11 9 11 32 -6229 
91 6 43 0 0 0 0 0 0 0 0 0 0 
92 6 44 0 0 0 0 0 0 0 0 0 0 
93 6 45 0 0 0 0 0 0 0 0 0 0 
94 6 46 0 0 0 0 0 0 0 0 0 0 
95 6 47 0 0 0 0 0 0 0 0 0 0 
96 6 -1 5 2 6 19 46 25 1 5 32 -924 
97 6 0 0 0 0 0 0 0 0 0 0 0 
98 6 0 0 0 0 0 0 0 0 0 0 0 
99 6 0 0 0 0 0 0 0 0 0 0 0 
100 6 0 0 0 0 0 0 0 0 0 0 0 
101 6 52 0 0 0 0 0 0 0 0 0 0 
102 6 53 0 0 0 0 0 0 0 0 0 0 
103 6 -1 22 2 20 11 42 36 4 9 32 4768 
104 6 -1 29 16 0 0 8 2 0 0 3 36 
105 6 0 0 0 0 0 0 0 0 0 0 0 
106 6 0 0 0 0 0 0 0 0 0 0 0 
107 6 -1 13 21 9 3 23 37 7 8 32 -800 
108 6 -1 4 9 2 0 41 13 6 13 32 -556 
109 6 78 0 0 0 0 0 0 0 0 0 0 
110 6 79 0 0 0 0 0 0 0 0 0 0 
111 6 -1 2 2 16 19 22 26 10 21 32 -1960 
112 6 -1 15 16 3 20 24 43 10 4 32 141 
113 6 -1 28 46 0 0 25 4 0 0 16 -38 
114 6 -1 13 19 1 5 35 42 8 5 32 -1406 
115 6 0 0 0 0 0 0 0 0 0 0 0 
116 6 0 0 0 0 0 0 0 0 0 0 0 
117 6 -1 10 4 14 12 33 19 13 15 32 63 
118 6 112 0 0 0 0 0 0 0 0 0 0 
119 6 -1 3 21 2 10 24 31 6 3 32 -620 
120 6 115 0 0 0 0 0 0 0 0 0 0 
121 6 116 0 0 0 0 0 0 0 0 0 0 
122 6 -1 22 12 2 22 24 45 3 2 32 1301 
123 6 -1 6 4 8 3 15 41 16 4 32 -2155 
124 6 -1 4 8 0 0 42 32 0 0 18 -27 
125 6 -1 13 11 20 3 43 18 4 5 32 2994 
126 6 132 0 0 0 0 0 0 0 0 0 0 
127 7 0 0 0 0 0 0 0 0 0 0 0 
128 7 0 0 0 0 0 0 0 0 0 0 0 
129 7 0 0 0 0 0 0 0 0 0 0 0 
130 7 0 0 0 0 0 0 0 0 0 0 0 
131 7 0 0 0 0 0 0 0 0 0 0 0 
132 7 0 0 0 0 0 0 0 0 0 0 0 
133 7 0 0 0 0 0 0 0 0 0 0 0 
134 7 0 0 0 0 0 0 0 0 0 0 0 
135 7 0 0 0 0 0 0 0 0 0 0 0 
136 7 0 0 0 0 0 0 0 0 0 0 0 
137 7 0 0 0 0 0 0 0 0 0 0 0 
138 7 0 0 0 0 0 0 0 0 0 0 0 
139 7 0 0 0 0 0 0 0 0 0 0 0 
140 7 0 0 0 0 0 0 0 0 0 0 0 
141 7 0 0 0 0 0 0 0 0 0 0 0 
142 7 0 0 0 0 0 0 0 0 0 0 0 
143 7 0 0 0 0 0 0 0 0 0 0 0 
144 7 0 0 0 0 0 0 0 0 0 0 0 
145 7 0 0 0 0 0 0 0 0 0 0 0 
146 7 0 0 0 0 0 0 0 0 0 0 0 
147 7 0 0 0 0 0 0 0 0 0 0 0 
148 7 0 0 0 0 0 0 0 0 0 0 0 
149 7 0 0 0 0 0 0 0 0 0 0 0 
150 7 0 0 0 0 0 0 0 0 0 0 0 
151 7 0 0 0 0 0 0 0 0 0 0 0 
152 7 0 0 0 0 0 0 0 0 0 0 0 
153 7 0 0 0 0 0 0 0 0 0 0 0 
154 7 0 0 0 0 0 0 0 0 0 0 0 
155 7 0 0 0 0 0 0 0 0 0 0 0 
156 7 0 0 0 0 0 0 0 0 0 0 0 
157 7 0 0 0 0 0 0 0 0 0 0 0 
158 7 0 0 0 0 0 0 0 0 0 0 0 
159 7 0 0 0 0 0 0 0 0 0 0 0 
160 7 0 0 0 0 0 0 0 0 0 0 0 
161 7 0 0 0 0 0 0 0 0 0 0 0 
162 7 0 0 0 0 0 0 0 0 0 0 0 
163 7 0 0 0 0 0 0 0 0 0 0 0 
164 7 0 0 0 0 0 0 0 0 0 0 0 
165 7 3 0 0 0 0 0 0 0 0 0 0 
166 7 4 0 0 0 0 0 0 0 0 0 0 
167 7 0 0 0 0 0 0 0 0 0 0 0 
168 7 0 0 0 0 0 0 0 0 0 0 0 
169 7 0 0 0 0 0 0 0 0 0 0 0 
170 7 0 0 0 0 0 0 0 0 0 0 0 
171 7 0 0 0 0 0 0 0 0 0 0 0 
172 7 0 0 0 0 0 0 0 0 0 0 0 
173 7 0 0 0 0 0 0 0 0 0 0 0 
174 7 0 0 0 0 0 0 0 0 0 0 0 
175 7 -1 30 18 0 0 15 40 0 0 15 -27 
176 7 -1 26 29 0 0 47 47 0 0 3 3 
177 7 -1 17 41 0 0 23 25 0 0 16 -31 
178 7 -1 2 8 19 18 22 45 2 1 32 35558 
179 7 -1 23 15 0 0 30 39 0 0 2 -9 
180 7 -1 10 23 0 0 21 13 0 0 17 12 
181 7 -1 47 9 0 0 5 22 0 0 2 3 
182 7 -1 18 37 0 0 19 46 0 0 4 -9 
183 7 0 0 0 0 0 0 0 0 0 0 0 
184 7 0 0 0 0 0 0 0 0 0 0 0 
185 7 0 0 0 0 0 0 0 0 0 0 0 
186 7 0 0 0 0 0 0 0 0 0 0 0 
187 7 0 0 0 0 0 0 0 0 0 0 0 
188 7 0 0 0 0 0 0 0 0 0 0 0 
189 7 0 0 0 0 0 0 0 0 0 0 0 
190 7 0 0 0 0 0 0 0 0 0 0 0 
191 7 0 0 0 0 0 0 0 0 0 0 0 
192 7 0 0 0 0 0 0 0 0 0 0 0 
193 7 48 0 0 0 0 0 0 0 0 0 0 
194 7 49 0 0 0 0 0 0 0 0 0 0 
195 7 0 0 0 0 0 0 0 0 0 0 0 
196 7 0 0 0 0 0 0 0 0 0 0 0 
197 7 0 0 0 0 0 0 0 0 0 0 0 
198 7 0 0 0 0 0 0 0 0 0 0 0 
199 7 0 0 0 0 0 0 0 0 0 0 0 
200 7 0 0 0 0 0 0 0 0 0 0 0 
201 7 0 0 0 0 0 0 0 0 0 0 0 
202 7 0 0 0 0 0 0 0 0 0 0 0 
203 7 0 0 0 0 0 0 0 0 0 0 0 
204 7 0 0 0 0 0 0 0 0 0 0 0 
205 7 0 0 0 0 0 0 0 0 0 0 0 
206 7 0 0 0 0 0 0 0 0 0 0 0 
207 7 -1 44 26 0 0 19 9 0 0 16 -25 
208 7 59 0 0 0 0 0 0 0 0 0 0 
209 7 -1 8 4 11 14 44 27 1 17 32 -819 
210 7 -1 24 18 0 0 3 14 0 0 16 0 
211 7 0 0 0 0 0 0 0 0 0 0 0 
212 7 0 0 0 0 0 0 0 0 0 0 0 
213 7 0 0 0 0 0 0 0 0 0 0 0 
214 7 0 0 0 0 0 0 0 0 0 0 0 
215 7 70 0 0 0 0 0 0 0 0 0 0 
216 7 -1 0 4 4 0 17 44 27 1 32 -217 
217 7 74 0 0 0 0 0 0 0 0 0 0 
218 7 -1 29 18 0 0 4 1 0 0 15 34 
219 7 0 0 0 0 0 0 0 0 0 0 0 
220 7 0 0 0 0 0 0 0 0 0 0 0 
221 7 0 0 0 0 0 0 0 0 0 0 0 
222 7 0 0 0 0 0 0 0 0 0 0 0 
223 7 -1 19 4 22 5 41 28 4 6 32 -574 
224 7 -1 0 3 5 21 43 35 2 9 32 1013 
225 7 89 0 0 0 0 0 0 0 0 0 0 
226 7 90 0 0 0 0 0 0 0 0 0 0 
227 7 -1 5 0 0 17 13 27 30 13 32 -13296 
228 7 -1 41 19 0 0 15 41 0 0 1 33 
229 7 106 0 0 0 0 0 0 0 0 0 0 
230 7 -1 1 18 18 9 36 29 6 7 32 -555 
231 7 0 0 0 0 0 0 0 0 0 0 0 
232 7 0 0 0 0 0 0 0 0 0 0 0 
233 7 0 0 0 0 0 0 0 0 0 0 0 
234 7 0 0 0 0 0 0 0 0 0 0 0 
235 7 110 0 0 0 0 0 0 0 0 0 0 
236 7 111 0 0 0 0 0 0 0 0 0 0 
237 7 0 0 0 0 0 0 0 0 0 0 0 
238 7 0 0 0 0 0 0 0 0 0 0 0 
239 7 113 0 0 0 0 0 0 0 0 0 0 
240 7 114 0 0 0 0 0 0 0 0 0 0 
241 7 0 0 0 0 0 0 0 0 0 0 0 
242 7 0 0 0 0 0 0 0 0 0 0 0 
243 7 0 0 0 0 0 0 0 0 0 0 0 
244 7 0 0 0 0 0 0 0 0 0 0 0 
245 7 -1 17 3 0 0 41 34 0 0 2 10 
246 7 -1 37 40 0 0 32 20 0 0 0 -10 
247 7 124 0 0 0 0 0 0 0 0 0 0 
248 7 125 0 0 0 0 0 0 0 0 0 0 
249 7 126 0 0 0 0 0 0 0 0 0 0 
250 7 -1 16 20 0 0 36 32 0 0 6 26 
251 7 130 0 0 0 0 0 0 0 0 0 0 
252 7 131 0 0 0 0 0 0 0 0 0 0 
253 7 0 0 0 0 0 0 0 0 0 0 0 
254 7 0 0 0 0 0 0 0 0 0 0 0 
255 8 0 0 0 0 0 0 0 0 0 0 0 
256 8 0 0 0 0 0 0 0 0 0 0 0 
257 8 0 0 0 0 0 0 0 0 0 0 0 
258 8 0 0 0 0 0 0 0 0 0 0 0 
259 8 0 0 0 0 0 0 0 0 0 0 0 
260 8 0 0 0 0 0 0 0 0 0 0 0 
261 8 0 0 0 0 0 0 0 0 0 0 0 
262 8 0 0 0 0 0 0 0 0 0 0 0 
263 8 0 0 0 0 0 0 0 0 0 0 0 
264 8 0 0 0 0 0 0 0 0 0 0 0 
265 8 0 0 0 0 0 0 0 0 0 0 0 
266 8 0 0 0 0 0 0 0 0 0 0 0 
267 8 0 0 0 0 0 0 0 0 0 0 0 
268 8 0 0 0 0 0 0 0 0 0 0 0 
269 8 0 0 0 0 0 0 0 0 0 0 0 
270 8 0 0 0 0 0 0 0 0 0 0 0 
271 8 0 0 0 0 0 0 0 0 0 0 0 
272 8 0 0 0 0 0 0 0 0 0 0 0 
273 8 0 0 0 0 0 0 0 0 0 0 0 
274 8 0 0 0 0 0 0 0 0 0 0 0 
275 8 0 0 0 0 0 0 0 0 0 0 0 
276 8 0 0 0 0 0 0 0 0 0 0 0 
277 8 0 0 0 0 0 0 0 0 0 0 0 
278 8 0 0 0 0 0 0 0 0 0 0 0 
279 8 0 0 0 0 0 0 0 0 0 0 0 
280 8 0 0 0 0 0 0 0 0 0 0 0 
281 8 0 0 0 0 0 0 0 0 0 0 0 
282 8 0 0 0 0 0 0 0 0 0 0 0 
283 8 0 0 0 0 0 0 0 0 0 0 0 
284 8 0 0 0 0 0 0 0 0 0 0 0 
285 8 0 0 0 0 0 0 0 0 0 0 0 
286 8 0 0 0 0 0 0 0 0 0 0 0 
287 8 0 0 0 0 0 0 0 0 0 0 0 
288 8 0 0 0 0 0 0 0 0 0 0 0 
289 8 0 0 0 0 0 0 0 0 0 0 0 
290 8 0 0 0 0 0 0 0 0 0 0 0 
291 8 0 0 0 0 0 0 0 0 0 0 0 
292 8 0 0 0 0 0 0 0 0 0 0 0 
293 8 0 0 0 0 0 0 0 0 0 0 0 
294 8 0 0 0 0 0 0 0 0 0 0 0 
295 8 0 0 0 0 0 0 0 0 0 0 0 
296 8 0 0 0 0 0 0 0 0 0 0 0 
297 8 0 0 0 0 0 0 0 0 0 0 0 
298 8 0 0 0 0 0 0 0 0 0 0 0 
299 8 0 0 0 0 0 0 0 0 0 0 0 
300 8 0 0 0 0 0 0 0 0 0 0 0 
301 8 0 0 0 0 0 0 0 0 0 0 0 
302 8 0 0 0 0 0 0 0 0 0 0 0 
303 8 0 0 0 0 0 0 0 0 0 0 0 
304 8 0 0 0 0 0 0 0 0 0 0 0 
305 8 0 0 0 0 0 0 0 0 0 0 0 
306 8 0 0 0 0 0 0 0 0 0 0 0 
307 8 0 0 0 0 0 0 0 0 0 0 0 
308 8 0 0 0 0 0 0 0 0 0 0 0 
309 8 0 0 0 0 0 0 0 0 0 0 0 
310 8 0 0 0 0 0 0 0 0 0 0 0 
311 8 0 0 0 0 0 0 0 0 0 0 0 
312 8 0 0 0 0 0 0 0 0 0 0 0 
313 8 0 0 0 0 0 0 0 0 0 0 0 
314 8 0 0 0 0 0 0 0 0 0 0 0 
315 8 0 0 0 0 0 0 0 0 0 0 0 
316 8 0 0 0 0 0 0 0 0 0 0 0 
317 8 0 0 0 0 0 0 0 0 0 0 0 
318 8 0 0 0 0 0 0 0 0 0 0 0 
319 8 0 0 0 0 0 0 0 0 0 0 0 
320 8 0 0 0 0 0 0 0 0 0 0 0 
321 8 0 0 0 0 0 0 0 0 0 0 0 
322 8 0 0 0 0 0 0 0 0 0 0 0 
323 8 0 0 0 0 0 0 0 0 0 0 0 
324 8 0 0 0 0 0 0 0 0 0 0 0 
325 8 0 0 0 0 0 0 0 0 0 0 0 
326 8 0 0 0 0 0 0 0 0 0 0 0 
327 8 0 0 0 0 0 0 0 0 0 0 0 
328 8 0 0 0 0 0 0 0 0 0 0 0 
329 8 0 0 0 0 0 0 0 0 0 0 0 
330 8 0 0 0 0 0 0 0 0 0 0 0 
331 8 0 0 0 0 0 0 0 0 0 0 0 
332 8 0 0 0 0 0 0 0 0 0 0 0 
333 8 0 0 0 0 0 0 0 0 0 0 0 
334 8 0 0 0 0 0 0 0 0 0 0 0 
335 8 0 0 0 0 0 0 0 0 0 0 0 
336 8 0 0 0 0 0 0 0 0 0 0 0 
337 8 0 0 0 0 0 0 0 0 0 0 0 
338 8 0 0 0 0 0 0 0 0 0 0 0 
339 8 0 0 0 0 0 0 0 0 0 0 0 
340 8 0 0 0 0 0 0 0 0 0 0 0 
341 8 0 0 0 0 0 0 0 0 0 0 0 
342 8 0 0 0 0 0 0 0 0 0 0 0 
343 8 0 0 0 0 0 0 0 0 0 0 0 
344 8 0 0 0 0 0 0 0 0 0 0 0 
345 8 0 0 0 0 0 0 0 0 0 0 0 
346 8 0 0 0 0 0 0 0 0 0 0 0 
347 8 0 0 0 0 0 0 0 0 0 0 0 
348 8 0 0 0 0 0 0 0 0 0 0 0 
349 8 0 0 0 0 0 0 0 0 0 0 0 
350 8 0 0 0 0 0 0 0 0 0 0 0 
351 8 -1 4 12 5 0 20 45 23 1 32 -1766 
352 8 -1 6 38 0 0 41 32 0 0 1 -12 
353 8 13 0 0 0 0 0 0 0 0 0 0 
354 8 -1 6 6 0 0 10 31 0 0 3 -19 
355 8 -1 20 24 0 0 38 36 0 0 2 -16 
356 8 19 0 0 0 0 0 0 0 0 0 0 
357 8 -1 15 36 0 0 3 45 0 0 14 32 
358 8 -1 22 47 0 0 34 41 0 0 14 24 
359 8 25 0 0 0 0 0 0 0 0 0 0 
360 8 26 0 0 0 0 0 0 0 0 0 0 
361 8 -1 29 21 0 0 1 45 0 0 1 8 
362 8 30 0 0 0 0 0 0 0 0 0 0 
363 8 -1 21 5 13 15 46 38 1 3 32 17204 
364 8 -1 46 24 0 0 26 36 0 0 8 -6 
365 8 38 0 0 0 0 0 0 0 0 0 0 
366 8 -1 9 44 0 0 20 18 0 0 17 -12 
367 8 0 0 0 0 0 0 0 0 0 0 0 
368 8 0 0 0 0 0 0 0 0 0 0 0 
369 8 0 0 0 0 0 0 0 0 0 0 0 
370 8 0 0 0 0 0 0 0 0 0 0 0 
371 8 0 0 0 0 0 0 0 0 0 0 0 
372 8 0 0 0 0 0 0 0 0 0 0 0 
373 8 0 0 0 0 0 0 0 0 0 0 0 
374 8 0 0 0 0 0 0 0 0 0 0 0 
375 8 0 0 0 0 0 0 0 0 0 0 0 
376 8 0 0 0 0 0 0 0 0 0 0 0 
377 8 0 0 0 0 0 0 0 0 0 0 0 
378 8 0 0 0 0 0 0 0 0 0 0 0 
379 8 0 0 0 0 0 0 0 0 0 0 0 
380 8 0 0 0 0 0 0 0 0 0 0 0 
381 8 0 0 0 0 0 0 0 0 0 0 0 
382 8 0 0 0 0 0 0 0 0 0 0 0 
383 8 0 0 0 0 0 0 0 0 0 0 0 
384 8 0 0 0 0 0 0 0 0 0 0 0 
385 8 0 0 0 0 0 0 0 0 0 0 0 
386 8 0 0 0 0 0 0 0 0 0 0 0 
387 8 0 0 0 0 0 0 0 0 0 0 0 
388 8 0 0 0 0 0 0 0 0 0 0 0 
389 8 0 0 0 0 0 0 0 0 0 0 0 
390 8 0 0 0 0 0 0 0 0 0 0 0 
391 8 0 0 0 0 0 0 0 0 0 0 0 
392 8 0 0 0 0 0 0 0 0 0 0 0 
393 8 0 0 0 0 0 0 0 0 0 0 0 
394 8 0 0 0 0 0 0 0 0 0 0 0 
395 8 0 0 0 0 0 0 0 0 0 0 0 
396 8 0 0 0 0 0 0 0 0 0 0 0 
397 8 0 0 0 0 0 0 0 0 0 0 0 
398 8 0 0 0 0 0 0 0 0 0 0 0 
399 8 0 0 0 0 0 0 0 0 0 0 0 
400 8 0 0 0 0 0 0 0 0 0 0 0 
401 8 0 0 0 0 0 0 0 0 0 0 0 
402 8 0 0 0 0 0 0 0 0 0 0 0 
403 8 0 0 0 0 0 0 0 0 0 0 0 
404 8 0 0 0 0 0 0 0 0 0 0 0 
405 8 0 0 0 0 0 0 0 0 0 0 0 
406 8 0 0 0 0 0 0 0 0 0 0 0 
407 8 0 0 0 0 0 0 0 0 0 0 0 
408 8 0 0 0 0 0 0 0 0 0 0 0 
409 8 0 0 0 0 0 0 0 0 0 0 0 
410 8 0 0 0 0 0 0 0 0 0 0 0 
411 8 0 0 0 0 0 0 0 0 0 0 0 
412 8 0 0 0 0 0 0 0 0 0 0 0 
413 8 0 0 0 0 0 0 0 0 0 0 0 
414 8 0 0 0 0 0 0 0 0 0 0 0 
415 8 -1 2 9 9 0 28 25 2 14 32 -288 
416 8 -1 0 16 1 1 5 24 11 1 32 -132 
417 8 0 0 0 0 0 0 0 0 0 0 0 
418 8 0 0 0 0 0 0 0 0 0 0 0 
419 8 -1 16 13 0 0 24 16 0 0 12 -12 
420 8 -1 13 41 0 0 21 3 0 0 5 -16 
421 8 -1 15 18 0 0 31 1 0 0 19 0 
422 8 -1 24 2 0 0 8 33 0 0 12 1 
423 8 0 0 0 0 0 0 0 0 0 0 0 
424 8 0 0 0 0 0 0 0 0 0 0 0 
425 8 0 0 0 0 0 0 0 0 0 0 0 
426 8 0 0 0 0 0 0 0 0 0 0 0 
427 8 0 0 0 0 0 0 0 0 0 0 0 
428 8 0 0 0 0 0 0 0 0 0 0 0 
429 8 0 0 0 0 0 0 0 0 0 0 0 
430 8 0 0 0 0 0 0 0 0 0 0 0 
431 8 0 0 0 0 0 0 0 0 0 0 0 
432 8 0 0 0 0 0 0 0 0 0 0 0 
433 8 71 0 0 0 0 0 0 0 0 0 0 
434 8 -1 9 36 0 0 37 31 0 0 3 -30 
435 8 0 0 0 0 0 0 0 0 0 0 0 
436 8 0 0 0 0 0 0 0 0 0 0 0 
437 8 -1 3 38 0 0 27 46 0 0 4 -33 
438 8 77 0 0 0 0 0 0 0 0 0 0 
439 8 0 0 0 0 0 0 0 0 0 0 0 
440 8 0 0 0 0 0 0 0 0 0 0 0 
441 8 0 0 0 0 0 0 0 0 0 0 0 
442 8 0 0 0 0 0 0 0 0 0 0 0 
443 8 0 0 0 0 0 0 0 0 0 0 0 
444 8 0 0 0 0 0 0 0 0 0 0 0 
445 8 0 0 0 0 0 0 0 0 0 0 0 
446 8 0 0 0 0 0 0 0 0 0 0 0 
447 8 -1 14 12 1 1 46 20 1 25 32 -1273 
448 8 -1 21 18 8 15 46 43 1 2 32 5399 
449 8 85 0 0 0 0 0 0 0 0 0 0 
450 8 -1 13 21 9 6 33 34 8 8 32 -761 
451 8 0 0 0 0 0 0 0 0 0 0 0 
452 8 0 0 0 0 0 0 0 0 0 0 0 
453 8 0 0 0 0 0 0 0 0 0 0 0 
454 8 0 0 0 0 0 0 0 0 0 0 0 
455 8 -1 10 7 0 0 33 45 0 0 1 -32 
456 8 -1 25 7 0 0 25 28 0 0 4 -38 
457 8 -1 8 45 0 0 0 2 0 0 1 -13 
458 8 -1 43 15 0 0 27 42 0 0 6 22 
459 8 0 0 0 0 0 0 0 0 0 0 0 
460 8 0 0 0 0 0 0 0 0 0 0 0 
461 8 107 0 0 0 0 0 0 0 0 0 0 
462 8 108 0 0 0 0 0 0 0 0 0 0 
463 8 0 0 0 0 0 0 0 0 0 0 0 
464 8 0 0 0 0 0 0 0 0 0 0 0 
465 8 0 0 0 0 0 0 0 0 0 0 0 
466 8 0 0 0 0 0 0 0 0 0 0 0 
467 8 0 0 0 0 0 0 0 0 0 0 0 
468 8 0 0 0 0 0 0 0 0 0 0 0 
469 8 0 0 0 0 0 0 0 0 0 0 0 
470 8 0 0 0 0 0 0 0 0 0 0 0 
471 8 0 0 0 0 0 0 0 0 0 0 0 
472 8 0 0 0 0 0 0 0 0 0 0 0 
473 8 0 0 0 0 0 0 0 0 0 0 0 
474 8 0 0 0 0 0 0 0 0 0 0 0 
475 8 0 0 0 0 0 0 0 0 0 0 0 
476 8 0 0 0 0 0 0 0 0 0 0 0 
477 8 0 0 0 0 0 0 0 0 0 0 0 
478 8 0 0 0 0 0 0 0 0 0 0 0 
479 8 0 0 0 0 0 0 0 0 0 0 0 
480 8 0 0 0 0 0 0 0 0 0 0 0 
481 8 0 0 0 0 0 0 0 0 0 0 0 
482 8 0 0 0 0 0 0 0 0 0 0 0 
483 8 0 0 0 0 0 0 0 0 0 0 0 
484 8 0 0 0 0 0 0 0 0 0 0 0 
485 8 0 0 0 0 0 0 0 0 0 0 0 
486 8 0 0 0 0 0 0 0 0 0 0 0 
487 8 0 0 0 0 0 0 0 0 0 0 0 
488 8 0 0 0 0 0 0 0 0 0 0 0 
489 8 0 0 0 0 0 0 0 0 0 0 0 
490 8 0 0 0 0 0 0 0 0 0 0 0 
491 8 -1 16 18 0 4 16 23 7 12 32 -2837 
492 8 120 0 0 0 0 0 0 0 0 0 0 
493 8 -1 27 9 0 0 24 25 0 0 15 -2 
494 8 123 0 0 0 0 0 0 0 0 0 0 
495 8 0 0 0 0 0 0 0 0 0 0 0 
496 8 0 0 0 0 0 0 0 0 0 0 0 
497 8 0 0 0 0 0 0 0 0 0 0 0 
498 8 0 0 0 0 0 0 0 0 0 0 0 
499 8 0 0 0 0 0 0 0 0 0 0 0 
500 8 0 0 0 0 0 0 0 0 0 0 0 
501 8 -1 2 10 18 3 23 17 6 10 32 -139 
502 8 129 0 0 0 0 0 0 0 0 0 0 
503 8 0 0 0 0 0 0 0 0 0 0 0 
504 8 0 0 0 0 0 0 0 0 0 0 0 
505 8 0 0 0 0 0 0 0 0 0 0 0 
506 8 0 0 0 0 0 0 0 0 0 0 0 
507 8 0 0 0 0 0 0 0 0 0 0 0 
508 8 0 0 0 0 0 0 0 0 0 0 0 
509 8 0 0 0 0 0 0 0 0 0 0 0 
510 8 0 0 0 0 0 0 0 0 0 0 0 
511 9 0 0 0 0 0 0 0 0 0 0 0 
512 9 0 0 0 0 0 0 0 0 0 0 0 
513 9 0 0 0 0 0 0 0 0 0 0 0 
514 9 0 0 0 0 0 0 0 0 0 0 0 
515 9 0 0 0 0 0 0 0 0 0 0 0 
516 9 0 0 0 0 0 0 0 0 0 0 0 
517 9 0 0 0 0 0 0 0 0 0 0 0 
518 9 0 0 0 0 0 0 0 0 0 0 0 
519 9 0 0 0 0 0 0 0 0 0 0 0 
520 9 0 0 0 0 0 0 0 0 0 0 0 
521 9 0 0 0 0 0 0 0 0 0 0 0 
522 9 0 0 0 0 0 0 0 0 0 0 0 
523 9 0 0 0 0 0 0 0 0 0 0 0 
524 9 0 0 0 0 0 0 0 0 0 0 0 
525 9 0 0 0 0 0 0 0 0 0 0 0 
526 9 0 0 0 0 0 0 0 0 0 0 0 
527 9 0 0 0 0 0 0 0 0 0 0 0 
528 9 0 0 0 0 0 0 0 0 0 0 0 
529 9 0 0 0 0 0 0 0 0 0 0 0 
530 9 0 0 0 0 0 0 0 0 0 0 0 
531 9 0 0 0 0 0 0 0 0 0 0 0 
532 9 0 0 0 0 0 0 0 0 0 0 0 
533 9 0 0 0 0 0 0 0 0 0 0 0 
534 9 0 0 0 0 0 0 0 0 0 0 0 
535 9 0 0 0 0 0 0 0 0 0 0 0 
536 9 0 0 0 0 0 0 0 0 0 0 0 
537 9 0 0 0 0 0 0 0 0 0 0 0 
538 9 0 0 0 0 0 0 0 0 0 0 0 
539 9 0 0 0 0 0 0 0 0 0 0 0 
540 9 0 0 0 0 0 0 0 0 0 0 0 
541 9 0 0 0 0 0 0 0 0 0 0 0 
542 9 0 0 0 0 0 0 0 0 0 0 0 
543 9 0 0 0 0 0 0 0 0 0 0 0 
544 9 0 0 0 0 0 0 0 0 0 0 0 
545 9 0 0 0 0 0 0 0 0 0 0 0 
546 9 0 0 0 0 0 0 0 0 0 0 0 
547 9 0 0 0 0 0 0 0 0 0 0 0 
548 9 0 0 0 0 0 0 0 0 0 0 0 
549 9 0 0 0 0 0 0 0 0 0 0 0 
550 9 0 0 0 0 0 0 0 0 0 0 0 
551 9 0 0 0 0 0 0 0 0 0 0 0 
552 9 0 0 0 0 0 0 0 0 0 0 0 
553 9 0 0 0 0 0 0 0 0 0 0 0 
554 9 0 0 0 0 0 0 0 0 0 0 0 
555 9 0 0 0 0 0 0 0 0 0 0 0 
556 9 0 0 0 0 0 0 0 0 0 0 0 
557 9 0 0 0 0 0 0 0 0 0 0 0 
558 9 0 0 0 0 0 0 0 0 0 0 0 
559 9 0 0 0 0 0 0 0 0 0 0 0 
560 9 0 0 0 0 0 0 0 0 0 0 0 
561 9 0 0 0 0 0 0 0 0 0 0 0 
562 9 0 0 0 0 0 0 0 0 0 0 0 
563 9 0 0 0 0 0 0 0 0 0 0 0 
564 9 0 0 0 0 0 0 0 0 0 0 0 
565 9 0 0 0 0 0 0 0 0 0 0 0 
566 9 0 0 0 0 0 0 0 0 0 0 0 
567 9 0 0 0 0 0 0 0 0 0 0 0 
568 9 0 0 0 0 0 0 0 0 0 0 0 
569 9 0 0 0 0 0 0 0 0 0 0 0 
570 9 0 0 0 0 0 0 0 0 0 0 0 
571 9 0 0 0 0 0 0 0 0 0 0 0 
572 9 0 0 0 0 0 0 0 0 0 0 0 
573 9 0 0 0 0 0 0 0 0 0 0 0 
574 9 0 0 0 0 0 0 0 0 0 0 0 
575 9 0 0 0 0 0 0 0 0 0 0 0 
576 9 0 0 0 0 0 0 0 0 0 0 0 
577 9 0 0 0 0 0 0 0 0 0 0 0 
578 9 0 0 0 0 0 0 0 0 0 0 0 
579 9 0 0 0 0 0 0 0 0 0 0 0 
580 9 0 0 0 0 0 0 0 0 0 0 0 
581 9 0 0 0 0 0 0 0 0 0 0 0 
582 9 0 0 0 0 0 0 0 0 0 0 0 
583 9 0 0 0 0 0 0 0 0 0 0 0 
584 9 0 0 0 0 0 0 0 0 0 0 0 
585 9 0 0 0 0 0 0 0 0 0 0 0 
586 9 0 0 0 0 0 0 0 0 0 0 0 
587 9 0 0 0 0 0 0 0 0 0 0 0 
588 9 0 0 0 0 0 0 0 0 0 0 0 
589 9 0 0 0 0 0 0 0 0 0 0 0 
590 9 0 0 0 0 0 0 0 0 0 0 0 
591 9 0 0 0 0 0 0 0 0 0 0 0 
592 9 0 0 0 0 0 0 0 0 0 0 0 
593 9 0 0 0 0 0 0 0 0 0 0 0 
594 9 0 0 0 0 0 0 0 0 0 0 0 
595 9 0 0 0 0 0 0 0 0 0 0 0 
596 9 0 0 0 0 0 0 0 0 0 0 0 
597 9 0 0 0 0 0 0 0 0 0 0 0 
598 9 0 0 0 0 0 0 0 0 0 0 0 
599 9 0 0 0 0 0 0 0 0 0 0 0 
600 9 0 0 0 0 0 0 0 0 0 0 0 
601 9 0 0 0 0 0 0 0 0 0 0 0 
602 9 0 0 0 0 0 0 0 0 0 0 0 
603 9 0 0 0 0 0 0 0 0 0 0 0 
604 9 0 0 0 0 0 0 0 0 0 0 0 
605 9 0 0 0 0 0 0 0 0 0 0 0 
606 9 0 0 0 0 0 0 0 0 0 0 0 
607 9 0 0 0 0 0 0 0 0 0 0 0 
608 9 0 0 0 0 0 0 0 0 0 0 0 
609 9 0 0 0 0 0 0 0 0 0 0 0 
610 9 0 0 0 0 0 0 0 0 0 0 0 
611 9 0 0 0 0 0 0 0 0 0 0 0 
612 9 0 0 0 0 0 0 0 0 0 0 0 
613 9 0 0 0 0 0 0 0 0 0 0 0 
614 9 0 0 0 0 0 0 0 0 0 0 0 
615 9 0 0 0 0 0 0 0 0 0 0 0 
616 9 0 0 0 0 0 0 0 0 0 0 0 
617 9 0 0 0 0 0 0 0 0 0 0 0 
618 9 0 0 0 0 0 0 0 0 0 0 0 
619 9 0 0 0 0 0 0 0 0 0 0 0 
620 9 0 0 0 0 0 0 0 0 0 0 0 
621 9 0 0 0 0 0 0 0 0 0 0 0 
622 9 0 0 0 0 0 0 0 0 0 0 0 
623 9 0 0 0 0 0 0 0 0 0 0 0 
624 9 0 0 0 0 0 0 0 0 0 0 0 
625 9 0 0 0 0 0 0 0 0 0 0 0 
626 9 0 0 0 0 0 0 0 0 0 0 0 
627 9 0 0 0 0 0 0 0 0 0 0 0 
628 9 0 0 0 0 0 0 0 0 0 0 0 
629 9 0 0 0 0 0 0 0 0 0 0 0 
630 9 0 0 0 0 0 0 0 0 0 0 0 
631 9 0 0 0 0 0 0 0 0 0 0 0 
632 9 0 0 0 0 0 0 0 0 0 0 0 
633 9 0 0 0 0 0 0 0 0 0 0 0 
634 9 0 0 0 0 0 0 0 0 0 0 0 
635 9 0 0 0 0 0 0 0 0 0 0 0 
636 9 0 0 0 0 0 0 0 0 0 0 0 
637 9 0 0 0 0 0 0 0 0 0 0 0 
638 9 0 0 0 0 0 0 0 0 0 0 0 
639 9 0 0 0 0 0 0 0 0 0 0 0 
640 9 0 0 0 0 0 0 0 0 0 0 0 
641 9 0 0 0 0 0 0 0 0 0 0 0 
642 9 0 0 0 0 0 0 0 0 0 0 0 
643 9 0 0 0 0 0 0 0 0 0 0 0 
644 9 0 0 0 0 0 0 0 0 0 0 0 
645 9 0 0 0 0 0 0 0 0 0 0 0 
646 9 0 0 0 0 0 0 0 0 0 0 0 
647 9 0 0 0 0 0 0 0 0 0 0 0 
648 9 0 0 0 0 0 0 0 0 0 0 0 
649 9 0 0 0 0 0 0 0 0 0 0 0 
650 9 0 0 0 0 0 0 0 0 0 0 0 
651 9 0 0 0 0 0 0 0 0 0 0 0 
652 9 0 0 0 0 0 0 0 0 0 0 0 
653 9 0 0 0 0 0 0 0 0 0 0 0 
654 9 0 0 0 0 0 0 0 0 0 0 0 
655 9 0 0 0 0 0 0 0 0 0 0 0 
656 9 0 0 0 0 0 0 0 0 0 0 0 
657 9 0 0 0 0 0 0 0 0 0 0 0 
658 9 0 0 0 0 0 0 0 0 0 0 0 
659 9 0 0 0 0 0 0 0 0 0 0 0 
660 9 0 0 0 0 0 0 0 0 0 0 0 
661 9 0 0 0 0 0 0 0 0 0 0 0 
662 9 0 0 0 0 0 0 0 0 0 0 0 
663 9 0 0 0 0 0 0 0 0 0 0 0 
664 9 0 0 0 0 0 0 0 0 0 0 0 
665 9 0 0 0 0 0 0 0 0 0 0 0 
666 9 0 0 0 0 0 0 0 0 0 0 0 
667 9 0 0 0 0 0 0 0 0 0 0 0 
668 9 0 0 0 0 0 0 0 0 0 0 0 
669 9 0 0 0 0 0 0 0 0 0 0 0 
670 9 0 0 0 0 0 0 0 0 0 0 0 
671 9 0 0 0 0 0 0 0 0 0 0 0 
672 9 0 0 0 0 0 0 0 0 0 0 0 
673 9 0 0 0 0 0 0 0 0 0 0 0 
674 9 0 0 0 0 0 0 0 0 0 0 0 
675 9 0 0 0 0 0 0 0 0 0 0 0 
676 9 0 0 0 0 0 0 0 0 0 0 0 
677 9 0 0 0 0 0 0 0 0 0 0 0 
678 9 0 0 0 0 0 0 0 0 0 0 0 
679 9 0 0 0 0 0 0 0 0 0 0 0 
680 9 0 0 0 0 0 0 0 0 0 0 0 
681 9 0 0 0 0 0 0 0 0 0 0 0 
682 9 0 0 0 0 0 0 0 0 0 0 0 
683 9 0 0 0 0 0 0 0 0 0 0 0 
684 9 0 0 0 0 0 0 0 0 0 0 0 
685 9 0 0 0 0 0 0 0 0 0 0 0 
686 9 0 0 0 0 0 0 0 0 0 0 0 
687 9 0 0 0 0 0 0 0 0 0 0 0 
688 9 0 0 0 0 0 0 0 0 0 0 0 
689 9 0 0 0 0 0 0 0 0 0 0 0 
690 9 0 0 0 0 0 0 0 0 0 0 0 
691 9 0 0 0 0 0 0 0 0 0 0 0 
692 9 0 0 0 0 0 0 0 0 0 0 0 
693 9 0 0 0 0 0 0 0 0 0 0 0 
694 9 0 0 0 0 0 0 0 0 0 0 0 
695 9 0 0 0 0 0 0 0 0 0 0 0 
696 9 0 0 0 0 0 0 0 0 0 0 0 
697 9 0 0 0 0 0 0 0 0 0 0 0 
698 9 0 0 0 0 0 0 0 0 0 0 0 
699 9 0 0 0 0 0 0 0 0 0 0 0 
700 9 0 0 0 0 0 0 0 0 0 0 0 
701 9 0 0 0 0 0 0 0 0 0 0 0 
702 9 0 0 0 0 0 0 0 0 0 0 0 
703 9 -1 38 21 0 0 39 34 0 0 7 -74 
704 9 8 0 0 0 0 0 0 0 0 0 0 
705 9 -1 6 17 18 12 27 31 20 16 32 -9689 
706 9 -1 13 1 2 11 41 36 5 4 32 -530 
707 9 0 0 0 0 0 0 0 0 0 0 0 
708 9 0 0 0 0 0 0 0 0 0 0 0 
709 9 14 0 0 0 0 0 0 0 0 0 0 
710 9 15 0 0 0 0 0 0 0 0 0 0 
711 9 16 0 0 0 0 0 0 0 0 0 0 
712 9 -1 19 5 4 7 26 36 8 8 32 -1217 
713 9 0 0 0 0 0 0 0 0 0 0 0 
714 9 0 0 0 0 0 0 0 0 0 0 0 
715 9 -1 34 22 0 0 18 3 0 0 16 -16 
716 9 22 0 0 0 0 0 0 0 0 0 0 
717 9 23 0 0 0 0 0 0 0 0 0 0 
718 9 24 0 0 0 0 0 0 0 0 0 0 
719 9 0 0 0 0 0 0 0 0 0 0 0 
720 9 0 0 0 0 0 0 0 0 0 0 0 
721 9 0 0 0 0 0 0 0 0 0 0 0 
722 9 0 0 0 0 0 0 0 0 0 0 0 
723 9 -1 9 5 14 12 26 27 6 14 32 7932 
724 9 29 0 0 0 0 0 0 0 0 0 0 
725 9 0 0 0 0 0 0 0 0 0 0 0 
726 9 0 0 0 0 0 0 0 0 0 0 0 
727 9 -1 10 4 10 3 39 24 5 20 32 -4614 
728 9 33 0 0 0 0 0 0 0 0 0 0 
729 9 -1 47 4 0 0 15 34 0 0 6 -9 
730 9 -1 25 38 0 0 20 30 0 0 17 0 
731 9 0 0 0 0 0 0 0 0 0 0 0 
732 9 0 0 0 0 0 0 0 0 0 0 0 
733 9 -1 2 30 0 0 37 31 0 0 10 25 
734 9 -1 20 19 3 19 29 38 10 4 32 3444 
735 9 0 0 0 0 0 0 0 0 0 0 0 
736 9 0 0 0 0 0 0 0 0 0 0 0 
737 9 0 0 0 0 0 0 0 0 0 0 0 
738 9 0 0 0 0 0 0 0 0 0 0 0 
739 9 0 0 0 0 0 0 0 0 0 0 0 
740 9 0 0 0 0 0 0 0 0 0 0 0 
741 9 0 0 0 0 0 0 0 0 0 0 0 
742 9 0 0 0 0 0 0 0 0 0 0 0 
743 9 0 0 0 0 0 0 0 0 0 0 0 
744 9 0 0 0 0 0 0 0 0 0 0 0 
745 9 0 0 0 0 0 0 0 0 0 0 0 
746 9 0 0 0 0 0 0 0 0 0 0 0 
747 9 0 0 0 0 0 0 0 0 0 0 0 
748 9 0 0 0 0 0 0 0 0 0 0 0 
749 9 0 0 0 0 0 0 0 0 0 0 0 
750 9 0 0 0 0 0 0 0 0 0 0 0 
751 9 0 0 0 0 0 0 0 0 0 0 0 
752 9 0 0 0 0 0 0 0 0 0 0 0 
753 9 0 0 0 0 0 0 0 0 0 0 0 
754 9 0 0 0 0 0 0 0 0 0 0 0 
755 9 0 0 0 0 0 0 0 0 0 0 0 
756 9 0 0 0 0 0 0 0 0 0 0 0 
757 9 0 0 0 0 0 0 0 0 0 0 0 
758 9 0 0 0 0 0 0 0 0 0 0 0 
759 9 0 0 0 0 0 0 0 0 0 0 0 
760 9 0 0 0 0 0 0 0 0 0 0 0 
761 9 0 0 0 0 0 0 0 0 0 0 0 
762 9 0 0 0 0 0 0 0 0 0 0 0 
763 9 0 0 0 0 0 0 0 0 0 0 0 
764 9 0 0 0 0 0 0 0 0 0 0 0 
765 9 0 0 0 0 0 0 0 0 0 0 0 
766 9 0 0 0 0 0 0 0 0 0 0 0 
767 9 0 0 0 0 0 0 0 0 0 0 0 
768 9 0 0 0 0 0 0 0 0 0 0 0 
769 9 0 0 0 0 0 0 0 0 0 0 0 
770 9 0 0 0 0 0 0 0 0 0 0 0 
771 9 0 0 0 0 0 0 0 0 0 0 0 
772 9 0 0 0 0 0 0 0 0 0 0 0 
773 9 0 0 0 0 0 0 0 0 0 0 0 
774 9 0 0 0 0 0 0 0 0 0 0 0 
775 9 0 0 0 0 0 0 0 0 0 0 0 
776 9 0 0 0 0 0 0 0 0 0 0 0 
777 9 0 0 0 0 0 0 0 0 0 0 0 
778 9 0 0 0 0 0 0 0 0 0 0 0 
779 9 0 0 0 0 0 0 0 0 0 0 0 
780 9 0 0 0 0 0 0 0 0 0 0 0 
781 9 0 0 0 0 0 0 0 0 0 0 0 
782 9 0 0 0 0 0 0 0 0 0 0 0 
783 9 0 0 0 0 0 0 0 0 0 0 0 
784 9 0 0 0 0 0 0 0 0 0 0 0 
785 9 0 0 0 0 0 0 0 0 0 0 0 
786 9 0 0 0 0 0 0 0 0 0 0 0 
787 9 0 0 0 0 0 0 0 0 0 0 0 
788 9 0 0 0 0 0 0 0 0 0 0 0 
789 9 0 0 0 0 0 0 0 0 0 0 0 
790 9 0 0 0 0 0 0 0 0 0 0 0 
791 9 0 0 0 0 0 0 0 0 0 0 0 
792 9 0 0 0 0 0 0 0 0 0 0 0 
793 9 0 0 0 0 0 0 0 0 0 0 0 
794 9 0 0 0 0 0 0 0 0 0 0 0 
795 9 0 0 0 0 0 0 0 0 0 0 0 
796 9 0 0 0 0 0 0 0 0 0 0 0 
797 9 0 0 0 0 0 0 0 0 0 0 0 
798 9 0 0 0 0 0 0 0 0 0 0 0 
799 9 0 0 0 0 0 0 0 0 0 0 0 
800 9 0 0 0 0 0 0 0 0 0 0 0 
801 9 0 0 0 0 0 0 0 0 0 0 0 
802 9 0 0 0 0 0 0 0 0 0 0 0 
803 9 0 0 0 0 0 0 0 0 0 0 0 
804 9 0 0 0 0 0 0 0 0 0 0 0 
805 9 0 0 0 0 0 0 0 0 0 0 0 
806 9 0 0 0 0 0 0 0 0 0 0 0 
807 9 0 0 0 0 0 0 0 0 0 0 0 
808 9 0 0 0 0 0 0 0 0 0 0 0 
809 9 0 0 0 0 0 0 0 0 0 0 0 
810 9 0 0 0 0 0 0 0 0 0 0 0 
811 9 0 0 0 0 0 0 0 0 0 0 0 
812 9 0 0 0 0 0 0 0 0 0 0 0 
813 9 0 0 0 0 0 0 0 0 0 0 0 
814 9 0 0 0 0 0 0 0 0 0 0 0 
815 9 0 0 0 0 0 0 0 0 0 0 0 
816 9 0 0 0 0 0 0 0 0 0 0 0 
817 9 0 0 0 0 0 0 0 0 0 0 0 
818 9 0 0 0 0 0 0 0 0 0 0 0 
819 9 0 0 0 0 0 0 0 0 0 0 0 
820 9 0 0 0 0 0 0 0 0 0 0 0 
821 9 0 0 0 0 0 0 0 0 0 0 0 
822 9 0 0 0 0 0 0 0 0 0 0 0 
823 9 0 0 0 0 0 0 0 0 0 0 0 
824 9 0 0 0 0 0 0 0 0 0 0 0 
825 9 0 0 0 0 0 0 0 0 0 0 0 
826 9 0 0 0 0 0 0 0 0 0 0 0 
827 9 0 0 0 0 0 0 0 0 0 0 0 
828 9 0 0 0 0 0 0 0 0 0 0 0 
829 9 0 0 0 0 0 0 0 0 0 0 0 
830 9 0 0 0 0 0 0 0 0 0 0 0 
831 9 54 0 0 0 0 0 0 0 0 0 0 
832 9 55 0 0 0 0 0 0 0 0 0 0 
833 9 56 0 0 0 0 0 0 0 0 0 0 
834 9 -1 22 27 0 0 19 44 0 0 4 -27 
835 9 0 0 0 0 0 0 0 0 0 0 0 
836 9 0 0 0 0 0 0 0 0 0 0 0 
837 9 0 0 0 0 0 0 0 0 0 0 0 
838 9 0 0 0 0 0 0 0 0 0 0 0 
839 9 60 0 0 0 0 0 0 0 0 0 0 
840 9 61 0 0 0 0 0 0 0 0 0 0 
841 9 62 0 0 0 0 0 0 0 0 0 0 
842 9 -1 14 6 0 0 6 3 0 0 16 2 
843 9 65 0 0 0 0 0 0 0 0 0 0 
844 9 66 0 0 0 0 0 0 0 0 0 0 
845 9 67 0 0 0 0 0 0 0 0 0 0 
846 9 68 0 0 0 0 0 0 0 0 0 0 
847 9 0 0 0 0 0 0 0 0 0 0 0 
848 9 0 0 0 0 0 0 0 0 0 0 0 
849 9 0 0 0 0 0 0 0 0 0 0 0 
850 9 0 0 0 0 0 0 0 0 0 0 0 
851 9 0 0 0 0 0 0 0 0 0 0 0 
852 9 0 0 0 0 0 0 0 0 0 0 0 
853 9 0 0 0 0 0 0 0 0 0 0 0 
854 9 0 0 0 0 0 0 0 0 0 0 0 
855 9 0 0 0 0 0 0 0 0 0 0 0 
856 9 0 0 0 0 0 0 0 0 0 0 0 
857 9 0 0 0 0 0 0 0 0 0 0 0 
858 9 0 0 0 0 0 0 0 0 0 0 0 
859 9 0 0 0 0 0 0 0 0 0 0 0 
860 9 0 0 0 0 0 0 0 0 0 0 0 
861 9 0 0 0 0 0 0 0 0 0 0 0 
862 9 0 0 0 0 0 0 0 0 0 0 0 
863 9 0 0 0 0 0 0 0 0 0 0 0 
864 9 0 0 0 0 0 0 0 0 0 0 0 
865 9 0 0 0 0 0 0 0 0 0 0 0 
866 9 0 0 0 0 0 0 0 0 0 0 0 
867 9 0 0 0 0 0 0 0 0 0 0 0 
868 9 0 0 0 0 0 0 0 0 0 0 0 
869 9 72 0 0 0 0 0 0 0 0 0 0 
870 9 73 0 0 0 0 0 0 0 0 0 0 
871 9 0 0 0 0 0 0 0 0 0 0 0 
872 9 0 0 0 0 0 0 0 0 0 0 0 
873 9 0 0 0 0 0 0 0 0 0 0 0 
874 9 0 0 0 0 0 0 0 0 0 0 0 
875 9 75 0 0 0 0 0 0 0 0 0 0 
876 9 76 0 0 0 0 0 0 0 0 0 0 
877 9 0 0 0 0 0 0 0 0 0 0 0 
878 9 0 0 0 0 0 0 0 0 0 0 0 
879 9 0 0 0 0 0 0 0 0 0 0 0 
880 9 0 0 0 0 0 0 0 0 0 0 0 
881 9 0 0 0 0 0 0 0 0 0 0 0 
882 9 0 0 0 0 0 0 0 0 0 0 0 
883 9 0 0 0 0 0 0 0 0 0 0 0 
884 9 0 0 0 0 0 0 0 0 0 0 0 
885 9 0 0 0 0 0 0 0 0 0 0 0 
886 9 0 0 0 0 0 0 0 0 0 0 0 
887 9 0 0 0 0 0 0 0 0 0 0 0 
888 9 0 0 0 0 0 0 0 0 0 0 0 
889 9 0 0 0 0 0 0 0 0 0 0 0 
890 9 0 0 0 0 0 0 0 0 0 0 0 
891 9 0 0 0 0 0 0 0 0 0 0 0 
892 9 0 0 0 0 0 0 0 0 0 0 0 
893 9 0 0 0 0 0 0 0 0 0 0 0 
894 9 0 0 0 0 0 0 0 0 0 0 0 
895 9 80 0 0 0 0 0 0 0 0 0 0 
896 9 81 0 0 0 0 0 0 0 0 0 0 
897 9 -1 5 39 0 0 46 2 0 0 17 15 
898 9 84 0 0 0 0 0 0 0 0 0 0 
899 9 0 0 0 0 0 0 0 0 0 0 0 
900 9 0 0 0 0 0 0 0 0 0 0 0 
901 9 86 0 0 0 0 0 0 0 0 0 0 
902 9 -1 13 22 3 19 32 43 12 3 32 21 
903 9 0 0 0 0 0 0 0 0 0 0 0 
904 9 0 0 0 0 0 0 0 0 0 0 0 
905 9 0 0 0 0 0 0 0 0 0 0 0 
906 9 0 0 0 0 0 0 0 0 0 0 0 
907 9 0 0 0 0 0 0 0 0 0 0 0 
908 9 0 0 0 0 0 0 0 0 0 0 0 
909 9 0 0 0 0 0 0 0 0 0 0 0 
910 9 0 0 0 0 0 0 0 0 0 0 0 
911 9 -1 34 25 0 0 3 3 0 0 17 4 
912 9 -1 13 19 0 0 28 26 0 0 0 -1 
913 9 -1 46 31 0 0 24 37 0 0 1 -32 
914 9 -1 19 9 14 20 38 30 8 7 32 7316 
915 9 -1 2 32 0 0 13 37 0 0 16 -22 
916 9 -1 19 18 19 14 41 38 3 3 32 8508 
917 9 103 0 0 0 0 0 0 0 0 0 0 
918 9 -1 9 12 0 0 11 1 0 0 13 -4 
919 9 0 0 0 0 0 0 0 0 0 0 0 
920 9 0 0 0 0 0 0 0 0 0 0 0 
921 9 0 0 0 0 0 0 0 0 0 0 0 
922 9 0 0 0 0 0 0 0 0 0 0 0 
923 9 0 0 0 0 0 0 0 0 0 0 0 
924 9 0 0 0 0 0 0 0 0 0 0 0 
925 9 0 0 0 0 0 0 0 0 0 0 0 
926 9 0 0 0 0 0 0 0 0 0 0 0 
927 9 0 0 0 0 0 0 0 0 0 0 0 
928 9 0 0 0 0 0 0 0 0 0 0 0 
929 9 0 0 0 0 0 0 0 0 0 0 0 
930 9 0 0 0 0 0 0 0 0 0 0 0 
931 9 0 0 0 0 0 0 0 0 0 0 0 
932 9 0 0 0 0 0 0 0 0 0 0 0 
933 9 0 0 0 0 0 0 0 0 0 0 0 
934 9 0 0 0 0 0 0 0 0 0 0 0 
935 9 0 0 0 0 0 0 0 0 0 0 0 
936 9 0 0 0 0 0 0 0 0 0 0 0 
937 9 0 0 0 0 0 0 0 0 0 0 0 
938 9 0 0 0 0 0 0 0 0 0 0 0 
939 9 0 0 0 0 0 0 0 0 0 0 0 
940 9 0 0 0 0 0 0 0 0 0 0 0 
941 9 0 0 0 0 0 0 0 0 0 0 0 
942 9 0 0 0 0 0 0 0 0 0 0 0 
943 9 0 0 0 0 0 0 0 0 0 0 0 
944 9 0 0 0 0 0 0 0 0 0 0 0 
945 9 0 0 0 0 0 0 0 0 0 0 0 
946 9 0 0 0 0 0 0 0 0 0 0 0 
947 9 0 0 0 0 0 0 0 0 0 0 0 
948 9 0 0 0 0 0 0 0 0 0 0 0 
949 9 0 0 0 0 0 0 0 0 0 0 0 
950 9 0 0 0 0 0 0 0 0 0 0 0 
951 9 0 0 0 0 0 0 0 0 0 0 0 
952 9 0 0 0 0 0 0 0 0 0 0 0 
953 9 0 0 0 0 0 0 0 0 0 0 0 
954 9 0 0 0 0 0 0 0 0 0 0 0 
955 9 0 0 0 0 0 0 0 0 0 0 0 
956 9 0 0 0 0 0 0 0 0 0 0 0 
957 9 0 0 0 0 0 0 0 0 0 0 0 
958 9 0 0 0 0 0 0 0 0 0 0 0 
959 9 0 0 0 0 0 0 0 0 0 0 0 
960 9 0 0 0 0 0 0 0 0 0 0 0 
961 9 0 0 0 0 0 0 0 0 0 0 0 
962 9 0 0 0 0 0 0 0 0 0 0 0 
963 9 0 0 0 0 0 0 0 0 0 0 0 
964 9 0 0 0 0 0 0 0 0 0 0 0 
965 9 0 0 0 0 0 0 0 0 0 0 0 
966 9 0 0 0 0 0 0 0 0 0 0 0 
967 9 0 0 0 0 0 0 0 0 0 0 0 
968 9 0 0 0 0 0 0 0 0 0 0 0 
969 9 0 0 0 0 0 0 0 0 0 0 0 
970 9 0 0 0 0 0 0 0 0 0 0 0 
971 9 0 0 0 0 0 0 0 0 0 0 0 
972 9 0 0 0 0 0 0 0 0 0 0 0 
973 9 0 0 0 0 0 0 0 0 0 0 0 
974 9 0 0 0 0 0 0 0 0 0 0 0 
975 9 0 0 0 0 0 0 0 0 0 0 0 
976 9 0 0 0 0 0 0 0 0 0 0 0 
977 9 0 0 0 0 0 0 0 0 0 0 0 
978 9 0 0 0 0 0 0 0 0 0 0 0 
979 9 0 0 0 0 0 0 0 0 0 0 0 
980 9 0 0 0 0 0 0 0 0 0 0 0 
981 9 0 0 0 0 0 0 0 0 0 0 0 
982 9 0 0 0 0 0 0 0 0 0 0 0 
983 9 -1 31 28 0 0 20 41 0 0 1 3 
984 9 119 0 0 0 0 0 0 0 0 0 0 
985 9 0 0 0 0 0 0 0 0 0 0 0 
986 9 0 0 0 0 0 0 0 0 0 0 0 
987 9 121 0 0 0 0 0 0 0 0 0 0 
988 9 122 0 0 0 0 0 0 0 0 0 0 
989 9 0 0 0 0 0 0 0 0 0 0 0 
990 9 0 0 0 0 0 0 0 0 0 0 0 
991 9 0 0 0 0 0 0 0 0 0 0 0 
992 9 0 0 0 0 0 0 0 0 0 0 0 
993 9 0 0 0 0 0 0 0 0 0 0 0 
994 9 0 0 0 0 0 0 0 0 0 0 0 
995 9 0 0 0 0 0 0 0 0 0 0 0 
996 9 0 0 0 0 0 0 0 0 0 0 0 
997 9 0 0 0 0 0 0 0 0 0 0 0 
998 9 0 0 0 0 0 0 0 0 0 0 0 
999 9 0 0 0 0 0 0 0 0 0 0 0 
1000 9 0 0 0 0 0 0 0 0 0 0 0 
1001 9 0 0 0 0 0 0 0 0 0 0 0 
1002 9 0 0 0 0 0 0 0 0 0 0 0 
1003 9 127 0 0 0 0 0 0 0 0 0 0 
1004 9 128 0 0 0 0 0 0 0 0 0 0 
1005 9 0 0 0 0 0 0 0 0 0 0 0 
1006 9 0 0 0 0 0 0 0 0 0 0 0 
1007 9 0 0 0 0 0 0 0 0 0 0 0 
1008 9 0 0 0 0 0 0 0 0 0 0 0 
1009 9 0 0 0 0 0 0 0 0 0 0 0 
1010 9 0 0 0 0 0 0 0 0 0 0 0 
1011 9 0 0 0 0 0 0 0 0 0 0 0 
1012 9 0 0 0 0 0 0 0 0 0 0 0 
1013 9 0 0 0 0 0 0 0 0 0 0 0 
1014 9 0 0 0 0 0 0 0 0 0 0 0 
1015 9 0 0 0 0 0 0 0 0 0 0 0 
1016 9 0 0 0 0 0 0 0 0 0 0 0 
1017 9 0 0 0 0 0 0 0 0 0 0 0 
1018 9 0 0 0 0 0 0 0 0 0 0 0 
1019 9 0 0 0 0 0 0 0 0 0 0 0 
1020 9 0 0 0 0 0 0 0 0 0 0 0 
1021 9 0 0 0 0 0 0 0 0 0 0 0 
1022 9 0 0 0 0 0 0 0 0 0 0 0 
1023 10 0 0 0 0 0 0 0 0 0 0 0 
1024 10 0 0 0 0 0 0 0 0 0 0 0 
1025 10 0 0 0 0 0 0 0 0 0 0 0 
1026 10 0 0 0 0 0 0 0 0 0 0 0 
1027 10 0 0 0 0 0 0 0 0 0 0 0 
1028 10 0 0 0 0 0 0 0 0 0 0 0 
1029 10 0 0 0 0 0 0 0 0 0 0 0 
1030 10 0 0 0 0 0 0 0 0 0 0 0 
1031 10 0 0 0 0 0 0 0 0 0 0 0 
1032 10 0 0 0 0 0 0 0 0 0 0 0 
1033 10 0 0 0 0 0 0 0 0 0 0 0 
1034 10 0 0 0 0 0 0 0 0 0 0 0 
1035 10 0 0 0 0 0 0 0 0 0 0 0 
1036 10 0 0 0 0 0 0 0 0 0 0 0 
1037 10 0 0 0 0 0 0 0 0 0 0 0 
1038 10 0 0 0 0 0 0 0 0 0 0 0 
1039 10 0 0 0 0 0 0 0 0 0 0 0 
1040 10 0 0 0 0 0 0 0 0 0 0 0 
1041 10 0 0 0 0 0 0 0 0 0 0 0 
1042 10 0 0 0 0 0 0 0 0 0 0 0 
1043 10 0 0 0 0 0 0 0 0 0 0 0 
1044 10 0 0 0 0 0 0 0 0 0 0 0 
1045 10 0 0 0 0 0 0 0 0 0 0 0 
1046 10 0 0 0 0 0 0 0 0 0 0 0 
1047 10 0 0 0 0 0 0 0 0 0 0 0 
1048 10 0 0 0 0 0 0 0 0 0 0 0 
1049 10 0 0 0 0 0 0 0 0 0 0 0 
1050 10 0 0 0 0 0 0 0 0 0 0 0 
1051 10 0 0 0 0 0 0 0 0 0 0 0 
1052 10 0 0 0 0 0 0 0 0 0 0 0 
1053 10 0 0 0 0 0 0 0 0 0 0 0 
1054 10 0 0 0 0 0 0 0 0 0 0 0 
1055 10 0 0 0 0 0 0 0 0 0 0 0 
1056 10 0 0 0 0 0 0 0 0 0 0 0 
1057 10 0 0 0 0 0 0 0 0 0 0 0 
1058 10 0 0 0 0 0 0 0 0 0 0 0 
1059 10 0 0 0 0 0 0 0 0 0 0 0 
1060 10 0 0 0 0 0 0 0 0 0 0 0 
1061 10 0 0 0 0 0 0 0 0 0 0 0 
1062 10 0 0 0 0 0 0 0 0 0 0 0 
1063 10 0 0 0 0 0 0 0 0 0 0 0 
1064 10 0 0 0 0 0 0 0 0 0 0 0 
1065 10 0 0 0 0 0 0 0 0 0 0 0 
1066 10 0 0 0 0 0 0 0 0 0 0 0 
1067 10 0 0 0 0 0 0 0 0 0 0 0 
1068 10 0 0 0 0 0 0 0 0 0 0 0 
1069 10 0 0 0 0 0 0 0 0 0 0 0 
1070 10 0 0 0 0 0 0 0 0 0 0 0 
1071 10 0 0 0 0 0 0 0 0 0 0 0 
1072 10 0 0 0 0 0 0 0 0 0 0 0 
1073 10 0 0 0 0 0 0 0 0 0 0 0 
1074 10 0 0 0 0 0 0 0 0 0 0 0 
1075 10 0 0 0 0 0 0 0 0 0 0 0 
1076 10 0 0 0 0 0 0 0 0 0 0 0 
1077 10 0 0 0 0 0 0 0 0 0 0 0 
1078 10 0 0 0 0 0 0 0 0 0 0 0 
1079 10 0 0 0 0 0 0 0 0 0 0 0 
1080 10 0 0 0 0 0 0 0 0 0 0 0 
1081 10 0 0 0 0 0 0 0 0 0 0 0 
1082 10 0 0 0 0 0 0 0 0 0 0 0 
1083 10 0 0 0 0 0 0 0 0 0 0 0 
1084 10 0 0 0 0 0 0 0 0 0 0 0 
1085 10 0 0 0 0 0 0 0 0 0 0 0 
1086 10 0 0 0 0 0 0 0 0 0 0 0 
1087 10 0 0 0 0 0 0 0 0 0 0 0 
1088 10 0 0 0 0 0 0 0 0 0 0 0 
1089 10 0 0 0 0 0 0 0 0 0 0 0 
1090 10 0 0 0 0 0 0 0 0 0 0 0 
1091 10 0 0 0 0 0 0 0 0 0 0 0 
1092 10 0 0 0 0 0 0 0 0 0 0 0 
1093 10 0 0 0 0 0 0 0 0 0 0 0 
1094 10 0 0 0 0 0 0 0 0 0 0 0 
1095 10 0 0 0 0 0 0 0 0 0 0 0 
1096 10 0 0 0 0 0 0 0 0 0 0 0 
1097 10 0 0 0 0 0 0 0 0 0 0 0 
1098 10 0 0 0 0 0 0 0 0 0 0 0 
1099 10 0 0 0 0 0 0 0 0 0 0 0 
1100 10 0 0 0 0 0 0 0 0 0 0 0 
1101 10 0 0 0 0 0 0 0 0 0 0 0 
1102 10 0 0 0 0 0 0 0 0 0 0 0 
1103 10 0 0 0 0 0 0 0 0 0 0 0 
1104 10 0 0 0 0 0 0 0 0 0 0 0 
1105 10 0 0 0 0 0 0 0 0 0 0 0 
1106 10 0 0 0 0 0 0 0 0 0 0 0 
1107 10 0 0 0 0 0 0 0 0 0 0 0 
1108 10 0 0 0 0 0 0 0 0 0 0 0 
1109 10 0 0 0 0 0 0 0 0 0 0 0 
1110 10 0 0 0 0 0 0 0 0 0 0 0 
1111 10 0 0 0 0 0 0 0 0 0 0 0 
1112 10 0 0 0 0 0 0 0 0 0 0 0 
1113 10 0 0 0 0 0 0 0 0 0 0 0 
1114 10 0 0 0 0 0 0 0 0 0 0 0 
1115 10 0 0 0 0 0 0 0 0 0 0 0 
1116 10 0 0 0 0 0 0 0 0 0 0 0 
1117 10 0 0 0 0 0 0 0 0 0 0 0 
1118 10 0 0 0 0 0 0 0 0 0 0 0 
1119 10 0 0 0 0 0 0 0 0 0 0 0 
1120 10 0 0 0 0 0 0 0 0 0 0 0 
1121 10 0 0 0 0 0 0 0 0 0 0 0 
1122 10 0 0 0 0 0 0 0 0 0 0 0 
1123 10 0 0 0 0 0 0 0 0 0 0 0 
1124 10 0 0 0 0 0 0 0 0 0 0 0 
1125 10 0 0 0 0 0 0 0 0 0 0 0 
1126 10 0 0 0 0 0 0 0 0 0 0 0 
1127 10 0 0 0 0 0 0 0 0 0 0 0 
1128 10 0 0 0 0 0 0 0 0 0 0 0 
1129 10 0 0 0 0 0 0 0 0 0 0 0 
1130 10 0 0 0 0 0 0 0 0 0 0 0 
1131 10 0 0 0 0 0 0 0 0 0 0 0 
1132 10 0 0 0 0 0 0 0 0 0 0 0 
1133 10 0 0 0 0 0 0 0 0 0 0 0 
1134 10 0 0 0 0 0 0 0 0 0 0 0 
1135 10 0 0 0 0 0 0 0 0 0 0 0 
1136 10 0 0 0 0 0 0 0 0 0 0 0 
1137 10 0 0 0 0 0 0 0 0 0 0 0 
1138 10 0 0 0 0 0 0 0 0 0 0 0 
1139 10 0 0 0 0 0 0 0 0 0 0 0 
1140 10 0 0 0 0 0 0 0 0 0 0 0 
1141 10 0 0 0 0 0 0 0 0 0 0 0 
1142 10 0 0 0 0 0 0 0 0 0 0 0 
1143 10 0 0 0 0 0 0 0 0 0 0 0 
1144 10 0 0 0 0 0 0 0 0 0 0 0 
1145 10 0 0 0 0 0 0 0 0 0 0 0 
1146 10 0 0 0 0 0 0 0 0 0 0 0 
1147 10 0 0 0 0 0 0 0 0 0 0 0 
1148 10 0 0 0 0 0 0 0 0 0 0 0 
1149 10 0 0 0 0 0 0 0 0 0 0 0 
1150 10 0 0 0 0 0 0 0 0 0 0 0 
1151 10 0 0 0 0 0 0 0 0 0 0 0 
1152 10 0 0 0 0 0 0 0 0 0 0 0 
1153 10 0 0 0 0 0 0 0 0 0 0 0 
1154 10 0 0 0 0 0 0 0 0 0 0 0 
1155 10 0 0 0 0 0 0 0 0 0 0 0 
1156 10 0 0 0 0 0 0 0 0 0 0 0 
1157 10 0 0 0 0 0 0 0 0 0 0 0 
1158 10 0 0 0 0 0 0 0 0 0 0 0 
1159 10 0 0 0 0 0 0 0 0 0 0 0 
1160 10 0 0 0 0 0 0 0 0 0 0 0 
1161 10 0 0 0 0 0 0 0 0 0 0 0 
1162 10 0 0 0 0 0 0 0 0 0 0 0 
1163 10 0 0 0 0 0 0 0 0 0 0 0 
1164 10 0 0 0 0 0 0 0 0 0 0 0 
1165 10 0 0 0 0 0 0 0 0 0 0 0 
1166 10 0 0 0 0 0 0 0 0 0 0 0 
1167 10 0 0 0 0 0 0 0 0 0 0 0 
1168 10 0 0 0 0 0 0 0 0 0 0 0 
1169 10 0 0 0 0 0 0 0 0 0 0 0 
1170 10 0 0 0 0 0 0 0 0 0 0 0 
1171 10 0 0 0 0 0 0 0 0 0 0 0 
1172 10 0 0 0 0 0 0 0 0 0 0 0 
1173 10 0 0 0 0 0 0 0 0 0 0 0 
1174 10 0 0 0 0 0 0 0 0 0 0 0 
1175 10 0 0 0 0 0 0 0 0 0 0 0 
1176 10 0 0 0 0 0 0 0 0 0 0 0 
1177 10 0 0 0 0 0 0 0 0 0 0 0 
1178 10 0 0 0 0 0 0 0 0 0 0 0 
1179 10 0 0 0 0 0 0 0 0 0 0 0 
1180 10 0 0 0 0 0 0 0 0 0 0 0 
1181 10 0 0 0 0 0 0 0 0 0 0 0 
1182 10 0 0 0 0 0 0 0 0 0 0 0 
1183 10 0 0 0 0 0 0 0 0 0 0 0 
1184 10 0 0 0 0 0 0 0 0 0 0 0 
1185 10 0 0 0 0 0 0 0 0 0 0 0 
1186 10 0 0 0 0 0 0 0 0 0 0 0 
1187 10 0 0 0 0 0 0 0 0 0 0 0 
1188 10 0 0 0 0 0 0 0 0 0 0 0 
1189 10 0 0 0 0 0 0 0 0 0 0 0 
1190 10 0 0 0 0 0 0 0 0 0 0 0 
1191 10 0 0 0 0 0 0 0 0 0 0 0 
1192 10 0 0 0 0 0 0 0 0 0 0 0 
1193 10 0 0 0 0 0 0 0 0 0 0 0 
1194 10 0 0 0 0 0 0 0 0 0 0 0 
1195 10 0 0 0 0 0 0 0 0 0 0 0 
1196 10 0 0 0 0 0 0 0 0 0 0 0 
1197 10 0 0 0 0 0 0 0 0 0 0 0 
1198 10 0 0 0 0 0 0 0 0 0 0 0 
1199 10 0 0 0 0 0 0 0 0 0 0 0 
1200 10 0 0 0 0 0 0 0 0 0 0 0 
1201 10 0 0 0 0 0 0 0 0 0 0 0 
1202 10 0 0 0 0 0 0 0 0 0 0 0 
1203 10 0 0 0 0 0 0 0 0 0 0 0 
1204 10 0 0 0 0 0 0 0 0 0 0 0 
1205 10 0 0 0 0 0 0 0 0 0 0 0 
1206 10 0 0 0 0 0 0 0 0 0 0 0 
1207 10 0 0 0 0 0 0 0 0 0 0 0 
1208 10 0 0 0 0 0 0 0 0 0 0 0 
1209 10 0 0 0 0 0 0 0 0 0 0 0 
1210 10 0 0 0 0 0 0 0 0 0 0 0 
1211 10 0 0 0 0 0 0 0 0 0 0 0 
1212 10 0 0 0 0 0 0 0 0 0 0 0 
1213 10 0 0 0 0 0 0 0 0 0 0 0 
1214 10 0 0 0 0 0 0 0 0 0 0 0 
1215 10 0 0 0 0 0 0 0 0 0 0 0 
1216 10 0 0 0 0 0 0 0 0 0 0 0 
1217 10 0 0 0 0 0 0 0 0 0 0 0 
1218 10 0 0 0 0 0 0 0 0 0 0 0 
1219 10 0 0 0 0 0 0 0 0 0 0 0 
1220 10 0 0 0 0 0 0 0 0 0 0 0 
1221 10 0 0 0 0 0 0 0 0 0 0 0 
1222 10 0 0 0 0 0 0 0 0 0 0 0 
1223 10 0 0 0 0 0 0 0 0 0 0 0 
1224 10 0 0 0 0 0 0 0 0 0 0 0 
1225 10 0 0 0 0 0 0 0 0 0 0 0 
1226 10 0 0 0 0 0 0 0 0 0 0 0 
1227 10 0 0 0 0 0 0 0 0 0 0 0 
1228 10 0 0 0 0 0 0 0 0 0 0 0 
1229 10 0 0 0 0 0 0 0 0 0 0 0 
1230 10 0 0 0 0 0 0 0 0 0 0 0 
1231 10 0 0 0 0 0 0 0 0 0 0 0 
1232 10 0 0 0 0 0 0 0 0 0 0 0 
1233 10 0 0 0 0 0 0 0 0 0 0 0 
1234 10 0 0 0 0 0 0 0 0 0 0 0 
1235 10 0 0 0 0 0 0 0 0 0 0 0 
1236 10 0 0 0 0 0 0 0 0 0 0 0 
1237 10 0 0 0 0 0 0 0 0 0 0 0 
1238 10 0 0 0 0 0 0 0 0 0 0 0 
1239 10 0 0 0 0 0 0 0 0 0 0 0 
1240 10 0 0 0 0 0 0 0 0 0 0 0 
1241 10 0 0 0 0 0 0 0 0 0 0 0 
1242 10 0 0 0 0 0 0 0 0 0 0 0 
1243 10 0 0 0 0 0 0 0 0 0 0 0 
1244 10 0 0 0 0 0 0 0 0 0 0 0 
1245 10 0 0 0 0 0 0 0 0 0 0 0 
1246 10 0 0 0 0 0 0 0 0 0 0 0 
1247 10 0 0 0 0 0 0 0 0 0 0 0 
1248 10 0 0 0 0 0 0 0 0 0 0 0 
1249 10 0 0 0 0 0 0 0 0 0 0 0 
1250 10 0 0 0 0 0 0 0 0 0 0 0 
1251 10 0 0 0 0 0 0 0 0 0 0 0 
1252 10 0 0 0 0 0 0 0 0 0 0 0 
1253 10 0 0 0 0 0 0 0 0 0 0 0 
1254 10 0 0 0 0 0 0 0 0 0 0 0 
1255 10 0 0 0 0 0 0 0 0 0 0 0 
1256 10 0 0 0 0 0 0 0 0 0 0 0 
1257 10 0 0 0 0 0 0 0 0 0 0 0 
1258 10 0 0 0 0 0 0 0 0 0 0 0 
1259 10 0 0 0 0 0 0 0 0 0 0 0 
1260 10 0 0 0 0 0 0 0 0 0 0 0 
1261 10 0 0 0 0 0 0 0 0 0 0 0 
1262 10 0 0 0 0 0 0 0 0 0 0 0 
1263 10 0 0 0 0 0 0 0 0 0 0 0 
1264 10 0 0 0 0 0 0 0 0 0 0 0 
1265 10 0 0 0 0 0 0 0 0 0 0 0 
1266 10 0 0 0 0 0 0 0 0 0 0 0 
1267 10 0 0 0 0 0 0 0 0 0 0 0 
1268 10 0 0 0 0 0 0 0 0 0 0 0 
1269 10 0 0 0 0 0 0 0 0 0 0 0 
1270 10 0 0 0 0 0 0 0 0 0 0 0 
1271 10 0 0 0 0 0 0 0 0 0 0 0 
1272 10 0 0 0 0 0 0 0 0 0 0 0 
1273 10 0 0 0 0 0 0 0 0 0 0 0 
1274 10 0 0 0 0 0 0 0 0 0 0 0 
1275 10 0 0 0 0 0 0 0 0 0 0 0 
1276 10 0 0 0 0 0 0 0 0 0 0 0 
1277 10 0 0 0 0 0 0 0 0 0 0 0 
1278 10 0 0 0 0 0 0 0 0 0 0 0 
1279 10 0 0 0 0 0 0 0 0 0 0 0 
1280 10 0 0 0 0 0 0 0 0 0 0 0 
1281 10 0 0 0 0 0 0 0 0 0 0 0 
1282 10 0 0 0 0 0 0 0 0 0 0 0 
1283 10 0 0 0 0 0 0 0 0 0 0 0 
1284 10 0 0 0 0 0 0 0 0 0 0 0 
1285 10 0 0 0 0 0 0 0 0 0 0 0 
1286 10 0 0 0 0 0 0 0 0 0 0 0 
1287 10 0 0 0 0 0 0 0 0 0 0 0 
1288 10 0 0 0 0 0 0 0 0 0 0 0 
1289 10 0 0 0 0 0 0 0 0 0 0 0 
1290 10 0 0 0 0 0 0 0 0 0 0 0 
1291 10 0 0 0 0 0 0 0 0 0 0 0 
1292 10 0 0 0 0 0 0 0 0 0 0 0 
1293 10 0 0 0 0 0 0 0 0 0 0 0 
1294 10 0 0 0 0 0 0 0 0 0 0 0 
1295 10 0 0 0 0 0 0 0 0 0 0 0 
1296 10 0 0 0 0 0 0 0 0 0 0 0 
1297 10 0 0 0 0 0 0 0 0 0 0 0 
1298 10 0 0 0 0 0 0 0 0 0 0 0 
1299 10 0 0 0 0 0 0 0 0 0 0 0 
1300 10 0 0 0 0 0 0 0 0 0 0 0 
1301 10 0 0 0 0 0 0 0 0 0 0 0 
1302 10 0 0 0 0 0 0 0 0 0 0 0 
1303 10 0 0 0 0 0 0 0 0 0 0 0 
1304 10 0 0 0 0 0 0 0 0 0 0 0 
1305 10 0 0 0 0 0 0 0 0 0 0 0 
1306 10 0 0 0 0 0 0 0 0 0 0 0 
1307 10 0 0 0 0 0 0 0 0 0 0 0 
1308 10 0 0 0 0 0 0 0 0 0 0 0 
1309 10 0 0 0 0 0 0 0 0 0 0 0 
1310 10 0 0 0 0 0 0 0 0 0 0 0 
1311 10 0 0 0 0 0 0 0 0 0 0 0 
1312 10 0 0 0 0 0 0 0 0 0 0 0 
1313 10 0 0 0 0 0 0 0 0 0 0 0 
1314 10 0 0 0 0 0 0 0 0 0 0 0 
1315 10 0 0 0 0 0 0 0 0 0 0 0 
1316 10 0 0 0 0 0 0 0 0 0 0 0 
1317 10 0 0 0 0 0 0 0 0 0 0 0 
1318 10 0 0 0 0 0 0 0 0 0 0 0 
1319 10 0 0 0 0 0 0 0 0 0 0 0 
1320 10 0 0 0 0 0 0 0 0 0 0 0 
1321 10 0 0 0 0 0 0 0 0 0 0 0 
1322 10 0 0 0 0 0 0 0 0 0 0 0 
1323 10 0 0 0 0 0 0 0 0 0 0 0 
1324 10 0 0 0 0 0 0 0 0 0 0 0 
1325 10 0 0 0 0 0 0 0 0 0 0 0 
1326 10 0 0 0 0 0 0 0 0 0 0 0 
1327 10 0 0 0 0 0 0 0 0 0 0 0 
1328 10 0 0 0 0 0 0 0 0 0 0 0 
1329 10 0 0 0 0 0 0 0 0 0 0 0 
1330 10 0 0 0 0 0 0 0 0 0 0 0 
1331 10 0 0 0 0 0 0 0 0 0 0 0 
1332 10 0 0 0 0 0 0 0 0 0 0 0 
1333 10 0 0 0 0 0 0 0 0 0 0 0 
1334 10 0 0 0 0 0 0 0 0 0 0 0 
1335 10 0 0 0 0 0 0 0 0 0 0 0 
1336 10 0 0 0 0 0 0 0 0 0 0 0 
1337 10 0 0 0 0 0 0 0 0 0 0 0 
1338 10 0 0 0 0 0 0 0 0 0 0 0 
1339 10 0 0 0 0 0 0 0 0 0 0 0 
1340 10 0 0 0 0 0 0 0 0 0 0 0 
1341 10 0 0 0 0 0 0 0 0 0 0 0 
1342 10 0 0 0 0 0 0 0 0 0 0 0 
1343 10 0 0 0 0 0 0 0 0 0 0 0 
1344 10 0 0 0 0 0 0 0 0 0 0 0 
1345 10 0 0 0 0 0 0 0 0 0 0 0 
1346 10 0 0 0 0 0 0 0 0 0 0 0 
1347 10 0 0 0 0 0 0 0 0 0 0 0 
1348 10 0 0 0 0 0 0 0 0 0 0 0 
1349 10 0 0 0 0 0 0 0 0 0 0 0 
1350 10 0 0 0 0 0 0 0 0 0 0 0 
1351 10 0 0 0 0 0 0 0 0 0 0 0 
1352 10 0 0 0 0 0 0 0 0 0 0 0 
1353 10 0 0 0 0 0 0 0 0 0 0 0 
1354 10 0 0 0 0 0 0 0 0 0 0 0 
1355 10 0 0 0 0 0 0 0 0 0 0 0 
1356 10 0 0 0 0 0 0 0 0 0 0 0 
1357 10 0 0 0 0 0 0 0 0 0 0 0 
1358 10 0 0 0 0 0 0 0 0 0 0 0 
1359 10 0 0 0 0 0 0 0 0 0 0 0 
1360 10 0 0 0 0 0 0 0 0 0 0 0 
1361 10 0 0 0 0 0 0 0 0 0 0 0 
1362 10 0 0 0 0 0 0 0 0 0 0 0 
1363 10 0 0 0 0 0 0 0 0 0 0 0 
1364 10 0 0 0 0 0 0 0 0 0 0 0 
1365 10 0 0 0 0 0 0 0 0 0 0 0 
1366 10 0 0 0 0 0 0 0 0 0 0 0 
1367 10 0 0 0 0 0 0 0 0 0 0 0 
1368 10 0 0 0 0 0 0 0 0 0 0 0 
1369 10 0 0 0 0 0 0 0 0 0 0 0 
1370 10 0 0 0 0 0 0 0 0 0 0 0 
1371 10 0 0 0 0 0 0 0 0 0 0 0 
1372 10 0 0 0 0 0 0 0 0 0 0 0 
1373 10 0 0 0 0 0 0 0 0 0 0 0 
1374 10 0 0 0 0 0 0 0 0 0 0 0 
1375 10 0 0 0 0 0 0 0 0 0 0 0 
1376 10 0 0 0 0 0 0 0 0 0 0 0 
1377 10 0 0 0 0 0 0 0 0 0 0 0 
1378 10 0 0 0 0 0 0 0 0 0 0 0 
1379 10 0 0 0 0 0 0 0 0 0 0 0 
1380 10 0 0 0 0 0 0 0 0 0 0 0 
1381 10 0 0 0 0 0 0 0 0 0 0 0 
1382 10 0 0 0 0 0 0 0 0 0 0 0 
1383 10 0 0 0 0 0 0 0 0 0 0 0 
1384 10 0 0 0 0 0 0 0 0 0 0 0 
1385 10 0 0 0 0 0 0 0 0 0 0 0 
1386 10 0 0 0 0 0 0 0 0 0 0 0 
1387 10 0 0 0 0 0 0 0 0 0 0 0 
1388 10 0 0 0 0 0 0 0 0 0 0 0 
1389 10 0 0 0 0 0 0 0 0 0 0 0 
1390 10 0 0 0 0 0 0 0 0 0 0 0 
1391 10 0 0 0 0 0 0 0 0 0 0 0 
1392 10 0 0 0 0 0 0 0 0 0 0 0 
1393 10 0 0 0 0 0 0 0 0 0 0 0 
1394 10 0 0 0 0 0 0 0 0 0 0 0 
1395 10 0 0 0 0 0 0 0 0 0 0 0 
1396 10 0 0 0 0 0 0 0 0 0 0 0 
1397 10 0 0 0 0 0 0 0 0 0 0 0 
1398 10 0 0 0 0 0 0 0 0 0 0 0 
1399 10 0 0 0 0 0 0 0 0 0 0 0 
1400 10 0 0 0 0 0 0 0 0 0 0 0 
1401 10 0 0 0 0 0 0 0 0 0 0 0 
1402 10 0 0 0 0 0 0 0 0 0 0 0 
1403 10 0 0 0 0 0 0 0 0 0 0 0 
1404 10 0 0 0 0 0 0 0 0 0 0 0 
1405 10 0 0 0 0 0 0 0 0 0 0 0 
1406 10 0 0 0 0 0 0 0 0 0 0 0 
1407 10 6 0 0 0 0 0 0 0 0 0 0 
1408 10 7 0 0 0 0 0 0 0 0 0 0 
1409 10 0 0 0 0 0 0 0 0 0 0 0 
1410 10 0 0 0 0 0 0 0 0 0 0 0 
1411 10 9 0 0 0 0 0 0 0 0 0 0 
1412 10 10 0 0 0 0 0 0 0 0 0 0 
1413 10 11 0 0 0 0 0 0 0 0 0 0 
1414 10 12 0 0 0 0 0 0 0 0 0 0 
1415 10 0 0 0 0 0 0 0 0 0 0 0 
1416 10 0 0 0 0 0 0 0 0 0 0 0 
1417 10 0 0 0 0 0 0 0 0 0 0 0 
1418 10 0 0 0 0 0 0 0 0 0 0 0 
1419 10 0 0 0 0 0 0 0 0 0 0 0 
1420 10 0 0 0 0 0 0 0 0 0 0 0 
1421 10 0 0 0 0 0 0 0 0 0 0 0 
1422 10 0 0 0 0 0 0 0 0 0 0 0 
1423 10 0 0 0 0 0 0 0 0 0 0 0 
1424 10 0 0 0 0 0 0 0 0 0 0 0 
1425 10 17 0 0 0 0 0 0 0 0 0 0 
1426 10 18 0 0 0 0 0 0 0 0 0 0 
1427 10 0 0 0 0 0 0 0 0 0 0 0 
1428 10 0 0 0 0 0 0 0 0 0 0 0 
1429 10 0 0 0 0 0 0 0 0 0 0 0 
1430 10 0 0 0 0 0 0 0 0 0 0 0 
1431 10 20 0 0 0 0 0 0 0 0 0 0 
1432 10 21 0 0 0 0 0 0 0 0 0 0 
1433 10 0 0 0 0 0 0 0 0 0 0 0 
1434 10 0 0 0 0 0 0 0 0 0 0 0 
1435 10 0 0 0 0 0 0 0 0 0 0 0 
1436 10 0 0 0 0 0 0 0 0 0 0 0 
1437 10 0 0 0 0 0 0 0 0 0 0 0 
1438 10 0 0 0 0 0 0 0 0 0 0 0 
1439 10 0 0 0 0 0 0 0 0 0 0 0 
1440 10 0 0 0 0 0 0 0 0 0 0 0 
1441 10 0 0 0 0 0 0 0 0 0 0 0 
1442 10 0 0 0 0 0 0 0 0 0 0 0 
1443 10 0 0 0 0 0 0 0 0 0 0 0 
1444 10 0 0 0 0 0 0 0 0 0 0 0 
1445 10 0 0 0 0 0 0 0 0 0 0 0 
1446 10 0 0 0 0 0 0 0 0 0 0 0 
1447 10 27 0 0 0 0 0 0 0 0 0 0 
1448 10 28 0 0 0 0 0 0 0 0 0 0 
1449 10 0 0 0 0 0 0 0 0 0 0 0 
1450 10 0 0 0 0 0 0 0 0 0 0 0 
1451 10 0 0 0 0 0 0 0 0 0 0 0 
1452 10 0 0 0 0 0 0 0 0 0 0 0 
1453 10 0 0 0 0 0 0 0 0 0 0 0 
1454 10 0 0 0 0 0 0 0 0 0 0 0 
1455 10 31 0 0 0 0 0 0 0 0 0 0 
1456 10 32 0 0 0 0 0 0 0 0 0 0 
1457 10 0 0 0 0 0 0 0 0 0 0 0 
1458 10 0 0 0 0 0 0 0 0 0 0 0 
1459 10 34 0 0 0 0 0 0 0 0 0 0 
1460 10 35 0 0 0 0 0 0 0 0 0 0 
1461 10 36 0 0 0 0 0 0 0 0 0 0 
1462 10 37 0 0 0 0 0 0 0 0 0 0 
1463 10 0 0 0 0 0 0 0 0 0 0 0 
1464 10 0 0 0 0 0 0 0 0 0 0 0 
1465 10 0 0 0 0 0 0 0 0 0 0 0 
1466 10 0 0 0 0 0 0 0 0 0 0 0 
1467 10 39 0 0 0 0 0 0 0 0 0 0 
1468 10 40 0 0 0 0 0 0 0 0 0 0 
1469 10 41 0 0 0 0 0 0 0 0 0 0 
1470 10 42 0 0 0 0 0 0 0 0 0 0 
1471 10 0 0 0 0 0 0 0 0 0 0 0 
1472 10 0 0 0 0 0 0 0 0 0 0 0 
1473 10 0 0 0 0 0 0 0 0 0 0 0 
1474 10 0 0 0 0 0 0 0 0 0 0 0 
1475 10 0 0 0 0 0 0 0 0 0 0 0 
1476 10 0 0 0 0 0 0 0 0 0 0 0 
1477 10 0 0 0 0 0 0 0 0 0 0 0 
1478 10 0 0 0 0 0 0 0 0 0 0 0 
1479 10 0 0 0 0 0 0 0 0 0 0 0 
1480 10 0 0 0 0 0 0 0 0 0 0 0 
1481 10 0 0 0 0 0 0 0 0 0 0 0 
1482 10 0 0 0 0 0 0 0 0 0 0 0 
1483 10 0 0 0 0 0 0 0 0 0 0 0 
1484 10 0 0 0 0 0 0 0 0 0 0 0 
1485 10 0 0 0 0 0 0 0 0 0 0 0 
1486 10 0 0 0 0 0 0 0 0 0 0 0 
1487 10 0 0 0 0 0 0 0 0 0 0 0 
1488 10 0 0 0 0 0 0 0 0 0 0 0 
1489 10 0 0 0 0 0 0 0 0 0 0 0 
1490 10 0 0 0 0 0 0 0 0 0 0 0 
1491 10 0 0 0 0 0 0 0 0 0 0 0 
1492 10 0 0 0 0 0 0 0 0 0 0 0 
1493 10 0 0 0 0 0 0 0 0 0 0 0 
1494 10 0 0 0 0 0 0 0 0 0 0 0 
1495 10 0 0 0 0 0 0 0 0 0 0 0 
1496 10 0 0 0 0 0 0 0 0 0 0 0 
1497 10 0 0 0 0 0 0 0 0 0 0 0 
1498 10 0 0 0 0 0 0 0 0 0 0 0 
1499 10 0 0 0 0 0 0 0 0 0 0 0 
1500 10 0 0 0 0 0 0 0 0 0 0 0 
1501 10 0 0 0 0 0 0 0 0 0 0 0 
1502 10 0 0 0 0 0 0 0 0 0 0 0 
1503 10 0 0 0 0 0 0 0 0 0 0 0 
1504 10 0 0 0 0 0 0 0 0 0 0 0 
1505 10 0 0 0 0 0 0 0 0 0 0 0 
1506 10 0 0 0 0 0 0 0 0 0 0 0 
1507 10 0 0 0 0 0 0 0 0 0 0 0 
1508 10 0 0 0 0 0 0 0 0 0 0 0 
1509 10 0 0 0 0 0 0 0 0 0 0 0 
1510 10 0 0 0 0 0 0 0 0 0 0 0 
1511 10 0 0 0 0 0 0 0 0 0 0 0 
1512 10 0 0 0 0 0 0 0 0 0 0 0 
1513 10 0 0 0 0 0 0 0 0 0 0 0 
1514 10 0 0 0 0 0 0 0 0 0 0 0 
1515 10 0 0 0 0 0 0 0 0 0 0 0 
1516 10 0 0 0 0 0 0 0 0 0 0 0 
1517 10 0 0 0 0 0 0 0 0 0 0 0 
1518 10 0 0 0 0 0 0 0 0 0 0 0 
1519 10 0 0 0 0 0 0 0 0 0 0 0 
1520 10 0 0 0 0 0 0 0 0 0 0 0 
1521 10 0 0 0 0 0 0 0 0 0 0 0 
1522 10 0 0 0 0 0 0 0 0 0 0 0 
1523 10 0 0 0 0 0 0 0 0 0 0 0 
1524 10 0 0 0 0 0 0 0 0 0 0 0 
1525 10 0 0 0 0 0 0 0 0 0 0 0 
1526 10 0 0 0 0 0 0 0 0 0 0 0 
1527 10 0 0 0 0 0 0 0 0 0 0 0 
1528 10 0 0 0 0 0 0 0 0 0 0 0 
1529 10 0 0 0 0 0 0 0 0 0 0 0 
1530 10 0 0 0 0 0 0 0 0 0 0 0 
1531 10 0 0 0 0 0 0 0 0 0 0 0 
1532 10 0 0 0 0 0 0 0 0 0 0 0 
1533 10 0 0 0 0 0 0 0 0 0 0 0 
1534 10 0 0 0 0 0 0 0 0 0 0 0 
1535 10 0 0 0 0 0 0 0 0 0 0 0 
1536 10 0 0 0 0 0 0 0 0 0 0 0 
1537 10 0 0 0 0 0 0 0 0 0 0 0 
1538 10 0 0 0 0 0 0 0 0 0 0 0 
1539 10 0 0 0 0 0 0 0 0 0 0 0 
1540 10 0 0 0 0 0 0 0 0 0 0 0 
1541 10 0 0 0 0 0 0 0 0 0 0 0 
1542 10 0 0 0 0 0 0 0 0 0 0 0 
1543 10 0 0 0 0 0 0 0 0 0 0 0 
1544 10 0 0 0 0 0 0 0 0 0 0 0 
1545 10 0 0 0 0 0 0 0 0 0 0 0 
1546 10 0 0 0 0 0 0 0 0 0 0 0 
1547 10 0 0 0 0 0 0 0 0 0 0 0 
1548 10 0 0 0 0 0 0 0 0 0 0 0 
1549 10 0 0 0 0 0 0 0 0 0 0 0 
1550 10 0 0 0 0 0 0 0 0 0 0 0 
1551 10 0 0 0 0 0 0 0 0 0 0 0 
1552 10 0 0 0 0 0 0 0 0 0 0 0 
1553 10 0 0 0 0 0 0 0 0 0 0 0 
1554 10 0 0 0 0 0 0 0 0 0 0 0 
1555 10 0 0 0 0 0 0 0 0 0 0 0 
1556 10 0 0 0 0 0 0 0 0 0 0 0 
1557 10 0 0 0 0 0 0 0 0 0 0 0 
1558 10 0 0 0 0 0 0 0 0 0 0 0 
1559 10 0 0 0 0 0 0 0 0 0 0 0 
1560 10 0 0 0 0 0 0 0 0 0 0 0 
1561 10 0 0 0 0 0 0 0 0 0 0 0 
1562 10 0 0 0 0 0 0 0 0 0 0 0 
1563 10 0 0 0 0 0 0 0 0 0 0 0 
1564 10 0 0 0 0 0 0 0 0 0 0 0 
1565 10 0 0 0 0 0 0 0 0 0 0 0 
1566 10 0 0 0 0 0 0 0 0 0 0 0 
1567 10 0 0 0 0 0 0 0 0 0 0 0 
1568 10 0 0 0 0 0 0 0 0 0 0 0 
1569 10 0 0 0 0 0 0 0 0 0 0 0 
1570 10 0 0 0 0 0 0 0 0 0 0 0 
1571 10 0 0 0 0 0 0 0 0 0 0 0 
1572 10 0 0 0 0 0 0 0 0 0 0 0 
1573 10 0 0 0 0 0 0 0 0 0 0 0 
1574 10 0 0 0 0 0 0 0 0 0 0 0 
1575 10 0 0 0 0 0 0 0 0 0 0 0 
1576 10 0 0 0 0 0 0 0 0 0 0 0 
1577 10 0 0 0 0 0 0 0 0 0 0 0 
1578 10 0 0 0 0 0 0 0 0 0 0 0 
1579 10 0 0 0 0 0 0 0 0 0 0 0 
1580 10 0 0 0 0 0 0 0 0 0 0 0 
1581 10 0 0 0 0 0 0 0 0 0 0 0 
1582 10 0 0 0 0 0 0 0 0 0 0 0 
1583 10 0 0 0 0 0 0 0 0 0 0 0 
1584 10 0 0 0 0 0 0 0 0 0 0 0 
1585 10 0 0 0 0 0 0 0 0 0 0 0 
1586 10 0 0 0 0 0 0 0 0 0 0 0 
1587 10 0 0 0 0 0 0 0 0 0 0 0 
1588 10 0 0 0 0 0 0 0 0 0 0 0 
1589 10 0 0 0 0 0 0 0 0 0 0 0 
1590 10 0 0 0 0 0 0 0 0 0 0 0 
1591 10 0 0 0 0 0 0 0 0 0 0 0 
1592 10 0 0 0 0 0 0 0 0 0 0 0 
1593 10 0 0 0 0 0 0 0 0 0 0 0 
1594 10 0 0 0 0 0 0 0 0 0 0 0 
1595 10 0 0 0 0 0 0 0 0 0 0 0 
1596 10 0 0 0 0 0 0 0 0 0 0 0 
1597 10 0 0 0 0 0 0 0 0 0 0 0 
1598 10 0 0 0 0 0 0 0 0 0 0 0 
1599 10 0 0 0 0 0 0 0 0 0 0 0 
1600 10 0 0 0 0 0 0 0 0 0 0 0 
1601 10 0 0 0 0 0 0 0 0 0 0 0 
1602 10 0 0 0 0 0 0 0 0 0 0 0 
1603 10 0 0 0 0 0 0 0 0 0 0 0 
1604 10 0 0 0 0 0 0 0 0 0 0 0 
1605 10 0 0 0 0 0 0 0 0 0 0 0 
1606 10 0 0 0 0 0 0 0 0 0 0 0 
1607 10 0 0 0 0 0 0 0 0 0 0 0 
1608 10 0 0 0 0 0 0 0 0 0 0 0 
1609 10 0 0 0 0 0 0 0 0 0 0 0 
1610 10 0 0 0 0 0 0 0 0 0 0 0 
1611 10 0 0 0 0 0 0 0 0 0 0 0 
1612 10 0 0 0 0 0 0 0 0 0 0 0 
1613 10 0 0 0 0 0 0 0 0 0 0 0 
1614 10 0 0 0 0 0 0 0 0 0 0 0 
1615 10 0 0 0 0 0 0 0 0 0 0 0 
1616 10 0 0 0 0 0 0 0 0 0 0 0 
1617 10 0 0 0 0 0 0 0 0 0 0 0 
1618 10 0 0 0 0 0 0 0 0 0 0 0 
1619 10 0 0 0 0 0 0 0 0 0 0 0 
1620 10 0 0 0 0 0 0 0 0 0 0 0 
1621 10 0 0 0 0 0 0 0 0 0 0 0 
1622 10 0 0 0 0 0 0 0 0 0 0 0 
1623 10 0 0 0 0 0 0 0 0 0 0 0 
1624 10 0 0 0 0 0 0 0 0 0 0 0 
1625 10 0 0 0 0 0 0 0 0 0 0 0 
1626 10 0 0 0 0 0 0 0 0 0 0 0 
1627 10 0 0 0 0 0 0 0 0 0 0 0 
1628 10 0 0 0 0 0 0 0 0 0 0 0 
1629 10 0 0 0 0 0 0 0 0 0 0 0 
1630 10 0 0 0 0 0 0 0 0 0 0 0 
1631 10 0 0 0 0 0 0 0 0 0 0 0 
1632 10 0 0 0 0 0 0 0 0 0 0 0 
1633 10 0 0 0 0 0 0 0 0 0 0 0 
1634 10 0 0 0 0 0 0 0 0 0 0 0 
1635 10 0 0 0 0 0 0 0 0 0 0 0 
1636 10 0 0 0 0 0 0 0 0 0 0 0 
1637 10 0 0 0 0 0 0 0 0 0 0 0 
1638 10 0 0 0 0 0 0 0 0 0 0 0 
1639 10 0 0 0 0 0 0 0 0 0 0 0 
1640 10 0 0 0 0 0 0 0 0 0 0 0 
1641 10 0 0 0 0 0 0 0 0 0 0 0 
1642 10 0 0 0 0 0 0 0 0 0 0 0 
1643 10 0 0 0 0 0 0 0 0 0 0 0 
1644 10 0 0 0 0 0 0 0 0 0 0 0 
1645 10 0 0 0 0 0 0 0 0 0 0 0 
1646 10 0 0 0 0 0 0 0 0 0 0 0 
1647 10 0 0 0 0 0 0 0 0 0 0 0 
1648 10 0 0 0 0 0 0 0 0 0 0 0 
1649 10 0 0 0 0 0 0 0 0 0 0 0 
1650 10 0 0 0 0 0 0 0 0 0 0 0 
1651 10 0 0 0 0 0 0 0 0 0 0 0 
1652 10 0 0 0 0 0 0 0 0 0 0 0 
1653 10 0 0 0 0 0 0 0 0 0 0 0 
1654 10 0 0 0 0 0 0 0 0 0 0 0 
1655 10 0 0 0 0 0 0 0 0 0 0 0 
1656 10 0 0 0 0 0 0 0 0 0 0 0 
1657 10 0 0 0 0 0 0 0 0 0 0 0 
1658 10 0 0 0 0 0 0 0 0 0 0 0 
1659 10 0 0 0 0 0 0 0 0 0 0 0 
1660 10 0 0 0 0 0 0 0 0 0 0 0 
1661 10 0 0 0 0 0 0 0 0 0 0 0 
1662 10 0 0 0 0 0 0 0 0 0 0 0 
1663 10 0 0 0 0 0 0 0 0 0 0 0 
1664 10 0 0 0 0 0 0 0 0 0 0 0 
1665 10 0 0 0 0 0 0 0 0 0 0 0 
1666 10 0 0 0 0 0 0 0 0 0 0 0 
1667 10 0 0 0 0 0 0 0 0 0 0 0 
1668 10 0 0 0 0 0 0 0 0 0 0 0 
1669 10 57 0 0 0 0 0 0 0 0 0 0 
1670 10 58 0 0 0 0 0 0 0 0 0 0 
1671 10 0 0 0 0 0 0 0 0 0 0 0 
1672 10 0 0 0 0 0 0 0 0 0 0 0 
1673 10 0 0 0 0 0 0 0 0 0 0 0 
1674 10 0 0 0 0 0 0 0 0 0 0 0 
1675 10 0 0 0 0 0 0 0 0 0 0 0 
1676 10 0 0 0 0 0 0 0 0 0 0 0 
1677 10 0 0 0 0 0 0 0 0 0 0 0 
1678 10 0 0 0 0 0 0 0 0 0 0 0 
1679 10 0 0 0 0 0 0 0 0 0 0 0 
1680 10 0 0 0 0 0 0 0 0 0 0 0 
1681 10 0 0 0 0 0 0 0 0 0 0 0 
1682 10 0 0 0 0 0 0 0 0 0 0 0 
1683 10 0 0 0 0 0 0 0 0 0 0 0 
1684 10 0 0 0 0 0 0 0 0 0 0 0 
1685 10 63 0 0 0 0 0 0 0 0 0 0 
1686 10 64 0 0 0 0 0 0 0 0 0 0 
1687 10 0 0 0 0 0 0 0 0 0 0 0 
1688 10 0 0 0 0 0 0 0 0 0 0 0 
1689 10 0 0 0 0 0 0 0 0 0 0 0 
1690 10 0 0 0 0 0 0 0 0 0 0 0 
1691 10 0 0 0 0 0 0 0 0 0 0 0 
1692 10 0 0 0 0 0 0 0 0 0 0 0 
1693 10 0 0 0 0 0 0 0 0 0 0 0 
1694 10 0 0 0 0 0 0 0 0 0 0 0 
1695 10 0 0 0 0 0 0 0 0 0 0 0 
1696 10 0 0 0 0 0 0 0 0 0 0 0 
1697 10 0 0 0 0 0 0 0 0 0 0 0 
1698 10 0 0 0 0 0 0 0 0 0 0 0 
1699 10 0 0 0 0 0 0 0 0 0 0 0 
1700 10 0 0 0 0 0 0 0 0 0 0 0 
1701 10 0 0 0 0 0 0 0 0 0 0 0 
1702 10 0 0 0 0 0 0 0 0 0 0 0 
1703 10 0 0 0 0 0 0 0 0 0 0 0 
1704 10 0 0 0 0 0 0 0 0 0 0 0 
1705 10 0 0 0 0 0 0 0 0 0 0 0 
1706 10 0 0 0 0 0 0 0 0 0 0 0 
1707 10 0 0 0 0 0 0 0 0 0 0 0 
1708 10 0 0 0 0 0 0 0 0 0 0 0 
1709 10 0 0 0 0 0 0 0 0 0 0 0 
1710 10 0 0 0 0 0 0 0 0 0 0 0 
1711 10 0 0 0 0 0 0 0 0 0 0 0 
1712 10 0 0 0 0 0 0 0 0 0 0 0 
1713 10 0 0 0 0 0 0 0 0 0 0 0 
1714 10 0 0 0 0 0 0 0 0 0 0 0 
1715 10 0 0 0 0 0 0 0 0 0 0 0 
1716 10 0 0 0 0 0 0 0 0 0 0 0 
1717 10 0 0 0 0 0 0 0 0 0 0 0 
1718 10 0 0 0 0 0 0 0 0 0 0 0 
1719 10 0 0 0 0 0 0 0 0 0 0 0 
1720 10 0 0 0 0 0 0 0 0 0 0 0 
1721 10 0 0 0 0 0 0 0 0 0 0 0 
1722 10 0 0 0 0 0 0 0 0 0 0 0 
1723 10 0 0 0 0 0 0 0 0 0 0 0 
1724 10 0 0 0 0 0 0 0 0 0 0 0 
1725 10 0 0 0 0 0 0 0 0 0 0 0 
1726 10 0 0 0 0 0 0 0 0 0 0 0 
1727 10 0 0 0 0 0 0 0 0 0 0 0 
1728 10 0 0 0 0 0 0 0 0 0 0 0 
1729 10 0 0 0 0 0 0 0 0 0 0 0 
1730 10 0 0 0 0 0 0 0 0 0 0 0 
1731 10 0 0 0 0 0 0 0 0 0 0 0 
1732 10 0 0 0 0 0 0 0 0 0 0 0 
1733 10 0 0 0 0 0 0 0 0 0 0 0 
1734 10 0 0 0 0 0 0 0 0 0 0 0 
1735 10 0 0 0 0 0 0 0 0 0 0 0 
1736 10 0 0 0 0 0 0 0 0 0 0 0 
1737 10 0 0 0 0 0 0 0 0 0 0 0 
1738 10 0 0 0 0 0 0 0 0 0 0 0 
1739 10 0 0 0 0 0 0 0 0 0 0 0 
1740 10 0 0 0 0 0 0 0 0 0 0 0 
1741 10 0 0 0 0 0 0 0 0 0 0 0 
1742 10 0 0 0 0 0 0 0 0 0 0 0 
1743 10 0 0 0 0 0 0 0 0 0 0 0 
1744 10 0 0 0 0 0 0 0 0 0 0 0 
1745 10 0 0 0 0 0 0 0 0 0 0 0 
1746 10 0 0 0 0 0 0 0 0 0 0 0 
1747 10 0 0 0 0 0 0 0 0 0 0 0 
1748 10 0 0 0 0 0 0 0 0 0 0 0 
1749 10 0 0 0 0 0 0 0 0 0 0 0 
1750 10 0 0 0 0 0 0 0 0 0 0 0 
1751 10 0 0 0 0 0 0 0 0 0 0 0 
1752 10 0 0 0 0 0 0 0 0 0 0 0 
1753 10 0 0 0 0 0 0 0 0 0 0 0 
1754 10 0 0 0 0 0 0 0 0 0 0 0 
1755 10 0 0 0 0 0 0 0 0 0 0 0 
1756 10 0 0 0 0 0 0 0 0 0 0 0 
1757 10 0 0 0 0 0 0 0 0 0 0 0 
1758 10 0 0 0 0 0 0 0 0 0 0 0 
1759 10 0 0 0 0 0 0 0 0 0 0 0 
1760 10 0 0 0 0 0 0 0 0 0 0 0 
1761 10 0 0 0 0 0 0 0 0 0 0 0 
1762 10 0 0 0 0 0 0 0 0 0 0 0 
1763 10 0 0 0 0 0 0 0 0 0 0 0 
1764 10 0 0 0 0 0 0 0 0 0 0 0 
1765 10 0 0 0 0 0 0 0 0 0 0 0 
1766 10 0 0 0 0 0 0 0 0 0 0 0 
1767 10 0 0 0 0 0 0 0 0 0 0 0 
1768 10 0 0 0 0 0 0 0 0 0 0 0 
1769 10 0 0 0 0 0 0 0 0 0 0 0 
1770 10 0 0 0 0 0 0 0 0 0 0 0 
1771 10 0 0 0 0 0 0 0 0 0 0 0 
1772 10 0 0 0 0 0 0 0 0 0 0 0 
1773 10 0 0 0 0 0 0 0 0 0 0 0 
1774 10 0 0 0 0 0 0 0 0 0 0 0 
1775 10 0 0 0 0 0 0 0 0 0 0 0 
1776 10 0 0 0 0 0 0 0 0 0 0 0 
1777 10 0 0 0 0 0 0 0 0 0 0 0 
1778 10 0 0 0 0 0 0 0 0 0 0 0 
1779 10 0 0 0 0 0 0 0 0 0 0 0 
1780 10 0 0 0 0 0 0 0 0 0 0 0 
1781 10 0 0 0 0 0 0 0 0 0 0 0 
1782 10 0 0 0 0 0 0 0 0 0 0 0 
1783 10 0 0 0 0 0 0 0 0 0 0 0 
1784 10 0 0 0 0 0 0 0 0 0 0 0 
1785 10 0 0 0 0 0 0 0 0 0 0 0 
1786 10 0 0 0 0 0 0 0 0 0 0 0 
1787 10 0 0 0 0 0 0 0 0 0 0 0 
1788 10 0 0 0 0 0 0 0 0 0 0 0 
1789 10 0 0 0 0 0 0 0 0 0 0 0 
1790 10 0 0 0 0 0 0 0 0 0 0 0 
1791 10 0 0 0 0 0 0 0 0 0 0 0 
1792 10 0 0 0 0 0 0 0 0 0 0 0 
1793 10 0 0 0 0 0 0 0 0 0 0 0 
1794 10 0 0 0 0 0 0 0 0 0 0 0 
1795 10 82 0 0 0 0 0 0 0 0 0 0 
1796 10 83 0 0 0 0 0 0 0 0 0 0 
1797 10 0 0 0 0 0 0 0 0 0 0 0 
1798 10 0 0 0 0 0 0 0 0 0 0 0 
1799 10 0 0 0 0 0 0 0 0 0 0 0 
1800 10 0 0 0 0 0 0 0 0 0 0 0 
1801 10 0 0 0 0 0 0 0 0 0 0 0 
1802 10 0 0 0 0 0 0 0 0 0 0 0 
1803 10 0 0 0 0 0 0 0 0 0 0 0 
1804 10 0 0 0 0 0 0 0 0 0 0 0 
1805 10 87 0 0 0 0 0 0 0 0 0 0 
1806 10 88 0 0 0 0 0 0 0 0 0 0 
1807 10 0 0 0 0 0 0 0 0 0 0 0 
1808 10 0 0 0 0 0 0 0 0 0 0 0 
1809 10 0 0 0 0 0 0 0 0 0 0 0 
1810 10 0 0 0 0 0 0 0 0 0 0 0 
1811 10 0 0 0 0 0 0 0 0 0 0 0 
1812 10 0 0 0 0 0 0 0 0 0 0 0 
1813 10 0 0 0 0 0 0 0 0 0 0 0 
1814 10 0 0 0 0 0 0 0 0 0 0 0 
1815 10 0 0 0 0 0 0 0 0 0 0 0 
1816 10 0 0 0 0 0 0 0 0 0 0 0 
1817 10 0 0 0 0 0 0 0 0 0 0 0 
1818 10 0 0 0 0 0 0 0 0 0 0 0 
1819 10 0 0 0 0 0 0 0 0 0 0 0 
1820 10 0 0 0 0 0 0 0 0 0 0 0 
1821 10 0 0 0 0 0 0 0 0 0 0 0 
1822 10 0 0 0 0 0 0 0 0 0 0 0 
1823 10 91 0 0 0 0 0 0 0 0 0 0 
1824 10 92 0 0 0 0 0 0 0 0 0 0 
1825 10 93 0 0 0 0 0 0 0 0 0 0 
1826 10 94 0 0 0 0 0 0 0 0 0 0 
1827 10 95 0 0 0 0 0 0 0 0 0 0 
1828 10 96 0 0 0 0 0 0 0 0 0 0 
1829 10 97 0 0 0 0 0 0 0 0 0 0 
1830 10 98 0 0 0 0 0 0 0 0 0 0 
1831 10 99 0 0 0 0 0 0 0 0 0 0 
1832 10 100 0 0 0 0 0 0 0 0 0 0 
1833 10 101 0 0 0 0 0 0 0 0 0 0 
1834 10 102 0 0 0 0 0 0 0 0 0 0 
1835 10 0 0 0 0 0 0 0 0 0 0 0 
1836 10 0 0 0 0 0 0 0 0 0 0 0 
1837 10 104 0 0 0 0 0 0 0 0 0 0 
1838 10 105 0 0 0 0 0 0 0 0 0 0 
1839 10 0 0 0 0 0 0 0 0 0 0 0 
1840 10 0 0 0 0 0 0 0 0 0 0 0 
1841 10 0 0 0 0 0 0 0 0 0 0 0 
1842 10 0 0 0 0 0 0 0 0 0 0 0 
1843 10 0 0 0 0 0 0 0 0 0 0 0 
1844 10 0 0 0 0 0 0 0 0 0 0 0 
1845 10 0 0 0 0 0 0 0 0 0 0 0 
1846 10 0 0 0 0 0 0 0 0 0 0 0 
1847 10 0 0 0 0 0 0 0 0 0 0 0 
1848 10 0 0 0 0 0 0 0 0 0 0 0 
1849 10 0 0 0 0 0 0 0 0 0 0 0 
1850 10 0 0 0 0 0 0 0 0 0 0 0 
1851 10 0 0 0 0 0 0 0 0 0 0 0 
1852 10 0 0 0 0 0 0 0 0 0 0 0 
1853 10 0 0 0 0 0 0 0 0 0 0 0 
1854 10 0 0 0 0 0 0 0 0 0 0 0 
1855 10 0 0 0 0 0 0 0 0 0 0 0 
1856 10 0 0 0 0 0 0 0 0 0 0 0 
1857 10 0 0 0 0 0 0 0 0 0 0 0 
1858 10 0 0 0 0 0 0 0 0 0 0 0 
1859 10 0 0 0 0 0 0 0 0 0 0 0 
1860 10 0 0 0 0 0 0 0 0 0 0 0 
1861 10 0 0 0 0 0 0 0 0 0 0 0 
1862 10 0 0 0 0 0 0 0 0 0 0 0 
1863 10 0 0 0 0 0 0 0 0 0 0 0 
1864 10 0 0 0 0 0 0 0 0 0 0 0 
1865 10 0 0 0 0 0 0 0 0 0 0 0 
1866 10 0 0 0 0 0 0 0 0 0 0 0 
1867 10 0 0 0 0 0 0 0 0 0 0 0 
1868 10 0 0 0 0 0 0 0 0 0 0 0 
1869 10 0 0 0 0 0 0 0 0 0 0 0 
1870 10 0 0 0 0 0 0 0 0 0 0 0 
1871 10 0 0 0 0 0 0 0 0 0 0 0 
1872 10 0 0 0 0 0 0 0 0 0 0 0 
1873 10 0 0 0 0 0 0 0 0 0 0 0 
1874 10 0 0 0 0 0 0 0 0 0 0 0 
1875 10 0 0 0 0 0 0 0 0 0 0 0 
1876 10 0 0 0 0 0 0 0 0 0 0 0 
1877 10 0 0 0 0 0 0 0 0 0 0 0 
1878 10 0 0 0 0 0 0 0 0 0 0 0 
1879 10 0 0 0 0 0 0 0 0 0 0 0 
1880 10 0 0 0 0 0 0 0 0 0 0 0 
1881 10 0 0 0 0 0 0 0 0 0 0 0 
1882 10 0 0 0 0 0 0 0 0 0 0 0 
1883 10 0 0 0 0 0 0 0 0 0 0 0 
1884 10 0 0 0 0 0 0 0 0 0 0 0 
1885 10 0 0 0 0 0 0 0 0 0 0 0 
1886 10 0 0 0 0 0 0 0 0 0 0 0 
1887 10 0 0 0 0 0 0 0 0 0 0 0 
1888 10 0 0 0 0 0 0 0 0 0 0 0 
1889 10 0 0 0 0 0 0 0 0 0 0 0 
1890 10 0 0 0 0 0 0 0 0 0 0 0 
1891 10 0 0 0 0 0 0 0 0 0 0 0 
1892 10 0 0 0 0 0 0 0 0 0 0 0 
1893 10 0 0 0 0 0 0 0 0 0 0 0 
1894 10 0 0 0 0 0 0 0 0 0 0 0 
1895 10 0 0 0 0 0 0 0 0 0 0 0 
1896 10 0 0 0 0 0 0 0 0 0 0 0 
1897 10 0 0 0 0 0 0 0 0 0 0 0 
1898 10 0 0 0 0 0 0 0 0 0 0 0 
1899 10 0 0 0 0 0 0 0 0 0 0 0 
1900 10 0 0 0 0 0 0 0 0 0 0 0 
1901 10 0 0 0 0 0 0 0 0 0 0 0 
1902 10 0 0 0 0 0 0 0 0 0 0 0 
1903 10 0 0 0 0 0 0 0 0 0 0 0 
1904 10 0 0 0 0 0 0 0 0 0 0 0 
1905 10 0 0 0 0 0 0 0 0 0 0 0 
1906 10 0 0 0 0 0 0 0 0 0 0 0 
1907 10 0 0 0 0 0 0 0 0 0 0 0 
1908 10 0 0 0 0 0 0 0 0 0 0 0 
1909 10 0 0 0 0 0 0 0 0 0 0 0 
1910 10 0 0 0 0 0 0 0 0 0 0 0 
1911 10 0 0 0 0 0 0 0 0 0 0 0 
1912 10 0 0 0 0 0 0 0 0 0 0 0 
1913 10 0 0 0 0 0 0 0 0 0 0 0 
1914 10 0 0 0 0 0 0 0 0 0 0 0 
1915 10 0 0 0 0 0 0 0 0 0 0 0 
1916 10 0 0 0 0 0 0 0 0 0 0 0 
1917 10 0 0 0 0 0 0 0 0 0 0 0 
1918 10 0 0 0 0 0 0 0 0 0 0 0 
1919 10 0 0 0 0 0 0 0 0 0 0 0 
1920 10 0 0 0 0 0 0 0 0 0 0 0 
1921 10 0 0 0 0 0 0 0 0 0 0 0 
1922 10 0 0 0 0 0 0 0 0 0 0 0 
1923 10 0 0 0 0 0 0 0 0 0 0 0 
1924 10 0 0 0 0 0 0 0 0 0 0 0 
1925 10 0 0 0 0 0 0 0 0 0 0 0 
1926 10 0 0 0 0 0 0 0 0 0 0 0 
1927 10 0 0 0 0 0 0 0 0 0 0 0 
1928 10 0 0 0 0 0 0 0 0 0 0 0 
1929 10 0 0 0 0 0 0 0 0 0 0 0 
1930 10 0 0 0 0 0 0 0 0 0 0 0 
1931 10 0 0 0 0 0 0 0 0 0 0 0 
1932 10 0 0 0 0 0 0 0 0 0 0 0 
1933 10 0 0 0 0 0 0 0 0 0 0 0 
1934 10 0 0 0 0 0 0 0 0 0 0 0 
1935 10 0 0 0 0 0 0 0 0 0 0 0 
1936 10 0 0 0 0 0 0 0 0 0 0 0 
1937 10 0 0 0 0 0 0 0 0 0 0 0 
1938 10 0 0 0 0 0 0 0 0 0 0 0 
1939 10 0 0 0 0 0 0 0 0 0 0 0 
1940 10 0 0 0 0 0 0 0 0 0 0 0 
1941 10 0 0 0 0 0 0 0 0 0 0 0 
1942 10 0 0 0 0 0 0 0 0 0 0 0 
1943 10 0 0 0 0 0 0 0 0 0 0 0 
1944 10 0 0 0 0 0 0 0 0 0 0 0 
1945 10 0 0 0 0 0 0 0 0 0 0 0 
1946 10 0 0 0 0 0 0 0 0 0 0 0 
1947 10 0 0 0 0 0 0 0 0 0 0 0 
1948 10 0 0 0 0 0 0 0 0 0 0 0 
1949 10 0 0 0 0 0 0 0 0 0 0 0 
1950 10 0 0 0 0 0 0 0 0 0 0 0 
1951 10 0 0 0 0 0 0 0 0 0 0 0 
1952 10 0 0 0 0 0 0 0 0 0 0 0 
1953 10 0 0 0 0 0 0 0 0 0 0 0 
1954 10 0 0 0 0 0 0 0 0 0 0 0 
1955 10 0 0 0 0 0 0 0 0 0 0 0 
1956 10 0 0 0 0 0 0 0 0 0 0 0 
1957 10 0 0 0 0 0 0 0 0 0 0 0 
1958 10 0 0 0 0 0 0 0 0 0 0 0 
1959 10 0 0 0 0 0 0 0 0 0 0 0 
1960 10 0 0 0 0 0 0 0 0 0 0 0 
1961 10 0 0 0 0 0 0 0 0 0 0 0 
1962 10 0 0 0 0 0 0 0 0 0 0 0 
1963 10 0 0 0 0 0 0 0 0 0 0 0 
1964 10 0 0 0 0 0 0 0 0 0 0 0 
1965 10 0 0 0 0 0 0 0 0 0 0 0 
1966 10 0 0 0 0 0 0 0 0 0 0 0 
1967 10 117 0 0 0 0 0 0 0 0 0 0 
1968 10 118 0 0 0 0 0 0 0 0 0 0 
1969 10 0 0 0 0 0 0 0 0 0 0 0 
1970 10 0 0 0 0 0 0 0 0 0 0 0 
1971 10 0 0 0 0 0 0 0 0 0 0 0 
1972 10 0 0 0 0 0 0 0 0 0 0 0 
1973 10 0 0 0 0 0 0 0 0 0 0 0 
1974 10 0 0 0 0 0 0 0 0 0 0 0 
1975 10 0 0 0 0 0 0 0 0 0 0 0 
1976 10 0 0 0 0 0 0 0 0 0 0 0 
1977 10 0 0 0 0 0 0 0 0 0 0 0 
1978 10 0 0 0 0 0 0 0 0 0 0 0 
1979 10 0 0 0 0 0 0 0 0 0 0 0 
1980 10 0 0 0 0 0 0 0 0 0 0 0 
1981 10 0 0 0 0 0 0 0 0 0 0 0 
1982 10 0 0 0 0 0 0 0 0 0 0 0 
1983 10 0 0 0 0 0 0 0 0 0 0 0 
1984 10 0 0 0 0 0 0 0 0 0 0 0 
1985 10 0 0 0 0 0 0 0 0 0 0 0 
1986 10 0 0 0 0 0 0 0 0 0 0 0 
1987 10 0 0 0 0 0 0 0 0 0 0 0 
1988 10 0 0 0 0 0 0 0 0 0 0 0 
1989 10 0 0 0 0 0 0 0 0 0 0 0 
1990 10 0 0 0 0 0 0 0 0 0 0 0 
1991 10 0 0 0 0 0 0 0 0 0 0 0 
1992 10 0 0 0 0 0 0 0 0 0 0 0 
1993 10 0 0 0 0 0 0 0 0 0 0 0 
1994 10 0 0 0 0 0 0 0 0 0 0 0 
1995 10 0 0 0 0 0 0 0 0 0 0 0 
1996 10 0 0 0 0 0 0 0 0 0 0 0 
1997 10 0 0 0 0 0 0 0 0 0 0 0 
1998 10 0 0 0 0 0 0 0 0 0 0 0 
1999 10 0 0 0 0 0 0 0 0 0 0 0 
2000 10 0 0 0 0 0 0 0 0 0 0 0 
2001 10 0 0 0 0 0 0 0 0 0 0 0 
2002 10 0 0 0 0 0 0 0 0 0 0 0 
2003 10 0 0 0 0 0 0 0 0 0 0 0 
2004 10 0 0 0 0 0 0 0 0 0 0 0 
2005 10 0 0 0 0 0 0 0 0 0 0 0 
2006 10 0 0 0 0 0 0 0 0 0 0 0 
2007 10 0 0 0 0 0 0 0 0 0 0 0 
2008 10 0 0 0 0 0 0 0 0 0 0 0 
2009 10 0 0 0 0 0 0 0 0 0 0 0 
2010 10 0 0 0 0 0 0 0 0 0 0 0 
2011 10 0 0 0 0 0 0 0 0 0 0 0 
2012 10 0 0 0 0 0 0 0 0 0 0 0 
2013 10 0 0 0 0 0 0 0 0 0 0 0 
2014 10 0 0 0 0 0 0 0 0 0 0 0 
2015 10 0 0 0 0 0 0 0 0 0 0 0 
2016 10 0 0 0 0 0 0 0 0 0 0 0 
2017 10 0 0 0 0 0 0 0 0 0 0 0 
2018 10 0 0 0 0 0 0 0 0 0 0 0 
2019 10 0 0 0 0 0 0 0 0 0 0 0 
2020 10 0 0 0 0 0 0 0 0 0 0 0 
2021 10 0 0 0 0 0 0 0 0 0 0 0 
2022 10 0 0 0 0 0 0 0 0 0 0 0 
2023 10 0 0 0 0 0 0 0 0 0 0 0 
2024 10 0 0 0 0 0 0 0 0 0 0 0 
2025 10 0 0 0 0 0 0 0 0 0 0 0 
2026 10 0 0 0 0 0 0 0 0 0 0 0 
2027 10 0 0 0 0 0 0 0 0 0 0 0 
2028 10 0 0 0 0 0 0 0 0 0 0 0 
2029 10 0 0 0 0 0 0 0 0 0 0 0 
2030 10 0 0 0 0 0 0 0 0 0 0 0 
2031 10 0 0 0 0 0 0 0 0 0 0 0 
2032 10 0 0 0 0 0 0 0 0 0 0 0 
2033 10 0 0 0 0 0 0 0 0 0 0 0 
2034 10 0 0 0 0 0 0 0 0 0 0 0 
2035 10 0 0 0 0 0 0 0 0 0 0 0 
2036 10 0 0 0 0 0 0 0 0 0 0 0 
2037 10 0 0 0 0 0 0 0 0 0 0 0 
2038 10 0 0 0 0 0 0 0 0 0 0 0 
2039 10 0 0 0 0 0 0 0 0 0 0 0 
2040 10 0 0 0 0 0 0 0 0 0 0 0 
2041 10 0 0 0 0 0 0 0 0 0 0 0 
2042 10 0 0 0 0 0 0 0 0 0 0 0 
2043 10 0 0 0 0 0 0 0 0 0 0 0 
2044 10 0 0 0 0 0 0 0 0 0 0 0 
2045 10 0 0 0 0 0 0 0 0 0 0 0 
2046 10 0 0 0 0 0 0 0 0 0 0 0 

0 5 2 2 0.196078 5 16 30 17 -3 15 43 15 40 15 -21 4 0.984985 82 -18 -26 -17 -23 10 -24 -24 -25 13 -32 -14 -6 25 -3 -20 -2 -12 -17 -17 -34 -19 0 -23 -16 -25 36 10 33 24 -20 -22 33 -23 2 8 40 -21 -20 -11 10 -15 -15 -14 -16 -11 34 -23 -26 -22 -10 -20 26 -19 45 -14 15 -14 -10 23 -11 -10 -17 23 18 -21 35 -14 10 -21 26 21 32 18 0 -19 -9 -22 -18 16 24 -23 28 -10 -23 -20 25 -21 28 -22 27 -22 11 19 -22 -22 44 -23 -6 -18 13 13 41 -20 4 13 40 -21 8 -22 37 14 -29 -25 17 -24 -33 -20 39 -16 37 -21 32 14 -28 -9 -4 -18 26 -20 1 -23 -6 -18 -14 -22 -2 19 36 -17 9 2 -31 -8 5 -17 0 -25 -9 4 34 -14 40 3 -21 12 0 16 16 14 -15 9 -31 -24 24 
1 5 2 2 0.235294 3 12 14 12 12 9 -4 4 0.981132 39 14 -26 16 8 3 -14 4 7 3 4 13 4 7 27 12 0 12 18 11 17 12 3 7 13 8 29 1 42 5 40 6 1 5 12 11 22 3 22 11 -26 4 30 -24 -18 5 41 0 -28 17 17 12 -14 8 -12 18 -15 18 -13 10 -5 9 -3 9 35 5 5 5 18 8 29 13 39 -4 35 -5 38 12 17 
2 5 2 2 0.5 2 6 34 7 38 4 0.941176 8 14 -3 13 22 13 11 13 26 15 21 22 17 22 16 14 10 
3 5 2 2 0.979592 48 8 -26 7 -25 15 -21 6 -18 5 -6 3 20 6 -11 9 -24 5 -30 7 -20 3 -23 8 40 16 -1 11 -18 8 44 14 -15 3 35 3 37 5 34 5 38 5 -14 6 6 8 8 11 16 10 -8 9 8 4 22 3 35 3 13 6 -3 11 5 5 -32 2 -25 11 47 6 44 7 -26 3 -25 5 5 3 -12 9 28 3 -19 13 -14 4 42 3 31 6 -11 9 12 4 45 6 -21 4 0.25 4 23 1 12 0 14 -11 13 33 
4 5 2 2 0.695652 4 4 -16 6 28 6 -11 15 28 4 0.875 7 18 -18 7 43 12 29 19 30 19 35 -7 36 -6 38 
5 5 2 2 0.036036 1 1 -26 4 0.997669 107 11 31 5 -24 -4 5 -6 38 3 -1 4 -4 -6 31 11 -25 -17 13 -17 17 -19 8 -10 42 -19 26 -16 -20 -17 38 -18 -5 -21 -9 -23 19 -9 16 -8 21 -21 1 -22 2 -5 12 -18 27 -12 26 -16 -6 -9 31 -13 26 -13 39 -19 20 -19 19 -14 -18 -23 39 -10 -23 -17 -15 -19 35 -21 28 -19 38 -19 31 -17 19 -12 10 2 10 -7 -28 -9 44 -5 -19 -19 8 3 16 -18 6 -18 13 -7 38 0 -12 -16 28 -13 -15 -14 22 8 -16 -17 44 8 -4 -14 -26 -18 -30 -11 -10 -14 30 -12 -25 7 10 -22 41 -22 28 -7 42 -8 -28 -6 24 -5 37 -4 1 -4 6 -8 17 -7 -6 -11 44 -4 2 -5 -28 -4 -9 -3 42 -1 9 10 -6 1 40 -3 -7 -3 -15 -1 -30 -18 9 -2 -18 -1 28 0 34 -23 24 -7 41 0 -18 2 14 -19 -16 2 -20 3 -22 -2 18 -4 34 1 42 -11 43 -1 20 -4 -1 -10 -10 -9 -5 -24 17 -21 -28 -7 -6 -7 -4 
6 5 2 2 0.897959 11 -9 22 -17 28 -20 27 -20 24 -18 29 -14 21 -15 29 -13 26 7 17 -8 -2 -7 13 4 0.645161 5 -9 28 -18 28 -12 29 -21 25 7 32 
7 5 2 2 0.980716 89 0 16 0 23 6 -13 -7 0 -17 21 -14 23 -6 -2 8 32 8 31 9 -15 -4 13 -5 -25 -13 9 -6 22 -1 -5 11 52 -3 25 -19 18 -5 -3 11 36 -5 -9 -2 32 -15 19 -8 18 -5 34 7 33 -13 39 3 -3 -17 35 -15 -31 -11 -13 -14 32 -12 -11 -11 -10 -16 37 14 50 14 37 -6 -5 -9 33 16 7 15 28 0 22 15 29 -7 39 4 -15 14 30 -8 26 4 30 -11 39 -17 44 -8 50 -2 33 -20 41 -14 -22 -9 10 -4 21 -7 -13 -5 39 -16 32 -7 18 -19 -32 -12 -23 -20 37 -2 35 -9 30 -4 -4 -8 32 6 23 -4 34 -8 38 -12 -7 0 18 -8 -24 -7 32 -10 -4 10 -11 7 30 9 13 1 28 14 31 -4 -11 -5 13 -6 -10 0 -5 -12 37 -14 -9 -1 -29 -3 16 -15 14 4 0.239316 7 -16 24 1 17 -1 2 -18 42 -2 17 -6 -4 -9 -8 
8 5 2 2 0.727273 6 9 28 -20 4 -18 5 13 -23 14 -24 9 -23 4 0.857143 9 6 -25 18 -16 23 2 0 13 18 -22 -3 -29 22 -28 24 -27 23 -24 
9 5 2 2 0.56 14 12 -17 11 -18 16 10 11 -6 14 23 11 38 9 36 15 -1 3 52 -13 44 -20 22 -16 24 -13 25 -2 37 4 0.926316 44 21 26 19 12 16 -17 20 -9 21 34 18 33 1 22 18 38 17 31 16 24 15 30 16 42 16 41 23 30 15 10 17 27 18 1 16 -8 2 4 21 -6 25 -1 18 41 19 28 19 39 15 13 11 32 14 23 10 30 -5 30 14 10 -5 38 -13 29 -5 12 -8 5 -12 27 -4 -11 -2 25 -4 23 -7 28 -6 26 -3 24 -6 37 -5 28 11 35 
10 5 2 2 0.926829 19 -1 35 0 38 -2 23 -3 28 -14 26 -10 22 0 30 -15 24 -12 32 3 38 -10 29 -7 21 -6 23 -12 22 -4 7 -3 -16 -3 -6 -4 40 -6 38 4 0.55814 6 -6 -5 0 -1 2 -17 8 24 9 -8 10 -2 
11 5 2 2 0.921569 94 14 -11 14 39 15 20 16 -18 13 -8 14 -5 13 -11 13 20 14 0 14 34 14 -15 14 -2 14 0 12 25 13 27 13 -19 11 2 15 -10 13 -17 12 -8 12 -6 14 3 10 11 8 -22 11 -17 11 -20 11 2 8 -7 9 13 -13 52 10 30 10 -17 10 6 11 28 -7 53 16 32 12 -20 10 29 10 17 -9 39 9 -23 -10 52 10 -11 9 -12 -6 52 8 -26 -7 38 8 -18 9 -7 11 19 9 30 -7 40 8 -25 6 -17 8 15 10 7 8 50 -6 38 7 -17 6 -21 6 15 6 -29 -2 42 7 39 14 -6 5 22 -18 42 6 -7 -16 42 4 43 2 3 13 40 11 29 -1 36 2 37 -3 40 1 28 3 43 -1 49 -6 41 6 31 -2 34 2 34 -15 35 -10 34 4 13 0 33 -19 35 -17 36 -3 32 6 30 -10 32 -15 34 0 35 4 0.576577 32 20 -20 25 39 25 -13 24 -19 23 -17 23 -11 20 -26 12 -23 2 15 21 2 26 13 24 9 9 -4 0 -10 8 -13 15 -2 7 -16 21 34 -3 8 -2 -14 18 16 -4 12 -4 -11 15 -25 20 -1 20 -21 18 -20 12 32 8 -22 -9 38 9 36 -18 36 
12 5 2 2 0.822857 108 -14 30 2 -16 3 15 3 10 -18 30 13 -26 -14 29 -13 15 -20 27 -13 -9 -14 -27 -19 22 -19 23 -18 27 -5 -3 -11 0 -13 -26 -14 25 -19 -15 -16 15 -16 -25 -3 -21 -20 -2 -17 -7 -15 8 -16 -8 -4 -17 -19 3 -10 -8 -14 -8 -5 10 -13 -24 -17 -2 -10 25 -8 -2 -10 26 -7 -6 -7 13 -15 -12 -13 -25 -6 -20 -18 -20 -14 11 -18 -7 -14 -4 -12 -25 -11 14 -11 -4 -5 6 -12 -18 -17 7 -18 -3 -18 -2 -13 -26 -13 -16 -16 -13 -4 6 -10 -20 -15 -23 -7 -2 -10 -19 -13 -16 -5 -22 0 -4 4 -7 -8 23 1 -5 3 -6 -14 -19 -10 11 -7 1 0 -16 -3 -13 3 15 -8 -19 0 20 -2 19 3 20 -9 -13 -6 -1 -7 -19 -9 -24 -7 -7 2 14 2 -19 5 -24 -4 -26 -8 -12 5 -12 -3 -23 -7 -2 -9 -20 -4 20 -6 -17 1 7 4 -21 -5 -1 2 4 -6 -3 6 21 -2 -15 11 -7 8 6 -3 25 10 -7 -1 -17 -1 6 0 -17 4 0.775 93 -5 32 -13 32 -2 32 -8 32 -18 30 -7 -21 -9 -27 -15 -22 -15 -1 -16 11 -19 -13 -18 -1 -19 -20 -12 -18 -18 -4 -12 -22 -5 -28 -13 -9 -12 -17 -5 2 -15 -22 -9 -29 -14 -26 -3 -14 -16 18 -4 6 -14 -24 -12 -7 -12 -22 -15 -6 -11 -5 -7 15 -10 1 -16 1 -1 -7 -9 -31 -2 25 -9 -28 -14 -29 -3 -1 -22 -24 -23 -5 -21 -16 -13 -5 -2 8 -22 -8 -22 -7 -22 -5 -20 2 -19 -19 -4 -27 -2 7 3 16 -4 22 -16 -15 -2 19 -22 27 -17 -5 -1 10 -2 23 3 -19 -14 -20 2 8 -16 -1 -15 -23 -20 1 -17 -13 1 22 8 6 -17 4 7 -14 10 19 12 -17 -16 -6 4 11 9 8 -12 -25 15 -5 11 -28 5 11 10 -9 -13 4 7 15 -10 -17 12 -27 -10 -13 10 -6 9 -24 -12 -9 10 18 -11 -26 -7 13 8 -15 
13 5 2 2 0.918033 14 3 -29 -2 20 0 -18 2 8 1 -13 1 7 5 -22 12 -3 1 26 15 -20 -3 -9 -1 9 2 -16 3 -11 4 0.588235 5 15 16 9 18 8 32 16 7 10 -27 
14 5 2 2 0.909091 5 7 -28 11 -20 7 -14 11 -19 6 -24 4 0.615385 2 12 -13 -17 28 
15 5 2 2 0.177778 2 -9 -27 10 -4 4 0.986667 37 6 24 10 -30 -16 18 -8 17 -16 7 -18 -12 -14 -9 -14 -12 -14 23 -14 20 -13 -9 -10 -11 -15 -6 -14 20 -22 -7 -11 -15 -23 2 -14 -4 -23 -10 -4 30 -11 22 -21 -11 11 -16 -18 -19 13 -27 -21 -25 -10 10 17 -20 -13 5 -11 8 8 -9 16 28 11 -24 9 -27 -12 -5 -8 -11 -8 19 
16 5 2 2 0.5 3 8 -33 -18 -44 0 -42 4 0.941176 12 15 -38 3 -39 4 -38 16 -38 18 -37 17 -40 -2 -37 19 -37 -25 -38 20 -38 -3 -36 -7 -10 
17 5 2 2 0.682927 7 10 -31 1 53 8 -31 -1 -4 5 -35 16 -35 -20 -35 4 0.881356 13 0 15 2 -30 3 -32 -4 -31 -19 -13 -13 -37 -18 -33 -3 -33 -17 -36 19 -35 -13 -39 -1 -35 -13 -37 
18 5 2 2 0.957747 17 5 -37 -19 -39 16 -36 12 -39 12 -42 8 -44 11 -42 14 -39 10 -42 -14 -41 -7 -43 -2 -41 3 -43 -8 -40 0 -41 1 -41 14 -46 4 0.413793 3 13 -42 18 -29 16 -34 
19 5 2 2 0.240602 8 -11 -43 -1 -45 0 28 13 -38 -8 -26 -6 18 -8 20 16 -19 4 0.980583 101 -3 -19 4 -40 -4 -31 -3 -39 -5 -38 -11 -24 -16 -29 -7 -36 -18 -42 -19 -37 -10 -29 -19 -35 -14 -39 -1 -32 19 -39 -15 -28 0 21 -18 -40 -3 -14 2 -41 -18 -34 -7 -23 6 -36 21 -31 -5 -35 9 23 -21 -42 -10 -39 -17 -35 21 -40 -9 -40 13 -41 -2 -12 -12 -40 2 -30 22 -37 -12 -38 -7 -38 -11 -43 -21 -41 0 9 -10 -38 -12 -43 -8 -26 -12 -34 -17 -42 -2 37 -11 -45 1 -41 -12 -6 0 -19 -8 22 -5 4 3 -24 1 1 -1 -42 -7 -6 -7 -43 7 35 4 9 23 -42 -8 -43 10 -34 -13 19 -11 7 -13 -8 -7 13 -4 -12 -9 45 -4 24 -4 38 3 37 -1 9 -1 44 -10 32 -6 45 -11 -44 -1 7 -1 -44 2 -42 -16 -26 5 -43 -2 42 26 -28 25 -35 23 -34 6 33 2 -3 -11 -16 -12 -26 5 27 -10 -23 -14 -21 -22 -25 0 24 5 35 12 10 2 20 3 -1 12 42 6 34 
20 5 2 2 0.470588 4 3 -39 0 -33 7 -41 -3 -41 4 0.947368 18 12 -24 12 -42 9 -8 8 -2 17 -42 10 -36 7 0 10 -33 14 -40 16 -44 7 -35 -12 -31 8 -42 8 -37 10 -35 1 -32 -4 -39 -10 -31 
21 5 2 2 0.851064 20 8 -45 6 11 -9 -40 -8 -19 6 -34 14 -46 1 -45 -6 -35 -11 -39 0 18 -1 -10 -3 -32 6 -38 2 -12 4 -3 -9 -36 1 -32 0 -1 8 -4 7 -10 4 0.736842 14 -15 -34 2 -17 3 -26 14 -37 3 -41 7 -41 8 25 -4 10 11 -38 7 -38 8 -28 -12 -29 -15 -34 -3 21 
22 5 2 2 0.955224 16 5 -6 13 -42 -12 -41 14 -40 2 -33 -11 -37 2 -39 -8 -41 -6 25 -5 -44 -1 -48 -3 -48 -6 -38 6 -16 3 -30 -11 -6 4 0.428571 3 10 4 8 -34 -10 -41 
23 5 2 2 0.181818 1 -3 -21 4 0.986301 18 -3 -33 -2 -34 -25 -35 -12 -34 -5 -39 11 -30 5 -37 1 -40 -4 -44 0 -42 -8 -39 -15 -36 2 -42 4 -33 -12 -37 4 -20 0 1 -1 18 
24 5 2 2 0.888889 2 4 -36 -3 -34 4 0.666667 1 -17 -32 
25 5 2 2 0.740741 5 -8 16 -15 -28 -14 -35 -13 -24 -15 -30 4 0.848485 7 -16 -35 -12 15 -4 -34 -16 12 -20 37 -17 11 -17 -33 
26 5 2 2 0.1 1 -12 2 4 0.993103 36 -8 -13 -21 -15 -6 37 -23 -32 2 14 -12 8 -11 9 -17 -29 -11 -29 -12 9 16 6 -13 11 -3 40 -18 17 -18 45 -12 22 -5 11 -3 12 1 -12 -3 13 -5 34 -5 -20 -9 15 -10 43 -7 22 -4 29 -15 -19 -16 -12 -1 28 1 28 -16 43 -12 -16 -4 -13 -6 -13 -6 22 -4 -19 
27 5 2 2 0.987013 19 10 42 12 -29 10 -11 12 41 15 -33 10 -32 14 -29 9 -24 15 -37 12 -35 8 -43 12 -36 9 -29 11 41 12 10 10 -39 4 -39 -13 -38 -12 -37 4 0.173913 1 20 -24 
28 5 2 2 0.615385 2 -14 -41 -20 -42 4 0.909091 5 -1 -32 -23 -39 -14 -10 -15 -7 -19 -14 
29 5 2 2 0.210526 1 16 43 4 0.983607 15 21 40 17 -39 19 23 24 -7 21 -21 20 42 24 4 24 9 16 35 16 15 10 32 23 43 0 -5 5 13 14 45 
30 5 2 2 0.985507 17 7 1 15 13 14 -34 14 -35 10 5 9 5 11 3 9 39 12 38 14 -27 11 0 13 -8 10 7 13 -43 9 1 12 6 11 11 4 0.190476 1 -13 -15 
31 5 2 2 0.977376 54 2 37 -2 42 -17 35 -1 39 2 19 -4 35 1 40 13 22 -5 34 -5 39 -2 40 -6 40 -12 35 -7 34 -8 36 -4 42 3 41 2 40 -8 33 -9 43 -8 42 -13 40 6 36 -3 38 1 36 1 37 12 19 12 3 10 18 8 12 2 4 -16 31 16 -42 12 24 -20 4 -10 -21 -20 6 -18 22 -8 15 -17 7 -20 -16 -20 -17 -17 12 -15 3 -16 25 -16 28 -7 4 -20 24 -14 5 -17 7 -18 -21 8 -8 9 -9 12 -43 4 0.27027 5 0 37 4 36 3 43 -8 29 5 12 
32 5 2 2 0.8 2 -13 29 8 -4 4 0.8 2 7 -19 11 -7 
33 5 2 2 0.8 5 -3 -41 3 -4 14 14 6 -35 15 -8 4 0.8 5 -7 16 15 -16 -6 -23 7 26 4 -42 
34 5 2 2 0.986301 18 9 7 6 0 7 17 14 19 -16 -38 -18 1 9 -13 4 3 6 4 -18 29 -6 9 9 -26 -20 24 6 -32 -20 -23 -12 -19 5 13 -9 26 4 0.181818 1 7 -19 
35 5 2 2 0.852459 13 -3 -40 -12 -39 -8 -27 -2 -10 -15 -23 2 -1 0 15 -7 28 4 -27 5 33 8 35 6 35 6 21 4 0.734694 9 -10 -36 2 13 -22 31 12 -11 -20 31 12 -21 -4 35 11 40 -3 23 
36 5 2 2 0.363636 3 -11 -14 12 -43 12 11 4 0.965517 21 13 -36 12 -36 2 -3 -14 -29 -4 -15 17 4 -7 13 14 41 13 38 17 -32 -3 20 20 -13 3 4 2 -15 -14 37 -20 36 18 -12 9 -11 -7 -18 11 28 11 3 
37 5 2 2 0.860759 17 -12 -32 5 29 3 -42 -13 -16 0 33 13 -33 16 19 7 39 0 32 5 11 12 7 -13 -46 -8 34 -14 -15 2 1 7 36 -2 10 4 0.721311 11 13 37 7 -21 -4 -23 18 -12 -2 11 -4 -31 -2 41 10 24 8 1 3 9 -1 -16 
38 5 2 2 0.994709 47 -17 -28 4 -26 -9 -27 -9 -30 9 3 8 -29 -17 -30 3 -31 -14 -28 -11 -26 -7 13 -1 -26 -13 -31 -13 -25 -13 -27 -6 -28 -4 -32 -2 -35 5 5 0 -35 -11 -28 8 44 -12 1 0 -36 -6 -15 -8 -30 0 -36 -2 9 -11 -29 -5 26 -4 -30 -12 29 -12 15 -15 0 -19 18 0 -27 -5 19 -4 45 -6 11 1 1 -3 16 10 43 -2 -26 0 13 -13 45 -13 6 -10 17 4 0.0784314 1 14 5 
39 5 2 2 0.979592 12 -11 21 -13 24 -11 18 -12 20 8 0 -9 -17 -11 2 1 8 -8 1 -2 9 4 13 -11 28 4 0.25 1 -17 15 
40 5 2 2 0.521739 3 -4 -8 0 -29 0 -28 4 0.93617 11 -10 5 9 1 2 15 5 -10 14 -5 11 6 -16 4 6 -37 -13 8 7 11 7 13 
41 5 2 2 0.93913 54 10 43 8 41 10 42 11 51 -4 47 3 45 -6 47 -3 44 15 44 1 50 -9 45 -2 45 -17 45 -17 44 1 -22 -1 -24 -11 10 -16 -8 -14 3 -3 11 -6 44 -8 41 -7 44 -12 -14 -1 44 -16 8 -13 -22 -14 -22 -18 45 -15 5 1 45 0 -23 -9 14 -15 15 -13 4 1 27 -12 2 -13 -15 2 -20 5 42 -14 -21 -8 -20 -13 -12 -18 43 -17 29 -8 44 -10 10 -12 -17 -6 19 -7 -34 -11 21 -7 -33 -14 -18 -9 14 4 0.509091 14 -1 44 13 44 -14 45 16 45 -12 -17 8 15 -22 12 -5 -16 6 -22 -18 22 -1 -3 -12 -11 7 17 -15 22 
42 5 2 2 0.989547 71 -13 15 -12 15 -5 11 2 11 0 42 -2 -14 -6 41 -9 -14 2 -15 -5 4 3 15 6 -26 -4 -23 3 42 -10 11 -2 5 4 41 0 43 -10 6 6 24 -9 20 5 17 -6 -14 2 41 4 41 -5 -25 8 11 -3 -29 -1 4 6 -4 -2 12 7 24 -1 23 -4 24 -4 -7 10 17 -4 -14 0 15 0 16 -2 3 7 41 4 42 11 -23 10 -16 4 -8 0 15 1 6 -13 -35 -9 -45 2 -48 -9 -38 -10 2 -2 -38 -16 1 -12 4 -11 -39 -9 -43 -2 -43 2 -41 0 -39 2 -43 -11 -41 -11 1 -16 -40 0 -43 1 -42 -5 -43 -9 -40 2 -43 -5 -16 -3 -40 4 0.144578 3 -12 21 -11 -38 7 -39 
43 5 2 0 0.114286 1 17 28 3 0.992 31 40 19 37 13 29 59 -34 99 -33 30 34 24 -43 95 -26 94 22 97 4 93 0 91 -4 96 27 25 -43 25 -6 99 -2 92 -18 93 34 14 17 91 -17 92 18 34 7 88 27 31 17 77 -25 92 21 26 -8 42 30 -53 34 4 34 6 35 -27 
44 5 2 0 0.714286 5 16 -23 14 -19 14 -18 18 -45 14 -35 3 0.864865 8 24 49 29 -65 23 12 25 -56 29 -44 20 33 27 -50 26 -6 
45 5 2 2 0.16 1 4 -44 4 0.988235 21 9 -43 -11 -43 -14 -43 3 -24 -15 23 -23 23 -23 13 4 -44 -13 -44 7 -44 -23 43 1 -22 -23 40 -23 -19 1 4 4 -43 9 -43 -20 -28 -17 -43 6 -43 3 -11 
46 5 3 2 0.823529 7 3 -36 0 -25 -5 -19 -8 -38 -9 -37 -7 -29 -8 -35 3 0.25 1 -16 42 4 0.714286 5 -23 -42 -16 -41 -23 -13 0 -34 -19 -36 
47 5 2 2 0.64 4 21 -17 21 35 11 -44 15 37 4 0.9 9 26 5 25 16 26 -30 4 5 20 -42 21 -44 20 16 24 -44 14 29 
48 5 2 2 0.988235 21 19 -37 19 -24 17 -42 16 -10 17 -26 16 27 15 1 16 -6 19 25 15 -40 13 -23 13 -11 17 -25 15 -34 11 -36 11 -9 10 -35 14 28 10 -17 13 25 13 28 4 0.16 1 8 3 
49 5 3 2 0.5 1 13 -36 3 0.5 1 29 50 4 0.857143 3 22 -9 8 -14 12 -10 
50 5 3 2 0.973545 46 20 23 18 -31 15 28 20 -33 19 -13 15 -38 19 17 18 -16 17 -30 18 -17 20 34 18 16 19 -28 18 -19 17 -42 18 -7 17 -42 19 -19 18 -43 15 35 18 3 15 -1 16 3 12 33 19 35 17 -1 19 36 19 3 19 -8 18 8 19 -5 15 34 17 5 19 -22 17 3 17 29 14 1 17 21 17 -7 19 7 17 5 14 14 19 13 17 8 18 2 18 11 3 0.0740741 1 37 -45 4 0.253968 4 26 -6 25 -9 26 -3 23 32 
51 5 3 2 0.163265 2 20 -17 16 23 3 0.0869565 1 27 -28 4 0.981595 40 21 23 23 27 2 -9 19 0 6 17 23 -41 23 34 4 -12 12 -6 26 -18 8 -30 21 21 8 14 -18 -21 -10 -14 10 -35 23 24 14 19 5 27 10 -38 9 11 22 18 7 14 4 -21 10 -38 21 -11 10 -31 13 27 18 21 22 -4 8 13 5 -21 10 11 15 0 7 20 23 29 8 18 23 -2 20 -41 12 -28 
52 5 2 2 0.972973 9 9 42 17 37 15 6 17 41 15 44 17 41 16 42 17 44 16 39 4 0.307692 1 11 42 
53 5 2 2 0.727273 6 21 -35 12 43 21 39 18 41 18 40 18 41 4 0.857143 9 6 43 12 -29 20 -29 13 36 7 -33 21 42 18 5 24 43 22 23 
54 5 2 0 0.888889 4 -9 36 18 33 19 33 10 30 3 0.666667 2 25 32 23 79 
55 5 3 0 0.169014 3 18 -48 12 89 23 33 2 0.169014 3 21 26 19 -27 21 16 3 0.973913 56 15 -19 40 13 33 -51 30 -94 34 83 40 40 38 10 40 17 34 40 37 70 33 20 42 -37 30 18 19 84 30 79 39 -61 38 95 43 -41 38 86 31 62 45 -2 39 -14 43 35 35 -37 33 12 42 31 -34 -19 21 44 28 44 27 40 42 -50 18 39 32 33 32 -76 15 33 36 21 45 10 15 43 29 -78 42 -87 24 33 35 25 34 -22 24 47 42 -17 35 -20 37 38 37 -43 40 -7 43 -6 23 -7 40 38 30 -36 39 85 26 44 44 -34 
56 5 4 0 0.235294 1 -22 67 1 0.235294 1 -13 -39 3 0.878049 9 -5 37 -23 -91 -24 92 -30 -93 -43 -19 -42 -16 -37 43 -35 -41 -6 40 4 0.521739 3 -24 1 -21 -31 -25 -27 
57 5 3 0 0.470588 2 18 76 18 77 2 0.470588 2 19 39 19 -33 3 0.875 7 -23 43 -11 -92 -15 40 28 41 22 17 -8 41 32 34 
58 5 2 0 0.901408 48 25 5 23 -18 11 93 23 61 18 -48 18 -9 15 -16 18 -35 13 69 25 76 21 34 8 63 21 85 25 91 21 60 23 76 24 62 11 81 14 80 20 58 24 67 18 77 21 82 22 67 15 90 12 75 21 67 12 83 18 58 18 61 16 59 19 79 13 63 15 58 4 80 1 79 13 76 13 88 18 36 22 6 0 58 6 38 7 91 5 92 -22 34 21 22 -5 35 14 34 3 0.636364 21 25 -20 36 41 40 34 36 99 34 -70 42 -71 39 100 35 -51 41 -61 -43 43 34 -13 41 38 41 90 43 -42 39 -32 36 -37 41 -31 30 26 29 23 13 76 33 33 
59 5 3 0 0.909091 10 -1 66 22 -3 11 58 18 -13 22 -10 5 60 3 61 -1 55 1 57 3 60 3 0.4 2 -42 -87 -36 -89 4 0.4 2 -6 -19 -7 -12 
60 5 3 0 0.4 1 18 3 1 0.615385 2 14 -11 17 39 4 0.842105 4 17 15 26 29 11 -6 12 -11 
61 5 2 0 0.967742 15 18 60 18 18 2 91 10 61 18 -69 25 -15 15 -31 15 -32 17 2 18 -6 25 -85 15 6 21 -25 18 35 18 38 3 0.347826 2 42 -31 26 76 
62 5 4 0 0.666667 4 16 -90 -7 62 -21 60 -7 60 2 0.740741 5 14 -42 18 20 18 7 18 6 19 -42 3 0.266667 1 -26 -98 4 0.444444 2 9 -45 7 -45 
63 5 2 0 0.556962 11 -22 56 -23 59 23 -91 23 -86 -20 75 -16 40 -23 76 -21 72 -21 84 -24 87 -19 93 3 0.927152 35 -6 -88 13 -40 -43 -5 -11 -66 -32 -99 2 -90 10 -77 -15 31 41 8 -40 86 -34 99 27 -99 -42 94 22 -37 22 -86 38 63 41 -19 44 44 30 3 19 -85 28 -77 -43 97 -41 99 -37 83 37 61 36 62 41 -25 33 32 39 40 37 -39 34 -78 32 -30 29 47 26 79 32 -69 
64 5 4 0 0.434783 5 -23 54 -16 68 -18 68 -23 68 -13 61 2 0.372093 4 21 -39 21 29 21 44 21 42 3 0.581818 8 -41 31 -42 36 42 68 -42 7 40 70 -12 -81 -8 -85 -41 1 4 0.767123 14 10 -5 22 -39 23 -11 20 -27 20 -35 22 31 22 13 11 34 23 30 21 40 19 0 23 35 23 32 19 9 
65 5 4 0 0.705882 3 24 -25 -5 61 18 -59 2 0.363636 1 21 4 3 0.705882 3 24 -4 33 -62 40 -85 4 0.363636 1 12 -21 
66 5 4 0 0.2 1 23 -45 2 0.88 11 21 -1 16 22 18 25 21 10 20 35 18 -7 21 11 21 -44 20 36 18 -19 18 -18 3 0.2 1 -16 31 4 0.551724 4 11 14 15 -6 23 -37 18 16 
67 5 2 2 0.190476 1 21 -37 4 0.985507 17 19 -33 12 32 15 23 15 32 17 36 18 24 18 13 18 8 17 0 17 14 18 5 13 16 16 5 20 -27 20 -29 15 -22 13 -41 
68 5 3 2 0.666667 1 21 -41 3 0.666667 1 40 -80 4 0.666667 1 16 8 
69 5 2 0 0.996764 77 -15 64 13 -11 15 -30 17 -35 15 -17 -11 72 13 -3 17 -26 -12 65 -15 72 15 50 -12 62 14 -5 -10 65 -7 66 13 -53 17 -23 14 51 -12 70 -13 71 -7 65 15 4 17 47 16 56 14 -49 15 -52 -13 69 3 67 6 76 4 76 0 71 -2 65 -4 63 3 71 2 71 15 70 -2 70 -13 75 7 70 10 74 11 66 -3 64 -5 72 10 72 16 70 5 64 -2 67 17 61 5 72 13 69 5 74 10 73 9 70 -1 73 -4 66 10 76 15 73 13 76 8 64 14 67 9 69 6 74 5 75 3 77 -2 65 17 61 16 67 -2 74 10 73 6 66 -16 74 6 67 5 67 6 68 3 64 4 65 4 67 3 0.0493827 1 29 22 
70 5 2 0 0.333333 1 13 29 3 0.969697 8 30 3 28 33 29 27 31 34 -10 28 34 63 -20 80 16 -32 
71 5 2 0 0.941176 16 14 -63 20 -1 23 40 15 -62 22 -4 21 47 19 -62 20 -69 23 -12 24 46 17 -50 25 -10 25 -12 25 -28 24 2 12 48 3 0.5 4 34 72 25 -27 32 74 30 -4 
72 5 2 0 0.285714 1 23 16 3 0.97561 10 43 21 33 29 40 84 23 99 45 29 21 85 11 -32 40 34 41 34 26 48 
73 5 4 0 0.769231 5 18 -38 24 14 18 43 14 76 -13 64 2 0.6 3 21 29 20 -11 21 40 3 0.470588 2 31 50 42 2 4 0.285714 1 16 19 
74 5 2 0 0.145455 2 18 -70 23 -73 3 0.989474 47 33 16 34 -88 33 -17 33 36 42 -10 31 -31 35 -61 30 -50 30 -41 39 1 39 -8 33 -34 30 31 18 27 19 74 23 21 30 -25 15 34 25 -75 27 -11 26 5 25 5 29 46 26 -7 37 -35 11 -5 28 -14 36 -7 33 33 33 -30 -11 28 32 21 37 -33 33 28 16 37 29 -58 34 -30 36 -63 17 17 7 -26 37 -9 28 33 25 31 16 29 34 19 41 -47 20 100 
75 5 2 0 0.888889 2 12 54 22 49 3 0.666667 1 26 96 
76 5 2 0 0.181818 1 25 -52 3 0.986301 18 23 95 43 58 41 22 12 100 31 -16 41 -72 38 -63 26 71 42 -40 40 85 17 32 39 59 28 45 42 -42 31 -64 39 -27 37 19 22 9 
77 5 3 0 0.727273 2 25 18 23 -35 3 0.5 1 18 65 4 0.727273 2 15 -8 23 44 
78 5 2 0 0.972973 18 7 64 -12 40 -17 42 -6 41 -1 43 4 44 -1 46 -17 44 7 45 3 44 -16 44 15 44 -2 45 -15 47 -1 47 1 50 -19 46 5 49 3 0.307692 2 26 68 17 35 
79 5 4 0 0.571429 4 5 50 -2 54 1 56 -4 54 2 0.363636 2 20 -21 20 -24 3 0.645161 5 34 91 -26 98 30 -86 12 94 27 -2 4 0.645161 5 16 -26 18 -28 17 -14 18 -17 20 -15 
80 5 2 0 0.981818 54 22 9 18 14 2 85 17 44 16 45 15 45 3 86 13 48 12 12 14 53 18 45 -4 54 16 46 10 49 9 14 -18 22 3 54 -24 21 11 45 9 46 6 57 13 45 13 47 12 51 -16 51 2 52 -5 28 8 49 13 24 -2 20 18 28 -20 27 -16 23 -1 55 -14 29 17 27 -24 27 6 58 13 19 10 26 11 26 -7 26 -17 29 -24 28 -6 26 -3 20 -2 26 -3 28 6 61 -12 30 6 30 -21 32 6 30 -15 32 3 0.228571 4 25 16 16 38 13 70 15 27 
81 5 2 0 0.666667 2 2 34 -7 91 3 0.888889 4 9 27 12 28 -23 33 -18 39 
82 5 3 0 0.738739 41 1 58 2 60 -11 62 3 61 -9 61 0 64 -4 61 7 63 -15 56 -1 57 -2 59 -12 59 0 57 -4 58 10 57 7 60 9 61 5 -32 15 -21 16 -19 6 -66 12 15 10 -6 7 -66 16 -28 8 24 19 -15 20 -66 20 -37 20 -36 17 -27 7 33 18 -59 18 -45 22 -48 16 -34 18 -70 17 -75 7 11 18 -65 13 -53 1 0.666667 33 11 32 10 -14 12 32 11 34 9 -23 14 -2 14 -17 11 -15 14 33 10 5 14 -14 13 4 11 5 14 11 13 -7 14 33 11 34 13 9 8 14 10 15 12 5 14 2 12 5 12 20 14 -8 14 -31 12 21 13 12 14 -30 12 13 12 18 14 18 12 -19 3 0.574713 25 28 -63 22 11 -12 18 -18 11 3 83 -22 15 5 32 36 3 21 37 21 63 9 66 34 2 23 23 22 -33 15 63 20 12 10 -88 24 19 25 18 13 -89 13 -88 19 -69 28 5 11 -78 27 22 
83 5 3 0 0.929293 69 11 -12 17 -78 15 -68 20 -65 16 6 16 -58 10 -14 10 12 18 -17 8 16 12 9 13 -7 8 -30 9 14 13 -52 16 -4 17 13 10 -40 16 12 15 -68 10 -24 11 -27 13 22 15 -44 11 3 11 -41 12 -20 17 -30 16 -44 10 -66 14 -25 12 -14 11 -40 10 0 12 1 17 -67 12 13 9 -68 13 -54 13 -53 13 -28 7 -1 11 -59 12 -41 10 31 14 39 9 -23 14 8 12 -14 14 -37 16 38 14 3 11 -42 18 -64 10 18 17 29 9 -2 16 19 16 -40 11 20 10 33 17 31 14 19 16 19 16 31 12 34 15 23 13 31 16 32 1 0.121212 3 9 -31 14 21 11 30 3 0.5 18 30 -1 27 -25 28 -18 23 -72 18 64 30 -22 8 63 34 -21 30 -41 -33 60 16 -48 12 -14 33 -19 19 -43 19 -55 23 -24 14 14 11 17 
84 5 2 0 0.2 1 11 -54 3 0.984615 16 36 -15 29 -37 33 -8 22 -33 22 -37 22 -27 24 26 31 -16 23 13 15 39 30 -11 24 20 30 -26 24 -78 17 3 18 2 
85 5 3 0 0.8 10 18 22 21 -73 18 22 5 10 12 9 9 11 11 -1 13 21 -13 64 5 0 2 0.173913 1 10 28 3 0.765957 9 30 -1 23 -87 34 -17 22 0 14 -7 25 26 13 -60 18 -38 20 29 
86 5 2 0 0.0689655 1 -24 12 3 0.995392 54 -31 16 -31 4 -37 -10 -40 -30 -35 9 -28 -26 -31 4 -39 -39 -38 -39 -32 -25 -28 -39 -31 -28 -36 6 -34 -16 -28 -7 -30 5 -27 -39 -25 -30 -26 -43 -32 -22 -32 9 -40 52 -38 -16 -42 -62 -30 -3 -31 -3 -25 -29 -40 61 -37 34 -29 -16 -37 -16 -37 -52 -27 4 -34 -51 -34 -5 -36 30 -35 -37 -36 29 -34 -39 -38 -53 -35 -42 -40 -28 -16 -74 -37 57 -26 -21 -26 -57 -35 -68 -34 -55 -39 32 -41 30 -2 -34 -25 -36 -26 44 -30 -13 
87 5 2 0 0.4 4 -23 6 -23 -19 -24 5 -23 -38 3 0.96 24 -35 32 -24 -74 24 -43 -30 77 -27 5 -29 6 -33 3 -24 -78 -30 77 -35 -18 -36 -86 -33 16 -22 -24 -34 32 -19 64 -34 22 -42 5 -30 16 -35 -64 -27 16 -30 12 -26 -11 -31 -3 -25 18 
88 5 2 0 0.969697 8 -16 34 -15 25 -17 30 -15 22 -17 9 5 26 5 4 4 3 3 0.333333 1 -26 81 
89 5 2 0 0.993464 114 -16 59 -13 58 -12 56 -11 56 -8 56 -13 26 -15 56 -14 55 -13 54 -14 28 -17 26 -17 38 -14 22 -16 43 -10 28 -11 29 -15 53 -17 24 -10 32 -15 16 -16 15 -17 13 -13 15 -23 -25 -20 -14 -12 10 -14 25 -13 9 -17 16 -16 7 -19 -15 -12 7 -12 -35 -11 -32 -9 16 -13 18 -9 18 -15 -2 -14 4 -12 46 -14 -5 1 21 -11 3 -11 19 -4 24 -7 20 -9 -27 -15 -24 -15 -7 -8 -19 -15 -17 -16 -8 -15 2 -15 -25 -13 49 -6 -13 -12 -23 -17 -26 -10 -29 -14 2 -16 -26 -8 49 -7 16 -16 -27 -8 11 -14 5 -17 -28 -11 -41 -8 18 -7 -5 -8 -14 -13 3 2 20 -7 50 -17 -24 -7 -9 -17 -38 -6 49 -3 49 -6 -16 1 16 -8 -28 -1 23 -8 -4 -4 51 -13 -13 -17 -57 -3 -33 -11 -30 -12 54 -13 -1 -5 -20 -10 -9 -16 -37 -8 -53 -4 -22 5 20 -12 -40 -8 -30 -2 51 -2 1 -8 -36 -3 -1 -3 -28 -3 -23 4 15 -6 -32 8 21 -16 -52 4 5 -3 4 0 -5 -3 -14 3 6 3 0.0952381 3 -26 88 -42 27 -11 64 
90 5 3 0 0.592593 4 4 5 4 -9 2 -26 4 -12 2 0.222222 1 -7 -31 3 0.888889 10 22 12 -29 85 -34 41 6 17 9 17 -42 75 11 56 7 43 -27 44 -17 42 
91 5 3 0 0.9375 15 -20 -2 -20 -4 8 -25 -2 -10 0 -61 -14 -32 -5 -9 -12 15 -14 -63 -16 -23 3 -28 -7 -27 -2 0 1 -59 7 -23 1 0.181818 1 -11 11 3 0.428571 3 0 37 13 34 17 -1 
92 5 4 0 0.5 1 -2 -43 1 0.727273 2 -5 13 -8 14 2 0.5 1 -3 -32 3 0.5 1 6 -1 
93 5 3 0 0.152672 5 -17 -55 -11 -32 0 -45 -5 -20 8 -68 1 0.969412 103 -8 -31 -4 -18 8 -6 -8 -33 -12 -10 6 -3 -11 5 -13 16 -10 9 -5 -2 -11 -10 -10 -3 -5 -26 10 7 -9 13 -5 -3 -12 -4 -1 9 -14 23 0 6 -14 21 -14 -6 -12 17 -3 -6 -12 15 -14 8 -4 8 7 -1 -10 21 -9 -21 -12 -16 -3 8 -2 5 -8 12 0 -3 8 -9 -9 8 -8 25 -3 17 -1 7 -8 -3 6 5 -5 17 10 -12 -4 21 -4 16 9 -7 1 27 -7 -8 1 21 10 7 0 23 -2 1 -3 21 -8 6 -12 -6 6 20 -4 -26 -5 4 0 17 7 16 -4 -5 -1 12 1 17 -3 18 -3 4 2 2 4 14 10 0 -7 -5 -4 18 9 2 -3 1 5 17 0 1 5 14 -4 6 -12 13 2 -2 -6 1 -7 4 -12 -18 8 20 -1 -5 6 15 10 -2 -6 -6 4 12 9 -6 7 23 -5 -4 1 -9 1 -32 6 19 1 -7 -14 -6 -10 -1 -7 4 -9 -3 -1 -22 3 -5 3 -6 -8 7 3 0.228571 8 13 22 1 -11 6 73 5 -87 7 -76 7 27 9 -36 10 -77 
94 5 4 0 0.581197 17 4 -9 6 31 -4 -23 8 -50 11 -53 -1 47 -12 45 -3 47 4 13 4 -23 8 40 4 -71 7 -22 6 -75 -13 11 -2 46 0 40 1 0.809524 34 0 -21 4 -9 4 -22 -1 -33 5 -7 -3 -21 11 -4 -1 -21 4 -28 -7 -16 3 5 -6 1 -5 -18 -6 -1 6 -21 -7 -1 8 -28 4 -29 7 -33 -10 -9 -8 -6 9 -9 9 -13 -5 -7 5 -29 5 -27 -9 -11 -4 -8 -14 -8 -5 -15 -3 35 -1 -13 -11 -17 6 33 2 0.057971 1 -8 -25 3 0.518519 14 -41 69 11 9 15 28 13 21 24 8 16 8 12 46 12 19 -34 55 16 -25 8 -79 7 13 7 24 12 -23 
95 5 2 0 0.8 3 -24 -67 -16 -50 -18 -71 3 0.8 3 -17 14 3 73 -34 56 
96 5 2 0 0.181818 1 -19 -43 3 0.986301 18 9 75 -8 51 10 58 -14 8 -28 29 -14 60 2 7 17 77 12 4 2 14 5 77 -23 40 3 -1 -7 89 5 -12 -3 11 13 11 -18 -11 
97 5 2 0 0.965517 14 -18 22 -18 21 -2 17 -17 -26 -6 -46 5 15 -2 -76 -9 -72 -8 -73 -20 -32 0 -15 -4 -43 -7 -73 -15 -54 3 0.363636 2 -35 28 -15 4 
98 5 3 0 0.695652 12 -17 -58 -4 -25 -19 -40 -20 -30 -22 -62 2 -55 3 -68 3 -57 4 -71 4 -64 5 -72 7 -34 1 0.285714 3 -7 -33 9 -18 12 -21 3 0.827586 18 8 7 4 -9 -42 38 13 10 -6 -51 -29 -52 4 -18 2 2 -1 46 11 32 7 -1 6 -43 15 -10 13 11 -5 79 17 84 -17 37 -15 80 
99 5 3 0 0.789474 15 -23 -16 2 -22 1 -19 -7 -55 4 -37 5 -59 -9 -17 -19 -22 0 0 -15 -58 -7 16 7 -22 -7 -43 -6 -48 -9 -49 1 0.6875 11 -6 9 -14 -11 -13 -18 -2 -14 -6 30 -2 -12 -3 -20 2 -13 0 -14 -7 20 -5 27 3 0.434783 5 -22 -26 -21 -29 10 -52 -23 12 22 -5 
100 5 3 0 0.953642 72 6 -56 -11 -28 -19 -30 -5 14 3 -40 -15 -20 1 -48 -18 5 -18 -20 -4 -33 -1 45 -7 34 -1 44 -16 -22 -1 -55 -17 -23 -8 38 -14 -68 -12 -63 -2 -11 -5 45 -3 -5 -1 -10 -9 -25 -16 -66 6 37 1 -54 -1 -24 -13 42 -2 -37 -1 39 -18 -51 -21 10 -1 -68 -13 -7 5 37 0 -17 0 2 5 -6 -3 -63 6 -56 -8 42 3 -13 -8 47 3 11 -9 -11 0 -64 4 32 3 28 3 25 8 -65 -1 38 1 34 7 38 5 -57 0 -56 5 0 -2 37 7 37 5 26 5 -64 3 -59 6 -20 -19 -14 6 -52 7 -62 -8 -56 1 -41 1 -2 -3 3 11 4 -7 -53 1 0.19802 5 -14 28 -1 -23 -8 27 -1 21 -11 30 3 0.318584 9 14 -8 12 -18 -22 9 -39 -12 8 32 -30 3 -7 41 -6 42 8 -48 
101 5 3 0 0.75576 41 -16 66 9 -10 -11 16 -3 13 -8 15 -6 12 -18 14 -11 14 -4 -4 -3 -7 -4 -20 14 -13 -8 -36 -2 -9 4 9 -12 -50 -4 -8 14 -30 -19 -10 3 -30 -5 -73 2 -8 -14 -51 8 13 -20 -8 -14 31 -5 39 -1 -11 -2 -74 -5 28 -14 27 9 9 -14 -65 -18 6 -9 28 -3 -65 -6 -62 -14 -58 -15 -59 -18 -20 -23 -15 1 0.271186 8 -10 28 -11 -27 -10 -33 -10 -21 -10 -22 -10 -25 -12 -5 -10 -16 3 0.786026 45 -31 26 7 24 -7 -47 -29 12 -2 53 9 7 -25 29 -24 -81 6 66 -7 30 13 46 -33 -80 -14 21 4 44 -9 -23 7 57 -13 -8 -18 0 6 39 -14 0 -26 -71 -21 -12 -27 -25 -15 -7 7 16 -25 17 -37 33 -11 -60 -29 -1 8 40 -37 13 11 -17 12 -91 -42 5 15 -21 9 -36 14 -67 -39 -33 11 -60 8 -34 -35 -82 -37 -75 0 -48 3 34 -33 -31 
102 5 5 0 0.671587 91 -15 8 -14 -55 -3 29 -7 32 9 -7 -13 -3 3 -30 -6 30 -12 -47 -11 -25 -14 -56 -10 -33 -15 -48 -16 -3 -12 -14 -9 -23 -8 -55 -7 -64 -4 9 -5 -58 -5 -1 -12 2 9 -50 -6 -6 -7 -38 -7 -25 -14 -19 -15 -63 -10 -20 -6 -38 5 -68 -4 14 -16 -41 1 9 -1 -36 -1 -14 0 -14 -8 -63 -9 -67 13 -2 0 -29 -3 4 -16 -61 4 10 -11 -52 -8 -54 8 -9 15 4 -4 -31 -5 -39 14 -69 -6 -54 -3 -2 3 1 -6 -49 -8 -12 2 -30 -3 -43 1 -47 -5 -59 5 9 -5 -48 -4 -56 1 11 -6 -48 -9 -56 -5 -29 1 -43 -4 -43 2 -39 6 -11 11 24 -1 -38 4 -42 4 -38 4 -35 6 -26 5 -20 6 9 5 -11 6 -23 7 -36 8 -40 9 -41 11 -57 8 1 11 -55 11 -65 10 -23 11 -35 9 -34 1 0.803545 136 -12 22 -14 31 -8 31 -8 -23 -10 34 -10 32 -10 -17 -6 -32 -13 -21 -9 0 -9 25 -7 34 -5 12 -4 -21 -11 6 -5 30 -7 31 -6 -13 -9 3 -12 14 -13 2 -13 6 -11 13 -12 1 -14 -10 -5 -20 -14 13 -3 -13 -14 8 -14 -13 -5 -17 -14 17 -8 -11 -5 -2 -5 0 -14 -25 -7 -34 -2 26 -10 4 -14 6 -2 33 -3 -20 -3 28 -4 -8 -6 34 -11 -19 -3 10 11 -21 11 -20 2 28 -2 19 -1 -7 3 31 -6 -2 -1 33 -1 15 -1 -26 -5 25 -4 26 0 14 -2 19 -3 23 0 1 0 7 -3 -12 1 25 1 3 1 -17 0 -25 -1 -4 0 -17 -7 -29 4 14 0 -23 3 29 1 -11 0 -13 3 28 2 35 2 -27 2 -21 2 -3 3 -2 4 29 1 -11 3 27 4 29 4 12 4 14 2 -21 3 -16 5 30 5 11 7 11 5 1 5 5 5 6 6 27 4 -29 4 -16 4 -26 6 5 5 -15 8 -24 6 20 9 -10 9 -13 9 -12 6 -20 7 22 6 -23 8 14 8 18 12 8 8 10 10 33 8 -27 8 29 9 9 9 8 8 30 9 29 11 8 11 -10 10 17 9 -30 8 -25 8 -22 9 -4 10 20 10 31 11 -16 11 -20 11 29 11 18 12 -6 2 0.0147059 1 -8 -27 3 0.411311 40 10 -38 -28 14 10 -36 17 10 4 -91 7 26 5 -67 5 -47 21 -28 10 -20 17 -13 24 8 20 -18 9 58 -29 18 2 -35 28 -5 19 -10 11 -36 13 48 3 -48 20 -35 13 -41 14 -6 18 13 23 -8 14 -28 15 53 15 45 5 -80 7 24 24 3 17 -67 25 -6 17 -57 18 -73 17 -50 19 13 12 39 12 31 4 0.0147059 1 1 -17 
103 5 2 0 0.993789 40 -16 -35 -12 -35 -12 -50 7 -53 -3 -7 -7 -44 -11 -14 -5 -42 -8 -50 3 -53 -11 -57 -9 -36 4 -10 -14 -40 -14 -41 -16 43 -10 22 -15 39 -13 29 -12 -9 -4 -50 -9 -29 2 -34 -2 -51 -8 6 -11 -44 2 -66 6 -50 -7 -28 -2 -64 -3 -65 10 -24 3 -63 11 -55 3 -52 -7 -21 12 -5 -10 -21 -1 -57 2 -46 3 0.0909091 1 -6 -84 
104 5 2 0 0.979592 12 3 -46 -5 -59 4 -65 3 -53 -10 -30 4 15 5 -27 4 -28 0 -18 8 -25 2 -58 -7 -10 1 0.25 1 3 -8 
105 5 3 0 0.666667 5 1 -29 -6 -20 6 -2 -2 -32 2 -38 1 0.777778 7 -1 28 -1 31 -1 7 -10 -16 2 19 -1 31 -1 30 3 0.5 3 13 4 -13 -27 -10 -30 
106 5 3 0 0.685714 6 11 14 -12 77 7 -65 17 -3 -3 76 -15 75 1 0.818182 9 11 -28 12 17 13 7 11 -13 12 -12 11 -17 11 -22 10 -12 7 10 3 0.347826 2 28 -42 14 -46 
107 5 3 0 0.666667 2 15 -8 14 -7 1 0.666667 2 12 -32 14 -33 3 0.666667 2 17 -40 25 -4 
108 5 3 0 0.242424 12 -15 -7 -19 -62 -9 9 -14 -63 -15 -60 -8 -79 -11 -60 -8 0 -8 -71 -8 -65 -2 -58 -11 77 1 0.0242424 1 -10 -24 3 0.978654 149 26 -10 12 87 9 19 13 -46 -9 -28 15 -84 -23 77 -36 -58 -1 80 -3 24 -28 -81 -25 -8 -28 39 -21 57 -18 -3 -28 -65 -26 45 -24 -19 -28 -49 -26 -48 -24 -26 -31 21 -18 -10 -22 -61 -32 55 -32 61 -21 -80 -19 54 -30 -37 -30 -19 -15 -35 -16 -37 -32 -72 -15 -7 -16 -43 -15 -32 -16 -12 -23 8 -32 -60 -15 -3 -14 -25 -15 -3 -20 -56 -20 -60 -18 -17 -32 58 -21 -83 -20 -25 -20 -72 -16 -16 -19 -71 -11 70 -10 -3 -7 -20 -15 -19 -11 -2 0 -13 -12 9 -16 -64 -15 -47 -21 4 -20 14 -12 -11 -22 19 -22 22 -39 74 -11 1 -11 2 -21 -15 -20 -17 -16 -40 -13 -20 -21 -86 -10 -13 -11 -36 -27 -82 2 -2 -12 -45 -9 66 -17 -30 26 2 -18 -90 -9 50 -11 -42 -4 -11 -16 28 -8 40 -31 -87 -14 1 -9 6 -37 48 -14 20 -13 20 -20 -21 -13 -11 -20 -25 -15 -11 -15 -40 -11 -12 -21 -2 -36 29 -13 -95 -8 -7 -12 -37 -16 2 -19 59 -37 -22 -13 -47 3 1 -6 8 -27 -39 -4 9 -15 77 -29 64 -7 -31 -6 -52 -9 -34 -32 7 -12 -16 -7 -9 -28 -40 -6 -13 -14 -46 -27 -3 -7 7 -1 -40 -7 -46 -4 -1 -2 -5 3 11 -23 67 4 9 -26 -50 -5 1 -7 21 -12 -73 -13 71 -21 -89 -10 18 -9 8 -18 81 -37 -49 -20 28 -14 -93 2 28 2 31 -6 81 -5 37 7 24 
109 5 3 0 0.0512821 1 3 77 1 0.993197 73 17 -4 17 14 17 33 17 -26 17 -20 17 -6 17 13 17 32 17 14 15 -9 16 21 17 11 17 -3 17 -9 17 31 17 -31 16 12 16 -33 16 -10 16 27 15 -33 16 8 17 36 16 -6 16 -29 16 -7 16 15 16 -2 17 10 15 33 15 -16 14 -11 16 -3 15 37 17 24 15 2 16 5 14 -23 15 8 15 6 17 25 16 11 16 9 14 6 15 -26 15 11 14 -24 16 30 16 13 14 14 13 36 15 33 14 39 14 14 14 28 12 36 13 39 16 31 17 -21 13 -9 11 38 15 -26 15 -14 15 -10 14 -16 14 -24 12 -4 12 -23 12 28 13 24 13 35 10 -32 12 17 3 0.0512821 1 20 -31 
110 5 2 1 0.888889 6 10 35 9 34 12 17 -3 -29 -2 -28 -5 -31 3 0.666667 3 -15 6 5 4 3 43 
111 5 3 1 0.235294 1 -3 -39 3 0.96 12 8 -13 -10 69 4 28 2 -31 8 -37 -8 11 -4 -53 -13 81 11 24 9 20 -2 77 -6 76 4 0.235294 1 -7 -11 
112 5 2 1 0.123077 2 9 -36 0 -24 3 0.991304 57 -23 29 -36 -43 -23 84 -37 81 -29 31 -30 56 -43 -4 -41 19 7 -2 -42 29 -30 35 -43 0 2 25 -16 91 0 44 -14 37 -30 86 -2 -37 -28 88 -23 70 -16 37 -22 17 -19 12 -22 40 -33 -37 -22 -4 -30 -21 -42 82 -33 -16 -23 67 -32 -16 -19 -5 -16 -16 -31 20 -34 -6 -9 38 -18 -15 -3 88 -6 -75 -3 72 3 12 -14 -8 3 18 19 -4 13 40 6 68 9 -5 -2 74 -7 12 -5 17 0 93 6 10 19 5 -4 4 13 0 10 73 10 19 
113 5 3 0 0.909091 10 0 84 14 -72 -8 80 5 85 10 -70 -2 85 -9 86 8 -75 15 -74 17 -78 1 0.4 2 8 -35 7 -33 3 0.4 2 22 -5 18 -91 
114 5 3 0 0.266667 1 -4 87 1 0.8 6 16 -37 14 -37 15 -37 14 -37 14 -34 17 -36 3 0.740741 5 14 -97 17 -92 -16 44 11 0 38 -39 
115 5 3 0 0.0145455 2 3 -89 -17 -89 1 0.97585 495 15 -31 12 -37 14 -8 14 -38 13 -38 14 -32 14 -31 13 -18 14 2 13 -21 12 -34 14 17 12 -37 13 4 13 -33 12 -24 11 -35 12 -4 12 11 11 -28 12 3 12 -4 12 19 12 14 13 21 12 -9 10 -38 11 -22 11 -23 11 -35 13 34 13 7 12 -12 10 -27 11 -2 11 3 11 -26 10 -10 9 -35 11 -8 12 28 9 20 10 -31 10 -21 10 -29 11 4 12 7 11 18 9 -15 10 -10 11 1 10 37 8 19 9 -26 10 0 8 -20 8 -24 9 -28 10 2 10 18 8 14 11 8 9 -12 8 -23 9 -27 8 -21 7 22 7 -30 7 -5 9 31 10 32 10 28 7 -37 10 33 8 -19 9 6 9 9 9 34 9 18 10 4 9 -4 9 35 8 -24 8 12 9 -2 8 -34 7 29 9 35 7 -11 6 8 9 -3 7 -22 9 1 6 -8 8 0 9 37 5 7 5 29 4 -9 8 39 8 -6 5 29 5 23 2 -38 2 -33 4 36 4 34 5 21 6 -5 6 38 6 20 1 15 3 -13 1 -32 -16 32 1 24 2 -4 5 -19 2 2 3 -28 -16 23 3 -27 2 22 1 -18 5 39 5 5 4 38 1 -27 1 13 0 18 5 32 6 -32 5 36 -15 25 2 -27 1 26 3 2 2 -17 3 8 5 17 5 38 1 -28 -2 -3 2 28 -1 7 3 4 4 12 -1 7 -16 22 -1 -8 -16 22 1 -12 1 -21 0 -26 -16 9 2 -31 3 3 -1 39 -16 15 1 -11 -15 21 -16 13 2 16 -16 24 -15 19 -3 -5 -15 22 2 0 -1 25 2 21 -4 -3 -15 34 -5 -3 -2 13 -8 4 -15 5 -16 3 -16 28 -15 0 -2 -16 -16 -29 3 -36 2 -22 -11 4 -15 4 4 -5 -16 1 -15 28 -2 -14 -14 33 -14 22 -12 32 1 8 -1 -37 3 -1 -1 -4 -13 32 -6 -2 0 2 2 27 -15 -38 0 -26 3 21 2 -17 -16 -32 -10 30 -13 7 2 -28 2 -19 -9 9 1 -3 -5 10 -16 -30 -5 18 -1 -33 -16 4 3 19 0 -22 -12 34 -1 28 -14 19 1 -22 -14 36 -2 2 -15 -31 1 4 -13 21 1 29 1 7 2 3 -8 39 -11 31 -8 -21 -2 -16 -9 8 0 -38 -16 25 -15 10 -1 -11 -1 32 -2 29 -1 -19 -11 -7 1 0 -10 -3 1 21 -16 -12 -11 10 -13 9 -13 -21 -11 25 -6 22 -9 31 -7 25 -4 0 -6 39 -15 -36 -12 37 -4 -1 -7 36 -16 -35 -15 -12 -13 -14 -5 31 -11 35 -15 8 0 24 -10 37 -8 -8 -16 -34 -4 22 -2 32 -1 -38 -16 -19 -1 27 -10 12 -7 23 -15 3 -8 -12 -8 -10 -1 5 -7 7 -16 -13 -12 16 -8 25 2 -27 -5 -14 -7 30 0 -37 -14 24 -2 -36 -15 -16 -15 16 -9 -19 -9 31 -6 7 -3 -32 -12 11 -6 2 -5 36 -7 24 -3 34 -15 -22 -13 3 -10 -22 -7 6 -4 34 -1 16 -14 -17 -9 8 -13 -35 -8 -12 -1 26 -2 -1 -1 4 -8 24 -2 -39 -4 -15 -2 8 -7 0 -8 33 -15 15 -12 -4 -11 -11 -3 28 -1 8 -8 3 -16 -18 -4 -22 -10 19 -1 -10 1 7 -3 -37 -3 24 -1 -2 -8 -13 -13 13 -7 -16 -4 27 -8 -1 -7 -36 0 -26 -10 -8 -9 37 -8 5 -5 -29 -1 14 -4 -5 -3 -37 -15 34 -4 -8 -4 -8 -2 -12 -4 28 -1 -13 -15 -21 -16 -19 -7 16 -12 18 -4 38 -6 9 -4 -7 -9 13 -7 -23 -8 20 -3 6 -10 -8 -11 4 -2 6 -1 15 -3 25 -4 -3 -13 -3 -6 -12 -6 -20 -13 11 -14 -29 -2 32 -7 -24 -16 -5 -3 28 -3 10 -8 -19 -4 8 -8 24 -7 -9 -4 31 -3 -25 -12 -29 -5 -37 -8 14 -7 -21 -7 4 -4 34 -13 -15 -10 -29 -13 -25 -7 -34 -5 -38 -14 -11 -8 -5 -11 -9 -10 -8 -10 -5 -4 -28 -16 0 -10 -36 -8 -6 -11 -31 -8 -2 -5 12 -10 -15 -11 30 -6 27 -3 -12 -5 20 -8 -7 -2 2 -6 38 -13 -19 -15 -3 -6 -30 -8 27 -9 16 -10 10 -11 -39 -11 -38 -15 5 -5 13 -10 -23 -10 -37 -15 23 -8 26 -9 -37 -10 27 -8 -12 -7 3 -8 2 -9 17 -6 -17 -5 32 -7 -30 -6 -23 -15 10 -11 -13 -9 28 -6 17 -3 -17 -12 -30 -6 -16 -7 -15 -6 13 -6 -5 -9 1 -12 36 -7 33 -2 4 -9 -30 -9 38 -5 6 -11 -5 -12 38 -14 0 -11 37 -9 -18 -6 6 -6 -7 -13 2 -14 -8 -5 20 -9 -21 -9 -9 -12 -33 -7 -9 -6 -17 -8 33 -7 33 -4 -37 -7 -32 -11 -31 -11 -30 -12 -31 -14 -37 -6 -37 -7 -27 -14 -36 -13 -37 -11 -39 -10 -38 -7 -34 -7 -37 -8 -38 -10 -38 -8 -34 -10 -39 3 0.274453 47 -11 -8 14 -19 -12 -98 -13 1 -26 -66 -23 27 -29 -23 -15 18 -5 -63 -19 5 -33 -43 -29 6 -23 4 -28 13 -35 -29 -22 -1 -32 4 -31 29 -32 27 6 -4 -2 22 -34 30 -35 34 -33 64 -6 -70 -5 -11 -6 -10 -38 36 -4 -13 -14 -16 -36 68 -16 -34 -17 -24 -18 -76 0 28 -16 -27 -15 -14 -13 17 -17 -69 -7 14 -15 -63 -8 15 -11 -59 -16 -61 -11 60 15 -29 17 -24 
116 5 2 0 0.235294 1 -17 -69 3 0.981132 13 -44 18 -9 -16 -6 -23 -3 -23 -2 -12 -8 2 18 -9 0 -26 0 -8 9 8 3 12 -6 24 -8 26 
117 5 3 0 0.25 1 -19 85 1 0.64 4 -8 -26 -7 -22 9 13 -6 -25 3 0.864865 8 -3 -41 -10 84 -32 -30 0 -62 -17 98 0 -35 -6 -38 -16 97 
118 5 2 1 0.962963 13 -6 -28 -6 -24 8 -8 7 -15 -9 -33 -7 -25 7 -10 8 38 -5 -27 -5 -25 -6 -25 7 7 -7 -21 3 0.380952 2 -3 -21 -8 -90 
119 5 2 1 0.991453 29 5 -34 7 -12 7 -5 7 -4 5 -20 7 -12 7 7 6 -35 6 2 4 -29 5 -18 5 -26 7 27 4 16 5 28 5 -4 3 -38 6 6 6 21 4 -5 5 5 4 -28 5 -16 3 -37 5 9 5 -15 5 11 0 -39 1 -39 3 0.121212 1 -8 -46 
120 5 3 0 0.181818 1 0 -76 1 0.181818 1 7 19 3 0.971429 17 0 -65 -4 51 -1 -30 -5 20 -4 -18 -4 -27 -2 14 -3 -74 6 -32 -4 -41 -4 -33 -23 -41 2 -1 0 -18 -17 -40 -3 6 13 -37 
121 5 2 0 0.984615 16 2 -69 -7 -79 -7 -72 10 -70 4 -72 -9 -70 -14 -71 7 -71 5 -71 -8 -72 -7 -74 -6 -73 -11 -71 3 -74 -10 -74 -7 -73 4 0.2 1 -15 -9 
122 5 3 0 0.8 3 -12 -72 -8 -72 -18 -78 1 0.444444 1 -4 -26 3 0.666667 2 -31 -95 4 -95 
123 5 4 0 0.307692 1 -20 -77 1 0.307692 1 -1 -35 3 0.903226 7 -1 89 -16 82 4 34 -3 91 -9 -97 -16 -96 -11 91 4 0.307692 1 -6 -4 
124 5 3 0 0.761905 4 -12 88 -15 86 -16 90 -14 90 3 0.533333 2 -5 98 -43 30 4 0.666667 3 -24 41 -19 30 -19 9 
125 5 2 1 0.228571 2 -6 -32 -5 -31 3 0.981818 27 -39 -41 -30 39 -33 21 -37 -31 -39 -4 -39 6 -16 -44 -4 -21 -26 3 -32 -5 -34 4 -40 10 -38 -65 -23 -7 -34 8 -32 -36 -43 -40 -41 12 -32 -23 -37 22 -20 -46 -33 33 -37 100 -44 -41 -33 -21 -17 -66 -23 -98 
126 5 2 0 0.4 1 4 -76 3 0.96 6 -28 -98 -37 -97 -32 -70 -32 -99 4 -98 -43 -96 
127 5 2 0 0.967742 15 -2 68 18 -86 16 -85 -9 78 -11 79 15 -77 4 65 13 -83 12 -84 5 -90 17 -92 10 -89 -19 -90 -1 69 -13 -83 3 0.347826 2 20 -38 6 -60 
128 5 4 0 0.533333 2 -1 -90 -2 -85 1 0.533333 2 -6 -34 -4 -38 3 0.666667 3 28 -39 -9 -32 -9 -79 4 0.533333 2 6 -44 -17 -43 
129 5 2 0 0.990099 25 -3 67 16 -77 -9 -76 16 -76 14 -76 -17 70 -1 -76 -4 -74 12 -75 8 83 2 72 -13 68 8 -76 -14 69 -4 -75 -13 66 -15 -74 -5 78 -13 70 -12 -75 -12 75 -24 -84 -10 84 -13 74 4 73 3 0.137931 1 -42 -95 
130 5 4 0 0.285714 1 -9 74 2 0.470588 2 13 -49 10 -51 3 0.285714 1 -7 42 4 0.875 7 24 -39 23 -45 21 -44 25 -45 11 -43 18 -42 21 -44 
131 5 2 2 0.983607 15 9 -44 -10 -52 -2 -50 1 -52 -5 -51 -1 -51 -1 -51 7 -44 1 -53 9 -50 3 -53 9 -48 10 -51 6 -52 13 -52 4 0.210526 1 -12 -43 
132 5 2 2 0.210526 1 -5 -49 4 0.983607 15 -7 -45 -15 -45 -20 -44 -10 -44 -23 -17 -22 -24 -20 26 -16 -23 -21 33 -22 36 -22 -17 -2 -7 -24 13 -24 3 -24 -6 
