10 106 1
0 0 -1 29 28 30 22 61 53 1 10 32 17662 
1 1 -1 0 27 0 0 35 61 0 0 0 67 
2 1 -1 6 16 9 4 62 23 1 24 32 -2792 
3 2 -1 23 56 0 0 0 20 0 0 1 -19 
4 2 -1 38 34 0 0 7 17 0 0 0 6 
5 2 -1 7 13 2 5 62 54 1 5 32 -941 
6 2 -1 19 16 30 3 62 27 1 14 32 410 
7 3 -1 63 2 0 0 39 31 0 0 1 9 
8 3 -1 17 33 0 0 12 15 0 0 1 37 
9 3 -1 36 56 0 0 48 3 0 0 14 -38 
10 3 -1 12 44 0 0 60 4 0 0 17 0 
11 3 -1 0 28 20 5 42 62 1 1 32 -27 
12 3 -1 17 29 4 15 50 60 1 3 32 -207 
13 3 -1 30 12 0 0 63 5 0 0 11 13 
14 3 -1 3 17 7 23 29 48 28 11 32 -5314 
15 4 -1 60 33 0 0 1 25 0 0 14 -11 
16 4 -1 30 54 0 0 7 8 0 0 19 3 
17 4 -1 56 32 0 0 4 54 0 0 4 57 
18 4 -1 30 28 0 0 24 43 0 0 1 17 
19 4 -1 4 46 0 0 44 18 0 0 1 -28 
20 4 -1 37 25 0 0 6 37 0 0 1 17 
21 4 -1 3 1 0 0 35 36 0 0 2 1 
22 4 -1 13 46 0 0 53 50 0 0 9 -14 
23 4 -1 4 7 23 17 46 53 1 5 32 -953 
24 4 -1 2 25 29 3 41 38 8 10 32 -6240 
25 4 -1 46 7 0 0 4 39 0 0 12 -164 
26 4 -1 26 16 4 2 51 22 2 5 32 -161 
27 4 99 0 0 0 0 0 0 0 0 0 0 
28 4 -1 28 1 13 20 42 56 4 7 32 -612 
29 4 -1 29 7 16 5 54 22 9 17 32 -5738 
30 4 105 0 0 0 0 0 0 0 0 0 0 
31 5 -1 19 21 11 5 56 39 5 15 32 -1177 
32 5 -1 38 27 0 0 2 40 0 0 17 -11 
33 5 -1 21 18 0 0 50 20 0 0 0 25 
34 5 11 0 0 0 0 0 0 0 0 0 0 
35 5 -1 0 1 30 4 57 6 5 35 32 -1129 
36 5 -1 38 44 0 0 6 3 0 0 0 -16 
37 5 -1 17 33 0 0 58 22 0 0 6 43 
38 5 47 0 0 0 0 0 0 0 0 0 0 
39 5 -1 37 59 0 0 0 1 0 0 7 44 
40 5 -1 50 44 0 0 0 29 0 0 17 1 
41 5 -1 35 14 0 0 40 20 0 0 3 -18 
42 5 -1 2 12 0 0 49 2 0 0 18 10 
43 5 -1 39 36 0 0 52 52 0 0 15 48 
44 5 84 0 0 0 0 0 0 0 0 0 0 
45 5 85 0 0 0 0 0 0 0 0 0 0 
46 5 86 0 0 0 0 0 0 0 0 0 0 
47 5 87 0 0 0 0 0 0 0 0 0 0 
48 5 88 0 0 0 0 0 0 0 0 0 0 
49 5 89 0 0 0 0 0 0 0 0 0 0 
50 5 90 0 0 0 0 0 0 0 0 0 0 
51 5 91 0 0 0 0 0 0 0 0 0 0 
52 5 92 0 0 0 0 0 0 0 0 0 0 
53 5 -1 1 20 0 0 43 33 0 0 2 14 
54 5 98 0 0 0 0 0 0 0 0 0 0 
55 5 0 0 0 0 0 0 0 0 0 0 0 
56 5 0 0 0 0 0 0 0 0 0 0 0 
57 5 100 0 0 0 0 0 0 0 0 0 0 
58 5 101 0 0 0 0 0 0 0 0 0 0 
59 5 102 0 0 0 0 0 0 0 0 0 0 
60 5 -1 24 18 17 3 56 40 3 17 32 -691 
61 5 0 0 0 0 0 0 0 0 0 0 0 
62 5 0 0 0 0 0 0 0 0 0 0 0 
63 6 0 0 0 0 0 0 0 0 0 0 0 
64 6 -1 14 57 0 0 59 59 0 0 3 0 
65 6 3 0 0 0 0 0 0 0 0 0 0 
66 6 -1 39 38 0 0 37 62 0 0 4 20 
67 6 -1 60 14 0 0 40 17 0 0 19 4 
68 6 10 0 0 0 0 0 0 0 0 0 0 
69 6 0 0 0 0 0 0 0 0 0 0 0 
70 6 0 0 0 0 0 0 0 0 0 0 0 
71 6 -1 62 13 0 0 36 7 0 0 6 -57 
72 6 -1 22 8 23 29 58 60 1 1 32 1587 
73 6 -1 12 10 15 16 59 26 4 36 32 -179 
74 6 -1 11 6 0 0 50 14 0 0 7 -108 
75 6 45 0 0 0 0 0 0 0 0 0 0 
76 6 46 0 0 0 0 0 0 0 0 0 0 
77 6 0 0 0 0 0 0 0 0 0 0 0 
78 6 0 0 0 0 0 0 0 0 0 0 0 
79 6 48 0 0 0 0 0 0 0 0 0 0 
80 6 49 0 0 0 0 0 0 0 0 0 0 
81 6 -1 5 14 0 0 6 63 0 0 7 -92 
82 6 -1 40 18 0 0 47 3 0 0 13 -3 
83 6 -1 1 4 0 0 4 10 0 0 17 15 
84 6 -1 47 50 0 0 3 37 0 0 0 -108 
85 6 -1 13 27 0 0 20 5 0 0 5 22 
86 6 -1 40 58 0 0 58 58 0 0 0 -38 
87 6 -1 38 59 0 0 57 25 0 0 15 28 
88 6 -1 25 56 0 0 56 52 0 0 15 -56 
89 6 0 0 0 0 0 0 0 0 0 0 0 
90 6 0 0 0 0 0 0 0 0 0 0 0 
91 6 0 0 0 0 0 0 0 0 0 0 0 
92 6 0 0 0 0 0 0 0 0 0 0 0 
93 6 0 0 0 0 0 0 0 0 0 0 0 
94 6 0 0 0 0 0 0 0 0 0 0 0 
95 6 0 0 0 0 0 0 0 0 0 0 0 
96 6 0 0 0 0 0 0 0 0 0 0 0 
97 6 0 0 0 0 0 0 0 0 0 0 0 
98 6 0 0 0 0 0 0 0 0 0 0 0 
99 6 0 0 0 0 0 0 0 0 0 0 0 
100 6 0 0 0 0 0 0 0 0 0 0 0 
101 6 0 0 0 0 0 0 0 0 0 0 0 
102 6 0 0 0 0 0 0 0 0 0 0 0 
103 6 0 0 0 0 0 0 0 0 0 0 0 
104 6 0 0 0 0 0 0 0 0 0 0 0 
105 6 0 0 0 0 0 0 0 0 0 0 0 
106 6 0 0 0 0 0 0 0 0 0 0 0 
107 6 -1 60 52 0 0 35 48 0 0 0 9 
108 6 97 0 0 0 0 0 0 0 0 0 0 
109 6 0 0 0 0 0 0 0 0 0 0 0 
110 6 0 0 0 0 0 0 0 0 0 0 0 
111 6 0 0 0 0 0 0 0 0 0 0 0 
112 6 0 0 0 0 0 0 0 0 0 0 0 
113 6 0 0 0 0 0 0 0 0 0 0 0 
114 6 0 0 0 0 0 0 0 0 0 0 0 
115 6 0 0 0 0 0 0 0 0 0 0 0 
116 6 0 0 0 0 0 0 0 0 0 0 0 
117 6 0 0 0 0 0 0 0 0 0 0 0 
118 6 0 0 0 0 0 0 0 0 0 0 0 
119 6 0 0 0 0 0 0 0 0 0 0 0 
120 6 0 0 0 0 0 0 0 0 0 0 0 
121 6 103 0 0 0 0 0 0 0 0 0 0 
122 6 104 0 0 0 0 0 0 0 0 0 0 
123 6 0 0 0 0 0 0 0 0 0 0 0 
124 6 0 0 0 0 0 0 0 0 0 0 0 
125 6 0 0 0 0 0 0 0 0 0 0 0 
126 6 0 0 0 0 0 0 0 0 0 0 0 
127 7 0 0 0 0 0 0 0 0 0 0 0 
128 7 0 0 0 0 0 0 0 0 0 0 0 
129 7 1 0 0 0 0 0 0 0 0 0 0 
130 7 2 0 0 0 0 0 0 0 0 0 0 
131 7 0 0 0 0 0 0 0 0 0 0 0 
132 7 0 0 0 0 0 0 0 0 0 0 0 
133 7 -1 13 6 0 0 29 62 0 0 3 18 
134 7 -1 22 41 0 0 57 28 0 0 17 -16 
135 7 8 0 0 0 0 0 0 0 0 0 0 
136 7 9 0 0 0 0 0 0 0 0 0 0 
137 7 0 0 0 0 0 0 0 0 0 0 0 
138 7 0 0 0 0 0 0 0 0 0 0 0 
139 7 0 0 0 0 0 0 0 0 0 0 0 
140 7 0 0 0 0 0 0 0 0 0 0 0 
141 7 0 0 0 0 0 0 0 0 0 0 0 
142 7 0 0 0 0 0 0 0 0 0 0 0 
143 7 -1 11 55 0 0 0 21 0 0 22 1 
144 7 -1 12 55 0 0 58 27 0 0 1 3 
145 7 -1 29 49 0 0 19 60 0 0 18 -19 
146 7 -1 31 47 0 0 6 9 0 0 0 13 
147 7 -1 54 27 0 0 1 5 0 0 0 33 
148 7 -1 25 17 0 0 5 13 0 0 0 -34 
149 7 -1 20 46 0 0 27 45 0 0 0 21 
150 7 -1 37 1 0 0 6 52 0 0 15 27 
151 7 0 0 0 0 0 0 0 0 0 0 0 
152 7 0 0 0 0 0 0 0 0 0 0 0 
153 7 0 0 0 0 0 0 0 0 0 0 0 
154 7 0 0 0 0 0 0 0 0 0 0 0 
155 7 0 0 0 0 0 0 0 0 0 0 0 
156 7 0 0 0 0 0 0 0 0 0 0 0 
157 7 0 0 0 0 0 0 0 0 0 0 0 
158 7 0 0 0 0 0 0 0 0 0 0 0 
159 7 0 0 0 0 0 0 0 0 0 0 0 
160 7 0 0 0 0 0 0 0 0 0 0 0 
161 7 0 0 0 0 0 0 0 0 0 0 0 
162 7 0 0 0 0 0 0 0 0 0 0 0 
163 7 50 0 0 0 0 0 0 0 0 0 0 
164 7 -1 25 0 29 25 60 27 2 18 32 6918 
165 7 -1 57 30 0 0 51 24 0 0 17 -3 
166 7 55 0 0 0 0 0 0 0 0 0 0 
167 7 -1 0 25 15 6 57 39 2 4 32 -253 
168 7 60 0 0 0 0 0 0 0 0 0 0 
169 7 -1 38 53 0 0 53 39 0 0 16 -7 
170 7 -1 27 43 0 0 58 48 0 0 17 -1 
171 7 -1 34 38 0 0 26 2 0 0 1 33 
172 7 75 0 0 0 0 0 0 0 0 0 0 
173 7 76 0 0 0 0 0 0 0 0 0 0 
174 7 -1 11 40 0 0 58 10 0 0 18 23 
175 7 -1 51 8 0 0 40 25 0 0 12 34 
176 7 81 0 0 0 0 0 0 0 0 0 0 
177 7 82 0 0 0 0 0 0 0 0 0 0 
178 7 83 0 0 0 0 0 0 0 0 0 0 
179 7 0 0 0 0 0 0 0 0 0 0 0 
180 7 0 0 0 0 0 0 0 0 0 0 0 
181 7 0 0 0 0 0 0 0 0 0 0 0 
182 7 0 0 0 0 0 0 0 0 0 0 0 
183 7 0 0 0 0 0 0 0 0 0 0 0 
184 7 0 0 0 0 0 0 0 0 0 0 0 
185 7 0 0 0 0 0 0 0 0 0 0 0 
186 7 0 0 0 0 0 0 0 0 0 0 0 
187 7 0 0 0 0 0 0 0 0 0 0 0 
188 7 0 0 0 0 0 0 0 0 0 0 0 
189 7 0 0 0 0 0 0 0 0 0 0 0 
190 7 0 0 0 0 0 0 0 0 0 0 0 
191 7 0 0 0 0 0 0 0 0 0 0 0 
192 7 0 0 0 0 0 0 0 0 0 0 0 
193 7 0 0 0 0 0 0 0 0 0 0 0 
194 7 0 0 0 0 0 0 0 0 0 0 0 
195 7 0 0 0 0 0 0 0 0 0 0 0 
196 7 0 0 0 0 0 0 0 0 0 0 0 
197 7 0 0 0 0 0 0 0 0 0 0 0 
198 7 0 0 0 0 0 0 0 0 0 0 0 
199 7 0 0 0 0 0 0 0 0 0 0 0 
200 7 0 0 0 0 0 0 0 0 0 0 0 
201 7 0 0 0 0 0 0 0 0 0 0 0 
202 7 0 0 0 0 0 0 0 0 0 0 0 
203 7 0 0 0 0 0 0 0 0 0 0 0 
204 7 0 0 0 0 0 0 0 0 0 0 0 
205 7 0 0 0 0 0 0 0 0 0 0 0 
206 7 0 0 0 0 0 0 0 0 0 0 0 
207 7 0 0 0 0 0 0 0 0 0 0 0 
208 7 0 0 0 0 0 0 0 0 0 0 0 
209 7 0 0 0 0 0 0 0 0 0 0 0 
210 7 0 0 0 0 0 0 0 0 0 0 0 
211 7 0 0 0 0 0 0 0 0 0 0 0 
212 7 0 0 0 0 0 0 0 0 0 0 0 
213 7 0 0 0 0 0 0 0 0 0 0 0 
214 7 0 0 0 0 0 0 0 0 0 0 0 
215 7 -1 17 2 12 11 53 38 7 25 32 -1626 
216 7 -1 42 38 0 0 52 2 0 0 1 -1 
217 7 0 0 0 0 0 0 0 0 0 0 0 
218 7 0 0 0 0 0 0 0 0 0 0 0 
219 7 0 0 0 0 0 0 0 0 0 0 0 
220 7 0 0 0 0 0 0 0 0 0 0 0 
221 7 0 0 0 0 0 0 0 0 0 0 0 
222 7 0 0 0 0 0 0 0 0 0 0 0 
223 7 0 0 0 0 0 0 0 0 0 0 0 
224 7 0 0 0 0 0 0 0 0 0 0 0 
225 7 0 0 0 0 0 0 0 0 0 0 0 
226 7 0 0 0 0 0 0 0 0 0 0 0 
227 7 0 0 0 0 0 0 0 0 0 0 0 
228 7 0 0 0 0 0 0 0 0 0 0 0 
229 7 0 0 0 0 0 0 0 0 0 0 0 
230 7 0 0 0 0 0 0 0 0 0 0 0 
231 7 0 0 0 0 0 0 0 0 0 0 0 
232 7 0 0 0 0 0 0 0 0 0 0 0 
233 7 0 0 0 0 0 0 0 0 0 0 0 
234 7 0 0 0 0 0 0 0 0 0 0 0 
235 7 0 0 0 0 0 0 0 0 0 0 0 
236 7 0 0 0 0 0 0 0 0 0 0 0 
237 7 0 0 0 0 0 0 0 0 0 0 0 
238 7 0 0 0 0 0 0 0 0 0 0 0 
239 7 0 0 0 0 0 0 0 0 0 0 0 
240 7 0 0 0 0 0 0 0 0 0 0 0 
241 7 0 0 0 0 0 0 0 0 0 0 0 
242 7 0 0 0 0 0 0 0 0 0 0 0 
243 7 0 0 0 0 0 0 0 0 0 0 0 
244 7 0 0 0 0 0 0 0 0 0 0 0 
245 7 0 0 0 0 0 0 0 0 0 0 0 
246 7 0 0 0 0 0 0 0 0 0 0 0 
247 7 0 0 0 0 0 0 0 0 0 0 0 
248 7 0 0 0 0 0 0 0 0 0 0 0 
249 7 0 0 0 0 0 0 0 0 0 0 0 
250 7 0 0 0 0 0 0 0 0 0 0 0 
251 7 0 0 0 0 0 0 0 0 0 0 0 
252 7 0 0 0 0 0 0 0 0 0 0 0 
253 7 0 0 0 0 0 0 0 0 0 0 0 
254 7 0 0 0 0 0 0 0 0 0 0 0 
255 8 0 0 0 0 0 0 0 0 0 0 0 
256 8 0 0 0 0 0 0 0 0 0 0 0 
257 8 0 0 0 0 0 0 0 0 0 0 0 
258 8 0 0 0 0 0 0 0 0 0 0 0 
259 8 0 0 0 0 0 0 0 0 0 0 0 
260 8 0 0 0 0 0 0 0 0 0 0 0 
261 8 0 0 0 0 0 0 0 0 0 0 0 
262 8 0 0 0 0 0 0 0 0 0 0 0 
263 8 0 0 0 0 0 0 0 0 0 0 0 
264 8 0 0 0 0 0 0 0 0 0 0 0 
265 8 0 0 0 0 0 0 0 0 0 0 0 
266 8 0 0 0 0 0 0 0 0 0 0 0 
267 8 4 0 0 0 0 0 0 0 0 0 0 
268 8 5 0 0 0 0 0 0 0 0 0 0 
269 8 6 0 0 0 0 0 0 0 0 0 0 
270 8 7 0 0 0 0 0 0 0 0 0 0 
271 8 0 0 0 0 0 0 0 0 0 0 0 
272 8 0 0 0 0 0 0 0 0 0 0 0 
273 8 0 0 0 0 0 0 0 0 0 0 0 
274 8 0 0 0 0 0 0 0 0 0 0 0 
275 8 0 0 0 0 0 0 0 0 0 0 0 
276 8 0 0 0 0 0 0 0 0 0 0 0 
277 8 0 0 0 0 0 0 0 0 0 0 0 
278 8 0 0 0 0 0 0 0 0 0 0 0 
279 8 0 0 0 0 0 0 0 0 0 0 0 
280 8 0 0 0 0 0 0 0 0 0 0 0 
281 8 0 0 0 0 0 0 0 0 0 0 0 
282 8 0 0 0 0 0 0 0 0 0 0 0 
283 8 0 0 0 0 0 0 0 0 0 0 0 
284 8 0 0 0 0 0 0 0 0 0 0 0 
285 8 0 0 0 0 0 0 0 0 0 0 0 
286 8 0 0 0 0 0 0 0 0 0 0 0 
287 8 -1 30 29 0 0 11 46 0 0 2 -4 
288 8 15 0 0 0 0 0 0 0 0 0 0 
289 8 -1 23 55 0 0 48 62 0 0 16 31 
290 8 -1 6 43 0 0 23 20 0 0 16 0 
291 8 -1 22 62 0 0 29 19 0 0 1 12 
292 8 -1 27 2 18 2 51 59 10 3 32 -101 
293 8 30 0 0 0 0 0 0 0 0 0 0 
294 8 31 0 0 0 0 0 0 0 0 0 0 
295 8 -1 23 38 0 0 50 20 0 0 17 6 
296 8 34 0 0 0 0 0 0 0 0 0 0 
297 8 35 0 0 0 0 0 0 0 0 0 0 
298 8 -1 55 46 0 0 40 27 0 0 16 -45 
299 8 38 0 0 0 0 0 0 0 0 0 0 
300 8 39 0 0 0 0 0 0 0 0 0 0 
301 8 -1 14 44 0 0 55 7 0 0 5 11 
302 8 -1 23 11 0 0 3 28 0 0 0 -43 
303 8 0 0 0 0 0 0 0 0 0 0 0 
304 8 0 0 0 0 0 0 0 0 0 0 0 
305 8 0 0 0 0 0 0 0 0 0 0 0 
306 8 0 0 0 0 0 0 0 0 0 0 0 
307 8 0 0 0 0 0 0 0 0 0 0 0 
308 8 0 0 0 0 0 0 0 0 0 0 0 
309 8 0 0 0 0 0 0 0 0 0 0 0 
310 8 0 0 0 0 0 0 0 0 0 0 0 
311 8 0 0 0 0 0 0 0 0 0 0 0 
312 8 0 0 0 0 0 0 0 0 0 0 0 
313 8 0 0 0 0 0 0 0 0 0 0 0 
314 8 0 0 0 0 0 0 0 0 0 0 0 
315 8 0 0 0 0 0 0 0 0 0 0 0 
316 8 0 0 0 0 0 0 0 0 0 0 0 
317 8 0 0 0 0 0 0 0 0 0 0 0 
318 8 0 0 0 0 0 0 0 0 0 0 0 
319 8 0 0 0 0 0 0 0 0 0 0 0 
320 8 0 0 0 0 0 0 0 0 0 0 0 
321 8 0 0 0 0 0 0 0 0 0 0 0 
322 8 0 0 0 0 0 0 0 0 0 0 0 
323 8 0 0 0 0 0 0 0 0 0 0 0 
324 8 0 0 0 0 0 0 0 0 0 0 0 
325 8 0 0 0 0 0 0 0 0 0 0 0 
326 8 0 0 0 0 0 0 0 0 0 0 0 
327 8 0 0 0 0 0 0 0 0 0 0 0 
328 8 0 0 0 0 0 0 0 0 0 0 0 
329 8 51 0 0 0 0 0 0 0 0 0 0 
330 8 52 0 0 0 0 0 0 0 0 0 0 
331 8 53 0 0 0 0 0 0 0 0 0 0 
332 8 54 0 0 0 0 0 0 0 0 0 0 
333 8 0 0 0 0 0 0 0 0 0 0 0 
334 8 0 0 0 0 0 0 0 0 0 0 0 
335 8 56 0 0 0 0 0 0 0 0 0 0 
336 8 -1 25 53 0 0 30 30 0 0 7 -70 
337 8 0 0 0 0 0 0 0 0 0 0 0 
338 8 0 0 0 0 0 0 0 0 0 0 0 
339 8 -1 29 17 0 0 35 54 0 0 18 -12 
340 8 63 0 0 0 0 0 0 0 0 0 0 
341 8 -1 37 46 0 0 62 58 0 0 1 -19 
342 8 -1 44 11 0 0 4 6 0 0 2 2 
343 8 -1 45 36 0 0 15 9 0 0 3 32 
344 8 74 0 0 0 0 0 0 0 0 0 0 
345 8 0 0 0 0 0 0 0 0 0 0 0 
346 8 0 0 0 0 0 0 0 0 0 0 0 
347 8 0 0 0 0 0 0 0 0 0 0 0 
348 8 0 0 0 0 0 0 0 0 0 0 0 
349 8 77 0 0 0 0 0 0 0 0 0 0 
350 8 78 0 0 0 0 0 0 0 0 0 0 
351 8 79 0 0 0 0 0 0 0 0 0 0 
352 8 80 0 0 0 0 0 0 0 0 0 0 
353 8 0 0 0 0 0 0 0 0 0 0 0 
354 8 0 0 0 0 0 0 0 0 0 0 0 
355 8 0 0 0 0 0 0 0 0 0 0 0 
356 8 0 0 0 0 0 0 0 0 0 0 0 
357 8 0 0 0 0 0 0 0 0 0 0 0 
358 8 0 0 0 0 0 0 0 0 0 0 0 
359 8 0 0 0 0 0 0 0 0 0 0 0 
360 8 0 0 0 0 0 0 0 0 0 0 0 
361 8 0 0 0 0 0 0 0 0 0 0 0 
362 8 0 0 0 0 0 0 0 0 0 0 0 
363 8 0 0 0 0 0 0 0 0 0 0 0 
364 8 0 0 0 0 0 0 0 0 0 0 0 
365 8 0 0 0 0 0 0 0 0 0 0 0 
366 8 0 0 0 0 0 0 0 0 0 0 0 
367 8 0 0 0 0 0 0 0 0 0 0 0 
368 8 0 0 0 0 0 0 0 0 0 0 0 
369 8 0 0 0 0 0 0 0 0 0 0 0 
370 8 0 0 0 0 0 0 0 0 0 0 0 
371 8 0 0 0 0 0 0 0 0 0 0 0 
372 8 0 0 0 0 0 0 0 0 0 0 0 
373 8 0 0 0 0 0 0 0 0 0 0 0 
374 8 0 0 0 0 0 0 0 0 0 0 0 
375 8 0 0 0 0 0 0 0 0 0 0 0 
376 8 0 0 0 0 0 0 0 0 0 0 0 
377 8 0 0 0 0 0 0 0 0 0 0 0 
378 8 0 0 0 0 0 0 0 0 0 0 0 
379 8 0 0 0 0 0 0 0 0 0 0 0 
380 8 0 0 0 0 0 0 0 0 0 0 0 
381 8 0 0 0 0 0 0 0 0 0 0 0 
382 8 0 0 0 0 0 0 0 0 0 0 0 
383 8 0 0 0 0 0 0 0 0 0 0 0 
384 8 0 0 0 0 0 0 0 0 0 0 0 
385 8 0 0 0 0 0 0 0 0 0 0 0 
386 8 0 0 0 0 0 0 0 0 0 0 0 
387 8 0 0 0 0 0 0 0 0 0 0 0 
388 8 0 0 0 0 0 0 0 0 0 0 0 
389 8 0 0 0 0 0 0 0 0 0 0 0 
390 8 0 0 0 0 0 0 0 0 0 0 0 
391 8 0 0 0 0 0 0 0 0 0 0 0 
392 8 0 0 0 0 0 0 0 0 0 0 0 
393 8 0 0 0 0 0 0 0 0 0 0 0 
394 8 0 0 0 0 0 0 0 0 0 0 0 
395 8 0 0 0 0 0 0 0 0 0 0 0 
396 8 0 0 0 0 0 0 0 0 0 0 0 
397 8 0 0 0 0 0 0 0 0 0 0 0 
398 8 0 0 0 0 0 0 0 0 0 0 0 
399 8 0 0 0 0 0 0 0 0 0 0 0 
400 8 0 0 0 0 0 0 0 0 0 0 0 
401 8 0 0 0 0 0 0 0 0 0 0 0 
402 8 0 0 0 0 0 0 0 0 0 0 0 
403 8 0 0 0 0 0 0 0 0 0 0 0 
404 8 0 0 0 0 0 0 0 0 0 0 0 
405 8 0 0 0 0 0 0 0 0 0 0 0 
406 8 0 0 0 0 0 0 0 0 0 0 0 
407 8 0 0 0 0 0 0 0 0 0 0 0 
408 8 0 0 0 0 0 0 0 0 0 0 0 
409 8 0 0 0 0 0 0 0 0 0 0 0 
410 8 0 0 0 0 0 0 0 0 0 0 0 
411 8 0 0 0 0 0 0 0 0 0 0 0 
412 8 0 0 0 0 0 0 0 0 0 0 0 
413 8 0 0 0 0 0 0 0 0 0 0 0 
414 8 0 0 0 0 0 0 0 0 0 0 0 
415 8 0 0 0 0 0 0 0 0 0 0 0 
416 8 0 0 0 0 0 0 0 0 0 0 0 
417 8 0 0 0 0 0 0 0 0 0 0 0 
418 8 0 0 0 0 0 0 0 0 0 0 0 
419 8 0 0 0 0 0 0 0 0 0 0 0 
420 8 0 0 0 0 0 0 0 0 0 0 0 
421 8 0 0 0 0 0 0 0 0 0 0 0 
422 8 0 0 0 0 0 0 0 0 0 0 0 
423 8 0 0 0 0 0 0 0 0 0 0 0 
424 8 0 0 0 0 0 0 0 0 0 0 0 
425 8 0 0 0 0 0 0 0 0 0 0 0 
426 8 0 0 0 0 0 0 0 0 0 0 0 
427 8 0 0 0 0 0 0 0 0 0 0 0 
428 8 0 0 0 0 0 0 0 0 0 0 0 
429 8 0 0 0 0 0 0 0 0 0 0 0 
430 8 0 0 0 0 0 0 0 0 0 0 0 
431 8 93 0 0 0 0 0 0 0 0 0 0 
432 8 94 0 0 0 0 0 0 0 0 0 0 
433 8 95 0 0 0 0 0 0 0 0 0 0 
434 8 96 0 0 0 0 0 0 0 0 0 0 
435 8 0 0 0 0 0 0 0 0 0 0 0 
436 8 0 0 0 0 0 0 0 0 0 0 0 
437 8 0 0 0 0 0 0 0 0 0 0 0 
438 8 0 0 0 0 0 0 0 0 0 0 0 
439 8 0 0 0 0 0 0 0 0 0 0 0 
440 8 0 0 0 0 0 0 0 0 0 0 0 
441 8 0 0 0 0 0 0 0 0 0 0 0 
442 8 0 0 0 0 0 0 0 0 0 0 0 
443 8 0 0 0 0 0 0 0 0 0 0 0 
444 8 0 0 0 0 0 0 0 0 0 0 0 
445 8 0 0 0 0 0 0 0 0 0 0 0 
446 8 0 0 0 0 0 0 0 0 0 0 0 
447 8 0 0 0 0 0 0 0 0 0 0 0 
448 8 0 0 0 0 0 0 0 0 0 0 0 
449 8 0 0 0 0 0 0 0 0 0 0 0 
450 8 0 0 0 0 0 0 0 0 0 0 0 
451 8 0 0 0 0 0 0 0 0 0 0 0 
452 8 0 0 0 0 0 0 0 0 0 0 0 
453 8 0 0 0 0 0 0 0 0 0 0 0 
454 8 0 0 0 0 0 0 0 0 0 0 0 
455 8 0 0 0 0 0 0 0 0 0 0 0 
456 8 0 0 0 0 0 0 0 0 0 0 0 
457 8 0 0 0 0 0 0 0 0 0 0 0 
458 8 0 0 0 0 0 0 0 0 0 0 0 
459 8 0 0 0 0 0 0 0 0 0 0 0 
460 8 0 0 0 0 0 0 0 0 0 0 0 
461 8 0 0 0 0 0 0 0 0 0 0 0 
462 8 0 0 0 0 0 0 0 0 0 0 0 
463 8 0 0 0 0 0 0 0 0 0 0 0 
464 8 0 0 0 0 0 0 0 0 0 0 0 
465 8 0 0 0 0 0 0 0 0 0 0 0 
466 8 0 0 0 0 0 0 0 0 0 0 0 
467 8 0 0 0 0 0 0 0 0 0 0 0 
468 8 0 0 0 0 0 0 0 0 0 0 0 
469 8 0 0 0 0 0 0 0 0 0 0 0 
470 8 0 0 0 0 0 0 0 0 0 0 0 
471 8 0 0 0 0 0 0 0 0 0 0 0 
472 8 0 0 0 0 0 0 0 0 0 0 0 
473 8 0 0 0 0 0 0 0 0 0 0 0 
474 8 0 0 0 0 0 0 0 0 0 0 0 
475 8 0 0 0 0 0 0 0 0 0 0 0 
476 8 0 0 0 0 0 0 0 0 0 0 0 
477 8 0 0 0 0 0 0 0 0 0 0 0 
478 8 0 0 0 0 0 0 0 0 0 0 0 
479 8 0 0 0 0 0 0 0 0 0 0 0 
480 8 0 0 0 0 0 0 0 0 0 0 0 
481 8 0 0 0 0 0 0 0 0 0 0 0 
482 8 0 0 0 0 0 0 0 0 0 0 0 
483 8 0 0 0 0 0 0 0 0 0 0 0 
484 8 0 0 0 0 0 0 0 0 0 0 0 
485 8 0 0 0 0 0 0 0 0 0 0 0 
486 8 0 0 0 0 0 0 0 0 0 0 0 
487 8 0 0 0 0 0 0 0 0 0 0 0 
488 8 0 0 0 0 0 0 0 0 0 0 0 
489 8 0 0 0 0 0 0 0 0 0 0 0 
490 8 0 0 0 0 0 0 0 0 0 0 0 
491 8 0 0 0 0 0 0 0 0 0 0 0 
492 8 0 0 0 0 0 0 0 0 0 0 0 
493 8 0 0 0 0 0 0 0 0 0 0 0 
494 8 0 0 0 0 0 0 0 0 0 0 0 
495 8 0 0 0 0 0 0 0 0 0 0 0 
496 8 0 0 0 0 0 0 0 0 0 0 0 
497 8 0 0 0 0 0 0 0 0 0 0 0 
498 8 0 0 0 0 0 0 0 0 0 0 0 
499 8 0 0 0 0 0 0 0 0 0 0 0 
500 8 0 0 0 0 0 0 0 0 0 0 0 
501 8 0 0 0 0 0 0 0 0 0 0 0 
502 8 0 0 0 0 0 0 0 0 0 0 0 
503 8 0 0 0 0 0 0 0 0 0 0 0 
504 8 0 0 0 0 0 0 0 0 0 0 0 
505 8 0 0 0 0 0 0 0 0 0 0 0 
506 8 0 0 0 0 0 0 0 0 0 0 0 
507 8 0 0 0 0 0 0 0 0 0 0 0 
508 8 0 0 0 0 0 0 0 0 0 0 0 
509 8 0 0 0 0 0 0 0 0 0 0 0 
510 8 0 0 0 0 0 0 0 0 0 0 0 
511 9 0 0 0 0 0 0 0 0 0 0 0 
512 9 0 0 0 0 0 0 0 0 0 0 0 
513 9 0 0 0 0 0 0 0 0 0 0 0 
514 9 0 0 0 0 0 0 0 0 0 0 0 
515 9 0 0 0 0 0 0 0 0 0 0 0 
516 9 0 0 0 0 0 0 0 0 0 0 0 
517 9 0 0 0 0 0 0 0 0 0 0 0 
518 9 0 0 0 0 0 0 0 0 0 0 0 
519 9 0 0 0 0 0 0 0 0 0 0 0 
520 9 0 0 0 0 0 0 0 0 0 0 0 
521 9 0 0 0 0 0 0 0 0 0 0 0 
522 9 0 0 0 0 0 0 0 0 0 0 0 
523 9 0 0 0 0 0 0 0 0 0 0 0 
524 9 0 0 0 0 0 0 0 0 0 0 0 
525 9 0 0 0 0 0 0 0 0 0 0 0 
526 9 0 0 0 0 0 0 0 0 0 0 0 
527 9 0 0 0 0 0 0 0 0 0 0 0 
528 9 0 0 0 0 0 0 0 0 0 0 0 
529 9 0 0 0 0 0 0 0 0 0 0 0 
530 9 0 0 0 0 0 0 0 0 0 0 0 
531 9 0 0 0 0 0 0 0 0 0 0 0 
532 9 0 0 0 0 0 0 0 0 0 0 0 
533 9 0 0 0 0 0 0 0 0 0 0 0 
534 9 0 0 0 0 0 0 0 0 0 0 0 
535 9 0 0 0 0 0 0 0 0 0 0 0 
536 9 0 0 0 0 0 0 0 0 0 0 0 
537 9 0 0 0 0 0 0 0 0 0 0 0 
538 9 0 0 0 0 0 0 0 0 0 0 0 
539 9 0 0 0 0 0 0 0 0 0 0 0 
540 9 0 0 0 0 0 0 0 0 0 0 0 
541 9 0 0 0 0 0 0 0 0 0 0 0 
542 9 0 0 0 0 0 0 0 0 0 0 0 
543 9 0 0 0 0 0 0 0 0 0 0 0 
544 9 0 0 0 0 0 0 0 0 0 0 0 
545 9 0 0 0 0 0 0 0 0 0 0 0 
546 9 0 0 0 0 0 0 0 0 0 0 0 
547 9 0 0 0 0 0 0 0 0 0 0 0 
548 9 0 0 0 0 0 0 0 0 0 0 0 
549 9 0 0 0 0 0 0 0 0 0 0 0 
550 9 0 0 0 0 0 0 0 0 0 0 0 
551 9 0 0 0 0 0 0 0 0 0 0 0 
552 9 0 0 0 0 0 0 0 0 0 0 0 
553 9 0 0 0 0 0 0 0 0 0 0 0 
554 9 0 0 0 0 0 0 0 0 0 0 0 
555 9 0 0 0 0 0 0 0 0 0 0 0 
556 9 0 0 0 0 0 0 0 0 0 0 0 
557 9 0 0 0 0 0 0 0 0 0 0 0 
558 9 0 0 0 0 0 0 0 0 0 0 0 
559 9 0 0 0 0 0 0 0 0 0 0 0 
560 9 0 0 0 0 0 0 0 0 0 0 0 
561 9 0 0 0 0 0 0 0 0 0 0 0 
562 9 0 0 0 0 0 0 0 0 0 0 0 
563 9 0 0 0 0 0 0 0 0 0 0 0 
564 9 0 0 0 0 0 0 0 0 0 0 0 
565 9 0 0 0 0 0 0 0 0 0 0 0 
566 9 0 0 0 0 0 0 0 0 0 0 0 
567 9 0 0 0 0 0 0 0 0 0 0 0 
568 9 0 0 0 0 0 0 0 0 0 0 0 
569 9 0 0 0 0 0 0 0 0 0 0 0 
570 9 0 0 0 0 0 0 0 0 0 0 0 
571 9 0 0 0 0 0 0 0 0 0 0 0 
572 9 0 0 0 0 0 0 0 0 0 0 0 
573 9 0 0 0 0 0 0 0 0 0 0 0 
574 9 0 0 0 0 0 0 0 0 0 0 0 
575 9 12 0 0 0 0 0 0 0 0 0 0 
576 9 -1 18 62 0 0 8 59 0 0 1 3 
577 9 0 0 0 0 0 0 0 0 0 0 0 
578 9 0 0 0 0 0 0 0 0 0 0 0 
579 9 -1 51 18 0 0 14 59 0 0 6 -2 
580 9 18 0 0 0 0 0 0 0 0 0 0 
581 9 -1 55 43 0 0 12 51 0 0 16 64 
582 9 -1 26 62 0 0 60 36 0 0 19 0 
583 9 -1 24 41 0 0 60 54 0 0 12 109 
584 9 25 0 0 0 0 0 0 0 0 0 0 
585 9 -1 7 8 27 6 46 62 7 1 32 -246 
586 9 -1 26 18 0 0 39 42 0 0 18 14 
587 9 0 0 0 0 0 0 0 0 0 0 0 
588 9 0 0 0 0 0 0 0 0 0 0 0 
589 9 0 0 0 0 0 0 0 0 0 0 0 
590 9 0 0 0 0 0 0 0 0 0 0 0 
591 9 32 0 0 0 0 0 0 0 0 0 0 
592 9 33 0 0 0 0 0 0 0 0 0 0 
593 9 0 0 0 0 0 0 0 0 0 0 0 
594 9 0 0 0 0 0 0 0 0 0 0 0 
595 9 0 0 0 0 0 0 0 0 0 0 0 
596 9 0 0 0 0 0 0 0 0 0 0 0 
597 9 36 0 0 0 0 0 0 0 0 0 0 
598 9 37 0 0 0 0 0 0 0 0 0 0 
599 9 0 0 0 0 0 0 0 0 0 0 0 
600 9 0 0 0 0 0 0 0 0 0 0 0 
601 9 0 0 0 0 0 0 0 0 0 0 0 
602 9 0 0 0 0 0 0 0 0 0 0 0 
603 9 40 0 0 0 0 0 0 0 0 0 0 
604 9 41 0 0 0 0 0 0 0 0 0 0 
605 9 42 0 0 0 0 0 0 0 0 0 0 
606 9 -1 11 17 8 5 51 52 10 8 32 -744 
607 9 0 0 0 0 0 0 0 0 0 0 0 
608 9 0 0 0 0 0 0 0 0 0 0 0 
609 9 0 0 0 0 0 0 0 0 0 0 0 
610 9 0 0 0 0 0 0 0 0 0 0 0 
611 9 0 0 0 0 0 0 0 0 0 0 0 
612 9 0 0 0 0 0 0 0 0 0 0 0 
613 9 0 0 0 0 0 0 0 0 0 0 0 
614 9 0 0 0 0 0 0 0 0 0 0 0 
615 9 0 0 0 0 0 0 0 0 0 0 0 
616 9 0 0 0 0 0 0 0 0 0 0 0 
617 9 0 0 0 0 0 0 0 0 0 0 0 
618 9 0 0 0 0 0 0 0 0 0 0 0 
619 9 0 0 0 0 0 0 0 0 0 0 0 
620 9 0 0 0 0 0 0 0 0 0 0 0 
621 9 0 0 0 0 0 0 0 0 0 0 0 
622 9 0 0 0 0 0 0 0 0 0 0 0 
623 9 0 0 0 0 0 0 0 0 0 0 0 
624 9 0 0 0 0 0 0 0 0 0 0 0 
625 9 0 0 0 0 0 0 0 0 0 0 0 
626 9 0 0 0 0 0 0 0 0 0 0 0 
627 9 0 0 0 0 0 0 0 0 0 0 0 
628 9 0 0 0 0 0 0 0 0 0 0 0 
629 9 0 0 0 0 0 0 0 0 0 0 0 
630 9 0 0 0 0 0 0 0 0 0 0 0 
631 9 0 0 0 0 0 0 0 0 0 0 0 
632 9 0 0 0 0 0 0 0 0 0 0 0 
633 9 0 0 0 0 0 0 0 0 0 0 0 
634 9 0 0 0 0 0 0 0 0 0 0 0 
635 9 0 0 0 0 0 0 0 0 0 0 0 
636 9 0 0 0 0 0 0 0 0 0 0 0 
637 9 0 0 0 0 0 0 0 0 0 0 0 
638 9 0 0 0 0 0 0 0 0 0 0 0 
639 9 0 0 0 0 0 0 0 0 0 0 0 
640 9 0 0 0 0 0 0 0 0 0 0 0 
641 9 0 0 0 0 0 0 0 0 0 0 0 
642 9 0 0 0 0 0 0 0 0 0 0 0 
643 9 0 0 0 0 0 0 0 0 0 0 0 
644 9 0 0 0 0 0 0 0 0 0 0 0 
645 9 0 0 0 0 0 0 0 0 0 0 0 
646 9 0 0 0 0 0 0 0 0 0 0 0 
647 9 0 0 0 0 0 0 0 0 0 0 0 
648 9 0 0 0 0 0 0 0 0 0 0 0 
649 9 0 0 0 0 0 0 0 0 0 0 0 
650 9 0 0 0 0 0 0 0 0 0 0 0 
651 9 0 0 0 0 0 0 0 0 0 0 0 
652 9 0 0 0 0 0 0 0 0 0 0 0 
653 9 0 0 0 0 0 0 0 0 0 0 0 
654 9 0 0 0 0 0 0 0 0 0 0 0 
655 9 0 0 0 0 0 0 0 0 0 0 0 
656 9 0 0 0 0 0 0 0 0 0 0 0 
657 9 0 0 0 0 0 0 0 0 0 0 0 
658 9 0 0 0 0 0 0 0 0 0 0 0 
659 9 0 0 0 0 0 0 0 0 0 0 0 
660 9 0 0 0 0 0 0 0 0 0 0 0 
661 9 0 0 0 0 0 0 0 0 0 0 0 
662 9 0 0 0 0 0 0 0 0 0 0 0 
663 9 0 0 0 0 0 0 0 0 0 0 0 
664 9 0 0 0 0 0 0 0 0 0 0 0 
665 9 0 0 0 0 0 0 0 0 0 0 0 
666 9 0 0 0 0 0 0 0 0 0 0 0 
667 9 0 0 0 0 0 0 0 0 0 0 0 
668 9 0 0 0 0 0 0 0 0 0 0 0 
669 9 0 0 0 0 0 0 0 0 0 0 0 
670 9 0 0 0 0 0 0 0 0 0 0 0 
671 9 0 0 0 0 0 0 0 0 0 0 0 
672 9 0 0 0 0 0 0 0 0 0 0 0 
673 9 57 0 0 0 0 0 0 0 0 0 0 
674 9 -1 5 54 0 0 59 18 0 0 12 -51 
675 9 0 0 0 0 0 0 0 0 0 0 0 
676 9 0 0 0 0 0 0 0 0 0 0 0 
677 9 0 0 0 0 0 0 0 0 0 0 0 
678 9 0 0 0 0 0 0 0 0 0 0 0 
679 9 61 0 0 0 0 0 0 0 0 0 0 
680 9 62 0 0 0 0 0 0 0 0 0 0 
681 9 0 0 0 0 0 0 0 0 0 0 0 
682 9 0 0 0 0 0 0 0 0 0 0 0 
683 9 64 0 0 0 0 0 0 0 0 0 0 
684 9 -1 1 20 0 0 58 61 0 0 15 24 
685 9 -1 29 24 10 16 58 57 4 3 32 -131 
686 9 -1 25 43 0 0 21 53 0 0 4 -2 
687 9 -1 5 3 0 0 50 9 0 0 18 -4 
688 9 73 0 0 0 0 0 0 0 0 0 0 
689 9 0 0 0 0 0 0 0 0 0 0 0 
690 9 0 0 0 0 0 0 0 0 0 0 0 
691 9 0 0 0 0 0 0 0 0 0 0 0 
692 9 0 0 0 0 0 0 0 0 0 0 0 
693 9 0 0 0 0 0 0 0 0 0 0 0 
694 9 0 0 0 0 0 0 0 0 0 0 0 
695 9 0 0 0 0 0 0 0 0 0 0 0 
696 9 0 0 0 0 0 0 0 0 0 0 0 
697 9 0 0 0 0 0 0 0 0 0 0 0 
698 9 0 0 0 0 0 0 0 0 0 0 0 
699 9 0 0 0 0 0 0 0 0 0 0 0 
700 9 0 0 0 0 0 0 0 0 0 0 0 
701 9 0 0 0 0 0 0 0 0 0 0 0 
702 9 0 0 0 0 0 0 0 0 0 0 0 
703 9 0 0 0 0 0 0 0 0 0 0 0 
704 9 0 0 0 0 0 0 0 0 0 0 0 
705 9 0 0 0 0 0 0 0 0 0 0 0 
706 9 0 0 0 0 0 0 0 0 0 0 0 
707 9 0 0 0 0 0 0 0 0 0 0 0 
708 9 0 0 0 0 0 0 0 0 0 0 0 
709 9 0 0 0 0 0 0 0 0 0 0 0 
710 9 0 0 0 0 0 0 0 0 0 0 0 
711 9 0 0 0 0 0 0 0 0 0 0 0 
712 9 0 0 0 0 0 0 0 0 0 0 0 
713 9 0 0 0 0 0 0 0 0 0 0 0 
714 9 0 0 0 0 0 0 0 0 0 0 0 
715 9 0 0 0 0 0 0 0 0 0 0 0 
716 9 0 0 0 0 0 0 0 0 0 0 0 
717 9 0 0 0 0 0 0 0 0 0 0 0 
718 9 0 0 0 0 0 0 0 0 0 0 0 
719 9 0 0 0 0 0 0 0 0 0 0 0 
720 9 0 0 0 0 0 0 0 0 0 0 0 
721 9 0 0 0 0 0 0 0 0 0 0 0 
722 9 0 0 0 0 0 0 0 0 0 0 0 
723 9 0 0 0 0 0 0 0 0 0 0 0 
724 9 0 0 0 0 0 0 0 0 0 0 0 
725 9 0 0 0 0 0 0 0 0 0 0 0 
726 9 0 0 0 0 0 0 0 0 0 0 0 
727 9 0 0 0 0 0 0 0 0 0 0 0 
728 9 0 0 0 0 0 0 0 0 0 0 0 
729 9 0 0 0 0 0 0 0 0 0 0 0 
730 9 0 0 0 0 0 0 0 0 0 0 0 
731 9 0 0 0 0 0 0 0 0 0 0 0 
732 9 0 0 0 0 0 0 0 0 0 0 0 
733 9 0 0 0 0 0 0 0 0 0 0 0 
734 9 0 0 0 0 0 0 0 0 0 0 0 
735 9 0 0 0 0 0 0 0 0 0 0 0 
736 9 0 0 0 0 0 0 0 0 0 0 0 
737 9 0 0 0 0 0 0 0 0 0 0 0 
738 9 0 0 0 0 0 0 0 0 0 0 0 
739 9 0 0 0 0 0 0 0 0 0 0 0 
740 9 0 0 0 0 0 0 0 0 0 0 0 
741 9 0 0 0 0 0 0 0 0 0 0 0 
742 9 0 0 0 0 0 0 0 0 0 0 0 
743 9 0 0 0 0 0 0 0 0 0 0 0 
744 9 0 0 0 0 0 0 0 0 0 0 0 
745 9 0 0 0 0 0 0 0 0 0 0 0 
746 9 0 0 0 0 0 0 0 0 0 0 0 
747 9 0 0 0 0 0 0 0 0 0 0 0 
748 9 0 0 0 0 0 0 0 0 0 0 0 
749 9 0 0 0 0 0 0 0 0 0 0 0 
750 9 0 0 0 0 0 0 0 0 0 0 0 
751 9 0 0 0 0 0 0 0 0 0 0 0 
752 9 0 0 0 0 0 0 0 0 0 0 0 
753 9 0 0 0 0 0 0 0 0 0 0 0 
754 9 0 0 0 0 0 0 0 0 0 0 0 
755 9 0 0 0 0 0 0 0 0 0 0 0 
756 9 0 0 0 0 0 0 0 0 0 0 0 
757 9 0 0 0 0 0 0 0 0 0 0 0 
758 9 0 0 0 0 0 0 0 0 0 0 0 
759 9 0 0 0 0 0 0 0 0 0 0 0 
760 9 0 0 0 0 0 0 0 0 0 0 0 
761 9 0 0 0 0 0 0 0 0 0 0 0 
762 9 0 0 0 0 0 0 0 0 0 0 0 
763 9 0 0 0 0 0 0 0 0 0 0 0 
764 9 0 0 0 0 0 0 0 0 0 0 0 
765 9 0 0 0 0 0 0 0 0 0 0 0 
766 9 0 0 0 0 0 0 0 0 0 0 0 
767 9 0 0 0 0 0 0 0 0 0 0 0 
768 9 0 0 0 0 0 0 0 0 0 0 0 
769 9 0 0 0 0 0 0 0 0 0 0 0 
770 9 0 0 0 0 0 0 0 0 0 0 0 
771 9 0 0 0 0 0 0 0 0 0 0 0 
772 9 0 0 0 0 0 0 0 0 0 0 0 
773 9 0 0 0 0 0 0 0 0 0 0 0 
774 9 0 0 0 0 0 0 0 0 0 0 0 
775 9 0 0 0 0 0 0 0 0 0 0 0 
776 9 0 0 0 0 0 0 0 0 0 0 0 
777 9 0 0 0 0 0 0 0 0 0 0 0 
778 9 0 0 0 0 0 0 0 0 0 0 0 
779 9 0 0 0 0 0 0 0 0 0 0 0 
780 9 0 0 0 0 0 0 0 0 0 0 0 
781 9 0 0 0 0 0 0 0 0 0 0 0 
782 9 0 0 0 0 0 0 0 0 0 0 0 
783 9 0 0 0 0 0 0 0 0 0 0 0 
784 9 0 0 0 0 0 0 0 0 0 0 0 
785 9 0 0 0 0 0 0 0 0 0 0 0 
786 9 0 0 0 0 0 0 0 0 0 0 0 
787 9 0 0 0 0 0 0 0 0 0 0 0 
788 9 0 0 0 0 0 0 0 0 0 0 0 
789 9 0 0 0 0 0 0 0 0 0 0 0 
790 9 0 0 0 0 0 0 0 0 0 0 0 
791 9 0 0 0 0 0 0 0 0 0 0 0 
792 9 0 0 0 0 0 0 0 0 0 0 0 
793 9 0 0 0 0 0 0 0 0 0 0 0 
794 9 0 0 0 0 0 0 0 0 0 0 0 
795 9 0 0 0 0 0 0 0 0 0 0 0 
796 9 0 0 0 0 0 0 0 0 0 0 0 
797 9 0 0 0 0 0 0 0 0 0 0 0 
798 9 0 0 0 0 0 0 0 0 0 0 0 
799 9 0 0 0 0 0 0 0 0 0 0 0 
800 9 0 0 0 0 0 0 0 0 0 0 0 
801 9 0 0 0 0 0 0 0 0 0 0 0 
802 9 0 0 0 0 0 0 0 0 0 0 0 
803 9 0 0 0 0 0 0 0 0 0 0 0 
804 9 0 0 0 0 0 0 0 0 0 0 0 
805 9 0 0 0 0 0 0 0 0 0 0 0 
806 9 0 0 0 0 0 0 0 0 0 0 0 
807 9 0 0 0 0 0 0 0 0 0 0 0 
808 9 0 0 0 0 0 0 0 0 0 0 0 
809 9 0 0 0 0 0 0 0 0 0 0 0 
810 9 0 0 0 0 0 0 0 0 0 0 0 
811 9 0 0 0 0 0 0 0 0 0 0 0 
812 9 0 0 0 0 0 0 0 0 0 0 0 
813 9 0 0 0 0 0 0 0 0 0 0 0 
814 9 0 0 0 0 0 0 0 0 0 0 0 
815 9 0 0 0 0 0 0 0 0 0 0 0 
816 9 0 0 0 0 0 0 0 0 0 0 0 
817 9 0 0 0 0 0 0 0 0 0 0 0 
818 9 0 0 0 0 0 0 0 0 0 0 0 
819 9 0 0 0 0 0 0 0 0 0 0 0 
820 9 0 0 0 0 0 0 0 0 0 0 0 
821 9 0 0 0 0 0 0 0 0 0 0 0 
822 9 0 0 0 0 0 0 0 0 0 0 0 
823 9 0 0 0 0 0 0 0 0 0 0 0 
824 9 0 0 0 0 0 0 0 0 0 0 0 
825 9 0 0 0 0 0 0 0 0 0 0 0 
826 9 0 0 0 0 0 0 0 0 0 0 0 
827 9 0 0 0 0 0 0 0 0 0 0 0 
828 9 0 0 0 0 0 0 0 0 0 0 0 
829 9 0 0 0 0 0 0 0 0 0 0 0 
830 9 0 0 0 0 0 0 0 0 0 0 0 
831 9 0 0 0 0 0 0 0 0 0 0 0 
832 9 0 0 0 0 0 0 0 0 0 0 0 
833 9 0 0 0 0 0 0 0 0 0 0 0 
834 9 0 0 0 0 0 0 0 0 0 0 0 
835 9 0 0 0 0 0 0 0 0 0 0 0 
836 9 0 0 0 0 0 0 0 0 0 0 0 
837 9 0 0 0 0 0 0 0 0 0 0 0 
838 9 0 0 0 0 0 0 0 0 0 0 0 
839 9 0 0 0 0 0 0 0 0 0 0 0 
840 9 0 0 0 0 0 0 0 0 0 0 0 
841 9 0 0 0 0 0 0 0 0 0 0 0 
842 9 0 0 0 0 0 0 0 0 0 0 0 
843 9 0 0 0 0 0 0 0 0 0 0 0 
844 9 0 0 0 0 0 0 0 0 0 0 0 
845 9 0 0 0 0 0 0 0 0 0 0 0 
846 9 0 0 0 0 0 0 0 0 0 0 0 
847 9 0 0 0 0 0 0 0 0 0 0 0 
848 9 0 0 0 0 0 0 0 0 0 0 0 
849 9 0 0 0 0 0 0 0 0 0 0 0 
850 9 0 0 0 0 0 0 0 0 0 0 0 
851 9 0 0 0 0 0 0 0 0 0 0 0 
852 9 0 0 0 0 0 0 0 0 0 0 0 
853 9 0 0 0 0 0 0 0 0 0 0 0 
854 9 0 0 0 0 0 0 0 0 0 0 0 
855 9 0 0 0 0 0 0 0 0 0 0 0 
856 9 0 0 0 0 0 0 0 0 0 0 0 
857 9 0 0 0 0 0 0 0 0 0 0 0 
858 9 0 0 0 0 0 0 0 0 0 0 0 
859 9 0 0 0 0 0 0 0 0 0 0 0 
860 9 0 0 0 0 0 0 0 0 0 0 0 
861 9 0 0 0 0 0 0 0 0 0 0 0 
862 9 0 0 0 0 0 0 0 0 0 0 0 
863 9 0 0 0 0 0 0 0 0 0 0 0 
864 9 0 0 0 0 0 0 0 0 0 0 0 
865 9 0 0 0 0 0 0 0 0 0 0 0 
866 9 0 0 0 0 0 0 0 0 0 0 0 
867 9 0 0 0 0 0 0 0 0 0 0 0 
868 9 0 0 0 0 0 0 0 0 0 0 0 
869 9 0 0 0 0 0 0 0 0 0 0 0 
870 9 0 0 0 0 0 0 0 0 0 0 0 
871 9 0 0 0 0 0 0 0 0 0 0 0 
872 9 0 0 0 0 0 0 0 0 0 0 0 
873 9 0 0 0 0 0 0 0 0 0 0 0 
874 9 0 0 0 0 0 0 0 0 0 0 0 
875 9 0 0 0 0 0 0 0 0 0 0 0 
876 9 0 0 0 0 0 0 0 0 0 0 0 
877 9 0 0 0 0 0 0 0 0 0 0 0 
878 9 0 0 0 0 0 0 0 0 0 0 0 
879 9 0 0 0 0 0 0 0 0 0 0 0 
880 9 0 0 0 0 0 0 0 0 0 0 0 
881 9 0 0 0 0 0 0 0 0 0 0 0 
882 9 0 0 0 0 0 0 0 0 0 0 0 
883 9 0 0 0 0 0 0 0 0 0 0 0 
884 9 0 0 0 0 0 0 0 0 0 0 0 
885 9 0 0 0 0 0 0 0 0 0 0 0 
886 9 0 0 0 0 0 0 0 0 0 0 0 
887 9 0 0 0 0 0 0 0 0 0 0 0 
888 9 0 0 0 0 0 0 0 0 0 0 0 
889 9 0 0 0 0 0 0 0 0 0 0 0 
890 9 0 0 0 0 0 0 0 0 0 0 0 
891 9 0 0 0 0 0 0 0 0 0 0 0 
892 9 0 0 0 0 0 0 0 0 0 0 0 
893 9 0 0 0 0 0 0 0 0 0 0 0 
894 9 0 0 0 0 0 0 0 0 0 0 0 
895 9 0 0 0 0 0 0 0 0 0 0 0 
896 9 0 0 0 0 0 0 0 0 0 0 0 
897 9 0 0 0 0 0 0 0 0 0 0 0 
898 9 0 0 0 0 0 0 0 0 0 0 0 
899 9 0 0 0 0 0 0 0 0 0 0 0 
900 9 0 0 0 0 0 0 0 0 0 0 0 
901 9 0 0 0 0 0 0 0 0 0 0 0 
902 9 0 0 0 0 0 0 0 0 0 0 0 
903 9 0 0 0 0 0 0 0 0 0 0 0 
904 9 0 0 0 0 0 0 0 0 0 0 0 
905 9 0 0 0 0 0 0 0 0 0 0 0 
906 9 0 0 0 0 0 0 0 0 0 0 0 
907 9 0 0 0 0 0 0 0 0 0 0 0 
908 9 0 0 0 0 0 0 0 0 0 0 0 
909 9 0 0 0 0 0 0 0 0 0 0 0 
910 9 0 0 0 0 0 0 0 0 0 0 0 
911 9 0 0 0 0 0 0 0 0 0 0 0 
912 9 0 0 0 0 0 0 0 0 0 0 0 
913 9 0 0 0 0 0 0 0 0 0 0 0 
914 9 0 0 0 0 0 0 0 0 0 0 0 
915 9 0 0 0 0 0 0 0 0 0 0 0 
916 9 0 0 0 0 0 0 0 0 0 0 0 
917 9 0 0 0 0 0 0 0 0 0 0 0 
918 9 0 0 0 0 0 0 0 0 0 0 0 
919 9 0 0 0 0 0 0 0 0 0 0 0 
920 9 0 0 0 0 0 0 0 0 0 0 0 
921 9 0 0 0 0 0 0 0 0 0 0 0 
922 9 0 0 0 0 0 0 0 0 0 0 0 
923 9 0 0 0 0 0 0 0 0 0 0 0 
924 9 0 0 0 0 0 0 0 0 0 0 0 
925 9 0 0 0 0 0 0 0 0 0 0 0 
926 9 0 0 0 0 0 0 0 0 0 0 0 
927 9 0 0 0 0 0 0 0 0 0 0 0 
928 9 0 0 0 0 0 0 0 0 0 0 0 
929 9 0 0 0 0 0 0 0 0 0 0 0 
930 9 0 0 0 0 0 0 0 0 0 0 0 
931 9 0 0 0 0 0 0 0 0 0 0 0 
932 9 0 0 0 0 0 0 0 0 0 0 0 
933 9 0 0 0 0 0 0 0 0 0 0 0 
934 9 0 0 0 0 0 0 0 0 0 0 0 
935 9 0 0 0 0 0 0 0 0 0 0 0 
936 9 0 0 0 0 0 0 0 0 0 0 0 
937 9 0 0 0 0 0 0 0 0 0 0 0 
938 9 0 0 0 0 0 0 0 0 0 0 0 
939 9 0 0 0 0 0 0 0 0 0 0 0 
940 9 0 0 0 0 0 0 0 0 0 0 0 
941 9 0 0 0 0 0 0 0 0 0 0 0 
942 9 0 0 0 0 0 0 0 0 0 0 0 
943 9 0 0 0 0 0 0 0 0 0 0 0 
944 9 0 0 0 0 0 0 0 0 0 0 0 
945 9 0 0 0 0 0 0 0 0 0 0 0 
946 9 0 0 0 0 0 0 0 0 0 0 0 
947 9 0 0 0 0 0 0 0 0 0 0 0 
948 9 0 0 0 0 0 0 0 0 0 0 0 
949 9 0 0 0 0 0 0 0 0 0 0 0 
950 9 0 0 0 0 0 0 0 0 0 0 0 
951 9 0 0 0 0 0 0 0 0 0 0 0 
952 9 0 0 0 0 0 0 0 0 0 0 0 
953 9 0 0 0 0 0 0 0 0 0 0 0 
954 9 0 0 0 0 0 0 0 0 0 0 0 
955 9 0 0 0 0 0 0 0 0 0 0 0 
956 9 0 0 0 0 0 0 0 0 0 0 0 
957 9 0 0 0 0 0 0 0 0 0 0 0 
958 9 0 0 0 0 0 0 0 0 0 0 0 
959 9 0 0 0 0 0 0 0 0 0 0 0 
960 9 0 0 0 0 0 0 0 0 0 0 0 
961 9 0 0 0 0 0 0 0 0 0 0 0 
962 9 0 0 0 0 0 0 0 0 0 0 0 
963 9 0 0 0 0 0 0 0 0 0 0 0 
964 9 0 0 0 0 0 0 0 0 0 0 0 
965 9 0 0 0 0 0 0 0 0 0 0 0 
966 9 0 0 0 0 0 0 0 0 0 0 0 
967 9 0 0 0 0 0 0 0 0 0 0 0 
968 9 0 0 0 0 0 0 0 0 0 0 0 
969 9 0 0 0 0 0 0 0 0 0 0 0 
970 9 0 0 0 0 0 0 0 0 0 0 0 
971 9 0 0 0 0 0 0 0 0 0 0 0 
972 9 0 0 0 0 0 0 0 0 0 0 0 
973 9 0 0 0 0 0 0 0 0 0 0 0 
974 9 0 0 0 0 0 0 0 0 0 0 0 
975 9 0 0 0 0 0 0 0 0 0 0 0 
976 9 0 0 0 0 0 0 0 0 0 0 0 
977 9 0 0 0 0 0 0 0 0 0 0 0 
978 9 0 0 0 0 0 0 0 0 0 0 0 
979 9 0 0 0 0 0 0 0 0 0 0 0 
980 9 0 0 0 0 0 0 0 0 0 0 0 
981 9 0 0 0 0 0 0 0 0 0 0 0 
982 9 0 0 0 0 0 0 0 0 0 0 0 
983 9 0 0 0 0 0 0 0 0 0 0 0 
984 9 0 0 0 0 0 0 0 0 0 0 0 
985 9 0 0 0 0 0 0 0 0 0 0 0 
986 9 0 0 0 0 0 0 0 0 0 0 0 
987 9 0 0 0 0 0 0 0 0 0 0 0 
988 9 0 0 0 0 0 0 0 0 0 0 0 
989 9 0 0 0 0 0 0 0 0 0 0 0 
990 9 0 0 0 0 0 0 0 0 0 0 0 
991 9 0 0 0 0 0 0 0 0 0 0 0 
992 9 0 0 0 0 0 0 0 0 0 0 0 
993 9 0 0 0 0 0 0 0 0 0 0 0 
994 9 0 0 0 0 0 0 0 0 0 0 0 
995 9 0 0 0 0 0 0 0 0 0 0 0 
996 9 0 0 0 0 0 0 0 0 0 0 0 
997 9 0 0 0 0 0 0 0 0 0 0 0 
998 9 0 0 0 0 0 0 0 0 0 0 0 
999 9 0 0 0 0 0 0 0 0 0 0 0 
1000 9 0 0 0 0 0 0 0 0 0 0 0 
1001 9 0 0 0 0 0 0 0 0 0 0 0 
1002 9 0 0 0 0 0 0 0 0 0 0 0 
1003 9 0 0 0 0 0 0 0 0 0 0 0 
1004 9 0 0 0 0 0 0 0 0 0 0 0 
1005 9 0 0 0 0 0 0 0 0 0 0 0 
1006 9 0 0 0 0 0 0 0 0 0 0 0 
1007 9 0 0 0 0 0 0 0 0 0 0 0 
1008 9 0 0 0 0 0 0 0 0 0 0 0 
1009 9 0 0 0 0 0 0 0 0 0 0 0 
1010 9 0 0 0 0 0 0 0 0 0 0 0 
1011 9 0 0 0 0 0 0 0 0 0 0 0 
1012 9 0 0 0 0 0 0 0 0 0 0 0 
1013 9 0 0 0 0 0 0 0 0 0 0 0 
1014 9 0 0 0 0 0 0 0 0 0 0 0 
1015 9 0 0 0 0 0 0 0 0 0 0 0 
1016 9 0 0 0 0 0 0 0 0 0 0 0 
1017 9 0 0 0 0 0 0 0 0 0 0 0 
1018 9 0 0 0 0 0 0 0 0 0 0 0 
1019 9 0 0 0 0 0 0 0 0 0 0 0 
1020 9 0 0 0 0 0 0 0 0 0 0 0 
1021 9 0 0 0 0 0 0 0 0 0 0 0 
1022 9 0 0 0 0 0 0 0 0 0 0 0 
1023 10 0 0 0 0 0 0 0 0 0 0 0 
1024 10 0 0 0 0 0 0 0 0 0 0 0 
1025 10 0 0 0 0 0 0 0 0 0 0 0 
1026 10 0 0 0 0 0 0 0 0 0 0 0 
1027 10 0 0 0 0 0 0 0 0 0 0 0 
1028 10 0 0 0 0 0 0 0 0 0 0 0 
1029 10 0 0 0 0 0 0 0 0 0 0 0 
1030 10 0 0 0 0 0 0 0 0 0 0 0 
1031 10 0 0 0 0 0 0 0 0 0 0 0 
1032 10 0 0 0 0 0 0 0 0 0 0 0 
1033 10 0 0 0 0 0 0 0 0 0 0 0 
1034 10 0 0 0 0 0 0 0 0 0 0 0 
1035 10 0 0 0 0 0 0 0 0 0 0 0 
1036 10 0 0 0 0 0 0 0 0 0 0 0 
1037 10 0 0 0 0 0 0 0 0 0 0 0 
1038 10 0 0 0 0 0 0 0 0 0 0 0 
1039 10 0 0 0 0 0 0 0 0 0 0 0 
1040 10 0 0 0 0 0 0 0 0 0 0 0 
1041 10 0 0 0 0 0 0 0 0 0 0 0 
1042 10 0 0 0 0 0 0 0 0 0 0 0 
1043 10 0 0 0 0 0 0 0 0 0 0 0 
1044 10 0 0 0 0 0 0 0 0 0 0 0 
1045 10 0 0 0 0 0 0 0 0 0 0 0 
1046 10 0 0 0 0 0 0 0 0 0 0 0 
1047 10 0 0 0 0 0 0 0 0 0 0 0 
1048 10 0 0 0 0 0 0 0 0 0 0 0 
1049 10 0 0 0 0 0 0 0 0 0 0 0 
1050 10 0 0 0 0 0 0 0 0 0 0 0 
1051 10 0 0 0 0 0 0 0 0 0 0 0 
1052 10 0 0 0 0 0 0 0 0 0 0 0 
1053 10 0 0 0 0 0 0 0 0 0 0 0 
1054 10 0 0 0 0 0 0 0 0 0 0 0 
1055 10 0 0 0 0 0 0 0 0 0 0 0 
1056 10 0 0 0 0 0 0 0 0 0 0 0 
1057 10 0 0 0 0 0 0 0 0 0 0 0 
1058 10 0 0 0 0 0 0 0 0 0 0 0 
1059 10 0 0 0 0 0 0 0 0 0 0 0 
1060 10 0 0 0 0 0 0 0 0 0 0 0 
1061 10 0 0 0 0 0 0 0 0 0 0 0 
1062 10 0 0 0 0 0 0 0 0 0 0 0 
1063 10 0 0 0 0 0 0 0 0 0 0 0 
1064 10 0 0 0 0 0 0 0 0 0 0 0 
1065 10 0 0 0 0 0 0 0 0 0 0 0 
1066 10 0 0 0 0 0 0 0 0 0 0 0 
1067 10 0 0 0 0 0 0 0 0 0 0 0 
1068 10 0 0 0 0 0 0 0 0 0 0 0 
1069 10 0 0 0 0 0 0 0 0 0 0 0 
1070 10 0 0 0 0 0 0 0 0 0 0 0 
1071 10 0 0 0 0 0 0 0 0 0 0 0 
1072 10 0 0 0 0 0 0 0 0 0 0 0 
1073 10 0 0 0 0 0 0 0 0 0 0 0 
1074 10 0 0 0 0 0 0 0 0 0 0 0 
1075 10 0 0 0 0 0 0 0 0 0 0 0 
1076 10 0 0 0 0 0 0 0 0 0 0 0 
1077 10 0 0 0 0 0 0 0 0 0 0 0 
1078 10 0 0 0 0 0 0 0 0 0 0 0 
1079 10 0 0 0 0 0 0 0 0 0 0 0 
1080 10 0 0 0 0 0 0 0 0 0 0 0 
1081 10 0 0 0 0 0 0 0 0 0 0 0 
1082 10 0 0 0 0 0 0 0 0 0 0 0 
1083 10 0 0 0 0 0 0 0 0 0 0 0 
1084 10 0 0 0 0 0 0 0 0 0 0 0 
1085 10 0 0 0 0 0 0 0 0 0 0 0 
1086 10 0 0 0 0 0 0 0 0 0 0 0 
1087 10 0 0 0 0 0 0 0 0 0 0 0 
1088 10 0 0 0 0 0 0 0 0 0 0 0 
1089 10 0 0 0 0 0 0 0 0 0 0 0 
1090 10 0 0 0 0 0 0 0 0 0 0 0 
1091 10 0 0 0 0 0 0 0 0 0 0 0 
1092 10 0 0 0 0 0 0 0 0 0 0 0 
1093 10 0 0 0 0 0 0 0 0 0 0 0 
1094 10 0 0 0 0 0 0 0 0 0 0 0 
1095 10 0 0 0 0 0 0 0 0 0 0 0 
1096 10 0 0 0 0 0 0 0 0 0 0 0 
1097 10 0 0 0 0 0 0 0 0 0 0 0 
1098 10 0 0 0 0 0 0 0 0 0 0 0 
1099 10 0 0 0 0 0 0 0 0 0 0 0 
1100 10 0 0 0 0 0 0 0 0 0 0 0 
1101 10 0 0 0 0 0 0 0 0 0 0 0 
1102 10 0 0 0 0 0 0 0 0 0 0 0 
1103 10 0 0 0 0 0 0 0 0 0 0 0 
1104 10 0 0 0 0 0 0 0 0 0 0 0 
1105 10 0 0 0 0 0 0 0 0 0 0 0 
1106 10 0 0 0 0 0 0 0 0 0 0 0 
1107 10 0 0 0 0 0 0 0 0 0 0 0 
1108 10 0 0 0 0 0 0 0 0 0 0 0 
1109 10 0 0 0 0 0 0 0 0 0 0 0 
1110 10 0 0 0 0 0 0 0 0 0 0 0 
1111 10 0 0 0 0 0 0 0 0 0 0 0 
1112 10 0 0 0 0 0 0 0 0 0 0 0 
1113 10 0 0 0 0 0 0 0 0 0 0 0 
1114 10 0 0 0 0 0 0 0 0 0 0 0 
1115 10 0 0 0 0 0 0 0 0 0 0 0 
1116 10 0 0 0 0 0 0 0 0 0 0 0 
1117 10 0 0 0 0 0 0 0 0 0 0 0 
1118 10 0 0 0 0 0 0 0 0 0 0 0 
1119 10 0 0 0 0 0 0 0 0 0 0 0 
1120 10 0 0 0 0 0 0 0 0 0 0 0 
1121 10 0 0 0 0 0 0 0 0 0 0 0 
1122 10 0 0 0 0 0 0 0 0 0 0 0 
1123 10 0 0 0 0 0 0 0 0 0 0 0 
1124 10 0 0 0 0 0 0 0 0 0 0 0 
1125 10 0 0 0 0 0 0 0 0 0 0 0 
1126 10 0 0 0 0 0 0 0 0 0 0 0 
1127 10 0 0 0 0 0 0 0 0 0 0 0 
1128 10 0 0 0 0 0 0 0 0 0 0 0 
1129 10 0 0 0 0 0 0 0 0 0 0 0 
1130 10 0 0 0 0 0 0 0 0 0 0 0 
1131 10 0 0 0 0 0 0 0 0 0 0 0 
1132 10 0 0 0 0 0 0 0 0 0 0 0 
1133 10 0 0 0 0 0 0 0 0 0 0 0 
1134 10 0 0 0 0 0 0 0 0 0 0 0 
1135 10 0 0 0 0 0 0 0 0 0 0 0 
1136 10 0 0 0 0 0 0 0 0 0 0 0 
1137 10 0 0 0 0 0 0 0 0 0 0 0 
1138 10 0 0 0 0 0 0 0 0 0 0 0 
1139 10 0 0 0 0 0 0 0 0 0 0 0 
1140 10 0 0 0 0 0 0 0 0 0 0 0 
1141 10 0 0 0 0 0 0 0 0 0 0 0 
1142 10 0 0 0 0 0 0 0 0 0 0 0 
1143 10 0 0 0 0 0 0 0 0 0 0 0 
1144 10 0 0 0 0 0 0 0 0 0 0 0 
1145 10 0 0 0 0 0 0 0 0 0 0 0 
1146 10 0 0 0 0 0 0 0 0 0 0 0 
1147 10 0 0 0 0 0 0 0 0 0 0 0 
1148 10 0 0 0 0 0 0 0 0 0 0 0 
1149 10 0 0 0 0 0 0 0 0 0 0 0 
1150 10 0 0 0 0 0 0 0 0 0 0 0 
1151 10 0 0 0 0 0 0 0 0 0 0 0 
1152 10 0 0 0 0 0 0 0 0 0 0 0 
1153 10 13 0 0 0 0 0 0 0 0 0 0 
1154 10 14 0 0 0 0 0 0 0 0 0 0 
1155 10 0 0 0 0 0 0 0 0 0 0 0 
1156 10 0 0 0 0 0 0 0 0 0 0 0 
1157 10 0 0 0 0 0 0 0 0 0 0 0 
1158 10 0 0 0 0 0 0 0 0 0 0 0 
1159 10 16 0 0 0 0 0 0 0 0 0 0 
1160 10 17 0 0 0 0 0 0 0 0 0 0 
1161 10 0 0 0 0 0 0 0 0 0 0 0 
1162 10 0 0 0 0 0 0 0 0 0 0 0 
1163 10 19 0 0 0 0 0 0 0 0 0 0 
1164 10 20 0 0 0 0 0 0 0 0 0 0 
1165 10 21 0 0 0 0 0 0 0 0 0 0 
1166 10 22 0 0 0 0 0 0 0 0 0 0 
1167 10 23 0 0 0 0 0 0 0 0 0 0 
1168 10 24 0 0 0 0 0 0 0 0 0 0 
1169 10 0 0 0 0 0 0 0 0 0 0 0 
1170 10 0 0 0 0 0 0 0 0 0 0 0 
1171 10 26 0 0 0 0 0 0 0 0 0 0 
1172 10 27 0 0 0 0 0 0 0 0 0 0 
1173 10 28 0 0 0 0 0 0 0 0 0 0 
1174 10 29 0 0 0 0 0 0 0 0 0 0 
1175 10 0 0 0 0 0 0 0 0 0 0 0 
1176 10 0 0 0 0 0 0 0 0 0 0 0 
1177 10 0 0 0 0 0 0 0 0 0 0 0 
1178 10 0 0 0 0 0 0 0 0 0 0 0 
1179 10 0 0 0 0 0 0 0 0 0 0 0 
1180 10 0 0 0 0 0 0 0 0 0 0 0 
1181 10 0 0 0 0 0 0 0 0 0 0 0 
1182 10 0 0 0 0 0 0 0 0 0 0 0 
1183 10 0 0 0 0 0 0 0 0 0 0 0 
1184 10 0 0 0 0 0 0 0 0 0 0 0 
1185 10 0 0 0 0 0 0 0 0 0 0 0 
1186 10 0 0 0 0 0 0 0 0 0 0 0 
1187 10 0 0 0 0 0 0 0 0 0 0 0 
1188 10 0 0 0 0 0 0 0 0 0 0 0 
1189 10 0 0 0 0 0 0 0 0 0 0 0 
1190 10 0 0 0 0 0 0 0 0 0 0 0 
1191 10 0 0 0 0 0 0 0 0 0 0 0 
1192 10 0 0 0 0 0 0 0 0 0 0 0 
1193 10 0 0 0 0 0 0 0 0 0 0 0 
1194 10 0 0 0 0 0 0 0 0 0 0 0 
1195 10 0 0 0 0 0 0 0 0 0 0 0 
1196 10 0 0 0 0 0 0 0 0 0 0 0 
1197 10 0 0 0 0 0 0 0 0 0 0 0 
1198 10 0 0 0 0 0 0 0 0 0 0 0 
1199 10 0 0 0 0 0 0 0 0 0 0 0 
1200 10 0 0 0 0 0 0 0 0 0 0 0 
1201 10 0 0 0 0 0 0 0 0 0 0 0 
1202 10 0 0 0 0 0 0 0 0 0 0 0 
1203 10 0 0 0 0 0 0 0 0 0 0 0 
1204 10 0 0 0 0 0 0 0 0 0 0 0 
1205 10 0 0 0 0 0 0 0 0 0 0 0 
1206 10 0 0 0 0 0 0 0 0 0 0 0 
1207 10 0 0 0 0 0 0 0 0 0 0 0 
1208 10 0 0 0 0 0 0 0 0 0 0 0 
1209 10 0 0 0 0 0 0 0 0 0 0 0 
1210 10 0 0 0 0 0 0 0 0 0 0 0 
1211 10 0 0 0 0 0 0 0 0 0 0 0 
1212 10 0 0 0 0 0 0 0 0 0 0 0 
1213 10 43 0 0 0 0 0 0 0 0 0 0 
1214 10 44 0 0 0 0 0 0 0 0 0 0 
1215 10 0 0 0 0 0 0 0 0 0 0 0 
1216 10 0 0 0 0 0 0 0 0 0 0 0 
1217 10 0 0 0 0 0 0 0 0 0 0 0 
1218 10 0 0 0 0 0 0 0 0 0 0 0 
1219 10 0 0 0 0 0 0 0 0 0 0 0 
1220 10 0 0 0 0 0 0 0 0 0 0 0 
1221 10 0 0 0 0 0 0 0 0 0 0 0 
1222 10 0 0 0 0 0 0 0 0 0 0 0 
1223 10 0 0 0 0 0 0 0 0 0 0 0 
1224 10 0 0 0 0 0 0 0 0 0 0 0 
1225 10 0 0 0 0 0 0 0 0 0 0 0 
1226 10 0 0 0 0 0 0 0 0 0 0 0 
1227 10 0 0 0 0 0 0 0 0 0 0 0 
1228 10 0 0 0 0 0 0 0 0 0 0 0 
1229 10 0 0 0 0 0 0 0 0 0 0 0 
1230 10 0 0 0 0 0 0 0 0 0 0 0 
1231 10 0 0 0 0 0 0 0 0 0 0 0 
1232 10 0 0 0 0 0 0 0 0 0 0 0 
1233 10 0 0 0 0 0 0 0 0 0 0 0 
1234 10 0 0 0 0 0 0 0 0 0 0 0 
1235 10 0 0 0 0 0 0 0 0 0 0 0 
1236 10 0 0 0 0 0 0 0 0 0 0 0 
1237 10 0 0 0 0 0 0 0 0 0 0 0 
1238 10 0 0 0 0 0 0 0 0 0 0 0 
1239 10 0 0 0 0 0 0 0 0 0 0 0 
1240 10 0 0 0 0 0 0 0 0 0 0 0 
1241 10 0 0 0 0 0 0 0 0 0 0 0 
1242 10 0 0 0 0 0 0 0 0 0 0 0 
1243 10 0 0 0 0 0 0 0 0 0 0 0 
1244 10 0 0 0 0 0 0 0 0 0 0 0 
1245 10 0 0 0 0 0 0 0 0 0 0 0 
1246 10 0 0 0 0 0 0 0 0 0 0 0 
1247 10 0 0 0 0 0 0 0 0 0 0 0 
1248 10 0 0 0 0 0 0 0 0 0 0 0 
1249 10 0 0 0 0 0 0 0 0 0 0 0 
1250 10 0 0 0 0 0 0 0 0 0 0 0 
1251 10 0 0 0 0 0 0 0 0 0 0 0 
1252 10 0 0 0 0 0 0 0 0 0 0 0 
1253 10 0 0 0 0 0 0 0 0 0 0 0 
1254 10 0 0 0 0 0 0 0 0 0 0 0 
1255 10 0 0 0 0 0 0 0 0 0 0 0 
1256 10 0 0 0 0 0 0 0 0 0 0 0 
1257 10 0 0 0 0 0 0 0 0 0 0 0 
1258 10 0 0 0 0 0 0 0 0 0 0 0 
1259 10 0 0 0 0 0 0 0 0 0 0 0 
1260 10 0 0 0 0 0 0 0 0 0 0 0 
1261 10 0 0 0 0 0 0 0 0 0 0 0 
1262 10 0 0 0 0 0 0 0 0 0 0 0 
1263 10 0 0 0 0 0 0 0 0 0 0 0 
1264 10 0 0 0 0 0 0 0 0 0 0 0 
1265 10 0 0 0 0 0 0 0 0 0 0 0 
1266 10 0 0 0 0 0 0 0 0 0 0 0 
1267 10 0 0 0 0 0 0 0 0 0 0 0 
1268 10 0 0 0 0 0 0 0 0 0 0 0 
1269 10 0 0 0 0 0 0 0 0 0 0 0 
1270 10 0 0 0 0 0 0 0 0 0 0 0 
1271 10 0 0 0 0 0 0 0 0 0 0 0 
1272 10 0 0 0 0 0 0 0 0 0 0 0 
1273 10 0 0 0 0 0 0 0 0 0 0 0 
1274 10 0 0 0 0 0 0 0 0 0 0 0 
1275 10 0 0 0 0 0 0 0 0 0 0 0 
1276 10 0 0 0 0 0 0 0 0 0 0 0 
1277 10 0 0 0 0 0 0 0 0 0 0 0 
1278 10 0 0 0 0 0 0 0 0 0 0 0 
1279 10 0 0 0 0 0 0 0 0 0 0 0 
1280 10 0 0 0 0 0 0 0 0 0 0 0 
1281 10 0 0 0 0 0 0 0 0 0 0 0 
1282 10 0 0 0 0 0 0 0 0 0 0 0 
1283 10 0 0 0 0 0 0 0 0 0 0 0 
1284 10 0 0 0 0 0 0 0 0 0 0 0 
1285 10 0 0 0 0 0 0 0 0 0 0 0 
1286 10 0 0 0 0 0 0 0 0 0 0 0 
1287 10 0 0 0 0 0 0 0 0 0 0 0 
1288 10 0 0 0 0 0 0 0 0 0 0 0 
1289 10 0 0 0 0 0 0 0 0 0 0 0 
1290 10 0 0 0 0 0 0 0 0 0 0 0 
1291 10 0 0 0 0 0 0 0 0 0 0 0 
1292 10 0 0 0 0 0 0 0 0 0 0 0 
1293 10 0 0 0 0 0 0 0 0 0 0 0 
1294 10 0 0 0 0 0 0 0 0 0 0 0 
1295 10 0 0 0 0 0 0 0 0 0 0 0 
1296 10 0 0 0 0 0 0 0 0 0 0 0 
1297 10 0 0 0 0 0 0 0 0 0 0 0 
1298 10 0 0 0 0 0 0 0 0 0 0 0 
1299 10 0 0 0 0 0 0 0 0 0 0 0 
1300 10 0 0 0 0 0 0 0 0 0 0 0 
1301 10 0 0 0 0 0 0 0 0 0 0 0 
1302 10 0 0 0 0 0 0 0 0 0 0 0 
1303 10 0 0 0 0 0 0 0 0 0 0 0 
1304 10 0 0 0 0 0 0 0 0 0 0 0 
1305 10 0 0 0 0 0 0 0 0 0 0 0 
1306 10 0 0 0 0 0 0 0 0 0 0 0 
1307 10 0 0 0 0 0 0 0 0 0 0 0 
1308 10 0 0 0 0 0 0 0 0 0 0 0 
1309 10 0 0 0 0 0 0 0 0 0 0 0 
1310 10 0 0 0 0 0 0 0 0 0 0 0 
1311 10 0 0 0 0 0 0 0 0 0 0 0 
1312 10 0 0 0 0 0 0 0 0 0 0 0 
1313 10 0 0 0 0 0 0 0 0 0 0 0 
1314 10 0 0 0 0 0 0 0 0 0 0 0 
1315 10 0 0 0 0 0 0 0 0 0 0 0 
1316 10 0 0 0 0 0 0 0 0 0 0 0 
1317 10 0 0 0 0 0 0 0 0 0 0 0 
1318 10 0 0 0 0 0 0 0 0 0 0 0 
1319 10 0 0 0 0 0 0 0 0 0 0 0 
1320 10 0 0 0 0 0 0 0 0 0 0 0 
1321 10 0 0 0 0 0 0 0 0 0 0 0 
1322 10 0 0 0 0 0 0 0 0 0 0 0 
1323 10 0 0 0 0 0 0 0 0 0 0 0 
1324 10 0 0 0 0 0 0 0 0 0 0 0 
1325 10 0 0 0 0 0 0 0 0 0 0 0 
1326 10 0 0 0 0 0 0 0 0 0 0 0 
1327 10 0 0 0 0 0 0 0 0 0 0 0 
1328 10 0 0 0 0 0 0 0 0 0 0 0 
1329 10 0 0 0 0 0 0 0 0 0 0 0 
1330 10 0 0 0 0 0 0 0 0 0 0 0 
1331 10 0 0 0 0 0 0 0 0 0 0 0 
1332 10 0 0 0 0 0 0 0 0 0 0 0 
1333 10 0 0 0 0 0 0 0 0 0 0 0 
1334 10 0 0 0 0 0 0 0 0 0 0 0 
1335 10 0 0 0 0 0 0 0 0 0 0 0 
1336 10 0 0 0 0 0 0 0 0 0 0 0 
1337 10 0 0 0 0 0 0 0 0 0 0 0 
1338 10 0 0 0 0 0 0 0 0 0 0 0 
1339 10 0 0 0 0 0 0 0 0 0 0 0 
1340 10 0 0 0 0 0 0 0 0 0 0 0 
1341 10 0 0 0 0 0 0 0 0 0 0 0 
1342 10 0 0 0 0 0 0 0 0 0 0 0 
1343 10 0 0 0 0 0 0 0 0 0 0 0 
1344 10 0 0 0 0 0 0 0 0 0 0 0 
1345 10 0 0 0 0 0 0 0 0 0 0 0 
1346 10 0 0 0 0 0 0 0 0 0 0 0 
1347 10 0 0 0 0 0 0 0 0 0 0 0 
1348 10 0 0 0 0 0 0 0 0 0 0 0 
1349 10 58 0 0 0 0 0 0 0 0 0 0 
1350 10 59 0 0 0 0 0 0 0 0 0 0 
1351 10 0 0 0 0 0 0 0 0 0 0 0 
1352 10 0 0 0 0 0 0 0 0 0 0 0 
1353 10 0 0 0 0 0 0 0 0 0 0 0 
1354 10 0 0 0 0 0 0 0 0 0 0 0 
1355 10 0 0 0 0 0 0 0 0 0 0 0 
1356 10 0 0 0 0 0 0 0 0 0 0 0 
1357 10 0 0 0 0 0 0 0 0 0 0 0 
1358 10 0 0 0 0 0 0 0 0 0 0 0 
1359 10 0 0 0 0 0 0 0 0 0 0 0 
1360 10 0 0 0 0 0 0 0 0 0 0 0 
1361 10 0 0 0 0 0 0 0 0 0 0 0 
1362 10 0 0 0 0 0 0 0 0 0 0 0 
1363 10 0 0 0 0 0 0 0 0 0 0 0 
1364 10 0 0 0 0 0 0 0 0 0 0 0 
1365 10 0 0 0 0 0 0 0 0 0 0 0 
1366 10 0 0 0 0 0 0 0 0 0 0 0 
1367 10 0 0 0 0 0 0 0 0 0 0 0 
1368 10 0 0 0 0 0 0 0 0 0 0 0 
1369 10 65 0 0 0 0 0 0 0 0 0 0 
1370 10 66 0 0 0 0 0 0 0 0 0 0 
1371 10 67 0 0 0 0 0 0 0 0 0 0 
1372 10 68 0 0 0 0 0 0 0 0 0 0 
1373 10 69 0 0 0 0 0 0 0 0 0 0 
1374 10 70 0 0 0 0 0 0 0 0 0 0 
1375 10 71 0 0 0 0 0 0 0 0 0 0 
1376 10 72 0 0 0 0 0 0 0 0 0 0 
1377 10 0 0 0 0 0 0 0 0 0 0 0 
1378 10 0 0 0 0 0 0 0 0 0 0 0 
1379 10 0 0 0 0 0 0 0 0 0 0 0 
1380 10 0 0 0 0 0 0 0 0 0 0 0 
1381 10 0 0 0 0 0 0 0 0 0 0 0 
1382 10 0 0 0 0 0 0 0 0 0 0 0 
1383 10 0 0 0 0 0 0 0 0 0 0 0 
1384 10 0 0 0 0 0 0 0 0 0 0 0 
1385 10 0 0 0 0 0 0 0 0 0 0 0 
1386 10 0 0 0 0 0 0 0 0 0 0 0 
1387 10 0 0 0 0 0 0 0 0 0 0 0 
1388 10 0 0 0 0 0 0 0 0 0 0 0 
1389 10 0 0 0 0 0 0 0 0 0 0 0 
1390 10 0 0 0 0 0 0 0 0 0 0 0 
1391 10 0 0 0 0 0 0 0 0 0 0 0 
1392 10 0 0 0 0 0 0 0 0 0 0 0 
1393 10 0 0 0 0 0 0 0 0 0 0 0 
1394 10 0 0 0 0 0 0 0 0 0 0 0 
1395 10 0 0 0 0 0 0 0 0 0 0 0 
1396 10 0 0 0 0 0 0 0 0 0 0 0 
1397 10 0 0 0 0 0 0 0 0 0 0 0 
1398 10 0 0 0 0 0 0 0 0 0 0 0 
1399 10 0 0 0 0 0 0 0 0 0 0 0 
1400 10 0 0 0 0 0 0 0 0 0 0 0 
1401 10 0 0 0 0 0 0 0 0 0 0 0 
1402 10 0 0 0 0 0 0 0 0 0 0 0 
1403 10 0 0 0 0 0 0 0 0 0 0 0 
1404 10 0 0 0 0 0 0 0 0 0 0 0 
1405 10 0 0 0 0 0 0 0 0 0 0 0 
1406 10 0 0 0 0 0 0 0 0 0 0 0 
1407 10 0 0 0 0 0 0 0 0 0 0 0 
1408 10 0 0 0 0 0 0 0 0 0 0 0 
1409 10 0 0 0 0 0 0 0 0 0 0 0 
1410 10 0 0 0 0 0 0 0 0 0 0 0 
1411 10 0 0 0 0 0 0 0 0 0 0 0 
1412 10 0 0 0 0 0 0 0 0 0 0 0 
1413 10 0 0 0 0 0 0 0 0 0 0 0 
1414 10 0 0 0 0 0 0 0 0 0 0 0 
1415 10 0 0 0 0 0 0 0 0 0 0 0 
1416 10 0 0 0 0 0 0 0 0 0 0 0 
1417 10 0 0 0 0 0 0 0 0 0 0 0 
1418 10 0 0 0 0 0 0 0 0 0 0 0 
1419 10 0 0 0 0 0 0 0 0 0 0 0 
1420 10 0 0 0 0 0 0 0 0 0 0 0 
1421 10 0 0 0 0 0 0 0 0 0 0 0 
1422 10 0 0 0 0 0 0 0 0 0 0 0 
1423 10 0 0 0 0 0 0 0 0 0 0 0 
1424 10 0 0 0 0 0 0 0 0 0 0 0 
1425 10 0 0 0 0 0 0 0 0 0 0 0 
1426 10 0 0 0 0 0 0 0 0 0 0 0 
1427 10 0 0 0 0 0 0 0 0 0 0 0 
1428 10 0 0 0 0 0 0 0 0 0 0 0 
1429 10 0 0 0 0 0 0 0 0 0 0 0 
1430 10 0 0 0 0 0 0 0 0 0 0 0 
1431 10 0 0 0 0 0 0 0 0 0 0 0 
1432 10 0 0 0 0 0 0 0 0 0 0 0 
1433 10 0 0 0 0 0 0 0 0 0 0 0 
1434 10 0 0 0 0 0 0 0 0 0 0 0 
1435 10 0 0 0 0 0 0 0 0 0 0 0 
1436 10 0 0 0 0 0 0 0 0 0 0 0 
1437 10 0 0 0 0 0 0 0 0 0 0 0 
1438 10 0 0 0 0 0 0 0 0 0 0 0 
1439 10 0 0 0 0 0 0 0 0 0 0 0 
1440 10 0 0 0 0 0 0 0 0 0 0 0 
1441 10 0 0 0 0 0 0 0 0 0 0 0 
1442 10 0 0 0 0 0 0 0 0 0 0 0 
1443 10 0 0 0 0 0 0 0 0 0 0 0 
1444 10 0 0 0 0 0 0 0 0 0 0 0 
1445 10 0 0 0 0 0 0 0 0 0 0 0 
1446 10 0 0 0 0 0 0 0 0 0 0 0 
1447 10 0 0 0 0 0 0 0 0 0 0 0 
1448 10 0 0 0 0 0 0 0 0 0 0 0 
1449 10 0 0 0 0 0 0 0 0 0 0 0 
1450 10 0 0 0 0 0 0 0 0 0 0 0 
1451 10 0 0 0 0 0 0 0 0 0 0 0 
1452 10 0 0 0 0 0 0 0 0 0 0 0 
1453 10 0 0 0 0 0 0 0 0 0 0 0 
1454 10 0 0 0 0 0 0 0 0 0 0 0 
1455 10 0 0 0 0 0 0 0 0 0 0 0 
1456 10 0 0 0 0 0 0 0 0 0 0 0 
1457 10 0 0 0 0 0 0 0 0 0 0 0 
1458 10 0 0 0 0 0 0 0 0 0 0 0 
1459 10 0 0 0 0 0 0 0 0 0 0 0 
1460 10 0 0 0 0 0 0 0 0 0 0 0 
1461 10 0 0 0 0 0 0 0 0 0 0 0 
1462 10 0 0 0 0 0 0 0 0 0 0 0 
1463 10 0 0 0 0 0 0 0 0 0 0 0 
1464 10 0 0 0 0 0 0 0 0 0 0 0 
1465 10 0 0 0 0 0 0 0 0 0 0 0 
1466 10 0 0 0 0 0 0 0 0 0 0 0 
1467 10 0 0 0 0 0 0 0 0 0 0 0 
1468 10 0 0 0 0 0 0 0 0 0 0 0 
1469 10 0 0 0 0 0 0 0 0 0 0 0 
1470 10 0 0 0 0 0 0 0 0 0 0 0 
1471 10 0 0 0 0 0 0 0 0 0 0 0 
1472 10 0 0 0 0 0 0 0 0 0 0 0 
1473 10 0 0 0 0 0 0 0 0 0 0 0 
1474 10 0 0 0 0 0 0 0 0 0 0 0 
1475 10 0 0 0 0 0 0 0 0 0 0 0 
1476 10 0 0 0 0 0 0 0 0 0 0 0 
1477 10 0 0 0 0 0 0 0 0 0 0 0 
1478 10 0 0 0 0 0 0 0 0 0 0 0 
1479 10 0 0 0 0 0 0 0 0 0 0 0 
1480 10 0 0 0 0 0 0 0 0 0 0 0 
1481 10 0 0 0 0 0 0 0 0 0 0 0 
1482 10 0 0 0 0 0 0 0 0 0 0 0 
1483 10 0 0 0 0 0 0 0 0 0 0 0 
1484 10 0 0 0 0 0 0 0 0 0 0 0 
1485 10 0 0 0 0 0 0 0 0 0 0 0 
1486 10 0 0 0 0 0 0 0 0 0 0 0 
1487 10 0 0 0 0 0 0 0 0 0 0 0 
1488 10 0 0 0 0 0 0 0 0 0 0 0 
1489 10 0 0 0 0 0 0 0 0 0 0 0 
1490 10 0 0 0 0 0 0 0 0 0 0 0 
1491 10 0 0 0 0 0 0 0 0 0 0 0 
1492 10 0 0 0 0 0 0 0 0 0 0 0 
1493 10 0 0 0 0 0 0 0 0 0 0 0 
1494 10 0 0 0 0 0 0 0 0 0 0 0 
1495 10 0 0 0 0 0 0 0 0 0 0 0 
1496 10 0 0 0 0 0 0 0 0 0 0 0 
1497 10 0 0 0 0 0 0 0 0 0 0 0 
1498 10 0 0 0 0 0 0 0 0 0 0 0 
1499 10 0 0 0 0 0 0 0 0 0 0 0 
1500 10 0 0 0 0 0 0 0 0 0 0 0 
1501 10 0 0 0 0 0 0 0 0 0 0 0 
1502 10 0 0 0 0 0 0 0 0 0 0 0 
1503 10 0 0 0 0 0 0 0 0 0 0 0 
1504 10 0 0 0 0 0 0 0 0 0 0 0 
1505 10 0 0 0 0 0 0 0 0 0 0 0 
1506 10 0 0 0 0 0 0 0 0 0 0 0 
1507 10 0 0 0 0 0 0 0 0 0 0 0 
1508 10 0 0 0 0 0 0 0 0 0 0 0 
1509 10 0 0 0 0 0 0 0 0 0 0 0 
1510 10 0 0 0 0 0 0 0 0 0 0 0 
1511 10 0 0 0 0 0 0 0 0 0 0 0 
1512 10 0 0 0 0 0 0 0 0 0 0 0 
1513 10 0 0 0 0 0 0 0 0 0 0 0 
1514 10 0 0 0 0 0 0 0 0 0 0 0 
1515 10 0 0 0 0 0 0 0 0 0 0 0 
1516 10 0 0 0 0 0 0 0 0 0 0 0 
1517 10 0 0 0 0 0 0 0 0 0 0 0 
1518 10 0 0 0 0 0 0 0 0 0 0 0 
1519 10 0 0 0 0 0 0 0 0 0 0 0 
1520 10 0 0 0 0 0 0 0 0 0 0 0 
1521 10 0 0 0 0 0 0 0 0 0 0 0 
1522 10 0 0 0 0 0 0 0 0 0 0 0 
1523 10 0 0 0 0 0 0 0 0 0 0 0 
1524 10 0 0 0 0 0 0 0 0 0 0 0 
1525 10 0 0 0 0 0 0 0 0 0 0 0 
1526 10 0 0 0 0 0 0 0 0 0 0 0 
1527 10 0 0 0 0 0 0 0 0 0 0 0 
1528 10 0 0 0 0 0 0 0 0 0 0 0 
1529 10 0 0 0 0 0 0 0 0 0 0 0 
1530 10 0 0 0 0 0 0 0 0 0 0 0 
1531 10 0 0 0 0 0 0 0 0 0 0 0 
1532 10 0 0 0 0 0 0 0 0 0 0 0 
1533 10 0 0 0 0 0 0 0 0 0 0 0 
1534 10 0 0 0 0 0 0 0 0 0 0 0 
1535 10 0 0 0 0 0 0 0 0 0 0 0 
1536 10 0 0 0 0 0 0 0 0 0 0 0 
1537 10 0 0 0 0 0 0 0 0 0 0 0 
1538 10 0 0 0 0 0 0 0 0 0 0 0 
1539 10 0 0 0 0 0 0 0 0 0 0 0 
1540 10 0 0 0 0 0 0 0 0 0 0 0 
1541 10 0 0 0 0 0 0 0 0 0 0 0 
1542 10 0 0 0 0 0 0 0 0 0 0 0 
1543 10 0 0 0 0 0 0 0 0 0 0 0 
1544 10 0 0 0 0 0 0 0 0 0 0 0 
1545 10 0 0 0 0 0 0 0 0 0 0 0 
1546 10 0 0 0 0 0 0 0 0 0 0 0 
1547 10 0 0 0 0 0 0 0 0 0 0 0 
1548 10 0 0 0 0 0 0 0 0 0 0 0 
1549 10 0 0 0 0 0 0 0 0 0 0 0 
1550 10 0 0 0 0 0 0 0 0 0 0 0 
1551 10 0 0 0 0 0 0 0 0 0 0 0 
1552 10 0 0 0 0 0 0 0 0 0 0 0 
1553 10 0 0 0 0 0 0 0 0 0 0 0 
1554 10 0 0 0 0 0 0 0 0 0 0 0 
1555 10 0 0 0 0 0 0 0 0 0 0 0 
1556 10 0 0 0 0 0 0 0 0 0 0 0 
1557 10 0 0 0 0 0 0 0 0 0 0 0 
1558 10 0 0 0 0 0 0 0 0 0 0 0 
1559 10 0 0 0 0 0 0 0 0 0 0 0 
1560 10 0 0 0 0 0 0 0 0 0 0 0 
1561 10 0 0 0 0 0 0 0 0 0 0 0 
1562 10 0 0 0 0 0 0 0 0 0 0 0 
1563 10 0 0 0 0 0 0 0 0 0 0 0 
1564 10 0 0 0 0 0 0 0 0 0 0 0 
1565 10 0 0 0 0 0 0 0 0 0 0 0 
1566 10 0 0 0 0 0 0 0 0 0 0 0 
1567 10 0 0 0 0 0 0 0 0 0 0 0 
1568 10 0 0 0 0 0 0 0 0 0 0 0 
1569 10 0 0 0 0 0 0 0 0 0 0 0 
1570 10 0 0 0 0 0 0 0 0 0 0 0 
1571 10 0 0 0 0 0 0 0 0 0 0 0 
1572 10 0 0 0 0 0 0 0 0 0 0 0 
1573 10 0 0 0 0 0 0 0 0 0 0 0 
1574 10 0 0 0 0 0 0 0 0 0 0 0 
1575 10 0 0 0 0 0 0 0 0 0 0 0 
1576 10 0 0 0 0 0 0 0 0 0 0 0 
1577 10 0 0 0 0 0 0 0 0 0 0 0 
1578 10 0 0 0 0 0 0 0 0 0 0 0 
1579 10 0 0 0 0 0 0 0 0 0 0 0 
1580 10 0 0 0 0 0 0 0 0 0 0 0 
1581 10 0 0 0 0 0 0 0 0 0 0 0 
1582 10 0 0 0 0 0 0 0 0 0 0 0 
1583 10 0 0 0 0 0 0 0 0 0 0 0 
1584 10 0 0 0 0 0 0 0 0 0 0 0 
1585 10 0 0 0 0 0 0 0 0 0 0 0 
1586 10 0 0 0 0 0 0 0 0 0 0 0 
1587 10 0 0 0 0 0 0 0 0 0 0 0 
1588 10 0 0 0 0 0 0 0 0 0 0 0 
1589 10 0 0 0 0 0 0 0 0 0 0 0 
1590 10 0 0 0 0 0 0 0 0 0 0 0 
1591 10 0 0 0 0 0 0 0 0 0 0 0 
1592 10 0 0 0 0 0 0 0 0 0 0 0 
1593 10 0 0 0 0 0 0 0 0 0 0 0 
1594 10 0 0 0 0 0 0 0 0 0 0 0 
1595 10 0 0 0 0 0 0 0 0 0 0 0 
1596 10 0 0 0 0 0 0 0 0 0 0 0 
1597 10 0 0 0 0 0 0 0 0 0 0 0 
1598 10 0 0 0 0 0 0 0 0 0 0 0 
1599 10 0 0 0 0 0 0 0 0 0 0 0 
1600 10 0 0 0 0 0 0 0 0 0 0 0 
1601 10 0 0 0 0 0 0 0 0 0 0 0 
1602 10 0 0 0 0 0 0 0 0 0 0 0 
1603 10 0 0 0 0 0 0 0 0 0 0 0 
1604 10 0 0 0 0 0 0 0 0 0 0 0 
1605 10 0 0 0 0 0 0 0 0 0 0 0 
1606 10 0 0 0 0 0 0 0 0 0 0 0 
1607 10 0 0 0 0 0 0 0 0 0 0 0 
1608 10 0 0 0 0 0 0 0 0 0 0 0 
1609 10 0 0 0 0 0 0 0 0 0 0 0 
1610 10 0 0 0 0 0 0 0 0 0 0 0 
1611 10 0 0 0 0 0 0 0 0 0 0 0 
1612 10 0 0 0 0 0 0 0 0 0 0 0 
1613 10 0 0 0 0 0 0 0 0 0 0 0 
1614 10 0 0 0 0 0 0 0 0 0 0 0 
1615 10 0 0 0 0 0 0 0 0 0 0 0 
1616 10 0 0 0 0 0 0 0 0 0 0 0 
1617 10 0 0 0 0 0 0 0 0 0 0 0 
1618 10 0 0 0 0 0 0 0 0 0 0 0 
1619 10 0 0 0 0 0 0 0 0 0 0 0 
1620 10 0 0 0 0 0 0 0 0 0 0 0 
1621 10 0 0 0 0 0 0 0 0 0 0 0 
1622 10 0 0 0 0 0 0 0 0 0 0 0 
1623 10 0 0 0 0 0 0 0 0 0 0 0 
1624 10 0 0 0 0 0 0 0 0 0 0 0 
1625 10 0 0 0 0 0 0 0 0 0 0 0 
1626 10 0 0 0 0 0 0 0 0 0 0 0 
1627 10 0 0 0 0 0 0 0 0 0 0 0 
1628 10 0 0 0 0 0 0 0 0 0 0 0 
1629 10 0 0 0 0 0 0 0 0 0 0 0 
1630 10 0 0 0 0 0 0 0 0 0 0 0 
1631 10 0 0 0 0 0 0 0 0 0 0 0 
1632 10 0 0 0 0 0 0 0 0 0 0 0 
1633 10 0 0 0 0 0 0 0 0 0 0 0 
1634 10 0 0 0 0 0 0 0 0 0 0 0 
1635 10 0 0 0 0 0 0 0 0 0 0 0 
1636 10 0 0 0 0 0 0 0 0 0 0 0 
1637 10 0 0 0 0 0 0 0 0 0 0 0 
1638 10 0 0 0 0 0 0 0 0 0 0 0 
1639 10 0 0 0 0 0 0 0 0 0 0 0 
1640 10 0 0 0 0 0 0 0 0 0 0 0 
1641 10 0 0 0 0 0 0 0 0 0 0 0 
1642 10 0 0 0 0 0 0 0 0 0 0 0 
1643 10 0 0 0 0 0 0 0 0 0 0 0 
1644 10 0 0 0 0 0 0 0 0 0 0 0 
1645 10 0 0 0 0 0 0 0 0 0 0 0 
1646 10 0 0 0 0 0 0 0 0 0 0 0 
1647 10 0 0 0 0 0 0 0 0 0 0 0 
1648 10 0 0 0 0 0 0 0 0 0 0 0 
1649 10 0 0 0 0 0 0 0 0 0 0 0 
1650 10 0 0 0 0 0 0 0 0 0 0 0 
1651 10 0 0 0 0 0 0 0 0 0 0 0 
1652 10 0 0 0 0 0 0 0 0 0 0 0 
1653 10 0 0 0 0 0 0 0 0 0 0 0 
1654 10 0 0 0 0 0 0 0 0 0 0 0 
1655 10 0 0 0 0 0 0 0 0 0 0 0 
1656 10 0 0 0 0 0 0 0 0 0 0 0 
1657 10 0 0 0 0 0 0 0 0 0 0 0 
1658 10 0 0 0 0 0 0 0 0 0 0 0 
1659 10 0 0 0 0 0 0 0 0 0 0 0 
1660 10 0 0 0 0 0 0 0 0 0 0 0 
1661 10 0 0 0 0 0 0 0 0 0 0 0 
1662 10 0 0 0 0 0 0 0 0 0 0 0 
1663 10 0 0 0 0 0 0 0 0 0 0 0 
1664 10 0 0 0 0 0 0 0 0 0 0 0 
1665 10 0 0 0 0 0 0 0 0 0 0 0 
1666 10 0 0 0 0 0 0 0 0 0 0 0 
1667 10 0 0 0 0 0 0 0 0 0 0 0 
1668 10 0 0 0 0 0 0 0 0 0 0 0 
1669 10 0 0 0 0 0 0 0 0 0 0 0 
1670 10 0 0 0 0 0 0 0 0 0 0 0 
1671 10 0 0 0 0 0 0 0 0 0 0 0 
1672 10 0 0 0 0 0 0 0 0 0 0 0 
1673 10 0 0 0 0 0 0 0 0 0 0 0 
1674 10 0 0 0 0 0 0 0 0 0 0 0 
1675 10 0 0 0 0 0 0 0 0 0 0 0 
1676 10 0 0 0 0 0 0 0 0 0 0 0 
1677 10 0 0 0 0 0 0 0 0 0 0 0 
1678 10 0 0 0 0 0 0 0 0 0 0 0 
1679 10 0 0 0 0 0 0 0 0 0 0 0 
1680 10 0 0 0 0 0 0 0 0 0 0 0 
1681 10 0 0 0 0 0 0 0 0 0 0 0 
1682 10 0 0 0 0 0 0 0 0 0 0 0 
1683 10 0 0 0 0 0 0 0 0 0 0 0 
1684 10 0 0 0 0 0 0 0 0 0 0 0 
1685 10 0 0 0 0 0 0 0 0 0 0 0 
1686 10 0 0 0 0 0 0 0 0 0 0 0 
1687 10 0 0 0 0 0 0 0 0 0 0 0 
1688 10 0 0 0 0 0 0 0 0 0 0 0 
1689 10 0 0 0 0 0 0 0 0 0 0 0 
1690 10 0 0 0 0 0 0 0 0 0 0 0 
1691 10 0 0 0 0 0 0 0 0 0 0 0 
1692 10 0 0 0 0 0 0 0 0 0 0 0 
1693 10 0 0 0 0 0 0 0 0 0 0 0 
1694 10 0 0 0 0 0 0 0 0 0 0 0 
1695 10 0 0 0 0 0 0 0 0 0 0 0 
1696 10 0 0 0 0 0 0 0 0 0 0 0 
1697 10 0 0 0 0 0 0 0 0 0 0 0 
1698 10 0 0 0 0 0 0 0 0 0 0 0 
1699 10 0 0 0 0 0 0 0 0 0 0 0 
1700 10 0 0 0 0 0 0 0 0 0 0 0 
1701 10 0 0 0 0 0 0 0 0 0 0 0 
1702 10 0 0 0 0 0 0 0 0 0 0 0 
1703 10 0 0 0 0 0 0 0 0 0 0 0 
1704 10 0 0 0 0 0 0 0 0 0 0 0 
1705 10 0 0 0 0 0 0 0 0 0 0 0 
1706 10 0 0 0 0 0 0 0 0 0 0 0 
1707 10 0 0 0 0 0 0 0 0 0 0 0 
1708 10 0 0 0 0 0 0 0 0 0 0 0 
1709 10 0 0 0 0 0 0 0 0 0 0 0 
1710 10 0 0 0 0 0 0 0 0 0 0 0 
1711 10 0 0 0 0 0 0 0 0 0 0 0 
1712 10 0 0 0 0 0 0 0 0 0 0 0 
1713 10 0 0 0 0 0 0 0 0 0 0 0 
1714 10 0 0 0 0 0 0 0 0 0 0 0 
1715 10 0 0 0 0 0 0 0 0 0 0 0 
1716 10 0 0 0 0 0 0 0 0 0 0 0 
1717 10 0 0 0 0 0 0 0 0 0 0 0 
1718 10 0 0 0 0 0 0 0 0 0 0 0 
1719 10 0 0 0 0 0 0 0 0 0 0 0 
1720 10 0 0 0 0 0 0 0 0 0 0 0 
1721 10 0 0 0 0 0 0 0 0 0 0 0 
1722 10 0 0 0 0 0 0 0 0 0 0 0 
1723 10 0 0 0 0 0 0 0 0 0 0 0 
1724 10 0 0 0 0 0 0 0 0 0 0 0 
1725 10 0 0 0 0 0 0 0 0 0 0 0 
1726 10 0 0 0 0 0 0 0 0 0 0 0 
1727 10 0 0 0 0 0 0 0 0 0 0 0 
1728 10 0 0 0 0 0 0 0 0 0 0 0 
1729 10 0 0 0 0 0 0 0 0 0 0 0 
1730 10 0 0 0 0 0 0 0 0 0 0 0 
1731 10 0 0 0 0 0 0 0 0 0 0 0 
1732 10 0 0 0 0 0 0 0 0 0 0 0 
1733 10 0 0 0 0 0 0 0 0 0 0 0 
1734 10 0 0 0 0 0 0 0 0 0 0 0 
1735 10 0 0 0 0 0 0 0 0 0 0 0 
1736 10 0 0 0 0 0 0 0 0 0 0 0 
1737 10 0 0 0 0 0 0 0 0 0 0 0 
1738 10 0 0 0 0 0 0 0 0 0 0 0 
1739 10 0 0 0 0 0 0 0 0 0 0 0 
1740 10 0 0 0 0 0 0 0 0 0 0 0 
1741 10 0 0 0 0 0 0 0 0 0 0 0 
1742 10 0 0 0 0 0 0 0 0 0 0 0 
1743 10 0 0 0 0 0 0 0 0 0 0 0 
1744 10 0 0 0 0 0 0 0 0 0 0 0 
1745 10 0 0 0 0 0 0 0 0 0 0 0 
1746 10 0 0 0 0 0 0 0 0 0 0 0 
1747 10 0 0 0 0 0 0 0 0 0 0 0 
1748 10 0 0 0 0 0 0 0 0 0 0 0 
1749 10 0 0 0 0 0 0 0 0 0 0 0 
1750 10 0 0 0 0 0 0 0 0 0 0 0 
1751 10 0 0 0 0 0 0 0 0 0 0 0 
1752 10 0 0 0 0 0 0 0 0 0 0 0 
1753 10 0 0 0 0 0 0 0 0 0 0 0 
1754 10 0 0 0 0 0 0 0 0 0 0 0 
1755 10 0 0 0 0 0 0 0 0 0 0 0 
1756 10 0 0 0 0 0 0 0 0 0 0 0 
1757 10 0 0 0 0 0 0 0 0 0 0 0 
1758 10 0 0 0 0 0 0 0 0 0 0 0 
1759 10 0 0 0 0 0 0 0 0 0 0 0 
1760 10 0 0 0 0 0 0 0 0 0 0 0 
1761 10 0 0 0 0 0 0 0 0 0 0 0 
1762 10 0 0 0 0 0 0 0 0 0 0 0 
1763 10 0 0 0 0 0 0 0 0 0 0 0 
1764 10 0 0 0 0 0 0 0 0 0 0 0 
1765 10 0 0 0 0 0 0 0 0 0 0 0 
1766 10 0 0 0 0 0 0 0 0 0 0 0 
1767 10 0 0 0 0 0 0 0 0 0 0 0 
1768 10 0 0 0 0 0 0 0 0 0 0 0 
1769 10 0 0 0 0 0 0 0 0 0 0 0 
1770 10 0 0 0 0 0 0 0 0 0 0 0 
1771 10 0 0 0 0 0 0 0 0 0 0 0 
1772 10 0 0 0 0 0 0 0 0 0 0 0 
1773 10 0 0 0 0 0 0 0 0 0 0 0 
1774 10 0 0 0 0 0 0 0 0 0 0 0 
1775 10 0 0 0 0 0 0 0 0 0 0 0 
1776 10 0 0 0 0 0 0 0 0 0 0 0 
1777 10 0 0 0 0 0 0 0 0 0 0 0 
1778 10 0 0 0 0 0 0 0 0 0 0 0 
1779 10 0 0 0 0 0 0 0 0 0 0 0 
1780 10 0 0 0 0 0 0 0 0 0 0 0 
1781 10 0 0 0 0 0 0 0 0 0 0 0 
1782 10 0 0 0 0 0 0 0 0 0 0 0 
1783 10 0 0 0 0 0 0 0 0 0 0 0 
1784 10 0 0 0 0 0 0 0 0 0 0 0 
1785 10 0 0 0 0 0 0 0 0 0 0 0 
1786 10 0 0 0 0 0 0 0 0 0 0 0 
1787 10 0 0 0 0 0 0 0 0 0 0 0 
1788 10 0 0 0 0 0 0 0 0 0 0 0 
1789 10 0 0 0 0 0 0 0 0 0 0 0 
1790 10 0 0 0 0 0 0 0 0 0 0 0 
1791 10 0 0 0 0 0 0 0 0 0 0 0 
1792 10 0 0 0 0 0 0 0 0 0 0 0 
1793 10 0 0 0 0 0 0 0 0 0 0 0 
1794 10 0 0 0 0 0 0 0 0 0 0 0 
1795 10 0 0 0 0 0 0 0 0 0 0 0 
1796 10 0 0 0 0 0 0 0 0 0 0 0 
1797 10 0 0 0 0 0 0 0 0 0 0 0 
1798 10 0 0 0 0 0 0 0 0 0 0 0 
1799 10 0 0 0 0 0 0 0 0 0 0 0 
1800 10 0 0 0 0 0 0 0 0 0 0 0 
1801 10 0 0 0 0 0 0 0 0 0 0 0 
1802 10 0 0 0 0 0 0 0 0 0 0 0 
1803 10 0 0 0 0 0 0 0 0 0 0 0 
1804 10 0 0 0 0 0 0 0 0 0 0 0 
1805 10 0 0 0 0 0 0 0 0 0 0 0 
1806 10 0 0 0 0 0 0 0 0 0 0 0 
1807 10 0 0 0 0 0 0 0 0 0 0 0 
1808 10 0 0 0 0 0 0 0 0 0 0 0 
1809 10 0 0 0 0 0 0 0 0 0 0 0 
1810 10 0 0 0 0 0 0 0 0 0 0 0 
1811 10 0 0 0 0 0 0 0 0 0 0 0 
1812 10 0 0 0 0 0 0 0 0 0 0 0 
1813 10 0 0 0 0 0 0 0 0 0 0 0 
1814 10 0 0 0 0 0 0 0 0 0 0 0 
1815 10 0 0 0 0 0 0 0 0 0 0 0 
1816 10 0 0 0 0 0 0 0 0 0 0 0 
1817 10 0 0 0 0 0 0 0 0 0 0 0 
1818 10 0 0 0 0 0 0 0 0 0 0 0 
1819 10 0 0 0 0 0 0 0 0 0 0 0 
1820 10 0 0 0 0 0 0 0 0 0 0 0 
1821 10 0 0 0 0 0 0 0 0 0 0 0 
1822 10 0 0 0 0 0 0 0 0 0 0 0 
1823 10 0 0 0 0 0 0 0 0 0 0 0 
1824 10 0 0 0 0 0 0 0 0 0 0 0 
1825 10 0 0 0 0 0 0 0 0 0 0 0 
1826 10 0 0 0 0 0 0 0 0 0 0 0 
1827 10 0 0 0 0 0 0 0 0 0 0 0 
1828 10 0 0 0 0 0 0 0 0 0 0 0 
1829 10 0 0 0 0 0 0 0 0 0 0 0 
1830 10 0 0 0 0 0 0 0 0 0 0 0 
1831 10 0 0 0 0 0 0 0 0 0 0 0 
1832 10 0 0 0 0 0 0 0 0 0 0 0 
1833 10 0 0 0 0 0 0 0 0 0 0 0 
1834 10 0 0 0 0 0 0 0 0 0 0 0 
1835 10 0 0 0 0 0 0 0 0 0 0 0 
1836 10 0 0 0 0 0 0 0 0 0 0 0 
1837 10 0 0 0 0 0 0 0 0 0 0 0 
1838 10 0 0 0 0 0 0 0 0 0 0 0 
1839 10 0 0 0 0 0 0 0 0 0 0 0 
1840 10 0 0 0 0 0 0 0 0 0 0 0 
1841 10 0 0 0 0 0 0 0 0 0 0 0 
1842 10 0 0 0 0 0 0 0 0 0 0 0 
1843 10 0 0 0 0 0 0 0 0 0 0 0 
1844 10 0 0 0 0 0 0 0 0 0 0 0 
1845 10 0 0 0 0 0 0 0 0 0 0 0 
1846 10 0 0 0 0 0 0 0 0 0 0 0 
1847 10 0 0 0 0 0 0 0 0 0 0 0 
1848 10 0 0 0 0 0 0 0 0 0 0 0 
1849 10 0 0 0 0 0 0 0 0 0 0 0 
1850 10 0 0 0 0 0 0 0 0 0 0 0 
1851 10 0 0 0 0 0 0 0 0 0 0 0 
1852 10 0 0 0 0 0 0 0 0 0 0 0 
1853 10 0 0 0 0 0 0 0 0 0 0 0 
1854 10 0 0 0 0 0 0 0 0 0 0 0 
1855 10 0 0 0 0 0 0 0 0 0 0 0 
1856 10 0 0 0 0 0 0 0 0 0 0 0 
1857 10 0 0 0 0 0 0 0 0 0 0 0 
1858 10 0 0 0 0 0 0 0 0 0 0 0 
1859 10 0 0 0 0 0 0 0 0 0 0 0 
1860 10 0 0 0 0 0 0 0 0 0 0 0 
1861 10 0 0 0 0 0 0 0 0 0 0 0 
1862 10 0 0 0 0 0 0 0 0 0 0 0 
1863 10 0 0 0 0 0 0 0 0 0 0 0 
1864 10 0 0 0 0 0 0 0 0 0 0 0 
1865 10 0 0 0 0 0 0 0 0 0 0 0 
1866 10 0 0 0 0 0 0 0 0 0 0 0 
1867 10 0 0 0 0 0 0 0 0 0 0 0 
1868 10 0 0 0 0 0 0 0 0 0 0 0 
1869 10 0 0 0 0 0 0 0 0 0 0 0 
1870 10 0 0 0 0 0 0 0 0 0 0 0 
1871 10 0 0 0 0 0 0 0 0 0 0 0 
1872 10 0 0 0 0 0 0 0 0 0 0 0 
1873 10 0 0 0 0 0 0 0 0 0 0 0 
1874 10 0 0 0 0 0 0 0 0 0 0 0 
1875 10 0 0 0 0 0 0 0 0 0 0 0 
1876 10 0 0 0 0 0 0 0 0 0 0 0 
1877 10 0 0 0 0 0 0 0 0 0 0 0 
1878 10 0 0 0 0 0 0 0 0 0 0 0 
1879 10 0 0 0 0 0 0 0 0 0 0 0 
1880 10 0 0 0 0 0 0 0 0 0 0 0 
1881 10 0 0 0 0 0 0 0 0 0 0 0 
1882 10 0 0 0 0 0 0 0 0 0 0 0 
1883 10 0 0 0 0 0 0 0 0 0 0 0 
1884 10 0 0 0 0 0 0 0 0 0 0 0 
1885 10 0 0 0 0 0 0 0 0 0 0 0 
1886 10 0 0 0 0 0 0 0 0 0 0 0 
1887 10 0 0 0 0 0 0 0 0 0 0 0 
1888 10 0 0 0 0 0 0 0 0 0 0 0 
1889 10 0 0 0 0 0 0 0 0 0 0 0 
1890 10 0 0 0 0 0 0 0 0 0 0 0 
1891 10 0 0 0 0 0 0 0 0 0 0 0 
1892 10 0 0 0 0 0 0 0 0 0 0 0 
1893 10 0 0 0 0 0 0 0 0 0 0 0 
1894 10 0 0 0 0 0 0 0 0 0 0 0 
1895 10 0 0 0 0 0 0 0 0 0 0 0 
1896 10 0 0 0 0 0 0 0 0 0 0 0 
1897 10 0 0 0 0 0 0 0 0 0 0 0 
1898 10 0 0 0 0 0 0 0 0 0 0 0 
1899 10 0 0 0 0 0 0 0 0 0 0 0 
1900 10 0 0 0 0 0 0 0 0 0 0 0 
1901 10 0 0 0 0 0 0 0 0 0 0 0 
1902 10 0 0 0 0 0 0 0 0 0 0 0 
1903 10 0 0 0 0 0 0 0 0 0 0 0 
1904 10 0 0 0 0 0 0 0 0 0 0 0 
1905 10 0 0 0 0 0 0 0 0 0 0 0 
1906 10 0 0 0 0 0 0 0 0 0 0 0 
1907 10 0 0 0 0 0 0 0 0 0 0 0 
1908 10 0 0 0 0 0 0 0 0 0 0 0 
1909 10 0 0 0 0 0 0 0 0 0 0 0 
1910 10 0 0 0 0 0 0 0 0 0 0 0 
1911 10 0 0 0 0 0 0 0 0 0 0 0 
1912 10 0 0 0 0 0 0 0 0 0 0 0 
1913 10 0 0 0 0 0 0 0 0 0 0 0 
1914 10 0 0 0 0 0 0 0 0 0 0 0 
1915 10 0 0 0 0 0 0 0 0 0 0 0 
1916 10 0 0 0 0 0 0 0 0 0 0 0 
1917 10 0 0 0 0 0 0 0 0 0 0 0 
1918 10 0 0 0 0 0 0 0 0 0 0 0 
1919 10 0 0 0 0 0 0 0 0 0 0 0 
1920 10 0 0 0 0 0 0 0 0 0 0 0 
1921 10 0 0 0 0 0 0 0 0 0 0 0 
1922 10 0 0 0 0 0 0 0 0 0 0 0 
1923 10 0 0 0 0 0 0 0 0 0 0 0 
1924 10 0 0 0 0 0 0 0 0 0 0 0 
1925 10 0 0 0 0 0 0 0 0 0 0 0 
1926 10 0 0 0 0 0 0 0 0 0 0 0 
1927 10 0 0 0 0 0 0 0 0 0 0 0 
1928 10 0 0 0 0 0 0 0 0 0 0 0 
1929 10 0 0 0 0 0 0 0 0 0 0 0 
1930 10 0 0 0 0 0 0 0 0 0 0 0 
1931 10 0 0 0 0 0 0 0 0 0 0 0 
1932 10 0 0 0 0 0 0 0 0 0 0 0 
1933 10 0 0 0 0 0 0 0 0 0 0 0 
1934 10 0 0 0 0 0 0 0 0 0 0 0 
1935 10 0 0 0 0 0 0 0 0 0 0 0 
1936 10 0 0 0 0 0 0 0 0 0 0 0 
1937 10 0 0 0 0 0 0 0 0 0 0 0 
1938 10 0 0 0 0 0 0 0 0 0 0 0 
1939 10 0 0 0 0 0 0 0 0 0 0 0 
1940 10 0 0 0 0 0 0 0 0 0 0 0 
1941 10 0 0 0 0 0 0 0 0 0 0 0 
1942 10 0 0 0 0 0 0 0 0 0 0 0 
1943 10 0 0 0 0 0 0 0 0 0 0 0 
1944 10 0 0 0 0 0 0 0 0 0 0 0 
1945 10 0 0 0 0 0 0 0 0 0 0 0 
1946 10 0 0 0 0 0 0 0 0 0 0 0 
1947 10 0 0 0 0 0 0 0 0 0 0 0 
1948 10 0 0 0 0 0 0 0 0 0 0 0 
1949 10 0 0 0 0 0 0 0 0 0 0 0 
1950 10 0 0 0 0 0 0 0 0 0 0 0 
1951 10 0 0 0 0 0 0 0 0 0 0 0 
1952 10 0 0 0 0 0 0 0 0 0 0 0 
1953 10 0 0 0 0 0 0 0 0 0 0 0 
1954 10 0 0 0 0 0 0 0 0 0 0 0 
1955 10 0 0 0 0 0 0 0 0 0 0 0 
1956 10 0 0 0 0 0 0 0 0 0 0 0 
1957 10 0 0 0 0 0 0 0 0 0 0 0 
1958 10 0 0 0 0 0 0 0 0 0 0 0 
1959 10 0 0 0 0 0 0 0 0 0 0 0 
1960 10 0 0 0 0 0 0 0 0 0 0 0 
1961 10 0 0 0 0 0 0 0 0 0 0 0 
1962 10 0 0 0 0 0 0 0 0 0 0 0 
1963 10 0 0 0 0 0 0 0 0 0 0 0 
1964 10 0 0 0 0 0 0 0 0 0 0 0 
1965 10 0 0 0 0 0 0 0 0 0 0 0 
1966 10 0 0 0 0 0 0 0 0 0 0 0 
1967 10 0 0 0 0 0 0 0 0 0 0 0 
1968 10 0 0 0 0 0 0 0 0 0 0 0 
1969 10 0 0 0 0 0 0 0 0 0 0 0 
1970 10 0 0 0 0 0 0 0 0 0 0 0 
1971 10 0 0 0 0 0 0 0 0 0 0 0 
1972 10 0 0 0 0 0 0 0 0 0 0 0 
1973 10 0 0 0 0 0 0 0 0 0 0 0 
1974 10 0 0 0 0 0 0 0 0 0 0 0 
1975 10 0 0 0 0 0 0 0 0 0 0 0 
1976 10 0 0 0 0 0 0 0 0 0 0 0 
1977 10 0 0 0 0 0 0 0 0 0 0 0 
1978 10 0 0 0 0 0 0 0 0 0 0 0 
1979 10 0 0 0 0 0 0 0 0 0 0 0 
1980 10 0 0 0 0 0 0 0 0 0 0 0 
1981 10 0 0 0 0 0 0 0 0 0 0 0 
1982 10 0 0 0 0 0 0 0 0 0 0 0 
1983 10 0 0 0 0 0 0 0 0 0 0 0 
1984 10 0 0 0 0 0 0 0 0 0 0 0 
1985 10 0 0 0 0 0 0 0 0 0 0 0 
1986 10 0 0 0 0 0 0 0 0 0 0 0 
1987 10 0 0 0 0 0 0 0 0 0 0 0 
1988 10 0 0 0 0 0 0 0 0 0 0 0 
1989 10 0 0 0 0 0 0 0 0 0 0 0 
1990 10 0 0 0 0 0 0 0 0 0 0 0 
1991 10 0 0 0 0 0 0 0 0 0 0 0 
1992 10 0 0 0 0 0 0 0 0 0 0 0 
1993 10 0 0 0 0 0 0 0 0 0 0 0 
1994 10 0 0 0 0 0 0 0 0 0 0 0 
1995 10 0 0 0 0 0 0 0 0 0 0 0 
1996 10 0 0 0 0 0 0 0 0 0 0 0 
1997 10 0 0 0 0 0 0 0 0 0 0 0 
1998 10 0 0 0 0 0 0 0 0 0 0 0 
1999 10 0 0 0 0 0 0 0 0 0 0 0 
2000 10 0 0 0 0 0 0 0 0 0 0 0 
2001 10 0 0 0 0 0 0 0 0 0 0 0 
2002 10 0 0 0 0 0 0 0 0 0 0 0 
2003 10 0 0 0 0 0 0 0 0 0 0 0 
2004 10 0 0 0 0 0 0 0 0 0 0 0 
2005 10 0 0 0 0 0 0 0 0 0 0 0 
2006 10 0 0 0 0 0 0 0 0 0 0 0 
2007 10 0 0 0 0 0 0 0 0 0 0 0 
2008 10 0 0 0 0 0 0 0 0 0 0 0 
2009 10 0 0 0 0 0 0 0 0 0 0 0 
2010 10 0 0 0 0 0 0 0 0 0 0 0 
2011 10 0 0 0 0 0 0 0 0 0 0 0 
2012 10 0 0 0 0 0 0 0 0 0 0 0 
2013 10 0 0 0 0 0 0 0 0 0 0 0 
2014 10 0 0 0 0 0 0 0 0 0 0 0 
2015 10 0 0 0 0 0 0 0 0 0 0 0 
2016 10 0 0 0 0 0 0 0 0 0 0 0 
2017 10 0 0 0 0 0 0 0 0 0 0 0 
2018 10 0 0 0 0 0 0 0 0 0 0 0 
2019 10 0 0 0 0 0 0 0 0 0 0 0 
2020 10 0 0 0 0 0 0 0 0 0 0 0 
2021 10 0 0 0 0 0 0 0 0 0 0 0 
2022 10 0 0 0 0 0 0 0 0 0 0 0 
2023 10 0 0 0 0 0 0 0 0 0 0 0 
2024 10 0 0 0 0 0 0 0 0 0 0 0 
2025 10 0 0 0 0 0 0 0 0 0 0 0 
2026 10 0 0 0 0 0 0 0 0 0 0 0 
2027 10 0 0 0 0 0 0 0 0 0 0 0 
2028 10 0 0 0 0 0 0 0 0 0 0 0 
2029 10 0 0 0 0 0 0 0 0 0 0 0 
2030 10 0 0 0 0 0 0 0 0 0 0 0 
2031 10 0 0 0 0 0 0 0 0 0 0 0 
2032 10 0 0 0 0 0 0 0 0 0 0 0 
2033 10 0 0 0 0 0 0 0 0 0 0 0 
2034 10 0 0 0 0 0 0 0 0 0 0 0 
2035 10 0 0 0 0 0 0 0 0 0 0 0 
2036 10 0 0 0 0 0 0 0 0 0 0 0 
2037 10 0 0 0 0 0 0 0 0 0 0 0 
2038 10 0 0 0 0 0 0 0 0 0 0 0 
2039 10 0 0 0 0 0 0 0 0 0 0 0 
2040 10 0 0 0 0 0 0 0 0 0 0 0 
2041 10 0 0 0 0 0 0 0 0 0 0 0 
2042 10 0 0 0 0 0 0 0 0 0 0 0 
2043 10 0 0 0 0 0 0 0 0 0 0 0 
2044 10 0 0 0 0 0 0 0 0 0 0 0 
2045 10 0 0 0 0 0 0 0 0 0 0 0 
2046 10 0 0 0 0 0 0 0 0 0 0 0 

0 11 6 0 0.741379 4 -9 -55 -9 -56 -6 -61 -7 -53 1 0.796296 5 -9 -30 -3 -23 4 13 -7 -21 -11 -13 2 0.364407 1 -4 5 8 0.664948 3 -11 -1 -16 3 -17 5 9 0.458763 1 -28 -124 10 0.58 2 -9 36 -1 -26 
1 11 2 0 0.462366 1 -4 -36 9 0.992196 10 -4 8 -6 20 -2 -92 -12 9 -10 17 -15 -5 -13 -118 -22 -9 -33 -20 -16 -23 
2 11 4 0 0.323308 1 -6 -36 1 0.885584 9 -1 10 -8 -15 -11 -15 -12 -2 -16 -16 -12 13 -7 -18 -8 7 -16 -8 4 0.811765 3 -54 -19 -49 -15 -39 -5 9 0.8544 6 -33 -14 -29 -40 -15 -59 -15 -61 -18 16 -9 -6 
3 11 2 0 0.996489 33 7 53 6 58 4 55 4 55 0 14 3 9 4 7 5 -49 0 20 4 21 8 -44 8 4 8 13 9 13 10 17 9 5 9 -10 8 -3 8 -35 8 -11 10 4 8 -18 2 -53 1 -37 5 60 3 -43 -5 -17 8 15 -1 59 10 59 3 -61 -1 -51 7 -45 9 0.278125 1 -12 -26 
4 11 8 0 0.701087 3 4 58 -7 17 -9 -67 3 0.398148 1 1 24 4 0.8625 3 -27 13 -17 14 -42 -6 5 0.714286 2 -24 14 21 5 7 0.398148 1 -7 31 8 0.398148 1 -9 3 9 0.679389 2 -8 16 -5 17 10 0.426471 1 -17 5 
5 11 3 3 0.518072 1 3 22 4 0.741935 1 -19 -9 9 0.978022 7 -10 -24 -13 -37 4 -141 -12 -23 -23 -118 -18 -26 -13 -29 
6 11 2 0 0.995712 27 -5 59 -3 56 -3 58 1 65 -2 61 1 61 6 62 7 63 -1 62 -3 67 0 63 -4 65 9 58 -6 60 10 66 -5 56 -1 63 -7 68 -4 64 4 67 8 60 -3 -57 0 -62 -7 -64 9 57 0 -51 0 -61 9 0.320144 1 6 -109 
7 11 4 0 0.632353 1 10 69 3 0.632353 1 0 26 4 0.92 2 -39 19 -23 12 9 0.864078 2 -29 -127 -5 19 
8 11 2 0 0.998839 100 -8 -62 5 7 3 -45 -6 -25 1 3 -3 -49 -6 -21 -4 -39 -6 -54 0 3 7 50 -2 3 -7 7 -7 -51 -5 -18 -4 9 -5 10 -2 -33 0 3 5 13 9 -47 -4 -27 0 -58 1 -26 -6 -58 2 18 -6 41 4 48 9 -44 9 45 -7 -39 -4 -61 0 -5 -2 22 7 3 -3 52 7 -63 8 -54 -4 37 -2 53 7 24 1 24 -1 -57 2 47 3 -27 -4 -8 -6 58 1 -10 2 54 6 46 6 -51 0 -68 1 -27 1 20 7 1 -5 -14 3 49 -7 2 5 48 -2 -12 -8 -45 5 -42 -2 -21 1 3 -7 -51 -9 -22 1 -67 -2 6 0 -58 4 50 2 -7 2 -58 10 35 0 -64 5 -43 -7 -57 -1 -45 -6 -48 -7 -45 6 -33 -8 -49 3 3 -7 -51 -4 -27 9 -51 -5 -14 6 31 3 15 5 37 7 -51 0 16 7 32 1 18 4 26 9 -1 6 25 10 -1 4 -57 9 -55 9 31 9 0.112801 1 -5 -134 
9 11 2 0 0.895833 1 5 -50 1 0.895833 1 13 -34 
10 11 4 0 0.934783 5 6 -67 0 35 10 41 -7 42 -9 42 1 0.551282 1 -15 -40 9 0.644928 1 5 -133 10 0.58 1 8 -3 
11 11 2 0 0.895833 3 1 -5 5 14 -5 -63 9 0.927083 3 -3 -94 -7 -96 2 -125 
12 11 5 0 0.68254 2 -5 36 -9 29 1 0.68254 2 -12 18 -11 1 2 0.68254 2 -1 14 -4 15 3 0.786585 3 -5 8 0 30 1 29 9 0.585526 1 -33 -116 
13 11 5 0 0.569536 2 -9 28 -4 30 1 0.68254 3 -5 -35 -4 -23 -10 -37 2 0.907652 8 -6 11 -4 16 -1 11 0 13 -1 15 -2 17 -2 -7 6 8 3 0.380531 1 -4 20 7 0.380531 1 -7 21 
14 11 3 1 0.144295 1 -9 -49 2 0.99537 50 -5 17 -3 0 -3 3 0 -5 -1 15 -1 -19 -1 17 -1 8 4 23 1 -18 -1 -19 3 -2 3 14 2 15 -3 13 -6 18 -4 14 -2 1 -6 26 -5 -13 3 7 1 19 0 -17 -6 14 -5 20 -6 -2 7 -18 5 16 5 23 -2 5 2 10 0 18 0 -13 -3 -1 -5 5 1 15 0 12 -6 -22 2 17 -5 15 1 19 1 24 -2 4 7 6 2 20 -1 4 -1 0 0 -6 6 14 6 10 9 0.199552 1 -33 -100 
15 11 6 0 0.617225 3 -9 31 -8 23 -6 20 1 0.754386 5 -8 -28 -4 -51 2 -50 -10 -73 -10 -74 2 0.696356 4 0 14 -5 13 3 15 -4 9 3 0.617225 3 -5 24 -1 27 -2 23 4 0.560976 1 -7 3 9 0.704485 3 -30 -93 -26 -58 -30 -28 
16 11 8 0 0.827761 19 -7 -68 -9 -41 -9 14 -3 20 -2 3 -8 5 -6 20 -4 -6 0 -14 -3 -15 -8 0 -1 -21 -4 4 -7 -8 -3 -6 -5 -18 -5 0 0 17 1 -69 1 0.41247 4 2 -51 -13 -10 7 -32 6 -21 2 0.340369 3 -3 7 -3 0 -1 -11 3 0.666667 10 4 -30 2 -14 -2 23 -2 9 -4 12 3 -3 -2 -28 -3 11 -3 14 0 9 4 0.306667 1 -5 -2 7 0.41247 4 8 27 6 24 8 9 7 10 9 0.618772 6 -29 -62 -16 -143 -21 -139 -27 -131 -15 -94 -4 -12 10 0.552381 6 -2 -28 -6 11 -15 -11 -14 -11 -7 -2 -8 -18 
17 11 9 0 0.380531 4 -8 39 -1 32 -5 11 5 45 1 0.228723 2 -4 -23 -6 -13 2 0.822404 21 -1 -4 0 -11 -3 3 -4 -10 -1 2 -4 -5 0 4 1 2 0 4 -1 4 -6 -9 -6 -18 5 6 -5 -11 -5 -2 -2 17 -2 13 -1 -13 7 23 6 25 1 -18 3 0.68254 12 -2 21 -5 -27 6 -17 -2 0 2 16 -3 -14 -1 -5 -5 17 -4 15 -3 6 2 7 3 27 4 0.442308 2 4 -14 -5 -14 5 0.771028 11 -25 11 -19 11 7 -1 -20 8 -21 19 0 5 0 14 4 -8 1 -15 -1 -21 -6 8 7 0.311594 3 6 4 5 8 1 34 9 0.400901 3 -21 -126 -12 -112 -25 -26 10 0.25 2 -14 -1 1 11 
18 11 3 0 0.349593 1 -9 -45 2 0.984733 15 -4 6 -1 -9 3 -12 -6 -20 3 22 7 -20 6 4 -3 -22 -3 4 5 -21 1 -10 -2 4 -5 3 -3 -22 -4 -21 9 0.442786 1 -21 -8 
19 11 5 1 0.575893 3 2 -67 -4 -72 -9 -55 2 0.290541 1 -5 -5 4 0.522727 1 -5 -8 7 0.290541 1 -4 19 10 0.962656 16 -8 27 -10 -5 -13 4 -11 7 -16 -21 -11 -10 -2 24 -16 -29 -10 -17 -10 -26 -7 -20 -11 -28 7 6 -12 -34 -10 -33 -4 -33 
20 11 8 1 0.741379 5 -5 -40 -6 -29 -3 -66 -4 -70 -14 -70 3 0.311594 1 -5 7 4 0.851852 4 -16 -6 -13 -4 -22 0 -12 8 5 0.725806 3 -11 -1 -6 -1 -26 14 7 0.602804 3 -5 45 -7 40 -3 41 8 0.311594 1 -16 -2 9 0.585526 2 -23 -122 -32 -63 10 0.337209 1 -2 32 
21 11 3 0 0.462366 1 9 14 1 0.462366 1 10 10 3 0.974811 9 -4 -12 -4 -11 -4 -3 -1 -4 0 -17 0 -19 -1 -6 4 -16 -5 8 
22 11 9 0 0.151943 1 -9 -32 1 0.589041 7 -15 -8 -4 -3 -12 -65 -7 -16 -2 -37 12 -24 -13 29 2 0.494253 5 1 -8 -2 -8 -4 -5 -6 -14 -5 19 3 0.736091 12 -4 7 -1 -13 -5 24 -3 0 -5 2 -5 1 -4 6 -5 12 2 0 2 -7 5 1 -5 -3 4 0.671533 4 -6 -10 -7 -4 -26 -4 26 -19 7 0.545455 6 4 2 4 3 7 32 8 27 8 -20 4 20 8 0.433249 4 -4 -1 -16 8 -17 7 -7 4 9 0.679389 7 -30 -130 -30 -38 -22 -143 -15 -90 -25 -140 -32 -49 -33 -36 10 0.386667 3 -12 -12 -4 29 -5 -18 
23 11 9 0 0.623188 10 5 13 1 27 1 14 -5 11 -4 68 -7 -32 -1 2 -3 26 -8 49 -7 -22 1 0.778672 18 -1 14 -1 16 7 -32 5 -36 13 39 -5 41 16 37 16 -35 -12 -73 0 46 -8 41 -6 45 8 -75 16 -29 -15 -30 15 -42 -1 39 0 -12 2 0.123563 1 3 -5 3 0.593558 9 4 20 -3 27 1 -28 4 15 4 -27 1 30 -4 6 -4 21 3 7 5 0.197368 1 -23 -4 6 0.222798 2 -7 35 13 8 8 0.43 5 -1 5 8 3 -5 11 -2 13 9 5 9 0.709729 10 -13 8 -8 25 22 -63 32 -128 9 -12 -2 -97 -14 12 -2 -27 -17 -131 -7 -19 10 0.508772 6 5 -29 15 -24 4 -26 4 -29 5 -27 7 -29 
24 11 2 1 0.980989 6 -9 -7 -12 7 -8 -8 17 7 14 -10 17 6 9 0.679389 1 -21 -58 
25 11 2 1 0.98954 11 6 -44 -12 -72 -13 -71 16 -72 6 -73 -4 -71 9 -70 -6 -71 -10 -69 -1 -49 4 -45 8 0.438775 1 -15 7 
26 11 6 1 0.375 3 -10 21 -10 35 2 27 3 0.160448 1 4 9 5 0.25 1 2 12 8 0.979556 39 11 10 10 6 -17 4 -17 10 -6 13 -16 12 5 6 -15 6 4 4 -5 10 -2 11 -16 12 -5 5 -16 9 -5 0 -17 7 -15 2 -17 9 0 9 -12 8 0 4 -5 5 -14 4 -4 12 -4 8 -3 8 -11 11 -16 6 -5 5 -10 10 -8 12 -4 6 -9 5 -7 5 -12 8 -8 6 -8 9 -7 7 -3 11 9 0.220297 1 -32 23 10 0.176829 1 -4 1 
27 11 9 0 0.694794 9 -5 -44 -6 41 -9 45 7 33 -2 49 6 30 4 23 4 -41 5 2 1 0.392097 3 -13 27 6 38 9 -33 2 0.295533 2 0 -9 5 20 3 0.530864 5 -4 21 -1 29 4 -9 -1 15 -4 14 4 0.353846 1 32 20 7 0.62578 7 1 26 5 2 5 36 4 40 7 5 2 27 5 26 8 0.769001 12 -11 11 -11 8 6 7 4 10 2 12 -4 5 -8 13 6 10 3 12 4 13 5 10 -4 12 9 0.232376 1 -14 17 10 0.42029 3 -4 -3 -14 6 -12 13 
28 11 11 0 0.437254 44 0 -29 -2 49 -2 -68 6 37 10 44 7 43 3 37 6 -33 9 -19 -6 66 10 -11 3 51 1 35 2 64 -6 -3 -7 -7 2 -63 0 3 5 -34 7 -18 10 -18 0 -24 4 3 9 -18 2 -27 8 -39 -1 68 8 21 10 -30 8 -9 1 -24 8 -11 5 68 5 32 4 -34 -3 -10 10 -13 -1 -33 -5 -5 0 -12 -3 -39 7 -22 -3 -29 8 37 1 0.455078 47 15 -17 -3 -22 15 13 10 -21 16 7 16 13 -7 -65 9 19 7 18 -1 8 9 -44 -16 16 -7 -25 3 -17 5 -59 -12 60 1 19 4 -27 6 -12 -1 -25 2 49 12 7 5 -39 -15 23 12 18 6 -34 -8 -29 5 -74 11 49 -5 1 -4 55 10 46 -14 -50 -16 -55 6 -41 13 58 6 6 3 -57 3 -51 -2 57 17 -33 -5 -42 -3 57 -5 61 -4 -41 7 -31 -6 -54 2 0.437254 44 5 4 7 -4 7 -21 7 -22 6 -9 6 -17 7 -17 5 -13 7 11 -1 -14 6 11 6 0 4 -10 7 17 4 -9 0 -18 7 -2 4 -11 0 -1 7 0 -1 -1 7 27 1 -14 7 13 2 16 0 -22 6 15 -2 -22 1 25 5 -16 1 15 4 13 2 13 4 -16 5 20 2 3 7 27 1 22 5 26 5 19 7 7 3 11 4 8 3 27 3 0.536542 63 1 -30 2 -14 3 -4 2 -29 3 21 3 18 3 17 6 23 0 2 6 29 2 28 -5 -14 -4 -14 6 -13 6 -13 6 13 5 -15 5 -14 4 -10 6 29 -1 -15 6 -13 5 23 -1 17 6 25 -2 30 1 14 1 29 5 19 4 -6 0 -20 4 26 -1 5 -3 -1 4 -1 5 6 -5 6 -4 5 -2 -1 3 7 -2 8 -3 10 3 -17 -1 11 -5 4 5 1 -4 1 -5 9 0 -29 -3 11 0 -20 -2 -5 -3 -2 1 -28 -2 9 2 -29 -4 2 2 -18 6 13 -1 -14 -1 -12 3 22 -3 -12 4 0.741935 59 -28 -22 -46 4 -38 -10 -37 -11 -25 -9 55 -12 -24 -25 -24 16 -26 -21 -20 -18 -38 3 -30 -13 -54 -5 -29 -7 -37 12 -29 -6 -31 -21 -40 3 -51 -10 -28 -1 -35 -18 -38 -10 -39 -16 -40 -25 -32 11 -52 -16 -40 3 -18 -12 39 -25 34 5 -19 -16 -54 17 -26 0 -52 15 -34 0 -47 12 -12 -27 -48 -2 -52 18 -25 27 -31 10 -41 -20 -19 -27 -25 -3 -24 -6 -42 11 -46 -18 -18 -28 -52 24 -26 3 -45 8 -17 1 -44 -21 -44 -6 -46 -21 -31 -28 -22 3 -48 -21 -54 9 5 0.720887 78 3 17 -2 14 39 -2 40 -7 40 11 -29 -16 -32 -13 -6 4 -6 8 -2 20 -27 -16 -31 -17 -7 17 3 -21 -9 8 2 -12 -8 13 -1 -12 -5 -17 -34 -9 -7 -21 -11 7 -9 -2 26 -19 -32 -21 5 -16 5 -2 -32 -15 -3 8 0 8 -5 6 -12 21 -2 -6 5 4 3 21 -7 19 -34 -8 -21 -3 -42 -11 -42 -14 -9 -8 -45 -12 -7 -5 -44 4 -8 -6 -1 -2 -10 -2 -34 -6 2 -10 -11 -14 -38 -9 41 18 -45 -11 -34 -15 0 21 -5 -10 8 7 -23 4 -25 -7 -34 -19 -35 4 -25 19 2 2 3 -5 -37 -18 -23 -7 -22 12 -21 -13 2 10 0 19 -3 3 -45 -21 -38 -16 -19 -14 45 20 -17 -18 7 -1 5 -2 6 0.405366 39 13 9 4 12 0 27 6 10 1 19 5 -12 7 27 -11 23 -10 22 7 28 -4 25 12 11 3 9 -10 25 1 30 0 9 9 6 7 6 13 13 8 -8 8 19 6 -9 -1 8 12 13 13 -4 4 -10 -3 5 0 -11 0 -12 7 11 5 34 1 32 4 34 -7 36 2 3 2 4 6 35 -1 4 -1 35 7 0.2 15 6 34 4 34 5 -15 4 -15 4 30 5 22 6 26 5 33 8 19 7 21 4 39 8 34 8 11 6 42 3 38 8 0.339921 30 16 10 9 5 14 3 9 4 2 -1 15 9 2 5 15 4 13 10 12 8 10 -1 8 0 6 3 10 0 0 6 5 3 5 1 14 11 9 12 13 2 12 12 -6 12 12 13 9 12 14 3 10 11 9 9 12 13 11 13 3 9 9 0.57463 51 5 -47 -8 -31 -12 -42 -1 -40 -18 -134 -28 -17 13 -105 9 -53 -26 -10 -8 -128 -16 -8 -23 -140 -6 -59 -11 -88 -19 -124 20 -130 9 -106 -6 -112 -12 25 -13 -84 15 -99 -25 -143 0 -100 -2 33 7 -67 14 -7 11 -2 -14 -54 25 -22 18 -93 -2 -126 0 -125 -8 24 -7 -22 -13 -75 -32 -76 10 -14 -32 -126 -6 20 -6 -90 -7 34 -1 -103 0 -99 -23 -130 13 -123 -2 -107 20 -12 23 -126 7 19 4 -133 -30 8 10 0.556464 61 1 37 -5 36 1 -18 3 -8 -1 -1 14 -2 13 0 5 2 7 21 -10 -21 14 -21 -12 -26 6 -1 7 0 -8 -15 18 1 1 -4 -8 -14 3 -5 1 31 -1 -22 12 -11 -15 -2 6 -7 15 -16 -4 3 6 -11 -6 5 3 8 1 8 10 28 15 -22 14 17 17 24 11 2 -15 23 14 -15 9 27 9 -23 8 18 18 12 -4 32 6 29 15 19 16 21 3 11 18 -23 13 4 16 4 6 28 9 -19 17 -20 -5 22 5 -16 4 -13 13 -11 13 -11 5 -34 11 -12 13 34 13 19 
29 11 9 0 0.438776 7 1 -45 10 38 8 12 0 -23 10 33 10 34 2 3 1 0.753185 22 14 -40 10 16 0 -16 11 -39 -6 60 -6 -14 8 -41 -4 -4 16 -30 15 -48 10 -41 -7 -70 1 -16 0 34 -11 -46 8 32 -9 5 -10 36 -11 35 -13 6 -12 36 -16 37 3 0.241573 3 -2 -8 1 -7 -5 -8 4 0.638889 6 -30 20 53 -28 -21 25 -13 13 -12 16 -54 -22 5 0.267857 2 -16 -10 -14 -4 6 0.173387 2 7 37 0 14 8 0.352459 5 8 13 4 12 14 13 9 13 -3 11 9 0.875984 30 7 -47 -4 2 -20 34 -22 -35 -7 -3 -12 -19 12 -44 -7 -15 -27 -2 -18 -26 -20 30 -6 -142 12 -46 -24 36 19 -43 -27 2 9 -39 -25 1 -6 0 17 29 21 -43 -25 -114 -6 -90 18 -44 -24 -1 -14 -8 -19 -1 -2 -58 -12 -9 -32 -7 10 0.467742 7 -2 -21 18 6 -11 25 -4 25 9 -27 18 20 3 16 
30 11 3 0 0.68254 2 3 -3 -5 9 4 0.971831 6 -45 5 1 -26 -21 12 -46 -4 -41 -12 -41 -14 5 0.789474 2 -15 -5 4 -5 
31 11 2 4 0.410714 1 -20 -18 5 0.997984 33 -7 -15 -13 -11 -43 3 -31 -8 -37 -4 -38 -12 -42 6 -42 11 -38 15 -39 6 -41 -5 -44 13 -43 9 -39 -21 -30 10 -29 12 -30 17 -30 11 -32 9 -39 12 -35 8 -34 14 -34 5 -36 15 -38 18 -35 4 -32 16 -32 10 -33 18 -33 11 -32 12 -33 20 -33 18 
32 11 4 2 0.851485 2 6 19 -4 19 3 0.68254 1 4 16 7 0.68254 1 7 13 8 0.68254 1 11 -1 
33 11 2 2 0.993207 17 5 13 7 -7 2 -6 5 -14 2 2 7 0 1 14 1 23 2 -1 1 -1 5 1 7 12 2 -18 4 -19 7 24 0 27 -2 27 3 0.335938 1 6 30 
34 11 7 0 0.398148 1 3 47 1 0.589041 2 7 -43 4 -19 2 0.398148 1 1 -20 3 0.589041 2 3 8 5 -6 7 0.589041 2 6 14 8 43 8 0.826923 5 13 -4 13 -7 10 -2 7 -3 8 -4 10 0.426471 1 -6 19 
35 11 2 3 0.971751 8 2 3 2 15 6 28 6 -29 5 -14 6 29 5 29 2 11 6 0.68254 2 -6 16 -6 17 
36 11 2 1 0.971751 4 5 36 -6 -70 9 36 17 -29 2 0.68254 1 7 -4 
37 11 7 0 0.617225 3 8 45 10 -69 10 47 1 0.696356 4 11 -43 3 -46 4 -47 7 -43 2 0.617225 3 6 -8 6 7 6 -17 3 0.617225 3 4 13 3 12 3 5 7 0.323308 1 8 42 8 0.617225 3 7 -13 17 13 16 11 9 0.599327 2 4 -94 12 -35 
38 11 2 1 0.993917 19 -4 -27 8 -27 7 36 4 -29 16 10 17 33 15 52 7 4 17 -26 15 -30 9 -25 13 6 11 -7 5 8 8 30 5 -11 16 48 11 15 -1 12 8 0.311594 1 17 9 
39 11 3 1 0.811321 1 3 17 3 0.811321 1 4 23 8 0.811321 1 7 1 
40 11 7 0 0.349593 1 6 -28 1 0.534162 2 11 -14 6 -17 2 0.648241 3 -6 -14 -2 -3 -5 -16 4 0.831325 3 51 22 -27 15 -27 8 8 0.349593 1 16 9 9 0.873977 6 -3 -86 -2 -82 -2 -77 -6 -75 -1 -49 0 -95 10 0.376623 1 -12 16 
41 11 4 1 0.589041 2 14 35 11 33 4 0.793104 2 40 26 -34 4 8 0.93932 9 16 7 14 11 12 8 13 8 11 8 12 7 7 2 8 1 11 1 9 0.494444 1 -9 -2 
42 11 2 1 0.632353 1 6 4 9 0.984513 5 -19 -38 -20 -80 -17 -76 -16 -76 -24 -43 
43 11 2 1 0.895833 1 8 20 2 0.895833 1 2 -8 
44 11 2 1 0.993581 18 6 -11 14 28 5 21 13 -22 14 -11 6 -1 5 35 8 -21 4 33 13 36 16 43 14 43 11 46 15 40 17 28 12 48 14 23 10 34 8 0.323308 1 17 -5 
45 11 5 0 0.349593 1 -9 23 1 0.349593 1 9 -4 3 0.884319 8 0 -28 2 -26 0 -27 -2 -6 0 -29 -3 3 -3 -10 -3 -3 8 0.349593 1 9 -4 9 0.873977 6 -15 4 21 17 -6 -67 14 33 -18 8 -29 -131 
46 11 4 1 0.969925 15 10 -45 -4 30 -15 54 7 -8 -13 1 -12 46 -16 51 -11 54 1 -13 2 -12 -7 2 -8 33 -9 27 5 -3 -7 -12 7 0.323308 1 7 42 8 0.502924 2 17 1 -15 0 9 0.413953 1 -27 12 
47 11 2 1 0.994742 22 5 -4 5 -7 -8 29 -8 27 -8 29 1 28 -3 43 12 28 10 27 -6 47 -7 24 -1 24 17 20 14 22 14 25 13 22 -2 23 4 27 10 26 4 22 -14 25 -12 23 9 0.366255 1 -18 -77 
48 11 2 3 0.996379 32 -3 -19 5 17 -4 -20 4 -14 -3 -14 5 -14 6 23 5 17 2 19 6 2 -3 18 1 -15 -1 -17 0 24 2 -18 6 8 2 -10 0 -16 4 -19 1 8 -1 18 5 1 6 -20 3 -18 2 -20 2 -19 -1 -19 0 7 -2 21 -1 6 1 -23 -4 -27 9 0.284345 1 4 -54 
49 11 3 3 0.811321 2 3 0 -5 -23 8 0.811321 2 14 -12 13 -12 9 0.864078 2 35 -114 -28 -145 
50 11 3 1 0.551282 1 -3 -56 6 0.962687 6 -6 -24 -6 -13 -2 -13 2 -24 4 -13 -7 -26 7 0.551282 1 4 -22 
51 11 9 0 0.311594 1 0 25 1 0.602804 3 5 -84 15 -84 -9 -58 2 0.311594 1 4 -25 3 0.488636 2 2 -25 3 16 6 0.488636 2 -3 14 1 -35 7 0.488636 2 2 20 1 20 8 0.68254 4 9 -11 10 -5 6 -5 0 -12 9 0.69171 3 -24 -110 4 -106 35 -111 10 0.517857 2 9 -33 15 18 
52 11 2 2 0.962687 3 2 -27 3 -27 1 -27 7 0.741379 1 1 -40 
53 11 4 1 0.811321 2 16 -55 17 -55 2 0.632353 1 -2 -26 3 0.811321 2 -5 -26 1 20 10 0.659091 1 9 -7 
54 11 3 6 0.364407 1 1 16 7 0.364407 1 8 2 10 0.985437 14 4 -13 14 14 17 16 17 16 16 -8 17 -9 11 -8 10 -10 -4 5 -1 -16 15 -33 6 -35 17 -37 -2 -37 
55 11 8 1 0.417476 1 -11 -82 2 0.417476 1 1 -26 3 0.609929 2 -1 22 6 -9 6 0.609929 2 -12 -13 3 16 7 0.609929 2 8 -37 -4 -13 8 0.609929 2 17 -11 16 -12 9 0.514451 1 -17 -135 10 0.637363 2 1 -30 11 3 
56 11 2 4 0.92 2 21 1 17 7 7 0.945055 4 1 11 -5 20 -2 22 1 -32 
57 11 2 6 0.741379 1 -4 0 8 0.962687 3 8 -8 -7 2 13 -8 
58 11 2 3 0.741379 1 -1 -15 10 0.966667 3 10 7 2 12 12 35 
59 11 10 0 0.335938 1 3 39 1 0.518072 2 6 -56 14 -83 3 0.518072 2 4 -26 1 -27 4 0.741935 2 22 4 21 7 5 0.652174 2 42 10 18 18 6 0.632353 3 -11 17 -12 8 -8 37 7 0.335938 1 3 -34 8 0.518072 2 13 12 -3 7 9 0.427885 1 -24 11 10 0.54717 2 5 -14 3 -17 
60 11 2 8 0.741379 1 -8 -8 10 0.966667 3 7 9 18 8 18 3 
61 11 3 6 0.462366 1 -4 -36 7 0.974811 9 0 -40 0 -38 1 -38 2 -44 -3 -38 -2 -43 1 -44 1 -43 2 -41 10 0.491525 1 9 -37 
62 11 6 4 0.560976 1 16 19 5 0.8 4 26 -9 32 -20 30 -20 22 13 6 0.754386 5 -7 -36 -8 -36 3 -36 -9 -35 3 -36 7 0.323308 1 7 -45 8 0.323308 1 8 -10 10 0.849372 7 8 -36 12 -27 5 -21 7 -22 6 -26 8 -16 0 -26 
63 11 2 5 0.997706 29 31 -13 24 11 25 9 17 16 32 -13 19 9 27 -6 27 19 30 5 14 11 26 15 8 -15 32 21 32 7 28 0 29 6 20 4 12 15 20 -15 16 7 12 10 37 21 16 7 17 2 13 1 11 -13 11 -2 10 -5 18 -1 8 0.228723 1 -1 -9 
64 11 6 0 0.364407 1 -1 31 3 0.934783 10 -1 -15 1 -7 -1 8 0 -7 6 -18 -3 -7 -4 -16 -4 -2 -4 -7 -5 -6 6 0.364407 1 9 28 7 0.551282 2 1 37 5 39 8 0.364407 1 6 -13 9 0.458763 1 13 -35 
65 11 8 1 0.0336463 1 16 -76 2 0.0336463 1 7 -27 3 0.222798 8 -1 -26 -5 7 -5 4 -5 -12 0 -11 -1 23 -1 27 2 26 4 0.157534 2 -32 25 -26 21 6 0.957921 180 6 -26 -2 -27 -12 -26 5 -23 -6 -27 -12 -21 -9 -27 -9 -25 10 -29 2 -26 -12 -21 7 -25 -5 -24 -1 -25 -4 -26 0 -27 -3 -28 -12 -28 -3 -22 5 -19 -9 -28 -7 -28 2 -19 -7 -27 -8 -19 5 -18 -5 -22 -4 -20 -4 -22 -1 -19 -2 -18 -2 -14 6 24 0 30 1 30 -1 31 9 25 8 35 6 -13 6 28 3 -8 1 24 6 20 -7 -19 -1 16 -3 -19 5 22 -4 -19 -5 3 0 -12 7 -7 -1 14 3 -11 13 28 3 -7 0 4 5 2 2 5 -8 -20 0 5 6 -31 2 28 0 -12 -6 -15 4 -31 1 -7 -3 20 2 23 -5 -10 2 -7 -11 -14 5 14 5 7 5 8 -11 35 2 -13 -4 9 8 0 -9 6 3 -9 -2 17 -12 -5 -9 -10 -1 27 -9 -16 -10 0 -12 0 -3 -18 -6 -17 -7 -5 -8 25 10 31 -10 13 -7 -34 3 17 -3 22 -12 -17 2 20 7 -31 -2 25 -12 -13 -9 18 -10 15 -10 18 1 26 -6 24 13 -16 -3 -32 -8 1 -9 3 -7 7 3 -34 -12 -33 -6 14 -9 23 1 -34 -8 -18 -10 -17 -9 17 -5 13 -4 5 -9 16 -10 6 2 -32 -10 7 -9 -9 -2 27 1 14 -12 11 -9 -32 -10 -5 -5 -33 -3 10 -3 -31 -4 -15 -7 6 4 11 -6 -32 0 -14 -10 17 -12 -2 -11 -32 -4 -6 -10 16 -2 9 -4 -8 -5 28 4 5 -6 29 -9 11 -9 16 10 -10 -4 5 -9 -8 3 -14 3 -31 -4 12 -8 -30 -10 -4 -8 -5 -5 -14 -7 26 4 25 4 -33 -6 7 -12 15 6 13 -10 6 -10 -4 0 8 4 -31 3 -32 -4 -8 8 -2 1 12 -6 19 -10 -32 -4 14 -12 14 -11 4 7 0.560261 32 0 -26 5 -29 6 -26 -7 -25 2 -26 -5 -24 0 -3 7 -20 6 -17 8 -20 8 -31 7 -17 4 -21 -1 3 1 -10 -2 3 2 19 0 13 -4 -10 -1 20 -3 16 6 -10 7 -34 -1 -17 2 -16 3 11 7 -33 7 -35 -6 -8 -6 -33 -2 -33 -2 -6 8 0.0952733 3 -12 -11 -8 -10 -2 -5 10 0.472093 21 12 13 7 15 16 20 3 -16 15 1 15 -2 17 -1 3 -8 13 -13 2 27 17 9 0 -5 1 27 0 15 -2 -13 8 21 7 20 2 27 13 -32 7 -4 18 -4 
66 11 4 6 0.438775 1 -12 -6 8 0.86 5 -11 -9 -7 -5 -17 12 -12 -8 -10 -9 9 0.717742 2 -28 21 -26 23 10 0.828571 4 -2 10 -6 8 -2 3 -4 28 
67 11 2 4 0.71875 1 25 21 7 0.987245 9 7 13 4 13 2 0 4 -1 -5 31 -1 7 7 13 0 -8 2 -17 
68 11 8 1 0.479554 3 13 -79 -3 -56 11 -79 2 0.372294 2 7 -26 7 -24 3 0.560261 4 1 -18 3 -20 -5 28 -5 27 4 0.846626 6 -34 24 38 -18 -39 25 36 -26 14 1 -1 -11 5 0.508475 2 10 17 11 1 6 0.560261 4 0 9 0 9 5 -34 -3 7 7 0.479554 3 4 -40 3 45 6 -39 10 0.738182 7 -7 32 8 -6 3 -34 -3 -37 0 -36 8 -32 0 -3 
69 11 6 0 0.146758 1 3 27 6 0.949527 35 0 -30 2 -34 -4 -31 -4 -29 -4 -32 2 -28 -10 34 1 12 2 33 -7 -26 -1 7 -2 -24 -7 35 2 -7 -8 32 6 27 -3 -13 -5 -7 -1 5 -5 -22 -2 28 -6 -25 -6 34 -6 -4 3 -11 3 -10 -4 -19 -4 -2 -4 -1 -7 37 -10 30 1 -15 -11 30 1 -8 -11 32 7 0.483146 5 2 -25 -2 31 2 38 -7 -12 2 -28 8 0.146758 1 10 -12 9 0.341651 2 8 -101 3 -26 10 0.60597 7 7 -34 12 -31 3 31 7 36 3 30 5 4 8 5 
70 11 9 1 0.498069 3 12 -54 -8 -76 -11 -84 3 0.498069 3 2 11 4 5 1 6 4 0.630137 2 11 2 25 2 5 0.526316 2 26 21 8 -13 6 0.641791 5 -1 -7 -10 32 -2 -11 -4 35 -3 34 7 0.38914 2 -3 31 -4 33 8 0.38914 2 12 -11 10 9 9 0.312281 1 37 -44 10 0.813084 9 17 9 14 -5 4 27 8 19 7 -4 3 -2 2 -37 4 -1 4 33 
71 11 2 6 0.962687 3 -12 -20 7 25 5 25 10 0.763158 1 2 -8 
72 11 9 1 0.349593 1 0 -57 2 0.534162 2 2 -24 5 -15 3 0.349593 1 6 -19 4 0.831325 3 14 9 21 0 19 -4 5 0.483871 1 21 21 6 0.349593 1 6 36 7 0.648241 3 7 -2 3 -13 5 23 8 0.534162 2 -5 -6 -1 -10 10 0.674419 3 9 14 15 4 6 23 
73 11 2 6 0.632353 1 -12 25 8 0.977273 5 17 -12 15 -12 -5 -11 -2 -6 17 -12 
74 11 2 3 0.980989 6 -3 27 2 28 6 26 3 28 6 29 5 26 9 0.679389 1 -20 25 
75 11 3 7 0.962687 9 4 8 8 -15 6 5 3 8 7 8 3 5 8 -3 6 6 5 -27 8 0.438775 1 -2 -7 10 0.659091 2 11 25 10 11 
76 11 2 1 0.188596 1 8 -61 3 0.996867 37 4 -7 6 -14 -4 -12 2 -15 3 -11 4 16 -4 -8 6 12 0 -14 -1 -14 3 14 3 -5 2 -9 5 -11 5 -8 1 3 6 7 2 8 -5 -26 0 -4 0 -17 2 8 -2 10 -3 6 -3 5 -2 5 2 -26 3 -8 4 6 6 -13 3 -2 -3 -25 6 8 5 8 3 2 5 -2 -2 -21 
77 11 4 1 0.68254 2 17 -61 15 -76 3 0.851485 4 4 -28 5 -27 -1 -27 -2 -24 7 0.786585 3 8 -8 7 -11 7 1 10 0.517857 1 18 7 
78 11 2 3 0.990403 12 -4 -22 2 7 0 -26 0 -6 6 -28 5 4 5 -21 6 23 6 17 6 -22 4 -25 6 5 9 0.514451 1 15 -146 
79 11 2 0 0.197248 1 -9 53 8 0.996689 35 4 -4 15 2 4 1 -2 -1 16 0 4 -6 -4 -8 16 -4 12 -3 4 -9 3 -4 -8 -1 -4 -5 -10 -1 1 1 14 5 5 -2 -12 -7 -6 1 -6 -3 -2 6 17 0 3 4 3 5 -15 9 14 0 5 -1 10 7 10 1 13 1 -7 -5 8 -6 7 -7 17 -9 16 -4 
80 11 4 2 0.551282 1 -5 -25 3 0.551282 1 1 -17 6 0.551282 1 -9 -2 8 0.934783 5 3 -12 13 -4 -3 -1 14 5 4 9 
81 11 7 1 0.774775 4 -11 -60 -1 57 -1 54 -13 -19 2 0.589041 2 -6 -24 2 -15 3 0.398148 1 -1 -25 4 0.638889 1 -8 22 6 0.398148 1 -10 20 8 0.701087 3 8 3 -13 -5 9 7 9 0.679389 2 -28 -84 -28 -93 
82 11 2 1 0.895833 1 -11 -82 8 0.895833 1 7 -10 
83 11 2 8 0.998158 63 6 2 3 -12 -3 -5 7 -4 13 0 2 -13 8 -11 3 -8 1 -3 10 -3 10 -4 3 -11 -1 0 15 -7 9 -10 -1 -8 12 -8 8 -4 -10 -5 -8 -12 -2 -3 9 -7 9 -8 -13 -7 13 -9 -14 -6 -8 -6 15 -8 -17 -4 10 -9 -2 -3 0 2 0 0 9 -9 -8 0 -3 -2 -1 -8 0 -4 -10 -10 10 -10 8 -6 -9 -7 6 -13 -13 -7 5 -6 16 -5 15 -10 14 -10 16 -6 0 -5 -12 1 4 -4 -7 -4 17 -8 5 -2 0 -3 -1 -1 -8 -2 14 -2 2 2 9 -2 6 2 4 -11 9 0.167925 1 -31 -104 
84 11 5 1 0.68254 4 -2 -61 -7 -58 -11 -53 -5 -62 3 0.851485 8 -3 -23 -2 -24 -3 -11 -1 -23 -3 -15 -1 11 -4 -15 -1 -15 7 0.488636 2 -6 13 -5 7 8 0.488636 2 -9 -4 -6 -12 9 0.760684 4 -24 24 -4 27 -7 29 -33 6 
85 11 6 0 0.462366 1 10 -67 1 0.462366 1 3 54 2 0.462366 1 -6 -27 8 0.462366 1 15 -12 9 0.938489 6 3 -35 -11 -16 9 -122 -8 -94 29 -17 9 -123 10 0.491525 1 15 26 
86 11 10 0 0.349593 1 3 -67 1 0.648241 3 12 -20 11 -19 -7 -78 2 0.349593 1 -3 -24 3 0.534162 2 -5 -25 -2 -18 5 0.483871 1 7 16 6 0.349593 1 -10 -12 7 0.349593 1 -5 14 8 0.781818 5 17 -13 17 -7 7 -13 15 -9 15 -8 9 0.442786 1 -6 -146 10 0.376623 1 -1 -9 
87 11 2 7 0.710744 2 -2 17 -5 45 10 0.971292 7 -15 32 -13 29 -11 30 -7 -7 -7 29 -7 -6 -5 31 
88 11 2 7 0.99422 20 -7 42 -5 -9 -6 41 -4 -10 -5 -15 -5 42 -3 10 3 -3 -6 34 -5 3 -4 17 6 0 -6 24 -7 -4 -6 -13 5 4 -7 23 -7 10 -7 -11 1 6 10 0.325843 1 -15 1 
89 11 2 7 0.934783 5 -3 31 2 41 0 33 -5 -25 1 -12 10 0.852941 3 -4 18 -14 37 -15 8 
90 11 2 7 0.311594 1 -7 -19 10 0.994585 19 -9 -19 -16 8 -2 16 -2 -7 0 -8 -13 27 2 34 1 -16 -10 -16 -17 14 -13 14 -14 25 -17 -23 -13 23 3 21 -16 16 -15 -7 -14 29 -14 33 
91 11 2 7 0.895833 1 -1 16 10 0.90625 1 -9 -7 
92 11 2 7 0.997633 49 -1 23 2 34 -3 -2 -2 15 -7 45 3 -13 -5 30 -2 42 5 27 -3 -7 -5 26 -2 40 -7 -23 1 -13 4 17 5 26 -1 -21 -4 14 -2 20 0 1 -5 3 1 -12 -1 17 2 -6 4 9 1 -4 0 44 -6 7 -6 3 -1 -18 -7 -15 -7 -13 -5 5 -3 10 -6 24 -4 32 8 7 -4 34 6 25 -5 -14 -6 -13 -7 5 -2 5 1 44 4 7 -6 2 0 -1 -1 -5 -5 -5 10 0.164773 1 -5 26 
93 11 2 7 0.99768 50 1 17 -4 23 -6 -7 7 -14 -4 -6 -4 -9 -2 -18 -5 -24 -4 -25 -3 13 -5 -26 -1 -26 6 -23 7 -22 -6 10 -5 17 -6 -20 -2 -27 -6 -29 -4 -24 0 -25 -6 -26 4 -26 -3 -28 -3 -24 -7 -19 3 -24 -7 -31 4 -18 6 -28 5 -27 2 -30 2 -28 1 -28 -2 -30 4 -29 -1 -33 -2 -35 0 -33 7 -29 2 -31 -1 -37 -4 -35 -4 -37 2 -24 -1 0 4 -37 6 -32 0 -41 2 -40 10 0.162011 1 -3 -35 
94 11 2 7 0.967846 7 1 -41 -6 -39 -1 -27 -2 -28 -7 -41 -7 -45 -6 -44 10 0.734177 2 -7 -37 -9 -35 
95 11 2 7 0.98954 11 3 31 4 33 7 -33 1 -34 2 39 5 -35 -6 -34 5 -36 4 30 7 -33 8 -28 10 0.467742 1 4 -23 
96 11 2 7 0.843137 5 7 -27 -6 -35 -3 29 -4 33 -4 31 10 0.939271 8 -17 -29 0 -30 -4 -25 -6 -33 -10 -32 -11 -31 -10 -26 0 26 
97 11 2 7 0.763314 3 0 -40 -1 -43 1 -42 10 0.962656 8 -14 -28 -7 -27 -5 -22 -12 32 1 -22 -5 -18 -13 28 -1 34 
98 11 2 7 0.632353 2 -1 -13 5 19 10 0.97973 10 -14 -21 -15 2 -14 1 -15 -28 0 -18 1 -17 -10 -26 -15 -19 -9 -24 1 33 
99 11 8 0 0.502924 2 -8 40 -9 37 1 0.862155 8 -13 15 -1 8 -16 13 -1 6 -7 8 -9 -35 -12 -28 -11 23 2 0.502924 2 0 -18 -2 21 5 0.454545 1 1 20 7 0.323308 1 -2 45 8 0.617225 3 -5 -10 -12 -10 -17 -5 9 0.413953 1 -33 -1 10 0.349398 1 -17 0 
100 11 2 1 0.335938 1 -11 20 8 0.993207 17 -16 -7 -17 -10 -16 -9 -7 -6 -17 -8 -15 -8 -15 -8 -13 -2 -12 -10 -10 -7 -13 -8 -13 -3 -14 -1 -8 0 -15 -12 -8 -9 -15 -12 
101 11 6 0 0.518072 1 -9 -59 1 0.710744 2 -11 11 -15 -32 2 0.518072 1 3 -20 3 0.518072 1 -5 29 8 0.811321 3 -12 -11 -12 -13 -14 -13 9 0.613793 1 -32 -38 
102 11 4 2 0.811321 2 3 24 6 27 7 0.632353 1 -2 9 9 0.717742 1 -26 -7 10 0.828571 2 -17 -23 -17 -8 
103 11 3 1 0.438775 1 -12 -54 2 0.962687 9 7 -2 -5 7 -6 7 -6 8 -6 26 -5 25 5 4 6 -5 3 -3 9 0.717742 2 -33 -123 -33 -54 
104 11 2 1 0.0993072 1 -13 -5 2 0.998511 78 2 -23 1 -20 3 -16 1 19 2 1 1 11 7 -11 -6 -13 -6 22 0 -7 -5 6 4 -17 -6 -26 -6 -18 -6 -16 -5 -23 2 3 -4 19 -5 6 -5 4 -6 13 -5 -4 -6 17 -3 18 -6 24 -3 20 -2 5 -5 -12 -2 -18 -5 17 -2 3 -2 -4 -2 12 6 -2 -2 0 -1 -8 -2 -14 -4 16 -4 -21 -6 27 -4 -7 -4 -16 -1 18 -4 -24 -4 -13 -4 24 2 -22 1 -27 -3 15 -3 -16 2 -17 1 -12 1 1 2 16 3 -24 -2 7 -2 22 -2 -23 1 -26 2 18 2 -3 -2 25 2 -10 2 -6 4 -24 3 -11 4 8 5 13 4 16 1 22 5 -20 5 -17 3 -22 4 23 1 9 4 -2 1 6 -6 -8 
105 11 5 1 0.617225 3 -12 -51 -9 3 -16 -80 2 0.833795 7 -3 14 -1 17 0 13 -1 -26 7 -27 -2 -9 -4 -13 5 0.842697 5 2 6 -14 1 -16 -3 -19 -4 -25 -12 7 0.617225 3 -7 -30 -5 -36 -6 -36 10 0.349398 1 -14 -37 
