10 133 0
0 0 -1 20 17 8 0 38 23 4 12 32 -2232 
1 1 -1 22 3 21 18 43 23 2 8 32 37687 
2 1 -1 21 5 19 10 41 31 4 6 32 2413 
3 2 -1 9 1 12 0 36 39 8 7 32 -5092 
4 2 48 0 0 0 0 0 0 0 0 0 0 
5 2 -1 11 7 21 0 45 42 2 4 32 -440 
6 2 -1 9 4 12 0 35 31 9 12 32 -2760 
7 3 -1 20 0 16 0 42 22 3 17 32 -6617 
8 3 -1 20 8 0 8 36 17 8 16 32 -7775 
9 3 0 0 0 0 0 0 0 0 0 0 0 
10 3 0 0 0 0 0 0 0 0 0 0 0 
11 3 -1 8 5 18 1 46 10 1 16 32 -2979 
12 3 -1 20 20 20 8 43 37 4 1 32 6626 
13 3 -1 19 10 0 20 39 45 7 2 32 -443 
14 3 -1 17 11 22 4 46 26 1 21 32 1996 
15 4 -1 22 15 15 11 40 26 4 12 32 12316 
16 4 -1 0 2 21 10 41 12 3 31 32 16052 
17 4 -1 4 9 0 13 41 35 5 3 32 -1111 
18 4 -1 22 13 18 15 45 37 2 5 32 1352 
19 4 0 0 0 0 0 0 0 0 0 0 0 
20 4 0 0 0 0 0 0 0 0 0 0 0 
21 4 0 0 0 0 0 0 0 0 0 0 0 
22 4 0 0 0 0 0 0 0 0 0 0 0 
23 4 -1 18 14 3 15 38 30 4 17 32 -3317 
24 4 -1 11 11 5 18 44 41 1 6 32 -562 
25 4 -1 21 2 14 5 35 19 4 23 32 -874 
26 4 -1 16 2 0 17 33 40 8 7 32 -936 
27 4 -1 3 21 6 18 10 39 4 6 32 2967 
28 4 -1 5 2 1 21 25 28 21 13 32 -8876 
29 4 -1 7 0 20 15 42 23 4 21 32 7228 
30 4 -1 12 8 5 2 18 39 8 7 32 -85 
31 5 -1 20 11 0 13 46 41 1 6 32 -1205 
32 5 10 0 0 0 0 0 0 0 0 0 0 
33 5 -1 21 16 5 2 37 22 7 8 32 -3791 
34 5 -1 13 0 22 16 43 29 4 16 32 28243 
35 5 -1 2 16 0 0 9 5 0 0 10 -36 
36 5 -1 43 10 0 0 31 3 0 0 3 -46 
37 5 45 0 0 0 0 0 0 0 0 0 0 
38 5 -1 6 13 7 19 33 39 10 3 32 6575 
39 5 0 0 0 0 0 0 0 0 0 0 0 
40 5 0 0 0 0 0 0 0 0 0 0 0 
41 5 0 0 0 0 0 0 0 0 0 0 0 
42 5 0 0 0 0 0 0 0 0 0 0 0 
43 5 0 0 0 0 0 0 0 0 0 0 0 
44 5 0 0 0 0 0 0 0 0 0 0 0 
45 5 0 0 0 0 0 0 0 0 0 0 0 
46 5 0 0 0 0 0 0 0 0 0 0 0 
47 5 49 0 0 0 0 0 0 0 0 0 0 
48 5 50 0 0 0 0 0 0 0 0 0 0 
49 5 -1 38 11 0 0 12 18 0 0 13 28 
50 5 53 0 0 0 0 0 0 0 0 0 0 
51 5 -1 18 5 20 5 43 24 3 5 32 -470 
52 5 -1 25 34 0 0 17 3 0 0 14 28 
53 5 78 0 0 0 0 0 0 0 0 0 0 
54 5 79 0 0 0 0 0 0 0 0 0 0 
55 5 -1 34 46 0 0 0 3 0 0 1 3 
56 5 -1 13 14 0 16 17 31 8 15 32 -5054 
57 5 -1 14 7 17 21 33 38 2 9 32 11783 
58 5 -1 6 20 8 10 42 45 1 2 32 718 
59 5 -1 6 22 22 10 38 43 2 1 32 1923 
60 5 -1 0 12 6 5 41 23 5 2 32 703 
61 5 -1 20 14 9 14 46 33 1 11 32 5814 
62 5 -1 15 2 19 8 35 38 7 2 32 6809 
63 6 -1 5 13 5 3 19 26 17 1 32 -395 
64 6 -1 14 4 4 14 22 29 23 18 32 -40178 
65 6 0 0 0 0 0 0 0 0 0 0 0 
66 6 0 0 0 0 0 0 0 0 0 0 0 
67 6 -1 8 7 6 8 25 32 6 14 32 -4619 
68 6 -1 2 19 21 4 31 30 9 1 32 7396 
69 6 29 0 0 0 0 0 0 0 0 0 0 
70 6 30 0 0 0 0 0 0 0 0 0 0 
71 6 31 0 0 0 0 0 0 0 0 0 0 
72 6 -1 37 1 0 0 3 25 0 0 17 -13 
73 6 38 0 0 0 0 0 0 0 0 0 0 
74 6 -1 19 4 19 0 46 8 1 19 32 -3383 
75 6 0 0 0 0 0 0 0 0 0 0 0 
76 6 0 0 0 0 0 0 0 0 0 0 0 
77 6 46 0 0 0 0 0 0 0 0 0 0 
78 6 47 0 0 0 0 0 0 0 0 0 0 
79 6 0 0 0 0 0 0 0 0 0 0 0 
80 6 0 0 0 0 0 0 0 0 0 0 0 
81 6 0 0 0 0 0 0 0 0 0 0 0 
82 6 0 0 0 0 0 0 0 0 0 0 0 
83 6 0 0 0 0 0 0 0 0 0 0 0 
84 6 0 0 0 0 0 0 0 0 0 0 0 
85 6 0 0 0 0 0 0 0 0 0 0 0 
86 6 0 0 0 0 0 0 0 0 0 0 0 
87 6 0 0 0 0 0 0 0 0 0 0 0 
88 6 0 0 0 0 0 0 0 0 0 0 0 
89 6 0 0 0 0 0 0 0 0 0 0 0 
90 6 0 0 0 0 0 0 0 0 0 0 0 
91 6 0 0 0 0 0 0 0 0 0 0 0 
92 6 0 0 0 0 0 0 0 0 0 0 0 
93 6 0 0 0 0 0 0 0 0 0 0 0 
94 6 0 0 0 0 0 0 0 0 0 0 0 
95 6 0 0 0 0 0 0 0 0 0 0 0 
96 6 0 0 0 0 0 0 0 0 0 0 0 
97 6 0 0 0 0 0 0 0 0 0 0 0 
98 6 0 0 0 0 0 0 0 0 0 0 0 
99 6 51 0 0 0 0 0 0 0 0 0 0 
100 6 52 0 0 0 0 0 0 0 0 0 0 
101 6 0 0 0 0 0 0 0 0 0 0 0 
102 6 0 0 0 0 0 0 0 0 0 0 0 
103 6 54 0 0 0 0 0 0 0 0 0 0 
104 6 -1 41 44 0 0 18 45 0 0 0 -51 
105 6 -1 4 41 0 0 33 18 0 0 18 28 
106 6 -1 17 11 3 2 34 39 6 7 32 -1171 
107 6 0 0 0 0 0 0 0 0 0 0 0 
108 6 0 0 0 0 0 0 0 0 0 0 0 
109 6 0 0 0 0 0 0 0 0 0 0 0 
110 6 0 0 0 0 0 0 0 0 0 0 0 
111 6 -1 0 21 4 5 45 45 2 1 32 300 
112 6 -1 5 6 8 4 20 42 15 3 32 -1200 
113 6 -1 0 0 3 5 26 39 20 2 32 -1648 
114 6 94 0 0 0 0 0 0 0 0 0 0 
115 6 -1 1 5 3 12 17 29 23 8 32 -5256 
116 6 -1 17 0 16 15 43 34 4 8 32 8435 
117 6 -1 10 35 0 0 31 29 0 0 1 -14 
118 6 -1 15 10 6 3 38 22 4 21 32 -2011 
119 6 -1 8 17 7 3 39 31 7 1 32 -123 
120 6 121 0 0 0 0 0 0 0 0 0 0 
121 6 -1 43 11 0 0 14 38 0 0 0 7 
122 6 -1 19 0 20 13 46 28 1 6 32 7896 
123 6 -1 35 44 0 0 28 29 0 0 4 12 
124 6 -1 2 39 0 0 41 2 0 0 10 75 
125 6 131 0 0 0 0 0 0 0 0 0 0 
126 6 132 0 0 0 0 0 0 0 0 0 0 
127 7 0 0 0 0 0 0 0 0 0 0 0 
128 7 -1 27 39 0 0 34 46 0 0 2 -13 
129 7 4 0 0 0 0 0 0 0 0 0 0 
130 7 -1 8 4 14 8 35 12 6 17 32 -8412 
131 7 0 0 0 0 0 0 0 0 0 0 0 
132 7 0 0 0 0 0 0 0 0 0 0 0 
133 7 0 0 0 0 0 0 0 0 0 0 0 
134 7 0 0 0 0 0 0 0 0 0 0 0 
135 7 -1 11 4 0 11 40 17 2 3 32 -378 
136 7 -1 6 37 0 0 17 30 0 0 16 16 
137 7 -1 18 18 16 21 43 44 1 3 32 32524 
138 7 -1 45 37 0 0 30 22 0 0 1 -32 
139 7 0 0 0 0 0 0 0 0 0 0 0 
140 7 0 0 0 0 0 0 0 0 0 0 0 
141 7 0 0 0 0 0 0 0 0 0 0 0 
142 7 0 0 0 0 0 0 0 0 0 0 0 
143 7 0 0 0 0 0 0 0 0 0 0 0 
144 7 0 0 0 0 0 0 0 0 0 0 0 
145 7 32 0 0 0 0 0 0 0 0 0 0 
146 7 -1 11 2 0 16 44 24 1 7 32 -1338 
147 7 0 0 0 0 0 0 0 0 0 0 0 
148 7 0 0 0 0 0 0 0 0 0 0 0 
149 7 -1 12 0 0 0 31 31 0 0 22 1 
150 7 -1 11 17 0 0 36 13 0 0 7 -6 
151 7 0 0 0 0 0 0 0 0 0 0 0 
152 7 0 0 0 0 0 0 0 0 0 0 0 
153 7 0 0 0 0 0 0 0 0 0 0 0 
154 7 0 0 0 0 0 0 0 0 0 0 0 
155 7 0 0 0 0 0 0 0 0 0 0 0 
156 7 0 0 0 0 0 0 0 0 0 0 0 
157 7 0 0 0 0 0 0 0 0 0 0 0 
158 7 0 0 0 0 0 0 0 0 0 0 0 
159 7 0 0 0 0 0 0 0 0 0 0 0 
160 7 0 0 0 0 0 0 0 0 0 0 0 
161 7 0 0 0 0 0 0 0 0 0 0 0 
162 7 0 0 0 0 0 0 0 0 0 0 0 
163 7 0 0 0 0 0 0 0 0 0 0 0 
164 7 0 0 0 0 0 0 0 0 0 0 0 
165 7 0 0 0 0 0 0 0 0 0 0 0 
166 7 0 0 0 0 0 0 0 0 0 0 0 
167 7 0 0 0 0 0 0 0 0 0 0 0 
168 7 0 0 0 0 0 0 0 0 0 0 0 
169 7 0 0 0 0 0 0 0 0 0 0 0 
170 7 0 0 0 0 0 0 0 0 0 0 0 
171 7 0 0 0 0 0 0 0 0 0 0 0 
172 7 0 0 0 0 0 0 0 0 0 0 0 
173 7 0 0 0 0 0 0 0 0 0 0 0 
174 7 0 0 0 0 0 0 0 0 0 0 0 
175 7 0 0 0 0 0 0 0 0 0 0 0 
176 7 0 0 0 0 0 0 0 0 0 0 0 
177 7 0 0 0 0 0 0 0 0 0 0 0 
178 7 0 0 0 0 0 0 0 0 0 0 0 
179 7 0 0 0 0 0 0 0 0 0 0 0 
180 7 0 0 0 0 0 0 0 0 0 0 0 
181 7 0 0 0 0 0 0 0 0 0 0 0 
182 7 0 0 0 0 0 0 0 0 0 0 0 
183 7 0 0 0 0 0 0 0 0 0 0 0 
184 7 0 0 0 0 0 0 0 0 0 0 0 
185 7 0 0 0 0 0 0 0 0 0 0 0 
186 7 0 0 0 0 0 0 0 0 0 0 0 
187 7 0 0 0 0 0 0 0 0 0 0 0 
188 7 0 0 0 0 0 0 0 0 0 0 0 
189 7 0 0 0 0 0 0 0 0 0 0 0 
190 7 0 0 0 0 0 0 0 0 0 0 0 
191 7 0 0 0 0 0 0 0 0 0 0 0 
192 7 0 0 0 0 0 0 0 0 0 0 0 
193 7 0 0 0 0 0 0 0 0 0 0 0 
194 7 0 0 0 0 0 0 0 0 0 0 0 
195 7 0 0 0 0 0 0 0 0 0 0 0 
196 7 0 0 0 0 0 0 0 0 0 0 0 
197 7 0 0 0 0 0 0 0 0 0 0 0 
198 7 0 0 0 0 0 0 0 0 0 0 0 
199 7 0 0 0 0 0 0 0 0 0 0 0 
200 7 0 0 0 0 0 0 0 0 0 0 0 
201 7 0 0 0 0 0 0 0 0 0 0 0 
202 7 0 0 0 0 0 0 0 0 0 0 0 
203 7 0 0 0 0 0 0 0 0 0 0 0 
204 7 0 0 0 0 0 0 0 0 0 0 0 
205 7 0 0 0 0 0 0 0 0 0 0 0 
206 7 0 0 0 0 0 0 0 0 0 0 0 
207 7 0 0 0 0 0 0 0 0 0 0 0 
208 7 0 0 0 0 0 0 0 0 0 0 0 
209 7 -1 13 13 14 9 38 40 5 7 32 3288 
210 7 -1 0 7 21 11 31 38 6 5 32 4295 
211 7 -1 20 20 0 0 1 12 0 0 2 1 
212 7 -1 23 41 0 0 17 32 0 0 7 14 
213 7 72 0 0 0 0 0 0 0 0 0 0 
214 7 -1 44 42 0 0 22 7 0 0 0 -58 
215 7 0 0 0 0 0 0 0 0 0 0 0 
216 7 0 0 0 0 0 0 0 0 0 0 0 
217 7 0 0 0 0 0 0 0 0 0 0 0 
218 7 0 0 0 0 0 0 0 0 0 0 0 
219 7 0 0 0 0 0 0 0 0 0 0 0 
220 7 0 0 0 0 0 0 0 0 0 0 0 
221 7 0 0 0 0 0 0 0 0 0 0 0 
222 7 0 0 0 0 0 0 0 0 0 0 0 
223 7 -1 12 15 0 7 24 41 18 5 32 -4017 
224 7 -1 15 15 16 6 31 28 8 4 32 2575 
225 7 -1 9 16 17 0 41 23 6 9 32 -2098 
226 7 -1 22 11 2 17 33 45 3 1 32 549 
227 7 92 0 0 0 0 0 0 0 0 0 0 
228 7 93 0 0 0 0 0 0 0 0 0 0 
229 7 0 0 0 0 0 0 0 0 0 0 0 
230 7 0 0 0 0 0 0 0 0 0 0 0 
231 7 -1 9 9 9 6 41 45 6 2 32 878 
232 7 97 0 0 0 0 0 0 0 0 0 0 
233 7 -1 3 2 0 4 40 18 6 23 32 -5010 
234 7 -1 5 16 2 10 15 32 19 6 32 -3940 
235 7 -1 11 14 1 14 33 43 10 1 32 -342 
236 7 -1 40 19 0 0 33 20 0 0 7 34 
237 7 -1 7 17 16 19 35 38 3 5 32 8799 
238 7 118 0 0 0 0 0 0 0 0 0 0 
239 7 119 0 0 0 0 0 0 0 0 0 0 
240 7 120 0 0 0 0 0 0 0 0 0 0 
241 7 0 0 0 0 0 0 0 0 0 0 0 
242 7 0 0 0 0 0 0 0 0 0 0 0 
243 7 122 0 0 0 0 0 0 0 0 0 0 
244 7 123 0 0 0 0 0 0 0 0 0 0 
245 7 124 0 0 0 0 0 0 0 0 0 0 
246 7 125 0 0 0 0 0 0 0 0 0 0 
247 7 126 0 0 0 0 0 0 0 0 0 0 
248 7 -1 16 7 16 13 33 40 4 1 32 6173 
249 7 129 0 0 0 0 0 0 0 0 0 0 
250 7 130 0 0 0 0 0 0 0 0 0 0 
251 7 0 0 0 0 0 0 0 0 0 0 0 
252 7 0 0 0 0 0 0 0 0 0 0 0 
253 7 0 0 0 0 0 0 0 0 0 0 0 
254 7 0 0 0 0 0 0 0 0 0 0 0 
255 8 0 0 0 0 0 0 0 0 0 0 0 
256 8 0 0 0 0 0 0 0 0 0 0 0 
257 8 1 0 0 0 0 0 0 0 0 0 0 
258 8 -1 18 22 0 21 46 46 1 1 32 -202 
259 8 0 0 0 0 0 0 0 0 0 0 0 
260 8 0 0 0 0 0 0 0 0 0 0 0 
261 8 -1 25 24 0 0 29 41 0 0 8 56 
262 8 -1 1 16 14 4 42 38 1 6 32 4073 
263 8 0 0 0 0 0 0 0 0 0 0 0 
264 8 0 0 0 0 0 0 0 0 0 0 0 
265 8 0 0 0 0 0 0 0 0 0 0 0 
266 8 0 0 0 0 0 0 0 0 0 0 0 
267 8 0 0 0 0 0 0 0 0 0 0 0 
268 8 0 0 0 0 0 0 0 0 0 0 0 
269 8 0 0 0 0 0 0 0 0 0 0 0 
270 8 0 0 0 0 0 0 0 0 0 0 0 
271 8 -1 2 47 0 0 38 27 0 0 18 9 
272 8 14 0 0 0 0 0 0 0 0 0 0 
273 8 -1 8 14 0 0 19 29 0 0 8 26 
274 8 -1 0 9 0 0 14 15 0 0 17 12 
275 8 -1 15 16 19 11 46 38 1 1 32 9348 
276 8 25 0 0 0 0 0 0 0 0 0 0 
277 8 26 0 0 0 0 0 0 0 0 0 0 
278 8 -1 8 21 3 4 32 27 15 12 32 -15982 
279 8 0 0 0 0 0 0 0 0 0 0 0 
280 8 0 0 0 0 0 0 0 0 0 0 0 
281 8 0 0 0 0 0 0 0 0 0 0 0 
282 8 0 0 0 0 0 0 0 0 0 0 0 
283 8 0 0 0 0 0 0 0 0 0 0 0 
284 8 0 0 0 0 0 0 0 0 0 0 0 
285 8 0 0 0 0 0 0 0 0 0 0 0 
286 8 0 0 0 0 0 0 0 0 0 0 0 
287 8 0 0 0 0 0 0 0 0 0 0 0 
288 8 0 0 0 0 0 0 0 0 0 0 0 
289 8 0 0 0 0 0 0 0 0 0 0 0 
290 8 0 0 0 0 0 0 0 0 0 0 0 
291 8 0 0 0 0 0 0 0 0 0 0 0 
292 8 0 0 0 0 0 0 0 0 0 0 0 
293 8 33 0 0 0 0 0 0 0 0 0 0 
294 8 -1 25 35 0 0 13 18 0 0 17 1 
295 8 0 0 0 0 0 0 0 0 0 0 0 
296 8 0 0 0 0 0 0 0 0 0 0 0 
297 8 0 0 0 0 0 0 0 0 0 0 0 
298 8 0 0 0 0 0 0 0 0 0 0 0 
299 8 -1 18 34 0 0 46 21 0 0 13 -2 
300 8 42 0 0 0 0 0 0 0 0 0 0 
301 8 43 0 0 0 0 0 0 0 0 0 0 
302 8 44 0 0 0 0 0 0 0 0 0 0 
303 8 0 0 0 0 0 0 0 0 0 0 0 
304 8 0 0 0 0 0 0 0 0 0 0 0 
305 8 0 0 0 0 0 0 0 0 0 0 0 
306 8 0 0 0 0 0 0 0 0 0 0 0 
307 8 0 0 0 0 0 0 0 0 0 0 0 
308 8 0 0 0 0 0 0 0 0 0 0 0 
309 8 0 0 0 0 0 0 0 0 0 0 0 
310 8 0 0 0 0 0 0 0 0 0 0 0 
311 8 0 0 0 0 0 0 0 0 0 0 0 
312 8 0 0 0 0 0 0 0 0 0 0 0 
313 8 0 0 0 0 0 0 0 0 0 0 0 
314 8 0 0 0 0 0 0 0 0 0 0 0 
315 8 0 0 0 0 0 0 0 0 0 0 0 
316 8 0 0 0 0 0 0 0 0 0 0 0 
317 8 0 0 0 0 0 0 0 0 0 0 0 
318 8 0 0 0 0 0 0 0 0 0 0 0 
319 8 0 0 0 0 0 0 0 0 0 0 0 
320 8 0 0 0 0 0 0 0 0 0 0 0 
321 8 0 0 0 0 0 0 0 0 0 0 0 
322 8 0 0 0 0 0 0 0 0 0 0 0 
323 8 0 0 0 0 0 0 0 0 0 0 0 
324 8 0 0 0 0 0 0 0 0 0 0 0 
325 8 0 0 0 0 0 0 0 0 0 0 0 
326 8 0 0 0 0 0 0 0 0 0 0 0 
327 8 0 0 0 0 0 0 0 0 0 0 0 
328 8 0 0 0 0 0 0 0 0 0 0 0 
329 8 0 0 0 0 0 0 0 0 0 0 0 
330 8 0 0 0 0 0 0 0 0 0 0 0 
331 8 0 0 0 0 0 0 0 0 0 0 0 
332 8 0 0 0 0 0 0 0 0 0 0 0 
333 8 0 0 0 0 0 0 0 0 0 0 0 
334 8 0 0 0 0 0 0 0 0 0 0 0 
335 8 0 0 0 0 0 0 0 0 0 0 0 
336 8 0 0 0 0 0 0 0 0 0 0 0 
337 8 0 0 0 0 0 0 0 0 0 0 0 
338 8 0 0 0 0 0 0 0 0 0 0 0 
339 8 0 0 0 0 0 0 0 0 0 0 0 
340 8 0 0 0 0 0 0 0 0 0 0 0 
341 8 0 0 0 0 0 0 0 0 0 0 0 
342 8 0 0 0 0 0 0 0 0 0 0 0 
343 8 0 0 0 0 0 0 0 0 0 0 0 
344 8 0 0 0 0 0 0 0 0 0 0 0 
345 8 0 0 0 0 0 0 0 0 0 0 0 
346 8 0 0 0 0 0 0 0 0 0 0 0 
347 8 0 0 0 0 0 0 0 0 0 0 0 
348 8 0 0 0 0 0 0 0 0 0 0 0 
349 8 0 0 0 0 0 0 0 0 0 0 0 
350 8 0 0 0 0 0 0 0 0 0 0 0 
351 8 0 0 0 0 0 0 0 0 0 0 0 
352 8 0 0 0 0 0 0 0 0 0 0 0 
353 8 0 0 0 0 0 0 0 0 0 0 0 
354 8 0 0 0 0 0 0 0 0 0 0 0 
355 8 0 0 0 0 0 0 0 0 0 0 0 
356 8 0 0 0 0 0 0 0 0 0 0 0 
357 8 0 0 0 0 0 0 0 0 0 0 0 
358 8 0 0 0 0 0 0 0 0 0 0 0 
359 8 0 0 0 0 0 0 0 0 0 0 0 
360 8 0 0 0 0 0 0 0 0 0 0 0 
361 8 0 0 0 0 0 0 0 0 0 0 0 
362 8 0 0 0 0 0 0 0 0 0 0 0 
363 8 0 0 0 0 0 0 0 0 0 0 0 
364 8 0 0 0 0 0 0 0 0 0 0 0 
365 8 0 0 0 0 0 0 0 0 0 0 0 
366 8 0 0 0 0 0 0 0 0 0 0 0 
367 8 0 0 0 0 0 0 0 0 0 0 0 
368 8 0 0 0 0 0 0 0 0 0 0 0 
369 8 0 0 0 0 0 0 0 0 0 0 0 
370 8 0 0 0 0 0 0 0 0 0 0 0 
371 8 0 0 0 0 0 0 0 0 0 0 0 
372 8 0 0 0 0 0 0 0 0 0 0 0 
373 8 0 0 0 0 0 0 0 0 0 0 0 
374 8 0 0 0 0 0 0 0 0 0 0 0 
375 8 0 0 0 0 0 0 0 0 0 0 0 
376 8 0 0 0 0 0 0 0 0 0 0 0 
377 8 0 0 0 0 0 0 0 0 0 0 0 
378 8 0 0 0 0 0 0 0 0 0 0 0 
379 8 0 0 0 0 0 0 0 0 0 0 0 
380 8 0 0 0 0 0 0 0 0 0 0 0 
381 8 0 0 0 0 0 0 0 0 0 0 0 
382 8 0 0 0 0 0 0 0 0 0 0 0 
383 8 0 0 0 0 0 0 0 0 0 0 0 
384 8 0 0 0 0 0 0 0 0 0 0 0 
385 8 0 0 0 0 0 0 0 0 0 0 0 
386 8 0 0 0 0 0 0 0 0 0 0 0 
387 8 0 0 0 0 0 0 0 0 0 0 0 
388 8 0 0 0 0 0 0 0 0 0 0 0 
389 8 0 0 0 0 0 0 0 0 0 0 0 
390 8 0 0 0 0 0 0 0 0 0 0 0 
391 8 0 0 0 0 0 0 0 0 0 0 0 
392 8 0 0 0 0 0 0 0 0 0 0 0 
393 8 0 0 0 0 0 0 0 0 0 0 0 
394 8 0 0 0 0 0 0 0 0 0 0 0 
395 8 0 0 0 0 0 0 0 0 0 0 0 
396 8 0 0 0 0 0 0 0 0 0 0 0 
397 8 0 0 0 0 0 0 0 0 0 0 0 
398 8 0 0 0 0 0 0 0 0 0 0 0 
399 8 0 0 0 0 0 0 0 0 0 0 0 
400 8 0 0 0 0 0 0 0 0 0 0 0 
401 8 0 0 0 0 0 0 0 0 0 0 0 
402 8 0 0 0 0 0 0 0 0 0 0 0 
403 8 0 0 0 0 0 0 0 0 0 0 0 
404 8 0 0 0 0 0 0 0 0 0 0 0 
405 8 0 0 0 0 0 0 0 0 0 0 0 
406 8 0 0 0 0 0 0 0 0 0 0 0 
407 8 0 0 0 0 0 0 0 0 0 0 0 
408 8 0 0 0 0 0 0 0 0 0 0 0 
409 8 0 0 0 0 0 0 0 0 0 0 0 
410 8 0 0 0 0 0 0 0 0 0 0 0 
411 8 0 0 0 0 0 0 0 0 0 0 0 
412 8 0 0 0 0 0 0 0 0 0 0 0 
413 8 0 0 0 0 0 0 0 0 0 0 0 
414 8 0 0 0 0 0 0 0 0 0 0 0 
415 8 0 0 0 0 0 0 0 0 0 0 0 
416 8 0 0 0 0 0 0 0 0 0 0 0 
417 8 0 0 0 0 0 0 0 0 0 0 0 
418 8 0 0 0 0 0 0 0 0 0 0 0 
419 8 -1 16 0 2 17 46 29 1 17 32 -19 
420 8 57 0 0 0 0 0 0 0 0 0 0 
421 8 -1 20 1 21 0 44 6 1 31 32 -1401 
422 8 62 0 0 0 0 0 0 0 0 0 0 
423 8 -1 8 22 3 17 19 42 24 5 32 1651 
424 8 -1 31 31 0 0 6 36 0 0 16 -15 
425 8 70 0 0 0 0 0 0 0 0 0 0 
426 8 71 0 0 0 0 0 0 0 0 0 0 
427 8 0 0 0 0 0 0 0 0 0 0 0 
428 8 0 0 0 0 0 0 0 0 0 0 0 
429 8 -1 12 36 0 0 31 30 0 0 17 1 
430 8 -1 4 34 0 0 35 28 0 0 9 -42 
431 8 0 0 0 0 0 0 0 0 0 0 0 
432 8 0 0 0 0 0 0 0 0 0 0 0 
433 8 0 0 0 0 0 0 0 0 0 0 0 
434 8 0 0 0 0 0 0 0 0 0 0 0 
435 8 0 0 0 0 0 0 0 0 0 0 0 
436 8 0 0 0 0 0 0 0 0 0 0 0 
437 8 0 0 0 0 0 0 0 0 0 0 0 
438 8 0 0 0 0 0 0 0 0 0 0 0 
439 8 0 0 0 0 0 0 0 0 0 0 0 
440 8 0 0 0 0 0 0 0 0 0 0 0 
441 8 0 0 0 0 0 0 0 0 0 0 0 
442 8 0 0 0 0 0 0 0 0 0 0 0 
443 8 0 0 0 0 0 0 0 0 0 0 0 
444 8 0 0 0 0 0 0 0 0 0 0 0 
445 8 0 0 0 0 0 0 0 0 0 0 0 
446 8 0 0 0 0 0 0 0 0 0 0 0 
447 8 80 0 0 0 0 0 0 0 0 0 0 
448 8 81 0 0 0 0 0 0 0 0 0 0 
449 8 -1 1 18 2 12 12 37 34 5 32 -5099 
450 8 84 0 0 0 0 0 0 0 0 0 0 
451 8 85 0 0 0 0 0 0 0 0 0 0 
452 8 -1 12 32 0 0 47 19 0 0 17 3 
453 8 89 0 0 0 0 0 0 0 0 0 0 
454 8 -1 17 7 0 0 31 39 0 0 7 -19 
455 8 0 0 0 0 0 0 0 0 0 0 0 
456 8 0 0 0 0 0 0 0 0 0 0 0 
457 8 0 0 0 0 0 0 0 0 0 0 0 
458 8 0 0 0 0 0 0 0 0 0 0 0 
459 8 0 0 0 0 0 0 0 0 0 0 0 
460 8 0 0 0 0 0 0 0 0 0 0 0 
461 8 0 0 0 0 0 0 0 0 0 0 0 
462 8 0 0 0 0 0 0 0 0 0 0 0 
463 8 95 0 0 0 0 0 0 0 0 0 0 
464 8 96 0 0 0 0 0 0 0 0 0 0 
465 8 0 0 0 0 0 0 0 0 0 0 0 
466 8 0 0 0 0 0 0 0 0 0 0 0 
467 8 -1 6 0 2 6 29 6 4 13 32 -1607 
468 8 -1 12 6 18 3 33 14 10 29 32 -7954 
469 8 104 0 0 0 0 0 0 0 0 0 0 
470 8 -1 19 3 11 7 44 15 2 13 32 2001 
471 8 107 0 0 0 0 0 0 0 0 0 0 
472 8 108 0 0 0 0 0 0 0 0 0 0 
473 8 109 0 0 0 0 0 0 0 0 0 0 
474 8 -1 17 15 11 0 33 22 14 22 32 -9411 
475 8 -1 1 5 0 19 3 34 9 3 32 -778 
476 8 -1 46 40 0 0 2 37 0 0 4 -2 
477 8 0 0 0 0 0 0 0 0 0 0 0 
478 8 0 0 0 0 0 0 0 0 0 0 0 
479 8 0 0 0 0 0 0 0 0 0 0 0 
480 8 0 0 0 0 0 0 0 0 0 0 0 
481 8 0 0 0 0 0 0 0 0 0 0 0 
482 8 0 0 0 0 0 0 0 0 0 0 0 
483 8 0 0 0 0 0 0 0 0 0 0 0 
484 8 0 0 0 0 0 0 0 0 0 0 0 
485 8 0 0 0 0 0 0 0 0 0 0 0 
486 8 0 0 0 0 0 0 0 0 0 0 0 
487 8 0 0 0 0 0 0 0 0 0 0 0 
488 8 0 0 0 0 0 0 0 0 0 0 0 
489 8 0 0 0 0 0 0 0 0 0 0 0 
490 8 0 0 0 0 0 0 0 0 0 0 0 
491 8 0 0 0 0 0 0 0 0 0 0 0 
492 8 0 0 0 0 0 0 0 0 0 0 0 
493 8 0 0 0 0 0 0 0 0 0 0 0 
494 8 0 0 0 0 0 0 0 0 0 0 0 
495 8 0 0 0 0 0 0 0 0 0 0 0 
496 8 0 0 0 0 0 0 0 0 0 0 0 
497 8 127 0 0 0 0 0 0 0 0 0 0 
498 8 128 0 0 0 0 0 0 0 0 0 0 
499 8 0 0 0 0 0 0 0 0 0 0 0 
500 8 0 0 0 0 0 0 0 0 0 0 0 
501 8 0 0 0 0 0 0 0 0 0 0 0 
502 8 0 0 0 0 0 0 0 0 0 0 0 
503 8 0 0 0 0 0 0 0 0 0 0 0 
504 8 0 0 0 0 0 0 0 0 0 0 0 
505 8 0 0 0 0 0 0 0 0 0 0 0 
506 8 0 0 0 0 0 0 0 0 0 0 0 
507 8 0 0 0 0 0 0 0 0 0 0 0 
508 8 0 0 0 0 0 0 0 0 0 0 0 
509 8 0 0 0 0 0 0 0 0 0 0 0 
510 8 0 0 0 0 0 0 0 0 0 0 0 
511 9 0 0 0 0 0 0 0 0 0 0 0 
512 9 0 0 0 0 0 0 0 0 0 0 0 
513 9 0 0 0 0 0 0 0 0 0 0 0 
514 9 0 0 0 0 0 0 0 0 0 0 0 
515 9 0 0 0 0 0 0 0 0 0 0 0 
516 9 0 0 0 0 0 0 0 0 0 0 0 
517 9 2 0 0 0 0 0 0 0 0 0 0 
518 9 3 0 0 0 0 0 0 0 0 0 0 
519 9 0 0 0 0 0 0 0 0 0 0 0 
520 9 0 0 0 0 0 0 0 0 0 0 0 
521 9 0 0 0 0 0 0 0 0 0 0 0 
522 9 0 0 0 0 0 0 0 0 0 0 0 
523 9 5 0 0 0 0 0 0 0 0 0 0 
524 9 6 0 0 0 0 0 0 0 0 0 0 
525 9 7 0 0 0 0 0 0 0 0 0 0 
526 9 -1 36 28 0 0 18 41 0 0 16 38 
527 9 0 0 0 0 0 0 0 0 0 0 0 
528 9 0 0 0 0 0 0 0 0 0 0 0 
529 9 0 0 0 0 0 0 0 0 0 0 0 
530 9 0 0 0 0 0 0 0 0 0 0 0 
531 9 0 0 0 0 0 0 0 0 0 0 0 
532 9 0 0 0 0 0 0 0 0 0 0 0 
533 9 0 0 0 0 0 0 0 0 0 0 0 
534 9 0 0 0 0 0 0 0 0 0 0 0 
535 9 0 0 0 0 0 0 0 0 0 0 0 
536 9 0 0 0 0 0 0 0 0 0 0 0 
537 9 0 0 0 0 0 0 0 0 0 0 0 
538 9 0 0 0 0 0 0 0 0 0 0 0 
539 9 0 0 0 0 0 0 0 0 0 0 0 
540 9 0 0 0 0 0 0 0 0 0 0 0 
541 9 0 0 0 0 0 0 0 0 0 0 0 
542 9 0 0 0 0 0 0 0 0 0 0 0 
543 9 -1 22 4 12 4 36 45 1 1 32 4503 
544 9 13 0 0 0 0 0 0 0 0 0 0 
545 9 0 0 0 0 0 0 0 0 0 0 0 
546 9 0 0 0 0 0 0 0 0 0 0 0 
547 9 -1 3 45 0 0 17 34 0 0 10 48 
548 9 -1 21 10 21 0 42 33 5 3 32 -1712 
549 9 -1 3 0 14 2 37 7 5 25 32 -6900 
550 9 21 0 0 0 0 0 0 0 0 0 0 
551 9 22 0 0 0 0 0 0 0 0 0 0 
552 9 -1 4 21 0 12 18 36 15 11 32 -16762 
553 9 0 0 0 0 0 0 0 0 0 0 0 
554 9 0 0 0 0 0 0 0 0 0 0 0 
555 9 0 0 0 0 0 0 0 0 0 0 0 
556 9 0 0 0 0 0 0 0 0 0 0 0 
557 9 27 0 0 0 0 0 0 0 0 0 0 
558 9 28 0 0 0 0 0 0 0 0 0 0 
559 9 0 0 0 0 0 0 0 0 0 0 0 
560 9 0 0 0 0 0 0 0 0 0 0 0 
561 9 0 0 0 0 0 0 0 0 0 0 0 
562 9 0 0 0 0 0 0 0 0 0 0 0 
563 9 0 0 0 0 0 0 0 0 0 0 0 
564 9 0 0 0 0 0 0 0 0 0 0 0 
565 9 0 0 0 0 0 0 0 0 0 0 0 
566 9 0 0 0 0 0 0 0 0 0 0 0 
567 9 0 0 0 0 0 0 0 0 0 0 0 
568 9 0 0 0 0 0 0 0 0 0 0 0 
569 9 0 0 0 0 0 0 0 0 0 0 0 
570 9 0 0 0 0 0 0 0 0 0 0 0 
571 9 0 0 0 0 0 0 0 0 0 0 0 
572 9 0 0 0 0 0 0 0 0 0 0 0 
573 9 0 0 0 0 0 0 0 0 0 0 0 
574 9 0 0 0 0 0 0 0 0 0 0 0 
575 9 0 0 0 0 0 0 0 0 0 0 0 
576 9 0 0 0 0 0 0 0 0 0 0 0 
577 9 0 0 0 0 0 0 0 0 0 0 0 
578 9 0 0 0 0 0 0 0 0 0 0 0 
579 9 0 0 0 0 0 0 0 0 0 0 0 
580 9 0 0 0 0 0 0 0 0 0 0 0 
581 9 0 0 0 0 0 0 0 0 0 0 0 
582 9 0 0 0 0 0 0 0 0 0 0 0 
583 9 0 0 0 0 0 0 0 0 0 0 0 
584 9 0 0 0 0 0 0 0 0 0 0 0 
585 9 0 0 0 0 0 0 0 0 0 0 0 
586 9 0 0 0 0 0 0 0 0 0 0 0 
587 9 0 0 0 0 0 0 0 0 0 0 0 
588 9 0 0 0 0 0 0 0 0 0 0 0 
589 9 -1 30 5 0 0 35 37 0 0 2 -10 
590 9 -1 16 40 0 0 21 26 0 0 19 1 
591 9 0 0 0 0 0 0 0 0 0 0 0 
592 9 0 0 0 0 0 0 0 0 0 0 0 
593 9 0 0 0 0 0 0 0 0 0 0 0 
594 9 0 0 0 0 0 0 0 0 0 0 0 
595 9 0 0 0 0 0 0 0 0 0 0 0 
596 9 0 0 0 0 0 0 0 0 0 0 0 
597 9 0 0 0 0 0 0 0 0 0 0 0 
598 9 0 0 0 0 0 0 0 0 0 0 0 
599 9 39 0 0 0 0 0 0 0 0 0 0 
600 9 -1 16 37 0 0 30 31 0 0 0 -29 
601 9 0 0 0 0 0 0 0 0 0 0 0 
602 9 0 0 0 0 0 0 0 0 0 0 0 
603 9 0 0 0 0 0 0 0 0 0 0 0 
604 9 0 0 0 0 0 0 0 0 0 0 0 
605 9 0 0 0 0 0 0 0 0 0 0 0 
606 9 0 0 0 0 0 0 0 0 0 0 0 
607 9 0 0 0 0 0 0 0 0 0 0 0 
608 9 0 0 0 0 0 0 0 0 0 0 0 
609 9 0 0 0 0 0 0 0 0 0 0 0 
610 9 0 0 0 0 0 0 0 0 0 0 0 
611 9 0 0 0 0 0 0 0 0 0 0 0 
612 9 0 0 0 0 0 0 0 0 0 0 0 
613 9 0 0 0 0 0 0 0 0 0 0 0 
614 9 0 0 0 0 0 0 0 0 0 0 0 
615 9 0 0 0 0 0 0 0 0 0 0 0 
616 9 0 0 0 0 0 0 0 0 0 0 0 
617 9 0 0 0 0 0 0 0 0 0 0 0 
618 9 0 0 0 0 0 0 0 0 0 0 0 
619 9 0 0 0 0 0 0 0 0 0 0 0 
620 9 0 0 0 0 0 0 0 0 0 0 0 
621 9 0 0 0 0 0 0 0 0 0 0 0 
622 9 0 0 0 0 0 0 0 0 0 0 0 
623 9 0 0 0 0 0 0 0 0 0 0 0 
624 9 0 0 0 0 0 0 0 0 0 0 0 
625 9 0 0 0 0 0 0 0 0 0 0 0 
626 9 0 0 0 0 0 0 0 0 0 0 0 
627 9 0 0 0 0 0 0 0 0 0 0 0 
628 9 0 0 0 0 0 0 0 0 0 0 0 
629 9 0 0 0 0 0 0 0 0 0 0 0 
630 9 0 0 0 0 0 0 0 0 0 0 0 
631 9 0 0 0 0 0 0 0 0 0 0 0 
632 9 0 0 0 0 0 0 0 0 0 0 0 
633 9 0 0 0 0 0 0 0 0 0 0 0 
634 9 0 0 0 0 0 0 0 0 0 0 0 
635 9 0 0 0 0 0 0 0 0 0 0 0 
636 9 0 0 0 0 0 0 0 0 0 0 0 
637 9 0 0 0 0 0 0 0 0 0 0 0 
638 9 0 0 0 0 0 0 0 0 0 0 0 
639 9 0 0 0 0 0 0 0 0 0 0 0 
640 9 0 0 0 0 0 0 0 0 0 0 0 
641 9 0 0 0 0 0 0 0 0 0 0 0 
642 9 0 0 0 0 0 0 0 0 0 0 0 
643 9 0 0 0 0 0 0 0 0 0 0 0 
644 9 0 0 0 0 0 0 0 0 0 0 0 
645 9 0 0 0 0 0 0 0 0 0 0 0 
646 9 0 0 0 0 0 0 0 0 0 0 0 
647 9 0 0 0 0 0 0 0 0 0 0 0 
648 9 0 0 0 0 0 0 0 0 0 0 0 
649 9 0 0 0 0 0 0 0 0 0 0 0 
650 9 0 0 0 0 0 0 0 0 0 0 0 
651 9 0 0 0 0 0 0 0 0 0 0 0 
652 9 0 0 0 0 0 0 0 0 0 0 0 
653 9 0 0 0 0 0 0 0 0 0 0 0 
654 9 0 0 0 0 0 0 0 0 0 0 0 
655 9 0 0 0 0 0 0 0 0 0 0 0 
656 9 0 0 0 0 0 0 0 0 0 0 0 
657 9 0 0 0 0 0 0 0 0 0 0 0 
658 9 0 0 0 0 0 0 0 0 0 0 0 
659 9 0 0 0 0 0 0 0 0 0 0 0 
660 9 0 0 0 0 0 0 0 0 0 0 0 
661 9 0 0 0 0 0 0 0 0 0 0 0 
662 9 0 0 0 0 0 0 0 0 0 0 0 
663 9 0 0 0 0 0 0 0 0 0 0 0 
664 9 0 0 0 0 0 0 0 0 0 0 0 
665 9 0 0 0 0 0 0 0 0 0 0 0 
666 9 0 0 0 0 0 0 0 0 0 0 0 
667 9 0 0 0 0 0 0 0 0 0 0 0 
668 9 0 0 0 0 0 0 0 0 0 0 0 
669 9 0 0 0 0 0 0 0 0 0 0 0 
670 9 0 0 0 0 0 0 0 0 0 0 0 
671 9 0 0 0 0 0 0 0 0 0 0 0 
672 9 0 0 0 0 0 0 0 0 0 0 0 
673 9 0 0 0 0 0 0 0 0 0 0 0 
674 9 0 0 0 0 0 0 0 0 0 0 0 
675 9 0 0 0 0 0 0 0 0 0 0 0 
676 9 0 0 0 0 0 0 0 0 0 0 0 
677 9 0 0 0 0 0 0 0 0 0 0 0 
678 9 0 0 0 0 0 0 0 0 0 0 0 
679 9 0 0 0 0 0 0 0 0 0 0 0 
680 9 0 0 0 0 0 0 0 0 0 0 0 
681 9 0 0 0 0 0 0 0 0 0 0 0 
682 9 0 0 0 0 0 0 0 0 0 0 0 
683 9 0 0 0 0 0 0 0 0 0 0 0 
684 9 0 0 0 0 0 0 0 0 0 0 0 
685 9 0 0 0 0 0 0 0 0 0 0 0 
686 9 0 0 0 0 0 0 0 0 0 0 0 
687 9 0 0 0 0 0 0 0 0 0 0 0 
688 9 0 0 0 0 0 0 0 0 0 0 0 
689 9 0 0 0 0 0 0 0 0 0 0 0 
690 9 0 0 0 0 0 0 0 0 0 0 0 
691 9 0 0 0 0 0 0 0 0 0 0 0 
692 9 0 0 0 0 0 0 0 0 0 0 0 
693 9 0 0 0 0 0 0 0 0 0 0 0 
694 9 0 0 0 0 0 0 0 0 0 0 0 
695 9 0 0 0 0 0 0 0 0 0 0 0 
696 9 0 0 0 0 0 0 0 0 0 0 0 
697 9 0 0 0 0 0 0 0 0 0 0 0 
698 9 0 0 0 0 0 0 0 0 0 0 0 
699 9 0 0 0 0 0 0 0 0 0 0 0 
700 9 0 0 0 0 0 0 0 0 0 0 0 
701 9 0 0 0 0 0 0 0 0 0 0 0 
702 9 0 0 0 0 0 0 0 0 0 0 0 
703 9 0 0 0 0 0 0 0 0 0 0 0 
704 9 0 0 0 0 0 0 0 0 0 0 0 
705 9 0 0 0 0 0 0 0 0 0 0 0 
706 9 0 0 0 0 0 0 0 0 0 0 0 
707 9 0 0 0 0 0 0 0 0 0 0 0 
708 9 0 0 0 0 0 0 0 0 0 0 0 
709 9 0 0 0 0 0 0 0 0 0 0 0 
710 9 0 0 0 0 0 0 0 0 0 0 0 
711 9 0 0 0 0 0 0 0 0 0 0 0 
712 9 0 0 0 0 0 0 0 0 0 0 0 
713 9 0 0 0 0 0 0 0 0 0 0 0 
714 9 0 0 0 0 0 0 0 0 0 0 0 
715 9 0 0 0 0 0 0 0 0 0 0 0 
716 9 0 0 0 0 0 0 0 0 0 0 0 
717 9 0 0 0 0 0 0 0 0 0 0 0 
718 9 0 0 0 0 0 0 0 0 0 0 0 
719 9 0 0 0 0 0 0 0 0 0 0 0 
720 9 0 0 0 0 0 0 0 0 0 0 0 
721 9 0 0 0 0 0 0 0 0 0 0 0 
722 9 0 0 0 0 0 0 0 0 0 0 0 
723 9 0 0 0 0 0 0 0 0 0 0 0 
724 9 0 0 0 0 0 0 0 0 0 0 0 
725 9 0 0 0 0 0 0 0 0 0 0 0 
726 9 0 0 0 0 0 0 0 0 0 0 0 
727 9 0 0 0 0 0 0 0 0 0 0 0 
728 9 0 0 0 0 0 0 0 0 0 0 0 
729 9 0 0 0 0 0 0 0 0 0 0 0 
730 9 0 0 0 0 0 0 0 0 0 0 0 
731 9 0 0 0 0 0 0 0 0 0 0 0 
732 9 0 0 0 0 0 0 0 0 0 0 0 
733 9 0 0 0 0 0 0 0 0 0 0 0 
734 9 0 0 0 0 0 0 0 0 0 0 0 
735 9 0 0 0 0 0 0 0 0 0 0 0 
736 9 0 0 0 0 0 0 0 0 0 0 0 
737 9 0 0 0 0 0 0 0 0 0 0 0 
738 9 0 0 0 0 0 0 0 0 0 0 0 
739 9 0 0 0 0 0 0 0 0 0 0 0 
740 9 0 0 0 0 0 0 0 0 0 0 0 
741 9 0 0 0 0 0 0 0 0 0 0 0 
742 9 0 0 0 0 0 0 0 0 0 0 0 
743 9 0 0 0 0 0 0 0 0 0 0 0 
744 9 0 0 0 0 0 0 0 0 0 0 0 
745 9 0 0 0 0 0 0 0 0 0 0 0 
746 9 0 0 0 0 0 0 0 0 0 0 0 
747 9 0 0 0 0 0 0 0 0 0 0 0 
748 9 0 0 0 0 0 0 0 0 0 0 0 
749 9 0 0 0 0 0 0 0 0 0 0 0 
750 9 0 0 0 0 0 0 0 0 0 0 0 
751 9 0 0 0 0 0 0 0 0 0 0 0 
752 9 0 0 0 0 0 0 0 0 0 0 0 
753 9 0 0 0 0 0 0 0 0 0 0 0 
754 9 0 0 0 0 0 0 0 0 0 0 0 
755 9 0 0 0 0 0 0 0 0 0 0 0 
756 9 0 0 0 0 0 0 0 0 0 0 0 
757 9 0 0 0 0 0 0 0 0 0 0 0 
758 9 0 0 0 0 0 0 0 0 0 0 0 
759 9 0 0 0 0 0 0 0 0 0 0 0 
760 9 0 0 0 0 0 0 0 0 0 0 0 
761 9 0 0 0 0 0 0 0 0 0 0 0 
762 9 0 0 0 0 0 0 0 0 0 0 0 
763 9 0 0 0 0 0 0 0 0 0 0 0 
764 9 0 0 0 0 0 0 0 0 0 0 0 
765 9 0 0 0 0 0 0 0 0 0 0 0 
766 9 0 0 0 0 0 0 0 0 0 0 0 
767 9 0 0 0 0 0 0 0 0 0 0 0 
768 9 0 0 0 0 0 0 0 0 0 0 0 
769 9 0 0 0 0 0 0 0 0 0 0 0 
770 9 0 0 0 0 0 0 0 0 0 0 0 
771 9 0 0 0 0 0 0 0 0 0 0 0 
772 9 0 0 0 0 0 0 0 0 0 0 0 
773 9 0 0 0 0 0 0 0 0 0 0 0 
774 9 0 0 0 0 0 0 0 0 0 0 0 
775 9 0 0 0 0 0 0 0 0 0 0 0 
776 9 0 0 0 0 0 0 0 0 0 0 0 
777 9 0 0 0 0 0 0 0 0 0 0 0 
778 9 0 0 0 0 0 0 0 0 0 0 0 
779 9 0 0 0 0 0 0 0 0 0 0 0 
780 9 0 0 0 0 0 0 0 0 0 0 0 
781 9 0 0 0 0 0 0 0 0 0 0 0 
782 9 0 0 0 0 0 0 0 0 0 0 0 
783 9 0 0 0 0 0 0 0 0 0 0 0 
784 9 0 0 0 0 0 0 0 0 0 0 0 
785 9 0 0 0 0 0 0 0 0 0 0 0 
786 9 0 0 0 0 0 0 0 0 0 0 0 
787 9 0 0 0 0 0 0 0 0 0 0 0 
788 9 0 0 0 0 0 0 0 0 0 0 0 
789 9 0 0 0 0 0 0 0 0 0 0 0 
790 9 0 0 0 0 0 0 0 0 0 0 0 
791 9 0 0 0 0 0 0 0 0 0 0 0 
792 9 0 0 0 0 0 0 0 0 0 0 0 
793 9 0 0 0 0 0 0 0 0 0 0 0 
794 9 0 0 0 0 0 0 0 0 0 0 0 
795 9 0 0 0 0 0 0 0 0 0 0 0 
796 9 0 0 0 0 0 0 0 0 0 0 0 
797 9 0 0 0 0 0 0 0 0 0 0 0 
798 9 0 0 0 0 0 0 0 0 0 0 0 
799 9 0 0 0 0 0 0 0 0 0 0 0 
800 9 0 0 0 0 0 0 0 0 0 0 0 
801 9 0 0 0 0 0 0 0 0 0 0 0 
802 9 0 0 0 0 0 0 0 0 0 0 0 
803 9 0 0 0 0 0 0 0 0 0 0 0 
804 9 0 0 0 0 0 0 0 0 0 0 0 
805 9 0 0 0 0 0 0 0 0 0 0 0 
806 9 0 0 0 0 0 0 0 0 0 0 0 
807 9 0 0 0 0 0 0 0 0 0 0 0 
808 9 0 0 0 0 0 0 0 0 0 0 0 
809 9 0 0 0 0 0 0 0 0 0 0 0 
810 9 0 0 0 0 0 0 0 0 0 0 0 
811 9 0 0 0 0 0 0 0 0 0 0 0 
812 9 0 0 0 0 0 0 0 0 0 0 0 
813 9 0 0 0 0 0 0 0 0 0 0 0 
814 9 0 0 0 0 0 0 0 0 0 0 0 
815 9 0 0 0 0 0 0 0 0 0 0 0 
816 9 0 0 0 0 0 0 0 0 0 0 0 
817 9 0 0 0 0 0 0 0 0 0 0 0 
818 9 0 0 0 0 0 0 0 0 0 0 0 
819 9 0 0 0 0 0 0 0 0 0 0 0 
820 9 0 0 0 0 0 0 0 0 0 0 0 
821 9 0 0 0 0 0 0 0 0 0 0 0 
822 9 0 0 0 0 0 0 0 0 0 0 0 
823 9 0 0 0 0 0 0 0 0 0 0 0 
824 9 0 0 0 0 0 0 0 0 0 0 0 
825 9 0 0 0 0 0 0 0 0 0 0 0 
826 9 0 0 0 0 0 0 0 0 0 0 0 
827 9 0 0 0 0 0 0 0 0 0 0 0 
828 9 0 0 0 0 0 0 0 0 0 0 0 
829 9 0 0 0 0 0 0 0 0 0 0 0 
830 9 0 0 0 0 0 0 0 0 0 0 0 
831 9 0 0 0 0 0 0 0 0 0 0 0 
832 9 0 0 0 0 0 0 0 0 0 0 0 
833 9 0 0 0 0 0 0 0 0 0 0 0 
834 9 0 0 0 0 0 0 0 0 0 0 0 
835 9 0 0 0 0 0 0 0 0 0 0 0 
836 9 0 0 0 0 0 0 0 0 0 0 0 
837 9 0 0 0 0 0 0 0 0 0 0 0 
838 9 0 0 0 0 0 0 0 0 0 0 0 
839 9 55 0 0 0 0 0 0 0 0 0 0 
840 9 56 0 0 0 0 0 0 0 0 0 0 
841 9 0 0 0 0 0 0 0 0 0 0 0 
842 9 0 0 0 0 0 0 0 0 0 0 0 
843 9 -1 29 28 0 0 0 20 0 0 1 0 
844 9 -1 46 39 0 0 6 17 0 0 8 -125 
845 9 0 0 0 0 0 0 0 0 0 0 0 
846 9 0 0 0 0 0 0 0 0 0 0 0 
847 9 -1 25 4 0 0 8 26 0 0 3 11 
848 9 65 0 0 0 0 0 0 0 0 0 0 
849 9 -1 29 9 0 0 42 16 0 0 11 21 
850 9 -1 4 18 7 17 17 39 1 5 32 333 
851 9 0 0 0 0 0 0 0 0 0 0 0 
852 9 0 0 0 0 0 0 0 0 0 0 0 
853 9 0 0 0 0 0 0 0 0 0 0 0 
854 9 0 0 0 0 0 0 0 0 0 0 0 
855 9 0 0 0 0 0 0 0 0 0 0 0 
856 9 0 0 0 0 0 0 0 0 0 0 0 
857 9 0 0 0 0 0 0 0 0 0 0 0 
858 9 0 0 0 0 0 0 0 0 0 0 0 
859 9 73 0 0 0 0 0 0 0 0 0 0 
860 9 74 0 0 0 0 0 0 0 0 0 0 
861 9 75 0 0 0 0 0 0 0 0 0 0 
862 9 -1 22 4 14 0 36 45 9 1 32 -254 
863 9 0 0 0 0 0 0 0 0 0 0 0 
864 9 0 0 0 0 0 0 0 0 0 0 0 
865 9 0 0 0 0 0 0 0 0 0 0 0 
866 9 0 0 0 0 0 0 0 0 0 0 0 
867 9 0 0 0 0 0 0 0 0 0 0 0 
868 9 0 0 0 0 0 0 0 0 0 0 0 
869 9 0 0 0 0 0 0 0 0 0 0 0 
870 9 0 0 0 0 0 0 0 0 0 0 0 
871 9 0 0 0 0 0 0 0 0 0 0 0 
872 9 0 0 0 0 0 0 0 0 0 0 0 
873 9 0 0 0 0 0 0 0 0 0 0 0 
874 9 0 0 0 0 0 0 0 0 0 0 0 
875 9 0 0 0 0 0 0 0 0 0 0 0 
876 9 0 0 0 0 0 0 0 0 0 0 0 
877 9 0 0 0 0 0 0 0 0 0 0 0 
878 9 0 0 0 0 0 0 0 0 0 0 0 
879 9 0 0 0 0 0 0 0 0 0 0 0 
880 9 0 0 0 0 0 0 0 0 0 0 0 
881 9 0 0 0 0 0 0 0 0 0 0 0 
882 9 0 0 0 0 0 0 0 0 0 0 0 
883 9 0 0 0 0 0 0 0 0 0 0 0 
884 9 0 0 0 0 0 0 0 0 0 0 0 
885 9 0 0 0 0 0 0 0 0 0 0 0 
886 9 0 0 0 0 0 0 0 0 0 0 0 
887 9 0 0 0 0 0 0 0 0 0 0 0 
888 9 0 0 0 0 0 0 0 0 0 0 0 
889 9 0 0 0 0 0 0 0 0 0 0 0 
890 9 0 0 0 0 0 0 0 0 0 0 0 
891 9 0 0 0 0 0 0 0 0 0 0 0 
892 9 0 0 0 0 0 0 0 0 0 0 0 
893 9 0 0 0 0 0 0 0 0 0 0 0 
894 9 0 0 0 0 0 0 0 0 0 0 0 
895 9 0 0 0 0 0 0 0 0 0 0 0 
896 9 0 0 0 0 0 0 0 0 0 0 0 
897 9 0 0 0 0 0 0 0 0 0 0 0 
898 9 0 0 0 0 0 0 0 0 0 0 0 
899 9 82 0 0 0 0 0 0 0 0 0 0 
900 9 83 0 0 0 0 0 0 0 0 0 0 
901 9 0 0 0 0 0 0 0 0 0 0 0 
902 9 0 0 0 0 0 0 0 0 0 0 0 
903 9 0 0 0 0 0 0 0 0 0 0 0 
904 9 0 0 0 0 0 0 0 0 0 0 0 
905 9 -1 20 7 0 0 24 27 0 0 1 36 
906 9 88 0 0 0 0 0 0 0 0 0 0 
907 9 0 0 0 0 0 0 0 0 0 0 0 
908 9 0 0 0 0 0 0 0 0 0 0 0 
909 9 90 0 0 0 0 0 0 0 0 0 0 
910 9 91 0 0 0 0 0 0 0 0 0 0 
911 9 0 0 0 0 0 0 0 0 0 0 0 
912 9 0 0 0 0 0 0 0 0 0 0 0 
913 9 0 0 0 0 0 0 0 0 0 0 0 
914 9 0 0 0 0 0 0 0 0 0 0 0 
915 9 0 0 0 0 0 0 0 0 0 0 0 
916 9 0 0 0 0 0 0 0 0 0 0 0 
917 9 0 0 0 0 0 0 0 0 0 0 0 
918 9 0 0 0 0 0 0 0 0 0 0 0 
919 9 0 0 0 0 0 0 0 0 0 0 0 
920 9 0 0 0 0 0 0 0 0 0 0 0 
921 9 0 0 0 0 0 0 0 0 0 0 0 
922 9 0 0 0 0 0 0 0 0 0 0 0 
923 9 0 0 0 0 0 0 0 0 0 0 0 
924 9 0 0 0 0 0 0 0 0 0 0 0 
925 9 0 0 0 0 0 0 0 0 0 0 0 
926 9 0 0 0 0 0 0 0 0 0 0 0 
927 9 0 0 0 0 0 0 0 0 0 0 0 
928 9 0 0 0 0 0 0 0 0 0 0 0 
929 9 0 0 0 0 0 0 0 0 0 0 0 
930 9 0 0 0 0 0 0 0 0 0 0 0 
931 9 0 0 0 0 0 0 0 0 0 0 0 
932 9 0 0 0 0 0 0 0 0 0 0 0 
933 9 0 0 0 0 0 0 0 0 0 0 0 
934 9 0 0 0 0 0 0 0 0 0 0 0 
935 9 98 0 0 0 0 0 0 0 0 0 0 
936 9 99 0 0 0 0 0 0 0 0 0 0 
937 9 -1 15 11 5 17 24 40 6 3 32 1721 
938 9 -1 8 17 0 0 5 26 0 0 11 48 
939 9 0 0 0 0 0 0 0 0 0 0 0 
940 9 0 0 0 0 0 0 0 0 0 0 0 
941 9 105 0 0 0 0 0 0 0 0 0 0 
942 9 106 0 0 0 0 0 0 0 0 0 0 
943 9 0 0 0 0 0 0 0 0 0 0 0 
944 9 0 0 0 0 0 0 0 0 0 0 0 
945 9 0 0 0 0 0 0 0 0 0 0 0 
946 9 0 0 0 0 0 0 0 0 0 0 0 
947 9 0 0 0 0 0 0 0 0 0 0 0 
948 9 0 0 0 0 0 0 0 0 0 0 0 
949 9 110 0 0 0 0 0 0 0 0 0 0 
950 9 111 0 0 0 0 0 0 0 0 0 0 
951 9 112 0 0 0 0 0 0 0 0 0 0 
952 9 113 0 0 0 0 0 0 0 0 0 0 
953 9 -1 16 13 5 19 32 36 15 9 32 -514 
954 9 -1 4 18 19 17 25 40 4 6 32 10997 
955 9 0 0 0 0 0 0 0 0 0 0 0 
956 9 0 0 0 0 0 0 0 0 0 0 0 
957 9 0 0 0 0 0 0 0 0 0 0 0 
958 9 0 0 0 0 0 0 0 0 0 0 0 
959 9 0 0 0 0 0 0 0 0 0 0 0 
960 9 0 0 0 0 0 0 0 0 0 0 0 
961 9 0 0 0 0 0 0 0 0 0 0 0 
962 9 0 0 0 0 0 0 0 0 0 0 0 
963 9 0 0 0 0 0 0 0 0 0 0 0 
964 9 0 0 0 0 0 0 0 0 0 0 0 
965 9 0 0 0 0 0 0 0 0 0 0 0 
966 9 0 0 0 0 0 0 0 0 0 0 0 
967 9 0 0 0 0 0 0 0 0 0 0 0 
968 9 0 0 0 0 0 0 0 0 0 0 0 
969 9 0 0 0 0 0 0 0 0 0 0 0 
970 9 0 0 0 0 0 0 0 0 0 0 0 
971 9 0 0 0 0 0 0 0 0 0 0 0 
972 9 0 0 0 0 0 0 0 0 0 0 0 
973 9 0 0 0 0 0 0 0 0 0 0 0 
974 9 0 0 0 0 0 0 0 0 0 0 0 
975 9 0 0 0 0 0 0 0 0 0 0 0 
976 9 0 0 0 0 0 0 0 0 0 0 0 
977 9 0 0 0 0 0 0 0 0 0 0 0 
978 9 0 0 0 0 0 0 0 0 0 0 0 
979 9 0 0 0 0 0 0 0 0 0 0 0 
980 9 0 0 0 0 0 0 0 0 0 0 0 
981 9 0 0 0 0 0 0 0 0 0 0 0 
982 9 0 0 0 0 0 0 0 0 0 0 0 
983 9 0 0 0 0 0 0 0 0 0 0 0 
984 9 0 0 0 0 0 0 0 0 0 0 0 
985 9 0 0 0 0 0 0 0 0 0 0 0 
986 9 0 0 0 0 0 0 0 0 0 0 0 
987 9 0 0 0 0 0 0 0 0 0 0 0 
988 9 0 0 0 0 0 0 0 0 0 0 0 
989 9 0 0 0 0 0 0 0 0 0 0 0 
990 9 0 0 0 0 0 0 0 0 0 0 0 
991 9 0 0 0 0 0 0 0 0 0 0 0 
992 9 0 0 0 0 0 0 0 0 0 0 0 
993 9 0 0 0 0 0 0 0 0 0 0 0 
994 9 0 0 0 0 0 0 0 0 0 0 0 
995 9 0 0 0 0 0 0 0 0 0 0 0 
996 9 0 0 0 0 0 0 0 0 0 0 0 
997 9 0 0 0 0 0 0 0 0 0 0 0 
998 9 0 0 0 0 0 0 0 0 0 0 0 
999 9 0 0 0 0 0 0 0 0 0 0 0 
1000 9 0 0 0 0 0 0 0 0 0 0 0 
1001 9 0 0 0 0 0 0 0 0 0 0 0 
1002 9 0 0 0 0 0 0 0 0 0 0 0 
1003 9 0 0 0 0 0 0 0 0 0 0 0 
1004 9 0 0 0 0 0 0 0 0 0 0 0 
1005 9 0 0 0 0 0 0 0 0 0 0 0 
1006 9 0 0 0 0 0 0 0 0 0 0 0 
1007 9 0 0 0 0 0 0 0 0 0 0 0 
1008 9 0 0 0 0 0 0 0 0 0 0 0 
1009 9 0 0 0 0 0 0 0 0 0 0 0 
1010 9 0 0 0 0 0 0 0 0 0 0 0 
1011 9 0 0 0 0 0 0 0 0 0 0 0 
1012 9 0 0 0 0 0 0 0 0 0 0 0 
1013 9 0 0 0 0 0 0 0 0 0 0 0 
1014 9 0 0 0 0 0 0 0 0 0 0 0 
1015 9 0 0 0 0 0 0 0 0 0 0 0 
1016 9 0 0 0 0 0 0 0 0 0 0 0 
1017 9 0 0 0 0 0 0 0 0 0 0 0 
1018 9 0 0 0 0 0 0 0 0 0 0 0 
1019 9 0 0 0 0 0 0 0 0 0 0 0 
1020 9 0 0 0 0 0 0 0 0 0 0 0 
1021 9 0 0 0 0 0 0 0 0 0 0 0 
1022 9 0 0 0 0 0 0 0 0 0 0 0 
1023 10 0 0 0 0 0 0 0 0 0 0 0 
1024 10 0 0 0 0 0 0 0 0 0 0 0 
1025 10 0 0 0 0 0 0 0 0 0 0 0 
1026 10 0 0 0 0 0 0 0 0 0 0 0 
1027 10 0 0 0 0 0 0 0 0 0 0 0 
1028 10 0 0 0 0 0 0 0 0 0 0 0 
1029 10 0 0 0 0 0 0 0 0 0 0 0 
1030 10 0 0 0 0 0 0 0 0 0 0 0 
1031 10 0 0 0 0 0 0 0 0 0 0 0 
1032 10 0 0 0 0 0 0 0 0 0 0 0 
1033 10 0 0 0 0 0 0 0 0 0 0 0 
1034 10 0 0 0 0 0 0 0 0 0 0 0 
1035 10 0 0 0 0 0 0 0 0 0 0 0 
1036 10 0 0 0 0 0 0 0 0 0 0 0 
1037 10 0 0 0 0 0 0 0 0 0 0 0 
1038 10 0 0 0 0 0 0 0 0 0 0 0 
1039 10 0 0 0 0 0 0 0 0 0 0 0 
1040 10 0 0 0 0 0 0 0 0 0 0 0 
1041 10 0 0 0 0 0 0 0 0 0 0 0 
1042 10 0 0 0 0 0 0 0 0 0 0 0 
1043 10 0 0 0 0 0 0 0 0 0 0 0 
1044 10 0 0 0 0 0 0 0 0 0 0 0 
1045 10 0 0 0 0 0 0 0 0 0 0 0 
1046 10 0 0 0 0 0 0 0 0 0 0 0 
1047 10 0 0 0 0 0 0 0 0 0 0 0 
1048 10 0 0 0 0 0 0 0 0 0 0 0 
1049 10 0 0 0 0 0 0 0 0 0 0 0 
1050 10 0 0 0 0 0 0 0 0 0 0 0 
1051 10 0 0 0 0 0 0 0 0 0 0 0 
1052 10 0 0 0 0 0 0 0 0 0 0 0 
1053 10 8 0 0 0 0 0 0 0 0 0 0 
1054 10 9 0 0 0 0 0 0 0 0 0 0 
1055 10 0 0 0 0 0 0 0 0 0 0 0 
1056 10 0 0 0 0 0 0 0 0 0 0 0 
1057 10 0 0 0 0 0 0 0 0 0 0 0 
1058 10 0 0 0 0 0 0 0 0 0 0 0 
1059 10 0 0 0 0 0 0 0 0 0 0 0 
1060 10 0 0 0 0 0 0 0 0 0 0 0 
1061 10 0 0 0 0 0 0 0 0 0 0 0 
1062 10 0 0 0 0 0 0 0 0 0 0 0 
1063 10 0 0 0 0 0 0 0 0 0 0 0 
1064 10 0 0 0 0 0 0 0 0 0 0 0 
1065 10 0 0 0 0 0 0 0 0 0 0 0 
1066 10 0 0 0 0 0 0 0 0 0 0 0 
1067 10 0 0 0 0 0 0 0 0 0 0 0 
1068 10 0 0 0 0 0 0 0 0 0 0 0 
1069 10 0 0 0 0 0 0 0 0 0 0 0 
1070 10 0 0 0 0 0 0 0 0 0 0 0 
1071 10 0 0 0 0 0 0 0 0 0 0 0 
1072 10 0 0 0 0 0 0 0 0 0 0 0 
1073 10 0 0 0 0 0 0 0 0 0 0 0 
1074 10 0 0 0 0 0 0 0 0 0 0 0 
1075 10 0 0 0 0 0 0 0 0 0 0 0 
1076 10 0 0 0 0 0 0 0 0 0 0 0 
1077 10 0 0 0 0 0 0 0 0 0 0 0 
1078 10 0 0 0 0 0 0 0 0 0 0 0 
1079 10 0 0 0 0 0 0 0 0 0 0 0 
1080 10 0 0 0 0 0 0 0 0 0 0 0 
1081 10 0 0 0 0 0 0 0 0 0 0 0 
1082 10 0 0 0 0 0 0 0 0 0 0 0 
1083 10 0 0 0 0 0 0 0 0 0 0 0 
1084 10 0 0 0 0 0 0 0 0 0 0 0 
1085 10 0 0 0 0 0 0 0 0 0 0 0 
1086 10 0 0 0 0 0 0 0 0 0 0 0 
1087 10 11 0 0 0 0 0 0 0 0 0 0 
1088 10 12 0 0 0 0 0 0 0 0 0 0 
1089 10 0 0 0 0 0 0 0 0 0 0 0 
1090 10 0 0 0 0 0 0 0 0 0 0 0 
1091 10 0 0 0 0 0 0 0 0 0 0 0 
1092 10 0 0 0 0 0 0 0 0 0 0 0 
1093 10 0 0 0 0 0 0 0 0 0 0 0 
1094 10 0 0 0 0 0 0 0 0 0 0 0 
1095 10 15 0 0 0 0 0 0 0 0 0 0 
1096 10 16 0 0 0 0 0 0 0 0 0 0 
1097 10 17 0 0 0 0 0 0 0 0 0 0 
1098 10 18 0 0 0 0 0 0 0 0 0 0 
1099 10 19 0 0 0 0 0 0 0 0 0 0 
1100 10 20 0 0 0 0 0 0 0 0 0 0 
1101 10 0 0 0 0 0 0 0 0 0 0 0 
1102 10 0 0 0 0 0 0 0 0 0 0 0 
1103 10 0 0 0 0 0 0 0 0 0 0 0 
1104 10 0 0 0 0 0 0 0 0 0 0 0 
1105 10 23 0 0 0 0 0 0 0 0 0 0 
1106 10 24 0 0 0 0 0 0 0 0 0 0 
1107 10 0 0 0 0 0 0 0 0 0 0 0 
1108 10 0 0 0 0 0 0 0 0 0 0 0 
1109 10 0 0 0 0 0 0 0 0 0 0 0 
1110 10 0 0 0 0 0 0 0 0 0 0 0 
1111 10 0 0 0 0 0 0 0 0 0 0 0 
1112 10 0 0 0 0 0 0 0 0 0 0 0 
1113 10 0 0 0 0 0 0 0 0 0 0 0 
1114 10 0 0 0 0 0 0 0 0 0 0 0 
1115 10 0 0 0 0 0 0 0 0 0 0 0 
1116 10 0 0 0 0 0 0 0 0 0 0 0 
1117 10 0 0 0 0 0 0 0 0 0 0 0 
1118 10 0 0 0 0 0 0 0 0 0 0 0 
1119 10 0 0 0 0 0 0 0 0 0 0 0 
1120 10 0 0 0 0 0 0 0 0 0 0 0 
1121 10 0 0 0 0 0 0 0 0 0 0 0 
1122 10 0 0 0 0 0 0 0 0 0 0 0 
1123 10 0 0 0 0 0 0 0 0 0 0 0 
1124 10 0 0 0 0 0 0 0 0 0 0 0 
1125 10 0 0 0 0 0 0 0 0 0 0 0 
1126 10 0 0 0 0 0 0 0 0 0 0 0 
1127 10 0 0 0 0 0 0 0 0 0 0 0 
1128 10 0 0 0 0 0 0 0 0 0 0 0 
1129 10 0 0 0 0 0 0 0 0 0 0 0 
1130 10 0 0 0 0 0 0 0 0 0 0 0 
1131 10 0 0 0 0 0 0 0 0 0 0 0 
1132 10 0 0 0 0 0 0 0 0 0 0 0 
1133 10 0 0 0 0 0 0 0 0 0 0 0 
1134 10 0 0 0 0 0 0 0 0 0 0 0 
1135 10 0 0 0 0 0 0 0 0 0 0 0 
1136 10 0 0 0 0 0 0 0 0 0 0 0 
1137 10 0 0 0 0 0 0 0 0 0 0 0 
1138 10 0 0 0 0 0 0 0 0 0 0 0 
1139 10 0 0 0 0 0 0 0 0 0 0 0 
1140 10 0 0 0 0 0 0 0 0 0 0 0 
1141 10 0 0 0 0 0 0 0 0 0 0 0 
1142 10 0 0 0 0 0 0 0 0 0 0 0 
1143 10 0 0 0 0 0 0 0 0 0 0 0 
1144 10 0 0 0 0 0 0 0 0 0 0 0 
1145 10 0 0 0 0 0 0 0 0 0 0 0 
1146 10 0 0 0 0 0 0 0 0 0 0 0 
1147 10 0 0 0 0 0 0 0 0 0 0 0 
1148 10 0 0 0 0 0 0 0 0 0 0 0 
1149 10 0 0 0 0 0 0 0 0 0 0 0 
1150 10 0 0 0 0 0 0 0 0 0 0 0 
1151 10 0 0 0 0 0 0 0 0 0 0 0 
1152 10 0 0 0 0 0 0 0 0 0 0 0 
1153 10 0 0 0 0 0 0 0 0 0 0 0 
1154 10 0 0 0 0 0 0 0 0 0 0 0 
1155 10 0 0 0 0 0 0 0 0 0 0 0 
1156 10 0 0 0 0 0 0 0 0 0 0 0 
1157 10 0 0 0 0 0 0 0 0 0 0 0 
1158 10 0 0 0 0 0 0 0 0 0 0 0 
1159 10 0 0 0 0 0 0 0 0 0 0 0 
1160 10 0 0 0 0 0 0 0 0 0 0 0 
1161 10 0 0 0 0 0 0 0 0 0 0 0 
1162 10 0 0 0 0 0 0 0 0 0 0 0 
1163 10 0 0 0 0 0 0 0 0 0 0 0 
1164 10 0 0 0 0 0 0 0 0 0 0 0 
1165 10 0 0 0 0 0 0 0 0 0 0 0 
1166 10 0 0 0 0 0 0 0 0 0 0 0 
1167 10 0 0 0 0 0 0 0 0 0 0 0 
1168 10 0 0 0 0 0 0 0 0 0 0 0 
1169 10 0 0 0 0 0 0 0 0 0 0 0 
1170 10 0 0 0 0 0 0 0 0 0 0 0 
1171 10 0 0 0 0 0 0 0 0 0 0 0 
1172 10 0 0 0 0 0 0 0 0 0 0 0 
1173 10 0 0 0 0 0 0 0 0 0 0 0 
1174 10 0 0 0 0 0 0 0 0 0 0 0 
1175 10 0 0 0 0 0 0 0 0 0 0 0 
1176 10 0 0 0 0 0 0 0 0 0 0 0 
1177 10 0 0 0 0 0 0 0 0 0 0 0 
1178 10 0 0 0 0 0 0 0 0 0 0 0 
1179 10 34 0 0 0 0 0 0 0 0 0 0 
1180 10 35 0 0 0 0 0 0 0 0 0 0 
1181 10 36 0 0 0 0 0 0 0 0 0 0 
1182 10 37 0 0 0 0 0 0 0 0 0 0 
1183 10 0 0 0 0 0 0 0 0 0 0 0 
1184 10 0 0 0 0 0 0 0 0 0 0 0 
1185 10 0 0 0 0 0 0 0 0 0 0 0 
1186 10 0 0 0 0 0 0 0 0 0 0 0 
1187 10 0 0 0 0 0 0 0 0 0 0 0 
1188 10 0 0 0 0 0 0 0 0 0 0 0 
1189 10 0 0 0 0 0 0 0 0 0 0 0 
1190 10 0 0 0 0 0 0 0 0 0 0 0 
1191 10 0 0 0 0 0 0 0 0 0 0 0 
1192 10 0 0 0 0 0 0 0 0 0 0 0 
1193 10 0 0 0 0 0 0 0 0 0 0 0 
1194 10 0 0 0 0 0 0 0 0 0 0 0 
1195 10 0 0 0 0 0 0 0 0 0 0 0 
1196 10 0 0 0 0 0 0 0 0 0 0 0 
1197 10 0 0 0 0 0 0 0 0 0 0 0 
1198 10 0 0 0 0 0 0 0 0 0 0 0 
1199 10 0 0 0 0 0 0 0 0 0 0 0 
1200 10 0 0 0 0 0 0 0 0 0 0 0 
1201 10 40 0 0 0 0 0 0 0 0 0 0 
1202 10 41 0 0 0 0 0 0 0 0 0 0 
1203 10 0 0 0 0 0 0 0 0 0 0 0 
1204 10 0 0 0 0 0 0 0 0 0 0 0 
1205 10 0 0 0 0 0 0 0 0 0 0 0 
1206 10 0 0 0 0 0 0 0 0 0 0 0 
1207 10 0 0 0 0 0 0 0 0 0 0 0 
1208 10 0 0 0 0 0 0 0 0 0 0 0 
1209 10 0 0 0 0 0 0 0 0 0 0 0 
1210 10 0 0 0 0 0 0 0 0 0 0 0 
1211 10 0 0 0 0 0 0 0 0 0 0 0 
1212 10 0 0 0 0 0 0 0 0 0 0 0 
1213 10 0 0 0 0 0 0 0 0 0 0 0 
1214 10 0 0 0 0 0 0 0 0 0 0 0 
1215 10 0 0 0 0 0 0 0 0 0 0 0 
1216 10 0 0 0 0 0 0 0 0 0 0 0 
1217 10 0 0 0 0 0 0 0 0 0 0 0 
1218 10 0 0 0 0 0 0 0 0 0 0 0 
1219 10 0 0 0 0 0 0 0 0 0 0 0 
1220 10 0 0 0 0 0 0 0 0 0 0 0 
1221 10 0 0 0 0 0 0 0 0 0 0 0 
1222 10 0 0 0 0 0 0 0 0 0 0 0 
1223 10 0 0 0 0 0 0 0 0 0 0 0 
1224 10 0 0 0 0 0 0 0 0 0 0 0 
1225 10 0 0 0 0 0 0 0 0 0 0 0 
1226 10 0 0 0 0 0 0 0 0 0 0 0 
1227 10 0 0 0 0 0 0 0 0 0 0 0 
1228 10 0 0 0 0 0 0 0 0 0 0 0 
1229 10 0 0 0 0 0 0 0 0 0 0 0 
1230 10 0 0 0 0 0 0 0 0 0 0 0 
1231 10 0 0 0 0 0 0 0 0 0 0 0 
1232 10 0 0 0 0 0 0 0 0 0 0 0 
1233 10 0 0 0 0 0 0 0 0 0 0 0 
1234 10 0 0 0 0 0 0 0 0 0 0 0 
1235 10 0 0 0 0 0 0 0 0 0 0 0 
1236 10 0 0 0 0 0 0 0 0 0 0 0 
1237 10 0 0 0 0 0 0 0 0 0 0 0 
1238 10 0 0 0 0 0 0 0 0 0 0 0 
1239 10 0 0 0 0 0 0 0 0 0 0 0 
1240 10 0 0 0 0 0 0 0 0 0 0 0 
1241 10 0 0 0 0 0 0 0 0 0 0 0 
1242 10 0 0 0 0 0 0 0 0 0 0 0 
1243 10 0 0 0 0 0 0 0 0 0 0 0 
1244 10 0 0 0 0 0 0 0 0 0 0 0 
1245 10 0 0 0 0 0 0 0 0 0 0 0 
1246 10 0 0 0 0 0 0 0 0 0 0 0 
1247 10 0 0 0 0 0 0 0 0 0 0 0 
1248 10 0 0 0 0 0 0 0 0 0 0 0 
1249 10 0 0 0 0 0 0 0 0 0 0 0 
1250 10 0 0 0 0 0 0 0 0 0 0 0 
1251 10 0 0 0 0 0 0 0 0 0 0 0 
1252 10 0 0 0 0 0 0 0 0 0 0 0 
1253 10 0 0 0 0 0 0 0 0 0 0 0 
1254 10 0 0 0 0 0 0 0 0 0 0 0 
1255 10 0 0 0 0 0 0 0 0 0 0 0 
1256 10 0 0 0 0 0 0 0 0 0 0 0 
1257 10 0 0 0 0 0 0 0 0 0 0 0 
1258 10 0 0 0 0 0 0 0 0 0 0 0 
1259 10 0 0 0 0 0 0 0 0 0 0 0 
1260 10 0 0 0 0 0 0 0 0 0 0 0 
1261 10 0 0 0 0 0 0 0 0 0 0 0 
1262 10 0 0 0 0 0 0 0 0 0 0 0 
1263 10 0 0 0 0 0 0 0 0 0 0 0 
1264 10 0 0 0 0 0 0 0 0 0 0 0 
1265 10 0 0 0 0 0 0 0 0 0 0 0 
1266 10 0 0 0 0 0 0 0 0 0 0 0 
1267 10 0 0 0 0 0 0 0 0 0 0 0 
1268 10 0 0 0 0 0 0 0 0 0 0 0 
1269 10 0 0 0 0 0 0 0 0 0 0 0 
1270 10 0 0 0 0 0 0 0 0 0 0 0 
1271 10 0 0 0 0 0 0 0 0 0 0 0 
1272 10 0 0 0 0 0 0 0 0 0 0 0 
1273 10 0 0 0 0 0 0 0 0 0 0 0 
1274 10 0 0 0 0 0 0 0 0 0 0 0 
1275 10 0 0 0 0 0 0 0 0 0 0 0 
1276 10 0 0 0 0 0 0 0 0 0 0 0 
1277 10 0 0 0 0 0 0 0 0 0 0 0 
1278 10 0 0 0 0 0 0 0 0 0 0 0 
1279 10 0 0 0 0 0 0 0 0 0 0 0 
1280 10 0 0 0 0 0 0 0 0 0 0 0 
1281 10 0 0 0 0 0 0 0 0 0 0 0 
1282 10 0 0 0 0 0 0 0 0 0 0 0 
1283 10 0 0 0 0 0 0 0 0 0 0 0 
1284 10 0 0 0 0 0 0 0 0 0 0 0 
1285 10 0 0 0 0 0 0 0 0 0 0 0 
1286 10 0 0 0 0 0 0 0 0 0 0 0 
1287 10 0 0 0 0 0 0 0 0 0 0 0 
1288 10 0 0 0 0 0 0 0 0 0 0 0 
1289 10 0 0 0 0 0 0 0 0 0 0 0 
1290 10 0 0 0 0 0 0 0 0 0 0 0 
1291 10 0 0 0 0 0 0 0 0 0 0 0 
1292 10 0 0 0 0 0 0 0 0 0 0 0 
1293 10 0 0 0 0 0 0 0 0 0 0 0 
1294 10 0 0 0 0 0 0 0 0 0 0 0 
1295 10 0 0 0 0 0 0 0 0 0 0 0 
1296 10 0 0 0 0 0 0 0 0 0 0 0 
1297 10 0 0 0 0 0 0 0 0 0 0 0 
1298 10 0 0 0 0 0 0 0 0 0 0 0 
1299 10 0 0 0 0 0 0 0 0 0 0 0 
1300 10 0 0 0 0 0 0 0 0 0 0 0 
1301 10 0 0 0 0 0 0 0 0 0 0 0 
1302 10 0 0 0 0 0 0 0 0 0 0 0 
1303 10 0 0 0 0 0 0 0 0 0 0 0 
1304 10 0 0 0 0 0 0 0 0 0 0 0 
1305 10 0 0 0 0 0 0 0 0 0 0 0 
1306 10 0 0 0 0 0 0 0 0 0 0 0 
1307 10 0 0 0 0 0 0 0 0 0 0 0 
1308 10 0 0 0 0 0 0 0 0 0 0 0 
1309 10 0 0 0 0 0 0 0 0 0 0 0 
1310 10 0 0 0 0 0 0 0 0 0 0 0 
1311 10 0 0 0 0 0 0 0 0 0 0 0 
1312 10 0 0 0 0 0 0 0 0 0 0 0 
1313 10 0 0 0 0 0 0 0 0 0 0 0 
1314 10 0 0 0 0 0 0 0 0 0 0 0 
1315 10 0 0 0 0 0 0 0 0 0 0 0 
1316 10 0 0 0 0 0 0 0 0 0 0 0 
1317 10 0 0 0 0 0 0 0 0 0 0 0 
1318 10 0 0 0 0 0 0 0 0 0 0 0 
1319 10 0 0 0 0 0 0 0 0 0 0 0 
1320 10 0 0 0 0 0 0 0 0 0 0 0 
1321 10 0 0 0 0 0 0 0 0 0 0 0 
1322 10 0 0 0 0 0 0 0 0 0 0 0 
1323 10 0 0 0 0 0 0 0 0 0 0 0 
1324 10 0 0 0 0 0 0 0 0 0 0 0 
1325 10 0 0 0 0 0 0 0 0 0 0 0 
1326 10 0 0 0 0 0 0 0 0 0 0 0 
1327 10 0 0 0 0 0 0 0 0 0 0 0 
1328 10 0 0 0 0 0 0 0 0 0 0 0 
1329 10 0 0 0 0 0 0 0 0 0 0 0 
1330 10 0 0 0 0 0 0 0 0 0 0 0 
1331 10 0 0 0 0 0 0 0 0 0 0 0 
1332 10 0 0 0 0 0 0 0 0 0 0 0 
1333 10 0 0 0 0 0 0 0 0 0 0 0 
1334 10 0 0 0 0 0 0 0 0 0 0 0 
1335 10 0 0 0 0 0 0 0 0 0 0 0 
1336 10 0 0 0 0 0 0 0 0 0 0 0 
1337 10 0 0 0 0 0 0 0 0 0 0 0 
1338 10 0 0 0 0 0 0 0 0 0 0 0 
1339 10 0 0 0 0 0 0 0 0 0 0 0 
1340 10 0 0 0 0 0 0 0 0 0 0 0 
1341 10 0 0 0 0 0 0 0 0 0 0 0 
1342 10 0 0 0 0 0 0 0 0 0 0 0 
1343 10 0 0 0 0 0 0 0 0 0 0 0 
1344 10 0 0 0 0 0 0 0 0 0 0 0 
1345 10 0 0 0 0 0 0 0 0 0 0 0 
1346 10 0 0 0 0 0 0 0 0 0 0 0 
1347 10 0 0 0 0 0 0 0 0 0 0 0 
1348 10 0 0 0 0 0 0 0 0 0 0 0 
1349 10 0 0 0 0 0 0 0 0 0 0 0 
1350 10 0 0 0 0 0 0 0 0 0 0 0 
1351 10 0 0 0 0 0 0 0 0 0 0 0 
1352 10 0 0 0 0 0 0 0 0 0 0 0 
1353 10 0 0 0 0 0 0 0 0 0 0 0 
1354 10 0 0 0 0 0 0 0 0 0 0 0 
1355 10 0 0 0 0 0 0 0 0 0 0 0 
1356 10 0 0 0 0 0 0 0 0 0 0 0 
1357 10 0 0 0 0 0 0 0 0 0 0 0 
1358 10 0 0 0 0 0 0 0 0 0 0 0 
1359 10 0 0 0 0 0 0 0 0 0 0 0 
1360 10 0 0 0 0 0 0 0 0 0 0 0 
1361 10 0 0 0 0 0 0 0 0 0 0 0 
1362 10 0 0 0 0 0 0 0 0 0 0 0 
1363 10 0 0 0 0 0 0 0 0 0 0 0 
1364 10 0 0 0 0 0 0 0 0 0 0 0 
1365 10 0 0 0 0 0 0 0 0 0 0 0 
1366 10 0 0 0 0 0 0 0 0 0 0 0 
1367 10 0 0 0 0 0 0 0 0 0 0 0 
1368 10 0 0 0 0 0 0 0 0 0 0 0 
1369 10 0 0 0 0 0 0 0 0 0 0 0 
1370 10 0 0 0 0 0 0 0 0 0 0 0 
1371 10 0 0 0 0 0 0 0 0 0 0 0 
1372 10 0 0 0 0 0 0 0 0 0 0 0 
1373 10 0 0 0 0 0 0 0 0 0 0 0 
1374 10 0 0 0 0 0 0 0 0 0 0 0 
1375 10 0 0 0 0 0 0 0 0 0 0 0 
1376 10 0 0 0 0 0 0 0 0 0 0 0 
1377 10 0 0 0 0 0 0 0 0 0 0 0 
1378 10 0 0 0 0 0 0 0 0 0 0 0 
1379 10 0 0 0 0 0 0 0 0 0 0 0 
1380 10 0 0 0 0 0 0 0 0 0 0 0 
1381 10 0 0 0 0 0 0 0 0 0 0 0 
1382 10 0 0 0 0 0 0 0 0 0 0 0 
1383 10 0 0 0 0 0 0 0 0 0 0 0 
1384 10 0 0 0 0 0 0 0 0 0 0 0 
1385 10 0 0 0 0 0 0 0 0 0 0 0 
1386 10 0 0 0 0 0 0 0 0 0 0 0 
1387 10 0 0 0 0 0 0 0 0 0 0 0 
1388 10 0 0 0 0 0 0 0 0 0 0 0 
1389 10 0 0 0 0 0 0 0 0 0 0 0 
1390 10 0 0 0 0 0 0 0 0 0 0 0 
1391 10 0 0 0 0 0 0 0 0 0 0 0 
1392 10 0 0 0 0 0 0 0 0 0 0 0 
1393 10 0 0 0 0 0 0 0 0 0 0 0 
1394 10 0 0 0 0 0 0 0 0 0 0 0 
1395 10 0 0 0 0 0 0 0 0 0 0 0 
1396 10 0 0 0 0 0 0 0 0 0 0 0 
1397 10 0 0 0 0 0 0 0 0 0 0 0 
1398 10 0 0 0 0 0 0 0 0 0 0 0 
1399 10 0 0 0 0 0 0 0 0 0 0 0 
1400 10 0 0 0 0 0 0 0 0 0 0 0 
1401 10 0 0 0 0 0 0 0 0 0 0 0 
1402 10 0 0 0 0 0 0 0 0 0 0 0 
1403 10 0 0 0 0 0 0 0 0 0 0 0 
1404 10 0 0 0 0 0 0 0 0 0 0 0 
1405 10 0 0 0 0 0 0 0 0 0 0 0 
1406 10 0 0 0 0 0 0 0 0 0 0 0 
1407 10 0 0 0 0 0 0 0 0 0 0 0 
1408 10 0 0 0 0 0 0 0 0 0 0 0 
1409 10 0 0 0 0 0 0 0 0 0 0 0 
1410 10 0 0 0 0 0 0 0 0 0 0 0 
1411 10 0 0 0 0 0 0 0 0 0 0 0 
1412 10 0 0 0 0 0 0 0 0 0 0 0 
1413 10 0 0 0 0 0 0 0 0 0 0 0 
1414 10 0 0 0 0 0 0 0 0 0 0 0 
1415 10 0 0 0 0 0 0 0 0 0 0 0 
1416 10 0 0 0 0 0 0 0 0 0 0 0 
1417 10 0 0 0 0 0 0 0 0 0 0 0 
1418 10 0 0 0 0 0 0 0 0 0 0 0 
1419 10 0 0 0 0 0 0 0 0 0 0 0 
1420 10 0 0 0 0 0 0 0 0 0 0 0 
1421 10 0 0 0 0 0 0 0 0 0 0 0 
1422 10 0 0 0 0 0 0 0 0 0 0 0 
1423 10 0 0 0 0 0 0 0 0 0 0 0 
1424 10 0 0 0 0 0 0 0 0 0 0 0 
1425 10 0 0 0 0 0 0 0 0 0 0 0 
1426 10 0 0 0 0 0 0 0 0 0 0 0 
1427 10 0 0 0 0 0 0 0 0 0 0 0 
1428 10 0 0 0 0 0 0 0 0 0 0 0 
1429 10 0 0 0 0 0 0 0 0 0 0 0 
1430 10 0 0 0 0 0 0 0 0 0 0 0 
1431 10 0 0 0 0 0 0 0 0 0 0 0 
1432 10 0 0 0 0 0 0 0 0 0 0 0 
1433 10 0 0 0 0 0 0 0 0 0 0 0 
1434 10 0 0 0 0 0 0 0 0 0 0 0 
1435 10 0 0 0 0 0 0 0 0 0 0 0 
1436 10 0 0 0 0 0 0 0 0 0 0 0 
1437 10 0 0 0 0 0 0 0 0 0 0 0 
1438 10 0 0 0 0 0 0 0 0 0 0 0 
1439 10 0 0 0 0 0 0 0 0 0 0 0 
1440 10 0 0 0 0 0 0 0 0 0 0 0 
1441 10 0 0 0 0 0 0 0 0 0 0 0 
1442 10 0 0 0 0 0 0 0 0 0 0 0 
1443 10 0 0 0 0 0 0 0 0 0 0 0 
1444 10 0 0 0 0 0 0 0 0 0 0 0 
1445 10 0 0 0 0 0 0 0 0 0 0 0 
1446 10 0 0 0 0 0 0 0 0 0 0 0 
1447 10 0 0 0 0 0 0 0 0 0 0 0 
1448 10 0 0 0 0 0 0 0 0 0 0 0 
1449 10 0 0 0 0 0 0 0 0 0 0 0 
1450 10 0 0 0 0 0 0 0 0 0 0 0 
1451 10 0 0 0 0 0 0 0 0 0 0 0 
1452 10 0 0 0 0 0 0 0 0 0 0 0 
1453 10 0 0 0 0 0 0 0 0 0 0 0 
1454 10 0 0 0 0 0 0 0 0 0 0 0 
1455 10 0 0 0 0 0 0 0 0 0 0 0 
1456 10 0 0 0 0 0 0 0 0 0 0 0 
1457 10 0 0 0 0 0 0 0 0 0 0 0 
1458 10 0 0 0 0 0 0 0 0 0 0 0 
1459 10 0 0 0 0 0 0 0 0 0 0 0 
1460 10 0 0 0 0 0 0 0 0 0 0 0 
1461 10 0 0 0 0 0 0 0 0 0 0 0 
1462 10 0 0 0 0 0 0 0 0 0 0 0 
1463 10 0 0 0 0 0 0 0 0 0 0 0 
1464 10 0 0 0 0 0 0 0 0 0 0 0 
1465 10 0 0 0 0 0 0 0 0 0 0 0 
1466 10 0 0 0 0 0 0 0 0 0 0 0 
1467 10 0 0 0 0 0 0 0 0 0 0 0 
1468 10 0 0 0 0 0 0 0 0 0 0 0 
1469 10 0 0 0 0 0 0 0 0 0 0 0 
1470 10 0 0 0 0 0 0 0 0 0 0 0 
1471 10 0 0 0 0 0 0 0 0 0 0 0 
1472 10 0 0 0 0 0 0 0 0 0 0 0 
1473 10 0 0 0 0 0 0 0 0 0 0 0 
1474 10 0 0 0 0 0 0 0 0 0 0 0 
1475 10 0 0 0 0 0 0 0 0 0 0 0 
1476 10 0 0 0 0 0 0 0 0 0 0 0 
1477 10 0 0 0 0 0 0 0 0 0 0 0 
1478 10 0 0 0 0 0 0 0 0 0 0 0 
1479 10 0 0 0 0 0 0 0 0 0 0 0 
1480 10 0 0 0 0 0 0 0 0 0 0 0 
1481 10 0 0 0 0 0 0 0 0 0 0 0 
1482 10 0 0 0 0 0 0 0 0 0 0 0 
1483 10 0 0 0 0 0 0 0 0 0 0 0 
1484 10 0 0 0 0 0 0 0 0 0 0 0 
1485 10 0 0 0 0 0 0 0 0 0 0 0 
1486 10 0 0 0 0 0 0 0 0 0 0 0 
1487 10 0 0 0 0 0 0 0 0 0 0 0 
1488 10 0 0 0 0 0 0 0 0 0 0 0 
1489 10 0 0 0 0 0 0 0 0 0 0 0 
1490 10 0 0 0 0 0 0 0 0 0 0 0 
1491 10 0 0 0 0 0 0 0 0 0 0 0 
1492 10 0 0 0 0 0 0 0 0 0 0 0 
1493 10 0 0 0 0 0 0 0 0 0 0 0 
1494 10 0 0 0 0 0 0 0 0 0 0 0 
1495 10 0 0 0 0 0 0 0 0 0 0 0 
1496 10 0 0 0 0 0 0 0 0 0 0 0 
1497 10 0 0 0 0 0 0 0 0 0 0 0 
1498 10 0 0 0 0 0 0 0 0 0 0 0 
1499 10 0 0 0 0 0 0 0 0 0 0 0 
1500 10 0 0 0 0 0 0 0 0 0 0 0 
1501 10 0 0 0 0 0 0 0 0 0 0 0 
1502 10 0 0 0 0 0 0 0 0 0 0 0 
1503 10 0 0 0 0 0 0 0 0 0 0 0 
1504 10 0 0 0 0 0 0 0 0 0 0 0 
1505 10 0 0 0 0 0 0 0 0 0 0 0 
1506 10 0 0 0 0 0 0 0 0 0 0 0 
1507 10 0 0 0 0 0 0 0 0 0 0 0 
1508 10 0 0 0 0 0 0 0 0 0 0 0 
1509 10 0 0 0 0 0 0 0 0 0 0 0 
1510 10 0 0 0 0 0 0 0 0 0 0 0 
1511 10 0 0 0 0 0 0 0 0 0 0 0 
1512 10 0 0 0 0 0 0 0 0 0 0 0 
1513 10 0 0 0 0 0 0 0 0 0 0 0 
1514 10 0 0 0 0 0 0 0 0 0 0 0 
1515 10 0 0 0 0 0 0 0 0 0 0 0 
1516 10 0 0 0 0 0 0 0 0 0 0 0 
1517 10 0 0 0 0 0 0 0 0 0 0 0 
1518 10 0 0 0 0 0 0 0 0 0 0 0 
1519 10 0 0 0 0 0 0 0 0 0 0 0 
1520 10 0 0 0 0 0 0 0 0 0 0 0 
1521 10 0 0 0 0 0 0 0 0 0 0 0 
1522 10 0 0 0 0 0 0 0 0 0 0 0 
1523 10 0 0 0 0 0 0 0 0 0 0 0 
1524 10 0 0 0 0 0 0 0 0 0 0 0 
1525 10 0 0 0 0 0 0 0 0 0 0 0 
1526 10 0 0 0 0 0 0 0 0 0 0 0 
1527 10 0 0 0 0 0 0 0 0 0 0 0 
1528 10 0 0 0 0 0 0 0 0 0 0 0 
1529 10 0 0 0 0 0 0 0 0 0 0 0 
1530 10 0 0 0 0 0 0 0 0 0 0 0 
1531 10 0 0 0 0 0 0 0 0 0 0 0 
1532 10 0 0 0 0 0 0 0 0 0 0 0 
1533 10 0 0 0 0 0 0 0 0 0 0 0 
1534 10 0 0 0 0 0 0 0 0 0 0 0 
1535 10 0 0 0 0 0 0 0 0 0 0 0 
1536 10 0 0 0 0 0 0 0 0 0 0 0 
1537 10 0 0 0 0 0 0 0 0 0 0 0 
1538 10 0 0 0 0 0 0 0 0 0 0 0 
1539 10 0 0 0 0 0 0 0 0 0 0 0 
1540 10 0 0 0 0 0 0 0 0 0 0 0 
1541 10 0 0 0 0 0 0 0 0 0 0 0 
1542 10 0 0 0 0 0 0 0 0 0 0 0 
1543 10 0 0 0 0 0 0 0 0 0 0 0 
1544 10 0 0 0 0 0 0 0 0 0 0 0 
1545 10 0 0 0 0 0 0 0 0 0 0 0 
1546 10 0 0 0 0 0 0 0 0 0 0 0 
1547 10 0 0 0 0 0 0 0 0 0 0 0 
1548 10 0 0 0 0 0 0 0 0 0 0 0 
1549 10 0 0 0 0 0 0 0 0 0 0 0 
1550 10 0 0 0 0 0 0 0 0 0 0 0 
1551 10 0 0 0 0 0 0 0 0 0 0 0 
1552 10 0 0 0 0 0 0 0 0 0 0 0 
1553 10 0 0 0 0 0 0 0 0 0 0 0 
1554 10 0 0 0 0 0 0 0 0 0 0 0 
1555 10 0 0 0 0 0 0 0 0 0 0 0 
1556 10 0 0 0 0 0 0 0 0 0 0 0 
1557 10 0 0 0 0 0 0 0 0 0 0 0 
1558 10 0 0 0 0 0 0 0 0 0 0 0 
1559 10 0 0 0 0 0 0 0 0 0 0 0 
1560 10 0 0 0 0 0 0 0 0 0 0 0 
1561 10 0 0 0 0 0 0 0 0 0 0 0 
1562 10 0 0 0 0 0 0 0 0 0 0 0 
1563 10 0 0 0 0 0 0 0 0 0 0 0 
1564 10 0 0 0 0 0 0 0 0 0 0 0 
1565 10 0 0 0 0 0 0 0 0 0 0 0 
1566 10 0 0 0 0 0 0 0 0 0 0 0 
1567 10 0 0 0 0 0 0 0 0 0 0 0 
1568 10 0 0 0 0 0 0 0 0 0 0 0 
1569 10 0 0 0 0 0 0 0 0 0 0 0 
1570 10 0 0 0 0 0 0 0 0 0 0 0 
1571 10 0 0 0 0 0 0 0 0 0 0 0 
1572 10 0 0 0 0 0 0 0 0 0 0 0 
1573 10 0 0 0 0 0 0 0 0 0 0 0 
1574 10 0 0 0 0 0 0 0 0 0 0 0 
1575 10 0 0 0 0 0 0 0 0 0 0 0 
1576 10 0 0 0 0 0 0 0 0 0 0 0 
1577 10 0 0 0 0 0 0 0 0 0 0 0 
1578 10 0 0 0 0 0 0 0 0 0 0 0 
1579 10 0 0 0 0 0 0 0 0 0 0 0 
1580 10 0 0 0 0 0 0 0 0 0 0 0 
1581 10 0 0 0 0 0 0 0 0 0 0 0 
1582 10 0 0 0 0 0 0 0 0 0 0 0 
1583 10 0 0 0 0 0 0 0 0 0 0 0 
1584 10 0 0 0 0 0 0 0 0 0 0 0 
1585 10 0 0 0 0 0 0 0 0 0 0 0 
1586 10 0 0 0 0 0 0 0 0 0 0 0 
1587 10 0 0 0 0 0 0 0 0 0 0 0 
1588 10 0 0 0 0 0 0 0 0 0 0 0 
1589 10 0 0 0 0 0 0 0 0 0 0 0 
1590 10 0 0 0 0 0 0 0 0 0 0 0 
1591 10 0 0 0 0 0 0 0 0 0 0 0 
1592 10 0 0 0 0 0 0 0 0 0 0 0 
1593 10 0 0 0 0 0 0 0 0 0 0 0 
1594 10 0 0 0 0 0 0 0 0 0 0 0 
1595 10 0 0 0 0 0 0 0 0 0 0 0 
1596 10 0 0 0 0 0 0 0 0 0 0 0 
1597 10 0 0 0 0 0 0 0 0 0 0 0 
1598 10 0 0 0 0 0 0 0 0 0 0 0 
1599 10 0 0 0 0 0 0 0 0 0 0 0 
1600 10 0 0 0 0 0 0 0 0 0 0 0 
1601 10 0 0 0 0 0 0 0 0 0 0 0 
1602 10 0 0 0 0 0 0 0 0 0 0 0 
1603 10 0 0 0 0 0 0 0 0 0 0 0 
1604 10 0 0 0 0 0 0 0 0 0 0 0 
1605 10 0 0 0 0 0 0 0 0 0 0 0 
1606 10 0 0 0 0 0 0 0 0 0 0 0 
1607 10 0 0 0 0 0 0 0 0 0 0 0 
1608 10 0 0 0 0 0 0 0 0 0 0 0 
1609 10 0 0 0 0 0 0 0 0 0 0 0 
1610 10 0 0 0 0 0 0 0 0 0 0 0 
1611 10 0 0 0 0 0 0 0 0 0 0 0 
1612 10 0 0 0 0 0 0 0 0 0 0 0 
1613 10 0 0 0 0 0 0 0 0 0 0 0 
1614 10 0 0 0 0 0 0 0 0 0 0 0 
1615 10 0 0 0 0 0 0 0 0 0 0 0 
1616 10 0 0 0 0 0 0 0 0 0 0 0 
1617 10 0 0 0 0 0 0 0 0 0 0 0 
1618 10 0 0 0 0 0 0 0 0 0 0 0 
1619 10 0 0 0 0 0 0 0 0 0 0 0 
1620 10 0 0 0 0 0 0 0 0 0 0 0 
1621 10 0 0 0 0 0 0 0 0 0 0 0 
1622 10 0 0 0 0 0 0 0 0 0 0 0 
1623 10 0 0 0 0 0 0 0 0 0 0 0 
1624 10 0 0 0 0 0 0 0 0 0 0 0 
1625 10 0 0 0 0 0 0 0 0 0 0 0 
1626 10 0 0 0 0 0 0 0 0 0 0 0 
1627 10 0 0 0 0 0 0 0 0 0 0 0 
1628 10 0 0 0 0 0 0 0 0 0 0 0 
1629 10 0 0 0 0 0 0 0 0 0 0 0 
1630 10 0 0 0 0 0 0 0 0 0 0 0 
1631 10 0 0 0 0 0 0 0 0 0 0 0 
1632 10 0 0 0 0 0 0 0 0 0 0 0 
1633 10 0 0 0 0 0 0 0 0 0 0 0 
1634 10 0 0 0 0 0 0 0 0 0 0 0 
1635 10 0 0 0 0 0 0 0 0 0 0 0 
1636 10 0 0 0 0 0 0 0 0 0 0 0 
1637 10 0 0 0 0 0 0 0 0 0 0 0 
1638 10 0 0 0 0 0 0 0 0 0 0 0 
1639 10 0 0 0 0 0 0 0 0 0 0 0 
1640 10 0 0 0 0 0 0 0 0 0 0 0 
1641 10 0 0 0 0 0 0 0 0 0 0 0 
1642 10 0 0 0 0 0 0 0 0 0 0 0 
1643 10 0 0 0 0 0 0 0 0 0 0 0 
1644 10 0 0 0 0 0 0 0 0 0 0 0 
1645 10 0 0 0 0 0 0 0 0 0 0 0 
1646 10 0 0 0 0 0 0 0 0 0 0 0 
1647 10 0 0 0 0 0 0 0 0 0 0 0 
1648 10 0 0 0 0 0 0 0 0 0 0 0 
1649 10 0 0 0 0 0 0 0 0 0 0 0 
1650 10 0 0 0 0 0 0 0 0 0 0 0 
1651 10 0 0 0 0 0 0 0 0 0 0 0 
1652 10 0 0 0 0 0 0 0 0 0 0 0 
1653 10 0 0 0 0 0 0 0 0 0 0 0 
1654 10 0 0 0 0 0 0 0 0 0 0 0 
1655 10 0 0 0 0 0 0 0 0 0 0 0 
1656 10 0 0 0 0 0 0 0 0 0 0 0 
1657 10 0 0 0 0 0 0 0 0 0 0 0 
1658 10 0 0 0 0 0 0 0 0 0 0 0 
1659 10 0 0 0 0 0 0 0 0 0 0 0 
1660 10 0 0 0 0 0 0 0 0 0 0 0 
1661 10 0 0 0 0 0 0 0 0 0 0 0 
1662 10 0 0 0 0 0 0 0 0 0 0 0 
1663 10 0 0 0 0 0 0 0 0 0 0 0 
1664 10 0 0 0 0 0 0 0 0 0 0 0 
1665 10 0 0 0 0 0 0 0 0 0 0 0 
1666 10 0 0 0 0 0 0 0 0 0 0 0 
1667 10 0 0 0 0 0 0 0 0 0 0 0 
1668 10 0 0 0 0 0 0 0 0 0 0 0 
1669 10 0 0 0 0 0 0 0 0 0 0 0 
1670 10 0 0 0 0 0 0 0 0 0 0 0 
1671 10 0 0 0 0 0 0 0 0 0 0 0 
1672 10 0 0 0 0 0 0 0 0 0 0 0 
1673 10 0 0 0 0 0 0 0 0 0 0 0 
1674 10 0 0 0 0 0 0 0 0 0 0 0 
1675 10 0 0 0 0 0 0 0 0 0 0 0 
1676 10 0 0 0 0 0 0 0 0 0 0 0 
1677 10 0 0 0 0 0 0 0 0 0 0 0 
1678 10 0 0 0 0 0 0 0 0 0 0 0 
1679 10 0 0 0 0 0 0 0 0 0 0 0 
1680 10 0 0 0 0 0 0 0 0 0 0 0 
1681 10 0 0 0 0 0 0 0 0 0 0 0 
1682 10 0 0 0 0 0 0 0 0 0 0 0 
1683 10 0 0 0 0 0 0 0 0 0 0 0 
1684 10 0 0 0 0 0 0 0 0 0 0 0 
1685 10 0 0 0 0 0 0 0 0 0 0 0 
1686 10 0 0 0 0 0 0 0 0 0 0 0 
1687 10 58 0 0 0 0 0 0 0 0 0 0 
1688 10 59 0 0 0 0 0 0 0 0 0 0 
1689 10 60 0 0 0 0 0 0 0 0 0 0 
1690 10 61 0 0 0 0 0 0 0 0 0 0 
1691 10 0 0 0 0 0 0 0 0 0 0 0 
1692 10 0 0 0 0 0 0 0 0 0 0 0 
1693 10 0 0 0 0 0 0 0 0 0 0 0 
1694 10 0 0 0 0 0 0 0 0 0 0 0 
1695 10 63 0 0 0 0 0 0 0 0 0 0 
1696 10 64 0 0 0 0 0 0 0 0 0 0 
1697 10 0 0 0 0 0 0 0 0 0 0 0 
1698 10 0 0 0 0 0 0 0 0 0 0 0 
1699 10 66 0 0 0 0 0 0 0 0 0 0 
1700 10 67 0 0 0 0 0 0 0 0 0 0 
1701 10 68 0 0 0 0 0 0 0 0 0 0 
1702 10 69 0 0 0 0 0 0 0 0 0 0 
1703 10 0 0 0 0 0 0 0 0 0 0 0 
1704 10 0 0 0 0 0 0 0 0 0 0 0 
1705 10 0 0 0 0 0 0 0 0 0 0 0 
1706 10 0 0 0 0 0 0 0 0 0 0 0 
1707 10 0 0 0 0 0 0 0 0 0 0 0 
1708 10 0 0 0 0 0 0 0 0 0 0 0 
1709 10 0 0 0 0 0 0 0 0 0 0 0 
1710 10 0 0 0 0 0 0 0 0 0 0 0 
1711 10 0 0 0 0 0 0 0 0 0 0 0 
1712 10 0 0 0 0 0 0 0 0 0 0 0 
1713 10 0 0 0 0 0 0 0 0 0 0 0 
1714 10 0 0 0 0 0 0 0 0 0 0 0 
1715 10 0 0 0 0 0 0 0 0 0 0 0 
1716 10 0 0 0 0 0 0 0 0 0 0 0 
1717 10 0 0 0 0 0 0 0 0 0 0 0 
1718 10 0 0 0 0 0 0 0 0 0 0 0 
1719 10 0 0 0 0 0 0 0 0 0 0 0 
1720 10 0 0 0 0 0 0 0 0 0 0 0 
1721 10 0 0 0 0 0 0 0 0 0 0 0 
1722 10 0 0 0 0 0 0 0 0 0 0 0 
1723 10 0 0 0 0 0 0 0 0 0 0 0 
1724 10 0 0 0 0 0 0 0 0 0 0 0 
1725 10 76 0 0 0 0 0 0 0 0 0 0 
1726 10 77 0 0 0 0 0 0 0 0 0 0 
1727 10 0 0 0 0 0 0 0 0 0 0 0 
1728 10 0 0 0 0 0 0 0 0 0 0 0 
1729 10 0 0 0 0 0 0 0 0 0 0 0 
1730 10 0 0 0 0 0 0 0 0 0 0 0 
1731 10 0 0 0 0 0 0 0 0 0 0 0 
1732 10 0 0 0 0 0 0 0 0 0 0 0 
1733 10 0 0 0 0 0 0 0 0 0 0 0 
1734 10 0 0 0 0 0 0 0 0 0 0 0 
1735 10 0 0 0 0 0 0 0 0 0 0 0 
1736 10 0 0 0 0 0 0 0 0 0 0 0 
1737 10 0 0 0 0 0 0 0 0 0 0 0 
1738 10 0 0 0 0 0 0 0 0 0 0 0 
1739 10 0 0 0 0 0 0 0 0 0 0 0 
1740 10 0 0 0 0 0 0 0 0 0 0 0 
1741 10 0 0 0 0 0 0 0 0 0 0 0 
1742 10 0 0 0 0 0 0 0 0 0 0 0 
1743 10 0 0 0 0 0 0 0 0 0 0 0 
1744 10 0 0 0 0 0 0 0 0 0 0 0 
1745 10 0 0 0 0 0 0 0 0 0 0 0 
1746 10 0 0 0 0 0 0 0 0 0 0 0 
1747 10 0 0 0 0 0 0 0 0 0 0 0 
1748 10 0 0 0 0 0 0 0 0 0 0 0 
1749 10 0 0 0 0 0 0 0 0 0 0 0 
1750 10 0 0 0 0 0 0 0 0 0 0 0 
1751 10 0 0 0 0 0 0 0 0 0 0 0 
1752 10 0 0 0 0 0 0 0 0 0 0 0 
1753 10 0 0 0 0 0 0 0 0 0 0 0 
1754 10 0 0 0 0 0 0 0 0 0 0 0 
1755 10 0 0 0 0 0 0 0 0 0 0 0 
1756 10 0 0 0 0 0 0 0 0 0 0 0 
1757 10 0 0 0 0 0 0 0 0 0 0 0 
1758 10 0 0 0 0 0 0 0 0 0 0 0 
1759 10 0 0 0 0 0 0 0 0 0 0 0 
1760 10 0 0 0 0 0 0 0 0 0 0 0 
1761 10 0 0 0 0 0 0 0 0 0 0 0 
1762 10 0 0 0 0 0 0 0 0 0 0 0 
1763 10 0 0 0 0 0 0 0 0 0 0 0 
1764 10 0 0 0 0 0 0 0 0 0 0 0 
1765 10 0 0 0 0 0 0 0 0 0 0 0 
1766 10 0 0 0 0 0 0 0 0 0 0 0 
1767 10 0 0 0 0 0 0 0 0 0 0 0 
1768 10 0 0 0 0 0 0 0 0 0 0 0 
1769 10 0 0 0 0 0 0 0 0 0 0 0 
1770 10 0 0 0 0 0 0 0 0 0 0 0 
1771 10 0 0 0 0 0 0 0 0 0 0 0 
1772 10 0 0 0 0 0 0 0 0 0 0 0 
1773 10 0 0 0 0 0 0 0 0 0 0 0 
1774 10 0 0 0 0 0 0 0 0 0 0 0 
1775 10 0 0 0 0 0 0 0 0 0 0 0 
1776 10 0 0 0 0 0 0 0 0 0 0 0 
1777 10 0 0 0 0 0 0 0 0 0 0 0 
1778 10 0 0 0 0 0 0 0 0 0 0 0 
1779 10 0 0 0 0 0 0 0 0 0 0 0 
1780 10 0 0 0 0 0 0 0 0 0 0 0 
1781 10 0 0 0 0 0 0 0 0 0 0 0 
1782 10 0 0 0 0 0 0 0 0 0 0 0 
1783 10 0 0 0 0 0 0 0 0 0 0 0 
1784 10 0 0 0 0 0 0 0 0 0 0 0 
1785 10 0 0 0 0 0 0 0 0 0 0 0 
1786 10 0 0 0 0 0 0 0 0 0 0 0 
1787 10 0 0 0 0 0 0 0 0 0 0 0 
1788 10 0 0 0 0 0 0 0 0 0 0 0 
1789 10 0 0 0 0 0 0 0 0 0 0 0 
1790 10 0 0 0 0 0 0 0 0 0 0 0 
1791 10 0 0 0 0 0 0 0 0 0 0 0 
1792 10 0 0 0 0 0 0 0 0 0 0 0 
1793 10 0 0 0 0 0 0 0 0 0 0 0 
1794 10 0 0 0 0 0 0 0 0 0 0 0 
1795 10 0 0 0 0 0 0 0 0 0 0 0 
1796 10 0 0 0 0 0 0 0 0 0 0 0 
1797 10 0 0 0 0 0 0 0 0 0 0 0 
1798 10 0 0 0 0 0 0 0 0 0 0 0 
1799 10 0 0 0 0 0 0 0 0 0 0 0 
1800 10 0 0 0 0 0 0 0 0 0 0 0 
1801 10 0 0 0 0 0 0 0 0 0 0 0 
1802 10 0 0 0 0 0 0 0 0 0 0 0 
1803 10 0 0 0 0 0 0 0 0 0 0 0 
1804 10 0 0 0 0 0 0 0 0 0 0 0 
1805 10 0 0 0 0 0 0 0 0 0 0 0 
1806 10 0 0 0 0 0 0 0 0 0 0 0 
1807 10 0 0 0 0 0 0 0 0 0 0 0 
1808 10 0 0 0 0 0 0 0 0 0 0 0 
1809 10 0 0 0 0 0 0 0 0 0 0 0 
1810 10 0 0 0 0 0 0 0 0 0 0 0 
1811 10 86 0 0 0 0 0 0 0 0 0 0 
1812 10 87 0 0 0 0 0 0 0 0 0 0 
1813 10 0 0 0 0 0 0 0 0 0 0 0 
1814 10 0 0 0 0 0 0 0 0 0 0 0 
1815 10 0 0 0 0 0 0 0 0 0 0 0 
1816 10 0 0 0 0 0 0 0 0 0 0 0 
1817 10 0 0 0 0 0 0 0 0 0 0 0 
1818 10 0 0 0 0 0 0 0 0 0 0 0 
1819 10 0 0 0 0 0 0 0 0 0 0 0 
1820 10 0 0 0 0 0 0 0 0 0 0 0 
1821 10 0 0 0 0 0 0 0 0 0 0 0 
1822 10 0 0 0 0 0 0 0 0 0 0 0 
1823 10 0 0 0 0 0 0 0 0 0 0 0 
1824 10 0 0 0 0 0 0 0 0 0 0 0 
1825 10 0 0 0 0 0 0 0 0 0 0 0 
1826 10 0 0 0 0 0 0 0 0 0 0 0 
1827 10 0 0 0 0 0 0 0 0 0 0 0 
1828 10 0 0 0 0 0 0 0 0 0 0 0 
1829 10 0 0 0 0 0 0 0 0 0 0 0 
1830 10 0 0 0 0 0 0 0 0 0 0 0 
1831 10 0 0 0 0 0 0 0 0 0 0 0 
1832 10 0 0 0 0 0 0 0 0 0 0 0 
1833 10 0 0 0 0 0 0 0 0 0 0 0 
1834 10 0 0 0 0 0 0 0 0 0 0 0 
1835 10 0 0 0 0 0 0 0 0 0 0 0 
1836 10 0 0 0 0 0 0 0 0 0 0 0 
1837 10 0 0 0 0 0 0 0 0 0 0 0 
1838 10 0 0 0 0 0 0 0 0 0 0 0 
1839 10 0 0 0 0 0 0 0 0 0 0 0 
1840 10 0 0 0 0 0 0 0 0 0 0 0 
1841 10 0 0 0 0 0 0 0 0 0 0 0 
1842 10 0 0 0 0 0 0 0 0 0 0 0 
1843 10 0 0 0 0 0 0 0 0 0 0 0 
1844 10 0 0 0 0 0 0 0 0 0 0 0 
1845 10 0 0 0 0 0 0 0 0 0 0 0 
1846 10 0 0 0 0 0 0 0 0 0 0 0 
1847 10 0 0 0 0 0 0 0 0 0 0 0 
1848 10 0 0 0 0 0 0 0 0 0 0 0 
1849 10 0 0 0 0 0 0 0 0 0 0 0 
1850 10 0 0 0 0 0 0 0 0 0 0 0 
1851 10 0 0 0 0 0 0 0 0 0 0 0 
1852 10 0 0 0 0 0 0 0 0 0 0 0 
1853 10 0 0 0 0 0 0 0 0 0 0 0 
1854 10 0 0 0 0 0 0 0 0 0 0 0 
1855 10 0 0 0 0 0 0 0 0 0 0 0 
1856 10 0 0 0 0 0 0 0 0 0 0 0 
1857 10 0 0 0 0 0 0 0 0 0 0 0 
1858 10 0 0 0 0 0 0 0 0 0 0 0 
1859 10 0 0 0 0 0 0 0 0 0 0 0 
1860 10 0 0 0 0 0 0 0 0 0 0 0 
1861 10 0 0 0 0 0 0 0 0 0 0 0 
1862 10 0 0 0 0 0 0 0 0 0 0 0 
1863 10 0 0 0 0 0 0 0 0 0 0 0 
1864 10 0 0 0 0 0 0 0 0 0 0 0 
1865 10 0 0 0 0 0 0 0 0 0 0 0 
1866 10 0 0 0 0 0 0 0 0 0 0 0 
1867 10 0 0 0 0 0 0 0 0 0 0 0 
1868 10 0 0 0 0 0 0 0 0 0 0 0 
1869 10 0 0 0 0 0 0 0 0 0 0 0 
1870 10 0 0 0 0 0 0 0 0 0 0 0 
1871 10 0 0 0 0 0 0 0 0 0 0 0 
1872 10 0 0 0 0 0 0 0 0 0 0 0 
1873 10 0 0 0 0 0 0 0 0 0 0 0 
1874 10 0 0 0 0 0 0 0 0 0 0 0 
1875 10 100 0 0 0 0 0 0 0 0 0 0 
1876 10 101 0 0 0 0 0 0 0 0 0 0 
1877 10 102 0 0 0 0 0 0 0 0 0 0 
1878 10 103 0 0 0 0 0 0 0 0 0 0 
1879 10 0 0 0 0 0 0 0 0 0 0 0 
1880 10 0 0 0 0 0 0 0 0 0 0 0 
1881 10 0 0 0 0 0 0 0 0 0 0 0 
1882 10 0 0 0 0 0 0 0 0 0 0 0 
1883 10 0 0 0 0 0 0 0 0 0 0 0 
1884 10 0 0 0 0 0 0 0 0 0 0 0 
1885 10 0 0 0 0 0 0 0 0 0 0 0 
1886 10 0 0 0 0 0 0 0 0 0 0 0 
1887 10 0 0 0 0 0 0 0 0 0 0 0 
1888 10 0 0 0 0 0 0 0 0 0 0 0 
1889 10 0 0 0 0 0 0 0 0 0 0 0 
1890 10 0 0 0 0 0 0 0 0 0 0 0 
1891 10 0 0 0 0 0 0 0 0 0 0 0 
1892 10 0 0 0 0 0 0 0 0 0 0 0 
1893 10 0 0 0 0 0 0 0 0 0 0 0 
1894 10 0 0 0 0 0 0 0 0 0 0 0 
1895 10 0 0 0 0 0 0 0 0 0 0 0 
1896 10 0 0 0 0 0 0 0 0 0 0 0 
1897 10 0 0 0 0 0 0 0 0 0 0 0 
1898 10 0 0 0 0 0 0 0 0 0 0 0 
1899 10 0 0 0 0 0 0 0 0 0 0 0 
1900 10 0 0 0 0 0 0 0 0 0 0 0 
1901 10 0 0 0 0 0 0 0 0 0 0 0 
1902 10 0 0 0 0 0 0 0 0 0 0 0 
1903 10 0 0 0 0 0 0 0 0 0 0 0 
1904 10 0 0 0 0 0 0 0 0 0 0 0 
1905 10 0 0 0 0 0 0 0 0 0 0 0 
1906 10 0 0 0 0 0 0 0 0 0 0 0 
1907 10 114 0 0 0 0 0 0 0 0 0 0 
1908 10 115 0 0 0 0 0 0 0 0 0 0 
1909 10 116 0 0 0 0 0 0 0 0 0 0 
1910 10 117 0 0 0 0 0 0 0 0 0 0 
1911 10 0 0 0 0 0 0 0 0 0 0 0 
1912 10 0 0 0 0 0 0 0 0 0 0 0 
1913 10 0 0 0 0 0 0 0 0 0 0 0 
1914 10 0 0 0 0 0 0 0 0 0 0 0 
1915 10 0 0 0 0 0 0 0 0 0 0 0 
1916 10 0 0 0 0 0 0 0 0 0 0 0 
1917 10 0 0 0 0 0 0 0 0 0 0 0 
1918 10 0 0 0 0 0 0 0 0 0 0 0 
1919 10 0 0 0 0 0 0 0 0 0 0 0 
1920 10 0 0 0 0 0 0 0 0 0 0 0 
1921 10 0 0 0 0 0 0 0 0 0 0 0 
1922 10 0 0 0 0 0 0 0 0 0 0 0 
1923 10 0 0 0 0 0 0 0 0 0 0 0 
1924 10 0 0 0 0 0 0 0 0 0 0 0 
1925 10 0 0 0 0 0 0 0 0 0 0 0 
1926 10 0 0 0 0 0 0 0 0 0 0 0 
1927 10 0 0 0 0 0 0 0 0 0 0 0 
1928 10 0 0 0 0 0 0 0 0 0 0 0 
1929 10 0 0 0 0 0 0 0 0 0 0 0 
1930 10 0 0 0 0 0 0 0 0 0 0 0 
1931 10 0 0 0 0 0 0 0 0 0 0 0 
1932 10 0 0 0 0 0 0 0 0 0 0 0 
1933 10 0 0 0 0 0 0 0 0 0 0 0 
1934 10 0 0 0 0 0 0 0 0 0 0 0 
1935 10 0 0 0 0 0 0 0 0 0 0 0 
1936 10 0 0 0 0 0 0 0 0 0 0 0 
1937 10 0 0 0 0 0 0 0 0 0 0 0 
1938 10 0 0 0 0 0 0 0 0 0 0 0 
1939 10 0 0 0 0 0 0 0 0 0 0 0 
1940 10 0 0 0 0 0 0 0 0 0 0 0 
1941 10 0 0 0 0 0 0 0 0 0 0 0 
1942 10 0 0 0 0 0 0 0 0 0 0 0 
1943 10 0 0 0 0 0 0 0 0 0 0 0 
1944 10 0 0 0 0 0 0 0 0 0 0 0 
1945 10 0 0 0 0 0 0 0 0 0 0 0 
1946 10 0 0 0 0 0 0 0 0 0 0 0 
1947 10 0 0 0 0 0 0 0 0 0 0 0 
1948 10 0 0 0 0 0 0 0 0 0 0 0 
1949 10 0 0 0 0 0 0 0 0 0 0 0 
1950 10 0 0 0 0 0 0 0 0 0 0 0 
1951 10 0 0 0 0 0 0 0 0 0 0 0 
1952 10 0 0 0 0 0 0 0 0 0 0 0 
1953 10 0 0 0 0 0 0 0 0 0 0 0 
1954 10 0 0 0 0 0 0 0 0 0 0 0 
1955 10 0 0 0 0 0 0 0 0 0 0 0 
1956 10 0 0 0 0 0 0 0 0 0 0 0 
1957 10 0 0 0 0 0 0 0 0 0 0 0 
1958 10 0 0 0 0 0 0 0 0 0 0 0 
1959 10 0 0 0 0 0 0 0 0 0 0 0 
1960 10 0 0 0 0 0 0 0 0 0 0 0 
1961 10 0 0 0 0 0 0 0 0 0 0 0 
1962 10 0 0 0 0 0 0 0 0 0 0 0 
1963 10 0 0 0 0 0 0 0 0 0 0 0 
1964 10 0 0 0 0 0 0 0 0 0 0 0 
1965 10 0 0 0 0 0 0 0 0 0 0 0 
1966 10 0 0 0 0 0 0 0 0 0 0 0 
1967 10 0 0 0 0 0 0 0 0 0 0 0 
1968 10 0 0 0 0 0 0 0 0 0 0 0 
1969 10 0 0 0 0 0 0 0 0 0 0 0 
1970 10 0 0 0 0 0 0 0 0 0 0 0 
1971 10 0 0 0 0 0 0 0 0 0 0 0 
1972 10 0 0 0 0 0 0 0 0 0 0 0 
1973 10 0 0 0 0 0 0 0 0 0 0 0 
1974 10 0 0 0 0 0 0 0 0 0 0 0 
1975 10 0 0 0 0 0 0 0 0 0 0 0 
1976 10 0 0 0 0 0 0 0 0 0 0 0 
1977 10 0 0 0 0 0 0 0 0 0 0 0 
1978 10 0 0 0 0 0 0 0 0 0 0 0 
1979 10 0 0 0 0 0 0 0 0 0 0 0 
1980 10 0 0 0 0 0 0 0 0 0 0 0 
1981 10 0 0 0 0 0 0 0 0 0 0 0 
1982 10 0 0 0 0 0 0 0 0 0 0 0 
1983 10 0 0 0 0 0 0 0 0 0 0 0 
1984 10 0 0 0 0 0 0 0 0 0 0 0 
1985 10 0 0 0 0 0 0 0 0 0 0 0 
1986 10 0 0 0 0 0 0 0 0 0 0 0 
1987 10 0 0 0 0 0 0 0 0 0 0 0 
1988 10 0 0 0 0 0 0 0 0 0 0 0 
1989 10 0 0 0 0 0 0 0 0 0 0 0 
1990 10 0 0 0 0 0 0 0 0 0 0 0 
1991 10 0 0 0 0 0 0 0 0 0 0 0 
1992 10 0 0 0 0 0 0 0 0 0 0 0 
1993 10 0 0 0 0 0 0 0 0 0 0 0 
1994 10 0 0 0 0 0 0 0 0 0 0 0 
1995 10 0 0 0 0 0 0 0 0 0 0 0 
1996 10 0 0 0 0 0 0 0 0 0 0 0 
1997 10 0 0 0 0 0 0 0 0 0 0 0 
1998 10 0 0 0 0 0 0 0 0 0 0 0 
1999 10 0 0 0 0 0 0 0 0 0 0 0 
2000 10 0 0 0 0 0 0 0 0 0 0 0 
2001 10 0 0 0 0 0 0 0 0 0 0 0 
2002 10 0 0 0 0 0 0 0 0 0 0 0 
2003 10 0 0 0 0 0 0 0 0 0 0 0 
2004 10 0 0 0 0 0 0 0 0 0 0 0 
2005 10 0 0 0 0 0 0 0 0 0 0 0 
2006 10 0 0 0 0 0 0 0 0 0 0 0 
2007 10 0 0 0 0 0 0 0 0 0 0 0 
2008 10 0 0 0 0 0 0 0 0 0 0 0 
2009 10 0 0 0 0 0 0 0 0 0 0 0 
2010 10 0 0 0 0 0 0 0 0 0 0 0 
2011 10 0 0 0 0 0 0 0 0 0 0 0 
2012 10 0 0 0 0 0 0 0 0 0 0 0 
2013 10 0 0 0 0 0 0 0 0 0 0 0 
2014 10 0 0 0 0 0 0 0 0 0 0 0 
2015 10 0 0 0 0 0 0 0 0 0 0 0 
2016 10 0 0 0 0 0 0 0 0 0 0 0 
2017 10 0 0 0 0 0 0 0 0 0 0 0 
2018 10 0 0 0 0 0 0 0 0 0 0 0 
2019 10 0 0 0 0 0 0 0 0 0 0 0 
2020 10 0 0 0 0 0 0 0 0 0 0 0 
2021 10 0 0 0 0 0 0 0 0 0 0 0 
2022 10 0 0 0 0 0 0 0 0 0 0 0 
2023 10 0 0 0 0 0 0 0 0 0 0 0 
2024 10 0 0 0 0 0 0 0 0 0 0 0 
2025 10 0 0 0 0 0 0 0 0 0 0 0 
2026 10 0 0 0 0 0 0 0 0 0 0 0 
2027 10 0 0 0 0 0 0 0 0 0 0 0 
2028 10 0 0 0 0 0 0 0 0 0 0 0 
2029 10 0 0 0 0 0 0 0 0 0 0 0 
2030 10 0 0 0 0 0 0 0 0 0 0 0 
2031 10 0 0 0 0 0 0 0 0 0 0 0 
2032 10 0 0 0 0 0 0 0 0 0 0 0 
2033 10 0 0 0 0 0 0 0 0 0 0 0 
2034 10 0 0 0 0 0 0 0 0 0 0 0 
2035 10 0 0 0 0 0 0 0 0 0 0 0 
2036 10 0 0 0 0 0 0 0 0 0 0 0 
2037 10 0 0 0 0 0 0 0 0 0 0 0 
2038 10 0 0 0 0 0 0 0 0 0 0 0 
2039 10 0 0 0 0 0 0 0 0 0 0 0 
2040 10 0 0 0 0 0 0 0 0 0 0 0 
2041 10 0 0 0 0 0 0 0 0 0 0 0 
2042 10 0 0 0 0 0 0 0 0 0 0 0 
2043 10 0 0 0 0 0 0 0 0 0 0 0 
2044 10 0 0 0 0 0 0 0 0 0 0 0 
2045 10 0 0 0 0 0 0 0 0 0 0 0 
2046 10 0 0 0 0 0 0 0 0 0 0 0 

0 5 2 2 0.0769231 1 14 34 4 0.994819 48 6 44 14 37 13 36 3 42 9 45 1 43 7 44 11 -26 10 -22 11 -8 24 -20 12 43 9 38 10 15 6 22 22 34 11 42 10 42 9 44 11 -3 13 -12 17 -7 14 -1 12 14 16 35 17 18 16 30 24 -1 24 29 9 29 23 23 20 20 15 -7 15 44 24 37 26 -6 14 4 21 7 13 2 18 33 22 -22 -20 -11 -11 -13 16 13 22 16 -10 -24 -19 5 -18 -20 
1 5 2 2 0.952381 5 17 10 13 -25 15 7 17 5 15 13 4 0.444444 1 22 19 
2 5 2 2 0.444444 3 16 -3 15 -20 -15 -21 4 0.952381 15 17 -16 22 6 -8 -28 26 -10 25 -9 15 9 18 -24 21 41 24 15 16 15 -8 19 -24 -18 -8 20 -23 -17 -15 33 
3 5 2 2 0.923077 3 14 37 -14 21 16 -14 4 0.571429 1 26 6 
4 5 2 2 0.461538 3 9 40 16 23 9 43 4 0.949153 14 18 29 17 41 3 45 19 44 17 20 19 5 15 41 8 42 13 43 -6 45 -4 42 -10 42 24 10 1 41 
5 5 2 2 0.992248 32 14 27 9 21 14 21 11 32 13 20 11 13 10 5 12 -11 9 -15 11 -2 14 35 13 34 16 -29 11 -11 12 -9 13 -27 11 -13 8 38 8 27 9 24 13 -24 14 18 12 0 13 -4 10 10 15 36 14 29 12 -21 8 -12 14 -15 13 26 13 27 4 0.111111 1 22 36 
6 5 2 2 0.857143 6 11 -17 13 0 14 -5 12 -25 10 -9 12 -15 4 0.727273 4 3 21 18 -16 21 12 25 16 
7 5 2 2 0.592593 4 15 17 16 43 16 45 11 45 4 0.916667 11 26 44 26 12 2 39 -22 -28 -22 -25 -15 1 -15 20 -5 -28 -6 -12 -6 0 -14 36 
8 5 2 2 0.988235 21 -15 16 -10 -18 -11 -24 -13 17 -12 19 -13 -2 -12 -10 -11 -16 -9 -4 -10 -10 -12 2 -15 1 -10 -6 -14 -13 -15 6 -15 -13 -11 -28 -12 -30 -13 4 -11 4 -13 -32 4 0.16 1 5 -1 
9 5 2 2 0.666667 1 -12 28 4 0.888889 2 -21 -30 -10 -3 
10 5 2 2 0.0879121 2 -14 35 11 37 4 0.994012 83 -24 -9 -8 -11 -11 21 -2 -27 -2 -28 -16 -1 -10 7 -2 25 13 -20 -15 6 -11 -15 -17 5 -20 25 7 5 -20 26 9 -14 -18 -3 -6 -21 11 39 -16 14 -15 12 -10 4 4 -9 5 -24 -10 5 0 16 -15 18 2 -16 13 -25 -6 -25 -6 35 -18 -13 -16 9 1 22 -18 -18 -23 30 -16 -7 -6 23 0 26 -7 -17 -8 -13 0 36 -3 -34 -2 39 -3 22 -9 20 -3 37 -4 39 -10 26 -16 1 4 15 15 -22 1 27 -14 30 -11 33 9 -22 -13 34 -18 38 -12 32 -17 33 10 -20 -12 39 -16 35 -21 35 -4 30 9 41 -21 30 10 31 -21 6 3 29 20 31 -6 34 -6 39 20 -25 -24 -24 13 37 -5 29 17 37 -1 36 -2 33 10 36 21 4 17 8 
11 5 2 2 0.823045 50 9 33 8 35 14 34 6 37 13 32 5 37 10 34 5 44 2 35 5 33 4 43 6 36 5 40 -6 39 -4 37 -6 34 -2 36 14 43 0 42 5 34 9 33 9 39 13 42 8 43 -11 41 -3 43 -3 43 -9 45 -13 37 -6 44 -1 42 -12 39 6 32 7 31 11 -6 15 15 -1 32 8 -2 9 -6 9 28 16 -24 16 -3 8 -20 13 24 6 -19 0 -3 1 -4 -1 10 -1 15 4 -3 4 0.774775 43 10 37 7 45 10 40 -2 41 13 43 0 40 12 35 -11 39 4 37 9 42 10 43 9 38 -5 34 18 41 -8 40 -4 41 -7 42 16 37 18 44 -4 41 4 44 21 -16 11 -11 11 -5 8 -22 23 -17 5 33 6 -26 16 24 16 18 10 -28 16 1 22 13 23 -3 18 10 7 -17 16 -3 8 8 7 -19 17 -24 1 -12 2 -1 5 -25 
12 5 2 2 0.988235 21 2 -26 0 -28 5 -19 3 -20 3 -28 4 -25 3 -23 8 -19 7 -3 12 -9 12 -18 3 -1 9 1 15 -6 3 -17 4 5 8 -29 7 -5 15 -15 8 -19 16 -31 4 0.16 1 18 -6 
13 5 2 2 0.992908 35 14 -2 11 20 14 36 15 32 16 21 16 -13 16 2 6 25 11 17 10 23 6 34 5 43 2 3 16 36 3 0 9 22 7 40 10 -3 14 12 7 25 5 19 10 36 15 33 -18 40 6 -23 12 15 15 10 9 -20 -2 43 16 14 5 34 10 32 7 27 -7 36 3 45 4 0.102564 1 -2 43 
14 5 2 2 0.991453 29 -10 42 -3 44 2 43 -9 42 -2 43 3 44 -16 45 -2 44 9 44 -7 44 -4 45 -9 44 -13 44 1 44 2 47 -7 46 15 43 7 45 13 44 -1 46 -13 46 14 46 -12 46 11 45 -11 46 -9 48 -9 47 -8 45 9 45 4 0.121212 1 12 45 
15 5 2 2 0.824034 48 10 26 8 6 -19 -3 -8 -15 -2 -13 -20 10 6 31 -10 -6 -19 17 3 33 -2 17 4 27 -20 25 -4 -19 -20 16 -11 32 7 -4 -20 20 13 -19 7 4 -9 27 4 -8 8 3 -11 18 -5 22 -20 26 -7 -26 -18 -25 0 20 -20 26 -11 25 -16 -29 -12 10 -19 -32 -3 13 -7 12 10 9 -16 -5 -11 -22 -6 12 -8 7 -8 31 -18 4 -20 5 3 -3 2 12 -13 29 -20 13 4 0.773585 41 -7 30 16 -6 2 35 -15 -8 -16 -7 -18 -10 -13 31 -18 6 -25 30 -10 -1 -24 -16 -14 7 -13 -3 2 35 25 -23 -14 -11 -5 32 15 -11 -9 4 -3 33 15 -10 25 13 -18 -25 12 1 -7 -22 -21 -16 -5 12 -13 19 -17 -22 -15 -36 -12 -16 -17 -2 -20 -13 -6 -5 -16 -3 -16 1 -10 -4 4 29 -2 -5 9 -17 2 18 
16 5 2 2 0.990099 25 11 -10 8 27 -1 31 -7 4 -10 33 -17 17 -2 18 -19 -16 -16 15 -18 29 9 -13 -2 -8 -1 -11 8 23 6 29 -18 30 6 -13 8 -20 8 -13 -15 31 -15 34 -14 34 7 -28 6 -10 -18 -11 4 0.137931 1 -4 -4 
17 5 2 2 0.32 2 -17 -21 7 18 4 0.971429 17 -20 4 1 20 -19 -34 6 15 -7 7 -19 -11 -3 35 8 14 -19 -15 -18 5 -18 20 10 29 11 29 -17 -13 -14 -11 -15 12 -16 -34 
18 5 2 2 0.833333 10 -18 24 -1 18 -1 -2 6 6 -16 -26 -19 -2 -12 36 -16 -22 -3 -18 -20 -29 4 0.761905 8 -20 -1 -12 -18 -17 -5 -13 -16 -1 35 -23 4 -18 -2 -22 33 
19 5 2 2 0.25 3 10 18 11 22 -7 -15 4 0.979592 36 0 30 12 22 11 22 14 -18 10 17 26 -16 18 32 18 -10 18 25 0 33 13 26 23 -23 12 -11 10 -7 20 15 9 -23 20 -8 9 -12 18 16 9 11 16 10 8 11 12 23 -20 -19 5 -2 -9 13 -21 21 -16 16 -4 6 -10 24 -4 2 -5 18 -6 14 -7 -1 -16 -28 -9 -14 
20 5 2 2 0.8 6 -19 -27 -10 -33 -3 -17 -6 -15 10 15 14 45 4 0.8 6 7 23 -7 -5 4 21 20 38 20 41 9 44 
21 5 2 2 0.952381 5 8 -12 8 -21 7 -23 -10 -1 9 -29 4 0.444444 1 9 10 
22 5 2 2 0.99115 28 -10 53 15 51 12 50 4 51 10 53 13 49 11 53 4 53 -2 53 15 49 8 51 -11 51 16 46 -5 51 15 47 8 53 10 52 -1 49 -9 52 -1 51 -6 49 -10 50 -7 51 -11 51 -14 48 0 48 -6 49 -12 50 4 0.125 1 25 45 
23 5 2 2 0.980392 25 0 5 11 15 6 -30 -1 0 0 -11 12 7 1 16 0 5 0 7 -2 27 -3 21 12 -9 0 -15 -3 26 6 19 5 -3 6 35 12 -17 6 15 0 36 11 -14 -3 -4 -1 -18 -1 -19 5 20 4 0.242424 2 -23 45 2 28 
24 5 2 2 0.72103 42 9 -29 -7 28 15 5 6 -24 6 13 8 -17 7 -14 -4 -14 -19 30 -14 29 -17 24 -6 -16 -15 24 -15 -32 -13 -25 -9 4 -9 0 -15 32 -15 -21 -14 -31 -16 -8 -9 -2 -14 -7 -12 2 -14 17 -11 -28 -18 -18 -8 -13 -14 11 -10 -15 -10 -23 -11 -31 -7 12 -9 -30 13 12 -17 5 -8 -32 13 -15 8 9 16 22 14 -12 -20 -6 4 0.860927 65 7 -23 12 -10 7 8 8 14 11 -2 11 -14 6 -8 11 -5 7 20 -10 8 5 7 5 -11 13 27 4 1 4 28 10 3 -12 -4 8 -14 11 -13 10 31 -18 -23 9 11 -15 -16 -20 -27 -9 38 6 30 4 40 -17 34 -18 -26 -17 0 -17 14 -3 7 -18 28 -7 9 -3 0 -9 16 -15 20 -13 -23 -9 -4 -12 -20 -17 9 -5 -26 -13 7 13 -31 -15 -1 -11 21 8 -30 -9 -20 4 22 16 17 4 33 -20 -30 11 16 13 32 -11 -29 13 -3 17 -29 11 -31 6 -8 -5 -11 14 28 14 27 19 -29 20 -26 -3 5 
25 5 2 2 0.987654 60 2 6 -2 8 9 -6 2 22 2 19 13 -27 -2 4 7 13 9 0 12 14 13 -21 1 -21 7 2 3 28 0 34 10 2 0 31 -1 -26 12 30 -1 -30 5 -15 -1 -8 9 -18 10 -6 4 16 4 15 1 8 12 34 0 40 14 -29 9 4 12 17 2 5 8 -7 10 22 10 -15 9 20 9 34 5 5 11 25 6 13 1 8 0 28 1 39 11 -4 1 0 1 -29 9 -16 12 -33 2 29 11 6 2 14 10 -18 10 -20 10 -5 3 10 13 -13 12 7 3 13 3 -32 4 0.166667 3 17 -31 5 31 12 -26 
26 5 2 2 0.8 6 -14 34 -12 41 -20 34 -15 41 -9 41 -15 6 4 0.8 6 -6 37 -9 43 -19 18 -15 18 -14 21 -23 18 
27 5 2 2 0.98152 239 -6 0 -5 2 -2 -4 -3 4 0 37 -5 17 2 -11 -6 -22 0 -28 0 -29 -17 32 -6 30 -20 23 -5 9 -8 35 -17 38 -16 26 0 16 -2 -31 -2 -15 -18 18 -19 29 -7 -21 -15 34 -9 36 -17 4 1 -23 -18 10 -8 21 -2 10 -3 -6 -5 -16 -9 -10 -4 -2 -19 -22 -17 -26 -19 -25 -2 15 -14 21 0 37 -17 20 -12 34 -17 -3 -18 40 -12 21 -13 29 -13 -2 -5 0 -14 -7 -17 -17 -9 -26 -19 -30 -14 -4 -10 18 -10 30 -9 33 -12 4 -3 2 -9 1 -12 13 -4 40 -3 12 -3 10 -16 -24 -4 9 -10 29 -6 39 -14 -9 -14 39 -15 0 -8 37 -17 5 -6 5 -16 -19 -11 1 -11 -30 -14 -13 -13 14 -6 6 -17 -21 -11 4 -10 -19 -13 -11 -16 37 -7 -22 -6 29 -16 12 -11 -2 -14 5 -12 7 -13 -23 -5 -3 -9 34 -8 -31 -12 -10 -10 33 -14 -24 -14 27 -13 -25 -7 2 0 20 -2 -15 -9 -1 -15 -33 -15 30 6 40 -14 5 6 32 -11 -7 -9 -25 -9 0 -11 31 -7 32 -6 39 -8 -19 6 35 -8 9 -2 -3 -8 18 -4 39 -8 5 0 41 5 -20 -7 -13 -15 -27 -5 35 0 11 8 34 2 -28 -11 -24 3 23 -5 35 -5 39 -7 10 -11 17 -2 2 7 -23 0 -10 -10 20 1 28 -4 33 -11 -26 -6 14 -8 -13 -5 31 -2 15 -11 24 0 -31 -1 -12 -7 13 -14 -12 -16 -32 -5 24 -4 8 -14 -17 -8 -30 -7 5 -1 -33 5 13 -3 4 -10 -11 -1 37 -8 -28 -10 35 -5 -3 -9 37 -12 12 -9 -2 -3 37 -8 3 -2 2 -7 13 -2 15 -1 4 -12 41 -13 30 -6 -2 -12 -5 -13 17 -7 18 -8 -31 -12 14 -11 9 -3 -4 -11 -2 -6 28 -7 -4 -7 35 -5 -8 7 -5 -5 3 -11 -8 -3 -27 9 -26 -3 17 -3 34 -4 25 -9 17 -4 32 -5 -6 -2 35 -7 24 -14 -34 6 11 -6 13 2 7 5 -24 -8 0 4 10 -6 -4 -13 -24 -10 -10 -9 11 -13 -32 -6 3 -9 -14 3 3 4 1 -8 -17 11 -22 -10 -24 -2 23 3 0 -4 40 -8 -18 -6 -14 -10 30 -10 -26 -11 22 -10 -22 -12 9 -13 -28 -4 10 2 -15 -12 27 -7 -15 -2 10 4 7 -8 3 4 0.231511 18 -2 -10 -14 -20 -12 -28 -12 38 -14 -30 -18 -11 -20 -5 6 31 0 -6 -5 37 -17 -5 -3 35 3 7 0 39 2 -4 2 38 1 27 8 -12 
28 5 2 2 0.64 4 4 14 -4 0 1 3 -15 -12 4 0.9 9 -11 23 2 -29 -6 23 -14 -28 -14 -27 6 -17 4 -7 -11 28 -14 -19 
29 5 2 2 0.945455 13 4 -10 4 -8 -7 11 -6 -17 -6 -18 -5 17 -4 -29 -4 19 -7 15 8 -18 7 12 -5 22 -3 14 4 0.48 3 -19 -17 -11 -22 -19 -21 
30 5 2 2 0.145455 2 -4 2 -2 -16 4 0.989474 47 -9 9 -18 -5 1 -12 -9 -24 1 -17 5 -28 2 -7 -16 4 -17 19 -15 -8 -9 25 3 -13 0 21 -15 -21 -15 -19 -15 -25 -14 -14 -14 -27 -5 -14 -6 -22 1 21 -7 26 -13 -30 -4 -23 4 -19 6 -6 5 3 5 -11 5 -6 -12 15 -12 18 -11 -1 5 0 -11 3 6 -18 -11 7 -2 -4 7 9 6 8 7 -27 7 -1 -21 21 -18 17 -23 -1 -22 4 -25 -22 -19 7 
31 5 2 2 0.967742 15 11 -38 10 -39 -15 -34 -18 -36 2 -36 4 -36 1 -39 12 -34 3 -39 2 -34 -19 -31 -13 -43 8 -41 -6 -44 11 -36 4 0.347826 2 -4 -29 16 -34 
32 5 2 2 0.967742 15 12 -31 14 -16 8 -33 13 -20 13 -13 12 -16 13 -38 11 -22 15 -40 16 -33 16 -27 12 -6 13 -30 7 -39 13 -33 4 0.347826 2 22 -28 24 -36 
33 5 2 2 0.285714 3 12 9 14 23 12 27 4 0.97561 30 19 -30 17 24 24 -16 22 -29 20 -15 16 -33 26 41 -18 -35 25 -35 26 11 26 21 -2 -41 -2 -35 0 -38 -12 -38 3 -32 26 -29 -1 -32 -11 -14 16 -35 -11 -8 16 -37 -5 -36 19 -11 14 17 -18 -31 16 23 14 -31 16 -35 3 -34 
34 5 2 2 0.727273 2 -8 -41 -3 -41 4 0.857143 3 8 -33 23 -34 14 -27 
35 5 2 2 0.190476 1 3 -36 4 0.985507 17 8 -37 -12 -37 -10 -37 10 7 5 -34 -11 42 -14 -38 -11 -30 -23 -37 26 -32 -23 -38 2 -36 13 -1 21 5 13 33 17 -33 1 -28 
36 5 2 2 0.984127 31 -19 -38 -1 -42 -4 -32 -8 -40 -18 -32 0 -37 -15 -38 5 -34 10 -39 -4 -38 14 -36 -1 -38 7 -39 15 -39 3 -38 -6 -2 -15 -35 5 -39 11 -34 -2 -39 7 -42 -16 -8 -13 -34 -3 -41 -8 -37 -14 -34 -5 -35 -7 -37 -12 -37 3 -38 -1 -42 4 0.205128 2 -9 -33 18 -35 
37 5 2 2 0.8 6 -3 -33 14 -38 -14 0 -17 -8 -2 -33 12 -34 4 0.8 6 -14 -36 -2 -32 -22 -34 0 -7 1 -21 -16 -36 
38 5 2 2 0.137931 1 -13 -3 4 0.990099 25 -9 26 -5 24 1 20 -21 18 -5 -4 -8 20 -8 14 -18 21 -19 25 -11 10 1 14 -7 -1 -6 0 -7 -3 -6 -4 -6 30 -20 31 -17 -1 -15 -2 -4 -9 -9 37 -7 40 -8 33 1 22 -6 34 
39 5 2 2 0.983607 15 -8 13 3 -37 16 -17 1 -29 8 -42 -7 -44 15 -51 6 -44 1 -38 -1 -43 10 -43 -2 -43 12 -44 1 -27 1 13 4 0.210526 1 -6 -38 
40 5 2 2 0.129032 1 -4 -51 4 0.990826 27 -14 -45 23 -45 15 -42 9 -45 -12 -44 12 -45 25 -44 -5 -44 -12 -41 -11 -44 -3 -44 5 -43 -5 -44 -5 -45 -18 -44 -13 -45 -15 -42 -23 -45 -16 -42 -16 -45 -18 -43 -20 -45 -17 -44 -9 -44 1 -43 14 -41 -9 -43 
41 5 2 2 0.735043 43 -12 -47 -13 -36 -8 -28 -8 0 -12 -52 -19 -44 7 -47 13 -47 -14 -3 -5 0 -5 -4 -3 -29 2 -43 -4 -36 -10 -37 -10 -13 -6 -37 -5 -29 -7 -44 -2 0 -2 -18 7 -33 -4 -27 0 -28 -8 -40 -17 -42 -1 -40 -14 -46 -10 -41 -1 -41 6 -42 -4 -17 11 -40 -16 -42 -5 -42 -3 -26 9 -46 10 -46 15 -39 9 -41 -13 -44 12 -43 -15 -44 4 0.852234 62 -8 -41 2 -1 -2 27 -7 -4 -5 -26 -8 -33 -1 0 3 -29 -12 -10 0 12 3 -26 -1 27 -3 10 -6 -17 -4 -14 1 5 -3 -12 -7 -8 1 -26 3 36 8 36 1 -14 -8 -30 -7 -41 4 0 -8 -28 7 -4 -5 -31 -23 -41 -13 -40 -2 -22 -11 -12 0 -23 -10 -21 2 -19 0 -29 -2 -40 1 -42 -14 -42 -17 -42 -12 -16 -2 -25 2 -35 21 -42 -5 -41 3 -36 18 -39 5 -38 -5 -41 8 -40 24 -40 5 -41 26 -39 3 -40 -14 -36 9 -24 6 -41 2 -7 19 -38 -23 -39 -14 -40 16 -38 
42 5 2 2 0.969697 16 -5 -42 5 -45 -2 -21 -7 -42 1 -25 -3 -39 -1 -48 2 -6 8 -51 2 -17 -3 -44 2 -24 -2 25 -9 -36 13 -45 13 -45 4 0.333333 2 3 -43 6 -34 
43 5 2 2 0.8 4 3 -25 0 -44 -9 -36 0 -4 4 0.8 4 -2 34 7 -41 1 -41 3 -38 
44 5 2 2 0.166667 2 1 -3 3 -45 4 0.987654 40 -20 -44 4 -43 4 -43 -8 -21 -7 -17 -2 -35 0 -19 -5 -25 -7 -43 -14 -25 -14 16 -25 22 -3 -19 -3 -12 -2 -38 -24 32 -17 -34 -4 -39 -25 36 -14 -35 -20 30 -7 -21 2 -6 -14 35 1 6 -3 16 -8 -31 -17 -19 -17 -7 -5 -4 20 -45 23 -45 -7 -42 7 -43 -16 -39 -5 -21 0 -21 -2 -32 -2 -28 -19 -36 
45 5 3 2 0.888889 8 18 10 18 21 19 -4 17 44 15 -8 16 -22 16 -31 16 -21 3 0.266667 1 27 57 4 0.571429 3 18 16 22 -23 5 43 
46 5 2 0 0.108108 1 11 76 3 0.992481 33 33 -8 27 -31 38 -7 24 -19 23 -35 24 14 26 -64 32 8 20 -87 28 50 21 -4 35 23 34 22 26 -37 29 27 9 77 7 81 16 93 24 -7 37 -41 30 5 12 44 19 -96 37 -43 -37 18 3 89 -43 -34 -31 37 11 44 -16 90 -13 93 -19 93 -22 39 
47 5 3 2 0.666667 2 -16 -40 -7 -42 3 0.444444 1 -16 41 4 0.8 3 -21 -8 -18 22 -21 -41 
48 5 2 2 0.306383 18 13 9 16 -50 15 23 14 1 5 21 5 -33 14 -42 16 -16 6 -41 16 -6 5 7 7 -30 6 11 6 -43 7 -1 7 -4 7 11 9 -40 4 0.973134 163 -5 27 9 -45 -21 -44 9 -36 -12 25 14 11 -14 25 -9 -30 -23 21 19 -10 -9 -26 -14 22 -11 -30 -20 -34 10 13 11 28 9 -26 0 12 -20 3 -9 -17 -12 -33 -12 -44 -13 -10 -25 -2 1 -15 12 27 -1 -21 -12 -38 -13 9 -14 -6 14 -7 14 -20 6 -18 -21 -9 10 -15 1 -27 -13 -39 11 -39 -14 9 0 -22 -23 -27 23 12 -9 8 -1 -35 -12 -24 -22 -31 -15 1 -21 23 -23 11 -15 -32 -15 7 10 -45 -25 26 11 -26 11 -44 -15 -41 11 2 -11 -44 1 26 -23 -14 2 -34 -13 -28 -14 -6 -7 -34 -13 10 -14 -15 -13 -40 10 22 -19 15 11 -22 18 -28 10 -30 -19 -30 3 -29 -15 8 -6 -11 4 18 2 15 -19 -3 -6 23 18 -10 -4 -9 -5 -2 -16 9 12 -8 -19 6 5 9 14 -11 17 4 5 4 -4 7 -21 -36 15 -26 3 -8 4 -25 -23 21 -22 -45 -24 24 4 -9 4 -41 -17 15 -22 -35 5 -15 7 -8 -4 -3 11 -40 13 12 -2 15 14 5 -23 -24 13 -41 13 -2 22 -37 8 -29 -23 -14 -18 -38 6 -33 13 3 -3 -18 5 13 17 19 17 -35 10 -30 10 -32 18 -35 12 21 6 14 1 -43 7 -14 7 -3 23 -37 -1 -9 -21 -29 12 -9 2 16 0 -3 -22 -11 3 9 10 -35 14 14 3 15 20 -34 10 -2 5 -35 16 -27 11 -15 6 -35 15 -27 6 -25 6 -17 16 -25 3 -6 12 12 9 1 21 -2 -16 -42 18 -30 9 -27 21 -19 10 -22 8 9 7 17 19 -17 
49 5 2 2 0.615385 2 14 -26 19 9 4 0.909091 5 23 24 19 -13 20 10 22 -4 20 17 
50 5 2 2 0.990826 27 15 14 15 15 18 18 15 4 19 -20 14 -17 14 -14 15 -27 13 -27 20 7 15 -13 14 -32 17 22 17 -17 17 -7 17 -30 15 -2 15 -16 21 33 18 -20 19 32 15 26 18 10 18 28 20 23 18 15 21 -22 4 0.129032 1 15 -11 
51 5 2 2 0.173913 1 20 37 4 0.987013 19 16 44 17 39 18 -33 14 -37 16 -36 8 -35 15 -17 16 37 23 8 17 40 17 21 16 43 24 41 25 43 24 38 19 33 19 41 16 -27 23 43 
52 5 3 2 0.8 2 19 36 18 37 3 0.571429 1 27 38 4 0.571429 1 19 8 
53 5 3 2 0.914286 8 19 39 21 -15 21 -4 16 45 18 -21 21 25 20 8 20 36 3 0.285714 1 32 39 4 0.470588 2 26 36 26 -1 
54 5 3 0 0.210526 1 -12 77 3 0.965517 14 17 35 12 39 15 77 14 40 12 37 31 -26 32 35 44 6 -7 94 32 40 12 75 24 38 -33 97 34 22 4 0.210526 1 6 -28 
55 5 2 0 0.153846 1 -24 34 3 0.988764 22 18 81 -36 98 26 49 25 63 41 0 -39 97 -1 100 -27 95 1 99 -37 77 24 -52 14 10 6 11 -33 35 34 -86 -17 97 14 4 -32 41 -17 97 8 -48 -22 44 -33 90 
56 5 2 0 0.888889 2 -15 93 -18 86 3 0.666667 1 -34 59 
57 5 2 0 0.941176 4 -13 78 -13 76 -14 77 -17 75 3 0.5 1 -24 36 
58 5 2 0 0.958084 40 -1 21 -12 19 -7 21 -10 19 -9 20 14 41 1 20 6 17 -15 20 6 19 10 47 -17 17 14 44 16 44 17 -4 18 -36 9 55 -15 23 4 48 -8 50 15 46 17 -73 -14 51 17 32 18 -43 14 -60 17 -35 14 -29 16 -38 13 44 17 47 17 55 15 -74 15 -72 10 53 18 -74 18 -58 14 -20 6 73 17 20 3 0.411765 7 17 54 -37 13 -16 14 -28 13 20 1 -30 10 23 76 
59 5 4 0 0.758974 37 8 47 23 22 -5 80 21 15 24 19 20 21 5 83 18 11 17 17 25 -10 7 84 20 -2 17 52 4 83 12 54 25 15 5 78 12 60 20 -9 23 -10 9 62 -5 50 4 50 3 25 16 -44 17 -51 17 -75 19 14 23 -1 11 12 21 -83 17 15 22 -7 17 -52 8 48 5 25 25 -60 1 0.324324 9 16 27 17 26 14 35 15 37 17 34 16 38 11 39 16 39 17 33 2 0.045977 1 18 -36 3 0.758974 37 29 -89 -9 38 26 8 17 -4 25 -3 15 -32 24 -43 2 59 -8 30 16 25 21 84 36 13 39 10 30 18 4 59 31 59 31 -57 6 84 32 -21 19 48 11 32 19 -72 10 37 16 60 -17 12 -14 12 12 34 8 4 16 -14 14 64 7 91 11 -8 17 39 25 -23 38 5 29 18 36 -2 
60 5 2 0 0.363636 1 -19 28 3 0.965517 7 -18 35 -12 30 -26 25 -37 29 -16 20 -40 25 -16 31 
61 5 2 0 0.971098 126 -15 52 -20 40 -21 38 -16 53 -11 40 -7 25 -3 37 -8 40 -11 40 -8 23 -13 84 -16 29 13 88 -21 28 -8 79 -13 73 -12 38 -20 78 -14 73 -6 52 -11 42 -13 31 -17 55 -8 54 -17 52 -8 74 -13 38 -20 30 -14 84 17 42 6 40 -18 90 -13 31 23 35 8 43 14 58 -22 30 15 68 9 40 -6 89 -7 42 -10 91 -5 75 5 92 -19 85 2 87 8 36 1 91 -7 85 -21 89 6 85 -23 30 -10 87 -15 52 -11 53 -24 22 13 54 3 85 -2 86 -24 38 15 57 -8 86 15 38 18 41 5 86 18 55 8 57 7 87 5 87 13 71 11 56 16 59 -16 88 14 27 19 29 8 84 16 65 8 69 14 28 8 40 14 30 -8 56 -8 53 13 29 7 67 -2 36 9 31 11 87 19 30 6 56 6 63 -5 24 13 23 16 24 -4 54 -9 36 21 25 -14 37 9 37 3 86 -13 32 -5 74 13 30 5 61 7 59 12 41 3 72 11 59 7 40 15 38 5 30 6 69 0 29 14 39 14 41 6 72 7 69 1 30 4 66 12 57 4 77 3 73 -6 34 2 76 1 37 -7 31 3 0.322581 15 -20 39 31 33 24 24 -22 99 10 66 11 66 29 82 21 36 22 43 42 2 30 30 10 31 14 23 11 25 11 99 
62 5 2 0 0.4 2 -12 18 -7 18 3 0.96 12 26 -20 -32 82 -35 44 -24 38 -27 42 -41 31 -42 26 -40 23 -28 35 -40 22 -29 25 -37 25 
63 5 3 0 0.496552 18 -23 48 -22 48 -21 63 -14 57 -13 87 -16 75 15 84 16 79 17 80 19 75 18 69 17 45 22 49 18 60 19 82 25 66 17 91 24 76 3 0.930233 70 -36 -33 -43 41 -37 42 -37 15 -41 85 -39 91 -40 25 -44 42 -42 89 -43 73 -34 7 -32 97 -32 18 -44 18 41 -98 42 99 37 -98 41 76 37 -95 -23 43 33 -91 39 -87 43 -2 36 44 40 5 31 87 40 25 31 84 36 6 34 -28 39 -69 39 -28 40 -89 42 59 30 -89 38 -70 35 -10 34 81 31 -54 42 -81 36 9 34 56 43 -41 37 45 35 86 38 -69 5 98 27 -73 33 66 40 -11 34 32 35 27 33 -39 -39 100 38 -60 29 97 38 -86 -37 42 36 -91 39 -40 34 -50 12 -40 32 65 -6 15 39 -7 20 -33 33 -8 36 -71 34 -36 39 -10 4 0.12 3 24 38 15 22 22 31 
64 5 4 0 0.680851 8 13 60 8 59 9 56 22 -46 13 55 10 52 23 -68 24 -42 2 0.457143 4 16 -20 18 -20 19 -25 20 -27 3 0.72 9 36 -12 33 -8 4 13 43 -28 6 -98 33 -7 34 53 36 -3 39 -39 4 0.275862 2 11 24 23 -27 
65 5 3 0 0.615385 4 -23 88 -20 72 -21 87 -17 81 3 0.4 2 -37 2 -39 -6 4 0.842105 8 -24 41 -22 41 -21 29 -22 -17 -23 -24 -23 -16 -23 -26 -24 -13 
66 5 4 0 0.413793 3 -13 51 21 8 12 56 2 0.5 4 18 33 20 40 20 40 20 7 3 0.765957 9 30 -5 44 15 19 -90 32 42 39 -61 30 -6 30 42 45 14 43 -14 4 0.5 4 22 42 19 32 22 45 19 -23 
67 5 3 2 0.5 4 20 -8 21 30 21 0 19 -17 3 0.413793 3 45 -20 1 38 33 66 4 0.881356 13 10 -2 10 24 19 28 17 -5 26 -12 17 -2 21 -6 15 -18 15 -17 26 30 20 14 22 21 24 15 
68 5 4 0 0.9 36 -21 48 -12 46 -18 50 -17 51 1 49 14 89 23 81 22 91 -14 54 21 60 22 55 24 68 -16 53 -13 56 12 85 17 85 25 3 25 73 -6 53 13 92 23 -4 13 75 -3 54 24 44 20 79 22 78 21 77 21 67 22 93 9 50 25 55 21 69 12 50 20 63 21 78 21 74 2 0.196721 3 18 -37 18 -15 21 -6 3 0.487805 10 35 95 42 -57 39 98 33 40 43 31 41 73 36 -54 27 9 42 90 -44 -37 4 0.196721 3 20 23 22 43 19 43 
69 5 3 0 0.235294 1 4 58 3 0.878049 9 -44 44 -42 92 -35 -97 -14 65 -43 -50 -36 -34 -2 37 -5 41 -43 11 4 0.615385 4 -23 -41 -20 43 -25 -6 -24 12 
70 5 3 0 0.0655738 1 22 -20 2 0.179104 3 19 -7 19 5 19 -4 3 0.981818 54 22 -82 36 -71 24 -33 23 -41 43 -26 45 -43 42 -11 43 39 36 -15 45 -40 41 -5 43 -42 29 34 20 -11 40 36 39 33 43 64 31 40 26 -68 41 29 29 -38 42 -23 16 -19 39 62 36 -56 14 -14 32 34 37 -23 20 -29 28 -62 6 -62 26 -31 28 78 24 74 25 -29 11 -69 26 24 34 26 38 -48 39 -40 22 63 20 -74 16 27 39 -34 32 -50 22 14 39 -63 20 7 22 43 34 -22 40 -38 38 62 44 -5 39 15 
71 5 2 0 0.888889 6 15 48 18 44 22 -30 11 53 20 -87 25 2 3 0.666667 3 10 19 21 -58 6 -81 
72 5 2 0 0.962963 13 22 37 14 70 -7 44 21 32 3 59 16 41 24 12 20 43 -10 44 -10 62 17 70 -6 48 16 43 3 0.380952 2 18 90 19 36 
73 5 2 2 0.333333 1 18 -44 4 0.969697 8 20 -38 21 -36 22 -37 26 -41 20 -26 12 -32 20 -40 26 -36 
74 5 4 0 0.266667 1 25 -66 2 0.740741 5 21 -26 21 5 19 -32 21 25 18 -24 3 0.444444 2 44 -5 31 75 4 0.666667 4 19 12 17 10 24 -35 26 -43 
75 5 3 0 0.363636 2 21 -5 25 10 2 0.645161 5 20 30 17 -35 20 25 21 43 18 -36 3 0.837209 9 1 20 26 92 38 19 16 -99 30 38 34 87 33 31 29 90 31 76 
76 5 2 0 0.363636 1 17 72 3 0.965517 7 42 30 32 -12 41 -4 35 37 18 84 4 43 15 41 
77 5 3 0 0.893204 23 22 48 20 35 23 39 16 69 11 88 8 81 21 -39 25 -85 23 -7 12 83 13 63 23 -63 16 60 8 71 23 5 24 -4 8 90 18 64 9 52 14 67 15 60 11 73 13 75 2 0.27907 3 21 42 20 -38 21 -29 3 0.551724 8 44 -7 43 31 19 100 39 8 43 6 33 -29 -33 -99 44 34 
78 5 2 3 0.989247 23 -37 28 18 57 -40 71 -28 38 -25 39 -35 76 21 24 -8 40 -31 76 -5 87 1 39 3 41 5 84 -29 78 1 87 -9 91 -8 40 -16 87 -9 86 -6 40 -15 89 2 79 -26 94 4 0.148148 1 -20 43 
79 5 3 0 0.571429 1 -3 72 3 0.571429 1 -9 43 4 0.8 2 -22 45 -24 33 
80 5 2 0 0.631579 3 14 -3 13 7 15 12 3 0.903226 7 18 -49 31 -22 24 11 21 -39 24 2 18 -28 14 -5 
81 5 3 0 0.977778 99 20 -19 14 35 15 -46 14 -3 11 -29 12 8 11 19 14 10 12 -34 10 -34 14 35 16 -14 11 -11 14 35 16 -60 9 -33 16 -31 13 -56 13 29 11 -14 18 -20 8 -14 8 -9 12 -36 13 -59 9 -20 7 -22 7 -3 17 -42 12 42 11 -53 10 9 8 7 8 4 10 15 10 17 17 -58 5 10 15 -1 8 -21 8 39 11 34 17 -54 13 -53 11 7 4 -12 4 2 10 -9 9 -16 13 -11 16 -57 10 -2 15 -51 4 -21 10 -50 6 -18 7 8 5 19 10 -55 12 -54 15 -26 6 7 2 -11 7 35 11 -44 10 -59 5 -44 7 -18 5 66 13 -49 9 -60 4 -45 11 -51 6 -61 -13 67 -8 70 16 -49 -17 64 -14 67 -14 64 -14 62 -11 66 13 -62 21 9 18 -35 17 3 14 -21 17 -20 20 -33 17 -40 17 -20 17 -36 17 -49 18 -62 15 -20 18 6 13 -59 16 7 15 -28 1 0.162602 5 13 12 10 32 7 -32 13 13 8 -29 3 0.133333 4 14 -23 23 -41 29 9 29 -27 
82 5 2 0 0.111111 1 -24 -9 3 0.992248 32 -37 -8 -40 -37 -35 -4 -39 11 -33 -13 -37 -18 -38 -35 -37 -16 -42 -68 -34 -28 -33 7 -30 -16 -36 39 -38 -35 -38 -32 -34 1 -39 -66 -37 8 -36 -41 -31 1 -33 -32 -32 -42 -33 59 -31 1 -34 7 -25 -40 -24 -11 -28 -18 -35 55 -29 49 -37 -53 -25 -37 
83 5 2 0 0.833333 5 -21 -50 -18 0 -24 -2 -24 1 -24 -30 3 0.761905 4 -27 10 -25 -26 -33 -16 -31 -71 
84 5 2 0 0.965517 7 6 -20 6 -5 6 -5 4 -29 6 -15 7 -11 6 -25 3 0.363636 1 -33 19 
85 5 3 0 0.727273 8 16 -28 13 -11 11 -55 10 -41 9 -35 16 -12 9 -51 13 15 1 0.173913 1 14 -22 3 0.830189 11 20 -2 33 -29 32 -28 18 12 19 55 31 -3 22 9 29 -1 29 4 -28 15 29 -2 
86 5 3 0 0.097561 1 16 -65 1 0.986301 36 10 7 14 9 13 8 13 -28 14 -28 12 -22 14 -4 13 -4 10 -17 14 -25 14 -14 9 1 14 -18 14 34 13 10 7 -1 11 11 13 -7 14 7 12 -15 11 -4 14 23 14 4 13 -25 14 12 12 -18 12 17 13 1 13 25 14 1 14 -21 12 17 14 17 10 26 10 27 13 19 3 0.097561 1 26 -49 
87 5 3 0 0.8 2 1 13 9 5 1 0.571429 1 10 16 3 0.571429 1 26 -4 
88 5 3 0 0.820513 8 15 -6 6 -72 22 5 9 22 11 -57 13 -22 12 -34 17 -75 1 0.592593 4 14 5 10 -31 11 31 9 -22 3 0.5 3 30 0 27 -18 25 8 
89 5 2 0 0.981132 13 18 4 23 -59 14 -30 20 -70 17 7 18 -67 12 -23 15 -71 16 -65 14 -65 23 -24 12 -64 16 5 3 0.235294 1 26 41 
90 5 3 0 0.64 4 5 -35 17 -6 -14 -2 11 -64 1 0.421053 2 8 -27 13 -14 3 0.823529 7 27 -18 32 -40 -25 -29 -35 69 -25 -21 19 6 12 -69 
91 5 2 0 0.307692 2 6 15 7 11 3 0.972973 18 -28 24 20 -70 -33 -61 28 -14 32 -33 -25 13 26 -29 15 -75 -36 -57 -35 -11 13 -67 -35 -39 -28 -5 11 -83 -27 -13 -24 -43 22 32 26 -26 
92 5 4 0 0.75 3 10 -5 9 -8 7 7 2 0.615385 2 -9 -27 -9 -32 3 0.4 1 12 46 4 0.4 1 0 -15 
93 5 2 0 0.210526 1 3 15 3 0.983607 15 25 -2 12 39 18 1 24 -21 12 17 16 -51 11 -63 10 -57 10 -47 6 -84 5 -40 7 -36 18 19 16 -45 15 -47 
94 5 3 0 0.984615 160 6 2 4 -29 4 -40 6 -57 2 -35 2 -33 1 6 2 23 0 10 0 6 5 4 1 -26 0 -18 1 -34 2 10 0 -12 -2 -8 1 8 8 -37 -3 4 1 25 6 43 -1 -28 -4 8 3 -60 6 -13 1 16 4 0 0 -8 -5 6 -21 -5 -21 8 5 35 -11 1 0 -56 -13 2 -14 5 -8 -2 -20 9 4 38 -8 -4 -22 -35 -3 -11 -4 -21 -3 -21 -3 -18 -4 30 -15 -20 -8 0 -17 -29 -17 9 -7 18 2 -19 -17 -5 -21 -34 -13 14 -4 -16 -2 15 -16 -13 1 -13 -12 26 -3 6 -16 -36 -16 14 -5 -8 -21 -15 -7 -5 -8 -9 -9 -19 -5 -40 -8 -11 0 -14 -11 5 -6 -38 -7 -17 -6 -17 -14 4 -13 -6 -7 -15 -14 -23 -9 -13 -10 -10 -10 -12 1 43 -11 -10 2 38 -12 30 -9 -35 -11 -38 -5 -19 -8 -26 -8 -46 -12 -22 -1 -22 -5 20 -17 -21 -5 22 -7 5 -7 -15 -5 -18 -16 36 -12 -13 -12 -12 -13 4 -15 -27 -13 30 -13 7 1 43 -6 -16 -10 -26 -14 -8 -13 17 -13 -34 -5 28 -17 -18 -5 3 -12 -35 -17 -15 -15 -41 -4 30 -16 35 -6 30 -16 -65 -10 40 -15 -20 -9 -73 -9 27 -21 -65 -13 33 -12 -51 -16 22 -14 37 -15 -30 -16 -14 -14 39 -10 -65 -24 -30 -9 -57 -17 -33 -10 -55 -19 -21 -14 8 -10 -20 -20 -43 -24 -53 -10 -37 -22 -1 -13 0 -20 11 -16 15 -15 28 -15 -68 -17 58 -15 -64 -20 -56 -16 -64 -13 -62 -13 45 -17 -61 -16 -57 1 0.0670391 3 0 -34 1 -35 -13 -30 3 0.146597 7 5 -48 3 -74 1 -78 22 -1 -42 15 -38 -28 -41 -38 
95 5 2 0 0.957747 17 9 -74 19 -43 13 -30 17 14 16 -63 15 -59 13 -67 8 -11 2 15 10 -4 17 -71 9 -77 14 -71 9 -73 -7 62 -4 62 -9 46 3 0.413793 3 27 -43 21 -15 20 -15 
96 5 3 0 0.571429 1 -7 46 1 0.571429 1 12 15 3 0.8 2 7 29 -20 10 
97 5 2 0 0.48 3 -24 -51 19 -53 -22 -45 3 0.945455 13 -40 -25 -32 20 24 -18 -42 42 -25 45 -20 -9 -35 64 21 -37 -38 66 11 -20 37 -39 36 -42 12 34 
98 5 3 0 0.333333 1 11 -62 1 0.833333 5 12 27 12 26 12 -2 6 -13 5 -34 3 0.666667 3 -2 36 -41 3 -42 -92 
99 5 3 0 0.980392 25 -17 -4 -17 -77 -9 -56 -6 -53 -17 -51 -2 -57 2 -50 5 -68 -3 -49 -5 -44 -9 -78 0 -51 -2 -55 -13 -42 1 -55 -13 -23 9 -76 -8 -33 -14 -72 -4 -55 -4 -60 -13 -78 -3 -10 -8 -52 -17 1 1 0.133333 1 5 -35 3 0.133333 1 -23 -13 
100 5 3 0 0.689655 5 11 -41 12 -51 7 -70 -15 17 -15 -4 1 0.235294 1 -13 -31 3 0.842105 8 -20 -12 -29 -73 -19 7 -19 9 -38 -63 -33 24 -40 32 -34 17 
101 5 3 0 0.451243 59 -16 -18 -13 5 -7 15 -11 13 -8 11 -4 20 -10 43 -14 -69 -12 4 -19 -56 -4 37 -16 -52 -15 -40 -12 -25 -5 -35 -3 42 -1 21 13 -17 0 14 -2 42 -7 -41 -6 -25 -4 -8 -1 14 -3 -43 -4 1 5 28 -3 -48 3 26 2 12 1 -29 6 28 5 40 -3 -66 -2 -36 0 -70 4 24 -1 -4 -2 -65 3 -67 1 1 2 -63 4 -6 1 -47 4 43 2 -71 1 -67 -1 -56 10 -35 3 -71 1 -41 2 -9 2 -44 -4 -80 2 -51 4 -21 -6 -81 1 -72 4 -81 1 0.923623 260 -12 -2 -11 24 -11 -4 -13 12 -14 8 -14 -19 -8 -33 -11 30 -12 15 -14 -14 -11 22 -14 30 -13 14 -12 -11 -13 0 -11 -17 -12 -3 -14 -21 9 8 -11 -1 -12 -29 -14 -18 -14 24 -14 26 -10 7 -14 -2 -14 -3 -11 32 -8 27 -14 24 -14 -8 -14 -14 -7 -1 -11 -1 -14 -20 -11 0 -14 -12 -7 -33 -8 -20 -8 -22 -9 -20 -13 -2 -14 35 -5 -4 -11 -9 -7 20 -13 7 -11 -4 -7 -5 -12 10 -5 13 -10 2 -13 5 -6 -2 -6 2 -6 -3 -13 8 -9 -21 -14 34 -12 18 -11 33 -12 34 -9 21 -10 -4 -13 30 -9 0 -9 1 -11 10 -11 5 -9 -6 -8 -18 -11 -2 -11 17 -7 0 -9 -9 -9 26 -14 14 -8 20 -10 -21 -8 13 -5 -14 -10 -7 -7 -18 -8 -6 -5 11 -2 7 -7 6 -7 -4 -7 5 -7 4 -4 -32 -8 14 -5 -11 -8 -13 -6 -13 -6 20 -7 4 -4 8 -6 -17 -5 17 -5 16 -6 -32 -5 7 -5 -17 -2 -1 -3 12 -5 35 -5 25 -7 -6 -7 10 -6 25 -2 -6 -3 28 -9 28 -7 2 -7 20 -3 30 -5 -25 -6 12 -6 -12 -1 17 -6 -32 -8 31 -2 -24 -1 0 -5 -5 -4 -27 -3 -12 -1 -1 -5 -20 -2 14 -5 -15 -1 21 -4 -15 -3 13 -6 8 0 -30 1 4 9 -2 0 -10 -1 -14 -3 8 0 -20 -6 20 -5 33 -1 21 -11 -16 0 21 9 0 -12 -33 -2 -15 -1 -7 1 -17 -3 33 2 14 -4 8 -1 6 -1 16 -1 11 1 3 -1 24 -2 -26 4 13 -1 32 -2 -10 1 22 1 -15 -2 -14 1 35 4 -1 3 -13 -2 6 2 15 -1 18 -2 12 -1 16 5 15 -1 -20 1 -10 2 -28 0 -16 3 6 5 0 0 12 0 -34 3 -8 1 14 3 -22 3 -9 6 8 1 19 1 21 1 24 4 29 2 -35 2 -9 5 21 3 35 4 -20 4 25 2 20 6 -9 2 26 1 34 6 15 3 -9 5 -19 5 32 5 17 2 -26 5 -20 7 9 7 -10 2 28 1 34 5 -17 7 20 6 -1 5 -23 4 -3 5 35 4 -15 3 -34 8 -4 3 -35 3 32 5 -6 6 -17 6 -34 5 -34 4 -24 7 -9 5 -3 7 20 8 8 5 -22 6 10 10 -6 4 -23 8 -2 8 26 8 19 7 15 7 5 7 29 5 33 8 4 4 35 6 -11 9 27 8 12 6 -29 6 -16 7 -35 9 5 8 -6 7 -19 -13 -18 -12 -35 10 -24 3 0.252927 27 -24 -17 -22 -3 -25 -11 -4 -91 6 27 18 -38 12 -50 11 -68 10 -88 23 -36 15 -66 12 -78 18 51 12 -95 13 -28 -4 -53 16 -19 -2 -51 -2 -30 20 -15 20 -29 20 -37 3 29 1 -61 3 -17 2 -74 20 8 
102 5 3 0 0.421053 2 -1 -19 -6 34 1 0.545455 3 -4 -35 -9 -24 -2 29 3 0.864865 8 5 2 11 -21 0 1 0 -36 0 -18 -7 -89 -1 4 6 11 
103 5 2 0 0.972973 9 -2 -49 10 -41 -17 -80 10 -43 2 -75 1 -57 12 -29 13 -12 11 -38 3 0.307692 1 17 -43 
104 5 5 0 0.777778 7 10 -71 4 -43 7 -16 11 -44 5 -48 3 -48 5 -60 1 0.380952 2 11 -32 14 -32 2 0.222222 1 -11 -35 3 0.222222 1 15 -93 4 0.592593 4 -21 -23 -25 15 -24 14 -23 28 
105 5 3 0 0.8 6 6 -53 1 -66 3 -68 3 -70 7 -46 7 -65 1 0.444444 2 7 19 7 21 3 0.666667 4 -38 -43 -43 5 21 -14 5 -85 
106 5 2 1 0.181818 1 12 24 3 0.986301 18 9 -91 19 -30 12 -76 19 -36 12 -65 20 -27 19 -20 20 19 10 38 11 -98 21 -39 -2 66 0 57 18 9 4 49 4 50 24 3 17 14 
107 5 2 0 0.965517 7 22 -74 14 -76 15 4 -1 66 14 -23 -13 68 17 10 3 0.363636 1 10 -43 
108 5 2 1 0.333333 2 16 29 15 32 3 0.969697 16 21 -51 20 -50 8 66 17 -46 23 64 9 5 6 -24 6 10 2 45 6 74 18 23 -4 -60 16 5 12 2 13 22 20 14 
109 5 2 0 0.0714286 1 -10 68 1 0.995215 52 15 -4 15 16 14 -31 16 -7 13 32 14 31 14 -30 16 -29 13 -17 16 25 17 25 17 -15 15 -33 14 -11 15 34 14 -16 12 -29 12 19 17 -16 12 -10 17 13 17 -5 15 5 12 -27 14 4 16 -9 16 -15 15 18 13 14 13 -14 15 4 14 -16 17 9 15 -35 13 -24 15 -28 15 22 15 20 17 23 16 -36 13 16 14 18 17 -7 14 28 16 5 14 -25 15 -10 12 -10 17 25 16 31 17 -28 15 6 
110 5 3 0 0.571429 3 21 1 14 3 11 -1 1 0.444444 2 17 18 17 -12 3 0.848485 7 15 28 15 28 16 -84 19 83 25 49 14 -94 0 35 
111 5 2 1 0.984615 16 17 -25 15 -31 17 -11 17 32 14 -20 16 -21 16 32 16 -15 16 2 16 -13 16 29 16 30 15 -21 15 30 12 -19 13 30 3 0.2 1 -7 78 
112 5 2 0 0.941176 4 6 -3 -11 -3 -10 -1 -12 -3 3 0.5 1 7 -34 
113 5 3 0 0.0701754 1 9 12 1 0.0701754 1 14 -36 3 0.990476 52 -23 80 -21 -71 1 -16 -30 -88 4 -42 -27 43 1 -27 -24 -31 -20 13 -22 10 -24 14 -14 -9 -25 -42 -13 -20 -15 -85 -3 -30 -27 -70 -24 29 -14 -17 -14 -48 -6 6 -28 -49 -28 -30 -29 -61 -26 22 -23 40 -2 -2 -18 -53 -7 15 -10 1 -22 15 -18 -60 -21 -21 -10 -19 -21 15 -35 -13 -18 -19 -13 -43 -33 -94 -17 -36 -36 57 -34 -64 -9 3 -32 61 -29 -93 -32 75 -28 38 1 19 -4 -70 -18 -72 1 56 8 8 
114 5 3 0 0.880637 83 7 -6 -20 -66 -24 -35 -23 -18 -22 -71 -21 13 -24 -6 -22 -64 -21 -30 -19 17 -20 12 -17 2 -21 -25 -20 -9 -17 8 -16 -31 -19 -29 -20 -30 -18 2 -23 -20 -16 11 -14 13 -24 -63 -20 -63 -22 -6 -16 -51 -18 -74 -18 -50 -17 -65 -15 -2 -15 -38 -13 -35 -15 -69 -13 2 -12 -41 -5 13 -20 -52 -12 -75 -13 -64 -9 -73 -10 -74 -15 -65 -10 15 -14 -69 -1 15 -2 -13 -11 -64 -18 -54 -11 2 -13 -70 -9 -66 -11 8 -11 -69 -7 -39 -13 -55 -13 -69 0 16 -5 5 -2 14 -6 -73 -10 -37 -3 -16 -3 -35 -11 -22 -6 -68 -5 -71 -8 -20 -11 -19 -1 -43 -3 -25 0 -72 3 -12 3 -13 11 15 5 13 4 -6 0 -26 4 -7 -18 -6 7 -19 9 -2 9 -3 9 -7 1 0.210526 8 -14 -21 -9 30 -8 -25 -5 16 -6 31 -5 11 -4 -14 -11 -34 3 0.619247 37 -14 -18 -14 -30 -22 4 10 -24 -22 -14 -20 6 -11 6 -12 0 -38 -56 -32 -32 -13 0 -8 -40 -35 -18 -35 -20 -14 15 -30 -40 -23 -52 -40 61 -27 -11 -42 -33 -26 -18 -30 -8 -37 -29 -19 -20 -41 -25 -35 -29 -9 -23 -28 -39 -3 -17 4 8 1 -53 0 -39 -12 22 -33 19 -2 -62 -1 -32 0 -33 
115 5 3 0 0.307692 1 -23 -10 1 0.5 2 -12 -35 -11 -23 3 0.903226 7 -7 -52 7 19 -21 -93 9 -12 -40 -7 -40 -22 6 82 
116 5 2 0 0.409091 9 -18 -26 -22 -76 -20 -77 -18 -79 -16 -81 -10 -49 -14 -80 1 -60 0 -63 3 0.958525 52 14 10 5 54 -2 -31 12 31 2 -51 -31 -22 -13 -13 -15 15 -14 -9 -14 29 3 0 -14 -56 -11 35 -29 -88 -13 -42 -26 -7 -19 -48 -11 -8 -28 -84 -4 36 0 9 -17 -33 -10 48 9 15 -4 -5 -18 41 10 -29 -11 34 -5 -15 -29 7 -14 6 -30 2 -17 -1 -24 -6 -21 -4 -16 10 3 -42 1 -16 13 48 -21 -93 9 -30 -10 32 10 30 3 42 -21 79 4 40 4 44 3 27 5 59 4 27 -1 -1 1 -49 
117 5 3 0 0.727273 14 -7 -79 -8 -57 -9 1 -4 37 -5 -44 -2 -3 7 -76 10 -24 9 -29 4 -22 8 -27 8 -54 -2 -83 6 -83 1 0.45283 6 -4 -16 0 24 -1 -17 -1 -31 -3 -22 -3 -34 3 0.75 15 2 0 0 -90 2 -80 9 62 5 -4 9 3 17 -34 -21 81 -11 -51 -7 20 12 -10 -5 42 -7 -56 -4 -74 3 -46 
118 5 2 0 0.118519 4 -12 5 -7 -13 -5 -65 -24 -11 3 0.991667 119 -7 -31 -36 15 -9 30 -27 39 -35 -32 -11 21 -9 -24 -11 -91 -10 -15 0 18 -15 -24 2 18 4 -19 4 23 8 13 -28 71 -26 7 -11 33 -2 27 -1 67 -36 44 -1 8 -15 -84 -5 47 -12 46 -8 -10 -5 12 -6 0 -18 -32 7 -10 5 -43 -24 12 -24 -53 5 -37 -6 -23 -31 -31 -10 -48 -42 69 -14 -60 -7 30 -12 4 -16 37 -24 -41 -8 67 13 -11 9 -12 18 -4 -23 -5 8 -29 0 -61 12 -17 -10 -36 12 -3 1 -5 -22 70 -17 -47 -19 1 9 75 -6 17 -25 68 -17 59 -33 42 -26 39 1 -18 -29 85 -17 -10 -17 57 -17 -11 15 -13 -23 -12 -27 59 -13 77 -14 3 -7 -91 11 -8 -7 -40 8 -9 -10 -41 -15 55 -22 9 3 -28 -1 -34 -15 -42 -19 2 -15 -51 6 17 4 35 -20 -12 9 7 6 -36 4 19 -12 -26 -12 -14 -3 -75 3 69 -1 14 14 -21 16 -31 -27 81 -32 -60 -13 73 -30 84 -36 79 -3 81 -32 -55 -29 76 -9 75 11 10 -2 27 6 31 -34 77 -38 -4 -5 80 -31 78 11 79 -16 -98 -6 27 13 35 -22 -89 
119 5 3 0 0.6 3 19 -82 14 13 17 -90 1 0.470588 2 17 -36 17 -38 3 0.827586 6 14 -98 4 -52 -15 -80 24 23 13 -21 3 -56 
120 5 2 0 0.97561 10 19 -86 14 -91 0 53 0 68 15 -92 1 54 -12 52 -1 54 21 -84 -17 51 3 0.285714 1 -10 -84 
121 5 3 0 0.0136752 2 15 -72 -17 -82 1 0.980822 537 13 36 16 -38 -15 -37 15 -38 14 -11 8 39 13 37 13 -34 -16 -39 13 34 13 31 15 26 13 -5 13 -2 14 26 11 38 14 -6 14 -7 13 3 14 -5 12 -34 14 1 14 -37 12 39 11 27 12 -24 12 30 12 -1 13 -6 11 -8 13 32 12 6 11 32 11 0 11 -27 13 23 15 7 -16 -31 11 39 11 15 11 20 12 12 10 5 13 6 12 3 -13 -36 14 18 -16 -29 12 -1 13 14 12 -11 11 12 11 5 -13 -31 11 5 11 6 11 -31 11 14 11 29 11 -26 11 -9 12 -4 13 23 -11 -37 11 -2 -11 -33 12 13 -11 -33 10 -8 10 -35 13 20 10 3 10 -27 -13 -27 12 32 -16 -35 12 -29 -16 8 -15 13 -13 -19 -14 -12 -14 11 -14 -25 -14 10 -16 20 -16 -28 -14 23 10 7 -15 -15 -16 -2 -13 -21 -14 -15 -14 -19 -14 -11 -10 0 -14 9 -12 27 -15 -37 -14 29 -11 -29 -11 -6 -15 39 -15 -17 -15 1 -12 12 -12 15 -14 9 -15 5 -10 -21 -9 4 -12 20 -14 -18 -13 -16 -11 12 -12 15 -13 24 -14 17 -15 31 -13 12 -16 -5 -12 9 -14 26 12 -2 -16 -27 -15 -6 -14 -23 -13 -19 -16 21 -9 -19 -10 9 -10 25 -13 7 -13 24 -11 -2 -11 21 -16 37 -11 -2 -10 17 12 -15 -11 28 -10 1 11 -25 -9 19 -14 24 -14 37 -10 25 -11 35 -13 -27 -13 0 -13 37 -13 26 -11 -8 -16 14 -16 -3 -15 0 -11 -24 -15 16 -12 -4 -12 -1 -10 3 -9 24 -15 -15 -10 -12 -11 31 -9 -11 -10 -39 -9 26 -10 3 -16 -22 -12 39 -10 -10 -9 27 -9 -39 -8 19 -9 -4 9 15 -16 -11 -9 4 -11 -6 -13 -28 -9 -30 -11 -16 -9 36 -7 3 -14 5 -6 8 -8 -15 -7 -33 -9 26 -11 12 -15 36 -11 -30 -16 36 -16 18 -13 31 -11 22 -14 4 -16 38 -16 8 -7 26 -16 13 -14 -14 -6 12 -8 1 -15 33 -9 -37 -14 25 -13 -11 -8 -9 -8 -17 -8 -4 -13 -1 -15 37 -12 -16 -14 7 -12 -12 -6 -17 -12 30 -7 5 -12 11 -12 20 -8 31 -11 15 -6 -19 -6 -11 -8 35 -7 24 -9 25 -6 28 -9 -23 -12 -8 -10 30 -6 23 -6 22 -10 31 -11 6 -12 8 -12 -12 -14 3 -8 -15 -7 -25 -7 -25 -10 8 -6 30 -6 18 -9 -6 -11 -18 -4 -39 -12 -20 9 33 -6 28 -9 -27 -12 2 -10 15 -11 -14 -13 -2 -5 -19 -5 22 -8 -33 -5 -26 -9 8 -8 -27 -6 -4 -12 -26 -9 34 -9 31 -8 -21 -10 -7 -9 36 9 -27 -6 -23 -6 37 -6 -18 -9 37 -4 19 -9 -30 -9 35 -4 -6 -4 11 -8 22 -9 32 -7 29 -4 16 -8 -14 -9 -23 -5 38 -7 -19 10 -22 -7 -1 -8 -4 -8 -5 -7 -25 -7 1 -3 6 -7 -23 -7 -10 -5 -36 -8 34 -3 19 -4 36 -4 31 -4 11 -6 13 -2 9 -7 34 -3 17 -7 16 -4 3 -3 24 -6 9 -2 -7 10 -25 -5 -7 -3 -8 -6 -12 -5 6 -7 -20 -5 -2 10 32 -2 28 -4 -3 -2 10 -3 -22 -5 9 -4 -12 -2 35 -2 -14 -3 -25 -3 6 7 34 -4 31 -4 -5 -3 -22 -5 -15 -1 21 -3 -12 9 6 -1 13 -2 8 -3 -15 -5 -24 -2 39 -1 -12 -1 31 -3 3 -2 8 -3 29 -3 20 -3 -23 11 -14 -1 32 -3 -38 0 -8 -3 16 -2 -37 0 -7 -2 13 -1 4 -1 38 -3 -23 -2 -15 0 14 -3 18 11 -5 -2 14 -2 37 -2 27 -1 26 0 -36 -1 -3 10 -5 -1 -2 -2 -26 -1 3 0 4 10 33 1 25 0 -22 -1 -34 0 -4 0 27 -1 -16 0 -10 -1 39 10 -16 1 3 1 5 2 34 3 27 2 -17 1 -29 2 17 3 4 1 -34 7 32 10 -20 3 18 1 -12 0 -19 2 -19 3 31 3 -3 2 -29 2 -28 3 3 0 39 1 -21 0 -39 3 30 3 0 2 -8 3 31 11 25 0 -39 4 13 2 2 4 26 10 28 3 -5 3 -29 4 -13 3 -27 2 9 4 -15 4 11 2 32 6 7 3 -37 3 -13 2 -32 3 16 5 -3 4 7 2 -33 4 -13 11 -30 2 -38 5 -9 5 -13 9 31 5 12 9 -22 5 -2 3 -22 10 -16 5 21 5 -1 3 31 5 5 9 29 5 -31 3 -30 4 -11 8 -30 4 -4 9 -17 3 -29 5 -28 8 0 6 5 4 -14 11 16 10 -9 5 -3 8 4 7 -3 6 -13 5 2 6 -22 6 32 10 -18 5 30 6 2 6 -28 6 23 4 8 8 -1 5 9 6 37 7 -1 6 -15 5 -28 5 3 6 -21 6 -22 6 -22 7 17 5 -34 8 -17 7 18 5 -35 7 13 10 26 7 -6 9 -14 6 -10 8 -14 6 17 5 21 9 19 5 -31 7 17 7 -8 7 28 9 30 7 23 9 -8 7 -25 5 -35 7 -4 8 26 8 -2 8 8 8 15 6 -18 6 -34 7 -10 7 -25 8 30 6 -14 8 26 6 7 7 -13 7 10 7 -1 6 25 9 16 9 -12 9 -31 8 -23 8 20 10 19 9 1 9 19 9 -17 9 -21 11 -17 3 0.228898 40 -36 -53 10 -13 -23 50 -29 -64 -18 49 -22 -14 -18 32 -26 -96 -18 5 -29 53 -4 5 -14 -6 -23 48 -22 -12 -30 -66 -25 -11 -35 8 -12 12 -26 -39 5 -14 -12 38 -10 -30 -38 -54 -18 -19 -13 -61 -18 3 -8 1 -5 41 -13 49 -3 -35 -25 -39 -14 -1 -12 -55 -10 -43 -11 -80 -20 58 -42 -55 2 -31 -14 -96 -26 88 
122 5 3 0 0.909091 5 -21 -6 -21 54 -8 54 -15 54 -10 52 1 0.4 1 10 -7 3 0.4 1 -33 70 
123 5 2 1 0.981132 13 9 -32 10 -37 11 -36 8 -37 9 -34 8 -32 8 0 11 -3 11 2 -6 -33 8 -38 -6 -35 -7 -37 3 0.235294 1 -21 72 
124 5 3 0 0.114286 1 -10 -86 1 0.114286 1 -2 -39 3 0.983607 30 -36 2 -32 -10 -43 -28 -34 -33 -26 -88 -4 -68 3 -42 -9 -92 0 -11 1 -18 7 -32 -6 -2 1 32 -13 51 8 -27 6 -22 10 9 -10 38 -4 25 -6 -72 -9 -64 -5 -70 1 -27 -4 -68 8 3 7 -3 -36 -50 -5 -78 -31 -66 -18 -93 
125 5 3 0 0.285714 1 -3 -82 1 0.947368 9 -7 -34 -5 -26 -10 -21 -7 -31 -10 -32 -7 -34 -9 -32 -8 -28 -8 -31 3 0.285714 1 -2 -11 
126 5 2 0 0.16 1 -22 10 3 0.988235 21 -27 -7 -27 76 -16 83 -32 -17 -21 85 -12 67 -39 -9 -31 -8 -32 -25 -38 35 -36 65 -39 -6 -40 -5 -38 -43 -40 25 -36 -15 -13 -99 -40 26 -44 -6 -44 -19 -39 -56 
127 5 2 0 0.307692 1 -11 72 1 0.972973 9 -2 -29 -5 -38 -3 -35 -3 -32 -4 -25 -3 -28 -3 -28 -3 -34 -1 -33 
128 5 3 0 0.421053 2 -9 69 -8 -74 1 0.421053 2 -6 -22 -4 -27 3 0.9 9 0 23 -2 -92 -7 -93 3 -97 -42 -95 -13 37 15 81 -11 73 -13 79 
129 5 2 2 0.133333 1 -12 -17 4 0.990476 26 -4 -7 -11 -40 -25 -6 -21 30 -20 26 -22 -15 -16 -3 -24 -4 -15 11 -25 -28 -23 31 -19 -22 -24 29 -24 -25 -20 32 -23 20 -21 22 -16 5 -19 -7 -23 -23 -21 4 -25 -19 -21 -13 -20 0 -20 -11 -25 5 
130 5 3 2 0.8 2 -11 -23 -11 -15 3 0.571429 1 6 83 4 0.571429 1 -19 -8 
131 5 3 0 0.976 61 -16 71 3 67 -13 74 -7 68 -12 68 1 70 -4 70 -11 73 -3 67 -14 71 10 65 -5 66 -14 70 12 -88 -11 70 13 -85 -21 67 -7 -90 0 66 11 -77 -19 -86 -17 -88 -19 -92 8 -88 1 63 -1 -90 3 -86 3 64 -4 -74 -4 -88 -23 -91 14 -89 -4 -76 -5 63 -2 -74 -13 -77 7 -74 -2 -75 -12 -75 -12 -89 -12 59 -5 -77 -7 -76 0 -74 1 -76 -9 61 3 -86 -6 58 -23 -88 2 -76 -2 62 -3 61 -19 61 3 -76 11 -91 -9 63 18 -84 8 -82 -11 57 12 -90 -12 59 3 0.243902 5 -29 -84 -14 -89 15 -27 11 -29 -40 -98 4 0.0571429 1 25 -35 
132 5 3 0 0.363636 1 -12 54 2 0.8 4 12 -52 -13 -52 7 -52 0 -53 4 0.705882 3 -20 -28 -25 -38 -6 -45 
