10 136 0
0 0 -1 7 13 22 2 39 23 8 16 32 -6043 
1 1 -1 6 12 7 1 38 14 7 11 32 -7630 
2 1 -1 21 8 12 4 46 24 1 3 32 679 
3 2 -1 2 14 16 9 46 42 1 1 32 13984 
4 2 -1 17 11 4 4 27 29 7 11 32 -4676 
5 2 -1 6 2 4 3 30 31 8 12 32 -380 
6 2 -1 15 3 1 2 46 20 1 4 32 -288 
7 3 -1 47 20 0 0 4 26 0 0 24 54 
8 3 20 0 0 0 0 0 0 0 0 0 0 
9 3 -1 19 19 16 19 40 38 4 3 32 27632 
10 3 -1 0 14 22 4 31 36 9 10 32 -1441 
11 3 -1 0 5 8 14 29 19 1 3 32 2132 
12 3 -1 11 9 17 1 43 23 4 8 32 -1848 
13 3 -1 21 13 15 12 46 32 1 5 32 7702 
14 3 -1 4 19 2 3 46 24 1 5 32 -19 
15 4 -1 1 4 5 22 32 43 4 3 32 3558 
16 4 19 0 0 0 0 0 0 0 0 0 0 
17 4 0 0 0 0 0 0 0 0 0 0 0 
18 4 0 0 0 0 0 0 0 0 0 0 0 
19 4 -1 5 22 18 0 43 41 3 6 32 -1195 
20 4 -1 20 18 0 0 2 22 0 0 4 60 
21 4 -1 6 9 3 13 33 27 3 15 32 -938 
22 4 -1 3 18 8 16 26 41 21 3 32 11713 
23 4 -1 4 9 0 3 41 42 4 5 32 -698 
24 4 -1 10 19 20 9 39 30 5 8 32 8246 
25 4 -1 20 6 21 19 42 46 4 1 32 117 
26 4 -1 21 34 0 0 41 10 0 0 13 -141 
27 4 -1 4 13 6 16 45 37 2 10 32 2535 
28 4 -1 29 13 0 0 46 14 0 0 2 3 
29 4 -1 21 22 18 0 40 36 2 5 32 -268 
30 4 -1 5 9 14 9 31 25 9 7 32 4624 
31 5 -1 17 9 22 1 42 14 4 15 32 -3612 
32 5 -1 7 14 4 11 31 30 13 6 32 -2836 
33 5 0 0 0 0 0 0 0 0 0 0 0 
34 5 0 0 0 0 0 0 0 0 0 0 0 
35 5 0 0 0 0 0 0 0 0 0 0 0 
36 5 0 0 0 0 0 0 0 0 0 0 0 
37 5 0 0 0 0 0 0 0 0 0 0 0 
38 5 0 0 0 0 0 0 0 0 0 0 0 
39 5 21 0 0 0 0 0 0 0 0 0 0 
40 5 -1 0 2 13 0 33 8 2 29 32 -3509 
41 5 -1 1 28 0 0 21 23 0 0 11 36 
42 5 -1 22 16 10 16 34 44 10 2 32 11518 
43 5 37 0 0 0 0 0 0 0 0 0 0 
44 5 -1 39 11 0 0 6 11 0 0 19 0 
45 5 -1 29 21 0 0 8 46 0 0 19 3 
46 5 52 0 0 0 0 0 0 0 0 0 0 
47 5 -1 5 1 1 11 33 38 12 8 32 -4107 
48 5 -1 5 16 2 11 17 39 24 8 32 -854 
49 5 74 0 0 0 0 0 0 0 0 0 0 
50 5 75 0 0 0 0 0 0 0 0 0 0 
51 5 -1 32 28 0 0 8 20 0 0 1 9 
52 5 78 0 0 0 0 0 0 0 0 0 0 
53 5 79 0 0 0 0 0 0 0 0 0 0 
54 5 -1 9 4 0 0 0 12 0 0 17 7 
55 5 -1 0 0 4 20 11 38 17 2 32 149 
56 5 100 0 0 0 0 0 0 0 0 0 0 
57 5 -1 12 20 5 19 42 45 2 2 32 9587 
58 5 105 0 0 0 0 0 0 0 0 0 0 
59 5 -1 2 19 11 18 27 41 1 1 32 5216 
60 5 -1 16 8 1 0 46 26 1 1 32 -56 
61 5 -1 9 7 14 16 36 34 10 1 32 6081 
62 5 -1 17 16 16 20 33 36 13 8 32 8516 
63 6 -1 1 43 0 0 37 33 0 0 1 -11 
64 6 -1 22 21 13 14 40 41 2 2 32 18457 
65 6 13 0 0 0 0 0 0 0 0 0 0 
66 6 -1 7 20 10 16 45 37 2 2 32 15056 
67 6 0 0 0 0 0 0 0 0 0 0 0 
68 6 0 0 0 0 0 0 0 0 0 0 0 
69 6 0 0 0 0 0 0 0 0 0 0 0 
70 6 0 0 0 0 0 0 0 0 0 0 0 
71 6 0 0 0 0 0 0 0 0 0 0 0 
72 6 0 0 0 0 0 0 0 0 0 0 0 
73 6 0 0 0 0 0 0 0 0 0 0 0 
74 6 0 0 0 0 0 0 0 0 0 0 0 
75 6 0 0 0 0 0 0 0 0 0 0 0 
76 6 0 0 0 0 0 0 0 0 0 0 0 
77 6 0 0 0 0 0 0 0 0 0 0 0 
78 6 0 0 0 0 0 0 0 0 0 0 0 
79 6 0 0 0 0 0 0 0 0 0 0 0 
80 6 0 0 0 0 0 0 0 0 0 0 0 
81 6 -1 4 14 6 21 34 44 9 1 32 10715 
82 6 25 0 0 0 0 0 0 0 0 0 0 
83 6 -1 3 1 19 6 34 22 9 2 32 8831 
84 6 -1 11 27 0 0 22 36 0 0 2 20 
85 6 35 0 0 0 0 0 0 0 0 0 0 
86 6 36 0 0 0 0 0 0 0 0 0 0 
87 6 0 0 0 0 0 0 0 0 0 0 0 
88 6 0 0 0 0 0 0 0 0 0 0 0 
89 6 38 0 0 0 0 0 0 0 0 0 0 
90 6 39 0 0 0 0 0 0 0 0 0 0 
91 6 -1 4 24 0 0 47 12 0 0 4 12 
92 6 51 0 0 0 0 0 0 0 0 0 0 
93 6 0 0 0 0 0 0 0 0 0 0 0 
94 6 0 0 0 0 0 0 0 0 0 0 0 
95 6 -1 13 1 2 5 46 31 1 4 32 -320 
96 6 -1 5 7 1 17 44 25 3 2 32 -319 
97 6 -1 10 13 7 12 22 32 4 11 32 -12 
98 6 -1 5 22 0 0 31 19 0 0 5 -20 
99 6 0 0 0 0 0 0 0 0 0 0 0 
100 6 0 0 0 0 0 0 0 0 0 0 0 
101 6 0 0 0 0 0 0 0 0 0 0 0 
102 6 0 0 0 0 0 0 0 0 0 0 0 
103 6 76 0 0 0 0 0 0 0 0 0 0 
104 6 77 0 0 0 0 0 0 0 0 0 0 
105 6 0 0 0 0 0 0 0 0 0 0 0 
106 6 0 0 0 0 0 0 0 0 0 0 0 
107 6 0 0 0 0 0 0 0 0 0 0 0 
108 6 0 0 0 0 0 0 0 0 0 0 0 
109 6 -1 43 10 0 0 17 22 0 0 18 -31 
110 6 -1 41 23 0 0 0 20 0 0 15 81 
111 6 -1 41 40 0 0 6 47 0 0 1 -2 
112 6 99 0 0 0 0 0 0 0 0 0 0 
113 6 0 0 0 0 0 0 0 0 0 0 0 
114 6 0 0 0 0 0 0 0 0 0 0 0 
115 6 -1 29 0 0 0 14 24 0 0 0 32 
116 6 104 0 0 0 0 0 0 0 0 0 0 
117 6 0 0 0 0 0 0 0 0 0 0 0 
118 6 0 0 0 0 0 0 0 0 0 0 0 
119 6 -1 15 8 22 0 40 28 5 3 32 -563 
120 6 -1 7 15 20 10 35 35 2 6 32 6364 
121 6 -1 5 19 13 2 19 40 21 3 32 -129 
122 6 130 0 0 0 0 0 0 0 0 0 0 
123 6 -1 2 17 22 8 41 33 1 9 32 967 
124 6 133 0 0 0 0 0 0 0 0 0 0 
125 6 134 0 0 0 0 0 0 0 0 0 0 
126 6 135 0 0 0 0 0 0 0 0 0 0 
127 7 -1 14 16 2 7 42 28 3 6 32 -2418 
128 7 -1 18 12 10 14 43 29 1 3 32 14112 
129 7 -1 32 33 0 0 25 3 0 0 2 11 
130 7 12 0 0 0 0 0 0 0 0 0 0 
131 7 0 0 0 0 0 0 0 0 0 0 0 
132 7 0 0 0 0 0 0 0 0 0 0 0 
133 7 -1 1 12 21 18 42 42 3 3 32 32391 
134 7 18 0 0 0 0 0 0 0 0 0 0 
135 7 0 0 0 0 0 0 0 0 0 0 0 
136 7 0 0 0 0 0 0 0 0 0 0 0 
137 7 0 0 0 0 0 0 0 0 0 0 0 
138 7 0 0 0 0 0 0 0 0 0 0 0 
139 7 0 0 0 0 0 0 0 0 0 0 0 
140 7 0 0 0 0 0 0 0 0 0 0 0 
141 7 0 0 0 0 0 0 0 0 0 0 0 
142 7 0 0 0 0 0 0 0 0 0 0 0 
143 7 0 0 0 0 0 0 0 0 0 0 0 
144 7 0 0 0 0 0 0 0 0 0 0 0 
145 7 0 0 0 0 0 0 0 0 0 0 0 
146 7 0 0 0 0 0 0 0 0 0 0 0 
147 7 0 0 0 0 0 0 0 0 0 0 0 
148 7 0 0 0 0 0 0 0 0 0 0 0 
149 7 0 0 0 0 0 0 0 0 0 0 0 
150 7 0 0 0 0 0 0 0 0 0 0 0 
151 7 0 0 0 0 0 0 0 0 0 0 0 
152 7 0 0 0 0 0 0 0 0 0 0 0 
153 7 0 0 0 0 0 0 0 0 0 0 0 
154 7 0 0 0 0 0 0 0 0 0 0 0 
155 7 0 0 0 0 0 0 0 0 0 0 0 
156 7 0 0 0 0 0 0 0 0 0 0 0 
157 7 0 0 0 0 0 0 0 0 0 0 0 
158 7 0 0 0 0 0 0 0 0 0 0 0 
159 7 0 0 0 0 0 0 0 0 0 0 0 
160 7 0 0 0 0 0 0 0 0 0 0 0 
161 7 0 0 0 0 0 0 0 0 0 0 0 
162 7 0 0 0 0 0 0 0 0 0 0 0 
163 7 -1 21 24 0 0 14 25 0 0 11 19 
164 7 24 0 0 0 0 0 0 0 0 0 0 
165 7 0 0 0 0 0 0 0 0 0 0 0 
166 7 0 0 0 0 0 0 0 0 0 0 0 
167 7 -1 12 0 18 7 36 42 8 2 32 10802 
168 7 31 0 0 0 0 0 0 0 0 0 0 
169 7 -1 33 14 0 0 13 22 0 0 3 16 
170 7 34 0 0 0 0 0 0 0 0 0 0 
171 7 0 0 0 0 0 0 0 0 0 0 0 
172 7 0 0 0 0 0 0 0 0 0 0 0 
173 7 0 0 0 0 0 0 0 0 0 0 0 
174 7 0 0 0 0 0 0 0 0 0 0 0 
175 7 0 0 0 0 0 0 0 0 0 0 0 
176 7 0 0 0 0 0 0 0 0 0 0 0 
177 7 0 0 0 0 0 0 0 0 0 0 0 
178 7 0 0 0 0 0 0 0 0 0 0 0 
179 7 0 0 0 0 0 0 0 0 0 0 0 
180 7 0 0 0 0 0 0 0 0 0 0 0 
181 7 0 0 0 0 0 0 0 0 0 0 0 
182 7 0 0 0 0 0 0 0 0 0 0 0 
183 7 -1 41 3 0 0 2 33 0 0 21 -1 
184 7 -1 36 36 0 0 47 33 0 0 9 7 
185 7 0 0 0 0 0 0 0 0 0 0 0 
186 7 0 0 0 0 0 0 0 0 0 0 0 
187 7 0 0 0 0 0 0 0 0 0 0 0 
188 7 0 0 0 0 0 0 0 0 0 0 0 
189 7 0 0 0 0 0 0 0 0 0 0 0 
190 7 0 0 0 0 0 0 0 0 0 0 0 
191 7 -1 41 39 0 0 37 27 0 0 14 -19 
192 7 55 0 0 0 0 0 0 0 0 0 0 
193 7 -1 30 15 0 0 8 13 0 0 18 -4 
194 7 -1 2 17 11 16 46 34 1 12 32 6962 
195 7 -1 22 11 13 1 38 41 4 2 32 -220 
196 7 -1 4 10 5 6 19 17 18 8 32 -3316 
197 7 72 0 0 0 0 0 0 0 0 0 0 
198 7 73 0 0 0 0 0 0 0 0 0 0 
199 7 0 0 0 0 0 0 0 0 0 0 0 
200 7 0 0 0 0 0 0 0 0 0 0 0 
201 7 0 0 0 0 0 0 0 0 0 0 0 
202 7 0 0 0 0 0 0 0 0 0 0 0 
203 7 0 0 0 0 0 0 0 0 0 0 0 
204 7 0 0 0 0 0 0 0 0 0 0 0 
205 7 0 0 0 0 0 0 0 0 0 0 0 
206 7 0 0 0 0 0 0 0 0 0 0 0 
207 7 0 0 0 0 0 0 0 0 0 0 0 
208 7 0 0 0 0 0 0 0 0 0 0 0 
209 7 0 0 0 0 0 0 0 0 0 0 0 
210 7 0 0 0 0 0 0 0 0 0 0 0 
211 7 0 0 0 0 0 0 0 0 0 0 0 
212 7 0 0 0 0 0 0 0 0 0 0 0 
213 7 0 0 0 0 0 0 0 0 0 0 0 
214 7 0 0 0 0 0 0 0 0 0 0 0 
215 7 0 0 0 0 0 0 0 0 0 0 0 
216 7 0 0 0 0 0 0 0 0 0 0 0 
217 7 0 0 0 0 0 0 0 0 0 0 0 
218 7 0 0 0 0 0 0 0 0 0 0 0 
219 7 80 0 0 0 0 0 0 0 0 0 0 
220 7 -1 17 40 0 0 11 34 0 0 11 91 
221 7 -1 42 4 0 0 25 35 0 0 3 -16 
222 7 90 0 0 0 0 0 0 0 0 0 0 
223 7 -1 4 26 0 0 35 14 0 0 6 -33 
224 7 -1 6 45 0 0 12 9 0 0 5 -11 
225 7 0 0 0 0 0 0 0 0 0 0 0 
226 7 0 0 0 0 0 0 0 0 0 0 0 
227 7 0 0 0 0 0 0 0 0 0 0 0 
228 7 0 0 0 0 0 0 0 0 0 0 0 
229 7 0 0 0 0 0 0 0 0 0 0 0 
230 7 0 0 0 0 0 0 0 0 0 0 0 
231 7 -1 4 39 0 0 20 19 0 0 1 -1 
232 7 103 0 0 0 0 0 0 0 0 0 0 
233 7 0 0 0 0 0 0 0 0 0 0 0 
234 7 0 0 0 0 0 0 0 0 0 0 0 
235 7 0 0 0 0 0 0 0 0 0 0 0 
236 7 0 0 0 0 0 0 0 0 0 0 0 
237 7 0 0 0 0 0 0 0 0 0 0 0 
238 7 0 0 0 0 0 0 0 0 0 0 0 
239 7 -1 21 14 14 22 41 45 1 1 32 11497 
240 7 113 0 0 0 0 0 0 0 0 0 0 
241 7 -1 6 13 0 21 20 42 10 2 32 -608 
242 7 -1 13 0 1 18 38 22 9 15 32 -5305 
243 7 128 0 0 0 0 0 0 0 0 0 0 
244 7 129 0 0 0 0 0 0 0 0 0 0 
245 7 0 0 0 0 0 0 0 0 0 0 0 
246 7 0 0 0 0 0 0 0 0 0 0 0 
247 7 131 0 0 0 0 0 0 0 0 0 0 
248 7 132 0 0 0 0 0 0 0 0 0 0 
249 7 0 0 0 0 0 0 0 0 0 0 0 
250 7 0 0 0 0 0 0 0 0 0 0 0 
251 7 0 0 0 0 0 0 0 0 0 0 0 
252 7 0 0 0 0 0 0 0 0 0 0 0 
253 7 0 0 0 0 0 0 0 0 0 0 0 
254 7 0 0 0 0 0 0 0 0 0 0 0 
255 8 0 0 0 0 0 0 0 0 0 0 0 
256 8 -1 7 7 13 8 35 28 6 19 32 -11187 
257 8 -1 18 13 17 0 42 13 4 15 32 -5661 
258 8 8 0 0 0 0 0 0 0 0 0 0 
259 8 -1 21 0 8 20 46 46 1 1 32 13875 
260 8 11 0 0 0 0 0 0 0 0 0 0 
261 8 0 0 0 0 0 0 0 0 0 0 0 
262 8 0 0 0 0 0 0 0 0 0 0 0 
263 8 0 0 0 0 0 0 0 0 0 0 0 
264 8 0 0 0 0 0 0 0 0 0 0 0 
265 8 0 0 0 0 0 0 0 0 0 0 0 
266 8 0 0 0 0 0 0 0 0 0 0 0 
267 8 14 0 0 0 0 0 0 0 0 0 0 
268 8 -1 22 1 19 13 41 43 4 3 32 23649 
269 8 0 0 0 0 0 0 0 0 0 0 0 
270 8 0 0 0 0 0 0 0 0 0 0 0 
271 8 0 0 0 0 0 0 0 0 0 0 0 
272 8 0 0 0 0 0 0 0 0 0 0 0 
273 8 0 0 0 0 0 0 0 0 0 0 0 
274 8 0 0 0 0 0 0 0 0 0 0 0 
275 8 0 0 0 0 0 0 0 0 0 0 0 
276 8 0 0 0 0 0 0 0 0 0 0 0 
277 8 0 0 0 0 0 0 0 0 0 0 0 
278 8 0 0 0 0 0 0 0 0 0 0 0 
279 8 0 0 0 0 0 0 0 0 0 0 0 
280 8 0 0 0 0 0 0 0 0 0 0 0 
281 8 0 0 0 0 0 0 0 0 0 0 0 
282 8 0 0 0 0 0 0 0 0 0 0 0 
283 8 0 0 0 0 0 0 0 0 0 0 0 
284 8 0 0 0 0 0 0 0 0 0 0 0 
285 8 0 0 0 0 0 0 0 0 0 0 0 
286 8 0 0 0 0 0 0 0 0 0 0 0 
287 8 0 0 0 0 0 0 0 0 0 0 0 
288 8 0 0 0 0 0 0 0 0 0 0 0 
289 8 0 0 0 0 0 0 0 0 0 0 0 
290 8 0 0 0 0 0 0 0 0 0 0 0 
291 8 0 0 0 0 0 0 0 0 0 0 0 
292 8 0 0 0 0 0 0 0 0 0 0 0 
293 8 0 0 0 0 0 0 0 0 0 0 0 
294 8 0 0 0 0 0 0 0 0 0 0 0 
295 8 0 0 0 0 0 0 0 0 0 0 0 
296 8 0 0 0 0 0 0 0 0 0 0 0 
297 8 0 0 0 0 0 0 0 0 0 0 0 
298 8 0 0 0 0 0 0 0 0 0 0 0 
299 8 0 0 0 0 0 0 0 0 0 0 0 
300 8 0 0 0 0 0 0 0 0 0 0 0 
301 8 0 0 0 0 0 0 0 0 0 0 0 
302 8 0 0 0 0 0 0 0 0 0 0 0 
303 8 0 0 0 0 0 0 0 0 0 0 0 
304 8 0 0 0 0 0 0 0 0 0 0 0 
305 8 0 0 0 0 0 0 0 0 0 0 0 
306 8 0 0 0 0 0 0 0 0 0 0 0 
307 8 0 0 0 0 0 0 0 0 0 0 0 
308 8 0 0 0 0 0 0 0 0 0 0 0 
309 8 0 0 0 0 0 0 0 0 0 0 0 
310 8 0 0 0 0 0 0 0 0 0 0 0 
311 8 0 0 0 0 0 0 0 0 0 0 0 
312 8 0 0 0 0 0 0 0 0 0 0 0 
313 8 0 0 0 0 0 0 0 0 0 0 0 
314 8 0 0 0 0 0 0 0 0 0 0 0 
315 8 0 0 0 0 0 0 0 0 0 0 0 
316 8 0 0 0 0 0 0 0 0 0 0 0 
317 8 0 0 0 0 0 0 0 0 0 0 0 
318 8 0 0 0 0 0 0 0 0 0 0 0 
319 8 0 0 0 0 0 0 0 0 0 0 0 
320 8 0 0 0 0 0 0 0 0 0 0 0 
321 8 0 0 0 0 0 0 0 0 0 0 0 
322 8 0 0 0 0 0 0 0 0 0 0 0 
323 8 0 0 0 0 0 0 0 0 0 0 0 
324 8 0 0 0 0 0 0 0 0 0 0 0 
325 8 0 0 0 0 0 0 0 0 0 0 0 
326 8 0 0 0 0 0 0 0 0 0 0 0 
327 8 22 0 0 0 0 0 0 0 0 0 0 
328 8 23 0 0 0 0 0 0 0 0 0 0 
329 8 0 0 0 0 0 0 0 0 0 0 0 
330 8 0 0 0 0 0 0 0 0 0 0 0 
331 8 0 0 0 0 0 0 0 0 0 0 0 
332 8 0 0 0 0 0 0 0 0 0 0 0 
333 8 0 0 0 0 0 0 0 0 0 0 0 
334 8 0 0 0 0 0 0 0 0 0 0 0 
335 8 -1 15 28 0 0 29 22 0 0 4 19 
336 8 -1 46 44 0 0 26 8 0 0 11 -20 
337 8 0 0 0 0 0 0 0 0 0 0 0 
338 8 0 0 0 0 0 0 0 0 0 0 0 
339 8 32 0 0 0 0 0 0 0 0 0 0 
340 8 33 0 0 0 0 0 0 0 0 0 0 
341 8 0 0 0 0 0 0 0 0 0 0 0 
342 8 0 0 0 0 0 0 0 0 0 0 0 
343 8 0 0 0 0 0 0 0 0 0 0 0 
344 8 0 0 0 0 0 0 0 0 0 0 0 
345 8 0 0 0 0 0 0 0 0 0 0 0 
346 8 0 0 0 0 0 0 0 0 0 0 0 
347 8 0 0 0 0 0 0 0 0 0 0 0 
348 8 0 0 0 0 0 0 0 0 0 0 0 
349 8 0 0 0 0 0 0 0 0 0 0 0 
350 8 0 0 0 0 0 0 0 0 0 0 0 
351 8 0 0 0 0 0 0 0 0 0 0 0 
352 8 0 0 0 0 0 0 0 0 0 0 0 
353 8 0 0 0 0 0 0 0 0 0 0 0 
354 8 0 0 0 0 0 0 0 0 0 0 0 
355 8 0 0 0 0 0 0 0 0 0 0 0 
356 8 0 0 0 0 0 0 0 0 0 0 0 
357 8 0 0 0 0 0 0 0 0 0 0 0 
358 8 0 0 0 0 0 0 0 0 0 0 0 
359 8 0 0 0 0 0 0 0 0 0 0 0 
360 8 0 0 0 0 0 0 0 0 0 0 0 
361 8 0 0 0 0 0 0 0 0 0 0 0 
362 8 0 0 0 0 0 0 0 0 0 0 0 
363 8 0 0 0 0 0 0 0 0 0 0 0 
364 8 0 0 0 0 0 0 0 0 0 0 0 
365 8 0 0 0 0 0 0 0 0 0 0 0 
366 8 0 0 0 0 0 0 0 0 0 0 0 
367 8 40 0 0 0 0 0 0 0 0 0 0 
368 8 -1 8 30 0 0 43 13 0 0 14 10 
369 8 -1 25 10 0 0 41 35 0 0 5 11 
370 8 -1 23 7 0 0 4 20 0 0 2 17 
371 8 0 0 0 0 0 0 0 0 0 0 0 
372 8 0 0 0 0 0 0 0 0 0 0 0 
373 8 0 0 0 0 0 0 0 0 0 0 0 
374 8 0 0 0 0 0 0 0 0 0 0 0 
375 8 0 0 0 0 0 0 0 0 0 0 0 
376 8 0 0 0 0 0 0 0 0 0 0 0 
377 8 0 0 0 0 0 0 0 0 0 0 0 
378 8 0 0 0 0 0 0 0 0 0 0 0 
379 8 0 0 0 0 0 0 0 0 0 0 0 
380 8 0 0 0 0 0 0 0 0 0 0 0 
381 8 0 0 0 0 0 0 0 0 0 0 0 
382 8 0 0 0 0 0 0 0 0 0 0 0 
383 8 53 0 0 0 0 0 0 0 0 0 0 
384 8 54 0 0 0 0 0 0 0 0 0 0 
385 8 0 0 0 0 0 0 0 0 0 0 0 
386 8 0 0 0 0 0 0 0 0 0 0 0 
387 8 -1 29 3 0 0 4 7 0 0 8 12 
388 8 58 0 0 0 0 0 0 0 0 0 0 
389 8 -1 29 24 0 0 25 8 0 0 5 12 
390 8 62 0 0 0 0 0 0 0 0 0 0 
391 8 -1 12 24 0 0 17 47 0 0 18 11 
392 8 -1 6 10 6 0 19 10 24 1 32 -393 
393 8 -1 6 9 5 5 18 26 7 5 32 -1506 
394 8 71 0 0 0 0 0 0 0 0 0 0 
395 8 0 0 0 0 0 0 0 0 0 0 0 
396 8 0 0 0 0 0 0 0 0 0 0 0 
397 8 0 0 0 0 0 0 0 0 0 0 0 
398 8 0 0 0 0 0 0 0 0 0 0 0 
399 8 0 0 0 0 0 0 0 0 0 0 0 
400 8 0 0 0 0 0 0 0 0 0 0 0 
401 8 0 0 0 0 0 0 0 0 0 0 0 
402 8 0 0 0 0 0 0 0 0 0 0 0 
403 8 0 0 0 0 0 0 0 0 0 0 0 
404 8 0 0 0 0 0 0 0 0 0 0 0 
405 8 0 0 0 0 0 0 0 0 0 0 0 
406 8 0 0 0 0 0 0 0 0 0 0 0 
407 8 0 0 0 0 0 0 0 0 0 0 0 
408 8 0 0 0 0 0 0 0 0 0 0 0 
409 8 0 0 0 0 0 0 0 0 0 0 0 
410 8 0 0 0 0 0 0 0 0 0 0 0 
411 8 0 0 0 0 0 0 0 0 0 0 0 
412 8 0 0 0 0 0 0 0 0 0 0 0 
413 8 0 0 0 0 0 0 0 0 0 0 0 
414 8 0 0 0 0 0 0 0 0 0 0 0 
415 8 0 0 0 0 0 0 0 0 0 0 0 
416 8 0 0 0 0 0 0 0 0 0 0 0 
417 8 0 0 0 0 0 0 0 0 0 0 0 
418 8 0 0 0 0 0 0 0 0 0 0 0 
419 8 0 0 0 0 0 0 0 0 0 0 0 
420 8 0 0 0 0 0 0 0 0 0 0 0 
421 8 0 0 0 0 0 0 0 0 0 0 0 
422 8 0 0 0 0 0 0 0 0 0 0 0 
423 8 0 0 0 0 0 0 0 0 0 0 0 
424 8 0 0 0 0 0 0 0 0 0 0 0 
425 8 0 0 0 0 0 0 0 0 0 0 0 
426 8 0 0 0 0 0 0 0 0 0 0 0 
427 8 0 0 0 0 0 0 0 0 0 0 0 
428 8 0 0 0 0 0 0 0 0 0 0 0 
429 8 0 0 0 0 0 0 0 0 0 0 0 
430 8 0 0 0 0 0 0 0 0 0 0 0 
431 8 0 0 0 0 0 0 0 0 0 0 0 
432 8 0 0 0 0 0 0 0 0 0 0 0 
433 8 0 0 0 0 0 0 0 0 0 0 0 
434 8 0 0 0 0 0 0 0 0 0 0 0 
435 8 0 0 0 0 0 0 0 0 0 0 0 
436 8 0 0 0 0 0 0 0 0 0 0 0 
437 8 0 0 0 0 0 0 0 0 0 0 0 
438 8 0 0 0 0 0 0 0 0 0 0 0 
439 8 0 0 0 0 0 0 0 0 0 0 0 
440 8 0 0 0 0 0 0 0 0 0 0 0 
441 8 -1 20 10 0 0 14 42 0 0 16 -21 
442 8 84 0 0 0 0 0 0 0 0 0 0 
443 8 -1 6 4 0 0 25 18 0 0 10 -86 
444 8 -1 30 0 0 0 0 11 0 0 27 -5 
445 8 0 0 0 0 0 0 0 0 0 0 0 
446 8 0 0 0 0 0 0 0 0 0 0 0 
447 8 91 0 0 0 0 0 0 0 0 0 0 
448 8 92 0 0 0 0 0 0 0 0 0 0 
449 8 -1 11 13 0 19 20 32 11 10 32 -3877 
450 8 -1 1 34 0 0 14 13 0 0 17 14 
451 8 0 0 0 0 0 0 0 0 0 0 0 
452 8 0 0 0 0 0 0 0 0 0 0 0 
453 8 0 0 0 0 0 0 0 0 0 0 0 
454 8 0 0 0 0 0 0 0 0 0 0 0 
455 8 0 0 0 0 0 0 0 0 0 0 0 
456 8 0 0 0 0 0 0 0 0 0 0 0 
457 8 0 0 0 0 0 0 0 0 0 0 0 
458 8 0 0 0 0 0 0 0 0 0 0 0 
459 8 0 0 0 0 0 0 0 0 0 0 0 
460 8 0 0 0 0 0 0 0 0 0 0 0 
461 8 0 0 0 0 0 0 0 0 0 0 0 
462 8 0 0 0 0 0 0 0 0 0 0 0 
463 8 101 0 0 0 0 0 0 0 0 0 0 
464 8 102 0 0 0 0 0 0 0 0 0 0 
465 8 0 0 0 0 0 0 0 0 0 0 0 
466 8 0 0 0 0 0 0 0 0 0 0 0 
467 8 0 0 0 0 0 0 0 0 0 0 0 
468 8 0 0 0 0 0 0 0 0 0 0 0 
469 8 0 0 0 0 0 0 0 0 0 0 0 
470 8 0 0 0 0 0 0 0 0 0 0 0 
471 8 0 0 0 0 0 0 0 0 0 0 0 
472 8 0 0 0 0 0 0 0 0 0 0 0 
473 8 0 0 0 0 0 0 0 0 0 0 0 
474 8 0 0 0 0 0 0 0 0 0 0 0 
475 8 0 0 0 0 0 0 0 0 0 0 0 
476 8 0 0 0 0 0 0 0 0 0 0 0 
477 8 0 0 0 0 0 0 0 0 0 0 0 
478 8 0 0 0 0 0 0 0 0 0 0 0 
479 8 -1 40 5 0 0 19 39 0 0 6 -6 
480 8 -1 11 26 0 0 3 26 0 0 17 -16 
481 8 0 0 0 0 0 0 0 0 0 0 0 
482 8 0 0 0 0 0 0 0 0 0 0 0 
483 8 -1 15 4 12 12 41 21 3 21 32 3096 
484 8 -1 2 22 13 19 18 46 2 1 32 6835 
485 8 -1 24 12 0 0 43 36 0 0 0 -18 
486 8 -1 11 11 1 5 35 18 5 14 32 -1913 
487 8 0 0 0 0 0 0 0 0 0 0 0 
488 8 0 0 0 0 0 0 0 0 0 0 0 
489 8 0 0 0 0 0 0 0 0 0 0 0 
490 8 0 0 0 0 0 0 0 0 0 0 0 
491 8 0 0 0 0 0 0 0 0 0 0 0 
492 8 0 0 0 0 0 0 0 0 0 0 0 
493 8 0 0 0 0 0 0 0 0 0 0 0 
494 8 0 0 0 0 0 0 0 0 0 0 0 
495 8 0 0 0 0 0 0 0 0 0 0 0 
496 8 0 0 0 0 0 0 0 0 0 0 0 
497 8 0 0 0 0 0 0 0 0 0 0 0 
498 8 0 0 0 0 0 0 0 0 0 0 0 
499 8 0 0 0 0 0 0 0 0 0 0 0 
500 8 0 0 0 0 0 0 0 0 0 0 0 
501 8 0 0 0 0 0 0 0 0 0 0 0 
502 8 0 0 0 0 0 0 0 0 0 0 0 
503 8 0 0 0 0 0 0 0 0 0 0 0 
504 8 0 0 0 0 0 0 0 0 0 0 0 
505 8 0 0 0 0 0 0 0 0 0 0 0 
506 8 0 0 0 0 0 0 0 0 0 0 0 
507 8 0 0 0 0 0 0 0 0 0 0 0 
508 8 0 0 0 0 0 0 0 0 0 0 0 
509 8 0 0 0 0 0 0 0 0 0 0 0 
510 8 0 0 0 0 0 0 0 0 0 0 0 
511 9 0 0 0 0 0 0 0 0 0 0 0 
512 9 0 0 0 0 0 0 0 0 0 0 0 
513 9 1 0 0 0 0 0 0 0 0 0 0 
514 9 -1 29 18 0 0 22 38 0 0 1 -13 
515 9 -1 26 14 0 0 2 25 0 0 1 11 
516 9 -1 21 4 18 6 39 25 6 6 32 -2033 
517 9 0 0 0 0 0 0 0 0 0 0 0 
518 9 0 0 0 0 0 0 0 0 0 0 0 
519 9 9 0 0 0 0 0 0 0 0 0 0 
520 9 10 0 0 0 0 0 0 0 0 0 0 
521 9 0 0 0 0 0 0 0 0 0 0 0 
522 9 0 0 0 0 0 0 0 0 0 0 0 
523 9 0 0 0 0 0 0 0 0 0 0 0 
524 9 0 0 0 0 0 0 0 0 0 0 0 
525 9 0 0 0 0 0 0 0 0 0 0 0 
526 9 0 0 0 0 0 0 0 0 0 0 0 
527 9 0 0 0 0 0 0 0 0 0 0 0 
528 9 0 0 0 0 0 0 0 0 0 0 0 
529 9 0 0 0 0 0 0 0 0 0 0 0 
530 9 0 0 0 0 0 0 0 0 0 0 0 
531 9 0 0 0 0 0 0 0 0 0 0 0 
532 9 0 0 0 0 0 0 0 0 0 0 0 
533 9 0 0 0 0 0 0 0 0 0 0 0 
534 9 0 0 0 0 0 0 0 0 0 0 0 
535 9 0 0 0 0 0 0 0 0 0 0 0 
536 9 0 0 0 0 0 0 0 0 0 0 0 
537 9 15 0 0 0 0 0 0 0 0 0 0 
538 9 -1 45 45 0 0 33 0 0 0 11 -68 
539 9 0 0 0 0 0 0 0 0 0 0 0 
540 9 0 0 0 0 0 0 0 0 0 0 0 
541 9 0 0 0 0 0 0 0 0 0 0 0 
542 9 0 0 0 0 0 0 0 0 0 0 0 
543 9 0 0 0 0 0 0 0 0 0 0 0 
544 9 0 0 0 0 0 0 0 0 0 0 0 
545 9 0 0 0 0 0 0 0 0 0 0 0 
546 9 0 0 0 0 0 0 0 0 0 0 0 
547 9 0 0 0 0 0 0 0 0 0 0 0 
548 9 0 0 0 0 0 0 0 0 0 0 0 
549 9 0 0 0 0 0 0 0 0 0 0 0 
550 9 0 0 0 0 0 0 0 0 0 0 0 
551 9 0 0 0 0 0 0 0 0 0 0 0 
552 9 0 0 0 0 0 0 0 0 0 0 0 
553 9 0 0 0 0 0 0 0 0 0 0 0 
554 9 0 0 0 0 0 0 0 0 0 0 0 
555 9 0 0 0 0 0 0 0 0 0 0 0 
556 9 0 0 0 0 0 0 0 0 0 0 0 
557 9 0 0 0 0 0 0 0 0 0 0 0 
558 9 0 0 0 0 0 0 0 0 0 0 0 
559 9 0 0 0 0 0 0 0 0 0 0 0 
560 9 0 0 0 0 0 0 0 0 0 0 0 
561 9 0 0 0 0 0 0 0 0 0 0 0 
562 9 0 0 0 0 0 0 0 0 0 0 0 
563 9 0 0 0 0 0 0 0 0 0 0 0 
564 9 0 0 0 0 0 0 0 0 0 0 0 
565 9 0 0 0 0 0 0 0 0 0 0 0 
566 9 0 0 0 0 0 0 0 0 0 0 0 
567 9 0 0 0 0 0 0 0 0 0 0 0 
568 9 0 0 0 0 0 0 0 0 0 0 0 
569 9 0 0 0 0 0 0 0 0 0 0 0 
570 9 0 0 0 0 0 0 0 0 0 0 0 
571 9 0 0 0 0 0 0 0 0 0 0 0 
572 9 0 0 0 0 0 0 0 0 0 0 0 
573 9 0 0 0 0 0 0 0 0 0 0 0 
574 9 0 0 0 0 0 0 0 0 0 0 0 
575 9 0 0 0 0 0 0 0 0 0 0 0 
576 9 0 0 0 0 0 0 0 0 0 0 0 
577 9 0 0 0 0 0 0 0 0 0 0 0 
578 9 0 0 0 0 0 0 0 0 0 0 0 
579 9 0 0 0 0 0 0 0 0 0 0 0 
580 9 0 0 0 0 0 0 0 0 0 0 0 
581 9 0 0 0 0 0 0 0 0 0 0 0 
582 9 0 0 0 0 0 0 0 0 0 0 0 
583 9 0 0 0 0 0 0 0 0 0 0 0 
584 9 0 0 0 0 0 0 0 0 0 0 0 
585 9 0 0 0 0 0 0 0 0 0 0 0 
586 9 0 0 0 0 0 0 0 0 0 0 0 
587 9 0 0 0 0 0 0 0 0 0 0 0 
588 9 0 0 0 0 0 0 0 0 0 0 0 
589 9 0 0 0 0 0 0 0 0 0 0 0 
590 9 0 0 0 0 0 0 0 0 0 0 0 
591 9 0 0 0 0 0 0 0 0 0 0 0 
592 9 0 0 0 0 0 0 0 0 0 0 0 
593 9 0 0 0 0 0 0 0 0 0 0 0 
594 9 0 0 0 0 0 0 0 0 0 0 0 
595 9 0 0 0 0 0 0 0 0 0 0 0 
596 9 0 0 0 0 0 0 0 0 0 0 0 
597 9 0 0 0 0 0 0 0 0 0 0 0 
598 9 0 0 0 0 0 0 0 0 0 0 0 
599 9 0 0 0 0 0 0 0 0 0 0 0 
600 9 0 0 0 0 0 0 0 0 0 0 0 
601 9 0 0 0 0 0 0 0 0 0 0 0 
602 9 0 0 0 0 0 0 0 0 0 0 0 
603 9 0 0 0 0 0 0 0 0 0 0 0 
604 9 0 0 0 0 0 0 0 0 0 0 0 
605 9 0 0 0 0 0 0 0 0 0 0 0 
606 9 0 0 0 0 0 0 0 0 0 0 0 
607 9 0 0 0 0 0 0 0 0 0 0 0 
608 9 0 0 0 0 0 0 0 0 0 0 0 
609 9 0 0 0 0 0 0 0 0 0 0 0 
610 9 0 0 0 0 0 0 0 0 0 0 0 
611 9 0 0 0 0 0 0 0 0 0 0 0 
612 9 0 0 0 0 0 0 0 0 0 0 0 
613 9 0 0 0 0 0 0 0 0 0 0 0 
614 9 0 0 0 0 0 0 0 0 0 0 0 
615 9 0 0 0 0 0 0 0 0 0 0 0 
616 9 0 0 0 0 0 0 0 0 0 0 0 
617 9 0 0 0 0 0 0 0 0 0 0 0 
618 9 0 0 0 0 0 0 0 0 0 0 0 
619 9 0 0 0 0 0 0 0 0 0 0 0 
620 9 0 0 0 0 0 0 0 0 0 0 0 
621 9 0 0 0 0 0 0 0 0 0 0 0 
622 9 0 0 0 0 0 0 0 0 0 0 0 
623 9 0 0 0 0 0 0 0 0 0 0 0 
624 9 0 0 0 0 0 0 0 0 0 0 0 
625 9 0 0 0 0 0 0 0 0 0 0 0 
626 9 0 0 0 0 0 0 0 0 0 0 0 
627 9 0 0 0 0 0 0 0 0 0 0 0 
628 9 0 0 0 0 0 0 0 0 0 0 0 
629 9 0 0 0 0 0 0 0 0 0 0 0 
630 9 0 0 0 0 0 0 0 0 0 0 0 
631 9 0 0 0 0 0 0 0 0 0 0 0 
632 9 0 0 0 0 0 0 0 0 0 0 0 
633 9 0 0 0 0 0 0 0 0 0 0 0 
634 9 0 0 0 0 0 0 0 0 0 0 0 
635 9 0 0 0 0 0 0 0 0 0 0 0 
636 9 0 0 0 0 0 0 0 0 0 0 0 
637 9 0 0 0 0 0 0 0 0 0 0 0 
638 9 0 0 0 0 0 0 0 0 0 0 0 
639 9 0 0 0 0 0 0 0 0 0 0 0 
640 9 0 0 0 0 0 0 0 0 0 0 0 
641 9 0 0 0 0 0 0 0 0 0 0 0 
642 9 0 0 0 0 0 0 0 0 0 0 0 
643 9 0 0 0 0 0 0 0 0 0 0 0 
644 9 0 0 0 0 0 0 0 0 0 0 0 
645 9 0 0 0 0 0 0 0 0 0 0 0 
646 9 0 0 0 0 0 0 0 0 0 0 0 
647 9 0 0 0 0 0 0 0 0 0 0 0 
648 9 0 0 0 0 0 0 0 0 0 0 0 
649 9 0 0 0 0 0 0 0 0 0 0 0 
650 9 0 0 0 0 0 0 0 0 0 0 0 
651 9 0 0 0 0 0 0 0 0 0 0 0 
652 9 0 0 0 0 0 0 0 0 0 0 0 
653 9 0 0 0 0 0 0 0 0 0 0 0 
654 9 0 0 0 0 0 0 0 0 0 0 0 
655 9 0 0 0 0 0 0 0 0 0 0 0 
656 9 0 0 0 0 0 0 0 0 0 0 0 
657 9 0 0 0 0 0 0 0 0 0 0 0 
658 9 0 0 0 0 0 0 0 0 0 0 0 
659 9 0 0 0 0 0 0 0 0 0 0 0 
660 9 0 0 0 0 0 0 0 0 0 0 0 
661 9 0 0 0 0 0 0 0 0 0 0 0 
662 9 0 0 0 0 0 0 0 0 0 0 0 
663 9 0 0 0 0 0 0 0 0 0 0 0 
664 9 0 0 0 0 0 0 0 0 0 0 0 
665 9 0 0 0 0 0 0 0 0 0 0 0 
666 9 0 0 0 0 0 0 0 0 0 0 0 
667 9 0 0 0 0 0 0 0 0 0 0 0 
668 9 0 0 0 0 0 0 0 0 0 0 0 
669 9 0 0 0 0 0 0 0 0 0 0 0 
670 9 0 0 0 0 0 0 0 0 0 0 0 
671 9 -1 14 11 0 0 14 47 0 0 0 15 
672 9 28 0 0 0 0 0 0 0 0 0 0 
673 9 29 0 0 0 0 0 0 0 0 0 0 
674 9 30 0 0 0 0 0 0 0 0 0 0 
675 9 0 0 0 0 0 0 0 0 0 0 0 
676 9 0 0 0 0 0 0 0 0 0 0 0 
677 9 0 0 0 0 0 0 0 0 0 0 0 
678 9 0 0 0 0 0 0 0 0 0 0 0 
679 9 0 0 0 0 0 0 0 0 0 0 0 
680 9 0 0 0 0 0 0 0 0 0 0 0 
681 9 0 0 0 0 0 0 0 0 0 0 0 
682 9 0 0 0 0 0 0 0 0 0 0 0 
683 9 0 0 0 0 0 0 0 0 0 0 0 
684 9 0 0 0 0 0 0 0 0 0 0 0 
685 9 0 0 0 0 0 0 0 0 0 0 0 
686 9 0 0 0 0 0 0 0 0 0 0 0 
687 9 0 0 0 0 0 0 0 0 0 0 0 
688 9 0 0 0 0 0 0 0 0 0 0 0 
689 9 0 0 0 0 0 0 0 0 0 0 0 
690 9 0 0 0 0 0 0 0 0 0 0 0 
691 9 0 0 0 0 0 0 0 0 0 0 0 
692 9 0 0 0 0 0 0 0 0 0 0 0 
693 9 0 0 0 0 0 0 0 0 0 0 0 
694 9 0 0 0 0 0 0 0 0 0 0 0 
695 9 0 0 0 0 0 0 0 0 0 0 0 
696 9 0 0 0 0 0 0 0 0 0 0 0 
697 9 0 0 0 0 0 0 0 0 0 0 0 
698 9 0 0 0 0 0 0 0 0 0 0 0 
699 9 0 0 0 0 0 0 0 0 0 0 0 
700 9 0 0 0 0 0 0 0 0 0 0 0 
701 9 0 0 0 0 0 0 0 0 0 0 0 
702 9 0 0 0 0 0 0 0 0 0 0 0 
703 9 0 0 0 0 0 0 0 0 0 0 0 
704 9 0 0 0 0 0 0 0 0 0 0 0 
705 9 0 0 0 0 0 0 0 0 0 0 0 
706 9 0 0 0 0 0 0 0 0 0 0 0 
707 9 0 0 0 0 0 0 0 0 0 0 0 
708 9 0 0 0 0 0 0 0 0 0 0 0 
709 9 0 0 0 0 0 0 0 0 0 0 0 
710 9 0 0 0 0 0 0 0 0 0 0 0 
711 9 0 0 0 0 0 0 0 0 0 0 0 
712 9 0 0 0 0 0 0 0 0 0 0 0 
713 9 0 0 0 0 0 0 0 0 0 0 0 
714 9 0 0 0 0 0 0 0 0 0 0 0 
715 9 0 0 0 0 0 0 0 0 0 0 0 
716 9 0 0 0 0 0 0 0 0 0 0 0 
717 9 0 0 0 0 0 0 0 0 0 0 0 
718 9 0 0 0 0 0 0 0 0 0 0 0 
719 9 0 0 0 0 0 0 0 0 0 0 0 
720 9 0 0 0 0 0 0 0 0 0 0 0 
721 9 0 0 0 0 0 0 0 0 0 0 0 
722 9 0 0 0 0 0 0 0 0 0 0 0 
723 9 0 0 0 0 0 0 0 0 0 0 0 
724 9 0 0 0 0 0 0 0 0 0 0 0 
725 9 0 0 0 0 0 0 0 0 0 0 0 
726 9 0 0 0 0 0 0 0 0 0 0 0 
727 9 0 0 0 0 0 0 0 0 0 0 0 
728 9 0 0 0 0 0 0 0 0 0 0 0 
729 9 0 0 0 0 0 0 0 0 0 0 0 
730 9 0 0 0 0 0 0 0 0 0 0 0 
731 9 0 0 0 0 0 0 0 0 0 0 0 
732 9 0 0 0 0 0 0 0 0 0 0 0 
733 9 0 0 0 0 0 0 0 0 0 0 0 
734 9 0 0 0 0 0 0 0 0 0 0 0 
735 9 0 0 0 0 0 0 0 0 0 0 0 
736 9 0 0 0 0 0 0 0 0 0 0 0 
737 9 -1 12 3 22 12 38 20 8 17 32 7890 
738 9 -1 22 37 0 0 35 10 0 0 0 -132 
739 9 -1 11 17 17 4 35 43 6 4 32 4358 
740 9 -1 13 7 0 0 6 11 0 0 19 0 
741 9 49 0 0 0 0 0 0 0 0 0 0 
742 9 50 0 0 0 0 0 0 0 0 0 0 
743 9 0 0 0 0 0 0 0 0 0 0 0 
744 9 0 0 0 0 0 0 0 0 0 0 0 
745 9 0 0 0 0 0 0 0 0 0 0 0 
746 9 0 0 0 0 0 0 0 0 0 0 0 
747 9 0 0 0 0 0 0 0 0 0 0 0 
748 9 0 0 0 0 0 0 0 0 0 0 0 
749 9 0 0 0 0 0 0 0 0 0 0 0 
750 9 0 0 0 0 0 0 0 0 0 0 0 
751 9 0 0 0 0 0 0 0 0 0 0 0 
752 9 0 0 0 0 0 0 0 0 0 0 0 
753 9 0 0 0 0 0 0 0 0 0 0 0 
754 9 0 0 0 0 0 0 0 0 0 0 0 
755 9 0 0 0 0 0 0 0 0 0 0 0 
756 9 0 0 0 0 0 0 0 0 0 0 0 
757 9 0 0 0 0 0 0 0 0 0 0 0 
758 9 0 0 0 0 0 0 0 0 0 0 0 
759 9 0 0 0 0 0 0 0 0 0 0 0 
760 9 0 0 0 0 0 0 0 0 0 0 0 
761 9 0 0 0 0 0 0 0 0 0 0 0 
762 9 0 0 0 0 0 0 0 0 0 0 0 
763 9 0 0 0 0 0 0 0 0 0 0 0 
764 9 0 0 0 0 0 0 0 0 0 0 0 
765 9 0 0 0 0 0 0 0 0 0 0 0 
766 9 0 0 0 0 0 0 0 0 0 0 0 
767 9 0 0 0 0 0 0 0 0 0 0 0 
768 9 0 0 0 0 0 0 0 0 0 0 0 
769 9 0 0 0 0 0 0 0 0 0 0 0 
770 9 0 0 0 0 0 0 0 0 0 0 0 
771 9 0 0 0 0 0 0 0 0 0 0 0 
772 9 0 0 0 0 0 0 0 0 0 0 0 
773 9 0 0 0 0 0 0 0 0 0 0 0 
774 9 0 0 0 0 0 0 0 0 0 0 0 
775 9 56 0 0 0 0 0 0 0 0 0 0 
776 9 57 0 0 0 0 0 0 0 0 0 0 
777 9 0 0 0 0 0 0 0 0 0 0 0 
778 9 0 0 0 0 0 0 0 0 0 0 0 
779 9 59 0 0 0 0 0 0 0 0 0 0 
780 9 -1 8 4 17 17 34 21 9 18 32 -1691 
781 9 0 0 0 0 0 0 0 0 0 0 0 
782 9 0 0 0 0 0 0 0 0 0 0 0 
783 9 -1 40 47 0 0 11 37 0 0 2 -13 
784 9 65 0 0 0 0 0 0 0 0 0 0 
785 9 66 0 0 0 0 0 0 0 0 0 0 
786 9 67 0 0 0 0 0 0 0 0 0 0 
787 9 68 0 0 0 0 0 0 0 0 0 0 
788 9 -1 1 12 17 18 32 31 4 16 32 4749 
789 9 0 0 0 0 0 0 0 0 0 0 0 
790 9 0 0 0 0 0 0 0 0 0 0 0 
791 9 0 0 0 0 0 0 0 0 0 0 0 
792 9 0 0 0 0 0 0 0 0 0 0 0 
793 9 0 0 0 0 0 0 0 0 0 0 0 
794 9 0 0 0 0 0 0 0 0 0 0 0 
795 9 0 0 0 0 0 0 0 0 0 0 0 
796 9 0 0 0 0 0 0 0 0 0 0 0 
797 9 0 0 0 0 0 0 0 0 0 0 0 
798 9 0 0 0 0 0 0 0 0 0 0 0 
799 9 0 0 0 0 0 0 0 0 0 0 0 
800 9 0 0 0 0 0 0 0 0 0 0 0 
801 9 0 0 0 0 0 0 0 0 0 0 0 
802 9 0 0 0 0 0 0 0 0 0 0 0 
803 9 0 0 0 0 0 0 0 0 0 0 0 
804 9 0 0 0 0 0 0 0 0 0 0 0 
805 9 0 0 0 0 0 0 0 0 0 0 0 
806 9 0 0 0 0 0 0 0 0 0 0 0 
807 9 0 0 0 0 0 0 0 0 0 0 0 
808 9 0 0 0 0 0 0 0 0 0 0 0 
809 9 0 0 0 0 0 0 0 0 0 0 0 
810 9 0 0 0 0 0 0 0 0 0 0 0 
811 9 0 0 0 0 0 0 0 0 0 0 0 
812 9 0 0 0 0 0 0 0 0 0 0 0 
813 9 0 0 0 0 0 0 0 0 0 0 0 
814 9 0 0 0 0 0 0 0 0 0 0 0 
815 9 0 0 0 0 0 0 0 0 0 0 0 
816 9 0 0 0 0 0 0 0 0 0 0 0 
817 9 0 0 0 0 0 0 0 0 0 0 0 
818 9 0 0 0 0 0 0 0 0 0 0 0 
819 9 0 0 0 0 0 0 0 0 0 0 0 
820 9 0 0 0 0 0 0 0 0 0 0 0 
821 9 0 0 0 0 0 0 0 0 0 0 0 
822 9 0 0 0 0 0 0 0 0 0 0 0 
823 9 0 0 0 0 0 0 0 0 0 0 0 
824 9 0 0 0 0 0 0 0 0 0 0 0 
825 9 0 0 0 0 0 0 0 0 0 0 0 
826 9 0 0 0 0 0 0 0 0 0 0 0 
827 9 0 0 0 0 0 0 0 0 0 0 0 
828 9 0 0 0 0 0 0 0 0 0 0 0 
829 9 0 0 0 0 0 0 0 0 0 0 0 
830 9 0 0 0 0 0 0 0 0 0 0 0 
831 9 0 0 0 0 0 0 0 0 0 0 0 
832 9 0 0 0 0 0 0 0 0 0 0 0 
833 9 0 0 0 0 0 0 0 0 0 0 0 
834 9 0 0 0 0 0 0 0 0 0 0 0 
835 9 0 0 0 0 0 0 0 0 0 0 0 
836 9 0 0 0 0 0 0 0 0 0 0 0 
837 9 0 0 0 0 0 0 0 0 0 0 0 
838 9 0 0 0 0 0 0 0 0 0 0 0 
839 9 0 0 0 0 0 0 0 0 0 0 0 
840 9 0 0 0 0 0 0 0 0 0 0 0 
841 9 0 0 0 0 0 0 0 0 0 0 0 
842 9 0 0 0 0 0 0 0 0 0 0 0 
843 9 0 0 0 0 0 0 0 0 0 0 0 
844 9 0 0 0 0 0 0 0 0 0 0 0 
845 9 0 0 0 0 0 0 0 0 0 0 0 
846 9 0 0 0 0 0 0 0 0 0 0 0 
847 9 0 0 0 0 0 0 0 0 0 0 0 
848 9 0 0 0 0 0 0 0 0 0 0 0 
849 9 0 0 0 0 0 0 0 0 0 0 0 
850 9 0 0 0 0 0 0 0 0 0 0 0 
851 9 0 0 0 0 0 0 0 0 0 0 0 
852 9 0 0 0 0 0 0 0 0 0 0 0 
853 9 0 0 0 0 0 0 0 0 0 0 0 
854 9 0 0 0 0 0 0 0 0 0 0 0 
855 9 0 0 0 0 0 0 0 0 0 0 0 
856 9 0 0 0 0 0 0 0 0 0 0 0 
857 9 0 0 0 0 0 0 0 0 0 0 0 
858 9 0 0 0 0 0 0 0 0 0 0 0 
859 9 0 0 0 0 0 0 0 0 0 0 0 
860 9 0 0 0 0 0 0 0 0 0 0 0 
861 9 0 0 0 0 0 0 0 0 0 0 0 
862 9 0 0 0 0 0 0 0 0 0 0 0 
863 9 0 0 0 0 0 0 0 0 0 0 0 
864 9 0 0 0 0 0 0 0 0 0 0 0 
865 9 0 0 0 0 0 0 0 0 0 0 0 
866 9 0 0 0 0 0 0 0 0 0 0 0 
867 9 0 0 0 0 0 0 0 0 0 0 0 
868 9 0 0 0 0 0 0 0 0 0 0 0 
869 9 0 0 0 0 0 0 0 0 0 0 0 
870 9 0 0 0 0 0 0 0 0 0 0 0 
871 9 0 0 0 0 0 0 0 0 0 0 0 
872 9 0 0 0 0 0 0 0 0 0 0 0 
873 9 0 0 0 0 0 0 0 0 0 0 0 
874 9 0 0 0 0 0 0 0 0 0 0 0 
875 9 0 0 0 0 0 0 0 0 0 0 0 
876 9 0 0 0 0 0 0 0 0 0 0 0 
877 9 0 0 0 0 0 0 0 0 0 0 0 
878 9 0 0 0 0 0 0 0 0 0 0 0 
879 9 0 0 0 0 0 0 0 0 0 0 0 
880 9 0 0 0 0 0 0 0 0 0 0 0 
881 9 0 0 0 0 0 0 0 0 0 0 0 
882 9 0 0 0 0 0 0 0 0 0 0 0 
883 9 81 0 0 0 0 0 0 0 0 0 0 
884 9 -1 47 9 0 0 20 26 0 0 4 -7 
885 9 0 0 0 0 0 0 0 0 0 0 0 
886 9 0 0 0 0 0 0 0 0 0 0 0 
887 9 85 0 0 0 0 0 0 0 0 0 0 
888 9 -1 2 18 0 0 36 28 0 0 16 103 
889 9 88 0 0 0 0 0 0 0 0 0 0 
890 9 89 0 0 0 0 0 0 0 0 0 0 
891 9 0 0 0 0 0 0 0 0 0 0 0 
892 9 0 0 0 0 0 0 0 0 0 0 0 
893 9 0 0 0 0 0 0 0 0 0 0 0 
894 9 0 0 0 0 0 0 0 0 0 0 0 
895 9 0 0 0 0 0 0 0 0 0 0 0 
896 9 0 0 0 0 0 0 0 0 0 0 0 
897 9 0 0 0 0 0 0 0 0 0 0 0 
898 9 0 0 0 0 0 0 0 0 0 0 0 
899 9 93 0 0 0 0 0 0 0 0 0 0 
900 9 -1 19 46 0 0 30 36 0 0 1 -11 
901 9 -1 3 22 11 4 27 36 8 8 32 -1685 
902 9 98 0 0 0 0 0 0 0 0 0 0 
903 9 0 0 0 0 0 0 0 0 0 0 0 
904 9 0 0 0 0 0 0 0 0 0 0 0 
905 9 0 0 0 0 0 0 0 0 0 0 0 
906 9 0 0 0 0 0 0 0 0 0 0 0 
907 9 0 0 0 0 0 0 0 0 0 0 0 
908 9 0 0 0 0 0 0 0 0 0 0 0 
909 9 0 0 0 0 0 0 0 0 0 0 0 
910 9 0 0 0 0 0 0 0 0 0 0 0 
911 9 0 0 0 0 0 0 0 0 0 0 0 
912 9 0 0 0 0 0 0 0 0 0 0 0 
913 9 0 0 0 0 0 0 0 0 0 0 0 
914 9 0 0 0 0 0 0 0 0 0 0 0 
915 9 0 0 0 0 0 0 0 0 0 0 0 
916 9 0 0 0 0 0 0 0 0 0 0 0 
917 9 0 0 0 0 0 0 0 0 0 0 0 
918 9 0 0 0 0 0 0 0 0 0 0 0 
919 9 0 0 0 0 0 0 0 0 0 0 0 
920 9 0 0 0 0 0 0 0 0 0 0 0 
921 9 0 0 0 0 0 0 0 0 0 0 0 
922 9 0 0 0 0 0 0 0 0 0 0 0 
923 9 0 0 0 0 0 0 0 0 0 0 0 
924 9 0 0 0 0 0 0 0 0 0 0 0 
925 9 0 0 0 0 0 0 0 0 0 0 0 
926 9 0 0 0 0 0 0 0 0 0 0 0 
927 9 0 0 0 0 0 0 0 0 0 0 0 
928 9 0 0 0 0 0 0 0 0 0 0 0 
929 9 0 0 0 0 0 0 0 0 0 0 0 
930 9 0 0 0 0 0 0 0 0 0 0 0 
931 9 0 0 0 0 0 0 0 0 0 0 0 
932 9 0 0 0 0 0 0 0 0 0 0 0 
933 9 0 0 0 0 0 0 0 0 0 0 0 
934 9 0 0 0 0 0 0 0 0 0 0 0 
935 9 0 0 0 0 0 0 0 0 0 0 0 
936 9 0 0 0 0 0 0 0 0 0 0 0 
937 9 0 0 0 0 0 0 0 0 0 0 0 
938 9 0 0 0 0 0 0 0 0 0 0 0 
939 9 0 0 0 0 0 0 0 0 0 0 0 
940 9 0 0 0 0 0 0 0 0 0 0 0 
941 9 0 0 0 0 0 0 0 0 0 0 0 
942 9 0 0 0 0 0 0 0 0 0 0 0 
943 9 0 0 0 0 0 0 0 0 0 0 0 
944 9 0 0 0 0 0 0 0 0 0 0 0 
945 9 0 0 0 0 0 0 0 0 0 0 0 
946 9 0 0 0 0 0 0 0 0 0 0 0 
947 9 0 0 0 0 0 0 0 0 0 0 0 
948 9 0 0 0 0 0 0 0 0 0 0 0 
949 9 0 0 0 0 0 0 0 0 0 0 0 
950 9 0 0 0 0 0 0 0 0 0 0 0 
951 9 0 0 0 0 0 0 0 0 0 0 0 
952 9 0 0 0 0 0 0 0 0 0 0 0 
953 9 0 0 0 0 0 0 0 0 0 0 0 
954 9 0 0 0 0 0 0 0 0 0 0 0 
955 9 0 0 0 0 0 0 0 0 0 0 0 
956 9 0 0 0 0 0 0 0 0 0 0 0 
957 9 0 0 0 0 0 0 0 0 0 0 0 
958 9 0 0 0 0 0 0 0 0 0 0 0 
959 9 -1 6 34 0 0 41 19 0 0 5 7 
960 9 -1 44 16 0 0 33 43 0 0 17 5 
961 9 110 0 0 0 0 0 0 0 0 0 0 
962 9 -1 16 0 19 17 45 34 2 9 32 12702 
963 9 0 0 0 0 0 0 0 0 0 0 0 
964 9 0 0 0 0 0 0 0 0 0 0 0 
965 9 0 0 0 0 0 0 0 0 0 0 0 
966 9 0 0 0 0 0 0 0 0 0 0 0 
967 9 -1 0 19 8 10 37 30 6 3 32 1726 
968 9 -1 15 4 19 1 41 20 5 24 32 -2407 
969 9 118 0 0 0 0 0 0 0 0 0 0 
970 9 119 0 0 0 0 0 0 0 0 0 0 
971 9 -1 1 11 22 10 31 28 11 19 32 1937 
972 9 -1 4 21 2 15 27 39 13 2 32 167 
973 9 -1 16 11 5 18 24 33 16 9 32 -1026 
974 9 -1 17 11 4 7 38 27 9 5 32 -577 
975 9 0 0 0 0 0 0 0 0 0 0 0 
976 9 0 0 0 0 0 0 0 0 0 0 0 
977 9 0 0 0 0 0 0 0 0 0 0 0 
978 9 0 0 0 0 0 0 0 0 0 0 0 
979 9 0 0 0 0 0 0 0 0 0 0 0 
980 9 0 0 0 0 0 0 0 0 0 0 0 
981 9 0 0 0 0 0 0 0 0 0 0 0 
982 9 0 0 0 0 0 0 0 0 0 0 0 
983 9 0 0 0 0 0 0 0 0 0 0 0 
984 9 0 0 0 0 0 0 0 0 0 0 0 
985 9 0 0 0 0 0 0 0 0 0 0 0 
986 9 0 0 0 0 0 0 0 0 0 0 0 
987 9 0 0 0 0 0 0 0 0 0 0 0 
988 9 0 0 0 0 0 0 0 0 0 0 0 
989 9 0 0 0 0 0 0 0 0 0 0 0 
990 9 0 0 0 0 0 0 0 0 0 0 0 
991 9 0 0 0 0 0 0 0 0 0 0 0 
992 9 0 0 0 0 0 0 0 0 0 0 0 
993 9 0 0 0 0 0 0 0 0 0 0 0 
994 9 0 0 0 0 0 0 0 0 0 0 0 
995 9 0 0 0 0 0 0 0 0 0 0 0 
996 9 0 0 0 0 0 0 0 0 0 0 0 
997 9 0 0 0 0 0 0 0 0 0 0 0 
998 9 0 0 0 0 0 0 0 0 0 0 0 
999 9 0 0 0 0 0 0 0 0 0 0 0 
1000 9 0 0 0 0 0 0 0 0 0 0 0 
1001 9 0 0 0 0 0 0 0 0 0 0 0 
1002 9 0 0 0 0 0 0 0 0 0 0 0 
1003 9 0 0 0 0 0 0 0 0 0 0 0 
1004 9 0 0 0 0 0 0 0 0 0 0 0 
1005 9 0 0 0 0 0 0 0 0 0 0 0 
1006 9 0 0 0 0 0 0 0 0 0 0 0 
1007 9 0 0 0 0 0 0 0 0 0 0 0 
1008 9 0 0 0 0 0 0 0 0 0 0 0 
1009 9 0 0 0 0 0 0 0 0 0 0 0 
1010 9 0 0 0 0 0 0 0 0 0 0 0 
1011 9 0 0 0 0 0 0 0 0 0 0 0 
1012 9 0 0 0 0 0 0 0 0 0 0 0 
1013 9 0 0 0 0 0 0 0 0 0 0 0 
1014 9 0 0 0 0 0 0 0 0 0 0 0 
1015 9 0 0 0 0 0 0 0 0 0 0 0 
1016 9 0 0 0 0 0 0 0 0 0 0 0 
1017 9 0 0 0 0 0 0 0 0 0 0 0 
1018 9 0 0 0 0 0 0 0 0 0 0 0 
1019 9 0 0 0 0 0 0 0 0 0 0 0 
1020 9 0 0 0 0 0 0 0 0 0 0 0 
1021 9 0 0 0 0 0 0 0 0 0 0 0 
1022 9 0 0 0 0 0 0 0 0 0 0 0 
1023 10 0 0 0 0 0 0 0 0 0 0 0 
1024 10 0 0 0 0 0 0 0 0 0 0 0 
1025 10 0 0 0 0 0 0 0 0 0 0 0 
1026 10 0 0 0 0 0 0 0 0 0 0 0 
1027 10 0 0 0 0 0 0 0 0 0 0 0 
1028 10 0 0 0 0 0 0 0 0 0 0 0 
1029 10 2 0 0 0 0 0 0 0 0 0 0 
1030 10 3 0 0 0 0 0 0 0 0 0 0 
1031 10 4 0 0 0 0 0 0 0 0 0 0 
1032 10 5 0 0 0 0 0 0 0 0 0 0 
1033 10 6 0 0 0 0 0 0 0 0 0 0 
1034 10 7 0 0 0 0 0 0 0 0 0 0 
1035 10 0 0 0 0 0 0 0 0 0 0 0 
1036 10 0 0 0 0 0 0 0 0 0 0 0 
1037 10 0 0 0 0 0 0 0 0 0 0 0 
1038 10 0 0 0 0 0 0 0 0 0 0 0 
1039 10 0 0 0 0 0 0 0 0 0 0 0 
1040 10 0 0 0 0 0 0 0 0 0 0 0 
1041 10 0 0 0 0 0 0 0 0 0 0 0 
1042 10 0 0 0 0 0 0 0 0 0 0 0 
1043 10 0 0 0 0 0 0 0 0 0 0 0 
1044 10 0 0 0 0 0 0 0 0 0 0 0 
1045 10 0 0 0 0 0 0 0 0 0 0 0 
1046 10 0 0 0 0 0 0 0 0 0 0 0 
1047 10 0 0 0 0 0 0 0 0 0 0 0 
1048 10 0 0 0 0 0 0 0 0 0 0 0 
1049 10 0 0 0 0 0 0 0 0 0 0 0 
1050 10 0 0 0 0 0 0 0 0 0 0 0 
1051 10 0 0 0 0 0 0 0 0 0 0 0 
1052 10 0 0 0 0 0 0 0 0 0 0 0 
1053 10 0 0 0 0 0 0 0 0 0 0 0 
1054 10 0 0 0 0 0 0 0 0 0 0 0 
1055 10 0 0 0 0 0 0 0 0 0 0 0 
1056 10 0 0 0 0 0 0 0 0 0 0 0 
1057 10 0 0 0 0 0 0 0 0 0 0 0 
1058 10 0 0 0 0 0 0 0 0 0 0 0 
1059 10 0 0 0 0 0 0 0 0 0 0 0 
1060 10 0 0 0 0 0 0 0 0 0 0 0 
1061 10 0 0 0 0 0 0 0 0 0 0 0 
1062 10 0 0 0 0 0 0 0 0 0 0 0 
1063 10 0 0 0 0 0 0 0 0 0 0 0 
1064 10 0 0 0 0 0 0 0 0 0 0 0 
1065 10 0 0 0 0 0 0 0 0 0 0 0 
1066 10 0 0 0 0 0 0 0 0 0 0 0 
1067 10 0 0 0 0 0 0 0 0 0 0 0 
1068 10 0 0 0 0 0 0 0 0 0 0 0 
1069 10 0 0 0 0 0 0 0 0 0 0 0 
1070 10 0 0 0 0 0 0 0 0 0 0 0 
1071 10 0 0 0 0 0 0 0 0 0 0 0 
1072 10 0 0 0 0 0 0 0 0 0 0 0 
1073 10 0 0 0 0 0 0 0 0 0 0 0 
1074 10 0 0 0 0 0 0 0 0 0 0 0 
1075 10 0 0 0 0 0 0 0 0 0 0 0 
1076 10 0 0 0 0 0 0 0 0 0 0 0 
1077 10 16 0 0 0 0 0 0 0 0 0 0 
1078 10 17 0 0 0 0 0 0 0 0 0 0 
1079 10 0 0 0 0 0 0 0 0 0 0 0 
1080 10 0 0 0 0 0 0 0 0 0 0 0 
1081 10 0 0 0 0 0 0 0 0 0 0 0 
1082 10 0 0 0 0 0 0 0 0 0 0 0 
1083 10 0 0 0 0 0 0 0 0 0 0 0 
1084 10 0 0 0 0 0 0 0 0 0 0 0 
1085 10 0 0 0 0 0 0 0 0 0 0 0 
1086 10 0 0 0 0 0 0 0 0 0 0 0 
1087 10 0 0 0 0 0 0 0 0 0 0 0 
1088 10 0 0 0 0 0 0 0 0 0 0 0 
1089 10 0 0 0 0 0 0 0 0 0 0 0 
1090 10 0 0 0 0 0 0 0 0 0 0 0 
1091 10 0 0 0 0 0 0 0 0 0 0 0 
1092 10 0 0 0 0 0 0 0 0 0 0 0 
1093 10 0 0 0 0 0 0 0 0 0 0 0 
1094 10 0 0 0 0 0 0 0 0 0 0 0 
1095 10 0 0 0 0 0 0 0 0 0 0 0 
1096 10 0 0 0 0 0 0 0 0 0 0 0 
1097 10 0 0 0 0 0 0 0 0 0 0 0 
1098 10 0 0 0 0 0 0 0 0 0 0 0 
1099 10 0 0 0 0 0 0 0 0 0 0 0 
1100 10 0 0 0 0 0 0 0 0 0 0 0 
1101 10 0 0 0 0 0 0 0 0 0 0 0 
1102 10 0 0 0 0 0 0 0 0 0 0 0 
1103 10 0 0 0 0 0 0 0 0 0 0 0 
1104 10 0 0 0 0 0 0 0 0 0 0 0 
1105 10 0 0 0 0 0 0 0 0 0 0 0 
1106 10 0 0 0 0 0 0 0 0 0 0 0 
1107 10 0 0 0 0 0 0 0 0 0 0 0 
1108 10 0 0 0 0 0 0 0 0 0 0 0 
1109 10 0 0 0 0 0 0 0 0 0 0 0 
1110 10 0 0 0 0 0 0 0 0 0 0 0 
1111 10 0 0 0 0 0 0 0 0 0 0 0 
1112 10 0 0 0 0 0 0 0 0 0 0 0 
1113 10 0 0 0 0 0 0 0 0 0 0 0 
1114 10 0 0 0 0 0 0 0 0 0 0 0 
1115 10 0 0 0 0 0 0 0 0 0 0 0 
1116 10 0 0 0 0 0 0 0 0 0 0 0 
1117 10 0 0 0 0 0 0 0 0 0 0 0 
1118 10 0 0 0 0 0 0 0 0 0 0 0 
1119 10 0 0 0 0 0 0 0 0 0 0 0 
1120 10 0 0 0 0 0 0 0 0 0 0 0 
1121 10 0 0 0 0 0 0 0 0 0 0 0 
1122 10 0 0 0 0 0 0 0 0 0 0 0 
1123 10 0 0 0 0 0 0 0 0 0 0 0 
1124 10 0 0 0 0 0 0 0 0 0 0 0 
1125 10 0 0 0 0 0 0 0 0 0 0 0 
1126 10 0 0 0 0 0 0 0 0 0 0 0 
1127 10 0 0 0 0 0 0 0 0 0 0 0 
1128 10 0 0 0 0 0 0 0 0 0 0 0 
1129 10 0 0 0 0 0 0 0 0 0 0 0 
1130 10 0 0 0 0 0 0 0 0 0 0 0 
1131 10 0 0 0 0 0 0 0 0 0 0 0 
1132 10 0 0 0 0 0 0 0 0 0 0 0 
1133 10 0 0 0 0 0 0 0 0 0 0 0 
1134 10 0 0 0 0 0 0 0 0 0 0 0 
1135 10 0 0 0 0 0 0 0 0 0 0 0 
1136 10 0 0 0 0 0 0 0 0 0 0 0 
1137 10 0 0 0 0 0 0 0 0 0 0 0 
1138 10 0 0 0 0 0 0 0 0 0 0 0 
1139 10 0 0 0 0 0 0 0 0 0 0 0 
1140 10 0 0 0 0 0 0 0 0 0 0 0 
1141 10 0 0 0 0 0 0 0 0 0 0 0 
1142 10 0 0 0 0 0 0 0 0 0 0 0 
1143 10 0 0 0 0 0 0 0 0 0 0 0 
1144 10 0 0 0 0 0 0 0 0 0 0 0 
1145 10 0 0 0 0 0 0 0 0 0 0 0 
1146 10 0 0 0 0 0 0 0 0 0 0 0 
1147 10 0 0 0 0 0 0 0 0 0 0 0 
1148 10 0 0 0 0 0 0 0 0 0 0 0 
1149 10 0 0 0 0 0 0 0 0 0 0 0 
1150 10 0 0 0 0 0 0 0 0 0 0 0 
1151 10 0 0 0 0 0 0 0 0 0 0 0 
1152 10 0 0 0 0 0 0 0 0 0 0 0 
1153 10 0 0 0 0 0 0 0 0 0 0 0 
1154 10 0 0 0 0 0 0 0 0 0 0 0 
1155 10 0 0 0 0 0 0 0 0 0 0 0 
1156 10 0 0 0 0 0 0 0 0 0 0 0 
1157 10 0 0 0 0 0 0 0 0 0 0 0 
1158 10 0 0 0 0 0 0 0 0 0 0 0 
1159 10 0 0 0 0 0 0 0 0 0 0 0 
1160 10 0 0 0 0 0 0 0 0 0 0 0 
1161 10 0 0 0 0 0 0 0 0 0 0 0 
1162 10 0 0 0 0 0 0 0 0 0 0 0 
1163 10 0 0 0 0 0 0 0 0 0 0 0 
1164 10 0 0 0 0 0 0 0 0 0 0 0 
1165 10 0 0 0 0 0 0 0 0 0 0 0 
1166 10 0 0 0 0 0 0 0 0 0 0 0 
1167 10 0 0 0 0 0 0 0 0 0 0 0 
1168 10 0 0 0 0 0 0 0 0 0 0 0 
1169 10 0 0 0 0 0 0 0 0 0 0 0 
1170 10 0 0 0 0 0 0 0 0 0 0 0 
1171 10 0 0 0 0 0 0 0 0 0 0 0 
1172 10 0 0 0 0 0 0 0 0 0 0 0 
1173 10 0 0 0 0 0 0 0 0 0 0 0 
1174 10 0 0 0 0 0 0 0 0 0 0 0 
1175 10 0 0 0 0 0 0 0 0 0 0 0 
1176 10 0 0 0 0 0 0 0 0 0 0 0 
1177 10 0 0 0 0 0 0 0 0 0 0 0 
1178 10 0 0 0 0 0 0 0 0 0 0 0 
1179 10 0 0 0 0 0 0 0 0 0 0 0 
1180 10 0 0 0 0 0 0 0 0 0 0 0 
1181 10 0 0 0 0 0 0 0 0 0 0 0 
1182 10 0 0 0 0 0 0 0 0 0 0 0 
1183 10 0 0 0 0 0 0 0 0 0 0 0 
1184 10 0 0 0 0 0 0 0 0 0 0 0 
1185 10 0 0 0 0 0 0 0 0 0 0 0 
1186 10 0 0 0 0 0 0 0 0 0 0 0 
1187 10 0 0 0 0 0 0 0 0 0 0 0 
1188 10 0 0 0 0 0 0 0 0 0 0 0 
1189 10 0 0 0 0 0 0 0 0 0 0 0 
1190 10 0 0 0 0 0 0 0 0 0 0 0 
1191 10 0 0 0 0 0 0 0 0 0 0 0 
1192 10 0 0 0 0 0 0 0 0 0 0 0 
1193 10 0 0 0 0 0 0 0 0 0 0 0 
1194 10 0 0 0 0 0 0 0 0 0 0 0 
1195 10 0 0 0 0 0 0 0 0 0 0 0 
1196 10 0 0 0 0 0 0 0 0 0 0 0 
1197 10 0 0 0 0 0 0 0 0 0 0 0 
1198 10 0 0 0 0 0 0 0 0 0 0 0 
1199 10 0 0 0 0 0 0 0 0 0 0 0 
1200 10 0 0 0 0 0 0 0 0 0 0 0 
1201 10 0 0 0 0 0 0 0 0 0 0 0 
1202 10 0 0 0 0 0 0 0 0 0 0 0 
1203 10 0 0 0 0 0 0 0 0 0 0 0 
1204 10 0 0 0 0 0 0 0 0 0 0 0 
1205 10 0 0 0 0 0 0 0 0 0 0 0 
1206 10 0 0 0 0 0 0 0 0 0 0 0 
1207 10 0 0 0 0 0 0 0 0 0 0 0 
1208 10 0 0 0 0 0 0 0 0 0 0 0 
1209 10 0 0 0 0 0 0 0 0 0 0 0 
1210 10 0 0 0 0 0 0 0 0 0 0 0 
1211 10 0 0 0 0 0 0 0 0 0 0 0 
1212 10 0 0 0 0 0 0 0 0 0 0 0 
1213 10 0 0 0 0 0 0 0 0 0 0 0 
1214 10 0 0 0 0 0 0 0 0 0 0 0 
1215 10 0 0 0 0 0 0 0 0 0 0 0 
1216 10 0 0 0 0 0 0 0 0 0 0 0 
1217 10 0 0 0 0 0 0 0 0 0 0 0 
1218 10 0 0 0 0 0 0 0 0 0 0 0 
1219 10 0 0 0 0 0 0 0 0 0 0 0 
1220 10 0 0 0 0 0 0 0 0 0 0 0 
1221 10 0 0 0 0 0 0 0 0 0 0 0 
1222 10 0 0 0 0 0 0 0 0 0 0 0 
1223 10 0 0 0 0 0 0 0 0 0 0 0 
1224 10 0 0 0 0 0 0 0 0 0 0 0 
1225 10 0 0 0 0 0 0 0 0 0 0 0 
1226 10 0 0 0 0 0 0 0 0 0 0 0 
1227 10 0 0 0 0 0 0 0 0 0 0 0 
1228 10 0 0 0 0 0 0 0 0 0 0 0 
1229 10 0 0 0 0 0 0 0 0 0 0 0 
1230 10 0 0 0 0 0 0 0 0 0 0 0 
1231 10 0 0 0 0 0 0 0 0 0 0 0 
1232 10 0 0 0 0 0 0 0 0 0 0 0 
1233 10 0 0 0 0 0 0 0 0 0 0 0 
1234 10 0 0 0 0 0 0 0 0 0 0 0 
1235 10 0 0 0 0 0 0 0 0 0 0 0 
1236 10 0 0 0 0 0 0 0 0 0 0 0 
1237 10 0 0 0 0 0 0 0 0 0 0 0 
1238 10 0 0 0 0 0 0 0 0 0 0 0 
1239 10 0 0 0 0 0 0 0 0 0 0 0 
1240 10 0 0 0 0 0 0 0 0 0 0 0 
1241 10 0 0 0 0 0 0 0 0 0 0 0 
1242 10 0 0 0 0 0 0 0 0 0 0 0 
1243 10 0 0 0 0 0 0 0 0 0 0 0 
1244 10 0 0 0 0 0 0 0 0 0 0 0 
1245 10 0 0 0 0 0 0 0 0 0 0 0 
1246 10 0 0 0 0 0 0 0 0 0 0 0 
1247 10 0 0 0 0 0 0 0 0 0 0 0 
1248 10 0 0 0 0 0 0 0 0 0 0 0 
1249 10 0 0 0 0 0 0 0 0 0 0 0 
1250 10 0 0 0 0 0 0 0 0 0 0 0 
1251 10 0 0 0 0 0 0 0 0 0 0 0 
1252 10 0 0 0 0 0 0 0 0 0 0 0 
1253 10 0 0 0 0 0 0 0 0 0 0 0 
1254 10 0 0 0 0 0 0 0 0 0 0 0 
1255 10 0 0 0 0 0 0 0 0 0 0 0 
1256 10 0 0 0 0 0 0 0 0 0 0 0 
1257 10 0 0 0 0 0 0 0 0 0 0 0 
1258 10 0 0 0 0 0 0 0 0 0 0 0 
1259 10 0 0 0 0 0 0 0 0 0 0 0 
1260 10 0 0 0 0 0 0 0 0 0 0 0 
1261 10 0 0 0 0 0 0 0 0 0 0 0 
1262 10 0 0 0 0 0 0 0 0 0 0 0 
1263 10 0 0 0 0 0 0 0 0 0 0 0 
1264 10 0 0 0 0 0 0 0 0 0 0 0 
1265 10 0 0 0 0 0 0 0 0 0 0 0 
1266 10 0 0 0 0 0 0 0 0 0 0 0 
1267 10 0 0 0 0 0 0 0 0 0 0 0 
1268 10 0 0 0 0 0 0 0 0 0 0 0 
1269 10 0 0 0 0 0 0 0 0 0 0 0 
1270 10 0 0 0 0 0 0 0 0 0 0 0 
1271 10 0 0 0 0 0 0 0 0 0 0 0 
1272 10 0 0 0 0 0 0 0 0 0 0 0 
1273 10 0 0 0 0 0 0 0 0 0 0 0 
1274 10 0 0 0 0 0 0 0 0 0 0 0 
1275 10 0 0 0 0 0 0 0 0 0 0 0 
1276 10 0 0 0 0 0 0 0 0 0 0 0 
1277 10 0 0 0 0 0 0 0 0 0 0 0 
1278 10 0 0 0 0 0 0 0 0 0 0 0 
1279 10 0 0 0 0 0 0 0 0 0 0 0 
1280 10 0 0 0 0 0 0 0 0 0 0 0 
1281 10 0 0 0 0 0 0 0 0 0 0 0 
1282 10 0 0 0 0 0 0 0 0 0 0 0 
1283 10 0 0 0 0 0 0 0 0 0 0 0 
1284 10 0 0 0 0 0 0 0 0 0 0 0 
1285 10 0 0 0 0 0 0 0 0 0 0 0 
1286 10 0 0 0 0 0 0 0 0 0 0 0 
1287 10 0 0 0 0 0 0 0 0 0 0 0 
1288 10 0 0 0 0 0 0 0 0 0 0 0 
1289 10 0 0 0 0 0 0 0 0 0 0 0 
1290 10 0 0 0 0 0 0 0 0 0 0 0 
1291 10 0 0 0 0 0 0 0 0 0 0 0 
1292 10 0 0 0 0 0 0 0 0 0 0 0 
1293 10 0 0 0 0 0 0 0 0 0 0 0 
1294 10 0 0 0 0 0 0 0 0 0 0 0 
1295 10 0 0 0 0 0 0 0 0 0 0 0 
1296 10 0 0 0 0 0 0 0 0 0 0 0 
1297 10 0 0 0 0 0 0 0 0 0 0 0 
1298 10 0 0 0 0 0 0 0 0 0 0 0 
1299 10 0 0 0 0 0 0 0 0 0 0 0 
1300 10 0 0 0 0 0 0 0 0 0 0 0 
1301 10 0 0 0 0 0 0 0 0 0 0 0 
1302 10 0 0 0 0 0 0 0 0 0 0 0 
1303 10 0 0 0 0 0 0 0 0 0 0 0 
1304 10 0 0 0 0 0 0 0 0 0 0 0 
1305 10 0 0 0 0 0 0 0 0 0 0 0 
1306 10 0 0 0 0 0 0 0 0 0 0 0 
1307 10 0 0 0 0 0 0 0 0 0 0 0 
1308 10 0 0 0 0 0 0 0 0 0 0 0 
1309 10 0 0 0 0 0 0 0 0 0 0 0 
1310 10 0 0 0 0 0 0 0 0 0 0 0 
1311 10 0 0 0 0 0 0 0 0 0 0 0 
1312 10 0 0 0 0 0 0 0 0 0 0 0 
1313 10 0 0 0 0 0 0 0 0 0 0 0 
1314 10 0 0 0 0 0 0 0 0 0 0 0 
1315 10 0 0 0 0 0 0 0 0 0 0 0 
1316 10 0 0 0 0 0 0 0 0 0 0 0 
1317 10 0 0 0 0 0 0 0 0 0 0 0 
1318 10 0 0 0 0 0 0 0 0 0 0 0 
1319 10 0 0 0 0 0 0 0 0 0 0 0 
1320 10 0 0 0 0 0 0 0 0 0 0 0 
1321 10 0 0 0 0 0 0 0 0 0 0 0 
1322 10 0 0 0 0 0 0 0 0 0 0 0 
1323 10 0 0 0 0 0 0 0 0 0 0 0 
1324 10 0 0 0 0 0 0 0 0 0 0 0 
1325 10 0 0 0 0 0 0 0 0 0 0 0 
1326 10 0 0 0 0 0 0 0 0 0 0 0 
1327 10 0 0 0 0 0 0 0 0 0 0 0 
1328 10 0 0 0 0 0 0 0 0 0 0 0 
1329 10 0 0 0 0 0 0 0 0 0 0 0 
1330 10 0 0 0 0 0 0 0 0 0 0 0 
1331 10 0 0 0 0 0 0 0 0 0 0 0 
1332 10 0 0 0 0 0 0 0 0 0 0 0 
1333 10 0 0 0 0 0 0 0 0 0 0 0 
1334 10 0 0 0 0 0 0 0 0 0 0 0 
1335 10 0 0 0 0 0 0 0 0 0 0 0 
1336 10 0 0 0 0 0 0 0 0 0 0 0 
1337 10 0 0 0 0 0 0 0 0 0 0 0 
1338 10 0 0 0 0 0 0 0 0 0 0 0 
1339 10 0 0 0 0 0 0 0 0 0 0 0 
1340 10 0 0 0 0 0 0 0 0 0 0 0 
1341 10 0 0 0 0 0 0 0 0 0 0 0 
1342 10 0 0 0 0 0 0 0 0 0 0 0 
1343 10 26 0 0 0 0 0 0 0 0 0 0 
1344 10 27 0 0 0 0 0 0 0 0 0 0 
1345 10 0 0 0 0 0 0 0 0 0 0 0 
1346 10 0 0 0 0 0 0 0 0 0 0 0 
1347 10 0 0 0 0 0 0 0 0 0 0 0 
1348 10 0 0 0 0 0 0 0 0 0 0 0 
1349 10 0 0 0 0 0 0 0 0 0 0 0 
1350 10 0 0 0 0 0 0 0 0 0 0 0 
1351 10 0 0 0 0 0 0 0 0 0 0 0 
1352 10 0 0 0 0 0 0 0 0 0 0 0 
1353 10 0 0 0 0 0 0 0 0 0 0 0 
1354 10 0 0 0 0 0 0 0 0 0 0 0 
1355 10 0 0 0 0 0 0 0 0 0 0 0 
1356 10 0 0 0 0 0 0 0 0 0 0 0 
1357 10 0 0 0 0 0 0 0 0 0 0 0 
1358 10 0 0 0 0 0 0 0 0 0 0 0 
1359 10 0 0 0 0 0 0 0 0 0 0 0 
1360 10 0 0 0 0 0 0 0 0 0 0 0 
1361 10 0 0 0 0 0 0 0 0 0 0 0 
1362 10 0 0 0 0 0 0 0 0 0 0 0 
1363 10 0 0 0 0 0 0 0 0 0 0 0 
1364 10 0 0 0 0 0 0 0 0 0 0 0 
1365 10 0 0 0 0 0 0 0 0 0 0 0 
1366 10 0 0 0 0 0 0 0 0 0 0 0 
1367 10 0 0 0 0 0 0 0 0 0 0 0 
1368 10 0 0 0 0 0 0 0 0 0 0 0 
1369 10 0 0 0 0 0 0 0 0 0 0 0 
1370 10 0 0 0 0 0 0 0 0 0 0 0 
1371 10 0 0 0 0 0 0 0 0 0 0 0 
1372 10 0 0 0 0 0 0 0 0 0 0 0 
1373 10 0 0 0 0 0 0 0 0 0 0 0 
1374 10 0 0 0 0 0 0 0 0 0 0 0 
1375 10 0 0 0 0 0 0 0 0 0 0 0 
1376 10 0 0 0 0 0 0 0 0 0 0 0 
1377 10 0 0 0 0 0 0 0 0 0 0 0 
1378 10 0 0 0 0 0 0 0 0 0 0 0 
1379 10 0 0 0 0 0 0 0 0 0 0 0 
1380 10 0 0 0 0 0 0 0 0 0 0 0 
1381 10 0 0 0 0 0 0 0 0 0 0 0 
1382 10 0 0 0 0 0 0 0 0 0 0 0 
1383 10 0 0 0 0 0 0 0 0 0 0 0 
1384 10 0 0 0 0 0 0 0 0 0 0 0 
1385 10 0 0 0 0 0 0 0 0 0 0 0 
1386 10 0 0 0 0 0 0 0 0 0 0 0 
1387 10 0 0 0 0 0 0 0 0 0 0 0 
1388 10 0 0 0 0 0 0 0 0 0 0 0 
1389 10 0 0 0 0 0 0 0 0 0 0 0 
1390 10 0 0 0 0 0 0 0 0 0 0 0 
1391 10 0 0 0 0 0 0 0 0 0 0 0 
1392 10 0 0 0 0 0 0 0 0 0 0 0 
1393 10 0 0 0 0 0 0 0 0 0 0 0 
1394 10 0 0 0 0 0 0 0 0 0 0 0 
1395 10 0 0 0 0 0 0 0 0 0 0 0 
1396 10 0 0 0 0 0 0 0 0 0 0 0 
1397 10 0 0 0 0 0 0 0 0 0 0 0 
1398 10 0 0 0 0 0 0 0 0 0 0 0 
1399 10 0 0 0 0 0 0 0 0 0 0 0 
1400 10 0 0 0 0 0 0 0 0 0 0 0 
1401 10 0 0 0 0 0 0 0 0 0 0 0 
1402 10 0 0 0 0 0 0 0 0 0 0 0 
1403 10 0 0 0 0 0 0 0 0 0 0 0 
1404 10 0 0 0 0 0 0 0 0 0 0 0 
1405 10 0 0 0 0 0 0 0 0 0 0 0 
1406 10 0 0 0 0 0 0 0 0 0 0 0 
1407 10 0 0 0 0 0 0 0 0 0 0 0 
1408 10 0 0 0 0 0 0 0 0 0 0 0 
1409 10 0 0 0 0 0 0 0 0 0 0 0 
1410 10 0 0 0 0 0 0 0 0 0 0 0 
1411 10 0 0 0 0 0 0 0 0 0 0 0 
1412 10 0 0 0 0 0 0 0 0 0 0 0 
1413 10 0 0 0 0 0 0 0 0 0 0 0 
1414 10 0 0 0 0 0 0 0 0 0 0 0 
1415 10 0 0 0 0 0 0 0 0 0 0 0 
1416 10 0 0 0 0 0 0 0 0 0 0 0 
1417 10 0 0 0 0 0 0 0 0 0 0 0 
1418 10 0 0 0 0 0 0 0 0 0 0 0 
1419 10 0 0 0 0 0 0 0 0 0 0 0 
1420 10 0 0 0 0 0 0 0 0 0 0 0 
1421 10 0 0 0 0 0 0 0 0 0 0 0 
1422 10 0 0 0 0 0 0 0 0 0 0 0 
1423 10 0 0 0 0 0 0 0 0 0 0 0 
1424 10 0 0 0 0 0 0 0 0 0 0 0 
1425 10 0 0 0 0 0 0 0 0 0 0 0 
1426 10 0 0 0 0 0 0 0 0 0 0 0 
1427 10 0 0 0 0 0 0 0 0 0 0 0 
1428 10 0 0 0 0 0 0 0 0 0 0 0 
1429 10 0 0 0 0 0 0 0 0 0 0 0 
1430 10 0 0 0 0 0 0 0 0 0 0 0 
1431 10 0 0 0 0 0 0 0 0 0 0 0 
1432 10 0 0 0 0 0 0 0 0 0 0 0 
1433 10 0 0 0 0 0 0 0 0 0 0 0 
1434 10 0 0 0 0 0 0 0 0 0 0 0 
1435 10 0 0 0 0 0 0 0 0 0 0 0 
1436 10 0 0 0 0 0 0 0 0 0 0 0 
1437 10 0 0 0 0 0 0 0 0 0 0 0 
1438 10 0 0 0 0 0 0 0 0 0 0 0 
1439 10 0 0 0 0 0 0 0 0 0 0 0 
1440 10 0 0 0 0 0 0 0 0 0 0 0 
1441 10 0 0 0 0 0 0 0 0 0 0 0 
1442 10 0 0 0 0 0 0 0 0 0 0 0 
1443 10 0 0 0 0 0 0 0 0 0 0 0 
1444 10 0 0 0 0 0 0 0 0 0 0 0 
1445 10 0 0 0 0 0 0 0 0 0 0 0 
1446 10 0 0 0 0 0 0 0 0 0 0 0 
1447 10 0 0 0 0 0 0 0 0 0 0 0 
1448 10 0 0 0 0 0 0 0 0 0 0 0 
1449 10 0 0 0 0 0 0 0 0 0 0 0 
1450 10 0 0 0 0 0 0 0 0 0 0 0 
1451 10 0 0 0 0 0 0 0 0 0 0 0 
1452 10 0 0 0 0 0 0 0 0 0 0 0 
1453 10 0 0 0 0 0 0 0 0 0 0 0 
1454 10 0 0 0 0 0 0 0 0 0 0 0 
1455 10 0 0 0 0 0 0 0 0 0 0 0 
1456 10 0 0 0 0 0 0 0 0 0 0 0 
1457 10 0 0 0 0 0 0 0 0 0 0 0 
1458 10 0 0 0 0 0 0 0 0 0 0 0 
1459 10 0 0 0 0 0 0 0 0 0 0 0 
1460 10 0 0 0 0 0 0 0 0 0 0 0 
1461 10 0 0 0 0 0 0 0 0 0 0 0 
1462 10 0 0 0 0 0 0 0 0 0 0 0 
1463 10 0 0 0 0 0 0 0 0 0 0 0 
1464 10 0 0 0 0 0 0 0 0 0 0 0 
1465 10 0 0 0 0 0 0 0 0 0 0 0 
1466 10 0 0 0 0 0 0 0 0 0 0 0 
1467 10 0 0 0 0 0 0 0 0 0 0 0 
1468 10 0 0 0 0 0 0 0 0 0 0 0 
1469 10 0 0 0 0 0 0 0 0 0 0 0 
1470 10 0 0 0 0 0 0 0 0 0 0 0 
1471 10 0 0 0 0 0 0 0 0 0 0 0 
1472 10 0 0 0 0 0 0 0 0 0 0 0 
1473 10 0 0 0 0 0 0 0 0 0 0 0 
1474 10 0 0 0 0 0 0 0 0 0 0 0 
1475 10 41 0 0 0 0 0 0 0 0 0 0 
1476 10 42 0 0 0 0 0 0 0 0 0 0 
1477 10 43 0 0 0 0 0 0 0 0 0 0 
1478 10 44 0 0 0 0 0 0 0 0 0 0 
1479 10 45 0 0 0 0 0 0 0 0 0 0 
1480 10 46 0 0 0 0 0 0 0 0 0 0 
1481 10 47 0 0 0 0 0 0 0 0 0 0 
1482 10 48 0 0 0 0 0 0 0 0 0 0 
1483 10 0 0 0 0 0 0 0 0 0 0 0 
1484 10 0 0 0 0 0 0 0 0 0 0 0 
1485 10 0 0 0 0 0 0 0 0 0 0 0 
1486 10 0 0 0 0 0 0 0 0 0 0 0 
1487 10 0 0 0 0 0 0 0 0 0 0 0 
1488 10 0 0 0 0 0 0 0 0 0 0 0 
1489 10 0 0 0 0 0 0 0 0 0 0 0 
1490 10 0 0 0 0 0 0 0 0 0 0 0 
1491 10 0 0 0 0 0 0 0 0 0 0 0 
1492 10 0 0 0 0 0 0 0 0 0 0 0 
1493 10 0 0 0 0 0 0 0 0 0 0 0 
1494 10 0 0 0 0 0 0 0 0 0 0 0 
1495 10 0 0 0 0 0 0 0 0 0 0 0 
1496 10 0 0 0 0 0 0 0 0 0 0 0 
1497 10 0 0 0 0 0 0 0 0 0 0 0 
1498 10 0 0 0 0 0 0 0 0 0 0 0 
1499 10 0 0 0 0 0 0 0 0 0 0 0 
1500 10 0 0 0 0 0 0 0 0 0 0 0 
1501 10 0 0 0 0 0 0 0 0 0 0 0 
1502 10 0 0 0 0 0 0 0 0 0 0 0 
1503 10 0 0 0 0 0 0 0 0 0 0 0 
1504 10 0 0 0 0 0 0 0 0 0 0 0 
1505 10 0 0 0 0 0 0 0 0 0 0 0 
1506 10 0 0 0 0 0 0 0 0 0 0 0 
1507 10 0 0 0 0 0 0 0 0 0 0 0 
1508 10 0 0 0 0 0 0 0 0 0 0 0 
1509 10 0 0 0 0 0 0 0 0 0 0 0 
1510 10 0 0 0 0 0 0 0 0 0 0 0 
1511 10 0 0 0 0 0 0 0 0 0 0 0 
1512 10 0 0 0 0 0 0 0 0 0 0 0 
1513 10 0 0 0 0 0 0 0 0 0 0 0 
1514 10 0 0 0 0 0 0 0 0 0 0 0 
1515 10 0 0 0 0 0 0 0 0 0 0 0 
1516 10 0 0 0 0 0 0 0 0 0 0 0 
1517 10 0 0 0 0 0 0 0 0 0 0 0 
1518 10 0 0 0 0 0 0 0 0 0 0 0 
1519 10 0 0 0 0 0 0 0 0 0 0 0 
1520 10 0 0 0 0 0 0 0 0 0 0 0 
1521 10 0 0 0 0 0 0 0 0 0 0 0 
1522 10 0 0 0 0 0 0 0 0 0 0 0 
1523 10 0 0 0 0 0 0 0 0 0 0 0 
1524 10 0 0 0 0 0 0 0 0 0 0 0 
1525 10 0 0 0 0 0 0 0 0 0 0 0 
1526 10 0 0 0 0 0 0 0 0 0 0 0 
1527 10 0 0 0 0 0 0 0 0 0 0 0 
1528 10 0 0 0 0 0 0 0 0 0 0 0 
1529 10 0 0 0 0 0 0 0 0 0 0 0 
1530 10 0 0 0 0 0 0 0 0 0 0 0 
1531 10 0 0 0 0 0 0 0 0 0 0 0 
1532 10 0 0 0 0 0 0 0 0 0 0 0 
1533 10 0 0 0 0 0 0 0 0 0 0 0 
1534 10 0 0 0 0 0 0 0 0 0 0 0 
1535 10 0 0 0 0 0 0 0 0 0 0 0 
1536 10 0 0 0 0 0 0 0 0 0 0 0 
1537 10 0 0 0 0 0 0 0 0 0 0 0 
1538 10 0 0 0 0 0 0 0 0 0 0 0 
1539 10 0 0 0 0 0 0 0 0 0 0 0 
1540 10 0 0 0 0 0 0 0 0 0 0 0 
1541 10 0 0 0 0 0 0 0 0 0 0 0 
1542 10 0 0 0 0 0 0 0 0 0 0 0 
1543 10 0 0 0 0 0 0 0 0 0 0 0 
1544 10 0 0 0 0 0 0 0 0 0 0 0 
1545 10 0 0 0 0 0 0 0 0 0 0 0 
1546 10 0 0 0 0 0 0 0 0 0 0 0 
1547 10 0 0 0 0 0 0 0 0 0 0 0 
1548 10 0 0 0 0 0 0 0 0 0 0 0 
1549 10 0 0 0 0 0 0 0 0 0 0 0 
1550 10 0 0 0 0 0 0 0 0 0 0 0 
1551 10 0 0 0 0 0 0 0 0 0 0 0 
1552 10 0 0 0 0 0 0 0 0 0 0 0 
1553 10 0 0 0 0 0 0 0 0 0 0 0 
1554 10 0 0 0 0 0 0 0 0 0 0 0 
1555 10 0 0 0 0 0 0 0 0 0 0 0 
1556 10 0 0 0 0 0 0 0 0 0 0 0 
1557 10 0 0 0 0 0 0 0 0 0 0 0 
1558 10 0 0 0 0 0 0 0 0 0 0 0 
1559 10 0 0 0 0 0 0 0 0 0 0 0 
1560 10 0 0 0 0 0 0 0 0 0 0 0 
1561 10 60 0 0 0 0 0 0 0 0 0 0 
1562 10 61 0 0 0 0 0 0 0 0 0 0 
1563 10 0 0 0 0 0 0 0 0 0 0 0 
1564 10 0 0 0 0 0 0 0 0 0 0 0 
1565 10 0 0 0 0 0 0 0 0 0 0 0 
1566 10 0 0 0 0 0 0 0 0 0 0 0 
1567 10 63 0 0 0 0 0 0 0 0 0 0 
1568 10 64 0 0 0 0 0 0 0 0 0 0 
1569 10 0 0 0 0 0 0 0 0 0 0 0 
1570 10 0 0 0 0 0 0 0 0 0 0 0 
1571 10 0 0 0 0 0 0 0 0 0 0 0 
1572 10 0 0 0 0 0 0 0 0 0 0 0 
1573 10 0 0 0 0 0 0 0 0 0 0 0 
1574 10 0 0 0 0 0 0 0 0 0 0 0 
1575 10 0 0 0 0 0 0 0 0 0 0 0 
1576 10 0 0 0 0 0 0 0 0 0 0 0 
1577 10 69 0 0 0 0 0 0 0 0 0 0 
1578 10 70 0 0 0 0 0 0 0 0 0 0 
1579 10 0 0 0 0 0 0 0 0 0 0 0 
1580 10 0 0 0 0 0 0 0 0 0 0 0 
1581 10 0 0 0 0 0 0 0 0 0 0 0 
1582 10 0 0 0 0 0 0 0 0 0 0 0 
1583 10 0 0 0 0 0 0 0 0 0 0 0 
1584 10 0 0 0 0 0 0 0 0 0 0 0 
1585 10 0 0 0 0 0 0 0 0 0 0 0 
1586 10 0 0 0 0 0 0 0 0 0 0 0 
1587 10 0 0 0 0 0 0 0 0 0 0 0 
1588 10 0 0 0 0 0 0 0 0 0 0 0 
1589 10 0 0 0 0 0 0 0 0 0 0 0 
1590 10 0 0 0 0 0 0 0 0 0 0 0 
1591 10 0 0 0 0 0 0 0 0 0 0 0 
1592 10 0 0 0 0 0 0 0 0 0 0 0 
1593 10 0 0 0 0 0 0 0 0 0 0 0 
1594 10 0 0 0 0 0 0 0 0 0 0 0 
1595 10 0 0 0 0 0 0 0 0 0 0 0 
1596 10 0 0 0 0 0 0 0 0 0 0 0 
1597 10 0 0 0 0 0 0 0 0 0 0 0 
1598 10 0 0 0 0 0 0 0 0 0 0 0 
1599 10 0 0 0 0 0 0 0 0 0 0 0 
1600 10 0 0 0 0 0 0 0 0 0 0 0 
1601 10 0 0 0 0 0 0 0 0 0 0 0 
1602 10 0 0 0 0 0 0 0 0 0 0 0 
1603 10 0 0 0 0 0 0 0 0 0 0 0 
1604 10 0 0 0 0 0 0 0 0 0 0 0 
1605 10 0 0 0 0 0 0 0 0 0 0 0 
1606 10 0 0 0 0 0 0 0 0 0 0 0 
1607 10 0 0 0 0 0 0 0 0 0 0 0 
1608 10 0 0 0 0 0 0 0 0 0 0 0 
1609 10 0 0 0 0 0 0 0 0 0 0 0 
1610 10 0 0 0 0 0 0 0 0 0 0 0 
1611 10 0 0 0 0 0 0 0 0 0 0 0 
1612 10 0 0 0 0 0 0 0 0 0 0 0 
1613 10 0 0 0 0 0 0 0 0 0 0 0 
1614 10 0 0 0 0 0 0 0 0 0 0 0 
1615 10 0 0 0 0 0 0 0 0 0 0 0 
1616 10 0 0 0 0 0 0 0 0 0 0 0 
1617 10 0 0 0 0 0 0 0 0 0 0 0 
1618 10 0 0 0 0 0 0 0 0 0 0 0 
1619 10 0 0 0 0 0 0 0 0 0 0 0 
1620 10 0 0 0 0 0 0 0 0 0 0 0 
1621 10 0 0 0 0 0 0 0 0 0 0 0 
1622 10 0 0 0 0 0 0 0 0 0 0 0 
1623 10 0 0 0 0 0 0 0 0 0 0 0 
1624 10 0 0 0 0 0 0 0 0 0 0 0 
1625 10 0 0 0 0 0 0 0 0 0 0 0 
1626 10 0 0 0 0 0 0 0 0 0 0 0 
1627 10 0 0 0 0 0 0 0 0 0 0 0 
1628 10 0 0 0 0 0 0 0 0 0 0 0 
1629 10 0 0 0 0 0 0 0 0 0 0 0 
1630 10 0 0 0 0 0 0 0 0 0 0 0 
1631 10 0 0 0 0 0 0 0 0 0 0 0 
1632 10 0 0 0 0 0 0 0 0 0 0 0 
1633 10 0 0 0 0 0 0 0 0 0 0 0 
1634 10 0 0 0 0 0 0 0 0 0 0 0 
1635 10 0 0 0 0 0 0 0 0 0 0 0 
1636 10 0 0 0 0 0 0 0 0 0 0 0 
1637 10 0 0 0 0 0 0 0 0 0 0 0 
1638 10 0 0 0 0 0 0 0 0 0 0 0 
1639 10 0 0 0 0 0 0 0 0 0 0 0 
1640 10 0 0 0 0 0 0 0 0 0 0 0 
1641 10 0 0 0 0 0 0 0 0 0 0 0 
1642 10 0 0 0 0 0 0 0 0 0 0 0 
1643 10 0 0 0 0 0 0 0 0 0 0 0 
1644 10 0 0 0 0 0 0 0 0 0 0 0 
1645 10 0 0 0 0 0 0 0 0 0 0 0 
1646 10 0 0 0 0 0 0 0 0 0 0 0 
1647 10 0 0 0 0 0 0 0 0 0 0 0 
1648 10 0 0 0 0 0 0 0 0 0 0 0 
1649 10 0 0 0 0 0 0 0 0 0 0 0 
1650 10 0 0 0 0 0 0 0 0 0 0 0 
1651 10 0 0 0 0 0 0 0 0 0 0 0 
1652 10 0 0 0 0 0 0 0 0 0 0 0 
1653 10 0 0 0 0 0 0 0 0 0 0 0 
1654 10 0 0 0 0 0 0 0 0 0 0 0 
1655 10 0 0 0 0 0 0 0 0 0 0 0 
1656 10 0 0 0 0 0 0 0 0 0 0 0 
1657 10 0 0 0 0 0 0 0 0 0 0 0 
1658 10 0 0 0 0 0 0 0 0 0 0 0 
1659 10 0 0 0 0 0 0 0 0 0 0 0 
1660 10 0 0 0 0 0 0 0 0 0 0 0 
1661 10 0 0 0 0 0 0 0 0 0 0 0 
1662 10 0 0 0 0 0 0 0 0 0 0 0 
1663 10 0 0 0 0 0 0 0 0 0 0 0 
1664 10 0 0 0 0 0 0 0 0 0 0 0 
1665 10 0 0 0 0 0 0 0 0 0 0 0 
1666 10 0 0 0 0 0 0 0 0 0 0 0 
1667 10 0 0 0 0 0 0 0 0 0 0 0 
1668 10 0 0 0 0 0 0 0 0 0 0 0 
1669 10 0 0 0 0 0 0 0 0 0 0 0 
1670 10 0 0 0 0 0 0 0 0 0 0 0 
1671 10 0 0 0 0 0 0 0 0 0 0 0 
1672 10 0 0 0 0 0 0 0 0 0 0 0 
1673 10 0 0 0 0 0 0 0 0 0 0 0 
1674 10 0 0 0 0 0 0 0 0 0 0 0 
1675 10 0 0 0 0 0 0 0 0 0 0 0 
1676 10 0 0 0 0 0 0 0 0 0 0 0 
1677 10 0 0 0 0 0 0 0 0 0 0 0 
1678 10 0 0 0 0 0 0 0 0 0 0 0 
1679 10 0 0 0 0 0 0 0 0 0 0 0 
1680 10 0 0 0 0 0 0 0 0 0 0 0 
1681 10 0 0 0 0 0 0 0 0 0 0 0 
1682 10 0 0 0 0 0 0 0 0 0 0 0 
1683 10 0 0 0 0 0 0 0 0 0 0 0 
1684 10 0 0 0 0 0 0 0 0 0 0 0 
1685 10 0 0 0 0 0 0 0 0 0 0 0 
1686 10 0 0 0 0 0 0 0 0 0 0 0 
1687 10 0 0 0 0 0 0 0 0 0 0 0 
1688 10 0 0 0 0 0 0 0 0 0 0 0 
1689 10 0 0 0 0 0 0 0 0 0 0 0 
1690 10 0 0 0 0 0 0 0 0 0 0 0 
1691 10 0 0 0 0 0 0 0 0 0 0 0 
1692 10 0 0 0 0 0 0 0 0 0 0 0 
1693 10 0 0 0 0 0 0 0 0 0 0 0 
1694 10 0 0 0 0 0 0 0 0 0 0 0 
1695 10 0 0 0 0 0 0 0 0 0 0 0 
1696 10 0 0 0 0 0 0 0 0 0 0 0 
1697 10 0 0 0 0 0 0 0 0 0 0 0 
1698 10 0 0 0 0 0 0 0 0 0 0 0 
1699 10 0 0 0 0 0 0 0 0 0 0 0 
1700 10 0 0 0 0 0 0 0 0 0 0 0 
1701 10 0 0 0 0 0 0 0 0 0 0 0 
1702 10 0 0 0 0 0 0 0 0 0 0 0 
1703 10 0 0 0 0 0 0 0 0 0 0 0 
1704 10 0 0 0 0 0 0 0 0 0 0 0 
1705 10 0 0 0 0 0 0 0 0 0 0 0 
1706 10 0 0 0 0 0 0 0 0 0 0 0 
1707 10 0 0 0 0 0 0 0 0 0 0 0 
1708 10 0 0 0 0 0 0 0 0 0 0 0 
1709 10 0 0 0 0 0 0 0 0 0 0 0 
1710 10 0 0 0 0 0 0 0 0 0 0 0 
1711 10 0 0 0 0 0 0 0 0 0 0 0 
1712 10 0 0 0 0 0 0 0 0 0 0 0 
1713 10 0 0 0 0 0 0 0 0 0 0 0 
1714 10 0 0 0 0 0 0 0 0 0 0 0 
1715 10 0 0 0 0 0 0 0 0 0 0 0 
1716 10 0 0 0 0 0 0 0 0 0 0 0 
1717 10 0 0 0 0 0 0 0 0 0 0 0 
1718 10 0 0 0 0 0 0 0 0 0 0 0 
1719 10 0 0 0 0 0 0 0 0 0 0 0 
1720 10 0 0 0 0 0 0 0 0 0 0 0 
1721 10 0 0 0 0 0 0 0 0 0 0 0 
1722 10 0 0 0 0 0 0 0 0 0 0 0 
1723 10 0 0 0 0 0 0 0 0 0 0 0 
1724 10 0 0 0 0 0 0 0 0 0 0 0 
1725 10 0 0 0 0 0 0 0 0 0 0 0 
1726 10 0 0 0 0 0 0 0 0 0 0 0 
1727 10 0 0 0 0 0 0 0 0 0 0 0 
1728 10 0 0 0 0 0 0 0 0 0 0 0 
1729 10 0 0 0 0 0 0 0 0 0 0 0 
1730 10 0 0 0 0 0 0 0 0 0 0 0 
1731 10 0 0 0 0 0 0 0 0 0 0 0 
1732 10 0 0 0 0 0 0 0 0 0 0 0 
1733 10 0 0 0 0 0 0 0 0 0 0 0 
1734 10 0 0 0 0 0 0 0 0 0 0 0 
1735 10 0 0 0 0 0 0 0 0 0 0 0 
1736 10 0 0 0 0 0 0 0 0 0 0 0 
1737 10 0 0 0 0 0 0 0 0 0 0 0 
1738 10 0 0 0 0 0 0 0 0 0 0 0 
1739 10 0 0 0 0 0 0 0 0 0 0 0 
1740 10 0 0 0 0 0 0 0 0 0 0 0 
1741 10 0 0 0 0 0 0 0 0 0 0 0 
1742 10 0 0 0 0 0 0 0 0 0 0 0 
1743 10 0 0 0 0 0 0 0 0 0 0 0 
1744 10 0 0 0 0 0 0 0 0 0 0 0 
1745 10 0 0 0 0 0 0 0 0 0 0 0 
1746 10 0 0 0 0 0 0 0 0 0 0 0 
1747 10 0 0 0 0 0 0 0 0 0 0 0 
1748 10 0 0 0 0 0 0 0 0 0 0 0 
1749 10 0 0 0 0 0 0 0 0 0 0 0 
1750 10 0 0 0 0 0 0 0 0 0 0 0 
1751 10 0 0 0 0 0 0 0 0 0 0 0 
1752 10 0 0 0 0 0 0 0 0 0 0 0 
1753 10 0 0 0 0 0 0 0 0 0 0 0 
1754 10 0 0 0 0 0 0 0 0 0 0 0 
1755 10 0 0 0 0 0 0 0 0 0 0 0 
1756 10 0 0 0 0 0 0 0 0 0 0 0 
1757 10 0 0 0 0 0 0 0 0 0 0 0 
1758 10 0 0 0 0 0 0 0 0 0 0 0 
1759 10 0 0 0 0 0 0 0 0 0 0 0 
1760 10 0 0 0 0 0 0 0 0 0 0 0 
1761 10 0 0 0 0 0 0 0 0 0 0 0 
1762 10 0 0 0 0 0 0 0 0 0 0 0 
1763 10 0 0 0 0 0 0 0 0 0 0 0 
1764 10 0 0 0 0 0 0 0 0 0 0 0 
1765 10 0 0 0 0 0 0 0 0 0 0 0 
1766 10 0 0 0 0 0 0 0 0 0 0 0 
1767 10 0 0 0 0 0 0 0 0 0 0 0 
1768 10 0 0 0 0 0 0 0 0 0 0 0 
1769 10 82 0 0 0 0 0 0 0 0 0 0 
1770 10 83 0 0 0 0 0 0 0 0 0 0 
1771 10 0 0 0 0 0 0 0 0 0 0 0 
1772 10 0 0 0 0 0 0 0 0 0 0 0 
1773 10 0 0 0 0 0 0 0 0 0 0 0 
1774 10 0 0 0 0 0 0 0 0 0 0 0 
1775 10 0 0 0 0 0 0 0 0 0 0 0 
1776 10 0 0 0 0 0 0 0 0 0 0 0 
1777 10 86 0 0 0 0 0 0 0 0 0 0 
1778 10 87 0 0 0 0 0 0 0 0 0 0 
1779 10 0 0 0 0 0 0 0 0 0 0 0 
1780 10 0 0 0 0 0 0 0 0 0 0 0 
1781 10 0 0 0 0 0 0 0 0 0 0 0 
1782 10 0 0 0 0 0 0 0 0 0 0 0 
1783 10 0 0 0 0 0 0 0 0 0 0 0 
1784 10 0 0 0 0 0 0 0 0 0 0 0 
1785 10 0 0 0 0 0 0 0 0 0 0 0 
1786 10 0 0 0 0 0 0 0 0 0 0 0 
1787 10 0 0 0 0 0 0 0 0 0 0 0 
1788 10 0 0 0 0 0 0 0 0 0 0 0 
1789 10 0 0 0 0 0 0 0 0 0 0 0 
1790 10 0 0 0 0 0 0 0 0 0 0 0 
1791 10 0 0 0 0 0 0 0 0 0 0 0 
1792 10 0 0 0 0 0 0 0 0 0 0 0 
1793 10 0 0 0 0 0 0 0 0 0 0 0 
1794 10 0 0 0 0 0 0 0 0 0 0 0 
1795 10 0 0 0 0 0 0 0 0 0 0 0 
1796 10 0 0 0 0 0 0 0 0 0 0 0 
1797 10 0 0 0 0 0 0 0 0 0 0 0 
1798 10 0 0 0 0 0 0 0 0 0 0 0 
1799 10 0 0 0 0 0 0 0 0 0 0 0 
1800 10 0 0 0 0 0 0 0 0 0 0 0 
1801 10 94 0 0 0 0 0 0 0 0 0 0 
1802 10 95 0 0 0 0 0 0 0 0 0 0 
1803 10 96 0 0 0 0 0 0 0 0 0 0 
1804 10 97 0 0 0 0 0 0 0 0 0 0 
1805 10 0 0 0 0 0 0 0 0 0 0 0 
1806 10 0 0 0 0 0 0 0 0 0 0 0 
1807 10 0 0 0 0 0 0 0 0 0 0 0 
1808 10 0 0 0 0 0 0 0 0 0 0 0 
1809 10 0 0 0 0 0 0 0 0 0 0 0 
1810 10 0 0 0 0 0 0 0 0 0 0 0 
1811 10 0 0 0 0 0 0 0 0 0 0 0 
1812 10 0 0 0 0 0 0 0 0 0 0 0 
1813 10 0 0 0 0 0 0 0 0 0 0 0 
1814 10 0 0 0 0 0 0 0 0 0 0 0 
1815 10 0 0 0 0 0 0 0 0 0 0 0 
1816 10 0 0 0 0 0 0 0 0 0 0 0 
1817 10 0 0 0 0 0 0 0 0 0 0 0 
1818 10 0 0 0 0 0 0 0 0 0 0 0 
1819 10 0 0 0 0 0 0 0 0 0 0 0 
1820 10 0 0 0 0 0 0 0 0 0 0 0 
1821 10 0 0 0 0 0 0 0 0 0 0 0 
1822 10 0 0 0 0 0 0 0 0 0 0 0 
1823 10 0 0 0 0 0 0 0 0 0 0 0 
1824 10 0 0 0 0 0 0 0 0 0 0 0 
1825 10 0 0 0 0 0 0 0 0 0 0 0 
1826 10 0 0 0 0 0 0 0 0 0 0 0 
1827 10 0 0 0 0 0 0 0 0 0 0 0 
1828 10 0 0 0 0 0 0 0 0 0 0 0 
1829 10 0 0 0 0 0 0 0 0 0 0 0 
1830 10 0 0 0 0 0 0 0 0 0 0 0 
1831 10 0 0 0 0 0 0 0 0 0 0 0 
1832 10 0 0 0 0 0 0 0 0 0 0 0 
1833 10 0 0 0 0 0 0 0 0 0 0 0 
1834 10 0 0 0 0 0 0 0 0 0 0 0 
1835 10 0 0 0 0 0 0 0 0 0 0 0 
1836 10 0 0 0 0 0 0 0 0 0 0 0 
1837 10 0 0 0 0 0 0 0 0 0 0 0 
1838 10 0 0 0 0 0 0 0 0 0 0 0 
1839 10 0 0 0 0 0 0 0 0 0 0 0 
1840 10 0 0 0 0 0 0 0 0 0 0 0 
1841 10 0 0 0 0 0 0 0 0 0 0 0 
1842 10 0 0 0 0 0 0 0 0 0 0 0 
1843 10 0 0 0 0 0 0 0 0 0 0 0 
1844 10 0 0 0 0 0 0 0 0 0 0 0 
1845 10 0 0 0 0 0 0 0 0 0 0 0 
1846 10 0 0 0 0 0 0 0 0 0 0 0 
1847 10 0 0 0 0 0 0 0 0 0 0 0 
1848 10 0 0 0 0 0 0 0 0 0 0 0 
1849 10 0 0 0 0 0 0 0 0 0 0 0 
1850 10 0 0 0 0 0 0 0 0 0 0 0 
1851 10 0 0 0 0 0 0 0 0 0 0 0 
1852 10 0 0 0 0 0 0 0 0 0 0 0 
1853 10 0 0 0 0 0 0 0 0 0 0 0 
1854 10 0 0 0 0 0 0 0 0 0 0 0 
1855 10 0 0 0 0 0 0 0 0 0 0 0 
1856 10 0 0 0 0 0 0 0 0 0 0 0 
1857 10 0 0 0 0 0 0 0 0 0 0 0 
1858 10 0 0 0 0 0 0 0 0 0 0 0 
1859 10 0 0 0 0 0 0 0 0 0 0 0 
1860 10 0 0 0 0 0 0 0 0 0 0 0 
1861 10 0 0 0 0 0 0 0 0 0 0 0 
1862 10 0 0 0 0 0 0 0 0 0 0 0 
1863 10 0 0 0 0 0 0 0 0 0 0 0 
1864 10 0 0 0 0 0 0 0 0 0 0 0 
1865 10 0 0 0 0 0 0 0 0 0 0 0 
1866 10 0 0 0 0 0 0 0 0 0 0 0 
1867 10 0 0 0 0 0 0 0 0 0 0 0 
1868 10 0 0 0 0 0 0 0 0 0 0 0 
1869 10 0 0 0 0 0 0 0 0 0 0 0 
1870 10 0 0 0 0 0 0 0 0 0 0 0 
1871 10 0 0 0 0 0 0 0 0 0 0 0 
1872 10 0 0 0 0 0 0 0 0 0 0 0 
1873 10 0 0 0 0 0 0 0 0 0 0 0 
1874 10 0 0 0 0 0 0 0 0 0 0 0 
1875 10 0 0 0 0 0 0 0 0 0 0 0 
1876 10 0 0 0 0 0 0 0 0 0 0 0 
1877 10 0 0 0 0 0 0 0 0 0 0 0 
1878 10 0 0 0 0 0 0 0 0 0 0 0 
1879 10 0 0 0 0 0 0 0 0 0 0 0 
1880 10 0 0 0 0 0 0 0 0 0 0 0 
1881 10 0 0 0 0 0 0 0 0 0 0 0 
1882 10 0 0 0 0 0 0 0 0 0 0 0 
1883 10 0 0 0 0 0 0 0 0 0 0 0 
1884 10 0 0 0 0 0 0 0 0 0 0 0 
1885 10 0 0 0 0 0 0 0 0 0 0 0 
1886 10 0 0 0 0 0 0 0 0 0 0 0 
1887 10 0 0 0 0 0 0 0 0 0 0 0 
1888 10 0 0 0 0 0 0 0 0 0 0 0 
1889 10 0 0 0 0 0 0 0 0 0 0 0 
1890 10 0 0 0 0 0 0 0 0 0 0 0 
1891 10 0 0 0 0 0 0 0 0 0 0 0 
1892 10 0 0 0 0 0 0 0 0 0 0 0 
1893 10 0 0 0 0 0 0 0 0 0 0 0 
1894 10 0 0 0 0 0 0 0 0 0 0 0 
1895 10 0 0 0 0 0 0 0 0 0 0 0 
1896 10 0 0 0 0 0 0 0 0 0 0 0 
1897 10 0 0 0 0 0 0 0 0 0 0 0 
1898 10 0 0 0 0 0 0 0 0 0 0 0 
1899 10 0 0 0 0 0 0 0 0 0 0 0 
1900 10 0 0 0 0 0 0 0 0 0 0 0 
1901 10 0 0 0 0 0 0 0 0 0 0 0 
1902 10 0 0 0 0 0 0 0 0 0 0 0 
1903 10 0 0 0 0 0 0 0 0 0 0 0 
1904 10 0 0 0 0 0 0 0 0 0 0 0 
1905 10 0 0 0 0 0 0 0 0 0 0 0 
1906 10 0 0 0 0 0 0 0 0 0 0 0 
1907 10 0 0 0 0 0 0 0 0 0 0 0 
1908 10 0 0 0 0 0 0 0 0 0 0 0 
1909 10 0 0 0 0 0 0 0 0 0 0 0 
1910 10 0 0 0 0 0 0 0 0 0 0 0 
1911 10 0 0 0 0 0 0 0 0 0 0 0 
1912 10 0 0 0 0 0 0 0 0 0 0 0 
1913 10 0 0 0 0 0 0 0 0 0 0 0 
1914 10 0 0 0 0 0 0 0 0 0 0 0 
1915 10 0 0 0 0 0 0 0 0 0 0 0 
1916 10 0 0 0 0 0 0 0 0 0 0 0 
1917 10 0 0 0 0 0 0 0 0 0 0 0 
1918 10 0 0 0 0 0 0 0 0 0 0 0 
1919 10 106 0 0 0 0 0 0 0 0 0 0 
1920 10 107 0 0 0 0 0 0 0 0 0 0 
1921 10 108 0 0 0 0 0 0 0 0 0 0 
1922 10 109 0 0 0 0 0 0 0 0 0 0 
1923 10 0 0 0 0 0 0 0 0 0 0 0 
1924 10 0 0 0 0 0 0 0 0 0 0 0 
1925 10 111 0 0 0 0 0 0 0 0 0 0 
1926 10 112 0 0 0 0 0 0 0 0 0 0 
1927 10 0 0 0 0 0 0 0 0 0 0 0 
1928 10 0 0 0 0 0 0 0 0 0 0 0 
1929 10 0 0 0 0 0 0 0 0 0 0 0 
1930 10 0 0 0 0 0 0 0 0 0 0 0 
1931 10 0 0 0 0 0 0 0 0 0 0 0 
1932 10 0 0 0 0 0 0 0 0 0 0 0 
1933 10 0 0 0 0 0 0 0 0 0 0 0 
1934 10 0 0 0 0 0 0 0 0 0 0 0 
1935 10 114 0 0 0 0 0 0 0 0 0 0 
1936 10 115 0 0 0 0 0 0 0 0 0 0 
1937 10 116 0 0 0 0 0 0 0 0 0 0 
1938 10 117 0 0 0 0 0 0 0 0 0 0 
1939 10 0 0 0 0 0 0 0 0 0 0 0 
1940 10 0 0 0 0 0 0 0 0 0 0 0 
1941 10 0 0 0 0 0 0 0 0 0 0 0 
1942 10 0 0 0 0 0 0 0 0 0 0 0 
1943 10 120 0 0 0 0 0 0 0 0 0 0 
1944 10 121 0 0 0 0 0 0 0 0 0 0 
1945 10 122 0 0 0 0 0 0 0 0 0 0 
1946 10 123 0 0 0 0 0 0 0 0 0 0 
1947 10 124 0 0 0 0 0 0 0 0 0 0 
1948 10 125 0 0 0 0 0 0 0 0 0 0 
1949 10 126 0 0 0 0 0 0 0 0 0 0 
1950 10 127 0 0 0 0 0 0 0 0 0 0 
1951 10 0 0 0 0 0 0 0 0 0 0 0 
1952 10 0 0 0 0 0 0 0 0 0 0 0 
1953 10 0 0 0 0 0 0 0 0 0 0 0 
1954 10 0 0 0 0 0 0 0 0 0 0 0 
1955 10 0 0 0 0 0 0 0 0 0 0 0 
1956 10 0 0 0 0 0 0 0 0 0 0 0 
1957 10 0 0 0 0 0 0 0 0 0 0 0 
1958 10 0 0 0 0 0 0 0 0 0 0 0 
1959 10 0 0 0 0 0 0 0 0 0 0 0 
1960 10 0 0 0 0 0 0 0 0 0 0 0 
1961 10 0 0 0 0 0 0 0 0 0 0 0 
1962 10 0 0 0 0 0 0 0 0 0 0 0 
1963 10 0 0 0 0 0 0 0 0 0 0 0 
1964 10 0 0 0 0 0 0 0 0 0 0 0 
1965 10 0 0 0 0 0 0 0 0 0 0 0 
1966 10 0 0 0 0 0 0 0 0 0 0 0 
1967 10 0 0 0 0 0 0 0 0 0 0 0 
1968 10 0 0 0 0 0 0 0 0 0 0 0 
1969 10 0 0 0 0 0 0 0 0 0 0 0 
1970 10 0 0 0 0 0 0 0 0 0 0 0 
1971 10 0 0 0 0 0 0 0 0 0 0 0 
1972 10 0 0 0 0 0 0 0 0 0 0 0 
1973 10 0 0 0 0 0 0 0 0 0 0 0 
1974 10 0 0 0 0 0 0 0 0 0 0 0 
1975 10 0 0 0 0 0 0 0 0 0 0 0 
1976 10 0 0 0 0 0 0 0 0 0 0 0 
1977 10 0 0 0 0 0 0 0 0 0 0 0 
1978 10 0 0 0 0 0 0 0 0 0 0 0 
1979 10 0 0 0 0 0 0 0 0 0 0 0 
1980 10 0 0 0 0 0 0 0 0 0 0 0 
1981 10 0 0 0 0 0 0 0 0 0 0 0 
1982 10 0 0 0 0 0 0 0 0 0 0 0 
1983 10 0 0 0 0 0 0 0 0 0 0 0 
1984 10 0 0 0 0 0 0 0 0 0 0 0 
1985 10 0 0 0 0 0 0 0 0 0 0 0 
1986 10 0 0 0 0 0 0 0 0 0 0 0 
1987 10 0 0 0 0 0 0 0 0 0 0 0 
1988 10 0 0 0 0 0 0 0 0 0 0 0 
1989 10 0 0 0 0 0 0 0 0 0 0 0 
1990 10 0 0 0 0 0 0 0 0 0 0 0 
1991 10 0 0 0 0 0 0 0 0 0 0 0 
1992 10 0 0 0 0 0 0 0 0 0 0 0 
1993 10 0 0 0 0 0 0 0 0 0 0 0 
1994 10 0 0 0 0 0 0 0 0 0 0 0 
1995 10 0 0 0 0 0 0 0 0 0 0 0 
1996 10 0 0 0 0 0 0 0 0 0 0 0 
1997 10 0 0 0 0 0 0 0 0 0 0 0 
1998 10 0 0 0 0 0 0 0 0 0 0 0 
1999 10 0 0 0 0 0 0 0 0 0 0 0 
2000 10 0 0 0 0 0 0 0 0 0 0 0 
2001 10 0 0 0 0 0 0 0 0 0 0 0 
2002 10 0 0 0 0 0 0 0 0 0 0 0 
2003 10 0 0 0 0 0 0 0 0 0 0 0 
2004 10 0 0 0 0 0 0 0 0 0 0 0 
2005 10 0 0 0 0 0 0 0 0 0 0 0 
2006 10 0 0 0 0 0 0 0 0 0 0 0 
2007 10 0 0 0 0 0 0 0 0 0 0 0 
2008 10 0 0 0 0 0 0 0 0 0 0 0 
2009 10 0 0 0 0 0 0 0 0 0 0 0 
2010 10 0 0 0 0 0 0 0 0 0 0 0 
2011 10 0 0 0 0 0 0 0 0 0 0 0 
2012 10 0 0 0 0 0 0 0 0 0 0 0 
2013 10 0 0 0 0 0 0 0 0 0 0 0 
2014 10 0 0 0 0 0 0 0 0 0 0 0 
2015 10 0 0 0 0 0 0 0 0 0 0 0 
2016 10 0 0 0 0 0 0 0 0 0 0 0 
2017 10 0 0 0 0 0 0 0 0 0 0 0 
2018 10 0 0 0 0 0 0 0 0 0 0 0 
2019 10 0 0 0 0 0 0 0 0 0 0 0 
2020 10 0 0 0 0 0 0 0 0 0 0 0 
2021 10 0 0 0 0 0 0 0 0 0 0 0 
2022 10 0 0 0 0 0 0 0 0 0 0 0 
2023 10 0 0 0 0 0 0 0 0 0 0 0 
2024 10 0 0 0 0 0 0 0 0 0 0 0 
2025 10 0 0 0 0 0 0 0 0 0 0 0 
2026 10 0 0 0 0 0 0 0 0 0 0 0 
2027 10 0 0 0 0 0 0 0 0 0 0 0 
2028 10 0 0 0 0 0 0 0 0 0 0 0 
2029 10 0 0 0 0 0 0 0 0 0 0 0 
2030 10 0 0 0 0 0 0 0 0 0 0 0 
2031 10 0 0 0 0 0 0 0 0 0 0 0 
2032 10 0 0 0 0 0 0 0 0 0 0 0 
2033 10 0 0 0 0 0 0 0 0 0 0 0 
2034 10 0 0 0 0 0 0 0 0 0 0 0 
2035 10 0 0 0 0 0 0 0 0 0 0 0 
2036 10 0 0 0 0 0 0 0 0 0 0 0 
2037 10 0 0 0 0 0 0 0 0 0 0 0 
2038 10 0 0 0 0 0 0 0 0 0 0 0 
2039 10 0 0 0 0 0 0 0 0 0 0 0 
2040 10 0 0 0 0 0 0 0 0 0 0 0 
2041 10 0 0 0 0 0 0 0 0 0 0 0 
2042 10 0 0 0 0 0 0 0 0 0 0 0 
2043 10 0 0 0 0 0 0 0 0 0 0 0 
2044 10 0 0 0 0 0 0 0 0 0 0 0 
2045 10 0 0 0 0 0 0 0 0 0 0 0 
2046 10 0 0 0 0 0 0 0 0 0 0 0 

0 5 2 2 0.102564 1 15 31 4 0.992908 35 15 37 11 12 14 38 9 8 9 25 17 -3 7 23 15 27 15 19 18 2 24 20 25 14 5 31 6 23 5 -11 23 19 4 40 18 31 23 12 11 34 25 34 11 -10 6 6 24 33 11 15 25 37 9 9 24 26 24 12 16 26 26 7 12 31 7 25 15 -40 13 22 
1 5 2 2 0.923077 12 13 -2 13 1 16 35 16 5 10 19 10 18 11 -4 16 25 15 26 15 19 13 3 13 22 4 0.571429 4 11 18 15 4 -2 39 26 -21 
2 5 2 2 0.878049 9 12 -44 9 -44 4 -43 13 -41 15 32 10 26 13 32 12 -45 11 31 4 0.689655 5 26 -30 5 13 20 9 14 -9 12 5 
3 5 2 2 0.487179 19 7 -11 15 14 16 10 11 22 14 30 10 37 16 -9 9 13 11 36 15 41 11 12 5 7 13 0 2 39 5 31 15 3 9 0 13 -3 13 -3 4 0.943953 80 8 -5 14 37 16 -10 5 26 10 1 19 -42 6 -41 6 -6 4 39 10 17 17 8 5 25 6 3 11 33 9 -5 14 4 3 32 1 36 5 1 13 4 12 18 -2 24 9 37 9 -7 6 29 5 31 16 27 16 23 22 16 26 -33 12 18 7 40 12 5 -1 6 -3 25 26 -44 7 -7 17 -3 -1 33 16 25 6 29 11 -38 4 2 2 26 5 37 6 1 -1 40 12 -6 -1 3 5 15 -2 4 0 -2 19 -3 6 5 19 -2 -4 35 18 -6 6 25 8 3 14 -45 19 35 -5 31 18 -44 10 14 19 24 -8 37 3 21 7 42 0 9 21 22 7 30 13 29 16 17 19 29 25 30 -10 40 9 19 -4 7 -11 43 -18 43 
4 5 2 2 0.919037 105 7 -2 11 -14 13 -44 12 -6 7 -16 11 -15 9 25 11 25 7 -38 6 -38 6 -37 10 -39 14 -39 7 -43 15 21 16 1 10 -43 11 7 9 -18 11 -37 8 -39 9 -32 14 -42 13 22 4 32 10 3 8 -1 10 38 15 -42 16 -39 11 -4 15 6 9 28 15 0 16 -7 16 5 15 2 10 29 5 35 4 -9 14 2 15 -25 10 -11 8 -40 12 -2 15 11 13 -16 8 -22 12 -18 12 -26 14 11 13 18 14 -17 6 18 10 -34 12 -31 6 5 3 28 3 -14 7 19 7 12 17 -23 9 -27 15 -33 16 -5 8 -30 15 -30 6 -33 3 38 9 36 9 32 13 21 17 26 12 27 14 5 4 15 9 -30 14 4 16 -25 12 -2 12 -11 13 20 8 18 4 -38 8 11 10 0 10 -25 9 8 14 27 10 9 8 -39 14 13 10 27 11 12 1 37 4 31 17 31 11 -13 4 -34 4 -40 13 8 13 19 11 -2 6 -32 10 -11 4 0.58498 37 8 29 3 -8 22 -37 25 -14 12 -34 5 -34 4 -36 18 -35 13 1 23 -34 13 -38 14 -36 14 -37 -1 -34 22 0 13 28 16 -28 26 -4 11 15 23 33 23 -33 12 3 21 -9 6 13 17 -29 7 23 5 11 24 36 18 -13 15 -9 6 -2 11 0 15 -15 22 32 19 -18 -2 19 21 14 
5 5 2 2 0.745763 33 6 -10 14 -11 5 -1 11 -29 15 10 16 33 15 -24 11 -10 13 -9 14 -7 9 -9 13 -8 13 37 15 34 15 -24 5 -5 6 -27 6 -8 2 37 10 36 1 40 11 36 13 28 11 17 11 29 14 -14 9 -17 16 -28 7 -11 -11 38 13 -5 -3 37 15 36 4 0.84507 45 6 -23 18 -24 21 36 18 -10 6 9 10 11 14 0 23 -20 9 -17 22 14 14 -20 16 19 15 -32 24 35 23 9 9 -22 19 -4 19 -17 8 -17 25 -29 0 -29 25 -32 24 1 24 -12 13 28 9 -17 6 -12 16 -8 22 3 26 4 14 -21 5 -7 14 -16 12 -12 12 -27 7 -7 13 -25 13 -24 21 35 14 -13 16 -29 25 -28 17 6 10 18 25 -30 
6 5 2 2 0.833333 15 8 40 8 42 10 37 -10 39 5 41 -2 39 12 37 2 40 3 39 -3 40 -2 37 12 36 -6 40 -9 40 8 41 4 0.761905 12 -10 42 8 38 6 39 -3 41 -9 42 -2 41 3 38 13 41 22 37 -6 39 -13 40 18 -28 
7 5 2 2 0.324324 3 13 -41 13 -25 16 -24 4 0.970874 25 21 24 16 -19 21 -30 20 18 20 30 15 -20 18 -38 21 10 21 -26 2 -21 3 12 15 -33 10 -17 19 -40 5 -24 14 -36 14 -33 1 15 11 -39 13 -30 14 22 5 -27 5 -25 3 12 4 10 
8 5 2 2 0.216216 2 6 -18 7 -30 4 0.983051 29 6 -36 7 -37 6 -25 14 -17 8 -5 15 -7 6 -33 5 -10 6 -8 11 -27 7 -29 5 -31 19 4 19 7 2 15 15 -35 5 -23 2 24 -5 26 4 -33 5 -32 5 -29 20 -27 20 -25 10 -39 -1 -19 0 -8 0 -17 5 -34 
9 5 2 2 0.842105 4 2 31 15 29 13 -18 8 27 4 0.75 3 -3 33 -6 31 -5 26 
10 5 2 2 0.25 2 11 -24 8 -43 4 0.979592 24 11 -13 11 -26 12 -15 12 20 11 2 9 -33 -10 25 12 -22 6 -4 -6 14 -5 -2 -5 7 1 -26 6 -16 -3 -33 -4 -14 3 -5 14 23 -1 13 15 -14 -2 -40 -4 2 16 -43 6 -15 
11 5 2 2 0.9 9 8 -37 0 -35 1 -34 9 18 12 -7 12 -34 0 2 7 3 -3 12 4 0.64 4 7 -13 10 -24 8 -14 5 -41 
12 5 2 2 0.980392 100 -3 29 -1 -20 2 7 1 -17 2 -6 13 -31 2 17 12 15 -1 31 2 12 0 3 11 32 1 13 0 18 2 -18 3 -13 -1 -8 1 26 1 27 0 -35 6 16 2 9 2 2 3 -20 14 -22 14 -21 2 30 3 -2 2 -1 7 21 13 16 0 -15 3 -34 1 25 1 17 12 -39 5 -20 0 -35 1 -2 3 -7 -1 -42 3 7 13 -12 15 -15 14 13 1 -13 1 26 4 2 1 31 9 0 13 -22 2 17 3 15 4 29 5 -35 14 -1 14 6 14 -4 2 -33 6 -34 5 -30 3 32 4 -3 15 9 4 -42 3 -19 10 -20 3 6 10 18 4 0 3 -6 16 -1 6 -43 7 -31 4 18 4 -17 11 -17 11 -16 3 -27 3 -31 16 8 5 16 5 -11 5 1 11 -11 6 24 5 -14 2 -40 6 4 6 3 12 -9 6 -40 7 -23 6 -33 6 -25 11 8 13 -14 11 -21 7 -39 15 22 4 0.242424 8 16 21 5 16 1 -11 11 -40 19 3 18 -39 19 -9 17 -37 
13 5 2 2 0.091954 2 -12 21 -13 -45 4 0.993711 79 -22 -19 -16 -23 -14 -22 -15 -6 -16 -1 -20 -33 -13 -15 -12 -18 -22 13 -13 31 -13 36 -19 -20 -19 -17 -11 14 -12 23 -9 -22 -18 -27 -23 23 -9 -26 -11 31 -25 -36 -18 5 -17 17 -16 -17 -9 18 -23 4 -15 -6 -23 1 -11 -32 -15 17 -13 -23 -23 -19 -18 12 -22 21 -20 -20 -22 12 -22 -23 -14 41 -21 9 -17 -8 -20 14 -12 7 -20 -16 -20 -19 -23 -26 -5 -36 -20 -5 -8 -1 -16 14 -18 27 -9 3 -18 -31 -17 36 -20 -42 -22 13 -18 36 -19 3 -11 10 -10 15 -22 23 -1 -31 -18 -20 -15 6 -10 -14 -20 40 -7 27 -3 -5 -17 29 -4 39 -4 -10 -12 36 -9 -16 -3 37 -5 13 -17 38 3 -30 -5 31 -5 32 -21 11 
14 5 2 2 0.25 1 -9 38 4 0.979592 12 5 40 -17 -20 -20 40 -17 -12 -7 8 -13 22 -16 -27 -2 -22 -12 39 -3 -5 -11 37 -3 2 
15 5 2 2 0.974359 19 -8 36 -11 31 -6 28 -18 -10 -18 -31 -17 -5 -18 -18 -8 -15 -17 18 -18 22 -8 15 -17 6 -9 -2 -8 -35 -17 24 -13 -16 -10 0 -9 9 -11 0 4 0.296296 2 3 38 -4 33 
16 5 2 2 0.947368 9 -11 18 -10 5 -10 3 -8 -5 -6 -14 -6 12 -12 2 -11 13 -8 16 4 0.470588 2 -3 23 -3 24 
17 5 2 2 0.603774 8 -6 -22 -7 -10 -13 -39 -11 -40 -13 -37 -12 -35 -11 25 -11 -30 4 0.913043 21 -16 1 -12 -37 -1 10 8 -31 -10 -21 -1 -19 -6 -11 -19 23 5 -26 -8 -15 -17 -39 -19 -10 -13 -9 -17 -14 -21 -28 -10 -13 -8 -15 5 11 -11 25 -4 19 -13 -27 
18 5 2 2 0.195122 2 -10 -19 -10 -43 4 0.985075 33 -16 -11 -4 19 -7 21 3 20 -14 -8 -8 20 -12 -12 -6 32 -1 29 -11 -18 -11 8 -20 11 -19 14 -9 12 -15 3 -8 1 -12 16 -7 0 7 -30 -4 -26 3 32 -6 40 -9 21 -22 40 -7 22 -3 2 -8 33 -2 2 -17 37 -21 39 -23 29 -6 34 13 14 
19 5 2 2 0.981818 27 -14 -25 -14 -29 -14 -17 -14 -17 -15 -25 -15 -9 -15 1 -14 -9 -14 2 -20 -19 -19 -19 -20 -30 -19 -33 -19 -26 -20 39 -20 6 -20 1 -14 35 -19 15 -19 20 -19 17 -15 31 -20 32 -14 24 -20 -24 -15 21 -14 -27 4 0.228571 2 -23 -3 -23 -3 
20 5 2 2 0.114286 3 -1 -24 7 35 3 -19 4 0.992 93 -22 26 -17 15 -14 6 -14 3 -16 35 -10 5 -19 -20 -19 -11 -12 28 -20 -28 -22 37 -21 -5 -9 15 -22 -12 7 21 3 -16 -22 13 -14 -38 -25 39 -19 25 -22 23 -20 16 -5 41 8 -35 -19 16 -4 8 -20 32 9 30 9 31 -5 19 -17 -1 -19 26 -16 14 -18 6 -17 -18 5 10 -16 31 5 36 -8 -40 -12 -31 -4 15 7 -16 -2 12 -16 -33 -8 40 -22 -37 -13 35 8 -4 -9 -6 -16 31 -19 -35 -8 -8 14 -32 -13 -32 8 11 -2 -17 -13 33 -3 35 9 -37 -4 38 -5 5 9 25 -9 15 2 8 -1 31 -14 -38 10 21 -8 38 -4 7 -3 36 -8 -4 -1 34 -1 -20 -7 38 -6 28 -7 18 1 -31 10 -7 -5 -5 -4 -14 0 17 -11 20 1 -35 -4 1 -2 20 -3 -4 11 -2 -6 30 0 -11 -1 1 -4 27 1 -24 -6 -33 
21 5 2 2 0.727273 6 12 42 -12 50 16 49 16 38 -11 51 12 44 4 0.857143 9 23 38 2 43 16 43 -23 -12 -18 -26 -18 -27 -19 -29 -17 -26 24 44 
22 5 2 2 0.945455 13 9 40 8 43 6 45 15 38 9 41 5 43 -11 41 -9 45 4 42 -6 41 -1 43 -17 44 -6 41 4 0.48 3 -6 44 6 45 0 -11 
23 5 2 2 0.4 1 -15 42 4 0.96 6 -21 18 -20 6 -6 45 -24 -24 -23 44 -17 45 
24 5 2 2 0.981132 65 -20 34 -20 -3 -20 26 -13 -21 -20 13 -17 -30 -12 32 -17 36 -19 -2 -19 -11 -19 -10 -9 -8 -7 -5 -20 -4 -7 7 -16 -23 -18 -7 -20 5 -17 -14 -5 5 -19 7 -15 -30 -15 23 -18 -6 -15 21 -3 19 -18 -32 -12 -7 -14 -16 -13 34 -1 5 -11 -7 -12 36 0 11 -10 27 -5 8 -15 -8 -13 22 -10 7 -12 6 -7 9 -9 -26 -8 21 -13 -30 -12 16 -9 -7 -8 -28 -8 -30 -8 -25 -5 8 -6 -3 1 30 -10 -1 -11 -22 -10 -15 -9 11 -8 -22 3 21 -8 12 4 -31 -8 -18 5 -9 -8 -34 -12 -35 -5 -36 4 0.235294 5 0 -26 2 18 4 32 -9 19 -9 13 
25 5 2 2 0.995305 53 -6 43 6 42 -3 44 16 45 15 45 0 45 1 45 6 44 7 45 3 44 -7 44 9 45 1 45 5 45 -4 45 -12 45 11 44 -4 48 4 46 6 46 -7 47 16 48 -1 47 9 48 3 47 -6 49 -4 50 12 48 1 48 15 47 -7 49 14 49 12 48 5 50 -5 50 -14 50 0 52 -15 51 2 51 8 49 11 50 -13 51 -8 52 10 51 5 52 3 53 2 53 10 52 1 53 -13 53 13 52 11 53 12 53 4 0.0701754 1 4 44 
26 5 2 2 0.988764 22 0 -32 13 -31 -3 -35 -3 -34 1 -3 -2 29 0 -36 -11 9 -1 -36 -6 32 -10 22 -3 16 -11 20 1 3 1 8 -19 32 2 32 -9 -23 -4 -35 -4 -11 -5 -21 -5 -17 4 0.153846 1 -3 -29 
27 5 2 2 0.895522 15 -12 -14 -12 -26 -8 -1 -9 -27 -6 -4 -6 -26 -8 -4 0 43 8 39 -7 44 -14 42 -1 43 -4 43 -11 39 -6 40 4 0.651163 7 -25 -19 -6 -24 -15 -25 -6 -34 -19 37 -20 44 -24 44 
28 5 2 2 0.571429 2 -4 15 -14 35 4 0.923077 6 -22 -20 2 -7 -10 35 -3 -21 -22 -7 -14 -26 
29 5 2 2 0.307692 1 1 -31 4 0.972973 9 -19 -37 3 -33 -9 -31 15 -2 -7 -29 15 -28 16 0 15 -33 14 17 
30 5 2 2 0.9 9 0 -27 0 -20 -7 -38 -3 -40 10 -18 8 -17 5 -18 0 3 6 1 4 0.64 4 -2 -34 -18 3 -15 23 -13 16 
31 5 2 2 0.5 4 -6 -23 6 -8 -3 -7 9 -37 4 0.941176 16 -18 -7 -2 20 2 -21 -12 25 1 11 -1 -32 -17 6 -17 -24 -3 22 -1 9 3 -22 2 -4 -14 15 7 -25 -12 -7 -12 -25 
32 5 2 2 0.984615 80 2 21 8 -24 -1 8 1 18 -4 25 -8 1 -2 9 -7 12 7 -36 8 -4 9 -20 -5 9 4 -38 -5 -31 -2 30 -3 6 -2 -36 -2 22 5 17 -4 -27 9 -14 -4 13 -6 21 -9 32 2 3 9 5 4 -21 -2 45 6 21 5 41 5 5 10 -32 8 22 -5 -30 -5 -30 -2 2 10 17 -8 45 -20 44 -1 -22 -3 43 -6 -4 1 10 -6 22 -4 15 9 -34 8 -34 -3 13 -3 -12 -3 28 3 -23 -4 0 3 -7 -6 -31 6 -14 -3 15 5 21 12 -7 9 6 2 41 -2 -23 -6 2 -1 -33 -1 -25 -3 -7 5 -30 -3 32 10 -38 -9 -9 -2 12 -6 -38 7 1 -8 6 -2 -22 -3 -16 4 -29 8 40 6 -36 -4 -27 -10 -5 4 0.2 5 -11 0 14 -26 -6 -25 -13 7 -3 3 
33 5 2 2 0.4 1 -3 -6 4 0.96 6 5 -33 12 5 -5 -20 -5 43 -7 14 -8 15 
34 5 2 2 0.5 1 -8 39 4 0.941176 4 -1 22 0 1 0 32 1 15 
35 5 2 2 0.888889 4 14 42 5 44 10 41 0 43 4 0.666667 2 -12 45 8 45 
36 5 2 2 0.307692 2 -8 41 -2 -16 4 0.972973 18 -4 45 -14 42 11 43 -7 44 18 42 2 43 13 43 13 43 3 43 -8 43 -22 43 -23 41 -13 41 15 42 -20 43 -19 44 0 43 10 41 
37 5 4 0 0.380952 2 -6 81 -1 79 2 0.666667 5 13 37 15 41 15 40 16 11 16 14 3 0.592593 4 24 -5 25 39 10 86 32 -26 4 0.592593 4 4 -25 2 -4 -3 2 7 16 
38 5 2 2 0.923077 3 3 -32 17 -10 15 -21 4 0.571429 1 -3 -21 
39 5 3 2 0.16 1 2 20 3 0.16 1 32 -70 4 0.97561 20 17 43 1 -20 19 -5 16 18 14 25 11 12 21 41 15 -4 12 -11 16 38 10 -4 11 5 10 -29 -8 3 10 -31 11 13 21 -7 8 35 16 -16 7 34 
40 5 2 2 0.347826 2 -3 -20 7 1 4 0.967742 15 -7 -5 -9 8 -6 -25 12 22 -1 17 -7 0 -11 -15 -12 -15 -11 10 2 -34 -18 -2 -12 7 -10 7 -2 -23 -11 -27 
41 5 3 2 0.836158 37 15 45 15 28 15 32 16 14 16 30 14 19 16 -22 15 -15 16 40 17 11 18 41 19 1 15 -9 15 13 20 -1 18 9 15 -43 19 16 19 4 17 14 19 -30 18 11 13 41 20 -20 21 -5 19 8 16 3 16 13 20 2 21 0 -9 35 -12 36 -12 36 -12 36 -8 35 -4 34 -6 31 3 0.111111 2 40 -20 37 -38 4 0.734694 27 22 1 22 42 20 -13 21 -5 15 39 16 -6 15 42 15 4 23 42 23 27 20 -31 20 24 18 40 12 -11 23 -12 20 -8 24 22 16 -13 22 -19 17 0 12 16 23 -9 18 42 20 22 21 -6 22 -5 -12 35 
42 5 2 2 0.595041 18 -10 -2 -14 5 -10 29 -7 -37 -14 16 -8 5 -19 -27 -13 7 1 25 2 28 4 1 1 -30 2 -23 4 12 -7 -3 -9 -1 8 -27 -2 -24 4 0.915888 49 -15 -24 -5 32 -14 -37 -10 -4 -11 -25 -13 10 -10 -23 -10 -1 -16 9 -9 -20 -17 2 -10 -37 -18 7 -6 -3 -4 1 -7 -14 -11 26 6 20 -15 28 -7 20 -11 29 -19 22 6 27 0 0 -7 -33 -14 21 8 -21 -14 27 2 7 -10 -26 -17 4 -13 21 -16 5 -16 4 0 17 1 -35 0 -16 7 4 -13 -6 2 22 -10 3 10 4 -8 -34 9 29 11 8 -23 29 -6 -26 -19 9 -3 -30 
43 5 2 2 0.761905 4 -11 3 -6 15 -16 3 -17 6 4 0.833333 5 -12 6 -13 35 -13 28 -21 6 -17 14 
44 5 2 2 0.969697 40 -9 34 -19 1 0 32 -4 33 -8 -1 -12 0 -8 25 -17 -16 -4 26 -2 23 5 -15 2 -33 -1 -15 -10 0 -6 32 -7 -3 -10 20 -16 -33 -9 -7 -9 -15 -9 -9 -9 -36 -2 7 -9 -26 3 -37 -7 2 -7 -14 -11 -36 3 16 -7 -22 -11 4 -11 -8 -12 -7 -6 -12 -19 -17 -20 -17 19 -8 17 0 -8 -42 16 -31 4 0.333333 5 -20 1 4 -20 -13 -27 -14 -26 -8 -39 
45 5 2 2 0.96 42 13 -39 12 -36 -15 -30 -15 -19 -14 -29 -6 -29 -9 9 -12 -8 -15 -27 -19 -5 -18 -6 -6 -29 -15 -28 -3 -10 -4 -24 -11 10 -19 -19 -18 -21 -11 14 -18 -21 -11 22 -16 -9 -14 -23 1 8 -11 -21 -4 9 -13 -19 -18 23 -12 -36 -11 14 -7 -12 -12 -7 -14 -24 -12 14 -7 -10 -11 -5 3 19 -9 17 -8 -11 0 -4 0 16 1 -11 4 0.4 7 -15 -5 -12 0 -3 -16 -23 -24 -10 19 -9 -11 -4 -28 
46 5 2 2 0.4 1 -14 -35 4 0.96 6 3 -36 3 -31 -17 -30 3 -31 -5 -45 14 -38 
47 5 2 2 0.941176 4 -19 -3 -18 18 -17 -12 19 -3 4 0.5 1 -14 -37 
48 5 2 2 0.347826 2 -12 -9 16 7 4 0.967742 15 -15 29 -15 34 -17 36 11 -39 15 -44 23 -38 -12 -21 9 -32 -18 -12 -10 -18 -17 -19 5 -8 8 -29 14 -41 -20 27 
49 5 2 2 0.994709 47 -13 12 -7 15 -10 35 -18 10 -14 19 -8 -11 -8 -13 -15 13 -8 11 -16 -8 1 -16 1 -9 -11 -33 -8 14 -12 20 -1 -32 -13 -2 -8 -25 -1 -31 -16 31 18 43 -15 -35 -17 -23 -4 -6 -4 -33 -1 -6 -18 -11 1 -6 -13 -6 -1 -30 8 -12 -10 36 0 16 -4 13 -12 -35 -7 -28 8 -33 -2 21 -4 14 -13 24 -6 16 -5 -27 -12 -28 1 -21 -10 -3 -12 31 0 -38 4 0.0784314 1 -12 -7 
50 5 2 2 0.8 5 -8 16 -5 -41 15 4 19 -17 -11 -13 4 0.8 5 -14 -4 -18 -21 -11 -31 -16 26 -14 22 
51 5 2 2 0.285714 1 -13 -8 4 0.97561 10 -5 19 -9 -25 -2 11 -4 19 6 -33 0 -29 -11 -5 -8 12 -12 34 -5 25 
52 5 2 2 0.983607 15 -19 -38 -15 -41 -19 -39 -16 -39 -3 -44 1 -39 2 -41 -17 -42 -11 -43 -9 -44 -14 -41 -15 -43 -8 -40 -11 -41 0 -42 4 0.210526 1 -10 -42 
53 5 2 0 0.4 1 20 35 3 0.96 6 40 -8 33 38 35 22 30 -69 36 18 22 61 
54 5 2 0 0.962963 13 18 26 19 11 -12 88 11 91 -24 31 2 88 -6 86 6 90 25 -34 25 -19 18 17 21 21 19 17 3 0.380952 2 40 9 15 89 
55 5 2 0 0.421053 2 15 16 17 29 3 0.956522 11 32 9 40 33 -36 21 -23 42 -34 22 31 33 -38 37 -36 98 -32 98 26 17 24 11 
56 5 2 0 0.837209 9 20 10 23 -1 15 -8 17 -17 23 -13 18 -37 25 -60 13 18 24 -58 3 0.756757 7 22 -34 23 -18 17 39 23 37 32 38 39 -7 30 30 
57 5 2 0 0.285714 1 16 51 3 0.97561 10 36 59 26 30 25 -87 35 -36 33 59 31 22 37 -49 38 36 34 -68 22 -88 
58 5 2 0 0.965517 7 18 8 15 -41 16 -19 16 -35 -12 74 -10 77 -20 24 3 0.363636 1 -21 42 
59 5 2 0 0.979284 130 18 -44 -22 22 19 -20 9 36 16 -42 -15 28 19 -34 20 -39 1 46 -10 73 8 30 -12 76 -11 18 16 38 11 15 15 35 3 40 4 36 -19 23 -9 31 8 17 16 -19 2 40 -11 21 -7 31 17 16 16 55 -7 31 6 16 11 43 5 72 7 48 17 31 17 42 8 70 14 -31 4 71 11 71 12 66 15 68 15 5 20 26 2 43 10 45 8 45 0 71 -15 58 3 69 11 74 11 76 17 28 3 68 22 42 -18 91 22 -61 13 -58 13 69 -24 36 17 63 19 -66 -12 57 1 73 -20 41 -15 76 22 41 -13 31 11 51 19 38 19 -69 -17 39 -20 44 -23 33 12 54 -24 43 7 23 13 71 18 -61 18 59 16 -12 12 20 17 60 2 76 -13 28 9 77 16 -16 -6 73 12 56 18 70 7 93 15 64 5 24 16 37 17 -75 7 26 -1 26 17 -10 15 50 -24 31 -4 55 23 41 11 69 4 91 14 24 10 22 25 13 5 55 16 25 13 43 9 30 -2 58 11 24 6 58 0 26 18 74 12 59 8 55 13 61 16 50 17 47 -5 27 11 43 -1 28 -8 52 19 27 -7 49 19 -61 -2 90 21 -50 1 31 -7 35 3 0.252874 11 34 12 23 26 31 -23 22 27 26 67 19 -58 18 12 12 -55 33 -12 20 62 12 -49 
60 5 3 0 0.727273 6 20 1 17 29 12 60 -19 22 -6 36 0 21 1 0.222222 1 13 -24 3 0.820513 8 22 20 24 3 24 -3 20 72 -32 74 43 21 20 15 22 31 
61 5 2 0 0.965517 7 -8 40 -8 50 1 44 14 42 19 43 21 44 -4 44 3 0.363636 1 32 79 
62 5 2 0 0.444444 1 6 21 3 0.952381 5 21 53 -35 80 20 14 -22 43 -23 41 
63 5 2 0 0.5 1 0 59 3 0.941176 4 22 81 -31 37 16 34 16 5 
64 5 2 0 0.967742 30 4 61 -11 87 7 59 -6 61 -11 84 -11 88 2 88 -8 57 8 43 -2 88 -6 90 8 34 -6 90 -15 42 -3 88 6 52 13 40 -4 31 -20 33 -22 33 2 41 -2 30 -10 30 -18 33 -18 38 -11 36 0 27 1 76 8 25 3 38 3 0.347826 4 7 55 -12 39 8 75 13 42 
65 5 2 0 0.717949 7 8 39 -8 44 -16 45 -16 46 -5 45 2 48 8 45 3 0.862745 11 9 87 -40 97 -14 79 14 26 -22 79 -9 76 -8 76 -3 96 -30 39 5 32 -16 69 
66 5 3 0 0.285714 1 -2 71 1 0.947368 9 11 37 17 -17 17 -15 16 35 16 33 17 -28 17 23 17 22 17 17 3 0.285714 1 -8 27 
67 5 3 0 0.592593 4 -2 85 -22 92 -2 86 -21 88 1 0.380952 2 14 39 17 27 3 0.857143 9 26 -35 13 41 9 68 -21 24 -11 96 -38 42 -41 85 26 36 -9 88 
68 5 2 0 0.25 1 4 55 3 0.979592 12 0 83 -8 90 7 80 -7 85 -20 88 -12 41 -20 94 -19 41 -24 92 15 29 10 78 -8 86 
69 5 3 0 0.363636 1 -9 27 1 0.571429 2 17 -24 4 39 3 0.869565 5 10 66 -9 64 8 -70 7 -54 4 -52 
70 5 2 0 0.949153 14 4 24 -11 24 -2 23 2 48 3 21 -10 76 -17 22 -9 52 -2 53 -14 75 -10 21 -8 50 -1 49 -5 50 3 0.461538 3 -9 63 -4 62 -6 11 
71 5 2 0 0.242424 2 18 -77 -1 50 3 0.980392 25 -16 12 9 -6 -7 18 -17 13 16 -43 14 3 -4 70 13 -34 -7 100 16 30 23 64 20 18 17 46 19 -43 -43 78 23 8 22 15 18 -86 3 89 4 86 29 36 38 2 22 76 22 70 -3 27 
72 5 3 0 0.571429 1 2 83 3 0.8 2 39 -50 19 47 4 0.571429 1 16 -38 
73 5 2 0 0.983051 29 -5 79 2 75 16 -79 14 -82 23 -81 14 -85 14 -84 3 82 11 85 -3 79 6 76 2 82 -1 72 0 73 16 -76 13 86 18 -73 16 -86 18 -69 -8 75 -20 81 -18 80 -11 80 -9 78 -20 84 -21 82 -11 75 -20 79 -2 80 3 0.216216 2 -35 94 14 -35 
74 5 3 0 0.111111 1 -20 21 1 0.111111 1 -12 39 3 0.984127 31 -21 28 -2 21 -22 30 -22 28 -17 8 -23 9 -11 66 -35 61 -37 71 -10 11 -41 64 -37 28 2 13 3 10 3 9 -31 18 -34 23 -2 54 16 8 13 9 12 9 -33 33 -11 37 -36 36 -5 38 10 -15 -28 32 -41 73 1 42 11 -15 -30 85 
75 5 2 3 0.666667 1 -32 37 4 0.888889 2 -20 41 -19 39 
76 5 2 2 0.956522 11 18 30 17 -41 19 15 17 13 17 -42 17 -12 21 -18 18 37 17 -8 17 -28 20 40 4 0.421053 2 25 21 25 -13 
77 5 2 2 0.631579 3 20 30 20 -31 18 -38 4 0.903226 7 17 44 20 25 23 -27 10 24 18 -3 15 15 10 40 
78 5 3 2 0.4 1 19 -34 3 0.4 1 29 -92 4 0.909091 5 20 -39 23 -42 20 -44 14 -44 15 -43 
79 5 2 2 0.363636 2 18 32 17 -30 3 0.965517 14 43 -34 40 -37 45 4 41 20 38 -57 26 0 42 3 41 13 42 17 38 -8 42 76 45 -19 38 53 27 -1 
80 5 2 0 0.148148 2 22 -24 20 -15 3 0.989247 46 25 -1 30 -30 39 -6 40 -10 33 -32 39 -39 37 -37 38 19 31 -62 40 -19 33 -56 40 -22 38 -27 30 -47 40 -17 24 59 39 -15 42 -34 27 -44 25 -27 34 -28 33 -39 38 -37 34 -87 29 -12 38 13 40 -61 39 1 41 -51 37 -23 35 39 37 -22 36 32 40 -95 39 -49 37 -35 36 60 39 -83 31 55 36 15 37 16 32 45 36 70 30 -29 39 1 29 -75 
81 5 2 0 0.363636 2 22 5 -10 75 3 0.965517 14 42 -37 35 -40 19 -37 35 49 -25 40 37 47 23 -30 -34 42 29 33 43 -35 28 9 18 -76 40 23 -41 -1 
82 5 4 0 0.842105 20 -2 58 -17 48 18 -46 9 49 19 -80 -15 46 17 86 15 76 13 92 -4 74 20 -5 18 72 15 56 3 70 9 67 13 89 15 50 11 86 22 23 8 66 2 0.340426 4 19 22 19 -39 19 -44 15 -38 3 0.340426 4 4 42 -17 94 16 47 -38 -47 4 0.5 7 21 -43 22 -34 19 -35 18 -38 16 -45 18 22 21 -18 
83 5 4 0 0.61708 56 -24 88 21 92 -19 58 6 66 -22 84 23 81 19 91 16 88 -20 71 -23 79 19 78 23 81 -22 82 -22 81 19 90 17 -89 8 79 7 66 13 61 5 59 11 46 21 45 18 -2 22 75 11 74 12 51 23 51 19 -83 10 48 18 69 22 57 10 65 15 76 12 51 23 -3 19 -86 14 47 7 61 16 46 14 49 22 -88 11 70 18 53 22 67 17 60 16 62 10 55 23 62 22 -48 22 -5 11 70 23 75 19 70 22 72 22 73 20 76 2 0.25 15 19 10 19 2 18 4 19 24 17 41 19 -23 19 25 20 -7 16 -25 17 -21 19 -12 20 -10 18 -11 19 8 19 -8 3 0.723005 77 -41 -11 -39 -10 -43 -28 26 -94 -43 83 37 92 -43 -21 17 99 34 87 37 83 23 -25 -3 100 42 40 11 97 41 89 39 88 33 97 -39 -3 38 44 -26 39 -39 29 15 100 39 44 -39 42 27 95 32 4 41 99 41 -79 31 -86 40 79 42 -20 31 -82 37 64 39 -44 31 -99 36 82 34 -88 37 59 37 2 37 -41 14 86 36 -39 33 -48 33 -99 38 82 35 -28 41 49 36 75 42 -12 38 33 23 99 23 83 18 94 38 36 33 82 28 83 33 38 33 37 3 97 41 -62 34 70 40 14 29 27 38 13 39 4 42 -7 28 78 40 85 43 14 40 11 30 54 35 44 41 -49 39 -32 23 -17 38 24 34 7 4 0.559524 47 20 11 17 30 21 -40 -25 45 21 -32 18 44 12 44 22 44 21 44 22 -14 21 -14 22 -11 18 3 16 40 19 12 23 -5 22 15 19 -27 22 23 21 -25 21 9 21 -8 21 20 19 -24 13 33 13 14 23 -3 21 -12 18 5 24 2 23 8 17 14 21 -6 19 2 17 12 18 -4 23 19 23 5 20 -1 20 -19 19 24 23 39 15 34 22 37 12 35 14 35 21 36 
84 5 2 0 0.421053 2 14 92 -4 51 3 0.956522 11 29 90 -37 91 18 -36 28 -18 24 -57 24 -7 13 46 41 -22 24 98 -13 100 41 30 
85 5 2 2 0.969697 8 21 34 20 1 21 28 21 -23 21 34 21 6 21 -5 21 -2 4 0.333333 1 23 6 
86 5 3 0 0.2 1 -11 71 2 0.90566 12 20 -5 21 -5 19 21 19 10 21 43 20 -24 21 21 21 41 21 18 21 -1 21 27 21 11 4 0.551724 4 25 10 25 32 23 3 22 42 
87 5 3 0 0.571429 2 25 13 25 14 2 0.363636 1 21 -20 4 0.869565 5 22 -30 23 42 22 19 23 -40 22 -38 
88 5 3 0 0.363636 2 18 -9 25 90 3 0.923077 12 42 100 43 71 42 75 44 -15 43 -11 42 -11 42 42 42 48 42 -48 42 -37 42 -35 43 -33 4 0.363636 2 23 39 23 -25 
89 5 4 0 0.761905 8 24 -68 -24 75 -23 71 -13 70 -24 75 25 69 25 72 25 -39 2 0.190476 1 21 8 3 0.190476 1 -42 26 4 0.761905 8 -21 -37 22 29 22 34 18 23 25 -24 23 42 23 -13 23 -15 
90 5 3 0 0.897959 11 25 69 25 54 24 50 25 -50 25 20 25 -84 24 -13 24 -12 24 86 25 83 24 83 2 0.210526 1 20 -38 3 0.571429 4 43 29 45 21 45 -12 45 -26 
91 5 3 0 0.761905 4 13 -56 20 -58 11 -57 16 -40 1 0.333333 1 13 -33 3 0.761905 4 28 1 27 3 28 -18 27 -88 
92 5 2 0 0.990654 53 7 67 13 -61 15 -48 14 -73 14 -69 16 25 11 -50 8 -11 9 -55 11 -76 12 -23 18 -25 17 -7 15 -47 14 -52 17 -1 17 -10 12 -27 11 -68 14 20 8 -16 17 -17 11 -17 13 -1 15 -4 13 15 6 -33 12 -20 14 3 15 2 15 5 15 -3 15 -25 9 -16 22 -27 13 -7 11 -15 20 -22 19 -49 22 -45 12 -9 21 0 17 -17 15 -14 15 -45 17 17 6 -56 14 -32 11 -1 7 -21 11 21 8 -50 6 -61 3 0.131148 2 22 3 10 75 
93 5 2 1 0.307692 2 14 -24 12 31 3 0.972973 18 28 -24 35 1 6 87 22 56 21 50 13 36 34 -8 26 -63 12 -93 14 -72 16 21 30 8 14 -58 14 47 25 38 8 42 28 -43 23 22 
94 5 3 0 0.923077 6 15 -32 17 -4 17 -32 16 34 6 69 15 24 3 0.363636 1 15 33 4 0.363636 1 25 -42 
95 5 3 0 0.4 2 23 4 12 1 1 0.689655 5 14 30 14 -25 14 -22 14 -13 13 -14 3 0.8 7 21 13 36 -41 22 5 19 31 34 -40 34 -33 30 -20 
96 5 3 0 0.54902 7 19 -9 20 -35 18 -38 17 10 23 -1 15 -35 6 26 1 0.753623 13 14 -3 14 -10 14 0 12 4 13 -12 12 2 14 13 14 5 11 -24 13 -13 13 -32 14 29 14 -19 3 0.666667 10 26 28 36 -18 21 -1 37 -31 20 -67 31 -22 31 -8 26 -85 21 -25 19 -31 
97 5 2 0 0.969697 8 11 -5 11 -4 12 -22 24 -65 10 -23 22 -91 23 -90 5 71 3 0.333333 1 28 -40 
98 5 2 0 0.982456 14 6 -43 14 -86 15 -87 16 -66 18 -68 5 -43 17 -72 12 -87 12 -68 13 -72 4 -39 8 -40 8 -5 14 -12 3 0.222222 1 12 -70 
99 5 2 0 0.129032 2 -14 69 11 10 3 0.990826 54 -31 8 -31 5 -35 11 -34 19 -34 -24 -41 -43 -36 50 -35 -31 -27 -24 -27 1 -32 -9 -24 -22 -23 3 -28 -31 -25 -36 -31 -18 -35 4 -36 -88 -33 -32 -43 9 -29 -15 -35 51 -36 1 -39 -55 -33 -17 -42 39 -36 -11 -31 -31 -23 2 -31 -19 -28 -6 -31 -33 -43 -62 -32 -35 -39 -17 -37 -26 -20 17 -26 -43 -23 -4 -36 -12 -38 -69 -41 -82 -40 -30 -41 -20 -29 -22 -35 -38 -30 -5 -33 -47 -37 57 -34 72 -39 57 -32 63 -25 77 -15 27 
100 5 2 0 0.975265 138 7 25 6 -32 -17 -40 -18 -47 -20 -58 -15 28 -17 28 -15 -40 -17 19 -13 32 -13 27 -21 -7 -17 12 -16 19 -17 9 -20 -56 -13 33 -21 -70 -22 -67 -19 -55 -22 -66 -13 29 -14 5 -15 42 -18 -74 -15 10 -24 -43 -19 -20 -19 -21 -13 -58 -21 -38 -22 -33 -14 -67 -19 -28 -17 7 -6 67 -17 -6 -18 9 -17 0 -17 -24 -12 -8 -17 -36 -15 -7 -13 -8 -16 -27 -11 -33 -16 4 -13 -11 -15 -48 -14 -25 -16 -41 -14 -8 -13 -30 -8 -1 -9 -22 -20 -77 -15 -46 -9 23 -12 -57 -14 -29 -10 7 -8 15 -10 -42 -9 -62 -10 -4 -9 -46 -8 1 -8 -35 -14 1 -7 -71 -12 10 -13 -24 -14 -20 -12 -11 -10 -43 -9 12 -11 -56 -11 -45 -11 -43 -8 12 -10 -42 -11 -51 -6 16 -5 -26 -6 -14 -9 -9 -5 0 -7 -25 -7 -13 -3 -23 -2 -64 -7 -46 -11 -70 -7 -41 -7 -17 -2 5 -4 5 -5 -2 -4 -41 -3 -45 -4 -47 -5 3 -3 -38 -1 15 7 -15 -2 -33 -2 -47 -3 -10 -1 -30 1 -28 -6 -79 -2 -52 -17 -73 -13 -81 -1 -47 8 -90 2 2 2 -48 1 -29 4 -24 4 -49 6 -2 1 -47 2 -50 -10 70 3 -53 3 -11 -20 -86 3 -5 4 -55 -8 -85 6 -62 7 -76 6 -39 -2 -92 -8 74 6 -47 2 -86 3 0.28866 14 -39 -31 -39 -69 -40 4 -24 -4 -41 -96 -2 26 7 32 5 33 13 28 6 25 3 29 -2 27 -18 41 -19 40 
101 5 2 2 0.823529 7 15 -49 2 -48 1 -51 12 -51 0 -53 6 -53 -8 -52 4 0.774194 6 -3 -45 25 -44 23 -45 18 -44 -18 -45 -19 -42 
102 5 2 2 0.976378 31 -14 -46 -2 -50 -10 -53 -8 -53 -15 -46 15 -48 10 -52 -13 -48 11 -50 15 -52 -7 -50 -1 -44 -15 -46 5 -40 -20 -44 -2 -46 -9 -44 -13 -43 -19 -44 16 -46 -2 -44 10 -46 -6 -44 -2 -46 11 -44 0 -45 -8 -44 1 -43 -1 -44 2 -41 2 -44 4 0.27907 3 -21 -42 0 -43 -21 -45 
103 5 3 2 0.756757 7 1 -43 -10 -45 -10 -53 -11 -48 -4 -49 -11 -52 14 -52 3 0.210526 1 -32 24 4 0.8 8 15 -40 -2 -44 0 -44 -11 -45 -21 -43 -9 -43 -16 -44 -5 -45 
104 5 2 2 0.571429 3 -20 -42 -11 -32 -12 -33 4 0.923077 9 -13 -42 -18 -42 -21 -41 -20 -19 -25 -41 -6 -41 -16 -16 -9 -4 -20 -37 
105 5 4 0 0.32 2 -2 65 0 70 2 0.32 2 10 -52 13 -48 3 0.744186 8 -16 82 -20 30 6 77 -15 35 17 18 20 5 20 -1 19 5 4 0.7 7 15 -43 18 -43 -11 -14 1 -44 13 -40 -11 -41 10 -40 
106 5 2 0 0.987654 20 10 -6 14 -70 6 -17 16 -2 15 5 6 -33 14 -13 17 5 2 -51 22 -11 19 -82 16 16 4 -69 22 -50 23 3 15 -81 9 -75 2 61 -4 64 -5 62 3 0.166667 1 -16 26 
107 5 3 0 0.631579 3 1 63 -9 61 6 62 1 0.631579 3 9 -1 3 -5 9 -6 3 0.727273 4 -35 88 -32 72 -13 33 -26 28 
108 5 2 0 0.173913 1 18 -52 3 0.987013 19 30 26 30 25 11 -63 -6 -36 23 35 -1 -29 17 -58 23 4 11 -79 22 -40 20 -47 20 3 23 -26 25 -39 21 42 11 29 25 15 5 37 -13 -88 
109 5 2 0 0.888889 6 15 -2 13 13 4 -42 15 -23 4 -17 4 -28 3 0.666667 3 10 -10 -12 -30 -13 -22 
110 5 3 0 0.941176 16 11 24 13 26 13 32 6 -9 5 6 5 -29 8 -60 11 26 11 -2 8 -47 5 -30 14 -80 18 -77 12 -71 16 -66 10 -64 1 0.413793 3 14 -35 11 -19 13 2 3 0.173913 1 30 -22 
111 5 3 0 0.213333 4 6 9 8 -8 7 -36 6 -11 1 0.978903 58 10 35 10 35 11 34 11 32 12 31 6 34 13 19 10 -18 13 -4 9 29 9 28 13 3 12 14 9 28 7 29 12 3 6 28 8 27 13 -14 10 22 9 23 10 25 12 15 8 2 12 7 11 -17 11 3 8 12 4 -24 9 12 5 -21 5 -6 5 6 11 6 6 4 6 -20 6 1 6 -2 9 -35 11 -7 6 -14 6 -29 7 -1 6 17 8 -4 6 -18 6 -33 10 5 7 -17 6 -31 9 -30 6 -22 6 17 9 -14 6 18 10 -3 10 -9 9 -9 3 0.0606061 1 23 -70 
112 5 3 0 0.55 11 6 -34 6 -37 3 -52 18 -36 7 -4 3 -13 9 -58 8 -19 15 -51 15 -62 7 -67 1 0.854962 28 7 15 8 -4 12 -31 8 -12 8 -14 9 -31 8 -21 8 -4 8 -21 6 25 6 23 10 -31 9 -22 9 23 9 -1 9 -7 8 -20 7 -33 7 -15 8 20 12 -23 9 -35 10 -17 9 15 9 -10 9 20 12 -32 10 -31 3 0.450704 8 26 -25 23 -39 27 11 28 -3 28 -35 12 -50 27 -36 27 -7 
113 5 3 0 0.0272109 1 5 -19 1 0.979742 133 16 -35 17 -38 16 -30 17 -19 17 7 17 5 16 -27 17 -20 16 -29 17 -17 17 -38 16 -13 16 -28 16 -25 17 32 16 -38 16 -27 15 33 16 13 16 -22 14 -32 14 -37 16 -9 14 -31 14 32 15 -22 16 -5 15 -10 14 15 16 -2 15 -16 14 6 16 -11 13 -25 13 -31 15 24 14 14 13 -19 17 22 14 30 16 24 16 10 16 -14 15 10 15 2 13 -36 14 -30 16 12 14 -14 13 -25 15 25 15 23 15 21 13 24 12 -28 12 1 12 -36 12 3 14 16 12 -11 13 -3 10 -35 13 -1 11 -38 14 25 12 0 12 -27 14 -3 13 -23 11 1 13 -11 14 26 11 -35 14 34 15 -9 11 -31 12 -17 14 21 12 -18 13 37 13 -28 13 -38 12 -23 11 23 10 23 11 -7 14 -10 12 -18 10 -28 11 10 10 15 11 -13 10 -23 9 25 12 -24 10 -26 12 30 10 28 10 -31 8 20 11 14 9 -1 11 8 13 13 11 18 9 -4 12 -2 12 1 9 18 9 3 7 -5 7 24 9 -35 10 35 10 -31 9 33 11 30 11 -12 11 0 10 31 8 -15 7 -13 10 -12 10 12 9 36 6 -4 11 -5 7 1 7 1 10 -10 7 10 8 38 8 -34 3 0.229885 10 8 15 17 6 12 -34 -6 25 4 -39 -10 60 -26 74 -9 60 -27 -42 5 -27 
114 5 3 0 0.48 3 -6 60 -6 60 -7 62 1 0.210526 1 11 31 3 0.923077 12 18 68 19 63 18 23 -33 10 -24 64 -33 -59 -34 -46 -35 -48 -35 -71 -22 21 -39 -18 -26 -24 
115 5 2 0 0.946565 31 -1 -8 -22 17 -24 8 -24 15 -16 16 -20 -20 -21 -25 -19 4 -17 10 -21 -9 -20 -10 -21 -19 -20 5 -20 -30 -23 -4 -17 -3 -18 -75 -17 -30 -18 17 -13 1 -12 -38 -21 14 -13 -13 -21 7 -11 -34 -12 -49 -16 43 -9 13 -8 14 -7 43 -3 6 3 0.474576 7 -10 -16 -22 -87 -22 -67 -28 65 -27 55 -1 -62 -10 -65 
116 5 3 0 0.678788 28 -24 -24 -16 35 -16 40 -21 -44 -24 -12 -22 -15 -16 -34 -16 -13 -14 -51 -17 -58 -13 -58 -11 -58 -12 -73 8 -35 -8 -77 -7 -14 0 -38 -9 -56 7 -75 -1 -44 -4 -4 -7 -74 -2 0 3 0 1 -26 -1 -71 -7 -72 0 10 1 0.091954 2 4 -16 8 -12 3 0.871795 51 -33 5 -24 20 -31 19 -33 46 -31 -91 -23 -41 -23 -65 -28 -36 -21 -31 -19 -62 -25 -35 -19 -32 -19 -34 -24 -38 -21 -5 -21 0 -30 -20 -27 -42 -27 -1 -17 -41 -18 -2 -18 -13 -19 39 -13 -34 -21 -10 -19 -41 -13 -21 -13 -13 -24 7 -18 -20 -13 39 -7 -12 -5 -6 -6 -22 -3 37 -1 21 -38 66 -11 -19 -37 70 -7 8 2 64 11 5 -21 -4 -13 1 1 -86 3 -17 -28 11 3 -32 -10 -83 8 -1 -3 -24 
117 5 2 1 0.186047 2 9 -32 8 -37 3 0.985915 35 1 -34 1 11 -3 -30 -6 -89 -6 -6 -4 1 -4 -47 11 65 -2 20 -4 34 -9 -80 -8 -54 -8 -5 -14 -82 -22 70 -2 51 -1 -34 -11 -20 9 11 -5 -36 -8 -14 -15 -59 -16 -56 -12 3 -17 -72 -3 3 -18 -76 -14 -34 -15 20 -17 -39 3 72 4 -23 2 22 -14 62 -6 33 
118 5 2 1 0.862745 11 8 19 10 16 -13 -39 -16 -24 -15 13 -15 -6 -16 -27 -16 20 -15 8 -15 39 -14 39 3 0.717949 7 -5 -13 -24 -42 -23 -46 -27 -38 -28 -69 -27 26 -29 -45 
119 5 2 1 0.278481 11 -15 17 -15 13 8 27 8 -20 -7 -39 7 1 8 30 8 -13 5 -16 6 -22 6 -31 3 0.976445 114 -41 56 -21 -22 4 -17 4 -36 -22 36 -19 -22 -19 45 -18 67 -16 -42 -29 62 -41 -13 -29 52 -25 -30 -22 -79 -23 -75 -23 -16 -21 -90 -27 21 -26 -37 -17 -94 -16 49 -28 -44 -18 -92 -12 18 -29 -74 -19 -43 -12 0 2 -16 -37 15 -9 -17 -11 -15 -11 7 -20 36 -25 -17 -32 -10 -17 -29 -17 -10 -30 27 -16 -3 -30 35 -16 -26 -1 19 -20 -10 -9 -28 -31 -89 -22 -2 -27 -10 -23 39 -10 22 -8 -22 -25 -50 -22 -84 -24 -8 -21 8 -20 15 -21 -54 -25 -28 -21 2 -9 45 -17 45 -20 -26 -20 -32 -9 -25 -22 -60 -19 -9 -20 -20 -15 22 -15 -47 -12 16 -20 -68 -12 17 -7 -29 -16 -17 -24 -3 -7 -35 -18 -64 -6 20 -14 18 -6 -18 -18 -93 -18 -52 -17 -86 -14 23 -23 8 -10 -16 -13 55 2 -37 -9 -32 -7 -80 -12 13 -22 -67 -7 -34 -14 -36 -12 27 -8 30 -9 -75 -21 -51 -13 74 -3 22 -15 -60 -6 4 -5 -3 -11 -6 -12 -30 -16 63 -8 46 4 -17 -4 0 -2 -36 4 -26 6 -15 -12 -90 -11 -71 6 -25 
120 5 2 0 0.995122 51 5 -7 -13 21 -11 17 -14 -1 -11 8 -13 10 -8 21 -9 8 -8 8 -11 9 -12 -33 -11 -16 -8 4 -13 -46 -11 -9 -11 -20 6 -54 -9 -12 -12 -48 -2 18 4 -2 -3 24 -6 7 -9 -12 -3 21 -9 -23 3 -9 0 22 -9 -16 -5 -26 0 16 -8 -1 -6 6 0 13 -8 -27 -8 -23 -6 -29 6 2 -2 -50 -6 -27 13 7 -3 -35 -6 -20 -4 -45 -2 -41 -7 -63 -5 -20 -6 -43 -6 -36 1 10 -3 -55 3 0.0727273 1 10 -15 
121 5 3 0 0.774194 6 -1 -2 -1 -25 -1 -7 -4 -57 0 -53 -3 -72 1 0.545455 3 3 -12 3 -14 4 -7 3 0.64 4 10 -22 16 -47 6 -94 15 -92 
122 5 3 0 0.556962 11 14 -29 12 -54 10 30 14 -47 8 42 11 36 11 37 7 21 -24 -56 -22 -25 5 -68 1 0.457143 8 5 -33 6 -24 10 22 8 27 8 -7 4 19 8 -8 7 34 3 0.850394 27 12 50 27 -1 19 -85 19 -47 10 -30 20 -35 9 53 -38 73 -38 -42 23 -37 -42 15 -31 27 -28 -41 -25 -89 -33 -27 -27 -32 -31 -9 -32 7 -40 3 -34 -4 -37 -8 -35 22 -31 -88 -34 10 -31 -60 -32 -80 -36 40 
123 5 3 0 0.891192 43 -17 -70 -16 36 -16 45 -16 42 -14 27 -12 37 -7 -11 -14 -9 -19 -64 -11 14 -18 -8 -4 -17 -16 -38 -7 30 -9 -48 -7 33 -11 0 -5 42 -6 -62 -3 -73 -9 -29 -1 -46 4 17 1 21 2 -42 11 -41 9 40 3 -22 -1 -68 3 36 5 31 -6 -49 0 19 4 -4 3 -6 10 -48 10 -40 3 3 -15 -82 7 -73 -8 -82 -3 -74 2 -81 1 0.425532 10 -14 -18 -12 26 -14 -11 -14 -22 -13 -32 5 5 3 10 4 1 -12 -24 -13 -31 3 0.453608 11 16 -82 9 12 9 16 7 20 17 21 15 -76 16 57 15 43 24 -36 26 -15 15 26 
124 5 3 0 0.351738 43 -15 21 -4 27 -19 13 -6 29 -3 20 -8 12 -8 13 -3 16 5 24 5 -79 -12 46 -5 14 0 38 0 20 -7 -41 -3 13 -1 5 7 28 4 32 9 32 -14 -65 1 36 -4 -40 1 38 9 -77 1 -75 -6 -67 -1 -71 -8 -66 11 37 -4 -14 2 -58 -10 -64 -3 -70 2 45 -4 -50 2 -66 -8 -57 -3 -58 3 -39 0 -45 1 -68 -1 -18 1 0.940213 287 -12 -14 -14 -27 -12 13 -14 -12 -14 -22 -12 12 -12 28 -13 19 -14 25 -14 28 -14 -6 -9 25 -14 7 -14 21 -14 10 -13 -7 -14 -17 -13 3 -14 -18 -13 -8 -12 4 -11 0 -14 29 -10 -23 -13 -14 -14 -5 -12 -2 -13 -23 -11 -3 -12 0 -9 9 -7 12 -13 28 -12 -23 -11 20 -10 -28 -12 -7 -13 0 -9 -25 -11 26 -14 9 -10 25 -9 -22 -12 19 -13 -10 -11 -34 -7 7 -12 8 -12 14 -3 17 -12 19 -11 26 -8 11 -2 -27 -6 -12 -12 16 -7 -27 -8 27 -13 -1 -13 4 -12 26 -11 -19 -10 -22 -7 17 -3 -24 -7 19 -10 -2 -11 3 -6 -9 -10 28 -9 -27 -10 -5 -9 -28 0 3 -8 26 -12 28 1 4 -11 -2 -3 -8 -7 -4 -11 -15 -11 -20 -10 -17 -10 32 -12 -6 -10 0 -8 -10 -3 27 -11 33 -13 32 -7 -21 -9 3 -5 1 -4 -28 -1 -26 -6 -25 -6 -30 -7 -3 -4 -25 -4 19 -9 -7 -4 16 0 -1 -6 33 -9 -8 -6 13 -3 -17 -4 19 -10 35 2 -2 -4 -4 -2 19 -3 -4 0 3 -6 28 -3 -28 2 -34 -3 16 -10 -10 -5 24 -5 -12 -5 23 -2 6 -8 -27 4 1 -4 -11 -5 14 -9 20 -2 16 6 -3 -8 2 1 16 -4 -34 -4 -34 1 -22 -13 34 -8 -16 -7 -7 -10 -20 -3 -25 0 -32 -1 6 -4 -13 -12 -22 -2 3 -2 -1 -3 -31 -9 -20 -9 28 -5 20 -10 4 -1 -11 -4 -29 0 14 -8 4 -7 -28 0 -20 -3 -30 -9 35 0 -26 -8 -27 -7 5 -1 18 -5 6 5 -29 -1 8 -5 -26 -1 -19 -5 8 -9 27 -1 -14 -7 -35 -3 15 -3 -31 -9 34 3 0 -2 19 0 -11 -2 1 7 -6 -2 21 -2 18 -4 9 -10 35 -7 -13 3 5 0 -33 -5 33 -2 11 -7 35 -1 13 1 -9 1 26 -9 34 0 4 1 5 1 -24 -5 31 -3 -21 -1 -6 0 -17 2 -6 -7 32 -2 -7 4 -29 -5 -21 4 -3 -6 33 2 2 5 20 -4 30 -4 -18 -7 -19 -7 -21 -1 16 -2 -22 0 14 -2 9 -4 35 4 3 6 -27 -5 -21 -7 -11 0 8 1 14 -6 -14 4 -5 0 -28 -1 7 3 16 -1 -13 -6 34 -2 29 -3 -21 -8 -16 0 -14 -1 -22 2 10 6 -13 5 -13 3 10 -6 -13 3 -19 -2 35 0 -15 5 -1 4 -31 2 16 1 -21 2 23 -1 -24 6 25 6 0 3 20 4 8 0 14 -2 34 2 -26 2 17 -2 34 3 28 6 27 3 18 1 29 -12 -34 2 23 2 -16 1 24 9 24 -13 -30 3 -19 1 27 0 10 4 -17 2 12 6 21 5 15 5 15 4 -18 2 31 7 -15 2 14 1 28 5 12 4 16 2 30 3 -11 3 0.266667 30 14 8 -29 39 -32 -42 16 -58 16 -1 14 -7 16 20 15 -15 13 -26 11 -9 17 -43 15 10 17 -28 3 -87 12 -70 3 25 14 10 14 -11 8 -31 10 10 9 -85 11 -28 8 -20 -3 -69 21 11 4 -23 8 -5 20 11 12 -34 7 6 
125 5 3 0 0.733333 11 -6 -59 -8 -56 -5 -59 1 -48 5 -64 2 -19 1 -54 2 -54 3 -61 3 -23 8 -81 1 0.410256 4 1 32 4 31 2 32 0 31 3 0.761905 12 20 -22 6 -32 12 -81 17 -5 13 5 16 1 15 -1 9 53 15 55 7 -97 19 27 20 10 
126 5 3 0 0.820513 24 -4 33 -3 33 -6 38 -16 -59 -7 43 -9 -70 -7 -5 -4 45 0 39 6 -45 1 43 4 -30 7 -11 -4 -73 -4 -67 -3 -22 -6 -60 0 6 -1 -74 1 -32 2 -75 0 -24 6 -67 2 -35 1 0.0833333 1 -7 22 3 0.761905 20 13 -37 10 -29 7 -4 4 28 11 -32 4 -42 4 14 8 14 8 -70 7 -45 9 -9 8 -3 4 -5 10 -23 -6 -3 10 -17 -1 -41 -4 -10 -1 -56 -7 -7 
127 5 2 0 0.266667 3 1 -56 0 -58 4 -51 3 0.977778 33 0 3 -2 -82 -10 16 -5 -17 1 -50 -8 -52 -3 55 -9 50 9 3 6 -7 6 -13 -1 50 -4 56 -12 -26 13 -14 6 60 -9 55 8 -27 9 19 1 -33 11 3 14 -12 7 37 7 41 10 -4 -16 20 0 -94 -4 -2 1 -55 -1 -32 -5 70 1 39 1 -87 
128 5 4 0 0.222222 1 -13 -88 1 0.5 3 -5 -26 -7 -30 -9 -35 3 0.888889 10 8 -32 19 31 -22 -23 17 -20 16 -20 -24 -21 -21 71 -31 81 5 -9 -3 -95 4 0.222222 1 -17 -33 
129 5 2 0 0.977099 32 -9 -86 -15 -84 6 -91 3 68 17 -90 -17 -87 -5 -90 10 -85 9 -90 6 -85 -3 -86 11 -77 -11 -87 -16 -84 -22 -83 -15 -75 -10 -90 -1 -91 -7 -86 3 -83 -14 -76 -10 -76 -13 -88 -7 -77 -2 -77 -5 -87 -3 -83 1 -91 8 -84 1 -76 0 -83 3 -83 3 0.272727 3 -19 -96 -28 -97 14 -99 
130 5 2 1 0.986058 389 -16 5 -15 9 -15 -6 -14 -5 -15 14 -16 -3 -11 15 -16 16 -13 23 -12 36 -14 35 -16 -24 -15 -13 -15 -9 -15 9 -16 -4 -13 37 -14 2 -14 -23 -15 -16 -14 -14 -14 27 -14 -22 -13 23 -13 14 -13 22 -11 30 12 -39 -13 10 -12 -24 -9 -15 -15 1 -14 -9 -16 -3 -13 13 -12 27 -15 -26 -16 -3 -15 -12 -11 37 -14 -10 -16 -16 -12 18 -16 4 -12 32 -14 10 -11 35 -14 23 -15 -34 -14 -13 -12 -1 -11 27 -13 1 -13 -20 -9 20 1 38 5 -28 -10 39 -12 1 -11 11 -9 -18 -8 38 -15 -14 -9 29 -12 -11 -8 27 -9 34 -11 -5 -11 -16 -11 -17 0 -31 6 38 9 39 7 37 -8 -37 -9 -39 10 -23 -15 28 10 -2 10 4 8 30 -11 -36 9 20 7 39 7 -35 7 37 7 -33 -7 18 9 -13 -8 -4 7 -30 -5 26 -12 18 8 -34 -11 -11 -15 20 -9 16 -6 37 -9 21 -11 -7 -12 -10 -11 -8 -12 -32 4 2 -8 17 4 9 -12 -28 5 -5 -10 -30 1 6 6 34 -10 24 0 -4 8 33 3 -1 -13 -31 -11 -23 3 -8 -9 36 -12 -24 2 6 8 16 0 -7 -11 1 -13 -28 4 -1 -12 -7 -11 26 4 -31 -8 32 -5 10 -7 -15 5 35 -7 24 -2 32 -4 6 -4 4 -5 2 5 -7 8 -17 0 5 4 17 -2 30 0 39 -7 16 5 -19 4 36 3 34 -12 11 -8 5 -10 -5 4 14 -10 -26 2 -31 4 -28 -2 6 -6 -28 -9 -34 6 -36 8 -21 6 -33 -10 -39 3 -23 7 19 3 -19 -8 -19 8 25 7 38 1 -15 3 21 -1 -28 8 -22 5 -23 -2 5 6 1 -2 5 -3 -23 5 -39 3 -39 3 -16 10 -1 4 28 -6 31 11 -39 -9 14 -9 -13 -2 -32 9 2 -9 -16 2 -22 2 -26 1 16 0 -5 -10 35 -6 38 -5 23 -8 35 3 33 -11 13 5 -15 -10 -18 -5 20 4 32 -9 -26 -7 33 5 39 -3 24 -4 31 4 21 1 -28 -10 -34 2 35 1 -6 -9 17 -6 -14 -11 -28 3 -37 5 37 3 -21 -11 -31 -10 -24 -10 -21 -7 29 -9 -8 -2 4 -5 -12 5 -28 -1 -9 -2 -11 -8 16 -7 -11 -7 -1 -2 6 -11 -2 0 26 -4 29 1 21 -10 -1 -8 -8 -1 -17 -1 10 5 -7 -3 9 -7 -22 -1 28 -6 -10 -4 16 6 -12 1 -33 6 1 6 2 5 2 5 -13 -5 -24 6 -7 -4 -27 2 25 3 7 3 28 0 -17 1 -19 0 -19 -2 22 7 5 3 13 5 -15 -8 -19 4 -17 -9 -23 -3 -15 -1 -14 5 -22 6 18 6 -22 6 -13 0 16 1 7 2 16 3 17 4 -12 2 -27 -1 22 -5 34 0 18 -8 3 -8 30 2 -26 2 -27 -4 -31 3 6 1 23 2 -35 -10 11 0 -6 -5 5 -10 -11 0 35 -8 -13 4 16 1 33 -2 17 -2 35 -8 17 -9 -19 -7 4 -10 -10 5 -25 3 4 1 25 -2 22 -2 37 3 36 -5 -4 -5 32 2 32 -6 28 7 2 -5 -13 -3 23 6 10 -10 -34 1 3 -6 -15 3 12 4 -2 -6 21 3 17 2 0 -3 15 2 1 -4 8 -6 18 1 -23 5 2 2 32 -2 -4 -7 -16 0 -24 5 -26 -5 -31 2 14 -2 18 -4 -17 -3 17 -5 -10 -5 -19 2 -17 5 -24 -7 -8 1 6 2 26 -3 -2 -3 -17 -2 -14 -4 27 -9 -10 0 17 -2 -35 -5 -8 0 3 2 32 2 -20 3 -6 -10 8 -5 35 -2 17 -6 -15 -6 0 1 -23 1 12 5 -5 -1 -13 -1 32 -3 -4 -4 -5 -7 -21 4 -28 -9 -36 2 34 1 -29 0 24 1 34 1 -39 4 -38 0 -4 -7 2 -2 -25 -3 17 -7 -3 3 0.184486 22 -31 23 -13 43 -2 6 -12 23 -30 38 -24 59 -29 6 -26 -16 -5 -55 -27 -49 -25 -41 -2 6 -28 49 -1 15 -9 -6 -11 18 -18 47 -25 20 -8 58 -10 -94 -14 69 -23 68 
131 5 2 0 0.988235 21 -11 65 1 64 -1 66 -16 69 -13 64 -5 68 5 64 -18 54 -14 53 -10 58 -12 53 -4 51 -7 58 7 64 -5 56 12 64 -22 54 -4 69 -8 63 -9 62 0 57 3 0.16 1 14 -32 
132 5 3 0 0.173913 1 1 60 1 0.682927 7 -4 -38 -4 -37 -5 -38 -3 -38 -4 -34 -1 -28 -1 -32 3 0.857143 12 9 -89 -20 75 -39 -22 -8 -37 -36 49 -36 40 -33 53 -41 52 -43 28 -41 -17 -26 -41 6 29 
133 5 2 0 0.179104 3 -18 -6 -23 8 -15 68 3 0.986547 55 -41 -79 -43 3 -34 -81 -35 -42 -30 -83 -17 -59 -33 -26 -32 -30 -32 -27 -34 15 -34 -31 -32 -32 -28 73 9 -23 15 -31 -35 -35 12 -25 -16 24 -36 -24 15 -34 15 -28 -39 -43 -40 -38 -43 -28 -13 79 -43 -40 -9 68 -8 76 -5 -93 -42 -42 13 -8 -2 22 1 -11 -43 -29 -35 38 -31 14 14 -33 15 -31 -43 -9 -42 -32 9 23 -42 7 1 -42 0 61 3 35 2 -40 -8 36 2 -47 19 -43 11 23 3 -93 4 -76 7 9 8 -30 11 28 
134 5 3 0 0.941176 12 -13 68 -17 69 -13 68 -14 63 -18 58 -12 61 -18 63 -6 61 -20 66 -21 65 -10 62 -7 66 3 0.380952 2 -23 76 -11 81 4 0.222222 1 -21 -28 
135 5 2 0 0.0833333 1 -7 69 4 0.99435 44 -21 0 -20 -18 -22 8 -20 10 -21 -24 -25 -24 -25 -26 -23 9 -25 2 -23 7 -24 22 -22 2 -9 -22 -19 10 -20 25 -20 29 -12 20 -22 -18 -20 -41 -22 -26 -23 1 -25 32 -25 6 -25 25 -18 -11 -22 38 -18 16 -14 16 -23 -15 -20 -38 -24 7 -14 32 -20 33 -22 -23 -24 -17 -22 -16 -15 -33 -17 -12 -14 -7 -15 -26 -21 21 -23 -30 -24 9 -16 -8 
