10 122 0
0 0 -1 0 15 11 6 12 28 31 8 32 -11457 
1 1 -1 3 1 1 22 41 28 6 8 32 -4733 
2 1 -1 20 8 19 13 42 28 4 6 32 4890 
3 2 0 0 0 0 0 0 0 0 0 0 0 
4 2 -1 13 16 4 0 46 18 1 9 32 -1742 
5 2 -1 13 9 7 13 44 23 2 4 32 -314 
6 2 -1 17 0 1 3 40 4 5 15 32 -2639 
7 3 0 0 0 0 0 0 0 0 0 0 0 
8 3 0 0 0 0 0 0 0 0 0 0 0 
9 3 -1 20 7 20 22 40 31 7 4 32 39100 
10 3 -1 8 11 21 18 34 32 11 3 32 36487 
11 3 -1 12 6 17 19 46 38 1 8 32 -817 
12 3 -1 0 2 0 19 22 35 14 8 32 -3590 
13 3 -1 21 7 22 9 45 32 2 11 32 8604 
14 3 -1 14 14 0 7 40 22 2 24 32 -1354 
15 4 0 0 0 0 0 0 0 0 0 0 0 
16 4 0 0 0 0 0 0 0 0 0 0 0 
17 4 0 0 0 0 0 0 0 0 0 0 0 
18 4 0 0 0 0 0 0 0 0 0 0 0 
19 4 -1 38 18 0 0 31 15 0 0 6 -48 
20 4 4 0 0 0 0 0 0 0 0 0 0 
21 4 -1 16 4 5 3 35 35 11 11 32 -8469 
22 4 31 0 0 0 0 0 0 0 0 0 0 
23 4 -1 1 10 0 0 38 41 0 0 2 0 
24 4 -1 17 14 18 2 41 17 6 5 32 -1524 
25 4 -1 22 1 0 8 46 31 1 9 32 -511 
26 4 -1 17 1 21 0 46 29 1 16 32 -1449 
27 4 -1 15 17 6 4 23 31 16 10 32 -4848 
28 4 -1 19 12 12 10 42 39 4 3 32 11779 
29 4 -1 0 1 22 11 23 25 16 15 32 -1840 
30 4 -1 2 8 5 1 44 11 2 21 32 -491 
31 5 0 0 0 0 0 0 0 0 0 0 0 
32 5 0 0 0 0 0 0 0 0 0 0 0 
33 5 0 0 0 0 0 0 0 0 0 0 0 
34 5 0 0 0 0 0 0 0 0 0 0 0 
35 5 0 0 0 0 0 0 0 0 0 0 0 
36 5 0 0 0 0 0 0 0 0 0 0 0 
37 5 0 0 0 0 0 0 0 0 0 0 0 
38 5 0 0 0 0 0 0 0 0 0 0 0 
39 5 1 0 0 0 0 0 0 0 0 0 0 
40 5 -1 17 5 20 20 40 31 4 2 32 36557 
41 5 0 0 0 0 0 0 0 0 0 0 0 
42 5 0 0 0 0 0 0 0 0 0 0 0 
43 5 -1 0 8 17 3 43 24 1 2 32 5283 
44 5 -1 1 18 0 9 27 46 17 1 32 -227 
45 5 0 0 0 0 0 0 0 0 0 0 0 
46 5 0 0 0 0 0 0 0 0 0 0 0 
47 5 -1 4 17 17 13 27 36 15 9 32 -6977 
48 5 -1 37 7 0 0 29 24 0 0 15 -64 
49 5 -1 26 14 0 0 43 42 0 0 2 3 
50 5 -1 1 1 14 15 25 19 18 6 32 -360 
51 5 -1 14 12 20 2 35 35 3 1 32 -85 
52 5 -1 10 38 0 0 47 8 0 0 2 -1 
53 5 -1 8 40 0 0 46 21 0 0 17 3 
54 5 -1 11 13 0 0 0 11 0 0 17 49 
55 5 -1 1 15 7 14 25 44 8 3 32 2223 
56 5 -1 10 17 8 21 26 45 4 1 32 5534 
57 5 -1 11 8 2 17 36 27 4 15 32 1259 
58 5 111 0 0 0 0 0 0 0 0 0 0 
59 5 -1 7 13 14 22 44 39 1 4 32 7529 
60 5 116 0 0 0 0 0 0 0 0 0 0 
61 5 117 0 0 0 0 0 0 0 0 0 0 
62 5 -1 6 9 20 7 35 19 6 13 32 4853 
63 6 0 0 0 0 0 0 0 0 0 0 0 
64 6 0 0 0 0 0 0 0 0 0 0 0 
65 6 0 0 0 0 0 0 0 0 0 0 0 
66 6 0 0 0 0 0 0 0 0 0 0 0 
67 6 0 0 0 0 0 0 0 0 0 0 0 
68 6 0 0 0 0 0 0 0 0 0 0 0 
69 6 0 0 0 0 0 0 0 0 0 0 0 
70 6 0 0 0 0 0 0 0 0 0 0 0 
71 6 0 0 0 0 0 0 0 0 0 0 0 
72 6 0 0 0 0 0 0 0 0 0 0 0 
73 6 0 0 0 0 0 0 0 0 0 0 0 
74 6 0 0 0 0 0 0 0 0 0 0 0 
75 6 0 0 0 0 0 0 0 0 0 0 0 
76 6 0 0 0 0 0 0 0 0 0 0 0 
77 6 0 0 0 0 0 0 0 0 0 0 0 
78 6 0 0 0 0 0 0 0 0 0 0 0 
79 6 0 0 0 0 0 0 0 0 0 0 0 
80 6 0 0 0 0 0 0 0 0 0 0 0 
81 6 2 0 0 0 0 0 0 0 0 0 0 
82 6 3 0 0 0 0 0 0 0 0 0 0 
83 6 0 0 0 0 0 0 0 0 0 0 0 
84 6 0 0 0 0 0 0 0 0 0 0 0 
85 6 0 0 0 0 0 0 0 0 0 0 0 
86 6 0 0 0 0 0 0 0 0 0 0 0 
87 6 -1 17 14 0 1 40 45 5 1 32 -538 
88 6 -1 2 15 13 0 35 19 8 2 32 -1529 
89 6 -1 11 12 0 7 12 23 34 17 32 -52573 
90 6 -1 27 11 0 0 26 19 0 0 1 -6 
91 6 0 0 0 0 0 0 0 0 0 0 0 
92 6 0 0 0 0 0 0 0 0 0 0 0 
93 6 0 0 0 0 0 0 0 0 0 0 0 
94 6 0 0 0 0 0 0 0 0 0 0 0 
95 6 -1 40 38 0 0 13 6 0 0 15 2 
96 6 -1 10 6 0 0 40 5 0 0 1 -5 
97 6 36 0 0 0 0 0 0 0 0 0 0 
98 6 -1 18 3 11 15 39 43 6 4 32 -341 
99 6 39 0 0 0 0 0 0 0 0 0 0 
100 6 40 0 0 0 0 0 0 0 0 0 0 
101 6 -1 21 1 3 11 39 16 8 16 32 -5494 
102 6 44 0 0 0 0 0 0 0 0 0 0 
103 6 45 0 0 0 0 0 0 0 0 0 0 
104 6 -1 8 12 3 11 15 40 28 4 32 -2820 
105 6 48 0 0 0 0 0 0 0 0 0 0 
106 6 49 0 0 0 0 0 0 0 0 0 0 
107 6 50 0 0 0 0 0 0 0 0 0 0 
108 6 -1 41 43 0 0 26 43 0 0 20 2 
109 6 -1 19 40 0 0 47 16 0 0 18 18 
110 6 -1 18 20 13 6 40 39 5 3 32 -63 
111 6 -1 5 20 0 4 45 25 2 6 32 -504 
112 6 -1 19 7 1 3 43 15 4 17 32 -2422 
113 6 -1 5 12 2 8 7 37 8 9 32 -163 
114 6 -1 3 21 0 8 45 31 2 1 32 -67 
115 6 -1 0 21 8 0 30 35 3 1 32 -201 
116 6 110 0 0 0 0 0 0 0 0 0 0 
117 6 0 0 0 0 0 0 0 0 0 0 0 
118 6 0 0 0 0 0 0 0 0 0 0 0 
119 6 112 0 0 0 0 0 0 0 0 0 0 
120 6 -1 9 13 7 7 29 20 14 6 32 -1930 
121 6 0 0 0 0 0 0 0 0 0 0 0 
122 6 0 0 0 0 0 0 0 0 0 0 0 
123 6 0 0 0 0 0 0 0 0 0 0 0 
124 6 0 0 0 0 0 0 0 0 0 0 0 
125 6 -1 16 1 18 14 42 45 2 1 32 6840 
126 6 -1 4 15 3 3 13 35 6 5 32 -681 
127 7 0 0 0 0 0 0 0 0 0 0 0 
128 7 0 0 0 0 0 0 0 0 0 0 0 
129 7 0 0 0 0 0 0 0 0 0 0 0 
130 7 0 0 0 0 0 0 0 0 0 0 0 
131 7 0 0 0 0 0 0 0 0 0 0 0 
132 7 0 0 0 0 0 0 0 0 0 0 0 
133 7 0 0 0 0 0 0 0 0 0 0 0 
134 7 0 0 0 0 0 0 0 0 0 0 0 
135 7 0 0 0 0 0 0 0 0 0 0 0 
136 7 0 0 0 0 0 0 0 0 0 0 0 
137 7 0 0 0 0 0 0 0 0 0 0 0 
138 7 0 0 0 0 0 0 0 0 0 0 0 
139 7 0 0 0 0 0 0 0 0 0 0 0 
140 7 0 0 0 0 0 0 0 0 0 0 0 
141 7 0 0 0 0 0 0 0 0 0 0 0 
142 7 0 0 0 0 0 0 0 0 0 0 0 
143 7 0 0 0 0 0 0 0 0 0 0 0 
144 7 0 0 0 0 0 0 0 0 0 0 0 
145 7 0 0 0 0 0 0 0 0 0 0 0 
146 7 0 0 0 0 0 0 0 0 0 0 0 
147 7 0 0 0 0 0 0 0 0 0 0 0 
148 7 0 0 0 0 0 0 0 0 0 0 0 
149 7 0 0 0 0 0 0 0 0 0 0 0 
150 7 0 0 0 0 0 0 0 0 0 0 0 
151 7 0 0 0 0 0 0 0 0 0 0 0 
152 7 0 0 0 0 0 0 0 0 0 0 0 
153 7 0 0 0 0 0 0 0 0 0 0 0 
154 7 0 0 0 0 0 0 0 0 0 0 0 
155 7 0 0 0 0 0 0 0 0 0 0 0 
156 7 0 0 0 0 0 0 0 0 0 0 0 
157 7 0 0 0 0 0 0 0 0 0 0 0 
158 7 0 0 0 0 0 0 0 0 0 0 0 
159 7 0 0 0 0 0 0 0 0 0 0 0 
160 7 0 0 0 0 0 0 0 0 0 0 0 
161 7 0 0 0 0 0 0 0 0 0 0 0 
162 7 0 0 0 0 0 0 0 0 0 0 0 
163 7 0 0 0 0 0 0 0 0 0 0 0 
164 7 0 0 0 0 0 0 0 0 0 0 0 
165 7 0 0 0 0 0 0 0 0 0 0 0 
166 7 0 0 0 0 0 0 0 0 0 0 0 
167 7 0 0 0 0 0 0 0 0 0 0 0 
168 7 0 0 0 0 0 0 0 0 0 0 0 
169 7 0 0 0 0 0 0 0 0 0 0 0 
170 7 0 0 0 0 0 0 0 0 0 0 0 
171 7 0 0 0 0 0 0 0 0 0 0 0 
172 7 0 0 0 0 0 0 0 0 0 0 0 
173 7 0 0 0 0 0 0 0 0 0 0 0 
174 7 0 0 0 0 0 0 0 0 0 0 0 
175 7 -1 19 44 0 0 27 20 0 0 11 55 
176 7 11 0 0 0 0 0 0 0 0 0 0 
177 7 12 0 0 0 0 0 0 0 0 0 0 
178 7 -1 4 10 2 4 21 43 14 1 32 -532 
179 7 -1 8 3 13 19 45 42 2 4 32 24699 
180 7 24 0 0 0 0 0 0 0 0 0 0 
181 7 25 0 0 0 0 0 0 0 0 0 0 
182 7 -1 10 16 4 10 19 38 27 8 32 -698 
183 7 0 0 0 0 0 0 0 0 0 0 0 
184 7 0 0 0 0 0 0 0 0 0 0 0 
185 7 0 0 0 0 0 0 0 0 0 0 0 
186 7 0 0 0 0 0 0 0 0 0 0 0 
187 7 0 0 0 0 0 0 0 0 0 0 0 
188 7 0 0 0 0 0 0 0 0 0 0 0 
189 7 0 0 0 0 0 0 0 0 0 0 0 
190 7 0 0 0 0 0 0 0 0 0 0 0 
191 7 32 0 0 0 0 0 0 0 0 0 0 
192 7 33 0 0 0 0 0 0 0 0 0 0 
193 7 34 0 0 0 0 0 0 0 0 0 0 
194 7 35 0 0 0 0 0 0 0 0 0 0 
195 7 0 0 0 0 0 0 0 0 0 0 0 
196 7 0 0 0 0 0 0 0 0 0 0 0 
197 7 37 0 0 0 0 0 0 0 0 0 0 
198 7 38 0 0 0 0 0 0 0 0 0 0 
199 7 0 0 0 0 0 0 0 0 0 0 0 
200 7 0 0 0 0 0 0 0 0 0 0 0 
201 7 0 0 0 0 0 0 0 0 0 0 0 
202 7 0 0 0 0 0 0 0 0 0 0 0 
203 7 41 0 0 0 0 0 0 0 0 0 0 
204 7 -1 19 10 0 0 41 11 4 21 32 -3630 
205 7 0 0 0 0 0 0 0 0 0 0 0 
206 7 0 0 0 0 0 0 0 0 0 0 0 
207 7 0 0 0 0 0 0 0 0 0 0 0 
208 7 0 0 0 0 0 0 0 0 0 0 0 
209 7 46 0 0 0 0 0 0 0 0 0 0 
210 7 47 0 0 0 0 0 0 0 0 0 0 
211 7 0 0 0 0 0 0 0 0 0 0 0 
212 7 0 0 0 0 0 0 0 0 0 0 0 
213 7 0 0 0 0 0 0 0 0 0 0 0 
214 7 0 0 0 0 0 0 0 0 0 0 0 
215 7 0 0 0 0 0 0 0 0 0 0 0 
216 7 0 0 0 0 0 0 0 0 0 0 0 
217 7 51 0 0 0 0 0 0 0 0 0 0 
218 7 52 0 0 0 0 0 0 0 0 0 0 
219 7 -1 12 20 22 10 44 32 2 11 32 225 
220 7 -1 11 25 0 0 45 2 0 0 4 -19 
221 7 64 0 0 0 0 0 0 0 0 0 0 
222 7 -1 15 16 0 0 30 24 0 0 17 9 
223 7 -1 21 13 15 19 46 37 1 8 32 4757 
224 7 -1 46 3 0 0 16 31 0 0 0 8 
225 7 80 0 0 0 0 0 0 0 0 0 0 
226 7 -1 13 13 6 7 19 29 21 6 32 -2770 
227 7 -1 6 14 14 16 42 45 2 1 32 6614 
228 7 -1 21 4 19 11 43 33 4 14 32 5766 
229 7 -1 5 21 0 14 46 39 1 6 32 -394 
230 7 -1 18 12 11 11 37 40 9 2 32 3828 
231 7 105 0 0 0 0 0 0 0 0 0 0 
232 7 -1 5 7 19 1 25 19 18 14 32 -13642 
233 7 0 0 0 0 0 0 0 0 0 0 0 
234 7 0 0 0 0 0 0 0 0 0 0 0 
235 7 0 0 0 0 0 0 0 0 0 0 0 
236 7 0 0 0 0 0 0 0 0 0 0 0 
237 7 0 0 0 0 0 0 0 0 0 0 0 
238 7 0 0 0 0 0 0 0 0 0 0 0 
239 7 0 0 0 0 0 0 0 0 0 0 0 
240 7 0 0 0 0 0 0 0 0 0 0 0 
241 7 113 0 0 0 0 0 0 0 0 0 0 
242 7 -1 20 2 22 1 43 12 2 6 32 -214 
243 7 0 0 0 0 0 0 0 0 0 0 0 
244 7 0 0 0 0 0 0 0 0 0 0 0 
245 7 0 0 0 0 0 0 0 0 0 0 0 
246 7 0 0 0 0 0 0 0 0 0 0 0 
247 7 0 0 0 0 0 0 0 0 0 0 0 
248 7 0 0 0 0 0 0 0 0 0 0 0 
249 7 0 0 0 0 0 0 0 0 0 0 0 
250 7 0 0 0 0 0 0 0 0 0 0 0 
251 7 118 0 0 0 0 0 0 0 0 0 0 
252 7 119 0 0 0 0 0 0 0 0 0 0 
253 7 120 0 0 0 0 0 0 0 0 0 0 
254 7 121 0 0 0 0 0 0 0 0 0 0 
255 8 0 0 0 0 0 0 0 0 0 0 0 
256 8 0 0 0 0 0 0 0 0 0 0 0 
257 8 0 0 0 0 0 0 0 0 0 0 0 
258 8 0 0 0 0 0 0 0 0 0 0 0 
259 8 0 0 0 0 0 0 0 0 0 0 0 
260 8 0 0 0 0 0 0 0 0 0 0 0 
261 8 0 0 0 0 0 0 0 0 0 0 0 
262 8 0 0 0 0 0 0 0 0 0 0 0 
263 8 0 0 0 0 0 0 0 0 0 0 0 
264 8 0 0 0 0 0 0 0 0 0 0 0 
265 8 0 0 0 0 0 0 0 0 0 0 0 
266 8 0 0 0 0 0 0 0 0 0 0 0 
267 8 0 0 0 0 0 0 0 0 0 0 0 
268 8 0 0 0 0 0 0 0 0 0 0 0 
269 8 0 0 0 0 0 0 0 0 0 0 0 
270 8 0 0 0 0 0 0 0 0 0 0 0 
271 8 0 0 0 0 0 0 0 0 0 0 0 
272 8 0 0 0 0 0 0 0 0 0 0 0 
273 8 0 0 0 0 0 0 0 0 0 0 0 
274 8 0 0 0 0 0 0 0 0 0 0 0 
275 8 0 0 0 0 0 0 0 0 0 0 0 
276 8 0 0 0 0 0 0 0 0 0 0 0 
277 8 0 0 0 0 0 0 0 0 0 0 0 
278 8 0 0 0 0 0 0 0 0 0 0 0 
279 8 0 0 0 0 0 0 0 0 0 0 0 
280 8 0 0 0 0 0 0 0 0 0 0 0 
281 8 0 0 0 0 0 0 0 0 0 0 0 
282 8 0 0 0 0 0 0 0 0 0 0 0 
283 8 0 0 0 0 0 0 0 0 0 0 0 
284 8 0 0 0 0 0 0 0 0 0 0 0 
285 8 0 0 0 0 0 0 0 0 0 0 0 
286 8 0 0 0 0 0 0 0 0 0 0 0 
287 8 0 0 0 0 0 0 0 0 0 0 0 
288 8 0 0 0 0 0 0 0 0 0 0 0 
289 8 0 0 0 0 0 0 0 0 0 0 0 
290 8 0 0 0 0 0 0 0 0 0 0 0 
291 8 0 0 0 0 0 0 0 0 0 0 0 
292 8 0 0 0 0 0 0 0 0 0 0 0 
293 8 0 0 0 0 0 0 0 0 0 0 0 
294 8 0 0 0 0 0 0 0 0 0 0 0 
295 8 0 0 0 0 0 0 0 0 0 0 0 
296 8 0 0 0 0 0 0 0 0 0 0 0 
297 8 0 0 0 0 0 0 0 0 0 0 0 
298 8 0 0 0 0 0 0 0 0 0 0 0 
299 8 0 0 0 0 0 0 0 0 0 0 0 
300 8 0 0 0 0 0 0 0 0 0 0 0 
301 8 0 0 0 0 0 0 0 0 0 0 0 
302 8 0 0 0 0 0 0 0 0 0 0 0 
303 8 0 0 0 0 0 0 0 0 0 0 0 
304 8 0 0 0 0 0 0 0 0 0 0 0 
305 8 0 0 0 0 0 0 0 0 0 0 0 
306 8 0 0 0 0 0 0 0 0 0 0 0 
307 8 0 0 0 0 0 0 0 0 0 0 0 
308 8 0 0 0 0 0 0 0 0 0 0 0 
309 8 0 0 0 0 0 0 0 0 0 0 0 
310 8 0 0 0 0 0 0 0 0 0 0 0 
311 8 0 0 0 0 0 0 0 0 0 0 0 
312 8 0 0 0 0 0 0 0 0 0 0 0 
313 8 0 0 0 0 0 0 0 0 0 0 0 
314 8 0 0 0 0 0 0 0 0 0 0 0 
315 8 0 0 0 0 0 0 0 0 0 0 0 
316 8 0 0 0 0 0 0 0 0 0 0 0 
317 8 0 0 0 0 0 0 0 0 0 0 0 
318 8 0 0 0 0 0 0 0 0 0 0 0 
319 8 0 0 0 0 0 0 0 0 0 0 0 
320 8 0 0 0 0 0 0 0 0 0 0 0 
321 8 0 0 0 0 0 0 0 0 0 0 0 
322 8 0 0 0 0 0 0 0 0 0 0 0 
323 8 0 0 0 0 0 0 0 0 0 0 0 
324 8 0 0 0 0 0 0 0 0 0 0 0 
325 8 0 0 0 0 0 0 0 0 0 0 0 
326 8 0 0 0 0 0 0 0 0 0 0 0 
327 8 0 0 0 0 0 0 0 0 0 0 0 
328 8 0 0 0 0 0 0 0 0 0 0 0 
329 8 0 0 0 0 0 0 0 0 0 0 0 
330 8 0 0 0 0 0 0 0 0 0 0 0 
331 8 0 0 0 0 0 0 0 0 0 0 0 
332 8 0 0 0 0 0 0 0 0 0 0 0 
333 8 0 0 0 0 0 0 0 0 0 0 0 
334 8 0 0 0 0 0 0 0 0 0 0 0 
335 8 0 0 0 0 0 0 0 0 0 0 0 
336 8 0 0 0 0 0 0 0 0 0 0 0 
337 8 0 0 0 0 0 0 0 0 0 0 0 
338 8 0 0 0 0 0 0 0 0 0 0 0 
339 8 0 0 0 0 0 0 0 0 0 0 0 
340 8 0 0 0 0 0 0 0 0 0 0 0 
341 8 0 0 0 0 0 0 0 0 0 0 0 
342 8 0 0 0 0 0 0 0 0 0 0 0 
343 8 0 0 0 0 0 0 0 0 0 0 0 
344 8 0 0 0 0 0 0 0 0 0 0 0 
345 8 0 0 0 0 0 0 0 0 0 0 0 
346 8 0 0 0 0 0 0 0 0 0 0 0 
347 8 0 0 0 0 0 0 0 0 0 0 0 
348 8 0 0 0 0 0 0 0 0 0 0 0 
349 8 0 0 0 0 0 0 0 0 0 0 0 
350 8 0 0 0 0 0 0 0 0 0 0 0 
351 8 -1 3 15 9 18 26 41 2 1 32 9899 
352 8 -1 4 34 0 0 32 7 0 0 5 21 
353 8 0 0 0 0 0 0 0 0 0 0 0 
354 8 0 0 0 0 0 0 0 0 0 0 0 
355 8 0 0 0 0 0 0 0 0 0 0 0 
356 8 0 0 0 0 0 0 0 0 0 0 0 
357 8 -1 13 2 21 19 41 43 2 3 32 36068 
358 8 -1 38 29 0 0 2 21 0 0 17 5 
359 8 -1 32 12 0 0 13 8 0 0 16 0 
360 8 -1 39 43 0 0 45 16 0 0 11 -13 
361 8 0 0 0 0 0 0 0 0 0 0 0 
362 8 0 0 0 0 0 0 0 0 0 0 0 
363 8 0 0 0 0 0 0 0 0 0 0 0 
364 8 0 0 0 0 0 0 0 0 0 0 0 
365 8 -1 47 15 0 0 20 36 0 0 4 -54 
366 8 -1 42 27 0 0 17 25 0 0 18 26 
367 8 0 0 0 0 0 0 0 0 0 0 0 
368 8 0 0 0 0 0 0 0 0 0 0 0 
369 8 0 0 0 0 0 0 0 0 0 0 0 
370 8 0 0 0 0 0 0 0 0 0 0 0 
371 8 0 0 0 0 0 0 0 0 0 0 0 
372 8 0 0 0 0 0 0 0 0 0 0 0 
373 8 0 0 0 0 0 0 0 0 0 0 0 
374 8 0 0 0 0 0 0 0 0 0 0 0 
375 8 0 0 0 0 0 0 0 0 0 0 0 
376 8 0 0 0 0 0 0 0 0 0 0 0 
377 8 0 0 0 0 0 0 0 0 0 0 0 
378 8 0 0 0 0 0 0 0 0 0 0 0 
379 8 0 0 0 0 0 0 0 0 0 0 0 
380 8 0 0 0 0 0 0 0 0 0 0 0 
381 8 0 0 0 0 0 0 0 0 0 0 0 
382 8 0 0 0 0 0 0 0 0 0 0 0 
383 8 0 0 0 0 0 0 0 0 0 0 0 
384 8 0 0 0 0 0 0 0 0 0 0 0 
385 8 0 0 0 0 0 0 0 0 0 0 0 
386 8 0 0 0 0 0 0 0 0 0 0 0 
387 8 0 0 0 0 0 0 0 0 0 0 0 
388 8 0 0 0 0 0 0 0 0 0 0 0 
389 8 0 0 0 0 0 0 0 0 0 0 0 
390 8 0 0 0 0 0 0 0 0 0 0 0 
391 8 0 0 0 0 0 0 0 0 0 0 0 
392 8 0 0 0 0 0 0 0 0 0 0 0 
393 8 0 0 0 0 0 0 0 0 0 0 0 
394 8 0 0 0 0 0 0 0 0 0 0 0 
395 8 0 0 0 0 0 0 0 0 0 0 0 
396 8 0 0 0 0 0 0 0 0 0 0 0 
397 8 0 0 0 0 0 0 0 0 0 0 0 
398 8 0 0 0 0 0 0 0 0 0 0 0 
399 8 0 0 0 0 0 0 0 0 0 0 0 
400 8 0 0 0 0 0 0 0 0 0 0 0 
401 8 0 0 0 0 0 0 0 0 0 0 0 
402 8 0 0 0 0 0 0 0 0 0 0 0 
403 8 0 0 0 0 0 0 0 0 0 0 0 
404 8 0 0 0 0 0 0 0 0 0 0 0 
405 8 0 0 0 0 0 0 0 0 0 0 0 
406 8 0 0 0 0 0 0 0 0 0 0 0 
407 8 0 0 0 0 0 0 0 0 0 0 0 
408 8 0 0 0 0 0 0 0 0 0 0 0 
409 8 42 0 0 0 0 0 0 0 0 0 0 
410 8 43 0 0 0 0 0 0 0 0 0 0 
411 8 0 0 0 0 0 0 0 0 0 0 0 
412 8 0 0 0 0 0 0 0 0 0 0 0 
413 8 0 0 0 0 0 0 0 0 0 0 0 
414 8 0 0 0 0 0 0 0 0 0 0 0 
415 8 0 0 0 0 0 0 0 0 0 0 0 
416 8 0 0 0 0 0 0 0 0 0 0 0 
417 8 0 0 0 0 0 0 0 0 0 0 0 
418 8 0 0 0 0 0 0 0 0 0 0 0 
419 8 0 0 0 0 0 0 0 0 0 0 0 
420 8 0 0 0 0 0 0 0 0 0 0 0 
421 8 0 0 0 0 0 0 0 0 0 0 0 
422 8 0 0 0 0 0 0 0 0 0 0 0 
423 8 0 0 0 0 0 0 0 0 0 0 0 
424 8 0 0 0 0 0 0 0 0 0 0 0 
425 8 0 0 0 0 0 0 0 0 0 0 0 
426 8 0 0 0 0 0 0 0 0 0 0 0 
427 8 0 0 0 0 0 0 0 0 0 0 0 
428 8 0 0 0 0 0 0 0 0 0 0 0 
429 8 0 0 0 0 0 0 0 0 0 0 0 
430 8 0 0 0 0 0 0 0 0 0 0 0 
431 8 0 0 0 0 0 0 0 0 0 0 0 
432 8 0 0 0 0 0 0 0 0 0 0 0 
433 8 0 0 0 0 0 0 0 0 0 0 0 
434 8 0 0 0 0 0 0 0 0 0 0 0 
435 8 0 0 0 0 0 0 0 0 0 0 0 
436 8 0 0 0 0 0 0 0 0 0 0 0 
437 8 0 0 0 0 0 0 0 0 0 0 0 
438 8 0 0 0 0 0 0 0 0 0 0 0 
439 8 -1 8 9 0 0 14 22 0 0 0 -4 
440 8 -1 8 21 21 12 36 40 2 5 32 7968 
441 8 60 0 0 0 0 0 0 0 0 0 0 
442 8 -1 36 17 0 0 19 4 0 0 15 71 
443 8 0 0 0 0 0 0 0 0 0 0 0 
444 8 0 0 0 0 0 0 0 0 0 0 0 
445 8 -1 3 2 0 0 32 43 0 0 2 0 
446 8 -1 14 13 0 0 0 43 0 0 18 99 
447 8 71 0 0 0 0 0 0 0 0 0 0 
448 8 72 0 0 0 0 0 0 0 0 0 0 
449 8 -1 14 20 8 7 44 30 1 15 32 1135 
450 8 -1 19 9 15 15 35 25 2 7 32 8010 
451 8 0 0 0 0 0 0 0 0 0 0 0 
452 8 0 0 0 0 0 0 0 0 0 0 0 
453 8 -1 14 6 1 18 38 46 7 1 32 1068 
454 8 84 0 0 0 0 0 0 0 0 0 0 
455 8 85 0 0 0 0 0 0 0 0 0 0 
456 8 -1 20 20 0 4 30 31 9 10 32 -3039 
457 8 -1 5 14 14 5 32 22 12 6 32 -2641 
458 8 92 0 0 0 0 0 0 0 0 0 0 
459 8 -1 11 7 6 4 31 28 16 14 32 -7014 
460 8 -1 14 20 7 18 22 42 14 2 32 4489 
461 8 101 0 0 0 0 0 0 0 0 0 0 
462 8 -1 20 8 21 1 41 40 1 1 32 787 
463 8 0 0 0 0 0 0 0 0 0 0 0 
464 8 0 0 0 0 0 0 0 0 0 0 0 
465 8 -1 29 22 0 0 17 28 0 0 12 -7 
466 8 -1 17 19 11 10 46 40 1 4 32 800 
467 8 0 0 0 0 0 0 0 0 0 0 0 
468 8 0 0 0 0 0 0 0 0 0 0 0 
469 8 0 0 0 0 0 0 0 0 0 0 0 
470 8 0 0 0 0 0 0 0 0 0 0 0 
471 8 0 0 0 0 0 0 0 0 0 0 0 
472 8 0 0 0 0 0 0 0 0 0 0 0 
473 8 0 0 0 0 0 0 0 0 0 0 0 
474 8 0 0 0 0 0 0 0 0 0 0 0 
475 8 0 0 0 0 0 0 0 0 0 0 0 
476 8 0 0 0 0 0 0 0 0 0 0 0 
477 8 0 0 0 0 0 0 0 0 0 0 0 
478 8 0 0 0 0 0 0 0 0 0 0 0 
479 8 0 0 0 0 0 0 0 0 0 0 0 
480 8 0 0 0 0 0 0 0 0 0 0 0 
481 8 0 0 0 0 0 0 0 0 0 0 0 
482 8 0 0 0 0 0 0 0 0 0 0 0 
483 8 0 0 0 0 0 0 0 0 0 0 0 
484 8 0 0 0 0 0 0 0 0 0 0 0 
485 8 114 0 0 0 0 0 0 0 0 0 0 
486 8 115 0 0 0 0 0 0 0 0 0 0 
487 8 0 0 0 0 0 0 0 0 0 0 0 
488 8 0 0 0 0 0 0 0 0 0 0 0 
489 8 0 0 0 0 0 0 0 0 0 0 0 
490 8 0 0 0 0 0 0 0 0 0 0 0 
491 8 0 0 0 0 0 0 0 0 0 0 0 
492 8 0 0 0 0 0 0 0 0 0 0 0 
493 8 0 0 0 0 0 0 0 0 0 0 0 
494 8 0 0 0 0 0 0 0 0 0 0 0 
495 8 0 0 0 0 0 0 0 0 0 0 0 
496 8 0 0 0 0 0 0 0 0 0 0 0 
497 8 0 0 0 0 0 0 0 0 0 0 0 
498 8 0 0 0 0 0 0 0 0 0 0 0 
499 8 0 0 0 0 0 0 0 0 0 0 0 
500 8 0 0 0 0 0 0 0 0 0 0 0 
501 8 0 0 0 0 0 0 0 0 0 0 0 
502 8 0 0 0 0 0 0 0 0 0 0 0 
503 8 0 0 0 0 0 0 0 0 0 0 0 
504 8 0 0 0 0 0 0 0 0 0 0 0 
505 8 0 0 0 0 0 0 0 0 0 0 0 
506 8 0 0 0 0 0 0 0 0 0 0 0 
507 8 0 0 0 0 0 0 0 0 0 0 0 
508 8 0 0 0 0 0 0 0 0 0 0 0 
509 8 0 0 0 0 0 0 0 0 0 0 0 
510 8 0 0 0 0 0 0 0 0 0 0 0 
511 9 0 0 0 0 0 0 0 0 0 0 0 
512 9 0 0 0 0 0 0 0 0 0 0 0 
513 9 0 0 0 0 0 0 0 0 0 0 0 
514 9 0 0 0 0 0 0 0 0 0 0 0 
515 9 0 0 0 0 0 0 0 0 0 0 0 
516 9 0 0 0 0 0 0 0 0 0 0 0 
517 9 0 0 0 0 0 0 0 0 0 0 0 
518 9 0 0 0 0 0 0 0 0 0 0 0 
519 9 0 0 0 0 0 0 0 0 0 0 0 
520 9 0 0 0 0 0 0 0 0 0 0 0 
521 9 0 0 0 0 0 0 0 0 0 0 0 
522 9 0 0 0 0 0 0 0 0 0 0 0 
523 9 0 0 0 0 0 0 0 0 0 0 0 
524 9 0 0 0 0 0 0 0 0 0 0 0 
525 9 0 0 0 0 0 0 0 0 0 0 0 
526 9 0 0 0 0 0 0 0 0 0 0 0 
527 9 0 0 0 0 0 0 0 0 0 0 0 
528 9 0 0 0 0 0 0 0 0 0 0 0 
529 9 0 0 0 0 0 0 0 0 0 0 0 
530 9 0 0 0 0 0 0 0 0 0 0 0 
531 9 0 0 0 0 0 0 0 0 0 0 0 
532 9 0 0 0 0 0 0 0 0 0 0 0 
533 9 0 0 0 0 0 0 0 0 0 0 0 
534 9 0 0 0 0 0 0 0 0 0 0 0 
535 9 0 0 0 0 0 0 0 0 0 0 0 
536 9 0 0 0 0 0 0 0 0 0 0 0 
537 9 0 0 0 0 0 0 0 0 0 0 0 
538 9 0 0 0 0 0 0 0 0 0 0 0 
539 9 0 0 0 0 0 0 0 0 0 0 0 
540 9 0 0 0 0 0 0 0 0 0 0 0 
541 9 0 0 0 0 0 0 0 0 0 0 0 
542 9 0 0 0 0 0 0 0 0 0 0 0 
543 9 0 0 0 0 0 0 0 0 0 0 0 
544 9 0 0 0 0 0 0 0 0 0 0 0 
545 9 0 0 0 0 0 0 0 0 0 0 0 
546 9 0 0 0 0 0 0 0 0 0 0 0 
547 9 0 0 0 0 0 0 0 0 0 0 0 
548 9 0 0 0 0 0 0 0 0 0 0 0 
549 9 0 0 0 0 0 0 0 0 0 0 0 
550 9 0 0 0 0 0 0 0 0 0 0 0 
551 9 0 0 0 0 0 0 0 0 0 0 0 
552 9 0 0 0 0 0 0 0 0 0 0 0 
553 9 0 0 0 0 0 0 0 0 0 0 0 
554 9 0 0 0 0 0 0 0 0 0 0 0 
555 9 0 0 0 0 0 0 0 0 0 0 0 
556 9 0 0 0 0 0 0 0 0 0 0 0 
557 9 0 0 0 0 0 0 0 0 0 0 0 
558 9 0 0 0 0 0 0 0 0 0 0 0 
559 9 0 0 0 0 0 0 0 0 0 0 0 
560 9 0 0 0 0 0 0 0 0 0 0 0 
561 9 0 0 0 0 0 0 0 0 0 0 0 
562 9 0 0 0 0 0 0 0 0 0 0 0 
563 9 0 0 0 0 0 0 0 0 0 0 0 
564 9 0 0 0 0 0 0 0 0 0 0 0 
565 9 0 0 0 0 0 0 0 0 0 0 0 
566 9 0 0 0 0 0 0 0 0 0 0 0 
567 9 0 0 0 0 0 0 0 0 0 0 0 
568 9 0 0 0 0 0 0 0 0 0 0 0 
569 9 0 0 0 0 0 0 0 0 0 0 0 
570 9 0 0 0 0 0 0 0 0 0 0 0 
571 9 0 0 0 0 0 0 0 0 0 0 0 
572 9 0 0 0 0 0 0 0 0 0 0 0 
573 9 0 0 0 0 0 0 0 0 0 0 0 
574 9 0 0 0 0 0 0 0 0 0 0 0 
575 9 0 0 0 0 0 0 0 0 0 0 0 
576 9 0 0 0 0 0 0 0 0 0 0 0 
577 9 0 0 0 0 0 0 0 0 0 0 0 
578 9 0 0 0 0 0 0 0 0 0 0 0 
579 9 0 0 0 0 0 0 0 0 0 0 0 
580 9 0 0 0 0 0 0 0 0 0 0 0 
581 9 0 0 0 0 0 0 0 0 0 0 0 
582 9 0 0 0 0 0 0 0 0 0 0 0 
583 9 0 0 0 0 0 0 0 0 0 0 0 
584 9 0 0 0 0 0 0 0 0 0 0 0 
585 9 0 0 0 0 0 0 0 0 0 0 0 
586 9 0 0 0 0 0 0 0 0 0 0 0 
587 9 0 0 0 0 0 0 0 0 0 0 0 
588 9 0 0 0 0 0 0 0 0 0 0 0 
589 9 0 0 0 0 0 0 0 0 0 0 0 
590 9 0 0 0 0 0 0 0 0 0 0 0 
591 9 0 0 0 0 0 0 0 0 0 0 0 
592 9 0 0 0 0 0 0 0 0 0 0 0 
593 9 0 0 0 0 0 0 0 0 0 0 0 
594 9 0 0 0 0 0 0 0 0 0 0 0 
595 9 0 0 0 0 0 0 0 0 0 0 0 
596 9 0 0 0 0 0 0 0 0 0 0 0 
597 9 0 0 0 0 0 0 0 0 0 0 0 
598 9 0 0 0 0 0 0 0 0 0 0 0 
599 9 0 0 0 0 0 0 0 0 0 0 0 
600 9 0 0 0 0 0 0 0 0 0 0 0 
601 9 0 0 0 0 0 0 0 0 0 0 0 
602 9 0 0 0 0 0 0 0 0 0 0 0 
603 9 0 0 0 0 0 0 0 0 0 0 0 
604 9 0 0 0 0 0 0 0 0 0 0 0 
605 9 0 0 0 0 0 0 0 0 0 0 0 
606 9 0 0 0 0 0 0 0 0 0 0 0 
607 9 0 0 0 0 0 0 0 0 0 0 0 
608 9 0 0 0 0 0 0 0 0 0 0 0 
609 9 0 0 0 0 0 0 0 0 0 0 0 
610 9 0 0 0 0 0 0 0 0 0 0 0 
611 9 0 0 0 0 0 0 0 0 0 0 0 
612 9 0 0 0 0 0 0 0 0 0 0 0 
613 9 0 0 0 0 0 0 0 0 0 0 0 
614 9 0 0 0 0 0 0 0 0 0 0 0 
615 9 0 0 0 0 0 0 0 0 0 0 0 
616 9 0 0 0 0 0 0 0 0 0 0 0 
617 9 0 0 0 0 0 0 0 0 0 0 0 
618 9 0 0 0 0 0 0 0 0 0 0 0 
619 9 0 0 0 0 0 0 0 0 0 0 0 
620 9 0 0 0 0 0 0 0 0 0 0 0 
621 9 0 0 0 0 0 0 0 0 0 0 0 
622 9 0 0 0 0 0 0 0 0 0 0 0 
623 9 0 0 0 0 0 0 0 0 0 0 0 
624 9 0 0 0 0 0 0 0 0 0 0 0 
625 9 0 0 0 0 0 0 0 0 0 0 0 
626 9 0 0 0 0 0 0 0 0 0 0 0 
627 9 0 0 0 0 0 0 0 0 0 0 0 
628 9 0 0 0 0 0 0 0 0 0 0 0 
629 9 0 0 0 0 0 0 0 0 0 0 0 
630 9 0 0 0 0 0 0 0 0 0 0 0 
631 9 0 0 0 0 0 0 0 0 0 0 0 
632 9 0 0 0 0 0 0 0 0 0 0 0 
633 9 0 0 0 0 0 0 0 0 0 0 0 
634 9 0 0 0 0 0 0 0 0 0 0 0 
635 9 0 0 0 0 0 0 0 0 0 0 0 
636 9 0 0 0 0 0 0 0 0 0 0 0 
637 9 0 0 0 0 0 0 0 0 0 0 0 
638 9 0 0 0 0 0 0 0 0 0 0 0 
639 9 0 0 0 0 0 0 0 0 0 0 0 
640 9 0 0 0 0 0 0 0 0 0 0 0 
641 9 0 0 0 0 0 0 0 0 0 0 0 
642 9 0 0 0 0 0 0 0 0 0 0 0 
643 9 0 0 0 0 0 0 0 0 0 0 0 
644 9 0 0 0 0 0 0 0 0 0 0 0 
645 9 0 0 0 0 0 0 0 0 0 0 0 
646 9 0 0 0 0 0 0 0 0 0 0 0 
647 9 0 0 0 0 0 0 0 0 0 0 0 
648 9 0 0 0 0 0 0 0 0 0 0 0 
649 9 0 0 0 0 0 0 0 0 0 0 0 
650 9 0 0 0 0 0 0 0 0 0 0 0 
651 9 0 0 0 0 0 0 0 0 0 0 0 
652 9 0 0 0 0 0 0 0 0 0 0 0 
653 9 0 0 0 0 0 0 0 0 0 0 0 
654 9 0 0 0 0 0 0 0 0 0 0 0 
655 9 0 0 0 0 0 0 0 0 0 0 0 
656 9 0 0 0 0 0 0 0 0 0 0 0 
657 9 0 0 0 0 0 0 0 0 0 0 0 
658 9 0 0 0 0 0 0 0 0 0 0 0 
659 9 0 0 0 0 0 0 0 0 0 0 0 
660 9 0 0 0 0 0 0 0 0 0 0 0 
661 9 0 0 0 0 0 0 0 0 0 0 0 
662 9 0 0 0 0 0 0 0 0 0 0 0 
663 9 0 0 0 0 0 0 0 0 0 0 0 
664 9 0 0 0 0 0 0 0 0 0 0 0 
665 9 0 0 0 0 0 0 0 0 0 0 0 
666 9 0 0 0 0 0 0 0 0 0 0 0 
667 9 0 0 0 0 0 0 0 0 0 0 0 
668 9 0 0 0 0 0 0 0 0 0 0 0 
669 9 0 0 0 0 0 0 0 0 0 0 0 
670 9 0 0 0 0 0 0 0 0 0 0 0 
671 9 0 0 0 0 0 0 0 0 0 0 0 
672 9 0 0 0 0 0 0 0 0 0 0 0 
673 9 0 0 0 0 0 0 0 0 0 0 0 
674 9 0 0 0 0 0 0 0 0 0 0 0 
675 9 0 0 0 0 0 0 0 0 0 0 0 
676 9 0 0 0 0 0 0 0 0 0 0 0 
677 9 0 0 0 0 0 0 0 0 0 0 0 
678 9 0 0 0 0 0 0 0 0 0 0 0 
679 9 0 0 0 0 0 0 0 0 0 0 0 
680 9 0 0 0 0 0 0 0 0 0 0 0 
681 9 0 0 0 0 0 0 0 0 0 0 0 
682 9 0 0 0 0 0 0 0 0 0 0 0 
683 9 0 0 0 0 0 0 0 0 0 0 0 
684 9 0 0 0 0 0 0 0 0 0 0 0 
685 9 0 0 0 0 0 0 0 0 0 0 0 
686 9 0 0 0 0 0 0 0 0 0 0 0 
687 9 0 0 0 0 0 0 0 0 0 0 0 
688 9 0 0 0 0 0 0 0 0 0 0 0 
689 9 0 0 0 0 0 0 0 0 0 0 0 
690 9 0 0 0 0 0 0 0 0 0 0 0 
691 9 0 0 0 0 0 0 0 0 0 0 0 
692 9 0 0 0 0 0 0 0 0 0 0 0 
693 9 0 0 0 0 0 0 0 0 0 0 0 
694 9 0 0 0 0 0 0 0 0 0 0 0 
695 9 0 0 0 0 0 0 0 0 0 0 0 
696 9 0 0 0 0 0 0 0 0 0 0 0 
697 9 0 0 0 0 0 0 0 0 0 0 0 
698 9 0 0 0 0 0 0 0 0 0 0 0 
699 9 0 0 0 0 0 0 0 0 0 0 0 
700 9 0 0 0 0 0 0 0 0 0 0 0 
701 9 0 0 0 0 0 0 0 0 0 0 0 
702 9 0 0 0 0 0 0 0 0 0 0 0 
703 9 5 0 0 0 0 0 0 0 0 0 0 
704 9 -1 10 47 0 0 15 47 0 0 1 -8 
705 9 -1 26 3 0 0 27 41 0 0 17 10 
706 9 10 0 0 0 0 0 0 0 0 0 0 
707 9 0 0 0 0 0 0 0 0 0 0 0 
708 9 0 0 0 0 0 0 0 0 0 0 0 
709 9 0 0 0 0 0 0 0 0 0 0 0 
710 9 0 0 0 0 0 0 0 0 0 0 0 
711 9 0 0 0 0 0 0 0 0 0 0 0 
712 9 0 0 0 0 0 0 0 0 0 0 0 
713 9 0 0 0 0 0 0 0 0 0 0 0 
714 9 0 0 0 0 0 0 0 0 0 0 0 
715 9 13 0 0 0 0 0 0 0 0 0 0 
716 9 -1 1 40 0 0 38 41 0 0 6 23 
717 9 16 0 0 0 0 0 0 0 0 0 0 
718 9 17 0 0 0 0 0 0 0 0 0 0 
719 9 -1 26 45 0 0 22 25 0 0 1 -11 
720 9 -1 6 19 0 0 25 47 0 0 5 0 
721 9 22 0 0 0 0 0 0 0 0 0 0 
722 9 23 0 0 0 0 0 0 0 0 0 0 
723 9 0 0 0 0 0 0 0 0 0 0 0 
724 9 0 0 0 0 0 0 0 0 0 0 0 
725 9 0 0 0 0 0 0 0 0 0 0 0 
726 9 0 0 0 0 0 0 0 0 0 0 0 
727 9 0 0 0 0 0 0 0 0 0 0 0 
728 9 0 0 0 0 0 0 0 0 0 0 0 
729 9 0 0 0 0 0 0 0 0 0 0 0 
730 9 0 0 0 0 0 0 0 0 0 0 0 
731 9 26 0 0 0 0 0 0 0 0 0 0 
732 9 -1 4 15 0 9 23 44 16 3 32 -197 
733 9 29 0 0 0 0 0 0 0 0 0 0 
734 9 30 0 0 0 0 0 0 0 0 0 0 
735 9 0 0 0 0 0 0 0 0 0 0 0 
736 9 0 0 0 0 0 0 0 0 0 0 0 
737 9 0 0 0 0 0 0 0 0 0 0 0 
738 9 0 0 0 0 0 0 0 0 0 0 0 
739 9 0 0 0 0 0 0 0 0 0 0 0 
740 9 0 0 0 0 0 0 0 0 0 0 0 
741 9 0 0 0 0 0 0 0 0 0 0 0 
742 9 0 0 0 0 0 0 0 0 0 0 0 
743 9 0 0 0 0 0 0 0 0 0 0 0 
744 9 0 0 0 0 0 0 0 0 0 0 0 
745 9 0 0 0 0 0 0 0 0 0 0 0 
746 9 0 0 0 0 0 0 0 0 0 0 0 
747 9 0 0 0 0 0 0 0 0 0 0 0 
748 9 0 0 0 0 0 0 0 0 0 0 0 
749 9 0 0 0 0 0 0 0 0 0 0 0 
750 9 0 0 0 0 0 0 0 0 0 0 0 
751 9 0 0 0 0 0 0 0 0 0 0 0 
752 9 0 0 0 0 0 0 0 0 0 0 0 
753 9 0 0 0 0 0 0 0 0 0 0 0 
754 9 0 0 0 0 0 0 0 0 0 0 0 
755 9 0 0 0 0 0 0 0 0 0 0 0 
756 9 0 0 0 0 0 0 0 0 0 0 0 
757 9 0 0 0 0 0 0 0 0 0 0 0 
758 9 0 0 0 0 0 0 0 0 0 0 0 
759 9 0 0 0 0 0 0 0 0 0 0 0 
760 9 0 0 0 0 0 0 0 0 0 0 0 
761 9 0 0 0 0 0 0 0 0 0 0 0 
762 9 0 0 0 0 0 0 0 0 0 0 0 
763 9 0 0 0 0 0 0 0 0 0 0 0 
764 9 0 0 0 0 0 0 0 0 0 0 0 
765 9 0 0 0 0 0 0 0 0 0 0 0 
766 9 0 0 0 0 0 0 0 0 0 0 0 
767 9 0 0 0 0 0 0 0 0 0 0 0 
768 9 0 0 0 0 0 0 0 0 0 0 0 
769 9 0 0 0 0 0 0 0 0 0 0 0 
770 9 0 0 0 0 0 0 0 0 0 0 0 
771 9 0 0 0 0 0 0 0 0 0 0 0 
772 9 0 0 0 0 0 0 0 0 0 0 0 
773 9 0 0 0 0 0 0 0 0 0 0 0 
774 9 0 0 0 0 0 0 0 0 0 0 0 
775 9 0 0 0 0 0 0 0 0 0 0 0 
776 9 0 0 0 0 0 0 0 0 0 0 0 
777 9 0 0 0 0 0 0 0 0 0 0 0 
778 9 0 0 0 0 0 0 0 0 0 0 0 
779 9 0 0 0 0 0 0 0 0 0 0 0 
780 9 0 0 0 0 0 0 0 0 0 0 0 
781 9 0 0 0 0 0 0 0 0 0 0 0 
782 9 0 0 0 0 0 0 0 0 0 0 0 
783 9 0 0 0 0 0 0 0 0 0 0 0 
784 9 0 0 0 0 0 0 0 0 0 0 0 
785 9 0 0 0 0 0 0 0 0 0 0 0 
786 9 0 0 0 0 0 0 0 0 0 0 0 
787 9 0 0 0 0 0 0 0 0 0 0 0 
788 9 0 0 0 0 0 0 0 0 0 0 0 
789 9 0 0 0 0 0 0 0 0 0 0 0 
790 9 0 0 0 0 0 0 0 0 0 0 0 
791 9 0 0 0 0 0 0 0 0 0 0 0 
792 9 0 0 0 0 0 0 0 0 0 0 0 
793 9 0 0 0 0 0 0 0 0 0 0 0 
794 9 0 0 0 0 0 0 0 0 0 0 0 
795 9 0 0 0 0 0 0 0 0 0 0 0 
796 9 0 0 0 0 0 0 0 0 0 0 0 
797 9 0 0 0 0 0 0 0 0 0 0 0 
798 9 0 0 0 0 0 0 0 0 0 0 0 
799 9 0 0 0 0 0 0 0 0 0 0 0 
800 9 0 0 0 0 0 0 0 0 0 0 0 
801 9 0 0 0 0 0 0 0 0 0 0 0 
802 9 0 0 0 0 0 0 0 0 0 0 0 
803 9 0 0 0 0 0 0 0 0 0 0 0 
804 9 0 0 0 0 0 0 0 0 0 0 0 
805 9 0 0 0 0 0 0 0 0 0 0 0 
806 9 0 0 0 0 0 0 0 0 0 0 0 
807 9 0 0 0 0 0 0 0 0 0 0 0 
808 9 0 0 0 0 0 0 0 0 0 0 0 
809 9 0 0 0 0 0 0 0 0 0 0 0 
810 9 0 0 0 0 0 0 0 0 0 0 0 
811 9 0 0 0 0 0 0 0 0 0 0 0 
812 9 0 0 0 0 0 0 0 0 0 0 0 
813 9 0 0 0 0 0 0 0 0 0 0 0 
814 9 0 0 0 0 0 0 0 0 0 0 0 
815 9 0 0 0 0 0 0 0 0 0 0 0 
816 9 0 0 0 0 0 0 0 0 0 0 0 
817 9 0 0 0 0 0 0 0 0 0 0 0 
818 9 0 0 0 0 0 0 0 0 0 0 0 
819 9 0 0 0 0 0 0 0 0 0 0 0 
820 9 0 0 0 0 0 0 0 0 0 0 0 
821 9 0 0 0 0 0 0 0 0 0 0 0 
822 9 0 0 0 0 0 0 0 0 0 0 0 
823 9 0 0 0 0 0 0 0 0 0 0 0 
824 9 0 0 0 0 0 0 0 0 0 0 0 
825 9 0 0 0 0 0 0 0 0 0 0 0 
826 9 0 0 0 0 0 0 0 0 0 0 0 
827 9 0 0 0 0 0 0 0 0 0 0 0 
828 9 0 0 0 0 0 0 0 0 0 0 0 
829 9 0 0 0 0 0 0 0 0 0 0 0 
830 9 0 0 0 0 0 0 0 0 0 0 0 
831 9 0 0 0 0 0 0 0 0 0 0 0 
832 9 0 0 0 0 0 0 0 0 0 0 0 
833 9 0 0 0 0 0 0 0 0 0 0 0 
834 9 0 0 0 0 0 0 0 0 0 0 0 
835 9 0 0 0 0 0 0 0 0 0 0 0 
836 9 0 0 0 0 0 0 0 0 0 0 0 
837 9 0 0 0 0 0 0 0 0 0 0 0 
838 9 0 0 0 0 0 0 0 0 0 0 0 
839 9 0 0 0 0 0 0 0 0 0 0 0 
840 9 0 0 0 0 0 0 0 0 0 0 0 
841 9 0 0 0 0 0 0 0 0 0 0 0 
842 9 0 0 0 0 0 0 0 0 0 0 0 
843 9 0 0 0 0 0 0 0 0 0 0 0 
844 9 0 0 0 0 0 0 0 0 0 0 0 
845 9 0 0 0 0 0 0 0 0 0 0 0 
846 9 0 0 0 0 0 0 0 0 0 0 0 
847 9 0 0 0 0 0 0 0 0 0 0 0 
848 9 0 0 0 0 0 0 0 0 0 0 0 
849 9 0 0 0 0 0 0 0 0 0 0 0 
850 9 0 0 0 0 0 0 0 0 0 0 0 
851 9 0 0 0 0 0 0 0 0 0 0 0 
852 9 0 0 0 0 0 0 0 0 0 0 0 
853 9 0 0 0 0 0 0 0 0 0 0 0 
854 9 0 0 0 0 0 0 0 0 0 0 0 
855 9 0 0 0 0 0 0 0 0 0 0 0 
856 9 0 0 0 0 0 0 0 0 0 0 0 
857 9 0 0 0 0 0 0 0 0 0 0 0 
858 9 0 0 0 0 0 0 0 0 0 0 0 
859 9 0 0 0 0 0 0 0 0 0 0 0 
860 9 0 0 0 0 0 0 0 0 0 0 0 
861 9 0 0 0 0 0 0 0 0 0 0 0 
862 9 0 0 0 0 0 0 0 0 0 0 0 
863 9 0 0 0 0 0 0 0 0 0 0 0 
864 9 0 0 0 0 0 0 0 0 0 0 0 
865 9 0 0 0 0 0 0 0 0 0 0 0 
866 9 0 0 0 0 0 0 0 0 0 0 0 
867 9 0 0 0 0 0 0 0 0 0 0 0 
868 9 0 0 0 0 0 0 0 0 0 0 0 
869 9 0 0 0 0 0 0 0 0 0 0 0 
870 9 0 0 0 0 0 0 0 0 0 0 0 
871 9 0 0 0 0 0 0 0 0 0 0 0 
872 9 0 0 0 0 0 0 0 0 0 0 0 
873 9 0 0 0 0 0 0 0 0 0 0 0 
874 9 0 0 0 0 0 0 0 0 0 0 0 
875 9 0 0 0 0 0 0 0 0 0 0 0 
876 9 0 0 0 0 0 0 0 0 0 0 0 
877 9 0 0 0 0 0 0 0 0 0 0 0 
878 9 0 0 0 0 0 0 0 0 0 0 0 
879 9 -1 17 21 9 5 29 46 8 1 32 -131 
880 9 -1 26 15 0 0 9 38 0 0 16 1 
881 9 -1 22 2 15 2 44 7 1 24 32 -241 
882 9 59 0 0 0 0 0 0 0 0 0 0 
883 9 0 0 0 0 0 0 0 0 0 0 0 
884 9 0 0 0 0 0 0 0 0 0 0 0 
885 9 -1 11 33 0 0 30 6 0 0 7 36 
886 9 63 0 0 0 0 0 0 0 0 0 0 
887 9 0 0 0 0 0 0 0 0 0 0 0 
888 9 0 0 0 0 0 0 0 0 0 0 0 
889 9 0 0 0 0 0 0 0 0 0 0 0 
890 9 0 0 0 0 0 0 0 0 0 0 0 
891 9 -1 29 17 0 0 34 39 0 0 15 -44 
892 9 -1 10 30 0 0 22 37 0 0 5 0 
893 9 69 0 0 0 0 0 0 0 0 0 0 
894 9 70 0 0 0 0 0 0 0 0 0 0 
895 9 0 0 0 0 0 0 0 0 0 0 0 
896 9 0 0 0 0 0 0 0 0 0 0 0 
897 9 0 0 0 0 0 0 0 0 0 0 0 
898 9 0 0 0 0 0 0 0 0 0 0 0 
899 9 -1 1 30 0 0 37 35 0 0 2 16 
900 9 75 0 0 0 0 0 0 0 0 0 0 
901 9 -1 22 35 0 0 36 32 0 0 1 -15 
902 9 -1 47 44 0 0 37 3 0 0 7 -41 
903 9 0 0 0 0 0 0 0 0 0 0 0 
904 9 0 0 0 0 0 0 0 0 0 0 0 
905 9 0 0 0 0 0 0 0 0 0 0 0 
906 9 0 0 0 0 0 0 0 0 0 0 0 
907 9 81 0 0 0 0 0 0 0 0 0 0 
908 9 -1 1 5 18 10 20 43 21 4 32 4222 
909 9 0 0 0 0 0 0 0 0 0 0 0 
910 9 0 0 0 0 0 0 0 0 0 0 0 
911 9 0 0 0 0 0 0 0 0 0 0 0 
912 9 0 0 0 0 0 0 0 0 0 0 0 
913 9 -1 20 0 15 17 41 35 3 7 32 8417 
914 9 88 0 0 0 0 0 0 0 0 0 0 
915 9 89 0 0 0 0 0 0 0 0 0 0 
916 9 -1 20 22 12 4 40 43 6 4 32 953 
917 9 0 0 0 0 0 0 0 0 0 0 0 
918 9 0 0 0 0 0 0 0 0 0 0 0 
919 9 -1 9 16 0 0 26 33 0 0 22 1 
920 9 -1 0 22 13 20 46 45 1 1 32 9578 
921 9 -1 44 9 0 0 25 13 0 0 13 6 
922 9 -1 42 1 0 0 47 6 0 0 8 -19 
923 9 0 0 0 0 0 0 0 0 0 0 0 
924 9 0 0 0 0 0 0 0 0 0 0 0 
925 9 -1 0 46 0 0 13 35 0 0 6 10 
926 9 104 0 0 0 0 0 0 0 0 0 0 
927 9 0 0 0 0 0 0 0 0 0 0 0 
928 9 0 0 0 0 0 0 0 0 0 0 0 
929 9 0 0 0 0 0 0 0 0 0 0 0 
930 9 0 0 0 0 0 0 0 0 0 0 0 
931 9 106 0 0 0 0 0 0 0 0 0 0 
932 9 107 0 0 0 0 0 0 0 0 0 0 
933 9 108 0 0 0 0 0 0 0 0 0 0 
934 9 109 0 0 0 0 0 0 0 0 0 0 
935 9 0 0 0 0 0 0 0 0 0 0 0 
936 9 0 0 0 0 0 0 0 0 0 0 0 
937 9 0 0 0 0 0 0 0 0 0 0 0 
938 9 0 0 0 0 0 0 0 0 0 0 0 
939 9 0 0 0 0 0 0 0 0 0 0 0 
940 9 0 0 0 0 0 0 0 0 0 0 0 
941 9 0 0 0 0 0 0 0 0 0 0 0 
942 9 0 0 0 0 0 0 0 0 0 0 0 
943 9 0 0 0 0 0 0 0 0 0 0 0 
944 9 0 0 0 0 0 0 0 0 0 0 0 
945 9 0 0 0 0 0 0 0 0 0 0 0 
946 9 0 0 0 0 0 0 0 0 0 0 0 
947 9 0 0 0 0 0 0 0 0 0 0 0 
948 9 0 0 0 0 0 0 0 0 0 0 0 
949 9 0 0 0 0 0 0 0 0 0 0 0 
950 9 0 0 0 0 0 0 0 0 0 0 0 
951 9 0 0 0 0 0 0 0 0 0 0 0 
952 9 0 0 0 0 0 0 0 0 0 0 0 
953 9 0 0 0 0 0 0 0 0 0 0 0 
954 9 0 0 0 0 0 0 0 0 0 0 0 
955 9 0 0 0 0 0 0 0 0 0 0 0 
956 9 0 0 0 0 0 0 0 0 0 0 0 
957 9 0 0 0 0 0 0 0 0 0 0 0 
958 9 0 0 0 0 0 0 0 0 0 0 0 
959 9 0 0 0 0 0 0 0 0 0 0 0 
960 9 0 0 0 0 0 0 0 0 0 0 0 
961 9 0 0 0 0 0 0 0 0 0 0 0 
962 9 0 0 0 0 0 0 0 0 0 0 0 
963 9 0 0 0 0 0 0 0 0 0 0 0 
964 9 0 0 0 0 0 0 0 0 0 0 0 
965 9 0 0 0 0 0 0 0 0 0 0 0 
966 9 0 0 0 0 0 0 0 0 0 0 0 
967 9 0 0 0 0 0 0 0 0 0 0 0 
968 9 0 0 0 0 0 0 0 0 0 0 0 
969 9 0 0 0 0 0 0 0 0 0 0 0 
970 9 0 0 0 0 0 0 0 0 0 0 0 
971 9 0 0 0 0 0 0 0 0 0 0 0 
972 9 0 0 0 0 0 0 0 0 0 0 0 
973 9 0 0 0 0 0 0 0 0 0 0 0 
974 9 0 0 0 0 0 0 0 0 0 0 0 
975 9 0 0 0 0 0 0 0 0 0 0 0 
976 9 0 0 0 0 0 0 0 0 0 0 0 
977 9 0 0 0 0 0 0 0 0 0 0 0 
978 9 0 0 0 0 0 0 0 0 0 0 0 
979 9 0 0 0 0 0 0 0 0 0 0 0 
980 9 0 0 0 0 0 0 0 0 0 0 0 
981 9 0 0 0 0 0 0 0 0 0 0 0 
982 9 0 0 0 0 0 0 0 0 0 0 0 
983 9 0 0 0 0 0 0 0 0 0 0 0 
984 9 0 0 0 0 0 0 0 0 0 0 0 
985 9 0 0 0 0 0 0 0 0 0 0 0 
986 9 0 0 0 0 0 0 0 0 0 0 0 
987 9 0 0 0 0 0 0 0 0 0 0 0 
988 9 0 0 0 0 0 0 0 0 0 0 0 
989 9 0 0 0 0 0 0 0 0 0 0 0 
990 9 0 0 0 0 0 0 0 0 0 0 0 
991 9 0 0 0 0 0 0 0 0 0 0 0 
992 9 0 0 0 0 0 0 0 0 0 0 0 
993 9 0 0 0 0 0 0 0 0 0 0 0 
994 9 0 0 0 0 0 0 0 0 0 0 0 
995 9 0 0 0 0 0 0 0 0 0 0 0 
996 9 0 0 0 0 0 0 0 0 0 0 0 
997 9 0 0 0 0 0 0 0 0 0 0 0 
998 9 0 0 0 0 0 0 0 0 0 0 0 
999 9 0 0 0 0 0 0 0 0 0 0 0 
1000 9 0 0 0 0 0 0 0 0 0 0 0 
1001 9 0 0 0 0 0 0 0 0 0 0 0 
1002 9 0 0 0 0 0 0 0 0 0 0 0 
1003 9 0 0 0 0 0 0 0 0 0 0 0 
1004 9 0 0 0 0 0 0 0 0 0 0 0 
1005 9 0 0 0 0 0 0 0 0 0 0 0 
1006 9 0 0 0 0 0 0 0 0 0 0 0 
1007 9 0 0 0 0 0 0 0 0 0 0 0 
1008 9 0 0 0 0 0 0 0 0 0 0 0 
1009 9 0 0 0 0 0 0 0 0 0 0 0 
1010 9 0 0 0 0 0 0 0 0 0 0 0 
1011 9 0 0 0 0 0 0 0 0 0 0 0 
1012 9 0 0 0 0 0 0 0 0 0 0 0 
1013 9 0 0 0 0 0 0 0 0 0 0 0 
1014 9 0 0 0 0 0 0 0 0 0 0 0 
1015 9 0 0 0 0 0 0 0 0 0 0 0 
1016 9 0 0 0 0 0 0 0 0 0 0 0 
1017 9 0 0 0 0 0 0 0 0 0 0 0 
1018 9 0 0 0 0 0 0 0 0 0 0 0 
1019 9 0 0 0 0 0 0 0 0 0 0 0 
1020 9 0 0 0 0 0 0 0 0 0 0 0 
1021 9 0 0 0 0 0 0 0 0 0 0 0 
1022 9 0 0 0 0 0 0 0 0 0 0 0 
1023 10 0 0 0 0 0 0 0 0 0 0 0 
1024 10 0 0 0 0 0 0 0 0 0 0 0 
1025 10 0 0 0 0 0 0 0 0 0 0 0 
1026 10 0 0 0 0 0 0 0 0 0 0 0 
1027 10 0 0 0 0 0 0 0 0 0 0 0 
1028 10 0 0 0 0 0 0 0 0 0 0 0 
1029 10 0 0 0 0 0 0 0 0 0 0 0 
1030 10 0 0 0 0 0 0 0 0 0 0 0 
1031 10 0 0 0 0 0 0 0 0 0 0 0 
1032 10 0 0 0 0 0 0 0 0 0 0 0 
1033 10 0 0 0 0 0 0 0 0 0 0 0 
1034 10 0 0 0 0 0 0 0 0 0 0 0 
1035 10 0 0 0 0 0 0 0 0 0 0 0 
1036 10 0 0 0 0 0 0 0 0 0 0 0 
1037 10 0 0 0 0 0 0 0 0 0 0 0 
1038 10 0 0 0 0 0 0 0 0 0 0 0 
1039 10 0 0 0 0 0 0 0 0 0 0 0 
1040 10 0 0 0 0 0 0 0 0 0 0 0 
1041 10 0 0 0 0 0 0 0 0 0 0 0 
1042 10 0 0 0 0 0 0 0 0 0 0 0 
1043 10 0 0 0 0 0 0 0 0 0 0 0 
1044 10 0 0 0 0 0 0 0 0 0 0 0 
1045 10 0 0 0 0 0 0 0 0 0 0 0 
1046 10 0 0 0 0 0 0 0 0 0 0 0 
1047 10 0 0 0 0 0 0 0 0 0 0 0 
1048 10 0 0 0 0 0 0 0 0 0 0 0 
1049 10 0 0 0 0 0 0 0 0 0 0 0 
1050 10 0 0 0 0 0 0 0 0 0 0 0 
1051 10 0 0 0 0 0 0 0 0 0 0 0 
1052 10 0 0 0 0 0 0 0 0 0 0 0 
1053 10 0 0 0 0 0 0 0 0 0 0 0 
1054 10 0 0 0 0 0 0 0 0 0 0 0 
1055 10 0 0 0 0 0 0 0 0 0 0 0 
1056 10 0 0 0 0 0 0 0 0 0 0 0 
1057 10 0 0 0 0 0 0 0 0 0 0 0 
1058 10 0 0 0 0 0 0 0 0 0 0 0 
1059 10 0 0 0 0 0 0 0 0 0 0 0 
1060 10 0 0 0 0 0 0 0 0 0 0 0 
1061 10 0 0 0 0 0 0 0 0 0 0 0 
1062 10 0 0 0 0 0 0 0 0 0 0 0 
1063 10 0 0 0 0 0 0 0 0 0 0 0 
1064 10 0 0 0 0 0 0 0 0 0 0 0 
1065 10 0 0 0 0 0 0 0 0 0 0 0 
1066 10 0 0 0 0 0 0 0 0 0 0 0 
1067 10 0 0 0 0 0 0 0 0 0 0 0 
1068 10 0 0 0 0 0 0 0 0 0 0 0 
1069 10 0 0 0 0 0 0 0 0 0 0 0 
1070 10 0 0 0 0 0 0 0 0 0 0 0 
1071 10 0 0 0 0 0 0 0 0 0 0 0 
1072 10 0 0 0 0 0 0 0 0 0 0 0 
1073 10 0 0 0 0 0 0 0 0 0 0 0 
1074 10 0 0 0 0 0 0 0 0 0 0 0 
1075 10 0 0 0 0 0 0 0 0 0 0 0 
1076 10 0 0 0 0 0 0 0 0 0 0 0 
1077 10 0 0 0 0 0 0 0 0 0 0 0 
1078 10 0 0 0 0 0 0 0 0 0 0 0 
1079 10 0 0 0 0 0 0 0 0 0 0 0 
1080 10 0 0 0 0 0 0 0 0 0 0 0 
1081 10 0 0 0 0 0 0 0 0 0 0 0 
1082 10 0 0 0 0 0 0 0 0 0 0 0 
1083 10 0 0 0 0 0 0 0 0 0 0 0 
1084 10 0 0 0 0 0 0 0 0 0 0 0 
1085 10 0 0 0 0 0 0 0 0 0 0 0 
1086 10 0 0 0 0 0 0 0 0 0 0 0 
1087 10 0 0 0 0 0 0 0 0 0 0 0 
1088 10 0 0 0 0 0 0 0 0 0 0 0 
1089 10 0 0 0 0 0 0 0 0 0 0 0 
1090 10 0 0 0 0 0 0 0 0 0 0 0 
1091 10 0 0 0 0 0 0 0 0 0 0 0 
1092 10 0 0 0 0 0 0 0 0 0 0 0 
1093 10 0 0 0 0 0 0 0 0 0 0 0 
1094 10 0 0 0 0 0 0 0 0 0 0 0 
1095 10 0 0 0 0 0 0 0 0 0 0 0 
1096 10 0 0 0 0 0 0 0 0 0 0 0 
1097 10 0 0 0 0 0 0 0 0 0 0 0 
1098 10 0 0 0 0 0 0 0 0 0 0 0 
1099 10 0 0 0 0 0 0 0 0 0 0 0 
1100 10 0 0 0 0 0 0 0 0 0 0 0 
1101 10 0 0 0 0 0 0 0 0 0 0 0 
1102 10 0 0 0 0 0 0 0 0 0 0 0 
1103 10 0 0 0 0 0 0 0 0 0 0 0 
1104 10 0 0 0 0 0 0 0 0 0 0 0 
1105 10 0 0 0 0 0 0 0 0 0 0 0 
1106 10 0 0 0 0 0 0 0 0 0 0 0 
1107 10 0 0 0 0 0 0 0 0 0 0 0 
1108 10 0 0 0 0 0 0 0 0 0 0 0 
1109 10 0 0 0 0 0 0 0 0 0 0 0 
1110 10 0 0 0 0 0 0 0 0 0 0 0 
1111 10 0 0 0 0 0 0 0 0 0 0 0 
1112 10 0 0 0 0 0 0 0 0 0 0 0 
1113 10 0 0 0 0 0 0 0 0 0 0 0 
1114 10 0 0 0 0 0 0 0 0 0 0 0 
1115 10 0 0 0 0 0 0 0 0 0 0 0 
1116 10 0 0 0 0 0 0 0 0 0 0 0 
1117 10 0 0 0 0 0 0 0 0 0 0 0 
1118 10 0 0 0 0 0 0 0 0 0 0 0 
1119 10 0 0 0 0 0 0 0 0 0 0 0 
1120 10 0 0 0 0 0 0 0 0 0 0 0 
1121 10 0 0 0 0 0 0 0 0 0 0 0 
1122 10 0 0 0 0 0 0 0 0 0 0 0 
1123 10 0 0 0 0 0 0 0 0 0 0 0 
1124 10 0 0 0 0 0 0 0 0 0 0 0 
1125 10 0 0 0 0 0 0 0 0 0 0 0 
1126 10 0 0 0 0 0 0 0 0 0 0 0 
1127 10 0 0 0 0 0 0 0 0 0 0 0 
1128 10 0 0 0 0 0 0 0 0 0 0 0 
1129 10 0 0 0 0 0 0 0 0 0 0 0 
1130 10 0 0 0 0 0 0 0 0 0 0 0 
1131 10 0 0 0 0 0 0 0 0 0 0 0 
1132 10 0 0 0 0 0 0 0 0 0 0 0 
1133 10 0 0 0 0 0 0 0 0 0 0 0 
1134 10 0 0 0 0 0 0 0 0 0 0 0 
1135 10 0 0 0 0 0 0 0 0 0 0 0 
1136 10 0 0 0 0 0 0 0 0 0 0 0 
1137 10 0 0 0 0 0 0 0 0 0 0 0 
1138 10 0 0 0 0 0 0 0 0 0 0 0 
1139 10 0 0 0 0 0 0 0 0 0 0 0 
1140 10 0 0 0 0 0 0 0 0 0 0 0 
1141 10 0 0 0 0 0 0 0 0 0 0 0 
1142 10 0 0 0 0 0 0 0 0 0 0 0 
1143 10 0 0 0 0 0 0 0 0 0 0 0 
1144 10 0 0 0 0 0 0 0 0 0 0 0 
1145 10 0 0 0 0 0 0 0 0 0 0 0 
1146 10 0 0 0 0 0 0 0 0 0 0 0 
1147 10 0 0 0 0 0 0 0 0 0 0 0 
1148 10 0 0 0 0 0 0 0 0 0 0 0 
1149 10 0 0 0 0 0 0 0 0 0 0 0 
1150 10 0 0 0 0 0 0 0 0 0 0 0 
1151 10 0 0 0 0 0 0 0 0 0 0 0 
1152 10 0 0 0 0 0 0 0 0 0 0 0 
1153 10 0 0 0 0 0 0 0 0 0 0 0 
1154 10 0 0 0 0 0 0 0 0 0 0 0 
1155 10 0 0 0 0 0 0 0 0 0 0 0 
1156 10 0 0 0 0 0 0 0 0 0 0 0 
1157 10 0 0 0 0 0 0 0 0 0 0 0 
1158 10 0 0 0 0 0 0 0 0 0 0 0 
1159 10 0 0 0 0 0 0 0 0 0 0 0 
1160 10 0 0 0 0 0 0 0 0 0 0 0 
1161 10 0 0 0 0 0 0 0 0 0 0 0 
1162 10 0 0 0 0 0 0 0 0 0 0 0 
1163 10 0 0 0 0 0 0 0 0 0 0 0 
1164 10 0 0 0 0 0 0 0 0 0 0 0 
1165 10 0 0 0 0 0 0 0 0 0 0 0 
1166 10 0 0 0 0 0 0 0 0 0 0 0 
1167 10 0 0 0 0 0 0 0 0 0 0 0 
1168 10 0 0 0 0 0 0 0 0 0 0 0 
1169 10 0 0 0 0 0 0 0 0 0 0 0 
1170 10 0 0 0 0 0 0 0 0 0 0 0 
1171 10 0 0 0 0 0 0 0 0 0 0 0 
1172 10 0 0 0 0 0 0 0 0 0 0 0 
1173 10 0 0 0 0 0 0 0 0 0 0 0 
1174 10 0 0 0 0 0 0 0 0 0 0 0 
1175 10 0 0 0 0 0 0 0 0 0 0 0 
1176 10 0 0 0 0 0 0 0 0 0 0 0 
1177 10 0 0 0 0 0 0 0 0 0 0 0 
1178 10 0 0 0 0 0 0 0 0 0 0 0 
1179 10 0 0 0 0 0 0 0 0 0 0 0 
1180 10 0 0 0 0 0 0 0 0 0 0 0 
1181 10 0 0 0 0 0 0 0 0 0 0 0 
1182 10 0 0 0 0 0 0 0 0 0 0 0 
1183 10 0 0 0 0 0 0 0 0 0 0 0 
1184 10 0 0 0 0 0 0 0 0 0 0 0 
1185 10 0 0 0 0 0 0 0 0 0 0 0 
1186 10 0 0 0 0 0 0 0 0 0 0 0 
1187 10 0 0 0 0 0 0 0 0 0 0 0 
1188 10 0 0 0 0 0 0 0 0 0 0 0 
1189 10 0 0 0 0 0 0 0 0 0 0 0 
1190 10 0 0 0 0 0 0 0 0 0 0 0 
1191 10 0 0 0 0 0 0 0 0 0 0 0 
1192 10 0 0 0 0 0 0 0 0 0 0 0 
1193 10 0 0 0 0 0 0 0 0 0 0 0 
1194 10 0 0 0 0 0 0 0 0 0 0 0 
1195 10 0 0 0 0 0 0 0 0 0 0 0 
1196 10 0 0 0 0 0 0 0 0 0 0 0 
1197 10 0 0 0 0 0 0 0 0 0 0 0 
1198 10 0 0 0 0 0 0 0 0 0 0 0 
1199 10 0 0 0 0 0 0 0 0 0 0 0 
1200 10 0 0 0 0 0 0 0 0 0 0 0 
1201 10 0 0 0 0 0 0 0 0 0 0 0 
1202 10 0 0 0 0 0 0 0 0 0 0 0 
1203 10 0 0 0 0 0 0 0 0 0 0 0 
1204 10 0 0 0 0 0 0 0 0 0 0 0 
1205 10 0 0 0 0 0 0 0 0 0 0 0 
1206 10 0 0 0 0 0 0 0 0 0 0 0 
1207 10 0 0 0 0 0 0 0 0 0 0 0 
1208 10 0 0 0 0 0 0 0 0 0 0 0 
1209 10 0 0 0 0 0 0 0 0 0 0 0 
1210 10 0 0 0 0 0 0 0 0 0 0 0 
1211 10 0 0 0 0 0 0 0 0 0 0 0 
1212 10 0 0 0 0 0 0 0 0 0 0 0 
1213 10 0 0 0 0 0 0 0 0 0 0 0 
1214 10 0 0 0 0 0 0 0 0 0 0 0 
1215 10 0 0 0 0 0 0 0 0 0 0 0 
1216 10 0 0 0 0 0 0 0 0 0 0 0 
1217 10 0 0 0 0 0 0 0 0 0 0 0 
1218 10 0 0 0 0 0 0 0 0 0 0 0 
1219 10 0 0 0 0 0 0 0 0 0 0 0 
1220 10 0 0 0 0 0 0 0 0 0 0 0 
1221 10 0 0 0 0 0 0 0 0 0 0 0 
1222 10 0 0 0 0 0 0 0 0 0 0 0 
1223 10 0 0 0 0 0 0 0 0 0 0 0 
1224 10 0 0 0 0 0 0 0 0 0 0 0 
1225 10 0 0 0 0 0 0 0 0 0 0 0 
1226 10 0 0 0 0 0 0 0 0 0 0 0 
1227 10 0 0 0 0 0 0 0 0 0 0 0 
1228 10 0 0 0 0 0 0 0 0 0 0 0 
1229 10 0 0 0 0 0 0 0 0 0 0 0 
1230 10 0 0 0 0 0 0 0 0 0 0 0 
1231 10 0 0 0 0 0 0 0 0 0 0 0 
1232 10 0 0 0 0 0 0 0 0 0 0 0 
1233 10 0 0 0 0 0 0 0 0 0 0 0 
1234 10 0 0 0 0 0 0 0 0 0 0 0 
1235 10 0 0 0 0 0 0 0 0 0 0 0 
1236 10 0 0 0 0 0 0 0 0 0 0 0 
1237 10 0 0 0 0 0 0 0 0 0 0 0 
1238 10 0 0 0 0 0 0 0 0 0 0 0 
1239 10 0 0 0 0 0 0 0 0 0 0 0 
1240 10 0 0 0 0 0 0 0 0 0 0 0 
1241 10 0 0 0 0 0 0 0 0 0 0 0 
1242 10 0 0 0 0 0 0 0 0 0 0 0 
1243 10 0 0 0 0 0 0 0 0 0 0 0 
1244 10 0 0 0 0 0 0 0 0 0 0 0 
1245 10 0 0 0 0 0 0 0 0 0 0 0 
1246 10 0 0 0 0 0 0 0 0 0 0 0 
1247 10 0 0 0 0 0 0 0 0 0 0 0 
1248 10 0 0 0 0 0 0 0 0 0 0 0 
1249 10 0 0 0 0 0 0 0 0 0 0 0 
1250 10 0 0 0 0 0 0 0 0 0 0 0 
1251 10 0 0 0 0 0 0 0 0 0 0 0 
1252 10 0 0 0 0 0 0 0 0 0 0 0 
1253 10 0 0 0 0 0 0 0 0 0 0 0 
1254 10 0 0 0 0 0 0 0 0 0 0 0 
1255 10 0 0 0 0 0 0 0 0 0 0 0 
1256 10 0 0 0 0 0 0 0 0 0 0 0 
1257 10 0 0 0 0 0 0 0 0 0 0 0 
1258 10 0 0 0 0 0 0 0 0 0 0 0 
1259 10 0 0 0 0 0 0 0 0 0 0 0 
1260 10 0 0 0 0 0 0 0 0 0 0 0 
1261 10 0 0 0 0 0 0 0 0 0 0 0 
1262 10 0 0 0 0 0 0 0 0 0 0 0 
1263 10 0 0 0 0 0 0 0 0 0 0 0 
1264 10 0 0 0 0 0 0 0 0 0 0 0 
1265 10 0 0 0 0 0 0 0 0 0 0 0 
1266 10 0 0 0 0 0 0 0 0 0 0 0 
1267 10 0 0 0 0 0 0 0 0 0 0 0 
1268 10 0 0 0 0 0 0 0 0 0 0 0 
1269 10 0 0 0 0 0 0 0 0 0 0 0 
1270 10 0 0 0 0 0 0 0 0 0 0 0 
1271 10 0 0 0 0 0 0 0 0 0 0 0 
1272 10 0 0 0 0 0 0 0 0 0 0 0 
1273 10 0 0 0 0 0 0 0 0 0 0 0 
1274 10 0 0 0 0 0 0 0 0 0 0 0 
1275 10 0 0 0 0 0 0 0 0 0 0 0 
1276 10 0 0 0 0 0 0 0 0 0 0 0 
1277 10 0 0 0 0 0 0 0 0 0 0 0 
1278 10 0 0 0 0 0 0 0 0 0 0 0 
1279 10 0 0 0 0 0 0 0 0 0 0 0 
1280 10 0 0 0 0 0 0 0 0 0 0 0 
1281 10 0 0 0 0 0 0 0 0 0 0 0 
1282 10 0 0 0 0 0 0 0 0 0 0 0 
1283 10 0 0 0 0 0 0 0 0 0 0 0 
1284 10 0 0 0 0 0 0 0 0 0 0 0 
1285 10 0 0 0 0 0 0 0 0 0 0 0 
1286 10 0 0 0 0 0 0 0 0 0 0 0 
1287 10 0 0 0 0 0 0 0 0 0 0 0 
1288 10 0 0 0 0 0 0 0 0 0 0 0 
1289 10 0 0 0 0 0 0 0 0 0 0 0 
1290 10 0 0 0 0 0 0 0 0 0 0 0 
1291 10 0 0 0 0 0 0 0 0 0 0 0 
1292 10 0 0 0 0 0 0 0 0 0 0 0 
1293 10 0 0 0 0 0 0 0 0 0 0 0 
1294 10 0 0 0 0 0 0 0 0 0 0 0 
1295 10 0 0 0 0 0 0 0 0 0 0 0 
1296 10 0 0 0 0 0 0 0 0 0 0 0 
1297 10 0 0 0 0 0 0 0 0 0 0 0 
1298 10 0 0 0 0 0 0 0 0 0 0 0 
1299 10 0 0 0 0 0 0 0 0 0 0 0 
1300 10 0 0 0 0 0 0 0 0 0 0 0 
1301 10 0 0 0 0 0 0 0 0 0 0 0 
1302 10 0 0 0 0 0 0 0 0 0 0 0 
1303 10 0 0 0 0 0 0 0 0 0 0 0 
1304 10 0 0 0 0 0 0 0 0 0 0 0 
1305 10 0 0 0 0 0 0 0 0 0 0 0 
1306 10 0 0 0 0 0 0 0 0 0 0 0 
1307 10 0 0 0 0 0 0 0 0 0 0 0 
1308 10 0 0 0 0 0 0 0 0 0 0 0 
1309 10 0 0 0 0 0 0 0 0 0 0 0 
1310 10 0 0 0 0 0 0 0 0 0 0 0 
1311 10 0 0 0 0 0 0 0 0 0 0 0 
1312 10 0 0 0 0 0 0 0 0 0 0 0 
1313 10 0 0 0 0 0 0 0 0 0 0 0 
1314 10 0 0 0 0 0 0 0 0 0 0 0 
1315 10 0 0 0 0 0 0 0 0 0 0 0 
1316 10 0 0 0 0 0 0 0 0 0 0 0 
1317 10 0 0 0 0 0 0 0 0 0 0 0 
1318 10 0 0 0 0 0 0 0 0 0 0 0 
1319 10 0 0 0 0 0 0 0 0 0 0 0 
1320 10 0 0 0 0 0 0 0 0 0 0 0 
1321 10 0 0 0 0 0 0 0 0 0 0 0 
1322 10 0 0 0 0 0 0 0 0 0 0 0 
1323 10 0 0 0 0 0 0 0 0 0 0 0 
1324 10 0 0 0 0 0 0 0 0 0 0 0 
1325 10 0 0 0 0 0 0 0 0 0 0 0 
1326 10 0 0 0 0 0 0 0 0 0 0 0 
1327 10 0 0 0 0 0 0 0 0 0 0 0 
1328 10 0 0 0 0 0 0 0 0 0 0 0 
1329 10 0 0 0 0 0 0 0 0 0 0 0 
1330 10 0 0 0 0 0 0 0 0 0 0 0 
1331 10 0 0 0 0 0 0 0 0 0 0 0 
1332 10 0 0 0 0 0 0 0 0 0 0 0 
1333 10 0 0 0 0 0 0 0 0 0 0 0 
1334 10 0 0 0 0 0 0 0 0 0 0 0 
1335 10 0 0 0 0 0 0 0 0 0 0 0 
1336 10 0 0 0 0 0 0 0 0 0 0 0 
1337 10 0 0 0 0 0 0 0 0 0 0 0 
1338 10 0 0 0 0 0 0 0 0 0 0 0 
1339 10 0 0 0 0 0 0 0 0 0 0 0 
1340 10 0 0 0 0 0 0 0 0 0 0 0 
1341 10 0 0 0 0 0 0 0 0 0 0 0 
1342 10 0 0 0 0 0 0 0 0 0 0 0 
1343 10 0 0 0 0 0 0 0 0 0 0 0 
1344 10 0 0 0 0 0 0 0 0 0 0 0 
1345 10 0 0 0 0 0 0 0 0 0 0 0 
1346 10 0 0 0 0 0 0 0 0 0 0 0 
1347 10 0 0 0 0 0 0 0 0 0 0 0 
1348 10 0 0 0 0 0 0 0 0 0 0 0 
1349 10 0 0 0 0 0 0 0 0 0 0 0 
1350 10 0 0 0 0 0 0 0 0 0 0 0 
1351 10 0 0 0 0 0 0 0 0 0 0 0 
1352 10 0 0 0 0 0 0 0 0 0 0 0 
1353 10 0 0 0 0 0 0 0 0 0 0 0 
1354 10 0 0 0 0 0 0 0 0 0 0 0 
1355 10 0 0 0 0 0 0 0 0 0 0 0 
1356 10 0 0 0 0 0 0 0 0 0 0 0 
1357 10 0 0 0 0 0 0 0 0 0 0 0 
1358 10 0 0 0 0 0 0 0 0 0 0 0 
1359 10 0 0 0 0 0 0 0 0 0 0 0 
1360 10 0 0 0 0 0 0 0 0 0 0 0 
1361 10 0 0 0 0 0 0 0 0 0 0 0 
1362 10 0 0 0 0 0 0 0 0 0 0 0 
1363 10 0 0 0 0 0 0 0 0 0 0 0 
1364 10 0 0 0 0 0 0 0 0 0 0 0 
1365 10 0 0 0 0 0 0 0 0 0 0 0 
1366 10 0 0 0 0 0 0 0 0 0 0 0 
1367 10 0 0 0 0 0 0 0 0 0 0 0 
1368 10 0 0 0 0 0 0 0 0 0 0 0 
1369 10 0 0 0 0 0 0 0 0 0 0 0 
1370 10 0 0 0 0 0 0 0 0 0 0 0 
1371 10 0 0 0 0 0 0 0 0 0 0 0 
1372 10 0 0 0 0 0 0 0 0 0 0 0 
1373 10 0 0 0 0 0 0 0 0 0 0 0 
1374 10 0 0 0 0 0 0 0 0 0 0 0 
1375 10 0 0 0 0 0 0 0 0 0 0 0 
1376 10 0 0 0 0 0 0 0 0 0 0 0 
1377 10 0 0 0 0 0 0 0 0 0 0 0 
1378 10 0 0 0 0 0 0 0 0 0 0 0 
1379 10 0 0 0 0 0 0 0 0 0 0 0 
1380 10 0 0 0 0 0 0 0 0 0 0 0 
1381 10 0 0 0 0 0 0 0 0 0 0 0 
1382 10 0 0 0 0 0 0 0 0 0 0 0 
1383 10 0 0 0 0 0 0 0 0 0 0 0 
1384 10 0 0 0 0 0 0 0 0 0 0 0 
1385 10 0 0 0 0 0 0 0 0 0 0 0 
1386 10 0 0 0 0 0 0 0 0 0 0 0 
1387 10 0 0 0 0 0 0 0 0 0 0 0 
1388 10 0 0 0 0 0 0 0 0 0 0 0 
1389 10 0 0 0 0 0 0 0 0 0 0 0 
1390 10 0 0 0 0 0 0 0 0 0 0 0 
1391 10 0 0 0 0 0 0 0 0 0 0 0 
1392 10 0 0 0 0 0 0 0 0 0 0 0 
1393 10 0 0 0 0 0 0 0 0 0 0 0 
1394 10 0 0 0 0 0 0 0 0 0 0 0 
1395 10 0 0 0 0 0 0 0 0 0 0 0 
1396 10 0 0 0 0 0 0 0 0 0 0 0 
1397 10 0 0 0 0 0 0 0 0 0 0 0 
1398 10 0 0 0 0 0 0 0 0 0 0 0 
1399 10 0 0 0 0 0 0 0 0 0 0 0 
1400 10 0 0 0 0 0 0 0 0 0 0 0 
1401 10 0 0 0 0 0 0 0 0 0 0 0 
1402 10 0 0 0 0 0 0 0 0 0 0 0 
1403 10 0 0 0 0 0 0 0 0 0 0 0 
1404 10 0 0 0 0 0 0 0 0 0 0 0 
1405 10 0 0 0 0 0 0 0 0 0 0 0 
1406 10 0 0 0 0 0 0 0 0 0 0 0 
1407 10 0 0 0 0 0 0 0 0 0 0 0 
1408 10 0 0 0 0 0 0 0 0 0 0 0 
1409 10 6 0 0 0 0 0 0 0 0 0 0 
1410 10 7 0 0 0 0 0 0 0 0 0 0 
1411 10 8 0 0 0 0 0 0 0 0 0 0 
1412 10 9 0 0 0 0 0 0 0 0 0 0 
1413 10 0 0 0 0 0 0 0 0 0 0 0 
1414 10 0 0 0 0 0 0 0 0 0 0 0 
1415 10 0 0 0 0 0 0 0 0 0 0 0 
1416 10 0 0 0 0 0 0 0 0 0 0 0 
1417 10 0 0 0 0 0 0 0 0 0 0 0 
1418 10 0 0 0 0 0 0 0 0 0 0 0 
1419 10 0 0 0 0 0 0 0 0 0 0 0 
1420 10 0 0 0 0 0 0 0 0 0 0 0 
1421 10 0 0 0 0 0 0 0 0 0 0 0 
1422 10 0 0 0 0 0 0 0 0 0 0 0 
1423 10 0 0 0 0 0 0 0 0 0 0 0 
1424 10 0 0 0 0 0 0 0 0 0 0 0 
1425 10 0 0 0 0 0 0 0 0 0 0 0 
1426 10 0 0 0 0 0 0 0 0 0 0 0 
1427 10 0 0 0 0 0 0 0 0 0 0 0 
1428 10 0 0 0 0 0 0 0 0 0 0 0 
1429 10 0 0 0 0 0 0 0 0 0 0 0 
1430 10 0 0 0 0 0 0 0 0 0 0 0 
1431 10 0 0 0 0 0 0 0 0 0 0 0 
1432 10 0 0 0 0 0 0 0 0 0 0 0 
1433 10 14 0 0 0 0 0 0 0 0 0 0 
1434 10 15 0 0 0 0 0 0 0 0 0 0 
1435 10 0 0 0 0 0 0 0 0 0 0 0 
1436 10 0 0 0 0 0 0 0 0 0 0 0 
1437 10 0 0 0 0 0 0 0 0 0 0 0 
1438 10 0 0 0 0 0 0 0 0 0 0 0 
1439 10 18 0 0 0 0 0 0 0 0 0 0 
1440 10 19 0 0 0 0 0 0 0 0 0 0 
1441 10 20 0 0 0 0 0 0 0 0 0 0 
1442 10 21 0 0 0 0 0 0 0 0 0 0 
1443 10 0 0 0 0 0 0 0 0 0 0 0 
1444 10 0 0 0 0 0 0 0 0 0 0 0 
1445 10 0 0 0 0 0 0 0 0 0 0 0 
1446 10 0 0 0 0 0 0 0 0 0 0 0 
1447 10 0 0 0 0 0 0 0 0 0 0 0 
1448 10 0 0 0 0 0 0 0 0 0 0 0 
1449 10 0 0 0 0 0 0 0 0 0 0 0 
1450 10 0 0 0 0 0 0 0 0 0 0 0 
1451 10 0 0 0 0 0 0 0 0 0 0 0 
1452 10 0 0 0 0 0 0 0 0 0 0 0 
1453 10 0 0 0 0 0 0 0 0 0 0 0 
1454 10 0 0 0 0 0 0 0 0 0 0 0 
1455 10 0 0 0 0 0 0 0 0 0 0 0 
1456 10 0 0 0 0 0 0 0 0 0 0 0 
1457 10 0 0 0 0 0 0 0 0 0 0 0 
1458 10 0 0 0 0 0 0 0 0 0 0 0 
1459 10 0 0 0 0 0 0 0 0 0 0 0 
1460 10 0 0 0 0 0 0 0 0 0 0 0 
1461 10 0 0 0 0 0 0 0 0 0 0 0 
1462 10 0 0 0 0 0 0 0 0 0 0 0 
1463 10 0 0 0 0 0 0 0 0 0 0 0 
1464 10 0 0 0 0 0 0 0 0 0 0 0 
1465 10 27 0 0 0 0 0 0 0 0 0 0 
1466 10 28 0 0 0 0 0 0 0 0 0 0 
1467 10 0 0 0 0 0 0 0 0 0 0 0 
1468 10 0 0 0 0 0 0 0 0 0 0 0 
1469 10 0 0 0 0 0 0 0 0 0 0 0 
1470 10 0 0 0 0 0 0 0 0 0 0 0 
1471 10 0 0 0 0 0 0 0 0 0 0 0 
1472 10 0 0 0 0 0 0 0 0 0 0 0 
1473 10 0 0 0 0 0 0 0 0 0 0 0 
1474 10 0 0 0 0 0 0 0 0 0 0 0 
1475 10 0 0 0 0 0 0 0 0 0 0 0 
1476 10 0 0 0 0 0 0 0 0 0 0 0 
1477 10 0 0 0 0 0 0 0 0 0 0 0 
1478 10 0 0 0 0 0 0 0 0 0 0 0 
1479 10 0 0 0 0 0 0 0 0 0 0 0 
1480 10 0 0 0 0 0 0 0 0 0 0 0 
1481 10 0 0 0 0 0 0 0 0 0 0 0 
1482 10 0 0 0 0 0 0 0 0 0 0 0 
1483 10 0 0 0 0 0 0 0 0 0 0 0 
1484 10 0 0 0 0 0 0 0 0 0 0 0 
1485 10 0 0 0 0 0 0 0 0 0 0 0 
1486 10 0 0 0 0 0 0 0 0 0 0 0 
1487 10 0 0 0 0 0 0 0 0 0 0 0 
1488 10 0 0 0 0 0 0 0 0 0 0 0 
1489 10 0 0 0 0 0 0 0 0 0 0 0 
1490 10 0 0 0 0 0 0 0 0 0 0 0 
1491 10 0 0 0 0 0 0 0 0 0 0 0 
1492 10 0 0 0 0 0 0 0 0 0 0 0 
1493 10 0 0 0 0 0 0 0 0 0 0 0 
1494 10 0 0 0 0 0 0 0 0 0 0 0 
1495 10 0 0 0 0 0 0 0 0 0 0 0 
1496 10 0 0 0 0 0 0 0 0 0 0 0 
1497 10 0 0 0 0 0 0 0 0 0 0 0 
1498 10 0 0 0 0 0 0 0 0 0 0 0 
1499 10 0 0 0 0 0 0 0 0 0 0 0 
1500 10 0 0 0 0 0 0 0 0 0 0 0 
1501 10 0 0 0 0 0 0 0 0 0 0 0 
1502 10 0 0 0 0 0 0 0 0 0 0 0 
1503 10 0 0 0 0 0 0 0 0 0 0 0 
1504 10 0 0 0 0 0 0 0 0 0 0 0 
1505 10 0 0 0 0 0 0 0 0 0 0 0 
1506 10 0 0 0 0 0 0 0 0 0 0 0 
1507 10 0 0 0 0 0 0 0 0 0 0 0 
1508 10 0 0 0 0 0 0 0 0 0 0 0 
1509 10 0 0 0 0 0 0 0 0 0 0 0 
1510 10 0 0 0 0 0 0 0 0 0 0 0 
1511 10 0 0 0 0 0 0 0 0 0 0 0 
1512 10 0 0 0 0 0 0 0 0 0 0 0 
1513 10 0 0 0 0 0 0 0 0 0 0 0 
1514 10 0 0 0 0 0 0 0 0 0 0 0 
1515 10 0 0 0 0 0 0 0 0 0 0 0 
1516 10 0 0 0 0 0 0 0 0 0 0 0 
1517 10 0 0 0 0 0 0 0 0 0 0 0 
1518 10 0 0 0 0 0 0 0 0 0 0 0 
1519 10 0 0 0 0 0 0 0 0 0 0 0 
1520 10 0 0 0 0 0 0 0 0 0 0 0 
1521 10 0 0 0 0 0 0 0 0 0 0 0 
1522 10 0 0 0 0 0 0 0 0 0 0 0 
1523 10 0 0 0 0 0 0 0 0 0 0 0 
1524 10 0 0 0 0 0 0 0 0 0 0 0 
1525 10 0 0 0 0 0 0 0 0 0 0 0 
1526 10 0 0 0 0 0 0 0 0 0 0 0 
1527 10 0 0 0 0 0 0 0 0 0 0 0 
1528 10 0 0 0 0 0 0 0 0 0 0 0 
1529 10 0 0 0 0 0 0 0 0 0 0 0 
1530 10 0 0 0 0 0 0 0 0 0 0 0 
1531 10 0 0 0 0 0 0 0 0 0 0 0 
1532 10 0 0 0 0 0 0 0 0 0 0 0 
1533 10 0 0 0 0 0 0 0 0 0 0 0 
1534 10 0 0 0 0 0 0 0 0 0 0 0 
1535 10 0 0 0 0 0 0 0 0 0 0 0 
1536 10 0 0 0 0 0 0 0 0 0 0 0 
1537 10 0 0 0 0 0 0 0 0 0 0 0 
1538 10 0 0 0 0 0 0 0 0 0 0 0 
1539 10 0 0 0 0 0 0 0 0 0 0 0 
1540 10 0 0 0 0 0 0 0 0 0 0 0 
1541 10 0 0 0 0 0 0 0 0 0 0 0 
1542 10 0 0 0 0 0 0 0 0 0 0 0 
1543 10 0 0 0 0 0 0 0 0 0 0 0 
1544 10 0 0 0 0 0 0 0 0 0 0 0 
1545 10 0 0 0 0 0 0 0 0 0 0 0 
1546 10 0 0 0 0 0 0 0 0 0 0 0 
1547 10 0 0 0 0 0 0 0 0 0 0 0 
1548 10 0 0 0 0 0 0 0 0 0 0 0 
1549 10 0 0 0 0 0 0 0 0 0 0 0 
1550 10 0 0 0 0 0 0 0 0 0 0 0 
1551 10 0 0 0 0 0 0 0 0 0 0 0 
1552 10 0 0 0 0 0 0 0 0 0 0 0 
1553 10 0 0 0 0 0 0 0 0 0 0 0 
1554 10 0 0 0 0 0 0 0 0 0 0 0 
1555 10 0 0 0 0 0 0 0 0 0 0 0 
1556 10 0 0 0 0 0 0 0 0 0 0 0 
1557 10 0 0 0 0 0 0 0 0 0 0 0 
1558 10 0 0 0 0 0 0 0 0 0 0 0 
1559 10 0 0 0 0 0 0 0 0 0 0 0 
1560 10 0 0 0 0 0 0 0 0 0 0 0 
1561 10 0 0 0 0 0 0 0 0 0 0 0 
1562 10 0 0 0 0 0 0 0 0 0 0 0 
1563 10 0 0 0 0 0 0 0 0 0 0 0 
1564 10 0 0 0 0 0 0 0 0 0 0 0 
1565 10 0 0 0 0 0 0 0 0 0 0 0 
1566 10 0 0 0 0 0 0 0 0 0 0 0 
1567 10 0 0 0 0 0 0 0 0 0 0 0 
1568 10 0 0 0 0 0 0 0 0 0 0 0 
1569 10 0 0 0 0 0 0 0 0 0 0 0 
1570 10 0 0 0 0 0 0 0 0 0 0 0 
1571 10 0 0 0 0 0 0 0 0 0 0 0 
1572 10 0 0 0 0 0 0 0 0 0 0 0 
1573 10 0 0 0 0 0 0 0 0 0 0 0 
1574 10 0 0 0 0 0 0 0 0 0 0 0 
1575 10 0 0 0 0 0 0 0 0 0 0 0 
1576 10 0 0 0 0 0 0 0 0 0 0 0 
1577 10 0 0 0 0 0 0 0 0 0 0 0 
1578 10 0 0 0 0 0 0 0 0 0 0 0 
1579 10 0 0 0 0 0 0 0 0 0 0 0 
1580 10 0 0 0 0 0 0 0 0 0 0 0 
1581 10 0 0 0 0 0 0 0 0 0 0 0 
1582 10 0 0 0 0 0 0 0 0 0 0 0 
1583 10 0 0 0 0 0 0 0 0 0 0 0 
1584 10 0 0 0 0 0 0 0 0 0 0 0 
1585 10 0 0 0 0 0 0 0 0 0 0 0 
1586 10 0 0 0 0 0 0 0 0 0 0 0 
1587 10 0 0 0 0 0 0 0 0 0 0 0 
1588 10 0 0 0 0 0 0 0 0 0 0 0 
1589 10 0 0 0 0 0 0 0 0 0 0 0 
1590 10 0 0 0 0 0 0 0 0 0 0 0 
1591 10 0 0 0 0 0 0 0 0 0 0 0 
1592 10 0 0 0 0 0 0 0 0 0 0 0 
1593 10 0 0 0 0 0 0 0 0 0 0 0 
1594 10 0 0 0 0 0 0 0 0 0 0 0 
1595 10 0 0 0 0 0 0 0 0 0 0 0 
1596 10 0 0 0 0 0 0 0 0 0 0 0 
1597 10 0 0 0 0 0 0 0 0 0 0 0 
1598 10 0 0 0 0 0 0 0 0 0 0 0 
1599 10 0 0 0 0 0 0 0 0 0 0 0 
1600 10 0 0 0 0 0 0 0 0 0 0 0 
1601 10 0 0 0 0 0 0 0 0 0 0 0 
1602 10 0 0 0 0 0 0 0 0 0 0 0 
1603 10 0 0 0 0 0 0 0 0 0 0 0 
1604 10 0 0 0 0 0 0 0 0 0 0 0 
1605 10 0 0 0 0 0 0 0 0 0 0 0 
1606 10 0 0 0 0 0 0 0 0 0 0 0 
1607 10 0 0 0 0 0 0 0 0 0 0 0 
1608 10 0 0 0 0 0 0 0 0 0 0 0 
1609 10 0 0 0 0 0 0 0 0 0 0 0 
1610 10 0 0 0 0 0 0 0 0 0 0 0 
1611 10 0 0 0 0 0 0 0 0 0 0 0 
1612 10 0 0 0 0 0 0 0 0 0 0 0 
1613 10 0 0 0 0 0 0 0 0 0 0 0 
1614 10 0 0 0 0 0 0 0 0 0 0 0 
1615 10 0 0 0 0 0 0 0 0 0 0 0 
1616 10 0 0 0 0 0 0 0 0 0 0 0 
1617 10 0 0 0 0 0 0 0 0 0 0 0 
1618 10 0 0 0 0 0 0 0 0 0 0 0 
1619 10 0 0 0 0 0 0 0 0 0 0 0 
1620 10 0 0 0 0 0 0 0 0 0 0 0 
1621 10 0 0 0 0 0 0 0 0 0 0 0 
1622 10 0 0 0 0 0 0 0 0 0 0 0 
1623 10 0 0 0 0 0 0 0 0 0 0 0 
1624 10 0 0 0 0 0 0 0 0 0 0 0 
1625 10 0 0 0 0 0 0 0 0 0 0 0 
1626 10 0 0 0 0 0 0 0 0 0 0 0 
1627 10 0 0 0 0 0 0 0 0 0 0 0 
1628 10 0 0 0 0 0 0 0 0 0 0 0 
1629 10 0 0 0 0 0 0 0 0 0 0 0 
1630 10 0 0 0 0 0 0 0 0 0 0 0 
1631 10 0 0 0 0 0 0 0 0 0 0 0 
1632 10 0 0 0 0 0 0 0 0 0 0 0 
1633 10 0 0 0 0 0 0 0 0 0 0 0 
1634 10 0 0 0 0 0 0 0 0 0 0 0 
1635 10 0 0 0 0 0 0 0 0 0 0 0 
1636 10 0 0 0 0 0 0 0 0 0 0 0 
1637 10 0 0 0 0 0 0 0 0 0 0 0 
1638 10 0 0 0 0 0 0 0 0 0 0 0 
1639 10 0 0 0 0 0 0 0 0 0 0 0 
1640 10 0 0 0 0 0 0 0 0 0 0 0 
1641 10 0 0 0 0 0 0 0 0 0 0 0 
1642 10 0 0 0 0 0 0 0 0 0 0 0 
1643 10 0 0 0 0 0 0 0 0 0 0 0 
1644 10 0 0 0 0 0 0 0 0 0 0 0 
1645 10 0 0 0 0 0 0 0 0 0 0 0 
1646 10 0 0 0 0 0 0 0 0 0 0 0 
1647 10 0 0 0 0 0 0 0 0 0 0 0 
1648 10 0 0 0 0 0 0 0 0 0 0 0 
1649 10 0 0 0 0 0 0 0 0 0 0 0 
1650 10 0 0 0 0 0 0 0 0 0 0 0 
1651 10 0 0 0 0 0 0 0 0 0 0 0 
1652 10 0 0 0 0 0 0 0 0 0 0 0 
1653 10 0 0 0 0 0 0 0 0 0 0 0 
1654 10 0 0 0 0 0 0 0 0 0 0 0 
1655 10 0 0 0 0 0 0 0 0 0 0 0 
1656 10 0 0 0 0 0 0 0 0 0 0 0 
1657 10 0 0 0 0 0 0 0 0 0 0 0 
1658 10 0 0 0 0 0 0 0 0 0 0 0 
1659 10 0 0 0 0 0 0 0 0 0 0 0 
1660 10 0 0 0 0 0 0 0 0 0 0 0 
1661 10 0 0 0 0 0 0 0 0 0 0 0 
1662 10 0 0 0 0 0 0 0 0 0 0 0 
1663 10 0 0 0 0 0 0 0 0 0 0 0 
1664 10 0 0 0 0 0 0 0 0 0 0 0 
1665 10 0 0 0 0 0 0 0 0 0 0 0 
1666 10 0 0 0 0 0 0 0 0 0 0 0 
1667 10 0 0 0 0 0 0 0 0 0 0 0 
1668 10 0 0 0 0 0 0 0 0 0 0 0 
1669 10 0 0 0 0 0 0 0 0 0 0 0 
1670 10 0 0 0 0 0 0 0 0 0 0 0 
1671 10 0 0 0 0 0 0 0 0 0 0 0 
1672 10 0 0 0 0 0 0 0 0 0 0 0 
1673 10 0 0 0 0 0 0 0 0 0 0 0 
1674 10 0 0 0 0 0 0 0 0 0 0 0 
1675 10 0 0 0 0 0 0 0 0 0 0 0 
1676 10 0 0 0 0 0 0 0 0 0 0 0 
1677 10 0 0 0 0 0 0 0 0 0 0 0 
1678 10 0 0 0 0 0 0 0 0 0 0 0 
1679 10 0 0 0 0 0 0 0 0 0 0 0 
1680 10 0 0 0 0 0 0 0 0 0 0 0 
1681 10 0 0 0 0 0 0 0 0 0 0 0 
1682 10 0 0 0 0 0 0 0 0 0 0 0 
1683 10 0 0 0 0 0 0 0 0 0 0 0 
1684 10 0 0 0 0 0 0 0 0 0 0 0 
1685 10 0 0 0 0 0 0 0 0 0 0 0 
1686 10 0 0 0 0 0 0 0 0 0 0 0 
1687 10 0 0 0 0 0 0 0 0 0 0 0 
1688 10 0 0 0 0 0 0 0 0 0 0 0 
1689 10 0 0 0 0 0 0 0 0 0 0 0 
1690 10 0 0 0 0 0 0 0 0 0 0 0 
1691 10 0 0 0 0 0 0 0 0 0 0 0 
1692 10 0 0 0 0 0 0 0 0 0 0 0 
1693 10 0 0 0 0 0 0 0 0 0 0 0 
1694 10 0 0 0 0 0 0 0 0 0 0 0 
1695 10 0 0 0 0 0 0 0 0 0 0 0 
1696 10 0 0 0 0 0 0 0 0 0 0 0 
1697 10 0 0 0 0 0 0 0 0 0 0 0 
1698 10 0 0 0 0 0 0 0 0 0 0 0 
1699 10 0 0 0 0 0 0 0 0 0 0 0 
1700 10 0 0 0 0 0 0 0 0 0 0 0 
1701 10 0 0 0 0 0 0 0 0 0 0 0 
1702 10 0 0 0 0 0 0 0 0 0 0 0 
1703 10 0 0 0 0 0 0 0 0 0 0 0 
1704 10 0 0 0 0 0 0 0 0 0 0 0 
1705 10 0 0 0 0 0 0 0 0 0 0 0 
1706 10 0 0 0 0 0 0 0 0 0 0 0 
1707 10 0 0 0 0 0 0 0 0 0 0 0 
1708 10 0 0 0 0 0 0 0 0 0 0 0 
1709 10 0 0 0 0 0 0 0 0 0 0 0 
1710 10 0 0 0 0 0 0 0 0 0 0 0 
1711 10 0 0 0 0 0 0 0 0 0 0 0 
1712 10 0 0 0 0 0 0 0 0 0 0 0 
1713 10 0 0 0 0 0 0 0 0 0 0 0 
1714 10 0 0 0 0 0 0 0 0 0 0 0 
1715 10 0 0 0 0 0 0 0 0 0 0 0 
1716 10 0 0 0 0 0 0 0 0 0 0 0 
1717 10 0 0 0 0 0 0 0 0 0 0 0 
1718 10 0 0 0 0 0 0 0 0 0 0 0 
1719 10 0 0 0 0 0 0 0 0 0 0 0 
1720 10 0 0 0 0 0 0 0 0 0 0 0 
1721 10 0 0 0 0 0 0 0 0 0 0 0 
1722 10 0 0 0 0 0 0 0 0 0 0 0 
1723 10 0 0 0 0 0 0 0 0 0 0 0 
1724 10 0 0 0 0 0 0 0 0 0 0 0 
1725 10 0 0 0 0 0 0 0 0 0 0 0 
1726 10 0 0 0 0 0 0 0 0 0 0 0 
1727 10 0 0 0 0 0 0 0 0 0 0 0 
1728 10 0 0 0 0 0 0 0 0 0 0 0 
1729 10 0 0 0 0 0 0 0 0 0 0 0 
1730 10 0 0 0 0 0 0 0 0 0 0 0 
1731 10 0 0 0 0 0 0 0 0 0 0 0 
1732 10 0 0 0 0 0 0 0 0 0 0 0 
1733 10 0 0 0 0 0 0 0 0 0 0 0 
1734 10 0 0 0 0 0 0 0 0 0 0 0 
1735 10 0 0 0 0 0 0 0 0 0 0 0 
1736 10 0 0 0 0 0 0 0 0 0 0 0 
1737 10 0 0 0 0 0 0 0 0 0 0 0 
1738 10 0 0 0 0 0 0 0 0 0 0 0 
1739 10 0 0 0 0 0 0 0 0 0 0 0 
1740 10 0 0 0 0 0 0 0 0 0 0 0 
1741 10 0 0 0 0 0 0 0 0 0 0 0 
1742 10 0 0 0 0 0 0 0 0 0 0 0 
1743 10 0 0 0 0 0 0 0 0 0 0 0 
1744 10 0 0 0 0 0 0 0 0 0 0 0 
1745 10 0 0 0 0 0 0 0 0 0 0 0 
1746 10 0 0 0 0 0 0 0 0 0 0 0 
1747 10 0 0 0 0 0 0 0 0 0 0 0 
1748 10 0 0 0 0 0 0 0 0 0 0 0 
1749 10 0 0 0 0 0 0 0 0 0 0 0 
1750 10 0 0 0 0 0 0 0 0 0 0 0 
1751 10 0 0 0 0 0 0 0 0 0 0 0 
1752 10 0 0 0 0 0 0 0 0 0 0 0 
1753 10 0 0 0 0 0 0 0 0 0 0 0 
1754 10 0 0 0 0 0 0 0 0 0 0 0 
1755 10 0 0 0 0 0 0 0 0 0 0 0 
1756 10 0 0 0 0 0 0 0 0 0 0 0 
1757 10 0 0 0 0 0 0 0 0 0 0 0 
1758 10 0 0 0 0 0 0 0 0 0 0 0 
1759 10 53 0 0 0 0 0 0 0 0 0 0 
1760 10 54 0 0 0 0 0 0 0 0 0 0 
1761 10 55 0 0 0 0 0 0 0 0 0 0 
1762 10 56 0 0 0 0 0 0 0 0 0 0 
1763 10 57 0 0 0 0 0 0 0 0 0 0 
1764 10 58 0 0 0 0 0 0 0 0 0 0 
1765 10 0 0 0 0 0 0 0 0 0 0 0 
1766 10 0 0 0 0 0 0 0 0 0 0 0 
1767 10 0 0 0 0 0 0 0 0 0 0 0 
1768 10 0 0 0 0 0 0 0 0 0 0 0 
1769 10 0 0 0 0 0 0 0 0 0 0 0 
1770 10 0 0 0 0 0 0 0 0 0 0 0 
1771 10 61 0 0 0 0 0 0 0 0 0 0 
1772 10 62 0 0 0 0 0 0 0 0 0 0 
1773 10 0 0 0 0 0 0 0 0 0 0 0 
1774 10 0 0 0 0 0 0 0 0 0 0 0 
1775 10 0 0 0 0 0 0 0 0 0 0 0 
1776 10 0 0 0 0 0 0 0 0 0 0 0 
1777 10 0 0 0 0 0 0 0 0 0 0 0 
1778 10 0 0 0 0 0 0 0 0 0 0 0 
1779 10 0 0 0 0 0 0 0 0 0 0 0 
1780 10 0 0 0 0 0 0 0 0 0 0 0 
1781 10 0 0 0 0 0 0 0 0 0 0 0 
1782 10 0 0 0 0 0 0 0 0 0 0 0 
1783 10 65 0 0 0 0 0 0 0 0 0 0 
1784 10 66 0 0 0 0 0 0 0 0 0 0 
1785 10 67 0 0 0 0 0 0 0 0 0 0 
1786 10 68 0 0 0 0 0 0 0 0 0 0 
1787 10 0 0 0 0 0 0 0 0 0 0 0 
1788 10 0 0 0 0 0 0 0 0 0 0 0 
1789 10 0 0 0 0 0 0 0 0 0 0 0 
1790 10 0 0 0 0 0 0 0 0 0 0 0 
1791 10 0 0 0 0 0 0 0 0 0 0 0 
1792 10 0 0 0 0 0 0 0 0 0 0 0 
1793 10 0 0 0 0 0 0 0 0 0 0 0 
1794 10 0 0 0 0 0 0 0 0 0 0 0 
1795 10 0 0 0 0 0 0 0 0 0 0 0 
1796 10 0 0 0 0 0 0 0 0 0 0 0 
1797 10 0 0 0 0 0 0 0 0 0 0 0 
1798 10 0 0 0 0 0 0 0 0 0 0 0 
1799 10 73 0 0 0 0 0 0 0 0 0 0 
1800 10 74 0 0 0 0 0 0 0 0 0 0 
1801 10 0 0 0 0 0 0 0 0 0 0 0 
1802 10 0 0 0 0 0 0 0 0 0 0 0 
1803 10 76 0 0 0 0 0 0 0 0 0 0 
1804 10 77 0 0 0 0 0 0 0 0 0 0 
1805 10 78 0 0 0 0 0 0 0 0 0 0 
1806 10 79 0 0 0 0 0 0 0 0 0 0 
1807 10 0 0 0 0 0 0 0 0 0 0 0 
1808 10 0 0 0 0 0 0 0 0 0 0 0 
1809 10 0 0 0 0 0 0 0 0 0 0 0 
1810 10 0 0 0 0 0 0 0 0 0 0 0 
1811 10 0 0 0 0 0 0 0 0 0 0 0 
1812 10 0 0 0 0 0 0 0 0 0 0 0 
1813 10 0 0 0 0 0 0 0 0 0 0 0 
1814 10 0 0 0 0 0 0 0 0 0 0 0 
1815 10 0 0 0 0 0 0 0 0 0 0 0 
1816 10 0 0 0 0 0 0 0 0 0 0 0 
1817 10 82 0 0 0 0 0 0 0 0 0 0 
1818 10 83 0 0 0 0 0 0 0 0 0 0 
1819 10 0 0 0 0 0 0 0 0 0 0 0 
1820 10 0 0 0 0 0 0 0 0 0 0 0 
1821 10 0 0 0 0 0 0 0 0 0 0 0 
1822 10 0 0 0 0 0 0 0 0 0 0 0 
1823 10 0 0 0 0 0 0 0 0 0 0 0 
1824 10 0 0 0 0 0 0 0 0 0 0 0 
1825 10 0 0 0 0 0 0 0 0 0 0 0 
1826 10 0 0 0 0 0 0 0 0 0 0 0 
1827 10 86 0 0 0 0 0 0 0 0 0 0 
1828 10 87 0 0 0 0 0 0 0 0 0 0 
1829 10 0 0 0 0 0 0 0 0 0 0 0 
1830 10 0 0 0 0 0 0 0 0 0 0 0 
1831 10 0 0 0 0 0 0 0 0 0 0 0 
1832 10 0 0 0 0 0 0 0 0 0 0 0 
1833 10 90 0 0 0 0 0 0 0 0 0 0 
1834 10 91 0 0 0 0 0 0 0 0 0 0 
1835 10 0 0 0 0 0 0 0 0 0 0 0 
1836 10 0 0 0 0 0 0 0 0 0 0 0 
1837 10 0 0 0 0 0 0 0 0 0 0 0 
1838 10 0 0 0 0 0 0 0 0 0 0 0 
1839 10 93 0 0 0 0 0 0 0 0 0 0 
1840 10 94 0 0 0 0 0 0 0 0 0 0 
1841 10 95 0 0 0 0 0 0 0 0 0 0 
1842 10 96 0 0 0 0 0 0 0 0 0 0 
1843 10 97 0 0 0 0 0 0 0 0 0 0 
1844 10 98 0 0 0 0 0 0 0 0 0 0 
1845 10 99 0 0 0 0 0 0 0 0 0 0 
1846 10 100 0 0 0 0 0 0 0 0 0 0 
1847 10 0 0 0 0 0 0 0 0 0 0 0 
1848 10 0 0 0 0 0 0 0 0 0 0 0 
1849 10 0 0 0 0 0 0 0 0 0 0 0 
1850 10 0 0 0 0 0 0 0 0 0 0 0 
1851 10 102 0 0 0 0 0 0 0 0 0 0 
1852 10 103 0 0 0 0 0 0 0 0 0 0 
1853 10 0 0 0 0 0 0 0 0 0 0 0 
1854 10 0 0 0 0 0 0 0 0 0 0 0 
1855 10 0 0 0 0 0 0 0 0 0 0 0 
1856 10 0 0 0 0 0 0 0 0 0 0 0 
1857 10 0 0 0 0 0 0 0 0 0 0 0 
1858 10 0 0 0 0 0 0 0 0 0 0 0 
1859 10 0 0 0 0 0 0 0 0 0 0 0 
1860 10 0 0 0 0 0 0 0 0 0 0 0 
1861 10 0 0 0 0 0 0 0 0 0 0 0 
1862 10 0 0 0 0 0 0 0 0 0 0 0 
1863 10 0 0 0 0 0 0 0 0 0 0 0 
1864 10 0 0 0 0 0 0 0 0 0 0 0 
1865 10 0 0 0 0 0 0 0 0 0 0 0 
1866 10 0 0 0 0 0 0 0 0 0 0 0 
1867 10 0 0 0 0 0 0 0 0 0 0 0 
1868 10 0 0 0 0 0 0 0 0 0 0 0 
1869 10 0 0 0 0 0 0 0 0 0 0 0 
1870 10 0 0 0 0 0 0 0 0 0 0 0 
1871 10 0 0 0 0 0 0 0 0 0 0 0 
1872 10 0 0 0 0 0 0 0 0 0 0 0 
1873 10 0 0 0 0 0 0 0 0 0 0 0 
1874 10 0 0 0 0 0 0 0 0 0 0 0 
1875 10 0 0 0 0 0 0 0 0 0 0 0 
1876 10 0 0 0 0 0 0 0 0 0 0 0 
1877 10 0 0 0 0 0 0 0 0 0 0 0 
1878 10 0 0 0 0 0 0 0 0 0 0 0 
1879 10 0 0 0 0 0 0 0 0 0 0 0 
1880 10 0 0 0 0 0 0 0 0 0 0 0 
1881 10 0 0 0 0 0 0 0 0 0 0 0 
1882 10 0 0 0 0 0 0 0 0 0 0 0 
1883 10 0 0 0 0 0 0 0 0 0 0 0 
1884 10 0 0 0 0 0 0 0 0 0 0 0 
1885 10 0 0 0 0 0 0 0 0 0 0 0 
1886 10 0 0 0 0 0 0 0 0 0 0 0 
1887 10 0 0 0 0 0 0 0 0 0 0 0 
1888 10 0 0 0 0 0 0 0 0 0 0 0 
1889 10 0 0 0 0 0 0 0 0 0 0 0 
1890 10 0 0 0 0 0 0 0 0 0 0 0 
1891 10 0 0 0 0 0 0 0 0 0 0 0 
1892 10 0 0 0 0 0 0 0 0 0 0 0 
1893 10 0 0 0 0 0 0 0 0 0 0 0 
1894 10 0 0 0 0 0 0 0 0 0 0 0 
1895 10 0 0 0 0 0 0 0 0 0 0 0 
1896 10 0 0 0 0 0 0 0 0 0 0 0 
1897 10 0 0 0 0 0 0 0 0 0 0 0 
1898 10 0 0 0 0 0 0 0 0 0 0 0 
1899 10 0 0 0 0 0 0 0 0 0 0 0 
1900 10 0 0 0 0 0 0 0 0 0 0 0 
1901 10 0 0 0 0 0 0 0 0 0 0 0 
1902 10 0 0 0 0 0 0 0 0 0 0 0 
1903 10 0 0 0 0 0 0 0 0 0 0 0 
1904 10 0 0 0 0 0 0 0 0 0 0 0 
1905 10 0 0 0 0 0 0 0 0 0 0 0 
1906 10 0 0 0 0 0 0 0 0 0 0 0 
1907 10 0 0 0 0 0 0 0 0 0 0 0 
1908 10 0 0 0 0 0 0 0 0 0 0 0 
1909 10 0 0 0 0 0 0 0 0 0 0 0 
1910 10 0 0 0 0 0 0 0 0 0 0 0 
1911 10 0 0 0 0 0 0 0 0 0 0 0 
1912 10 0 0 0 0 0 0 0 0 0 0 0 
1913 10 0 0 0 0 0 0 0 0 0 0 0 
1914 10 0 0 0 0 0 0 0 0 0 0 0 
1915 10 0 0 0 0 0 0 0 0 0 0 0 
1916 10 0 0 0 0 0 0 0 0 0 0 0 
1917 10 0 0 0 0 0 0 0 0 0 0 0 
1918 10 0 0 0 0 0 0 0 0 0 0 0 
1919 10 0 0 0 0 0 0 0 0 0 0 0 
1920 10 0 0 0 0 0 0 0 0 0 0 0 
1921 10 0 0 0 0 0 0 0 0 0 0 0 
1922 10 0 0 0 0 0 0 0 0 0 0 0 
1923 10 0 0 0 0 0 0 0 0 0 0 0 
1924 10 0 0 0 0 0 0 0 0 0 0 0 
1925 10 0 0 0 0 0 0 0 0 0 0 0 
1926 10 0 0 0 0 0 0 0 0 0 0 0 
1927 10 0 0 0 0 0 0 0 0 0 0 0 
1928 10 0 0 0 0 0 0 0 0 0 0 0 
1929 10 0 0 0 0 0 0 0 0 0 0 0 
1930 10 0 0 0 0 0 0 0 0 0 0 0 
1931 10 0 0 0 0 0 0 0 0 0 0 0 
1932 10 0 0 0 0 0 0 0 0 0 0 0 
1933 10 0 0 0 0 0 0 0 0 0 0 0 
1934 10 0 0 0 0 0 0 0 0 0 0 0 
1935 10 0 0 0 0 0 0 0 0 0 0 0 
1936 10 0 0 0 0 0 0 0 0 0 0 0 
1937 10 0 0 0 0 0 0 0 0 0 0 0 
1938 10 0 0 0 0 0 0 0 0 0 0 0 
1939 10 0 0 0 0 0 0 0 0 0 0 0 
1940 10 0 0 0 0 0 0 0 0 0 0 0 
1941 10 0 0 0 0 0 0 0 0 0 0 0 
1942 10 0 0 0 0 0 0 0 0 0 0 0 
1943 10 0 0 0 0 0 0 0 0 0 0 0 
1944 10 0 0 0 0 0 0 0 0 0 0 0 
1945 10 0 0 0 0 0 0 0 0 0 0 0 
1946 10 0 0 0 0 0 0 0 0 0 0 0 
1947 10 0 0 0 0 0 0 0 0 0 0 0 
1948 10 0 0 0 0 0 0 0 0 0 0 0 
1949 10 0 0 0 0 0 0 0 0 0 0 0 
1950 10 0 0 0 0 0 0 0 0 0 0 0 
1951 10 0 0 0 0 0 0 0 0 0 0 0 
1952 10 0 0 0 0 0 0 0 0 0 0 0 
1953 10 0 0 0 0 0 0 0 0 0 0 0 
1954 10 0 0 0 0 0 0 0 0 0 0 0 
1955 10 0 0 0 0 0 0 0 0 0 0 0 
1956 10 0 0 0 0 0 0 0 0 0 0 0 
1957 10 0 0 0 0 0 0 0 0 0 0 0 
1958 10 0 0 0 0 0 0 0 0 0 0 0 
1959 10 0 0 0 0 0 0 0 0 0 0 0 
1960 10 0 0 0 0 0 0 0 0 0 0 0 
1961 10 0 0 0 0 0 0 0 0 0 0 0 
1962 10 0 0 0 0 0 0 0 0 0 0 0 
1963 10 0 0 0 0 0 0 0 0 0 0 0 
1964 10 0 0 0 0 0 0 0 0 0 0 0 
1965 10 0 0 0 0 0 0 0 0 0 0 0 
1966 10 0 0 0 0 0 0 0 0 0 0 0 
1967 10 0 0 0 0 0 0 0 0 0 0 0 
1968 10 0 0 0 0 0 0 0 0 0 0 0 
1969 10 0 0 0 0 0 0 0 0 0 0 0 
1970 10 0 0 0 0 0 0 0 0 0 0 0 
1971 10 0 0 0 0 0 0 0 0 0 0 0 
1972 10 0 0 0 0 0 0 0 0 0 0 0 
1973 10 0 0 0 0 0 0 0 0 0 0 0 
1974 10 0 0 0 0 0 0 0 0 0 0 0 
1975 10 0 0 0 0 0 0 0 0 0 0 0 
1976 10 0 0 0 0 0 0 0 0 0 0 0 
1977 10 0 0 0 0 0 0 0 0 0 0 0 
1978 10 0 0 0 0 0 0 0 0 0 0 0 
1979 10 0 0 0 0 0 0 0 0 0 0 0 
1980 10 0 0 0 0 0 0 0 0 0 0 0 
1981 10 0 0 0 0 0 0 0 0 0 0 0 
1982 10 0 0 0 0 0 0 0 0 0 0 0 
1983 10 0 0 0 0 0 0 0 0 0 0 0 
1984 10 0 0 0 0 0 0 0 0 0 0 0 
1985 10 0 0 0 0 0 0 0 0 0 0 0 
1986 10 0 0 0 0 0 0 0 0 0 0 0 
1987 10 0 0 0 0 0 0 0 0 0 0 0 
1988 10 0 0 0 0 0 0 0 0 0 0 0 
1989 10 0 0 0 0 0 0 0 0 0 0 0 
1990 10 0 0 0 0 0 0 0 0 0 0 0 
1991 10 0 0 0 0 0 0 0 0 0 0 0 
1992 10 0 0 0 0 0 0 0 0 0 0 0 
1993 10 0 0 0 0 0 0 0 0 0 0 0 
1994 10 0 0 0 0 0 0 0 0 0 0 0 
1995 10 0 0 0 0 0 0 0 0 0 0 0 
1996 10 0 0 0 0 0 0 0 0 0 0 0 
1997 10 0 0 0 0 0 0 0 0 0 0 0 
1998 10 0 0 0 0 0 0 0 0 0 0 0 
1999 10 0 0 0 0 0 0 0 0 0 0 0 
2000 10 0 0 0 0 0 0 0 0 0 0 0 
2001 10 0 0 0 0 0 0 0 0 0 0 0 
2002 10 0 0 0 0 0 0 0 0 0 0 0 
2003 10 0 0 0 0 0 0 0 0 0 0 0 
2004 10 0 0 0 0 0 0 0 0 0 0 0 
2005 10 0 0 0 0 0 0 0 0 0 0 0 
2006 10 0 0 0 0 0 0 0 0 0 0 0 
2007 10 0 0 0 0 0 0 0 0 0 0 0 
2008 10 0 0 0 0 0 0 0 0 0 0 0 
2009 10 0 0 0 0 0 0 0 0 0 0 0 
2010 10 0 0 0 0 0 0 0 0 0 0 0 
2011 10 0 0 0 0 0 0 0 0 0 0 0 
2012 10 0 0 0 0 0 0 0 0 0 0 0 
2013 10 0 0 0 0 0 0 0 0 0 0 0 
2014 10 0 0 0 0 0 0 0 0 0 0 0 
2015 10 0 0 0 0 0 0 0 0 0 0 0 
2016 10 0 0 0 0 0 0 0 0 0 0 0 
2017 10 0 0 0 0 0 0 0 0 0 0 0 
2018 10 0 0 0 0 0 0 0 0 0 0 0 
2019 10 0 0 0 0 0 0 0 0 0 0 0 
2020 10 0 0 0 0 0 0 0 0 0 0 0 
2021 10 0 0 0 0 0 0 0 0 0 0 0 
2022 10 0 0 0 0 0 0 0 0 0 0 0 
2023 10 0 0 0 0 0 0 0 0 0 0 0 
2024 10 0 0 0 0 0 0 0 0 0 0 0 
2025 10 0 0 0 0 0 0 0 0 0 0 0 
2026 10 0 0 0 0 0 0 0 0 0 0 0 
2027 10 0 0 0 0 0 0 0 0 0 0 0 
2028 10 0 0 0 0 0 0 0 0 0 0 0 
2029 10 0 0 0 0 0 0 0 0 0 0 0 
2030 10 0 0 0 0 0 0 0 0 0 0 0 
2031 10 0 0 0 0 0 0 0 0 0 0 0 
2032 10 0 0 0 0 0 0 0 0 0 0 0 
2033 10 0 0 0 0 0 0 0 0 0 0 0 
2034 10 0 0 0 0 0 0 0 0 0 0 0 
2035 10 0 0 0 0 0 0 0 0 0 0 0 
2036 10 0 0 0 0 0 0 0 0 0 0 0 
2037 10 0 0 0 0 0 0 0 0 0 0 0 
2038 10 0 0 0 0 0 0 0 0 0 0 0 
2039 10 0 0 0 0 0 0 0 0 0 0 0 
2040 10 0 0 0 0 0 0 0 0 0 0 0 
2041 10 0 0 0 0 0 0 0 0 0 0 0 
2042 10 0 0 0 0 0 0 0 0 0 0 0 
2043 10 0 0 0 0 0 0 0 0 0 0 0 
2044 10 0 0 0 0 0 0 0 0 0 0 0 
2045 10 0 0 0 0 0 0 0 0 0 0 0 
2046 10 0 0 0 0 0 0 0 0 0 0 0 

0 5 2 2 0.297619 25 13 -12 13 38 12 -28 -14 47 12 -2 12 26 12 24 -15 30 11 4 -15 12 14 -34 13 -40 -15 35 12 -30 -14 0 -12 11 -13 8 14 13 13 27 13 -11 -14 -45 11 -16 13 -1 -13 -9 9 -18 4 0.9742 236 -15 2 -13 -20 23 -26 19 5 -20 39 22 -28 20 -32 7 -17 13 -20 13 10 -14 26 16 -20 -12 20 13 28 19 -18 -23 44 12 4 -20 -38 14 -9 22 34 14 -23 14 10 12 -22 21 4 17 18 -10 9 20 -19 -20 -3 -22 44 16 8 16 9 12 -27 -10 -26 12 -33 14 9 18 -26 -25 41 -23 39 14 -17 -21 10 -17 28 14 1 18 40 21 22 12 10 -25 37 5 18 14 -16 13 6 10 9 23 -35 13 -20 22 -35 -16 -11 15 -22 13 11 15 23 14 -2 11 12 14 40 -15 -1 19 -34 -25 -21 4 13 26 29 15 -5 9 38 -22 32 -25 -14 3 44 13 -25 -14 -18 -14 -7 -22 -23 -11 -33 -14 -11 -13 40 -20 -39 -13 -15 -24 -23 -23 -36 -13 -12 -24 -32 -19 -4 -20 -17 -24 -39 19 8 -15 31 12 0 -23 -40 -24 29 17 4 17 -1 17 -22 -15 28 9 -13 11 -2 -11 -14 11 45 26 6 -17 -4 14 16 13 -38 -23 -29 -8 -13 24 3 11 0 -10 -21 -20 23 -10 -16 11 -35 -11 -6 10 37 8 8 24 -24 10 45 8 -37 -21 -3 24 -26 -20 24 2 -13 2 -9 9 25 8 18 8 -16 22 -16 -11 4 7 43 -11 0 -21 -37 19 40 -15 11 -8 -9 8 -27 -10 26 -12 -37 -14 -12 -21 -32 8 30 -21 15 5 -37 -12 38 -20 -33 9 -1 -9 15 -21 36 9 15 -24 37 -20 18 7 -4 13 -26 1 23 11 39 15 -24 10 9 -25 -28 -23 -9 5 -34 7 -29 0 43 -12 -6 11 -24 13 7 -16 25 -1 -37 5 -30 10 -2 -23 33 16 43 -10 2 24 31 -7 -18 -13 43 5 -16 8 27 -2 -36 -6 -20 -14 29 8 -8 0 -35 -4 39 -9 -4 -5 3 -22 14 -10 42 -14 33 -2 -30 -2 -29 0 -34 4 36 8 1 6 29 9 2 -7 38 11 27 -13 33 5 16 -22 -21 5 41 -1 -31 5 40 26 -19 13 18 3 -19 17 -8 -15 2 -1 -25 9 8 -20 -12 18 -27 6 14 16 39 5 -4 6 11 13 37 -7 -20 -17 32 23 11 -1 -32 -23 -8 -2 41 -7 10 5 4 8 38 -16 -36 -16 -27 2 32 3 -23 0 -21 -6 -34 5 17 -1 -31 -2 37 -3 41 -12 32 -1 -23 
1 5 2 2 0.933333 7 -14 37 -13 31 -8 16 -8 34 -15 32 -12 15 -7 39 4 0.533333 2 -2 40 -6 33 
2 5 2 2 0.258065 2 -12 38 -12 11 4 0.978723 23 21 40 13 44 -8 43 -7 41 -7 41 -10 40 -15 41 9 40 24 13 -10 36 -9 36 23 16 -8 35 18 9 -23 35 -20 34 11 -43 -6 -39 -7 -40 -5 -20 -21 -39 -9 10 -20 -36 
3 5 2 2 0.7 7 -14 -1 -9 -5 -9 -10 -13 15 -13 -31 -15 -26 -10 -21 4 0.872727 12 -13 -41 -22 -26 -19 -3 -24 -34 -24 3 -22 2 -24 16 -13 21 -5 16 -8 -3 -22 31 -9 -7 
4 5 2 2 0.05 1 -14 11 4 0.996721 76 -9 3 -6 27 -20 -43 -25 -42 -24 -43 -11 29 -7 34 -6 31 -18 10 -14 -43 19 -6 -20 -2 -18 15 -19 -13 -1 11 0 -17 -14 -24 6 -23 6 9 7 5 6 11 -18 7 8 3 2 11 6 -22 5 -3 -19 2 4 -10 11 -15 -4 7 10 5 -21 2 11 -10 -3 3 -17 16 2 29 1 32 12 -6 12 -5 -14 9 -4 -19 -16 -4 -13 19 -13 18 18 -20 -9 8 14 1 -7 18 15 -14 -3 -1 16 -3 -4 0 -4 -12 1 16 -11 26 -5 15 -2 -2 6 11 -5 21 -7 27 -2 -11 17 15 -3 27 13 -12 13 -19 17 25 -1 -23 0 24 11 23 0 -30 -22 -42 4 -9 -24 28 18 -40 -21 29 -17 -38 
5 5 2 2 0.975845 202 14 8 8 45 9 2 9 -15 15 -2 14 -24 10 -11 15 -1 9 27 10 40 10 -29 12 48 7 -23 9 6 13 46 7 41 16 17 8 23 13 -12 7 6 7 -6 8 7 8 -7 9 45 11 -2 8 23 12 42 9 37 12 5 11 -22 6 -31 7 24 7 -22 5 -28 7 32 5 3 4 -20 5 42 15 51 15 11 4 -6 14 3 14 17 10 -14 6 -21 14 37 7 -29 4 10 4 11 12 -10 6 23 16 -15 11 39 9 41 3 38 3 -11 5 -15 7 -14 6 -16 12 47 14 14 3 5 10 39 10 -4 6 7 16 -29 15 21 5 17 15 17 16 -20 9 32 5 11 2 -23 0 -25 8 -29 7 10 3 24 2 27 8 1 2 -6 15 44 2 -3 1 4 10 49 6 45 10 25 4 40 14 42 7 -28 1 -10 6 -33 7 -33 2 22 12 -18 16 28 12 29 3 49 0 40 -2 40 6 29 9 37 9 43 7 34 10 45 10 42 11 14 14 0 7 -20 14 48 8 8 9 -9 14 23 7 36 13 43 11 24 15 23 9 30 11 2 13 -9 13 -25 2 43 12 30 5 18 0 20 8 29 15 40 1 19 9 44 10 -13 -2 45 8 53 4 1 4 -1 2 -8 3 -15 4 -28 3 -7 2 36 13 -12 13 50 8 47 7 28 5 -30 7 18 1 44 -4 31 -5 52 -3 45 14 -19 8 42 13 24 -6 52 -4 53 11 -14 0 -7 3 38 -15 53 2 50 13 44 -6 50 -4 24 1 -32 0 49 14 -28 -5 32 -5 34 -4 23 -2 15 -8 49 3 45 -1 -16 8 25 12 14 12 11 3 4 0 23 -9 48 3 6 -3 21 2 44 -9 48 -6 47 -1 2 -4 21 -12 48 -3 -27 13 -16 -2 13 -1 47 -10 47 3 34 -10 49 1 36 -11 46 -5 50 -3 -14 -3 17 -1 17 -10 45 -4 45 -13 45 0 -2 4 0.283688 20 24 4 6 35 19 25 18 7 18 -4 23 41 19 -31 3 8 16 -12 16 13 17 -32 19 -10 15 -26 14 42 14 -12 14 -5 3 -22 2 43 12 38 15 26 
6 5 2 2 0.784314 20 -2 32 -15 17 -6 25 -11 -31 -7 25 -5 -3 -8 35 -7 36 -9 23 -1 36 5 -3 2 37 -15 14 -20 8 -1 42 0 39 -9 25 -19 24 -20 -9 -12 -15 4 0.814815 22 3 12 -2 5 13 -19 -9 2 5 37 3 -1 5 28 -5 -28 2 19 -16 -30 -4 -3 -21 10 -7 -10 -4 6 3 36 -4 4 2 37 -11 37 -19 -22 -17 -29 1 18 3 43 
7 5 2 2 0.94403 253 4 6 -15 42 -15 5 -6 -11 -19 29 -15 26 2 -14 -19 -10 -5 2 -9 41 -10 35 -8 36 -8 5 -11 3 -14 -15 -4 5 -6 31 -9 33 -6 -30 -6 -29 -19 17 -7 33 -13 11 -13 1 -2 30 -14 42 4 1 -13 -3 -14 -30 -12 11 -17 -21 -12 8 1 -23 12 -20 -19 22 -18 12 -14 -13 -16 40 -12 -10 -7 -16 -11 -4 -19 16 -18 37 -19 -28 -14 1 -14 -16 -11 -28 -3 39 -14 23 4 13 3 -1 -9 33 -7 -28 -8 -29 -20 13 -1 30 -18 -17 -18 9 -15 30 -15 40 -20 -21 9 19 -7 -16 -11 -5 2 34 -5 -20 -15 27 -17 -22 -10 -5 -5 24 -9 -14 -10 -15 -8 43 -5 35 1 -6 -19 22 4 -3 -17 39 -17 43 -13 -13 -14 19 -5 16 -14 1 -11 -3 -14 -25 -8 14 -12 14 -5 -31 -16 2 -5 32 9 -14 -7 -11 -20 -32 -5 8 -10 -5 -10 -4 -7 41 -4 -28 -16 13 -3 42 -15 34 -11 -12 6 33 -15 -32 8 36 -19 12 -2 -25 -10 45 2 45 -13 32 -10 -25 -8 39 -18 -1 -13 -18 -10 23 -9 -31 4 32 -9 13 -6 8 -10 41 -8 39 -17 -18 -7 -16 -3 39 -13 28 -11 32 -17 -22 0 39 -14 2 -11 32 7 -4 -15 36 -2 -7 -11 -8 -17 -6 -10 37 -14 -16 -8 -8 -3 39 -8 -7 -14 -27 -9 22 -19 -10 -12 41 5 12 -5 42 -18 -20 -18 0 -15 -16 -5 32 -3 42 -16 36 -18 24 -4 13 -13 15 -17 -4 -7 -3 -20 -15 -19 10 -6 -32 -1 24 -16 -4 -18 -29 3 34 -16 3 -7 44 -4 -12 2 30 -16 -24 -7 -21 -7 25 5 39 -8 42 1 37 -8 22 -13 16 6 -1 -17 24 -18 29 -4 -29 -19 -21 -13 10 -4 -12 -20 -16 -8 18 -12 -18 -11 -23 -20 -30 -15 21 -12 15 0 10 -12 19 4 7 -11 32 -15 14 -15 13 -14 0 -6 22 -20 -1 -9 32 3 -13 -14 -17 -16 -25 -5 25 -15 -12 -8 -2 -14 21 -10 -14 0 41 -17 35 -5 19 -7 19 -17 -1 -14 24 -7 15 -2 -3 -20 2 -3 35 -5 -23 -5 -22 3 37 -9 -4 -1 15 -19 -4 -9 -7 -14 -15 8 6 -5 38 -15 3 -10 22 -12 29 -12 5 -1 -3 -18 -10 -10 1 -3 -1 -1 -21 6 37 -9 2 -2 2 -13 34 -17 16 -3 28 -15 26 -20 20 -20 5 6 -6 -6 -24 0 2 -11 35 -17 -1 -2 13 -16 11 4 0.486815 60 -6 4 -23 -31 -3 6 7 3 -8 44 -1 28 -13 14 -2 -24 -17 7 8 -15 -6 44 -19 30 -18 28 -19 27 -11 8 -18 -26 0 -15 -8 33 8 22 12 -28 12 -29 -1 27 -9 0 -13 20 4 33 -13 -16 4 -20 -1 7 5 41 -17 -22 -15 27 7 -22 -23 3 -6 -24 -16 -18 -19 -16 12 36 0 35 1 29 -17 -25 1 38 -21 41 -3 29 -19 34 -20 -28 2 8 -14 5 6 17 -5 25 -23 30 2 42 -20 26 -16 6 -6 30 -1 40 12 -21 -6 32 -1 31 2 33 11 26 
8 5 2 2 0.783217 28 14 33 15 29 -1 28 3 -23 -13 -2 10 -26 10 -22 10 -17 6 -28 16 12 4 16 4 -12 -3 43 16 42 15 36 -2 51 -5 29 -8 22 -3 0 12 6 -19 32 13 27 7 9 3 31 -9 40 -10 41 -16 17 12 -5 4 0.815789 31 0 34 1 32 -17 14 14 5 23 -24 -7 39 5 -12 5 -19 22 -12 10 -17 2 39 -6 14 -4 39 -19 1 19 -23 -14 44 -16 -9 6 24 -23 -6 -21 44 -21 41 21 -19 21 -12 5 44 18 -17 18 -14 1 43 22 3 5 43 19 -9 17 -13 
9 5 2 2 0.965517 14 5 36 11 -7 11 0 -11 34 11 16 4 40 2 24 10 -26 8 24 -12 14 16 2 8 1 -10 2 15 -11 4 0.363636 2 3 11 17 44 
10 5 2 2 0.979592 12 -4 -1 6 46 -7 9 1 44 4 39 7 23 -2 -6 2 25 10 -18 11 -3 7 26 0 45 4 0.25 1 -4 16 
11 5 2 2 0.551724 4 -11 -36 2 -35 8 -33 7 -33 4 0.928571 13 -20 35 -17 45 -9 45 -19 43 -5 29 -17 38 -6 38 -1 23 1 38 4 5 -6 36 -18 -33 -17 -34 
12 5 2 2 0.0952381 1 5 -26 4 0.993464 38 -24 2 -24 -3 -25 -19 -25 -18 -7 -15 -5 -17 7 12 4 29 -2 14 7 -2 7 -6 -5 19 -11 29 -6 22 -9 -1 7 -18 -9 6 6 -16 -13 3 6 15 -9 2 -9 22 -13 17 -10 32 -11 34 -11 -9 -13 27 6 10 4 11 -14 25 9 6 4 -24 2 13 3 5 -12 10 -21 32 -15 23 -4 18 
13 5 2 2 0.969697 8 -2 17 -2 13 -5 -21 -1 11 -1 8 -1 -32 -1 13 0 1 4 0.333333 1 -7 5 
14 5 2 2 0.363636 3 1 -23 3 -2 10 -23 4 0.965517 21 -16 4 0 -28 -12 -24 -13 -20 -13 -19 -2 -23 -10 -3 -25 -12 -6 -6 -11 -4 -10 -19 0 16 -13 -4 2 -23 -20 23 -19 26 -5 16 -2 10 -3 -6 0 -7 -6 -1 
15 5 2 2 0.965517 7 2 11 -7 26 3 -33 3 12 4 25 3 -29 -4 -19 4 0.363636 1 -9 3 
16 5 2 2 0.820513 8 1 11 -7 15 -6 -30 -6 -29 -6 19 4 17 -8 6 6 -2 4 0.777778 7 -20 25 -7 22 -10 19 -17 33 -8 25 -12 7 -8 10 
17 5 2 2 0.99435 44 -6 14 -5 -15 1 -24 2 -30 -5 -12 4 19 -7 20 -4 -27 -4 -28 5 -23 -1 -9 -3 26 -8 11 -4 -13 -6 22 4 -26 -8 19 -8 22 -3 -24 -7 -26 0 -5 8 -31 -4 -6 -5 -6 -4 -4 2 -33 -3 -14 3 2 -7 17 -2 -11 3 27 -1 -33 6 26 -9 26 -2 25 -1 20 8 6 2 -11 -5 -8 -5 6 2 23 2 -22 3 24 -1 6 4 0.0833333 1 -6 20 
18 5 2 2 0.941176 4 12 12 -1 -24 0 -22 7 -3 4 0.5 1 -17 5 
19 5 2 2 0.285714 2 -11 -27 -3 19 4 0.97561 20 -1 -16 -4 -22 -1 -24 8 2 1 -25 13 -20 -16 -18 7 -11 11 24 9 -10 9 22 7 -12 5 12 -1 -28 14 -23 2 -34 8 -13 6 -34 -21 -32 -13 -34 
20 5 2 2 0.837209 9 -7 -9 -4 16 -10 27 -4 17 -9 -11 1 24 -13 -12 -12 30 -13 -19 4 0.756757 7 0 8 -6 -32 3 26 -4 -14 -3 2 6 15 6 -16 
21 5 2 2 0.99115 28 3 14 0 -29 -10 -17 -1 -14 -13 -10 3 -13 -13 -11 -15 28 2 7 1 -19 -9 16 1 -20 -5 -6 -4 -9 3 28 4 30 -4 1 -6 -3 -1 1 -9 -18 4 -19 -11 0 -11 14 6 -25 0 15 -3 -11 4 -30 4 24 4 0.125 1 -11 -3 
22 5 2 2 0.930233 10 -4 25 -2 2 5 24 5 4 -3 -10 -8 -25 -5 -5 -6 1 -5 -32 -6 -6 4 0.545455 3 -6 9 10 -4 -6 15 
23 5 2 2 0.111111 1 -6 -18 4 0.992248 32 -5 20 -8 20 -5 -27 -10 -33 -6 -21 -15 -22 -24 23 -8 3 -23 -10 -6 -15 -23 -19 9 -27 -10 4 -10 5 -11 20 -22 -16 -14 4 -10 25 9 -24 -7 -17 -13 -3 -6 28 -12 -3 -9 -26 -9 -24 -8 -28 -12 -14 -12 -8 -12 1 -11 -3 -11 27 -7 -20 
24 5 3 2 0.125 2 -5 -14 -10 -3 3 0.179104 3 21 30 -22 95 -31 97 4 0.976959 53 0 -15 -2 -17 -10 -17 -15 -11 -11 26 -11 13 -2 -36 -21 28 -7 -33 -19 24 13 20 -21 -27 -24 -2 -24 -6 -15 -13 -18 -25 -14 30 -13 -5 -14 5 -14 1 -22 7 -19 -32 12 18 -23 34 -8 14 -10 18 -22 -12 -12 -35 -19 13 -20 -23 -23 31 -12 16 10 -29 15 -18 -25 15 -5 6 11 -33 -4 7 -13 35 -5 15 -25 29 -23 19 -23 15 -11 -30 -15 -10 -19 38 -12 -35 -14 25 -15 -2 -15 -3 -23 43 2 -21 -2 -35 
25 5 3 0 0.2 1 -8 85 2 0.461538 3 7 -45 -3 -35 5 -39 4 0.928571 13 -2 -35 10 -42 17 -41 13 -40 -1 -31 -22 -41 10 -40 -5 -40 12 -38 -7 -38 13 -38 -5 -37 -21 -35 
26 5 3 2 0.470588 2 -9 -38 -18 -39 3 0.285714 1 -22 99 4 0.914286 8 -12 -38 7 -36 1 -39 6 -39 -15 -36 5 -37 13 -37 17 -35 
27 5 2 2 0.96 24 4 -33 -8 -38 3 -34 -3 -9 8 -34 -7 -35 6 -34 -1 -33 -4 -33 -5 -33 -8 -39 -12 -34 -16 -34 -1 -35 -14 -32 2 -37 0 -35 -7 -35 -20 -35 -6 -40 3 -36 -5 -36 -1 -38 -15 -39 4 0.4 4 -18 -36 -1 -36 15 -31 -21 -36 
28 5 2 2 0.827586 18 5 -36 8 -37 4 -37 4 -36 -14 -39 13 -38 -15 -40 -2 -39 1 -40 5 -39 8 -39 -18 -36 -16 -37 -19 -35 -10 -37 -1 -37 9 -37 15 -35 4 0.769231 15 -1 -28 -5 -31 -1 -38 7 -31 -14 -35 -15 -37 -1 -32 7 -30 12 -35 5 -29 -14 -41 5 -39 19 -34 -21 -40 -5 -30 
29 5 2 2 0.987013 38 3 -44 -7 -42 -4 -40 -11 -41 -8 -41 -9 -40 0 -39 6 -41 9 -44 -12 -44 -7 -41 -15 -41 12 -43 -1 -44 -1 -40 7 -44 -15 -41 -16 -41 -1 -42 -1 -42 -7 -42 1 -42 1 -44 -16 -44 -16 -40 1 -44 -13 -45 14 -42 -16 -41 -2 -41 -16 -40 -12 -39 5 -44 -14 -43 -13 -44 10 -43 5 -43 -10 -42 4 0.173913 2 1 -37 12 -43 
30 5 2 2 0.571429 1 8 -40 4 0.923077 3 -16 -43 13 -37 -17 -40 
31 5 2 2 0.294737 7 -1 -34 4 23 6 -20 5 22 1 27 1 30 -1 -43 4 0.974545 67 -3 20 -3 7 -3 8 14 -21 12 -38 5 -44 -3 -12 -5 -18 -2 16 8 25 -11 -7 -2 -20 -3 -25 12 32 -2 -3 -4 -33 2 16 0 -38 -4 -28 -1 4 2 -12 -1 -18 -3 -10 0 -5 0 -10 1 31 -3 12 1 -1 -10 -38 0 21 1 -31 -2 -39 -9 17 -9 5 -9 -9 -3 22 0 0 2 18 1 13 1 -41 -23 36 2 -40 1 -19 3 -10 0 -34 -25 22 -4 -45 2 -22 -8 -26 3 -31 3 -14 3 -13 -1 20 1 -20 -6 11 -24 8 2 -36 2 -21 -6 -10 3 -18 3 -26 -25 -41 4 -18 -19 -39 -4 -27 -25 -33 -22 -14 
32 5 2 2 0.923077 6 13 -10 11 24 14 -6 11 15 8 24 12 41 4 0.571429 2 11 37 20 -30 
33 5 2 2 0.4 2 9 35 16 -14 4 0.96 12 25 -25 22 37 25 37 26 33 9 43 12 31 14 -9 25 42 17 0 21 22 16 10 26 -14 
34 5 2 2 0.782609 9 15 33 16 -14 15 30 19 -16 11 -31 17 2 17 22 17 33 18 -6 4 0.816327 10 16 -5 17 16 17 -13 25 12 14 23 21 8 25 27 18 41 26 5 19 34 
35 5 2 2 0.989011 45 14 -9 20 32 16 36 15 -14 17 6 16 15 16 23 13 27 17 34 16 24 13 36 13 43 20 -21 13 42 14 19 16 18 16 38 17 37 11 6 15 15 14 36 11 41 17 12 19 44 16 -12 13 1 19 -29 19 -28 13 45 13 1 16 -6 17 -6 12 20 15 7 16 -4 17 -3 16 16 14 2 13 27 17 0 17 0 15 -9 20 -21 17 -18 16 -21 4 0.150943 2 10 39 25 17 
36 5 2 2 0.96 6 14 4 14 3 13 -9 12 43 11 13 15 11 4 0.4 1 21 19 
37 5 2 2 0.205128 2 17 5 17 -15 4 0.984127 31 16 35 19 -4 24 29 24 25 9 18 17 37 22 24 20 32 19 42 16 0 25 -6 12 7 13 -20 24 0 23 23 24 10 26 -10 25 12 22 12 9 -13 7 -1 7 -5 3 39 18 -5 23 -9 23 28 22 12 25 23 25 -4 17 -20 25 45 
38 5 2 2 0.923077 3 18 -13 15 -10 17 -2 4 0.571429 1 22 30 
39 5 2 2 0.48 3 16 -37 19 -40 14 -42 4 0.945455 13 20 -32 26 -45 11 -35 9 -33 8 -34 16 -32 13 -32 20 -35 19 -36 20 -45 16 -42 22 -26 19 -35 
40 5 4 0 0.363636 1 9 71 2 0.8 4 15 -25 7 42 18 -3 17 -4 3 0.363636 1 24 41 4 0.571429 2 17 -36 23 -3 
41 5 2 0 0.8 8 7 75 21 3 19 0 18 -61 21 -61 17 -44 23 -42 19 15 3 0.8 8 27 37 35 28 40 -7 38 -41 33 11 33 14 29 -96 21 -63 
42 5 2 0 0.727273 2 20 -40 20 -50 3 0.857143 3 32 29 28 8 31 -65 
43 5 2 0 0.98 49 18 -78 19 -68 17 -27 17 -6 16 -71 18 -4 17 -40 18 -46 18 -47 17 70 25 -45 18 -29 17 -70 18 -7 22 -92 18 -91 13 -72 16 -49 25 -88 25 -57 25 -62 17 -13 25 -35 25 -71 16 -25 25 -22 16 -39 11 76 18 44 21 -89 4 71 20 -77 19 18 15 21 3 80 2 81 16 20 2 80 23 17 7 81 7 82 15 81 1 81 5 84 23 -3 18 53 17 53 -1 84 -4 87 3 0.246154 4 40 7 32 -42 -17 95 38 21 
44 5 3 0 0.666667 3 23 -77 22 -25 19 -69 2 0.666667 3 19 -10 20 -25 16 -15 3 0.666667 3 30 -11 -14 89 17 93 
45 5 2 0 0.6 3 1 93 -8 91 -18 89 3 0.914286 8 -39 20 16 -3 -7 44 31 34 -14 44 21 40 25 41 25 -4 
46 5 2 0 0.980282 87 12 21 17 51 8 18 7 26 9 47 13 46 8 20 -1 31 0 91 5 35 -15 32 16 26 4 32 19 34 -20 30 9 62 10 58 9 61 2 65 16 25 -5 34 -18 32 10 63 16 60 5 57 -16 31 16 50 8 56 -8 60 9 48 4 54 -12 36 3 61 0 56 10 32 1 58 -1 66 -16 36 22 29 -6 64 -15 30 0 69 -1 40 9 61 0 68 -3 88 -5 66 7 33 -4 59 21 38 5 30 -2 55 1 36 -9 64 -5 66 4 30 -4 37 -6 61 -1 33 -6 65 -17 62 -14 27 2 21 -9 23 -11 55 -10 56 -11 29 16 39 -16 67 -6 28 -11 22 -16 23 11 25 -5 67 -11 54 -11 27 -3 22 -7 64 6 25 12 63 5 25 5 23 1 49 -2 53 -16 56 -14 20 -1 49 3 0.243478 7 -20 24 -24 81 18 31 21 19 23 21 -14 64 -20 14 
47 5 2 0 0.8 5 -20 19 0 51 -3 48 -9 20 -22 20 3 0.8 5 -15 13 -17 62 -29 63 -26 29 -6 71 
48 5 3 0 0.705882 6 -24 41 -21 40 -13 41 10 41 -24 41 -21 38 1 0.8 8 17 30 15 25 17 28 16 31 16 31 15 22 17 36 16 -3 3 0.363636 2 16 2 10 -71 
49 5 4 0 0.5 4 -22 89 -5 88 -21 90 -24 42 1 0.173913 1 17 -4 3 0.903226 14 -41 20 -36 43 -34 100 -41 76 -39 15 -23 94 -38 40 -36 36 -41 84 -28 33 -42 18 15 -44 -43 30 -35 42 4 0.173913 1 -18 42 
50 5 4 0 0.363636 2 21 -16 8 84 2 0.210526 1 18 -1 3 0.210526 1 -12 94 4 0.923077 12 20 32 13 -9 17 41 26 37 20 -9 20 40 25 13 24 -22 24 36 24 40 21 14 17 -16 
51 5 2 2 0.985507 17 14 28 16 11 19 15 15 16 15 42 17 16 16 38 20 -12 19 45 20 -8 20 -11 19 18 18 -15 19 25 17 14 19 41 17 23 4 0.190476 1 26 -5 
52 5 2 2 0.666667 1 19 -15 3 0.888889 2 26 91 36 36 
53 5 2 0 0.991736 30 -21 43 4 49 -6 51 1 44 -1 47 6 73 17 43 11 45 5 46 0 49 -15 49 6 50 5 47 -6 47 6 45 3 47 -4 51 5 51 -17 46 -22 44 7 53 -15 52 -24 47 -11 49 -6 51 -14 54 2 49 -2 49 2 50 21 7 3 0.117647 1 19 -5 
54 5 4 0 0.698413 11 22 6 18 -23 10 58 2 64 20 6 0 55 0 54 20 0 -2 55 22 91 0 55 2 0.444444 5 18 31 21 44 19 25 19 15 18 -41 3 0.5 6 24 16 22 27 30 27 26 5 35 15 -42 -91 4 0.592593 8 20 38 20 23 24 39 20 23 21 38 22 21 19 42 16 -45 
55 5 4 0 0.564706 24 22 -29 20 -23 19 -33 19 -64 23 -37 22 -30 -15 91 14 62 11 69 12 78 17 60 17 78 12 64 11 63 21 31 14 59 22 29 18 79 15 48 22 51 22 73 9 47 20 71 23 47 2 0.0769231 2 15 -17 18 -6 3 0.904918 69 -9 35 37 -11 32 66 36 11 35 -8 29 59 28 -11 19 34 17 23 16 7 27 -72 23 19 34 -31 28 47 31 36 27 -81 35 -42 40 -36 34 -38 -8 -90 32 -4 11 35 9 82 37 3 -35 36 32 74 41 -5 23 -72 34 -17 -10 82 32 -15 34 -19 38 -6 -7 83 20 49 43 -14 25 -28 37 -9 43 0 33 74 -35 40 39 14 33 37 33 1 36 34 45 35 29 27 40 41 40 40 -17 -76 31 38 39 7 27 0 40 -5 27 66 21 84 42 43 27 -36 39 19 27 68 38 43 43 44 39 41 20 61 37 43 34 -19 40 47 42 -11 37 20 4 0.11215 3 16 9 16 10 21 8 
56 5 4 0 0.777385 55 19 56 19 61 10 83 21 62 14 71 20 67 19 62 15 70 22 60 12 58 22 65 18 78 15 77 23 84 21 74 9 59 11 57 17 83 18 85 14 92 4 87 19 92 3 89 11 89 22 88 14 92 3 92 15 74 14 62 11 68 7 60 17 57 3 93 -21 61 6 64 13 73 5 58 4 56 14 57 12 61 -22 54 11 39 18 -84 7 40 -9 40 -11 40 -3 43 -3 37 -2 38 4 38 -12 47 -21 39 2 37 -4 45 -14 46 2 0.248276 9 19 37 19 44 18 43 18 -35 19 -40 19 -37 16 -24 17 29 14 -38 3 0.752768 51 42 15 40 49 35 -57 43 -2 40 50 40 -78 30 70 39 47 31 5 39 -25 13 43 29 94 23 97 3 100 39 95 38 92 36 95 -42 95 17 -80 22 91 30 96 33 98 35 75 23 84 30 85 4 97 31 32 28 93 17 89 17 97 24 82 12 91 26 -81 18 51 20 56 -39 92 -41 41 -28 -84 -21 -96 -12 30 22 -22 20 8 4 -99 -2 88 -5 97 -21 90 -35 34 -30 89 -33 44 -7 38 -30 43 4 0.0944882 3 23 22 18 -37 16 -33 
57 5 3 0 0.545455 12 5 81 -19 25 3 76 -7 27 -14 27 -5 86 -4 77 19 -1 -3 34 -17 31 16 -59 -22 32 1 0.0727273 1 15 29 3 0.923077 39 27 13 28 62 20 8 -8 88 28 37 -8 86 20 65 12 73 -10 17 23 -47 12 -17 8 12 -3 13 14 -36 -14 17 26 22 -6 85 -11 21 2 70 21 -68 7 19 -4 25 -6 71 13 -26 -1 74 7 -39 13 -68 -43 -96 -6 73 0 22 -21 93 23 -20 -14 42 -21 75 -3 23 0 75 7 -48 6 18 -14 20 
58 5 2 0 0.0909091 1 -20 90 3 0.993789 40 -27 -68 -24 72 -28 -64 7 35 -23 34 16 13 -23 35 12 -31 -41 39 -41 40 -31 92 -34 29 23 2 -42 79 -42 -27 -42 34 -42 -40 -32 35 -18 42 -40 90 -12 -98 -8 82 -40 -5 -42 -2 -39 0 -38 -42 -41 -26 -43 55 -39 -36 -40 -4 -9 75 -40 -10 -1 -71 -43 -25 -38 -20 -22 -89 16 -35 -13 -92 -10 21 -1 17 
59 5 3 0 0.761905 8 2 26 -5 79 -21 76 -7 77 -23 80 -22 79 -14 79 -23 78 3 0.606061 5 9 -41 -33 93 -41 91 -20 91 -15 91 4 0.606061 5 -23 -21 -22 -31 -23 -5 -22 44 -23 -16 
60 5 2 0 0.173913 3 21 71 22 -29 21 56 3 0.987013 57 35 48 30 47 27 -4 24 51 35 -70 36 -7 41 -21 38 -53 24 -58 11 39 38 -41 33 -45 43 -25 43 24 15 -59 41 46 27 -51 39 36 23 -51 28 9 41 -26 32 -51 28 38 28 35 23 -41 24 -38 35 -56 40 27 28 53 38 -40 26 5 41 27 22 -80 38 74 37 43 37 44 40 35 31 40 27 -39 36 -15 34 -57 41 69 31 35 40 23 40 72 11 -69 43 -26 36 -19 41 -34 41 -27 31 -75 34 34 31 -77 29 -70 44 23 37 26 41 16 
61 5 3 0 0.210526 3 22 -4 18 48 22 82 3 0.977778 44 26 -62 27 3 35 -19 23 -95 30 -2 27 27 33 -4 38 -33 35 -25 41 -11 32 -56 27 31 34 -22 36 -72 41 -5 33 -8 36 -21 30 60 34 86 36 -16 35 84 40 -51 29 -77 13 80 33 -74 41 -78 27 -2 38 -5 37 92 39 -71 36 37 -43 3 30 79 -44 -22 22 81 22 -27 31 -82 32 -39 23 -31 34 -22 -5 68 17 44 -13 -60 19 43 4 0.0784314 1 -25 -19 
62 5 3 0 0.666667 2 -24 71 -23 44 3 0.444444 1 24 -39 4 0.8 3 22 -44 19 -42 21 -44 
63 5 3 0 0.842105 8 23 -63 18 -6 -4 21 10 81 18 -8 22 81 20 85 22 23 3 0.689655 5 21 -80 37 48 5 22 29 18 4 36 4 0.235294 1 17 41 
64 5 3 0 0.956522 11 24 28 18 66 18 72 18 48 24 26 17 74 24 15 24 -75 25 -61 24 -10 17 -68 2 0.25 1 20 4 3 0.25 1 44 30 
65 5 3 0 0.923077 6 25 89 24 61 24 62 25 28 24 89 24 90 1 0.363636 1 14 -22 4 0.363636 1 23 -39 
66 5 5 0 0.363636 2 24 65 17 -6 1 0.363636 2 17 4 16 15 2 0.48 3 20 -31 21 4 20 -23 3 0.363636 2 45 38 42 -38 4 0.756757 7 23 2 23 44 22 -1 22 32 23 29 22 25 23 8 
67 5 4 0 0.727273 4 24 42 25 62 25 80 24 83 1 0.307692 1 17 28 3 0.5 2 42 26 43 64 4 0.631579 3 22 40 22 -2 23 2 
68 5 2 0 0.347826 2 25 89 25 53 3 0.967742 15 45 -33 43 11 45 -1 42 83 42 83 42 64 43 62 43 73 42 97 42 -31 42 -50 42 27 44 -8 44 -26 42 -12 
69 5 3 0 0.857143 3 25 -12 24 -16 25 -36 2 0.5 1 21 -32 4 0.5 1 26 24 
70 5 3 1 0.173913 1 17 -12 2 0.957747 17 21 30 21 -24 21 -38 20 -12 21 15 21 -25 20 14 20 20 21 15 21 -4 21 26 21 -5 20 30 21 -7 20 12 21 -34 20 16 4 0.307692 2 25 39 26 -31 
71 5 3 0 0.266667 1 21 -26 2 0.444444 2 12 -22 12 -24 4 0.923077 9 18 -22 16 25 8 9 26 -8 26 -11 24 7 23 24 18 -22 18 3 
72 5 4 0 0.32 2 20 -21 18 -44 2 0.7 7 14 -15 12 14 12 28 14 32 8 35 11 -26 14 -23 3 0.782609 9 36 1 -31 -32 -31 -6 -33 -4 -36 -10 -35 -16 35 5 -36 -3 -35 -42 4 0.181818 1 24 -31 
73 5 3 0 0.909091 45 18 -24 14 -22 15 22 13 -4 16 -6 12 -10 13 -21 15 14 18 -35 15 -4 13 -12 16 -3 15 0 17 -60 9 -63 11 -17 12 -4 14 -16 7 9 10 -41 -16 -47 12 -29 12 -63 4 13 -11 -15 -15 -26 14 -4 -14 14 -16 -23 -24 -54 -18 9 9 -7 11 -9 22 -24 -10 -35 -18 -16 -17 5 -17 -73 11 5 12 -37 9 -16 13 -28 6 -64 13 -31 12 -66 1 0.166667 3 11 -3 13 -10 9 -33 3 0.555556 15 -27 -20 -30 -15 -35 -26 -41 -25 -36 -29 34 -18 23 41 24 -86 34 11 25 9 24 5 -27 -37 16 -29 -36 -4 -27 5 
74 5 2 0 0.363636 1 -23 1 3 0.965517 7 14 -86 11 -86 15 -67 14 -78 -27 3 12 -60 25 -17 
75 5 2 0 0.987654 20 12 12 5 15 16 7 6 -36 4 -62 9 -23 8 14 5 -22 5 5 8 -54 8 4 4 -41 16 6 7 -33 10 11 9 10 9 -39 7 1 10 -25 15 -10 3 0.166667 1 18 -52 
76 5 2 0 0.974359 19 1 -31 7 -46 7 -43 -15 0 13 -56 -12 31 4 -30 8 21 8 32 7 30 24 -33 -15 14 4 -25 17 33 -23 -46 15 38 11 28 14 39 16 8 1 0.296296 2 7 -8 7 -13 
77 5 3 0 0.611621 50 -13 28 16 37 3 -24 8 -49 8 42 10 20 14 32 -22 -34 11 -62 15 -76 3 -27 4 -52 5 -67 21 -75 15 -73 16 -77 10 7 -14 32 -17 -9 15 -19 15 -50 7 -70 -20 -49 14 -22 18 -75 18 -80 -8 32 3 -77 10 -25 5 -9 9 35 8 -59 9 43 15 7 8 -29 20 -18 -20 -42 10 -44 16 -28 18 -41 7 28 10 -11 6 9 17 -36 17 2 17 12 1 -60 3 -15 14 -35 12 -58 1 0.862275 108 17 23 4 -4 8 -12 5 5 13 4 9 32 14 -11 8 27 8 -16 7 -5 11 -19 9 -17 17 -16 7 -17 11 -28 14 33 11 -14 5 35 14 12 14 -6 8 5 9 15 5 25 8 -6 3 -29 4 4 10 -17 7 -19 5 12 17 32 9 -19 14 16 11 -21 6 3 3 -2 9 -6 7 -31 9 -22 3 -31 11 -24 12 23 14 -2 5 24 5 14 7 15 6 30 5 28 9 -7 8 -22 0 -4 13 2 8 -9 7 15 13 -26 9 15 6 3 5 -25 11 -34 8 27 8 7 9 26 10 -27 4 15 12 18 6 21 8 21 10 15 14 31 10 -7 14 35 10 -1 2 -31 14 2 4 4 8 -14 8 33 6 -6 14 8 9 6 14 -14 4 -34 12 -22 11 13 7 22 7 -17 7 2 6 -31 10 -30 3 -8 3 24 5 -7 6 -5 12 32 4 11 5 -4 14 24 8 -4 9 -7 9 5 7 -4 9 -31 1 -25 14 31 6 -2 12 19 12 11 8 20 6 -25 3 0.324786 19 22 52 13 -62 16 67 -26 -42 21 23 26 35 27 7 28 12 12 -9 15 8 -27 -76 -42 -18 14 -11 -41 -21 -37 -20 -34 -14 7 13 8 73 -38 -11 
78 5 3 0 0.645161 5 8 -29 14 27 19 8 10 -32 10 -38 1 0.363636 2 10 19 13 23 3 0.837209 9 21 -35 20 -35 20 16 28 18 32 -19 25 11 22 44 16 32 29 -30 
79 5 3 0 0.946237 22 10 -13 8 12 9 12 7 -37 9 -65 6 -30 10 -24 5 -31 12 -72 6 -34 7 -82 12 -67 9 -14 9 -28 13 -56 8 -27 5 -41 8 -40 17 -60 8 -13 9 -41 12 -49 1 0.333333 3 11 -7 11 -11 11 -3 3 0.242424 2 33 -25 22 51 
80 5 3 0 0.992701 136 -23 -21 -23 -36 -21 -1 -16 -23 -23 -64 -19 -70 -23 -76 -21 -7 -12 -4 -8 -28 -21 3 -17 -23 -11 10 -9 -50 -14 -11 -20 -68 6 -38 -15 -46 -5 -6 -15 -53 -6 -30 -5 0 3 15 3 -37 -8 5 -8 -26 -2 -9 3 3 0 -1 -8 12 -2 14 -9 -9 -10 2 -16 -62 1 -40 -9 1 -2 -40 -7 -1 -19 12 3 -54 -11 -78 -13 7 -14 -37 -9 -35 -13 -66 2 -53 -15 7 3 -2 0 -13 -12 13 -4 -32 -4 -46 6 20 -21 -77 -7 -75 -15 15 -9 -36 -12 -66 -2 -31 -11 -20 -13 3 -6 -14 -7 21 -1 0 -3 18 -6 -15 0 0 6 10 -20 -26 -9 -3 -9 -9 -7 -54 1 -23 -10 -54 -4 6 -6 -36 -16 -36 -2 -70 -8 -20 -6 -52 2 11 -18 -31 -11 -26 -11 -30 -11 -12 -5 -74 -7 -9 1 -29 3 -20 -7 -39 -2 -42 3 15 2 -15 -10 -1 -3 22 3 30 -9 -26 -13 -22 -4 -34 0 -33 0 -2 -8 20 1 -48 1 6 -11 -35 -3 -36 -6 -68 -6 -24 -5 -8 -6 -64 -6 -27 0 -1 0 13 -4 34 -14 -59 -2 -3 -6 -5 -3 -4 -12 -5 -4 5 -8 -15 -5 -12 -4 -2 -2 -78 -6 -2 -10 -11 -14 -33 -4 37 -8 -2 3 -18 -10 -11 -5 19 -13 -21 -8 -76 -1 27 -9 -73 1 0.0805369 3 2 -14 4 -25 3 -32 3 0.027972 1 20 -25 
81 5 3 0 0.955224 16 -6 29 -6 20 -13 11 -4 22 -4 35 0 28 10 11 -6 -5 -4 3 3 21 1 8 2 28 -5 -26 0 -2 8 -3 -4 -43 1 0.32 2 1 -5 -2 -27 3 0.181818 1 3 32 
82 5 2 0 0.363636 1 1 -15 1 0.965517 7 3 -2 4 -17 4 2 4 -14 0 -6 2 19 1 -28 
83 5 3 0 0.380952 2 7 -72 -8 -73 1 0.5 3 3 -32 0 -34 -3 -35 3 0.888889 10 16 -33 14 38 13 46 17 -6 18 -33 21 -40 7 -39 11 -90 20 -42 22 -31 
84 5 3 0 0.190476 1 4 26 1 0.969697 16 2 -2 1 20 0 16 -4 -1 2 0 -3 -19 2 3 7 -33 -2 34 -2 1 -2 -15 -3 2 2 7 2 2 3 26 -1 35 3 0.190476 1 16 -32 
85 5 2 0 0.21978 5 14 8 11 -65 3 -54 1 -2 12 -25 3 0.982699 71 15 -31 -39 -86 13 -5 7 -31 8 -56 8 19 11 51 7 44 -8 -22 -2 -33 15 -13 5 -28 16 69 -9 -22 15 -6 -31 -46 14 28 -20 19 -34 -25 -42 71 -30 -59 18 -11 7 -5 -36 -55 -26 4 -11 72 -24 15 -36 19 8 -13 -11 -56 5 22 -20 -89 -21 -82 -40 -77 -21 -91 -21 -11 -23 -2 -29 45 -12 -81 -10 -3 -28 -82 -28 79 -13 -40 -2 -23 -33 58 -31 20 -5 36 -1 -34 -34 57 -3 -3 -7 18 -31 -12 -13 7 -33 58 -3 43 -8 63 -8 73 2 0 -39 -10 -16 -39 -1 0 -15 -4 -42 -94 -20 -73 -9 -19 -2 -42 -25 64 -37 -14 -36 -26 4 -18 -43 -57 
86 5 2 0 0.797101 55 -13 11 -5 9 0 8 -1 8 2 8 -11 -2 -16 7 -7 -1 -13 -9 -16 -15 -9 -5 -19 -17 -15 4 -14 -3 -21 0 -14 -25 -7 -30 -21 -3 -20 -27 -18 9 -1 2 -11 -44 -11 -14 -8 -58 -16 -79 -23 -15 -13 -36 -8 -70 -19 -6 -14 -44 -15 -46 -3 -15 -12 -65 -8 -71 -4 -71 -14 -61 -21 -75 -17 -67 -22 -64 -13 26 -11 -45 -13 -46 -16 -34 -13 31 -14 -55 -8 -64 -15 33 -23 -54 -20 -13 -8 -42 -14 -64 -15 34 -18 -58 -22 -40 -18 -51 3 0.802867 56 -36 -29 -30 54 -23 1 2 36 -19 0 -25 1 -40 -4 -15 29 -35 17 -36 -6 -29 39 -39 -20 -3 -16 -33 10 -35 -9 -23 -42 -27 5 -19 5 -1 2 -33 -21 -10 -26 -35 53 -20 -59 -3 -32 -13 -6 -22 0 -17 0 -4 -37 -40 30 -23 3 -3 -30 -41 26 2 -53 -25 30 5 -20 -7 -26 -19 -40 -20 -38 -21 -17 -26 7 14 39 -15 17 -18 -21 -24 -29 -22 -10 9 -19 -41 4 8 4 9 -27 -25 -22 -18 -22 -17 -25 -16 -10 -10 2 -27 -13 -17 -41 
87 5 2 0 0.444444 10 -23 -34 -10 -72 -23 -60 -23 -76 -24 -80 -12 -67 -9 -81 -13 -65 7 -40 12 -76 3 0.952381 50 -25 4 -7 -16 8 1 -29 -5 -15 44 -38 47 -18 -31 -42 -4 11 -83 11 -81 -19 -14 -28 13 -31 -23 -34 -5 -20 32 -37 -62 -20 -3 -22 -6 -24 28 -7 44 1 1 -19 -21 -22 -12 -36 34 -6 0 -39 -88 -35 -40 -26 -11 -22 -37 -20 -22 -37 -23 -38 -2 -32 -37 -29 66 -23 -16 -39 42 -23 -19 13 3 -42 -71 -41 -42 -25 5 -22 1 5 9 0 12 -18 11 -25 10 12 67 -17 20 9 70 -16 22 
88 5 2 0 0.111111 1 -23 -82 3 0.992248 32 -9 -47 -37 18 6 -15 -4 16 -23 11 -25 -42 -35 57 -8 16 -18 -3 -33 -18 -10 -40 -22 1 4 20 -15 -33 -30 -41 -20 -24 -9 -53 -28 -34 -25 -36 1 -34 -17 -40 5 0 -24 -29 -14 -12 -42 -10 8 -18 -27 -30 -1 -49 14 -26 10 -12 -43 -99 1 -59 
89 5 3 0 0.90566 12 19 -20 14 -46 14 -49 17 -10 16 -17 18 -62 21 -41 -1 72 14 -85 15 3 12 -10 14 6 2 0.551724 4 12 -42 10 -28 15 -2 14 -35 3 0.2 1 19 3 
90 5 3 0 0.375 3 19 12 18 -17 15 0 1 0.153846 1 17 -32 3 0.95 19 21 -55 -32 -84 14 22 28 -2 11 -26 21 5 -36 -72 -34 -66 9 -66 10 -38 16 -55 -26 -54 -39 -72 7 -9 -2 -13 18 -80 -26 -61 12 -48 21 -27 
91 5 3 0 0.848485 7 15 -37 13 17 1 72 2 -87 -6 -89 14 -87 3 70 1 0.266667 1 17 -18 3 0.666667 4 16 -3 10 -97 -11 -97 -19 -55 
92 5 2 0 0.979021 35 0 -89 0 -90 12 -49 19 -81 11 -8 -1 -89 -18 -88 -20 -92 13 -84 8 -85 12 -85 -4 68 16 -49 9 63 9 -91 -9 -85 12 -86 -24 -84 10 -91 16 -86 7 67 -7 67 12 -91 -8 61 -9 -89 16 -90 1 60 -13 67 7 -87 -2 61 -18 60 -19 58 -13 64 -16 60 -15 58 3 0.255319 3 14 21 -35 -98 -33 -91 
93 5 3 0 0.902256 30 -15 -36 -16 -23 -15 -62 -16 -34 -15 -43 -14 -20 -16 -27 -5 -43 -11 -31 -13 -21 -1 -6 -10 13 -15 -37 -10 19 -9 -24 -3 -12 -10 -1 -12 -64 -14 -46 -6 -32 -15 -14 -18 -53 -7 -22 -15 -10 -5 25 -6 5 -4 -10 -9 -37 -17 -13 -8 34 1 0.578947 11 -11 -1 -14 -1 -14 17 -12 -9 -9 -6 -11 2 -12 -8 -2 -15 -14 -34 -14 -2 -1 34 3 0.163265 2 -42 55 -26 -16 
94 5 2 0 0.551724 4 -17 -63 -15 -62 0 13 -10 41 1 0.928571 13 -13 31 -13 -28 -13 14 -12 -28 -2 35 -14 28 -8 2 -10 -16 -9 14 4 34 -13 33 -9 20 -1 34 
95 5 3 0 0.363636 3 7 -58 9 -67 -13 -61 1 0.705882 9 7 31 6 13 5 12 5 11 0 6 2 -19 7 -17 -14 5 -14 -25 3 0.8 12 9 40 -36 -54 -29 -39 -31 7 -22 21 -32 18 18 12 -40 2 -25 -11 -13 -14 -3 7 -6 -17 
96 5 3 0 0.401606 25 -8 -69 -9 -63 -9 41 -6 -55 -15 11 -5 41 -14 -69 -7 -59 -13 7 -3 42 -12 -17 -11 -2 -3 -62 -10 -29 1 -14 2 -6 -9 -14 4 31 -4 -10 7 -25 -2 -52 6 -73 -1 -48 7 -68 -1 -44 1 0.956098 147 -12 28 -10 14 -14 20 -11 10 -14 29 -10 15 -14 -16 -9 1 -13 13 -13 7 -14 0 -10 26 -10 -14 -13 -16 -9 32 -9 -18 -11 9 3 28 -8 -10 -11 -22 -10 19 -12 -3 -11 -13 -10 25 -8 -12 -11 -2 -11 -31 -11 -16 -8 -32 -7 22 -11 -17 -10 1 -6 12 -6 -8 -10 16 -9 -13 -9 -23 -6 -27 -9 -6 -6 -29 -6 -22 -8 -6 -8 8 -9 -34 -8 10 -6 34 -8 11 -8 14 -8 -1 -8 -7 -8 35 -5 9 -9 -22 -11 -34 -12 -33 -8 24 -6 7 -11 -28 -7 -12 -4 20 1 -11 -7 -10 -6 10 -6 -28 -8 -13 -6 -1 -7 33 -4 14 -3 12 -6 17 -7 0 -6 -15 -7 -19 -8 -26 -3 -17 -5 24 -5 18 -8 -24 -3 -33 -3 12 -5 29 -6 33 -7 -11 -5 23 -6 0 -8 -32 -7 -16 -1 -18 2 -33 5 -6 -5 -31 -1 33 -2 27 -6 -15 -1 -20 -4 2 -5 -7 -4 6 -5 18 -5 -12 -2 8 -2 -9 0 26 -5 4 -1 31 -4 -29 -2 -18 4 5 -3 10 2 13 -3 5 -3 2 -4 23 -4 27 -3 13 1 19 -2 15 -2 4 0 15 0 -6 0 -12 -2 -13 0 -24 -2 -8 0 -31 -2 22 1 -30 -2 -25 1 8 -2 -2 1 14 1 25 1 11 1 6 1 5 -1 16 2 0 2 31 2 32 1 -5 0 23 2 -8 0 11 1 11 2 -24 1 13 1 3 3 0.0444444 2 -2 -1 5 -35 
97 5 3 0 0.765957 9 -12 -54 -14 -77 2 -58 -8 -59 -6 -54 6 10 -7 -53 -4 -43 -8 -71 1 0.413793 3 -4 -29 -14 -35 -3 -31 3 0.727273 8 2 -38 -39 83 -11 29 3 11 3 -6 1 -5 -15 0 -41 -33 
98 5 2 1 0.965517 7 -7 23 -3 -21 -4 27 -1 -32 -5 -34 1 -7 -2 -8 3 0.363636 1 -7 -87 
99 5 3 0 0.727273 2 7 -88 0 -73 1 0.5 1 -1 -35 3 0.727273 2 -4 38 5 -43 
100 5 2 0 0.986301 18 0 -85 -15 -73 -21 -81 -11 -74 -5 -73 -8 -83 -16 -74 -12 -76 -15 -73 -20 -86 -9 -84 -8 -72 2 -76 -13 -86 0 -41 4 -70 -3 -72 4 -75 3 0.181818 1 4 -97 
101 5 2 0 0.982456 14 -1 -12 1 8 -2 -33 -12 -42 -2 -40 1 11 -10 -77 6 10 2 -80 -4 31 -3 4 -2 -12 -3 6 3 -3 3 0.222222 1 11 -32 
102 5 3 0 0.701754 20 -7 -10 5 1 -3 -29 8 -19 1 -68 4 -86 4 -87 -3 -23 7 -22 -6 -62 1 -23 -4 -55 2 -43 3 -22 2 -50 -12 -81 0 -31 4 -49 -5 -63 -11 -65 1 0.373333 7 -7 14 2 26 -5 16 5 20 -3 15 -1 -3 1 19 3 0.8 27 4 1 0 -25 -10 10 -7 21 8 6 -7 -10 18 -22 -10 -55 6 43 2 -24 -11 -98 4 22 -7 -10 6 60 -4 -19 11 -39 -5 -17 16 -3 -6 33 -10 -8 -7 -33 -4 -66 -9 -71 18 -11 -3 -76 -13 -82 5 31 
103 5 2 0 0.956522 11 9 -74 6 -29 -3 -52 -7 -60 5 -57 1 -83 -4 42 12 -23 9 -31 5 -25 -11 -76 3 0.421053 2 15 -26 -7 -95 
104 5 3 0 0.307692 2 0 -65 2 -54 1 0.173913 1 -4 -33 3 0.957747 17 9 49 10 44 8 32 9 28 -6 13 -8 14 1 15 -9 15 15 24 9 31 8 76 16 16 -2 63 -13 23 -14 24 2 19 -6 71 
105 5 2 2 0.533333 4 6 -17 5 -35 -13 -48 13 25 4 0.933333 14 15 23 21 -5 21 -7 18 6 4 13 -6 -45 6 -44 3 -45 4 -45 -13 -45 -9 -45 -5 -45 -9 -45 14 28 
106 5 2 2 0.957747 17 12 -40 9 -44 8 -43 10 -42 16 -3 8 -15 8 -37 13 -40 13 21 6 -15 12 -40 -20 -13 -8 -44 11 -31 14 21 6 -13 16 -46 4 0.413793 3 24 -39 22 -3 23 -40 
107 5 2 2 0.727273 6 13 21 13 -50 -7 -49 -14 -49 -14 -44 14 28 4 0.857143 9 21 18 14 16 -10 -41 0 -43 -7 -43 -20 -45 -1 -43 -1 -44 20 -37 
108 5 4 0 0.363636 1 -4 55 2 0.363636 1 8 32 3 0.363636 1 -5 27 4 0.869565 5 25 18 6 -39 14 -37 13 -45 14 -41 
109 5 2 3 0.984615 16 -17 31 -15 73 -25 74 -2 74 -2 26 1 30 -16 72 -16 71 -22 72 -14 78 -22 23 -16 30 -28 31 -23 81 -42 -19 -27 37 4 0.2 1 -1 -38 
110 5 2 2 0.977778 22 0 -49 -6 -50 -2 -50 9 -51 -11 -49 -4 -48 8 -53 -12 -52 -1 -49 -8 -52 -13 -50 -2 -52 4 -49 -12 -27 -9 -53 -2 -29 -15 -51 0 -53 -13 -52 9 -52 -11 -16 7 -53 4 0.266667 2 -11 -43 -12 -39 
111 5 2 2 0.296296 2 6 -47 8 -48 4 0.974359 19 -10 -45 -4 -43 18 -45 -11 -11 20 -45 -5 -40 -21 -43 1 -43 -16 -45 -17 -42 5 -43 18 -43 8 -44 3 -44 19 -45 16 -35 18 -42 0 -43 1 -41 
112 5 3 0 0.0625 1 16 42 1 0.978166 56 17 5 17 22 16 9 17 -23 17 14 17 5 17 -23 15 -5 15 -16 16 -6 17 -30 17 -31 16 -19 17 15 15 19 14 -9 14 -4 14 -5 13 20 16 14 16 5 14 -13 16 -13 15 -30 15 -19 14 -27 16 -2 16 -14 15 -19 14 4 14 21 15 5 13 0 16 -1 15 -22 16 17 15 -12 13 -36 15 13 15 -33 14 -30 15 -33 14 -22 15 -10 14 -27 15 -2 11 34 14 -6 14 15 14 11 14 12 13 -25 14 -12 12 -28 13 15 13 -23 3 0.219178 4 15 -74 7 83 11 -61 2 5 
113 5 2 0 0.235294 1 -2 49 3 0.981132 13 19 -23 1 83 -20 88 -27 38 -41 -5 -3 37 1 38 8 41 9 42 3 89 -40 54 13 38 -33 64 
114 5 2 0 0.989691 24 -16 15 -10 45 -6 43 2 14 -21 15 -11 42 -7 19 -1 49 13 17 -3 14 -9 16 -17 14 -1 45 -4 45 -9 44 -7 18 -10 17 8 16 -7 18 -11 19 -9 22 -16 19 -1 21 -12 49 1 0.142857 1 -3 35 
115 5 2 0 0.5 2 -22 17 -24 17 3 0.941176 8 -20 10 -34 20 5 -58 5 -57 -30 12 17 -26 19 -24 12 11 
116 5 2 0 0.0769231 2 -24 7 -22 -32 3 0.994819 96 29 -19 -28 62 -23 34 10 15 -18 55 -25 60 19 9 16 -36 -22 52 -36 83 -42 -40 -3 -75 4 -80 -25 16 -18 19 4 6 -42 -1 -30 30 -16 -88 -43 -61 -23 -6 -43 15 -31 9 -13 29 -23 30 -18 32 -37 11 -19 32 -12 23 -36 21 -14 -69 -10 37 -41 -5 -28 31 -15 28 -8 12 -2 27 -17 41 -34 -13 -3 24 -12 26 -5 41 -23 12 -24 20 -21 -21 -1 -48 -14 -80 -31 7 -26 -29 -24 -5 -12 5 -27 37 -25 -27 -27 4 9 67 -26 0 -5 49 -40 4 -29 -5 -28 51 -40 -74 -29 -1 -36 -55 -37 -55 -36 -54 -30 -22 11 4 -36 -7 -26 54 2 12 -27 41 -43 -83 -14 -38 -1 -29 -23 -29 -15 64 -5 -20 -30 74 -2 0 8 -72 8 -32 -26 70 -40 11 5 -24 -26 18 7 65 -29 69 6 -87 -35 15 4 -85 -11 16 16 -6 -10 63 -31 23 17 3 8 -25 
117 5 3 0 0.0424886 7 -5 74 -3 69 -4 73 -11 75 -10 74 -2 72 -6 77 1 0.973339 575 17 -38 13 37 14 -36 13 20 13 1 13 -4 9 39 13 38 14 32 15 25 12 6 13 -39 13 -34 13 -35 10 37 13 33 14 0 12 17 13 35 13 -29 9 38 13 37 14 19 11 1 11 -4 13 31 12 -23 12 -30 12 -34 14 33 13 -15 12 -39 13 25 12 27 12 26 11 24 10 23 13 -18 11 35 11 -26 12 0 14 -18 11 -7 13 4 13 3 10 14 13 27 7 38 12 -20 9 38 13 13 13 3 12 18 10 15 10 21 10 37 9 35 13 17 13 -11 12 12 10 36 8 33 11 -37 10 -6 12 15 5 37 10 28 11 -25 10 32 11 -23 9 -13 11 -24 5 36 10 -9 9 -2 12 -16 8 -33 8 17 7 31 9 28 7 36 7 21 9 35 10 25 11 -19 9 30 11 -5 10 24 6 35 10 16 8 -15 7 36 9 -29 4 36 8 -28 4 38 6 38 7 -23 11 -28 10 13 8 -6 11 6 9 -18 10 4 8 33 9 19 9 -13 10 -6 10 -16 -15 39 7 27 9 26 9 8 7 -12 9 19 7 32 8 25 0 38 7 29 5 24 10 3 7 27 6 -27 1 39 8 -21 6 27 -2 38 6 25 8 -8 7 21 8 14 0 38 5 17 7 18 6 -8 6 24 -4 39 -2 39 7 34 9 -9 8 9 6 14 1 36 9 6 8 3 10 -34 10 5 4 32 6 -13 8 -30 7 -13 6 -18 10 -31 6 -16 2 23 8 0 8 1 3 18 -6 38 -16 35 -16 -11 -14 28 -16 5 -16 -21 -16 -23 -15 7 -14 33 -15 -6 -16 14 -15 -4 8 -18 -13 30 -15 7 -16 9 8 -31 -15 1 8 -8 9 4 -13 25 -12 35 -16 -31 -15 -2 -16 27 -16 -23 -14 0 8 7 -14 -23 9 -15 -13 0 4 7 -14 1 4 32 -15 -28 -14 -20 8 17 -16 -39 -13 7 -16 -38 9 -35 -14 30 -10 34 -14 -9 8 -28 -14 -24 -13 -36 -15 -31 10 -36 -14 31 -14 -26 -14 27 -10 32 -14 -15 7 -20 -13 23 -12 3 -16 3 -14 -31 -14 -36 -12 4 -13 -19 -14 18 -10 38 3 20 -14 -23 -13 -13 -14 -18 7 -23 -9 35 2 24 -12 9 -11 2 -13 -15 -13 -31 -13 24 -12 22 2 17 6 24 9 -32 -10 26 4 16 4 -9 -13 30 -9 32 -15 -4 -15 15 -13 -29 -11 32 -15 18 -13 -28 -11 33 -11 -2 -15 -31 -11 -10 -12 -6 -10 34 -12 -15 -10 33 -12 -32 -10 12 -12 -24 -15 -14 -14 14 -9 29 -12 -34 -10 21 -10 8 -15 -20 -11 14 -10 24 -10 0 -2 38 -12 9 -8 35 -12 29 -12 7 -11 -5 -10 -16 -8 32 -11 29 -13 -15 -12 15 -10 -7 -13 -28 -11 26 -13 -9 -13 23 -12 -31 4 30 -8 33 -7 17 -12 2 -11 -28 -13 -29 -13 22 -6 28 -11 -35 -9 14 -10 -22 -7 22 -13 25 -6 17 -11 17 -13 -26 -5 31 -8 -6 -8 -13 -11 -33 -9 -34 -8 16 -8 -8 -5 10 -10 -27 -10 -10 -9 -36 -7 -1 -9 -26 -4 29 -11 -1 0 -37 -8 -21 -6 12 -7 -26 -10 -13 -9 -20 -11 -29 -3 21 -5 34 -11 -36 2 -13 -12 -20 1 -38 8 2 10 -26 0 -35 -10 -2 -10 -1 -4 11 -11 -15 2 -9 -4 13 4 -16 -11 -24 -3 18 -12 -31 2 -3 -6 -13 8 -33 -8 -34 -2 -8 -3 24 -6 28 -8 -2 -9 -16 5 34 5 -37 5 13 -5 31 -1 2 -1 -17 1 -39 -5 -6 4 -31 -4 33 -4 22 -3 -14 7 11 3 -31 4 14 -3 1 4 -16 -6 21 7 -7 -11 -1 -5 25 -7 -39 5 -12 -6 24 -6 20 2 -21 5 6 -5 5 0 -32 -4 33 6 -30 4 -18 -6 1 0 33 -8 3 -11 -4 -3 30 -11 -24 -4 16 -3 33 -11 -30 5 -39 -2 25 -4 -15 1 21 -2 25 -4 -7 -4 28 -4 4 -4 -16 -1 20 -4 -23 -7 -31 1 -15 -7 -2 -5 0 4 -31 4 14 -4 10 5 -28 -2 34 -1 -23 -3 6 1 20 -7 -13 -7 -14 -3 -16 -7 -9 2 -33 2 -3 -4 24 -5 -19 -3 -8 -2 13 0 10 -1 -19 5 5 5 -34 -7 -7 -6 -17 0 20 -3 -25 -2 -21 -3 24 -4 27 -5 -21 -1 -7 0 14 0 -25 3 -12 -8 -13 -3 -23 1 32 1 33 2 7 -3 2 1 28 7 -14 2 27 -6 -7 2 27 2 25 5 -32 1 -35 -9 -6 7 8 -1 -19 6 -7 1 -20 1 21 0 15 1 20 -6 -3 5 -28 -11 -4 8 -14 -4 -4 2 -12 -7 -29 -7 27 7 -13 -4 6 0 6 6 12 1 -5 -8 18 3 -27 4 2 -2 11 3 15 -7 23 -1 30 2 -9 -6 33 0 -11 -3 0 2 11 -3 -18 5 -39 5 -37 1 -14 -1 24 -2 -13 2 6 -4 -4 -3 -27 6 -4 -7 -17 2 -13 1 32 -7 2 -1 -18 -5 27 1 -21 5 3 -1 22 4 -4 0 8 -2 -22 0 0 -4 -20 2 8 1 0 -4 21 4 -3 -3 34 4 -28 -1 2 0 5 4 7 3 -29 6 -31 -1 -35 0 0 -3 1 -6 -12 2 -3 1 -23 -4 6 5 -2 -1 13 1 5 -3 24 6 5 -2 6 2 30 5 -35 7 7 -1 4 -2 -12 3 -31 2 -22 3 12 -2 -21 -3 -8 0 3 3 -16 3 28 -1 -2 4 -24 3 8 4 13 1 3 2 -24 3 -11 2 -16 5 3 0 30 0 27 3 2 1 8 -2 -32 -3 -27 -2 -32 -1 -32 -2 -34 -3 -35 -5 -34 -5 -36 -3 -32 -3 -32 -1 -37 3 0.277916 56 13 83 -25 88 -26 88 15 56 13 -16 5 -70 4 -91 4 -48 12 -21 8 -89 5 10 2 11 -4 56 -7 -76 1 42 -7 -92 -16 89 -23 -36 -6 -94 -31 -34 -10 45 -9 -27 -13 -73 -13 -79 -12 -88 -8 11 -22 49 -12 -68 -12 -98 1 43 -30 14 -29 13 -13 -70 -10 -31 -5 8 -9 -47 -7 -27 -6 35 -7 -97 -5 -38 -4 41 -20 15 -6 4 -9 87 -11 -41 -19 -39 -2 -94 -6 55 -13 17 -17 51 -18 -51 -17 27 -2 44 -14 33 -39 -29 -1 -98 
118 5 3 0 0.823529 7 -8 74 3 67 -23 72 -20 72 -11 68 -6 68 6 59 1 0.545455 3 -5 -39 -4 -38 -3 -39 3 0.545455 3 -34 38 -20 -83 -7 -39 
119 5 2 0 0.2 1 4 58 3 0.984615 16 -40 -4 -36 9 -41 -96 -39 -38 -7 -37 -33 -11 -33 -6 -17 -71 -1 -67 -18 -67 -36 -8 -34 14 -44 -9 -41 -14 -32 16 -33 17 
120 5 2 0 0.222222 1 -11 67 4 0.982456 14 -24 -10 -25 -2 -21 19 -18 -24 -17 -9 -17 16 -17 18 -17 -31 -16 -13 -16 -38 -16 -43 -22 -29 -25 -38 -23 -38 
121 5 3 0 0.952381 10 -12 71 -10 68 -10 59 -16 65 -14 62 -15 72 -12 67 -12 62 -24 67 -21 59 3 0.266667 1 -33 32 4 0.266667 1 -21 -30 
