10 160 1
0 0 -1 2 4 2 0 10 5 2 1 32 -93 
1 1 -1 5 3 4 6 10 9 2 2 32 1164 
2 1 -1 6 1 0 0 12 8 1 5 32 -333 
3 2 -1 1 3 4 2 7 10 3 1 32 28 
4 2 -1 1 5 4 4 12 11 2 1 32 1362 
5 2 -1 6 1 0 5 9 13 6 1 32 -264 
6 2 -1 6 3 0 0 9 5 2 7 32 -29 
7 3 -1 1 9 0 0 8 14 0 0 18 17 
8 3 -1 4 4 2 0 14 12 1 3 32 -264 
9 3 -1 2 6 2 1 8 12 4 3 32 -942 
10 3 -1 5 6 1 0 8 12 7 1 32 -789 
11 3 -1 0 2 5 2 9 12 1 1 32 169 
12 3 -1 5 5 5 1 11 10 1 4 32 154 
13 3 -1 0 4 5 5 13 11 1 2 32 877 
14 3 -1 8 6 0 0 13 15 0 0 0 -5 
15 4 -1 11 11 0 0 7 6 0 0 0 17 
16 4 3 0 0 0 0 0 0 0 0 0 0 
17 4 -1 1 5 2 5 7 14 7 1 32 181 
18 4 6 0 0 0 0 0 0 0 0 0 0 
19 4 -1 3 3 1 5 12 13 3 2 32 -804 
20 4 -1 2 5 2 4 9 14 1 1 32 724 
21 4 -1 15 7 0 0 5 8 0 0 17 -6 
22 4 -1 1 3 0 0 14 15 0 0 17 -9 
23 4 -1 2 4 0 3 14 12 1 3 32 -639 
24 4 -1 2 0 1 1 3 5 5 2 32 -286 
25 4 -1 10 5 0 0 14 15 0 0 17 -16 
26 4 -1 6 1 0 0 10 14 0 0 2 -1 
27 4 -1 3 4 5 5 11 13 2 1 32 418 
28 4 -1 1 14 0 0 15 11 0 0 0 -38 
29 4 -1 3 4 0 0 12 3 0 0 6 -42 
30 4 -1 2 5 2 1 7 12 2 3 32 153 
31 5 -1 3 0 0 0 7 8 0 0 6 11 
32 5 2 0 0 0 0 0 0 0 0 0 0 
33 5 0 0 0 0 0 0 0 0 0 0 0 
34 5 0 0 0 0 0 0 0 0 0 0 0 
35 5 4 0 0 0 0 0 0 0 0 0 0 
36 5 5 0 0 0 0 0 0 0 0 0 0 
37 5 0 0 0 0 0 0 0 0 0 0 0 
38 5 0 0 0 0 0 0 0 0 0 0 0 
39 5 7 0 0 0 0 0 0 0 0 0 0 
40 5 -1 5 6 1 0 12 14 3 1 32 -398 
41 5 -1 0 1 1 0 2 12 5 2 32 -265 
42 5 -1 6 6 2 1 12 9 1 1 32 4 
43 5 -1 3 6 6 4 9 10 3 2 32 2059 
44 5 -1 12 11 0 0 0 15 0 0 16 -8 
45 5 -1 1 14 0 0 11 8 0 0 18 5 
46 5 -1 2 2 4 4 7 8 6 5 32 740 
47 5 46 0 0 0 0 0 0 0 0 0 0 
48 5 -1 0 6 4 4 5 10 8 4 32 -2094 
49 5 53 0 0 0 0 0 0 0 0 0 0 
50 5 -1 5 2 3 6 10 12 1 3 32 276 
51 5 -1 1 1 4 5 5 12 3 3 32 199 
52 5 -1 10 13 0 0 3 11 0 0 20 -10 
53 5 -1 4 3 1 1 14 8 1 6 32 -390 
54 5 -1 0 0 1 5 4 9 8 5 32 -1242 
55 5 -1 10 8 0 0 11 9 0 0 17 -6 
56 5 -1 9 1 0 0 13 13 0 0 2 12 
57 5 -1 0 10 0 0 9 3 0 0 4 -57 
58 5 -1 1 5 5 1 12 13 3 2 32 -107 
59 5 134 0 0 0 0 0 0 0 0 0 0 
60 5 -1 11 12 0 0 1 14 0 0 2 7 
61 5 -1 2 0 5 2 9 4 4 8 32 635 
62 5 -1 14 9 0 0 11 8 0 0 4 0 
63 6 0 0 0 0 0 0 0 0 0 0 0 
64 6 1 0 0 0 0 0 0 0 0 0 0 
65 6 0 0 0 0 0 0 0 0 0 0 0 
66 6 0 0 0 0 0 0 0 0 0 0 0 
67 6 0 0 0 0 0 0 0 0 0 0 0 
68 6 0 0 0 0 0 0 0 0 0 0 0 
69 6 0 0 0 0 0 0 0 0 0 0 0 
70 6 0 0 0 0 0 0 0 0 0 0 0 
71 6 0 0 0 0 0 0 0 0 0 0 0 
72 6 0 0 0 0 0 0 0 0 0 0 0 
73 6 0 0 0 0 0 0 0 0 0 0 0 
74 6 0 0 0 0 0 0 0 0 0 0 0 
75 6 0 0 0 0 0 0 0 0 0 0 0 
76 6 0 0 0 0 0 0 0 0 0 0 0 
77 6 0 0 0 0 0 0 0 0 0 0 0 
78 6 0 0 0 0 0 0 0 0 0 0 0 
79 6 0 0 0 0 0 0 0 0 0 0 0 
80 6 0 0 0 0 0 0 0 0 0 0 0 
81 6 8 0 0 0 0 0 0 0 0 0 0 
82 6 -1 3 8 0 0 13 9 0 0 2 -1 
83 6 -1 3 5 4 0 9 7 4 1 32 -360 
84 6 -1 9 4 0 0 1 12 0 0 17 -9 
85 6 -1 3 11 0 0 1 15 0 0 1 -9 
86 6 -1 4 4 3 1 7 14 1 1 32 378 
87 6 30 0 0 0 0 0 0 0 0 0 0 
88 6 31 0 0 0 0 0 0 0 0 0 0 
89 6 32 0 0 0 0 0 0 0 0 0 0 
90 6 -1 2 6 4 1 8 7 5 1 32 -217 
91 6 38 0 0 0 0 0 0 0 0 0 0 
92 6 39 0 0 0 0 0 0 0 0 0 0 
93 6 -1 5 3 3 5 13 12 1 1 32 989 
94 6 45 0 0 0 0 0 0 0 0 0 0 
95 6 0 0 0 0 0 0 0 0 0 0 0 
96 6 0 0 0 0 0 0 0 0 0 0 0 
97 6 -1 4 1 4 4 8 13 2 1 32 -208 
98 6 -1 7 1 0 0 11 15 0 0 18 -28 
99 6 0 0 0 0 0 0 0 0 0 0 0 
100 6 0 0 0 0 0 0 0 0 0 0 0 
101 6 54 0 0 0 0 0 0 0 0 0 0 
102 6 55 0 0 0 0 0 0 0 0 0 0 
103 6 56 0 0 0 0 0 0 0 0 0 0 
104 6 -1 14 1 0 0 7 15 0 0 2 31 
105 6 61 0 0 0 0 0 0 0 0 0 0 
106 6 -1 14 6 0 0 9 7 0 0 17 8 
107 6 -1 9 13 0 0 9 11 0 0 1 1 
108 6 -1 6 1 2 1 10 9 5 4 32 -829 
109 6 -1 0 0 0 0 12 7 0 0 1 -16 
110 6 -1 5 0 0 0 13 12 2 2 32 -165 
111 6 92 0 0 0 0 0 0 0 0 0 0 
112 6 -1 3 1 0 0 6 8 0 0 2 -122 
113 6 -1 12 9 0 0 10 7 0 0 21 0 
114 6 -1 14 6 0 0 4 8 0 0 16 43 
115 6 109 0 0 0 0 0 0 0 0 0 0 
116 6 -1 1 7 0 0 10 5 0 0 22 -2 
117 6 -1 0 5 2 1 6 13 3 1 32 -64 
118 6 -1 14 1 0 0 0 10 0 0 16 -11 
119 6 0 0 0 0 0 0 0 0 0 0 0 
120 6 0 0 0 0 0 0 0 0 0 0 0 
121 6 -1 4 9 0 0 14 11 0 0 4 -92 
122 6 -1 15 12 0 0 7 0 0 0 6 53 
123 6 -1 1 15 0 0 10 13 0 0 17 -27 
124 6 -1 13 2 0 0 11 7 0 0 16 0 
125 6 157 0 0 0 0 0 0 0 0 0 0 
126 6 -1 2 6 3 6 9 14 4 1 32 1507 
127 7 0 0 0 0 0 0 0 0 0 0 0 
128 7 0 0 0 0 0 0 0 0 0 0 0 
129 7 0 0 0 0 0 0 0 0 0 0 0 
130 7 0 0 0 0 0 0 0 0 0 0 0 
131 7 0 0 0 0 0 0 0 0 0 0 0 
132 7 0 0 0 0 0 0 0 0 0 0 0 
133 7 0 0 0 0 0 0 0 0 0 0 0 
134 7 0 0 0 0 0 0 0 0 0 0 0 
135 7 0 0 0 0 0 0 0 0 0 0 0 
136 7 0 0 0 0 0 0 0 0 0 0 0 
137 7 0 0 0 0 0 0 0 0 0 0 0 
138 7 0 0 0 0 0 0 0 0 0 0 0 
139 7 0 0 0 0 0 0 0 0 0 0 0 
140 7 0 0 0 0 0 0 0 0 0 0 0 
141 7 0 0 0 0 0 0 0 0 0 0 0 
142 7 0 0 0 0 0 0 0 0 0 0 0 
143 7 0 0 0 0 0 0 0 0 0 0 0 
144 7 0 0 0 0 0 0 0 0 0 0 0 
145 7 0 0 0 0 0 0 0 0 0 0 0 
146 7 0 0 0 0 0 0 0 0 0 0 0 
147 7 0 0 0 0 0 0 0 0 0 0 0 
148 7 0 0 0 0 0 0 0 0 0 0 0 
149 7 0 0 0 0 0 0 0 0 0 0 0 
150 7 0 0 0 0 0 0 0 0 0 0 0 
151 7 0 0 0 0 0 0 0 0 0 0 0 
152 7 0 0 0 0 0 0 0 0 0 0 0 
153 7 0 0 0 0 0 0 0 0 0 0 0 
154 7 0 0 0 0 0 0 0 0 0 0 0 
155 7 0 0 0 0 0 0 0 0 0 0 0 
156 7 0 0 0 0 0 0 0 0 0 0 0 
157 7 0 0 0 0 0 0 0 0 0 0 0 
158 7 0 0 0 0 0 0 0 0 0 0 0 
159 7 0 0 0 0 0 0 0 0 0 0 0 
160 7 0 0 0 0 0 0 0 0 0 0 0 
161 7 0 0 0 0 0 0 0 0 0 0 0 
162 7 0 0 0 0 0 0 0 0 0 0 0 
163 7 0 0 0 0 0 0 0 0 0 0 0 
164 7 0 0 0 0 0 0 0 0 0 0 0 
165 7 -1 0 6 3 6 7 14 3 1 32 1374 
166 7 -1 6 6 5 6 13 13 1 1 32 3433 
167 7 17 0 0 0 0 0 0 0 0 0 0 
168 7 18 0 0 0 0 0 0 0 0 0 0 
169 7 19 0 0 0 0 0 0 0 0 0 0 
170 7 20 0 0 0 0 0 0 0 0 0 0 
171 7 21 0 0 0 0 0 0 0 0 0 0 
172 7 -1 12 0 0 0 7 0 0 0 4 9 
173 7 -1 12 11 0 0 13 3 0 0 5 4 
174 7 29 0 0 0 0 0 0 0 0 0 0 
175 7 0 0 0 0 0 0 0 0 0 0 0 
176 7 0 0 0 0 0 0 0 0 0 0 0 
177 7 0 0 0 0 0 0 0 0 0 0 0 
178 7 0 0 0 0 0 0 0 0 0 0 0 
179 7 0 0 0 0 0 0 0 0 0 0 0 
180 7 0 0 0 0 0 0 0 0 0 0 0 
181 7 33 0 0 0 0 0 0 0 0 0 0 
182 7 -1 2 11 0 0 9 3 0 0 18 -10 
183 7 0 0 0 0 0 0 0 0 0 0 0 
184 7 0 0 0 0 0 0 0 0 0 0 0 
185 7 0 0 0 0 0 0 0 0 0 0 0 
186 7 0 0 0 0 0 0 0 0 0 0 0 
187 7 -1 3 2 0 0 15 14 0 0 3 9 
188 7 -1 0 4 5 3 13 7 2 3 32 1205 
189 7 0 0 0 0 0 0 0 0 0 0 0 
190 7 0 0 0 0 0 0 0 0 0 0 0 
191 7 0 0 0 0 0 0 0 0 0 0 0 
192 7 0 0 0 0 0 0 0 0 0 0 0 
193 7 0 0 0 0 0 0 0 0 0 0 0 
194 7 0 0 0 0 0 0 0 0 0 0 0 
195 7 47 0 0 0 0 0 0 0 0 0 0 
196 7 48 0 0 0 0 0 0 0 0 0 0 
197 7 49 0 0 0 0 0 0 0 0 0 0 
198 7 -1 5 0 5 2 12 11 2 3 32 -558 
199 7 0 0 0 0 0 0 0 0 0 0 0 
200 7 0 0 0 0 0 0 0 0 0 0 0 
201 7 0 0 0 0 0 0 0 0 0 0 0 
202 7 0 0 0 0 0 0 0 0 0 0 0 
203 7 0 0 0 0 0 0 0 0 0 0 0 
204 7 0 0 0 0 0 0 0 0 0 0 0 
205 7 0 0 0 0 0 0 0 0 0 0 0 
206 7 0 0 0 0 0 0 0 0 0 0 0 
207 7 0 0 0 0 0 0 0 0 0 0 0 
208 7 0 0 0 0 0 0 0 0 0 0 0 
209 7 -1 13 15 0 0 13 0 0 0 3 -46 
210 7 60 0 0 0 0 0 0 0 0 0 0 
211 7 0 0 0 0 0 0 0 0 0 0 0 
212 7 0 0 0 0 0 0 0 0 0 0 0 
213 7 -1 7 2 0 0 5 0 0 0 22 7 
214 7 -1 13 11 0 0 0 14 0 0 5 4 
215 7 -1 1 6 5 6 11 12 1 1 32 897 
216 7 76 0 0 0 0 0 0 0 0 0 0 
217 7 -1 6 1 5 5 11 6 4 3 32 809 
218 7 81 0 0 0 0 0 0 0 0 0 0 
219 7 82 0 0 0 0 0 0 0 0 0 0 
220 7 -1 4 4 3 4 11 13 3 2 32 536 
221 7 87 0 0 0 0 0 0 0 0 0 0 
222 7 -1 6 5 0 0 11 12 0 0 4 -8 
223 7 0 0 0 0 0 0 0 0 0 0 0 
224 7 0 0 0 0 0 0 0 0 0 0 0 
225 7 93 0 0 0 0 0 0 0 0 0 0 
226 7 -1 2 1 6 1 13 14 1 1 32 85 
227 7 99 0 0 0 0 0 0 0 0 0 0 
228 7 -1 1 0 5 1 7 14 1 1 32 112 
229 7 -1 10 14 0 0 1 6 0 0 16 14 
230 7 108 0 0 0 0 0 0 0 0 0 0 
231 7 0 0 0 0 0 0 0 0 0 0 0 
232 7 0 0 0 0 0 0 0 0 0 0 0 
233 7 110 0 0 0 0 0 0 0 0 0 0 
234 7 -1 3 2 6 6 14 9 1 6 32 1375 
235 7 -1 2 0 1 6 7 12 8 2 32 -155 
236 7 -1 3 2 2 6 9 13 5 2 32 124 
237 7 127 0 0 0 0 0 0 0 0 0 0 
238 7 -1 4 6 0 0 14 8 0 0 2 4 
239 7 0 0 0 0 0 0 0 0 0 0 0 
240 7 0 0 0 0 0 0 0 0 0 0 0 
241 7 0 0 0 0 0 0 0 0 0 0 0 
242 7 0 0 0 0 0 0 0 0 0 0 0 
243 7 135 0 0 0 0 0 0 0 0 0 0 
244 7 -1 15 14 0 0 15 4 0 0 18 -34 
245 7 -1 13 13 0 0 9 11 0 0 16 -73 
246 7 144 0 0 0 0 0 0 0 0 0 0 
247 7 -1 0 0 6 2 8 9 2 4 32 88 
248 7 -1 4 6 1 0 5 12 3 3 32 -345 
249 7 155 0 0 0 0 0 0 0 0 0 0 
250 7 156 0 0 0 0 0 0 0 0 0 0 
251 7 0 0 0 0 0 0 0 0 0 0 0 
252 7 0 0 0 0 0 0 0 0 0 0 0 
253 7 158 0 0 0 0 0 0 0 0 0 0 
254 7 159 0 0 0 0 0 0 0 0 0 0 
255 8 0 0 0 0 0 0 0 0 0 0 0 
256 8 0 0 0 0 0 0 0 0 0 0 0 
257 8 0 0 0 0 0 0 0 0 0 0 0 
258 8 0 0 0 0 0 0 0 0 0 0 0 
259 8 0 0 0 0 0 0 0 0 0 0 0 
260 8 0 0 0 0 0 0 0 0 0 0 0 
261 8 0 0 0 0 0 0 0 0 0 0 0 
262 8 0 0 0 0 0 0 0 0 0 0 0 
263 8 0 0 0 0 0 0 0 0 0 0 0 
264 8 0 0 0 0 0 0 0 0 0 0 0 
265 8 0 0 0 0 0 0 0 0 0 0 0 
266 8 0 0 0 0 0 0 0 0 0 0 0 
267 8 0 0 0 0 0 0 0 0 0 0 0 
268 8 0 0 0 0 0 0 0 0 0 0 0 
269 8 0 0 0 0 0 0 0 0 0 0 0 
270 8 0 0 0 0 0 0 0 0 0 0 0 
271 8 0 0 0 0 0 0 0 0 0 0 0 
272 8 0 0 0 0 0 0 0 0 0 0 0 
273 8 0 0 0 0 0 0 0 0 0 0 0 
274 8 0 0 0 0 0 0 0 0 0 0 0 
275 8 0 0 0 0 0 0 0 0 0 0 0 
276 8 0 0 0 0 0 0 0 0 0 0 0 
277 8 0 0 0 0 0 0 0 0 0 0 0 
278 8 0 0 0 0 0 0 0 0 0 0 0 
279 8 0 0 0 0 0 0 0 0 0 0 0 
280 8 0 0 0 0 0 0 0 0 0 0 0 
281 8 0 0 0 0 0 0 0 0 0 0 0 
282 8 0 0 0 0 0 0 0 0 0 0 0 
283 8 0 0 0 0 0 0 0 0 0 0 0 
284 8 0 0 0 0 0 0 0 0 0 0 0 
285 8 0 0 0 0 0 0 0 0 0 0 0 
286 8 0 0 0 0 0 0 0 0 0 0 0 
287 8 0 0 0 0 0 0 0 0 0 0 0 
288 8 0 0 0 0 0 0 0 0 0 0 0 
289 8 0 0 0 0 0 0 0 0 0 0 0 
290 8 0 0 0 0 0 0 0 0 0 0 0 
291 8 0 0 0 0 0 0 0 0 0 0 0 
292 8 0 0 0 0 0 0 0 0 0 0 0 
293 8 0 0 0 0 0 0 0 0 0 0 0 
294 8 0 0 0 0 0 0 0 0 0 0 0 
295 8 0 0 0 0 0 0 0 0 0 0 0 
296 8 0 0 0 0 0 0 0 0 0 0 0 
297 8 0 0 0 0 0 0 0 0 0 0 0 
298 8 0 0 0 0 0 0 0 0 0 0 0 
299 8 0 0 0 0 0 0 0 0 0 0 0 
300 8 0 0 0 0 0 0 0 0 0 0 0 
301 8 0 0 0 0 0 0 0 0 0 0 0 
302 8 0 0 0 0 0 0 0 0 0 0 0 
303 8 0 0 0 0 0 0 0 0 0 0 0 
304 8 0 0 0 0 0 0 0 0 0 0 0 
305 8 0 0 0 0 0 0 0 0 0 0 0 
306 8 0 0 0 0 0 0 0 0 0 0 0 
307 8 0 0 0 0 0 0 0 0 0 0 0 
308 8 0 0 0 0 0 0 0 0 0 0 0 
309 8 0 0 0 0 0 0 0 0 0 0 0 
310 8 0 0 0 0 0 0 0 0 0 0 0 
311 8 0 0 0 0 0 0 0 0 0 0 0 
312 8 0 0 0 0 0 0 0 0 0 0 0 
313 8 0 0 0 0 0 0 0 0 0 0 0 
314 8 0 0 0 0 0 0 0 0 0 0 0 
315 8 0 0 0 0 0 0 0 0 0 0 0 
316 8 0 0 0 0 0 0 0 0 0 0 0 
317 8 0 0 0 0 0 0 0 0 0 0 0 
318 8 0 0 0 0 0 0 0 0 0 0 0 
319 8 0 0 0 0 0 0 0 0 0 0 0 
320 8 0 0 0 0 0 0 0 0 0 0 0 
321 8 0 0 0 0 0 0 0 0 0 0 0 
322 8 0 0 0 0 0 0 0 0 0 0 0 
323 8 0 0 0 0 0 0 0 0 0 0 0 
324 8 0 0 0 0 0 0 0 0 0 0 0 
325 8 0 0 0 0 0 0 0 0 0 0 0 
326 8 0 0 0 0 0 0 0 0 0 0 0 
327 8 0 0 0 0 0 0 0 0 0 0 0 
328 8 0 0 0 0 0 0 0 0 0 0 0 
329 8 0 0 0 0 0 0 0 0 0 0 0 
330 8 0 0 0 0 0 0 0 0 0 0 0 
331 8 9 0 0 0 0 0 0 0 0 0 0 
332 8 -1 4 6 6 0 10 6 1 7 32 -1315 
333 8 -1 1 9 0 0 15 6 0 0 20 1 
334 8 16 0 0 0 0 0 0 0 0 0 0 
335 8 0 0 0 0 0 0 0 0 0 0 0 
336 8 0 0 0 0 0 0 0 0 0 0 0 
337 8 0 0 0 0 0 0 0 0 0 0 0 
338 8 0 0 0 0 0 0 0 0 0 0 0 
339 8 0 0 0 0 0 0 0 0 0 0 0 
340 8 0 0 0 0 0 0 0 0 0 0 0 
341 8 0 0 0 0 0 0 0 0 0 0 0 
342 8 0 0 0 0 0 0 0 0 0 0 0 
343 8 0 0 0 0 0 0 0 0 0 0 0 
344 8 0 0 0 0 0 0 0 0 0 0 0 
345 8 -1 0 14 0 0 0 10 0 0 4 -6 
346 8 25 0 0 0 0 0 0 0 0 0 0 
347 8 -1 4 1 0 6 4 9 10 5 32 -4647 
348 8 28 0 0 0 0 0 0 0 0 0 0 
349 8 0 0 0 0 0 0 0 0 0 0 0 
350 8 0 0 0 0 0 0 0 0 0 0 0 
351 8 0 0 0 0 0 0 0 0 0 0 0 
352 8 0 0 0 0 0 0 0 0 0 0 0 
353 8 0 0 0 0 0 0 0 0 0 0 0 
354 8 0 0 0 0 0 0 0 0 0 0 0 
355 8 0 0 0 0 0 0 0 0 0 0 0 
356 8 0 0 0 0 0 0 0 0 0 0 0 
357 8 0 0 0 0 0 0 0 0 0 0 0 
358 8 0 0 0 0 0 0 0 0 0 0 0 
359 8 0 0 0 0 0 0 0 0 0 0 0 
360 8 0 0 0 0 0 0 0 0 0 0 0 
361 8 0 0 0 0 0 0 0 0 0 0 0 
362 8 0 0 0 0 0 0 0 0 0 0 0 
363 8 0 0 0 0 0 0 0 0 0 0 0 
364 8 0 0 0 0 0 0 0 0 0 0 0 
365 8 34 0 0 0 0 0 0 0 0 0 0 
366 8 -1 2 0 3 5 14 5 1 5 32 976 
367 8 0 0 0 0 0 0 0 0 0 0 0 
368 8 0 0 0 0 0 0 0 0 0 0 0 
369 8 0 0 0 0 0 0 0 0 0 0 0 
370 8 0 0 0 0 0 0 0 0 0 0 0 
371 8 0 0 0 0 0 0 0 0 0 0 0 
372 8 0 0 0 0 0 0 0 0 0 0 0 
373 8 0 0 0 0 0 0 0 0 0 0 0 
374 8 0 0 0 0 0 0 0 0 0 0 0 
375 8 40 0 0 0 0 0 0 0 0 0 0 
376 8 41 0 0 0 0 0 0 0 0 0 0 
377 8 -1 5 4 5 3 14 9 1 3 32 606 
378 8 44 0 0 0 0 0 0 0 0 0 0 
379 8 0 0 0 0 0 0 0 0 0 0 0 
380 8 0 0 0 0 0 0 0 0 0 0 0 
381 8 0 0 0 0 0 0 0 0 0 0 0 
382 8 0 0 0 0 0 0 0 0 0 0 0 
383 8 0 0 0 0 0 0 0 0 0 0 0 
384 8 0 0 0 0 0 0 0 0 0 0 0 
385 8 0 0 0 0 0 0 0 0 0 0 0 
386 8 0 0 0 0 0 0 0 0 0 0 0 
387 8 0 0 0 0 0 0 0 0 0 0 0 
388 8 0 0 0 0 0 0 0 0 0 0 0 
389 8 0 0 0 0 0 0 0 0 0 0 0 
390 8 0 0 0 0 0 0 0 0 0 0 0 
391 8 0 0 0 0 0 0 0 0 0 0 0 
392 8 0 0 0 0 0 0 0 0 0 0 0 
393 8 0 0 0 0 0 0 0 0 0 0 0 
394 8 0 0 0 0 0 0 0 0 0 0 0 
395 8 0 0 0 0 0 0 0 0 0 0 0 
396 8 0 0 0 0 0 0 0 0 0 0 0 
397 8 50 0 0 0 0 0 0 0 0 0 0 
398 8 -1 5 1 0 0 7 2 7 3 32 -770 
399 8 0 0 0 0 0 0 0 0 0 0 0 
400 8 0 0 0 0 0 0 0 0 0 0 0 
401 8 0 0 0 0 0 0 0 0 0 0 0 
402 8 0 0 0 0 0 0 0 0 0 0 0 
403 8 0 0 0 0 0 0 0 0 0 0 0 
404 8 0 0 0 0 0 0 0 0 0 0 0 
405 8 0 0 0 0 0 0 0 0 0 0 0 
406 8 0 0 0 0 0 0 0 0 0 0 0 
407 8 0 0 0 0 0 0 0 0 0 0 0 
408 8 0 0 0 0 0 0 0 0 0 0 0 
409 8 0 0 0 0 0 0 0 0 0 0 0 
410 8 0 0 0 0 0 0 0 0 0 0 0 
411 8 0 0 0 0 0 0 0 0 0 0 0 
412 8 0 0 0 0 0 0 0 0 0 0 0 
413 8 0 0 0 0 0 0 0 0 0 0 0 
414 8 0 0 0 0 0 0 0 0 0 0 0 
415 8 0 0 0 0 0 0 0 0 0 0 0 
416 8 0 0 0 0 0 0 0 0 0 0 0 
417 8 0 0 0 0 0 0 0 0 0 0 0 
418 8 0 0 0 0 0 0 0 0 0 0 0 
419 8 57 0 0 0 0 0 0 0 0 0 0 
420 8 -1 1 7 0 0 15 12 0 0 2 24 
421 8 0 0 0 0 0 0 0 0 0 0 0 
422 8 0 0 0 0 0 0 0 0 0 0 0 
423 8 0 0 0 0 0 0 0 0 0 0 0 
424 8 0 0 0 0 0 0 0 0 0 0 0 
425 8 0 0 0 0 0 0 0 0 0 0 0 
426 8 0 0 0 0 0 0 0 0 0 0 0 
427 8 -1 3 2 4 1 11 10 4 5 32 -852 
428 8 65 0 0 0 0 0 0 0 0 0 0 
429 8 -1 15 8 0 0 11 6 0 0 16 36 
430 8 -1 3 3 2 5 11 13 3 2 32 -29 
431 8 72 0 0 0 0 0 0 0 0 0 0 
432 8 -1 7 15 0 0 4 3 0 0 0 -4 
433 8 0 0 0 0 0 0 0 0 0 0 0 
434 8 0 0 0 0 0 0 0 0 0 0 0 
435 8 -1 0 0 2 1 9 9 6 6 32 -1299 
436 8 80 0 0 0 0 0 0 0 0 0 0 
437 8 0 0 0 0 0 0 0 0 0 0 0 
438 8 0 0 0 0 0 0 0 0 0 0 0 
439 8 0 0 0 0 0 0 0 0 0 0 0 
440 8 0 0 0 0 0 0 0 0 0 0 0 
441 8 -1 15 0 0 0 9 0 0 0 17 -94 
442 8 86 0 0 0 0 0 0 0 0 0 0 
443 8 0 0 0 0 0 0 0 0 0 0 0 
444 8 0 0 0 0 0 0 0 0 0 0 0 
445 8 88 0 0 0 0 0 0 0 0 0 0 
446 8 -1 14 8 0 0 6 8 0 0 4 -32 
447 8 0 0 0 0 0 0 0 0 0 0 0 
448 8 0 0 0 0 0 0 0 0 0 0 0 
449 8 0 0 0 0 0 0 0 0 0 0 0 
450 8 0 0 0 0 0 0 0 0 0 0 0 
451 8 0 0 0 0 0 0 0 0 0 0 0 
452 8 0 0 0 0 0 0 0 0 0 0 0 
453 8 -1 0 2 4 0 6 3 8 5 32 -505 
454 8 -1 2 3 5 0 12 13 3 1 32 -25 
455 8 0 0 0 0 0 0 0 0 0 0 0 
456 8 0 0 0 0 0 0 0 0 0 0 0 
457 8 -1 15 4 0 0 6 13 0 0 18 2 
458 8 -1 13 13 0 0 6 3 0 0 6 12 
459 8 106 0 0 0 0 0 0 0 0 0 0 
460 8 107 0 0 0 0 0 0 0 0 0 0 
461 8 0 0 0 0 0 0 0 0 0 0 0 
462 8 0 0 0 0 0 0 0 0 0 0 0 
463 8 0 0 0 0 0 0 0 0 0 0 0 
464 8 0 0 0 0 0 0 0 0 0 0 0 
465 8 0 0 0 0 0 0 0 0 0 0 0 
466 8 0 0 0 0 0 0 0 0 0 0 0 
467 8 0 0 0 0 0 0 0 0 0 0 0 
468 8 0 0 0 0 0 0 0 0 0 0 0 
469 8 -1 1 5 0 0 7 14 0 0 2 -6 
470 8 114 0 0 0 0 0 0 0 0 0 0 
471 8 -1 3 3 0 1 5 13 2 1 32 -67 
472 8 -1 0 1 0 0 13 4 0 0 17 12 
473 8 -1 0 12 0 0 14 5 0 0 16 -18 
474 8 -1 8 11 0 0 1 4 0 0 20 0 
475 8 0 0 0 0 0 0 0 0 0 0 0 
476 8 0 0 0 0 0 0 0 0 0 0 0 
477 8 -1 2 3 0 0 0 9 0 0 0 -16 
478 8 -1 3 1 5 2 13 7 1 1 32 346 
479 8 0 0 0 0 0 0 0 0 0 0 0 
480 8 0 0 0 0 0 0 0 0 0 0 0 
481 8 0 0 0 0 0 0 0 0 0 0 0 
482 8 0 0 0 0 0 0 0 0 0 0 0 
483 8 0 0 0 0 0 0 0 0 0 0 0 
484 8 0 0 0 0 0 0 0 0 0 0 0 
485 8 0 0 0 0 0 0 0 0 0 0 0 
486 8 0 0 0 0 0 0 0 0 0 0 0 
487 8 0 0 0 0 0 0 0 0 0 0 0 
488 8 0 0 0 0 0 0 0 0 0 0 0 
489 8 136 0 0 0 0 0 0 0 0 0 0 
490 8 -1 4 13 0 0 3 4 0 0 4 55 
491 8 140 0 0 0 0 0 0 0 0 0 0 
492 8 -1 1 5 5 5 6 14 9 1 32 -208 
493 8 0 0 0 0 0 0 0 0 0 0 0 
494 8 0 0 0 0 0 0 0 0 0 0 0 
495 8 -1 14 1 0 0 5 14 0 0 0 4 
496 8 149 0 0 0 0 0 0 0 0 0 0 
497 8 150 0 0 0 0 0 0 0 0 0 0 
498 8 -1 5 10 0 0 1 0 0 0 0 -92 
499 8 0 0 0 0 0 0 0 0 0 0 0 
500 8 0 0 0 0 0 0 0 0 0 0 0 
501 8 0 0 0 0 0 0 0 0 0 0 0 
502 8 0 0 0 0 0 0 0 0 0 0 0 
503 8 0 0 0 0 0 0 0 0 0 0 0 
504 8 0 0 0 0 0 0 0 0 0 0 0 
505 8 0 0 0 0 0 0 0 0 0 0 0 
506 8 0 0 0 0 0 0 0 0 0 0 0 
507 8 0 0 0 0 0 0 0 0 0 0 0 
508 8 0 0 0 0 0 0 0 0 0 0 0 
509 8 0 0 0 0 0 0 0 0 0 0 0 
510 8 0 0 0 0 0 0 0 0 0 0 0 
511 9 0 0 0 0 0 0 0 0 0 0 0 
512 9 0 0 0 0 0 0 0 0 0 0 0 
513 9 0 0 0 0 0 0 0 0 0 0 0 
514 9 0 0 0 0 0 0 0 0 0 0 0 
515 9 0 0 0 0 0 0 0 0 0 0 0 
516 9 0 0 0 0 0 0 0 0 0 0 0 
517 9 0 0 0 0 0 0 0 0 0 0 0 
518 9 0 0 0 0 0 0 0 0 0 0 0 
519 9 0 0 0 0 0 0 0 0 0 0 0 
520 9 0 0 0 0 0 0 0 0 0 0 0 
521 9 0 0 0 0 0 0 0 0 0 0 0 
522 9 0 0 0 0 0 0 0 0 0 0 0 
523 9 0 0 0 0 0 0 0 0 0 0 0 
524 9 0 0 0 0 0 0 0 0 0 0 0 
525 9 0 0 0 0 0 0 0 0 0 0 0 
526 9 0 0 0 0 0 0 0 0 0 0 0 
527 9 0 0 0 0 0 0 0 0 0 0 0 
528 9 0 0 0 0 0 0 0 0 0 0 0 
529 9 0 0 0 0 0 0 0 0 0 0 0 
530 9 0 0 0 0 0 0 0 0 0 0 0 
531 9 0 0 0 0 0 0 0 0 0 0 0 
532 9 0 0 0 0 0 0 0 0 0 0 0 
533 9 0 0 0 0 0 0 0 0 0 0 0 
534 9 0 0 0 0 0 0 0 0 0 0 0 
535 9 0 0 0 0 0 0 0 0 0 0 0 
536 9 0 0 0 0 0 0 0 0 0 0 0 
537 9 0 0 0 0 0 0 0 0 0 0 0 
538 9 0 0 0 0 0 0 0 0 0 0 0 
539 9 0 0 0 0 0 0 0 0 0 0 0 
540 9 0 0 0 0 0 0 0 0 0 0 0 
541 9 0 0 0 0 0 0 0 0 0 0 0 
542 9 0 0 0 0 0 0 0 0 0 0 0 
543 9 0 0 0 0 0 0 0 0 0 0 0 
544 9 0 0 0 0 0 0 0 0 0 0 0 
545 9 0 0 0 0 0 0 0 0 0 0 0 
546 9 0 0 0 0 0 0 0 0 0 0 0 
547 9 0 0 0 0 0 0 0 0 0 0 0 
548 9 0 0 0 0 0 0 0 0 0 0 0 
549 9 0 0 0 0 0 0 0 0 0 0 0 
550 9 0 0 0 0 0 0 0 0 0 0 0 
551 9 0 0 0 0 0 0 0 0 0 0 0 
552 9 0 0 0 0 0 0 0 0 0 0 0 
553 9 0 0 0 0 0 0 0 0 0 0 0 
554 9 0 0 0 0 0 0 0 0 0 0 0 
555 9 0 0 0 0 0 0 0 0 0 0 0 
556 9 0 0 0 0 0 0 0 0 0 0 0 
557 9 0 0 0 0 0 0 0 0 0 0 0 
558 9 0 0 0 0 0 0 0 0 0 0 0 
559 9 0 0 0 0 0 0 0 0 0 0 0 
560 9 0 0 0 0 0 0 0 0 0 0 0 
561 9 0 0 0 0 0 0 0 0 0 0 0 
562 9 0 0 0 0 0 0 0 0 0 0 0 
563 9 0 0 0 0 0 0 0 0 0 0 0 
564 9 0 0 0 0 0 0 0 0 0 0 0 
565 9 0 0 0 0 0 0 0 0 0 0 0 
566 9 0 0 0 0 0 0 0 0 0 0 0 
567 9 0 0 0 0 0 0 0 0 0 0 0 
568 9 0 0 0 0 0 0 0 0 0 0 0 
569 9 0 0 0 0 0 0 0 0 0 0 0 
570 9 0 0 0 0 0 0 0 0 0 0 0 
571 9 0 0 0 0 0 0 0 0 0 0 0 
572 9 0 0 0 0 0 0 0 0 0 0 0 
573 9 0 0 0 0 0 0 0 0 0 0 0 
574 9 0 0 0 0 0 0 0 0 0 0 0 
575 9 0 0 0 0 0 0 0 0 0 0 0 
576 9 0 0 0 0 0 0 0 0 0 0 0 
577 9 0 0 0 0 0 0 0 0 0 0 0 
578 9 0 0 0 0 0 0 0 0 0 0 0 
579 9 0 0 0 0 0 0 0 0 0 0 0 
580 9 0 0 0 0 0 0 0 0 0 0 0 
581 9 0 0 0 0 0 0 0 0 0 0 0 
582 9 0 0 0 0 0 0 0 0 0 0 0 
583 9 0 0 0 0 0 0 0 0 0 0 0 
584 9 0 0 0 0 0 0 0 0 0 0 0 
585 9 0 0 0 0 0 0 0 0 0 0 0 
586 9 0 0 0 0 0 0 0 0 0 0 0 
587 9 0 0 0 0 0 0 0 0 0 0 0 
588 9 0 0 0 0 0 0 0 0 0 0 0 
589 9 0 0 0 0 0 0 0 0 0 0 0 
590 9 0 0 0 0 0 0 0 0 0 0 0 
591 9 0 0 0 0 0 0 0 0 0 0 0 
592 9 0 0 0 0 0 0 0 0 0 0 0 
593 9 0 0 0 0 0 0 0 0 0 0 0 
594 9 0 0 0 0 0 0 0 0 0 0 0 
595 9 0 0 0 0 0 0 0 0 0 0 0 
596 9 0 0 0 0 0 0 0 0 0 0 0 
597 9 0 0 0 0 0 0 0 0 0 0 0 
598 9 0 0 0 0 0 0 0 0 0 0 0 
599 9 0 0 0 0 0 0 0 0 0 0 0 
600 9 0 0 0 0 0 0 0 0 0 0 0 
601 9 0 0 0 0 0 0 0 0 0 0 0 
602 9 0 0 0 0 0 0 0 0 0 0 0 
603 9 0 0 0 0 0 0 0 0 0 0 0 
604 9 0 0 0 0 0 0 0 0 0 0 0 
605 9 0 0 0 0 0 0 0 0 0 0 0 
606 9 0 0 0 0 0 0 0 0 0 0 0 
607 9 0 0 0 0 0 0 0 0 0 0 0 
608 9 0 0 0 0 0 0 0 0 0 0 0 
609 9 0 0 0 0 0 0 0 0 0 0 0 
610 9 0 0 0 0 0 0 0 0 0 0 0 
611 9 0 0 0 0 0 0 0 0 0 0 0 
612 9 0 0 0 0 0 0 0 0 0 0 0 
613 9 0 0 0 0 0 0 0 0 0 0 0 
614 9 0 0 0 0 0 0 0 0 0 0 0 
615 9 0 0 0 0 0 0 0 0 0 0 0 
616 9 0 0 0 0 0 0 0 0 0 0 0 
617 9 0 0 0 0 0 0 0 0 0 0 0 
618 9 0 0 0 0 0 0 0 0 0 0 0 
619 9 0 0 0 0 0 0 0 0 0 0 0 
620 9 0 0 0 0 0 0 0 0 0 0 0 
621 9 0 0 0 0 0 0 0 0 0 0 0 
622 9 0 0 0 0 0 0 0 0 0 0 0 
623 9 0 0 0 0 0 0 0 0 0 0 0 
624 9 0 0 0 0 0 0 0 0 0 0 0 
625 9 0 0 0 0 0 0 0 0 0 0 0 
626 9 0 0 0 0 0 0 0 0 0 0 0 
627 9 0 0 0 0 0 0 0 0 0 0 0 
628 9 0 0 0 0 0 0 0 0 0 0 0 
629 9 0 0 0 0 0 0 0 0 0 0 0 
630 9 0 0 0 0 0 0 0 0 0 0 0 
631 9 0 0 0 0 0 0 0 0 0 0 0 
632 9 0 0 0 0 0 0 0 0 0 0 0 
633 9 0 0 0 0 0 0 0 0 0 0 0 
634 9 0 0 0 0 0 0 0 0 0 0 0 
635 9 0 0 0 0 0 0 0 0 0 0 0 
636 9 0 0 0 0 0 0 0 0 0 0 0 
637 9 0 0 0 0 0 0 0 0 0 0 0 
638 9 0 0 0 0 0 0 0 0 0 0 0 
639 9 0 0 0 0 0 0 0 0 0 0 0 
640 9 0 0 0 0 0 0 0 0 0 0 0 
641 9 0 0 0 0 0 0 0 0 0 0 0 
642 9 0 0 0 0 0 0 0 0 0 0 0 
643 9 0 0 0 0 0 0 0 0 0 0 0 
644 9 0 0 0 0 0 0 0 0 0 0 0 
645 9 0 0 0 0 0 0 0 0 0 0 0 
646 9 0 0 0 0 0 0 0 0 0 0 0 
647 9 0 0 0 0 0 0 0 0 0 0 0 
648 9 0 0 0 0 0 0 0 0 0 0 0 
649 9 0 0 0 0 0 0 0 0 0 0 0 
650 9 0 0 0 0 0 0 0 0 0 0 0 
651 9 0 0 0 0 0 0 0 0 0 0 0 
652 9 0 0 0 0 0 0 0 0 0 0 0 
653 9 0 0 0 0 0 0 0 0 0 0 0 
654 9 0 0 0 0 0 0 0 0 0 0 0 
655 9 0 0 0 0 0 0 0 0 0 0 0 
656 9 0 0 0 0 0 0 0 0 0 0 0 
657 9 0 0 0 0 0 0 0 0 0 0 0 
658 9 0 0 0 0 0 0 0 0 0 0 0 
659 9 0 0 0 0 0 0 0 0 0 0 0 
660 9 0 0 0 0 0 0 0 0 0 0 0 
661 9 0 0 0 0 0 0 0 0 0 0 0 
662 9 0 0 0 0 0 0 0 0 0 0 0 
663 9 0 0 0 0 0 0 0 0 0 0 0 
664 9 0 0 0 0 0 0 0 0 0 0 0 
665 9 -1 0 5 0 0 10 13 0 0 18 -7 
666 9 12 0 0 0 0 0 0 0 0 0 0 
667 9 -1 2 10 0 0 11 3 0 0 1 -4 
668 9 15 0 0 0 0 0 0 0 0 0 0 
669 9 0 0 0 0 0 0 0 0 0 0 0 
670 9 0 0 0 0 0 0 0 0 0 0 0 
671 9 0 0 0 0 0 0 0 0 0 0 0 
672 9 0 0 0 0 0 0 0 0 0 0 0 
673 9 0 0 0 0 0 0 0 0 0 0 0 
674 9 0 0 0 0 0 0 0 0 0 0 0 
675 9 0 0 0 0 0 0 0 0 0 0 0 
676 9 0 0 0 0 0 0 0 0 0 0 0 
677 9 0 0 0 0 0 0 0 0 0 0 0 
678 9 0 0 0 0 0 0 0 0 0 0 0 
679 9 0 0 0 0 0 0 0 0 0 0 0 
680 9 0 0 0 0 0 0 0 0 0 0 0 
681 9 0 0 0 0 0 0 0 0 0 0 0 
682 9 0 0 0 0 0 0 0 0 0 0 0 
683 9 0 0 0 0 0 0 0 0 0 0 0 
684 9 0 0 0 0 0 0 0 0 0 0 0 
685 9 0 0 0 0 0 0 0 0 0 0 0 
686 9 0 0 0 0 0 0 0 0 0 0 0 
687 9 0 0 0 0 0 0 0 0 0 0 0 
688 9 0 0 0 0 0 0 0 0 0 0 0 
689 9 0 0 0 0 0 0 0 0 0 0 0 
690 9 0 0 0 0 0 0 0 0 0 0 0 
691 9 22 0 0 0 0 0 0 0 0 0 0 
692 9 -1 9 4 0 0 1 1 0 0 2 13 
693 9 0 0 0 0 0 0 0 0 0 0 0 
694 9 0 0 0 0 0 0 0 0 0 0 0 
695 9 26 0 0 0 0 0 0 0 0 0 0 
696 9 27 0 0 0 0 0 0 0 0 0 0 
697 9 0 0 0 0 0 0 0 0 0 0 0 
698 9 0 0 0 0 0 0 0 0 0 0 0 
699 9 0 0 0 0 0 0 0 0 0 0 0 
700 9 0 0 0 0 0 0 0 0 0 0 0 
701 9 0 0 0 0 0 0 0 0 0 0 0 
702 9 0 0 0 0 0 0 0 0 0 0 0 
703 9 0 0 0 0 0 0 0 0 0 0 0 
704 9 0 0 0 0 0 0 0 0 0 0 0 
705 9 0 0 0 0 0 0 0 0 0 0 0 
706 9 0 0 0 0 0 0 0 0 0 0 0 
707 9 0 0 0 0 0 0 0 0 0 0 0 
708 9 0 0 0 0 0 0 0 0 0 0 0 
709 9 0 0 0 0 0 0 0 0 0 0 0 
710 9 0 0 0 0 0 0 0 0 0 0 0 
711 9 0 0 0 0 0 0 0 0 0 0 0 
712 9 0 0 0 0 0 0 0 0 0 0 0 
713 9 0 0 0 0 0 0 0 0 0 0 0 
714 9 0 0 0 0 0 0 0 0 0 0 0 
715 9 0 0 0 0 0 0 0 0 0 0 0 
716 9 0 0 0 0 0 0 0 0 0 0 0 
717 9 0 0 0 0 0 0 0 0 0 0 0 
718 9 0 0 0 0 0 0 0 0 0 0 0 
719 9 0 0 0 0 0 0 0 0 0 0 0 
720 9 0 0 0 0 0 0 0 0 0 0 0 
721 9 0 0 0 0 0 0 0 0 0 0 0 
722 9 0 0 0 0 0 0 0 0 0 0 0 
723 9 0 0 0 0 0 0 0 0 0 0 0 
724 9 0 0 0 0 0 0 0 0 0 0 0 
725 9 0 0 0 0 0 0 0 0 0 0 0 
726 9 0 0 0 0 0 0 0 0 0 0 0 
727 9 0 0 0 0 0 0 0 0 0 0 0 
728 9 0 0 0 0 0 0 0 0 0 0 0 
729 9 0 0 0 0 0 0 0 0 0 0 0 
730 9 0 0 0 0 0 0 0 0 0 0 0 
731 9 0 0 0 0 0 0 0 0 0 0 0 
732 9 0 0 0 0 0 0 0 0 0 0 0 
733 9 35 0 0 0 0 0 0 0 0 0 0 
734 9 -1 6 2 4 2 14 8 1 5 32 -179 
735 9 0 0 0 0 0 0 0 0 0 0 0 
736 9 0 0 0 0 0 0 0 0 0 0 0 
737 9 0 0 0 0 0 0 0 0 0 0 0 
738 9 0 0 0 0 0 0 0 0 0 0 0 
739 9 0 0 0 0 0 0 0 0 0 0 0 
740 9 0 0 0 0 0 0 0 0 0 0 0 
741 9 0 0 0 0 0 0 0 0 0 0 0 
742 9 0 0 0 0 0 0 0 0 0 0 0 
743 9 0 0 0 0 0 0 0 0 0 0 0 
744 9 0 0 0 0 0 0 0 0 0 0 0 
745 9 0 0 0 0 0 0 0 0 0 0 0 
746 9 0 0 0 0 0 0 0 0 0 0 0 
747 9 0 0 0 0 0 0 0 0 0 0 0 
748 9 0 0 0 0 0 0 0 0 0 0 0 
749 9 0 0 0 0 0 0 0 0 0 0 0 
750 9 0 0 0 0 0 0 0 0 0 0 0 
751 9 0 0 0 0 0 0 0 0 0 0 0 
752 9 0 0 0 0 0 0 0 0 0 0 0 
753 9 0 0 0 0 0 0 0 0 0 0 0 
754 9 0 0 0 0 0 0 0 0 0 0 0 
755 9 42 0 0 0 0 0 0 0 0 0 0 
756 9 43 0 0 0 0 0 0 0 0 0 0 
757 9 0 0 0 0 0 0 0 0 0 0 0 
758 9 0 0 0 0 0 0 0 0 0 0 0 
759 9 0 0 0 0 0 0 0 0 0 0 0 
760 9 0 0 0 0 0 0 0 0 0 0 0 
761 9 0 0 0 0 0 0 0 0 0 0 0 
762 9 0 0 0 0 0 0 0 0 0 0 0 
763 9 0 0 0 0 0 0 0 0 0 0 0 
764 9 0 0 0 0 0 0 0 0 0 0 0 
765 9 0 0 0 0 0 0 0 0 0 0 0 
766 9 0 0 0 0 0 0 0 0 0 0 0 
767 9 0 0 0 0 0 0 0 0 0 0 0 
768 9 0 0 0 0 0 0 0 0 0 0 0 
769 9 0 0 0 0 0 0 0 0 0 0 0 
770 9 0 0 0 0 0 0 0 0 0 0 0 
771 9 0 0 0 0 0 0 0 0 0 0 0 
772 9 0 0 0 0 0 0 0 0 0 0 0 
773 9 0 0 0 0 0 0 0 0 0 0 0 
774 9 0 0 0 0 0 0 0 0 0 0 0 
775 9 0 0 0 0 0 0 0 0 0 0 0 
776 9 0 0 0 0 0 0 0 0 0 0 0 
777 9 0 0 0 0 0 0 0 0 0 0 0 
778 9 0 0 0 0 0 0 0 0 0 0 0 
779 9 0 0 0 0 0 0 0 0 0 0 0 
780 9 0 0 0 0 0 0 0 0 0 0 0 
781 9 0 0 0 0 0 0 0 0 0 0 0 
782 9 0 0 0 0 0 0 0 0 0 0 0 
783 9 0 0 0 0 0 0 0 0 0 0 0 
784 9 0 0 0 0 0 0 0 0 0 0 0 
785 9 0 0 0 0 0 0 0 0 0 0 0 
786 9 0 0 0 0 0 0 0 0 0 0 0 
787 9 0 0 0 0 0 0 0 0 0 0 0 
788 9 0 0 0 0 0 0 0 0 0 0 0 
789 9 0 0 0 0 0 0 0 0 0 0 0 
790 9 0 0 0 0 0 0 0 0 0 0 0 
791 9 0 0 0 0 0 0 0 0 0 0 0 
792 9 0 0 0 0 0 0 0 0 0 0 0 
793 9 0 0 0 0 0 0 0 0 0 0 0 
794 9 0 0 0 0 0 0 0 0 0 0 0 
795 9 0 0 0 0 0 0 0 0 0 0 0 
796 9 0 0 0 0 0 0 0 0 0 0 0 
797 9 51 0 0 0 0 0 0 0 0 0 0 
798 9 52 0 0 0 0 0 0 0 0 0 0 
799 9 0 0 0 0 0 0 0 0 0 0 0 
800 9 0 0 0 0 0 0 0 0 0 0 0 
801 9 0 0 0 0 0 0 0 0 0 0 0 
802 9 0 0 0 0 0 0 0 0 0 0 0 
803 9 0 0 0 0 0 0 0 0 0 0 0 
804 9 0 0 0 0 0 0 0 0 0 0 0 
805 9 0 0 0 0 0 0 0 0 0 0 0 
806 9 0 0 0 0 0 0 0 0 0 0 0 
807 9 0 0 0 0 0 0 0 0 0 0 0 
808 9 0 0 0 0 0 0 0 0 0 0 0 
809 9 0 0 0 0 0 0 0 0 0 0 0 
810 9 0 0 0 0 0 0 0 0 0 0 0 
811 9 0 0 0 0 0 0 0 0 0 0 0 
812 9 0 0 0 0 0 0 0 0 0 0 0 
813 9 0 0 0 0 0 0 0 0 0 0 0 
814 9 0 0 0 0 0 0 0 0 0 0 0 
815 9 0 0 0 0 0 0 0 0 0 0 0 
816 9 0 0 0 0 0 0 0 0 0 0 0 
817 9 0 0 0 0 0 0 0 0 0 0 0 
818 9 0 0 0 0 0 0 0 0 0 0 0 
819 9 0 0 0 0 0 0 0 0 0 0 0 
820 9 0 0 0 0 0 0 0 0 0 0 0 
821 9 0 0 0 0 0 0 0 0 0 0 0 
822 9 0 0 0 0 0 0 0 0 0 0 0 
823 9 0 0 0 0 0 0 0 0 0 0 0 
824 9 0 0 0 0 0 0 0 0 0 0 0 
825 9 0 0 0 0 0 0 0 0 0 0 0 
826 9 0 0 0 0 0 0 0 0 0 0 0 
827 9 0 0 0 0 0 0 0 0 0 0 0 
828 9 0 0 0 0 0 0 0 0 0 0 0 
829 9 0 0 0 0 0 0 0 0 0 0 0 
830 9 0 0 0 0 0 0 0 0 0 0 0 
831 9 0 0 0 0 0 0 0 0 0 0 0 
832 9 0 0 0 0 0 0 0 0 0 0 0 
833 9 0 0 0 0 0 0 0 0 0 0 0 
834 9 0 0 0 0 0 0 0 0 0 0 0 
835 9 0 0 0 0 0 0 0 0 0 0 0 
836 9 0 0 0 0 0 0 0 0 0 0 0 
837 9 0 0 0 0 0 0 0 0 0 0 0 
838 9 0 0 0 0 0 0 0 0 0 0 0 
839 9 0 0 0 0 0 0 0 0 0 0 0 
840 9 0 0 0 0 0 0 0 0 0 0 0 
841 9 58 0 0 0 0 0 0 0 0 0 0 
842 9 59 0 0 0 0 0 0 0 0 0 0 
843 9 0 0 0 0 0 0 0 0 0 0 0 
844 9 0 0 0 0 0 0 0 0 0 0 0 
845 9 0 0 0 0 0 0 0 0 0 0 0 
846 9 0 0 0 0 0 0 0 0 0 0 0 
847 9 0 0 0 0 0 0 0 0 0 0 0 
848 9 0 0 0 0 0 0 0 0 0 0 0 
849 9 0 0 0 0 0 0 0 0 0 0 0 
850 9 0 0 0 0 0 0 0 0 0 0 0 
851 9 0 0 0 0 0 0 0 0 0 0 0 
852 9 0 0 0 0 0 0 0 0 0 0 0 
853 9 0 0 0 0 0 0 0 0 0 0 0 
854 9 0 0 0 0 0 0 0 0 0 0 0 
855 9 62 0 0 0 0 0 0 0 0 0 0 
856 9 -1 4 2 0 0 13 5 0 0 22 8 
857 9 0 0 0 0 0 0 0 0 0 0 0 
858 9 0 0 0 0 0 0 0 0 0 0 0 
859 9 -1 14 5 0 0 9 12 0 0 6 -17 
860 9 68 0 0 0 0 0 0 0 0 0 0 
861 9 69 0 0 0 0 0 0 0 0 0 0 
862 9 -1 11 6 0 0 5 4 0 0 22 -1 
863 9 0 0 0 0 0 0 0 0 0 0 0 
864 9 0 0 0 0 0 0 0 0 0 0 0 
865 9 73 0 0 0 0 0 0 0 0 0 0 
866 9 -1 0 2 2 6 8 11 3 4 32 -96 
867 9 0 0 0 0 0 0 0 0 0 0 0 
868 9 0 0 0 0 0 0 0 0 0 0 0 
869 9 0 0 0 0 0 0 0 0 0 0 0 
870 9 0 0 0 0 0 0 0 0 0 0 0 
871 9 -1 1 6 1 2 10 11 2 3 32 -239 
872 9 79 0 0 0 0 0 0 0 0 0 0 
873 9 0 0 0 0 0 0 0 0 0 0 0 
874 9 0 0 0 0 0 0 0 0 0 0 0 
875 9 0 0 0 0 0 0 0 0 0 0 0 
876 9 0 0 0 0 0 0 0 0 0 0 0 
877 9 0 0 0 0 0 0 0 0 0 0 0 
878 9 0 0 0 0 0 0 0 0 0 0 0 
879 9 0 0 0 0 0 0 0 0 0 0 0 
880 9 0 0 0 0 0 0 0 0 0 0 0 
881 9 0 0 0 0 0 0 0 0 0 0 0 
882 9 0 0 0 0 0 0 0 0 0 0 0 
883 9 83 0 0 0 0 0 0 0 0 0 0 
884 9 -1 12 12 0 0 15 13 0 0 0 8 
885 9 0 0 0 0 0 0 0 0 0 0 0 
886 9 0 0 0 0 0 0 0 0 0 0 0 
887 9 0 0 0 0 0 0 0 0 0 0 0 
888 9 0 0 0 0 0 0 0 0 0 0 0 
889 9 0 0 0 0 0 0 0 0 0 0 0 
890 9 0 0 0 0 0 0 0 0 0 0 0 
891 9 0 0 0 0 0 0 0 0 0 0 0 
892 9 0 0 0 0 0 0 0 0 0 0 0 
893 9 89 0 0 0 0 0 0 0 0 0 0 
894 9 -1 6 2 1 5 11 7 2 8 32 -242 
895 9 0 0 0 0 0 0 0 0 0 0 0 
896 9 0 0 0 0 0 0 0 0 0 0 0 
897 9 0 0 0 0 0 0 0 0 0 0 0 
898 9 0 0 0 0 0 0 0 0 0 0 0 
899 9 0 0 0 0 0 0 0 0 0 0 0 
900 9 0 0 0 0 0 0 0 0 0 0 0 
901 9 0 0 0 0 0 0 0 0 0 0 0 
902 9 0 0 0 0 0 0 0 0 0 0 0 
903 9 0 0 0 0 0 0 0 0 0 0 0 
904 9 0 0 0 0 0 0 0 0 0 0 0 
905 9 0 0 0 0 0 0 0 0 0 0 0 
906 9 0 0 0 0 0 0 0 0 0 0 0 
907 9 94 0 0 0 0 0 0 0 0 0 0 
908 9 -1 9 13 0 0 1 6 0 0 4 -46 
909 9 97 0 0 0 0 0 0 0 0 0 0 
910 9 98 0 0 0 0 0 0 0 0 0 0 
911 9 0 0 0 0 0 0 0 0 0 0 0 
912 9 0 0 0 0 0 0 0 0 0 0 0 
913 9 0 0 0 0 0 0 0 0 0 0 0 
914 9 0 0 0 0 0 0 0 0 0 0 0 
915 9 -1 4 0 4 4 9 7 3 7 32 29 
916 9 102 0 0 0 0 0 0 0 0 0 0 
917 9 -1 4 4 3 3 13 7 2 6 32 -17 
918 9 105 0 0 0 0 0 0 0 0 0 0 
919 9 0 0 0 0 0 0 0 0 0 0 0 
920 9 0 0 0 0 0 0 0 0 0 0 0 
921 9 0 0 0 0 0 0 0 0 0 0 0 
922 9 0 0 0 0 0 0 0 0 0 0 0 
923 9 0 0 0 0 0 0 0 0 0 0 0 
924 9 0 0 0 0 0 0 0 0 0 0 0 
925 9 0 0 0 0 0 0 0 0 0 0 0 
926 9 0 0 0 0 0 0 0 0 0 0 0 
927 9 0 0 0 0 0 0 0 0 0 0 0 
928 9 0 0 0 0 0 0 0 0 0 0 0 
929 9 0 0 0 0 0 0 0 0 0 0 0 
930 9 0 0 0 0 0 0 0 0 0 0 0 
931 9 0 0 0 0 0 0 0 0 0 0 0 
932 9 0 0 0 0 0 0 0 0 0 0 0 
933 9 0 0 0 0 0 0 0 0 0 0 0 
934 9 0 0 0 0 0 0 0 0 0 0 0 
935 9 0 0 0 0 0 0 0 0 0 0 0 
936 9 0 0 0 0 0 0 0 0 0 0 0 
937 9 0 0 0 0 0 0 0 0 0 0 0 
938 9 0 0 0 0 0 0 0 0 0 0 0 
939 9 111 0 0 0 0 0 0 0 0 0 0 
940 9 -1 13 4 0 0 1 14 0 0 16 0 
941 9 0 0 0 0 0 0 0 0 0 0 0 
942 9 0 0 0 0 0 0 0 0 0 0 0 
943 9 115 0 0 0 0 0 0 0 0 0 0 
944 9 116 0 0 0 0 0 0 0 0 0 0 
945 9 -1 7 2 0 0 14 11 0 0 1 -12 
946 9 119 0 0 0 0 0 0 0 0 0 0 
947 9 120 0 0 0 0 0 0 0 0 0 0 
948 9 -1 2 6 1 3 7 10 7 2 32 -193 
949 9 -1 2 2 1 2 4 9 8 1 32 -127 
950 9 -1 0 10 0 0 2 4 0 0 17 5 
951 9 0 0 0 0 0 0 0 0 0 0 0 
952 9 0 0 0 0 0 0 0 0 0 0 0 
953 9 0 0 0 0 0 0 0 0 0 0 0 
954 9 0 0 0 0 0 0 0 0 0 0 0 
955 9 128 0 0 0 0 0 0 0 0 0 0 
956 9 -1 2 1 2 5 5 11 10 2 32 313 
957 9 -1 3 1 3 4 13 10 1 2 32 265 
958 9 133 0 0 0 0 0 0 0 0 0 0 
959 9 0 0 0 0 0 0 0 0 0 0 0 
960 9 0 0 0 0 0 0 0 0 0 0 0 
961 9 0 0 0 0 0 0 0 0 0 0 0 
962 9 0 0 0 0 0 0 0 0 0 0 0 
963 9 0 0 0 0 0 0 0 0 0 0 0 
964 9 0 0 0 0 0 0 0 0 0 0 0 
965 9 0 0 0 0 0 0 0 0 0 0 0 
966 9 0 0 0 0 0 0 0 0 0 0 0 
967 9 0 0 0 0 0 0 0 0 0 0 0 
968 9 0 0 0 0 0 0 0 0 0 0 0 
969 9 0 0 0 0 0 0 0 0 0 0 0 
970 9 0 0 0 0 0 0 0 0 0 0 0 
971 9 0 0 0 0 0 0 0 0 0 0 0 
972 9 0 0 0 0 0 0 0 0 0 0 0 
973 9 0 0 0 0 0 0 0 0 0 0 0 
974 9 0 0 0 0 0 0 0 0 0 0 0 
975 9 0 0 0 0 0 0 0 0 0 0 0 
976 9 0 0 0 0 0 0 0 0 0 0 0 
977 9 0 0 0 0 0 0 0 0 0 0 0 
978 9 0 0 0 0 0 0 0 0 0 0 0 
979 9 0 0 0 0 0 0 0 0 0 0 0 
980 9 0 0 0 0 0 0 0 0 0 0 0 
981 9 -1 8 3 0 0 15 7 0 0 2 -21 
982 9 139 0 0 0 0 0 0 0 0 0 0 
983 9 0 0 0 0 0 0 0 0 0 0 0 
984 9 0 0 0 0 0 0 0 0 0 0 0 
985 9 141 0 0 0 0 0 0 0 0 0 0 
986 9 -1 12 9 0 0 7 13 0 0 6 26 
987 9 0 0 0 0 0 0 0 0 0 0 0 
988 9 0 0 0 0 0 0 0 0 0 0 0 
989 9 0 0 0 0 0 0 0 0 0 0 0 
990 9 0 0 0 0 0 0 0 0 0 0 0 
991 9 -1 4 11 0 0 8 12 0 0 6 -3 
992 9 -1 6 14 0 0 15 14 0 0 19 -2 
993 9 0 0 0 0 0 0 0 0 0 0 0 
994 9 0 0 0 0 0 0 0 0 0 0 0 
995 9 0 0 0 0 0 0 0 0 0 0 0 
996 9 0 0 0 0 0 0 0 0 0 0 0 
997 9 -1 8 0 0 0 12 11 0 0 1 21 
998 9 -1 2 15 0 0 1 2 0 0 6 -52 
999 9 0 0 0 0 0 0 0 0 0 0 0 
1000 9 0 0 0 0 0 0 0 0 0 0 0 
1001 9 0 0 0 0 0 0 0 0 0 0 0 
1002 9 0 0 0 0 0 0 0 0 0 0 0 
1003 9 0 0 0 0 0 0 0 0 0 0 0 
1004 9 0 0 0 0 0 0 0 0 0 0 0 
1005 9 0 0 0 0 0 0 0 0 0 0 0 
1006 9 0 0 0 0 0 0 0 0 0 0 0 
1007 9 0 0 0 0 0 0 0 0 0 0 0 
1008 9 0 0 0 0 0 0 0 0 0 0 0 
1009 9 0 0 0 0 0 0 0 0 0 0 0 
1010 9 0 0 0 0 0 0 0 0 0 0 0 
1011 9 0 0 0 0 0 0 0 0 0 0 0 
1012 9 0 0 0 0 0 0 0 0 0 0 0 
1013 9 0 0 0 0 0 0 0 0 0 0 0 
1014 9 0 0 0 0 0 0 0 0 0 0 0 
1015 9 0 0 0 0 0 0 0 0 0 0 0 
1016 9 0 0 0 0 0 0 0 0 0 0 0 
1017 9 0 0 0 0 0 0 0 0 0 0 0 
1018 9 0 0 0 0 0 0 0 0 0 0 0 
1019 9 0 0 0 0 0 0 0 0 0 0 0 
1020 9 0 0 0 0 0 0 0 0 0 0 0 
1021 9 0 0 0 0 0 0 0 0 0 0 0 
1022 9 0 0 0 0 0 0 0 0 0 0 0 
1023 10 0 0 0 0 0 0 0 0 0 0 0 
1024 10 0 0 0 0 0 0 0 0 0 0 0 
1025 10 0 0 0 0 0 0 0 0 0 0 0 
1026 10 0 0 0 0 0 0 0 0 0 0 0 
1027 10 0 0 0 0 0 0 0 0 0 0 0 
1028 10 0 0 0 0 0 0 0 0 0 0 0 
1029 10 0 0 0 0 0 0 0 0 0 0 0 
1030 10 0 0 0 0 0 0 0 0 0 0 0 
1031 10 0 0 0 0 0 0 0 0 0 0 0 
1032 10 0 0 0 0 0 0 0 0 0 0 0 
1033 10 0 0 0 0 0 0 0 0 0 0 0 
1034 10 0 0 0 0 0 0 0 0 0 0 0 
1035 10 0 0 0 0 0 0 0 0 0 0 0 
1036 10 0 0 0 0 0 0 0 0 0 0 0 
1037 10 0 0 0 0 0 0 0 0 0 0 0 
1038 10 0 0 0 0 0 0 0 0 0 0 0 
1039 10 0 0 0 0 0 0 0 0 0 0 0 
1040 10 0 0 0 0 0 0 0 0 0 0 0 
1041 10 0 0 0 0 0 0 0 0 0 0 0 
1042 10 0 0 0 0 0 0 0 0 0 0 0 
1043 10 0 0 0 0 0 0 0 0 0 0 0 
1044 10 0 0 0 0 0 0 0 0 0 0 0 
1045 10 0 0 0 0 0 0 0 0 0 0 0 
1046 10 0 0 0 0 0 0 0 0 0 0 0 
1047 10 0 0 0 0 0 0 0 0 0 0 0 
1048 10 0 0 0 0 0 0 0 0 0 0 0 
1049 10 0 0 0 0 0 0 0 0 0 0 0 
1050 10 0 0 0 0 0 0 0 0 0 0 0 
1051 10 0 0 0 0 0 0 0 0 0 0 0 
1052 10 0 0 0 0 0 0 0 0 0 0 0 
1053 10 0 0 0 0 0 0 0 0 0 0 0 
1054 10 0 0 0 0 0 0 0 0 0 0 0 
1055 10 0 0 0 0 0 0 0 0 0 0 0 
1056 10 0 0 0 0 0 0 0 0 0 0 0 
1057 10 0 0 0 0 0 0 0 0 0 0 0 
1058 10 0 0 0 0 0 0 0 0 0 0 0 
1059 10 0 0 0 0 0 0 0 0 0 0 0 
1060 10 0 0 0 0 0 0 0 0 0 0 0 
1061 10 0 0 0 0 0 0 0 0 0 0 0 
1062 10 0 0 0 0 0 0 0 0 0 0 0 
1063 10 0 0 0 0 0 0 0 0 0 0 0 
1064 10 0 0 0 0 0 0 0 0 0 0 0 
1065 10 0 0 0 0 0 0 0 0 0 0 0 
1066 10 0 0 0 0 0 0 0 0 0 0 0 
1067 10 0 0 0 0 0 0 0 0 0 0 0 
1068 10 0 0 0 0 0 0 0 0 0 0 0 
1069 10 0 0 0 0 0 0 0 0 0 0 0 
1070 10 0 0 0 0 0 0 0 0 0 0 0 
1071 10 0 0 0 0 0 0 0 0 0 0 0 
1072 10 0 0 0 0 0 0 0 0 0 0 0 
1073 10 0 0 0 0 0 0 0 0 0 0 0 
1074 10 0 0 0 0 0 0 0 0 0 0 0 
1075 10 0 0 0 0 0 0 0 0 0 0 0 
1076 10 0 0 0 0 0 0 0 0 0 0 0 
1077 10 0 0 0 0 0 0 0 0 0 0 0 
1078 10 0 0 0 0 0 0 0 0 0 0 0 
1079 10 0 0 0 0 0 0 0 0 0 0 0 
1080 10 0 0 0 0 0 0 0 0 0 0 0 
1081 10 0 0 0 0 0 0 0 0 0 0 0 
1082 10 0 0 0 0 0 0 0 0 0 0 0 
1083 10 0 0 0 0 0 0 0 0 0 0 0 
1084 10 0 0 0 0 0 0 0 0 0 0 0 
1085 10 0 0 0 0 0 0 0 0 0 0 0 
1086 10 0 0 0 0 0 0 0 0 0 0 0 
1087 10 0 0 0 0 0 0 0 0 0 0 0 
1088 10 0 0 0 0 0 0 0 0 0 0 0 
1089 10 0 0 0 0 0 0 0 0 0 0 0 
1090 10 0 0 0 0 0 0 0 0 0 0 0 
1091 10 0 0 0 0 0 0 0 0 0 0 0 
1092 10 0 0 0 0 0 0 0 0 0 0 0 
1093 10 0 0 0 0 0 0 0 0 0 0 0 
1094 10 0 0 0 0 0 0 0 0 0 0 0 
1095 10 0 0 0 0 0 0 0 0 0 0 0 
1096 10 0 0 0 0 0 0 0 0 0 0 0 
1097 10 0 0 0 0 0 0 0 0 0 0 0 
1098 10 0 0 0 0 0 0 0 0 0 0 0 
1099 10 0 0 0 0 0 0 0 0 0 0 0 
1100 10 0 0 0 0 0 0 0 0 0 0 0 
1101 10 0 0 0 0 0 0 0 0 0 0 0 
1102 10 0 0 0 0 0 0 0 0 0 0 0 
1103 10 0 0 0 0 0 0 0 0 0 0 0 
1104 10 0 0 0 0 0 0 0 0 0 0 0 
1105 10 0 0 0 0 0 0 0 0 0 0 0 
1106 10 0 0 0 0 0 0 0 0 0 0 0 
1107 10 0 0 0 0 0 0 0 0 0 0 0 
1108 10 0 0 0 0 0 0 0 0 0 0 0 
1109 10 0 0 0 0 0 0 0 0 0 0 0 
1110 10 0 0 0 0 0 0 0 0 0 0 0 
1111 10 0 0 0 0 0 0 0 0 0 0 0 
1112 10 0 0 0 0 0 0 0 0 0 0 0 
1113 10 0 0 0 0 0 0 0 0 0 0 0 
1114 10 0 0 0 0 0 0 0 0 0 0 0 
1115 10 0 0 0 0 0 0 0 0 0 0 0 
1116 10 0 0 0 0 0 0 0 0 0 0 0 
1117 10 0 0 0 0 0 0 0 0 0 0 0 
1118 10 0 0 0 0 0 0 0 0 0 0 0 
1119 10 0 0 0 0 0 0 0 0 0 0 0 
1120 10 0 0 0 0 0 0 0 0 0 0 0 
1121 10 0 0 0 0 0 0 0 0 0 0 0 
1122 10 0 0 0 0 0 0 0 0 0 0 0 
1123 10 0 0 0 0 0 0 0 0 0 0 0 
1124 10 0 0 0 0 0 0 0 0 0 0 0 
1125 10 0 0 0 0 0 0 0 0 0 0 0 
1126 10 0 0 0 0 0 0 0 0 0 0 0 
1127 10 0 0 0 0 0 0 0 0 0 0 0 
1128 10 0 0 0 0 0 0 0 0 0 0 0 
1129 10 0 0 0 0 0 0 0 0 0 0 0 
1130 10 0 0 0 0 0 0 0 0 0 0 0 
1131 10 0 0 0 0 0 0 0 0 0 0 0 
1132 10 0 0 0 0 0 0 0 0 0 0 0 
1133 10 0 0 0 0 0 0 0 0 0 0 0 
1134 10 0 0 0 0 0 0 0 0 0 0 0 
1135 10 0 0 0 0 0 0 0 0 0 0 0 
1136 10 0 0 0 0 0 0 0 0 0 0 0 
1137 10 0 0 0 0 0 0 0 0 0 0 0 
1138 10 0 0 0 0 0 0 0 0 0 0 0 
1139 10 0 0 0 0 0 0 0 0 0 0 0 
1140 10 0 0 0 0 0 0 0 0 0 0 0 
1141 10 0 0 0 0 0 0 0 0 0 0 0 
1142 10 0 0 0 0 0 0 0 0 0 0 0 
1143 10 0 0 0 0 0 0 0 0 0 0 0 
1144 10 0 0 0 0 0 0 0 0 0 0 0 
1145 10 0 0 0 0 0 0 0 0 0 0 0 
1146 10 0 0 0 0 0 0 0 0 0 0 0 
1147 10 0 0 0 0 0 0 0 0 0 0 0 
1148 10 0 0 0 0 0 0 0 0 0 0 0 
1149 10 0 0 0 0 0 0 0 0 0 0 0 
1150 10 0 0 0 0 0 0 0 0 0 0 0 
1151 10 0 0 0 0 0 0 0 0 0 0 0 
1152 10 0 0 0 0 0 0 0 0 0 0 0 
1153 10 0 0 0 0 0 0 0 0 0 0 0 
1154 10 0 0 0 0 0 0 0 0 0 0 0 
1155 10 0 0 0 0 0 0 0 0 0 0 0 
1156 10 0 0 0 0 0 0 0 0 0 0 0 
1157 10 0 0 0 0 0 0 0 0 0 0 0 
1158 10 0 0 0 0 0 0 0 0 0 0 0 
1159 10 0 0 0 0 0 0 0 0 0 0 0 
1160 10 0 0 0 0 0 0 0 0 0 0 0 
1161 10 0 0 0 0 0 0 0 0 0 0 0 
1162 10 0 0 0 0 0 0 0 0 0 0 0 
1163 10 0 0 0 0 0 0 0 0 0 0 0 
1164 10 0 0 0 0 0 0 0 0 0 0 0 
1165 10 0 0 0 0 0 0 0 0 0 0 0 
1166 10 0 0 0 0 0 0 0 0 0 0 0 
1167 10 0 0 0 0 0 0 0 0 0 0 0 
1168 10 0 0 0 0 0 0 0 0 0 0 0 
1169 10 0 0 0 0 0 0 0 0 0 0 0 
1170 10 0 0 0 0 0 0 0 0 0 0 0 
1171 10 0 0 0 0 0 0 0 0 0 0 0 
1172 10 0 0 0 0 0 0 0 0 0 0 0 
1173 10 0 0 0 0 0 0 0 0 0 0 0 
1174 10 0 0 0 0 0 0 0 0 0 0 0 
1175 10 0 0 0 0 0 0 0 0 0 0 0 
1176 10 0 0 0 0 0 0 0 0 0 0 0 
1177 10 0 0 0 0 0 0 0 0 0 0 0 
1178 10 0 0 0 0 0 0 0 0 0 0 0 
1179 10 0 0 0 0 0 0 0 0 0 0 0 
1180 10 0 0 0 0 0 0 0 0 0 0 0 
1181 10 0 0 0 0 0 0 0 0 0 0 0 
1182 10 0 0 0 0 0 0 0 0 0 0 0 
1183 10 0 0 0 0 0 0 0 0 0 0 0 
1184 10 0 0 0 0 0 0 0 0 0 0 0 
1185 10 0 0 0 0 0 0 0 0 0 0 0 
1186 10 0 0 0 0 0 0 0 0 0 0 0 
1187 10 0 0 0 0 0 0 0 0 0 0 0 
1188 10 0 0 0 0 0 0 0 0 0 0 0 
1189 10 0 0 0 0 0 0 0 0 0 0 0 
1190 10 0 0 0 0 0 0 0 0 0 0 0 
1191 10 0 0 0 0 0 0 0 0 0 0 0 
1192 10 0 0 0 0 0 0 0 0 0 0 0 
1193 10 0 0 0 0 0 0 0 0 0 0 0 
1194 10 0 0 0 0 0 0 0 0 0 0 0 
1195 10 0 0 0 0 0 0 0 0 0 0 0 
1196 10 0 0 0 0 0 0 0 0 0 0 0 
1197 10 0 0 0 0 0 0 0 0 0 0 0 
1198 10 0 0 0 0 0 0 0 0 0 0 0 
1199 10 0 0 0 0 0 0 0 0 0 0 0 
1200 10 0 0 0 0 0 0 0 0 0 0 0 
1201 10 0 0 0 0 0 0 0 0 0 0 0 
1202 10 0 0 0 0 0 0 0 0 0 0 0 
1203 10 0 0 0 0 0 0 0 0 0 0 0 
1204 10 0 0 0 0 0 0 0 0 0 0 0 
1205 10 0 0 0 0 0 0 0 0 0 0 0 
1206 10 0 0 0 0 0 0 0 0 0 0 0 
1207 10 0 0 0 0 0 0 0 0 0 0 0 
1208 10 0 0 0 0 0 0 0 0 0 0 0 
1209 10 0 0 0 0 0 0 0 0 0 0 0 
1210 10 0 0 0 0 0 0 0 0 0 0 0 
1211 10 0 0 0 0 0 0 0 0 0 0 0 
1212 10 0 0 0 0 0 0 0 0 0 0 0 
1213 10 0 0 0 0 0 0 0 0 0 0 0 
1214 10 0 0 0 0 0 0 0 0 0 0 0 
1215 10 0 0 0 0 0 0 0 0 0 0 0 
1216 10 0 0 0 0 0 0 0 0 0 0 0 
1217 10 0 0 0 0 0 0 0 0 0 0 0 
1218 10 0 0 0 0 0 0 0 0 0 0 0 
1219 10 0 0 0 0 0 0 0 0 0 0 0 
1220 10 0 0 0 0 0 0 0 0 0 0 0 
1221 10 0 0 0 0 0 0 0 0 0 0 0 
1222 10 0 0 0 0 0 0 0 0 0 0 0 
1223 10 0 0 0 0 0 0 0 0 0 0 0 
1224 10 0 0 0 0 0 0 0 0 0 0 0 
1225 10 0 0 0 0 0 0 0 0 0 0 0 
1226 10 0 0 0 0 0 0 0 0 0 0 0 
1227 10 0 0 0 0 0 0 0 0 0 0 0 
1228 10 0 0 0 0 0 0 0 0 0 0 0 
1229 10 0 0 0 0 0 0 0 0 0 0 0 
1230 10 0 0 0 0 0 0 0 0 0 0 0 
1231 10 0 0 0 0 0 0 0 0 0 0 0 
1232 10 0 0 0 0 0 0 0 0 0 0 0 
1233 10 0 0 0 0 0 0 0 0 0 0 0 
1234 10 0 0 0 0 0 0 0 0 0 0 0 
1235 10 0 0 0 0 0 0 0 0 0 0 0 
1236 10 0 0 0 0 0 0 0 0 0 0 0 
1237 10 0 0 0 0 0 0 0 0 0 0 0 
1238 10 0 0 0 0 0 0 0 0 0 0 0 
1239 10 0 0 0 0 0 0 0 0 0 0 0 
1240 10 0 0 0 0 0 0 0 0 0 0 0 
1241 10 0 0 0 0 0 0 0 0 0 0 0 
1242 10 0 0 0 0 0 0 0 0 0 0 0 
1243 10 0 0 0 0 0 0 0 0 0 0 0 
1244 10 0 0 0 0 0 0 0 0 0 0 0 
1245 10 0 0 0 0 0 0 0 0 0 0 0 
1246 10 0 0 0 0 0 0 0 0 0 0 0 
1247 10 0 0 0 0 0 0 0 0 0 0 0 
1248 10 0 0 0 0 0 0 0 0 0 0 0 
1249 10 0 0 0 0 0 0 0 0 0 0 0 
1250 10 0 0 0 0 0 0 0 0 0 0 0 
1251 10 0 0 0 0 0 0 0 0 0 0 0 
1252 10 0 0 0 0 0 0 0 0 0 0 0 
1253 10 0 0 0 0 0 0 0 0 0 0 0 
1254 10 0 0 0 0 0 0 0 0 0 0 0 
1255 10 0 0 0 0 0 0 0 0 0 0 0 
1256 10 0 0 0 0 0 0 0 0 0 0 0 
1257 10 0 0 0 0 0 0 0 0 0 0 0 
1258 10 0 0 0 0 0 0 0 0 0 0 0 
1259 10 0 0 0 0 0 0 0 0 0 0 0 
1260 10 0 0 0 0 0 0 0 0 0 0 0 
1261 10 0 0 0 0 0 0 0 0 0 0 0 
1262 10 0 0 0 0 0 0 0 0 0 0 0 
1263 10 0 0 0 0 0 0 0 0 0 0 0 
1264 10 0 0 0 0 0 0 0 0 0 0 0 
1265 10 0 0 0 0 0 0 0 0 0 0 0 
1266 10 0 0 0 0 0 0 0 0 0 0 0 
1267 10 0 0 0 0 0 0 0 0 0 0 0 
1268 10 0 0 0 0 0 0 0 0 0 0 0 
1269 10 0 0 0 0 0 0 0 0 0 0 0 
1270 10 0 0 0 0 0 0 0 0 0 0 0 
1271 10 0 0 0 0 0 0 0 0 0 0 0 
1272 10 0 0 0 0 0 0 0 0 0 0 0 
1273 10 0 0 0 0 0 0 0 0 0 0 0 
1274 10 0 0 0 0 0 0 0 0 0 0 0 
1275 10 0 0 0 0 0 0 0 0 0 0 0 
1276 10 0 0 0 0 0 0 0 0 0 0 0 
1277 10 0 0 0 0 0 0 0 0 0 0 0 
1278 10 0 0 0 0 0 0 0 0 0 0 0 
1279 10 0 0 0 0 0 0 0 0 0 0 0 
1280 10 0 0 0 0 0 0 0 0 0 0 0 
1281 10 0 0 0 0 0 0 0 0 0 0 0 
1282 10 0 0 0 0 0 0 0 0 0 0 0 
1283 10 0 0 0 0 0 0 0 0 0 0 0 
1284 10 0 0 0 0 0 0 0 0 0 0 0 
1285 10 0 0 0 0 0 0 0 0 0 0 0 
1286 10 0 0 0 0 0 0 0 0 0 0 0 
1287 10 0 0 0 0 0 0 0 0 0 0 0 
1288 10 0 0 0 0 0 0 0 0 0 0 0 
1289 10 0 0 0 0 0 0 0 0 0 0 0 
1290 10 0 0 0 0 0 0 0 0 0 0 0 
1291 10 0 0 0 0 0 0 0 0 0 0 0 
1292 10 0 0 0 0 0 0 0 0 0 0 0 
1293 10 0 0 0 0 0 0 0 0 0 0 0 
1294 10 0 0 0 0 0 0 0 0 0 0 0 
1295 10 0 0 0 0 0 0 0 0 0 0 0 
1296 10 0 0 0 0 0 0 0 0 0 0 0 
1297 10 0 0 0 0 0 0 0 0 0 0 0 
1298 10 0 0 0 0 0 0 0 0 0 0 0 
1299 10 0 0 0 0 0 0 0 0 0 0 0 
1300 10 0 0 0 0 0 0 0 0 0 0 0 
1301 10 0 0 0 0 0 0 0 0 0 0 0 
1302 10 0 0 0 0 0 0 0 0 0 0 0 
1303 10 0 0 0 0 0 0 0 0 0 0 0 
1304 10 0 0 0 0 0 0 0 0 0 0 0 
1305 10 0 0 0 0 0 0 0 0 0 0 0 
1306 10 0 0 0 0 0 0 0 0 0 0 0 
1307 10 0 0 0 0 0 0 0 0 0 0 0 
1308 10 0 0 0 0 0 0 0 0 0 0 0 
1309 10 0 0 0 0 0 0 0 0 0 0 0 
1310 10 0 0 0 0 0 0 0 0 0 0 0 
1311 10 0 0 0 0 0 0 0 0 0 0 0 
1312 10 0 0 0 0 0 0 0 0 0 0 0 
1313 10 0 0 0 0 0 0 0 0 0 0 0 
1314 10 0 0 0 0 0 0 0 0 0 0 0 
1315 10 0 0 0 0 0 0 0 0 0 0 0 
1316 10 0 0 0 0 0 0 0 0 0 0 0 
1317 10 0 0 0 0 0 0 0 0 0 0 0 
1318 10 0 0 0 0 0 0 0 0 0 0 0 
1319 10 0 0 0 0 0 0 0 0 0 0 0 
1320 10 0 0 0 0 0 0 0 0 0 0 0 
1321 10 0 0 0 0 0 0 0 0 0 0 0 
1322 10 0 0 0 0 0 0 0 0 0 0 0 
1323 10 0 0 0 0 0 0 0 0 0 0 0 
1324 10 0 0 0 0 0 0 0 0 0 0 0 
1325 10 0 0 0 0 0 0 0 0 0 0 0 
1326 10 0 0 0 0 0 0 0 0 0 0 0 
1327 10 0 0 0 0 0 0 0 0 0 0 0 
1328 10 0 0 0 0 0 0 0 0 0 0 0 
1329 10 0 0 0 0 0 0 0 0 0 0 0 
1330 10 0 0 0 0 0 0 0 0 0 0 0 
1331 10 10 0 0 0 0 0 0 0 0 0 0 
1332 10 11 0 0 0 0 0 0 0 0 0 0 
1333 10 0 0 0 0 0 0 0 0 0 0 0 
1334 10 0 0 0 0 0 0 0 0 0 0 0 
1335 10 13 0 0 0 0 0 0 0 0 0 0 
1336 10 14 0 0 0 0 0 0 0 0 0 0 
1337 10 0 0 0 0 0 0 0 0 0 0 0 
1338 10 0 0 0 0 0 0 0 0 0 0 0 
1339 10 0 0 0 0 0 0 0 0 0 0 0 
1340 10 0 0 0 0 0 0 0 0 0 0 0 
1341 10 0 0 0 0 0 0 0 0 0 0 0 
1342 10 0 0 0 0 0 0 0 0 0 0 0 
1343 10 0 0 0 0 0 0 0 0 0 0 0 
1344 10 0 0 0 0 0 0 0 0 0 0 0 
1345 10 0 0 0 0 0 0 0 0 0 0 0 
1346 10 0 0 0 0 0 0 0 0 0 0 0 
1347 10 0 0 0 0 0 0 0 0 0 0 0 
1348 10 0 0 0 0 0 0 0 0 0 0 0 
1349 10 0 0 0 0 0 0 0 0 0 0 0 
1350 10 0 0 0 0 0 0 0 0 0 0 0 
1351 10 0 0 0 0 0 0 0 0 0 0 0 
1352 10 0 0 0 0 0 0 0 0 0 0 0 
1353 10 0 0 0 0 0 0 0 0 0 0 0 
1354 10 0 0 0 0 0 0 0 0 0 0 0 
1355 10 0 0 0 0 0 0 0 0 0 0 0 
1356 10 0 0 0 0 0 0 0 0 0 0 0 
1357 10 0 0 0 0 0 0 0 0 0 0 0 
1358 10 0 0 0 0 0 0 0 0 0 0 0 
1359 10 0 0 0 0 0 0 0 0 0 0 0 
1360 10 0 0 0 0 0 0 0 0 0 0 0 
1361 10 0 0 0 0 0 0 0 0 0 0 0 
1362 10 0 0 0 0 0 0 0 0 0 0 0 
1363 10 0 0 0 0 0 0 0 0 0 0 0 
1364 10 0 0 0 0 0 0 0 0 0 0 0 
1365 10 0 0 0 0 0 0 0 0 0 0 0 
1366 10 0 0 0 0 0 0 0 0 0 0 0 
1367 10 0 0 0 0 0 0 0 0 0 0 0 
1368 10 0 0 0 0 0 0 0 0 0 0 0 
1369 10 0 0 0 0 0 0 0 0 0 0 0 
1370 10 0 0 0 0 0 0 0 0 0 0 0 
1371 10 0 0 0 0 0 0 0 0 0 0 0 
1372 10 0 0 0 0 0 0 0 0 0 0 0 
1373 10 0 0 0 0 0 0 0 0 0 0 0 
1374 10 0 0 0 0 0 0 0 0 0 0 0 
1375 10 0 0 0 0 0 0 0 0 0 0 0 
1376 10 0 0 0 0 0 0 0 0 0 0 0 
1377 10 0 0 0 0 0 0 0 0 0 0 0 
1378 10 0 0 0 0 0 0 0 0 0 0 0 
1379 10 0 0 0 0 0 0 0 0 0 0 0 
1380 10 0 0 0 0 0 0 0 0 0 0 0 
1381 10 0 0 0 0 0 0 0 0 0 0 0 
1382 10 0 0 0 0 0 0 0 0 0 0 0 
1383 10 0 0 0 0 0 0 0 0 0 0 0 
1384 10 0 0 0 0 0 0 0 0 0 0 0 
1385 10 23 0 0 0 0 0 0 0 0 0 0 
1386 10 24 0 0 0 0 0 0 0 0 0 0 
1387 10 0 0 0 0 0 0 0 0 0 0 0 
1388 10 0 0 0 0 0 0 0 0 0 0 0 
1389 10 0 0 0 0 0 0 0 0 0 0 0 
1390 10 0 0 0 0 0 0 0 0 0 0 0 
1391 10 0 0 0 0 0 0 0 0 0 0 0 
1392 10 0 0 0 0 0 0 0 0 0 0 0 
1393 10 0 0 0 0 0 0 0 0 0 0 0 
1394 10 0 0 0 0 0 0 0 0 0 0 0 
1395 10 0 0 0 0 0 0 0 0 0 0 0 
1396 10 0 0 0 0 0 0 0 0 0 0 0 
1397 10 0 0 0 0 0 0 0 0 0 0 0 
1398 10 0 0 0 0 0 0 0 0 0 0 0 
1399 10 0 0 0 0 0 0 0 0 0 0 0 
1400 10 0 0 0 0 0 0 0 0 0 0 0 
1401 10 0 0 0 0 0 0 0 0 0 0 0 
1402 10 0 0 0 0 0 0 0 0 0 0 0 
1403 10 0 0 0 0 0 0 0 0 0 0 0 
1404 10 0 0 0 0 0 0 0 0 0 0 0 
1405 10 0 0 0 0 0 0 0 0 0 0 0 
1406 10 0 0 0 0 0 0 0 0 0 0 0 
1407 10 0 0 0 0 0 0 0 0 0 0 0 
1408 10 0 0 0 0 0 0 0 0 0 0 0 
1409 10 0 0 0 0 0 0 0 0 0 0 0 
1410 10 0 0 0 0 0 0 0 0 0 0 0 
1411 10 0 0 0 0 0 0 0 0 0 0 0 
1412 10 0 0 0 0 0 0 0 0 0 0 0 
1413 10 0 0 0 0 0 0 0 0 0 0 0 
1414 10 0 0 0 0 0 0 0 0 0 0 0 
1415 10 0 0 0 0 0 0 0 0 0 0 0 
1416 10 0 0 0 0 0 0 0 0 0 0 0 
1417 10 0 0 0 0 0 0 0 0 0 0 0 
1418 10 0 0 0 0 0 0 0 0 0 0 0 
1419 10 0 0 0 0 0 0 0 0 0 0 0 
1420 10 0 0 0 0 0 0 0 0 0 0 0 
1421 10 0 0 0 0 0 0 0 0 0 0 0 
1422 10 0 0 0 0 0 0 0 0 0 0 0 
1423 10 0 0 0 0 0 0 0 0 0 0 0 
1424 10 0 0 0 0 0 0 0 0 0 0 0 
1425 10 0 0 0 0 0 0 0 0 0 0 0 
1426 10 0 0 0 0 0 0 0 0 0 0 0 
1427 10 0 0 0 0 0 0 0 0 0 0 0 
1428 10 0 0 0 0 0 0 0 0 0 0 0 
1429 10 0 0 0 0 0 0 0 0 0 0 0 
1430 10 0 0 0 0 0 0 0 0 0 0 0 
1431 10 0 0 0 0 0 0 0 0 0 0 0 
1432 10 0 0 0 0 0 0 0 0 0 0 0 
1433 10 0 0 0 0 0 0 0 0 0 0 0 
1434 10 0 0 0 0 0 0 0 0 0 0 0 
1435 10 0 0 0 0 0 0 0 0 0 0 0 
1436 10 0 0 0 0 0 0 0 0 0 0 0 
1437 10 0 0 0 0 0 0 0 0 0 0 0 
1438 10 0 0 0 0 0 0 0 0 0 0 0 
1439 10 0 0 0 0 0 0 0 0 0 0 0 
1440 10 0 0 0 0 0 0 0 0 0 0 0 
1441 10 0 0 0 0 0 0 0 0 0 0 0 
1442 10 0 0 0 0 0 0 0 0 0 0 0 
1443 10 0 0 0 0 0 0 0 0 0 0 0 
1444 10 0 0 0 0 0 0 0 0 0 0 0 
1445 10 0 0 0 0 0 0 0 0 0 0 0 
1446 10 0 0 0 0 0 0 0 0 0 0 0 
1447 10 0 0 0 0 0 0 0 0 0 0 0 
1448 10 0 0 0 0 0 0 0 0 0 0 0 
1449 10 0 0 0 0 0 0 0 0 0 0 0 
1450 10 0 0 0 0 0 0 0 0 0 0 0 
1451 10 0 0 0 0 0 0 0 0 0 0 0 
1452 10 0 0 0 0 0 0 0 0 0 0 0 
1453 10 0 0 0 0 0 0 0 0 0 0 0 
1454 10 0 0 0 0 0 0 0 0 0 0 0 
1455 10 0 0 0 0 0 0 0 0 0 0 0 
1456 10 0 0 0 0 0 0 0 0 0 0 0 
1457 10 0 0 0 0 0 0 0 0 0 0 0 
1458 10 0 0 0 0 0 0 0 0 0 0 0 
1459 10 0 0 0 0 0 0 0 0 0 0 0 
1460 10 0 0 0 0 0 0 0 0 0 0 0 
1461 10 0 0 0 0 0 0 0 0 0 0 0 
1462 10 0 0 0 0 0 0 0 0 0 0 0 
1463 10 0 0 0 0 0 0 0 0 0 0 0 
1464 10 0 0 0 0 0 0 0 0 0 0 0 
1465 10 0 0 0 0 0 0 0 0 0 0 0 
1466 10 0 0 0 0 0 0 0 0 0 0 0 
1467 10 0 0 0 0 0 0 0 0 0 0 0 
1468 10 0 0 0 0 0 0 0 0 0 0 0 
1469 10 36 0 0 0 0 0 0 0 0 0 0 
1470 10 37 0 0 0 0 0 0 0 0 0 0 
1471 10 0 0 0 0 0 0 0 0 0 0 0 
1472 10 0 0 0 0 0 0 0 0 0 0 0 
1473 10 0 0 0 0 0 0 0 0 0 0 0 
1474 10 0 0 0 0 0 0 0 0 0 0 0 
1475 10 0 0 0 0 0 0 0 0 0 0 0 
1476 10 0 0 0 0 0 0 0 0 0 0 0 
1477 10 0 0 0 0 0 0 0 0 0 0 0 
1478 10 0 0 0 0 0 0 0 0 0 0 0 
1479 10 0 0 0 0 0 0 0 0 0 0 0 
1480 10 0 0 0 0 0 0 0 0 0 0 0 
1481 10 0 0 0 0 0 0 0 0 0 0 0 
1482 10 0 0 0 0 0 0 0 0 0 0 0 
1483 10 0 0 0 0 0 0 0 0 0 0 0 
1484 10 0 0 0 0 0 0 0 0 0 0 0 
1485 10 0 0 0 0 0 0 0 0 0 0 0 
1486 10 0 0 0 0 0 0 0 0 0 0 0 
1487 10 0 0 0 0 0 0 0 0 0 0 0 
1488 10 0 0 0 0 0 0 0 0 0 0 0 
1489 10 0 0 0 0 0 0 0 0 0 0 0 
1490 10 0 0 0 0 0 0 0 0 0 0 0 
1491 10 0 0 0 0 0 0 0 0 0 0 0 
1492 10 0 0 0 0 0 0 0 0 0 0 0 
1493 10 0 0 0 0 0 0 0 0 0 0 0 
1494 10 0 0 0 0 0 0 0 0 0 0 0 
1495 10 0 0 0 0 0 0 0 0 0 0 0 
1496 10 0 0 0 0 0 0 0 0 0 0 0 
1497 10 0 0 0 0 0 0 0 0 0 0 0 
1498 10 0 0 0 0 0 0 0 0 0 0 0 
1499 10 0 0 0 0 0 0 0 0 0 0 0 
1500 10 0 0 0 0 0 0 0 0 0 0 0 
1501 10 0 0 0 0 0 0 0 0 0 0 0 
1502 10 0 0 0 0 0 0 0 0 0 0 0 
1503 10 0 0 0 0 0 0 0 0 0 0 0 
1504 10 0 0 0 0 0 0 0 0 0 0 0 
1505 10 0 0 0 0 0 0 0 0 0 0 0 
1506 10 0 0 0 0 0 0 0 0 0 0 0 
1507 10 0 0 0 0 0 0 0 0 0 0 0 
1508 10 0 0 0 0 0 0 0 0 0 0 0 
1509 10 0 0 0 0 0 0 0 0 0 0 0 
1510 10 0 0 0 0 0 0 0 0 0 0 0 
1511 10 0 0 0 0 0 0 0 0 0 0 0 
1512 10 0 0 0 0 0 0 0 0 0 0 0 
1513 10 0 0 0 0 0 0 0 0 0 0 0 
1514 10 0 0 0 0 0 0 0 0 0 0 0 
1515 10 0 0 0 0 0 0 0 0 0 0 0 
1516 10 0 0 0 0 0 0 0 0 0 0 0 
1517 10 0 0 0 0 0 0 0 0 0 0 0 
1518 10 0 0 0 0 0 0 0 0 0 0 0 
1519 10 0 0 0 0 0 0 0 0 0 0 0 
1520 10 0 0 0 0 0 0 0 0 0 0 0 
1521 10 0 0 0 0 0 0 0 0 0 0 0 
1522 10 0 0 0 0 0 0 0 0 0 0 0 
1523 10 0 0 0 0 0 0 0 0 0 0 0 
1524 10 0 0 0 0 0 0 0 0 0 0 0 
1525 10 0 0 0 0 0 0 0 0 0 0 0 
1526 10 0 0 0 0 0 0 0 0 0 0 0 
1527 10 0 0 0 0 0 0 0 0 0 0 0 
1528 10 0 0 0 0 0 0 0 0 0 0 0 
1529 10 0 0 0 0 0 0 0 0 0 0 0 
1530 10 0 0 0 0 0 0 0 0 0 0 0 
1531 10 0 0 0 0 0 0 0 0 0 0 0 
1532 10 0 0 0 0 0 0 0 0 0 0 0 
1533 10 0 0 0 0 0 0 0 0 0 0 0 
1534 10 0 0 0 0 0 0 0 0 0 0 0 
1535 10 0 0 0 0 0 0 0 0 0 0 0 
1536 10 0 0 0 0 0 0 0 0 0 0 0 
1537 10 0 0 0 0 0 0 0 0 0 0 0 
1538 10 0 0 0 0 0 0 0 0 0 0 0 
1539 10 0 0 0 0 0 0 0 0 0 0 0 
1540 10 0 0 0 0 0 0 0 0 0 0 0 
1541 10 0 0 0 0 0 0 0 0 0 0 0 
1542 10 0 0 0 0 0 0 0 0 0 0 0 
1543 10 0 0 0 0 0 0 0 0 0 0 0 
1544 10 0 0 0 0 0 0 0 0 0 0 0 
1545 10 0 0 0 0 0 0 0 0 0 0 0 
1546 10 0 0 0 0 0 0 0 0 0 0 0 
1547 10 0 0 0 0 0 0 0 0 0 0 0 
1548 10 0 0 0 0 0 0 0 0 0 0 0 
1549 10 0 0 0 0 0 0 0 0 0 0 0 
1550 10 0 0 0 0 0 0 0 0 0 0 0 
1551 10 0 0 0 0 0 0 0 0 0 0 0 
1552 10 0 0 0 0 0 0 0 0 0 0 0 
1553 10 0 0 0 0 0 0 0 0 0 0 0 
1554 10 0 0 0 0 0 0 0 0 0 0 0 
1555 10 0 0 0 0 0 0 0 0 0 0 0 
1556 10 0 0 0 0 0 0 0 0 0 0 0 
1557 10 0 0 0 0 0 0 0 0 0 0 0 
1558 10 0 0 0 0 0 0 0 0 0 0 0 
1559 10 0 0 0 0 0 0 0 0 0 0 0 
1560 10 0 0 0 0 0 0 0 0 0 0 0 
1561 10 0 0 0 0 0 0 0 0 0 0 0 
1562 10 0 0 0 0 0 0 0 0 0 0 0 
1563 10 0 0 0 0 0 0 0 0 0 0 0 
1564 10 0 0 0 0 0 0 0 0 0 0 0 
1565 10 0 0 0 0 0 0 0 0 0 0 0 
1566 10 0 0 0 0 0 0 0 0 0 0 0 
1567 10 0 0 0 0 0 0 0 0 0 0 0 
1568 10 0 0 0 0 0 0 0 0 0 0 0 
1569 10 0 0 0 0 0 0 0 0 0 0 0 
1570 10 0 0 0 0 0 0 0 0 0 0 0 
1571 10 0 0 0 0 0 0 0 0 0 0 0 
1572 10 0 0 0 0 0 0 0 0 0 0 0 
1573 10 0 0 0 0 0 0 0 0 0 0 0 
1574 10 0 0 0 0 0 0 0 0 0 0 0 
1575 10 0 0 0 0 0 0 0 0 0 0 0 
1576 10 0 0 0 0 0 0 0 0 0 0 0 
1577 10 0 0 0 0 0 0 0 0 0 0 0 
1578 10 0 0 0 0 0 0 0 0 0 0 0 
1579 10 0 0 0 0 0 0 0 0 0 0 0 
1580 10 0 0 0 0 0 0 0 0 0 0 0 
1581 10 0 0 0 0 0 0 0 0 0 0 0 
1582 10 0 0 0 0 0 0 0 0 0 0 0 
1583 10 0 0 0 0 0 0 0 0 0 0 0 
1584 10 0 0 0 0 0 0 0 0 0 0 0 
1585 10 0 0 0 0 0 0 0 0 0 0 0 
1586 10 0 0 0 0 0 0 0 0 0 0 0 
1587 10 0 0 0 0 0 0 0 0 0 0 0 
1588 10 0 0 0 0 0 0 0 0 0 0 0 
1589 10 0 0 0 0 0 0 0 0 0 0 0 
1590 10 0 0 0 0 0 0 0 0 0 0 0 
1591 10 0 0 0 0 0 0 0 0 0 0 0 
1592 10 0 0 0 0 0 0 0 0 0 0 0 
1593 10 0 0 0 0 0 0 0 0 0 0 0 
1594 10 0 0 0 0 0 0 0 0 0 0 0 
1595 10 0 0 0 0 0 0 0 0 0 0 0 
1596 10 0 0 0 0 0 0 0 0 0 0 0 
1597 10 0 0 0 0 0 0 0 0 0 0 0 
1598 10 0 0 0 0 0 0 0 0 0 0 0 
1599 10 0 0 0 0 0 0 0 0 0 0 0 
1600 10 0 0 0 0 0 0 0 0 0 0 0 
1601 10 0 0 0 0 0 0 0 0 0 0 0 
1602 10 0 0 0 0 0 0 0 0 0 0 0 
1603 10 0 0 0 0 0 0 0 0 0 0 0 
1604 10 0 0 0 0 0 0 0 0 0 0 0 
1605 10 0 0 0 0 0 0 0 0 0 0 0 
1606 10 0 0 0 0 0 0 0 0 0 0 0 
1607 10 0 0 0 0 0 0 0 0 0 0 0 
1608 10 0 0 0 0 0 0 0 0 0 0 0 
1609 10 0 0 0 0 0 0 0 0 0 0 0 
1610 10 0 0 0 0 0 0 0 0 0 0 0 
1611 10 0 0 0 0 0 0 0 0 0 0 0 
1612 10 0 0 0 0 0 0 0 0 0 0 0 
1613 10 0 0 0 0 0 0 0 0 0 0 0 
1614 10 0 0 0 0 0 0 0 0 0 0 0 
1615 10 0 0 0 0 0 0 0 0 0 0 0 
1616 10 0 0 0 0 0 0 0 0 0 0 0 
1617 10 0 0 0 0 0 0 0 0 0 0 0 
1618 10 0 0 0 0 0 0 0 0 0 0 0 
1619 10 0 0 0 0 0 0 0 0 0 0 0 
1620 10 0 0 0 0 0 0 0 0 0 0 0 
1621 10 0 0 0 0 0 0 0 0 0 0 0 
1622 10 0 0 0 0 0 0 0 0 0 0 0 
1623 10 0 0 0 0 0 0 0 0 0 0 0 
1624 10 0 0 0 0 0 0 0 0 0 0 0 
1625 10 0 0 0 0 0 0 0 0 0 0 0 
1626 10 0 0 0 0 0 0 0 0 0 0 0 
1627 10 0 0 0 0 0 0 0 0 0 0 0 
1628 10 0 0 0 0 0 0 0 0 0 0 0 
1629 10 0 0 0 0 0 0 0 0 0 0 0 
1630 10 0 0 0 0 0 0 0 0 0 0 0 
1631 10 0 0 0 0 0 0 0 0 0 0 0 
1632 10 0 0 0 0 0 0 0 0 0 0 0 
1633 10 0 0 0 0 0 0 0 0 0 0 0 
1634 10 0 0 0 0 0 0 0 0 0 0 0 
1635 10 0 0 0 0 0 0 0 0 0 0 0 
1636 10 0 0 0 0 0 0 0 0 0 0 0 
1637 10 0 0 0 0 0 0 0 0 0 0 0 
1638 10 0 0 0 0 0 0 0 0 0 0 0 
1639 10 0 0 0 0 0 0 0 0 0 0 0 
1640 10 0 0 0 0 0 0 0 0 0 0 0 
1641 10 0 0 0 0 0 0 0 0 0 0 0 
1642 10 0 0 0 0 0 0 0 0 0 0 0 
1643 10 0 0 0 0 0 0 0 0 0 0 0 
1644 10 0 0 0 0 0 0 0 0 0 0 0 
1645 10 0 0 0 0 0 0 0 0 0 0 0 
1646 10 0 0 0 0 0 0 0 0 0 0 0 
1647 10 0 0 0 0 0 0 0 0 0 0 0 
1648 10 0 0 0 0 0 0 0 0 0 0 0 
1649 10 0 0 0 0 0 0 0 0 0 0 0 
1650 10 0 0 0 0 0 0 0 0 0 0 0 
1651 10 0 0 0 0 0 0 0 0 0 0 0 
1652 10 0 0 0 0 0 0 0 0 0 0 0 
1653 10 0 0 0 0 0 0 0 0 0 0 0 
1654 10 0 0 0 0 0 0 0 0 0 0 0 
1655 10 0 0 0 0 0 0 0 0 0 0 0 
1656 10 0 0 0 0 0 0 0 0 0 0 0 
1657 10 0 0 0 0 0 0 0 0 0 0 0 
1658 10 0 0 0 0 0 0 0 0 0 0 0 
1659 10 0 0 0 0 0 0 0 0 0 0 0 
1660 10 0 0 0 0 0 0 0 0 0 0 0 
1661 10 0 0 0 0 0 0 0 0 0 0 0 
1662 10 0 0 0 0 0 0 0 0 0 0 0 
1663 10 0 0 0 0 0 0 0 0 0 0 0 
1664 10 0 0 0 0 0 0 0 0 0 0 0 
1665 10 0 0 0 0 0 0 0 0 0 0 0 
1666 10 0 0 0 0 0 0 0 0 0 0 0 
1667 10 0 0 0 0 0 0 0 0 0 0 0 
1668 10 0 0 0 0 0 0 0 0 0 0 0 
1669 10 0 0 0 0 0 0 0 0 0 0 0 
1670 10 0 0 0 0 0 0 0 0 0 0 0 
1671 10 0 0 0 0 0 0 0 0 0 0 0 
1672 10 0 0 0 0 0 0 0 0 0 0 0 
1673 10 0 0 0 0 0 0 0 0 0 0 0 
1674 10 0 0 0 0 0 0 0 0 0 0 0 
1675 10 0 0 0 0 0 0 0 0 0 0 0 
1676 10 0 0 0 0 0 0 0 0 0 0 0 
1677 10 0 0 0 0 0 0 0 0 0 0 0 
1678 10 0 0 0 0 0 0 0 0 0 0 0 
1679 10 0 0 0 0 0 0 0 0 0 0 0 
1680 10 0 0 0 0 0 0 0 0 0 0 0 
1681 10 0 0 0 0 0 0 0 0 0 0 0 
1682 10 0 0 0 0 0 0 0 0 0 0 0 
1683 10 0 0 0 0 0 0 0 0 0 0 0 
1684 10 0 0 0 0 0 0 0 0 0 0 0 
1685 10 0 0 0 0 0 0 0 0 0 0 0 
1686 10 0 0 0 0 0 0 0 0 0 0 0 
1687 10 0 0 0 0 0 0 0 0 0 0 0 
1688 10 0 0 0 0 0 0 0 0 0 0 0 
1689 10 0 0 0 0 0 0 0 0 0 0 0 
1690 10 0 0 0 0 0 0 0 0 0 0 0 
1691 10 0 0 0 0 0 0 0 0 0 0 0 
1692 10 0 0 0 0 0 0 0 0 0 0 0 
1693 10 0 0 0 0 0 0 0 0 0 0 0 
1694 10 0 0 0 0 0 0 0 0 0 0 0 
1695 10 0 0 0 0 0 0 0 0 0 0 0 
1696 10 0 0 0 0 0 0 0 0 0 0 0 
1697 10 0 0 0 0 0 0 0 0 0 0 0 
1698 10 0 0 0 0 0 0 0 0 0 0 0 
1699 10 0 0 0 0 0 0 0 0 0 0 0 
1700 10 0 0 0 0 0 0 0 0 0 0 0 
1701 10 0 0 0 0 0 0 0 0 0 0 0 
1702 10 0 0 0 0 0 0 0 0 0 0 0 
1703 10 0 0 0 0 0 0 0 0 0 0 0 
1704 10 0 0 0 0 0 0 0 0 0 0 0 
1705 10 0 0 0 0 0 0 0 0 0 0 0 
1706 10 0 0 0 0 0 0 0 0 0 0 0 
1707 10 0 0 0 0 0 0 0 0 0 0 0 
1708 10 0 0 0 0 0 0 0 0 0 0 0 
1709 10 0 0 0 0 0 0 0 0 0 0 0 
1710 10 0 0 0 0 0 0 0 0 0 0 0 
1711 10 0 0 0 0 0 0 0 0 0 0 0 
1712 10 0 0 0 0 0 0 0 0 0 0 0 
1713 10 63 0 0 0 0 0 0 0 0 0 0 
1714 10 64 0 0 0 0 0 0 0 0 0 0 
1715 10 0 0 0 0 0 0 0 0 0 0 0 
1716 10 0 0 0 0 0 0 0 0 0 0 0 
1717 10 0 0 0 0 0 0 0 0 0 0 0 
1718 10 0 0 0 0 0 0 0 0 0 0 0 
1719 10 66 0 0 0 0 0 0 0 0 0 0 
1720 10 67 0 0 0 0 0 0 0 0 0 0 
1721 10 0 0 0 0 0 0 0 0 0 0 0 
1722 10 0 0 0 0 0 0 0 0 0 0 0 
1723 10 0 0 0 0 0 0 0 0 0 0 0 
1724 10 0 0 0 0 0 0 0 0 0 0 0 
1725 10 70 0 0 0 0 0 0 0 0 0 0 
1726 10 71 0 0 0 0 0 0 0 0 0 0 
1727 10 0 0 0 0 0 0 0 0 0 0 0 
1728 10 0 0 0 0 0 0 0 0 0 0 0 
1729 10 0 0 0 0 0 0 0 0 0 0 0 
1730 10 0 0 0 0 0 0 0 0 0 0 0 
1731 10 0 0 0 0 0 0 0 0 0 0 0 
1732 10 0 0 0 0 0 0 0 0 0 0 0 
1733 10 74 0 0 0 0 0 0 0 0 0 0 
1734 10 75 0 0 0 0 0 0 0 0 0 0 
1735 10 0 0 0 0 0 0 0 0 0 0 0 
1736 10 0 0 0 0 0 0 0 0 0 0 0 
1737 10 0 0 0 0 0 0 0 0 0 0 0 
1738 10 0 0 0 0 0 0 0 0 0 0 0 
1739 10 0 0 0 0 0 0 0 0 0 0 0 
1740 10 0 0 0 0 0 0 0 0 0 0 0 
1741 10 0 0 0 0 0 0 0 0 0 0 0 
1742 10 0 0 0 0 0 0 0 0 0 0 0 
1743 10 77 0 0 0 0 0 0 0 0 0 0 
1744 10 78 0 0 0 0 0 0 0 0 0 0 
1745 10 0 0 0 0 0 0 0 0 0 0 0 
1746 10 0 0 0 0 0 0 0 0 0 0 0 
1747 10 0 0 0 0 0 0 0 0 0 0 0 
1748 10 0 0 0 0 0 0 0 0 0 0 0 
1749 10 0 0 0 0 0 0 0 0 0 0 0 
1750 10 0 0 0 0 0 0 0 0 0 0 0 
1751 10 0 0 0 0 0 0 0 0 0 0 0 
1752 10 0 0 0 0 0 0 0 0 0 0 0 
1753 10 0 0 0 0 0 0 0 0 0 0 0 
1754 10 0 0 0 0 0 0 0 0 0 0 0 
1755 10 0 0 0 0 0 0 0 0 0 0 0 
1756 10 0 0 0 0 0 0 0 0 0 0 0 
1757 10 0 0 0 0 0 0 0 0 0 0 0 
1758 10 0 0 0 0 0 0 0 0 0 0 0 
1759 10 0 0 0 0 0 0 0 0 0 0 0 
1760 10 0 0 0 0 0 0 0 0 0 0 0 
1761 10 0 0 0 0 0 0 0 0 0 0 0 
1762 10 0 0 0 0 0 0 0 0 0 0 0 
1763 10 0 0 0 0 0 0 0 0 0 0 0 
1764 10 0 0 0 0 0 0 0 0 0 0 0 
1765 10 0 0 0 0 0 0 0 0 0 0 0 
1766 10 0 0 0 0 0 0 0 0 0 0 0 
1767 10 0 0 0 0 0 0 0 0 0 0 0 
1768 10 0 0 0 0 0 0 0 0 0 0 0 
1769 10 84 0 0 0 0 0 0 0 0 0 0 
1770 10 85 0 0 0 0 0 0 0 0 0 0 
1771 10 0 0 0 0 0 0 0 0 0 0 0 
1772 10 0 0 0 0 0 0 0 0 0 0 0 
1773 10 0 0 0 0 0 0 0 0 0 0 0 
1774 10 0 0 0 0 0 0 0 0 0 0 0 
1775 10 0 0 0 0 0 0 0 0 0 0 0 
1776 10 0 0 0 0 0 0 0 0 0 0 0 
1777 10 0 0 0 0 0 0 0 0 0 0 0 
1778 10 0 0 0 0 0 0 0 0 0 0 0 
1779 10 0 0 0 0 0 0 0 0 0 0 0 
1780 10 0 0 0 0 0 0 0 0 0 0 0 
1781 10 0 0 0 0 0 0 0 0 0 0 0 
1782 10 0 0 0 0 0 0 0 0 0 0 0 
1783 10 0 0 0 0 0 0 0 0 0 0 0 
1784 10 0 0 0 0 0 0 0 0 0 0 0 
1785 10 0 0 0 0 0 0 0 0 0 0 0 
1786 10 0 0 0 0 0 0 0 0 0 0 0 
1787 10 0 0 0 0 0 0 0 0 0 0 0 
1788 10 0 0 0 0 0 0 0 0 0 0 0 
1789 10 90 0 0 0 0 0 0 0 0 0 0 
1790 10 91 0 0 0 0 0 0 0 0 0 0 
1791 10 0 0 0 0 0 0 0 0 0 0 0 
1792 10 0 0 0 0 0 0 0 0 0 0 0 
1793 10 0 0 0 0 0 0 0 0 0 0 0 
1794 10 0 0 0 0 0 0 0 0 0 0 0 
1795 10 0 0 0 0 0 0 0 0 0 0 0 
1796 10 0 0 0 0 0 0 0 0 0 0 0 
1797 10 0 0 0 0 0 0 0 0 0 0 0 
1798 10 0 0 0 0 0 0 0 0 0 0 0 
1799 10 0 0 0 0 0 0 0 0 0 0 0 
1800 10 0 0 0 0 0 0 0 0 0 0 0 
1801 10 0 0 0 0 0 0 0 0 0 0 0 
1802 10 0 0 0 0 0 0 0 0 0 0 0 
1803 10 0 0 0 0 0 0 0 0 0 0 0 
1804 10 0 0 0 0 0 0 0 0 0 0 0 
1805 10 0 0 0 0 0 0 0 0 0 0 0 
1806 10 0 0 0 0 0 0 0 0 0 0 0 
1807 10 0 0 0 0 0 0 0 0 0 0 0 
1808 10 0 0 0 0 0 0 0 0 0 0 0 
1809 10 0 0 0 0 0 0 0 0 0 0 0 
1810 10 0 0 0 0 0 0 0 0 0 0 0 
1811 10 0 0 0 0 0 0 0 0 0 0 0 
1812 10 0 0 0 0 0 0 0 0 0 0 0 
1813 10 0 0 0 0 0 0 0 0 0 0 0 
1814 10 0 0 0 0 0 0 0 0 0 0 0 
1815 10 0 0 0 0 0 0 0 0 0 0 0 
1816 10 0 0 0 0 0 0 0 0 0 0 0 
1817 10 95 0 0 0 0 0 0 0 0 0 0 
1818 10 96 0 0 0 0 0 0 0 0 0 0 
1819 10 0 0 0 0 0 0 0 0 0 0 0 
1820 10 0 0 0 0 0 0 0 0 0 0 0 
1821 10 0 0 0 0 0 0 0 0 0 0 0 
1822 10 0 0 0 0 0 0 0 0 0 0 0 
1823 10 0 0 0 0 0 0 0 0 0 0 0 
1824 10 0 0 0 0 0 0 0 0 0 0 0 
1825 10 0 0 0 0 0 0 0 0 0 0 0 
1826 10 0 0 0 0 0 0 0 0 0 0 0 
1827 10 0 0 0 0 0 0 0 0 0 0 0 
1828 10 0 0 0 0 0 0 0 0 0 0 0 
1829 10 0 0 0 0 0 0 0 0 0 0 0 
1830 10 0 0 0 0 0 0 0 0 0 0 0 
1831 10 100 0 0 0 0 0 0 0 0 0 0 
1832 10 101 0 0 0 0 0 0 0 0 0 0 
1833 10 0 0 0 0 0 0 0 0 0 0 0 
1834 10 0 0 0 0 0 0 0 0 0 0 0 
1835 10 103 0 0 0 0 0 0 0 0 0 0 
1836 10 104 0 0 0 0 0 0 0 0 0 0 
1837 10 0 0 0 0 0 0 0 0 0 0 0 
1838 10 0 0 0 0 0 0 0 0 0 0 0 
1839 10 0 0 0 0 0 0 0 0 0 0 0 
1840 10 0 0 0 0 0 0 0 0 0 0 0 
1841 10 0 0 0 0 0 0 0 0 0 0 0 
1842 10 0 0 0 0 0 0 0 0 0 0 0 
1843 10 0 0 0 0 0 0 0 0 0 0 0 
1844 10 0 0 0 0 0 0 0 0 0 0 0 
1845 10 0 0 0 0 0 0 0 0 0 0 0 
1846 10 0 0 0 0 0 0 0 0 0 0 0 
1847 10 0 0 0 0 0 0 0 0 0 0 0 
1848 10 0 0 0 0 0 0 0 0 0 0 0 
1849 10 0 0 0 0 0 0 0 0 0 0 0 
1850 10 0 0 0 0 0 0 0 0 0 0 0 
1851 10 0 0 0 0 0 0 0 0 0 0 0 
1852 10 0 0 0 0 0 0 0 0 0 0 0 
1853 10 0 0 0 0 0 0 0 0 0 0 0 
1854 10 0 0 0 0 0 0 0 0 0 0 0 
1855 10 0 0 0 0 0 0 0 0 0 0 0 
1856 10 0 0 0 0 0 0 0 0 0 0 0 
1857 10 0 0 0 0 0 0 0 0 0 0 0 
1858 10 0 0 0 0 0 0 0 0 0 0 0 
1859 10 0 0 0 0 0 0 0 0 0 0 0 
1860 10 0 0 0 0 0 0 0 0 0 0 0 
1861 10 0 0 0 0 0 0 0 0 0 0 0 
1862 10 0 0 0 0 0 0 0 0 0 0 0 
1863 10 0 0 0 0 0 0 0 0 0 0 0 
1864 10 0 0 0 0 0 0 0 0 0 0 0 
1865 10 0 0 0 0 0 0 0 0 0 0 0 
1866 10 0 0 0 0 0 0 0 0 0 0 0 
1867 10 0 0 0 0 0 0 0 0 0 0 0 
1868 10 0 0 0 0 0 0 0 0 0 0 0 
1869 10 0 0 0 0 0 0 0 0 0 0 0 
1870 10 0 0 0 0 0 0 0 0 0 0 0 
1871 10 0 0 0 0 0 0 0 0 0 0 0 
1872 10 0 0 0 0 0 0 0 0 0 0 0 
1873 10 0 0 0 0 0 0 0 0 0 0 0 
1874 10 0 0 0 0 0 0 0 0 0 0 0 
1875 10 0 0 0 0 0 0 0 0 0 0 0 
1876 10 0 0 0 0 0 0 0 0 0 0 0 
1877 10 0 0 0 0 0 0 0 0 0 0 0 
1878 10 0 0 0 0 0 0 0 0 0 0 0 
1879 10 0 0 0 0 0 0 0 0 0 0 0 
1880 10 0 0 0 0 0 0 0 0 0 0 0 
1881 10 112 0 0 0 0 0 0 0 0 0 0 
1882 10 113 0 0 0 0 0 0 0 0 0 0 
1883 10 0 0 0 0 0 0 0 0 0 0 0 
1884 10 0 0 0 0 0 0 0 0 0 0 0 
1885 10 0 0 0 0 0 0 0 0 0 0 0 
1886 10 0 0 0 0 0 0 0 0 0 0 0 
1887 10 0 0 0 0 0 0 0 0 0 0 0 
1888 10 0 0 0 0 0 0 0 0 0 0 0 
1889 10 0 0 0 0 0 0 0 0 0 0 0 
1890 10 0 0 0 0 0 0 0 0 0 0 0 
1891 10 117 0 0 0 0 0 0 0 0 0 0 
1892 10 118 0 0 0 0 0 0 0 0 0 0 
1893 10 0 0 0 0 0 0 0 0 0 0 0 
1894 10 0 0 0 0 0 0 0 0 0 0 0 
1895 10 0 0 0 0 0 0 0 0 0 0 0 
1896 10 0 0 0 0 0 0 0 0 0 0 0 
1897 10 121 0 0 0 0 0 0 0 0 0 0 
1898 10 122 0 0 0 0 0 0 0 0 0 0 
1899 10 123 0 0 0 0 0 0 0 0 0 0 
1900 10 124 0 0 0 0 0 0 0 0 0 0 
1901 10 125 0 0 0 0 0 0 0 0 0 0 
1902 10 126 0 0 0 0 0 0 0 0 0 0 
1903 10 0 0 0 0 0 0 0 0 0 0 0 
1904 10 0 0 0 0 0 0 0 0 0 0 0 
1905 10 0 0 0 0 0 0 0 0 0 0 0 
1906 10 0 0 0 0 0 0 0 0 0 0 0 
1907 10 0 0 0 0 0 0 0 0 0 0 0 
1908 10 0 0 0 0 0 0 0 0 0 0 0 
1909 10 0 0 0 0 0 0 0 0 0 0 0 
1910 10 0 0 0 0 0 0 0 0 0 0 0 
1911 10 0 0 0 0 0 0 0 0 0 0 0 
1912 10 0 0 0 0 0 0 0 0 0 0 0 
1913 10 129 0 0 0 0 0 0 0 0 0 0 
1914 10 130 0 0 0 0 0 0 0 0 0 0 
1915 10 131 0 0 0 0 0 0 0 0 0 0 
1916 10 132 0 0 0 0 0 0 0 0 0 0 
1917 10 0 0 0 0 0 0 0 0 0 0 0 
1918 10 0 0 0 0 0 0 0 0 0 0 0 
1919 10 0 0 0 0 0 0 0 0 0 0 0 
1920 10 0 0 0 0 0 0 0 0 0 0 0 
1921 10 0 0 0 0 0 0 0 0 0 0 0 
1922 10 0 0 0 0 0 0 0 0 0 0 0 
1923 10 0 0 0 0 0 0 0 0 0 0 0 
1924 10 0 0 0 0 0 0 0 0 0 0 0 
1925 10 0 0 0 0 0 0 0 0 0 0 0 
1926 10 0 0 0 0 0 0 0 0 0 0 0 
1927 10 0 0 0 0 0 0 0 0 0 0 0 
1928 10 0 0 0 0 0 0 0 0 0 0 0 
1929 10 0 0 0 0 0 0 0 0 0 0 0 
1930 10 0 0 0 0 0 0 0 0 0 0 0 
1931 10 0 0 0 0 0 0 0 0 0 0 0 
1932 10 0 0 0 0 0 0 0 0 0 0 0 
1933 10 0 0 0 0 0 0 0 0 0 0 0 
1934 10 0 0 0 0 0 0 0 0 0 0 0 
1935 10 0 0 0 0 0 0 0 0 0 0 0 
1936 10 0 0 0 0 0 0 0 0 0 0 0 
1937 10 0 0 0 0 0 0 0 0 0 0 0 
1938 10 0 0 0 0 0 0 0 0 0 0 0 
1939 10 0 0 0 0 0 0 0 0 0 0 0 
1940 10 0 0 0 0 0 0 0 0 0 0 0 
1941 10 0 0 0 0 0 0 0 0 0 0 0 
1942 10 0 0 0 0 0 0 0 0 0 0 0 
1943 10 0 0 0 0 0 0 0 0 0 0 0 
1944 10 0 0 0 0 0 0 0 0 0 0 0 
1945 10 0 0 0 0 0 0 0 0 0 0 0 
1946 10 0 0 0 0 0 0 0 0 0 0 0 
1947 10 0 0 0 0 0 0 0 0 0 0 0 
1948 10 0 0 0 0 0 0 0 0 0 0 0 
1949 10 0 0 0 0 0 0 0 0 0 0 0 
1950 10 0 0 0 0 0 0 0 0 0 0 0 
1951 10 0 0 0 0 0 0 0 0 0 0 0 
1952 10 0 0 0 0 0 0 0 0 0 0 0 
1953 10 0 0 0 0 0 0 0 0 0 0 0 
1954 10 0 0 0 0 0 0 0 0 0 0 0 
1955 10 0 0 0 0 0 0 0 0 0 0 0 
1956 10 0 0 0 0 0 0 0 0 0 0 0 
1957 10 0 0 0 0 0 0 0 0 0 0 0 
1958 10 0 0 0 0 0 0 0 0 0 0 0 
1959 10 0 0 0 0 0 0 0 0 0 0 0 
1960 10 0 0 0 0 0 0 0 0 0 0 0 
1961 10 0 0 0 0 0 0 0 0 0 0 0 
1962 10 0 0 0 0 0 0 0 0 0 0 0 
1963 10 137 0 0 0 0 0 0 0 0 0 0 
1964 10 138 0 0 0 0 0 0 0 0 0 0 
1965 10 0 0 0 0 0 0 0 0 0 0 0 
1966 10 0 0 0 0 0 0 0 0 0 0 0 
1967 10 0 0 0 0 0 0 0 0 0 0 0 
1968 10 0 0 0 0 0 0 0 0 0 0 0 
1969 10 0 0 0 0 0 0 0 0 0 0 0 
1970 10 0 0 0 0 0 0 0 0 0 0 0 
1971 10 0 0 0 0 0 0 0 0 0 0 0 
1972 10 0 0 0 0 0 0 0 0 0 0 0 
1973 10 142 0 0 0 0 0 0 0 0 0 0 
1974 10 143 0 0 0 0 0 0 0 0 0 0 
1975 10 0 0 0 0 0 0 0 0 0 0 0 
1976 10 0 0 0 0 0 0 0 0 0 0 0 
1977 10 0 0 0 0 0 0 0 0 0 0 0 
1978 10 0 0 0 0 0 0 0 0 0 0 0 
1979 10 0 0 0 0 0 0 0 0 0 0 0 
1980 10 0 0 0 0 0 0 0 0 0 0 0 
1981 10 0 0 0 0 0 0 0 0 0 0 0 
1982 10 0 0 0 0 0 0 0 0 0 0 0 
1983 10 145 0 0 0 0 0 0 0 0 0 0 
1984 10 146 0 0 0 0 0 0 0 0 0 0 
1985 10 147 0 0 0 0 0 0 0 0 0 0 
1986 10 148 0 0 0 0 0 0 0 0 0 0 
1987 10 0 0 0 0 0 0 0 0 0 0 0 
1988 10 0 0 0 0 0 0 0 0 0 0 0 
1989 10 0 0 0 0 0 0 0 0 0 0 0 
1990 10 0 0 0 0 0 0 0 0 0 0 0 
1991 10 0 0 0 0 0 0 0 0 0 0 0 
1992 10 0 0 0 0 0 0 0 0 0 0 0 
1993 10 0 0 0 0 0 0 0 0 0 0 0 
1994 10 0 0 0 0 0 0 0 0 0 0 0 
1995 10 151 0 0 0 0 0 0 0 0 0 0 
1996 10 152 0 0 0 0 0 0 0 0 0 0 
1997 10 153 0 0 0 0 0 0 0 0 0 0 
1998 10 154 0 0 0 0 0 0 0 0 0 0 
1999 10 0 0 0 0 0 0 0 0 0 0 0 
2000 10 0 0 0 0 0 0 0 0 0 0 0 
2001 10 0 0 0 0 0 0 0 0 0 0 0 
2002 10 0 0 0 0 0 0 0 0 0 0 0 
2003 10 0 0 0 0 0 0 0 0 0 0 0 
2004 10 0 0 0 0 0 0 0 0 0 0 0 
2005 10 0 0 0 0 0 0 0 0 0 0 0 
2006 10 0 0 0 0 0 0 0 0 0 0 0 
2007 10 0 0 0 0 0 0 0 0 0 0 0 
2008 10 0 0 0 0 0 0 0 0 0 0 0 
2009 10 0 0 0 0 0 0 0 0 0 0 0 
2010 10 0 0 0 0 0 0 0 0 0 0 0 
2011 10 0 0 0 0 0 0 0 0 0 0 0 
2012 10 0 0 0 0 0 0 0 0 0 0 0 
2013 10 0 0 0 0 0 0 0 0 0 0 0 
2014 10 0 0 0 0 0 0 0 0 0 0 0 
2015 10 0 0 0 0 0 0 0 0 0 0 0 
2016 10 0 0 0 0 0 0 0 0 0 0 0 
2017 10 0 0 0 0 0 0 0 0 0 0 0 
2018 10 0 0 0 0 0 0 0 0 0 0 0 
2019 10 0 0 0 0 0 0 0 0 0 0 0 
2020 10 0 0 0 0 0 0 0 0 0 0 0 
2021 10 0 0 0 0 0 0 0 0 0 0 0 
2022 10 0 0 0 0 0 0 0 0 0 0 0 
2023 10 0 0 0 0 0 0 0 0 0 0 0 
2024 10 0 0 0 0 0 0 0 0 0 0 0 
2025 10 0 0 0 0 0 0 0 0 0 0 0 
2026 10 0 0 0 0 0 0 0 0 0 0 0 
2027 10 0 0 0 0 0 0 0 0 0 0 0 
2028 10 0 0 0 0 0 0 0 0 0 0 0 
2029 10 0 0 0 0 0 0 0 0 0 0 0 
2030 10 0 0 0 0 0 0 0 0 0 0 0 
2031 10 0 0 0 0 0 0 0 0 0 0 0 
2032 10 0 0 0 0 0 0 0 0 0 0 0 
2033 10 0 0 0 0 0 0 0 0 0 0 0 
2034 10 0 0 0 0 0 0 0 0 0 0 0 
2035 10 0 0 0 0 0 0 0 0 0 0 0 
2036 10 0 0 0 0 0 0 0 0 0 0 0 
2037 10 0 0 0 0 0 0 0 0 0 0 0 
2038 10 0 0 0 0 0 0 0 0 0 0 0 
2039 10 0 0 0 0 0 0 0 0 0 0 0 
2040 10 0 0 0 0 0 0 0 0 0 0 0 
2041 10 0 0 0 0 0 0 0 0 0 0 0 
2042 10 0 0 0 0 0 0 0 0 0 0 0 
2043 10 0 0 0 0 0 0 0 0 0 0 0 
2044 10 0 0 0 0 0 0 0 0 0 0 0 
2045 10 0 0 0 0 0 0 0 0 0 0 0 
2046 10 0 0 0 0 0 0 0 0 0 0 0 

0 19 11 0 0.486486 1 29 -68 8 0.760563 3 -13 -34 17 6 12 -39 9 0.760563 3 27 44 22 -56 17 -56 10 0.486486 1 18 -29 11 0.486486 1 16 32 12 0.486486 1 -2 26 13 0.666667 2 38 8 -37 -52 14 0.486486 1 46 5 16 0.666667 2 27 1 27 -19 17 0.666667 2 4 6 19 11 18 0.760563 3 24 32 24 -43 24 17 
1 19 2 10 0.923077 2 13 -9 8 -59 16 0.964286 3 27 16 -3 -59 -3 -59 
2 19 3 11 0.782609 1 21 27 12 0.972973 4 -2 26 -2 26 18 -19 8 16 17 0.782609 1 -21 46 
3 19 2 13 0.818182 1 43 -52 17 0.986301 4 9 41 19 -9 14 6 14 -19 
4 19 2 12 0.6 1 -22 -9 14 0.995392 12 41 -10 -34 20 36 -50 41 -30 41 -20 36 0 36 5 -34 20 -39 -40 -39 0 -39 -15 -39 5 
5 19 5 6 0.580645 1 -56 2 11 0.909091 5 -14 27 -9 22 -14 22 11 32 11 27 12 0.580645 1 -22 -4 14 0.931034 6 1 45 -4 45 -14 45 41 -5 26 50 -24 45 15 0.580645 1 31 -100 
6 19 10 1 0.679245 2 -14 74 6 64 8 0.5 1 2 -59 10 0.5 1 -7 -54 11 0.679245 2 16 12 1 22 12 0.679245 2 -22 21 -7 26 13 0.679245 2 38 8 53 -62 14 0.827586 4 -29 25 -4 35 -14 30 -19 35 15 0.771429 3 16 20 36 -50 -24 25 16 0.5 1 -3 -54 17 0.5 1 9 -59 
7 19 5 8 0.892562 6 17 -24 17 31 17 26 17 36 -28 41 -28 -4 9 0.5 1 27 24 10 0.679245 2 13 36 13 21 16 0.679245 2 -18 46 27 -29 18 0.929032 8 14 -8 9 37 19 -28 9 32 9 22 9 12 14 12 19 -28 
8 19 3 9 0.986301 8 27 -41 27 4 22 -1 -23 -46 22 -11 22 -41 22 -21 -13 -21 16 0.666667 1 -8 1 17 0.666667 1 -21 -9 
9 19 4 8 0.857143 2 12 41 -18 -29 9 0.72 1 17 -36 10 0.915254 3 13 26 8 -24 -12 -34 16 0.857143 2 27 6 12 11 
10 19 4 8 0.830769 3 -23 1 -23 16 -23 16 9 0.830769 3 2 -41 -23 -41 7 -36 10 0.931034 6 -27 -34 -27 -29 -22 -19 -27 6 -27 1 -22 46 17 0.75 2 9 -44 -16 46 
11 19 3 9 0.971223 15 -8 34 -13 -36 -23 9 7 19 2 29 2 4 -3 29 12 44 -18 4 -8 9 -13 -16 -8 44 -8 -46 -13 -21 -18 29 10 0.864 6 -17 -29 -17 11 -27 -39 -12 -9 -12 -4 -22 31 16 0.631579 2 -3 -24 12 31 
12 19 2 9 0.992126 7 7 -31 7 -26 -3 -11 7 -21 12 29 12 34 -18 24 10 0.72 1 3 16 
13 19 4 8 0.96 4 2 11 2 -14 12 6 -18 21 10 0.75 1 -12 46 16 0.75 1 17 26 17 0.75 1 24 -9 
14 19 6 8 0.72 3 7 31 -18 -44 -13 1 9 0.881119 7 -3 -21 -3 -6 -8 -11 -3 34 -3 4 2 -16 7 -21 10 0.782609 4 -17 6 3 -24 3 36 -2 -34 16 0.825688 5 12 -4 22 16 -3 1 2 -34 17 -39 17 0.72 3 -11 -44 9 -14 4 -39 18 0.62069 2 -21 -43 -16 -8 
15 19 3 8 0.972973 4 -3 -24 -18 6 -18 11 7 36 9 0.782609 1 7 -11 10 0.782609 1 -17 -34 
16 19 5 8 0.529412 1 -28 36 9 0.529412 1 -13 -6 10 0.705882 2 -17 31 -22 16 16 0.941176 8 2 -9 22 21 -3 6 -3 36 -3 11 -8 1 -18 -39 12 36 17 0.882353 5 4 -19 -6 -9 -11 -44 -6 -24 -6 -29 
17 19 5 9 0.666667 1 -3 -41 10 0.666667 1 -17 -44 16 0.885246 3 2 -34 -13 -34 -3 -9 17 0.818182 2 -26 -39 -26 -44 18 0.885246 3 -16 42 -16 32 -21 -3 
18 19 2 16 0.6 1 -3 -44 18 0.995392 12 -16 -8 -21 -18 -6 -53 -6 -13 -16 -28 -6 -23 -1 -8 -1 -18 -1 -53 -11 12 -11 -13 -6 -18 
19 19 4 10 0.666667 1 -12 -54 16 0.976744 7 7 -54 12 -59 27 -49 -3 -54 27 -9 -13 -54 -28 -54 17 0.666667 1 -1 -59 18 0.666667 1 14 -58 
20 19 5 8 0.62069 1 -18 -54 9 0.947368 6 22 19 -3 -56 -18 -56 2 -56 22 -51 2 -56 10 0.782609 2 13 -19 8 -54 16 0.62069 1 12 -44 17 0.782609 2 24 -34 -6 -49 
21 19 2 8 0.993865 9 2 41 -13 11 -8 11 -13 16 -18 11 -18 6 -8 41 -8 -44 -3 -49 17 0.666667 1 -6 -4 
22 19 5 8 0.961165 11 -13 -9 -13 26 -8 -9 -18 -14 -13 6 -8 26 -18 21 2 11 -18 46 -18 -24 -3 46 9 0.771429 3 2 -31 2 9 7 34 10 0.679245 2 -12 31 -7 -24 16 0.5 1 2 26 17 0.679245 2 -16 1 -31 21 
23 19 6 8 0.818182 11 -8 41 -13 -14 -8 16 -13 31 -3 21 -28 -44 -8 -49 -23 -49 -13 -29 -13 31 -18 -14 9 0.818182 11 7 -41 -13 -21 2 44 7 29 2 -51 2 -46 7 -41 -3 -31 -3 -11 -8 9 -3 -11 10 0.847826 13 -7 6 -12 21 -17 -49 -12 26 -22 6 -7 -29 -22 -9 -7 -29 -2 -29 -12 -4 -17 41 -17 21 -12 -14 16 0.687898 6 -18 41 2 21 7 21 2 -4 -18 -34 7 -34 17 0.833977 12 -1 -14 -21 -34 -6 1 -1 36 4 31 -11 46 -1 -24 -21 -9 -21 -19 -16 -39 -21 1 -11 11 18 0.404494 2 -31 -48 -31 -43 
24 19 3 8 0.72 1 -18 26 16 0.72 1 -13 16 17 0.981818 6 -6 -29 -1 21 -11 11 -21 11 -11 31 -16 26 
25 19 3 8 0.984375 7 -13 1 -8 1 -13 1 -18 -34 -8 -34 -8 -44 -13 26 9 0.692308 1 -13 39 16 0.692308 1 12 41 
26 19 4 8 0.885246 3 2 16 -8 -29 -3 -24 10 0.947368 5 -7 -9 -2 -19 -7 -39 -2 21 -7 -34 16 0.666667 1 22 -39 17 0.666667 1 9 16 
27 19 5 9 0.9 4 7 24 2 -1 2 19 2 9 10 0.62069 1 -7 6 16 0.857143 3 -18 36 2 6 -3 11 17 0.857143 3 -6 -39 -6 1 -6 -44 18 0.62069 1 -1 -28 
28 19 3 8 0.72 1 -8 -14 9 0.857143 2 2 24 2 -41 17 0.967742 5 -1 -4 -6 -9 4 -4 -1 -9 -6 1 
29 19 2 9 0.981818 3 12 -1 12 19 12 -51 10 0.857143 1 -27 -49 
30 19 5 8 0.765957 2 12 -9 12 1 9 0.6 1 17 -36 10 0.6 1 -27 41 16 0.918367 5 -18 16 -23 31 -18 21 -18 36 -13 41 17 0.888889 4 -16 21 9 -14 -21 46 9 41 
31 19 4 10 0.967742 5 -32 11 -32 -39 -32 -24 -32 6 13 -24 16 0.72 1 22 36 17 0.72 1 -26 36 18 0.72 1 9 17 
32 19 6 8 0.794118 3 -28 -19 12 -14 -28 1 9 0.705882 2 27 -41 17 -16 10 0.794118 3 13 31 13 31 13 1 16 0.882353 5 22 16 17 -4 7 21 7 -29 22 -4 17 0.705882 2 14 6 4 31 18 0.705882 2 14 7 -26 17 
33 19 5 8 0.692308 1 -33 -14 9 0.692308 1 -18 -1 16 0.692308 1 -18 36 17 0.957447 5 -36 -19 -26 26 -26 -9 -31 -24 -21 6 18 0.692308 1 -26 37 
34 19 5 8 0.818182 2 12 6 12 21 9 0.666667 1 22 -46 16 0.885246 3 -23 -34 -23 -19 12 16 17 0.818182 2 19 -39 19 -24 18 0.818182 2 9 12 14 -3 
35 19 4 9 0.692308 1 -18 -46 16 0.9 3 -3 46 -3 46 -18 -49 17 0.9 3 -16 -34 -16 1 -21 -4 18 0.837209 2 -1 42 -31 -43 
36 19 2 16 0.828947 7 -18 -44 -13 -14 -13 -39 7 -24 7 -34 2 -39 -3 -44 18 0.985263 26 -21 27 -21 -18 -21 37 -1 -43 -36 -33 -16 -8 -16 -18 -6 -8 -6 -23 -26 7 14 -48 -21 -3 4 -48 -11 -23 14 -43 -16 -8 -21 -28 -16 22 -1 32 9 7 4 27 9 -38 4 37 -11 7 -1 -33 4 -48 
37 19 3 9 0.9 2 22 -1 22 -46 10 0.9 2 8 36 8 -19 18 0.9 2 9 -43 9 -38 
38 19 6 8 0.837209 4 -33 41 2 26 7 -34 7 21 9 0.782609 3 17 29 17 24 12 -1 10 0.873786 5 3 -39 3 -34 8 6 3 16 8 -14 16 0.837209 4 -18 1 -8 41 2 31 17 1 17 0.514286 1 19 16 18 0.514286 1 -11 17 
39 19 2 8 0.993865 9 2 -39 2 -34 7 26 7 31 -8 -54 7 31 7 1 -3 -54 -18 -54 18 0.666667 1 -16 -53 
40 19 6 8 0.580645 1 2 6 9 0.75 2 17 -11 -13 -26 10 0.96 8 3 -4 3 -4 3 -14 -27 -44 3 6 3 -19 3 21 3 -14 16 0.580645 1 12 -9 17 0.580645 1 -31 -44 18 0.580645 1 -16 7 
41 19 6 8 0.529412 1 12 31 9 0.794118 3 -18 -36 17 -16 -18 39 10 0.847059 4 -27 -24 3 1 -27 -34 3 16 16 0.529412 1 -18 -29 17 0.847059 4 -11 6 -26 -9 14 6 -26 26 18 0.847059 4 4 27 4 17 -11 -13 -21 27 
42 19 3 16 0.984375 7 -8 36 -3 1 -8 6 -18 -19 7 -49 2 -9 -13 -49 17 0.692308 1 -11 36 18 0.692308 1 -16 32 
43 19 5 8 0.765957 2 -28 -4 7 -29 9 0.888889 4 -18 -26 12 -16 12 -26 -18 -36 16 0.765957 2 -8 26 12 41 17 0.765957 2 4 -4 9 41 18 0.84375 3 -1 22 -21 32 -16 22 
44 19 6 8 0.885246 6 7 6 7 1 7 -14 7 -49 -28 31 -28 26 9 0.666667 2 22 -36 -28 4 10 0.760563 3 8 16 8 -49 -32 -19 16 0.486486 1 -18 -44 17 0.857143 5 -1 46 9 -44 19 -39 -1 41 -31 -14 18 0.760563 3 -6 17 4 42 -36 -13 
45 19 2 9 0.986301 4 -23 -26 -23 -36 -18 -56 -28 -51 16 0.818182 1 -23 -49 
46 19 3 16 0.75 1 27 36 17 0.75 1 29 6 18 0.978261 5 14 -3 19 37 19 22 9 47 24 42 
47 19 2 8 0.857143 1 17 -29 9 0.981818 3 22 24 22 44 22 44 
48 19 6 8 0.529412 1 -8 51 9 0.847059 4 -13 49 17 49 2 49 7 49 10 0.847059 4 13 51 13 46 -22 51 -2 51 16 0.794118 3 -18 51 12 51 12 51 17 0.705882 2 4 46 14 51 18 0.794118 3 14 47 9 47 -11 52 
49 19 2 11 0.986301 4 21 37 -14 37 -9 37 26 7 12 0.818182 1 -12 26 
50 19 5 8 0.765957 2 -28 46 17 46 9 0.6 1 32 -36 10 0.84375 3 18 -44 18 21 -27 51 17 0.918367 5 -26 46 9 31 4 51 9 -19 -21 51 18 0.765957 2 24 -28 -1 47 
51 19 3 0 0.818182 1 24 -3 1 0.964286 3 21 -31 21 -41 21 -36 4 0.818182 1 21 31 
52 19 10 0 0.760563 3 24 -63 24 47 29 62 1 0.666667 2 21 24 -9 84 3 0.486486 1 25 -39 6 0.486486 1 49 -43 7 0.486486 1 39 21 10 0.486486 1 18 26 11 0.760563 3 36 -13 16 27 21 27 14 0.818182 4 21 35 26 30 -4 50 36 30 17 0.486486 1 -6 56 18 0.760563 3 9 47 -21 47 14 -8 
53 19 6 7 0.692308 1 39 -34 11 0.692308 1 6 32 12 0.692308 1 -17 26 13 0.692308 1 -42 -57 14 0.9 3 36 -35 31 5 31 0 17 0.837209 2 -16 46 -26 16 
54 19 5 1 0.642857 1 -29 -61 9 0.642857 1 -23 -41 12 0.8 2 -12 16 -17 21 13 0.8 2 -22 -17 -27 38 14 0.9375 5 -14 40 -34 -25 -34 -40 -34 -15 -34 -10 
55 19 2 4 0.5625 1 21 11 12 0.996047 14 -7 21 -12 6 -17 6 -12 1 -17 -9 -22 -4 -17 16 -22 11 -17 -9 -17 6 -17 1 -22 6 -17 11 -22 1 
56 19 3 5 0.981818 6 15 -31 15 49 5 49 0 49 -20 49 0 49 7 0.72 1 39 1 15 0.72 1 31 -155 
57 19 2 3 0.782609 1 -15 36 12 0.989011 5 -7 6 -2 11 -17 6 -7 11 -7 6 
58 19 11 0 0.760563 3 9 57 -16 -18 -21 12 1 0.760563 3 -9 -76 -14 -66 -24 -71 3 0.666667 2 -5 36 -15 46 4 0.666667 2 -14 41 -19 46 5 0.486486 1 -20 19 12 0.486486 1 -17 6 13 0.760563 3 48 43 -2 53 38 38 15 0.486486 1 -34 -40 16 0.486486 1 17 -54 17 0.486486 1 -6 -54 18 0.666667 2 -11 -58 -11 -58 
59 19 3 0 0.72 1 -26 -53 5 0.947368 4 10 -21 15 -41 -10 -31 5 -16 15 0.915254 3 -29 -55 21 -95 31 -95 
60 19 3 1 0.972973 4 -4 -76 -19 -76 6 -31 11 -81 12 0.782609 1 3 11 14 0.782609 1 -24 -30 
61 19 2 1 0.782609 1 -4 -96 3 0.989011 5 -15 51 -5 41 5 41 -15 41 -5 46 
62 19 7 0 0.62069 1 24 -38 3 0.947368 6 25 11 25 -39 25 -9 25 -4 25 -9 25 46 5 0.62069 1 25 -1 6 0.62069 1 34 12 9 0.62069 1 27 -31 10 0.62069 1 18 31 12 0.62069 1 18 -9 
63 19 15 0 0.689152 42 -6 22 14 72 -1 -48 -1 97 -6 -3 -6 37 9 -28 14 67 -1 -13 4 22 4 -53 -1 32 4 47 -6 27 -1 -23 -1 67 4 -48 -1 -3 9 42 14 67 -1 67 -1 -33 4 2 4 7 -21 -28 14 22 -6 22 14 32 24 -8 24 67 4 -38 -16 -48 -6 37 -21 -48 -1 -38 -1 2 4 42 14 52 4 12 -16 57 4 62 14 -63 1 0.523118 22 21 -51 6 -81 6 -16 -14 -6 11 -11 -9 -56 11 -91 6 -6 16 -66 6 -71 21 -61 1 -36 21 -41 26 -91 21 19 1 84 -4 -61 -9 24 21 -16 6 14 21 -56 6 -86 2 0.0863309 2 28 -10 28 20 3 0.738753 52 -5 1 -10 36 15 1 -10 6 -10 1 0 6 5 11 -15 -34 10 31 10 1 10 11 5 -34 5 -44 0 -44 0 11 -10 -29 0 6 0 21 10 -49 10 -49 5 26 -10 -39 5 -24 -5 -14 5 -14 -10 16 -25 6 -20 -34 -20 6 -20 -4 10 46 20 -24 -25 6 -25 -19 -30 -4 -30 -34 -15 -19 -20 21 -20 1 15 26 15 6 10 16 10 -19 -15 -19 15 -44 15 26 15 -4 -20 26 -20 -24 10 -34 -15 -29 -10 31 4 0.700265 44 -9 36 1 -49 16 1 -4 16 16 -39 16 -24 -9 1 1 -19 21 -4 16 -39 -14 -49 16 -14 16 16 16 21 16 26 16 6 6 6 -9 -14 -9 -9 -24 -19 -24 36 1 -9 26 -14 -4 -9 1 -4 -9 -34 31 -19 -14 -24 -19 -19 21 6 16 51 11 21 26 -4 -19 26 -24 -4 -14 -24 1 -19 -14 -14 1 -39 31 16 -29 -29 -9 21 -4 26 -9 36 5 0.747118 54 10 34 -20 19 -5 49 0 -31 5 -1 0 -41 -15 -11 -20 -11 -20 34 -5 -41 0 4 -15 -16 -5 9 0 4 10 -46 5 -6 5 14 0 14 10 -31 -5 4 -15 -51 5 34 5 29 0 -41 10 34 -20 -21 -5 -1 0 34 5 -11 -15 14 15 -41 -20 -41 25 -26 20 19 20 39 -25 49 5 49 10 -26 15 -21 15 19 -25 -11 5 -6 -15 -31 10 -41 5 -36 -25 -16 -25 34 -15 -6 -25 39 -25 -6 -15 -1 5 39 0 14 -20 39 6 0.586729 28 24 2 -36 -43 24 -23 24 -3 -21 -18 -26 -38 -21 -18 -11 -48 -26 -13 -16 -13 -26 7 19 -43 -26 -18 19 17 24 12 -26 -28 -26 -13 -31 12 -31 17 -21 -48 24 22 -21 12 -26 -18 24 -8 -31 -28 -31 -28 -36 -28 -31 -3 7 0.651256 36 -36 31 -1 -34 14 -4 34 6 4 -24 9 6 9 26 -1 31 24 -19 -26 -9 24 -24 -1 -44 34 26 -26 6 -1 16 29 -14 14 31 19 -39 24 -9 -16 16 -11 -44 -21 11 -6 -24 34 -9 -36 1 39 1 29 -19 34 -9 -6 21 -6 11 4 -34 24 31 -1 -14 -21 1 -11 16 -31 21 11 0.586729 28 -9 2 31 -3 6 22 1 17 -24 -8 21 -23 -14 -33 -19 -13 -19 -23 21 -33 36 -13 21 -13 11 -33 -14 7 16 12 -9 22 -24 -33 -24 -28 16 7 -19 -28 16 -33 21 -33 -4 27 21 2 -29 -18 31 -18 6 2 21 7 12 0.347368 11 8 -24 -12 -24 -2 -24 -2 1 -12 -14 -2 -24 -7 -9 -2 1 -2 -9 -2 6 3 1 13 0.510811 21 33 -42 43 68 -2 23 -12 -27 23 23 -12 -42 8 23 -2 8 -7 13 -12 -17 23 3 28 -7 23 18 53 -62 -7 18 -27 -62 43 33 -12 78 38 -2 -12 -37 -12 23 14 0.439695 16 26 0 21 -15 -24 0 36 15 -14 15 -24 -25 26 -25 -19 -15 -29 10 -24 45 21 -55 -29 -15 26 0 26 10 21 25 -24 -45 15 0.556931 25 6 5 11 10 16 -90 -29 -15 11 25 16 -20 16 -80 -4 -90 31 -155 11 -75 21 -125 6 -125 1 -75 -29 -125 6 -65 -39 -140 16 20 31 10 6 -160 6 -130 16 -50 11 -145 -4 -150 -29 -15 -34 -90 16 0.045 1 2 -54 18 0.045 1 -1 -58 
64 19 3 3 0.978261 5 15 31 0 31 10 -14 -15 36 -5 31 5 0.75 1 -5 44 6 0.75 1 -31 -43 
65 19 2 3 0.981818 6 -10 36 15 31 0 46 -5 46 -5 36 -25 31 6 0.857143 2 19 -38 -16 22 
66 19 4 3 0.966443 8 0 51 10 11 -25 41 15 51 -20 41 10 51 15 1 -20 21 4 0.765957 2 16 51 -24 46 11 0.765957 2 -9 17 -9 12 14 0.6 1 -24 10 
67 19 10 0 0.642857 2 -31 52 4 -48 1 0.739726 3 -34 -71 -34 -61 -34 -21 3 0.642857 2 -10 -24 0 -39 4 0.642857 2 -19 36 6 51 5 0.870968 6 5 9 5 -51 -20 9 10 14 -10 4 10 49 6 0.642857 2 -31 22 -21 -3 11 0.642857 2 -29 -13 6 7 12 0.461538 1 -2 -9 14 0.461538 1 -19 15 15 0.461538 1 6 30 
68 19 2 1 0.692308 1 16 -31 3 0.993104 8 -20 -39 -25 -24 -25 26 -25 16 -20 16 -25 -44 -25 31 -5 31 
69 19 2 3 0.75 1 10 51 4 0.990826 6 26 -4 21 51 -14 51 -19 51 1 51 -4 51 
70 19 2 0 0.818182 1 9 72 5 0.986301 4 -5 39 -10 19 20 -11 -25 -41 
71 19 9 0 0.72 3 9 -23 -26 -68 -1 97 1 0.62069 2 1 9 -24 -66 3 0.825688 5 15 11 -25 -44 -15 51 10 36 -5 41 4 0.62069 2 -14 -49 -19 -49 5 0.782609 4 10 9 5 24 -20 -31 10 19 7 0.72 3 -36 -4 -31 16 -21 46 11 0.62069 2 -14 -3 -14 -3 13 0.62069 2 18 28 -37 -57 17 0.439024 1 29 1 
72 19 4 0 0.923077 2 19 7 24 42 3 0.818182 1 20 -14 6 0.818182 1 34 -48 12 0.818182 1 3 21 
73 19 6 1 0.642857 1 16 -46 5 0.642857 1 -25 24 7 0.642857 1 44 21 12 0.955752 6 -17 -24 -12 26 -2 -9 -2 -19 -12 26 -17 -9 13 0.642857 1 -37 58 14 0.642857 1 -39 5 
74 19 2 12 0.99723 20 -12 6 -7 -14 -12 -14 -2 1 -12 -9 -2 -14 3 -14 -17 -14 -2 -4 -17 -9 -22 -14 -7 -19 -12 -14 -7 -9 8 -4 -17 -19 -22 -19 8 -4 -22 16 -2 21 13 0.473684 1 -22 8 
75 19 2 11 0.947368 1 11 12 12 0.947368 1 -17 21 
76 19 9 0 0.514286 1 19 -58 1 0.692308 2 11 14 1 74 3 0.514286 1 20 1 4 0.692308 2 26 -4 -19 -44 7 0.692308 2 39 31 -16 -44 11 0.873786 5 21 27 -29 -3 16 22 6 22 -14 7 12 0.692308 2 8 -4 -12 11 14 0.692308 2 -39 0 -29 -55 15 0.514286 1 11 35 
77 19 4 1 0.782609 1 26 -6 4 0.947368 3 21 1 16 21 16 11 6 0.782609 1 29 -48 14 0.782609 1 31 -45 
78 19 10 0 0.734694 2 14 -18 14 -43 1 0.5625 1 26 4 4 0.5625 1 6 46 5 0.734694 2 15 24 15 -46 6 0.5625 1 29 -48 7 0.5625 1 34 -19 11 0.5625 1 16 17 12 0.5625 1 -2 -4 14 0.734694 2 26 -25 26 -40 15 0.818182 3 31 -65 26 -155 31 -10 
79 19 2 1 0.981818 3 21 -56 11 -91 16 -91 13 0.857143 1 48 -62 
80 19 3 12 0.978261 5 -2 16 -2 -24 -12 16 -7 16 -12 16 13 0.75 1 23 78 14 0.75 1 26 -5 
81 19 6 0 0.6 1 14 -48 3 0.6 1 -25 46 11 0.954545 7 -24 -3 -9 17 21 12 6 7 1 7 26 -13 -4 7 12 0.6 1 3 -24 13 0.6 1 -52 -62 14 0.765957 2 -4 40 -19 30 
82 19 5 1 0.6 1 -19 24 5 0.966443 8 -20 49 20 -16 20 29 15 39 20 -41 20 -21 20 -16 20 4 12 0.765957 2 3 16 -22 -24 13 0.6 1 18 43 14 0.6 1 36 -20 
83 19 2 3 0.989011 5 -30 21 -30 6 -30 31 -30 -14 -30 -9 4 0.782609 1 -29 31 
84 19 12 0 0.61017 2 19 -3 14 -18 1 0.428571 1 11 74 3 0.428571 1 20 11 4 0.710526 3 16 -29 21 26 -19 -29 5 0.61017 2 15 34 15 4 6 0.710526 3 29 7 -31 17 34 -28 7 0.61017 2 -26 11 34 31 11 0.710526 3 31 -18 26 -3 26 -13 12 0.710526 3 -7 -9 -17 1 -12 1 13 0.61017 2 -32 -12 38 -17 14 0.61017 2 31 15 11 45 15 0.428571 1 -49 -55 
85 19 4 1 0.96 4 26 -36 16 -26 16 -71 -24 -31 4 0.75 1 -19 26 12 0.75 1 -12 -19 14 0.75 1 -34 -35 
86 19 2 1 0.818182 1 -29 14 6 0.986301 4 34 -3 -36 -8 -31 -38 59 2 
87 19 6 0 0.947368 6 24 42 -26 -3 24 42 24 27 -26 -38 -16 -8 1 0.62069 1 21 4 3 0.62069 1 -30 16 4 0.782609 2 -29 -34 -19 -24 12 0.62069 1 -12 16 13 0.62069 1 -12 48 
88 19 5 0 0.642857 1 9 -43 1 0.8 2 -9 -1 26 -61 5 0.642857 1 15 -11 11 0.955752 6 1 12 1 12 -9 12 -4 12 -9 17 -19 7 12 0.642857 1 -7 21 
89 19 4 1 0.72 1 -14 -51 4 0.72 1 31 11 12 0.967742 5 -7 16 -17 11 -22 -4 -17 -4 -22 -9 13 0.72 1 23 73 
90 19 6 0 0.765957 2 -16 -23 9 -8 3 0.6 1 -30 -34 4 0.765957 2 21 -14 -29 16 12 0.6 1 -12 -4 13 0.765957 2 -17 8 -12 33 15 0.918367 5 -44 -130 -44 -105 21 -95 21 -40 21 -5 
91 19 10 0 0.739726 3 9 12 14 -43 -1 92 3 0.8 4 20 16 20 -44 15 36 25 26 4 0.461538 1 11 -34 5 0.461538 1 15 34 6 0.461538 1 49 7 7 0.739726 3 19 -19 29 21 29 31 11 0.642857 2 -14 2 6 12 13 0.739726 3 23 38 23 33 53 -52 14 0.739726 3 26 10 16 30 -14 40 15 0.461538 1 21 -15 
92 19 5 0 0.666667 1 -11 -78 1 0.666667 1 -4 4 7 0.964286 6 29 46 -11 46 -16 46 14 26 9 46 -41 1 12 0.666667 1 8 16 13 0.666667 1 -7 -42 
93 19 4 2 0.966443 8 3 55 13 55 18 55 13 55 -12 55 -2 55 -27 55 8 55 4 0.6 1 -29 51 5 0.765957 2 -25 54 15 54 7 0.765957 2 -26 46 39 46 
94 19 10 0 0.514286 1 29 52 2 0.514286 1 23 -5 3 0.514286 1 25 16 5 0.782609 3 20 -21 25 9 20 -51 7 0.9 6 24 31 39 6 24 -9 14 46 64 11 14 6 10 0.514286 1 13 -59 11 0.514286 1 36 -18 13 0.514286 1 38 23 14 0.692308 2 31 25 1 -35 15 0.514286 1 21 -165 
95 19 3 0 0.72 1 4 72 1 0.915254 3 1 89 -9 89 -14 89 6 0.947368 4 -1 27 -56 7 -26 27 14 27 
96 19 11 0 0.631579 2 -6 102 24 52 1 0.45 1 1 89 2 0.791209 4 28 -5 -7 -45 -7 -55 23 40 4 0.45 1 31 -44 5 0.45 1 -20 54 6 0.45 1 19 27 7 0.45 1 -36 1 11 0.791209 4 1 32 -29 -3 6 27 26 2 12 0.72973 3 8 11 -22 21 13 11 14 0.72973 3 16 55 11 55 -19 55 15 0.631579 2 -9 50 -29 15 
97 19 5 2 0.486486 1 23 -20 7 0.818182 4 -6 26 4 -19 19 -14 19 26 11 0.486486 1 -19 12 13 0.964286 12 -12 -27 48 48 8 -57 -27 -77 38 58 33 -82 -17 -72 -22 -82 -12 -82 3 -77 18 -82 -32 -82 15 0.666667 2 -14 20 11 -120 
98 19 8 0 0.857143 3 -31 -3 9 -78 24 -73 1 0.62069 1 21 -81 2 0.782609 2 8 -55 -12 -55 7 0.62069 1 59 11 9 0.782609 2 -3 -61 -8 -61 11 0.62069 1 31 -33 13 0.62069 1 53 33 15 0.62069 1 -34 -150 
99 19 5 2 0.62069 1 -22 -5 6 0.782609 2 -1 -33 -6 -18 13 0.9 4 -12 -37 -52 -82 -12 -67 38 -67 14 0.857143 3 1 -50 -4 -35 1 5 15 0.782609 2 -24 -125 -29 -110 
100 19 5 2 0.918367 5 -12 50 -7 -10 -17 -20 -17 0 -12 -40 4 0.6 1 6 51 7 0.765957 2 19 41 4 -29 14 0.84375 3 -9 -40 -9 -10 -9 -50 15 0.765957 2 -19 15 -29 -155 
101 19 4 2 0.982394 31 -22 -40 -22 5 -2 20 -17 -45 -17 -40 -17 -40 -7 -25 -12 -30 3 5 -17 -50 -17 -25 -12 -15 -2 -20 -7 -10 3 -30 -7 10 8 25 -12 -25 8 20 3 15 -12 45 8 25 3 -40 8 35 3 -40 3 40 3 5 8 0 -2 35 -17 45 23 20 7 0.755245 6 -11 36 -16 41 4 36 9 36 -11 26 4 31 13 0.48 2 -12 -27 -2 -37 15 0.48 2 -24 -75 1 -165 
102 19 2 2 0.997868 26 -22 -10 3 0 3 -45 3 0 -22 10 3 50 -22 25 3 -35 8 -40 -22 0 -17 -5 23 10 -7 -10 -22 -35 -2 -55 -22 -15 23 -20 -17 -55 -17 -15 3 -20 -7 -35 8 -5 23 10 -2 -55 -17 50 -27 50 13 0.409091 1 -7 -62 
103 19 3 2 0.987805 9 18 35 -27 10 -27 0 -27 0 -22 5 -22 30 -22 30 -22 40 -22 45 3 0.642857 1 20 -49 7 0.642857 1 -16 -4 
104 19 4 2 0.9 8 13 -35 13 25 13 20 13 -10 23 -35 23 -30 13 -50 -32 -20 7 0.9 8 9 41 4 36 4 -14 4 41 14 16 9 26 19 31 9 16 13 0.439024 1 33 -42 15 0.881119 7 -29 -45 -34 -10 -24 -20 -9 -50 -44 -10 -44 0 11 -170 
105 19 5 2 0.580645 1 23 0 7 0.75 2 14 31 9 36 13 0.909091 5 33 -52 -2 -52 23 -62 -37 -72 33 -62 14 0.75 2 -14 -45 1 -5 15 0.878049 4 6 -135 -9 -15 -14 -165 -9 -25 
106 19 4 2 0.827586 4 -7 35 18 30 3 35 8 -25 13 0.913043 7 8 53 -7 58 23 53 18 58 38 38 8 63 63 33 14 0.827586 4 -14 10 6 -15 -4 10 -4 -30 15 0.827586 4 1 -135 6 -5 -34 -15 21 -50 
107 19 2 14 0.9 2 -9 -15 -9 -25 15 0.972973 4 -24 -115 -14 -25 -29 -100 -14 -105 
108 19 2 2 0.986301 4 -2 35 -22 -25 -22 -10 -27 25 14 0.818182 1 -9 -45 
109 19 4 0 0.692308 1 -6 57 4 0.972973 6 -14 -9 -9 -4 -14 -44 -9 -9 -9 26 -9 -14 11 0.692308 1 -4 -18 15 0.692308 1 -4 -75 
110 19 3 1 0.818182 1 -4 4 4 0.964286 3 1 36 -9 -29 -9 -24 11 0.818182 1 6 -8 
111 19 8 1 0.529412 1 -9 -61 3 0.529412 1 -25 -49 4 0.529412 1 -4 -19 5 0.847059 4 -5 -16 0 19 0 -26 0 -16 7 0.529412 1 -26 31 13 0.529412 1 28 -32 14 0.705882 2 16 -55 -9 -25 15 0.907563 6 16 -140 11 -135 -14 -160 -29 -75 -24 0 6 -50 
112 19 5 5 0.72 1 -10 4 7 0.72 1 29 31 13 0.947368 4 18 -27 13 -2 18 -17 23 -2 14 0.72 1 1 -35 15 0.72 1 -4 -130 
113 19 10 0 0.75 4 -6 -73 -1 -53 4 -53 -31 -73 1 0.75 4 -4 -61 -14 -81 -19 -76 1 -76 3 0.580645 2 0 -24 -20 -49 4 0.75 4 -4 16 1 -49 6 -49 -4 -49 6 0.580645 2 -21 22 -6 22 7 0.683544 3 -16 36 -16 -4 -21 1 11 0.75 4 -9 -28 21 -18 -19 -13 -19 17 12 0.4 1 -22 11 13 0.4 1 -2 -12 14 0.683544 3 11 -50 -19 -25 -19 -10 
114 19 2 7 0.981818 3 -41 11 -26 6 -21 -39 13 0.857143 1 -22 -2 
115 19 6 3 0.62069 1 -30 -4 4 0.62069 1 -19 -9 11 0.961832 7 -14 12 11 -28 6 -33 6 -28 -9 -33 1 -28 -4 -28 12 0.62069 1 -22 -19 13 0.62069 1 23 28 14 0.62069 1 -19 50 
116 19 7 0 0.75 2 -6 -63 -11 52 1 0.580645 1 -14 -6 4 0.580645 1 -19 -4 6 0.75 2 -11 -3 -21 -43 7 0.878049 4 -21 -4 4 -39 -11 -39 -26 36 11 0.580645 1 -9 -23 14 0.830769 3 -19 -25 -14 -45 -14 10 
117 19 4 1 0.96 4 1 -81 -4 -81 -9 -16 11 -1 4 0.75 1 -14 11 5 0.75 1 0 4 6 0.75 1 -16 -43 
118 19 12 0 0.439024 1 -1 -63 1 0.439024 1 -4 -61 3 0.439024 1 -5 -4 4 0.782609 4 6 -29 11 -34 11 -19 16 31 5 0.439024 1 -5 34 6 0.72 3 14 -43 19 12 14 -13 7 0.72 3 19 -14 9 31 24 -14 11 0.439024 1 6 -23 13 0.439024 1 -12 33 14 0.72 3 -9 -55 -9 -10 -19 0 15 0.782609 4 -9 -85 -4 -75 -19 -155 1 -45 18 0.439024 1 -1 -28 
119 19 2 5 0.986301 4 -20 34 -25 -1 -25 -21 -15 29 13 0.818182 1 -12 -47 
120 19 5 4 0.5 1 -14 6 6 0.980545 14 9 22 9 22 -21 12 -16 -33 -11 -28 -6 12 4 7 -16 12 -11 7 -11 -43 -16 7 -16 -18 -1 -8 -16 -43 11 0.5 1 -4 -18 13 0.5 1 -2 -27 15 0.679245 2 -24 20 -4 -30 
121 19 8 1 0.409091 1 -14 -71 4 0.757895 4 -14 36 -4 1 -9 -19 -4 21 6 0.913706 10 -21 -23 -6 -33 -1 2 -1 -28 -1 -33 -1 2 -16 2 -1 -23 -11 -8 -1 2 7 0.837209 6 -6 26 -6 26 -16 41 -11 11 9 -39 -6 41 11 0.409091 1 6 -23 13 0.409091 1 -37 -57 14 0.409091 1 16 5 15 0.692308 3 -29 -40 -34 -145 -19 -85 
122 19 3 6 0.62069 1 4 -18 7 0.62069 1 -11 36 15 0.989011 10 6 -75 -29 -35 -29 -110 -4 -70 16 -20 16 -5 -24 -155 -4 -80 1 -40 -29 -130 
123 19 7 0 0.692308 2 4 67 -1 62 1 0.692308 2 6 -71 -9 -21 4 0.514286 1 -14 46 6 0.837209 4 19 -8 14 -13 14 -3 -1 -3 11 0.692308 2 11 -18 6 -8 14 0.782609 3 11 0 -4 15 -4 -10 15 0.837209 4 -4 -65 -19 -95 -4 0 -24 -115 
124 19 3 11 0.972973 4 -4 -13 -19 -8 1 -13 1 2 13 0.782609 1 28 58 14 0.782609 1 26 10 
125 19 10 0 0.714286 5 9 67 -11 67 -11 -48 -1 52 -1 57 1 0.310345 1 11 -21 4 0.813559 8 11 6 1 31 6 -24 1 41 11 6 -4 -4 -4 -4 6 26 5 0.48 2 -5 -31 -5 19 6 0.835052 9 14 -18 14 17 9 -28 14 -28 -1 -3 4 12 19 -18 4 -43 19 2 7 0.586957 3 -1 6 9 21 24 11 11 0.310345 1 -9 -3 13 0.310345 1 13 -27 14 0.310345 1 -4 20 15 0.853081 10 16 -95 -29 -10 -24 -50 -9 -105 -9 -130 -14 -100 16 -70 -24 -45 11 -20 -14 -65 
126 19 3 1 0.818182 2 -9 -66 11 -56 4 0.976744 7 6 31 -4 11 1 -9 11 41 -9 36 -14 -34 6 -9 11 0.666667 1 16 -13 
127 19 4 1 0.529412 1 -24 -96 2 0.970588 11 -32 -30 -32 -30 -32 -10 -32 -45 18 -10 18 20 -32 -5 18 25 13 -35 18 0 -32 -20 13 0.794118 3 28 -72 18 73 58 -77 14 0.705882 2 6 -45 -34 20 
128 19 4 6 0.72 1 -1 -48 11 0.72 1 6 -13 13 0.967742 5 -2 -67 8 3 -27 23 18 -37 -17 38 15 0.72 1 -9 -90 
129 19 10 1 0.692308 2 -34 -46 -29 -66 2 0.514286 1 13 40 5 0.514286 1 0 -51 6 0.514286 1 -36 7 7 0.782609 3 -21 -14 24 41 14 16 9 0.514286 1 -28 -16 12 0.514286 1 -12 -24 13 0.692308 2 3 63 33 63 14 0.782609 3 11 10 11 -55 -44 -25 15 0.782609 3 -44 -120 11 -165 1 -165 
130 19 2 5 0.972973 2 0 -51 5 -51 13 0.9 1 53 38 
131 19 3 2 0.978261 5 13 -25 18 -20 18 0 18 -15 18 -25 13 0.75 1 -52 -82 15 0.75 1 11 -40 
132 19 9 0 0.529412 1 -31 -58 1 0.847059 4 -19 -16 -29 -66 -29 -71 1 69 2 0.529412 1 18 -5 3 0.529412 1 0 -49 5 0.705882 2 0 -51 -25 -51 6 0.705882 2 -31 -18 -31 -8 7 0.705882 2 -26 -29 -36 -44 11 0.529412 1 -24 2 15 0.794118 3 -34 -155 16 -105 -44 -160 
133 19 2 0 0.992126 7 -26 22 -31 -68 -26 -13 -26 -23 -26 -18 -26 -28 -31 -58 10 0.72 1 -7 -59 
134 19 5 1 0.964286 6 36 -31 11 84 36 14 31 -11 31 -6 26 19 11 0.666667 1 31 2 12 0.666667 1 8 26 16 0.666667 1 37 -34 18 0.666667 1 24 -38 
135 19 2 1 0.986301 4 1 39 16 89 11 94 31 -6 4 0.818182 1 31 -49 
136 19 2 1 0.981818 3 26 34 26 34 31 34 12 0.857143 1 8 26 
137 19 2 3 0.857143 1 25 51 8 0.981818 3 27 11 27 1 27 21 
138 19 18 0 0.489796 4 -6 107 24 82 4 87 19 102 1 0.669767 8 36 -21 16 74 41 24 -9 59 21 39 26 59 -39 -71 -39 -76 2 0.1875 1 23 55 3 0.489796 4 25 51 -30 51 -5 -44 -30 51 4 0.318584 2 31 46 26 46 6 0.596685 6 69 17 -41 -33 14 37 -41 -33 34 32 -56 -23 7 0.1875 1 -31 -29 8 0.596685 6 27 31 22 51 27 36 -33 -49 27 51 27 51 9 0.1875 1 -28 -46 10 0.636364 7 23 6 -2 -44 -2 -34 23 11 23 46 18 56 18 56 11 0.636364 7 -39 -33 36 7 -34 -18 -39 -23 -39 -23 -39 -18 26 32 12 0.548781 5 13 6 13 1 13 -14 13 -4 18 -4 13 0.548781 5 48 63 -62 -57 -52 -57 63 73 -22 78 14 0.636364 7 6 -30 51 -5 41 -20 -39 -45 11 60 1 60 46 -5 15 0.1875 1 36 20 16 0.1875 1 17 56 17 0.636364 7 34 26 24 -29 34 -14 34 51 34 41 24 16 19 41 18 0.596685 6 29 37 34 -33 34 32 4 57 14 57 -11 -33 
139 19 10 0 0.514286 1 4 82 1 0.692308 2 21 -91 -9 39 4 0.514286 1 -24 51 6 0.9 6 54 -33 -26 32 14 32 -21 32 -1 32 -26 32 9 0.514286 1 2 54 10 0.514286 1 23 -34 12 0.514286 1 13 -14 13 0.514286 1 58 63 16 0.692308 2 42 -34 -3 56 17 0.692308 2 -16 56 14 56 
140 19 3 5 0.857143 1 30 -1 9 0.947368 2 32 49 32 -41 11 0.857143 1 31 7 
141 19 2 0 0.972973 2 24 -48 19 -28 6 0.9 1 44 -33 
142 19 13 0 0.5 1 29 -48 1 0.5 1 26 -6 3 0.5 1 25 -24 5 0.5 1 20 -6 6 0.679245 2 -46 -33 49 -33 8 0.679245 2 17 56 22 -29 9 0.679245 2 32 -36 22 54 11 0.5 1 36 2 12 0.679245 2 13 26 23 21 13 0.5 1 73 -77 14 0.5 1 36 30 15 0.5 1 26 -35 18 0.771429 3 9 52 -1 57 29 52 
143 19 3 3 0.947368 2 30 46 30 46 4 0.857143 1 26 41 14 0.857143 1 41 40 
144 19 2 12 0.981818 6 13 26 23 16 13 26 13 26 18 21 18 -14 13 0.857143 2 43 78 -27 -27 
145 19 6 0 0.461538 1 24 -78 2 0.461538 1 33 -50 3 0.911392 8 30 -24 30 -14 30 51 30 -34 30 -29 30 6 30 -4 30 11 4 0.461538 1 31 21 5 0.893617 7 30 24 30 19 15 54 30 -6 30 19 30 24 30 -51 12 0.8 4 23 -24 23 1 18 -24 13 -24 
146 19 8 0 0.731707 5 34 32 34 7 -26 72 24 -78 -26 72 2 0.731707 5 33 -20 33 -5 33 -25 33 20 33 15 3 0.679245 4 30 1 30 -39 30 -24 30 51 4 0.921502 15 31 -29 31 -44 31 11 31 -9 31 -4 31 -34 31 11 31 -19 31 -14 31 -19 31 -24 31 -39 31 -34 31 -14 31 1 5 0.5 2 30 54 30 14 7 0.5 2 39 -44 39 -44 11 0.327273 1 -29 12 13 0.679245 4 -17 83 -57 -67 -27 68 -62 -82 
147 19 2 0 0.9 1 34 27 5 0.972973 2 30 4 30 49 
148 19 10 0 0.666667 3 34 12 34 42 34 52 1 0.382979 1 41 -16 2 0.734694 4 33 40 33 -55 -7 -55 28 -55 4 0.382979 1 31 31 5 0.734694 4 30 14 30 39 30 -26 30 4 8 0.5625 2 12 -59 22 -59 9 0.666667 3 32 24 32 -6 32 -56 11 0.734694 4 41 -23 41 -13 41 -23 41 32 12 0.782609 5 23 6 23 11 23 1 23 6 23 -9 16 0.666667 3 42 -29 42 -29 42 -24 
149 19 2 0 0.992126 7 -31 62 -26 7 -21 -78 -26 -78 -31 -78 -31 -8 -31 -8 7 0.72 1 -26 -44 
150 19 4 9 0.72 1 -28 44 10 0.857143 2 -32 51 -32 46 16 0.72 1 -18 56 17 0.947368 4 -26 46 -36 36 9 56 -1 56 
151 19 8 8 0.705882 2 17 -54 12 -54 9 0.794118 3 7 -66 2 -66 22 -61 10 0.705882 2 18 -59 23 -59 14 0.529412 1 6 30 15 0.529412 1 -4 30 16 0.705882 2 -33 16 27 -59 17 0.705882 2 -6 -59 24 -54 18 0.847059 4 -26 17 29 -53 19 -53 19 -58 
152 19 3 10 0.75 1 -22 -64 17 0.96 4 24 -54 29 -54 -31 11 24 -59 18 0.878049 2 19 -58 24 -58 
153 19 4 1 0.969231 7 -29 -51 16 -106 -34 -101 -24 -106 -29 -106 16 -106 -34 -101 9 0.642857 1 17 -61 16 0.8 2 22 -59 27 -54 17 0.642857 1 14 -59 
154 19 19 0 0.433735 16 29 22 29 27 29 -3 19 92 24 7 29 37 29 -13 29 7 19 87 29 -13 4 102 -31 12 24 62 -6 102 29 -73 -31 -73 1 0.54 24 -14 -101 -34 14 -19 64 -39 -56 -39 -41 -39 -16 36 -1 36 -76 -34 -61 36 -81 26 -76 26 -51 31 -56 36 -36 31 4 31 -51 31 -71 -29 19 -34 -26 31 -96 -39 -1 21 -96 -9 94 -29 -46 2 0.4 14 28 5 28 10 28 55 -32 40 28 -25 -32 20 28 -15 28 15 28 25 28 -35 28 -35 33 -40 28 -40 33 -30 3 0.188679 5 -5 -44 -30 -34 30 -14 25 21 25 21 4 0.218623 6 26 6 26 -39 26 -29 -29 -29 31 26 26 -34 5 0.381729 13 25 -26 25 -11 25 34 25 49 25 -6 25 -31 25 -16 25 -1 25 24 25 -41 25 -26 25 -46 20 54 6 0.607182 31 54 -3 -41 17 -36 2 -41 -18 74 -8 39 22 44 12 44 7 39 -33 -41 -13 39 12 44 -43 34 -38 49 -23 39 -18 39 -33 39 -13 39 -23 44 -28 44 -18 -41 -8 49 -43 34 -23 39 -43 -41 -43 -41 -28 -41 12 -36 27 39 -48 44 -48 -51 -38 7 0.561151 26 -26 -19 -31 -9 -46 -19 54 -19 -46 -4 -31 26 44 -39 44 6 54 26 44 11 24 -34 49 36 44 -4 44 16 34 11 39 16 44 6 49 6 39 1 44 21 44 -19 49 -24 49 11 -26 -39 -41 -24 59 26 8 0.550796 25 27 -14 22 -54 22 21 27 36 22 -4 17 -9 17 -34 22 -24 22 -14 27 -9 22 26 22 41 22 6 22 31 22 11 22 -24 27 1 22 -44 17 -44 -13 56 22 -44 17 -34 17 -49 -3 56 27 -49 9 0.4 14 -28 -61 -23 4 32 19 27 -11 27 24 32 -1 32 29 32 -31 22 -36 7 54 32 -51 -18 54 32 -51 -23 54 10 0.561151 26 -32 -59 -32 56 23 26 23 11 28 41 18 1 23 -19 28 -14 18 21 23 41 23 36 18 31 18 -4 23 26 18 36 23 36 18 16 28 -29 3 56 23 -29 28 -49 23 -44 28 -44 18 -34 18 -49 8 56 11 0.550796 25 -34 -13 -39 -13 -9 32 -24 37 -14 7 36 -28 -34 -13 36 12 36 -23 36 22 36 -28 36 -23 36 2 -34 -8 -24 12 -4 37 36 -3 -29 2 11 32 -14 27 36 -33 -29 -3 11 27 -4 32 -34 2 12 0.491803 20 8 1 13 1 8 1 8 16 18 1 18 1 18 16 13 6 18 -4 18 6 18 11 13 -9 18 11 8 -4 8 11 13 21 18 16 -22 -9 13 -19 13 -19 13 0.571093 27 -32 28 -27 18 -22 -27 -57 -47 -37 33 43 -2 68 -52 48 8 73 63 68 63 73 63 58 58 68 33 73 43 48 -2 53 13 68 43 68 -52 -27 18 -57 -37 -57 -52 -57 -72 -22 -22 43 -22 -22 73 63 58 -47 -27 14 0.561151 26 -49 -40 26 -50 -49 -35 -49 -40 46 20 51 0 46 25 46 -50 51 10 51 -40 51 5 51 -35 41 -30 51 15 36 25 56 -10 51 0 -44 20 -44 30 -29 45 -14 50 -49 25 -44 25 -34 30 -44 25 26 40 15 0.504673 21 -34 15 -39 -100 46 -80 16 45 36 -100 41 -110 26 -145 41 -95 31 -115 36 -20 36 -140 46 -45 46 0 46 -40 31 -40 26 -45 36 -150 46 -35 46 -155 -49 -45 -39 15 16 0.550796 25 -28 -59 -28 -54 22 6 37 41 22 21 32 6 -28 -39 22 1 32 16 37 46 37 21 37 26 37 -24 -28 41 27 46 32 -39 37 -39 17 -34 27 -44 37 -44 22 -39 -23 56 -23 51 -28 56 17 -44 17 0.516971 22 14 -59 -31 41 34 21 29 11 24 -49 14 -14 29 31 19 -19 9 11 24 31 24 36 29 26 29 21 14 21 29 46 29 11 14 -9 24 -9 29 -24 34 -39 34 -39 24 -44 18 0.561151 26 24 -53 29 37 34 -3 19 -18 19 42 29 27 19 17 19 12 34 -18 29 7 29 -23 -36 -23 19 47 24 -23 34 12 29 -13 24 -3 34 -23 14 42 14 -28 34 -28 24 -28 14 52 34 -48 -26 47 -31 47 
155 19 2 10 0.986301 4 8 -64 3 -64 3 -64 -2 -64 16 0.818182 1 -23 -59 
156 19 6 8 0.818182 4 2 -59 -33 -14 -23 -59 -33 -54 9 0.666667 2 7 -61 12 -61 10 0.857143 5 -32 -29 -22 -59 -32 -14 -32 -29 -22 -59 16 0.760563 3 -28 -59 -28 21 -23 -49 17 0.760563 3 -31 -24 -36 -9 -26 -54 18 0.760563 3 -31 -3 4 -58 -26 -58 
157 19 2 16 0.989011 5 -28 -54 -18 -54 -28 11 -23 -34 -28 -34 17 0.782609 1 -26 -54 
158 19 4 9 0.837209 2 -23 -56 -23 29 10 0.692308 1 -32 -54 16 0.692308 1 -33 -9 18 0.957447 5 -36 -53 -41 7 -26 27 -26 -18 -31 -53 
159 19 5 9 0.6 1 -28 14 10 0.84375 3 -32 -34 -32 16 -32 31 16 0.84375 3 -33 31 -23 -24 -28 -19 17 0.918367 5 -31 1 -36 26 -36 -34 -31 -9 -31 -4 18 0.6 1 -26 42 
