10 115 1
0 0 -1 0 7 0 0 14 14 0 0 21 91 
1 1 -1 13 15 0 0 0 10 0 0 25 -210 
2 1 -1 3 1 0 0 0 7 0 0 20 -10 
3 2 -1 13 0 0 0 15 10 0 0 6 0 
4 2 -1 1 7 0 0 15 7 0 0 17 -63 
5 2 -1 15 0 0 0 1 13 0 0 22 -118 
6 2 -1 13 12 0 0 0 5 0 0 22 -133 
7 3 0 0 0 0 0 0 0 0 0 0 0 
8 3 1 0 0 0 0 0 0 0 0 0 0 
9 3 -1 0 14 0 0 9 5 0 0 25 95 
10 3 -1 9 0 0 0 11 1 0 0 2 -9 
11 3 -1 8 1 0 0 13 14 0 0 6 -2 
12 3 -1 2 10 0 0 13 3 0 0 21 -1 
13 3 -1 2 6 0 0 8 13 0 0 1 0 
14 3 -1 1 12 0 0 15 10 0 0 23 125 
15 4 0 0 0 0 0 0 0 0 0 0 0 
16 4 0 0 0 0 0 0 0 0 0 0 0 
17 4 0 0 0 0 0 0 0 0 0 0 0 
18 4 0 0 0 0 0 0 0 0 0 0 0 
19 4 -1 3 4 0 0 13 9 0 0 1 0 
20 4 -1 2 6 0 0 15 5 0 0 17 31 
21 4 -1 4 15 0 0 3 10 0 0 17 5 
22 4 -1 6 3 3 3 13 8 2 5 32 197 
23 4 -1 12 3 0 0 2 11 0 0 18 -1 
24 4 81 0 0 0 0 0 0 0 0 0 0 
25 4 82 0 0 0 0 0 0 0 0 0 0 
26 4 -1 13 12 0 0 14 5 0 0 1 0 
27 4 -1 1 14 0 0 13 0 0 0 4 -5 
28 4 -1 4 12 0 0 2 0 0 0 0 -5 
29 4 -1 4 1 0 0 6 7 0 0 17 1 
30 4 -1 10 1 0 0 2 5 0 0 1 0 
31 5 0 0 0 0 0 0 0 0 0 0 0 
32 5 0 0 0 0 0 0 0 0 0 0 0 
33 5 0 0 0 0 0 0 0 0 0 0 0 
34 5 0 0 0 0 0 0 0 0 0 0 0 
35 5 0 0 0 0 0 0 0 0 0 0 0 
36 5 0 0 0 0 0 0 0 0 0 0 0 
37 5 0 0 0 0 0 0 0 0 0 0 0 
38 5 0 0 0 0 0 0 0 0 0 0 0 
39 5 -1 8 10 0 0 14 1 0 0 4 -13 
40 5 -1 4 3 0 0 1 10 0 0 22 -11 
41 5 -1 2 9 0 0 11 3 0 0 0 0 
42 5 -1 14 14 0 0 3 3 0 0 0 -4 
43 5 -1 5 2 3 2 8 8 4 4 32 -454 
44 5 -1 6 5 3 4 10 13 2 2 32 445 
45 5 -1 0 5 0 0 14 5 0 0 16 -66 
46 5 -1 9 10 0 0 13 8 0 0 5 3 
47 5 79 0 0 0 0 0 0 0 0 0 0 
48 5 80 0 0 0 0 0 0 0 0 0 0 
49 5 0 0 0 0 0 0 0 0 0 0 0 
50 5 0 0 0 0 0 0 0 0 0 0 0 
51 5 0 0 0 0 0 0 0 0 0 0 0 
52 5 0 0 0 0 0 0 0 0 0 0 0 
53 5 -1 10 12 0 0 5 4 0 0 2 1 
54 5 -1 3 3 0 0 13 1 0 0 4 -28 
55 5 -1 12 5 0 0 3 5 0 0 2 6 
56 5 94 0 0 0 0 0 0 0 0 0 0 
57 5 95 0 0 0 0 0 0 0 0 0 0 
58 5 -1 14 7 0 0 0 3 0 0 1 0 
59 5 99 0 0 0 0 0 0 0 0 0 0 
60 5 -1 1 4 0 0 8 12 0 0 16 -127 
61 5 -1 5 0 0 0 14 12 0 0 1 0 
62 5 -1 0 15 0 0 14 11 0 0 23 130 
63 6 0 0 0 0 0 0 0 0 0 0 0 
64 6 0 0 0 0 0 0 0 0 0 0 0 
65 6 0 0 0 0 0 0 0 0 0 0 0 
66 6 0 0 0 0 0 0 0 0 0 0 0 
67 6 0 0 0 0 0 0 0 0 0 0 0 
68 6 0 0 0 0 0 0 0 0 0 0 0 
69 6 0 0 0 0 0 0 0 0 0 0 0 
70 6 0 0 0 0 0 0 0 0 0 0 0 
71 6 0 0 0 0 0 0 0 0 0 0 0 
72 6 0 0 0 0 0 0 0 0 0 0 0 
73 6 0 0 0 0 0 0 0 0 0 0 0 
74 6 0 0 0 0 0 0 0 0 0 0 0 
75 6 0 0 0 0 0 0 0 0 0 0 0 
76 6 0 0 0 0 0 0 0 0 0 0 0 
77 6 0 0 0 0 0 0 0 0 0 0 0 
78 6 0 0 0 0 0 0 0 0 0 0 0 
79 6 -1 12 0 0 0 0 4 0 0 31 -32 
80 6 -1 0 8 0 0 15 3 0 0 24 37 
81 6 -1 3 15 0 0 13 4 0 0 6 12 
82 6 -1 0 6 0 0 0 1 0 0 20 14 
83 6 -1 12 15 0 0 0 0 0 0 17 89 
84 6 -1 13 2 0 0 1 8 0 0 29 -100 
85 6 41 0 0 0 0 0 0 0 0 0 0 
86 6 42 0 0 0 0 0 0 0 0 0 0 
87 6 43 0 0 0 0 0 0 0 0 0 0 
88 6 44 0 0 0 0 0 0 0 0 0 0 
89 6 45 0 0 0 0 0 0 0 0 0 0 
90 6 46 0 0 0 0 0 0 0 0 0 0 
91 6 -1 14 10 0 0 2 3 0 0 17 9 
92 6 -1 8 1 0 0 9 12 0 0 3 20 
93 6 -1 10 14 0 0 2 10 0 0 1 19 
94 6 -1 6 9 0 0 5 9 0 0 1 4 
95 6 0 0 0 0 0 0 0 0 0 0 0 
96 6 0 0 0 0 0 0 0 0 0 0 0 
97 6 0 0 0 0 0 0 0 0 0 0 0 
98 6 0 0 0 0 0 0 0 0 0 0 0 
99 6 0 0 0 0 0 0 0 0 0 0 0 
100 6 0 0 0 0 0 0 0 0 0 0 0 
101 6 0 0 0 0 0 0 0 0 0 0 0 
102 6 0 0 0 0 0 0 0 0 0 0 0 
103 6 0 0 0 0 0 0 0 0 0 0 0 
104 6 0 0 0 0 0 0 0 0 0 0 0 
105 6 0 0 0 0 0 0 0 0 0 0 0 
106 6 0 0 0 0 0 0 0 0 0 0 0 
107 6 83 0 0 0 0 0 0 0 0 0 0 
108 6 -1 4 10 0 0 8 14 0 0 1 -1 
109 6 86 0 0 0 0 0 0 0 0 0 0 
110 6 -1 5 6 0 0 0 9 0 0 19 -113 
111 6 92 0 0 0 0 0 0 0 0 0 0 
112 6 93 0 0 0 0 0 0 0 0 0 0 
113 6 0 0 0 0 0 0 0 0 0 0 0 
114 6 0 0 0 0 0 0 0 0 0 0 0 
115 6 0 0 0 0 0 0 0 0 0 0 0 
116 6 0 0 0 0 0 0 0 0 0 0 0 
117 6 96 0 0 0 0 0 0 0 0 0 0 
118 6 -1 9 15 0 0 1 14 0 0 26 -1 
119 6 0 0 0 0 0 0 0 0 0 0 0 
120 6 0 0 0 0 0 0 0 0 0 0 0 
121 6 100 0 0 0 0 0 0 0 0 0 0 
122 6 101 0 0 0 0 0 0 0 0 0 0 
123 6 102 0 0 0 0 0 0 0 0 0 0 
124 6 -1 7 9 0 0 12 14 0 0 5 -9 
125 6 -1 5 9 0 0 1 14 0 0 17 121 
126 6 114 0 0 0 0 0 0 0 0 0 0 
127 7 0 0 0 0 0 0 0 0 0 0 0 
128 7 0 0 0 0 0 0 0 0 0 0 0 
129 7 0 0 0 0 0 0 0 0 0 0 0 
130 7 0 0 0 0 0 0 0 0 0 0 0 
131 7 0 0 0 0 0 0 0 0 0 0 0 
132 7 0 0 0 0 0 0 0 0 0 0 0 
133 7 0 0 0 0 0 0 0 0 0 0 0 
134 7 0 0 0 0 0 0 0 0 0 0 0 
135 7 0 0 0 0 0 0 0 0 0 0 0 
136 7 0 0 0 0 0 0 0 0 0 0 0 
137 7 0 0 0 0 0 0 0 0 0 0 0 
138 7 0 0 0 0 0 0 0 0 0 0 0 
139 7 0 0 0 0 0 0 0 0 0 0 0 
140 7 0 0 0 0 0 0 0 0 0 0 0 
141 7 0 0 0 0 0 0 0 0 0 0 0 
142 7 0 0 0 0 0 0 0 0 0 0 0 
143 7 0 0 0 0 0 0 0 0 0 0 0 
144 7 0 0 0 0 0 0 0 0 0 0 0 
145 7 0 0 0 0 0 0 0 0 0 0 0 
146 7 0 0 0 0 0 0 0 0 0 0 0 
147 7 0 0 0 0 0 0 0 0 0 0 0 
148 7 0 0 0 0 0 0 0 0 0 0 0 
149 7 0 0 0 0 0 0 0 0 0 0 0 
150 7 0 0 0 0 0 0 0 0 0 0 0 
151 7 0 0 0 0 0 0 0 0 0 0 0 
152 7 0 0 0 0 0 0 0 0 0 0 0 
153 7 0 0 0 0 0 0 0 0 0 0 0 
154 7 0 0 0 0 0 0 0 0 0 0 0 
155 7 0 0 0 0 0 0 0 0 0 0 0 
156 7 0 0 0 0 0 0 0 0 0 0 0 
157 7 0 0 0 0 0 0 0 0 0 0 0 
158 7 0 0 0 0 0 0 0 0 0 0 0 
159 7 -1 0 8 0 0 9 12 0 0 22 4 
160 7 -1 10 4 0 0 0 4 0 0 5 4 
161 7 -1 0 7 0 0 11 14 0 0 25 101 
162 7 -1 11 1 0 0 12 10 0 0 17 2 
163 7 -1 1 12 0 0 12 1 0 0 21 113 
164 7 24 0 0 0 0 0 0 0 0 0 0 
165 7 -1 4 1 0 0 0 4 0 0 18 88 
166 7 -1 2 11 0 0 7 2 0 0 2 0 
167 7 36 0 0 0 0 0 0 0 0 0 0 
168 7 37 0 0 0 0 0 0 0 0 0 0 
169 7 38 0 0 0 0 0 0 0 0 0 0 
170 7 -1 7 15 0 0 14 0 0 0 6 -20 
171 7 0 0 0 0 0 0 0 0 0 0 0 
172 7 0 0 0 0 0 0 0 0 0 0 0 
173 7 0 0 0 0 0 0 0 0 0 0 0 
174 7 0 0 0 0 0 0 0 0 0 0 0 
175 7 0 0 0 0 0 0 0 0 0 0 0 
176 7 0 0 0 0 0 0 0 0 0 0 0 
177 7 0 0 0 0 0 0 0 0 0 0 0 
178 7 0 0 0 0 0 0 0 0 0 0 0 
179 7 0 0 0 0 0 0 0 0 0 0 0 
180 7 0 0 0 0 0 0 0 0 0 0 0 
181 7 0 0 0 0 0 0 0 0 0 0 0 
182 7 0 0 0 0 0 0 0 0 0 0 0 
183 7 -1 9 2 0 0 6 2 0 0 18 0 
184 7 -1 5 9 0 0 7 6 0 0 3 -31 
185 7 -1 3 6 0 0 11 14 0 0 2 9 
186 7 -1 5 3 0 0 10 4 0 0 16 -9 
187 7 -1 12 12 0 0 1 8 0 0 17 5 
188 7 72 0 0 0 0 0 0 0 0 0 0 
189 7 -1 1 6 3 6 9 14 1 1 32 513 
190 7 -1 7 13 0 0 11 15 0 0 2 20 
191 7 0 0 0 0 0 0 0 0 0 0 0 
192 7 0 0 0 0 0 0 0 0 0 0 0 
193 7 0 0 0 0 0 0 0 0 0 0 0 
194 7 0 0 0 0 0 0 0 0 0 0 0 
195 7 0 0 0 0 0 0 0 0 0 0 0 
196 7 0 0 0 0 0 0 0 0 0 0 0 
197 7 0 0 0 0 0 0 0 0 0 0 0 
198 7 0 0 0 0 0 0 0 0 0 0 0 
199 7 0 0 0 0 0 0 0 0 0 0 0 
200 7 0 0 0 0 0 0 0 0 0 0 0 
201 7 0 0 0 0 0 0 0 0 0 0 0 
202 7 0 0 0 0 0 0 0 0 0 0 0 
203 7 0 0 0 0 0 0 0 0 0 0 0 
204 7 0 0 0 0 0 0 0 0 0 0 0 
205 7 0 0 0 0 0 0 0 0 0 0 0 
206 7 0 0 0 0 0 0 0 0 0 0 0 
207 7 0 0 0 0 0 0 0 0 0 0 0 
208 7 0 0 0 0 0 0 0 0 0 0 0 
209 7 0 0 0 0 0 0 0 0 0 0 0 
210 7 0 0 0 0 0 0 0 0 0 0 0 
211 7 0 0 0 0 0 0 0 0 0 0 0 
212 7 0 0 0 0 0 0 0 0 0 0 0 
213 7 0 0 0 0 0 0 0 0 0 0 0 
214 7 0 0 0 0 0 0 0 0 0 0 0 
215 7 0 0 0 0 0 0 0 0 0 0 0 
216 7 0 0 0 0 0 0 0 0 0 0 0 
217 7 84 0 0 0 0 0 0 0 0 0 0 
218 7 85 0 0 0 0 0 0 0 0 0 0 
219 7 0 0 0 0 0 0 0 0 0 0 0 
220 7 0 0 0 0 0 0 0 0 0 0 0 
221 7 -1 6 15 0 0 12 2 0 0 22 1 
222 7 91 0 0 0 0 0 0 0 0 0 0 
223 7 0 0 0 0 0 0 0 0 0 0 0 
224 7 0 0 0 0 0 0 0 0 0 0 0 
225 7 0 0 0 0 0 0 0 0 0 0 0 
226 7 0 0 0 0 0 0 0 0 0 0 0 
227 7 0 0 0 0 0 0 0 0 0 0 0 
228 7 0 0 0 0 0 0 0 0 0 0 0 
229 7 0 0 0 0 0 0 0 0 0 0 0 
230 7 0 0 0 0 0 0 0 0 0 0 0 
231 7 0 0 0 0 0 0 0 0 0 0 0 
232 7 0 0 0 0 0 0 0 0 0 0 0 
233 7 0 0 0 0 0 0 0 0 0 0 0 
234 7 0 0 0 0 0 0 0 0 0 0 0 
235 7 0 0 0 0 0 0 0 0 0 0 0 
236 7 0 0 0 0 0 0 0 0 0 0 0 
237 7 97 0 0 0 0 0 0 0 0 0 0 
238 7 98 0 0 0 0 0 0 0 0 0 0 
239 7 0 0 0 0 0 0 0 0 0 0 0 
240 7 0 0 0 0 0 0 0 0 0 0 0 
241 7 0 0 0 0 0 0 0 0 0 0 0 
242 7 0 0 0 0 0 0 0 0 0 0 0 
243 7 0 0 0 0 0 0 0 0 0 0 0 
244 7 0 0 0 0 0 0 0 0 0 0 0 
245 7 0 0 0 0 0 0 0 0 0 0 0 
246 7 0 0 0 0 0 0 0 0 0 0 0 
247 7 0 0 0 0 0 0 0 0 0 0 0 
248 7 0 0 0 0 0 0 0 0 0 0 0 
249 7 -1 9 6 0 0 2 15 0 0 18 -1 
250 7 -1 13 15 0 0 0 2 0 0 17 111 
251 7 109 0 0 0 0 0 0 0 0 0 0 
252 7 -1 1 7 0 0 9 8 0 0 18 -126 
253 7 0 0 0 0 0 0 0 0 0 0 0 
254 7 0 0 0 0 0 0 0 0 0 0 0 
255 8 0 0 0 0 0 0 0 0 0 0 0 
256 8 0 0 0 0 0 0 0 0 0 0 0 
257 8 0 0 0 0 0 0 0 0 0 0 0 
258 8 0 0 0 0 0 0 0 0 0 0 0 
259 8 0 0 0 0 0 0 0 0 0 0 0 
260 8 0 0 0 0 0 0 0 0 0 0 0 
261 8 0 0 0 0 0 0 0 0 0 0 0 
262 8 0 0 0 0 0 0 0 0 0 0 0 
263 8 0 0 0 0 0 0 0 0 0 0 0 
264 8 0 0 0 0 0 0 0 0 0 0 0 
265 8 0 0 0 0 0 0 0 0 0 0 0 
266 8 0 0 0 0 0 0 0 0 0 0 0 
267 8 0 0 0 0 0 0 0 0 0 0 0 
268 8 0 0 0 0 0 0 0 0 0 0 0 
269 8 0 0 0 0 0 0 0 0 0 0 0 
270 8 0 0 0 0 0 0 0 0 0 0 0 
271 8 0 0 0 0 0 0 0 0 0 0 0 
272 8 0 0 0 0 0 0 0 0 0 0 0 
273 8 0 0 0 0 0 0 0 0 0 0 0 
274 8 0 0 0 0 0 0 0 0 0 0 0 
275 8 0 0 0 0 0 0 0 0 0 0 0 
276 8 0 0 0 0 0 0 0 0 0 0 0 
277 8 0 0 0 0 0 0 0 0 0 0 0 
278 8 0 0 0 0 0 0 0 0 0 0 0 
279 8 0 0 0 0 0 0 0 0 0 0 0 
280 8 0 0 0 0 0 0 0 0 0 0 0 
281 8 0 0 0 0 0 0 0 0 0 0 0 
282 8 0 0 0 0 0 0 0 0 0 0 0 
283 8 0 0 0 0 0 0 0 0 0 0 0 
284 8 0 0 0 0 0 0 0 0 0 0 0 
285 8 0 0 0 0 0 0 0 0 0 0 0 
286 8 0 0 0 0 0 0 0 0 0 0 0 
287 8 0 0 0 0 0 0 0 0 0 0 0 
288 8 0 0 0 0 0 0 0 0 0 0 0 
289 8 0 0 0 0 0 0 0 0 0 0 0 
290 8 0 0 0 0 0 0 0 0 0 0 0 
291 8 0 0 0 0 0 0 0 0 0 0 0 
292 8 0 0 0 0 0 0 0 0 0 0 0 
293 8 0 0 0 0 0 0 0 0 0 0 0 
294 8 0 0 0 0 0 0 0 0 0 0 0 
295 8 0 0 0 0 0 0 0 0 0 0 0 
296 8 0 0 0 0 0 0 0 0 0 0 0 
297 8 0 0 0 0 0 0 0 0 0 0 0 
298 8 0 0 0 0 0 0 0 0 0 0 0 
299 8 0 0 0 0 0 0 0 0 0 0 0 
300 8 0 0 0 0 0 0 0 0 0 0 0 
301 8 0 0 0 0 0 0 0 0 0 0 0 
302 8 0 0 0 0 0 0 0 0 0 0 0 
303 8 0 0 0 0 0 0 0 0 0 0 0 
304 8 0 0 0 0 0 0 0 0 0 0 0 
305 8 0 0 0 0 0 0 0 0 0 0 0 
306 8 0 0 0 0 0 0 0 0 0 0 0 
307 8 0 0 0 0 0 0 0 0 0 0 0 
308 8 0 0 0 0 0 0 0 0 0 0 0 
309 8 0 0 0 0 0 0 0 0 0 0 0 
310 8 0 0 0 0 0 0 0 0 0 0 0 
311 8 0 0 0 0 0 0 0 0 0 0 0 
312 8 0 0 0 0 0 0 0 0 0 0 0 
313 8 0 0 0 0 0 0 0 0 0 0 0 
314 8 0 0 0 0 0 0 0 0 0 0 0 
315 8 0 0 0 0 0 0 0 0 0 0 0 
316 8 0 0 0 0 0 0 0 0 0 0 0 
317 8 0 0 0 0 0 0 0 0 0 0 0 
318 8 0 0 0 0 0 0 0 0 0 0 0 
319 8 -1 9 12 0 0 0 15 0 0 27 -1 
320 8 4 0 0 0 0 0 0 0 0 0 0 
321 8 5 0 0 0 0 0 0 0 0 0 0 
322 8 -1 12 0 0 0 1 6 0 0 22 -29 
323 8 -1 0 13 0 0 14 1 0 0 26 1 
324 8 13 0 0 0 0 0 0 0 0 0 0 
325 8 -1 1 9 0 0 1 0 0 0 26 -38 
326 8 17 0 0 0 0 0 0 0 0 0 0 
327 8 -1 0 1 0 0 4 1 0 0 27 1 
328 8 -1 13 8 0 0 12 5 0 0 16 -9 
329 8 0 0 0 0 0 0 0 0 0 0 0 
330 8 0 0 0 0 0 0 0 0 0 0 0 
331 8 -1 8 14 0 0 9 1 0 0 6 16 
332 8 -1 6 5 0 0 12 13 0 0 5 -7 
333 8 32 0 0 0 0 0 0 0 0 0 0 
334 8 -1 12 11 0 0 1 2 0 0 6 7 
335 8 0 0 0 0 0 0 0 0 0 0 0 
336 8 0 0 0 0 0 0 0 0 0 0 0 
337 8 0 0 0 0 0 0 0 0 0 0 0 
338 8 0 0 0 0 0 0 0 0 0 0 0 
339 8 0 0 0 0 0 0 0 0 0 0 0 
340 8 0 0 0 0 0 0 0 0 0 0 0 
341 8 39 0 0 0 0 0 0 0 0 0 0 
342 8 40 0 0 0 0 0 0 0 0 0 0 
343 8 0 0 0 0 0 0 0 0 0 0 0 
344 8 0 0 0 0 0 0 0 0 0 0 0 
345 8 0 0 0 0 0 0 0 0 0 0 0 
346 8 0 0 0 0 0 0 0 0 0 0 0 
347 8 0 0 0 0 0 0 0 0 0 0 0 
348 8 0 0 0 0 0 0 0 0 0 0 0 
349 8 0 0 0 0 0 0 0 0 0 0 0 
350 8 0 0 0 0 0 0 0 0 0 0 0 
351 8 0 0 0 0 0 0 0 0 0 0 0 
352 8 0 0 0 0 0 0 0 0 0 0 0 
353 8 0 0 0 0 0 0 0 0 0 0 0 
354 8 0 0 0 0 0 0 0 0 0 0 0 
355 8 0 0 0 0 0 0 0 0 0 0 0 
356 8 0 0 0 0 0 0 0 0 0 0 0 
357 8 0 0 0 0 0 0 0 0 0 0 0 
358 8 0 0 0 0 0 0 0 0 0 0 0 
359 8 0 0 0 0 0 0 0 0 0 0 0 
360 8 0 0 0 0 0 0 0 0 0 0 0 
361 8 0 0 0 0 0 0 0 0 0 0 0 
362 8 0 0 0 0 0 0 0 0 0 0 0 
363 8 0 0 0 0 0 0 0 0 0 0 0 
364 8 0 0 0 0 0 0 0 0 0 0 0 
365 8 0 0 0 0 0 0 0 0 0 0 0 
366 8 0 0 0 0 0 0 0 0 0 0 0 
367 8 47 0 0 0 0 0 0 0 0 0 0 
368 8 -1 1 14 0 0 11 14 0 0 16 -126 
369 8 51 0 0 0 0 0 0 0 0 0 0 
370 8 52 0 0 0 0 0 0 0 0 0 0 
371 8 -1 10 5 0 0 15 12 0 0 22 4 
372 8 -1 10 6 0 0 1 6 0 0 6 3 
373 8 -1 5 3 1 5 14 12 1 3 32 -218 
374 8 -1 12 5 0 0 14 8 0 0 18 9 
375 8 -1 1 1 0 4 1 8 14 7 32 -497 
376 8 -1 1 1 3 0 5 4 7 3 32 -674 
377 8 0 0 0 0 0 0 0 0 0 0 0 
378 8 0 0 0 0 0 0 0 0 0 0 0 
379 8 -1 3 3 4 3 8 9 6 6 32 246 
380 8 75 0 0 0 0 0 0 0 0 0 0 
381 8 -1 3 3 4 1 9 4 5 7 32 -1038 
382 8 78 0 0 0 0 0 0 0 0 0 0 
383 8 0 0 0 0 0 0 0 0 0 0 0 
384 8 0 0 0 0 0 0 0 0 0 0 0 
385 8 0 0 0 0 0 0 0 0 0 0 0 
386 8 0 0 0 0 0 0 0 0 0 0 0 
387 8 0 0 0 0 0 0 0 0 0 0 0 
388 8 0 0 0 0 0 0 0 0 0 0 0 
389 8 0 0 0 0 0 0 0 0 0 0 0 
390 8 0 0 0 0 0 0 0 0 0 0 0 
391 8 0 0 0 0 0 0 0 0 0 0 0 
392 8 0 0 0 0 0 0 0 0 0 0 0 
393 8 0 0 0 0 0 0 0 0 0 0 0 
394 8 0 0 0 0 0 0 0 0 0 0 0 
395 8 0 0 0 0 0 0 0 0 0 0 0 
396 8 0 0 0 0 0 0 0 0 0 0 0 
397 8 0 0 0 0 0 0 0 0 0 0 0 
398 8 0 0 0 0 0 0 0 0 0 0 0 
399 8 0 0 0 0 0 0 0 0 0 0 0 
400 8 0 0 0 0 0 0 0 0 0 0 0 
401 8 0 0 0 0 0 0 0 0 0 0 0 
402 8 0 0 0 0 0 0 0 0 0 0 0 
403 8 0 0 0 0 0 0 0 0 0 0 0 
404 8 0 0 0 0 0 0 0 0 0 0 0 
405 8 0 0 0 0 0 0 0 0 0 0 0 
406 8 0 0 0 0 0 0 0 0 0 0 0 
407 8 0 0 0 0 0 0 0 0 0 0 0 
408 8 0 0 0 0 0 0 0 0 0 0 0 
409 8 0 0 0 0 0 0 0 0 0 0 0 
410 8 0 0 0 0 0 0 0 0 0 0 0 
411 8 0 0 0 0 0 0 0 0 0 0 0 
412 8 0 0 0 0 0 0 0 0 0 0 0 
413 8 0 0 0 0 0 0 0 0 0 0 0 
414 8 0 0 0 0 0 0 0 0 0 0 0 
415 8 0 0 0 0 0 0 0 0 0 0 0 
416 8 0 0 0 0 0 0 0 0 0 0 0 
417 8 0 0 0 0 0 0 0 0 0 0 0 
418 8 0 0 0 0 0 0 0 0 0 0 0 
419 8 0 0 0 0 0 0 0 0 0 0 0 
420 8 0 0 0 0 0 0 0 0 0 0 0 
421 8 0 0 0 0 0 0 0 0 0 0 0 
422 8 0 0 0 0 0 0 0 0 0 0 0 
423 8 0 0 0 0 0 0 0 0 0 0 0 
424 8 0 0 0 0 0 0 0 0 0 0 0 
425 8 0 0 0 0 0 0 0 0 0 0 0 
426 8 0 0 0 0 0 0 0 0 0 0 0 
427 8 0 0 0 0 0 0 0 0 0 0 0 
428 8 0 0 0 0 0 0 0 0 0 0 0 
429 8 0 0 0 0 0 0 0 0 0 0 0 
430 8 0 0 0 0 0 0 0 0 0 0 0 
431 8 0 0 0 0 0 0 0 0 0 0 0 
432 8 0 0 0 0 0 0 0 0 0 0 0 
433 8 0 0 0 0 0 0 0 0 0 0 0 
434 8 0 0 0 0 0 0 0 0 0 0 0 
435 8 0 0 0 0 0 0 0 0 0 0 0 
436 8 0 0 0 0 0 0 0 0 0 0 0 
437 8 0 0 0 0 0 0 0 0 0 0 0 
438 8 0 0 0 0 0 0 0 0 0 0 0 
439 8 0 0 0 0 0 0 0 0 0 0 0 
440 8 0 0 0 0 0 0 0 0 0 0 0 
441 8 0 0 0 0 0 0 0 0 0 0 0 
442 8 0 0 0 0 0 0 0 0 0 0 0 
443 8 -1 11 3 0 0 1 4 0 0 17 121 
444 8 90 0 0 0 0 0 0 0 0 0 0 
445 8 0 0 0 0 0 0 0 0 0 0 0 
446 8 0 0 0 0 0 0 0 0 0 0 0 
447 8 0 0 0 0 0 0 0 0 0 0 0 
448 8 0 0 0 0 0 0 0 0 0 0 0 
449 8 0 0 0 0 0 0 0 0 0 0 0 
450 8 0 0 0 0 0 0 0 0 0 0 0 
451 8 0 0 0 0 0 0 0 0 0 0 0 
452 8 0 0 0 0 0 0 0 0 0 0 0 
453 8 0 0 0 0 0 0 0 0 0 0 0 
454 8 0 0 0 0 0 0 0 0 0 0 0 
455 8 0 0 0 0 0 0 0 0 0 0 0 
456 8 0 0 0 0 0 0 0 0 0 0 0 
457 8 0 0 0 0 0 0 0 0 0 0 0 
458 8 0 0 0 0 0 0 0 0 0 0 0 
459 8 0 0 0 0 0 0 0 0 0 0 0 
460 8 0 0 0 0 0 0 0 0 0 0 0 
461 8 0 0 0 0 0 0 0 0 0 0 0 
462 8 0 0 0 0 0 0 0 0 0 0 0 
463 8 0 0 0 0 0 0 0 0 0 0 0 
464 8 0 0 0 0 0 0 0 0 0 0 0 
465 8 0 0 0 0 0 0 0 0 0 0 0 
466 8 0 0 0 0 0 0 0 0 0 0 0 
467 8 0 0 0 0 0 0 0 0 0 0 0 
468 8 0 0 0 0 0 0 0 0 0 0 0 
469 8 0 0 0 0 0 0 0 0 0 0 0 
470 8 0 0 0 0 0 0 0 0 0 0 0 
471 8 0 0 0 0 0 0 0 0 0 0 0 
472 8 0 0 0 0 0 0 0 0 0 0 0 
473 8 0 0 0 0 0 0 0 0 0 0 0 
474 8 0 0 0 0 0 0 0 0 0 0 0 
475 8 0 0 0 0 0 0 0 0 0 0 0 
476 8 0 0 0 0 0 0 0 0 0 0 0 
477 8 0 0 0 0 0 0 0 0 0 0 0 
478 8 0 0 0 0 0 0 0 0 0 0 0 
479 8 0 0 0 0 0 0 0 0 0 0 0 
480 8 0 0 0 0 0 0 0 0 0 0 0 
481 8 0 0 0 0 0 0 0 0 0 0 0 
482 8 0 0 0 0 0 0 0 0 0 0 0 
483 8 0 0 0 0 0 0 0 0 0 0 0 
484 8 0 0 0 0 0 0 0 0 0 0 0 
485 8 0 0 0 0 0 0 0 0 0 0 0 
486 8 0 0 0 0 0 0 0 0 0 0 0 
487 8 0 0 0 0 0 0 0 0 0 0 0 
488 8 0 0 0 0 0 0 0 0 0 0 0 
489 8 0 0 0 0 0 0 0 0 0 0 0 
490 8 0 0 0 0 0 0 0 0 0 0 0 
491 8 0 0 0 0 0 0 0 0 0 0 0 
492 8 0 0 0 0 0 0 0 0 0 0 0 
493 8 0 0 0 0 0 0 0 0 0 0 0 
494 8 0 0 0 0 0 0 0 0 0 0 0 
495 8 0 0 0 0 0 0 0 0 0 0 0 
496 8 0 0 0 0 0 0 0 0 0 0 0 
497 8 0 0 0 0 0 0 0 0 0 0 0 
498 8 0 0 0 0 0 0 0 0 0 0 0 
499 8 103 0 0 0 0 0 0 0 0 0 0 
500 8 104 0 0 0 0 0 0 0 0 0 0 
501 8 -1 8 0 0 0 12 15 0 0 0 3 
502 8 -1 14 3 0 0 1 3 0 0 4 3 
503 8 0 0 0 0 0 0 0 0 0 0 0 
504 8 0 0 0 0 0 0 0 0 0 0 0 
505 8 110 0 0 0 0 0 0 0 0 0 0 
506 8 -1 0 15 0 0 10 3 0 0 6 -11 
507 8 0 0 0 0 0 0 0 0 0 0 0 
508 8 0 0 0 0 0 0 0 0 0 0 0 
509 8 0 0 0 0 0 0 0 0 0 0 0 
510 8 0 0 0 0 0 0 0 0 0 0 0 
511 9 0 0 0 0 0 0 0 0 0 0 0 
512 9 0 0 0 0 0 0 0 0 0 0 0 
513 9 0 0 0 0 0 0 0 0 0 0 0 
514 9 0 0 0 0 0 0 0 0 0 0 0 
515 9 0 0 0 0 0 0 0 0 0 0 0 
516 9 0 0 0 0 0 0 0 0 0 0 0 
517 9 0 0 0 0 0 0 0 0 0 0 0 
518 9 0 0 0 0 0 0 0 0 0 0 0 
519 9 0 0 0 0 0 0 0 0 0 0 0 
520 9 0 0 0 0 0 0 0 0 0 0 0 
521 9 0 0 0 0 0 0 0 0 0 0 0 
522 9 0 0 0 0 0 0 0 0 0 0 0 
523 9 0 0 0 0 0 0 0 0 0 0 0 
524 9 0 0 0 0 0 0 0 0 0 0 0 
525 9 0 0 0 0 0 0 0 0 0 0 0 
526 9 0 0 0 0 0 0 0 0 0 0 0 
527 9 0 0 0 0 0 0 0 0 0 0 0 
528 9 0 0 0 0 0 0 0 0 0 0 0 
529 9 0 0 0 0 0 0 0 0 0 0 0 
530 9 0 0 0 0 0 0 0 0 0 0 0 
531 9 0 0 0 0 0 0 0 0 0 0 0 
532 9 0 0 0 0 0 0 0 0 0 0 0 
533 9 0 0 0 0 0 0 0 0 0 0 0 
534 9 0 0 0 0 0 0 0 0 0 0 0 
535 9 0 0 0 0 0 0 0 0 0 0 0 
536 9 0 0 0 0 0 0 0 0 0 0 0 
537 9 0 0 0 0 0 0 0 0 0 0 0 
538 9 0 0 0 0 0 0 0 0 0 0 0 
539 9 0 0 0 0 0 0 0 0 0 0 0 
540 9 0 0 0 0 0 0 0 0 0 0 0 
541 9 0 0 0 0 0 0 0 0 0 0 0 
542 9 0 0 0 0 0 0 0 0 0 0 0 
543 9 0 0 0 0 0 0 0 0 0 0 0 
544 9 0 0 0 0 0 0 0 0 0 0 0 
545 9 0 0 0 0 0 0 0 0 0 0 0 
546 9 0 0 0 0 0 0 0 0 0 0 0 
547 9 0 0 0 0 0 0 0 0 0 0 0 
548 9 0 0 0 0 0 0 0 0 0 0 0 
549 9 0 0 0 0 0 0 0 0 0 0 0 
550 9 0 0 0 0 0 0 0 0 0 0 0 
551 9 0 0 0 0 0 0 0 0 0 0 0 
552 9 0 0 0 0 0 0 0 0 0 0 0 
553 9 0 0 0 0 0 0 0 0 0 0 0 
554 9 0 0 0 0 0 0 0 0 0 0 0 
555 9 0 0 0 0 0 0 0 0 0 0 0 
556 9 0 0 0 0 0 0 0 0 0 0 0 
557 9 0 0 0 0 0 0 0 0 0 0 0 
558 9 0 0 0 0 0 0 0 0 0 0 0 
559 9 0 0 0 0 0 0 0 0 0 0 0 
560 9 0 0 0 0 0 0 0 0 0 0 0 
561 9 0 0 0 0 0 0 0 0 0 0 0 
562 9 0 0 0 0 0 0 0 0 0 0 0 
563 9 0 0 0 0 0 0 0 0 0 0 0 
564 9 0 0 0 0 0 0 0 0 0 0 0 
565 9 0 0 0 0 0 0 0 0 0 0 0 
566 9 0 0 0 0 0 0 0 0 0 0 0 
567 9 0 0 0 0 0 0 0 0 0 0 0 
568 9 0 0 0 0 0 0 0 0 0 0 0 
569 9 0 0 0 0 0 0 0 0 0 0 0 
570 9 0 0 0 0 0 0 0 0 0 0 0 
571 9 0 0 0 0 0 0 0 0 0 0 0 
572 9 0 0 0 0 0 0 0 0 0 0 0 
573 9 0 0 0 0 0 0 0 0 0 0 0 
574 9 0 0 0 0 0 0 0 0 0 0 0 
575 9 0 0 0 0 0 0 0 0 0 0 0 
576 9 0 0 0 0 0 0 0 0 0 0 0 
577 9 0 0 0 0 0 0 0 0 0 0 0 
578 9 0 0 0 0 0 0 0 0 0 0 0 
579 9 0 0 0 0 0 0 0 0 0 0 0 
580 9 0 0 0 0 0 0 0 0 0 0 0 
581 9 0 0 0 0 0 0 0 0 0 0 0 
582 9 0 0 0 0 0 0 0 0 0 0 0 
583 9 0 0 0 0 0 0 0 0 0 0 0 
584 9 0 0 0 0 0 0 0 0 0 0 0 
585 9 0 0 0 0 0 0 0 0 0 0 0 
586 9 0 0 0 0 0 0 0 0 0 0 0 
587 9 0 0 0 0 0 0 0 0 0 0 0 
588 9 0 0 0 0 0 0 0 0 0 0 0 
589 9 0 0 0 0 0 0 0 0 0 0 0 
590 9 0 0 0 0 0 0 0 0 0 0 0 
591 9 0 0 0 0 0 0 0 0 0 0 0 
592 9 0 0 0 0 0 0 0 0 0 0 0 
593 9 0 0 0 0 0 0 0 0 0 0 0 
594 9 0 0 0 0 0 0 0 0 0 0 0 
595 9 0 0 0 0 0 0 0 0 0 0 0 
596 9 0 0 0 0 0 0 0 0 0 0 0 
597 9 0 0 0 0 0 0 0 0 0 0 0 
598 9 0 0 0 0 0 0 0 0 0 0 0 
599 9 0 0 0 0 0 0 0 0 0 0 0 
600 9 0 0 0 0 0 0 0 0 0 0 0 
601 9 0 0 0 0 0 0 0 0 0 0 0 
602 9 0 0 0 0 0 0 0 0 0 0 0 
603 9 0 0 0 0 0 0 0 0 0 0 0 
604 9 0 0 0 0 0 0 0 0 0 0 0 
605 9 0 0 0 0 0 0 0 0 0 0 0 
606 9 0 0 0 0 0 0 0 0 0 0 0 
607 9 0 0 0 0 0 0 0 0 0 0 0 
608 9 0 0 0 0 0 0 0 0 0 0 0 
609 9 0 0 0 0 0 0 0 0 0 0 0 
610 9 0 0 0 0 0 0 0 0 0 0 0 
611 9 0 0 0 0 0 0 0 0 0 0 0 
612 9 0 0 0 0 0 0 0 0 0 0 0 
613 9 0 0 0 0 0 0 0 0 0 0 0 
614 9 0 0 0 0 0 0 0 0 0 0 0 
615 9 0 0 0 0 0 0 0 0 0 0 0 
616 9 0 0 0 0 0 0 0 0 0 0 0 
617 9 0 0 0 0 0 0 0 0 0 0 0 
618 9 0 0 0 0 0 0 0 0 0 0 0 
619 9 0 0 0 0 0 0 0 0 0 0 0 
620 9 0 0 0 0 0 0 0 0 0 0 0 
621 9 0 0 0 0 0 0 0 0 0 0 0 
622 9 0 0 0 0 0 0 0 0 0 0 0 
623 9 0 0 0 0 0 0 0 0 0 0 0 
624 9 0 0 0 0 0 0 0 0 0 0 0 
625 9 0 0 0 0 0 0 0 0 0 0 0 
626 9 0 0 0 0 0 0 0 0 0 0 0 
627 9 0 0 0 0 0 0 0 0 0 0 0 
628 9 0 0 0 0 0 0 0 0 0 0 0 
629 9 0 0 0 0 0 0 0 0 0 0 0 
630 9 0 0 0 0 0 0 0 0 0 0 0 
631 9 0 0 0 0 0 0 0 0 0 0 0 
632 9 0 0 0 0 0 0 0 0 0 0 0 
633 9 0 0 0 0 0 0 0 0 0 0 0 
634 9 0 0 0 0 0 0 0 0 0 0 0 
635 9 0 0 0 0 0 0 0 0 0 0 0 
636 9 0 0 0 0 0 0 0 0 0 0 0 
637 9 0 0 0 0 0 0 0 0 0 0 0 
638 9 0 0 0 0 0 0 0 0 0 0 0 
639 9 2 0 0 0 0 0 0 0 0 0 0 
640 9 3 0 0 0 0 0 0 0 0 0 0 
641 9 0 0 0 0 0 0 0 0 0 0 0 
642 9 0 0 0 0 0 0 0 0 0 0 0 
643 9 0 0 0 0 0 0 0 0 0 0 0 
644 9 0 0 0 0 0 0 0 0 0 0 0 
645 9 -1 11 5 0 0 0 0 0 0 25 -58 
646 9 8 0 0 0 0 0 0 0 0 0 0 
647 9 -1 0 8 0 0 1 12 0 0 25 -117 
648 9 -1 12 15 0 0 1 4 0 0 20 -92 
649 9 0 0 0 0 0 0 0 0 0 0 0 
650 9 0 0 0 0 0 0 0 0 0 0 0 
651 9 14 0 0 0 0 0 0 0 0 0 0 
652 9 -1 14 5 0 0 1 8 0 0 27 -36 
653 9 0 0 0 0 0 0 0 0 0 0 0 
654 9 0 0 0 0 0 0 0 0 0 0 0 
655 9 -1 15 6 0 0 8 4 0 0 16 -39 
656 9 -1 14 3 0 0 5 13 0 0 5 13 
657 9 22 0 0 0 0 0 0 0 0 0 0 
658 9 23 0 0 0 0 0 0 0 0 0 0 
659 9 0 0 0 0 0 0 0 0 0 0 0 
660 9 0 0 0 0 0 0 0 0 0 0 0 
661 9 0 0 0 0 0 0 0 0 0 0 0 
662 9 0 0 0 0 0 0 0 0 0 0 0 
663 9 -1 13 8 0 0 10 6 0 0 5 9 
664 9 27 0 0 0 0 0 0 0 0 0 0 
665 9 -1 5 14 0 0 1 5 0 0 16 81 
666 9 -1 14 3 0 0 10 15 0 0 3 32 
667 9 0 0 0 0 0 0 0 0 0 0 0 
668 9 0 0 0 0 0 0 0 0 0 0 0 
669 9 -1 0 5 0 0 15 11 0 0 27 9 
670 9 35 0 0 0 0 0 0 0 0 0 0 
671 9 0 0 0 0 0 0 0 0 0 0 0 
672 9 0 0 0 0 0 0 0 0 0 0 0 
673 9 0 0 0 0 0 0 0 0 0 0 0 
674 9 0 0 0 0 0 0 0 0 0 0 0 
675 9 0 0 0 0 0 0 0 0 0 0 0 
676 9 0 0 0 0 0 0 0 0 0 0 0 
677 9 0 0 0 0 0 0 0 0 0 0 0 
678 9 0 0 0 0 0 0 0 0 0 0 0 
679 9 0 0 0 0 0 0 0 0 0 0 0 
680 9 0 0 0 0 0 0 0 0 0 0 0 
681 9 0 0 0 0 0 0 0 0 0 0 0 
682 9 0 0 0 0 0 0 0 0 0 0 0 
683 9 0 0 0 0 0 0 0 0 0 0 0 
684 9 0 0 0 0 0 0 0 0 0 0 0 
685 9 0 0 0 0 0 0 0 0 0 0 0 
686 9 0 0 0 0 0 0 0 0 0 0 0 
687 9 0 0 0 0 0 0 0 0 0 0 0 
688 9 0 0 0 0 0 0 0 0 0 0 0 
689 9 0 0 0 0 0 0 0 0 0 0 0 
690 9 0 0 0 0 0 0 0 0 0 0 0 
691 9 0 0 0 0 0 0 0 0 0 0 0 
692 9 0 0 0 0 0 0 0 0 0 0 0 
693 9 0 0 0 0 0 0 0 0 0 0 0 
694 9 0 0 0 0 0 0 0 0 0 0 0 
695 9 0 0 0 0 0 0 0 0 0 0 0 
696 9 0 0 0 0 0 0 0 0 0 0 0 
697 9 0 0 0 0 0 0 0 0 0 0 0 
698 9 0 0 0 0 0 0 0 0 0 0 0 
699 9 0 0 0 0 0 0 0 0 0 0 0 
700 9 0 0 0 0 0 0 0 0 0 0 0 
701 9 0 0 0 0 0 0 0 0 0 0 0 
702 9 0 0 0 0 0 0 0 0 0 0 0 
703 9 0 0 0 0 0 0 0 0 0 0 0 
704 9 0 0 0 0 0 0 0 0 0 0 0 
705 9 0 0 0 0 0 0 0 0 0 0 0 
706 9 0 0 0 0 0 0 0 0 0 0 0 
707 9 0 0 0 0 0 0 0 0 0 0 0 
708 9 0 0 0 0 0 0 0 0 0 0 0 
709 9 0 0 0 0 0 0 0 0 0 0 0 
710 9 0 0 0 0 0 0 0 0 0 0 0 
711 9 0 0 0 0 0 0 0 0 0 0 0 
712 9 0 0 0 0 0 0 0 0 0 0 0 
713 9 0 0 0 0 0 0 0 0 0 0 0 
714 9 0 0 0 0 0 0 0 0 0 0 0 
715 9 0 0 0 0 0 0 0 0 0 0 0 
716 9 0 0 0 0 0 0 0 0 0 0 0 
717 9 0 0 0 0 0 0 0 0 0 0 0 
718 9 0 0 0 0 0 0 0 0 0 0 0 
719 9 0 0 0 0 0 0 0 0 0 0 0 
720 9 0 0 0 0 0 0 0 0 0 0 0 
721 9 0 0 0 0 0 0 0 0 0 0 0 
722 9 0 0 0 0 0 0 0 0 0 0 0 
723 9 0 0 0 0 0 0 0 0 0 0 0 
724 9 0 0 0 0 0 0 0 0 0 0 0 
725 9 0 0 0 0 0 0 0 0 0 0 0 
726 9 0 0 0 0 0 0 0 0 0 0 0 
727 9 0 0 0 0 0 0 0 0 0 0 0 
728 9 0 0 0 0 0 0 0 0 0 0 0 
729 9 0 0 0 0 0 0 0 0 0 0 0 
730 9 0 0 0 0 0 0 0 0 0 0 0 
731 9 0 0 0 0 0 0 0 0 0 0 0 
732 9 0 0 0 0 0 0 0 0 0 0 0 
733 9 0 0 0 0 0 0 0 0 0 0 0 
734 9 0 0 0 0 0 0 0 0 0 0 0 
735 9 0 0 0 0 0 0 0 0 0 0 0 
736 9 0 0 0 0 0 0 0 0 0 0 0 
737 9 -1 13 10 0 0 1 2 0 0 0 0 
738 9 50 0 0 0 0 0 0 0 0 0 0 
739 9 0 0 0 0 0 0 0 0 0 0 0 
740 9 0 0 0 0 0 0 0 0 0 0 0 
741 9 0 0 0 0 0 0 0 0 0 0 0 
742 9 0 0 0 0 0 0 0 0 0 0 0 
743 9 -1 5 5 0 2 14 14 1 1 32 -73 
744 9 55 0 0 0 0 0 0 0 0 0 0 
745 9 -1 0 6 1 2 12 11 1 3 32 -66 
746 9 -1 6 6 5 1 12 13 2 2 32 89 
747 9 60 0 0 0 0 0 0 0 0 0 0 
748 9 61 0 0 0 0 0 0 0 0 0 0 
749 9 -1 1 0 1 5 3 7 12 2 32 -23 
750 9 -1 12 4 0 0 7 14 0 0 4 23 
751 9 -1 12 15 0 0 11 6 0 0 18 -23 
752 9 -1 4 3 0 0 10 7 0 0 16 7 
753 9 70 0 0 0 0 0 0 0 0 0 0 
754 9 71 0 0 0 0 0 0 0 0 0 0 
755 9 0 0 0 0 0 0 0 0 0 0 0 
756 9 0 0 0 0 0 0 0 0 0 0 0 
757 9 0 0 0 0 0 0 0 0 0 0 0 
758 9 0 0 0 0 0 0 0 0 0 0 0 
759 9 73 0 0 0 0 0 0 0 0 0 0 
760 9 74 0 0 0 0 0 0 0 0 0 0 
761 9 0 0 0 0 0 0 0 0 0 0 0 
762 9 0 0 0 0 0 0 0 0 0 0 0 
763 9 76 0 0 0 0 0 0 0 0 0 0 
764 9 77 0 0 0 0 0 0 0 0 0 0 
765 9 0 0 0 0 0 0 0 0 0 0 0 
766 9 0 0 0 0 0 0 0 0 0 0 0 
767 9 0 0 0 0 0 0 0 0 0 0 0 
768 9 0 0 0 0 0 0 0 0 0 0 0 
769 9 0 0 0 0 0 0 0 0 0 0 0 
770 9 0 0 0 0 0 0 0 0 0 0 0 
771 9 0 0 0 0 0 0 0 0 0 0 0 
772 9 0 0 0 0 0 0 0 0 0 0 0 
773 9 0 0 0 0 0 0 0 0 0 0 0 
774 9 0 0 0 0 0 0 0 0 0 0 0 
775 9 0 0 0 0 0 0 0 0 0 0 0 
776 9 0 0 0 0 0 0 0 0 0 0 0 
777 9 0 0 0 0 0 0 0 0 0 0 0 
778 9 0 0 0 0 0 0 0 0 0 0 0 
779 9 0 0 0 0 0 0 0 0 0 0 0 
780 9 0 0 0 0 0 0 0 0 0 0 0 
781 9 0 0 0 0 0 0 0 0 0 0 0 
782 9 0 0 0 0 0 0 0 0 0 0 0 
783 9 0 0 0 0 0 0 0 0 0 0 0 
784 9 0 0 0 0 0 0 0 0 0 0 0 
785 9 0 0 0 0 0 0 0 0 0 0 0 
786 9 0 0 0 0 0 0 0 0 0 0 0 
787 9 0 0 0 0 0 0 0 0 0 0 0 
788 9 0 0 0 0 0 0 0 0 0 0 0 
789 9 0 0 0 0 0 0 0 0 0 0 0 
790 9 0 0 0 0 0 0 0 0 0 0 0 
791 9 0 0 0 0 0 0 0 0 0 0 0 
792 9 0 0 0 0 0 0 0 0 0 0 0 
793 9 0 0 0 0 0 0 0 0 0 0 0 
794 9 0 0 0 0 0 0 0 0 0 0 0 
795 9 0 0 0 0 0 0 0 0 0 0 0 
796 9 0 0 0 0 0 0 0 0 0 0 0 
797 9 0 0 0 0 0 0 0 0 0 0 0 
798 9 0 0 0 0 0 0 0 0 0 0 0 
799 9 0 0 0 0 0 0 0 0 0 0 0 
800 9 0 0 0 0 0 0 0 0 0 0 0 
801 9 0 0 0 0 0 0 0 0 0 0 0 
802 9 0 0 0 0 0 0 0 0 0 0 0 
803 9 0 0 0 0 0 0 0 0 0 0 0 
804 9 0 0 0 0 0 0 0 0 0 0 0 
805 9 0 0 0 0 0 0 0 0 0 0 0 
806 9 0 0 0 0 0 0 0 0 0 0 0 
807 9 0 0 0 0 0 0 0 0 0 0 0 
808 9 0 0 0 0 0 0 0 0 0 0 0 
809 9 0 0 0 0 0 0 0 0 0 0 0 
810 9 0 0 0 0 0 0 0 0 0 0 0 
811 9 0 0 0 0 0 0 0 0 0 0 0 
812 9 0 0 0 0 0 0 0 0 0 0 0 
813 9 0 0 0 0 0 0 0 0 0 0 0 
814 9 0 0 0 0 0 0 0 0 0 0 0 
815 9 0 0 0 0 0 0 0 0 0 0 0 
816 9 0 0 0 0 0 0 0 0 0 0 0 
817 9 0 0 0 0 0 0 0 0 0 0 0 
818 9 0 0 0 0 0 0 0 0 0 0 0 
819 9 0 0 0 0 0 0 0 0 0 0 0 
820 9 0 0 0 0 0 0 0 0 0 0 0 
821 9 0 0 0 0 0 0 0 0 0 0 0 
822 9 0 0 0 0 0 0 0 0 0 0 0 
823 9 0 0 0 0 0 0 0 0 0 0 0 
824 9 0 0 0 0 0 0 0 0 0 0 0 
825 9 0 0 0 0 0 0 0 0 0 0 0 
826 9 0 0 0 0 0 0 0 0 0 0 0 
827 9 0 0 0 0 0 0 0 0 0 0 0 
828 9 0 0 0 0 0 0 0 0 0 0 0 
829 9 0 0 0 0 0 0 0 0 0 0 0 
830 9 0 0 0 0 0 0 0 0 0 0 0 
831 9 0 0 0 0 0 0 0 0 0 0 0 
832 9 0 0 0 0 0 0 0 0 0 0 0 
833 9 0 0 0 0 0 0 0 0 0 0 0 
834 9 0 0 0 0 0 0 0 0 0 0 0 
835 9 0 0 0 0 0 0 0 0 0 0 0 
836 9 0 0 0 0 0 0 0 0 0 0 0 
837 9 0 0 0 0 0 0 0 0 0 0 0 
838 9 0 0 0 0 0 0 0 0 0 0 0 
839 9 0 0 0 0 0 0 0 0 0 0 0 
840 9 0 0 0 0 0 0 0 0 0 0 0 
841 9 0 0 0 0 0 0 0 0 0 0 0 
842 9 0 0 0 0 0 0 0 0 0 0 0 
843 9 0 0 0 0 0 0 0 0 0 0 0 
844 9 0 0 0 0 0 0 0 0 0 0 0 
845 9 0 0 0 0 0 0 0 0 0 0 0 
846 9 0 0 0 0 0 0 0 0 0 0 0 
847 9 0 0 0 0 0 0 0 0 0 0 0 
848 9 0 0 0 0 0 0 0 0 0 0 0 
849 9 0 0 0 0 0 0 0 0 0 0 0 
850 9 0 0 0 0 0 0 0 0 0 0 0 
851 9 0 0 0 0 0 0 0 0 0 0 0 
852 9 0 0 0 0 0 0 0 0 0 0 0 
853 9 0 0 0 0 0 0 0 0 0 0 0 
854 9 0 0 0 0 0 0 0 0 0 0 0 
855 9 0 0 0 0 0 0 0 0 0 0 0 
856 9 0 0 0 0 0 0 0 0 0 0 0 
857 9 0 0 0 0 0 0 0 0 0 0 0 
858 9 0 0 0 0 0 0 0 0 0 0 0 
859 9 0 0 0 0 0 0 0 0 0 0 0 
860 9 0 0 0 0 0 0 0 0 0 0 0 
861 9 0 0 0 0 0 0 0 0 0 0 0 
862 9 0 0 0 0 0 0 0 0 0 0 0 
863 9 0 0 0 0 0 0 0 0 0 0 0 
864 9 0 0 0 0 0 0 0 0 0 0 0 
865 9 0 0 0 0 0 0 0 0 0 0 0 
866 9 0 0 0 0 0 0 0 0 0 0 0 
867 9 0 0 0 0 0 0 0 0 0 0 0 
868 9 0 0 0 0 0 0 0 0 0 0 0 
869 9 0 0 0 0 0 0 0 0 0 0 0 
870 9 0 0 0 0 0 0 0 0 0 0 0 
871 9 0 0 0 0 0 0 0 0 0 0 0 
872 9 0 0 0 0 0 0 0 0 0 0 0 
873 9 0 0 0 0 0 0 0 0 0 0 0 
874 9 0 0 0 0 0 0 0 0 0 0 0 
875 9 0 0 0 0 0 0 0 0 0 0 0 
876 9 0 0 0 0 0 0 0 0 0 0 0 
877 9 0 0 0 0 0 0 0 0 0 0 0 
878 9 0 0 0 0 0 0 0 0 0 0 0 
879 9 0 0 0 0 0 0 0 0 0 0 0 
880 9 0 0 0 0 0 0 0 0 0 0 0 
881 9 0 0 0 0 0 0 0 0 0 0 0 
882 9 0 0 0 0 0 0 0 0 0 0 0 
883 9 0 0 0 0 0 0 0 0 0 0 0 
884 9 0 0 0 0 0 0 0 0 0 0 0 
885 9 0 0 0 0 0 0 0 0 0 0 0 
886 9 0 0 0 0 0 0 0 0 0 0 0 
887 9 -1 14 4 0 0 0 9 0 0 25 -1 
888 9 89 0 0 0 0 0 0 0 0 0 0 
889 9 0 0 0 0 0 0 0 0 0 0 0 
890 9 0 0 0 0 0 0 0 0 0 0 0 
891 9 0 0 0 0 0 0 0 0 0 0 0 
892 9 0 0 0 0 0 0 0 0 0 0 0 
893 9 0 0 0 0 0 0 0 0 0 0 0 
894 9 0 0 0 0 0 0 0 0 0 0 0 
895 9 0 0 0 0 0 0 0 0 0 0 0 
896 9 0 0 0 0 0 0 0 0 0 0 0 
897 9 0 0 0 0 0 0 0 0 0 0 0 
898 9 0 0 0 0 0 0 0 0 0 0 0 
899 9 0 0 0 0 0 0 0 0 0 0 0 
900 9 0 0 0 0 0 0 0 0 0 0 0 
901 9 0 0 0 0 0 0 0 0 0 0 0 
902 9 0 0 0 0 0 0 0 0 0 0 0 
903 9 0 0 0 0 0 0 0 0 0 0 0 
904 9 0 0 0 0 0 0 0 0 0 0 0 
905 9 0 0 0 0 0 0 0 0 0 0 0 
906 9 0 0 0 0 0 0 0 0 0 0 0 
907 9 0 0 0 0 0 0 0 0 0 0 0 
908 9 0 0 0 0 0 0 0 0 0 0 0 
909 9 0 0 0 0 0 0 0 0 0 0 0 
910 9 0 0 0 0 0 0 0 0 0 0 0 
911 9 0 0 0 0 0 0 0 0 0 0 0 
912 9 0 0 0 0 0 0 0 0 0 0 0 
913 9 0 0 0 0 0 0 0 0 0 0 0 
914 9 0 0 0 0 0 0 0 0 0 0 0 
915 9 0 0 0 0 0 0 0 0 0 0 0 
916 9 0 0 0 0 0 0 0 0 0 0 0 
917 9 0 0 0 0 0 0 0 0 0 0 0 
918 9 0 0 0 0 0 0 0 0 0 0 0 
919 9 0 0 0 0 0 0 0 0 0 0 0 
920 9 0 0 0 0 0 0 0 0 0 0 0 
921 9 0 0 0 0 0 0 0 0 0 0 0 
922 9 0 0 0 0 0 0 0 0 0 0 0 
923 9 0 0 0 0 0 0 0 0 0 0 0 
924 9 0 0 0 0 0 0 0 0 0 0 0 
925 9 0 0 0 0 0 0 0 0 0 0 0 
926 9 0 0 0 0 0 0 0 0 0 0 0 
927 9 0 0 0 0 0 0 0 0 0 0 0 
928 9 0 0 0 0 0 0 0 0 0 0 0 
929 9 0 0 0 0 0 0 0 0 0 0 0 
930 9 0 0 0 0 0 0 0 0 0 0 0 
931 9 0 0 0 0 0 0 0 0 0 0 0 
932 9 0 0 0 0 0 0 0 0 0 0 0 
933 9 0 0 0 0 0 0 0 0 0 0 0 
934 9 0 0 0 0 0 0 0 0 0 0 0 
935 9 0 0 0 0 0 0 0 0 0 0 0 
936 9 0 0 0 0 0 0 0 0 0 0 0 
937 9 0 0 0 0 0 0 0 0 0 0 0 
938 9 0 0 0 0 0 0 0 0 0 0 0 
939 9 0 0 0 0 0 0 0 0 0 0 0 
940 9 0 0 0 0 0 0 0 0 0 0 0 
941 9 0 0 0 0 0 0 0 0 0 0 0 
942 9 0 0 0 0 0 0 0 0 0 0 0 
943 9 0 0 0 0 0 0 0 0 0 0 0 
944 9 0 0 0 0 0 0 0 0 0 0 0 
945 9 0 0 0 0 0 0 0 0 0 0 0 
946 9 0 0 0 0 0 0 0 0 0 0 0 
947 9 0 0 0 0 0 0 0 0 0 0 0 
948 9 0 0 0 0 0 0 0 0 0 0 0 
949 9 0 0 0 0 0 0 0 0 0 0 0 
950 9 0 0 0 0 0 0 0 0 0 0 0 
951 9 0 0 0 0 0 0 0 0 0 0 0 
952 9 0 0 0 0 0 0 0 0 0 0 0 
953 9 0 0 0 0 0 0 0 0 0 0 0 
954 9 0 0 0 0 0 0 0 0 0 0 0 
955 9 0 0 0 0 0 0 0 0 0 0 0 
956 9 0 0 0 0 0 0 0 0 0 0 0 
957 9 0 0 0 0 0 0 0 0 0 0 0 
958 9 0 0 0 0 0 0 0 0 0 0 0 
959 9 0 0 0 0 0 0 0 0 0 0 0 
960 9 0 0 0 0 0 0 0 0 0 0 0 
961 9 0 0 0 0 0 0 0 0 0 0 0 
962 9 0 0 0 0 0 0 0 0 0 0 0 
963 9 0 0 0 0 0 0 0 0 0 0 0 
964 9 0 0 0 0 0 0 0 0 0 0 0 
965 9 0 0 0 0 0 0 0 0 0 0 0 
966 9 0 0 0 0 0 0 0 0 0 0 0 
967 9 0 0 0 0 0 0 0 0 0 0 0 
968 9 0 0 0 0 0 0 0 0 0 0 0 
969 9 0 0 0 0 0 0 0 0 0 0 0 
970 9 0 0 0 0 0 0 0 0 0 0 0 
971 9 0 0 0 0 0 0 0 0 0 0 0 
972 9 0 0 0 0 0 0 0 0 0 0 0 
973 9 0 0 0 0 0 0 0 0 0 0 0 
974 9 0 0 0 0 0 0 0 0 0 0 0 
975 9 0 0 0 0 0 0 0 0 0 0 0 
976 9 0 0 0 0 0 0 0 0 0 0 0 
977 9 0 0 0 0 0 0 0 0 0 0 0 
978 9 0 0 0 0 0 0 0 0 0 0 0 
979 9 0 0 0 0 0 0 0 0 0 0 0 
980 9 0 0 0 0 0 0 0 0 0 0 0 
981 9 0 0 0 0 0 0 0 0 0 0 0 
982 9 0 0 0 0 0 0 0 0 0 0 0 
983 9 0 0 0 0 0 0 0 0 0 0 0 
984 9 0 0 0 0 0 0 0 0 0 0 0 
985 9 0 0 0 0 0 0 0 0 0 0 0 
986 9 0 0 0 0 0 0 0 0 0 0 0 
987 9 0 0 0 0 0 0 0 0 0 0 0 
988 9 0 0 0 0 0 0 0 0 0 0 0 
989 9 0 0 0 0 0 0 0 0 0 0 0 
990 9 0 0 0 0 0 0 0 0 0 0 0 
991 9 0 0 0 0 0 0 0 0 0 0 0 
992 9 0 0 0 0 0 0 0 0 0 0 0 
993 9 0 0 0 0 0 0 0 0 0 0 0 
994 9 0 0 0 0 0 0 0 0 0 0 0 
995 9 0 0 0 0 0 0 0 0 0 0 0 
996 9 0 0 0 0 0 0 0 0 0 0 0 
997 9 0 0 0 0 0 0 0 0 0 0 0 
998 9 0 0 0 0 0 0 0 0 0 0 0 
999 9 0 0 0 0 0 0 0 0 0 0 0 
1000 9 0 0 0 0 0 0 0 0 0 0 0 
1001 9 0 0 0 0 0 0 0 0 0 0 0 
1002 9 0 0 0 0 0 0 0 0 0 0 0 
1003 9 105 0 0 0 0 0 0 0 0 0 0 
1004 9 106 0 0 0 0 0 0 0 0 0 0 
1005 9 107 0 0 0 0 0 0 0 0 0 0 
1006 9 108 0 0 0 0 0 0 0 0 0 0 
1007 9 0 0 0 0 0 0 0 0 0 0 0 
1008 9 0 0 0 0 0 0 0 0 0 0 0 
1009 9 0 0 0 0 0 0 0 0 0 0 0 
1010 9 0 0 0 0 0 0 0 0 0 0 0 
1011 9 0 0 0 0 0 0 0 0 0 0 0 
1012 9 0 0 0 0 0 0 0 0 0 0 0 
1013 9 111 0 0 0 0 0 0 0 0 0 0 
1014 9 -1 1 2 0 0 12 1 0 0 26 1 
1015 9 0 0 0 0 0 0 0 0 0 0 0 
1016 9 0 0 0 0 0 0 0 0 0 0 0 
1017 9 0 0 0 0 0 0 0 0 0 0 0 
1018 9 0 0 0 0 0 0 0 0 0 0 0 
1019 9 0 0 0 0 0 0 0 0 0 0 0 
1020 9 0 0 0 0 0 0 0 0 0 0 0 
1021 9 0 0 0 0 0 0 0 0 0 0 0 
1022 9 0 0 0 0 0 0 0 0 0 0 0 
1023 10 0 0 0 0 0 0 0 0 0 0 0 
1024 10 0 0 0 0 0 0 0 0 0 0 0 
1025 10 0 0 0 0 0 0 0 0 0 0 0 
1026 10 0 0 0 0 0 0 0 0 0 0 0 
1027 10 0 0 0 0 0 0 0 0 0 0 0 
1028 10 0 0 0 0 0 0 0 0 0 0 0 
1029 10 0 0 0 0 0 0 0 0 0 0 0 
1030 10 0 0 0 0 0 0 0 0 0 0 0 
1031 10 0 0 0 0 0 0 0 0 0 0 0 
1032 10 0 0 0 0 0 0 0 0 0 0 0 
1033 10 0 0 0 0 0 0 0 0 0 0 0 
1034 10 0 0 0 0 0 0 0 0 0 0 0 
1035 10 0 0 0 0 0 0 0 0 0 0 0 
1036 10 0 0 0 0 0 0 0 0 0 0 0 
1037 10 0 0 0 0 0 0 0 0 0 0 0 
1038 10 0 0 0 0 0 0 0 0 0 0 0 
1039 10 0 0 0 0 0 0 0 0 0 0 0 
1040 10 0 0 0 0 0 0 0 0 0 0 0 
1041 10 0 0 0 0 0 0 0 0 0 0 0 
1042 10 0 0 0 0 0 0 0 0 0 0 0 
1043 10 0 0 0 0 0 0 0 0 0 0 0 
1044 10 0 0 0 0 0 0 0 0 0 0 0 
1045 10 0 0 0 0 0 0 0 0 0 0 0 
1046 10 0 0 0 0 0 0 0 0 0 0 0 
1047 10 0 0 0 0 0 0 0 0 0 0 0 
1048 10 0 0 0 0 0 0 0 0 0 0 0 
1049 10 0 0 0 0 0 0 0 0 0 0 0 
1050 10 0 0 0 0 0 0 0 0 0 0 0 
1051 10 0 0 0 0 0 0 0 0 0 0 0 
1052 10 0 0 0 0 0 0 0 0 0 0 0 
1053 10 0 0 0 0 0 0 0 0 0 0 0 
1054 10 0 0 0 0 0 0 0 0 0 0 0 
1055 10 0 0 0 0 0 0 0 0 0 0 0 
1056 10 0 0 0 0 0 0 0 0 0 0 0 
1057 10 0 0 0 0 0 0 0 0 0 0 0 
1058 10 0 0 0 0 0 0 0 0 0 0 0 
1059 10 0 0 0 0 0 0 0 0 0 0 0 
1060 10 0 0 0 0 0 0 0 0 0 0 0 
1061 10 0 0 0 0 0 0 0 0 0 0 0 
1062 10 0 0 0 0 0 0 0 0 0 0 0 
1063 10 0 0 0 0 0 0 0 0 0 0 0 
1064 10 0 0 0 0 0 0 0 0 0 0 0 
1065 10 0 0 0 0 0 0 0 0 0 0 0 
1066 10 0 0 0 0 0 0 0 0 0 0 0 
1067 10 0 0 0 0 0 0 0 0 0 0 0 
1068 10 0 0 0 0 0 0 0 0 0 0 0 
1069 10 0 0 0 0 0 0 0 0 0 0 0 
1070 10 0 0 0 0 0 0 0 0 0 0 0 
1071 10 0 0 0 0 0 0 0 0 0 0 0 
1072 10 0 0 0 0 0 0 0 0 0 0 0 
1073 10 0 0 0 0 0 0 0 0 0 0 0 
1074 10 0 0 0 0 0 0 0 0 0 0 0 
1075 10 0 0 0 0 0 0 0 0 0 0 0 
1076 10 0 0 0 0 0 0 0 0 0 0 0 
1077 10 0 0 0 0 0 0 0 0 0 0 0 
1078 10 0 0 0 0 0 0 0 0 0 0 0 
1079 10 0 0 0 0 0 0 0 0 0 0 0 
1080 10 0 0 0 0 0 0 0 0 0 0 0 
1081 10 0 0 0 0 0 0 0 0 0 0 0 
1082 10 0 0 0 0 0 0 0 0 0 0 0 
1083 10 0 0 0 0 0 0 0 0 0 0 0 
1084 10 0 0 0 0 0 0 0 0 0 0 0 
1085 10 0 0 0 0 0 0 0 0 0 0 0 
1086 10 0 0 0 0 0 0 0 0 0 0 0 
1087 10 0 0 0 0 0 0 0 0 0 0 0 
1088 10 0 0 0 0 0 0 0 0 0 0 0 
1089 10 0 0 0 0 0 0 0 0 0 0 0 
1090 10 0 0 0 0 0 0 0 0 0 0 0 
1091 10 0 0 0 0 0 0 0 0 0 0 0 
1092 10 0 0 0 0 0 0 0 0 0 0 0 
1093 10 0 0 0 0 0 0 0 0 0 0 0 
1094 10 0 0 0 0 0 0 0 0 0 0 0 
1095 10 0 0 0 0 0 0 0 0 0 0 0 
1096 10 0 0 0 0 0 0 0 0 0 0 0 
1097 10 0 0 0 0 0 0 0 0 0 0 0 
1098 10 0 0 0 0 0 0 0 0 0 0 0 
1099 10 0 0 0 0 0 0 0 0 0 0 0 
1100 10 0 0 0 0 0 0 0 0 0 0 0 
1101 10 0 0 0 0 0 0 0 0 0 0 0 
1102 10 0 0 0 0 0 0 0 0 0 0 0 
1103 10 0 0 0 0 0 0 0 0 0 0 0 
1104 10 0 0 0 0 0 0 0 0 0 0 0 
1105 10 0 0 0 0 0 0 0 0 0 0 0 
1106 10 0 0 0 0 0 0 0 0 0 0 0 
1107 10 0 0 0 0 0 0 0 0 0 0 0 
1108 10 0 0 0 0 0 0 0 0 0 0 0 
1109 10 0 0 0 0 0 0 0 0 0 0 0 
1110 10 0 0 0 0 0 0 0 0 0 0 0 
1111 10 0 0 0 0 0 0 0 0 0 0 0 
1112 10 0 0 0 0 0 0 0 0 0 0 0 
1113 10 0 0 0 0 0 0 0 0 0 0 0 
1114 10 0 0 0 0 0 0 0 0 0 0 0 
1115 10 0 0 0 0 0 0 0 0 0 0 0 
1116 10 0 0 0 0 0 0 0 0 0 0 0 
1117 10 0 0 0 0 0 0 0 0 0 0 0 
1118 10 0 0 0 0 0 0 0 0 0 0 0 
1119 10 0 0 0 0 0 0 0 0 0 0 0 
1120 10 0 0 0 0 0 0 0 0 0 0 0 
1121 10 0 0 0 0 0 0 0 0 0 0 0 
1122 10 0 0 0 0 0 0 0 0 0 0 0 
1123 10 0 0 0 0 0 0 0 0 0 0 0 
1124 10 0 0 0 0 0 0 0 0 0 0 0 
1125 10 0 0 0 0 0 0 0 0 0 0 0 
1126 10 0 0 0 0 0 0 0 0 0 0 0 
1127 10 0 0 0 0 0 0 0 0 0 0 0 
1128 10 0 0 0 0 0 0 0 0 0 0 0 
1129 10 0 0 0 0 0 0 0 0 0 0 0 
1130 10 0 0 0 0 0 0 0 0 0 0 0 
1131 10 0 0 0 0 0 0 0 0 0 0 0 
1132 10 0 0 0 0 0 0 0 0 0 0 0 
1133 10 0 0 0 0 0 0 0 0 0 0 0 
1134 10 0 0 0 0 0 0 0 0 0 0 0 
1135 10 0 0 0 0 0 0 0 0 0 0 0 
1136 10 0 0 0 0 0 0 0 0 0 0 0 
1137 10 0 0 0 0 0 0 0 0 0 0 0 
1138 10 0 0 0 0 0 0 0 0 0 0 0 
1139 10 0 0 0 0 0 0 0 0 0 0 0 
1140 10 0 0 0 0 0 0 0 0 0 0 0 
1141 10 0 0 0 0 0 0 0 0 0 0 0 
1142 10 0 0 0 0 0 0 0 0 0 0 0 
1143 10 0 0 0 0 0 0 0 0 0 0 0 
1144 10 0 0 0 0 0 0 0 0 0 0 0 
1145 10 0 0 0 0 0 0 0 0 0 0 0 
1146 10 0 0 0 0 0 0 0 0 0 0 0 
1147 10 0 0 0 0 0 0 0 0 0 0 0 
1148 10 0 0 0 0 0 0 0 0 0 0 0 
1149 10 0 0 0 0 0 0 0 0 0 0 0 
1150 10 0 0 0 0 0 0 0 0 0 0 0 
1151 10 0 0 0 0 0 0 0 0 0 0 0 
1152 10 0 0 0 0 0 0 0 0 0 0 0 
1153 10 0 0 0 0 0 0 0 0 0 0 0 
1154 10 0 0 0 0 0 0 0 0 0 0 0 
1155 10 0 0 0 0 0 0 0 0 0 0 0 
1156 10 0 0 0 0 0 0 0 0 0 0 0 
1157 10 0 0 0 0 0 0 0 0 0 0 0 
1158 10 0 0 0 0 0 0 0 0 0 0 0 
1159 10 0 0 0 0 0 0 0 0 0 0 0 
1160 10 0 0 0 0 0 0 0 0 0 0 0 
1161 10 0 0 0 0 0 0 0 0 0 0 0 
1162 10 0 0 0 0 0 0 0 0 0 0 0 
1163 10 0 0 0 0 0 0 0 0 0 0 0 
1164 10 0 0 0 0 0 0 0 0 0 0 0 
1165 10 0 0 0 0 0 0 0 0 0 0 0 
1166 10 0 0 0 0 0 0 0 0 0 0 0 
1167 10 0 0 0 0 0 0 0 0 0 0 0 
1168 10 0 0 0 0 0 0 0 0 0 0 0 
1169 10 0 0 0 0 0 0 0 0 0 0 0 
1170 10 0 0 0 0 0 0 0 0 0 0 0 
1171 10 0 0 0 0 0 0 0 0 0 0 0 
1172 10 0 0 0 0 0 0 0 0 0 0 0 
1173 10 0 0 0 0 0 0 0 0 0 0 0 
1174 10 0 0 0 0 0 0 0 0 0 0 0 
1175 10 0 0 0 0 0 0 0 0 0 0 0 
1176 10 0 0 0 0 0 0 0 0 0 0 0 
1177 10 0 0 0 0 0 0 0 0 0 0 0 
1178 10 0 0 0 0 0 0 0 0 0 0 0 
1179 10 0 0 0 0 0 0 0 0 0 0 0 
1180 10 0 0 0 0 0 0 0 0 0 0 0 
1181 10 0 0 0 0 0 0 0 0 0 0 0 
1182 10 0 0 0 0 0 0 0 0 0 0 0 
1183 10 0 0 0 0 0 0 0 0 0 0 0 
1184 10 0 0 0 0 0 0 0 0 0 0 0 
1185 10 0 0 0 0 0 0 0 0 0 0 0 
1186 10 0 0 0 0 0 0 0 0 0 0 0 
1187 10 0 0 0 0 0 0 0 0 0 0 0 
1188 10 0 0 0 0 0 0 0 0 0 0 0 
1189 10 0 0 0 0 0 0 0 0 0 0 0 
1190 10 0 0 0 0 0 0 0 0 0 0 0 
1191 10 0 0 0 0 0 0 0 0 0 0 0 
1192 10 0 0 0 0 0 0 0 0 0 0 0 
1193 10 0 0 0 0 0 0 0 0 0 0 0 
1194 10 0 0 0 0 0 0 0 0 0 0 0 
1195 10 0 0 0 0 0 0 0 0 0 0 0 
1196 10 0 0 0 0 0 0 0 0 0 0 0 
1197 10 0 0 0 0 0 0 0 0 0 0 0 
1198 10 0 0 0 0 0 0 0 0 0 0 0 
1199 10 0 0 0 0 0 0 0 0 0 0 0 
1200 10 0 0 0 0 0 0 0 0 0 0 0 
1201 10 0 0 0 0 0 0 0 0 0 0 0 
1202 10 0 0 0 0 0 0 0 0 0 0 0 
1203 10 0 0 0 0 0 0 0 0 0 0 0 
1204 10 0 0 0 0 0 0 0 0 0 0 0 
1205 10 0 0 0 0 0 0 0 0 0 0 0 
1206 10 0 0 0 0 0 0 0 0 0 0 0 
1207 10 0 0 0 0 0 0 0 0 0 0 0 
1208 10 0 0 0 0 0 0 0 0 0 0 0 
1209 10 0 0 0 0 0 0 0 0 0 0 0 
1210 10 0 0 0 0 0 0 0 0 0 0 0 
1211 10 0 0 0 0 0 0 0 0 0 0 0 
1212 10 0 0 0 0 0 0 0 0 0 0 0 
1213 10 0 0 0 0 0 0 0 0 0 0 0 
1214 10 0 0 0 0 0 0 0 0 0 0 0 
1215 10 0 0 0 0 0 0 0 0 0 0 0 
1216 10 0 0 0 0 0 0 0 0 0 0 0 
1217 10 0 0 0 0 0 0 0 0 0 0 0 
1218 10 0 0 0 0 0 0 0 0 0 0 0 
1219 10 0 0 0 0 0 0 0 0 0 0 0 
1220 10 0 0 0 0 0 0 0 0 0 0 0 
1221 10 0 0 0 0 0 0 0 0 0 0 0 
1222 10 0 0 0 0 0 0 0 0 0 0 0 
1223 10 0 0 0 0 0 0 0 0 0 0 0 
1224 10 0 0 0 0 0 0 0 0 0 0 0 
1225 10 0 0 0 0 0 0 0 0 0 0 0 
1226 10 0 0 0 0 0 0 0 0 0 0 0 
1227 10 0 0 0 0 0 0 0 0 0 0 0 
1228 10 0 0 0 0 0 0 0 0 0 0 0 
1229 10 0 0 0 0 0 0 0 0 0 0 0 
1230 10 0 0 0 0 0 0 0 0 0 0 0 
1231 10 0 0 0 0 0 0 0 0 0 0 0 
1232 10 0 0 0 0 0 0 0 0 0 0 0 
1233 10 0 0 0 0 0 0 0 0 0 0 0 
1234 10 0 0 0 0 0 0 0 0 0 0 0 
1235 10 0 0 0 0 0 0 0 0 0 0 0 
1236 10 0 0 0 0 0 0 0 0 0 0 0 
1237 10 0 0 0 0 0 0 0 0 0 0 0 
1238 10 0 0 0 0 0 0 0 0 0 0 0 
1239 10 0 0 0 0 0 0 0 0 0 0 0 
1240 10 0 0 0 0 0 0 0 0 0 0 0 
1241 10 0 0 0 0 0 0 0 0 0 0 0 
1242 10 0 0 0 0 0 0 0 0 0 0 0 
1243 10 0 0 0 0 0 0 0 0 0 0 0 
1244 10 0 0 0 0 0 0 0 0 0 0 0 
1245 10 0 0 0 0 0 0 0 0 0 0 0 
1246 10 0 0 0 0 0 0 0 0 0 0 0 
1247 10 0 0 0 0 0 0 0 0 0 0 0 
1248 10 0 0 0 0 0 0 0 0 0 0 0 
1249 10 0 0 0 0 0 0 0 0 0 0 0 
1250 10 0 0 0 0 0 0 0 0 0 0 0 
1251 10 0 0 0 0 0 0 0 0 0 0 0 
1252 10 0 0 0 0 0 0 0 0 0 0 0 
1253 10 0 0 0 0 0 0 0 0 0 0 0 
1254 10 0 0 0 0 0 0 0 0 0 0 0 
1255 10 0 0 0 0 0 0 0 0 0 0 0 
1256 10 0 0 0 0 0 0 0 0 0 0 0 
1257 10 0 0 0 0 0 0 0 0 0 0 0 
1258 10 0 0 0 0 0 0 0 0 0 0 0 
1259 10 0 0 0 0 0 0 0 0 0 0 0 
1260 10 0 0 0 0 0 0 0 0 0 0 0 
1261 10 0 0 0 0 0 0 0 0 0 0 0 
1262 10 0 0 0 0 0 0 0 0 0 0 0 
1263 10 0 0 0 0 0 0 0 0 0 0 0 
1264 10 0 0 0 0 0 0 0 0 0 0 0 
1265 10 0 0 0 0 0 0 0 0 0 0 0 
1266 10 0 0 0 0 0 0 0 0 0 0 0 
1267 10 0 0 0 0 0 0 0 0 0 0 0 
1268 10 0 0 0 0 0 0 0 0 0 0 0 
1269 10 0 0 0 0 0 0 0 0 0 0 0 
1270 10 0 0 0 0 0 0 0 0 0 0 0 
1271 10 0 0 0 0 0 0 0 0 0 0 0 
1272 10 0 0 0 0 0 0 0 0 0 0 0 
1273 10 0 0 0 0 0 0 0 0 0 0 0 
1274 10 0 0 0 0 0 0 0 0 0 0 0 
1275 10 0 0 0 0 0 0 0 0 0 0 0 
1276 10 0 0 0 0 0 0 0 0 0 0 0 
1277 10 0 0 0 0 0 0 0 0 0 0 0 
1278 10 0 0 0 0 0 0 0 0 0 0 0 
1279 10 0 0 0 0 0 0 0 0 0 0 0 
1280 10 0 0 0 0 0 0 0 0 0 0 0 
1281 10 0 0 0 0 0 0 0 0 0 0 0 
1282 10 0 0 0 0 0 0 0 0 0 0 0 
1283 10 0 0 0 0 0 0 0 0 0 0 0 
1284 10 0 0 0 0 0 0 0 0 0 0 0 
1285 10 0 0 0 0 0 0 0 0 0 0 0 
1286 10 0 0 0 0 0 0 0 0 0 0 0 
1287 10 0 0 0 0 0 0 0 0 0 0 0 
1288 10 0 0 0 0 0 0 0 0 0 0 0 
1289 10 0 0 0 0 0 0 0 0 0 0 0 
1290 10 0 0 0 0 0 0 0 0 0 0 0 
1291 10 6 0 0 0 0 0 0 0 0 0 0 
1292 10 7 0 0 0 0 0 0 0 0 0 0 
1293 10 0 0 0 0 0 0 0 0 0 0 0 
1294 10 0 0 0 0 0 0 0 0 0 0 0 
1295 10 9 0 0 0 0 0 0 0 0 0 0 
1296 10 10 0 0 0 0 0 0 0 0 0 0 
1297 10 11 0 0 0 0 0 0 0 0 0 0 
1298 10 12 0 0 0 0 0 0 0 0 0 0 
1299 10 0 0 0 0 0 0 0 0 0 0 0 
1300 10 0 0 0 0 0 0 0 0 0 0 0 
1301 10 0 0 0 0 0 0 0 0 0 0 0 
1302 10 0 0 0 0 0 0 0 0 0 0 0 
1303 10 0 0 0 0 0 0 0 0 0 0 0 
1304 10 0 0 0 0 0 0 0 0 0 0 0 
1305 10 15 0 0 0 0 0 0 0 0 0 0 
1306 10 16 0 0 0 0 0 0 0 0 0 0 
1307 10 0 0 0 0 0 0 0 0 0 0 0 
1308 10 0 0 0 0 0 0 0 0 0 0 0 
1309 10 0 0 0 0 0 0 0 0 0 0 0 
1310 10 0 0 0 0 0 0 0 0 0 0 0 
1311 10 18 0 0 0 0 0 0 0 0 0 0 
1312 10 19 0 0 0 0 0 0 0 0 0 0 
1313 10 20 0 0 0 0 0 0 0 0 0 0 
1314 10 21 0 0 0 0 0 0 0 0 0 0 
1315 10 0 0 0 0 0 0 0 0 0 0 0 
1316 10 0 0 0 0 0 0 0 0 0 0 0 
1317 10 0 0 0 0 0 0 0 0 0 0 0 
1318 10 0 0 0 0 0 0 0 0 0 0 0 
1319 10 0 0 0 0 0 0 0 0 0 0 0 
1320 10 0 0 0 0 0 0 0 0 0 0 0 
1321 10 0 0 0 0 0 0 0 0 0 0 0 
1322 10 0 0 0 0 0 0 0 0 0 0 0 
1323 10 0 0 0 0 0 0 0 0 0 0 0 
1324 10 0 0 0 0 0 0 0 0 0 0 0 
1325 10 0 0 0 0 0 0 0 0 0 0 0 
1326 10 0 0 0 0 0 0 0 0 0 0 0 
1327 10 25 0 0 0 0 0 0 0 0 0 0 
1328 10 26 0 0 0 0 0 0 0 0 0 0 
1329 10 0 0 0 0 0 0 0 0 0 0 0 
1330 10 0 0 0 0 0 0 0 0 0 0 0 
1331 10 28 0 0 0 0 0 0 0 0 0 0 
1332 10 29 0 0 0 0 0 0 0 0 0 0 
1333 10 30 0 0 0 0 0 0 0 0 0 0 
1334 10 31 0 0 0 0 0 0 0 0 0 0 
1335 10 0 0 0 0 0 0 0 0 0 0 0 
1336 10 0 0 0 0 0 0 0 0 0 0 0 
1337 10 0 0 0 0 0 0 0 0 0 0 0 
1338 10 0 0 0 0 0 0 0 0 0 0 0 
1339 10 33 0 0 0 0 0 0 0 0 0 0 
1340 10 34 0 0 0 0 0 0 0 0 0 0 
1341 10 0 0 0 0 0 0 0 0 0 0 0 
1342 10 0 0 0 0 0 0 0 0 0 0 0 
1343 10 0 0 0 0 0 0 0 0 0 0 0 
1344 10 0 0 0 0 0 0 0 0 0 0 0 
1345 10 0 0 0 0 0 0 0 0 0 0 0 
1346 10 0 0 0 0 0 0 0 0 0 0 0 
1347 10 0 0 0 0 0 0 0 0 0 0 0 
1348 10 0 0 0 0 0 0 0 0 0 0 0 
1349 10 0 0 0 0 0 0 0 0 0 0 0 
1350 10 0 0 0 0 0 0 0 0 0 0 0 
1351 10 0 0 0 0 0 0 0 0 0 0 0 
1352 10 0 0 0 0 0 0 0 0 0 0 0 
1353 10 0 0 0 0 0 0 0 0 0 0 0 
1354 10 0 0 0 0 0 0 0 0 0 0 0 
1355 10 0 0 0 0 0 0 0 0 0 0 0 
1356 10 0 0 0 0 0 0 0 0 0 0 0 
1357 10 0 0 0 0 0 0 0 0 0 0 0 
1358 10 0 0 0 0 0 0 0 0 0 0 0 
1359 10 0 0 0 0 0 0 0 0 0 0 0 
1360 10 0 0 0 0 0 0 0 0 0 0 0 
1361 10 0 0 0 0 0 0 0 0 0 0 0 
1362 10 0 0 0 0 0 0 0 0 0 0 0 
1363 10 0 0 0 0 0 0 0 0 0 0 0 
1364 10 0 0 0 0 0 0 0 0 0 0 0 
1365 10 0 0 0 0 0 0 0 0 0 0 0 
1366 10 0 0 0 0 0 0 0 0 0 0 0 
1367 10 0 0 0 0 0 0 0 0 0 0 0 
1368 10 0 0 0 0 0 0 0 0 0 0 0 
1369 10 0 0 0 0 0 0 0 0 0 0 0 
1370 10 0 0 0 0 0 0 0 0 0 0 0 
1371 10 0 0 0 0 0 0 0 0 0 0 0 
1372 10 0 0 0 0 0 0 0 0 0 0 0 
1373 10 0 0 0 0 0 0 0 0 0 0 0 
1374 10 0 0 0 0 0 0 0 0 0 0 0 
1375 10 0 0 0 0 0 0 0 0 0 0 0 
1376 10 0 0 0 0 0 0 0 0 0 0 0 
1377 10 0 0 0 0 0 0 0 0 0 0 0 
1378 10 0 0 0 0 0 0 0 0 0 0 0 
1379 10 0 0 0 0 0 0 0 0 0 0 0 
1380 10 0 0 0 0 0 0 0 0 0 0 0 
1381 10 0 0 0 0 0 0 0 0 0 0 0 
1382 10 0 0 0 0 0 0 0 0 0 0 0 
1383 10 0 0 0 0 0 0 0 0 0 0 0 
1384 10 0 0 0 0 0 0 0 0 0 0 0 
1385 10 0 0 0 0 0 0 0 0 0 0 0 
1386 10 0 0 0 0 0 0 0 0 0 0 0 
1387 10 0 0 0 0 0 0 0 0 0 0 0 
1388 10 0 0 0 0 0 0 0 0 0 0 0 
1389 10 0 0 0 0 0 0 0 0 0 0 0 
1390 10 0 0 0 0 0 0 0 0 0 0 0 
1391 10 0 0 0 0 0 0 0 0 0 0 0 
1392 10 0 0 0 0 0 0 0 0 0 0 0 
1393 10 0 0 0 0 0 0 0 0 0 0 0 
1394 10 0 0 0 0 0 0 0 0 0 0 0 
1395 10 0 0 0 0 0 0 0 0 0 0 0 
1396 10 0 0 0 0 0 0 0 0 0 0 0 
1397 10 0 0 0 0 0 0 0 0 0 0 0 
1398 10 0 0 0 0 0 0 0 0 0 0 0 
1399 10 0 0 0 0 0 0 0 0 0 0 0 
1400 10 0 0 0 0 0 0 0 0 0 0 0 
1401 10 0 0 0 0 0 0 0 0 0 0 0 
1402 10 0 0 0 0 0 0 0 0 0 0 0 
1403 10 0 0 0 0 0 0 0 0 0 0 0 
1404 10 0 0 0 0 0 0 0 0 0 0 0 
1405 10 0 0 0 0 0 0 0 0 0 0 0 
1406 10 0 0 0 0 0 0 0 0 0 0 0 
1407 10 0 0 0 0 0 0 0 0 0 0 0 
1408 10 0 0 0 0 0 0 0 0 0 0 0 
1409 10 0 0 0 0 0 0 0 0 0 0 0 
1410 10 0 0 0 0 0 0 0 0 0 0 0 
1411 10 0 0 0 0 0 0 0 0 0 0 0 
1412 10 0 0 0 0 0 0 0 0 0 0 0 
1413 10 0 0 0 0 0 0 0 0 0 0 0 
1414 10 0 0 0 0 0 0 0 0 0 0 0 
1415 10 0 0 0 0 0 0 0 0 0 0 0 
1416 10 0 0 0 0 0 0 0 0 0 0 0 
1417 10 0 0 0 0 0 0 0 0 0 0 0 
1418 10 0 0 0 0 0 0 0 0 0 0 0 
1419 10 0 0 0 0 0 0 0 0 0 0 0 
1420 10 0 0 0 0 0 0 0 0 0 0 0 
1421 10 0 0 0 0 0 0 0 0 0 0 0 
1422 10 0 0 0 0 0 0 0 0 0 0 0 
1423 10 0 0 0 0 0 0 0 0 0 0 0 
1424 10 0 0 0 0 0 0 0 0 0 0 0 
1425 10 0 0 0 0 0 0 0 0 0 0 0 
1426 10 0 0 0 0 0 0 0 0 0 0 0 
1427 10 0 0 0 0 0 0 0 0 0 0 0 
1428 10 0 0 0 0 0 0 0 0 0 0 0 
1429 10 0 0 0 0 0 0 0 0 0 0 0 
1430 10 0 0 0 0 0 0 0 0 0 0 0 
1431 10 0 0 0 0 0 0 0 0 0 0 0 
1432 10 0 0 0 0 0 0 0 0 0 0 0 
1433 10 0 0 0 0 0 0 0 0 0 0 0 
1434 10 0 0 0 0 0 0 0 0 0 0 0 
1435 10 0 0 0 0 0 0 0 0 0 0 0 
1436 10 0 0 0 0 0 0 0 0 0 0 0 
1437 10 0 0 0 0 0 0 0 0 0 0 0 
1438 10 0 0 0 0 0 0 0 0 0 0 0 
1439 10 0 0 0 0 0 0 0 0 0 0 0 
1440 10 0 0 0 0 0 0 0 0 0 0 0 
1441 10 0 0 0 0 0 0 0 0 0 0 0 
1442 10 0 0 0 0 0 0 0 0 0 0 0 
1443 10 0 0 0 0 0 0 0 0 0 0 0 
1444 10 0 0 0 0 0 0 0 0 0 0 0 
1445 10 0 0 0 0 0 0 0 0 0 0 0 
1446 10 0 0 0 0 0 0 0 0 0 0 0 
1447 10 0 0 0 0 0 0 0 0 0 0 0 
1448 10 0 0 0 0 0 0 0 0 0 0 0 
1449 10 0 0 0 0 0 0 0 0 0 0 0 
1450 10 0 0 0 0 0 0 0 0 0 0 0 
1451 10 0 0 0 0 0 0 0 0 0 0 0 
1452 10 0 0 0 0 0 0 0 0 0 0 0 
1453 10 0 0 0 0 0 0 0 0 0 0 0 
1454 10 0 0 0 0 0 0 0 0 0 0 0 
1455 10 0 0 0 0 0 0 0 0 0 0 0 
1456 10 0 0 0 0 0 0 0 0 0 0 0 
1457 10 0 0 0 0 0 0 0 0 0 0 0 
1458 10 0 0 0 0 0 0 0 0 0 0 0 
1459 10 0 0 0 0 0 0 0 0 0 0 0 
1460 10 0 0 0 0 0 0 0 0 0 0 0 
1461 10 0 0 0 0 0 0 0 0 0 0 0 
1462 10 0 0 0 0 0 0 0 0 0 0 0 
1463 10 0 0 0 0 0 0 0 0 0 0 0 
1464 10 0 0 0 0 0 0 0 0 0 0 0 
1465 10 0 0 0 0 0 0 0 0 0 0 0 
1466 10 0 0 0 0 0 0 0 0 0 0 0 
1467 10 0 0 0 0 0 0 0 0 0 0 0 
1468 10 0 0 0 0 0 0 0 0 0 0 0 
1469 10 0 0 0 0 0 0 0 0 0 0 0 
1470 10 0 0 0 0 0 0 0 0 0 0 0 
1471 10 0 0 0 0 0 0 0 0 0 0 0 
1472 10 0 0 0 0 0 0 0 0 0 0 0 
1473 10 0 0 0 0 0 0 0 0 0 0 0 
1474 10 0 0 0 0 0 0 0 0 0 0 0 
1475 10 48 0 0 0 0 0 0 0 0 0 0 
1476 10 49 0 0 0 0 0 0 0 0 0 0 
1477 10 0 0 0 0 0 0 0 0 0 0 0 
1478 10 0 0 0 0 0 0 0 0 0 0 0 
1479 10 0 0 0 0 0 0 0 0 0 0 0 
1480 10 0 0 0 0 0 0 0 0 0 0 0 
1481 10 0 0 0 0 0 0 0 0 0 0 0 
1482 10 0 0 0 0 0 0 0 0 0 0 0 
1483 10 0 0 0 0 0 0 0 0 0 0 0 
1484 10 0 0 0 0 0 0 0 0 0 0 0 
1485 10 0 0 0 0 0 0 0 0 0 0 0 
1486 10 0 0 0 0 0 0 0 0 0 0 0 
1487 10 53 0 0 0 0 0 0 0 0 0 0 
1488 10 54 0 0 0 0 0 0 0 0 0 0 
1489 10 0 0 0 0 0 0 0 0 0 0 0 
1490 10 0 0 0 0 0 0 0 0 0 0 0 
1491 10 56 0 0 0 0 0 0 0 0 0 0 
1492 10 57 0 0 0 0 0 0 0 0 0 0 
1493 10 58 0 0 0 0 0 0 0 0 0 0 
1494 10 59 0 0 0 0 0 0 0 0 0 0 
1495 10 0 0 0 0 0 0 0 0 0 0 0 
1496 10 0 0 0 0 0 0 0 0 0 0 0 
1497 10 0 0 0 0 0 0 0 0 0 0 0 
1498 10 0 0 0 0 0 0 0 0 0 0 0 
1499 10 62 0 0 0 0 0 0 0 0 0 0 
1500 10 63 0 0 0 0 0 0 0 0 0 0 
1501 10 64 0 0 0 0 0 0 0 0 0 0 
1502 10 65 0 0 0 0 0 0 0 0 0 0 
1503 10 66 0 0 0 0 0 0 0 0 0 0 
1504 10 67 0 0 0 0 0 0 0 0 0 0 
1505 10 68 0 0 0 0 0 0 0 0 0 0 
1506 10 69 0 0 0 0 0 0 0 0 0 0 
1507 10 0 0 0 0 0 0 0 0 0 0 0 
1508 10 0 0 0 0 0 0 0 0 0 0 0 
1509 10 0 0 0 0 0 0 0 0 0 0 0 
1510 10 0 0 0 0 0 0 0 0 0 0 0 
1511 10 0 0 0 0 0 0 0 0 0 0 0 
1512 10 0 0 0 0 0 0 0 0 0 0 0 
1513 10 0 0 0 0 0 0 0 0 0 0 0 
1514 10 0 0 0 0 0 0 0 0 0 0 0 
1515 10 0 0 0 0 0 0 0 0 0 0 0 
1516 10 0 0 0 0 0 0 0 0 0 0 0 
1517 10 0 0 0 0 0 0 0 0 0 0 0 
1518 10 0 0 0 0 0 0 0 0 0 0 0 
1519 10 0 0 0 0 0 0 0 0 0 0 0 
1520 10 0 0 0 0 0 0 0 0 0 0 0 
1521 10 0 0 0 0 0 0 0 0 0 0 0 
1522 10 0 0 0 0 0 0 0 0 0 0 0 
1523 10 0 0 0 0 0 0 0 0 0 0 0 
1524 10 0 0 0 0 0 0 0 0 0 0 0 
1525 10 0 0 0 0 0 0 0 0 0 0 0 
1526 10 0 0 0 0 0 0 0 0 0 0 0 
1527 10 0 0 0 0 0 0 0 0 0 0 0 
1528 10 0 0 0 0 0 0 0 0 0 0 0 
1529 10 0 0 0 0 0 0 0 0 0 0 0 
1530 10 0 0 0 0 0 0 0 0 0 0 0 
1531 10 0 0 0 0 0 0 0 0 0 0 0 
1532 10 0 0 0 0 0 0 0 0 0 0 0 
1533 10 0 0 0 0 0 0 0 0 0 0 0 
1534 10 0 0 0 0 0 0 0 0 0 0 0 
1535 10 0 0 0 0 0 0 0 0 0 0 0 
1536 10 0 0 0 0 0 0 0 0 0 0 0 
1537 10 0 0 0 0 0 0 0 0 0 0 0 
1538 10 0 0 0 0 0 0 0 0 0 0 0 
1539 10 0 0 0 0 0 0 0 0 0 0 0 
1540 10 0 0 0 0 0 0 0 0 0 0 0 
1541 10 0 0 0 0 0 0 0 0 0 0 0 
1542 10 0 0 0 0 0 0 0 0 0 0 0 
1543 10 0 0 0 0 0 0 0 0 0 0 0 
1544 10 0 0 0 0 0 0 0 0 0 0 0 
1545 10 0 0 0 0 0 0 0 0 0 0 0 
1546 10 0 0 0 0 0 0 0 0 0 0 0 
1547 10 0 0 0 0 0 0 0 0 0 0 0 
1548 10 0 0 0 0 0 0 0 0 0 0 0 
1549 10 0 0 0 0 0 0 0 0 0 0 0 
1550 10 0 0 0 0 0 0 0 0 0 0 0 
1551 10 0 0 0 0 0 0 0 0 0 0 0 
1552 10 0 0 0 0 0 0 0 0 0 0 0 
1553 10 0 0 0 0 0 0 0 0 0 0 0 
1554 10 0 0 0 0 0 0 0 0 0 0 0 
1555 10 0 0 0 0 0 0 0 0 0 0 0 
1556 10 0 0 0 0 0 0 0 0 0 0 0 
1557 10 0 0 0 0 0 0 0 0 0 0 0 
1558 10 0 0 0 0 0 0 0 0 0 0 0 
1559 10 0 0 0 0 0 0 0 0 0 0 0 
1560 10 0 0 0 0 0 0 0 0 0 0 0 
1561 10 0 0 0 0 0 0 0 0 0 0 0 
1562 10 0 0 0 0 0 0 0 0 0 0 0 
1563 10 0 0 0 0 0 0 0 0 0 0 0 
1564 10 0 0 0 0 0 0 0 0 0 0 0 
1565 10 0 0 0 0 0 0 0 0 0 0 0 
1566 10 0 0 0 0 0 0 0 0 0 0 0 
1567 10 0 0 0 0 0 0 0 0 0 0 0 
1568 10 0 0 0 0 0 0 0 0 0 0 0 
1569 10 0 0 0 0 0 0 0 0 0 0 0 
1570 10 0 0 0 0 0 0 0 0 0 0 0 
1571 10 0 0 0 0 0 0 0 0 0 0 0 
1572 10 0 0 0 0 0 0 0 0 0 0 0 
1573 10 0 0 0 0 0 0 0 0 0 0 0 
1574 10 0 0 0 0 0 0 0 0 0 0 0 
1575 10 0 0 0 0 0 0 0 0 0 0 0 
1576 10 0 0 0 0 0 0 0 0 0 0 0 
1577 10 0 0 0 0 0 0 0 0 0 0 0 
1578 10 0 0 0 0 0 0 0 0 0 0 0 
1579 10 0 0 0 0 0 0 0 0 0 0 0 
1580 10 0 0 0 0 0 0 0 0 0 0 0 
1581 10 0 0 0 0 0 0 0 0 0 0 0 
1582 10 0 0 0 0 0 0 0 0 0 0 0 
1583 10 0 0 0 0 0 0 0 0 0 0 0 
1584 10 0 0 0 0 0 0 0 0 0 0 0 
1585 10 0 0 0 0 0 0 0 0 0 0 0 
1586 10 0 0 0 0 0 0 0 0 0 0 0 
1587 10 0 0 0 0 0 0 0 0 0 0 0 
1588 10 0 0 0 0 0 0 0 0 0 0 0 
1589 10 0 0 0 0 0 0 0 0 0 0 0 
1590 10 0 0 0 0 0 0 0 0 0 0 0 
1591 10 0 0 0 0 0 0 0 0 0 0 0 
1592 10 0 0 0 0 0 0 0 0 0 0 0 
1593 10 0 0 0 0 0 0 0 0 0 0 0 
1594 10 0 0 0 0 0 0 0 0 0 0 0 
1595 10 0 0 0 0 0 0 0 0 0 0 0 
1596 10 0 0 0 0 0 0 0 0 0 0 0 
1597 10 0 0 0 0 0 0 0 0 0 0 0 
1598 10 0 0 0 0 0 0 0 0 0 0 0 
1599 10 0 0 0 0 0 0 0 0 0 0 0 
1600 10 0 0 0 0 0 0 0 0 0 0 0 
1601 10 0 0 0 0 0 0 0 0 0 0 0 
1602 10 0 0 0 0 0 0 0 0 0 0 0 
1603 10 0 0 0 0 0 0 0 0 0 0 0 
1604 10 0 0 0 0 0 0 0 0 0 0 0 
1605 10 0 0 0 0 0 0 0 0 0 0 0 
1606 10 0 0 0 0 0 0 0 0 0 0 0 
1607 10 0 0 0 0 0 0 0 0 0 0 0 
1608 10 0 0 0 0 0 0 0 0 0 0 0 
1609 10 0 0 0 0 0 0 0 0 0 0 0 
1610 10 0 0 0 0 0 0 0 0 0 0 0 
1611 10 0 0 0 0 0 0 0 0 0 0 0 
1612 10 0 0 0 0 0 0 0 0 0 0 0 
1613 10 0 0 0 0 0 0 0 0 0 0 0 
1614 10 0 0 0 0 0 0 0 0 0 0 0 
1615 10 0 0 0 0 0 0 0 0 0 0 0 
1616 10 0 0 0 0 0 0 0 0 0 0 0 
1617 10 0 0 0 0 0 0 0 0 0 0 0 
1618 10 0 0 0 0 0 0 0 0 0 0 0 
1619 10 0 0 0 0 0 0 0 0 0 0 0 
1620 10 0 0 0 0 0 0 0 0 0 0 0 
1621 10 0 0 0 0 0 0 0 0 0 0 0 
1622 10 0 0 0 0 0 0 0 0 0 0 0 
1623 10 0 0 0 0 0 0 0 0 0 0 0 
1624 10 0 0 0 0 0 0 0 0 0 0 0 
1625 10 0 0 0 0 0 0 0 0 0 0 0 
1626 10 0 0 0 0 0 0 0 0 0 0 0 
1627 10 0 0 0 0 0 0 0 0 0 0 0 
1628 10 0 0 0 0 0 0 0 0 0 0 0 
1629 10 0 0 0 0 0 0 0 0 0 0 0 
1630 10 0 0 0 0 0 0 0 0 0 0 0 
1631 10 0 0 0 0 0 0 0 0 0 0 0 
1632 10 0 0 0 0 0 0 0 0 0 0 0 
1633 10 0 0 0 0 0 0 0 0 0 0 0 
1634 10 0 0 0 0 0 0 0 0 0 0 0 
1635 10 0 0 0 0 0 0 0 0 0 0 0 
1636 10 0 0 0 0 0 0 0 0 0 0 0 
1637 10 0 0 0 0 0 0 0 0 0 0 0 
1638 10 0 0 0 0 0 0 0 0 0 0 0 
1639 10 0 0 0 0 0 0 0 0 0 0 0 
1640 10 0 0 0 0 0 0 0 0 0 0 0 
1641 10 0 0 0 0 0 0 0 0 0 0 0 
1642 10 0 0 0 0 0 0 0 0 0 0 0 
1643 10 0 0 0 0 0 0 0 0 0 0 0 
1644 10 0 0 0 0 0 0 0 0 0 0 0 
1645 10 0 0 0 0 0 0 0 0 0 0 0 
1646 10 0 0 0 0 0 0 0 0 0 0 0 
1647 10 0 0 0 0 0 0 0 0 0 0 0 
1648 10 0 0 0 0 0 0 0 0 0 0 0 
1649 10 0 0 0 0 0 0 0 0 0 0 0 
1650 10 0 0 0 0 0 0 0 0 0 0 0 
1651 10 0 0 0 0 0 0 0 0 0 0 0 
1652 10 0 0 0 0 0 0 0 0 0 0 0 
1653 10 0 0 0 0 0 0 0 0 0 0 0 
1654 10 0 0 0 0 0 0 0 0 0 0 0 
1655 10 0 0 0 0 0 0 0 0 0 0 0 
1656 10 0 0 0 0 0 0 0 0 0 0 0 
1657 10 0 0 0 0 0 0 0 0 0 0 0 
1658 10 0 0 0 0 0 0 0 0 0 0 0 
1659 10 0 0 0 0 0 0 0 0 0 0 0 
1660 10 0 0 0 0 0 0 0 0 0 0 0 
1661 10 0 0 0 0 0 0 0 0 0 0 0 
1662 10 0 0 0 0 0 0 0 0 0 0 0 
1663 10 0 0 0 0 0 0 0 0 0 0 0 
1664 10 0 0 0 0 0 0 0 0 0 0 0 
1665 10 0 0 0 0 0 0 0 0 0 0 0 
1666 10 0 0 0 0 0 0 0 0 0 0 0 
1667 10 0 0 0 0 0 0 0 0 0 0 0 
1668 10 0 0 0 0 0 0 0 0 0 0 0 
1669 10 0 0 0 0 0 0 0 0 0 0 0 
1670 10 0 0 0 0 0 0 0 0 0 0 0 
1671 10 0 0 0 0 0 0 0 0 0 0 0 
1672 10 0 0 0 0 0 0 0 0 0 0 0 
1673 10 0 0 0 0 0 0 0 0 0 0 0 
1674 10 0 0 0 0 0 0 0 0 0 0 0 
1675 10 0 0 0 0 0 0 0 0 0 0 0 
1676 10 0 0 0 0 0 0 0 0 0 0 0 
1677 10 0 0 0 0 0 0 0 0 0 0 0 
1678 10 0 0 0 0 0 0 0 0 0 0 0 
1679 10 0 0 0 0 0 0 0 0 0 0 0 
1680 10 0 0 0 0 0 0 0 0 0 0 0 
1681 10 0 0 0 0 0 0 0 0 0 0 0 
1682 10 0 0 0 0 0 0 0 0 0 0 0 
1683 10 0 0 0 0 0 0 0 0 0 0 0 
1684 10 0 0 0 0 0 0 0 0 0 0 0 
1685 10 0 0 0 0 0 0 0 0 0 0 0 
1686 10 0 0 0 0 0 0 0 0 0 0 0 
1687 10 0 0 0 0 0 0 0 0 0 0 0 
1688 10 0 0 0 0 0 0 0 0 0 0 0 
1689 10 0 0 0 0 0 0 0 0 0 0 0 
1690 10 0 0 0 0 0 0 0 0 0 0 0 
1691 10 0 0 0 0 0 0 0 0 0 0 0 
1692 10 0 0 0 0 0 0 0 0 0 0 0 
1693 10 0 0 0 0 0 0 0 0 0 0 0 
1694 10 0 0 0 0 0 0 0 0 0 0 0 
1695 10 0 0 0 0 0 0 0 0 0 0 0 
1696 10 0 0 0 0 0 0 0 0 0 0 0 
1697 10 0 0 0 0 0 0 0 0 0 0 0 
1698 10 0 0 0 0 0 0 0 0 0 0 0 
1699 10 0 0 0 0 0 0 0 0 0 0 0 
1700 10 0 0 0 0 0 0 0 0 0 0 0 
1701 10 0 0 0 0 0 0 0 0 0 0 0 
1702 10 0 0 0 0 0 0 0 0 0 0 0 
1703 10 0 0 0 0 0 0 0 0 0 0 0 
1704 10 0 0 0 0 0 0 0 0 0 0 0 
1705 10 0 0 0 0 0 0 0 0 0 0 0 
1706 10 0 0 0 0 0 0 0 0 0 0 0 
1707 10 0 0 0 0 0 0 0 0 0 0 0 
1708 10 0 0 0 0 0 0 0 0 0 0 0 
1709 10 0 0 0 0 0 0 0 0 0 0 0 
1710 10 0 0 0 0 0 0 0 0 0 0 0 
1711 10 0 0 0 0 0 0 0 0 0 0 0 
1712 10 0 0 0 0 0 0 0 0 0 0 0 
1713 10 0 0 0 0 0 0 0 0 0 0 0 
1714 10 0 0 0 0 0 0 0 0 0 0 0 
1715 10 0 0 0 0 0 0 0 0 0 0 0 
1716 10 0 0 0 0 0 0 0 0 0 0 0 
1717 10 0 0 0 0 0 0 0 0 0 0 0 
1718 10 0 0 0 0 0 0 0 0 0 0 0 
1719 10 0 0 0 0 0 0 0 0 0 0 0 
1720 10 0 0 0 0 0 0 0 0 0 0 0 
1721 10 0 0 0 0 0 0 0 0 0 0 0 
1722 10 0 0 0 0 0 0 0 0 0 0 0 
1723 10 0 0 0 0 0 0 0 0 0 0 0 
1724 10 0 0 0 0 0 0 0 0 0 0 0 
1725 10 0 0 0 0 0 0 0 0 0 0 0 
1726 10 0 0 0 0 0 0 0 0 0 0 0 
1727 10 0 0 0 0 0 0 0 0 0 0 0 
1728 10 0 0 0 0 0 0 0 0 0 0 0 
1729 10 0 0 0 0 0 0 0 0 0 0 0 
1730 10 0 0 0 0 0 0 0 0 0 0 0 
1731 10 0 0 0 0 0 0 0 0 0 0 0 
1732 10 0 0 0 0 0 0 0 0 0 0 0 
1733 10 0 0 0 0 0 0 0 0 0 0 0 
1734 10 0 0 0 0 0 0 0 0 0 0 0 
1735 10 0 0 0 0 0 0 0 0 0 0 0 
1736 10 0 0 0 0 0 0 0 0 0 0 0 
1737 10 0 0 0 0 0 0 0 0 0 0 0 
1738 10 0 0 0 0 0 0 0 0 0 0 0 
1739 10 0 0 0 0 0 0 0 0 0 0 0 
1740 10 0 0 0 0 0 0 0 0 0 0 0 
1741 10 0 0 0 0 0 0 0 0 0 0 0 
1742 10 0 0 0 0 0 0 0 0 0 0 0 
1743 10 0 0 0 0 0 0 0 0 0 0 0 
1744 10 0 0 0 0 0 0 0 0 0 0 0 
1745 10 0 0 0 0 0 0 0 0 0 0 0 
1746 10 0 0 0 0 0 0 0 0 0 0 0 
1747 10 0 0 0 0 0 0 0 0 0 0 0 
1748 10 0 0 0 0 0 0 0 0 0 0 0 
1749 10 0 0 0 0 0 0 0 0 0 0 0 
1750 10 0 0 0 0 0 0 0 0 0 0 0 
1751 10 0 0 0 0 0 0 0 0 0 0 0 
1752 10 0 0 0 0 0 0 0 0 0 0 0 
1753 10 0 0 0 0 0 0 0 0 0 0 0 
1754 10 0 0 0 0 0 0 0 0 0 0 0 
1755 10 0 0 0 0 0 0 0 0 0 0 0 
1756 10 0 0 0 0 0 0 0 0 0 0 0 
1757 10 0 0 0 0 0 0 0 0 0 0 0 
1758 10 0 0 0 0 0 0 0 0 0 0 0 
1759 10 0 0 0 0 0 0 0 0 0 0 0 
1760 10 0 0 0 0 0 0 0 0 0 0 0 
1761 10 0 0 0 0 0 0 0 0 0 0 0 
1762 10 0 0 0 0 0 0 0 0 0 0 0 
1763 10 0 0 0 0 0 0 0 0 0 0 0 
1764 10 0 0 0 0 0 0 0 0 0 0 0 
1765 10 0 0 0 0 0 0 0 0 0 0 0 
1766 10 0 0 0 0 0 0 0 0 0 0 0 
1767 10 0 0 0 0 0 0 0 0 0 0 0 
1768 10 0 0 0 0 0 0 0 0 0 0 0 
1769 10 0 0 0 0 0 0 0 0 0 0 0 
1770 10 0 0 0 0 0 0 0 0 0 0 0 
1771 10 0 0 0 0 0 0 0 0 0 0 0 
1772 10 0 0 0 0 0 0 0 0 0 0 0 
1773 10 0 0 0 0 0 0 0 0 0 0 0 
1774 10 0 0 0 0 0 0 0 0 0 0 0 
1775 10 87 0 0 0 0 0 0 0 0 0 0 
1776 10 88 0 0 0 0 0 0 0 0 0 0 
1777 10 0 0 0 0 0 0 0 0 0 0 0 
1778 10 0 0 0 0 0 0 0 0 0 0 0 
1779 10 0 0 0 0 0 0 0 0 0 0 0 
1780 10 0 0 0 0 0 0 0 0 0 0 0 
1781 10 0 0 0 0 0 0 0 0 0 0 0 
1782 10 0 0 0 0 0 0 0 0 0 0 0 
1783 10 0 0 0 0 0 0 0 0 0 0 0 
1784 10 0 0 0 0 0 0 0 0 0 0 0 
1785 10 0 0 0 0 0 0 0 0 0 0 0 
1786 10 0 0 0 0 0 0 0 0 0 0 0 
1787 10 0 0 0 0 0 0 0 0 0 0 0 
1788 10 0 0 0 0 0 0 0 0 0 0 0 
1789 10 0 0 0 0 0 0 0 0 0 0 0 
1790 10 0 0 0 0 0 0 0 0 0 0 0 
1791 10 0 0 0 0 0 0 0 0 0 0 0 
1792 10 0 0 0 0 0 0 0 0 0 0 0 
1793 10 0 0 0 0 0 0 0 0 0 0 0 
1794 10 0 0 0 0 0 0 0 0 0 0 0 
1795 10 0 0 0 0 0 0 0 0 0 0 0 
1796 10 0 0 0 0 0 0 0 0 0 0 0 
1797 10 0 0 0 0 0 0 0 0 0 0 0 
1798 10 0 0 0 0 0 0 0 0 0 0 0 
1799 10 0 0 0 0 0 0 0 0 0 0 0 
1800 10 0 0 0 0 0 0 0 0 0 0 0 
1801 10 0 0 0 0 0 0 0 0 0 0 0 
1802 10 0 0 0 0 0 0 0 0 0 0 0 
1803 10 0 0 0 0 0 0 0 0 0 0 0 
1804 10 0 0 0 0 0 0 0 0 0 0 0 
1805 10 0 0 0 0 0 0 0 0 0 0 0 
1806 10 0 0 0 0 0 0 0 0 0 0 0 
1807 10 0 0 0 0 0 0 0 0 0 0 0 
1808 10 0 0 0 0 0 0 0 0 0 0 0 
1809 10 0 0 0 0 0 0 0 0 0 0 0 
1810 10 0 0 0 0 0 0 0 0 0 0 0 
1811 10 0 0 0 0 0 0 0 0 0 0 0 
1812 10 0 0 0 0 0 0 0 0 0 0 0 
1813 10 0 0 0 0 0 0 0 0 0 0 0 
1814 10 0 0 0 0 0 0 0 0 0 0 0 
1815 10 0 0 0 0 0 0 0 0 0 0 0 
1816 10 0 0 0 0 0 0 0 0 0 0 0 
1817 10 0 0 0 0 0 0 0 0 0 0 0 
1818 10 0 0 0 0 0 0 0 0 0 0 0 
1819 10 0 0 0 0 0 0 0 0 0 0 0 
1820 10 0 0 0 0 0 0 0 0 0 0 0 
1821 10 0 0 0 0 0 0 0 0 0 0 0 
1822 10 0 0 0 0 0 0 0 0 0 0 0 
1823 10 0 0 0 0 0 0 0 0 0 0 0 
1824 10 0 0 0 0 0 0 0 0 0 0 0 
1825 10 0 0 0 0 0 0 0 0 0 0 0 
1826 10 0 0 0 0 0 0 0 0 0 0 0 
1827 10 0 0 0 0 0 0 0 0 0 0 0 
1828 10 0 0 0 0 0 0 0 0 0 0 0 
1829 10 0 0 0 0 0 0 0 0 0 0 0 
1830 10 0 0 0 0 0 0 0 0 0 0 0 
1831 10 0 0 0 0 0 0 0 0 0 0 0 
1832 10 0 0 0 0 0 0 0 0 0 0 0 
1833 10 0 0 0 0 0 0 0 0 0 0 0 
1834 10 0 0 0 0 0 0 0 0 0 0 0 
1835 10 0 0 0 0 0 0 0 0 0 0 0 
1836 10 0 0 0 0 0 0 0 0 0 0 0 
1837 10 0 0 0 0 0 0 0 0 0 0 0 
1838 10 0 0 0 0 0 0 0 0 0 0 0 
1839 10 0 0 0 0 0 0 0 0 0 0 0 
1840 10 0 0 0 0 0 0 0 0 0 0 0 
1841 10 0 0 0 0 0 0 0 0 0 0 0 
1842 10 0 0 0 0 0 0 0 0 0 0 0 
1843 10 0 0 0 0 0 0 0 0 0 0 0 
1844 10 0 0 0 0 0 0 0 0 0 0 0 
1845 10 0 0 0 0 0 0 0 0 0 0 0 
1846 10 0 0 0 0 0 0 0 0 0 0 0 
1847 10 0 0 0 0 0 0 0 0 0 0 0 
1848 10 0 0 0 0 0 0 0 0 0 0 0 
1849 10 0 0 0 0 0 0 0 0 0 0 0 
1850 10 0 0 0 0 0 0 0 0 0 0 0 
1851 10 0 0 0 0 0 0 0 0 0 0 0 
1852 10 0 0 0 0 0 0 0 0 0 0 0 
1853 10 0 0 0 0 0 0 0 0 0 0 0 
1854 10 0 0 0 0 0 0 0 0 0 0 0 
1855 10 0 0 0 0 0 0 0 0 0 0 0 
1856 10 0 0 0 0 0 0 0 0 0 0 0 
1857 10 0 0 0 0 0 0 0 0 0 0 0 
1858 10 0 0 0 0 0 0 0 0 0 0 0 
1859 10 0 0 0 0 0 0 0 0 0 0 0 
1860 10 0 0 0 0 0 0 0 0 0 0 0 
1861 10 0 0 0 0 0 0 0 0 0 0 0 
1862 10 0 0 0 0 0 0 0 0 0 0 0 
1863 10 0 0 0 0 0 0 0 0 0 0 0 
1864 10 0 0 0 0 0 0 0 0 0 0 0 
1865 10 0 0 0 0 0 0 0 0 0 0 0 
1866 10 0 0 0 0 0 0 0 0 0 0 0 
1867 10 0 0 0 0 0 0 0 0 0 0 0 
1868 10 0 0 0 0 0 0 0 0 0 0 0 
1869 10 0 0 0 0 0 0 0 0 0 0 0 
1870 10 0 0 0 0 0 0 0 0 0 0 0 
1871 10 0 0 0 0 0 0 0 0 0 0 0 
1872 10 0 0 0 0 0 0 0 0 0 0 0 
1873 10 0 0 0 0 0 0 0 0 0 0 0 
1874 10 0 0 0 0 0 0 0 0 0 0 0 
1875 10 0 0 0 0 0 0 0 0 0 0 0 
1876 10 0 0 0 0 0 0 0 0 0 0 0 
1877 10 0 0 0 0 0 0 0 0 0 0 0 
1878 10 0 0 0 0 0 0 0 0 0 0 0 
1879 10 0 0 0 0 0 0 0 0 0 0 0 
1880 10 0 0 0 0 0 0 0 0 0 0 0 
1881 10 0 0 0 0 0 0 0 0 0 0 0 
1882 10 0 0 0 0 0 0 0 0 0 0 0 
1883 10 0 0 0 0 0 0 0 0 0 0 0 
1884 10 0 0 0 0 0 0 0 0 0 0 0 
1885 10 0 0 0 0 0 0 0 0 0 0 0 
1886 10 0 0 0 0 0 0 0 0 0 0 0 
1887 10 0 0 0 0 0 0 0 0 0 0 0 
1888 10 0 0 0 0 0 0 0 0 0 0 0 
1889 10 0 0 0 0 0 0 0 0 0 0 0 
1890 10 0 0 0 0 0 0 0 0 0 0 0 
1891 10 0 0 0 0 0 0 0 0 0 0 0 
1892 10 0 0 0 0 0 0 0 0 0 0 0 
1893 10 0 0 0 0 0 0 0 0 0 0 0 
1894 10 0 0 0 0 0 0 0 0 0 0 0 
1895 10 0 0 0 0 0 0 0 0 0 0 0 
1896 10 0 0 0 0 0 0 0 0 0 0 0 
1897 10 0 0 0 0 0 0 0 0 0 0 0 
1898 10 0 0 0 0 0 0 0 0 0 0 0 
1899 10 0 0 0 0 0 0 0 0 0 0 0 
1900 10 0 0 0 0 0 0 0 0 0 0 0 
1901 10 0 0 0 0 0 0 0 0 0 0 0 
1902 10 0 0 0 0 0 0 0 0 0 0 0 
1903 10 0 0 0 0 0 0 0 0 0 0 0 
1904 10 0 0 0 0 0 0 0 0 0 0 0 
1905 10 0 0 0 0 0 0 0 0 0 0 0 
1906 10 0 0 0 0 0 0 0 0 0 0 0 
1907 10 0 0 0 0 0 0 0 0 0 0 0 
1908 10 0 0 0 0 0 0 0 0 0 0 0 
1909 10 0 0 0 0 0 0 0 0 0 0 0 
1910 10 0 0 0 0 0 0 0 0 0 0 0 
1911 10 0 0 0 0 0 0 0 0 0 0 0 
1912 10 0 0 0 0 0 0 0 0 0 0 0 
1913 10 0 0 0 0 0 0 0 0 0 0 0 
1914 10 0 0 0 0 0 0 0 0 0 0 0 
1915 10 0 0 0 0 0 0 0 0 0 0 0 
1916 10 0 0 0 0 0 0 0 0 0 0 0 
1917 10 0 0 0 0 0 0 0 0 0 0 0 
1918 10 0 0 0 0 0 0 0 0 0 0 0 
1919 10 0 0 0 0 0 0 0 0 0 0 0 
1920 10 0 0 0 0 0 0 0 0 0 0 0 
1921 10 0 0 0 0 0 0 0 0 0 0 0 
1922 10 0 0 0 0 0 0 0 0 0 0 0 
1923 10 0 0 0 0 0 0 0 0 0 0 0 
1924 10 0 0 0 0 0 0 0 0 0 0 0 
1925 10 0 0 0 0 0 0 0 0 0 0 0 
1926 10 0 0 0 0 0 0 0 0 0 0 0 
1927 10 0 0 0 0 0 0 0 0 0 0 0 
1928 10 0 0 0 0 0 0 0 0 0 0 0 
1929 10 0 0 0 0 0 0 0 0 0 0 0 
1930 10 0 0 0 0 0 0 0 0 0 0 0 
1931 10 0 0 0 0 0 0 0 0 0 0 0 
1932 10 0 0 0 0 0 0 0 0 0 0 0 
1933 10 0 0 0 0 0 0 0 0 0 0 0 
1934 10 0 0 0 0 0 0 0 0 0 0 0 
1935 10 0 0 0 0 0 0 0 0 0 0 0 
1936 10 0 0 0 0 0 0 0 0 0 0 0 
1937 10 0 0 0 0 0 0 0 0 0 0 0 
1938 10 0 0 0 0 0 0 0 0 0 0 0 
1939 10 0 0 0 0 0 0 0 0 0 0 0 
1940 10 0 0 0 0 0 0 0 0 0 0 0 
1941 10 0 0 0 0 0 0 0 0 0 0 0 
1942 10 0 0 0 0 0 0 0 0 0 0 0 
1943 10 0 0 0 0 0 0 0 0 0 0 0 
1944 10 0 0 0 0 0 0 0 0 0 0 0 
1945 10 0 0 0 0 0 0 0 0 0 0 0 
1946 10 0 0 0 0 0 0 0 0 0 0 0 
1947 10 0 0 0 0 0 0 0 0 0 0 0 
1948 10 0 0 0 0 0 0 0 0 0 0 0 
1949 10 0 0 0 0 0 0 0 0 0 0 0 
1950 10 0 0 0 0 0 0 0 0 0 0 0 
1951 10 0 0 0 0 0 0 0 0 0 0 0 
1952 10 0 0 0 0 0 0 0 0 0 0 0 
1953 10 0 0 0 0 0 0 0 0 0 0 0 
1954 10 0 0 0 0 0 0 0 0 0 0 0 
1955 10 0 0 0 0 0 0 0 0 0 0 0 
1956 10 0 0 0 0 0 0 0 0 0 0 0 
1957 10 0 0 0 0 0 0 0 0 0 0 0 
1958 10 0 0 0 0 0 0 0 0 0 0 0 
1959 10 0 0 0 0 0 0 0 0 0 0 0 
1960 10 0 0 0 0 0 0 0 0 0 0 0 
1961 10 0 0 0 0 0 0 0 0 0 0 0 
1962 10 0 0 0 0 0 0 0 0 0 0 0 
1963 10 0 0 0 0 0 0 0 0 0 0 0 
1964 10 0 0 0 0 0 0 0 0 0 0 0 
1965 10 0 0 0 0 0 0 0 0 0 0 0 
1966 10 0 0 0 0 0 0 0 0 0 0 0 
1967 10 0 0 0 0 0 0 0 0 0 0 0 
1968 10 0 0 0 0 0 0 0 0 0 0 0 
1969 10 0 0 0 0 0 0 0 0 0 0 0 
1970 10 0 0 0 0 0 0 0 0 0 0 0 
1971 10 0 0 0 0 0 0 0 0 0 0 0 
1972 10 0 0 0 0 0 0 0 0 0 0 0 
1973 10 0 0 0 0 0 0 0 0 0 0 0 
1974 10 0 0 0 0 0 0 0 0 0 0 0 
1975 10 0 0 0 0 0 0 0 0 0 0 0 
1976 10 0 0 0 0 0 0 0 0 0 0 0 
1977 10 0 0 0 0 0 0 0 0 0 0 0 
1978 10 0 0 0 0 0 0 0 0 0 0 0 
1979 10 0 0 0 0 0 0 0 0 0 0 0 
1980 10 0 0 0 0 0 0 0 0 0 0 0 
1981 10 0 0 0 0 0 0 0 0 0 0 0 
1982 10 0 0 0 0 0 0 0 0 0 0 0 
1983 10 0 0 0 0 0 0 0 0 0 0 0 
1984 10 0 0 0 0 0 0 0 0 0 0 0 
1985 10 0 0 0 0 0 0 0 0 0 0 0 
1986 10 0 0 0 0 0 0 0 0 0 0 0 
1987 10 0 0 0 0 0 0 0 0 0 0 0 
1988 10 0 0 0 0 0 0 0 0 0 0 0 
1989 10 0 0 0 0 0 0 0 0 0 0 0 
1990 10 0 0 0 0 0 0 0 0 0 0 0 
1991 10 0 0 0 0 0 0 0 0 0 0 0 
1992 10 0 0 0 0 0 0 0 0 0 0 0 
1993 10 0 0 0 0 0 0 0 0 0 0 0 
1994 10 0 0 0 0 0 0 0 0 0 0 0 
1995 10 0 0 0 0 0 0 0 0 0 0 0 
1996 10 0 0 0 0 0 0 0 0 0 0 0 
1997 10 0 0 0 0 0 0 0 0 0 0 0 
1998 10 0 0 0 0 0 0 0 0 0 0 0 
1999 10 0 0 0 0 0 0 0 0 0 0 0 
2000 10 0 0 0 0 0 0 0 0 0 0 0 
2001 10 0 0 0 0 0 0 0 0 0 0 0 
2002 10 0 0 0 0 0 0 0 0 0 0 0 
2003 10 0 0 0 0 0 0 0 0 0 0 0 
2004 10 0 0 0 0 0 0 0 0 0 0 0 
2005 10 0 0 0 0 0 0 0 0 0 0 0 
2006 10 0 0 0 0 0 0 0 0 0 0 0 
2007 10 0 0 0 0 0 0 0 0 0 0 0 
2008 10 0 0 0 0 0 0 0 0 0 0 0 
2009 10 0 0 0 0 0 0 0 0 0 0 0 
2010 10 0 0 0 0 0 0 0 0 0 0 0 
2011 10 0 0 0 0 0 0 0 0 0 0 0 
2012 10 0 0 0 0 0 0 0 0 0 0 0 
2013 10 0 0 0 0 0 0 0 0 0 0 0 
2014 10 0 0 0 0 0 0 0 0 0 0 0 
2015 10 0 0 0 0 0 0 0 0 0 0 0 
2016 10 0 0 0 0 0 0 0 0 0 0 0 
2017 10 0 0 0 0 0 0 0 0 0 0 0 
2018 10 0 0 0 0 0 0 0 0 0 0 0 
2019 10 0 0 0 0 0 0 0 0 0 0 0 
2020 10 0 0 0 0 0 0 0 0 0 0 0 
2021 10 0 0 0 0 0 0 0 0 0 0 0 
2022 10 0 0 0 0 0 0 0 0 0 0 0 
2023 10 0 0 0 0 0 0 0 0 0 0 0 
2024 10 0 0 0 0 0 0 0 0 0 0 0 
2025 10 0 0 0 0 0 0 0 0 0 0 0 
2026 10 0 0 0 0 0 0 0 0 0 0 0 
2027 10 0 0 0 0 0 0 0 0 0 0 0 
2028 10 0 0 0 0 0 0 0 0 0 0 0 
2029 10 112 0 0 0 0 0 0 0 0 0 0 
2030 10 113 0 0 0 0 0 0 0 0 0 0 
2031 10 0 0 0 0 0 0 0 0 0 0 0 
2032 10 0 0 0 0 0 0 0 0 0 0 0 
2033 10 0 0 0 0 0 0 0 0 0 0 0 
2034 10 0 0 0 0 0 0 0 0 0 0 0 
2035 10 0 0 0 0 0 0 0 0 0 0 0 
2036 10 0 0 0 0 0 0 0 0 0 0 0 
2037 10 0 0 0 0 0 0 0 0 0 0 0 
2038 10 0 0 0 0 0 0 0 0 0 0 0 
2039 10 0 0 0 0 0 0 0 0 0 0 0 
2040 10 0 0 0 0 0 0 0 0 0 0 0 
2041 10 0 0 0 0 0 0 0 0 0 0 0 
2042 10 0 0 0 0 0 0 0 0 0 0 0 
2043 10 0 0 0 0 0 0 0 0 0 0 0 
2044 10 0 0 0 0 0 0 0 0 0 0 0 
2045 10 0 0 0 0 0 0 0 0 0 0 0 
2046 10 0 0 0 0 0 0 0 0 0 0 0 

0 1 4 1 33 -105 1 30 -69 1 33 -35 1 30 -39 
1 1 2 3 32 -71 1 33 -5 
2 1 1 5 61 -110 
3 1 5 3 32 19 5 59 66 1 33 -115 2 69 -124 4 23 -24 
4 1 1 1 30 1 
5 1 15 4 41 -13 2 69 -4 3 32 19 4 41 -13 3 37 11 7 39 11 2 79 2 3 32 19 1 33 5 2 79 2 7 39 11 4 41 -13 1 33 5 4 41 -13 1 33 5 
6 1 2 1 33 -115 5 61 -110 
7 1 4 6 65 -100 7 39 -109 5 59 -54 4 23 -144 
8 1 14 1 30 -119 2 79 -118 2 79 -118 3 32 -101 0 41 -61 4 41 -133 0 34 -77 1 33 -115 1 33 -115 4 41 -133 4 41 -133 3 37 -109 4 41 -133 3 37 -109 
9 1 1 1 30 -59 
10 1 35 5 59 6 1 33 -95 6 77 -90 1 33 -55 3 37 -49 4 41 -73 1 33 -55 2 69 -64 2 79 -58 1 30 -59 2 79 -88 2 69 -94 1 30 -59 1 30 -99 2 79 -98 1 30 -99 3 37 -49 2 69 -104 2 79 -88 1 33 -95 1 33 -95 5 59 -24 1 33 -95 3 37 -89 1 30 -89 4 41 -73 3 37 -89 1 33 -85 1 33 -85 1 33 -85 6 77 -90 3 32 -71 4 41 -103 4 41 -103 0 41 -41 
11 1 1 3 37 -49 
12 1 5 1 33 -85 4 41 -113 3 32 -81 4 41 -113 6 77 -50 
13 1 2 1 33 -85 1 33 -55 
14 1 1 6 77 -80 
15 1 1 6 77 -80 
16 1 6 7 39 -79 6 65 -70 7 39 -49 0 41 -1 5 59 6 3 32 -41 
17 1 4 1 30 -99 7 39 -89 7 39 -89 3 37 -89 
18 1 9 3 37 1 5 61 0 5 59 56 7 39 1 7 39 1 7 39 -19 6 65 -10 7 39 -19 5 61 -20 
19 1 16 1 33 -15 3 37 -9 3 32 -1 3 37 -9 5 61 -10 7 39 -29 6 65 -20 5 61 -30 3 32 -61 5 59 -14 3 37 -39 3 37 -39 4 23 -134 3 32 -91 5 61 -100 7 39 -99 
20 1 3 7 39 -59 6 65 -50 7 39 -59 
21 1 6 7 39 -39 7 39 -69 7 39 -69 7 39 -9 7 39 -9 7 39 -9 
22 1 2 5 61 -10 7 39 -69 
23 1 4 7 39 -29 7 39 -99 7 39 -99 7 39 1 
24 1 5 7 39 -119 6 65 -110 5 61 -120 3 32 -111 6 77 -120 
25 1 1 3 32 -91 
26 1 8 5 61 0 4 23 -74 6 77 -40 6 77 -40 3 32 -51 1 33 -65 5 61 -60 0 41 29 
27 1 3 3 32 -111 0 34 -87 0 41 -71 
28 1 2 1 33 -125 1 33 -125 
29 1 62 4 41 -143 6 77 -120 4 41 -143 3 37 -119 1 30 -129 2 79 -128 1 30 -129 5 59 -64 4 41 -143 1 30 -129 2 69 -134 2 69 -134 1 33 -105 1 33 -105 1 33 -105 4 41 -123 4 41 -123 2 69 -114 3 32 -91 1 30 -109 4 41 -123 1 33 -105 2 79 -108 5 59 -44 1 30 -109 2 79 -108 1 30 -109 1 33 -25 3 37 -19 1 33 -25 4 41 -43 3 32 -11 1 30 -29 5 59 36 4 41 -43 1 33 -15 3 32 -1 4 41 -33 1 33 -15 6 77 -10 1 30 -19 2 79 -18 4 41 -33 4 41 -33 4 41 -33 6 77 -10 4 41 -33 1 33 -15 1 30 -9 1 33 -5 5 59 56 1 33 -5 2 79 -8 3 37 1 1 30 -9 2 69 -14 2 79 -8 1 33 -5 4 41 -23 3 32 9 4 41 -23 3 32 9 
30 1 19 4 41 -83 3 37 -59 4 41 -83 3 37 -59 2 79 -68 3 32 -51 2 79 -68 4 41 -63 5 61 -40 1 30 -49 3 32 -31 1 33 -45 1 33 -45 3 32 -31 0 41 9 2 79 -48 5 59 16 4 41 -63 1 30 -49 
31 1 19 4 41 -93 2 79 -78 1 33 -75 3 32 -61 2 69 -84 3 32 -61 4 41 -93 5 61 -70 1 30 -79 4 41 -93 4 41 -93 4 41 -53 3 32 -21 1 33 -35 3 37 -29 4 41 -53 4 41 -53 2 79 -38 1 33 -35 
32 1 4 5 59 -4 3 37 -19 5 61 -100 5 61 -100 
33 1 7 3 32 -21 1 33 -35 6 77 -70 6 77 -70 5 59 46 0 41 39 4 23 -44 
34 1 1 5 61 -30 
35 1 2 3 37 -119 3 37 -119 
36 1 2 1 33 -45 3 37 -69 
37 1 5 1 33 -125 1 30 -79 1 30 -49 1 33 -75 1 33 -65 
38 1 2 1 33 -85 1 33 -95 
39 1 3 1 30 -119 1 33 -115 6 77 -110 
40 1 5 5 61 -50 5 61 -80 0 41 -51 1 33 -95 3 32 -81 
41 1 1 1 33 -25 
42 1 6 3 32 -21 4 23 -64 0 41 59 6 77 10 2 69 -24 1 30 -19 
43 1 31 1 -7 -25 3 -3 -19 4 1 -43 2 29 -34 1 -10 -29 1 -7 -25 1 -7 -25 6 37 -20 5 19 36 1 -7 -25 7 -1 -19 1 -10 -29 0 1 29 0 1 29 0 -6 13 0 1 29 6 25 -10 3 -8 -11 4 -17 -54 0 1 29 5 21 -20 7 2 -19 6 25 -10 1 -7 -25 4 1 -43 0 -6 13 2 29 -34 5 21 -20 3 -3 -19 4 1 -43 6 37 -20 
44 1 40 0 11 69 3 7 21 2 49 12 4 11 -3 7 12 21 4 11 -3 4 -7 -14 4 11 -3 5 31 20 1 3 15 3 7 21 1 3 15 5 29 76 5 31 20 7 12 21 0 4 53 3 2 29 1 0 11 7 9 21 1 3 15 1 0 11 4 11 -3 2 39 6 3 7 21 3 2 29 1 3 15 6 35 30 6 47 20 1 0 11 0 11 69 7 9 21 7 9 21 2 39 6 6 47 20 1 3 15 1 3 15 3 7 21 5 29 76 4 11 -3 7 9 21 
45 1 29 5 19 66 7 -1 11 2 39 2 0 1 59 7 2 11 4 1 -13 0 1 59 0 1 59 1 -7 5 6 37 10 1 -10 1 3 -8 19 6 37 10 4 1 -13 4 1 -13 3 -3 11 2 39 2 4 1 -13 3 -3 11 1 -7 5 5 19 66 5 21 10 6 37 10 4 1 -13 3 -3 11 1 -7 5 0 1 59 1 -7 5 3 -8 19 
46 1 34 4 21 -123 3 12 -91 4 3 -134 3 17 -99 6 57 -100 0 21 -51 1 13 -105 5 39 -44 0 21 -51 7 22 -99 0 14 -67 6 57 -100 4 21 -123 6 45 -90 4 21 -123 1 13 -105 7 19 -99 3 12 -91 1 13 -105 6 57 -100 0 21 -51 0 21 -51 7 19 -99 1 13 -105 3 17 -99 3 17 -99 5 41 -100 1 10 -109 0 21 -51 5 41 -100 7 19 -99 1 13 -105 3 12 -91 0 14 -67 
47 1 5 3 37 -109 3 37 -99 3 37 -119 3 37 -119 3 37 -79 
48 1 8 3 37 -59 0 34 -27 0 34 13 3 37 -29 3 37 -29 3 37 -39 0 34 3 0 34 -7 
49 1 10 3 37 -49 0 34 -37 3 37 -69 0 34 43 3 37 11 3 37 11 3 37 1 0 34 23 3 37 -9 3 37 -9 
50 1 5 3 37 -89 0 34 -57 0 34 33 0 34 -27 0 34 -57 
51 1 30 6 17 -110 7 -21 -109 1 -30 -119 4 -19 -133 6 17 -110 5 -1 -54 1 -27 -115 2 19 -118 0 -19 -61 0 -19 -61 0 -19 -61 5 1 -110 7 -18 -109 6 5 -100 1 -27 -115 4 -19 -133 4 -19 -133 4 -19 -133 3 -23 -109 3 -23 -109 0 -26 -77 5 -1 -54 1 -27 -115 3 -23 -109 6 17 -110 0 -26 -77 7 -18 -109 3 -28 -101 1 -27 -115 2 9 -124 
52 1 34 2 19 -58 5 1 -50 4 -19 -73 0 -26 -17 0 -19 -1 0 -26 -17 0 -19 -1 3 -28 -41 4 -19 -73 1 -27 -55 0 -19 -1 4 -19 -73 2 9 -64 1 -30 -59 6 17 -50 3 -23 -49 3 -23 -49 1 -30 -59 6 17 -50 6 17 -50 2 19 -58 7 -21 -49 0 -19 -1 3 -23 -49 4 -19 -73 1 -27 -55 5 1 -50 3 -23 -49 0 -19 -1 6 5 -40 2 9 -64 7 -18 -49 6 17 -50 1 -27 -55 
53 1 1582 0 24 -27 1 23 -65 2 59 -74 1 20 -69 1 23 -65 3 22 -51 3 27 -59 7 29 -59 4 31 -83 6 67 -60 1 20 -69 1 23 -65 0 31 -11 3 27 -59 2 69 -68 1 23 -65 2 69 -68 4 31 -83 7 29 -59 6 67 -60 3 27 -59 6 55 -50 5 49 -4 0 31 -11 1 23 -65 6 67 -60 5 51 -60 4 31 -83 6 67 -60 7 29 -59 6 55 -50 4 13 -94 6 67 -60 7 32 -59 7 29 -59 3 27 -59 4 31 -83 3 27 -59 6 67 -60 6 67 -20 4 31 -63 1 23 -25 6 67 -20 3 22 -31 0 31 29 3 27 -19 1 23 -45 2 59 -34 3 27 -19 2 59 -34 6 67 -20 6 67 -20 7 29 -19 6 67 -20 1 20 -29 0 31 29 6 55 -30 0 31 9 2 69 -48 3 22 -11 1 23 -25 5 51 -20 5 51 -20 6 55 -10 0 24 13 7 29 -19 7 29 -19 3 22 -11 3 27 -19 5 49 36 0 24 13 6 55 -10 4 31 -43 5 49 36 3 27 -19 1 23 -25 4 13 -54 2 69 -28 1 23 -25 0 24 -7 3 27 -39 0 31 9 1 20 -49 0 31 9 3 22 -31 1 20 -29 1 23 -45 0 31 9 1 23 -45 1 20 -49 6 67 -40 6 67 -40 3 27 -19 0 24 -7 6 67 -40 1 23 -45 6 67 -40 0 24 -7 5 51 -40 2 69 -48 6 67 -40 3 27 -39 6 67 -40 0 31 9 7 29 -49 1 20 -59 3 27 -49 0 24 -17 0 24 -17 7 32 -49 1 20 -59 3 27 -49 4 13 -84 3 27 -49 3 27 -49 6 67 -50 2 69 -58 1 23 -55 6 67 -50 0 31 -1 7 32 -49 7 29 -49 0 31 -1 4 31 -73 6 67 -50 6 67 -50 7 29 -49 6 67 -50 0 31 -1 4 31 -73 3 22 -41 1 23 -55 1 20 -59 1 23 -55 5 51 -50 4 31 -73 2 59 -64 6 55 -40 0 31 -1 5 49 6 1 23 -55 5 51 -50 0 24 -17 1 23 -55 1 3 45 2 39 36 6 35 60 1 3 45 0 11 99 5 31 50 0 11 99 3 7 51 2 49 42 4 11 27 1 23 -5 7 12 51 5 31 50 0 4 83 3 7 51 7 9 51 3 7 51 3 7 51 6 47 50 4 11 27 4 11 27 6 55 0 7 9 51 6 47 50 1 23 -5 6 67 -10 5 51 -10 0 31 39 3 22 -1 0 31 49 0 31 49 4 31 -33 7 29 -9 7 29 -9 0 24 23 1 23 -15 6 47 50 4 31 -23 0 24 33 2 69 -8 3 27 1 3 22 9 0 31 39 1 0 41 1 3 45 0 11 99 1 3 45 4 11 27 4 31 -33 6 55 0 0 4 83 5 29 106 6 47 50 6 67 -10 3 2 59 6 47 50 6 47 50 6 67 -10 6 67 -10 4 11 27 1 3 45 1 23 -15 1 0 41 5 49 46 0 24 23 2 69 -18 7 29 -9 6 67 0 4 13 -34 5 49 56 7 32 1 3 22 9 1 23 -5 5 49 46 5 51 0 6 67 0 7 32 1 1 23 -5 6 67 0 3 27 1 6 55 10 6 55 10 2 59 -14 6 55 10 7 29 1 0 31 39 5 51 0 1 23 -15 2 69 -18 7 32 -9 0 31 39 6 67 -10 1 20 -19 4 31 -23 1 20 -9 4 31 -33 1 3 45 5 51 -10 5 51 -90 1 23 -95 2 69 -98 3 27 -89 7 29 -89 3 27 -89 6 67 -90 4 31 -113 5 49 -34 1 20 -99 4 13 -124 0 31 -41 1 23 -95 0 31 -41 6 55 -80 4 31 -113 1 20 -99 6 67 -90 1 23 -95 0 24 -57 1 23 -95 6 67 -90 6 55 -80 0 24 -57 6 67 -90 1 23 -95 2 59 -104 5 51 -90 3 -8 59 1 -7 45 7 -1 51 5 19 106 6 25 60 0 1 99 4 1 27 5 21 50 4 1 27 6 37 50 7 -1 51 1 -7 45 0 1 99 4 1 27 6 37 50 0 1 99 1 -7 45 3 -3 51 4 1 27 0 -6 83 1 -10 41 1 -10 41 6 37 50 6 37 50 7 -1 51 6 25 60 3 -3 51 7 2 51 1 -7 45 4 -17 16 6 37 50 7 2 51 2 39 42 3 -3 51 4 1 27 6 37 50 5 19 106 6 25 60 1 23 -115 6 67 -110 1 23 -115 3 22 -101 4 13 -144 6 67 -110 6 67 -110 6 67 -110 3 22 -101 7 29 -109 4 31 -133 7 29 -109 5 49 -54 0 31 -61 1 20 -119 5 49 -54 3 27 -109 2 59 -124 1 23 -115 3 22 -101 7 29 -109 1 23 -115 6 55 -100 7 29 -109 3 27 -109 6 67 -110 5 51 -110 2 59 -124 0 24 -77 6 67 -110 0 31 -61 1 23 -115 0 24 -77 5 49 -44 4 31 -123 1 20 -109 6 67 -100 1 20 -109 7 29 -99 3 27 -99 0 31 -51 3 22 -91 6 67 -100 5 49 -44 1 23 -105 0 31 -51 6 55 -90 1 20 -109 7 32 -99 3 22 -91 1 23 -105 6 67 -100 3 27 -99 6 67 -100 5 1 0 6 67 -100 1 23 -105 4 13 -134 3 27 -99 1 23 -105 5 51 -100 4 31 -123 6 67 -100 7 29 -99 1 23 -105 0 31 -51 1 -27 -5 4 -19 -23 6 17 0 7 -18 1 3 -28 9 7 -21 1 1 -27 -5 3 -23 1 4 -19 -23 3 -23 1 0 -26 33 0 -19 49 1 -27 -5 1 -30 -9 4 -19 -23 7 -21 1 3 -23 1 3 -23 1 2 19 -8 3 -28 9 6 5 10 1 -30 -9 6 5 10 3 -23 1 6 17 0 6 17 0 0 -19 49 2 19 -8 6 17 0 1 -27 -5 0 -19 49 1 -27 -5 1 -27 -5 4 -19 -23 6 17 0 6 17 0 4 -19 -123 5 -1 -44 6 17 -100 7 -21 -99 4 -19 -123 6 5 -90 1 -27 -105 6 17 -100 0 -19 -51 1 -30 -109 5 1 -100 6 5 -90 2 9 -114 3 -28 -91 2 9 -114 0 -19 -51 7 -21 -99 1 -27 -105 4 -19 -123 2 19 -108 3 -23 -99 0 -19 -51 3 -23 -99 0 -26 -67 7 -18 -99 1 -30 -109 2 19 -108 6 17 -100 5 1 -100 0 -19 -51 6 17 -100 6 17 -100 6 17 -100 1 13 -45 0 -19 59 3 -28 19 5 1 10 7 -21 11 7 -21 11 4 -19 -13 6 5 20 3 -23 11 0 -19 59 4 -19 -13 1 -27 5 4 -19 -13 6 17 10 6 17 10 2 9 -4 7 -21 11 5 -1 66 2 9 -4 0 -19 59 6 5 20 5 1 10 4 -19 -13 6 17 10 7 -18 11 6 17 10 1 -27 5 5 1 10 7 -18 11 4 -37 -24 3 -23 11 6 5 20 6 17 10 3 -28 19 2 19 2 3 -28 19 1 10 -49 1 13 -45 6 45 -30 2 59 -48 6 45 -30 1 10 -59 5 41 -50 4 3 -84 7 19 -39 7 19 -49 4 21 -63 1 13 -45 3 17 -39 6 45 -30 7 22 -39 6 57 -40 3 17 -39 1 13 -45 2 49 -54 4 3 -74 6 57 -40 7 19 -39 2 49 -64 6 45 -40 4 21 -73 5 41 -40 0 14 -17 1 13 -55 2 59 -58 1 13 -45 1 10 -49 6 57 -40 1 13 -45 4 21 -73 5 41 -40 6 57 -40 1 10 -49 3 17 -39 5 41 -50 5 39 6 6 57 -50 7 19 -49 3 17 -49 0 21 -1 3 12 -31 5 41 -40 0 14 -17 1 13 -55 2 49 -64 6 57 -50 7 22 -49 3 17 -49 6 57 -50 0 14 -7 0 -26 43 3 12 -31 0 21 9 6 57 -40 3 17 -39 3 17 -49 3 12 -31 7 19 -39 0 14 -7 6 57 -40 4 21 -73 6 57 -50 2 59 -58 6 45 -40 0 21 -1 3 17 -49 7 19 -49 7 22 -49 6 57 -60 7 22 -59 1 10 -69 2 49 -74 3 -13 31 1 -17 25 7 -11 31 0 -16 63 0 -16 63 1 13 -65 1 13 -65 6 57 -60 6 27 30 3 12 -51 0 -9 79 1 -17 25 7 -8 31 0 -9 79 5 9 86 0 -9 79 3 17 -59 5 39 -4 5 41 -60 7 19 -59 2 49 -74 1 -20 21 5 11 30 2 29 22 1 -17 25 6 27 30 6 27 30 2 19 16 3 -13 31 6 27 30 6 57 -60 6 27 30 4 21 -83 1 13 -65 6 45 -50 4 21 -83 1 13 -65 6 57 -60 1 13 -65 1 -20 21 1 10 -69 2 59 -68 0 14 -27 7 -11 31 0 14 -27 1 10 -69 1 13 -65 5 39 -4 4 21 -83 7 19 -59 3 -18 39 2 29 22 6 45 -50 6 15 40 4 -9 -93 3 -13 -69 7 22 -69 1 -17 -75 0 -9 -21 1 -20 -79 1 -17 -75 7 -8 -69 3 -13 -69 1 -17 -75 7 22 -69 4 -9 -93 0 -9 -21 2 59 -78 5 9 -14 1 -17 -75 1 10 -79 3 17 -69 6 57 -70 6 57 -70 1 13 -75 1 13 -75 6 57 -70 4 3 -104 1 -17 -75 2 59 -78 5 9 -14 3 -18 -61 3 -13 -69 7 -8 -69 6 27 -70 6 15 -60 4 -27 -104 1 -20 -79 0 -16 -37 3 -18 -61 1 -17 -75 0 -9 -21 7 -11 -69 0 21 -21 0 14 -37 5 39 -14 1 13 -75 1 13 -75 0 14 -37 6 45 -60 6 57 -70 0 14 -37 0 -16 -37 4 21 -93 1 10 -79 4 21 -93 7 19 -69 6 57 -70 5 41 -70 3 12 -61 7 19 -69 3 12 -61 3 -13 -69 6 57 -70 3 17 -69 4 21 -93 5 39 -14 7 -11 -69 2 29 -78 5 11 -70 6 27 -70 4 -9 -93 6 57 30 6 57 30 1 13 25 6 57 30 6 57 30 1 13 25 0 14 63 5 41 30 0 21 79 1 13 25 7 19 31 3 17 31 3 17 31 3 17 31 2 49 16 4 21 7 0 21 79 7 22 31 5 39 86 6 57 30 0 21 79 1 10 21 4 21 7 0 21 79 7 19 31 4 21 7 4 21 7 6 57 30 0 14 63 6 45 40 4 -9 -33 6 27 -10 7 -11 -9 6 15 0 1 -17 -15 3 -13 -9 0 -9 39 2 19 -24 6 27 -10 3 -13 -9 0 -9 39 2 19 -24 6 15 0 5 41 -90 6 27 -10 5 41 -90 0 21 -41 0 21 -41 5 39 -34 6 57 -90 0 21 -41 0 21 -41 1 -20 -19 4 21 -113 3 17 -89 7 19 -89 1 13 -95 1 -17 -15 6 27 -10 6 15 0 0 -16 23 1 13 -95 1 13 -95 6 27 -10 6 57 -90 7 19 -89 1 13 -95 6 57 -90 4 21 -113 7 22 -89 3 17 -89 2 49 -104 6 45 -80 6 27 -10 1 13 -95 3 17 -89 3 -13 -9 4 21 -113 4 3 -124 1 -17 -15 0 -9 39 3 12 -81 6 57 -90 6 57 -90 2 59 -98 5 41 -90 3 -18 -1 5 11 -10 4 -9 -33 5 9 46 0 -16 23 4 -9 -33 3 -13 -9 7 -8 -9 6 27 -10 5 9 46 0 -9 39 1 10 -99 4 21 -113 1 13 -95 5 39 -34 7 19 -89 6 57 -90 1 13 -95 0 14 -57 0 14 -57 1 -17 -15 2 49 -14 3 12 9 7 12 -19 1 3 -25 7 19 1 4 11 -43 6 45 10 6 35 -30 7 9 -39 7 9 -39 0 11 9 0 4 -7 1 0 -49 6 57 0 7 19 1 6 45 10 1 10 -9 7 19 1 3 2 -11 1 13 -5 4 21 -23 0 21 49 3 17 1 1 13 -5 7 22 1 0 21 49 1 13 -5 6 57 0 0 4 13 0 11 29 1 10 11 7 19 21 1 13 15 6 57 20 7 19 21 7 9 -19 1 3 -25 2 49 -28 1 13 15 6 47 -20 6 47 -20 6 35 -10 0 4 13 6 47 -20 5 31 -20 5 29 36 0 11 29 3 17 21 3 17 21 6 57 20 2 49 -14 0 14 53 2 59 12 6 57 20 6 57 20 7 19 21 2 39 -34 0 21 69 3 17 21 3 17 21 6 45 30 2 49 6 0 21 69 6 45 30 2 59 12 5 29 36 6 35 -10 3 7 -19 5 39 76 1 3 -25 7 9 -39 5 41 20 1 3 -25 6 47 -20 0 11 29 1 0 -29 6 47 -20 4 -7 -54 1 3 -25 1 13 -5 0 21 49 5 39 56 3 17 21 6 47 -20 4 11 -43 3 2 -11 4 21 -3 1 0 -29 3 12 29 4 21 -3 5 39 76 3 17 1 6 57 20 7 19 21 4 21 -3 3 7 -19 0 21 69 7 22 21 3 7 -19 4 11 -63 6 47 -60 3 7 -59 5 31 -60 6 47 -60 0 4 -27 0 11 -11 7 9 -59 2 39 -74 5 31 -60 3 7 -59 3 7 -59 3 12 9 4 11 -63 0 11 9 1 3 -65 6 47 -40 6 47 -40 6 47 -40 5 31 -40 5 31 -40 2 39 -54 1 3 -45 6 47 -40 1 3 -45 1 3 -45 6 47 -40 3 7 -39 7 9 -39 0 14 33 4 11 -83 0 4 -27 1 3 -65 1 3 -65 6 35 -50 1 3 -65 6 47 -60 5 29 -4 6 57 0 1 10 -9 1 13 -5 5 41 0 1 13 -5 2 39 -54 0 14 33 0 21 49 6 47 -60 1 3 -65 6 47 -60 1 3 -65 1 0 -69 4 -7 -94 4 11 -83 0 11 -11 4 11 -83 2 49 -68 7 12 -59 5 29 16 1 3 -55 4 11 -73 7 9 -49 0 4 -17 4 11 -73 4 11 -73 0 11 -1 1 0 -69 0 11 -1 0 11 -1 3 7 -49 3 7 -49 1 3 -55 7 12 -39 4 -7 -74 7 12 -49 6 47 -50 3 7 -49 6 47 -50 3 7 -49 1 3 -55 7 9 -49 3 2 -31 6 47 -40 0 11 9 6 35 -30 3 7 -39 7 12 -39 2 49 -48 0 4 -7 2 39 -74 2 49 -68 5 31 -60 4 11 -83 6 47 -60 0 11 9 6 47 -50 6 47 -50 6 35 -40 5 31 -50 1 3 -55 6 47 -50 0 11 -1 0 11 -1 5 29 6 7 12 -49 0 4 -17 6 47 -50 4 11 -73 1 0 -59 1 3 -45 1 0 -59 2 49 -58 6 35 -40 4 11 -73 3 7 -49 1 3 -75 7 9 -69 6 47 -70 3 2 -61 7 9 -29 6 47 -70 2 39 -84 7 9 -69 6 35 -60 3 7 -69 1 0 -79 1 3 -75 6 47 -70 3 7 -69 2 49 -78 3 7 -69 1 3 -75 3 7 -69 3 2 -61 5 31 -70 0 4 -37 6 47 -70 1 0 -79 6 47 -70 7 9 -69 4 11 -93 3 7 -69 3 2 -61 1 3 -75 4 11 -93 0 11 -21 4 11 -93 7 9 -69 0 4 -37 4 11 -93 6 47 -70 0 4 -37 7 12 -69 4 -7 -104 1 13 -115 6 47 -30 5 29 26 5 29 26 3 2 -21 5 31 -30 0 11 19 0 11 19 1 3 -35 0 21 -61 3 7 -29 1 10 -119 4 21 -133 1 10 -119 0 14 -77 6 35 -20 6 47 -30 2 49 -38 1 10 1 7 19 -109 1 13 5 6 57 10 5 31 -30 6 35 -20 1 3 -35 4 11 -53 3 7 -29 4 21 -133 5 41 -110 0 21 -61 2 49 -124 4 -7 -64 5 41 10 0 21 59 7 12 -29 4 11 -53 4 11 -53 3 2 -21 7 19 11 5 39 -54 4 3 -24 7 19 -109 1 13 5 6 57 10 6 57 -110 1 13 -115 0 14 43 6 57 10 7 19 11 5 39 66 7 19 11 4 21 -13 4 21 -13 0 14 43 3 17 11 3 17 11 6 57 10 1 0 -39 4 3 -144 7 19 -109 3 2 -21 6 47 -30 6 47 -30 3 7 -29 7 9 -29 6 47 -30 0 21 -61 0 4 3 1 13 -115 5 41 -110 5 31 -30 0 11 19 6 47 -30 4 21 -133 3 17 -109 5 39 66 1 13 -115 7 19 -109 2 49 -124 6 45 -100 3 12 -101 6 45 20 3 12 19 3 17 11 3 12 19 4 21 -13 1 13 5 3 12 19 6 57 -110 3 17 11 6 57 10 5 41 10 6 57 -110 0 14 -77 1 10 1 7 22 -109 6 57 -110 7 22 -109 6 57 -110 0 21 59 6 57 10 5 41 10 6 45 20 1 3 -35 3 -8 -31 0 1 9 6 37 -40 6 37 -40 1 -10 -49 6 37 -40 3 -8 -31 6 37 -40 4 1 -63 6 27 0 3 -3 -39 6 37 -40 6 27 0 1 -7 -45 4 -27 -34 1 -7 -45 0 -6 -7 6 25 -30 0 -6 -7 0 1 9 3 -13 1 6 37 -40 2 19 -14 0 -9 49 0 -16 33 1 -10 -49 2 29 -54 5 19 16 4 1 -63 7 -1 -39 1 -7 -45 1 -20 -9 3 -8 -31 1 -17 -5 6 37 -40 7 -1 -39 2 29 -8 4 -9 -23 5 11 0 0 -6 -7 5 21 -40 2 29 -8 7 -11 1 6 27 0 0 1 9 6 27 0 7 -8 1 3 -18 9 5 11 0 0 -9 49 6 37 -40 4 1 -63 0 -9 49 1 -7 -45 0 1 9 1 -20 -9 6 25 -30 3 -3 -39 5 21 -40 4 -9 -23 6 27 0 7 -11 1 7 -8 1 6 25 -30 6 27 0 2 39 -48 6 15 10 6 15 10 7 2 -39 0 -16 33 3 -18 9 1 -7 -45 0 -9 49 3 -13 1 0 1 9 2 29 -118 6 27 -110 1 -17 -115 7 -8 -109 1 -20 -119 4 -9 -133 6 27 -110 4 -9 -133 6 27 -110 4 -9 -133 6 15 -100 1 -17 -115 3 -18 -101 7 -8 -109 5 9 -54 6 27 -110 6 37 -70 0 -9 -61 6 15 -100 0 -9 -61 6 27 -110 1 -7 -55 2 29 -84 6 37 -70 3 -3 -69 3 -3 -69 4 -17 -84 6 37 -50 6 37 -50 1 -10 -59 0 1 -1 0 1 -21 6 37 -50 1 -7 -55 5 19 -14 4 1 -73 0 1 -1 6 37 -50 3 -8 -41 2 29 -64 4 1 -73 5 21 -70 1 -10 -79 1 -10 -79 7 -1 -69 4 -17 -104 0 -6 -37 6 37 -70 6 25 -60 3 -8 -61 3 -3 -69 0 -6 -17 1 -7 -75 2 29 -84 1 -10 -79 3 -3 -69 7 2 -69 0 1 -21 4 1 -93 0 1 -21 4 11 -33 1 -7 -75 1 3 -15 7 -1 -49 3 2 -71 6 47 -10 5 31 -10 3 7 -9 5 31 -10 6 47 -10 3 -8 -41 6 35 0 6 35 0 7 9 -9 1 3 -15 5 19 -14 4 1 -93 6 25 -60 3 -8 -61 4 11 -33 6 37 -70 5 21 -50 0 1 -1 7 -1 -49 3 -3 -49 3 -8 -41 5 19 6 0 -6 -17 1 -7 -55 1 -7 -55 6 27 -110 6 37 -50 3 -3 -49 3 -3 -49 5 19 6 0 -6 -17 1 -7 -55 4 1 -73 5 21 -50 6 35 -70 3 7 -9 3 -13 -109 7 -11 -109 0 11 39 1 -17 -115 2 29 -118 7 -11 -109 4 -9 -133 3 -18 -101 6 27 -110 3 -18 -101 0 11 -31 2 49 -88 6 47 -10 6 47 -80 6 47 -80 2 49 -18 2 49 -88 4 11 -103 0 11 39 2 49 -18 1 -17 -115 7 9 -79 1 0 -19 0 -9 -51 1 -20 -109 4 -9 -123 0 1 -21 5 31 -80 1 3 -85 0 11 -31 0 11 -31 6 47 -80 6 35 -70 7 12 -9 1 3 -15 6 47 -10 0 4 23 0 -16 -67 1 3 -15 1 -7 -75 0 4 23 1 -7 -75 7 -1 -69 7 -1 -69 4 1 -93 7 -1 -69 5 29 46 1 0 -19 6 27 -110 7 12 -9 7 -11 -109 4 -9 -133 5 11 -110 0 -9 -51 0 -9 -51 0 11 -31 5 29 -24 3 7 -79 4 11 -103 1 3 -85 3 2 -71 0 11 -31 6 47 -80 1 -7 -75 7 12 -79 2 19 -114 5 9 -44 2 29 -108 1 -17 -105 3 -18 -91 6 27 -100 6 15 -90 6 27 -100 4 -9 -123 1 -17 -105 6 27 -100 1 -17 -105 1 -17 -105 7 -11 -99 0 11 39 0 4 23 0 -9 -51 5 9 -44 6 15 -90 1 -17 -105 3 -13 -99 4 -9 -123 1 0 -19 1 -17 -105 6 27 -100 6 27 -100 3 7 -79 5 29 -24 7 9 -79 3 7 -9 0 11 39 4 11 -33 7 -11 -99 5 11 -100 1 -20 -109 7 -11 -99 6 35 -70 0 4 -47 5 11 -100 0 4 63 6 47 30 1 3 25 0 11 79 0 11 79 3 -13 21 6 27 20 1 -17 15 3 -18 29 3 -18 29 2 29 12 3 -18 29 3 -13 21 6 27 20 1 -17 15 6 27 20 1 -20 11 1 -20 11 5 9 76 0 -9 69 7 -11 21 1 -17 15 7 -11 21 2 29 12 5 11 20 6 27 20 6 27 20 7 -11 21 6 15 30 6 27 20 4 -9 -3 3 -13 21 6 27 20 1 -17 15 4 -9 -3 4 11 -23 0 11 79 4 -7 -4 1 3 25 1 3 25 7 9 31 6 35 40 7 9 31 3 7 31 3 7 31 6 47 30 1 0 21 0 4 63 5 29 86 6 47 30 3 2 39 6 47 30 6 47 30 1 0 21 7 12 31 3 2 39 5 29 86 6 47 30 5 31 30 4 -9 -3 6 47 30 5 31 30 6 35 40 2 39 16 1 0 21 6 35 40 0 11 79 6 47 0 5 31 0 1 3 -5 1 0 -9 2 39 -14 6 47 0 0 4 33 2 39 -14 1 3 -5 6 15 30 3 2 9 0 1 39 1 -10 -19 7 -1 -9 3 -3 -9 6 37 -10 0 1 39 6 47 0 5 31 0 5 29 56 0 1 39 7 9 1 4 11 -23 0 11 49 0 11 49 7 9 1 6 37 -10 6 47 0 7 12 1 3 7 1 6 35 10 6 47 0 4 11 -23 3 7 1 6 37 -10 5 19 46 0 1 39 7 -1 -9 6 25 0 1 3 -5 6 25 0 4 -17 -44 5 19 46 6 37 -10 7 2 -9 1 -7 -15 3 -8 -1 6 37 -10 1 -10 -19 2 49 22 0 11 79 1 3 25 1 -7 -15 5 21 -10 4 1 -33 3 -3 -9 1 0 -9 0 4 33 7 9 1 6 47 0 4 11 -23 1 -7 -15 0 1 39 2 39 -18 1 -7 -15 5 21 -10 1 -10 -19 1 -10 -89 6 25 -70 6 37 -80 5 19 -24 6 37 -80 7 -1 -79 1 -7 -85 3 -8 -71 0 -6 -47 6 25 -70 1 -7 -85 2 29 -94 1 -10 -89 0 -6 -47 5 21 -80 2 39 -88 1 -7 -85 4 1 -103 6 37 -80 1 -7 -85 3 -3 -79 7 2 -79 1 -7 -85 1 -7 -85 3 -8 -71 3 -3 -79 5 21 -80 6 37 -80 
54 1 456 6 37 0 2 39 -8 5 19 56 1 -7 -5 1 -7 -5 4 -17 -4 0 1 79 0 1 79 3 -8 39 7 -1 31 0 -6 63 1 -7 25 1 -10 21 1 -10 21 5 19 86 3 -8 9 2 29 -14 1 -10 -9 4 1 -23 3 -3 1 4 1 -23 4 1 7 1 -10 -9 1 -7 -5 0 1 49 2 39 -8 6 25 10 4 1 -23 5 21 0 0 1 49 3 -3 1 5 21 0 3 -3 1 5 19 56 3 -3 1 6 37 0 1 -7 -5 1 -7 -5 1 -7 -5 3 -3 1 7 -1 1 6 37 0 6 37 0 7 2 1 0 -6 33 1 -10 -9 3 -8 9 0 1 49 4 1 -23 0 -6 33 6 25 10 6 47 -110 7 9 -109 7 9 -109 2 39 -124 7 9 -109 7 9 -109 3 7 -109 5 29 -54 0 4 -77 4 11 -133 6 47 -110 3 2 -101 2 49 -118 0 11 -61 7 12 -109 1 3 -115 4 11 -133 0 4 -77 0 11 -61 0 11 -61 5 31 -110 6 47 -110 1 3 -115 3 2 -101 5 31 -110 1 3 -115 3 7 -109 0 11 -61 6 47 -110 1 3 -115 3 -8 39 2 29 16 3 -8 39 6 25 40 2 39 22 6 37 30 6 37 30 2 39 22 5 21 30 0 1 49 7 -1 31 4 1 7 3 -3 31 7 2 31 7 -1 31 6 37 30 3 -3 31 6 37 30 4 1 7 6 25 40 6 37 30 1 -7 25 5 21 30 5 21 30 3 -3 31 1 -7 25 4 11 -133 6 47 -110 7 12 -109 6 47 -90 0 4 -57 5 29 -34 0 11 -41 7 9 -89 1 3 -95 1 3 -95 6 47 -90 3 7 -89 0 4 -57 1 3 -95 6 47 -90 3 7 -89 1 0 -99 7 9 -89 4 11 -113 6 47 -90 0 11 -41 6 35 -80 1 3 -95 4 11 -113 6 47 -90 6 35 -80 3 2 -81 5 31 -90 3 2 -81 3 7 -89 7 9 -89 4 11 -113 7 9 -89 0 11 -41 4 -7 -124 1 0 -99 1 -7 -115 3 -3 -109 0 1 -61 7 2 -109 3 -8 -101 6 37 -90 4 -17 -144 1 -7 -115 6 25 -100 2 39 -118 6 37 -110 7 2 -109 5 19 -54 7 -1 -109 6 37 -110 0 1 -61 0 -6 -77 7 -1 -109 7 -1 -109 5 19 -54 1 -7 -95 4 1 -113 5 21 -110 0 1 -61 5 19 -34 3 -8 -81 1 -10 -99 6 25 -80 2 29 -104 7 2 -89 4 1 -133 7 -1 -89 6 37 -110 6 37 -110 0 -6 -57 6 37 -90 3 -3 -89 4 1 -113 5 21 -90 5 21 -90 7 -1 -89 1 -7 -115 3 -3 -89 1 -10 -99 3 -8 -81 6 25 -100 5 21 -110 3 -3 -109 1 -7 -115 0 1 -61 2 39 -118 3 -8 -81 6 37 -90 1 -7 -95 0 1 -41 6 37 -90 0 1 -41 3 -3 -109 0 1 -41 7 -1 -89 5 19 -34 2 39 -98 4 1 -113 4 1 -123 1 3 -105 6 37 -100 1 -7 -105 3 -3 -99 1 -7 -105 6 37 -100 6 37 -100 2 39 -114 3 -8 -91 3 -3 -99 0 -6 -67 1 -10 -109 1 -10 -109 3 -3 -99 3 -3 -99 3 7 -99 1 3 -105 6 25 -90 4 -7 -134 1 3 -105 2 49 -108 3 7 -99 0 11 -51 7 12 -99 0 4 -67 7 12 -99 5 21 -100 3 -8 -91 4 1 -123 4 1 -123 1 0 -109 2 39 -108 7 -1 -99 1 3 -105 1 3 -105 1 0 -109 1 0 -109 1 -7 -105 7 9 -99 6 37 -100 6 25 -90 0 -6 -67 1 3 -105 6 47 -100 3 2 -91 4 11 -123 3 2 -91 2 49 -108 4 11 -123 5 29 -44 0 4 -67 7 9 -99 6 47 -100 4 11 -123 0 11 -51 0 4 -67 2 29 -114 7 2 -99 1 -7 -105 0 1 -51 2 29 -114 6 37 -100 7 -1 -99 3 -3 -99 3 7 -99 6 47 -100 5 31 -100 6 47 -100 6 47 -100 2 39 -114 3 7 -99 6 47 -100 6 25 -90 5 31 -100 5 19 -44 6 35 -90 6 47 -100 6 5 40 2 19 22 4 -19 7 2 19 22 3 22 -111 4 31 -143 1 13 35 1 20 -129 3 27 -119 2 59 -134 7 29 -119 0 24 -87 0 31 -71 5 49 -64 1 23 -125 7 22 41 4 31 -143 6 67 -120 0 31 -71 6 55 -110 4 31 -143 2 69 -128 4 31 -143 1 23 -125 1 20 -129 7 -21 31 0 24 63 1 23 -125 7 29 -119 5 51 -120 6 55 -110 0 14 73 7 29 -119 0 31 -71 3 27 -119 2 69 -128 3 -23 31 4 -19 7 4 -19 7 1 -30 21 5 51 -120 4 21 17 6 57 40 6 57 40 7 19 41 7 19 41 1 13 35 1 13 35 5 39 96 4 21 17 0 21 89 3 17 41 1 10 31 6 57 40 0 21 89 2 59 32 1 13 35 3 22 -111 6 5 40 7 -21 31 1 -27 25 1 -27 25 6 17 30 0 -19 79 6 17 30 3 17 41 7 32 -119 2 59 -134 6 67 -120 6 67 -120 5 49 -64 3 27 -119 5 41 40 7 19 41 1 13 35 5 1 30 0 14 73 4 21 17 2 59 32 6 57 40 2 49 26 3 12 49 1 13 35 6 57 40 0 14 73 3 22 29 5 51 30 1 23 25 0 31 79 0 24 63 0 31 69 6 67 20 3 27 21 7 29 21 0 24 53 1 20 11 4 13 -4 4 31 -3 7 32 21 1 23 15 1 23 15 0 31 69 6 67 20 1 23 15 6 67 20 3 27 21 3 22 29 7 32 31 3 27 31 7 29 31 5 51 30 2 59 16 1 23 25 4 31 7 6 67 30 1 23 25 7 29 31 6 67 30 4 31 -3 5 51 30 3 27 31 7 29 31 4 31 7 1 23 25 7 29 31 0 24 63 5 49 86 6 67 30 6 67 30 3 -28 39 0 31 79 7 -21 31 0 34 -7 2 9 16 4 -19 7 6 5 40 3 -23 31 1 -27 25 0 -26 63 0 -19 79 4 31 7 6 17 30 7 -18 31 2 9 16 1 -30 21 3 -23 31 7 32 -119 6 67 30 3 -23 31 4 13 -154 6 17 30 5 51 20 2 69 12 6 55 30 5 51 20 1 23 15 4 31 -3 4 13 -14 5 51 20 7 29 21 6 55 30 4 31 -3 0 -19 79 0 31 69 6 67 20 4 31 -3 1 23 15 0 24 53 0 31 69 1 23 25 1 20 21 3 27 31 
55 1 29 4 1 -53 1 -7 -35 3 -8 -21 5 21 -30 3 -3 -29 3 -8 -21 6 37 -30 0 -6 3 1 -10 -39 5 19 26 2 29 -44 0 -6 3 1 -10 -39 4 -17 -64 7 2 -29 1 -10 -39 3 -3 -29 5 21 -30 4 1 -53 6 25 -20 0 -6 3 1 -7 -35 1 -7 -35 7 -1 -29 2 29 -44 0 1 19 3 -3 -29 5 19 26 1 -7 -35 
56 1 381 7 -21 -9 6 5 0 2 19 -18 0 -19 39 5 -1 46 6 17 -10 2 9 -24 4 -37 -44 1 -30 -19 6 17 -10 7 -21 -9 3 -23 -9 4 -19 -33 7 -18 -9 4 -19 -33 5 1 -10 3 -28 -1 6 17 -10 1 -27 -15 5 1 -10 3 -23 -9 3 -28 -1 0 -19 39 6 5 0 7 -21 -9 6 17 -10 2 19 -18 1 -27 -15 1 -27 -15 1 -27 -15 1 -27 -15 1 -30 -19 0 -26 23 4 -37 -64 5 1 -30 0 -26 3 1 -27 -35 6 17 -30 1 -30 -39 4 -19 -3 5 1 20 0 -19 69 0 -26 53 4 -37 -14 5 -1 76 7 -21 21 1 -30 11 6 17 -30 0 -19 19 7 -21 -29 3 -28 -21 1 -27 -35 3 -23 -29 3 -28 -21 1 -27 -35 5 -1 26 2 19 -38 6 17 -30 0 -19 19 7 -18 -29 6 5 -20 7 -21 21 1 -27 15 2 9 6 4 -19 -3 6 17 20 3 -28 29 6 5 30 1 -30 11 3 -23 -29 3 -23 -29 4 -19 -53 5 1 20 6 5 -20 1 -27 -35 0 -19 19 6 17 -30 3 -28 -21 7 -21 -29 5 1 -30 6 17 -30 1 -27 -35 3 -23 -29 3 -28 29 6 17 20 1 -30 11 3 -28 29 0 -19 69 3 -23 21 7 -18 21 1 -27 15 1 -27 15 0 -26 53 5 1 20 6 17 20 6 17 20 6 5 30 0 -16 -7 7 -11 -39 1 -17 -45 3 -18 -31 4 -9 -63 4 -9 -63 6 27 -40 7 -8 -39 6 27 -40 1 -17 -45 2 29 -48 2 19 -54 2 29 -48 0 -16 -7 3 -18 -31 1 -20 -49 0 -9 9 4 -27 -74 5 9 16 7 -11 -39 3 -13 -39 3 -13 -39 0 -9 9 5 9 16 6 27 -40 2 19 -54 5 11 -40 6 15 -30 0 -9 9 1 -20 -49 1 -17 -45 4 -9 -73 4 -9 -73 3 -23 -69 1 -17 -55 5 1 -70 5 9 6 1 -20 -59 6 27 -50 0 -16 -17 0 -16 -17 6 27 -50 4 -9 -73 0 -9 -1 0 -16 -17 1 -17 -55 1 -17 -55 7 -8 -49 7 -8 -49 3 -13 -49 1 -20 -59 3 -13 -49 3 -13 -49 5 11 -50 7 -11 -49 2 29 -58 0 -9 -1 3 -13 -49 6 15 -40 2 19 -64 6 27 -50 0 -9 -1 4 -27 -84 3 -18 -41 7 -11 -49 1 -17 -55 6 27 -50 5 11 -50 4 -9 -73 0 -9 -1 1 -17 -55 1 -17 -55 5 11 -50 1 -17 -55 1 -27 -75 0 -26 -37 1 -27 -75 5 -1 -14 0 -19 -21 7 -18 -69 6 17 -70 1 -27 -75 2 9 -84 2 19 -78 4 -19 -93 3 -28 -61 2 19 -78 1 -30 -79 5 -1 -14 3 -28 -61 3 -23 -69 1 -27 -75 1 -30 -79 7 -21 -69 0 -19 -21 3 -23 -69 4 -19 -93 6 17 -70 7 -21 -69 1 -30 -79 3 -23 -69 6 5 -60 7 -21 -69 7 -21 -69 6 17 -70 5 1 -70 0 -19 -21 6 17 -70 0 -9 29 7 -11 -19 3 -13 -19 6 15 -10 7 -8 -19 1 -17 -25 0 -9 29 6 15 -10 1 -17 -25 7 -11 -19 1 -17 -25 5 9 36 3 -13 -19 6 27 -20 0 -16 13 6 27 -20 6 27 -20 6 27 -20 3 -18 -11 7 -11 -19 1 -17 -25 0 -16 13 5 11 -20 3 -18 -11 7 -8 -19 4 -27 -54 1 -20 -29 0 -9 29 4 -9 -43 0 -9 29 0 -16 -27 4 -9 -83 4 -9 -83 0 -16 -27 6 27 -60 2 19 -74 2 29 -68 6 15 -50 1 -17 -65 7 -11 -59 0 -9 -11 2 29 -68 3 -18 -51 4 -9 -83 3 -13 -59 5 11 -60 1 -17 -65 6 15 -50 1 -17 -65 4 -9 -83 1 -17 -65 5 11 -60 1 -20 -69 4 -27 -94 0 -16 -27 5 9 -4 6 27 -60 0 -9 -11 3 -13 -59 7 -8 -59 7 -8 -59 6 27 -60 1 -17 -65 6 27 -90 1 -20 -99 3 -13 -89 3 -18 -81 7 -11 -89 1 -17 -95 5 11 -90 5 11 -90 4 -9 -113 0 -16 -57 7 -8 -89 0 -9 -41 2 29 -98 4 -9 -113 4 -27 -124 7 -8 -89 1 -20 -99 6 27 -90 0 -9 -41 1 -20 -99 3 -13 -89 3 -13 -89 0 -16 -57 0 -9 -41 2 19 -104 7 -11 -89 4 -9 -113 5 11 -90 6 27 -90 2 19 -104 1 -17 -95 6 15 -80 0 -16 -57 6 15 -80 7 -11 -89 6 27 -90 1 -17 -95 5 9 -34 1 -17 -95 3 17 -19 4 3 -54 0 21 29 6 45 -10 2 59 -28 5 41 -20 3 12 -11 1 13 -25 3 17 -19 5 41 -20 7 19 -19 1 10 -29 6 57 -20 3 17 -19 7 19 -19 2 59 -28 1 13 -25 2 49 -34 7 19 -19 0 21 29 1 10 -29 6 57 -20 1 13 -25 0 14 13 5 39 36 4 21 -43 4 21 -43 3 17 -19 1 10 -29 6 57 -20 1 13 -25 6 57 -20 6 57 -20 0 21 29 7 22 -19 5 39 36 4 21 -43 0 11 59 0 11 59 5 31 10 6 47 10 1 3 5 4 11 -13 6 35 20 6 47 10 5 29 66 1 3 5 0 4 43 6 47 10 3 7 11 7 9 11 5 29 66 2 39 -4 1 0 1 7 9 11 7 12 11 3 7 11 4 11 -13 1 3 5 0 11 59 2 49 2 3 7 11 6 47 10 2 39 -4 2 49 2 1 3 5 1 3 5 6 47 10 3 7 11 3 2 19 4 11 -13 4 11 -13 0 11 59 6 47 10 
57 1 36 1 13 -15 1 13 -15 6 57 -10 6 57 -10 0 21 39 6 57 -10 3 17 -9 4 21 -33 3 12 -1 5 41 -10 0 21 39 3 12 -1 0 21 39 2 49 -24 5 39 46 4 21 -33 6 57 -10 1 13 -15 7 22 -9 6 57 -10 3 17 -9 7 22 -9 5 41 -10 0 21 39 0 14 23 6 57 -10 3 17 -9 3 12 -1 6 57 -10 5 41 -10 4 21 -33 4 21 -33 3 17 -9 0 14 23 7 19 -9 1 13 -15 
58 1 65 0 -6 -27 1 -7 -65 0 1 -11 0 1 -11 0 -6 -27 5 21 -60 6 37 -60 7 2 -59 1 -7 -65 1 -7 -65 2 29 -74 5 19 -4 0 1 -11 1 -7 -65 1 -7 -65 7 -1 -59 1 -10 -69 6 37 -60 3 -3 -59 5 21 -60 4 1 -83 3 -3 -59 6 37 -60 3 -8 -51 1 -7 -65 6 25 -50 1 -10 -69 6 37 -60 3 -3 -59 1 -7 -65 7 2 -59 4 1 -83 6 25 -50 7 -1 -59 1 -30 -99 4 -19 -113 3 -28 -81 3 -23 -89 2 19 -98 4 -19 -113 1 -27 -95 1 -27 -95 3 -23 -89 6 17 -90 4 -37 -124 7 -21 -89 4 -19 -113 1 -27 -95 1 -27 -95 7 -21 -89 1 -30 -99 3 -23 -89 1 -27 -95 0 -26 -57 6 17 -90 0 -19 -41 3 -23 -89 2 9 -104 6 5 -80 0 -26 -57 4 -19 -113 1 -30 -99 1 -27 -95 6 5 -80 0 -19 -41 
59 1 36 1 13 -85 1 13 -85 1 13 -85 5 41 -80 0 21 -31 6 57 -80 3 17 -79 2 59 -88 5 41 -80 2 49 -94 0 14 -47 6 45 -70 4 3 -114 1 13 -85 1 13 -85 2 59 -88 7 19 -79 4 21 -103 3 12 -71 3 17 -79 3 12 -71 6 57 -80 7 22 -79 6 57 -80 3 17 -79 1 13 -85 1 10 -89 5 41 -80 6 57 -80 0 21 -31 6 45 -70 0 14 -47 0 21 -31 0 21 -31 5 39 -24 6 57 -80 
60 1 39 0 -9 19 7 -11 -29 4 -9 -53 5 11 -30 1 -20 -39 3 -13 -29 4 -27 -64 5 11 -30 1 -20 -39 3 -18 -21 0 -9 19 2 19 -44 4 -9 -53 2 19 -44 5 11 -30 0 -16 3 7 -11 -29 7 -8 -29 7 -8 -29 4 -9 -53 5 9 26 6 15 -20 6 27 -30 0 -9 19 1 -20 -39 7 -11 -29 4 -9 -53 3 -13 -29 3 -13 -29 7 -11 -29 1 -17 -35 6 15 -20 0 -9 19 6 27 -30 1 -17 -35 6 27 -30 6 27 -30 0 -16 3 6 27 -30 
61 1 38 6 37 20 0 1 69 4 1 -3 7 -1 21 0 1 69 0 -6 53 7 -1 21 6 37 20 7 -1 21 6 25 30 4 -17 -14 3 -3 21 6 37 20 6 25 30 0 1 69 0 1 69 0 1 69 4 1 -3 1 -7 15 1 -7 15 5 19 76 7 2 21 1 -7 15 3 -3 21 3 -8 29 4 1 -3 3 -8 29 5 21 20 6 25 30 3 -3 21 4 1 -3 2 29 6 5 21 20 7 2 21 0 -6 53 0 -6 53 6 37 20 6 37 20 
62 1 143 6 57 -30 1 13 -35 6 57 -30 0 21 19 4 3 -64 7 22 -29 4 21 -53 7 19 -29 3 17 -29 0 14 3 2 59 -38 3 12 -21 6 57 -30 4 21 -53 1 13 -35 1 10 -39 1 10 -39 5 41 -30 0 21 19 1 10 -39 3 17 -29 3 12 -21 7 22 -29 6 45 -20 5 41 -30 2 49 -44 1 13 -35 3 17 -29 7 19 -29 0 21 19 4 21 -53 0 21 19 0 -16 43 1 -17 5 2 29 2 5 9 66 3 -13 11 6 27 10 3 -18 19 6 15 20 5 11 10 6 27 10 5 11 10 7 -8 11 7 -11 11 1 -20 1 4 -9 -13 1 -17 5 3 -13 11 1 -17 5 4 -9 -13 0 -16 43 1 -17 5 0 -9 59 7 -11 11 4 -9 -13 0 -9 59 4 -9 -13 7 -8 11 0 -9 59 2 29 2 3 -13 11 5 9 66 0 -9 59 7 -11 11 1 -20 1 1 -17 5 3 -13 11 5 11 10 6 55 -70 0 31 -31 2 69 -88 1 20 -89 6 67 -80 6 67 -80 1 20 -89 3 27 -79 0 24 -47 6 67 -80 0 31 -31 7 32 -79 5 51 -80 7 32 -79 2 69 -88 4 13 -114 1 23 -85 0 31 -31 3 27 -79 0 24 -47 0 31 -31 3 22 -71 1 23 -85 1 20 -89 0 31 -31 4 31 -103 7 29 -79 5 49 -24 7 29 -79 0 24 -47 1 23 -85 3 22 -71 1 23 -85 4 31 -103 4 31 -103 7 29 -79 7 29 11 5 51 10 0 24 43 0 31 59 6 67 10 0 31 59 6 55 20 7 32 11 6 67 10 1 20 1 3 22 19 2 69 2 7 29 11 4 31 -13 4 31 -13 4 31 -13 1 23 5 3 22 19 6 67 10 0 31 59 3 27 11 3 27 11 0 24 43 3 22 19 7 32 11 2 69 2 1 23 5 6 67 10 6 55 20 1 23 5 6 67 10 2 59 -4 7 29 11 7 29 11 1 23 5 1 20 1 1 23 5 3 27 11 
63 1 73 1 -17 45 2 19 36 1 -17 45 2 29 42 4 -9 27 0 -9 99 6 27 50 3 -13 51 0 -16 83 3 -18 59 1 -17 45 1 -17 45 2 19 36 7 -8 51 7 -8 51 6 15 60 1 -20 41 3 -18 59 4 -9 27 4 -27 16 6 27 50 6 27 50 5 9 106 4 -9 27 4 -9 27 1 -20 41 6 27 50 2 29 42 0 -9 99 1 -20 41 6 27 50 6 15 60 0 -16 83 7 -11 51 7 -11 51 5 9 106 1 -17 45 5 11 50 7 -11 51 3 17 51 6 45 60 7 22 51 4 21 27 0 21 99 3 17 51 7 19 51 1 13 45 1 10 41 3 12 59 1 13 45 6 57 50 3 17 51 2 59 42 4 21 27 2 49 36 2 59 42 5 39 106 1 13 45 6 57 50 7 19 51 3 17 51 0 14 83 6 57 50 1 13 45 5 41 50 1 13 45 3 17 51 7 22 51 5 41 50 1 13 45 0 21 99 3 12 59 4 21 27 
64 1 39 3 27 -29 6 67 -30 3 27 -29 7 29 -29 4 31 -53 3 27 -29 1 23 -35 1 23 -35 3 22 -21 4 31 -53 6 55 -20 6 67 -30 4 31 -53 1 20 -39 0 31 19 0 31 19 2 59 -44 1 23 -35 6 67 -30 7 29 -29 4 31 -53 1 23 -35 2 69 -38 4 31 -53 1 20 -39 0 31 19 1 23 -35 0 24 3 6 67 -30 0 31 19 3 27 -29 4 13 -64 5 51 -30 5 49 26 2 69 -38 6 67 -30 7 29 -29 1 23 -35 1 20 -39 
65 1 40 4 -9 -103 3 -18 -71 6 15 -70 3 -18 -71 0 -9 -31 1 -17 -85 7 -11 -79 7 -11 -79 3 -13 -79 3 -13 -79 2 29 -88 0 -9 -31 1 -17 -85 1 -17 -85 5 9 -24 0 -16 -47 0 -9 -31 7 -11 -79 1 -20 -89 6 27 -80 7 -11 -79 1 -17 -85 7 -8 -79 0 -16 -47 6 27 -80 6 27 -80 6 27 -80 3 -13 -79 1 -20 -89 3 -13 -79 0 -9 -31 6 27 -80 6 27 -80 1 -17 -85 0 -9 -31 5 9 -24 3 -18 -71 0 -16 -47 1 -20 -89 1 -17 -85 
66 1 34 6 47 40 4 11 17 7 9 41 0 4 73 4 11 17 6 35 50 5 31 40 6 35 50 4 -7 6 3 7 41 7 9 41 4 11 17 0 11 89 1 3 35 1 3 35 6 47 40 5 29 96 0 11 89 1 0 31 3 7 41 3 7 41 6 47 40 6 47 40 1 3 35 2 39 26 7 9 41 7 12 41 2 49 32 1 0 31 2 39 26 1 0 31 6 35 50 3 2 49 1 3 35 
67 1 34 6 27 -120 7 -11 -119 0 -16 -87 4 -9 -143 1 -20 -129 3 -13 -119 3 -18 -111 5 9 -64 6 27 -120 2 19 -134 3 -13 -119 4 -9 -143 6 27 -120 1 -20 -129 5 11 -120 7 -8 -119 2 29 -128 1 -17 -125 2 29 -128 6 15 -110 0 -16 -87 0 -9 -71 5 9 -64 4 -27 -154 1 -17 -125 1 -17 -125 3 -13 -119 6 27 -120 4 -9 -143 6 15 -110 5 11 -120 1 -17 -125 6 27 -120 1 -17 -125 
68 1 33 6 57 -120 1 10 -129 7 22 -119 7 19 -119 3 17 -119 6 57 -120 4 3 -154 1 13 -125 7 22 -119 2 49 -134 0 14 -87 6 45 -110 6 45 -110 0 21 -71 4 21 -143 6 45 -110 3 12 -111 0 14 -87 3 17 -119 1 13 -125 4 21 -143 7 19 -119 3 17 -119 1 13 -125 1 13 -125 6 57 -120 4 21 -143 3 12 -111 6 57 -120 2 59 -128 1 13 -125 3 17 -119 5 39 -64 
69 1 33 7 -1 41 5 21 40 1 -7 35 7 -1 41 0 -6 73 7 -1 41 0 1 89 4 1 17 1 -10 31 0 1 89 6 37 40 1 -7 35 3 -3 41 5 19 96 0 1 89 6 37 40 0 1 89 3 -8 49 6 37 40 6 37 40 0 -6 73 3 -8 49 6 25 50 1 -7 35 4 1 17 6 25 50 2 29 26 1 -7 35 2 39 32 3 -3 41 6 37 40 7 2 41 3 -3 41 
70 1 32 0 -9 89 5 9 96 6 27 40 0 -16 73 6 15 50 5 11 40 1 -17 35 6 15 50 1 -17 35 7 -8 41 2 19 26 3 -18 49 0 -9 89 1 -17 35 5 9 96 0 -9 89 2 29 32 6 15 50 2 19 26 6 27 40 1 -17 35 7 -11 41 6 27 40 6 27 40 7 -11 41 3 -13 41 2 29 32 1 -17 35 7 -8 41 3 -18 49 4 -9 17 3 -13 41 
71 1 36 0 1 -71 1 -7 -125 6 37 -120 1 -10 -129 5 19 -64 1 -7 -125 7 -1 -119 1 -7 -125 6 37 -120 6 37 -120 2 39 -128 5 19 -64 6 37 -120 0 1 -71 2 39 -128 6 37 -120 2 29 -134 7 2 -119 4 1 -143 7 2 -119 1 -10 -129 6 25 -110 1 -7 -125 1 -10 -129 6 25 -110 3 -8 -111 7 -1 -119 4 1 -143 6 37 -120 0 1 -71 2 29 -134 4 1 -143 4 -17 -154 0 -6 -87 5 21 -120 0 -6 -87 
72 1 36 6 35 -110 6 47 -120 1 0 -129 3 7 -119 4 11 -143 2 39 -134 7 9 -119 1 3 -125 4 -7 -154 3 2 -111 3 7 -119 4 11 -143 0 11 -71 6 47 -120 0 11 -71 1 3 -125 4 11 -143 0 4 -87 7 9 -119 6 47 -120 1 3 -125 4 11 -143 7 12 -119 5 29 -64 3 7 -119 7 12 -119 0 4 -87 0 11 -71 6 47 -120 6 47 -120 1 3 -125 0 4 -87 2 39 -134 0 11 -71 2 49 -128 1 0 -129 
73 1 37 7 29 -69 6 67 -70 4 31 -93 4 31 -93 6 55 -60 7 32 -69 4 31 -93 2 69 -78 1 23 -75 6 67 -70 0 31 -21 3 27 -69 4 31 -93 6 55 -60 5 51 -70 0 31 -21 5 51 -70 6 67 -70 0 31 -21 7 32 -69 3 27 -69 6 67 -70 4 13 -104 0 31 -21 0 31 -21 1 20 -79 1 23 -75 0 24 -37 6 67 -70 6 67 -70 3 27 -69 6 67 -70 7 29 -69 0 24 -37 5 51 -70 6 67 -70 4 31 -93 
74 1 33 7 -21 -119 0 -19 -71 5 -1 -64 3 -23 -119 2 9 -134 2 19 -128 1 -27 -125 3 -23 -119 6 17 -120 0 -19 -71 6 5 -110 1 -27 -125 3 -23 -119 1 -27 -125 6 5 -110 6 5 -110 7 -18 -119 4 -19 -143 6 17 -120 6 17 -120 1 -27 -125 6 17 -120 4 -19 -143 3 -28 -111 5 1 -120 3 -28 -111 6 17 -120 3 -28 -111 6 17 -120 5 1 -120 2 9 -134 3 -23 -119 7 -18 -119 
75 1 32 0 -26 -7 3 -23 -39 5 1 -40 3 -28 -31 2 9 -54 2 19 -48 6 5 -30 1 -27 -45 5 1 -40 1 -27 -45 1 -27 -45 4 -19 -63 4 -19 -63 6 5 -30 0 -26 -7 3 -28 -31 0 -19 9 6 17 -40 6 17 -40 3 -23 -39 6 17 -40 6 5 -30 4 -19 -63 6 17 -40 7 -21 -39 6 17 -40 0 -26 -7 1 -30 -49 5 1 -40 2 19 -48 4 -37 -74 0 -19 9 
76 1 33 7 -21 -79 6 5 -70 6 5 -70 5 -1 -24 5 1 -80 1 -30 -89 7 -18 -79 6 17 -80 0 -19 -31 1 -27 -85 3 -23 -79 3 -23 -79 6 17 -80 2 19 -88 6 17 -80 5 -1 -24 7 -21 -79 3 -23 -79 6 17 -80 6 5 -70 3 -28 -71 3 -28 -71 4 -19 -103 1 -27 -85 6 17 -80 4 -19 -103 1 -30 -89 4 -19 -103 4 -19 -103 2 9 -94 7 -21 -79 1 -27 -85 3 -28 -71 
77 1 31 6 17 -60 3 -23 -59 3 -23 -59 0 -19 -11 0 -19 -11 7 -18 -59 1 -27 -65 3 -23 -59 6 17 -60 5 -1 -4 3 -23 -59 2 9 -74 6 17 -60 6 5 -50 0 -19 -11 6 17 -60 5 -1 -4 3 -28 -51 4 -19 -83 1 -30 -69 1 -27 -65 5 1 -60 4 -37 -94 0 -26 -27 1 -27 -65 7 -21 -59 7 -18 -59 2 19 -68 5 1 -60 6 17 -60 6 17 -60 
78 1 34 5 -1 36 1 -30 -29 7 -21 -19 1 -27 -25 6 5 -10 0 -26 13 2 19 -28 0 -19 29 4 -19 -43 3 -28 -11 7 -21 -19 5 1 -20 1 -27 -25 3 -23 -19 7 -21 -19 7 -18 -19 6 17 -20 0 -19 29 1 -30 -29 6 17 -20 6 17 -20 4 -19 -43 3 -23 -19 6 17 -20 2 9 -34 0 -19 29 6 17 -20 4 -19 -43 4 -19 -43 3 -28 -11 6 5 -10 0 -26 13 1 -27 -25 0 -26 13 
79 1 2 7 42 -9 7 42 -109 
80 1 5 7 39 -59 7 42 -99 7 42 -39 7 42 -39 7 42 11 
81 1 4 7 42 -29 0 34 13 6 65 -70 0 34 -47 
82 1 3 0 41 49 0 34 33 0 41 49 
83 1 4 0 41 -41 0 41 -21 0 34 -37 0 41 -21 
84 1 3 0 41 29 0 41 29 0 41 29 
85 1 4 0 41 39 0 34 23 0 41 39 0 41 39 
86 1 5 0 41 -61 0 41 -61 0 41 -61 0 34 -77 0 34 -77 
87 1 8 0 41 19 0 41 19 0 41 -31 0 41 -31 0 41 -31 0 41 -31 0 41 19 0 34 3 
88 1 15 0 41 -11 0 41 -11 0 41 -11 0 41 59 0 41 -1 0 34 -17 0 41 9 0 34 -7 0 41 -51 0 34 -67 0 41 59 0 41 -1 0 41 -51 0 41 9 0 41 9 
89 1 1 0 41 59 
90 1 3 0 41 -71 0 41 -71 0 41 -71 
91 1 1 0 34 -17 
92 1 4 6 65 20 6 65 -10 7 42 -19 7 39 -19 
93 1 3 6 65 10 7 42 1 7 39 1 
94 1 2 7 42 -79 7 39 -79 
95 1 1 6 65 -20 
96 1 2 7 39 -39 6 65 -30 
97 1 2 7 39 -9 6 65 0 
98 1 4 6 65 -40 7 42 -49 6 65 -60 7 39 -69 
99 1 3 6 65 -80 7 39 -89 5 61 -10 
100 1 1 6 65 -100 
101 1 5 6 65 -90 7 39 -119 7 39 -109 6 65 -110 7 39 -99 
102 1 4 6 77 -60 6 77 -60 6 77 -60 6 77 -60 
103 1 5 6 77 -110 6 77 -110 6 77 -110 6 77 -110 6 77 -110 
104 1 6 6 65 -90 6 77 -100 6 77 -100 6 77 -100 6 77 -100 6 77 -100 
105 1 4 6 77 -70 6 77 -70 6 77 -70 6 77 -70 
106 1 5 6 65 -80 6 77 -90 6 77 -90 6 77 -90 6 77 -90 
107 1 3 6 77 -30 6 65 -20 6 77 -30 
108 1 5 6 77 -40 6 65 -30 6 77 -40 6 77 -40 6 77 -50 
109 1 7 6 77 -80 6 77 -80 6 77 -80 6 77 -80 6 65 -70 6 77 -80 6 77 -80 
110 1 3 6 77 -20 6 77 -20 6 77 -20 
111 1 5 6 77 0 6 77 0 6 77 0 6 77 0 6 77 0 
112 1 6 6 77 10 6 77 10 6 77 10 6 77 10 6 77 10 6 65 20 
113 1 3 6 77 -10 6 77 -10 6 77 -10 
114 1 3 6 77 -120 6 77 -120 6 77 -120 
